
param nc := 50;
param nn := 10;
param nr := 5;

# Max capacity
param q :=
        1 250
        2 250
        3 250
        4 250
        5 250
;

# Volume (columns = N = items,  rows = C = classes)
param v (tr): 1 2 3 4 5 6 7 8 9 10 11 12 13 14 15 16 17 18 19 20 21 22 23 24 25 26 27 28 29 30 31 32 33 34 35 36 37 38 39 40 41 42 43 44 45 46 47 48 49 50 :=
1 129 113 136 129 141 141 123 181 96 161 133 118 173 133 177 142 121 177 146 174 161 150 143 143 78 126 163 143 112 101 131 126 164 206 189 196 160 165 147 145 112 134 133 136 190 109 174 165 122 88
2 182 166 148 187 173 169 153 195 131 203 158 164 174 171 184 155 169 185 147 199 169 154 158 143 116 148 171 173 157 187 180 151 173 211 189 212 168 175 174 157 160 148 177 163 192 162 183 191 130 176
3 183 214 194 202 185 191 204 200 161 208 175 181 186 183 184 163 176 185 147 203 188 160 175 192 173 152 179 182 181 195 197 222 200 213 195 220 200 195 191 166 175 190 197 167 192 179 191 192 142 176
4 219 217 194 202 206 215 212 203 166 211 185 183 203 187 186 170 177 192 159 214 192 167 191 193 175 159 186 190 196 204 212 236 209 216 229 230 220 207 201 196 189 211 199 169 194 182 203 221 147 204
5 229 219 195 212 213 229 216 208 248 216 188 186 208 195 210 211 183 203 181 221 193 185 222 209 195 194 197 203 218 207 215 237 210 218 230 232 231 207 213 207 192 226 210 178 201 210 210 227 188 217
6 237 223 227 228 217 234 219 209 272 235 202 191 210 218 212 229 197 204 193 224 193 207 231 210 201 222 211 205 220 216 221 244 236 240 234 236 242 217 223 221 221 237 211 179 205 231 222 229 196 231
7 243 229 251 256 224 235 219 218 275 238 205 199 222 240 214 232 208 213 194 227 201 224 236 234 214 241 212 209 255 221 231 254 241 249 238 242 242 226 223 229 224 267 269 205 209 240 228 237 200 231
8 258 257 259 265 233 238 228 237 283 251 281 208 227 256 220 232 216 216 209 238 230 236 263 274 249 273 223 215 270 223 249 261 249 254 255 242 245 241 237 235 240 288 269 240 228 242 246 240 204 234
9 262 266 264 276 243 245 235 257 293 261 281 228 242 258 253 233 229 220 218 240 230 265 276 277 250 309 228 215 276 276 255 280 270 268 268 261 247 260 272 253 267 291 307 284 255 281 248 241 208 250
10 278 274 295 284 293 246 284 282 325 296 322 333 274 259 255 270 258 286 232 297 234 287 279 289 327 312 248 215 284 300 285 287 280 302 268 314 263 274 274 260 300 304 314 310 274 294 272 286 264 274;

# Weights
param w := # Resource1 (columns = N = items,  rows = C = classes)
[*,*,1](tr): 1 2 3 4 5 6 7 8 9 10 11 12 13 14 15 16 17 18 19 20 21 22 23 24 25 26 27 28 29 30 31 32 33 34 35 36 37 38 39 40
41 42 43 44 45 46 47 48 49 50 :=
1 3 0 4 2 1 0 3 7 3 0 1 2 4 1 7 0 4 4 1 2 4 3 4 3 0 0 3 1 1 1 3 4 1 1 3 1 5 0 0 1 1 1 8 2 8 0 1 1 1 0
2 1 2 0 3 1 6 3 3 1 1 0 1 0 2 4 0 6 1 2 0 5 7 0 0 2 2 3 2 1 3 5 4 0 2 1 4 1 2 0 1 0 7 0 1 6 3 5 8 0 7
3 9 0 5 3 3 5 7 3 2 3 6 0 3 4 0 2 1 4 1 3 6 4 1 4 4 4 1 3 1 8 0 0 6 3 6 5 4 7 7 4 8 0 1 0 2 4 5 3 1 2
4 4 3 5 1 4 5 0 6 0 1 2 0 6 1 5 8 4 0 4 9 7 1 6 4 2 2 4 4 1 8 5 8 2 7 5 1 9 3 3 9 0 4 6 4 0 4 0 5 4 3
5 8 5 4 6 6 9 7 6 7 5 0 1 5 9 2 9 7 2 0 1 0 0 6 5 8 9 2 6 9 1 4 7 4 6 5 4 8 9 3 3 1 5 9 0 5 2 9 9 7 2
6 3 1 3 8 6 1 5 1 6 3 8 1 2 6 8 6 4 7 2 6 1 2 7 2 7 7 3 4 1 0 9 6 6 8 5 3 0 6 2 8 0 7 7 4 6 4 1 5 6 1
7 9 6 9 5 8 9 4 4 9 7 1 5 9 6 9 9 1 4 1 9 7 8 2 4 7 2 7 5 9 9 7 2 6 0 5 1 6 0 5 1 4 9 6 6 6 9 0 1 1 7
8 3 9 8 6 8 4 4 2 7 1 6 0 5 3 8 9 1 7 4 7 7 7 5 6 8 4 3 4 6 2 8 9 0 7 7 9 7 7 9 6 4 5 7 8 1 8 8 2 0 7
9 7 3 9 8 3 7 6 4 8 3 9 8 5 1 8 9 0 2 1 8 4 4 6 9 7 8 2 6 8 4 8 9 9 9 7 6 7 7 8 7 9 9 8 9 7 8 9 2 5 6
10 7 5 9 4 9 9 9 6 8 7 9 7 8 9 1 7 5 8 8 6 9 9 8 7 6 9 2 4 0 9 5 9 8 9 9 6 4 8 8 9 6 7 6 8 7 9 8 8 9 8
# Resource2 (columns = N = items,  rows = C = classes)
[*,*,2](tr): 1 2 3 4 5 6 7 8 9 10 11 12 13 14 15 16 17 18 19 20 21 22 23 24 25 26 27 28 29 30 31 32 33 34 35 36 37 38 39 40
41 42 43 44 45 46 47 48 49 50 :=
1 4 2 1 6 3 1 3 2 2 3 5 2 2 9 0 6 7 4 5 0 7 1 5 4 0 8 1 8 1 3 9 0 4 7 2 3 1 7 9 0 3 0 0 8 0 2 6 1 4 0
2 5 3 4 5 5 6 0 8 1 0 9 1 6 6 3 7 2 1 1 6 1 1 8 2 5 4 7 9 7 8 3 6 7 4 5 6 7 6 2 1 2 3 2 6 5 3 6 4 3 4
3 4 5 2 3 8 4 3 4 7 6 9 5 1 5 3 9 1 7 6 8 0 2 9 2 5 6 2 5 8 0 5 8 4 1 2 7 6 4 5 1 2 5 8 6 2 5 2 3 3 2
4 0 6 7 5 9 1 6 9 3 9 6 2 9 9 1 1 4 2 8 9 9 2 5 6 8 5 3 7 5 1 5 5 6 7 5 6 3 1 2 1 1 8 8 5 6 3 6 5 1 4
5 5 2 3 4 4 3 2 2 7 4 8 6 1 1 6 7 3 6 0 4 6 9 8 8 1 0 0 3 6 4 3 6 7 5 4 8 8 2 3 8 5 6 1 1 5 3 3 0 4 6
6 5 9 5 1 5 6 3 6 2 7 6 7 6 1 4 6 1 3 5 3 5 2 9 9 6 4 5 8 9 4 7 0 8 3 3 4 8 3 6 9 2 2 3 5 9 3 6 2 0 5
7 6 5 8 6 1 2 6 2 5 5 9 3 1 8 8 1 8 4 9 5 0 7 4 8 4 4 7 9 4 8 2 2 7 6 3 8 9 5 5 1 2 3 9 7 2 9 7 8 6 4
8 5 3 7 5 0 2 3 2 7 5 8 8 9 2 4 4 8 3 6 7 4 2 4 9 0 6 3 3 3 1 2 2 4 1 2 6 3 8 1 4 6 2 1 3 8 2 1 8 9 0
9 4 7 8 0 6 3 9 8 7 9 5 4 9 5 8 0 6 3 3 8 4 8 6 2 5 5 2 2 8 4 0 5 4 0 7 2 9 3 4 8 8 6 5 6 7 6 9 9 4 0
10 5 6 5 8 0 5 8 8 1 9 6 7 6 1 3 5 7 0 3 6 4 0 3 7 9 2 8 5 9 3 9 9 5 0 8 4 9 6 5 4 4 0 2 9 9 9 5 6 4 8
# Resource3 (columns = N = items,  rows = C = classes)
[*,*,3](tr): 1 2 3 4 5 6 7 8 9 10 11 12 13 14 15 16 17 18 19 20 21 22 23 24 25 26 27 28 29 30 31 32 33 34 35 36 37 38 39 40
41 42 43 44 45 46 47 48 49 50 :=
1 4 3 1 5 2 4 1 8 1 6 7 0 4 5 8 1 2 0 7 1 1 6 2 3 2 0 6 0 6 1 3 3 5 8 7 6 2 3 4 4 7 5 3 1 4 6 8 1 1 1
2 3 2 3 2 5 4 0 5 1 6 2 4 3 6 1 3 0 2 1 2 1 0 0 4 0 3 0 6 4 0 3 0 4 9 6 5 8 1 5 4 2 2 2 4 2 1 2 2 6 2
3 2 8 7 2 2 2 1 0 2 9 3 9 4 2 5 0 6 0 6 4 1 5 3 7 8 0 5 7 2 0 5 6 0 5 5 3 2 2 2 0 1 3 9 3 5 3 9 5 4 7
4 2 5 5 2 6 8 9 8 6 2 4 3 0 8 4 5 3 1 1 1 0 0 2 2 3 6 0 4 9 4 6 7 6 2 6 8 3 5 0 5 4 1 4 8 5 1 6 2 2 4
5 1 3 5 5 9 3 2 5 4 1 6 2 1 4 6 4 0 2 6 3 2 7 2 5 1 1 0 7 1 9 4 1 3 8 7 9 9 6 6 5 5 4 8 9 0 6 6 7 1 8
6 4 9 3 6 6 9 3 1 9 8 0 3 7 6 1 5 1 4 5 8 4 9 9 2 4 2 3 4 6 8 1 4 7 6 9 2 6 3 5 7 5 7 2 2 4 8 6 8 4 3
7 2 6 5 8 6 7 6 8 8 4 4 9 2 4 5 8 0 8 6 0 4 0 3 7 2 2 3 2 6 0 3 8 5 7 3 3 6 6 5 8 7 5 8 2 5 4 4 8 5 8
8 8 0 6 9 8 8 0 8 6 7 4 9 1 9 6 5 2 0 6 7 6 8 7 8 7 8 8 2 7 7 8 6 7 8 5 6 5 5 6 0 7 5 5 6 7 6 4 6 6 7
9 9 6 1 8 8 5 9 4 5 7 7 4 0 9 5 3 5 4 4 4 4 9 9 6 8 4 7 5 5 7 5 7 7 5 9 3 8 3 9 3 0 9 5 2 7 3 5 8 6 8
10 3 9 4 8 9 9 8 7 9 5 7 9 4 4 8 7 8 9 0 7 4 8 8 9 9 8 5 8 8 6 7 5 6 8 8 5 7 8 6 9 9 8 8 1 7 0 7 7 2 2
# Resource4 (columns = N = items,  rows = C = classes)
[*,*,4](tr): 1 2 3 4 5 6 7 8 9 10 11 12 13 14 15 16 17 18 19 20 21 22 23 24 25 26 27 28 29 30 31 32 33 34 35 36 37 38 39 40
41 42 43 44 45 46 47 48 49 50 :=
1 8 7 1 1 4 1 0 2 1 3 9 3 3 4 3 4 3 8 1 1 5 3 0 3 5 5 9 3 5 0 0 0 2 8 2 1 8 4 0 6 0 1 0 1 2 5 1 5 8 1
2 7 3 0 6 8 4 7 0 4 4 4 6 3 3 8 2 1 9 5 9 4 3 4 3 0 1 0 0 4 9 6 1 9 1 4 9 1 6 7 2 3 2 5 0 0 7 2 6 5 3
3 0 9 3 9 1 3 3 4 5 1 3 0 6 4 0 9 0 0 0 0 2 4 5 8 2 1 6 0 3 7 7 7 6 1 4 2 2 6 1 4 1 7 1 6 9 2 2 6 3 5
4 7 6 6 9 4 1 5 2 8 3 4 6 7 4 2 4 4 4 4 8 6 4 3 3 2 3 5 7 5 6 9 6 9 0 2 6 1 1 7 5 8 5 2 2 5 6 8 6 5 0
5 4 6 6 3 3 3 7 5 9 9 0 9 5 2 0 0 4 9 7 9 6 6 9 0 2 8 8 3 4 7 6 9 6 2 8 0 0 4 9 3 1 2 2 1 1 8 3 1 3 0
6 6 3 8 7 8 5 4 6 0 2 1 6 9 5 1 7 6 7 2 1 1 7 3 0 1 2 3 7 1 0 9 9 2 3 1 7 9 6 5 8 5 0 1 7 5 4 9 9 1 2
7 5 3 4 1 9 7 5 5 3 8 3 5 7 8 4 2 5 2 7 1 8 8 7 4 4 3 9 8 9 6 5 9 8 7 9 9 2 1 7 5 1 5 8 4 9 0 4 6 1 9
8 0 7 4 9 5 6 7 5 7 4 8 4 6 4 0 9 6 7 3 8 4 9 6 8 2 9 0 7 3 0 0 1 8 9 4 0 9 6 4 4 7 9 5 6 4 7 6 2 7 1
9 7 7 3 8 6 8 9 6 9 1 0 3 6 1 5 4 3 8 8 5 3 4 2 7 3 5 2 3 0 9 8 0 4 0 6 4 0 5 8 8 4 7 8 1 0 7 4 7 0 1
10 4 4 4 9 7 1 0 9 8 5 9 8 3 9 2 9 9 8 5 9 1 3 7 6 8 9 7 7 5 3 6 6 8 7 1 9 7 2 7 4 5 6 8 6 4 5 9 4 7 8
# Resource5 (columns = N = items,  rows = C = classes)
[*,*,5](tr): 1 2 3 4 5 6 7 8 9 10 11 12 13 14 15 16 17 18 19 20 21 22 23 24 25 26 27 28 29 30 31 32 33 34 35 36 37 38 39 40
41 42 43 44 45 46 47 48 49 50 :=
1 1 0 5 0 1 2 2 0 9 2 0 0 5 1 1 9 6 3 1 5 1 8 4 2 1 0 1 0 2 1 0 1 7 7 1 5 3 6 3 3 0 0 0 0 2 0 0 4 0 5
2 7 8 2 1 3 0 5 8 5 0 0 1 8 5 1 5 8 8 0 1 7 4 5 6 8 7 0 7 3 9 1 3 6 8 5 8 0 7 4 1 7 0 8 0 8 1 0 5 2 4
3 4 7 1 7 1 7 3 9 0 3 0 8 3 0 9 8 5 1 3 8 3 0 3 4 4 9 1 0 0 3 6 7 5 8 0 9 7 5 4 8 1 3 4 8 7 4 2 6 3 1
4 9 6 0 7 4 1 9 0 6 4 6 3 5 5 5 4 3 9 1 1 7 2 4 5 3 5 2 5 8 7 2 3 5 6 3 4 1 4 7 4 7 4 3 5 2 2 7 9 3 4
5 4 5 3 1 1 2 1 3 6 7 2 4 4 2 4 6 0 1 4 9 8 3 3 0 7 1 9 5 5 5 7 4 7 3 4 4 9 2 1 7 9 8 2 3 8 6 2 6 5 1
6 5 9 4 0 4 0 7 7 4 6 9 2 0 2 6 9 9 1 5 6 4 0 3 2 1 6 8 0 9 9 1 0 5 7 7 8 3 7 8 3 2 7 3 4 6 3 7 3 7 9
7 1 2 8 9 5 4 8 2 3 5 8 2 3 8 2 2 4 2 9 3 5 3 7 3 4 7 4 6 2 6 9 3 0 0 9 8 8 4 1 6 8 2 0 9 3 5 6 0 9 0
8 5 9 1 4 1 0 9 8 3 8 7 0 2 9 4 6 0 6 7 6 3 4 6 7 7 9 8 4 6 5 6 9 4 7 8 7 7 9 7 4 9 9 1 4 2 4 7 3 9 6
9 3 9 5 3 5 5 2 5 2 9 6 4 5 7 6 7 4 9 9 0 9 5 2 9 0 7 8 6 4 8 5 6 9 8 9 7 8 6 3 7 8 2 3 8 2 9 0 8 7 4
10 6 2 6 7 9 4 0 7 2 7 7 6 6 1 6 3 8 9 7 8 6 8 9 8 8 6 3 0 9 4 6 2 0 1 6 5 3 7 8 0 3 9 6 5 1 8 8 3 2 4
;
