100 15
500 500 500 500 500 500 500 500 500 500 500 500 500 500 500
20
471 8 9 10 3 10 3 9 1 7 3 2 10 2 2 9
463 2 1 1 7 3 3 10 4 7 8 8 8 5 9 9
419 5 3 9 2 1 5 1 5 5 7 1 8 10 5 6
579 10 10 10 6 6 9 10 2 2 9 8 6 2 8 5
381 6 9 4 9 8 3 5 2 8 2 8 2 7 1 6
476 7 9 9 5 4 7 8 8 9 6 2 2 3 7 3
537 1 3 4 6 10 9 7 7 7 6 7 5 8 10 4
446 3 6 10 8 3 2 6 6 4 8 3 7 4 10 1
481 3 6 3 9 5 1 10 5 6 10 6 1 4 9 8
398 10 4 2 9 8 3 6 10 4 1 3 9 9 9 3
394 7 6 2 6 10 1 1 10 4 7 2 9 7 5 3
385 5 9 6 1 9 6 5 10 5 6 6 1 3 1 2
321 8 6 2 1 10 2 4 3 1 3 1 5 8 1 10
457 4 4 8 5 1 10 7 6 8 4 4 10 2 1 9
331 2 1 5 2 5 6 2 1 9 1 1 10 10 3 6
454 3 7 8 3 5 10 1 10 7 4 7 9 4 8 2
427 7 5 4 6 9 8 5 1 9 1 7 8 9 3 3
567 7 4 8 9 8 8 8 1 5 9 2 10 9 10 2
338 4 2 5 7 3 10 2 5 3 2 7 3 1 2 4
524 1 7 10 4 10 5 6 8 4 5 3 3 7 10 8
20
393 5 1 9 3 10 6 8 5 2 2 3 9 2 6 4
511 9 4 10 8 4 9 8 5 5 10 4 9 1 2 5
476 1 9 6 8 3 5 10 5 8 5 5 10 8 8 3
528 7 5 5 4 9 9 2 9 10 8 2 1 9 4 8
417 2 4 10 10 2 6 2 1 3 8 10 8 5 10 2
420 3 10 7 4 6 8 5 5 3 8 3 3 3 3 2
504 8 2 1 7 9 5 5 10 7 4 4 9 4 10 9
524 6 4 2 9 7 5 8 10 10 8 3 7 9 4 8
405 2 4 3 2 1 10 5 5 8 3 3 2 5 5 8
375 1 4 7 7 2 1 6 5 9 3 2 3 10 9 3
439 6 6 9 10 4 2 8 3 5 3 5 4 8 9 7
447 8 9 1 10 10 2 7 8 7 3 1 5 1 9 7
303 10 8 2 8 3 2 2 3 4 3 9 1 2 5 5
517 10 6 9 2 6 9 10 7 5 2 5 8 4 8 3
436 2 3 8 6 4 8 9 5 3 3 7 1 1 8 8
485 3 4 8 6 4 5 7 4 10 4 10 10 2 9 5
570 9 7 9 4 2 10 5 3 8 7 6 6 8 10 6
506 10 3 1 8 1 6 9 3 10 9 5 3 8 9 7
411 2 10 3 5 3 5 4 6 8 7 1 1 2 3 8
370 1 3 1 3 2 2 8 8 8 3 3 6 4 10 5
20
396 1 5 5 6 7 4 4 4 10 5 5 8 1 5 5
519 1 7 6 7 1 6 7 10 7 10 3 5 4 10 5
372 3 7 6 5 5 4 5 6 2 5 2 7 4 6 3
490 8 4 4 5 7 9 6 1 8 7 4 1 9 6 5
405 3 1 3 1 6 2 5 7 5 7 2 4 7 9 6
495 3 8 7 6 1 7 6 7 8 9 4 2 7 3 9
465 1 6 2 7 5 7 3 7 5 10 3 4 1 7 8
435 6 6 1 8 10 5 10 9 6 3 7 8 3 2 6
422 4 2 10 1 9 6 4 7 6 7 7 5 7 4 2
434 10 6 3 7 2 5 2 7 4 9 4 8 7 10 2
546 7 3 7 8 6 5 10 3 10 8 10 8 6 9 4
457 1 1 9 10 7 9 7 3 5 1 5 4 7 7 4
442 2 1 7 1 4 6 4 3 2 9 4 4 7 5 8
461 1 4 9 9 9 1 10 6 8 3 6 4 9 2 10
419 3 5 8 5 7 4 4 5 2 7 9 3 4 5 9
398 1 3 5 3 1 1 4 6 5 10 8 9 9 5 8
426 1 5 4 6 6 9 6 5 8 2 1 4 4 8 4
515 5 9 9 5 6 9 9 9 9 8 3 9 4 5 1
593 9 1 8 4 4 9 9 7 10 9 3 4 3 6 9
472 9 8 9 1 4 9 6 1 6 8 3 8 5 3 2
20
373 4 9 4 6 5 2 3 2 5 2 6 6 7 5 9
430 5 6 8 9 7 9 3 4 5 1 1 2 6 10 1
397 6 2 9 8 4 5 3 7 9 1 10 6 5 6 3
448 8 4 7 4 10 3 5 6 1 10 2 5 1 4 6
307 6 1 2 1 8 1 4 7 2 10 4 9 3 2 1
490 3 6 9 4 7 7 2 6 4 8 3 3 5 4 9
429 5 8 1 3 1 4 3 2 1 10 2 10 3 9 9
491 8 9 9 8 1 10 1 9 7 3 4 9 2 7 5
446 5 8 7 5 5 1 5 3 9 2 9 6 10 6 9
306 5 8 7 8 1 3 4 2 2 2 2 9 3 2 4
341 7 6 4 7 2 1 6 4 4 3 4 4 7 1 10
353 3 9 10 6 4 2 3 4 7 9 7 5 8 2 1
457 4 4 9 5 7 4 9 3 5 6 10 10 2 7 4
509 5 8 10 7 8 3 8 1 1 7 3 8 10 7 10
380 9 8 1 9 3 6 9 8 1 3 7 2 2 4 7
470 1 10 8 1 8 10 9 5 4 10 4 8 10 1 3
461 8 6 7 9 9 2 6 7 6 7 7 7 8 6 1
428 1 8 6 6 10 3 7 8 7 3 3 10 4 6 5
421 1 4 4 1 8 5 4 10 9 8 6 1 4 7 3
406 8 1 5 2 8 4 4 10 4 5 8 6 4 2 7
20
475 2 4 7 7 7 9 4 8 10 4 6 1 5 5 4
341 1 5 9 5 8 5 1 7 4 1 8 5 10 4 3
433 9 3 9 4 3 2 6 6 4 1 8 7 1 9 8
445 6 1 7 3 4 10 4 3 6 2 10 1 4 7 9
455 5 3 9 3 3 1 10 1 10 1 7 4 1 9 9
522 1 6 8 6 3 9 9 2 8 6 3 5 2 8 7
355 9 6 3 9 2 1 10 8 5 1 9 9 6 9 1
510 9 8 9 5 7 6 5 4 2 6 10 9 1 9 6
509 10 6 7 3 3 6 7 1 8 8 4 10 7 10 2
490 10 2 10 4 8 5 2 4 10 10 2 4 3 4 6
504 5 10 5 8 6 4 8 9 5 2 1 2 9 10 10
497 2 7 5 5 5 5 6 10 1 10 6 7 7 7 8
320 5 6 3 6 1 1 9 9 2 3 2 4 8 5 3
571 7 1 6 9 7 6 7 10 5 5 9 8 9 10 10
480 8 5 7 8 2 6 6 4 2 10 3 1 9 5 7
434 2 5 9 4 8 5 8 5 7 6 5 3 1 4 3
432 1 8 9 6 1 5 3 10 10 1 6 1 5 7 9
554 9 4 8 2 6 9 9 8 9 9 2 7 2 8 4
391 8 10 2 4 9 2 5 5 10 3 1 7 4 2 7
575 10 2 4 9 7 7 10 5 10 9 9 2 9 4 9
20
392 8 9 2 2 6 1 9 2 1 4 6 3 1 6 10
636 6 4 10 1 9 9 10 4 1 9 10 6 10 10 9
447 6 4 3 9 4 7 7 2 9 4 6 3 5 8 6
437 2 5 2 9 9 7 3 2 10 1 6 3 2 9 5
399 2 4 1 4 2 5 6 2 9 6 7 7 4 6 8
454 4 7 5 5 6 3 4 8 10 8 4 9 9 9 1
309 4 1 1 9 2 8 9 9 4 1 7 5 6 1 3
448 8 4 9 7 10 3 5 1 4 5 1 6 9 5 6
502 8 4 9 1 5 1 5 10 10 8 7 2 3 8 9
420 4 7 6 9 4 6 3 6 3 6 2 9 4 5 6
512 7 7 10 9 8 6 8 3 9 2 2 5 8 9 2
496 2 5 6 1 9 10 10 2 6 10 2 1 9 4 3
394 7 8 2 4 1 3 10 4 10 2 3 8 1 3 8
524 10 2 6 5 5 4 4 5 7 10 7 2 8 9 7
473 2 10 10 9 7 7 3 6 10 8 3 5 3 4 4
507 3 5 9 5 5 9 5 2 10 9 4 2 1 4 7
531 10 8 8 9 5 8 10 10 5 7 1 8 6 9 2
458 8 9 8 1 2 8 6 5 2 5 10 5 3 6 6
484 9 2 4 10 3 8 2 6 6 6 7 4 7 10 4
390 4 4 8 2 5 7 5 9 2 4 1 7 10 5 4
20
416 7 10 2 3 7 8 7 5 5 2 7 5 7 3 6
452 10 9 9 10 7 2 3 8 2 10 6 5 8 7 3
421 8 5 9 7 2 3 6 1 3 9 4 3 4 2 7
351 10 9 4 3 5 3 5 7 3 2 4 2 3 4 5
442 2 4 7 8 2 6 9 7 6 2 2 10 8 6 6
411 1 1 10 7 2 1 9 1 8 6 3 2 7 8 5
303 8 8 5 2 10 3 1 5 7 3 1 6 1 2 2
527 8 7 9 6 9 7 6 3 6 7 10 5 4 9 1
476 8 1 6 3 9 10 5 8 8 3 8 5 1 7 4
495 9 10 6 6 10 5 6 6 4 7 7 4 7 6 7
409 3 4 8 10 2 2 7 5 8 2 8 2 6 5 10
501 5 5 5 10 1 10 9 9 6 4 5 2 3 8 9
378 6 1 9 4 8 3 3 9 8 2 2 9 7 1 5
428 7 7 3 4 10 10 1 9 2 2 7 1 9 8 1
436 6 6 9 3 6 1 6 7 6 3 1 3 1 10 5
382 9 5 6 8 1 1 2 9 3 3 6 4 5 6 8
398 5 4 3 1 1 4 2 9 7 9 1 1 5 9 3
379 2 1 7 8 2 3 10 10 2 4 4 8 1 10 3
439 6 4 10 6 1 4 3 7 10 9 2 4 5 5 2
504 4 7 3 9 8 10 1 5 7 10 9 7 9 3 6
20
395 2 4 7 3 8 4 1 2 6 10 7 9 1 2 5
427 2 2 5 2 7 5 9 2 6 7 9 8 9 4 3
360 2 5 2 2 2 3 5 5 9 10 1 6 9 5 2
514 10 7 10 9 6 4 7 2 7 3 7 7 3 9 9
522 7 1 1 10 7 5 10 8 7 4 4 8 9 10 10
497 5 5 7 9 9 8 10 7 2 8 6 1 9 1 7
395 5 3 2 2 3 7 9 8 9 3 10 4 5 4 3
529 3 3 9 1 2 2 9 6 10 6 8 9 9 9 9
520 10 4 6 7 6 6 3 4 9 7 9 4 8 6 8
545 9 4 10 7 9 9 10 7 4 3 8 1 8 4 7
372 2 1 6 6 3 7 2 4 1 10 9 3 1 7 2
501 5 8 6 3 8 9 7 1 6 5 7 3 3 8 8
469 6 3 8 4 5 8 9 10 8 2 3 2 9 1 10
493 3 7 1 6 9 3 10 4 9 9 5 8 6 6 7
352 3 2 5 8 8 6 1 4 3 2 8 5 8 4 6
310 2 9 2 1 3 2 3 8 1 6 1 1 3 4 6
342 7 7 1 6 7 1 6 4 9 1 1 2 9 9 2
545 7 4 7 5 10 2 4 2 8 10 6 3 2 10 9
411 3 8 7 3 3 6 2 1 9 6 4 4 7 3 9
462 2 7 9 9 6 4 3 7 7 5 10 5 7 6 6
20
472 10 5 5 8 2 8 7 4 6 4 6 10 6 6 5
409 7 4 6 7 4 8 8 6 6 4 1 2 9 2 1
498 10 2 9 4 8 6 4 3 1 6 9 9 7 8 9
537 10 3 8 1 2 7 8 8 9 8 7 5 3 6 9
567 1 3 9 5 4 6 8 6 9 7 9 7 9 10 9
533 4 9 2 1 10 10 10 7 5 5 1 3 2 5 10
426 10 4 10 10 6 6 4 6 7 2 9 1 6 3 6
489 2 9 10 3 7 5 3 6 9 10 3 5 3 1 8
368 6 3 8 6 8 1 2 2 7 7 9 5 1 3 2
307 4 2 1 9 2 1 2 7 5 1 4 1 5 8 7
473 3 9 8 7 8 5 8 3 1 9 1 3 9 6 6
451 8 3 8 1 10 10 1 7 2 1 8 9 1 7 5
417 2 3 6 3 8 6 9 8 8 3 1 10 3 1 6
371 3 6 7 6 9 8 8 1 3 2 9 5 1 3 2
607 8 8 10 7 6 10 7 9 4 5 10 7 7 9 7
452 5 5 1 3 9 6 5 8 9 6 10 3 7 5 8
500 9 4 10 5 7 8 4 6 9 1 7 6 3 8 7
440 3 7 2 6 8 2 3 5 8 9 4 3 10 8 6
481 7 7 1 4 7 8 7 2 3 8 2 7 9 5 9
365 1 9 2 7 2 10 2 3 8 1 1 7 9 3 3
20
470 7 8 4 2 4 6 9 5 2 4 7 3 8 8 9
444 6 2 9 3 5 2 10 7 7 8 3 1 9 5 3
569 3 9 10 2 7 3 10 10 6 10 8 10 7 5 9
377 1 1 5 1 3 10 3 10 5 1 5 6 3 3 6
412 5 6 6 8 5 8 4 8 1 7 6 3 8 3 6
515 7 6 3 10 2 10 6 6 10 5 10 6 9 7 5
534 7 1 9 3 2 6 10 3 9 9 6 9 3 7 9
463 4 4 5 10 2 9 2 9 5 8 9 9 10 3 5
418 5 3 7 8 8 1 7 8 9 6 10 10 7 3 1
441 6 3 6 3 9 7 3 8 9 3 9 7 8 6 1
514 2 10 9 2 8 9 6 2 5 8 2 8 6 6 5
488 8 7 2 10 10 8 3 5 7 3 5 6 9 6 6
535 7 4 7 5 6 2 9 8 5 9 1 5 7 10 9
421 9 4 9 6 2 4 8 8 9 1 9 9 1 9 1
575 9 9 1 9 7 8 6 7 4 9 8 8 1 10 8
392 3 3 2 2 7 9 8 10 5 2 6 9 2 3 5
496 8 10 8 8 5 2 3 3 9 8 3 5 9 10 3
486 1 5 10 5 10 4 4 2 6 4 3 4 8 9 7
427 10 3 5 3 3 10 5 6 5 2 3 4 10 8 3
490 5 7 6 10 4 10 5 4 5 5 4 6 3 10 4
20
393 6 3 5 5 5 1 8 4 1 6 2 1 5 5 8
261 7 4 2 4 4 4 1 6 1 1 2 1 3 1 9
442 2 5 8 1 2 10 4 3 1 9 10 3 1 9 1
343 9 5 3 4 2 4 4 2 2 4 3 1 8 5 7
453 7 10 9 3 5 10 3 8 6 7 4 1 2 2 2
408 9 3 3 3 4 2 2 9 4 3 3 6 1 8 9
417 4 10 9 3 5 1 4 6 3 6 4 6 5 9 5
446 5 1 5 8 3 5 10 8 9 5 9 5 2 3 6
511 5 10 8 7 8 2 8 4 10 4 3 6 10 8 6
375 1 6 6 7 8 2 6 9 7 2 10 5 5 6 4
431 4 6 6 2 1 4 3 8 10 9 9 5 9 5 2
548 8 10 10 7 3 5 10 10 5 2 7 7 10 6 10
411 3 8 7 10 5 7 1 5 2 1 4 1 7 10 8
371 2 3 10 2 2 7 5 10 5 2 3 7 1 3 3
484 5 8 8 2 3 10 9 8 4 2 3 4 4 4 10
434 2 1 3 4 5 5 10 6 6 9 1 8 3 8 1
441 10 2 6 7 7 3 5 2 3 5 2 5 6 5 10
506 7 4 8 10 4 9 6 5 10 6 8 8 6 1 8
416 4 10 9 10 5 1 1 3 8 8 2 3 4 1 9
409 5 4 2 6 5 8 4 6 4 2 3 4 3 9 7
20
472 5 5 6 6 5 8 9 9 9 1 2 4 10 6 3
399 1 6 9 1 5 3 9 8 9 1 8 1 3 4 8
431 7 4 9 10 7 8 8 7 1 3 5 9 9 1 5
428 1 2 5 3 6 6 10 5 5 4 2 8 8 3 7
346 5 1 7 2 1 4 1 2 4 6 1 2 5 10 2
363 5 3 9 3 8 3 9 2 5 6 5 2 3 3 3
397 2 5 1 3 9 4 9 2 8 10 1 4 10 1 3
295 3 6 9 2 1 1 2 3 5 7 2 7 9 1 1
479 8 7 5 2 2 8 6 6 10 7 1 7 7 9 3
438 2 7 6 7 6 7 2 6 7 1 9 3 5 4 10
400 8 6 2 1 7 2 3 3 1 4 6 6 5 9 10
427 8 4 3 10 10 2 8 6 9 9 9 3 1 3 2
336 9 7 2 8 10 5 2 7 4 1 4 8 1 2 5
420 1 10 7 8 2 3 7 10 3 9 1 5 6 4 6
449 2 6 7 6 4 4 7 6 5 1 7 9 6 6 10
540 2 3 3 5 9 2 9 2 10 7 8 10 10 10 10
592 2 3 10 9 10 7 6 6 7 9 5 10 7 8 10
462 3 1 8 9 6 9 10 8 3 1 1 6 10 10 1
367 5 6 5 1 10 1 6 1 8 1 3 4 6 1 10
430 9 2 8 2 3 5 10 4 3 7 6 1 5 10 1
20
476 9 1 4 4 10 5 5 8 8 4 5 9 5 2 9
413 10 4 5 1 1 6 5 3 9 7 9 8 3 2 5
444 7 4 1 5 10 1 5 6 3 10 3 1 8 9 5
342 5 3 2 8 6 2 3 3 1 9 10 3 2 9 2
385 6 4 3 1 1 10 2 8 10 7 7 1 3 1 3
396 1 2 2 10 3 4 9 5 6 2 3 3 4 8 7
449 10 6 6 3 7 8 2 5 2 7 2 2 6 1 8
522 5 5 9 8 5 8 4 7 6 10 8 7 5 7 5
484 10 8 6 7 2 5 8 1 2 9 5 4 1 6 8
403 7 2 10 1 9 5 7 6 3 3 3 8 1 8 1
563 7 10 10 10 8 3 10 7 9 8 5 10 6 7 4
472 4 10 3 3 7 9 5 5 7 9 10 4 3 2 7
471 10 10 6 9 2 5 3 9 9 3 7 9 4 7 5
400 2 5 3 7 9 4 1 10 6 7 10 6 4 1 7
387 7 1 1 6 3 3 6 4 4 3 3 2 8 8 9
482 4 7 4 10 10 1 2 8 8 9 7 8 3 10 3
447 8 7 3 7 4 5 3 4 6 6 7 4 9 9 6
531 3 10 1 5 9 10 10 10 4 7 3 4 6 8 6
519 7 6 9 3 2 2 7 8 8 7 3 5 10 9 9
375 7 4 4 3 1 5 3 7 4 3 9 5 10 4 10
20
403 3 8 1 1 3 4 8 9 8 3 2 9 10 3 8
252 2 1 1 1 2 5 7 1 10 1 1 3 9 1 3
364 1 3 1 5 1 7 5 8 7 4 10 7 10 6 1
447 5 2 6 10 4 5 9 9 1 6 8 1 8 7 7
357 5 3 4 3 3 2 4 4 6 8 3 1 3 5 7
443 5 10 3 10 2 6 3 1 1 9 9 9 9 4 9
413 3 5 5 5 6 6 6 9 2 8 9 1 6 4 5
423 3 8 8 9 6 3 3 8 8 10 10 7 6 5 1
473 7 5 3 9 6 5 5 8 1 5 10 9 3 6 10
398 7 3 3 3 8 5 5 2 2 2 10 6 8 7 6
465 9 8 4 5 9 2 6 3 10 4 5 7 3 5 9
573 4 7 9 1 10 10 7 9 9 3 5 10 7 6 10
467 10 10 3 6 5 2 9 10 5 10 9 2 1 7 3
468 1 2 10 6 5 5 6 9 9 9 5 2 9 1 7
431 7 9 1 1 9 7 8 5 3 3 10 2 5 5 10
493 4 3 8 3 1 6 9 10 4 10 4 9 10 6 6
376 3 7 3 5 5 10 6 2 1 1 3 1 7 6 7
362 9 9 10 7 4 2 1 8 8 1 1 5 6 5 3
373 4 2 4 4 7 5 3 4 5 9 9 7 5 4 1
355 7 1 1 1 4 6 4 5 5 4 8 4 10 2 9
20
447 10 5 7 3 3 9 7 9 2 4 6 6 6 3 5
507 7 8 10 6 7 8 8 1 8 4 8 7 1 9 4
474 1 1 4 4 10 1 10 3 4 9 9 9 4 7 8
442 10 9 1 4 10 3 9 10 5 4 4 10 7 3 7
406 6 8 6 9 1 3 7 10 1 6 9 9 5 2 6
548 8 5 6 5 6 6 8 4 8 8 6 4 6 10 9
473 8 10 9 1 10 1 8 3 6 10 7 5 10 3 7
508 5 2 8 4 3 3 7 10 7 10 3 10 4 10 4
470 8 1 6 1 9 4 8 9 2 5 10 7 10 9 6
477 7 1 5 3 6 10 2 2 8 3 1 6 2 10 6
519 4 7 2 6 10 10 9 9 7 7 1 10 4 1 7
470 4 5 10 5 2 6 6 10 10 3 3 3 3 4 8
379 7 4 2 5 6 7 6 10 3 3 9 5 1 9 1
530 7 2 10 8 10 2 8 5 9 3 3 2 10 8 9
318 5 9 3 3 4 1 1 10 4 6 1 4 6 5 4
445 9 5 1 3 6 4 10 2 4 8 1 4 1 8 9
487 7 3 9 5 9 3 8 4 9 2 7 10 10 10 1
346 7 2 7 8 5 1 1 10 1 9 1 2 8 2 5
352 8 9 6 4 3 6 1 8 3 4 2 7 8 2 2
432 7 5 7 9 5 2 1 10 7 2 7 4 1 10 8
20
488 8 3 8 4 7 9 6 4 3 7 8 1 1 5 7
361 10 1 5 9 9 1 2 1 9 8 4 2 8 1 3
411 5 9 5 2 5 5 5 2 8 1 8 7 8 3 9
416 1 3 4 2 7 9 2 8 8 1 6 10 7 6 4
338 9 5 4 3 3 5 7 10 2 7 6 5 4 1 2
489 2 2 8 3 7 2 8 1 10 10 3 5 3 7 6
403 4 1 10 5 9 3 8 3 5 4 8 9 2 9 1
435 2 10 1 2 10 9 10 2 5 3 9 7 4 8 4
493 3 6 10 4 8 6 10 3 9 5 6 7 2 10 1
595 5 8 10 4 9 3 6 3 9 10 8 7 5 8 10
339 1 2 10 2 3 1 2 1 4 8 4 6 6 7 4
475 1 10 10 9 7 10 6 8 6 6 1 10 6 1 4
446 2 3 6 5 2 5 2 7 6 7 10 5 9 9 6
342 7 5 3 1 7 2 2 7 9 2 1 3 2 2 10
403 5 3 3 6 6 7 1 8 8 6 4 3 6 2 5
464 8 7 6 7 7 7 8 10 7 6 4 2 7 3 4
365 6 1 9 3 1 3 3 6 2 3 7 7 1 9 3
395 3 2 8 9 6 8 2 3 7 2 3 2 1 7 3
470 5 7 4 10 9 6 7 5 7 6 8 7 7 6 3
465 7 10 7 5 1 7 8 3 3 7 2 4 3 9 2
20
363 1 4 1 3 10 1 2 9 3 2 6 7 7 10 9
501 6 2 10 1 7 8 7 5 10 2 9 4 9 4 8
373 1 3 2 7 9 9 4 2 1 6 1 7 3 1 9
493 9 6 3 9 6 9 9 7 1 6 2 8 6 5 7
518 8 7 7 5 8 7 8 7 10 4 5 5 3 7 6
524 7 3 4 7 8 6 6 6 10 7 4 7 6 3 9
478 8 8 6 2 4 4 9 6 9 6 10 7 4 4 10
451 8 3 5 5 6 8 5 2 5 5 6 4 8 10 2
517 9 2 4 4 4 8 10 9 8 5 8 5 8 8 4
386 7 9 8 3 9 7 6 3 1 3 4 1 1 3 7
412 6 6 1 9 5 7 2 4 8 3 2 10 10 6 6
409 4 10 4 10 6 3 7 6 3 10 4 7 6 4 3
408 2 10 1 2 1 1 8 5 6 5 9 10 10 9 6
541 9 1 10 5 9 7 2 9 9 2 4 9 2 7 9
537 5 4 3 5 6 8 5 9 10 4 2 7 2 8 10
416 3 10 6 2 1 6 7 6 7 2 7 9 1 6 5
434 7 6 7 10 9 7 8 3 2 5 3 10 10 2 3
387 5 6 1 7 7 9 2 1 4 8 8 5 9 4 3
495 5 9 10 9 10 7 2 4 4 7 2 7 2 7 7
588 8 8 5 9 8 6 7 2 9 8 1 10 8 10 6
20
343 2 1 10 4 8 3 10 3 4 2 8 2 7 6 1
454 5 8 3 8 9 9 5 5 2 10 9 9 9 4 2
500 9 9 8 6 1 8 7 10 5 7 7 5 4 10 2
444 6 3 9 9 2 8 8 2 6 5 1 7 6 4 4
422 10 9 1 6 1 4 9 8 8 7 6 9 4 3 2
434 7 3 6 1 1 4 2 1 2 7 7 6 2 9 10
584 3 4 8 6 2 8 6 9 9 10 7 7 5 10 10
494 3 8 9 3 1 6 9 10 9 7 2 6 3 3 10
548 10 10 4 4 7 4 8 7 8 9 8 6 10 7 8
395 7 7 2 8 4 2 6 10 9 3 2 7 2 6 4
528 7 5 9 5 9 7 3 3 7 7 8 4 8 8 8
384 6 6 10 3 6 5 3 2 4 3 1 9 7 1 8
302 9 7 2 3 1 2 4 3 2 2 4 2 3 9 2
478 8 8 2 9 3 6 8 4 4 4 10 8 9 6 8
459 6 4 5 9 7 9 4 8 4 1 9 6 3 8 7
427 8 2 2 9 6 6 9 5 4 10 4 2 3 4 3
348 9 1 1 10 3 4 4 3 4 9 2 1 3 4 1
400 8 4 4 10 6 3 9 8 10 1 4 1 3 3 7
598 8 8 9 10 6 7 7 8 8 4 1 7 1 9 10
524 9 1 6 8 8 8 8 4 10 9 7 6 2 4 2
20
416 5 9 4 8 2 10 2 3 6 4 2 8 8 2 5
483 5 10 10 4 7 6 9 1 7 4 6 2 4 8 6
420 7 2 8 1 5 2 6 5 9 3 2 4 9 10 1
399 1 4 7 9 4 10 4 5 2 1 5 7 8 2 6
433 9 9 2 7 5 1 10 8 9 6 8 2 7 1 9
441 10 10 8 1 1 5 10 5 1 9 2 4 3 1 7
405 8 7 10 9 1 6 10 2 1 9 2 2 4 2 4
469 6 8 10 10 5 1 7 6 7 3 4 6 2 9 8
420 10 2 2 7 3 2 7 9 9 7 8 4 10 9 1
391 5 5 5 6 4 6 10 9 6 2 7 8 1 2 3
451 3 5 6 4 8 4 10 10 2 2 9 6 2 7 7
525 1 2 7 2 4 9 6 4 4 7 8 3 7 8 10
393 2 7 4 7 5 1 3 1 10 2 10 2 4 7 8
574 5 7 10 6 2 10 5 5 7 4 3 7 7 9 10
463 4 6 8 5 5 10 7 10 8 8 10 1 10 1 2
518 1 10 10 8 8 1 8 1 6 9 9 5 6 7 9
517 6 9 9 7 2 5 6 9 8 10 6 2 10 4 9
426 1 10 2 3 6 4 10 10 1 9 4 10 9 1 9
538 9 10 7 9 8 9 7 9 8 7 8 2 9 5 4
425 10 1 10 2 1 4 10 6 4 10 6 9 7 1 1
20
450 8 7 3 8 3 8 1 5 8 10 8 8 8 7 1
426 8 4 7 1 2 5 9 4 4 7 9 1 1 5 4
326 4 4 2 5 8 1 4 7 1 7 7 9 10 1 5
446 2 10 5 6 1 8 6 5 5 5 10 9 5 9 2
520 10 1 9 8 10 4 5 6 10 4 2 10 10 8 7
425 6 1 4 8 2 10 7 2 1 8 10 3 2 2 10
435 5 1 2 10 7 3 7 1 9 8 4 10 1 7 6
536 6 2 5 4 5 5 8 6 9 7 9 9 9 8 8
388 7 1 10 8 5 4 9 4 1 3 6 7 6 1 7
472 6 7 1 10 8 7 4 3 6 4 4 8 1 8 9
523 10 3 8 3 9 7 4 10 4 3 10 3 1 8 10
455 4 4 2 1 10 7 6 8 1 8 10 4 1 10 5
392 8 10 7 1 9 2 10 4 7 2 7 5 10 3 3
398 9 6 4 9 1 8 5 9 1 1 8 10 1 4 5
504 8 1 3 5 10 5 7 8 3 4 8 4 4 10 10
537 8 8 6 9 6 8 10 9 7 9 8 6 8 6 3
321 5 3 1 3 1 4 6 5 2 2 2 1 4 7 7
471 7 8 5 8 5 10 5 6 5 5 5 4 3 6 4
399 7 8 10 9 7 3 9 7 4 2 1 8 10 2 2
347 5 3 4 2 7 4 2 3 1 4 8 8 9 4 5
20
457 10 8 8 4 9 6 4 10 1 1 10 10 4 3 9
397 2 1 7 5 5 3 3 7 8 4 7 10 7 6 6
499 2 10 4 8 1 9 4 10 9 8 9 1 2 5 9
418 4 9 5 6 4 1 2 6 2 9 1 3 4 7 8
428 7 4 1 4 10 5 10 3 4 10 7 4 6 5 3
340 1 7 2 7 7 8 3 2 1 5 7 9 2 5 3
435 4 3 6 10 3 4 8 7 6 2 7 10 5 4 10
441 5 6 3 6 4 8 3 4 5 4 9 6 1 8 8
500 5 1 7 10 1 10 5 7 5 3 4 8 9 9 7
510 5 1 6 10 5 8 9 4 6 9 5 8 6 2 7
504 5 1 9 7 7 4 10 7 8 5 2 5 10 6 7
479 4 7 1 8 8 1 8 10 10 3 10 6 10 9 7
437 1 7 6 1 1 8 1 7 10 4 10 1 6 5 7
405 8 1 7 5 10 3 6 5 9 5 9 8 2 3 4
483 5 8 7 10 1 2 7 9 7 5 10 6 9 9 6
459 3 8 5 7 3 7 5 3 7 6 4 6 5 10 6
551 8 2 5 10 8 5 9 8 10 7 7 4 8 2 10
517 9 3 5 10 4 8 10 9 5 6 6 10 1 9 6
494 8 4 3 9 10 9 5 1 5 6 2 8 6 8 4
415 5 4 5 8 2 7 6 8 1 4 10 6 6 3 8
20
375 10 10 1 2 7 4 7 9 1 7 8 4 3 1 5
621 9 7 4 8 9 8 7 7 10 8 4 7 1 10 10
487 5 9 9 2 9 6 9 10 6 1 10 7 10 9 4
297 1 7 7 7 7 1 5 6 1 3 6 10 10 3 2
461 4 1 2 3 8 3 6 4 3 8 5 9 10 8 8
387 5 10 9 10 8 2 3 7 3 10 6 10 1 2 2
513 10 3 5 9 8 5 10 3 3 6 7 7 9 8 7
425 4 1 5 9 6 8 5 4 9 2 5 6 5 3 8
416 3 3 2 6 3 3 10 3 9 6 9 3 3 6 5
426 10 2 2 7 1 7 9 3 6 2 2 7 8 9 3
395 10 1 5 4 6 3 2 3 7 4 7 9 7 7 2
461 10 1 8 10 10 2 9 6 1 9 4 9 3 5 4
403 9 3 10 5 10 3 5 6 3 9 6 4 8 2 1
400 5 8 1 4 6 4 3 5 8 10 7 10 8 4 1
385 8 4 10 4 9 4 7 1 4 3 6 6 5 5 3
436 4 3 10 3 10 3 4 3 2 3 4 9 4 6 10
519 8 7 7 9 9 8 4 6 7 2 6 10 5 3 10
604 9 10 10 5 10 6 4 10 8 10 6 8 8 3 10
385 9 10 4 5 9 3 6 4 4 3 7 9 3 8 1
420 2 8 10 1 5 9 5 4 8 4 2 2 4 5 4
20
461 10 6 1 7 7 2 10 6 7 8 9 4 2 4 9
438 3 6 9 6 4 3 2 3 6 9 1 10 3 8 4
434 5 5 2 9 10 10 2 2 5 5 3 1 6 1 9
408 6 3 1 6 9 7 6 5 2 6 4 3 8 4 7
324 1 5 4 3 3 2 2 3 8 5 5 1 9 9 1
227 1 9 4 2 2 4 2 5 4 1 8 7 3 2 2
515 5 9 9 1 1 10 8 6 9 1 5 10 8 8 7
382 5 9 7 7 6 2 2 6 1 10 7 1 2 3 8
513 10 9 3 5 4 10 7 8 6 3 4 6 9 10 3
463 5 5 6 7 5 2 8 4 7 7 7 10 10 2 9
477 8 9 7 10 5 2 5 3 6 1 9 10 6 10 9
420 6 2 2 5 6 7 6 4 1 9 9 5 7 7 3
380 10 2 1 8 5 4 10 10 6 5 7 2 7 1 2
284 9 4 3 2 3 2 8 4 1 1 7 7 1 4 4
306 1 2 5 8 8 1 2 6 6 1 7 1 7 7 1
439 3 8 1 5 5 10 8 10 2 5 1 3 1 2 9
455 3 3 8 2 8 2 6 6 10 5 6 8 9 8 2
471 8 3 2 4 2 8 7 8 3 7 9 8 9 7 8
440 1 2 4 3 10 8 1 1 4 9 9 6 8 3 8
392 2 5 4 5 5 3 5 5 10 9 6 6 1 6 1
20
360 6 9 3 10 2 10 3 6 8 2 2 2 7 4 1
492 3 4 7 4 7 9 9 2 2 8 6 7 4 9 5
390 4 2 10 7 9 2 5 5 2 9 2 6 1 4 2
416 9 4 7 6 7 2 6 8 7 7 2 3 1 5 3
324 3 2 2 2 9 1 8 1 1 6 8 5 3 6 3
377 7 9 8 4 1 5 5 2 2 5 2 5 2 6 6
481 4 10 6 5 8 9 3 4 2 3 7 7 4 6 9
389 8 5 8 5 1 7 8 1 3 8 5 4 10 3 2
370 3 10 9 4 4 3 7 5 3 1 7 9 3 7 6
562 8 9 9 8 4 7 9 5 9 6 3 7 10 7 8
330 3 2 9 5 6 1 4 1 8 2 5 4 4 1 7
450 1 2 5 10 10 8 7 3 10 10 7 8 3 3 1
452 10 3 6 6 5 1 9 3 6 4 8 6 3 8 10
429 3 6 7 3 9 8 4 6 1 1 7 6 7 9 4
362 7 7 4 8 1 8 1 1 8 2 3 4 8 3 6
441 8 1 10 6 3 4 8 3 4 3 4 8 3 5 9
346 2 2 2 6 6 7 4 5 1 5 1 6 1 6 6
481 9 2 1 6 10 7 10 4 5 5 1 3 10 4 10
517 4 8 6 6 6 8 10 6 6 3 8 4 8 4 10
423 7 6 5 6 2 2 9 8 6 7 4 5 10 9 2
20
416 9 1 2 4 3 10 4 3 2 3 4 1 6 5 8
465 8 5 2 3 9 10 2 1 9 1 6 9 6 3 9
402 6 6 8 10 2 8 1 3 1 9 6 4 6 1 5
440 5 8 2 4 10 8 5 10 6 2 2 5 5 8 2
448 9 9 2 6 3 6 6 6 5 8 9 4 9 4 8
468 4 2 3 5 9 7 6 7 7 5 4 8 9 4 10
446 6 6 6 7 9 4 5 7 6 1 3 6 5 10 7
367 7 7 2 9 3 7 1 1 3 9 1 2 5 5 3
482 2 4 9 2 6 2 10 8 2 8 9 8 9 4 10
516 10 6 8 10 3 10 10 10 1 10 5 7 1 5 2
403 4 4 10 10 1 6 6 1 4 10 4 2 2 5 2
563 9 4 8 1 5 8 4 10 8 9 4 10 7 5 7
442 1 10 2 7 4 9 4 4 6 9 8 4 4 6 6
409 3 8 4 8 2 2 6 9 3 5 10 3 6 8 8
471 2 10 9 8 7 4 9 5 2 7 2 1 9 2 10
399 1 4 10 6 1 4 6 6 7 8 7 8 10 1 4
435 9 7 7 9 10 5 5 3 3 3 6 5 1 4 7
371 2 5 5 4 1 2 3 9 4 6 8 4 1 7 5
530 1 8 9 1 10 10 6 4 9 10 4 5 9 2 3
430 5 4 5 3 9 4 8 8 3 2 2 7 10 7 5
20
354 4 8 9 9 6 1 3 8 4 10 6 5 1 1 2
390 10 3 4 1 3 2 3 9 8 7 4 3 4 3 6
415 6 6 10 6 5 1 8 6 1 7 10 8 7 5 2
298 6 5 5 5 4 1 4 5 1 2 8 1 7 9 2
482 2 9 9 1 9 10 9 8 9 1 5 5 2 2 6
409 8 7 7 8 1 3 2 8 6 6 2 1 5 8 3
377 4 6 6 1 5 7 6 6 1 4 9 1 2 3 5
437 3 7 1 1 8 2 4 10 3 7 7 7 1 9 10
412 1 7 3 1 2 7 1 1 1 9 5 7 6 8 6
318 1 9 2 6 4 6 5 6 4 4 10 7 7 2 2
441 6 5 4 2 5 3 9 2 7 7 10 8 7 8 6
387 7 2 2 6 8 6 4 4 1 7 3 5 4 2 8
376 2 7 1 5 3 1 8 4 10 9 7 4 10 4 5
505 4 3 5 7 8 8 2 7 7 10 10 5 6 4 6
378 10 7 4 7 3 2 3 4 9 6 1 1 6 10 1
388 9 2 9 1 7 1 8 2 1 5 3 8 1 5 5
409 10 2 6 4 10 1 4 1 10 4 1 1 3 8 3
455 7 1 3 5 6 1 10 9 8 7 6 2 5 7 5
490 8 7 5 5 10 1 4 9 9 6 9 8 6 3 10
449 9 1 5 5 10 7 1 10 5 5 6 9 7 7 2
20
476 9 5 8 1 3 6 10 4 3 10 3 10 8 5 5
435 2 2 4 5 10 7 6 10 10 4 7 2 10 2 7
375 2 6 4 6 8 8 2 4 2 3 1 10 1 10 1
504 2 3 3 8 4 9 6 3 8 7 1 7 8 7 8
460 9 4 1 6 3 9 10 3 4 6 3 8 4 7 3
334 4 9 9 8 4 2 3 7 1 2 6 4 4 4 7
528 8 8 6 6 8 6 10 9 4 6 2 5 1 7 7
408 5 5 9 6 5 1 1 4 10 2 9 6 5 9 3
390 3 4 9 8 7 2 4 8 6 2 5 4 1 10 1
536 8 4 1 6 9 9 2 2 10 10 8 7 6 4 8
553 8 6 6 10 7 3 9 7 2 10 3 5 1 9 9
274 2 8 3 5 3 1 5 10 7 2 3 7 4 3 1
429 10 4 8 2 5 3 8 3 6 1 7 8 5 10 2
387 4 2 7 9 7 3 10 10 9 3 10 4 8 2 1
360 10 6 8 4 1 3 1 9 4 4 2 4 5 2 5
456 10 8 1 4 2 6 10 9 2 4 8 9 8 8 7
449 9 1 2 7 3 9 5 9 7 2 7 2 6 3 10
417 2 5 9 8 7 8 3 3 2 8 6 10 1 6 2
531 1 6 8 7 9 10 7 2 5 10 3 3 4 7 4
442 8 1 10 1 9 1 8 6 8 6 9 5 7 4 5
20
425 4 5 3 8 7 7 9 1 1 8 4 6 5 2 7
445 3 4 6 7 1 4 7 5 5 6 8 5 9 3 10
418 9 9 10 4 5 3 7 5 4 3 7 7 2 7 5
419 6 5 8 1 2 6 7 10 5 6 4 10 8 2 2
557 7 6 6 5 8 7 10 6 3 6 9 3 9 8 10
343 1 4 2 3 8 2 3 3 10 5 10 2 10 4 2
452 3 4 4 10 5 8 4 1 2 10 9 3 5 7 4
340 1 10 1 7 6 2 4 5 2 7 2 2 2 10 3
379 5 9 4 6 7 9 1 2 1 4 2 3 3 8 3
357 4 2 6 3 4 1 8 10 4 2 10 2 9 7 6
418 6 2 6 9 7 4 2 9 8 3 7 2 9 3 9
386 1 3 6 3 10 4 8 5 7 1 10 6 6 3 7
257 3 6 2 9 2 7 5 2 1 1 1 8 5 4 1
565 3 4 5 7 5 10 10 9 8 8 2 3 10 9 4
398 7 4 2 10 9 6 3 5 5 4 2 1 9 2 6
440 1 9 6 10 4 10 3 9 2 1 8 3 1 10 4
428 7 9 6 1 4 10 6 9 3 4 8 6 4 1 8
485 8 3 1 10 4 9 3 9 6 2 7 9 6 5 10
522 10 2 4 9 5 6 10 10 7 2 1 1 2 10 8
432 3 7 5 6 6 10 6 2 2 5 10 4 5 5 6
20
334 9 4 5 4 5 4 9 4 4 1 8 4 1 1 3
418 8 6 7 6 3 8 5 9 10 1 7 9 7 3 3
424 10 7 3 3 9 5 4 9 4 9 3 5 2 2 5
473 9 10 8 10 10 2 2 10 4 4 2 9 3 9 4
392 8 9 3 1 3 4 8 1 7 5 10 8 9 1 9
427 2 4 1 4 4 8 3 8 5 10 4 8 2 7 5
266 1 1 1 8 2 1 2 6 3 3 8 4 6 6 4
532 7 3 9 4 6 5 5 3 5 5 4 4 9 10 10
395 2 9 2 6 2 5 10 10 10 8 1 7 5 2 1
403 3 9 4 4 5 8 10 4 9 7 10 5 7 1 1
401 3 2 2 1 9 9 4 8 1 6 3 3 7 8 3
503 4 8 10 2 8 9 6 8 2 4 7 2 7 4 10
405 3 1 1 6 3 10 6 8 5 4 4 6 8 1 7
411 4 9 2 7 9 1 7 7 8 10 4 1 2 3 7
511 8 3 4 10 8 3 9 10 6 9 9 7 8 7 5
473 9 1 6 8 7 8 2 5 1 10 3 5 5 8 1
450 7 5 1 2 9 4 1 5 7 10 8 6 9 2 9
430 4 10 7 2 4 10 1 7 8 6 1 9 6 3 2
332 2 3 4 6 3 5 2 5 9 4 4 9 2 4 4
447 7 10 6 10 4 3 9 1 6 6 9 2 7 5 5
20
408 6 3 3 10 4 9 3 1 9 6 6 6 3 4 2
419 10 10 1 2 5 6 6 3 7 8 10 3 7 2 4
409 4 5 7 7 6 1 1 9 10 4 5 9 5 9 2
426 6 5 6 9 3 5 4 6 8 4 3 1 1 4 10
393 6 9 1 9 6 4 4 4 9 4 5 4 3 3 5
471 9 4 5 9 7 3 10 5 1 10 3 6 5 6 6
536 7 10 5 6 10 7 9 5 7 10 2 1 2 7 5
389 9 10 8 7 10 4 1 8 1 1 8 8 9 9 1
369 4 2 6 10 3 7 2 1 7 8 5 5 8 3 1
439 1 1 4 9 7 5 5 8 6 5 9 10 7 7 3
373 7 9 3 5 1 5 6 6 2 7 1 2 5 4 7
495 3 1 10 5 5 7 5 5 3 6 4 9 1 9 8
422 1 1 10 7 10 8 4 1 1 5 2 3 7 2 10
498 4 9 10 7 6 5 1 4 10 3 6 8 8 8 9
310 1 1 8 4 3 2 9 7 1 7 4 7 1 2 1
462 5 5 9 6 7 2 3 5 5 8 9 9 7 9 6
295 2 6 4 6 9 2 1 1 8 2 7 9 2 1 3
381 5 3 6 7 4 7 1 6 5 1 5 4 8 7 5
408 4 7 9 7 10 7 6 2 1 4 6 8 7 1 7
429 1 9 4 9 9 6 5 5 5 4 3 10 10 9 3
20
365 8 1 2 5 2 9 6 1 10 3 7 6 5 2 1
604 3 7 10 4 10 7 7 6 9 10 3 5 1 9 7
383 10 2 3 10 3 1 2 5 7 8 3 2 4 5 5
365 8 6 1 1 4 6 7 7 10 2 8 6 4 1 5
420 1 7 8 9 10 6 1 3 9 2 3 3 7 6 3
340 7 7 1 1 8 1 5 8 1 6 3 5 1 2 10
556 9 3 10 1 9 7 9 10 6 3 3 9 7 9 5
419 10 2 10 4 1 8 4 7 3 7 10 5 4 5 1
370 6 1 5 1 8 6 1 2 4 2 6 3 10 6 4
562 10 9 9 9 2 8 6 8 6 8 6 7 8 9 4
373 7 10 4 4 1 3 2 7 3 5 2 2 3 7 5
392 6 4 6 10 7 7 7 9 1 7 4 6 7 1 1
415 4 10 6 8 7 2 8 7 5 7 10 7 4 1 6
311 2 9 5 8 4 6 3 1 6 1 1 10 1 3 4
482 6 8 5 10 8 6 1 7 8 8 6 6 4 4 8
483 6 8 4 9 9 9 7 7 2 9 1 6 9 6 1
569 10 4 2 1 6 9 10 10 4 6 3 10 4 9 8
566 10 6 3 6 3 8 9 1 5 8 3 10 9 7 10
405 7 6 7 4 2 5 3 3 8 3 9 5 3 3 10
412 2 9 7 6 8 8 10 3 10 1 1 5 7 1 1
20
506 7 8 2 5 3 8 10 9 3 9 5 5 2 9 5
417 7 7 7 5 1 3 8 5 5 5 4 3 3 10 1
334 4 9 2 1 6 3 2 4 5 7 2 9 10 1 2
432 2 4 10 2 3 1 9 3 7 5 6 5 7 10 5
337 6 4 2 9 4 2 1 4 10 4 8 3 4 6 5
332 1 3 3 3 8 2 7 8 5 2 6 3 5 4 6
398 3 5 5 4 4 7 7 1 10 5 4 10 3 6 1
404 3 1 1 3 5 2 7 7 5 6 2 7 1 10 7
451 10 5 10 5 7 4 6 5 6 3 9 2 4 5 7
458 5 6 7 5 10 3 9 9 9 9 4 5 8 4 2
433 6 4 5 3 8 3 9 2 7 8 6 9 1 7 1
550 10 9 10 6 3 9 2 3 4 3 10 8 4 10 10
484 2 8 2 4 7 8 9 8 6 10 2 2 5 6 5
395 8 7 5 1 4 3 7 1 6 6 10 9 9 1 6
542 4 8 6 10 2 10 5 6 8 8 8 1 9 9 3
479 7 7 9 8 9 7 5 1 8 9 8 2 4 3 4
549 10 8 10 10 9 8 3 4 2 8 10 2 9 10 3
454 10 2 10 4 2 5 10 8 1 2 2 1 9 5 10
430 2 3 9 3 5 3 5 6 2 2 10 5 10 9 9
453 5 2 7 1 6 8 7 2 6 1 2 1 7 5 9
20
397 4 8 9 2 9 2 7 3 2 5 3 6 9 5 4
415 5 2 6 8 4 4 9 2 6 1 5 3 2 9 6
347 5 10 5 9 2 1 5 6 2 5 2 9 1 10 1
275 2 2 2 4 6 5 3 3 2 1 2 7 7 7 1
421 6 8 1 8 10 10 2 10 5 4 1 7 4 3 3
423 8 9 7 1 4 9 1 10 1 7 7 6 9 6 1
345 5 9 2 10 3 5 1 2 2 9 1 4 5 6 3
382 10 9 4 3 4 2 3 2 8 5 4 1 1 7 7
320 2 9 7 8 5 1 3 2 1 8 10 5 6 1 2
527 4 4 5 2 9 9 6 10 8 2 6 8 6 9 7
510 2 2 6 6 8 9 7 5 1 5 7 10 3 8 10
433 4 9 9 5 7 1 9 6 6 3 9 6 8 10 2
540 1 1 5 6 10 9 7 10 7 10 3 5 9 6 3
549 8 7 6 9 9 7 1 2 6 9 1 6 2 8 9
397 8 8 1 2 8 7 3 2 4 5 8 9 8 4 5
411 5 9 3 1 3 6 2 10 6 9 10 2 8 6 1
410 1 4 10 4 5 2 3 1 9 3 2 4 10 8 9
312 7 6 9 4 9 1 1 7 5 4 10 5 9 1 1
395 7 2 3 6 5 8 3 4 9 3 4 4 4 5 5
497 8 9 8 10 1 10 2 2 8 9 4 4 2 7 1
20
452 5 5 5 7 6 6 6 8 3 6 1 5 3 9 4
524 10 4 2 2 1 3 10 10 10 10 6 10 7 8 9
451 8 2 4 4 3 10 7 6 3 1 7 3 2 10 8
543 7 1 9 1 9 2 9 8 2 10 1 7 10 10 7
480 10 8 8 2 10 5 6 7 2 3 1 4 3 10 8
409 2 10 3 8 9 6 10 10 6 1 9 1 9 5 4
471 2 8 4 6 3 10 1 4 9 10 5 9 5 5 3
338 8 4 8 3 5 5 4 4 5 3 7 2 6 2 3
341 5 3 5 3 7 4 5 8 6 6 10 1 8 2 1
422 1 6 6 10 5 7 2 8 4 9 1 5 4 4 5
330 10 7 5 7 4 5 6 1 2 5 8 8 1 1 2
419 9 9 2 3 8 10 1 7 2 6 5 10 5 3 2
318 4 1 9 9 3 2 2 6 5 5 10 2 7 3 2
494 2 6 5 6 8 6 7 10 7 7 5 10 9 5 4
414 4 7 3 9 1 5 8 7 5 1 6 9 5 9 5
458 6 3 8 6 6 7 5 5 5 9 3 9 3 1 4
277 6 2 2 3 3 2 1 1 7 1 7 2 3 3 7
443 2 6 7 10 5 6 7 3 5 3 7 5 7 8 6
449 10 2 8 5 10 4 6 1 2 1 4 4 3 10 9
375 1 2 10 7 9 7 1 4 10 3 2 4 3 4 2
20
504 8 3 9 9 7 5 5 8 10 9 3 5 5 4 2
412 9 1 8 10 2 4 1 6 5 7 9 5 9 6 4
473 5 6 5 4 6 7 7 4 9 8 9 7 6 8 1
477 8 10 4 3 3 3 6 9 4 9 4 9 5 5 10
400 6 7 5 3 2 6 2 3 1 7 3 5 8 10 4
540 10 4 4 10 2 9 4 1 9 5 5 7 6 10 9
463 4 8 4 1 6 9 5 4 8 7 9 1 4 9 3
462 4 8 3 2 5 9 2 5 5 9 3 3 3 5 10
474 8 8 5 6 6 5 7 10 1 4 10 8 3 8 8
375 3 2 2 2 1 9 8 1 1 8 5 4 10 3 3
336 10 4 7 5 6 4 1 7 3 5 4 4 9 3 2
380 3 2 7 9 6 2 8 4 4 7 3 2 4 3 4
469 9 4 2 10 2 6 4 2 9 6 6 1 10 6 10
525 3 9 8 2 1 9 2 3 10 10 6 3 1 5 9
422 10 9 7 7 3 4 8 7 2 4 1 3 8 2 8
448 10 1 7 6 7 2 7 7 7 4 5 7 7 4 7
445 2 10 1 3 1 8 2 6 8 5 4 10 3 7 8
405 9 2 1 9 9 7 10 10 5 1 6 4 1 1 6
444 3 9 3 9 3 3 1 10 8 8 2 6 9 9 7
432 5 5 6 9 10 1 2 2 6 7 6 1 5 9 8
20
330 10 5 2 3 1 7 7 1 1 6 8 5 4 1 5
288 3 2 6 2 1 1 9 9 3 3 3 9 8 1 4
495 5 3 1 9 10 9 7 5 7 6 7 3 1 5 9
313 5 9 6 2 1 2 10 2 1 1 8 4 2 4 6
541 2 10 2 6 5 9 10 9 10 9 10 3 5 4 9
424 1 7 1 2 10 3 9 3 1 9 10 4 8 3 9
376 5 7 6 3 1 3 7 2 10 3 4 7 5 6 3
418 8 8 6 2 8 4 3 8 3 7 7 4 10 7 1
364 6 1 3 1 3 4 10 2 6 3 9 5 9 8 2
422 1 1 4 7 4 3 10 10 3 10 7 7 8 3 8
424 5 9 3 1 6 10 8 10 1 1 5 5 2 3 7
394 6 10 6 3 7 3 1 8 2 1 10 10 10 8 7
449 7 1 5 9 4 4 7 8 3 4 2 10 9 7 9
398 10 3 6 2 1 2 7 2 1 5 4 5 4 10 7
205 3 2 4 3 5 1 8 3 1 3 9 3 2 1 1
430 7 3 8 10 5 2 7 5 5 6 8 3 5 2 7
433 2 5 8 8 4 7 5 4 6 5 8 2 3 2 9
379 7 10 2 2 5 5 10 3 4 1 9 2 9 7 1
496 6 5 8 5 3 3 6 3 2 8 8 5 5 10 10
484 8 1 4 4 8 1 5 8 10 10 7 10 1 6 8
20
431 9 7 10 1 4 4 2 7 2 9 5 2 4 9 4
502 1 10 9 2 8 9 10 5 6 2 10 1 4 8 4
393 4 6 9 6 4 5 1 1 7 5 1 8 2 4 5
495 2 6 6 7 4 5 5 1 6 4 8 7 5 10 10
374 2 9 2 1 5 5 10 3 3 2 10 4 7 5 6
287 2 5 4 8 9 1 2 9 7 3 5 1 7 3 1
389 2 3 4 10 5 8 8 5 1 7 4 2 10 2 6
548 7 6 6 10 7 10 2 10 10 2 4 6 10 8 8
387 3 9 2 5 2 2 10 7 6 10 3 1 10 4 2
460 6 5 3 6 6 8 2 5 3 8 5 3 10 6 5
386 6 1 7 4 3 7 5 5 5 5 1 7 9 4 2
388 5 1 2 2 9 3 7 6 8 6 2 3 10 1 7
450 1 1 6 10 7 3 3 3 4 8 1 6 6 9 8
415 3 7 6 7 10 10 1 8 6 1 1 1 8 4 2
375 10 1 5 2 6 3 7 3 5 6 9 1 9 1 7
408 5 8 6 2 8 2 10 3 4 7 9 1 1 8 1
444 6 4 7 3 9 5 9 8 8 9 2 7 8 3 1
398 6 1 2 4 10 10 2 1 4 3 4 4 7 4 7
568 7 4 9 9 2 7 8 2 8 9 3 2 10 8 7
529 5 4 6 6 7 9 3 6 9 3 10 1 2 10 10
20
498 10 5 7 2 7 9 10 7 6 2 9 2 6 6 8
359 2 2 1 10 9 4 7 8 9 1 8 9 8 5 1
402 10 8 4 10 2 1 7 3 8 3 7 10 5 9 1
473 4 6 2 6 10 2 5 10 7 5 8 6 7 10 8
356 5 2 5 5 1 9 10 7 9 2 4 1 5 3 1
367 9 2 6 5 7 2 8 5 4 6 2 10 8 2 1
310 4 9 4 6 2 1 3 7 8 2 7 5 1 3 4
299 4 1 2 2 2 6 2 10 4 5 8 3 4 4 3
396 3 1 9 9 2 1 9 7 6 7 8 4 4 1 8
455 9 7 5 8 3 4 9 5 5 4 10 7 3 7 8
388 6 10 1 6 8 4 7 8 2 1 8 8 9 6 6
412 4 7 4 1 9 4 7 6 8 10 3 7 7 2 1
427 10 3 1 9 7 3 6 2 8 3 10 8 8 7 6
432 1 9 3 2 10 10 9 10 2 2 4 4 2 1 10
468 8 1 5 2 9 9 5 5 9 1 1 2 6 7 8
540 10 1 5 8 2 8 9 4 4 9 4 8 6 8 6
420 8 8 7 1 10 2 4 5 7 7 10 7 7 2 6
522 8 10 10 7 5 9 6 9 3 4 2 1 4 7 6
490 1 7 5 8 6 3 5 4 4 9 10 7 8 8 8
317 8 7 1 1 3 1 1 9 7 5 6 8 3 6 3
20
437 1 8 2 7 2 7 6 5 9 5 5 7 6 8 3
473 5 4 3 10 8 9 1 10 9 4 8 10 4 4 5
442 7 5 10 10 3 2 7 8 2 5 4 1 1 6 8
520 6 1 6 6 10 9 7 9 5 8 5 2 10 5 5
560 7 2 10 1 3 9 10 8 1 7 5 3 8 9 8
446 1 4 5 5 6 10 1 3 10 7 6 9 7 2 4
433 10 9 5 5 5 1 8 2 10 3 2 3 9 9 4
545 3 10 8 6 8 10 9 1 6 7 5 5 6 10 5
444 6 1 10 7 6 2 8 9 10 4 4 9 3 1 10
417 9 9 9 9 4 1 4 1 2 9 6 7 7 8 1
497 4 2 5 7 8 9 7 2 2 9 9 8 9 9 2
522 10 9 6 3 8 8 5 3 9 1 9 10 3 8 10
493 4 10 4 8 3 9 8 2 9 5 10 5 3 10 5
464 1 9 5 7 4 8 5 4 3 7 5 10 3 3 10
365 4 4 2 1 2 8 8 7 1 1 6 5 8 5 7
499 2 8 3 7 7 8 2 4 8 6 6 3 9 6 10
414 8 8 10 1 2 1 10 9 5 6 2 10 10 1 6
471 9 5 7 6 9 10 3 3 1 7 9 2 2 5 5
451 4 5 1 10 7 3 10 3 10 9 6 8 7 1 9
388 4 10 8 10 3 3 1 3 5 7 10 5 7 8 1
20
382 10 2 1 10 3 7 3 2 7 2 4 4 3 10 1
448 3 4 4 9 2 6 3 1 4 4 10 10 2 8 10
385 5 1 6 3 5 6 2 7 7 4 3 3 2 7 2
431 3 3 7 3 7 5 3 9 2 7 9 3 4 3 9
432 1 7 8 6 9 5 7 1 8 7 9 6 10 5 1
331 9 2 3 1 9 6 2 6 1 2 3 6 2 3 3
407 9 10 5 2 1 3 9 3 4 9 10 9 4 4 3
373 3 10 6 10 5 6 10 4 5 1 8 3 9 3 4
442 6 8 6 8 7 5 1 4 1 8 2 8 10 7 3
552 9 7 9 8 1 8 3 9 10 9 9 9 4 1 9
431 8 1 6 4 1 5 9 6 5 6 6 5 2 2 9
411 6 2 4 3 6 7 2 4 4 4 3 10 3 6 7
481 10 6 3 1 8 9 10 8 6 1 8 2 10 6 7
486 10 5 3 8 1 10 1 6 7 10 10 7 3 1 8
410 8 4 10 8 1 2 4 9 6 3 4 3 8 6 5
400 8 3 9 2 9 4 4 1 3 3 6 9 6 3 8
417 8 5 6 10 2 4 1 6 8 9 10 8 9 1 5
486 6 7 3 7 5 1 7 10 10 7 7 1 9 10 7
371 3 2 10 7 4 5 8 9 4 1 7 1 8 3 2
416 10 10 3 1 10 4 5 4 5 9 4 1 4 3 2
20
479 9 10 2 7 5 7 2 2 10 2 1 5 3 10 7
392 1 5 10 4 1 10 5 6 9 2 3 2 8 6 1
456 9 9 10 10 10 4 6 1 6 1 10 8 8 9 3
341 6 3 2 10 6 2 7 8 6 1 7 9 2 9 1
508 2 9 6 5 9 1 9 5 7 10 1 10 9 10 5
417 1 3 3 5 1 7 9 2 9 7 9 8 3 5 6
392 1 7 5 5 10 8 3 2 3 1 2 9 4 9 4
416 5 3 1 7 8 6 6 5 6 5 8 5 7 2 9
648 5 4 6 8 9 9 8 7 10 10 10 3 2 9 9
421 10 5 3 5 5 10 4 1 4 1 2 5 6 5 8
333 6 1 5 1 7 2 5 4 7 5 8 2 8 1 3
334 3 8 2 6 5 9 7 2 3 4 3 5 5 1 3
508 9 1 2 8 5 8 5 3 9 7 7 2 10 10 3
437 3 7 8 3 1 1 5 6 9 7 9 3 5 9 6
491 8 5 5 9 6 6 8 4 6 9 5 1 5 4 9
374 2 9 10 1 7 1 2 5 10 7 5 4 5 3 1
363 9 1 2 9 10 2 10 8 4 1 3 4 6 1 8
499 6 1 4 4 9 9 4 6 10 3 2 8 10 8 7
371 7 8 4 1 6 9 1 4 3 3 3 6 4 6 1
435 8 6 3 4 6 2 10 5 8 2 5 9 9 9 3
20
483 1 10 10 6 2 10 6 8 6 1 9 5 10 7 6
431 2 10 5 2 7 9 3 5 2 4 5 10 9 7 3
482 9 2 5 7 6 8 5 5 7 4 5 3 8 10 3
270 2 4 4 5 2 1 7 2 1 1 9 4 2 9 4
490 3 5 4 8 4 9 8 8 6 7 8 10 6 5 6
432 5 3 2 3 8 5 10 1 5 5 3 7 9 8 3
490 5 8 4 9 8 5 2 1 5 10 2 6 9 10 5
449 6 4 5 2 8 1 2 2 4 6 5 6 3 10 10
463 8 9 4 6 6 9 3 3 10 1 5 2 5 9 7
515 10 2 9 10 4 2 7 8 8 10 3 7 9 6 3
455 4 8 2 3 7 3 3 9 10 10 7 2 4 10 3
505 2 5 7 7 4 8 9 2 8 9 4 6 6 3 7
404 4 4 6 9 5 1 7 3 4 10 5 1 3 8 5
519 6 1 4 5 8 10 8 6 6 6 1 9 4 6 8
441 5 7 4 7 7 3 1 8 9 3 7 6 7 6 8
381 10 9 8 3 5 8 3 1 8 3 5 3 6 1 3
349 10 4 1 5 4 2 3 3 5 8 10 9 5 5 3
428 4 1 6 7 6 9 4 3 5 8 3 2 8 1 4
475 3 7 5 7 2 8 6 7 9 7 9 6 2 3 10
284 9 2 7 4 1 1 6 1 2 2 6 6 6 4 5
20
461 6 3 4 10 9 10 3 2 1 9 5 2 1 4 9
448 1 8 3 8 8 5 8 1 1 6 10 3 2 10 7
454 3 2 7 2 9 3 10 9 4 8 3 6 4 3 6
521 5 10 10 8 9 9 1 9 4 9 5 5 1 1 7
512 6 3 3 5 4 10 8 6 7 9 2 7 2 3 9
502 8 8 8 10 10 8 10 9 2 4 10 1 10 2 4
398 3 1 2 2 3 8 3 10 7 3 9 5 1 9 3
443 5 10 3 1 5 6 8 5 6 2 2 4 2 9 10
387 7 10 10 4 3 4 6 4 5 1 3 4 6 4 4
411 2 6 7 8 1 6 2 8 2 1 8 4 4 10 9
523 7 7 6 7 9 4 9 10 4 9 8 5 1 8 6
502 5 8 7 4 10 6 1 5 4 8 9 6 3 10 6
436 5 10 9 8 8 2 10 5 6 1 4 7 2 5 7
474 7 3 5 3 5 4 7 8 9 8 9 8 9 7 2
407 1 5 2 6 7 10 2 2 7 2 9 8 7 2 8
406 3 6 4 2 3 3 4 7 9 8 8 10 2 6 6
466 6 8 2 7 10 6 10 1 8 2 5 9 10 6 5
451 8 6 5 1 7 7 1 3 3 9 8 3 6 8 2
456 4 8 4 10 1 8 8 5 7 10 2 7 3 3 5
459 5 3 9 5 8 7 5 8 8 2 6 2 9 2 9
20
459 10 8 10 7 9 3 5 5 7 4 9 3 8 10 1
432 7 5 7 10 9 7 3 4 5 6 3 1 3 2 5
393 2 7 10 9 2 4 5 1 4 7 2 6 2 8 2
428 4 4 6 6 5 6 1 4 7 10 7 5 1 5 2
486 5 9 10 2 6 10 2 7 1 7 7 3 4 6 4
357 3 7 3 9 5 9 7 6 1 5 3 5 1 2 3
387 8 9 5 10 2 6 4 2 1 8 1 6 3 6 1
488 8 6 8 10 6 6 6 4 10 5 8 6 1 7 4
388 4 2 4 10 8 3 4 5 1 8 2 6 7 3 6
430 8 5 7 3 3 7 4 6 6 9 5 3 10 4 1
351 2 2 2 7 2 7 1 5 5 4 4 6 10 3 9
498 7 3 5 6 10 10 3 4 4 6 8 7 5 2 10
452 7 8 9 8 6 5 1 10 7 3 8 7 3 3 9
436 8 2 1 10 4 5 4 8 10 4 7 2 2 6 9
470 9 8 5 6 7 6 4 8 8 4 8 6 3 7 4
474 9 9 10 5 8 2 1 9 4 7 1 3 8 6 9
520 10 1 7 9 9 8 7 7 6 9 1 9 6 4 1
374 5 8 2 1 1 6 2 10 10 2 3 1 5 7 4
468 3 1 6 4 5 9 7 5 7 7 7 6 8 5 2
473 6 3 9 3 4 10 8 7 4 4 7 6 6 1 10
20
543 1 10 8 6 9 10 7 3 9 10 3 4 10 5 3
350 8 10 5 9 5 7 3 3 1 2 4 1 8 3 4
419 8 8 7 1 10 4 10 6 5 1 10 4 10 7 2
498 9 6 8 10 6 6 8 9 2 10 3 4 3 6 5
520 2 9 10 9 10 9 3 8 8 8 7 6 6 5 1
272 4 3 3 1 3 1 10 3 5 2 6 5 6 6 1
506 1 6 9 2 9 9 2 9 2 6 10 9 5 6 9
526 10 1 6 4 7 10 9 9 4 10 4 3 6 4 5
346 8 4 9 8 4 1 10 1 7 2 2 5 7 6 1
369 5 4 9 10 1 5 6 5 5 4 1 4 6 4 4
565 5 1 10 10 8 9 10 4 9 7 8 7 7 10 2
417 1 9 7 1 10 4 10 6 6 2 1 7 1 10 1
403 3 7 8 7 2 6 5 1 2 2 6 8 9 5 8
465 9 8 5 1 4 9 4 5 9 8 2 10 1 4 3
343 8 3 6 8 1 4 5 6 3 4 4 10 3 2 6
576 3 3 10 7 2 7 7 10 10 9 8 3 10 10 5
495 6 4 10 4 9 4 6 4 9 6 4 4 6 4 7
441 6 4 10 9 5 7 1 1 7 6 9 4 3 3 7
458 5 1 5 5 3 2 10 4 7 10 8 7 1 5 7
545 5 3 4 7 4 9 2 10 2 9 8 4 8 8 10
20
400 8 10 3 3 9 7 4 7 3 3 3 6 1 3 7
328 5 9 3 3 1 1 10 9 9 1 6 5 3 2 5
383 9 10 3 6 4 1 9 1 6 3 6 8 5 10 2
368 5 2 10 8 5 2 5 3 2 5 6 5 6 6 4
499 7 10 9 4 7 8 1 3 7 8 9 7 9 3 6
422 6 10 4 4 3 8 9 5 1 6 5 6 6 6 1
509 3 7 7 8 7 10 6 4 7 3 5 4 5 5 9
258 1 10 4 3 8 1 2 4 2 2 1 2 3 8 1
634 10 8 10 10 8 5 10 7 10 3 4 10 10 8 10
417 6 3 5 9 6 7 8 5 4 3 5 6 4 1 8
226 5 5 7 10 2 1 1 8 5 1 5 1 1 2 1
481 6 6 3 8 10 4 6 3 10 10 10 3 8 1 6
366 5 8 7 6 6 3 10 2 2 8 2 4 4 3 1
461 3 4 5 9 4 8 3 8 4 7 1 4 10 6 8
504 4 7 10 8 5 10 9 8 4 6 9 8 5 8 2
572 7 2 9 5 9 9 7 8 5 8 6 10 9 3 8
383 4 3 6 5 2 4 2 9 10 7 5 3 3 5 3
456 5 2 6 5 4 6 3 4 3 8 5 8 1 10 5
371 7 5 8 10 3 6 1 6 8 1 8 4 9 2 4
445 3 1 1 7 3 9 2 1 8 8 1 8 5 6 7
20
303 7 8 4 2 2 1 8 2 6 2 9 10 9 4 1
360 6 10 5 4 5 6 4 10 1 1 8 9 7 1 6
464 2 4 10 5 6 1 6 7 10 1 2 7 3 9 10
383 4 2 7 10 5 4 1 4 4 7 2 1 2 5 8
336 3 10 2 2 1 5 3 7 5 5 3 6 2 8 2
388 6 10 3 4 3 8 3 1 10 2 7 1 1 7 2
458 8 6 8 6 10 5 7 3 2 4 2 2 9 7 4
366 8 4 7 2 6 2 7 9 2 5 7 1 4 2 4
447 1 5 3 9 4 6 8 7 4 2 6 10 1 7 9
472 6 8 4 3 10 6 7 5 8 9 9 6 10 3 3
364 2 9 1 3 9 1 4 8 2 8 8 2 8 5 4
297 1 10 3 1 4 1 5 8 1 1 8 8 3 6 7
535 10 9 6 8 8 9 2 8 9 6 4 3 2 10 4
471 7 8 7 7 10 6 4 6 6 2 1 9 4 7 7
452 9 1 3 3 7 1 9 4 1 6 5 1 7 10 10
311 3 8 8 7 1 5 7 3 3 6 5 3 4 1 2
502 6 1 9 1 4 8 2 2 8 9 9 9 8 7 6
374 3 10 10 1 3 3 10 2 2 4 1 5 7 6 1
446 10 6 10 3 8 9 7 1 6 3 5 3 6 2 4
522 8 10 2 8 4 10 6 6 3 2 1 9 9 9 9
20
304 6 3 5 8 1 2 7 2 3 4 9 6 4 6 1
382 1 4 9 7 3 3 10 1 2 5 5 6 1 8 2
277 3 9 9 1 4 2 1 8 3 2 8 10 5 2 2
412 1 2 7 6 2 3 10 2 3 9 4 3 3 5 10
382 4 9 2 6 8 6 10 10 1 4 9 5 1 3 1
379 7 5 2 6 1 6 8 7 3 5 5 7 6 1 8
515 3 4 10 7 7 2 5 7 9 8 9 5 3 7 10
436 4 6 5 1 7 10 3 5 2 6 8 8 7 9 2
294 6 7 1 7 8 2 4 1 10 2 2 4 7 2 1
361 2 5 3 10 4 7 9 10 9 2 10 1 8 3 1
439 10 2 7 10 8 3 8 3 5 6 6 6 6 5 6
442 2 6 10 3 8 10 6 2 3 3 2 5 3 10 1
573 3 6 9 6 1 8 4 10 8 10 1 3 5 8 10
503 5 6 9 1 3 10 9 9 7 2 10 2 9 6 7
469 9 4 7 2 4 5 3 1 2 8 7 2 5 9 7
382 1 6 2 7 8 5 10 8 3 1 3 9 7 3 8
332 4 1 2 2 5 6 2 7 2 1 5 8 1 1 10
476 4 7 2 8 10 4 9 4 5 4 6 8 5 8 8
490 10 10 9 1 9 9 5 7 4 1 4 5 9 7 4
448 8 10 9 9 8 4 3 5 7 2 3 4 4 5 9
20
373 1 9 8 7 1 4 8 5 3 9 4 1 1 2 5
401 5 9 2 3 4 5 10 2 1 5 8 7 9 2 10
412 2 3 6 6 8 1 4 1 9 1 2 9 10 6 10
409 6 3 3 9 3 3 7 8 4 10 8 8 9 5 3
547 7 2 9 4 3 10 5 6 5 7 2 4 2 9 9
458 8 8 3 2 9 4 7 10 8 4 3 1 7 2 9
439 8 5 2 9 10 3 1 5 10 10 1 7 3 2 5
516 4 6 8 8 10 7 3 4 5 6 9 4 4 6 8
322 2 6 8 3 7 4 4 1 3 1 3 7 8 8 1
506 8 10 6 6 8 6 3 10 1 8 7 7 4 8 8
341 2 2 8 9 3 3 8 8 7 1 8 10 4 1 4
470 3 5 6 3 6 7 7 2 7 4 8 10 2 7 7
446 6 10 7 5 3 10 3 8 5 2 6 9 5 9 2
487 9 7 6 10 4 1 7 8 5 10 2 7 6 8 3
495 10 7 5 9 6 2 7 10 9 2 10 2 2 9 9
484 10 8 5 2 6 8 2 6 7 4 5 6 4 8 8
548 6 5 7 8 9 10 3 1 8 5 6 3 7 9 10
426 2 1 8 2 4 3 2 1 10 10 3 3 9 4 6
368 8 1 1 5 3 4 8 10 6 3 3 6 3 1 10
463 7 2 2 10 1 9 9 2 1 10 2 4 5 10 3
20
491 4 7 3 3 2 10 1 1 3 8 5 4 10 10 10
433 4 1 8 8 6 1 4 4 9 4 6 2 10 6 8
529 1 1 7 3 10 3 7 7 7 9 6 4 5 9 9
389 2 1 8 8 9 4 3 6 2 3 1 2 6 10 1
505 5 10 1 3 4 4 10 10 10 7 7 6 9 3 10
483 10 9 9 3 3 1 3 8 8 7 10 9 7 10 2
321 8 9 3 4 5 5 9 3 7 1 1 8 2 2 1
392 2 10 6 10 3 3 7 9 7 2 4 9 9 3 7
472 4 1 6 7 4 5 5 1 2 10 6 5 9 7 9
316 1 7 6 8 7 8 1 4 2 1 8 6 5 3 2
471 3 5 9 10 4 10 3 6 5 4 8 6 6 10 3
465 1 8 8 1 8 9 1 6 3 10 3 7 2 10 2
557 4 2 10 8 1 7 6 5 6 10 10 4 9 6 9
367 3 1 3 10 5 5 5 7 8 6 2 10 4 1 5
493 10 9 6 7 1 8 6 5 6 7 6 6 9 1 9
355 1 2 2 1 4 2 4 2 4 7 6 3 6 5 9
416 2 4 7 7 5 6 6 7 8 1 8 2 3 5 5
479 9 9 4 10 5 5 1 2 9 6 3 8 4 5 10
406 5 8 2 9 2 2 3 7 9 3 4 4 8 7 9
503 7 3 8 7 9 3 8 1 1 7 4 9 7 10 9
20
501 8 7 8 1 9 7 8 5 6 10 1 6 1 3 6
419 3 3 1 7 8 3 9 3 9 2 4 4 9 9 8
468 7 7 3 9 5 8 1 5 1 7 2 8 9 10 5
315 4 5 10 9 2 1 1 6 6 1 10 3 3 1 8
421 7 4 4 5 6 3 3 3 5 7 3 10 3 10 4
547 10 6 10 2 9 9 9 6 9 6 9 10 9 2 4
429 3 6 1 2 6 3 6 1 10 9 4 1 5 9 6
422 8 8 10 8 1 4 2 3 5 9 1 2 6 7 2
378 5 1 3 9 5 1 8 1 9 2 4 10 4 10 4
425 2 8 6 1 7 2 4 1 3 6 7 6 9 8 8
420 10 4 5 7 9 6 3 5 1 1 3 8 1 7 7
381 8 6 5 7 7 1 4 5 9 1 8 9 8 4 4
408 10 6 1 5 4 5 2 7 3 8 9 9 3 4 7
483 4 5 4 4 9 5 3 10 5 6 3 5 5 8 9
422 2 3 3 1 8 10 2 7 8 1 2 7 4 9 5
342 9 5 8 3 1 1 4 5 3 2 8 2 9 6 3
452 5 6 9 10 5 6 3 4 6 9 2 4 3 2 9
400 10 9 8 8 6 2 9 5 2 1 10 9 3 4 6
466 6 10 4 6 5 5 1 5 4 9 4 6 1 9 5
363 8 3 6 10 2 2 4 2 2 5 7 3 1 5 8
20
430 1 5 10 9 6 9 2 5 3 9 9 7 1 2 3
369 2 6 4 1 4 6 7 5 3 3 10 2 7 6 3
348 2 8 4 2 7 5 10 7 5 3 1 7 6 5 1
471 8 7 10 2 1 7 9 5 2 3 5 3 7 10 5
528 4 5 9 10 10 6 6 10 10 5 7 1 6 10 3
517 2 8 7 5 1 10 6 5 9 8 5 5 4 6 6
355 2 5 9 2 1 6 1 9 1 4 2 2 3 2 8
511 7 3 10 3 8 6 10 10 10 3 6 7 5 3 5
453 7 4 3 10 4 10 5 7 9 3 10 3 8 2 9
395 2 3 3 1 6 4 2 1 5 8 10 1 9 9 6
497 5 2 3 5 9 10 9 2 1 7 3 7 10 9 5
478 2 3 9 10 7 4 10 3 8 10 10 7 3 3 3
469 8 1 6 5 10 4 6 2 3 3 2 8 7 10 6
349 1 1 6 6 9 9 4 2 4 5 3 2 3 1 3
391 4 2 4 7 1 2 4 1 7 4 6 4 10 8 9
552 7 9 2 10 9 7 6 6 7 7 2 6 4 8 8
441 3 5 5 3 8 6 10 7 2 2 7 4 6 6 9
420 3 4 7 9 6 1 9 3 8 6 4 6 8 2 7
431 10 6 1 3 3 2 2 7 9 9 2 5 7 7 6
429 10 5 4 4 6 7 4 10 3 1 4 3 6 8 8
20
473 8 7 9 4 5 9 8 9 1 4 3 4 2 3 10
467 3 8 7 7 1 9 6 6 6 2 6 3 2 10 4
461 4 1 9 8 4 8 4 7 2 4 3 8 10 7 7
329 8 8 7 2 2 5 7 4 3 2 6 9 4 1 5
421 7 9 10 5 3 4 7 7 2 5 8 1 4 5 4
489 6 9 7 5 5 9 8 5 5 2 8 3 4 5 9
404 4 6 8 2 1 3 8 6 6 7 5 4 9 4 5
553 6 7 10 3 10 8 8 2 7 6 1 7 7 10 3
399 1 2 1 7 8 2 6 8 10 5 10 4 8 2 10
377 7 2 6 6 9 1 8 4 8 3 6 3 3 1 6
466 10 3 3 1 10 8 3 8 1 10 5 5 8 8 2
464 10 8 6 5 4 6 3 7 4 5 5 4 2 6 7
457 2 9 9 3 2 9 2 3 2 5 9 9 2 9 7
418 5 9 1 7 6 1 1 3 10 8 3 6 5 9 6
566 4 5 10 1 8 7 8 3 10 4 1 3 10 9 8
487 9 2 9 9 3 9 9 4 7 7 1 6 6 4 2
474 10 3 10 10 2 4 10 8 7 8 6 2 8 3 4
468 4 3 5 3 3 6 4 3 3 8 1 10 6 7 10
482 7 5 10 5 2 1 3 3 10 10 2 3 4 8 8
460 5 6 1 5 8 6 7 2 3 6 6 8 9 5 10
20
324 6 2 2 2 4 1 8 8 7 6 6 3 1 3 1
457 8 1 7 4 2 3 9 2 8 2 7 4 10 10 10
349 2 4 8 8 1 2 6 1 3 6 2 8 2 1 8
425 9 5 5 7 4 2 9 5 9 4 7 7 8 8 3
437 7 4 7 10 2 1 7 7 10 8 8 1 3 2 9
313 4 8 2 6 7 1 9 10 1 1 3 10 8 3 6
371 1 1 1 4 9 2 10 5 7 4 2 8 2 3 6
454 1 8 9 8 8 10 4 5 2 7 10 2 3 5 3
532 10 2 7 7 10 9 1 10 2 6 9 3 5 6 8
439 4 7 10 4 2 4 10 4 4 7 10 8 2 9 3
435 6 4 8 6 8 7 7 3 1 6 4 9 4 4 4
476 3 4 6 5 8 5 8 2 1 10 2 6 7 5 7
436 1 2 3 7 6 7 5 8 6 7 2 3 2 3 9
397 3 9 2 10 6 6 10 2 7 2 10 1 10 2 4
243 1 4 7 2 7 3 3 2 1 2 6 3 8 2 3
541 2 10 3 2 8 5 6 7 10 5 6 8 4 10 9
492 6 7 3 1 2 8 6 10 3 6 5 10 1 8 8
423 3 7 8 9 10 1 3 8 3 8 1 5 1 9 4
478 8 1 8 3 9 6 5 3 5 8 2 10 4 10 3
487 8 9 9 2 6 8 1 9 2 7 2 3 10 7 7
20
429 2 5 5 3 8 3 6 4 7 10 7 2 2 4 4
459 1 5 4 5 4 6 8 3 9 10 5 7 5 7 2
458 5 10 7 10 5 3 9 9 2 3 3 10 6 8 6
402 5 9 5 1 9 3 4 6 7 5 10 4 3 7 2
386 2 6 4 1 10 2 10 3 1 6 10 1 3 3 7
414 10 4 3 10 1 7 4 10 3 4 8 1 10 4 8
466 3 9 4 3 10 8 5 9 2 6 6 4 7 8 3
411 8 1 6 8 2 2 5 2 10 8 3 6 6 10 1
410 3 8 10 8 4 10 2 6 3 4 1 3 5 6 1
355 10 1 5 8 7 1 3 7 2 4 5 2 2 5 6
408 9 3 3 9 5 4 2 2 7 7 1 6 6 6 3
492 10 1 8 4 7 6 9 2 6 6 10 7 10 7 5
534 8 7 6 7 2 8 10 10 8 6 5 2 5 10 2
507 8 10 9 4 5 6 8 1 10 1 9 4 3 6 9
419 3 10 1 4 3 4 7 5 10 4 1 8 1 6 7
492 5 6 9 10 8 6 5 7 7 4 3 2 4 7 7
483 5 3 5 4 6 7 10 4 8 10 2 1 5 7 2
414 2 5 7 2 1 7 8 5 1 4 3 7 8 7 6
372 6 8 1 4 5 4 10 3 2 2 5 10 6 9 5
383 2 4 9 3 1 9 4 5 4 6 5 2 7 6 1
20
341 4 9 6 3 2 9 4 8 3 2 2 8 8 1 2
452 8 1 8 4 9 8 1 3 4 5 1 2 7 7 4
413 4 6 7 2 9 1 8 1 1 6 7 6 3 8 6
360 10 9 6 5 10 1 9 7 2 1 3 4 6 4 5
387 9 2 10 9 4 1 8 6 2 4 10 7 4 4 3
496 8 8 10 4 1 8 10 9 7 6 6 6 1 6 1
331 1 7 9 8 8 1 7 3 2 1 6 7 10 4 3
418 9 10 8 9 4 8 4 4 3 3 3 1 2 4 4
470 7 9 3 5 1 7 6 9 2 9 7 6 9 4 8
381 3 1 1 9 7 6 9 5 1 4 5 9 3 9 3
425 10 4 7 5 4 5 1 10 7 7 3 2 7 9 1
391 4 8 9 8 6 3 5 2 5 1 9 2 9 2 9
426 2 8 4 2 9 4 7 6 7 4 10 8 5 1 9
480 8 6 5 2 8 8 7 4 3 8 9 6 1 10 1
431 3 7 2 6 3 8 2 1 9 8 2 8 4 6 7
496 2 6 3 5 8 3 10 5 8 9 10 7 8 2 9
419 3 10 2 3 2 5 10 2 6 3 10 9 5 7 8
505 5 3 4 3 2 4 8 6 5 10 6 5 8 10 7
398 5 5 5 5 4 7 8 10 1 6 7 1 3 5 4
466 6 10 7 9 3 2 2 3 2 8 5 10 6 7 9
20
493 9 10 3 3 8 1 7 9 9 8 7 10 1 9 5
469 10 7 10 6 8 2 10 10 9 1 5 6 4 9 3
440 3 7 10 5 6 7 9 3 10 4 5 4 3 2 5
384 6 10 4 2 5 5 2 2 1 4 2 8 3 6 8
431 3 10 7 6 2 10 6 8 2 3 6 10 6 3 7
404 4 6 4 5 1 6 6 6 10 3 7 8 10 2 7
391 2 2 2 10 6 5 1 1 4 7 9 4 1 7 9
504 6 8 9 5 3 9 10 8 4 2 4 4 7 7 9
334 2 1 9 2 7 2 5 1 1 5 5 2 1 6 6
411 7 8 6 6 9 5 10 2 3 6 2 7 3 3 3
489 5 9 2 6 2 3 10 10 7 8 5 8 4 6 8
414 3 8 4 1 4 6 10 7 4 3 1 4 7 9 4
301 8 4 4 3 1 6 5 4 1 3 2 3 8 3 3
593 9 9 8 5 10 9 1 5 8 10 1 2 4 6 8
469 4 3 8 6 1 10 9 6 9 5 9 8 1 4 4
395 2 1 1 2 4 4 5 3 7 9 5 1 5 8 5
487 6 4 10 2 3 6 8 8 8 7 1 6 10 2 8
396 3 10 3 8 4 1 9 10 4 7 7 7 9 1 5
411 6 4 1 1 9 3 10 8 3 4 9 7 7 9 1
493 6 2 6 9 7 8 8 3 7 3 9 9 2 8 4
20
380 8 1 8 9 2 4 9 10 1 5 2 4 4 3 4
472 4 8 3 10 3 8 7 9 8 8 5 2 8 3 7
412 4 10 4 8 1 5 1 1 10 6 4 8 4 6 6
468 9 3 8 3 8 4 5 3 3 6 10 9 8 9 5
396 9 7 1 4 7 6 5 10 10 4 8 1 2 4 2
524 4 7 4 10 3 5 4 3 8 9 9 1 1 10 10
302 5 6 4 7 1 2 8 9 5 3 8 6 4 1 1
377 8 1 8 9 8 7 1 4 8 3 1 4 8 2 2
422 1 2 3 3 7 2 2 1 8 4 10 9 9 8 9
372 4 7 3 7 2 5 8 7 6 5 8 7 5 4 2
396 4 1 9 7 9 6 2 3 10 4 9 4 6 2 3
375 6 2 4 7 8 2 2 9 3 5 2 2 9 4 6
484 8 2 6 2 8 8 6 3 5 3 1 9 3 5 10
477 6 5 4 5 3 6 1 9 6 7 6 2 9 9 6
545 8 10 2 7 4 7 8 2 10 5 6 2 5 10 10
374 3 5 1 5 7 2 5 3 7 7 3 10 8 5 3
329 7 4 2 9 4 6 1 2 8 1 4 2 2 1 6
382 2 9 5 1 5 8 9 2 6 1 7 10 1 2 7
448 2 4 6 8 1 3 3 8 8 4 2 9 9 9 8
477 7 8 9 10 9 7 8 6 3 2 4 3 10 5 4
20
512 1 2 5 6 6 5 9 4 7 8 5 10 2 7 9
387 1 6 9 1 10 1 6 10 10 3 7 6 7 2 3
451 3 4 8 1 1 10 8 4 7 4 4 5 4 2 7
370 9 9 4 4 6 3 3 5 3 2 2 4 5 3 10
236 9 9 4 5 1 1 5 2 1 1 2 2 3 1 6
390 9 10 2 4 8 6 2 1 9 3 7 10 10 1 7
398 6 7 1 3 7 5 5 6 7 7 8 7 8 2 4
413 3 10 5 7 1 2 10 8 2 2 10 5 7 9 8
425 2 9 10 10 6 3 5 2 6 3 6 4 8 9 3
435 2 8 4 7 6 8 7 6 3 5 2 5 2 9 1
453 9 2 8 2 5 9 6 2 4 7 8 3 9 4 6
423 8 8 4 5 3 4 6 7 3 3 1 4 5 10 5
473 2 6 6 10 9 9 5 4 7 7 5 8 10 2 2
340 4 9 7 10 8 3 7 9 3 2 4 7 5 3 1
401 5 1 8 2 3 2 5 1 1 2 10 9 7 10 10
444 1 4 10 4 5 8 6 3 1 2 8 5 5 10 5
532 8 5 7 5 5 10 9 10 5 8 4 2 4 3 6
453 5 1 8 10 5 10 5 6 6 9 8 6 1 4 2
446 7 3 6 6 7 9 1 2 7 8 5 7 1 8 1
405 8 6 10 5 6 4 7 1 4 8 3 1 3 2 3
20
367 8 8 1 5 5 1 9 4 9 1 1 9 2 1 8
371 1 1 1 2 3 6 7 2 7 1 9 6 5 8 9
434 4 9 8 6 5 7 3 3 10 3 8 4 7 1 9
337 1 8 9 4 3 3 5 5 2 1 1 4 10 5 7
526 3 10 9 3 3 7 8 3 9 10 7 10 10 2 7
425 7 9 10 1 4 4 1 6 2 8 4 2 4 9 2
423 5 8 10 9 10 5 1 4 4 7 1 5 4 1 7
445 4 9 2 6 6 2 6 6 7 9 9 7 8 10 2
433 8 10 6 4 1 7 7 1 2 4 1 4 6 5 8
536 4 9 4 5 2 7 10 10 3 9 4 6 8 7 9
426 8 8 7 7 5 1 10 1 7 3 7 10 2 8 6
350 5 2 1 1 3 1 3 1 10 5 9 1 1 7 8
528 10 1 8 4 6 8 6 6 7 10 5 2 1 7 4
412 4 9 1 8 9 3 2 5 6 6 3 6 3 6 9
493 10 9 6 7 8 9 9 6 4 4 7 1 9 1 9
406 5 9 5 6 3 1 4 7 10 5 9 2 7 7 3
370 5 1 7 7 2 1 9 1 3 2 6 3 5 9 8
489 4 9 7 2 10 5 7 6 5 8 6 6 5 6 5
470 3 10 4 8 10 6 2 4 4 9 9 6 2 8 3
506 4 2 10 1 9 6 4 8 9 3 2 9 5 9 8
20
476 10 4 3 5 5 5 9 10 3 8 5 7 6 9 1
453 5 7 1 8 5 9 9 3 9 6 4 2 10 2 8
442 5 5 10 10 5 4 1 2 10 2 9 10 3 5 10
382 8 2 4 3 3 3 9 1 6 4 6 8 10 10 1
526 3 6 10 8 9 10 8 1 6 10 1 7 10 1 7
501 7 9 10 10 3 2 5 7 4 10 7 6 4 8 4
460 2 2 4 10 2 9 4 8 5 5 5 9 4 9 7
343 9 5 1 6 6 9 2 1 4 3 3 1 10 1 5
508 8 4 1 3 3 8 10 6 10 7 8 7 2 7 5
397 7 2 1 8 6 3 7 5 9 8 5 8 6 1 6
431 7 10 6 6 5 3 8 7 1 3 5 7 10 9 3
340 1 7 1 8 1 1 7 2 2 5 4 7 3 10 4
432 5 5 1 9 10 8 7 2 3 6 10 9 9 5 2
462 2 1 10 1 3 7 6 10 8 6 3 8 8 6 2
485 1 1 5 6 4 6 7 10 10 9 8 6 7 2 6
368 10 8 6 4 8 1 1 1 8 7 10 1 3 1 3
449 8 5 7 8 9 9 1 9 4 1 8 10 1 10 3
446 5 6 7 4 9 7 9 6 3 5 4 3 5 4 4
441 4 4 3 10 2 5 3 9 7 4 1 10 4 9 6
419 5 3 1 2 7 7 5 8 10 5 3 1 3 5 3
20
480 7 7 1 8 7 2 8 2 6 9 2 10 6 10 6
438 2 1 10 5 2 6 1 10 6 9 1 2 10 3 6
462 2 8 6 4 2 9 9 1 1 5 9 10 10 7 9
503 3 3 5 2 2 10 4 10 6 8 6 1 7 6 8
302 4 6 3 8 2 4 3 1 4 2 1 10 10 3 4
589 6 5 8 8 10 8 9 10 6 10 6 8 1 8 5
351 1 10 10 1 4 6 5 4 8 1 4 8 2 2 1
476 10 3 4 9 2 9 5 2 4 3 5 5 10 8 7
359 10 10 4 1 5 10 1 10 3 2 8 2 5 3 1
425 9 9 6 9 1 5 6 10 7 7 1 8 3 3 3
469 2 7 5 7 6 9 4 1 5 5 9 5 8 8 6
439 2 5 10 6 9 5 9 1 7 6 4 7 8 7 1
483 4 4 7 7 8 7 7 2 3 7 7 8 3 9 3
335 4 7 3 1 1 4 3 6 2 9 9 8 8 2 2
398 10 5 5 2 10 2 8 7 4 5 7 10 3 1 5
403 5 1 6 6 7 7 9 3 5 2 4 7 9 5 1
505 9 8 3 7 9 6 1 7 9 5 6 7 10 9 4
473 4 4 3 3 6 3 2 5 4 10 4 6 10 8 9
464 6 5 10 6 9 5 4 5 7 4 3 10 3 8 2
429 3 5 7 7 10 3 8 9 5 4 8 4 8 1 9
20
434 1 4 3 6 1 7 5 5 10 7 3 1 4 4 8
433 7 6 10 6 10 2 3 10 10 6 1 1 10 3 1
454 7 1 4 8 2 10 5 7 3 1 6 5 9 7 7
545 9 9 10 2 5 10 7 1 9 1 10 2 9 7 10
603 9 4 10 7 1 10 10 9 7 7 8 3 8 6 8
480 4 7 4 3 7 3 6 6 2 10 9 2 6 7 10
524 3 9 6 7 1 9 9 3 8 10 3 1 3 3 10
450 3 5 9 10 4 5 8 3 8 8 8 9 1 4 3
528 5 2 9 7 7 7 9 9 10 4 10 5 7 8 2
517 3 10 9 6 8 10 1 9 7 2 5 3 5 10 6
454 9 9 7 10 3 1 4 2 9 7 8 2 3 5 7
335 1 4 6 5 7 5 6 7 1 4 6 3 10 3 1
375 1 8 6 1 2 4 10 3 1 2 6 8 2 7 6
483 9 9 6 3 2 2 8 5 9 10 5 8 5 4 6
472 5 8 1 6 10 6 7 10 1 5 3 8 10 10 2
461 4 10 9 6 4 10 7 7 3 3 3 3 1 8 4
455 5 2 8 6 7 2 7 8 2 9 6 1 1 9 5
523 4 3 10 1 7 7 1 4 5 8 9 6 10 8 8
512 5 8 9 1 10 7 10 3 6 9 1 10 8 3 3
481 9 4 2 9 8 7 8 10 2 9 6 5 8 10 1
20
408 4 6 4 3 2 10 2 1 10 2 2 10 5 3 5
425 4 3 8 6 9 8 2 7 5 1 5 8 7 5 3
388 4 6 6 9 3 3 2 3 2 1 6 3 7 10 10
473 10 10 4 2 1 1 9 9 8 8 2 7 5 6 7
501 7 5 3 10 8 3 10 10 6 9 9 5 10 3 10
386 7 6 2 6 10 2 8 6 8 2 6 1 10 10 1
452 9 10 9 9 3 9 10 8 7 2 6 2 6 4 2
362 6 2 2 2 10 1 8 5 2 4 4 7 6 8 5
381 2 10 5 9 1 6 9 2 5 1 10 9 5 2 7
477 1 1 9 5 3 10 4 4 7 9 8 5 7 7 1
357 1 7 8 1 9 2 3 3 5 5 1 5 9 7 1
640 10 5 4 1 6 9 10 5 9 8 7 5 7 10 10
342 1 9 3 10 2 7 6 1 3 3 6 10 8 4 3
398 9 6 5 3 3 2 8 9 3 1 5 10 6 6 6
394 8 3 1 9 3 8 6 5 3 6 4 6 5 8 2
377 3 7 1 1 3 3 3 6 8 10 2 4 10 6 1
457 6 4 1 1 9 5 10 3 9 9 1 7 3 3 4
419 10 6 2 6 2 8 10 6 7 4 7 5 1 1 6
449 8 2 5 2 3 2 7 9 9 6 9 2 4 8 6
461 6 5 8 8 1 10 10 10 7 5 9 3 4 3 4
20
498 8 10 7 6 5 10 7 5 7 2 4 3 9 3 8
403 8 9 2 5 1 10 6 2 6 1 4 10 8 9 1
430 4 7 8 4 6 1 9 7 10 4 2 3 3 1 9
391 5 4 3 5 1 2 3 10 9 6 2 1 8 8 6
406 2 9 10 1 1 1 9 8 4 8 9 4 5 2 9
474 9 5 9 3 8 8 9 4 10 2 9 10 5 3 2
312 1 7 2 4 8 2 3 3 1 3 9 4 5 3 8
455 1 7 3 6 4 9 4 8 2 7 4 5 8 6 7
449 3 5 10 9 2 6 7 10 1 1 5 2 9 10 6
549 10 5 5 1 7 8 5 1 7 8 7 8 9 10 8
385 7 5 1 4 10 4 7 2 7 1 3 4 3 5 7
452 1 6 5 2 2 4 3 4 6 10 9 10 6 6 9
340 10 7 7 9 4 4 1 4 4 7 7 7 5 1 2
473 2 2 8 6 1 10 5 9 7 6 6 6 10 7 3
567 9 10 9 8 8 2 8 8 10 9 2 4 10 4 8
430 3 7 6 3 9 1 10 6 1 8 2 8 5 2 10
386 5 4 9 8 5 6 1 8 3 1 1 9 2 6 6
337 8 8 3 2 7 1 3 5 7 2 9 1 7 1 7
525 9 6 4 4 10 4 5 10 9 9 6 7 9 9 5
361 5 9 10 7 8 2 2 6 2 7 1 8 6 1 2
20
442 7 3 5 4 9 10 2 8 9 7 2 5 3 5 1
491 1 8 9 8 8 10 4 3 5 6 5 8 7 4 6
374 2 4 2 10 10 3 4 7 10 1 3 5 9 4 7
502 6 3 5 8 9 7 8 9 6 4 9 7 6 4 8
583 10 8 8 9 7 6 7 1 7 8 9 10 8 10 5
410 3 8 3 6 7 1 5 10 8 3 4 8 10 6 8
435 10 2 9 2 1 1 8 1 2 7 7 7 8 8 10
432 9 2 3 10 9 1 7 1 4 7 6 4 6 3 10
394 8 2 7 4 10 3 2 2 9 8 9 3 6 2 2
574 10 10 6 2 4 10 7 8 5 9 1 1 6 8 7
375 2 10 3 4 5 8 7 7 5 1 1 5 2 6 4
552 2 3 8 10 2 6 9 4 10 8 5 9 5 8 10
385 10 2 1 8 5 9 4 10 8 1 1 4 6 1 4
444 2 8 7 7 1 6 4 10 2 9 10 8 10 1 9
416 3 4 10 9 3 5 4 1 9 8 2 8 1 4 1
484 8 3 6 6 4 8 8 9 9 8 9 3 6 2 6
464 10 9 7 4 8 6 3 3 5 5 5 10 5 5 6
426 1 8 8 6 10 3 6 7 7 3 2 2 8 6 5
386 3 1 6 4 5 7 5 2 2 7 9 5 1 6 5
501 3 4 8 7 2 8 7 7 4 9 9 4 3 3 9
20
502 3 8 10 5 6 10 9 1 4 3 10 1 2 10 5
401 2 1 10 3 9 1 7 9 5 2 1 5 2 7 7
337 9 8 2 2 3 4 2 7 3 2 8 4 3 3 6
404 3 10 8 9 1 7 2 10 5 4 2 9 5 5 2
357 1 4 7 4 5 2 4 4 10 6 7 6 10 2 3
409 1 7 3 5 10 2 2 10 6 3 8 6 2 6 9
334 3 1 8 3 10 3 9 5 4 7 9 4 1 1 1
473 8 6 7 9 1 6 7 6 1 10 4 10 7 5 3
436 6 7 8 8 2 6 9 6 4 2 8 9 1 2 9
423 1 4 9 6 10 5 3 10 5 3 9 6 4 5 6
401 2 3 3 8 9 5 5 4 4 8 8 2 10 4 6
442 5 9 6 4 2 2 6 2 8 9 6 10 9 5 5
380 5 8 8 4 3 2 1 9 9 6 3 7 4 3 5
440 5 1 3 1 9 6 10 3 7 4 1 8 2 9 5
539 10 1 10 8 5 9 5 10 4 3 7 8 10 3 10
469 8 10 8 2 6 3 8 10 7 8 10 7 5 2 3
588 10 5 9 8 8 9 10 6 9 9 10 3 2 1 9
485 9 5 10 4 4 5 5 4 7 4 6 3 5 8 10
444 9 7 4 2 9 2 9 10 6 7 3 1 3 3 8
360 7 8 4 3 6 1 10 3 2 5 6 2 10 8 1
20
360 3 6 2 8 2 6 8 5 8 7 5 4 8 2 1
532 7 9 7 8 8 6 5 7 7 7 6 9 5 7 4
463 10 1 10 7 7 5 5 2 9 5 8 5 1 7 5
242 1 6 3 1 1 6 2 1 4 1 10 1 4 4 4
430 8 7 6 1 2 1 1 8 4 10 7 2 7 4 9
482 4 5 10 6 9 7 4 3 8 6 4 6 1 5 4
433 10 9 7 10 9 2 1 5 3 9 4 6 10 2 5
343 3 8 1 6 10 1 3 10 9 1 2 7 7 5 5
418 5 4 8 10 2 10 10 6 1 3 9 6 4 5 1
505 9 9 8 1 6 10 8 1 2 8 9 4 6 1 10
529 6 3 7 7 7 9 9 2 9 4 1 6 4 7 7
405 2 10 2 7 6 8 6 1 3 9 4 9 3 5 2
520 7 8 8 1 1 9 1 1 5 8 10 10 8 10 5
348 8 8 1 8 5 3 2 1 7 7 2 10 5 3 3
420 1 8 1 2 4 10 7 9 5 4 6 7 4 7 4
486 7 8 3 9 4 8 10 10 7 8 6 3 2 7 1
526 9 4 7 2 7 5 10 6 9 10 8 9 10 3 6
438 10 5 8 4 4 2 4 8 7 10 10 1 2 1 8
374 6 4 3 6 2 8 5 8 4 5 3 10 2 3 4
515 4 4 8 1 10 10 10 5 1 1 10 7 9 6 8
20
330 3 3 3 6 3 8 4 9 3 2 1 8 1 3 2
399 5 5 1 1 6 1 7 8 3 9 4 4 4 8 7
316 3 1 3 5 7 3 6 4 1 1 4 6 8 1 8
420 3 5 2 5 9 3 6 7 1 3 8 7 4 7 10
509 10 3 10 1 2 9 7 7 8 1 6 2 1 9 10
510 9 1 8 1 2 8 8 9 1 5 7 5 6 10 8
376 7 2 1 10 5 1 6 4 5 3 8 2 4 6 10
455 9 9 4 2 5 1 4 3 3 6 5 10 3 9 9
423 5 3 2 5 9 3 9 6 7 7 10 1 3 9 3
328 7 7 3 3 3 1 1 6 8 4 6 4 5 8 2
335 2 1 5 4 3 1 4 1 9 8 10 7 3 7 2
481 6 10 3 7 4 6 10 9 10 8 3 5 6 2 7
421 4 1 10 5 1 8 9 2 2 9 4 4 2 3 4
436 1 5 6 2 2 8 9 6 3 8 5 3 5 8 5
440 5 4 8 1 7 6 10 1 6 2 2 4 8 8 5
282 6 2 1 6 7 3 5 2 3 3 2 10 8 2 1
464 4 4 6 5 10 7 10 6 7 2 3 5 5 3 9
406 4 5 8 4 1 3 8 3 8 8 5 3 7 3 3
372 6 6 1 4 3 4 3 8 5 4 4 6 7 9 1
499 8 10 4 7 10 10 3 6 10 1 8 4 10 10 3
20
424 4 10 10 6 3 8 8 2 1 9 2 6 3 4 2
523 10 8 10 4 7 7 2 7 6 3 10 6 9 6 8
356 6 1 2 8 1 2 6 3 6 9 5 2 5 10 1
369 7 4 3 6 4 8 9 3 2 2 10 10 3 1 6
419 9 10 2 9 3 7 1 6 6 1 2 10 9 6 7
540 6 10 4 5 4 6 9 8 9 9 1 1 8 8 8
448 7 7 6 5 3 6 7 4 2 9 4 5 6 7 3
551 8 3 4 4 4 9 8 9 6 10 1 4 4 9 8
511 6 8 8 1 9 10 8 6 2 9 1 7 9 5 1
410 3 4 5 9 8 4 5 10 2 7 4 8 6 3 7
414 2 3 10 6 10 6 2 2 5 3 5 5 3 5 4
389 5 2 9 4 6 5 8 6 4 6 1 2 4 1 6
539 4 4 7 1 8 6 8 9 1 10 10 7 5 9 6
328 4 5 2 5 4 1 10 3 5 1 5 3 10 2 7
379 6 1 5 6 5 3 3 1 9 8 6 7 8 4 4
450 6 9 7 2 9 3 3 2 6 8 9 7 6 9 1
465 2 5 10 6 4 7 4 9 7 2 1 2 4 8 10
475 7 10 7 3 9 6 7 9 2 9 6 8 3 2 8
488 6 5 4 1 6 10 10 8 3 2 2 6 5 7 8
441 6 7 2 5 5 6 8 7 1 9 4 4 1 3 8
20
465 9 6 4 1 10 1 6 3 10 4 6 6 1 8 10
335 1 6 5 1 10 6 3 3 5 3 9 4 5 2 3
525 8 2 8 10 3 7 3 7 10 8 5 10 8 6 8
403 9 8 4 8 6 2 10 7 1 6 7 9 3 2 6
429 9 3 10 1 7 4 8 8 6 2 2 7 2 3 8
448 10 3 4 2 8 5 10 4 10 6 8 8 6 1 4
439 4 1 2 9 5 8 7 7 4 10 5 7 2 8 2
449 4 6 8 5 5 5 6 9 4 3 8 6 4 6 9
393 4 8 1 5 7 2 9 10 1 7 6 3 2 6 7
466 5 6 8 9 6 2 9 5 1 10 1 9 4 7 7
498 8 6 2 2 7 5 10 7 5 5 10 5 8 5 10
507 4 4 8 1 6 10 10 3 9 7 1 9 8 2 6
334 4 10 9 9 1 3 5 7 6 2 1 2 3 5 2
510 10 7 3 5 5 10 10 1 2 2 10 6 3 10 10
461 10 2 5 4 10 3 6 7 1 10 9 2 7 5 5
369 7 1 1 3 10 2 10 5 7 3 8 3 3 2 5
350 5 3 1 2 6 1 1 6 3 8 4 6 8 3 7
459 10 7 4 2 10 10 3 5 3 4 9 5 3 9 3
458 7 1 3 4 10 5 8 5 10 1 7 9 5 6 7
418 6 6 7 2 1 1 8 5 7 7 1 8 2 9 5
20
376 10 9 8 1 1 8 10 5 5 1 5 2 8 4 1
384 6 2 7 5 10 5 4 3 2 1 7 8 8 3 5
545 1 6 8 10 10 9 9 4 10 2 10 9 6 2 10
412 6 4 9 2 5 2 5 4 3 9 8 10 9 6 3
382 7 5 2 6 2 5 8 1 1 7 6 6 7 2 7
477 9 2 2 10 6 5 5 5 3 9 9 9 2 10 4
477 4 7 7 6 1 7 6 4 8 6 3 8 8 1 10
475 9 6 5 2 2 9 10 3 3 2 2 10 8 10 4
486 9 4 9 6 1 1 7 3 10 2 5 8 9 10 9
431 7 4 1 1 6 6 10 7 6 1 9 2 5 10 5
515 7 8 2 2 7 6 2 6 9 4 7 8 10 10 8
399 6 2 4 1 3 6 8 3 10 2 2 3 2 7 7
363 6 1 4 1 5 8 9 10 8 1 5 2 8 1 3
332 5 1 1 2 3 1 6 3 6 1 8 7 5 5 10
423 1 10 3 3 2 3 10 3 4 1 7 9 1 10 9
475 4 1 7 10 9 9 8 3 5 2 10 10 3 5 7
559 10 8 7 4 4 8 8 7 10 2 2 1 8 10 10
551 6 10 2 6 6 9 9 7 4 8 8 5 7 7 9
432 5 8 9 1 4 3 6 3 10 7 8 4 7 5 3
363 6 3 6 6 4 6 3 7 4 2 6 1 4 3 5
20
438 4 1 3 9 2 4 8 1 6 5 10 6 10 8 10
479 5 6 3 8 10 9 6 8 3 8 1 10 2 6 1
457 3 5 8 9 5 9 1 2 3 7 7 6 3 8 4
362 7 6 1 2 10 4 4 5 3 6 10 8 3 5 2
541 1 1 8 9 1 9 6 9 8 4 2 4 6 9 10
417 6 1 8 6 7 7 3 10 6 6 1 6 1 6 1
359 9 9 2 7 2 7 5 10 3 2 3 5 5 6 3
450 7 4 6 3 3 7 7 7 9 4 4 9 4 2 10
508 4 2 6 2 7 8 7 8 7 7 7 2 9 4 10
378 2 2 1 3 9 4 5 3 9 5 2 3 9 7 1
471 1 9 4 2 10 7 5 4 8 6 9 4 4 3 9
343 3 5 6 10 4 2 5 8 9 4 10 1 7 5 1
420 9 9 6 10 1 2 2 9 10 3 6 8 3 1 9
533 8 9 7 9 10 7 3 10 5 4 10 5 2 8 7
433 7 3 4 4 8 3 2 5 5 8 4 8 1 2 10
474 7 1 9 5 6 6 2 7 7 5 1 5 5 3 10
450 8 3 10 1 5 8 9 2 7 4 10 10 3 1 4
559 9 5 10 4 4 8 6 7 7 3 6 6 7 10 7
515 8 3 1 8 8 10 3 10 9 7 4 8 3 5 8
349 1 10 9 5 1 3 5 8 6 5 5 1 3 7 1
20
428 10 1 1 1 8 2 8 10 7 10 1 8 1 4 2
521 7 5 3 5 2 7 9 4 6 9 7 9 5 10 6
494 1 1 8 7 1 2 9 2 9 8 10 1 10 10 10
550 9 4 8 6 10 8 4 10 7 9 3 6 5 9 1
489 10 1 6 5 7 8 2 2 7 10 3 6 6 2 8
308 7 4 4 4 4 10 5 2 1 1 8 3 2 4 2
365 8 4 9 1 3 5 6 4 1 1 4 1 2 7 7
418 6 6 9 8 6 5 3 6 3 1 10 1 3 10 4
368 10 3 1 2 8 9 5 4 2 3 7 10 8 3 2
450 3 2 10 7 10 2 5 5 10 4 3 4 8 5 5
440 2 3 6 6 5 1 5 6 10 2 3 6 8 9 8
481 9 6 3 1 5 9 2 4 2 9 7 8 9 2 9
492 7 2 7 7 8 4 7 7 6 5 3 9 7 10 2
481 4 2 8 10 3 10 4 3 9 3 10 6 6 5 6
270 5 2 1 3 4 2 6 4 5 2 4 4 1 1 5
380 1 8 6 10 1 8 9 8 1 2 9 5 8 2 7
452 9 5 5 1 1 9 8 10 2 7 1 7 6 5 3
388 6 2 3 3 7 3 1 5 5 5 1 4 1 8 7
438 9 8 10 5 7 10 4 7 10 1 6 8 1 2 3
415 4 1 4 1 5 2 3 10 10 6 1 10 8 4 7
20
439 5 10 2 1 1 1 6 9 3 10 4 7 10 6 10
500 6 4 10 1 7 10 7 2 2 4 9 1 10 3 10
472 5 8 6 6 8 8 2 10 5 10 4 7 6 2 6
433 6 3 1 2 10 2 9 7 4 7 7 1 9 2 9
346 2 4 1 2 3 5 3 4 9 7 1 10 7 1 5
494 4 10 2 9 8 10 7 3 7 4 8 3 10 7 7
405 8 2 8 7 2 10 1 6 5 3 1 3 4 5 4
516 5 10 10 1 7 6 5 9 8 8 3 3 9 3 9
508 10 2 2 10 3 7 5 4 9 6 2 5 6 5 10
374 10 2 2 9 6 4 6 2 1 4 7 4 6 2 8
318 4 5 4 3 7 1 8 2 5 1 5 8 8 5 2
625 5 4 8 9 6 9 6 2 8 10 10 7 4 10 9
403 5 4 6 10 1 3 8 7 1 3 5 3 9 5 8
300 9 6 2 3 5 1 4 9 10 1 8 5 5 2 2
567 10 10 8 5 2 10 3 1 9 10 8 2 7 7 5
363 8 3 5 1 7 1 9 9 1 1 2 10 3 4 10
572 3 3 5 3 9 9 5 9 10 8 10 4 8 8 9
434 3 9 6 9 7 3 1 1 10 6 10 2 8 9 4
431 3 6 3 6 8 3 7 1 9 5 10 8 6 7 3
324 3 7 2 2 10 6 8 4 1 2 8 4 2 1 4
20
538 8 7 2 7 9 10 3 5 5 9 9 7 1 6 8
472 6 7 9 5 4 3 7 10 10 2 4 2 6 9 5
421 10 9 6 1 3 6 4 2 9 5 4 4 4 4 3
441 1 7 9 2 4 9 3 2 7 8 8 8 5 4 5
386 3 3 2 1 7 10 4 4 3 3 9 4 10 1 8
459 10 4 6 3 5 9 8 5 3 9 5 2 2 4 4
406 6 3 10 1 3 4 9 3 7 4 1 4 3 4 5
317 3 2 8 1 8 8 1 5 6 1 4 5 8 2 1
385 10 2 5 5 4 7 6 8 2 2 10 9 7 4 1
428 3 2 3 7 2 7 6 10 5 10 5 5 9 2 7
339 3 4 5 6 2 1 3 10 10 1 9 1 3 9 2
346 5 4 7 5 9 1 2 10 1 5 7 4 1 9 1
409 10 1 4 7 5 5 1 9 7 3 1 5 1 10 2
400 9 7 2 9 2 8 4 6 2 2 7 7 3 3 9
460 5 10 8 9 3 6 7 4 1 3 8 9 10 2 10
371 6 6 1 6 8 7 4 6 2 1 6 2 1 2 9
490 8 1 1 9 4 6 6 10 8 10 9 3 2 7 7
409 8 8 7 2 1 7 2 3 10 4 8 5 10 2 5
501 6 8 10 1 4 2 4 10 10 5 9 8 1 10 5
473 8 5 7 9 1 9 7 5 5 9 2 8 2 4 2
20
507 10 9 9 10 9 10 1 7 5 2 9 4 2 1 9
342 2 7 10 1 8 4 7 7 1 2 8 7 1 3 3
507 9 5 2 10 4 9 5 3 2 8 4 3 7 7 8
539 4 3 2 9 10 6 7 7 7 10 9 4 10 6 10
427 2 6 3 3 7 5 10 8 8 2 8 5 3 10 4
479 3 4 9 4 7 4 6 8 8 4 2 5 5 8 9
515 3 3 6 8 9 8 8 4 10 5 1 4 8 8 6
424 8 9 10 2 5 6 9 1 3 7 9 4 5 1 3
502 4 8 10 8 7 6 5 4 5 3 10 8 4 9 6
481 4 5 8 5 2 8 5 5 10 6 5 9 10 4 4
372 3 1 9 5 4 9 4 10 1 5 6 7 4 5 1
502 3 7 9 8 1 8 1 3 6 10 6 1 7 4 9
433 8 7 3 2 5 8 10 10 3 3 5 3 7 4 7
400 7 1 3 3 4 4 4 10 4 5 9 3 9 9 2
477 8 8 2 5 9 6 10 6 2 10 4 2 7 2 9
379 9 2 8 9 2 5 2 2 10 1 7 8 9 5 2
451 4 2 4 10 9 4 5 3 3 8 10 9 10 4 9
380 7 7 8 8 2 5 9 6 3 2 1 6 7 5 3
358 5 4 8 8 5 3 7 1 1 5 4 9 1 4 3
328 8 2 3 6 9 3 2 5 1 4 9 6 8 3 5
20
615 5 7 9 7 6 10 10 9 8 9 5 4 7 6 7
415 9 9 9 3 2 7 6 7 8 3 8 2 9 3 4
457 10 1 2 6 8 4 2 7 5 8 2 5 9 6 9
476 5 6 3 9 10 7 3 7 1 8 10 9 2 9 4
456 5 8 4 1 4 3 3 3 3 7 8 10 2 10 9
325 7 1 8 4 2 1 8 4 8 3 1 2 2 7 2
424 3 4 2 7 8 5 5 3 7 4 3 9 10 7 7
429 1 5 6 8 3 8 8 3 6 8 7 4 3 5 4
338 7 2 3 10 5 2 2 3 5 3 6 1 6 8 2
475 9 1 5 10 9 7 7 10 4 4 4 6 10 1 10
476 6 3 7 5 1 4 10 6 9 2 7 10 2 6 9
347 9 1 2 6 5 1 2 5 6 1 2 6 5 3 10
587 8 4 10 8 7 4 10 2 5 9 9 9 2 9 8
561 1 6 7 7 10 6 9 7 3 9 8 8 5 8 10
463 6 7 1 2 2 3 9 10 9 6 3 4 5 6 8
530 2 7 9 6 8 10 4 10 8 4 8 6 5 8 4
413 2 4 5 8 5 1 6 7 10 4 6 8 7 6 4
536 4 1 4 10 10 5 1 8 10 6 8 10 3 7 10
323 3 1 4 2 8 6 2 10 7 2 3 10 6 4 1
428 6 8 9 1 5 5 8 9 8 4 10 4 9 2 4
20
346 4 7 1 1 3 7 7 3 2 6 7 6 10 1 3
459 6 7 9 4 7 5 10 6 1 5 5 10 4 9 3
272 9 1 3 9 4 3 3 6 2 4 8 1 5 3 1
432 7 8 4 3 4 3 2 4 7 5 4 1 5 10 8
450 4 6 2 5 8 6 4 2 9 6 9 2 4 4 8
459 9 9 5 6 7 7 4 1 4 7 5 4 10 7 1
465 6 4 5 3 7 6 10 7 5 7 5 5 10 8 2
413 3 8 6 6 3 10 3 6 6 5 3 3 1 1 6
397 7 9 1 2 6 7 2 9 8 3 10 8 9 6 1
445 9 5 5 10 7 2 4 10 4 7 9 2 2 3 9
532 7 5 2 7 7 9 4 9 9 9 3 9 8 4 6
401 3 10 5 6 10 4 6 4 5 8 4 10 3 4 1
383 6 6 5 1 1 10 4 7 1 5 8 2 2 6 2
390 9 10 4 1 9 1 9 9 6 2 6 6 9 5 1
433 8 7 3 6 10 1 4 5 10 4 7 8 1 4 10
403 5 4 9 3 6 6 7 4 1 8 10 10 10 2 3
447 3 2 4 7 7 6 10 9 7 6 8 4 4 5 4
479 10 2 7 3 2 8 6 5 7 9 6 7 8 1 9
427 10 6 6 9 9 9 4 8 8 5 1 4 7 1 1
442 7 7 7 5 2 5 2 1 10 7 3 9 9 7 2
20
395 1 6 5 9 4 7 2 9 2 9 4 9 10 4 3
440 3 1 9 10 1 6 7 7 5 4 1 5 9 4 10
461 7 2 1 7 6 8 8 7 9 4 8 2 3 3 8
408 7 7 6 6 1 6 3 1 1 8 1 2 7 5 7
392 4 2 5 10 1 3 6 10 2 2 7 9 10 8 6
372 7 2 2 8 2 10 4 8 1 6 5 4 2 1 5
487 5 7 8 3 8 7 1 9 7 9 6 2 4 6 2
585 8 1 9 8 9 10 7 1 8 9 3 10 4 8 4
493 4 3 9 3 10 6 3 1 8 4 8 10 3 10 5
553 6 5 10 1 6 10 6 10 8 8 10 5 7 9 3
590 10 6 9 8 10 10 9 4 6 8 8 3 9 9 4
366 3 1 5 7 3 8 2 7 4 6 7 8 2 4 3
343 3 5 3 10 10 3 2 2 3 8 1 2 7 2 2
513 9 9 8 2 7 3 3 7 10 4 7 5 10 10 5
527 9 5 9 4 6 2 6 4 9 8 4 1 1 9 8
445 4 5 4 2 4 9 8 7 7 7 9 2 10 6 3
338 3 2 3 7 5 9 3 8 9 2 4 7 3 2 1
348 7 2 1 3 3 5 8 5 2 3 9 2 9 2 10
520 1 6 6 10 5 4 10 4 9 6 9 3 10 9 6
404 2 2 6 4 6 8 6 6 3 5 3 6 6 5 2
20
380 1 8 9 5 10 2 5 10 4 6 1 5 1 2 5
527 10 2 9 7 4 9 3 4 10 2 6 1 3 10 9
483 3 5 8 9 5 10 2 4 5 8 5 7 7 4 4
447 7 4 9 1 10 8 7 8 5 2 9 6 8 3 3
388 9 2 4 9 8 6 3 6 3 3 5 5 6 3 6
533 9 6 3 7 3 9 10 5 10 8 9 7 3 6 5
418 6 9 10 4 5 2 6 10 5 3 3 5 5 5 5
338 10 8 3 3 1 3 8 5 6 5 5 4 10 3 2
533 6 4 9 10 7 9 9 7 4 9 2 5 6 6 5
417 8 2 7 6 8 5 4 1 7 1 5 9 1 9 5
500 5 8 1 2 10 9 10 4 6 10 6 2 10 2 7
401 1 3 3 8 10 1 6 10 5 5 6 3 6 5 7
459 7 10 2 4 5 2 4 6 8 9 6 1 10 10 3
368 10 6 3 1 1 4 9 7 5 5 3 8 9 2 6
408 8 1 2 2 4 3 8 7 6 1 4 1 6 10 9
374 10 5 5 5 3 5 4 3 2 1 1 3 9 9 6
476 10 5 7 9 8 6 7 1 3 4 4 4 4 9 7
425 7 8 5 7 5 3 6 2 1 5 6 6 10 10 3
434 9 5 7 4 8 2 8 3 4 9 2 8 3 7 2
516 6 8 8 3 4 7 8 8 10 3 2 2 7 10 4
20
429 10 2 2 10 2 4 6 3 1 8 9 3 7 9 4
464 5 8 9 1 3 10 2 4 6 6 5 9 9 8 3
410 3 10 6 3 2 4 6 4 6 4 9 2 8 7 7
523 10 5 4 10 10 1 3 7 8 7 10 6 1 10 8
477 3 8 3 10 8 9 2 9 5 8 4 8 8 6 3
383 9 9 4 6 2 2 4 9 2 7 9 5 8 5 5
384 10 1 2 5 10 6 10 1 1 2 5 10 4 7 4
407 1 5 7 5 4 2 5 10 1 1 3 10 7 10 10
456 5 3 6 10 7 6 10 6 5 6 7 2 2 2 7
485 3 5 2 10 3 9 5 8 7 7 7 8 5 4 9
426 4 6 10 3 7 2 4 4 9 2 5 5 7 7 6
533 10 2 6 6 3 9 8 3 8 1 6 4 5 8 10
527 2 8 4 4 4 9 7 7 3 9 7 4 10 6 10
418 9 1 7 8 4 2 5 9 8 3 10 2 8 8 2
353 10 2 5 1 1 5 1 4 1 4 1 2 8 10 3
508 10 10 6 1 1 6 1 3 9 9 4 10 4 7 7
492 3 9 7 8 3 7 4 8 6 4 4 4 2 10 6
470 5 9 9 4 8 6 9 10 4 7 6 1 7 1 5
285 2 3 4 9 1 3 10 3 7 1 6 8 1 3 2
478 2 9 6 7 3 9 8 4 6 10 3 7 5 9 1
20
463 2 5 6 1 7 8 4 9 10 6 3 3 1 10 2
448 5 1 7 1 1 10 7 1 2 5 1 7 9 7 5
397 3 10 7 9 4 1 8 8 5 3 7 8 7 6 5
332 9 5 4 1 8 1 1 3 4 8 8 4 7 2 3
462 9 1 9 5 1 10 8 5 2 6 9 9 1 8 1
396 4 5 4 9 2 5 4 2 10 1 4 5 10 8 7
506 3 9 8 3 5 7 2 5 9 7 5 8 9 9 6
503 5 7 1 7 4 9 10 8 5 9 10 3 9 7 4
428 1 4 9 5 9 2 2 10 4 9 8 7 3 1 8
540 9 10 4 2 1 7 8 4 9 7 8 6 5 8 10
359 9 8 5 2 1 4 4 7 3 3 4 3 7 7 6
428 4 4 5 1 4 3 4 2 9 8 3 10 4 7 5
521 8 5 6 6 1 8 5 5 10 9 7 2 10 10 3
367 1 7 10 7 7 3 8 1 10 2 6 6 3 3 4
440 1 7 1 1 8 2 1 6 5 10 8 3 10 7 8
522 10 5 10 7 8 8 9 5 5 8 8 8 3 5 1
361 1 9 1 1 7 4 5 6 1 1 6 2 9 6 8
390 8 7 4 7 2 2 8 4 2 8 3 4 10 6 3
517 9 9 8 8 7 6 7 6 4 6 1 7 10 9 3
418 5 2 9 2 10 3 2 10 5 4 8 6 9 9 1
20
409 8 9 8 7 4 10 8 9 2 2 8 7 4 4 1
414 9 9 5 3 2 3 8 2 2 1 1 6 8 7 9
383 1 8 7 4 3 7 4 5 1 2 10 7 1 7 7
407 4 9 10 3 9 2 3 8 3 3 9 2 6 6 7
441 8 2 8 5 7 7 1 4 2 6 10 3 9 7 4
377 2 10 10 5 6 1 1 10 8 7 4 1 10 2 3
392 2 1 7 10 8 2 4 9 4 4 9 1 10 8 5
340 6 2 6 1 8 4 7 8 2 3 2 8 5 3 3
504 3 9 10 10 10 8 1 8 9 1 9 8 5 3 8
472 7 1 7 3 1 4 6 2 7 4 5 3 5 10 10
406 5 5 3 3 4 4 10 9 1 6 2 8 5 3 8
465 10 4 1 1 10 2 2 2 6 9 4 5 7 9 9
445 2 2 9 4 2 2 1 5 9 7 6 2 1 9 9
405 3 7 1 3 4 9 10 8 8 1 9 1 7 1 9
494 8 8 6 5 4 6 8 4 6 10 1 9 2 5 7
399 10 7 2 4 1 10 8 4 4 1 7 9 4 1 8
402 5 10 6 4 10 2 5 4 6 3 10 9 1 7 3
442 5 4 6 3 2 9 10 3 6 1 3 8 8 8 4
483 7 6 2 7 6 9 7 10 10 6 3 7 9 4 3
425 10 4 10 7 4 2 1 3 9 4 2 4 6 5 7
20
532 6 6 9 10 4 6 7 5 7 10 8 6 5 3 8
528 9 2 8 2 10 4 1 9 10 5 4 10 9 7 7
602 5 10 4 10 6 10 5 4 7 9 10 3 10 10 8
549 9 3 6 2 8 7 3 9 8 5 1 10 6 8 10
403 3 5 5 7 1 6 10 6 10 1 4 1 9 4 6
336 2 7 7 3 7 1 3 4 5 3 1 2 1 6 5
458 7 7 8 8 9 4 8 9 4 3 5 7 3 6 4
395 4 9 3 4 7 5 4 10 2 6 10 10 1 7 4
474 5 2 9 9 6 5 10 9 5 9 7 7 2 1 5
472 8 1 5 2 7 3 5 3 1 9 10 5 1 9 8
378 6 9 3 6 1 6 5 2 10 1 4 1 9 3 8
457 6 9 2 7 2 3 7 3 8 4 8 3 7 10 8
354 8 5 2 4 10 1 2 5 4 6 6 4 6 6 3
603 1 1 10 2 8 9 1 10 7 10 6 2 10 10 8
476 9 8 5 4 10 9 1 2 4 10 6 2 3 3 5
476 1 4 8 1 7 10 1 9 6 10 8 5 2 2 5
399 4 5 7 4 9 4 2 9 6 7 10 1 3 3 2
418 1 1 1 3 6 9 2 7 3 1 8 6 8 8 9
368 5 7 6 8 5 6 6 2 3 6 1 3 6 2 3
510 4 3 10 5 4 10 9 9 9 2 7 7 8 7 3
20
491 3 3 1 6 10 8 5 10 10 3 1 3 10 10 7
389 5 10 5 6 6 3 1 9 3 9 7 6 5 3 6
377 4 1 3 10 7 6 6 2 2 9 6 8 3 3 4
511 5 9 4 5 1 9 9 5 8 7 1 6 9 5 6
475 2 4 3 5 10 2 6 5 10 9 7 8 6 7 8
447 8 3 1 3 3 2 9 8 7 6 6 7 9 7 6
512 4 2 9 7 6 1 8 9 2 9 3 6 10 9 10
385 5 6 3 7 1 2 3 3 10 1 9 1 9 6 10
498 10 5 2 3 8 5 8 6 2 8 6 7 4 9 7
467 1 9 6 2 5 2 8 4 10 9 1 5 7 10 4
442 6 5 3 5 3 1 7 3 10 5 10 5 5 7 9
435 2 1 4 1 10 9 3 6 3 6 6 5 3 9 4
309 1 2 1 2 3 5 4 4 7 10 6 2 6 1 3
413 5 10 3 7 2 1 8 9 6 2 3 1 3 7 9
568 6 8 6 3 7 8 4 1 8 9 10 7 7 9 7
376 4 8 1 6 1 4 9 5 7 5 4 7 4 4 3
480 3 8 10 4 2 3 10 8 8 8 1 7 8 9 2
477 10 8 6 1 1 7 10 7 1 1 6 8 4 8 9
524 9 4 5 1 9 10 3 3 6 7 9 10 4 6 8
485 9 3 1 9 8 9 1 3 2 8 6 6 10 8 4
20
433 1 9 2 10 9 6 6 7 5 3 7 6 2 10 4
374 3 8 10 1 1 4 1 3 1 7 9 3 4 6 5
335 6 6 4 5 10 3 5 2 2 3 3 2 1 3 5
320 2 1 8 4 2 1 7 2 5 4 9 7 5 1 6
487 8 5 6 4 2 8 4 10 9 6 6 7 5 3 10
370 1 10 8 9 1 3 6 9 3 1 6 8 7 5 5
442 5 4 2 6 1 10 5 9 8 3 3 3 6 7 4
479 9 5 2 1 10 9 6 4 8 8 6 1 9 3 6
507 2 1 7 9 6 9 2 10 9 7 9 7 5 8 4
393 4 2 1 5 2 8 5 2 5 7 10 6 6 6 4
301 10 4 3 6 8 2 7 6 1 2 5 7 4 5 1
361 6 6 2 1 2 3 7 4 3 7 4 6 7 6 5
599 9 4 4 3 9 9 5 5 5 9 3 6 9 9 9
536 1 5 10 8 5 10 1 7 3 10 3 8 10 5 8
547 7 1 6 8 9 3 10 9 2 8 10 10 2 8 10
446 6 5 7 9 2 10 7 9 1 7 2 5 10 2 3
458 8 7 9 8 9 3 8 2 10 9 2 4 9 2 3
440 7 10 4 1 10 4 5 2 6 3 6 2 2 5 10
439 8 2 6 6 1 6 5 4 2 10 5 4 10 10 2
509 9 5 9 5 7 9 1 3 7 10 2 2 5 1 9
20
496 10 5 6 10 10 10 3 6 5 10 5 1 5 1 2
389 4 3 4 8 4 6 8 2 2 9 7 2 5 4 5
544 6 6 3 9 3 7 10 3 10 10 9 6 5 10 5
484 5 5 9 7 7 5 6 5 10 5 8 2 9 3 8
439 8 1 6 5 10 2 3 3 4 6 1 5 1 10 5
552 7 9 6 4 9 9 1 3 5 10 5 6 5 10 4
412 4 1 2 8 8 9 9 5 3 1 3 10 6 4 6
432 3 5 2 1 3 9 6 7 1 2 9 2 10 9 9
525 2 3 6 4 10 9 3 3 7 9 9 8 1 4 8
428 9 10 3 5 5 9 2 4 8 3 10 3 2 4 5
521 7 10 5 10 5 9 5 9 3 8 8 3 2 8 6
330 7 2 6 3 10 1 4 4 5 4 3 1 3 3 3
579 5 1 9 6 2 10 10 8 5 8 6 7 7 9 7
484 8 1 6 8 10 9 7 8 9 1 3 6 9 1 7
432 4 2 9 4 4 1 9 7 7 9 4 7 5 2 6
515 6 10 2 6 10 9 8 5 3 8 8 10 5 5 8
524 5 7 5 9 4 9 7 8 8 5 8 4 7 6 7
483 8 3 9 10 6 7 5 6 10 8 2 2 9 3 3
494 9 5 7 1 10 4 8 5 10 9 9 1 3 5 3
486 5 3 4 9 7 10 4 3 2 9 7 10 6 5 4
20
514 10 3 10 6 8 8 4 7 9 4 5 5 10 3 5
358 9 4 1 7 4 4 5 5 4 7 9 7 1 3 2
416 6 10 2 8 4 4 3 5 8 8 2 8 3 3 5
477 7 4 8 10 3 10 3 2 7 1 4 3 10 10 4
393 1 8 7 3 3 8 5 6 3 1 2 9 9 2 7
500 9 6 5 4 3 9 7 8 7 10 10 2 6 5 4
454 1 6 9 9 10 6 3 4 7 6 6 9 3 4 6
484 10 5 9 8 2 6 3 5 5 6 4 1 2 7 10
421 7 6 3 9 8 4 5 2 5 7 2 8 4 8 1
507 7 5 9 8 3 10 6 9 7 8 4 3 2 7 1
449 7 3 1 4 8 3 6 10 6 6 5 2 2 5 10
504 7 9 9 1 10 7 5 10 6 5 8 6 8 5 4
386 2 2 8 7 4 6 1 10 5 8 9 9 10 4 1
509 6 9 3 6 4 8 4 8 4 10 4 3 10 6 8
354 1 2 6 2 3 2 7 3 6 10 1 7 10 3 1
603 4 9 7 8 7 10 6 10 6 7 4 5 7 7 10
449 9 6 3 9 3 2 7 10 8 3 8 6 9 8 5
475 7 5 9 8 9 3 3 10 3 3 5 1 4 9 8
516 6 1 10 4 10 2 4 9 8 9 3 9 8 4 7
488 3 4 7 2 7 6 4 6 6 5 1 3 8 8 8
20
501 10 8 9 7 3 10 5 7 4 5 3 5 3 2 8
416 10 7 1 2 6 10 1 2 4 5 9 1 1 5 8
451 8 5 7 10 6 3 3 4 6 4 7 8 1 4 10
441 3 9 2 8 10 6 10 9 4 3 5 8 9 5 4
353 4 9 1 9 2 5 6 5 6 3 2 1 7 1 10
473 9 4 7 4 8 6 10 5 2 1 7 7 3 10 5
453 8 4 9 8 8 8 9 2 6 3 4 2 4 4 6
344 4 7 8 8 5 1 10 8 4 7 1 6 3 1 2
325 10 3 10 4 6 4 3 5 1 1 5 3 4 1 6
305 1 3 4 9 4 4 2 1 2 10 3 2 3 2 1
485 8 6 9 10 9 10 1 10 7 2 6 9 7 2 4
427 1 5 2 7 10 2 3 10 10 3 7 10 7 7 5
440 4 2 8 4 4 6 2 10 9 5 9 4 5 3 10
561 8 8 10 4 2 10 9 10 10 5 4 9 1 7 4
591 9 3 9 5 4 8 5 10 10 6 4 10 4 8 10
545 10 3 8 4 8 5 9 2 6 10 1 4 6 4 10
380 7 5 4 8 1 7 6 1 4 2 8 2 8 4 6
430 4 9 5 9 6 5 8 2 1 3 7 7 9 9 6
346 5 4 1 4 7 4 2 4 9 2 9 7 3 8 2
383 4 7 7 5 1 8 5 2 3 6 2 4 3 2 8
20
310 6 7 2 1 7 8 7 6 3 1 4 3 9 2 1
512 10 4 8 9 4 10 1 5 5 1 1 8 2 7 10
481 9 7 5 10 1 7 1 2 6 5 8 7 3 8 9
471 8 8 1 3 9 4 4 3 9 7 8 10 3 3 9
366 6 9 4 4 4 7 7 4 8 1 9 7 9 1 3
452 4 7 6 7 3 7 5 2 2 10 6 6 7 7 5
419 6 3 10 2 9 8 2 4 1 8 4 8 3 4 1
364 8 1 10 5 4 1 5 8 8 4 2 7 10 1 1
520 9 9 9 10 3 8 10 5 10 4 1 1 9 6 6
447 5 4 2 1 6 8 7 2 10 5 1 3 5 5 5
446 9 10 8 6 4 3 6 8 7 3 6 9 4 8 4
344 6 5 8 6 2 3 3 2 3 3 6 6 9 4 7
462 10 6 2 1 8 6 6 4 6 8 6 10 2 2 9
493 5 10 10 1 6 6 6 10 7 3 8 3 7 3 10
485 5 4 10 2 6 10 4 1 6 5 2 7 5 2 9
500 4 5 1 8 5 6 7 4 7 7 8 7 3 6 10
564 7 5 1 10 4 9 8 9 9 7 2 2 10 9 10
527 6 7 2 4 5 9 4 10 8 9 3 9 4 9 7
462 3 8 9 4 4 5 2 1 7 10 9 5 9 7 2
453 3 9 3 6 7 4 8 2 8 8 1 3 9 9 5
20
426 8 8 7 3 2 4 5 9 2 7 8 3 2 7 6
400 8 6 1 4 3 9 8 2 5 6 10 7 4 4 2
553 9 7 8 8 6 10 4 5 9 4 1 9 6 8 7
437 6 1 5 2 8 3 9 8 10 1 4 4 3 6 6
508 3 9 5 2 1 10 4 3 9 2 4 6 5 10 9
492 7 6 10 5 7 10 5 5 7 5 9 6 8 5 4
479 8 5 2 3 6 7 9 2 10 2 9 8 3 5 9
436 10 9 10 1 6 6 4 10 7 3 9 1 10 1 3
376 9 4 7 2 2 8 5 6 3 3 1 5 8 2 4
331 4 7 3 1 7 3 7 1 3 3 3 1 7 1 7
293 1 2 2 8 3 1 5 9 6 2 1 1 8 4 7
505 5 10 3 7 6 10 9 4 8 1 2 8 2 10 7
404 5 6 5 1 4 10 9 7 1 2 6 4 1 4 4
426 9 10 1 6 10 2 4 8 4 4 4 10 6 9 4
336 5 1 1 6 1 3 2 7 4 4 5 4 4 4 10
489 5 7 7 9 1 6 9 2 7 10 4 6 3 3 7
293 6 6 4 10 1 2 5 8 6 2 6 2 7 1 4
502 8 1 3 1 10 2 8 5 8 8 9 7 9 6 8
485 1 6 10 6 2 8 7 10 10 3 4 4 8 7 5
373 5 3 7 2 8 3 5 10 7 2 8 4 3 9 1
20
501 4 9 6 3 5 2 7 8 4 10 1 6 9 10 9
444 1 3 10 8 8 3 8 8 3 9 1 1 4 4 7
290 7 3 3 5 3 3 3 3 4 1 7 3 3 2 6
405 1 5 7 4 7 1 3 1 10 8 4 1 7 5 8
439 5 2 6 8 8 2 9 6 5 2 4 3 4 7 8
468 3 1 8 5 7 5 10 5 9 10 10 6 6 4 2
437 2 7 7 5 2 10 3 5 6 3 7 4 7 6 5
430 5 6 4 10 3 7 6 4 3 9 8 10 5 1 7
425 2 3 7 9 6 5 8 2 2 1 5 6 9 8 10
409 7 9 6 3 9 8 5 8 4 3 1 1 4 3 6
530 7 7 4 5 7 10 4 7 8 6 9 9 6 7 8
464 10 2 3 10 3 9 10 1 3 9 8 10 10 5 1
439 6 10 3 7 1 10 10 2 6 1 7 4 9 6 4
406 4 6 5 3 6 6 1 2 1 7 4 6 6 4 9
541 6 5 6 6 8 10 2 5 1 9 1 6 6 8 8
399 2 4 3 6 10 6 7 4 1 10 10 1 5 6 2
255 8 1 1 2 1 1 2 2 3 1 3 9 3 10 1
465 4 2 10 10 10 6 4 9 6 8 8 7 4 3 1
577 8 9 10 7 5 4 7 10 5 6 2 7 4 10 10
417 4 3 8 4 7 6 9 8 6 1 1 8 2 1 10
20
430 7 9 4 1 4 4 8 10 2 5 4 2 6 8 6
330 3 9 2 8 7 4 6 7 1 1 1 5 4 1 10
389 7 2 2 2 10 1 10 4 6 2 3 5 8 8 3
464 9 5 10 6 1 7 3 5 10 7 8 5 4 3 5
422 2 4 10 9 10 3 6 3 7 2 3 8 1 9 2
348 4 9 3 1 1 7 6 1 3 5 10 6 2 2 4
408 8 2 1 4 5 9 2 6 10 2 3 5 9 8 1
410 2 5 4 3 5 10 4 5 2 5 6 2 9 6 5
478 1 10 4 5 8 1 6 2 4 8 8 10 4 10 8
308 2 4 1 3 1 7 2 2 3 2 2 7 8 3 8
538 10 9 7 10 2 8 1 10 3 10 10 6 4 9 5
373 1 8 8 7 9 2 1 4 2 9 6 8 8 7 1
381 6 4 10 8 9 1 1 2 8 9 7 7 3 1 2
376 5 9 4 1 6 5 5 3 7 8 6 1 3 6 1
425 1 1 6 9 5 10 1 8 6 5 8 4 3 10 1
506 8 8 2 10 9 1 8 9 6 7 6 7 3 10 5
428 7 2 1 6 7 6 4 10 3 10 5 2 2 2 6
573 1 4 1 6 7 10 8 5 6 8 8 4 8 10 10
473 6 3 9 10 1 5 3 6 10 10 9 6 4 2 8
392 3 6 1 1 6 4 9 2 4 10 9 6 2 7 3
20
403 7 6 7 3 8 4 6 4 3 10 7 7 5 3 1
527 6 8 8 7 3 6 2 10 10 4 7 9 9 7 8
468 5 7 10 7 2 10 2 1 9 2 9 7 7 6 8
399 2 6 3 3 10 5 1 7 3 3 7 6 6 6 6
487 1 4 4 2 8 4 4 10 3 10 1 9 9 8 8
458 9 8 5 1 7 3 6 6 5 7 10 4 10 6 7
514 10 8 9 1 7 9 5 9 6 3 4 2 6 8 4
451 8 6 4 5 1 5 3 10 7 2 3 6 8 8 9
434 7 10 9 9 2 4 1 8 9 7 6 7 10 6 2
453 9 4 7 7 3 7 3 5 6 3 8 7 7 7 6
553 7 4 6 2 9 7 6 1 8 8 3 8 2 9 7
296 6 2 1 7 6 1 2 3 6 2 6 8 10 7 1
466 1 9 9 9 7 6 6 3 7 9 6 9 8 7 1
410 7 7 1 9 6 6 5 10 4 4 8 10 10 3 7
525 10 7 3 4 1 9 6 8 9 7 5 10 4 6 10
516 9 6 8 8 8 8 5 2 6 10 3 1 9 8 2
487 3 4 3 2 5 3 10 10 1 10 8 8 5 9 9
297 1 7 1 5 8 3 4 1 6 7 2 8 2 1 3
435 4 10 1 5 7 2 7 9 2 9 7 9 7 5 6
534 10 10 10 4 4 3 6 9 10 8 2 1 4 7 7
20
357 9 2 3 1 7 6 3 7 5 4 2 7 4 1 7
451 10 8 2 8 2 5 4 3 10 2 9 5 3 8 8
454 8 3 6 5 8 9 9 4 7 5 6 3 3 2 4
509 1 5 3 7 8 9 3 2 10 9 4 10 2 8 7
597 10 8 9 10 9 10 3 3 7 4 7 4 7 10 10
551 10 8 6 5 8 7 9 9 6 9 3 6 8 7 5
510 9 4 7 7 10 3 5 4 1 9 9 6 4 10 7
344 10 1 1 4 7 2 1 4 2 7 2 1 4 3 8
353 2 5 2 8 7 3 4 6 4 4 4 10 4 6 5
461 3 10 8 2 7 9 1 5 9 7 7 10 3 4 1
348 6 9 1 6 3 1 9 5 2 10 6 5 3 6 1
480 9 5 8 1 4 6 7 10 5 6 7 7 1 10 4
472 10 4 4 9 4 5 10 9 10 5 5 3 8 10 1
419 1 2 9 4 5 6 1 4 6 2 6 7 1 6 9
404 10 6 6 9 8 6 4 4 4 1 9 5 3 6 2
482 2 8 9 5 1 4 9 9 7 1 2 7 8 9 8
427 4 6 5 2 5 10 2 1 6 6 4 3 6 2 10
449 9 10 6 5 8 3 2 1 9 5 5 5 8 7 6
429 9 10 10 8 5 5 7 4 4 6 2 2 3 7 2
392 7 2 8 5 10 3 5 4 9 3 9 4 3 1 4
20
410 2 3 2 5 8 9 5 5 4 7 1 7 6 6 1
521 3 5 8 5 7 5 9 6 9 4 3 2 1 10 8
501 9 10 2 10 9 7 8 9 4 5 3 2 8 6 5
507 1 5 7 5 1 7 4 9 7 8 2 8 7 10 8
464 3 7 9 8 9 2 2 4 3 10 6 9 4 7 8
394 2 9 3 7 9 3 1 7 6 5 10 6 9 4 6
469 3 7 4 5 9 10 1 6 1 7 5 5 5 5 9
504 10 1 3 8 4 9 1 1 6 6 4 7 7 10 10
423 8 8 5 6 6 9 2 3 1 3 1 4 4 4 10
399 6 9 7 8 7 2 7 9 7 9 7 1 10 2 1
406 10 3 9 4 3 2 3 3 2 1 8 10 7 10 9
539 2 4 7 2 8 10 7 10 2 6 10 9 7 10 7
410 2 6 2 4 6 2 6 9 7 6 1 1 6 6 9
338 6 5 9 8 5 2 2 5 7 5 1 2 6 2 1
384 4 1 4 6 5 5 3 2 9 7 4 4 8 4 5
313 1 10 10 4 3 3 3 2 8 2 1 7 10 1 3
372 1 8 4 4 8 4 7 4 2 1 4 6 3 8 6
426 2 8 4 5 8 4 9 1 3 8 3 5 3 10 2
435 2 9 6 2 2 8 6 8 5 4 1 6 3 10 3
432 10 1 3 9 6 10 8 1 2 2 5 7 1 7 5
20
453 10 7 4 8 3 6 2 9 5 5 2 9 8 9 5
516 9 7 3 6 7 8 6 10 2 10 6 7 2 3 9
355 6 3 4 8 3 10 4 2 9 1 5 10 1 2 2
471 8 9 1 6 2 10 6 10 9 4 1 5 3 7 6
559 10 10 3 9 4 9 4 9 2 9 8 7 2 8 8
431 2 4 4 4 2 9 1 1 9 9 8 2 6 2 8
490 10 3 3 5 9 4 10 3 5 10 9 1 5 7 4
378 4 3 7 4 3 8 1 3 9 4 9 9 4 1 5
459 4 9 1 5 10 9 6 6 7 3 9 10 3 5 3
411 10 6 1 10 7 2 4 5 8 9 6 2 6 1 7
389 4 3 9 1 5 8 1 4 7 5 6 4 9 1 3
294 4 5 3 1 2 3 5 7 6 1 1 4 5 5 5
458 3 4 5 10 4 9 4 6 5 7 5 3 5 5 5
385 8 8 4 3 4 5 8 2 8 3 4 2 6 6 2
340 3 2 8 8 2 2 3 2 7 3 8 8 7 6 4
493 1 6 7 10 8 4 3 10 9 4 8 8 1 10 7
473 1 6 3 9 10 10 6 1 4 1 10 10 6 6 9
421 4 8 7 3 8 7 4 1 2 2 6 8 6 5 10
454 1 8 4 4 10 8 7 1 10 3 2 9 2 5 6
396 1 1 1 3 5 7 9 2 7 6 5 10 5 7 4
20
317 6 4 7 9 7 1 7 1 4 6 1 9 7 1 2
437 8 3 4 6 9 3 10 2 3 3 7 2 7 7 8
398 3 6 5 1 2 9 2 2 10 2 5 8 5 5 4
312 7 4 3 7 6 1 3 4 3 2 10 4 9 4 4
382 1 9 4 8 1 6 3 8 10 1 1 10 10 1 6
459 10 3 4 3 4 6 8 2 9 7 7 8 9 3 6
601 8 4 4 2 9 10 7 3 3 10 9 3 4 9 10
385 10 8 1 10 1 10 5 3 5 4 6 5 7 3 3
466 5 1 9 8 6 6 3 6 9 6 3 5 6 6 4
506 2 6 1 9 10 8 5 5 6 4 9 10 3 9 10
422 1 10 1 5 5 6 8 3 1 10 9 4 7 1 9
420 6 9 8 6 1 9 9 9 1 5 3 1 3 4 2
409 6 7 9 7 3 7 6 4 4 3 2 2 9 4 6
630 6 10 10 1 9 6 8 10 10 9 6 3 10 8 8
446 1 5 5 10 10 1 3 8 2 10 2 4 4 9 7
469 10 10 6 8 9 7 1 2 9 8 9 3 1 3 4
418 8 3 10 7 2 2 4 9 7 8 6 5 7 1 5
347 3 4 6 3 3 1 10 1 9 6 5 3 5 5 2
473 8 3 7 6 9 3 3 1 10 6 4 8 10 5 8
344 1 10 1 5 9 3 7 9 4 6 6 3 10 4 1
20
461 9 10 10 1 9 7 5 1 8 9 7 8 1 3 2
371 10 3 7 10 4 4 7 9 3 3 1 3 8 4 1
419 8 3 10 7 2 2 9 2 9 2 2 3 5 4 10
372 2 5 1 10 2 5 1 1 5 3 5 3 3 8 10
497 9 4 10 8 6 10 1 6 2 7 5 2 7 4 8
428 8 7 6 10 8 5 8 4 9 5 1 3 8 3 1
465 8 8 4 2 10 2 10 5 7 6 6 9 9 5 6
368 2 7 4 6 10 5 5 2 7 2 8 8 9 4 3
403 10 1 10 10 1 1 1 7 4 5 1 5 5 10 4
354 7 4 9 9 2 1 5 9 10 3 2 1 9 4 3
487 9 7 7 2 1 6 9 10 9 1 8 9 9 5 6
507 5 9 10 8 6 9 6 7 9 3 7 4 7 5 7
352 8 3 10 1 8 1 3 8 1 2 2 2 3 5 8
457 5 7 6 1 4 8 1 2 10 1 5 1 7 9 7
406 1 10 8 6 5 1 3 3 2 10 3 6 10 7 5
405 8 7 3 2 5 7 6 10 1 6 2 9 8 2 7
495 4 5 6 1 10 10 3 6 4 5 5 4 1 5 10
472 8 1 8 2 5 2 9 9 4 10 2 3 6 7 5
440 7 1 3 10 7 8 5 4 8 5 7 1 3 9 3
546 5 4 8 9 8 8 3 1 3 9 3 4 6 10 7
