100 25
500 500 500 500 500 500 500 500 500 500 500 500 500 500 500 500 500 500 500 500 500 500 500 500 500
10
690 3 9 1 10 9 4 8 7 10 7 7 5 1 2 5 2 6 2 9 4 10 5 8 1 1
643 8 9 3 5 4 3 6 7 9 5 5 6 5 5 3 2 2 7 1 4 1 2 6 5 9
679 4 10 4 3 1 4 10 9 10 7 7 2 9 8 9 4 9 1 1 3 2 1 7 4 7
612 4 8 5 9 2 2 4 10 6 7 4 5 10 5 7 7 1 4 4 6 2 1 7 2 1
563 9 3 1 4 1 7 7 3 7 9 2 6 9 10 4 2 1 1 2 8 9 4 2 1 3
873 5 9 9 7 10 3 2 1 9 6 5 9 7 6 9 7 7 7 3 1 9 8 9 1 8
692 1 10 6 5 2 4 7 1 2 2 3 7 1 9 7 5 10 8 8 5 8 3 2 7 9
769 3 5 6 5 5 2 10 6 1 2 5 10 10 1 4 9 3 2 6 9 1 10 9 5 8
795 8 6 1 2 10 1 6 6 7 5 5 5 8 10 5 10 6 4 9 8 1 2 1 9 7
742 7 2 3 9 1 10 8 6 6 8 7 9 7 3 5 2 2 10 8 2 10 3 3 6 9
10
848 6 4 9 7 6 10 10 6 5 7 2 7 5 7 7 4 1 1 9 1 2 9 5 4 5
781 10 6 3 8 7 2 4 10 6 6 2 8 5 3 7 8 8 2 1 8 2 9 8 2 4
629 4 3 5 2 10 3 8 1 5 5 9 6 4 9 6 7 1 3 3 2 10 2 1 10 4
713 2 4 6 6 10 2 7 5 4 3 4 9 8 4 10 6 7 4 3 3 10 1 6 8 5
831 2 2 10 8 3 9 6 4 7 2 3 10 8 9 9 6 4 6 10 3 1 7 4 5 9
691 2 6 1 8 5 4 9 8 6 5 7 2 10 10 7 3 1 7 4 8 9 9 1 3 4
805 1 3 5 5 9 8 5 4 3 10 9 4 8 1 1 4 9 10 6 4 9 7 9 6 9
702 6 8 10 3 7 4 3 6 4 3 3 7 1 8 2 10 6 6 8 10 5 1 1 1 4
757 8 5 10 2 3 3 3 7 2 5 5 2 3 10 7 10 3 1 6 7 2 4 5 9 7
626 5 1 1 2 9 2 1 10 4 2 8 9 1 6 1 4 3 2 10 7 6 6 5 3 1
10
783 8 9 10 8 9 10 3 8 10 7 5 9 2 3 5 7 6 1 4 3 3 1 7 3 5
871 5 2 8 1 7 10 7 3 7 6 5 2 4 9 4 7 6 2 3 4 5 9 8 10 9
905 9 8 10 6 6 6 1 6 4 7 4 9 6 7 2 8 10 3 10 5 10 2 7 6 7
827 10 9 8 4 4 8 1 8 7 10 2 7 8 8 9 2 4 3 3 5 10 10 10 1 3
617 6 3 1 9 1 6 1 7 5 6 1 1 3 7 1 7 3 3 6 4 2 7 9 1 10
818 6 8 8 4 7 8 6 7 10 9 10 5 8 7 3 2 2 10 5 8 1 5 3 5 6
790 4 3 9 7 8 7 8 4 7 4 2 10 9 3 9 2 7 10 5 3 3 3 3 8 1
855 8 1 3 10 9 3 8 3 8 3 5 5 10 4 6 7 6 8 6 6 9 8 6 4 7
625 2 3 9 4 3 6 1 3 7 1 4 2 1 9 5 4 8 3 6 10 9 2 2 2 9
921 10 9 5 5 7 3 10 5 7 10 1 9 10 6 10 1 1 9 10 7 10 9 10 6 2
10
866 1 10 9 4 10 7 10 7 4 6 4 9 4 4 3 9 8 10 4 2 8 6 7 5 10
848 9 5 5 1 3 5 3 2 1 4 3 2 8 4 1 8 9 7 7 3 10 10 6 5 10
783 8 2 6 3 4 8 2 8 10 8 9 1 5 2 10 3 9 7 2 7 5 8 8 6 4
750 9 5 7 3 2 9 6 1 5 6 8 8 4 10 10 5 3 6 5 7 2 3 2 7 9
776 8 2 10 5 2 2 8 7 2 8 9 8 9 5 10 3 1 2 6 4 9 9 5 8 5
699 4 6 3 9 3 8 9 1 10 8 2 10 1 9 7 8 8 8 2 8 2 10 3 3 6
689 1 6 6 7 8 3 2 7 1 3 4 6 1 4 4 9 9 7 7 5 8 4 4 7 7
653 6 7 2 3 4 6 7 5 5 8 3 4 6 7 1 2 2 1 10 3 8 2 2 2 6
890 7 3 2 2 6 10 10 10 7 8 8 2 7 9 9 9 10 7 8 5 8 9 1 2 4
651 2 6 1 4 8 3 7 4 8 4 4 5 3 4 6 9 2 6 1 6 5 6 7 7 10
10
728 3 7 3 2 7 5 7 3 5 9 5 8 2 2 1 4 8 8 9 4 1 8 6 5 1
725 3 8 1 2 9 1 5 3 2 9 1 9 9 7 8 9 4 8 5 6 3 5 5 5 7
715 8 4 8 4 1 7 6 10 3 6 9 8 4 3 5 2 1 9 6 10 5 2 4 9 4
687 2 9 9 1 4 2 3 1 8 2 3 5 10 4 1 1 8 1 8 7 1 8 1 7 2
754 6 5 1 2 5 7 8 10 9 10 3 3 6 4 10 5 5 7 2 1 3 8 9 10 1
850 8 8 8 6 5 5 7 6 6 5 2 9 2 6 9 10 10 5 9 10 10 5 10 2 4
779 4 5 1 3 7 7 7 10 7 3 2 6 8 9 3 1 10 9 4 5 10 8 5 7 9
762 3 8 7 3 9 8 2 6 4 3 5 3 4 3 6 7 2 7 6 8 5 5 6 6 4
732 8 8 6 6 3 3 5 4 8 10 1 6 4 7 3 10 2 6 10 2 2 6 2 8 1
772 4 3 6 4 3 3 2 10 7 9 10 5 4 3 9 6 1 6 7 8 9 6 8 9 10
10
781 5 7 9 2 9 7 7 2 6 7 3 10 4 4 3 10 6 5 5 6 9 7 9 1 1
682 7 4 4 3 4 1 1 3 6 6 5 10 5 10 9 9 7 9 3 3 3 2 1 9 8
645 5 5 1 9 2 10 9 9 1 10 4 9 4 4 10 10 5 2 1 1 2 3 4 2 10
638 3 2 4 4 5 6 4 8 3 5 3 10 7 3 10 6 8 1 3 2 9 8 6 1 1
784 7 10 5 9 4 7 2 10 2 2 7 10 3 4 3 9 2 2 7 6 2 3 9 8 4
837 4 10 4 9 7 3 7 4 10 4 3 10 7 5 6 7 10 9 9 7 5 6 3 5 1
738 7 2 1 6 9 3 3 3 3 4 7 6 10 2 7 1 6 6 8 1 1 4 9 8 3
619 7 6 5 6 5 9 7 5 3 4 3 3 2 8 9 1 5 2 2 7 6 4 4 2 8
780 10 6 7 10 5 1 8 10 6 5 10 5 6 5 2 6 5 7 5 3 1 2 1 7 8
907 8 10 3 9 9 4 8 8 3 2 2 6 6 4 4 4 8 2 9 1 4 9 5 6 10
10
805 8 2 8 2 2 2 3 9 9 7 1 5 2 4 10 9 6 8 10 4 10 9 7 9 9
686 1 2 3 4 9 10 7 5 2 4 8 8 2 7 9 7 4 4 6 2 1 5 5 3 7
782 9 4 1 7 5 9 8 9 7 10 1 4 6 3 8 8 6 2 6 10 6 1 7 1 10
630 6 8 1 2 2 3 3 7 1 5 9 6 4 9 10 5 2 6 1 5 1 8 8 5 9
690 5 9 2 6 8 8 3 7 2 8 5 4 1 7 1 4 9 6 2 8 1 4 2 5 5
738 3 4 2 6 3 5 6 5 3 1 5 10 4 4 1 4 8 8 10 3 3 9 7 5 10
707 5 8 6 3 2 8 4 1 8 9 4 3 8 10 3 3 2 7 7 2 8 5 2 5 8
904 5 1 10 1 5 4 10 9 10 9 9 3 9 5 10 2 9 10 8 9 6 6 5 8 9
753 5 8 7 4 2 2 9 4 8 7 8 5 7 2 6 5 7 8 8 8 2 8 3 6 5
779 2 2 6 10 7 3 2 2 4 7 8 8 10 1 10 1 8 4 2 6 10 10 4 8 4
10
899 6 1 9 2 6 5 10 1 9 7 5 3 5 4 2 8 10 6 10 9 7 6 6 9 10
834 7 10 8 7 2 3 7 5 5 7 2 1 5 2 3 7 9 2 9 7 6 9 8 3 4
691 8 4 5 5 7 1 7 3 10 8 3 8 8 5 9 8 3 6 2 9 6 7 9 1 2
801 1 5 6 9 7 7 6 7 9 1 9 9 8 8 5 6 9 2 1 10 10 10 2 4 10
771 6 8 4 9 1 7 5 5 7 8 6 3 4 3 6 8 4 3 8 5 7 10 4 1 4
766 9 6 3 1 2 10 6 3 3 10 2 10 6 8 4 9 3 7 10 2 4 1 9 3 2
715 2 2 7 7 4 5 4 3 5 8 6 10 7 2 9 9 1 3 9 3 4 6 6 8 5
603 3 5 1 1 4 2 1 9 4 9 2 5 10 7 3 7 1 7 1 2 2 3 8 6 10
736 7 1 8 7 5 1 3 10 10 3 5 9 5 9 10 5 9 4 1 8 2 2 10 8 7
793 10 2 10 3 3 7 5 6 3 6 5 6 10 5 7 1 6 5 9 6 1 8 5 1 4
10
779 10 9 9 2 2 1 3 3 2 10 8 2 9 2 9 3 10 4 5 8 5 2 10 10 4
845 6 5 2 7 6 8 9 1 9 10 6 3 6 9 4 4 9 8 9 9 3 6 10 6 4
844 2 5 10 10 8 8 10 5 3 9 9 7 6 2 4 2 8 7 5 7 7 8 2 7 3
872 9 9 7 1 5 6 9 10 2 1 9 10 7 8 5 7 3 6 2 1 6 10 9 9 9
618 7 5 4 5 10 2 10 5 9 8 7 9 2 6 4 1 1 5 4 10 1 2 1 6 1
829 10 6 10 10 1 3 3 6 10 8 6 6 6 3 6 10 7 4 1 1 10 9 8 2 7
763 8 4 5 8 1 3 4 2 6 10 10 8 7 5 7 2 9 2 4 5 10 9 10 2 10
771 6 6 1 6 3 8 5 2 5 3 4 10 3 3 6 1 9 9 5 7 10 10 3 9 2
716 6 1 2 10 7 2 4 3 6 10 4 4 7 5 2 1 8 1 10 3 1 8 3 2 8
684 8 2 2 7 3 9 7 8 10 8 9 7 1 4 3 7 5 2 2 1 3 8 7 4 7
10
783 9 6 7 10 2 10 4 1 2 10 9 10 8 10 4 1 5 4 1 3 10 9 7 4 3
872 8 2 3 10 9 10 5 10 7 7 2 2 6 7 10 1 1 5 8 4 2 5 4 10 4
852 5 9 1 9 7 9 4 5 5 6 8 8 10 3 7 7 4 7 2 1 5 5 6 8 4
886 3 5 8 4 9 6 3 4 1 7 8 4 5 9 3 7 9 2 7 5 3 10 6 10 6
1069 9 6 5 6 9 10 4 9 5 10 2 8 6 9 3 6 7 5 9 4 6 9 9 10 10
754 1 6 3 10 5 8 1 1 9 4 2 1 7 7 3 5 3 9 7 3 8 3 9 7 7
573 4 3 8 4 1 4 5 7 9 5 10 5 1 3 6 7 1 7 6 2 9 5 1 1 9
809 10 8 9 2 8 9 7 1 3 9 3 4 1 6 7 1 7 8 7 7 6 4 8 6 5
803 10 7 5 7 3 6 9 5 5 6 6 2 10 10 6 6 7 1 2 5 7 10 4 1 2
886 8 9 6 8 7 5 4 2 4 5 7 10 8 10 10 10 4 3 4 10 1 5 9 7 8
10
689 2 6 6 2 9 5 8 7 6 9 5 4 2 5 10 10 5 3 9 5 1 8 3 1 1
826 7 2 9 10 5 1 3 1 10 6 2 5 8 10 5 10 3 10 6 7 7 10 8 5 5
781 2 10 10 7 1 8 4 4 6 10 3 3 3 2 3 1 1 6 9 10 3 9 6 10 2
716 4 4 1 4 4 10 5 9 8 5 4 7 4 9 1 4 7 2 10 4 10 3 10 1 9
793 5 1 10 2 9 1 2 6 6 6 5 2 10 10 7 10 6 2 8 6 1 5 1 8 3
890 10 9 3 7 5 9 6 5 7 5 8 1 8 3 3 2 2 4 3 7 8 10 10 5 9
657 7 3 3 8 9 5 2 2 4 6 10 3 1 7 1 2 8 6 1 8 2 7 3 6 3
854 10 7 1 6 1 10 1 9 10 9 6 10 1 9 10 9 8 9 1 7 9 7 4 10 9
708 7 6 2 9 3 4 6 9 5 3 7 2 1 9 3 10 4 5 1 7 6 8 2 7 6
946 9 10 8 1 7 9 4 8 10 1 5 5 6 8 9 8 6 4 4 10 4 10 3 10 5
10
840 2 5 10 6 6 10 8 5 8 1 6 6 9 4 3 10 7 4 3 8 7 5 4 10 10
719 8 1 2 1 6 10 4 9 4 8 10 9 5 6 5 2 4 5 7 9 2 6 5 3 3
772 6 6 3 8 4 1 5 10 1 2 10 6 5 10 5 2 8 10 3 7 6 7 10 6 7
740 5 7 1 4 10 1 9 9 10 5 1 3 7 5 5 3 4 5 2 9 7 10 8 8 6
746 5 2 5 2 2 2 4 2 7 9 7 7 7 5 10 8 7 10 9 10 8 7 8 4 3
769 5 7 9 1 8 2 6 3 5 2 2 7 5 7 9 8 9 8 5 4 7 10 3 1 5
788 9 3 9 3 2 2 4 6 7 5 2 1 1 9 10 7 3 7 9 4 4 10 7 10 10
822 8 8 6 1 5 4 3 1 6 9 3 5 6 10 2 2 9 1 8 7 3 6 1 10 5
691 6 1 7 6 2 9 1 8 2 4 2 1 3 4 6 1 7 2 8 2 6 3 5 7 1
745 7 2 5 5 8 6 2 1 3 6 3 3 3 4 3 8 4 8 6 7 9 3 10 10 7
10
881 6 10 8 2 6 3 4 7 7 8 8 9 10 4 3 6 6 8 8 9 10 3 10 6 1
820 6 9 5 8 5 9 9 8 1 1 9 8 7 8 4 3 6 1 3 7 1 7 3 9 1
764 5 4 8 6 3 7 8 3 2 5 10 2 3 9 2 7 1 5 4 6 8 7 10 9 1
784 8 4 5 2 4 7 1 5 9 4 6 5 10 6 6 1 4 6 7 9 5 10 7 2 8
801 8 1 7 10 7 4 8 3 1 6 3 10 9 10 7 9 2 8 6 9 3 4 7 3 8
695 1 2 2 4 4 7 8 9 6 7 8 2 2 8 3 10 3 1 10 6 2 9 10 5 2
665 3 1 4 7 5 3 10 8 8 8 2 6 6 7 1 4 8 2 6 5 4 3 8 6 9
710 1 8 1 5 7 4 5 4 10 4 6 9 4 1 8 1 9 6 9 9 10 3 1 8 9
652 6 6 2 10 4 6 2 2 2 3 2 7 5 2 1 5 1 1 3 5 9 5 8 6 4
675 6 3 3 4 5 9 6 8 1 4 7 6 2 4 9 5 9 4 5 5 3 3 6 5 6
10
675 3 5 6 1 5 8 6 2 5 6 4 2 2 8 3 6 7 7 3 10 5 7 9 4 1
626 4 7 4 5 8 5 5 2 9 8 6 2 2 10 9 4 1 6 4 4 10 2 1 3 10
707 8 6 5 1 8 4 2 9 1 1 5 10 4 6 7 8 6 4 10 3 9 4 2 1 3
633 3 1 8 4 2 2 9 1 3 3 6 5 8 3 7 10 10 1 5 3 5 4 3 4 7
774 9 1 8 9 7 2 7 3 5 3 5 5 7 3 5 4 8 1 6 2 6 6 7 2 9
675 4 2 6 7 1 5 3 9 4 8 4 9 4 4 9 1 6 7 9 5 1 7 9 4 3
924 7 2 8 9 10 9 7 5 2 6 4 5 8 9 5 4 7 5 4 1 2 5 7 10 7
666 2 2 1 3 1 7 7 8 4 8 1 7 9 1 5 6 9 2 8 10 1 4 6 3 8
681 7 2 1 1 7 4 8 7 6 1 3 6 1 8 2 8 6 5 5 10 5 2 8 10 7
812 2 5 5 8 8 7 1 2 3 9 5 8 9 2 5 1 7 4 10 6 1 3 6 6 4
10
604 5 4 4 2 9 6 5 6 5 9 5 6 2 1 3 7 2 1 6 10 4 2 9 3 1
732 7 3 8 4 7 2 9 8 1 7 10 9 1 5 3 1 7 3 8 10 8 2 2 8 9
766 7 7 5 10 2 6 5 5 3 10 2 7 10 1 7 7 3 3 7 7 4 8 4 6 2
724 1 8 5 6 1 3 7 8 5 7 1 6 8 3 4 2 10 2 9 9 7 2 4 6 10
949 4 3 2 10 7 9 1 5 1 7 7 1 9 6 8 10 9 9 9 2 5 7 8 9 2
726 2 8 6 3 2 9 6 4 2 5 8 4 8 1 7 2 6 9 9 6 7 4 6 6 1
733 1 9 7 10 6 4 10 4 1 10 7 8 8 3 7 8 5 7 8 2 4 3 1 2 10
706 4 4 8 3 8 6 3 10 8 2 4 8 4 10 3 4 10 1 2 1 9 2 6 10 3
883 8 3 6 10 8 9 4 1 10 8 4 7 5 1 3 2 9 4 10 8 8 4 10 5 5
668 2 1 7 6 4 6 9 2 3 4 9 2 1 8 5 7 3 6 5 10 9 5 6 6 8
10
828 1 10 10 6 9 10 2 6 6 3 2 8 7 8 2 4 4 7 4 5 5 4 8 1 8
750 2 4 7 2 3 4 8 10 7 7 5 3 6 1 6 10 8 1 8 1 3 7 8 10 5
747 9 8 4 7 3 4 7 1 4 7 6 5 4 7 7 2 6 10 1 8 6 8 5 5 3
720 8 8 7 2 7 5 4 7 2 3 9 8 2 7 8 5 7 4 1 8 2 3 10 2 5
629 9 7 4 8 2 1 4 8 10 7 10 3 1 7 3 4 4 9 10 10 4 2 5 1 2
713 3 6 7 3 6 1 2 3 5 2 1 4 3 1 8 10 4 1 9 7 2 6 10 8 8
766 2 4 10 7 4 5 6 8 9 1 2 5 9 7 4 3 4 1 5 3 7 9 3 10 7
673 3 1 6 10 2 5 9 6 5 2 5 9 5 4 8 1 8 8 6 1 10 7 7 6 3
733 7 4 3 9 7 6 6 10 3 10 3 8 7 7 1 8 5 5 7 6 1 5 2 2 2
750 2 4 7 10 9 5 1 4 10 3 9 10 4 6 7 8 9 6 2 5 2 2 5 9 8
10
850 8 4 4 9 8 1 10 6 7 10 3 2 2 2 7 1 9 2 5 9 9 10 8 10 8
702 7 9 9 5 6 6 10 3 1 9 3 6 1 4 6 7 1 4 5 2 9 3 8 5 6
756 6 5 9 9 1 8 1 9 6 4 3 7 6 7 9 3 8 5 1 2 5 7 6 5 3
799 4 8 6 6 10 9 9 7 5 6 3 6 6 10 3 6 2 5 6 2 10 2 8 7 3
735 1 4 9 6 8 6 7 1 10 6 2 2 3 5 7 2 6 3 3 7 4 2 9 9 9
747 6 8 9 9 7 1 7 6 3 4 8 10 8 7 3 2 7 3 7 4 10 2 2 5 3
866 4 6 2 10 4 8 10 9 4 5 7 7 4 10 10 10 8 8 1 5 3 10 7 7 5
829 9 9 5 4 10 1 10 6 3 8 3 9 8 5 9 1 5 8 2 2 1 6 9 4 9
819 5 1 5 3 4 7 5 2 9 8 10 10 6 6 1 7 10 1 10 3 2 7 8 6 7
716 3 3 9 4 1 9 4 7 2 2 5 1 7 10 6 6 3 4 1 7 3 10 7 5 2
10
687 2 10 3 7 5 7 2 10 1 5 6 5 3 3 4 10 10 3 3 1 2 8 1 2 9
871 1 9 9 7 6 8 1 10 1 1 6 8 10 4 5 1 9 3 7 2 7 6 8 5 10
787 5 3 3 4 6 9 1 7 2 4 10 5 2 6 3 5 7 3 8 6 2 10 6 9 5
611 3 1 6 9 2 2 9 7 7 4 6 2 4 4 4 5 2 4 6 3 4 5 8 8 8
632 3 1 8 1 7 2 1 4 4 8 10 3 9 1 2 4 7 6 4 1 5 1 7 7 7
801 2 6 9 4 7 8 8 5 4 7 2 4 4 10 8 5 2 6 7 4 10 9 2 8 10
814 8 4 10 9 10 6 6 7 1 4 8 5 6 5 2 5 1 4 7 6 4 6 9 3 2
635 7 2 1 2 10 4 3 7 9 6 4 5 5 1 6 5 1 5 2 5 8 7 5 3 5
702 7 7 6 2 2 9 1 1 2 8 5 2 3 5 1 5 9 7 8 1 6 3 5 6 8
621 7 9 3 7 5 2 6 10 10 9 5 2 2 1 2 4 7 5 3 6 3 1 10 3 10
10
821 6 9 6 9 7 8 5 4 3 10 8 2 9 2 4 6 6 3 2 9 4 4 2 5 7
631 5 9 4 10 6 1 5 8 7 5 5 2 3 4 6 3 1 8 7 4 3 2 7 3 10
704 10 2 1 4 2 9 10 8 2 8 6 5 5 1 6 3 3 10 8 4 3 3 2 10 9
868 6 3 7 8 10 10 2 4 2 1 4 4 5 3 8 4 9 6 1 7 7 9 8 9 5
773 6 2 3 4 6 7 4 4 8 2 4 5 8 4 7 10 2 9 5 5 10 10 5 1 7
849 10 5 10 4 9 7 6 9 1 10 10 8 2 5 8 5 6 3 7 6 2 2 7 7 7
763 10 6 1 8 5 4 7 8 2 9 1 6 9 2 1 4 10 6 3 2 4 3 2 10 10
771 8 9 7 3 2 7 4 1 8 3 1 7 1 1 6 3 10 6 10 4 7 5 10 5 3
673 1 5 6 2 4 6 9 9 5 10 10 6 4 2 6 4 1 2 7 4 4 10 6 5 6
809 9 6 1 8 6 3 2 7 1 10 6 10 5 4 7 2 1 8 10 5 3 10 3 7 9
10
774 9 10 4 8 7 4 10 9 2 3 6 1 9 4 10 2 6 10 5 5 7 2 4 5 1
835 8 7 8 9 8 4 6 2 9 5 8 9 2 3 2 8 10 4 9 8 1 7 4 2 9
770 1 5 7 2 9 9 3 1 10 2 9 4 9 7 9 1 6 8 2 9 6 6 8 3 7
820 1 9 6 10 9 6 10 8 7 6 4 1 8 6 3 9 1 7 2 6 10 2 7 10 4
691 4 3 1 9 3 5 1 1 8 2 7 7 10 9 7 6 2 4 6 1 9 9 3 4 9
839 7 4 8 3 10 4 2 8 6 6 7 9 4 9 7 9 8 3 4 2 1 1 10 8 9
635 8 8 4 5 6 1 3 7 2 6 3 8 1 4 4 4 8 7 1 2 1 3 3 9 1
806 3 4 7 9 6 4 8 7 10 5 7 4 10 4 3 10 10 10 1 3 2 4 10 2 5
821 1 9 6 1 6 10 3 2 2 2 5 2 3 8 10 9 10 9 10 5 3 3 5 7 10
866 8 4 7 7 10 8 6 5 8 1 1 6 2 6 4 4 9 5 3 3 10 10 3 5 10
10
754 5 8 8 9 3 5 3 3 1 3 8 9 9 1 2 1 8 5 10 2 1 6 4 5 5
864 7 10 5 8 6 5 10 6 9 5 4 9 6 6 7 1 8 10 6 8 10 10 2 4 7
749 10 10 6 4 8 1 9 2 3 4 2 8 7 4 9 3 6 9 2 10 1 1 6 8 3
738 2 5 5 9 5 3 3 1 7 2 6 4 3 1 2 10 8 8 5 6 3 9 6 7 4
617 10 1 4 2 1 1 9 4 1 7 10 7 8 10 5 1 2 9 1 6 3 3 8 3 5
843 9 4 1 7 1 7 7 10 5 6 3 3 9 4 5 9 5 9 6 8 6 10 6 8 4
721 2 6 1 7 5 6 2 4 3 6 1 9 7 9 8 9 8 5 2 4 10 4 5 5 10
747 1 3 9 7 3 3 7 6 10 5 2 1 4 9 5 4 6 10 2 9 6 7 9 10 9
537 2 1 2 6 8 2 10 8 2 5 4 5 4 9 5 8 4 1 3 4 7 4 3 1 6
838 10 1 7 4 8 4 9 6 4 2 9 9 10 10 10 2 2 5 6 9 6 1 5 7 6
10
751 1 1 9 2 10 10 8 2 2 5 9 5 5 2 8 1 6 2 6 7 4 4 1 10 7
660 1 10 4 7 2 7 7 7 8 2 4 2 4 10 1 8 5 7 2 3 8 2 6 10 3
584 3 5 2 3 6 1 1 2 2 5 10 1 8 4 8 6 4 5 1 4 5 7 5 2 1
738 7 2 3 10 5 5 2 5 4 6 8 4 6 4 8 2 7 1 9 1 1 4 9 5 2
760 2 4 6 9 6 9 3 3 8 6 1 6 10 2 1 4 6 2 9 3 2 7 1 2 8
779 8 2 4 9 8 4 1 9 5 9 9 5 5 4 9 2 10 1 3 9 10 10 5 4 6
754 8 2 7 2 2 3 1 4 9 5 10 1 6 7 8 10 7 3 2 8 7 5 7 5 9
899 10 8 2 8 8 6 8 7 7 5 4 9 6 10 4 8 8 8 10 2 5 2 4 7 7
859 10 9 10 10 5 9 4 5 5 8 7 1 3 9 1 2 6 3 2 6 7 2 6 10 7
766 10 2 7 1 4 8 7 2 4 4 6 10 9 1 5 5 5 7 5 10 6 9 3 5 3
10
695 2 4 2 8 7 1 9 2 9 8 7 2 6 3 2 9 9 7 4 7 10 8 6 1 8
636 1 6 4 1 6 2 9 6 6 5 4 7 4 4 10 3 2 7 5 3 5 10 1 6 1
689 4 2 9 5 2 9 4 7 9 2 6 1 3 1 6 6 7 3 9 4 6 8 3 1 6
766 5 10 5 4 5 8 2 9 7 4 1 6 8 7 9 1 3 4 8 2 10 7 6 3 5
767 10 6 5 1 8 1 6 4 6 10 6 1 9 10 9 9 9 9 2 7 3 4 7 2 4
762 8 2 7 10 8 1 7 8 9 9 5 10 5 9 1 9 10 1 5 2 3 4 7 4 2
626 7 5 2 5 2 2 1 5 9 1 7 1 7 3 4 9 7 9 4 3 5 3 10 5 2
707 2 5 7 4 10 9 2 4 7 4 2 3 4 7 7 7 9 2 3 10 8 2 1 4 7
871 8 4 10 9 6 1 5 4 7 1 8 1 4 4 10 10 1 6 10 2 7 6 8 10 2
930 9 8 7 9 10 3 9 1 7 3 8 3 10 6 10 1 1 8 10 9 8 3 10 5 9
10
786 5 5 6 2 4 7 5 1 9 9 4 6 10 5 10 4 1 8 10 2 10 5 3 5 4
867 10 7 7 1 10 1 1 10 2 2 6 6 7 3 4 10 9 9 10 8 1 7 1 6 3
825 2 3 3 4 10 9 7 3 5 5 8 3 6 8 3 10 10 7 1 6 8 10 3 6 1
550 4 3 10 5 2 4 2 5 2 1 10 5 5 1 3 4 9 10 4 10 6 1 2 1 1
574 4 3 3 3 4 1 9 10 1 3 3 3 7 7 8 3 1 8 8 9 3 3 2 2 1
798 2 8 3 1 8 7 9 5 5 2 10 6 2 10 10 5 2 7 4 2 3 10 5 9 9
739 10 9 3 2 7 2 7 6 5 7 6 7 4 9 10 1 4 1 5 8 10 9 3 6 4
707 5 10 1 9 4 3 3 8 6 5 10 6 10 5 1 9 3 1 3 1 7 4 4 10 5
819 4 4 7 5 1 5 5 7 9 6 1 7 10 1 4 6 8 7 10 8 10 10 3 7 6
763 1 9 5 7 9 3 5 3 9 6 3 5 7 2 4 5 3 5 8 7 1 3 9 10 2
10
866 9 7 10 2 1 8 7 1 9 1 7 9 7 1 2 6 4 3 10 7 1 10 4 10 4
750 2 4 3 6 1 10 1 2 3 1 7 2 9 6 8 2 9 1 9 8 8 2 8 3 10
715 5 6 3 1 7 8 5 3 9 2 9 2 8 9 8 1 8 6 3 8 6 3 6 1 7
749 9 2 7 5 2 2 2 8 4 7 5 10 1 4 6 10 9 8 6 10 3 7 8 5 8
774 10 3 4 3 1 6 6 10 5 1 2 8 10 1 5 10 8 10 1 2 5 5 7 4 10
791 5 9 8 4 4 2 4 6 5 2 9 6 6 6 10 7 9 9 7 3 2 6 2 3 10
735 3 1 10 7 7 3 4 5 9 5 8 1 4 9 4 5 4 1 6 2 7 5 7 5 10
836 9 4 4 6 8 4 5 10 7 9 2 1 1 10 2 8 9 7 8 5 5 8 7 7 4
756 3 3 8 4 8 8 6 6 6 5 9 5 1 2 1 3 8 6 1 10 5 7 9 9 6
658 1 7 1 10 4 9 4 2 3 9 2 7 6 7 3 7 2 9 9 1 3 1 5 3 5
10
602 3 1 4 6 7 7 8 1 3 7 1 6 10 7 6 4 2 9 2 1 5 1 3 5 7
743 4 1 8 7 10 4 3 2 5 2 2 1 2 3 2 1 4 6 7 10 6 9 9 6 6
684 8 3 3 6 1 10 2 4 5 3 7 2 5 9 6 3 7 8 4 5 1 9 4 2 4
725 9 2 8 8 5 2 9 3 8 1 2 4 3 6 2 4 2 7 4 4 10 9 2 7 7
690 5 1 1 10 8 4 4 4 5 3 2 4 5 1 2 8 5 6 3 4 5 8 7 3 3
702 2 5 2 8 9 1 6 9 7 4 9 5 1 8 10 7 1 5 9 1 6 10 5 4 10
660 3 1 4 5 4 2 7 7 6 4 9 3 10 5 5 10 3 1 4 4 2 7 4 7 1
619 6 6 3 3 1 2 7 4 6 3 3 6 4 9 6 4 2 4 2 1 1 8 7 9 4
682 1 10 9 8 2 7 1 5 2 7 4 10 4 9 6 3 2 1 9 5 7 4 4 2 2
749 5 8 4 8 5 10 1 1 3 8 1 2 2 2 10 9 1 3 3 8 2 6 6 10 6
10
818 2 2 2 10 10 10 10 2 4 5 3 5 10 6 2 4 3 3 10 8 3 7 2 8 3
770 4 6 7 9 10 5 5 2 7 7 5 7 4 8 3 8 2 1 7 6 10 8 5 1 7
841 6 5 7 6 5 6 7 5 5 1 5 3 3 7 7 9 10 9 10 10 10 1 10 8 9
725 10 5 3 8 9 5 3 7 6 4 2 10 2 1 4 3 8 7 5 1 4 4 4 5 7
697 1 5 2 9 4 9 1 3 9 9 2 2 5 7 2 8 6 7 3 7 8 9 5 6 2
666 8 9 3 10 3 1 9 5 3 6 5 5 8 1 1 5 8 4 8 8 2 3 3 2 2
758 5 2 7 9 1 4 6 10 9 4 5 4 6 9 2 9 5 9 6 9 2 7 8 2 4
635 1 1 7 8 5 5 4 4 8 6 1 3 4 2 10 8 4 10 2 6 4 5 4 6 10
684 6 7 1 2 8 2 1 8 8 8 8 5 9 1 2 10 2 5 4 1 5 9 5 1 8
693 9 6 7 5 2 3 6 9 6 4 1 8 2 2 7 2 6 3 9 7 9 3 5 7 10
10
737 10 2 9 7 10 8 1 6 10 1 4 5 2 4 3 9 3 10 4 7 7 2 2 1 3
528 2 4 6 7 2 6 2 9 4 5 1 1 2 4 1 10 1 1 2 8 7 2 2 7 2
699 5 5 8 8 2 9 2 7 10 2 7 2 4 9 9 4 5 3 8 4 1 2 1 5 7
768 10 9 2 4 5 4 4 2 3 1 9 10 2 5 9 10 10 10 5 1 9 1 10 6 1
625 10 1 1 3 7 6 10 9 7 4 9 6 6 5 1 1 5 6 1 6 1 1 5 7 1
573 10 10 2 2 3 3 3 9 3 7 2 1 1 1 10 1 2 1 7 2 2 5 1 5 10
746 2 1 6 2 3 5 6 10 4 2 4 9 10 1 5 9 5 3 9 3 4 5 9 3 8
907 9 8 8 7 8 9 10 4 3 6 5 4 3 5 8 5 9 3 1 10 3 7 10 9 2
715 5 5 4 10 5 3 8 7 6 10 9 4 9 1 1 7 3 10 7 7 3 5 1 4 2
702 1 7 4 9 9 2 6 4 6 8 9 10 5 4 7 7 5 5 4 5 7 1 1 10 4
10
848 1 7 10 6 6 5 1 8 4 6 10 7 8 1 2 1 4 10 9 7 3 8 7 10 5
886 10 10 7 2 3 6 8 9 1 2 6 6 6 2 5 10 10 4 7 9 1 7 7 9 5
863 10 9 10 4 5 3 9 9 6 8 6 3 2 3 10 5 6 8 3 3 4 9 2 9 9
585 10 7 2 10 3 1 8 5 6 5 1 9 1 1 1 3 5 9 5 5 2 2 10 4 1
637 7 4 1 1 6 3 4 7 3 2 2 9 9 7 10 7 4 7 3 7 9 2 6 2 1
598 1 6 4 9 4 1 1 2 1 1 5 4 4 5 9 9 9 8 2 6 3 3 4 4 6
703 8 6 1 2 6 7 8 7 2 6 4 10 1 1 8 8 9 10 2 4 9 2 6 5 8
800 7 3 2 5 3 10 7 2 3 9 7 7 8 8 9 4 1 8 9 8 8 5 6 4 9
802 8 7 8 5 3 5 2 9 6 9 7 9 9 10 7 2 9 8 3 9 4 5 1 3 7
722 1 7 1 5 4 4 9 10 10 6 3 1 7 8 1 9 5 5 2 1 10 10 7 9 8
10
814 7 1 9 8 5 9 10 10 4 7 4 10 7 1 5 5 6 3 6 2 4 8 2 9 3
809 5 6 2 7 9 9 5 5 6 2 6 8 5 10 2 3 4 3 7 1 10 10 5 6 8
596 6 7 7 3 7 2 10 1 6 10 4 8 2 2 9 1 9 3 6 5 9 1 1 3 3
757 1 6 5 10 10 6 5 5 8 9 8 10 6 8 5 1 6 6 1 9 9 5 4 7 3
647 4 10 6 6 2 2 9 6 7 1 7 1 3 3 5 9 4 10 4 10 7 8 9 2 1
857 9 3 8 6 5 6 4 3 7 8 9 6 10 5 6 7 3 1 8 1 6 2 6 10 4
775 10 3 8 9 10 8 4 3 8 7 1 9 2 10 7 4 1 5 4 7 5 6 2 5 3
846 4 8 5 10 9 4 3 9 9 3 3 10 10 4 6 10 4 2 9 9 8 4 4 7 2
875 9 6 2 10 6 8 8 5 5 8 5 9 7 7 3 5 8 10 1 8 10 5 6 8 9
741 3 6 8 2 5 9 5 5 6 1 1 7 7 1 6 5 7 7 4 2 2 3 1 10 9
10
796 4 1 6 4 5 9 4 3 3 9 8 6 2 4 2 8 10 7 6 1 10 5 8 9 1
769 1 4 8 5 1 4 8 2 3 10 6 3 10 6 2 8 4 9 7 7 1 3 7 10 5
672 2 9 9 3 6 1 2 10 2 3 6 8 4 1 10 8 6 1 3 8 3 2 6 9 7
882 1 5 7 4 7 8 5 9 4 4 10 3 9 1 4 9 8 7 6 2 7 8 8 7 4
918 8 9 1 4 10 10 8 9 8 6 7 9 8 9 7 1 9 6 7 7 4 5 2 9 2
727 6 4 1 10 5 6 1 7 7 5 7 8 7 2 2 8 3 4 2 3 7 8 10 8 1
829 4 2 1 8 10 5 8 4 10 1 3 3 8 5 2 2 7 8 9 6 9 5 10 7 2
687 9 2 9 1 4 5 5 6 6 7 7 7 1 1 1 9 5 4 4 7 3 5 6 4 10
597 2 6 8 2 3 2 3 6 3 4 6 1 2 6 8 2 3 9 3 2 8 7 2 4 10
602 3 10 5 3 4 1 6 7 2 8 6 7 1 5 5 5 4 7 4 1 8 1 2 8 6
10
753 3 5 6 8 7 8 9 6 1 2 1 1 3 3 10 6 3 6 5 7 9 10 7 7 1
686 9 5 6 10 6 2 7 9 7 1 6 6 8 5 4 6 2 4 1 4 7 6 9 1 3
655 4 1 4 7 5 2 1 5 5 10 1 3 1 4 5 7 8 3 6 3 4 2 10 10 8
481 7 6 1 6 3 3 7 2 8 6 3 5 3 3 7 2 2 5 2 1 3 4 3 2 10
748 5 8 2 4 1 4 8 9 7 10 1 4 1 8 6 6 7 10 6 4 7 5 4 10 10
921 3 6 4 10 8 7 10 7 4 9 4 3 9 6 3 9 5 10 8 7 2 5 10 6 5
891 9 9 8 6 6 10 10 8 4 1 8 8 5 5 9 8 5 3 6 2 10 7 2 9 7
803 3 10 3 9 2 1 6 5 5 2 2 10 6 10 8 6 9 2 5 7 6 7 9 10 10
947 3 10 10 9 4 9 6 6 8 10 8 10 8 9 4 10 5 1 10 4 8 7 1 5 6
824 4 5 7 9 9 6 3 7 8 9 6 10 8 10 1 9 7 7 1 2 2 5 4 9 6
10
769 2 2 8 8 10 5 9 6 7 8 2 7 4 5 2 2 1 2 7 1 4 7 8 9 9
607 6 3 3 5 2 1 7 7 1 8 4 5 2 3 1 5 9 5 3 3 4 8 1 4 8
677 1 1 2 1 6 6 9 10 9 5 4 10 6 10 5 9 3 6 1 8 3 7 10 6 6
699 7 6 10 1 1 1 1 2 10 1 5 9 4 10 2 9 1 9 10 10 7 2 4 2 9
899 9 1 9 7 8 5 3 4 7 3 2 9 5 1 1 7 10 9 9 8 4 2 9 10 6
760 4 1 9 5 4 9 1 9 7 5 7 8 3 2 1 8 5 8 9 10 4 2 5 7 1
790 4 3 3 8 8 10 6 10 7 4 5 9 6 9 5 8 8 6 1 8 7 4 6 8 4
685 8 9 2 9 7 1 1 1 7 2 3 8 4 7 8 1 7 8 3 9 5 6 4 6 5
794 10 7 5 5 10 8 1 7 3 1 1 8 5 2 2 8 2 9 7 5 2 8 3 4 5
878 8 7 6 9 10 5 5 3 9 3 9 1 1 6 2 10 8 8 9 7 3 9 1 7 4
10
907 4 6 4 5 9 10 8 3 8 8 10 4 5 7 10 10 5 2 5 8 6 8 1 10 6
828 1 4 4 9 8 8 10 9 10 7 1 10 8 10 1 10 4 4 5 1 6 5 10 1 9
756 10 5 2 1 5 9 6 6 3 10 4 6 6 1 6 1 10 2 9 3 4 2 4 5 8
819 2 4 3 8 2 8 7 4 8 5 10 8 8 8 1 2 7 3 8 3 3 10 4 8 4
708 2 2 6 7 7 9 4 1 10 9 3 7 10 1 3 5 9 3 2 9 9 5 3 5 2
661 1 10 8 7 1 4 7 1 8 9 8 3 1 5 6 3 8 7 3 9 2 1 4 10 5
705 2 8 3 5 7 8 9 2 1 9 7 9 4 1 9 2 6 7 8 3 10 3 7 5 9
758 3 4 9 8 7 5 9 5 9 6 8 5 4 7 8 7 2 9 10 8 8 2 2 2 8
786 7 4 9 10 5 2 8 5 7 7 4 8 4 4 10 2 3 9 6 2 8 6 7 9 8
734 3 3 10 6 5 5 10 6 8 1 2 2 5 10 9 2 2 5 10 1 1 9 9 2 3
10
700 4 6 5 10 1 2 6 1 10 6 7 10 7 1 1 10 5 3 6 2 3 7 10 1 8
822 7 7 10 10 7 5 4 5 1 10 1 2 7 5 3 9 8 4 2 1 6 10 1 5 3
702 1 7 4 9 4 4 4 1 6 8 9 10 3 3 3 10 7 6 1 6 8 6 5 5 10
642 6 8 2 4 6 8 9 3 7 10 1 8 1 2 4 9 1 7 3 1 2 2 9 9 4
825 6 1 7 2 7 8 10 5 4 5 8 4 10 7 7 4 4 7 6 7 4 4 6 7 10
671 3 5 4 6 4 2 10 8 6 10 10 7 5 7 4 4 6 4 6 5 7 1 10 7 5
732 8 9 3 5 3 9 2 4 7 7 7 7 8 7 6 5 5 7 2 4 10 5 3 6 4
660 1 9 5 1 3 5 2 4 5 1 7 1 4 2 10 9 10 1 4 2 2 10 9 1 6
739 5 8 5 9 9 6 10 9 3 4 4 8 8 2 1 3 6 2 2 5 6 8 5 2 4
823 10 8 7 3 2 10 9 10 8 10 6 5 1 5 5 3 2 9 8 9 2 10 4 2 10
10
761 2 3 7 1 8 9 1 4 2 3 9 6 6 6 10 6 5 8 2 5 6 10 7 1 10
650 10 1 1 3 4 8 4 2 10 2 3 1 8 3 6 9 4 9 1 6 3 2 1 3 8
945 8 7 3 3 8 10 1 5 2 8 6 2 10 8 4 6 3 9 10 1 9 9 7 7 4
610 5 5 4 2 1 6 1 3 5 4 5 5 1 4 9 1 2 4 10 8 9 10 4 5 5
743 7 7 9 5 7 4 8 7 9 6 4 2 1 7 10 9 1 3 6 8 3 8 5 3 3
728 6 5 6 9 10 1 3 10 6 6 6 9 2 6 6 2 3 1 2 9 6 4 7 10 8
755 2 7 2 9 6 8 1 2 10 10 4 1 2 7 10 3 2 2 9 2 2 8 3 8 6
780 3 7 1 2 9 6 6 4 4 7 6 6 8 3 2 7 6 5 4 10 5 6 7 9 7
703 6 4 5 6 8 3 10 5 5 8 9 5 4 2 4 6 10 2 4 7 5 7 4 2 8
739 8 9 5 10 9 7 6 2 1 4 8 5 4 4 3 1 6 1 3 10 9 3 6 7 2
10
684 7 8 5 9 8 1 1 4 6 5 4 8 1 3 8 1 3 8 7 4 10 1 1 9 10
809 1 10 6 8 4 4 3 8 1 10 7 3 8 10 10 6 10 8 6 5 3 4 3 7 10
801 8 8 8 4 9 1 5 8 1 1 5 3 4 10 2 6 9 1 3 9 5 5 6 8 3
994 6 1 1 4 9 7 8 10 4 7 5 1 7 9 6 9 10 8 9 6 1 7 10 10 8
681 8 7 4 3 6 6 1 6 10 3 9 8 3 10 6 6 4 8 3 10 2 6 2 1 8
716 6 6 7 3 7 1 6 5 8 5 6 2 1 6 6 7 3 7 3 1 8 10 7 5 9
841 1 6 7 3 9 8 4 4 8 4 7 4 10 3 1 6 8 1 10 7 9 3 10 3 8
870 5 7 9 5 9 1 4 3 3 1 5 4 8 3 1 9 9 10 9 9 2 10 6 5 3
804 10 6 1 8 10 1 1 9 2 5 9 5 3 7 6 8 2 6 6 9 10 9 1 8 4
843 3 1 9 2 10 9 6 4 9 10 10 2 10 4 9 8 9 10 4 9 3 7 7 1 7
10
696 5 2 5 1 4 8 10 10 1 7 1 5 5 8 5 5 6 4 2 1 1 8 1 10 9
634 5 3 10 1 3 1 5 7 8 10 9 1 2 5 10 9 8 8 1 3 8 4 10 2 10
876 6 2 7 5 2 8 6 3 2 9 10 9 10 8 5 8 4 10 10 6 1 9 3 3 3
827 9 3 7 2 9 6 4 9 6 9 3 10 9 1 8 6 4 10 8 7 5 5 3 4 3
819 7 7 5 3 4 4 6 7 4 7 7 10 10 2 6 5 3 6 9 8 7 9 3 6 2
717 3 4 2 9 8 10 2 9 9 6 3 6 3 10 9 2 3 4 7 10 9 6 7 3 2
604 7 6 2 6 1 3 2 6 8 5 2 6 7 1 2 3 2 2 5 4 10 9 3 3 3
842 6 7 1 4 10 9 9 3 7 8 8 7 3 10 2 6 6 2 9 2 2 7 1 10 10
805 6 7 6 7 5 9 5 5 10 6 8 2 5 9 5 6 8 3 9 9 7 5 8 1 3
803 8 3 7 10 6 5 2 9 1 10 4 3 1 7 8 5 10 4 4 2 5 9 7 3 4
10
690 2 5 10 8 1 2 8 1 5 1 7 1 5 6 8 9 5 5 4 5 1 7 8 8 7
554 2 1 3 1 2 7 2 1 4 1 5 7 4 6 1 2 2 1 9 4 8 4 9 1 8
857 10 8 6 5 3 10 4 3 8 8 8 3 8 8 5 5 3 3 9 9 3 2 3 6 10
773 9 7 4 2 10 4 4 5 2 6 2 10 1 5 8 5 10 7 8 5 5 6 4 3 5
740 6 2 9 6 7 5 8 3 1 4 3 2 10 9 1 6 6 3 2 5 1 5 5 3 10
817 5 8 9 8 10 4 10 5 6 4 3 8 7 2 8 9 8 10 3 4 9 3 5 7 5
743 8 9 9 8 2 8 3 9 1 9 7 8 4 5 4 5 2 4 5 10 7 2 1 9 8
794 5 3 10 4 7 7 4 6 6 3 9 10 4 4 4 8 7 5 9 10 10 3 5 5 9
726 7 4 4 4 6 9 2 8 1 10 10 4 5 2 4 3 10 4 6 1 10 1 2 5 4
778 4 2 8 3 10 9 4 4 7 6 8 1 3 3 3 1 10 3 2 4 4 7 7 7 10
10
837 9 7 5 3 1 6 7 5 10 6 5 4 3 3 10 5 2 9 10 10 10 8 8 10 1
915 9 6 7 8 7 8 4 2 9 7 4 5 5 7 5 9 7 6 4 2 3 9 9 9 6
632 4 6 3 10 6 5 8 10 6 3 6 8 4 8 3 1 3 4 3 4 1 2 3 8 6
854 2 3 9 4 7 4 5 7 5 2 6 2 10 9 5 7 9 7 6 2 3 10 4 4 7
773 8 1 5 2 2 8 2 4 6 8 3 4 8 5 2 4 1 10 6 9 9 5 7 9 9
730 6 6 1 1 7 6 5 6 1 4 1 3 2 9 1 7 9 2 3 1 2 7 8 5 10
802 5 2 8 4 10 5 6 8 2 6 2 7 3 1 5 10 10 7 8 7 9 5 1 2 8
849 8 7 1 7 9 9 8 8 7 10 4 7 3 6 8 3 6 9 3 8 4 10 1 6 2
810 3 6 6 10 5 1 5 9 8 8 1 8 3 6 3 8 10 10 9 7 1 5 2 7 8
702 10 3 10 9 2 3 6 7 7 3 8 2 3 6 1 3 4 9 9 1 7 1 5 10 1
10
699 3 9 1 2 2 10 5 7 2 6 6 1 3 7 4 7 3 10 9 6 10 3 3 6 6
592 4 3 2 6 2 4 7 1 5 5 7 5 3 4 4 5 10 10 3 5 1 9 3 3 8
652 1 9 5 3 8 1 1 9 2 3 9 6 1 6 10 9 4 6 1 1 6 10 3 10 1
684 1 5 5 8 4 9 6 7 7 6 8 10 4 3 2 1 7 5 3 9 9 9 2 4 10
813 8 7 2 4 7 6 3 3 6 9 7 9 9 5 2 3 10 4 5 10 2 3 5 10 10
884 3 5 10 6 10 3 7 6 5 9 9 9 10 7 7 9 7 9 9 3 7 1 8 4 1
809 8 4 8 10 1 4 9 6 1 8 10 7 4 8 5 7 9 6 3 9 1 8 6 7 8
639 3 3 4 6 4 10 1 1 10 8 9 2 3 1 4 1 6 1 3 9 2 9 5 7 6
658 7 5 2 4 2 7 9 5 5 4 3 6 2 8 4 5 3 1 5 1 5 1 10 9 4
758 4 4 10 10 3 7 6 1 5 2 10 6 4 2 4 5 3 8 6 7 10 10 6 5 10
10
852 9 5 9 1 6 10 8 2 8 7 10 4 5 8 6 2 9 7 6 1 3 4 9 2 10
728 9 6 2 1 10 5 5 3 7 5 3 7 4 1 1 9 6 10 8 4 3 3 10 2 2
812 7 8 9 2 5 8 1 5 10 6 10 8 10 5 7 2 10 1 4 8 5 2 7 4 5
776 10 2 3 4 5 3 4 3 4 10 8 6 7 5 7 7 9 10 5 4 7 3 7 7 8
791 10 8 9 1 7 5 8 8 3 1 5 5 2 4 7 9 2 9 7 10 5 2 5 8 4
691 4 10 4 1 6 10 7 4 7 3 6 5 8 3 1 3 3 7 2 8 5 8 3 6 2
680 5 5 8 10 4 1 6 7 9 8 2 9 2 6 6 1 1 5 4 8 10 7 7 8 1
871 7 5 7 10 4 10 1 10 4 6 7 6 8 8 9 9 8 5 2 8 3 10 2 3 6
770 10 6 8 6 6 5 5 10 1 3 2 2 2 5 2 9 7 4 3 4 10 9 7 3 4
765 7 6 3 8 1 4 3 7 7 10 3 2 10 10 8 9 6 5 9 1 2 4 6 2 1
10
767 3 8 1 6 8 7 1 7 9 3 8 1 6 8 2 4 3 2 5 8 3 7 2 9 9
808 9 9 10 7 3 5 9 6 8 8 5 10 7 6 1 2 3 7 8 8 7 1 6 6 6
702 3 5 5 4 4 9 4 7 5 6 10 7 4 7 10 9 6 7 7 3 4 3 1 4 7
642 6 9 4 10 4 9 7 3 2 2 7 3 1 4 7 1 6 2 4 1 4 10 1 3 3
899 6 9 6 6 6 8 2 8 6 8 4 2 8 10 3 7 10 10 6 6 3 1 5 8 1
721 1 9 5 1 2 8 4 10 8 7 6 10 7 2 6 9 9 4 1 10 7 1 7 8 10
701 3 2 7 7 2 4 7 5 7 7 4 6 5 7 4 4 6 3 10 9 4 3 10 7 2
726 1 4 10 6 5 3 7 10 4 10 5 10 7 5 6 1 7 7 1 6 4 8 6 2 9
659 3 2 10 6 3 4 10 2 6 1 9 1 8 10 1 8 2 9 3 7 8 4 3 6 8
816 5 10 6 10 2 8 2 2 10 6 8 8 6 6 3 9 8 8 3 7 1 7 4 9 3
10
735 8 9 6 1 5 2 10 4 3 4 10 5 5 5 9 7 5 2 5 5 4 5 1 8 3
712 2 10 5 6 7 3 2 6 3 9 3 8 4 6 4 3 9 8 1 10 6 10 3 2 3
717 6 3 5 10 7 5 3 2 9 6 2 8 4 5 1 8 2 1 1 5 8 4 6 10 10
701 10 9 2 10 3 5 10 7 7 8 9 8 2 10 2 4 2 10 3 4 10 3 9 1 7
629 2 4 3 6 3 8 4 10 6 8 6 9 8 5 2 3 1 2 4 1 4 5 3 8 3
775 10 4 8 2 1 6 6 1 4 6 1 9 4 8 5 7 2 8 9 6 7 4 9 6 6
808 2 5 9 6 6 7 1 2 3 1 2 3 9 2 10 10 4 4 6 2 8 6 7 8 9
712 1 7 4 6 5 9 7 5 6 10 8 5 7 6 5 2 3 4 8 7 2 5 1 3 9
855 10 1 10 6 1 10 6 3 7 8 3 9 3 2 10 2 4 6 2 7 7 10 9 10 7
853 3 7 2 7 7 9 6 2 1 10 7 1 10 7 7 2 9 1 3 7 6 3 10 9 9
10
818 8 3 2 1 4 7 3 10 7 6 7 9 3 10 2 2 10 10 7 1 3 7 9 9 10
833 7 1 8 6 10 1 8 4 8 5 2 2 2 10 6 6 3 7 5 4 1 10 7 7 9
672 1 2 1 6 9 9 3 3 9 9 4 3 2 7 1 4 3 8 4 6 7 6 9 5 5
865 9 3 10 3 9 6 2 10 7 3 10 4 4 5 9 9 5 4 9 3 7 5 7 6 4
793 6 1 4 7 2 9 6 2 2 5 7 10 7 5 9 1 7 5 8 7 4 10 4 7 4
929 5 8 2 8 1 10 6 3 2 7 4 10 10 10 9 8 7 8 4 5 6 9 6 8 10
780 5 4 1 10 6 7 7 5 1 6 7 3 6 10 2 9 1 4 7 4 1 10 7 2 1
821 8 3 7 5 6 7 7 6 10 3 3 7 7 8 7 5 7 1 3 10 7 9 2 10 6
896 2 3 6 5 6 8 4 6 1 1 8 9 9 10 8 8 10 9 10 6 3 7 5 9 5
886 9 9 9 7 5 6 8 4 5 7 3 4 5 3 5 10 8 9 9 1 7 3 9 9 4
10
770 6 3 7 9 5 7 1 6 9 5 5 10 10 3 7 4 5 4 1 6 5 10 2 7 5
870 3 9 5 9 10 7 4 1 7 1 2 9 10 9 6 2 4 1 10 5 9 8 4 6 3
750 6 9 5 8 10 3 5 3 5 2 10 6 10 5 7 1 1 2 4 5 7 5 3 3 10
745 3 6 2 4 1 4 10 1 1 7 4 7 4 9 2 8 7 9 8 9 6 7 9 8 8
794 4 2 3 5 10 3 9 5 10 1 9 10 8 9 3 9 3 9 9 10 1 1 1 8 4
583 8 1 7 7 5 2 2 5 2 9 2 3 3 6 1 8 3 7 1 8 4 1 7 4 6
852 1 6 7 8 8 6 9 5 10 10 1 4 10 1 5 4 9 8 5 8 1 9 7 8 5
812 4 6 7 3 6 10 9 10 9 10 9 10 6 1 6 6 8 3 4 7 5 7 5 1 3
784 4 4 1 9 4 6 4 9 7 5 8 5 7 5 6 7 9 7 2 10 10 10 4 7 8
809 8 7 2 10 2 1 10 4 8 5 7 2 6 5 2 7 7 9 7 5 6 8 7 10 5
10
892 6 6 7 6 7 5 1 5 9 9 8 6 8 1 4 1 8 8 7 2 7 7 10 7 8
799 3 7 10 6 5 1 7 1 1 4 5 2 6 9 3 3 6 3 8 1 10 9 6 8 6
702 3 5 8 8 3 2 6 3 9 4 5 1 8 9 4 3 3 8 4 3 7 2 6 10 9
835 6 5 3 9 2 8 3 6 7 6 7 3 10 8 8 1 5 2 5 8 6 9 5 9 2
813 5 4 2 7 9 1 3 1 4 8 8 2 9 8 9 2 10 1 2 3 2 10 5 9 7
709 1 6 2 8 7 4 8 7 8 1 2 7 6 6 8 6 1 10 9 9 9 1 7 5 2
862 4 6 10 7 5 10 5 1 9 2 4 4 9 2 7 1 9 10 8 3 9 6 8 8 5
651 7 7 4 4 3 1 1 1 4 7 9 6 5 7 1 6 7 2 2 4 7 4 6 5 8
671 4 10 3 2 9 7 7 5 5 5 10 6 1 5 3 7 6 2 5 4 5 1 2 8 1
671 7 7 4 8 6 5 6 5 5 5 9 10 2 4 7 6 6 3 4 10 6 3 4 2 10
10
925 9 10 9 4 10 6 2 9 7 2 6 4 9 6 5 6 8 10 7 2 4 3 2 9 8
777 6 6 4 6 1 10 5 4 3 5 6 5 1 9 5 4 10 1 5 2 6 8 10 7 3
984 10 9 9 10 8 2 5 6 2 8 4 10 10 9 2 7 7 4 4 10 8 9 6 3 9
861 7 6 10 1 5 9 5 7 3 7 7 5 10 2 5 3 8 9 2 8 1 4 6 7 7
660 9 1 2 4 6 10 9 9 9 5 1 8 6 10 2 6 7 1 1 5 4 2 1 5 8
742 9 5 7 2 2 7 4 6 2 2 7 3 7 9 1 8 9 5 3 8 8 3 8 2 9
549 1 7 2 6 1 5 5 9 6 4 4 10 3 6 1 6 2 8 1 7 4 6 2 1 9
725 3 6 8 10 10 10 5 2 4 2 2 9 9 2 4 3 3 9 7 9 7 1 2 1 1
858 8 5 1 4 5 9 9 4 10 9 1 9 5 3 3 6 8 6 10 7 6 9 9 3 3
855 1 2 10 9 9 10 4 8 10 8 4 6 5 10 8 4 8 4 5 6 9 8 3 3 3
10
634 1 7 2 10 5 5 9 5 1 2 5 4 3 5 9 1 6 10 2 6 1 8 9 2 6
530 5 7 2 1 5 1 7 2 9 7 6 5 3 5 1 7 1 3 7 7 1 8 1 2 3
849 6 7 3 8 9 7 8 1 8 7 9 10 10 9 10 1 2 9 8 4 3 5 6 8 3
752 8 1 3 2 7 2 7 8 6 7 1 4 5 3 5 2 9 5 7 10 5 7 2 8 4
542 1 9 10 6 1 1 10 8 5 9 1 2 8 1 1 1 3 9 7 4 7 1 1 5 1
736 6 2 2 8 2 10 6 10 4 8 5 6 4 3 7 10 4 1 9 2 9 5 1 9 9
607 1 3 8 7 1 7 6 4 7 5 8 8 3 6 9 2 7 4 2 10 1 4 8 8 2
890 10 2 4 2 4 8 1 4 8 9 5 9 7 5 2 5 7 10 7 8 5 9 9 10 10
686 6 7 9 4 2 3 1 8 2 6 5 1 3 7 4 7 5 1 5 10 4 8 10 1 4
721 1 7 3 1 5 8 9 4 6 10 2 7 9 8 2 10 5 6 1 6 4 9 2 1 10
10
816 8 4 8 10 10 1 8 8 2 9 8 6 3 5 1 3 1 9 5 8 3 9 6 9 9
778 5 4 9 9 10 1 6 8 10 10 7 2 6 7 1 1 3 8 5 3 5 7 5 9 5
698 1 8 2 4 10 10 5 10 3 8 5 9 3 10 3 5 6 10 2 1 6 3 9 2 2
758 4 8 4 3 2 9 5 1 6 3 7 10 7 10 3 8 4 6 8 9 1 2 10 7 9
1027 8 9 6 2 8 10 1 8 6 7 6 10 7 9 4 8 7 9 10 10 6 9 8 9 4
656 3 1 3 7 10 8 3 1 5 7 3 6 8 1 2 10 5 8 3 3 3 7 3 1 2
671 4 6 8 8 7 2 9 9 5 6 10 4 1 2 4 2 6 6 10 5 1 2 3 4 8
808 7 1 4 8 6 4 5 5 7 10 5 8 9 8 1 5 9 6 3 4 8 1 9 6 9
786 1 8 3 10 1 10 1 1 8 5 2 7 8 10 8 2 7 5 10 1 9 10 5 1 3
775 7 4 7 6 9 3 6 1 10 10 2 6 10 7 2 9 1 6 4 3 8 4 9 5 9
10
633 2 1 10 1 7 8 7 1 10 9 3 1 3 9 8 1 7 2 4 8 2 6 2 5 6
827 8 10 4 3 10 6 6 8 7 4 5 6 3 3 6 9 6 5 5 9 2 3 4 8 4
709 8 7 1 2 1 9 7 8 5 5 1 8 9 3 4 6 1 3 3 2 10 9 6 5 9
828 8 6 3 8 8 1 4 5 10 8 6 8 9 10 8 8 4 7 7 10 3 1 4 6 5
703 9 3 2 1 5 4 2 9 7 10 3 2 5 7 7 10 9 2 6 6 5 1 2 1 8
693 6 3 9 6 8 1 8 4 6 3 1 6 6 5 9 4 1 8 3 6 1 2 8 4 10
666 4 8 1 7 1 1 10 9 5 4 7 4 2 1 2 9 5 2 2 6 8 9 7 9 8
881 10 6 4 6 2 6 4 1 10 10 4 6 2 8 9 5 10 1 7 6 3 10 6 10 4
793 4 4 3 8 4 4 2 8 7 2 4 1 9 2 6 7 9 8 5 9 3 2 9 8 7
704 10 5 5 9 4 2 2 10 10 8 3 9 4 4 2 8 5 4 3 6 9 4 6 7 1
10
788 8 2 1 8 5 9 9 2 7 8 10 1 7 6 3 10 1 6 6 9 6 9 8 5 2
768 5 2 5 10 10 2 5 2 10 3 3 9 10 2 8 7 1 7 10 5 4 2 6 1 6
720 7 3 4 1 5 2 3 7 8 9 5 7 3 4 1 10 2 9 3 8 5 10 3 9 10
791 6 6 7 3 3 9 5 8 1 5 9 1 4 6 10 6 2 8 8 2 1 9 4 2 9
898 2 4 10 1 9 5 1 3 10 4 6 1 8 2 7 4 8 6 8 6 1 9 8 10 3
722 7 4 4 1 1 10 3 5 1 10 5 8 1 8 7 4 8 2 7 2 7 7 4 7 3
789 10 2 4 8 4 5 4 4 6 2 7 3 9 2 2 3 3 9 10 4 5 6 3 10 5
760 3 5 5 3 6 4 9 9 2 3 8 2 8 5 2 8 10 7 1 1 6 3 9 8 9
799 4 7 5 4 5 2 9 10 8 5 2 4 3 3 1 10 8 1 10 10 5 10 7 6 10
813 1 10 2 8 8 8 10 6 7 3 6 2 10 8 2 8 5 4 4 2 2 6 4 7 10
10
642 7 7 9 5 2 10 1 4 1 2 6 3 1 7 4 1 4 9 5 6 1 4 8 2 3
710 4 2 4 4 8 10 3 8 8 5 8 9 2 2 5 1 2 6 7 10 8 9 7 4 5
654 6 3 4 4 2 8 2 6 4 4 3 2 3 7 2 5 7 3 3 6 5 9 9 2 2
848 9 9 10 9 10 6 3 7 3 6 9 4 1 6 10 8 6 7 5 4 1 3 2 5 6
868 5 5 10 3 10 1 2 10 3 7 9 2 1 9 9 8 8 9 10 4 10 9 4 8 8
660 9 5 2 7 7 4 6 7 5 1 1 4 1 10 8 7 2 9 2 5 1 6 4 3 7
637 8 9 1 7 7 1 9 5 1 5 9 4 3 3 2 2 2 2 3 3 5 8 2 5 5
750 10 10 9 2 2 5 5 10 8 5 1 5 6 7 3 1 6 6 5 1 4 1 8 7 4
848 6 6 1 10 8 3 8 7 3 9 8 8 8 8 6 5 4 10 4 5 9 6 9 8 7
702 8 5 6 2 1 9 4 2 8 8 1 3 5 6 6 3 4 10 1 2 1 9 3 9 10
10
567 1 8 7 10 1 5 1 9 4 4 1 3 1 6 1 3 1 1 3 10 9 6 4 6 7
767 5 1 3 6 6 9 3 4 4 5 10 6 6 6 7 7 7 3 10 6 3 6 7 1 9
780 10 3 4 4 1 4 1 7 3 3 5 3 6 3 10 5 2 10 10 7 8 10 5 9 5
598 2 4 2 8 2 2 4 6 2 1 4 1 7 8 10 1 1 4 8 6 10 1 4 7 7
772 9 5 6 5 3 9 3 1 6 5 5 9 8 10 8 6 4 7 5 3 9 5 4 2 8
723 6 2 5 3 9 1 3 2 1 5 9 7 5 10 4 8 9 2 3 2 8 5 1 8 3
813 7 8 6 7 3 8 9 10 2 10 5 6 2 7 9 1 3 3 5 7 3 9 6 8 9
828 8 8 8 10 5 9 6 1 10 7 5 2 5 3 3 2 6 7 10 8 1 6 5 1 8
659 5 2 3 8 7 1 3 3 2 9 9 3 4 1 2 7 5 2 8 9 9 6 8 1 7
1002 4 9 9 10 6 10 6 10 5 2 5 5 10 9 4 6 9 6 8 7 1 5 4 8 6
10
776 9 10 5 10 3 2 6 2 9 7 5 4 8 4 3 3 8 2 8 6 3 1 7 7 4
779 9 6 9 1 1 10 4 10 8 1 6 8 5 6 4 8 1 4 10 1 5 2 3 8 7
523 2 4 2 8 1 8 6 9 8 6 4 3 2 5 6 5 6 4 1 3 3 3 2 1 5
562 1 4 9 1 3 5 8 6 1 7 7 2 5 9 2 1 4 7 6 5 4 3 3 2 7
709 7 4 2 7 5 3 10 4 10 5 2 7 4 4 5 10 6 1 6 7 7 4 10 1 9
714 9 5 8 4 1 6 6 1 1 3 7 3 4 2 8 8 3 8 2 9 5 9 9 1 8
734 1 8 9 4 7 7 2 8 8 10 9 1 2 6 5 2 7 10 1 4 3 8 3 5 10
710 4 5 2 4 5 8 5 2 5 4 8 4 7 8 7 4 5 1 2 6 4 10 10 5 3
761 6 9 3 7 3 10 3 2 1 1 2 6 6 3 6 4 4 9 8 3 6 7 3 7 1
865 5 5 9 10 3 2 3 5 1 1 10 10 6 8 1 3 7 8 10 9 10 10 7 4 8
10
925 9 7 5 2 5 5 9 10 5 10 2 1 8 6 10 6 2 3 7 4 10 10 9 9 3
807 10 7 10 4 9 10 8 5 7 7 5 10 1 4 1 1 5 1 6 4 5 5 4 5 5
721 9 2 6 2 4 1 5 1 4 7 2 3 6 4 7 4 9 6 10 6 9 1 5 9 5
702 8 7 2 7 5 6 7 6 1 5 7 9 4 6 8 7 9 5 7 3 4 1 2 4 4
827 9 8 8 7 7 10 3 1 7 2 9 6 1 10 3 1 4 10 3 2 2 10 2 9 3
770 3 1 7 3 4 10 5 1 5 2 5 10 10 4 1 10 7 9 1 10 3 9 8 1 1
673 2 7 9 1 1 8 10 4 4 1 6 2 4 5 3 3 9 6 2 2 10 7 9 6 6
815 7 9 5 4 4 6 8 4 6 4 1 10 6 9 1 10 8 9 5 5 5 8 1 6 8
907 9 1 3 5 8 8 7 5 9 1 9 9 9 2 9 1 8 9 10 4 5 10 8 2 6
740 4 3 10 6 3 6 7 10 7 4 5 3 5 6 5 6 3 9 8 3 2 9 4 3 5
10
788 10 8 4 10 1 5 3 4 1 6 9 1 3 1 5 10 2 9 7 2 2 5 10 10 4
662 10 5 1 2 1 1 8 7 10 3 9 6 7 8 6 10 2 4 3 8 2 2 3 10 3
622 5 5 6 1 3 1 9 9 3 10 6 6 1 1 1 6 1 7 7 2 9 5 2 6 9
667 6 6 2 2 4 3 9 6 3 4 5 8 7 3 6 1 3 3 10 9 1 2 10 1 4
907 8 10 8 8 6 9 10 6 3 9 5 8 1 5 2 10 5 2 2 3 10 7 9 10 5
678 7 7 5 3 5 1 9 4 3 9 9 2 5 6 1 1 8 8 3 4 5 1 9 6 6
699 9 8 6 6 4 2 5 4 6 7 7 5 6 10 10 4 5 1 1 7 3 1 8 5 5
806 9 9 6 7 3 3 10 7 5 6 9 1 9 6 7 8 8 5 1 6 6 4 5 9 7
857 10 4 9 5 2 6 6 5 1 10 10 5 9 8 10 3 7 8 3 6 7 7 10 2 5
640 2 1 3 3 2 4 2 1 6 1 1 1 5 10 10 10 9 7 8 6 9 4 1 8 3
10
678 3 2 8 2 6 9 5 8 6 6 8 3 4 1 7 10 1 6 1 8 1 4 9 9 4
824 9 3 7 6 9 7 5 2 2 3 4 6 8 9 1 3 2 7 6 5 9 6 8 6 6
854 10 1 10 3 5 10 7 9 5 5 1 10 5 8 1 5 9 7 7 2 7 7 4 2 3
624 1 6 5 1 1 6 4 4 8 9 4 2 8 8 6 2 9 9 3 5 9 7 3 3 8
799 3 7 1 10 2 3 9 10 10 4 1 5 9 7 5 6 10 1 7 5 2 9 9 6 6
691 3 7 1 1 1 10 1 10 9 8 8 1 4 1 6 6 5 6 10 4 4 5 8 6 1
642 1 6 1 3 2 10 1 5 8 6 3 7 2 5 3 9 3 9 5 6 8 3 10 6 9
1006 8 5 2 10 10 7 5 2 8 9 3 6 4 10 10 10 10 1 9 9 1 8 8 9 4
736 9 1 2 1 8 8 9 3 8 8 1 5 3 8 7 1 1 6 8 6 3 1 10 10 9
797 2 9 9 9 4 6 3 7 6 10 4 10 10 2 9 8 5 9 1 2 9 2 2 10 3
10
526 2 8 7 2 6 3 4 1 6 3 3 8 5 4 10 1 5 2 6 1 1 2 3 1 7
788 8 1 2 10 7 2 9 1 4 4 8 1 9 9 1 8 7 7 6 2 5 10 4 3 9
694 9 10 3 1 5 3 5 4 1 4 8 6 5 6 10 2 9 5 4 1 8 1 1 7 9
700 6 2 10 5 9 3 5 10 1 2 4 7 2 1 2 10 5 10 7 10 3 1 3 6 7
767 3 7 9 9 7 10 5 2 6 1 6 2 1 4 10 1 3 3 8 1 8 6 10 2 9
714 3 5 3 7 10 1 5 1 7 8 9 2 3 3 2 4 2 7 10 10 4 6 6 4 10
638 4 9 5 1 8 5 9 2 6 1 1 3 9 4 7 1 4 6 3 2 1 7 5 2 6
794 4 9 2 6 5 6 9 5 7 6 1 8 5 3 5 9 7 1 9 4 10 8 1 10 8
692 9 8 3 1 5 3 6 7 3 4 8 8 4 6 7 10 6 7 8 3 8 4 1 1 9
812 6 3 5 8 3 3 4 3 1 5 9 7 2 6 3 6 6 10 10 6 9 10 4 8 7
10
825 1 6 7 10 9 5 10 8 4 10 1 1 10 9 1 1 9 8 2 4 4 9 4 4 9
674 8 7 4 6 4 8 3 7 5 8 9 1 5 9 7 1 1 10 3 2 2 1 10 1 8
902 10 3 8 8 7 6 8 5 3 7 5 6 9 8 2 8 9 5 5 8 7 7 1 5 2
824 8 8 6 6 2 3 5 8 5 4 7 9 4 5 8 9 5 7 9 2 5 9 8 1 5
621 7 6 3 2 2 9 3 4 3 9 9 3 10 9 9 5 2 5 2 6 8 1 2 2 8
789 3 1 2 9 2 9 8 8 2 5 3 4 8 8 2 4 8 7 8 7 4 7 6 7 9
685 7 1 10 1 4 4 10 3 7 4 2 3 4 8 1 5 9 8 9 5 2 1 3 3 10
793 7 10 1 3 4 2 4 7 9 1 4 6 9 2 8 9 1 10 10 8 2 4 8 6 6
833 8 5 9 2 8 9 10 7 7 2 4 2 3 8 7 2 9 8 7 3 7 4 3 5 5
713 8 2 6 9 2 1 2 8 1 4 10 1 4 3 3 9 4 6 8 2 2 1 10 8 4
10
700 5 7 1 8 3 4 5 4 9 4 10 2 8 6 3 1 6 7 3 9 7 3 4 7 5
791 2 7 1 7 9 5 9 5 10 2 10 2 8 9 5 3 6 5 7 8 6 5 8 3 10
710 5 1 2 9 2 1 10 10 7 6 6 7 9 1 6 10 3 7 9 7 6 6 4 6 3
796 7 10 8 8 2 4 8 7 4 4 8 5 9 2 6 5 10 3 8 4 6 2 6 4 9
670 3 9 6 1 1 6 5 5 2 2 7 1 10 9 5 5 7 5 2 10 8 2 1 2 9
716 6 10 3 8 6 1 1 8 2 9 1 9 6 5 5 1 7 7 2 5 4 5 10 3 4
747 4 8 2 4 5 3 8 7 3 1 10 8 10 10 8 10 3 1 5 2 7 4 3 5 6
751 4 7 9 6 6 1 10 3 5 1 9 9 1 7 8 8 10 6 2 10 8 7 10 1 8
805 3 5 2 4 7 8 6 9 7 2 5 3 10 1 1 6 10 3 4 3 5 9 1 9 2
736 6 6 2 8 6 2 7 3 3 4 9 6 9 5 5 4 4 3 10 7 7 4 5 1 3
10
733 4 5 8 8 2 1 1 4 2 10 3 4 8 1 7 3 9 5 10 10 6 5 9 1 1
829 4 10 6 3 9 9 6 9 6 5 9 6 5 7 10 2 9 2 8 3 5 1 6 8 7
922 8 5 9 3 6 8 6 8 5 10 5 3 8 10 2 8 8 4 6 6 6 9 6 5 2
702 8 5 1 7 8 5 3 9 2 10 8 9 7 3 3 7 5 2 2 3 1 4 6 5 1
624 10 6 3 7 3 3 1 2 5 10 9 9 1 1 3 4 6 4 10 7 1 1 5 3 2
710 7 1 4 3 3 5 4 8 1 5 5 4 8 8 2 9 2 9 6 2 9 8 5 2 1
828 7 8 1 5 4 2 5 3 8 6 9 1 10 4 9 10 2 10 7 1 6 9 9 6 3
741 6 8 4 2 5 10 7 10 6 1 7 4 3 10 9 2 5 5 1 8 7 7 7 1 6
624 4 5 3 9 6 2 8 7 6 1 2 3 4 10 3 5 5 10 5 2 3 1 8 4 9
611 3 3 1 8 3 5 5 3 1 8 4 5 8 1 10 8 3 4 7 6 1 6 3 1 4
10
826 9 3 8 2 3 1 1 6 2 10 8 3 4 2 7 10 10 6 10 10 7 9 4 7 4
769 3 1 1 5 5 8 10 6 6 10 4 10 2 9 8 10 6 2 10 1 2 6 2 6 9
662 3 3 8 2 9 5 1 1 2 1 4 10 1 5 6 7 1 5 2 1 8 8 7 9 7
659 1 1 7 10 2 4 7 9 3 4 9 9 7 6 5 6 1 1 4 10 9 3 2 10 10
784 3 4 10 1 8 5 1 9 10 2 2 1 2 8 4 10 8 6 2 6 7 8 2 8 10
676 4 7 7 1 9 3 8 9 1 5 2 8 4 4 3 10 1 5 4 5 10 10 4 1 7
712 7 10 4 3 2 3 2 10 4 5 6 7 10 1 9 2 3 6 7 2 8 9 4 2 1
951 6 6 4 7 10 10 3 8 10 8 2 4 7 8 2 4 8 3 8 4 5 8 6 8 9
726 4 2 4 6 9 5 2 2 7 10 4 6 5 2 6 5 2 6 9 3 5 4 9 4 3
705 10 9 1 7 7 1 10 7 6 8 1 2 2 2 7 9 1 10 4 7 5 1 8 9 1
10
649 10 9 9 8 3 10 9 1 6 3 4 8 1 1 3 8 2 3 6 1 1 2 3 2 3
722 2 3 5 7 10 4 3 7 6 10 10 7 3 5 7 5 2 3 6 5 8 9 8 2 7
658 5 2 5 9 1 1 7 1 9 6 5 3 1 8 10 8 5 9 6 2 1 10 2 9 4
714 9 1 4 9 4 10 6 7 6 10 1 10 2 10 1 6 4 1 2 10 10 2 7 7 9
766 8 8 10 4 6 1 3 7 7 2 2 6 1 7 1 9 6 4 1 10 7 9 6 7 2
646 1 4 5 5 6 4 5 1 3 3 5 1 7 4 7 8 7 5 4 10 3 2 3 1 10
788 4 9 8 1 7 3 6 3 8 10 3 2 5 8 4 10 9 7 3 6 10 4 8 10 6
774 5 2 6 2 6 7 6 4 6 9 8 8 3 5 8 9 3 5 8 5 10 9 1 7 3
708 5 1 4 10 1 3 3 9 1 7 6 10 1 1 4 3 9 7 3 7 4 9 9 7 9
785 7 8 5 4 1 9 7 4 4 1 4 8 4 3 8 7 4 9 9 8 9 6 9 5 9
10
875 10 3 7 5 8 3 5 3 3 4 3 6 9 6 7 4 7 8 9 8 4 4 2 9 9
750 5 2 5 8 4 5 7 3 10 8 2 8 5 6 4 3 8 3 1 10 7 10 8 7 4
623 3 5 8 1 3 1 3 9 3 3 1 6 1 10 9 10 2 10 3 7 8 7 2 3 9
796 1 9 1 5 5 3 10 10 8 5 9 7 7 10 4 4 10 6 7 10 9 3 9 4 8
698 7 9 4 4 3 6 7 6 2 7 6 2 6 8 10 10 8 10 2 1 10 2 1 4 8
689 5 2 4 7 7 9 8 4 7 2 10 2 3 7 1 3 1 5 4 9 10 4 3 9 8
723 2 4 3 4 6 10 4 9 7 10 6 5 5 7 2 10 2 8 10 4 3 4 5 4 1
620 6 2 4 4 1 5 1 1 4 4 4 1 5 8 5 5 6 7 7 6 8 1 4 3 7
777 8 1 4 6 8 1 2 3 2 2 1 9 1 2 10 10 8 10 7 3 10 10 5 9 6
841 7 10 6 4 7 7 2 2 4 8 7 6 2 8 8 5 7 5 9 6 5 10 4 4 6
10
835 9 8 9 5 2 10 6 2 3 2 10 7 4 1 9 9 1 6 9 6 5 3 8 3 10
794 2 2 8 9 7 3 2 7 1 4 4 2 8 3 6 10 7 2 8 5 3 8 10 4 10
516 6 1 2 9 8 4 7 3 5 3 9 8 1 3 1 6 5 3 1 4 8 3 4 2 4
898 10 3 4 5 5 4 2 4 1 9 7 7 10 8 5 4 4 6 10 4 5 7 2 9 10
742 7 10 6 1 6 6 2 3 10 5 6 5 1 1 5 9 4 4 8 9 7 1 8 7 10
650 2 5 3 6 4 5 7 5 7 3 4 9 7 3 3 6 8 1 4 3 1 1 9 8 1
633 2 3 7 8 2 4 10 2 1 6 5 3 1 1 5 7 4 3 9 4 4 8 5 2 8
664 9 1 5 2 8 2 3 5 2 2 5 10 2 7 5 4 4 8 2 9 4 1 10 10 7
565 6 2 1 1 9 8 5 3 5 5 5 6 2 9 4 3 4 3 3 3 3 9 1 1 3
717 6 10 3 4 1 1 10 8 6 9 6 1 4 8 9 5 2 4 2 4 5 10 6 10 6
10
558 4 3 6 2 1 5 10 6 9 4 2 1 1 3 4 3 5 10 4 7 1 4 1 10 3
624 4 5 2 7 3 10 9 5 2 7 3 10 6 10 9 1 2 2 6 1 4 3 6 2 4
889 4 9 10 8 6 4 3 10 9 7 1 8 3 10 6 8 10 9 7 9 5 9 7 5 3
732 10 8 7 9 6 2 6 1 3 10 6 7 7 3 2 6 3 9 5 3 9 8 1 3 2
933 9 10 5 9 7 6 8 2 7 4 6 7 3 10 5 1 2 5 10 7 7 6 9 9 8
707 4 4 1 2 7 3 2 10 8 3 2 9 5 1 10 3 9 9 10 6 9 5 4 1 3
875 5 7 9 1 8 8 9 7 3 5 5 8 8 2 2 9 8 9 8 5 6 3 4 10 8
840 3 2 6 8 7 1 7 4 5 6 2 9 9 1 10 6 9 5 1 2 10 10 10 8 9
513 1 2 1 7 4 3 3 8 6 9 10 3 1 1 8 8 2 5 1 3 2 9 9 1 6
857 2 6 7 1 9 9 7 3 5 8 8 4 9 6 10 6 7 7 9 7 3 3 8 9 1
10
888 10 5 8 3 7 2 2 10 7 7 10 8 9 4 8 6 7 2 3 10 8 8 5 8 3
936 9 6 3 1 8 7 2 8 5 6 8 7 6 8 6 7 2 10 8 10 5 10 9 10 3
581 1 6 2 8 3 4 5 8 9 2 5 1 5 4 8 6 1 8 2 10 7 2 8 3 7
812 3 4 10 5 4 3 4 1 5 2 6 1 9 9 6 10 8 6 8 10 5 5 7 7 5
922 1 9 10 4 6 9 9 10 5 2 3 3 8 6 6 7 8 5 6 7 5 10 6 10 4
755 2 2 1 7 9 1 1 7 6 4 3 6 10 3 5 9 9 8 2 8 4 8 6 4 9
727 10 2 4 10 3 9 7 9 10 7 2 9 4 4 9 4 5 8 2 4 4 5 10 1 5
817 7 10 4 6 4 3 9 8 3 10 3 8 5 4 8 5 9 10 4 2 10 2 6 9 7
861 8 8 8 2 2 7 5 3 3 9 7 8 10 9 10 8 4 10 2 4 9 7 9 4 2
632 3 3 8 7 1 6 9 9 10 4 8 2 2 3 2 5 6 3 5 8 1 3 10 1 10
10
600 1 8 8 3 7 5 10 10 8 8 2 3 6 8 5 3 1 4 1 4 7 2 6 4 7
852 3 10 9 2 10 6 10 10 5 5 2 9 8 4 8 3 4 9 7 8 4 5 2 7 5
838 9 6 6 7 9 6 9 3 3 7 5 10 7 6 10 4 5 9 8 5 3 4 8 4 4
757 4 3 3 3 2 7 1 2 4 4 9 10 4 8 5 10 10 9 10 2 5 5 2 7 7
868 5 10 3 9 7 10 8 9 7 1 1 4 10 5 3 1 6 4 3 7 9 3 8 7 7
671 1 5 10 5 1 5 10 10 7 1 6 1 4 4 3 1 6 6 9 10 1 2 1 9 10
711 1 9 4 3 10 4 1 4 10 4 3 6 9 7 4 6 4 2 6 4 10 5 2 6 8
541 8 1 4 7 1 9 5 9 7 6 10 4 2 2 1 3 2 5 7 3 2 1 7 1 2
690 5 2 8 8 8 2 2 5 4 2 10 6 7 8 5 1 1 2 6 9 9 1 8 3 3
803 6 6 4 10 9 6 1 5 8 10 5 2 8 6 1 8 6 4 5 7 9 1 10 2 10
10
673 1 7 6 8 10 10 1 3 6 3 2 4 2 3 5 5 5 7 4 7 10 1 6 7 4
701 5 6 3 3 9 8 3 7 7 5 8 8 2 10 2 1 6 5 8 4 7 1 7 7 2
688 9 4 1 8 9 5 8 4 3 7 1 1 1 7 2 2 1 5 4 8 6 3 8 10 10
549 1 2 5 5 9 10 3 2 7 9 9 1 1 6 1 10 3 8 1 6 9 1 4 1 7
768 8 6 8 9 6 2 2 9 4 9 5 2 3 7 7 4 2 7 10 7 8 9 2 1 9
778 1 8 4 2 8 10 4 3 5 7 8 5 9 3 2 3 8 7 1 9 5 9 6 9 1
868 5 6 9 5 6 10 6 10 5 3 4 4 7 8 1 8 8 1 5 3 8 6 3 9 9
668 9 4 4 9 2 2 1 1 8 2 10 2 9 3 1 8 7 7 2 10 1 6 2 5 5
726 3 9 6 8 7 2 1 6 8 4 5 8 1 8 2 3 7 1 7 4 9 1 8 8 7
701 5 1 8 7 10 2 4 3 9 1 4 7 2 3 1 1 6 5 9 3 4 7 1 4 7
10
649 1 6 2 3 7 5 3 1 1 1 10 7 9 10 3 4 2 7 1 1 5 2 9 8 2
536 1 2 2 9 6 1 1 1 3 8 8 2 2 5 4 1 1 7 4 10 7 3 6 9 8
850 2 10 4 10 2 3 9 10 7 8 10 2 9 2 10 9 8 9 8 7 3 8 7 5 3
776 5 7 3 4 4 5 9 10 9 9 3 2 7 7 8 2 3 9 7 4 2 10 6 2 9
708 5 2 8 4 4 3 2 7 7 9 7 7 7 4 5 1 9 2 5 9 5 5 7 2 2
767 10 2 6 4 2 6 3 5 1 8 6 5 9 5 1 7 5 6 5 1 8 3 9 4 6
685 9 4 5 5 3 7 8 5 6 3 5 1 1 3 9 8 3 5 10 4 2 6 10 1 1
696 1 2 2 3 4 2 1 6 9 3 10 2 7 8 10 7 8 3 4 7 6 8 9 6 1
874 6 6 3 9 10 7 4 1 3 2 8 5 8 8 2 7 8 7 9 8 2 1 1 10 6
586 7 3 1 3 4 7 1 4 8 7 7 5 3 8 4 10 1 10 2 5 5 5 2 5 4
10
796 6 7 9 8 6 8 4 5 3 1 8 10 9 6 2 10 8 7 2 3 5 2 5 1 7
757 10 3 1 2 5 4 8 7 6 6 3 10 3 3 9 5 3 9 9 2 9 4 1 10 10
899 8 9 9 8 9 4 5 9 1 6 8 2 6 2 3 4 7 4 3 10 3 7 10 10 10
830 4 8 1 1 5 2 7 8 5 3 5 1 6 3 6 6 7 10 10 8 6 10 8 5 9
904 9 8 10 1 8 7 7 2 10 6 2 10 10 4 9 3 10 4 6 5 4 5 10 1 8
805 9 6 4 10 9 7 10 2 3 2 1 4 4 4 1 10 7 6 4 10 8 1 8 6 4
890 9 9 3 9 10 9 10 10 3 3 10 6 5 8 4 6 3 5 10 4 1 7 1 6 1
865 4 7 6 10 2 3 7 10 8 9 5 9 8 1 10 10 8 4 9 10 7 5 6 9 8
897 6 5 6 3 9 10 8 4 4 1 1 6 8 10 7 4 7 3 9 4 3 7 5 7 8
583 1 8 3 5 2 6 5 5 2 7 3 6 7 10 5 3 2 9 3 5 1 1 10 4 4
10
755 3 8 2 6 7 1 3 5 10 10 1 1 6 8 3 7 7 6 5 10 1 8 8 6 10
821 8 8 5 5 10 1 8 10 5 7 1 9 2 10 6 5 8 8 9 6 6 8 4 1 8
854 10 6 2 3 10 2 3 8 5 10 3 4 9 8 2 3 10 7 3 10 3 10 7 7 2
724 1 9 1 9 3 6 4 7 6 9 5 5 6 5 1 9 1 4 4 10 10 5 3 10 10
727 1 3 8 1 5 7 9 1 8 7 6 5 10 8 1 7 5 1 7 1 8 6 9 1 7
687 4 4 3 10 1 7 9 8 5 1 1 9 3 4 2 1 10 5 2 9 2 5 7 9 6
697 8 5 2 4 1 2 10 2 4 2 8 1 9 5 3 4 2 10 8 7 7 6 8 5 1
805 10 8 4 8 9 3 7 5 2 10 9 9 7 6 4 2 4 6 4 9 1 7 10 4 1
677 3 5 2 8 2 2 8 1 4 4 4 2 9 8 2 1 7 4 5 4 6 3 10 6 9
742 8 7 6 2 4 6 4 8 7 9 5 10 2 9 4 2 7 7 5 6 10 5 7 8 5
10
741 2 8 2 3 3 10 9 4 4 10 8 6 10 4 6 1 1 6 10 3 6 5 4 7 7
772 7 8 3 6 10 4 10 10 7 8 2 1 9 6 4 4 6 3 1 8 3 10 5 1 4
759 1 2 7 2 7 9 8 5 9 3 7 6 7 7 7 6 3 10 1 5 1 7 7 5 7
716 8 3 5 6 5 5 3 2 1 3 3 2 4 10 4 7 8 1 2 3 9 2 6 8 5
712 3 9 9 3 6 10 10 9 1 7 6 3 1 10 7 6 10 9 1 6 9 1 7 2 3
817 8 1 6 2 10 6 1 3 3 4 4 3 7 6 6 4 6 2 8 9 4 7 8 4 2
902 9 1 1 9 10 9 10 7 2 1 7 7 4 2 6 4 9 4 10 2 7 8 9 4 9
779 10 6 6 3 2 8 5 6 7 6 4 4 7 2 2 10 1 5 9 10 2 6 5 1 1
779 3 5 7 6 5 3 3 2 5 2 3 10 7 10 2 10 2 5 1 10 5 10 4 10 9
785 9 6 9 7 8 2 10 1 8 4 4 7 8 6 5 4 4 4 7 3 2 2 7 7 7
10
653 3 3 6 2 9 2 5 1 7 10 4 2 5 9 3 4 2 7 1 9 3 7 3 6 9
640 5 8 4 2 2 1 5 2 8 3 5 3 9 7 6 2 3 7 1 10 1 9 3 9 1
815 7 7 7 4 4 8 6 10 6 9 2 5 3 6 2 4 6 8 7 9 3 6 9 1 6
632 2 6 4 5 2 6 4 9 9 2 1 6 9 1 10 1 8 4 6 2 3 1 2 2 7
662 2 3 4 8 3 9 2 7 4 7 6 1 2 8 9 6 4 1 9 1 5 1 6 4 3
785 7 8 9 3 1 1 9 6 4 1 5 9 9 8 1 6 8 6 8 7 9 5 5 6 4
736 7 9 7 5 2 4 10 10 1 6 6 10 10 4 6 10 8 1 5 9 4 3 3 1 3
760 8 6 5 1 3 8 1 1 3 6 6 1 10 1 1 4 3 10 5 5 9 7 10 7 5
758 6 4 4 4 10 9 10 8 2 6 9 5 6 2 10 1 6 2 3 7 5 6 3 2 7
687 3 6 8 7 8 6 3 3 6 8 7 5 2 3 10 7 1 3 7 8 7 2 5 5 3
10
733 3 4 3 3 4 1 1 5 4 1 10 2 10 8 6 2 6 10 6 3 10 10 10 6 4
830 10 5 4 5 9 7 4 7 4 9 2 5 9 1 5 1 6 3 8 3 6 1 6 8 8
864 1 4 6 9 7 10 5 9 4 5 5 2 7 1 3 8 2 4 9 3 10 10 2 8 9
591 4 7 10 5 5 2 1 10 10 8 1 5 2 1 5 7 2 2 1 9 8 4 3 10 1
736 9 9 7 2 7 3 5 2 3 3 1 9 10 5 9 5 5 5 5 8 4 1 6 7 2
771 1 9 1 10 6 6 7 7 1 4 1 8 2 7 5 8 4 2 10 4 5 4 9 4 10
844 9 8 9 2 5 9 7 2 6 6 3 1 7 8 5 6 5 7 6 6 8 5 6 6 3
827 3 4 4 1 10 10 7 2 7 4 5 7 10 3 3 4 8 4 7 1 4 7 8 7 1
887 5 7 1 5 9 7 2 10 7 7 8 8 6 3 5 4 7 10 8 4 6 5 10 10 8
779 2 7 10 4 4 3 3 7 7 4 8 4 6 3 2 4 7 5 6 7 3 6 7 10 10
10
782 4 7 6 5 9 10 4 2 2 7 1 2 10 10 4 1 8 8 3 1 1 1 9 4 4
714 5 2 8 3 5 2 9 4 1 2 10 5 1 9 10 10 9 5 8 10 5 7 4 1 5
725 6 7 3 4 6 8 1 7 1 10 1 10 6 2 7 2 7 6 1 7 2 7 3 9 5
606 5 5 10 1 8 2 1 5 2 9 7 2 2 5 1 4 2 9 4 9 3 1 10 1 10
514 4 6 2 7 2 1 10 10 3 7 2 1 7 10 5 7 4 6 5 2 9 1 1 1 2
658 1 6 9 8 8 4 2 3 8 8 6 6 3 1 1 10 2 2 6 3 5 5 1 9 3
790 9 5 4 3 9 6 5 9 6 9 5 7 7 9 10 1 7 1 6 1 7 4 2 3 5
673 5 5 4 1 4 10 8 2 10 8 3 1 10 4 6 3 5 8 1 4 5 3 9 3 4
768 9 9 1 6 1 6 6 3 5 3 9 7 2 2 9 4 1 9 9 2 1 10 9 8 7
746 9 5 7 7 2 10 8 7 3 9 3 5 3 8 7 10 2 7 2 6 10 1 6 8 2
10
766 9 3 1 2 6 10 6 3 4 8 3 1 4 7 4 2 9 8 6 7 1 8 5 1 2
934 10 10 10 4 8 10 2 9 2 1 4 7 6 10 9 10 7 7 6 10 1 3 6 4 4
650 3 8 7 9 1 4 2 1 4 7 6 7 9 8 4 4 7 1 6 6 2 3 2 3 2
839 8 3 8 5 2 6 4 7 4 2 6 10 5 5 10 5 1 7 8 4 3 10 9 8 8
863 5 7 8 9 6 4 1 6 1 10 2 7 7 7 3 7 3 2 10 8 8 6 3 10 4
732 2 10 5 9 2 3 9 9 4 6 10 2 7 4 5 8 4 7 3 6 7 3 9 8 9
881 6 9 2 6 10 10 6 7 2 6 2 6 2 8 1 3 4 2 10 7 8 10 6 5 5
690 8 3 9 3 6 9 3 3 1 5 3 4 1 5 5 10 2 2 6 6 4 7 8 1 2
804 7 9 8 3 4 6 4 6 4 5 8 2 9 9 1 10 5 5 4 10 7 4 8 7 3
778 7 8 4 1 2 7 9 4 7 4 5 6 5 9 9 6 10 1 7 9 4 1 9 5 3
10
707 2 3 4 10 9 2 9 6 6 8 6 7 4 1 9 5 3 5 6 1 9 6 10 4 2
652 8 5 1 10 3 1 9 1 9 6 2 4 8 2 10 7 5 4 4 5 2 4 3 8 1
731 5 7 2 1 4 8 8 7 7 3 10 7 7 8 2 7 4 3 10 3 8 5 6 5 3
704 4 4 2 1 5 9 8 8 4 9 1 6 1 8 4 9 8 10 2 1 8 1 7 9 9
708 1 4 1 2 3 6 3 6 6 9 5 10 8 10 7 5 2 10 10 5 2 7 7 6 5
822 4 6 8 5 4 3 3 8 9 5 10 10 6 9 9 6 8 4 6 10 9 6 10 6 9
868 9 1 5 6 1 8 5 8 1 9 9 3 4 9 3 6 4 4 8 5 10 10 6 9 4
892 2 2 5 10 10 10 10 1 3 2 3 7 8 9 5 8 9 1 7 9 7 4 9 6 1
726 6 9 8 6 7 5 10 8 5 8 3 1 2 8 10 2 5 10 1 9 8 7 1 2 4
693 7 6 1 3 2 7 8 3 10 7 10 6 4 2 8 10 5 1 4 1 9 9 8 5 6
10
952 7 2 4 3 10 7 1 9 9 7 9 6 10 8 7 5 9 4 10 7 1 6 5 4 10
850 5 7 2 2 8 9 5 9 2 9 5 8 8 8 8 1 8 8 1 2 7 10 10 5 3
751 1 6 4 10 6 8 1 1 5 5 6 3 3 2 6 8 8 1 9 10 10 2 8 8 10
725 10 1 4 8 4 1 5 1 7 2 1 8 4 5 5 4 3 5 8 10 3 9 10 6 9
760 3 6 3 7 7 8 6 8 3 1 5 10 9 10 9 1 7 4 2 10 4 2 10 4 1
927 10 10 5 8 7 10 2 5 5 10 7 6 9 9 1 5 3 3 8 4 1 6 2 3 10
902 8 6 8 7 10 4 7 4 4 2 9 7 8 10 10 4 4 2 9 3 5 7 5 8 6
842 10 7 7 9 1 4 9 3 8 9 10 5 7 5 7 9 1 7 5 8 8 2 8 9 6
875 9 10 5 4 3 1 8 5 6 6 8 2 7 2 2 8 10 4 9 5 6 9 9 4 10
857 3 10 1 3 10 8 3 2 6 2 2 4 7 9 6 5 6 9 10 1 8 9 3 3 6
10
919 9 2 8 3 7 8 6 8 4 5 10 8 7 4 4 9 8 6 8 6 10 5 7 8 4
733 5 5 2 4 1 10 1 10 2 9 2 1 5 2 3 6 8 7 9 9 9 6 6 4 7
806 1 9 6 9 10 4 5 7 3 7 8 9 6 4 8 4 8 7 2 6 8 4 6 10 10
840 9 3 7 9 3 7 1 6 8 2 10 10 1 10 4 10 5 2 9 10 4 6 4 7 5
733 3 1 8 8 8 5 3 4 7 3 6 3 5 5 3 10 8 2 9 4 7 6 4 1 7
774 4 10 4 3 6 10 7 2 6 5 3 2 4 3 9 10 3 3 2 10 7 7 7 9 9
900 8 6 8 2 7 1 10 4 8 5 5 6 4 10 6 3 7 4 8 10 7 9 9 9 6
931 10 5 7 2 10 7 7 10 8 9 8 8 8 5 10 10 10 10 4 3 2 8 2 3 5
764 10 3 9 6 10 10 5 2 1 9 6 2 2 2 5 3 7 6 5 4 4 4 7 3 1
735 8 1 8 4 9 1 9 4 6 9 10 10 9 4 7 3 1 2 4 8 6 9 2 3 3
10
698 2 10 10 5 6 3 7 10 5 1 9 6 3 3 1 3 3 6 10 2 2 7 5 3 8
728 3 4 10 10 5 2 5 7 7 8 5 4 9 1 6 2 8 4 6 8 2 2 2 6 10
735 8 4 7 6 1 10 9 1 10 4 3 9 4 5 9 6 9 5 2 6 7 5 8 1 1
728 7 8 3 2 7 10 5 3 1 7 9 5 6 3 5 4 4 1 5 5 10 5 4 1 5
811 10 9 9 7 9 4 8 9 3 9 1 10 1 6 1 3 10 8 2 5 4 7 9 2 1
767 6 2 4 3 1 10 5 4 3 3 9 3 7 4 6 4 8 5 9 6 2 3 10 7 10
900 8 5 5 9 10 10 8 1 2 10 3 10 6 7 4 7 7 10 8 8 8 6 2 1 3
663 7 6 8 2 4 2 2 9 9 6 2 3 2 7 3 2 4 3 9 3 1 6 1 7 9
746 8 8 7 7 2 8 6 8 9 1 6 9 9 7 6 4 3 3 3 2 3 7 2 3 10
790 4 9 3 1 10 3 9 7 7 8 1 9 3 8 9 5 4 2 9 7 10 9 1 8 1
10
565 1 1 7 7 4 5 7 6 5 9 10 6 5 6 7 2 9 3 4 3 8 3 1 2 2
802 10 3 2 7 1 10 3 3 10 2 4 8 10 2 10 4 8 6 10 7 5 4 8 2 3
685 4 3 1 10 1 7 3 5 1 4 3 10 10 5 7 5 4 10 4 10 7 10 3 4 1
917 10 8 1 10 2 8 10 6 4 3 10 5 8 2 6 9 8 1 9 8 9 10 3 5 4
780 2 9 10 4 10 5 1 4 5 4 6 7 10 9 7 9 9 5 1 2 8 3 10 3 2
810 10 8 7 1 2 8 8 4 9 2 3 8 5 7 6 1 3 3 8 10 10 9 2 8 9
717 10 2 5 2 4 7 7 9 7 2 3 2 3 10 4 8 5 7 9 4 4 5 2 2 3
786 8 7 3 10 10 8 5 3 1 7 1 3 10 1 6 9 6 3 3 10 2 4 7 1 5
669 4 2 7 3 6 3 2 1 10 8 8 6 6 7 4 4 7 4 1 5 8 1 10 5 5
736 7 6 9 9 10 1 1 10 3 10 6 2 10 1 2 5 1 4 3 6 7 5 2 4 1
10
760 5 3 10 2 5 1 5 1 7 3 10 1 7 7 3 7 5 8 7 10 4 7 3 7 5
675 6 1 1 6 7 3 9 2 6 8 7 10 3 2 7 9 6 8 10 10 2 6 1 4 6
719 6 1 9 1 6 2 5 6 8 3 10 6 10 10 2 6 1 9 1 9 7 6 5 5 3
649 7 3 7 9 1 5 9 7 2 10 4 7 3 4 2 5 3 9 4 8 5 1 10 2 10
727 5 8 6 5 6 4 1 10 1 2 5 4 8 8 4 5 6 4 3 10 2 7 1 5 9
657 2 6 10 9 8 7 3 9 8 6 4 8 2 5 1 6 1 5 3 9 8 1 3 2 5
858 10 6 9 6 5 5 9 3 2 8 5 3 6 7 10 10 8 7 5 2 10 8 2 5 9
749 6 3 7 7 10 8 4 5 3 8 3 1 1 6 10 4 8 6 2 9 6 6 3 2 6
844 9 2 3 3 3 6 6 7 5 9 1 8 6 5 5 6 10 7 5 10 6 10 5 8 2
649 8 2 2 3 8 5 7 8 2 2 3 2 1 7 9 9 3 6 2 4 2 4 9 9 3
10
777 5 4 7 6 6 7 5 8 1 4 3 4 8 7 1 9 3 8 2 3 10 9 3 7 1
749 3 9 7 6 1 5 8 5 2 8 3 5 7 3 9 7 5 2 4 9 1 9 5 10 8
656 2 7 2 5 2 10 10 5 9 9 1 10 1 3 9 3 5 3 5 2 7 6 3 7 7
787 7 5 5 4 1 5 1 6 2 5 6 10 9 3 1 6 3 6 9 1 5 5 4 10 9
823 5 7 7 9 4 9 10 9 1 6 2 4 4 5 7 4 2 10 9 3 6 5 4 6 7
811 8 9 3 1 8 1 10 10 6 5 7 8 3 1 1 7 8 10 9 5 2 3 6 10 3
750 4 9 1 7 1 9 10 1 8 3 3 9 3 5 10 1 10 9 10 1 8 7 7 5 4
936 9 4 10 8 4 9 5 5 4 7 1 8 8 2 4 2 8 6 10 1 5 7 8 8 4
776 8 1 10 3 6 3 10 7 1 4 1 3 2 4 2 1 9 9 10 7 8 3 4 9 9
800 8 5 7 3 9 4 7 5 7 10 6 1 2 7 4 9 8 8 3 4 6 4 4 9 3
10
695 6 7 2 7 2 1 1 1 7 6 4 9 8 7 6 9 6 9 5 9 9 1 3 8 5
815 7 1 10 9 6 9 5 8 2 8 7 6 2 2 8 9 4 10 8 6 3 9 5 2 2
749 10 6 7 8 2 2 8 4 7 4 10 10 1 9 6 5 1 3 5 4 3 9 6 8 4
868 3 5 4 3 8 6 9 4 4 7 4 6 8 8 3 4 9 7 5 8 8 3 9 10 10
786 3 7 8 6 6 9 1 4 5 3 2 8 3 3 7 10 7 6 9 6 2 5 6 2 10
848 2 6 8 9 7 6 10 7 9 8 5 7 4 10 6 3 10 3 2 3 10 9 4 6 9
742 10 2 6 8 7 5 10 2 5 6 8 8 2 1 3 1 10 3 6 2 7 1 9 8 3
742 5 8 3 8 8 4 4 4 4 10 7 9 4 9 10 10 5 9 6 4 1 7 1 2 2
729 4 8 2 3 1 6 6 5 1 7 2 8 7 2 10 5 6 8 2 7 8 8 6 9 8
800 8 4 8 4 6 5 3 1 7 6 2 10 3 3 8 4 9 7 6 8 10 6 3 7 9
10
672 6 4 1 7 9 8 7 2 1 6 6 1 1 9 3 6 2 7 4 10 5 1 2 10 3
584 3 5 7 4 5 6 7 5 6 6 5 4 1 9 7 2 6 5 1 3 6 1 6 9 2
771 3 10 10 9 8 3 1 10 10 10 6 4 3 3 7 4 2 8 2 3 7 9 4 8 5
716 3 4 4 7 9 3 4 8 4 1 10 5 7 4 7 10 5 2 6 8 5 2 4 7 5
748 1 4 9 3 7 3 5 6 10 3 9 10 2 6 10 6 5 9 7 4 3 5 9 9 2
888 5 3 3 7 9 5 5 9 1 3 4 5 8 2 7 6 1 7 8 6 8 10 9 10 2
698 8 3 2 6 4 5 4 2 3 10 5 9 1 6 1 4 9 8 8 9 10 6 1 7 4
814 10 9 2 7 8 4 7 6 3 10 8 1 6 6 4 6 4 1 2 1 8 10 7 6 3
734 6 8 1 10 1 6 1 9 5 4 6 8 8 6 3 9 5 1 8 7 10 1 10 4 9
852 6 3 10 9 8 8 6 1 5 1 3 8 6 8 2 4 8 8 8 3 7 5 8 1 9
10
646 10 8 9 2 6 6 3 6 6 6 1 7 1 5 1 6 1 3 1 6 9 4 8 5 2
888 9 2 6 6 7 8 7 7 10 6 7 6 10 4 2 4 7 6 8 8 1 6 6 2 5
625 6 2 4 3 1 10 3 10 5 7 5 1 1 7 4 9 2 8 5 7 1 1 4 7 6
823 10 9 1 4 9 4 8 9 8 4 2 10 7 5 4 3 9 7 1 2 2 9 10 3 1
755 2 4 8 9 8 6 6 1 7 6 4 7 5 8 8 2 9 8 6 7 10 6 5 2 10
577 2 5 7 2 7 9 10 4 5 8 5 4 4 3 4 4 3 3 4 9 7 2 2 3 2
719 10 2 2 4 1 3 8 4 9 4 10 9 3 3 3 2 8 9 7 1 5 10 10 5 10
815 8 5 4 9 10 5 7 10 2 2 3 10 1 8 10 5 5 3 9 8 10 9 6 2 9
745 5 4 7 5 10 1 7 5 9 7 4 9 8 2 2 1 8 2 10 6 2 7 3 2 9
692 6 3 10 10 9 1 2 1 2 2 3 4 4 4 5 5 1 4 9 4 2 1 7 2 10
10
820 10 4 6 6 10 1 7 9 4 3 9 2 8 9 9 8 2 2 5 8 6 2 2 6 8
739 9 1 4 8 10 8 4 5 1 5 4 7 1 1 8 1 7 9 2 9 8 9 2 4 10
718 9 4 6 2 9 4 6 4 10 5 2 5 4 5 5 3 1 7 2 7 5 10 2 2 7
748 8 1 4 2 5 7 10 8 5 1 7 10 1 2 2 7 5 9 10 3 6 10 9 2 4
726 9 1 4 7 1 10 7 5 7 9 6 4 3 10 7 10 3 6 7 9 10 5 8 1 5
833 4 10 7 3 9 5 9 9 4 4 1 8 5 6 2 7 1 1 8 4 7 8 10 6 9
701 5 3 10 1 9 6 6 4 4 7 5 9 4 3 7 8 2 9 6 9 6 4 3 4 1
774 2 1 5 9 4 4 4 6 8 6 8 5 7 8 2 9 5 5 5 2 6 10 9 4 2
764 4 3 7 5 10 10 9 2 4 3 1 9 9 5 6 4 5 5 1 7 3 4 1 8 10
626 7 7 3 1 3 6 7 1 8 4 8 5 7 2 3 3 3 2 3 9 8 7 2 2 2
10
899 5 9 5 9 9 5 2 9 3 1 8 6 7 9 9 10 3 4 9 9 10 9 8 2 8
818 1 3 10 6 6 6 5 5 4 8 8 9 9 5 3 5 7 3 9 1 6 7 6 2 6
633 2 4 5 3 4 8 2 9 6 4 5 10 1 6 7 6 6 5 9 7 10 5 1 2 1
842 2 9 10 6 10 9 5 6 4 4 9 3 2 1 9 9 10 2 6 3 1 8 2 8 9
677 4 4 4 7 2 6 7 6 5 9 6 6 9 10 3 2 9 2 4 2 3 4 4 3 9
682 4 7 6 8 1 1 4 8 10 2 2 2 4 9 8 1 10 3 10 1 8 10 6 2 1
831 8 5 4 1 8 5 8 3 10 3 1 4 10 10 4 10 10 6 1 2 4 2 4 9 10
850 10 5 1 5 6 10 8 9 3 10 6 9 4 10 3 3 10 8 6 9 7 4 2 6 3
709 4 1 3 4 2 6 10 3 7 2 2 4 9 3 6 10 1 1 10 6 2 10 1 1 8
853 4 10 9 4 10 2 9 1 1 6 4 5 3 3 9 9 7 6 10 9 5 10 4 1 5
10
577 4 3 1 6 6 7 9 5 8 6 7 1 2 6 6 6 2 2 4 5 8 3 6 4 1
640 5 1 8 3 1 2 8 9 5 7 2 2 8 1 8 6 6 9 4 6 4 1 2 8 1
642 5 4 8 6 1 4 4 4 8 1 2 1 9 7 4 5 6 7 6 5 3 4 1 6 4
734 7 10 5 9 8 6 10 2 3 10 2 2 2 2 5 4 5 8 2 3 6 3 5 3 10
560 9 1 5 1 1 2 9 5 10 4 7 8 9 9 2 4 10 1 1 7 5 1 1 3 7
887 9 1 5 1 10 8 2 1 2 9 10 4 3 8 4 10 1 5 10 6 1 10 6 10 9
702 8 4 2 6 3 2 2 4 5 4 7 3 1 9 9 4 5 6 10 4 7 1 9 10 1
691 3 3 6 2 10 5 6 10 1 2 6 2 9 2 1 10 1 1 6 9 5 2 6 2 4
786 9 5 3 8 10 5 8 7 8 10 2 3 6 3 5 8 2 3 3 9 3 8 2 5 8
761 3 2 9 8 6 3 5 9 2 1 8 6 6 2 7 4 9 4 4 4 3 7 3 10 7
10
656 7 7 5 5 5 1 5 7 5 3 3 5 8 8 2 1 1 10 1 7 7 2 8 3 6
778 8 9 2 3 3 2 6 6 7 7 8 4 8 10 7 4 4 2 5 1 8 4 8 7 9
841 9 8 10 7 3 9 10 2 4 5 3 7 7 8 8 4 6 3 9 8 8 3 5 1 8
690 5 2 3 5 4 9 4 1 7 5 5 3 7 2 10 10 10 8 6 6 6 1 5 2 8
726 10 8 2 8 1 9 10 5 6 6 8 9 3 3 4 8 2 2 10 10 3 5 1 3 3
743 9 9 6 10 5 10 2 9 7 2 2 8 5 5 7 3 2 4 5 5 5 2 8 2 7
763 2 3 6 2 9 10 1 8 9 5 2 3 9 7 7 2 8 3 4 3 9 7 7 2 8
836 8 1 6 10 1 9 5 3 10 4 2 5 8 4 5 9 6 9 10 8 5 7 8 5 3
561 2 8 2 8 3 3 4 10 2 1 1 1 3 5 5 1 3 6 2 5 4 3 7 8 3
795 1 9 10 1 5 6 6 9 2 1 10 2 4 10 9 1 10 1 6 7 7 10 8 5 1
10
727 10 2 9 4 2 4 8 6 8 8 3 2 6 6 3 8 9 6 2 4 9 3 7 4 1
667 8 6 3 4 1 7 2 8 1 10 3 7 8 1 8 5 7 5 3 2 9 2 6 4 3
811 3 2 4 6 8 8 2 3 10 7 5 3 10 2 9 9 2 5 8 7 8 5 8 5 8
642 6 2 1 2 7 5 9 2 1 2 4 5 2 8 7 5 5 6 1 3 2 9 2 10 3
695 2 6 9 2 5 3 10 4 2 3 1 10 7 8 3 5 1 6 10 9 10 3 2 8 10
807 9 10 4 7 6 10 8 2 9 1 1 7 10 3 5 3 3 8 5 6 4 2 1 8 2
754 1 9 5 5 9 8 6 6 5 9 2 5 7 3 10 1 3 6 1 6 10 5 10 6 8
882 7 7 7 5 6 4 9 9 3 9 9 6 10 10 6 6 6 10 9 7 7 4 6 3 9
683 4 2 6 4 7 5 3 2 5 9 7 3 1 8 8 7 8 4 3 8 6 3 7 2 10
787 9 4 2 3 10 9 9 2 4 7 1 5 6 3 7 6 6 5 7 8 6 8 2 1 3
10
798 9 2 1 3 10 8 9 9 7 9 2 5 2 6 5 2 9 8 5 3 4 8 9 3 5
783 9 7 6 1 5 9 5 7 5 4 3 5 6 1 1 2 5 2 9 10 8 2 6 5 6
683 1 9 7 6 5 10 3 4 6 8 8 9 1 3 3 8 4 3 4 7 1 4 5 9 4
723 3 5 9 8 7 3 9 2 9 3 6 10 5 7 2 8 7 2 9 8 3 3 1 6 6
748 3 9 7 4 6 2 8 1 5 6 2 7 7 8 7 9 8 7 6 6 6 2 1 9 7
874 3 6 7 5 10 4 10 10 3 2 2 8 3 8 10 1 4 6 9 7 10 10 10 10 2
663 10 1 6 5 9 1 7 10 5 10 10 4 2 2 5 7 7 5 4 3 9 1 4 2 8
537 4 6 6 5 6 3 9 1 8 5 6 4 3 2 4 2 6 4 1 9 6 2 4 2 9
759 8 6 2 10 6 9 4 6 1 7 3 5 2 1 6 9 2 6 5 6 7 4 6 8 7
715 4 10 10 6 7 4 5 2 3 9 1 7 5 6 4 4 2 7 3 7 10 1 5 4 8
10
804 7 8 9 4 9 7 10 2 7 2 8 3 5 1 2 4 3 10 9 2 10 1 9 3 8
753 10 2 7 3 8 3 1 2 8 9 1 4 8 7 4 5 4 8 3 2 2 9 1 5 3
717 5 3 8 8 4 5 2 1 4 8 9 7 7 6 2 6 4 4 2 6 1 7 2 5 6
700 5 4 6 10 3 1 5 5 10 2 8 8 10 4 2 3 8 1 5 5 8 9 1 5 1
1001 7 1 5 10 3 9 7 6 9 4 9 5 9 10 5 10 8 1 10 10 5 10 2 10 4
746 4 9 9 10 3 5 7 9 6 6 6 7 3 1 10 4 9 4 8 4 4 6 2 2 6
896 8 4 7 1 4 8 6 10 7 2 7 9 9 8 7 9 6 5 6 9 10 7 10 2 5
566 5 3 8 1 1 2 9 2 5 3 2 6 5 8 7 1 6 4 1 4 9 5 3 7 6
704 5 10 2 8 1 10 3 4 9 4 6 10 4 6 2 6 3 1 4 1 10 9 10 2 4
929 3 8 4 1 8 7 8 3 4 10 8 8 7 10 7 7 9 1 10 9 1 7 2 10 10
10
872 10 9 3 7 7 9 4 7 1 6 1 7 10 6 9 1 3 10 6 2 6 10 3 4 3
809 6 10 6 9 5 1 10 4 7 2 1 4 4 10 1 8 6 10 9 2 9 5 4 7 3
605 1 3 4 10 9 9 6 4 3 5 6 4 6 2 2 2 1 7 3 4 4 4 1 5 1
823 6 7 10 7 7 2 9 6 4 4 6 6 7 6 5 4 6 1 10 7 6 6 5 1 3
580 4 7 3 2 2 4 2 3 2 6 8 5 4 8 1 5 9 3 3 4 7 2 1 5 2
776 2 9 5 8 9 5 1 10 6 5 8 2 3 3 8 2 10 7 8 10 2 7 2 5 4
752 7 9 2 6 1 5 4 7 4 9 5 5 6 3 5 4 4 2 7 5 10 7 7 3 8
773 3 8 2 7 9 10 3 8 4 10 8 6 4 7 4 8 6 10 2 2 5 1 6 10 1
807 8 2 5 3 1 9 8 2 8 1 9 4 9 4 10 5 7 5 2 5 3 8 7 8 5
856 9 5 9 3 5 4 9 3 8 10 10 3 7 10 5 7 10 2 3 8 6 5 10 9 6
10
898 8 5 5 4 8 7 10 6 8 5 2 10 5 2 8 10 3 8 9 8 4 6 8 8 8
629 2 8 5 7 3 2 9 3 4 7 7 10 9 4 6 6 2 4 4 7 8 6 1 4 5
905 7 9 7 3 5 7 2 10 3 6 2 6 5 9 7 6 8 3 3 10 7 10 9 8 5
765 6 2 10 7 4 5 3 6 1 8 9 2 1 3 1 9 10 5 9 2 4 5 6 6 1
729 5 6 3 7 2 4 6 1 8 8 7 4 10 3 4 9 5 4 6 3 1 7 1 6 5
695 5 3 6 5 5 1 2 2 8 9 8 4 9 3 3 2 5 1 9 7 7 1 10 9 7
862 1 3 9 10 3 9 1 6 5 10 10 5 10 9 5 4 9 2 7 9 4 1 10 6 7
817 1 8 2 4 10 10 2 5 2 6 2 2 6 9 10 10 9 5 1 5 3 8 7 5 4
777 10 10 1 8 6 7 5 3 8 4 3 10 3 10 10 9 8 9 2 2 6 1 9 3 6
793 5 2 9 7 4 8 4 6 3 1 3 9 6 8 7 8 4 9 5 7 5 7 1 10 9
10
823 9 3 8 3 7 4 6 7 4 6 1 5 8 1 9 2 3 5 10 3 9 8 3 10 2
672 8 10 3 7 9 5 5 2 2 4 2 3 1 2 3 9 2 10 2 2 8 2 2 9 1
603 1 10 6 7 1 4 10 10 9 5 2 6 3 1 5 8 3 10 5 2 7 5 9 2 3
712 2 2 10 2 5 9 8 9 8 5 3 10 9 6 2 4 5 8 1 9 5 6 6 5 1
767 9 8 5 1 3 2 3 3 8 8 7 6 9 4 4 10 8 9 3 9 10 3 2 8 3
627 8 3 3 1 7 1 4 3 3 2 8 4 6 4 6 7 7 1 9 6 2 1 6 5 1
708 7 9 6 1 8 4 2 10 8 3 9 6 5 7 3 5 5 8 2 5 7 7 3 2 9
956 4 10 9 9 9 10 2 8 1 1 5 1 8 7 8 1 9 9 8 6 5 1 8 9 8
681 3 4 7 1 4 2 8 5 7 2 2 9 9 3 9 2 8 9 3 6 2 7 8 1 7
747 7 7 5 5 8 8 5 3 2 7 2 5 4 9 1 6 10 7 8 4 5 3 2 3 2
10
634 2 4 1 4 10 1 3 8 6 9 1 4 1 9 8 10 3 8 4 8 4 4 6 10 1
769 6 9 8 6 3 4 8 4 2 10 6 5 10 5 1 6 9 9 3 5 10 8 8 1 1
838 5 1 1 7 5 7 4 7 8 4 9 3 7 10 7 8 10 4 6 8 4 9 4 2 10
668 2 8 10 1 5 2 10 7 8 2 7 3 4 3 7 6 1 1 2 4 3 9 5 8 3
688 4 10 7 6 10 7 7 7 3 3 4 8 1 5 5 6 1 8 1 6 3 3 8 1 2
786 3 8 7 5 7 7 4 3 1 4 6 9 10 3 3 1 8 8 1 5 5 3 8 10 2
670 7 5 4 1 2 7 7 2 2 3 4 7 7 9 6 5 7 9 5 4 10 1 2 7 8
679 4 6 3 3 7 5 5 1 2 9 2 8 2 7 6 4 1 7 3 10 1 10 6 6 8
624 1 3 4 6 2 10 6 8 4 5 4 4 4 3 7 10 2 9 7 2 6 3 4 2 10
597 2 2 5 1 7 2 3 4 5 4 7 6 8 1 8 1 2 8 5 9 4 2 6 6 2
10
830 3 8 10 2 10 2 9 4 10 10 8 3 5 2 2 10 8 10 9 3 5 8 9 5 1
797 7 2 6 7 1 4 7 4 6 8 9 5 10 9 1 1 7 6 6 5 5 2 8 8 8
797 10 7 4 8 8 5 3 10 5 4 8 10 8 1 4 4 1 4 4 3 7 6 1 10 3
710 3 7 9 3 9 1 3 6 6 3 1 6 3 5 4 6 6 3 4 9 9 4 8 8 10
741 5 4 6 1 8 4 1 6 1 10 7 8 8 4 7 5 8 5 3 7 4 4 4 10 6
689 7 10 3 7 3 2 9 2 2 9 3 10 5 1 5 10 4 2 7 7 9 3 4 5 1
857 9 4 5 1 10 10 8 2 9 2 5 1 5 10 1 5 10 8 4 8 10 8 6 5 8
795 7 2 9 7 9 2 6 7 8 3 7 1 6 3 8 6 8 4 7 1 1 1 10 3 7
646 9 3 7 5 1 8 1 3 3 5 10 7 2 7 4 3 3 6 1 2 3 2 4 7 6
766 5 3 1 8 5 5 10 3 3 7 10 2 5 1 7 10 7 8 4 8 9 9 9 6 7
