100 15
500 500 500 500 500 500 500 500 500 500 500 500 500 500 500
25
454 4 6 10 4 6 3 2 9 9 7 7 9 10 6 3
306 3 6 1 2 4 4 5 6 7 1 3 10 8 1 6
422 10 10 2 10 1 6 9 3 7 1 4 4 5 4 5
315 8 1 3 1 3 1 7 3 4 1 6 3 8 6 6
506 10 9 2 7 6 10 1 10 10 9 4 1 7 8 6
453 1 9 1 3 7 5 2 6 3 8 8 6 5 10 5
400 1 5 4 8 7 4 7 2 2 4 7 3 8 5 5
391 3 1 5 9 1 2 1 2 2 1 4 5 4 8 6
458 1 5 7 2 3 10 5 8 2 8 6 5 6 9 5
437 7 10 3 5 7 6 5 7 6 1 5 2 3 10 6
412 9 9 3 3 5 5 1 1 9 8 7 6 10 2 6
424 1 3 2 5 9 6 1 10 5 6 8 10 4 10 4
441 9 9 7 9 6 5 7 9 5 10 1 7 7 2 2
350 8 3 3 1 9 4 5 8 2 9 9 3 6 4 1
524 3 10 9 9 5 4 8 4 3 5 7 1 8 9 5
432 9 2 10 4 1 1 10 10 8 3 6 8 3 7 1
363 8 9 2 3 10 3 3 3 1 5 10 10 5 4 2
446 9 9 1 3 2 10 7 7 7 10 4 4 8 2 7
433 4 2 1 8 9 5 3 3 4 1 8 10 2 9 7
491 1 7 10 6 8 7 7 2 4 4 7 3 4 4 8
475 2 1 6 10 3 5 4 3 7 10 6 3 2 4 7
527 8 10 6 10 9 3 6 9 5 8 6 1 8 3 6
492 9 1 8 7 6 1 2 10 6 10 6 4 7 6 6
465 3 8 6 4 5 5 5 4 7 3 10 6 9 7 5
369 2 4 9 6 5 9 6 10 10 1 1 2 3 1 2
25
294 4 8 7 4 3 4 5 6 1 7 3 1 1 2 1
307 5 3 2 2 2 2 10 3 3 5 1 7 6 7 5
397 7 3 4 4 2 1 6 3 4 2 4 3 6 10 9
448 2 10 8 3 9 2 8 2 5 6 9 2 5 5 5
420 10 6 8 3 4 3 1 9 9 6 1 5 9 9 4
386 4 9 10 6 9 4 1 5 6 2 1 8 10 4 1
410 7 10 9 1 4 4 3 2 6 10 1 7 1 1 9
451 7 1 5 10 6 3 1 1 1 5 9 7 4 5 7
454 2 2 6 6 9 1 5 2 9 4 10 8 1 8 4
364 5 6 2 6 2 2 8 6 7 1 10 6 3 8 1
396 1 2 2 7 6 1 9 6 4 8 5 5 2 4 9
316 3 10 3 3 3 1 1 3 6 7 5 2 1 5 2
443 4 9 8 5 2 10 1 5 4 5 3 2 6 5 6
488 3 10 2 10 6 1 9 3 6 6 9 4 5 1 8
550 10 5 5 6 4 3 3 8 9 4 7 9 8 10 8
370 4 2 7 2 9 3 8 7 2 9 2 9 4 5 5
441 1 7 10 6 3 5 1 1 5 1 10 9 10 2 5
552 5 9 6 8 2 10 1 1 9 2 10 2 8 7 10
526 2 6 5 9 8 3 10 8 2 10 5 10 2 9 8
514 4 4 6 6 7 10 4 8 5 3 8 5 2 7 10
461 3 1 5 9 2 9 4 1 8 6 1 9 1 4 9
416 10 3 6 1 4 7 1 10 2 1 4 3 9 9 7
401 2 6 5 7 6 4 5 4 3 10 6 10 2 5 1
442 5 3 8 2 3 2 9 5 4 10 5 2 10 7 4
368 4 4 8 2 3 1 1 1 1 9 3 6 6 8 5
25
519 5 8 10 8 8 3 10 7 3 5 6 1 5 10 3
474 5 4 3 5 2 8 10 10 8 6 1 8 9 8 7
519 3 10 4 9 7 5 6 1 5 5 8 8 2 9 4
337 8 2 1 4 3 3 10 8 10 10 2 2 3 5 1
443 1 3 10 5 5 8 9 6 6 3 2 4 4 9 5
295 4 2 6 2 9 6 1 1 5 6 4 4 3 1 2
501 7 8 9 8 1 4 2 5 9 5 5 8 7 9 4
395 7 10 8 6 3 4 3 4 6 3 1 6 3 5 2
429 5 2 7 5 6 9 1 9 5 3 3 10 9 7 2
312 5 10 5 1 1 4 5 1 3 2 5 9 6 2 5
457 9 2 7 5 3 3 4 9 7 9 4 2 4 7 6
459 6 5 7 6 8 8 1 4 1 9 4 2 1 10 1
425 8 6 5 8 10 4 6 7 8 8 1 8 8 5 1
413 7 1 10 6 10 6 2 2 2 9 7 8 8 1 1
420 1 10 7 8 8 3 6 4 8 5 6 10 4 3 2
417 9 2 9 1 8 1 6 9 6 2 10 1 6 1 9
545 10 6 7 10 6 3 10 5 9 7 8 6 10 6 2
414 9 5 1 6 9 8 9 8 4 1 1 10 10 3 7
371 1 7 9 2 8 1 1 2 2 5 2 2 7 8 5
396 10 4 2 6 10 1 6 6 2 2 7 8 2 3 6
490 6 10 6 8 8 6 10 10 6 6 1 1 5 1 9
429 2 9 9 1 10 4 9 4 10 7 6 6 7 1 4
466 10 2 9 5 5 8 6 5 5 3 8 9 5 4 2
475 1 9 4 7 6 9 6 6 7 10 5 3 4 7 1
495 5 8 9 4 10 9 5 5 9 10 9 6 3 2 4
25
490 10 7 4 6 7 5 8 2 5 5 8 1 1 9 7
398 5 5 8 3 7 6 7 10 8 2 1 10 8 1 7
476 7 5 4 9 3 7 6 9 2 3 5 10 3 6 8
380 2 4 4 5 2 3 9 4 10 5 4 5 1 4 6
445 8 8 2 3 9 10 9 10 1 8 3 4 9 5 7
474 4 10 2 5 9 5 2 7 7 8 9 7 4 9 5
449 5 3 10 1 1 9 9 6 1 5 9 8 10 9 3
528 10 9 9 5 9 9 1 4 8 7 10 9 4 1 5
468 8 9 5 5 8 7 7 6 7 3 2 7 2 6 7
492 6 5 10 10 5 6 3 9 9 6 2 9 9 5 3
399 4 2 9 2 3 3 4 10 8 8 7 9 10 3 1
382 2 7 8 3 5 1 4 1 1 4 7 2 4 6 4
542 9 1 3 8 8 9 8 10 9 2 5 3 4 7 10
374 3 2 2 1 10 7 9 9 4 3 10 7 3 2 7
390 1 6 1 3 1 9 8 2 9 5 5 7 2 2 10
475 10 8 8 8 5 4 4 1 3 4 1 1 8 5 9
464 3 10 2 7 2 5 3 7 1 7 5 10 4 8 8
460 2 2 7 4 3 10 1 7 4 9 7 1 3 8 7
401 9 6 3 1 1 4 4 7 5 9 8 4 7 5 4
483 10 4 5 7 4 1 6 3 8 7 2 6 6 6 8
463 9 7 4 7 4 6 9 10 4 10 2 6 5 3 6
470 1 1 7 9 4 4 3 2 10 8 7 5 1 8 2
437 7 8 10 1 8 5 9 5 4 1 2 6 3 10 5
434 9 3 3 10 7 2 8 2 5 10 6 7 4 3 1
263 4 3 1 3 6 3 4 9 9 3 3 8 1 1 3
25
412 2 8 5 1 6 7 8 10 7 5 6 8 2 3 5
377 10 10 5 2 9 5 2 5 10 3 2 3 1 3 7
479 2 3 7 8 1 8 2 1 1 10 4 10 8 8 7
388 2 5 8 5 1 5 7 2 2 8 6 5 3 2 5
521 3 5 9 10 3 9 5 9 1 1 10 8 3 4 8
382 8 1 9 8 10 1 4 4 9 3 1 5 7 1 2
471 9 10 7 1 8 3 9 7 10 9 3 7 1 7 7
345 1 6 7 1 2 1 4 8 5 10 4 7 7 4 2
532 7 9 3 9 3 5 8 8 10 3 8 5 8 5 7
334 1 9 8 1 5 4 2 2 7 4 3 4 4 3 6
527 5 7 8 6 5 5 6 5 9 2 10 2 7 8 6
496 7 2 6 3 3 5 9 10 2 5 10 10 10 7 6
496 3 2 3 5 1 3 6 9 5 7 8 6 10 10 10
475 5 5 1 5 9 10 8 6 6 4 8 9 7 10 3
369 2 4 1 5 4 10 8 2 5 5 10 1 1 7 1
438 8 9 3 5 3 8 5 1 8 7 10 10 9 2 3
541 6 6 10 10 10 10 2 7 1 1 2 10 10 3 10
460 4 5 8 6 10 2 3 7 10 8 5 6 5 7 1
439 7 6 10 9 2 5 3 9 1 6 8 4 1 4 2
427 10 10 4 2 8 2 7 3 2 1 8 9 8 6 8
578 8 1 8 5 9 8 3 8 2 9 8 10 8 8 9
446 7 6 2 9 2 9 6 2 1 9 2 6 2 8 3
547 9 9 10 5 9 8 2 7 6 9 8 1 8 8 3
376 5 4 2 10 3 1 3 3 10 8 3 9 7 3 2
421 1 1 9 9 3 8 1 4 9 4 1 10 4 1 7
25
415 8 9 6 2 10 9 1 3 2 7 10 4 8 3 1
534 8 5 6 8 3 9 3 9 10 4 8 8 6 6 6
366 3 3 9 1 8 10 3 10 4 1 1 1 9 4 5
390 7 2 3 4 7 4 9 1 2 3 8 10 5 9 1
466 9 7 7 10 9 2 3 8 6 4 8 3 3 4 1
470 2 7 4 10 3 4 6 7 5 3 6 3 2 8 7
424 8 3 4 8 1 7 5 4 3 9 1 8 9 4 7
389 1 7 9 1 7 1 4 10 3 7 6 3 1 9 4
334 7 2 2 3 4 3 8 2 1 6 3 9 6 2 5
482 5 6 10 2 4 6 3 2 10 1 6 7 8 7 10
508 8 2 7 10 1 2 4 5 6 1 10 1 6 8 6
432 2 5 8 7 10 6 1 2 2 3 6 2 7 9 3
436 2 10 10 1 1 8 5 7 3 1 4 1 1 9 10
385 3 5 7 9 7 1 3 5 4 2 8 9 7 1 4
378 10 2 2 4 5 4 8 9 2 1 8 5 4 3 9
399 6 4 6 3 4 1 7 1 5 6 10 3 3 7 2
363 1 4 6 5 4 2 6 9 7 1 2 5 2 5 7
532 5 3 7 10 3 8 5 1 8 9 5 6 5 2 9
447 3 5 6 10 6 1 6 10 10 2 7 10 4 6 1
494 2 5 5 8 9 6 9 7 3 9 8 6 3 5 3
461 10 4 1 2 10 3 10 2 8 9 10 1 7 9 3
484 3 8 7 7 2 9 5 8 8 6 9 7 9 8 1
454 4 1 10 4 8 1 4 5 10 6 3 2 7 2 10
551 8 1 10 6 5 7 8 10 10 8 6 4 5 7 6
619 9 9 9 9 5 3 7 8 7 10 9 4 10 8 7
25
486 10 5 1 9 3 4 4 4 9 2 6 6 10 5 10
320 10 2 2 4 8 1 7 3 2 2 3 7 9 8 1
531 9 4 6 6 10 9 1 5 5 8 9 2 9 7 6
390 2 6 4 6 8 1 1 6 5 5 2 1 6 5 9
483 10 8 4 9 6 6 4 5 4 8 3 10 3 3 8
417 3 7 10 4 2 1 7 1 4 9 6 6 1 1 7
529 6 7 9 10 2 4 10 7 5 3 6 10 2 4 8
356 4 10 1 5 8 1 2 4 1 4 7 2 3 1 9
308 4 4 1 2 8 1 5 7 3 5 6 10 6 3 3
507 4 3 8 3 10 2 1 7 9 10 9 10 10 3 9
342 2 4 5 2 3 2 2 8 8 4 9 5 10 4 4
575 10 6 8 9 6 10 8 9 7 9 1 8 5 6 5
388 8 1 3 2 4 6 6 5 10 8 9 5 2 4 2
428 4 9 7 10 10 7 4 8 5 4 5 8 7 1 2
489 1 7 9 6 9 5 3 1 7 9 5 10 10 6 3
496 4 6 8 9 10 9 2 10 9 1 3 2 5 4 7
314 1 1 1 8 3 7 1 7 9 10 1 4 4 1 4
420 5 3 7 5 3 4 2 6 6 9 5 8 10 3 4
451 1 4 10 1 5 8 9 9 10 6 1 6 6 7 6
473 10 7 1 5 10 2 7 3 10 10 3 9 10 6 7
490 5 8 3 4 9 3 8 5 1 6 10 9 3 8 9
401 3 6 2 7 10 3 1 6 8 6 9 3 5 2 3
478 7 2 9 2 5 10 6 2 8 5 5 5 10 8 3
477 2 3 6 8 5 8 8 1 1 2 10 7 8 2 10
462 10 3 5 7 3 3 3 2 9 1 4 6 4 9 9
25
393 1 4 3 8 7 10 6 5 3 9 7 10 7 1 1
485 8 6 8 4 9 5 5 4 9 6 5 2 1 4 8
482 9 1 4 4 10 2 8 2 8 5 5 1 2 10 8
434 3 10 4 9 9 2 8 6 8 6 8 2 6 2 3
450 10 9 2 10 1 7 2 6 5 9 4 7 6 5 1
522 10 5 6 5 10 1 10 4 5 6 9 3 7 6 7
552 5 9 6 8 7 9 4 6 8 9 6 10 3 7 6
409 7 9 3 5 7 9 6 2 1 2 7 5 1 4 4
538 9 4 5 4 1 7 9 7 7 9 9 8 5 9 8
411 7 1 3 5 6 2 1 3 3 8 8 1 10 6 4
406 2 3 4 3 3 8 3 8 8 8 5 4 4 2 9
610 4 8 10 9 3 3 6 7 9 8 10 2 1 9 10
430 1 6 2 9 9 3 6 1 7 2 7 10 10 8 4
399 5 10 7 2 7 3 6 6 3 2 4 3 1 2 10
330 2 8 4 5 5 1 5 6 8 10 1 4 9 3 2
487 9 4 7 7 7 5 2 5 5 7 3 8 9 10 3
432 5 3 5 3 2 9 8 10 8 5 5 2 2 8 7
490 1 8 9 6 1 3 10 7 10 5 3 7 1 7 8
556 1 7 10 6 3 1 1 10 6 7 10 8 10 10 10
485 4 6 9 4 1 3 8 4 6 1 6 3 8 9 10
446 8 3 7 1 1 3 10 1 1 10 6 2 5 7 7
475 2 10 10 3 4 4 8 2 4 6 8 8 8 5 7
459 10 9 5 10 2 6 8 6 4 4 4 1 9 1 7
308 5 9 2 4 6 3 8 8 6 2 2 1 7 1 5
390 5 4 1 2 7 10 3 1 6 8 2 10 2 9 3
25
368 9 2 4 2 2 7 7 3 5 5 9 4 3 5 3
493 5 4 1 5 2 1 10 10 1 6 10 6 10 10 8
548 6 9 9 9 6 4 8 7 10 2 5 9 5 5 9
479 7 8 2 7 10 9 8 6 7 7 3 6 8 9 1
374 7 7 6 6 2 2 5 7 2 2 9 8 5 1 3
401 10 1 2 8 10 9 2 10 3 7 5 10 6 4 1
552 5 10 9 7 1 9 4 6 10 5 6 10 8 8 7
632 5 7 9 9 4 9 4 6 9 8 8 4 3 10 7
409 4 9 4 6 7 7 8 3 1 4 10 1 4 5 2
495 5 7 2 5 9 8 2 9 8 9 3 3 3 7 8
434 10 1 10 2 1 8 10 7 8 9 1 6 5 6 4
443 10 1 6 4 5 8 1 1 2 10 5 7 10 4 6
392 4 6 7 2 5 4 8 10 6 5 1 6 8 10 1
480 2 2 6 7 6 7 4 10 2 2 8 10 10 10 6
392 8 1 3 6 6 1 2 3 3 5 1 1 7 10 8
500 2 10 4 4 3 9 6 2 5 10 9 6 4 3 10
417 5 7 3 9 1 4 5 5 4 3 5 9 8 5 5
424 4 7 2 7 4 2 8 1 7 5 5 3 9 6 4
477 5 8 10 3 3 6 7 8 2 3 8 3 3 3 10
574 5 9 8 7 7 9 10 3 9 5 3 7 10 10 5
348 2 1 8 5 4 4 8 2 8 10 2 6 8 3 1
496 3 3 7 7 4 4 3 10 9 10 8 4 3 8 5
368 5 2 2 1 8 7 10 7 5 6 6 4 5 3 4
438 6 6 6 6 4 5 3 7 8 4 4 7 7 7 4
474 2 8 9 3 2 5 2 3 9 10 6 6 3 8 5
25
385 3 7 3 1 5 2 4 6 10 3 9 1 5 7 8
566 2 7 9 10 7 10 3 8 1 7 3 1 3 9 8
376 6 5 4 2 10 3 5 6 3 3 5 3 4 2 9
490 3 1 9 7 10 9 3 4 1 2 2 8 6 6 9
401 2 10 2 1 3 3 3 10 1 6 9 8 8 5 9
365 1 6 3 1 6 3 8 5 1 8 10 3 3 2 8
525 7 9 9 10 10 2 4 5 8 5 3 2 6 3 10
395 7 2 6 2 2 4 3 8 9 6 4 7 3 1 10
483 8 9 10 1 4 4 7 8 5 7 7 10 4 8 4
382 4 9 2 8 8 2 10 3 5 5 1 5 8 2 6
373 2 4 3 3 9 5 10 10 3 7 9 7 9 1 3
574 8 7 10 10 3 5 4 7 8 1 7 3 10 8 7
502 10 2 5 1 9 5 7 8 9 10 6 2 7 9 8
369 1 9 4 4 8 1 5 1 6 2 1 6 5 10 5
445 4 8 8 4 7 1 5 6 8 6 4 6 10 9 2
452 10 5 6 5 5 4 1 10 6 9 4 8 7 10 1
409 9 8 4 4 10 4 2 1 1 5 10 3 4 4 5
389 2 7 8 8 6 2 10 5 2 1 2 7 4 3 5
518 4 6 3 7 6 5 3 3 7 5 8 10 9 9 6
513 8 9 8 2 7 6 6 3 10 10 6 4 1 5 10
588 1 10 9 10 7 7 6 3 8 4 8 6 4 9 5
380 5 5 2 6 2 3 9 3 2 7 1 5 10 4 7
436 9 2 1 6 3 5 2 3 8 8 10 8 9 4 4
489 9 10 10 2 8 7 5 2 1 3 4 5 3 10 5
543 4 8 7 10 5 4 9 2 7 3 6 4 8 5 8
25
555 7 9 7 8 2 6 7 8 4 4 7 9 9 9 5
458 3 2 5 3 10 4 8 4 7 5 9 2 1 10 7
507 1 9 6 10 6 9 7 4 8 1 6 7 6 9 1
458 10 10 9 3 5 5 1 2 1 1 3 2 2 8 8
486 1 4 1 8 7 4 8 3 3 10 8 8 2 7 7
466 10 7 1 7 6 6 5 7 8 8 7 10 1 8 3
390 6 1 9 1 2 4 3 3 1 7 9 7 5 5 3
314 8 7 1 1 5 2 1 4 2 1 10 7 7 5 3
355 6 5 9 1 10 1 1 7 4 2 3 7 1 7 5
410 6 4 3 6 8 9 9 1 1 9 3 4 7 4 1
469 7 3 8 3 7 2 2 6 6 3 4 9 9 7 9
442 4 7 9 9 4 2 2 8 6 6 2 3 7 2 9
497 9 6 10 3 8 6 9 10 4 9 5 8 2 10 1
533 5 10 10 8 4 8 4 9 2 2 9 5 3 9 6
459 2 8 4 2 7 5 10 9 8 9 5 8 4 9 4
453 10 1 9 5 1 9 10 7 5 9 3 10 1 2 7
487 9 5 1 10 10 4 3 6 8 9 2 3 6 4 7
378 7 2 2 3 9 4 10 10 7 1 4 2 8 8 4
458 5 5 7 8 5 1 1 2 9 6 5 7 8 8 4
496 4 6 1 10 10 8 7 5 10 3 10 3 4 5 3
425 4 5 4 10 4 6 5 8 5 7 5 7 8 2 3
615 7 10 10 8 4 7 2 8 10 9 6 6 6 10 8
458 9 5 5 8 7 6 5 5 1 9 1 6 5 1 9
350 2 3 4 5 1 6 8 2 5 5 6 8 8 5 1
391 3 9 1 6 9 9 6 6 4 10 4 5 7 1 1
25
468 4 6 2 5 10 10 7 7 10 5 6 7 7 10 3
333 2 1 1 8 7 2 6 7 3 2 5 4 5 1 9
429 7 9 4 4 9 1 6 6 3 7 6 6 7 5 7
395 7 6 3 9 1 2 4 9 1 7 2 10 4 7 2
462 9 8 10 3 5 9 8 2 8 1 1 1 6 2 9
573 8 10 10 10 4 2 4 7 10 7 8 9 6 6 4
448 2 4 3 2 5 10 2 5 10 9 6 1 4 9 6
389 7 1 6 2 2 8 3 6 9 4 2 6 1 10 2
291 6 1 1 4 1 2 10 9 1 1 2 2 9 5 7
443 2 4 7 6 4 9 3 4 5 6 4 6 7 8 5
295 10 4 6 1 5 4 1 4 6 1 7 5 3 2 2
400 7 5 5 6 7 3 5 3 7 3 7 6 5 6 1
433 3 4 10 4 10 9 4 3 4 2 6 10 4 1 5
433 5 9 9 5 8 2 5 4 3 4 6 7 2 2 9
341 3 1 3 1 4 10 8 3 9 2 2 3 1 3 9
456 6 9 6 5 2 9 8 5 3 3 3 5 3 7 6
373 8 4 6 1 9 6 9 9 9 4 5 1 5 1 4
460 10 8 1 2 8 6 2 10 9 5 2 5 5 8 9
395 9 1 2 8 6 8 1 3 10 5 1 6 1 10 1
426 4 3 5 10 2 3 1 4 10 2 10 9 7 6 2
361 1 3 10 4 6 8 9 1 7 7 1 2 1 3 2
446 6 6 3 9 4 7 9 1 4 5 2 4 8 2 7
418 5 9 8 2 9 4 4 6 2 10 1 6 5 9 2
479 10 7 10 6 1 6 4 10 8 1 2 5 10 10 3
384 10 3 5 4 1 5 5 6 3 5 1 6 3 6 6
25
429 3 10 9 3 9 1 1 5 7 1 3 8 10 6 9
578 5 10 5 4 7 8 6 5 7 10 5 1 1 10 10
457 2 1 2 9 3 2 6 3 2 10 5 9 7 7 6
586 4 7 10 8 6 7 10 4 9 7 7 10 5 8 6
487 6 3 5 8 9 4 6 9 3 4 9 8 9 6 5
323 1 4 4 2 3 5 2 9 1 8 1 6 6 4 8
444 9 10 9 6 1 8 4 8 4 3 4 7 1 2 6
471 6 3 4 9 6 7 7 8 3 3 5 8 8 6 6
475 4 8 2 3 9 2 8 6 10 9 4 7 2 10 7
465 5 10 3 5 5 8 7 2 10 8 10 3 8 1 4
560 5 9 8 9 1 8 1 7 4 5 10 8 8 8 8
442 6 4 10 4 3 8 7 9 2 5 9 5 3 3 3
400 9 1 8 2 6 4 1 5 4 9 9 6 2 3 4
431 7 2 10 2 9 9 7 4 9 9 1 3 2 1 6
526 7 5 8 5 1 4 8 10 9 2 4 4 10 10 9
530 6 3 9 9 6 9 1 1 10 7 10 3 10 1 8
403 1 3 2 5 10 8 2 2 2 5 4 9 8 6 8
573 8 8 7 7 6 4 2 5 9 10 8 4 7 9 5
377 5 2 10 2 3 6 6 2 6 7 3 8 6 1 5
541 3 9 8 10 8 2 7 7 7 9 6 1 10 1 9
430 8 4 7 3 9 9 6 5 6 5 3 9 4 1 7
465 8 9 9 9 5 3 9 1 5 3 6 10 5 2 4
428 8 2 5 4 1 4 10 8 5 5 9 7 7 4 4
434 4 3 2 6 3 1 2 5 1 5 5 5 7 10 9
531 3 10 8 7 8 7 5 7 10 6 8 3 2 3 9
25
377 8 3 3 4 1 6 7 3 10 5 2 8 9 1 9
405 9 7 4 2 2 3 7 7 5 1 4 9 10 8 4
432 3 4 2 9 4 3 6 7 1 9 6 8 5 6 3
452 3 2 9 10 10 4 6 1 5 6 3 10 6 6 1
325 6 9 5 4 8 3 5 4 1 5 5 4 3 2 1
421 9 1 6 4 8 7 1 8 2 2 5 8 8 4 9
497 10 3 2 9 7 5 10 10 3 1 7 8 9 8 8
354 4 6 1 1 3 9 1 6 2 9 4 1 10 3 7
516 6 9 3 9 1 7 3 9 4 8 8 6 6 6 5
509 5 9 5 2 10 8 5 5 7 2 10 7 6 5 9
465 7 9 1 7 9 4 10 10 10 4 1 6 3 6 7
338 9 1 2 9 7 1 8 2 7 2 2 6 2 7 1
372 3 4 2 6 10 4 3 8 6 5 1 9 7 9 3
617 3 9 7 8 6 8 1 9 9 10 9 5 4 7 10
526 8 6 8 5 8 5 10 6 10 7 8 2 10 5 3
445 2 10 1 1 4 7 10 8 10 7 5 9 1 6 8
448 6 10 6 5 4 1 2 10 9 9 4 3 9 8 2
363 2 1 1 4 6 8 4 6 3 2 8 7 10 2 6
499 8 6 10 2 5 4 8 5 4 9 9 6 10 2 9
516 8 9 2 2 10 9 6 9 10 4 10 3 9 3 9
382 8 3 4 2 4 10 4 6 5 1 2 3 1 10 6
427 4 7 2 7 4 5 4 9 6 7 7 7 8 5 4
434 1 7 6 2 8 9 2 2 4 9 2 8 6 4 9
523 6 8 1 10 4 8 10 5 8 3 9 8 8 5 6
397 6 10 5 8 5 10 4 4 1 1 1 9 2 7 2
25
411 6 6 5 6 1 7 9 8 2 5 3 2 4 5 5
504 4 1 9 10 5 8 1 10 1 7 10 10 4 1 6
407 2 2 5 7 9 4 4 3 4 7 3 8 1 4 7
466 9 10 2 5 8 1 1 2 9 6 4 7 10 6 7
444 5 9 10 2 10 7 10 4 2 7 2 1 3 3 9
451 6 6 3 4 8 8 4 1 3 6 5 4 7 5 8
435 5 2 7 1 10 3 6 1 9 10 6 8 5 5 5
436 2 2 10 4 6 6 8 8 3 2 7 6 2 9 1
382 8 3 5 7 2 1 4 9 3 5 5 9 5 6 1
566 7 5 8 6 10 5 9 10 7 8 5 9 5 10 6
536 9 6 10 6 7 6 1 9 6 1 9 10 1 9 5
443 8 10 2 3 6 9 4 3 1 5 10 7 7 7 4
441 1 7 2 8 10 4 10 3 10 3 5 7 2 10 3
440 7 4 8 2 7 4 7 4 6 9 8 8 5 7 2
469 8 10 10 3 8 5 2 2 5 4 9 10 4 6 1
434 3 9 8 5 5 5 8 10 2 6 9 7 9 1 4
349 8 8 3 5 3 1 6 3 4 4 5 3 6 7 2
438 1 3 2 5 10 2 3 5 5 7 2 9 9 10 6
528 9 3 4 9 9 5 6 7 3 2 9 9 6 5 9
419 8 10 4 2 6 9 1 7 7 4 7 8 6 8 1
433 6 8 1 10 6 4 4 10 9 9 3 2 9 2 6
430 2 9 9 4 4 2 4 5 3 3 8 4 5 1 9
535 2 8 3 9 7 8 6 7 1 7 1 5 10 9 10
416 8 10 4 5 3 4 3 9 1 6 8 4 10 3 5
465 8 2 2 4 4 10 8 9 8 5 9 3 10 10 4
25
367 4 8 10 1 9 5 2 1 1 9 7 1 1 2 2
397 9 8 4 1 8 5 7 2 5 7 3 9 10 6 2
372 3 10 3 2 5 7 3 3 9 8 9 3 4 3 2
336 4 6 6 4 7 9 10 1 2 1 2 5 4 2 1
534 7 9 7 10 3 1 2 7 2 8 5 5 7 4 10
470 2 5 4 9 7 7 10 3 7 2 10 2 3 3 7
516 7 6 2 3 5 10 3 1 5 6 8 10 7 9 9
384 2 4 7 2 3 3 9 1 3 2 10 7 2 7 3
428 8 4 4 10 5 9 1 9 3 6 1 8 4 1 6
409 1 9 7 4 2 7 1 1 4 6 2 5 6 10 3
473 3 9 3 10 2 8 6 10 5 1 9 1 4 3 8
521 4 9 5 3 4 10 8 10 10 2 5 2 10 10 7
424 6 9 8 2 8 1 1 6 5 5 2 7 8 8 8
471 4 5 7 3 8 8 3 2 2 5 7 1 9 5 9
455 8 2 1 6 1 2 4 9 8 3 6 8 8 8 10
417 5 6 2 7 6 6 7 4 8 10 4 6 8 3 2
342 2 4 7 5 2 4 3 8 9 2 1 7 6 7 2
397 2 6 5 1 8 5 2 9 10 10 2 5 5 1 8
517 10 9 9 5 10 1 9 7 2 9 10 3 5 1 5
528 3 5 4 10 4 9 7 9 6 10 5 10 7 1 9
387 5 7 7 2 3 6 1 1 2 6 1 3 3 9 7
440 2 4 10 2 9 1 8 6 7 6 4 1 5 9 4
522 1 1 8 7 4 10 9 2 9 5 2 7 10 9 10
510 4 8 9 8 10 10 6 7 4 5 2 8 8 3 7
420 9 3 6 10 2 1 3 4 5 5 7 8 5 2 6
25
476 9 9 10 5 4 7 4 5 3 2 8 10 9 6 2
504 9 10 10 2 2 6 9 1 1 2 9 9 6 6 6
508 7 5 8 6 7 8 5 9 6 10 10 2 8 4 1
371 4 2 9 3 8 8 7 8 3 9 1 7 2 1 3
451 4 10 3 10 4 1 6 8 10 2 8 9 2 2 7
394 4 10 7 7 3 2 6 7 3 7 10 1 6 2 1
539 3 8 9 7 6 8 6 4 5 6 7 4 3 5 8
514 8 8 5 7 3 8 8 3 4 3 8 9 6 4 9
481 9 6 3 8 1 8 10 8 1 2 8 3 6 8 6
339 10 1 1 3 4 7 8 5 2 7 5 9 9 3 2
396 1 2 6 8 2 5 5 4 1 7 1 3 6 6 6
432 10 9 1 9 2 6 10 4 4 6 2 5 6 5 4
427 8 4 8 1 6 5 2 3 8 6 5 2 7 7 6
495 2 4 9 10 3 6 3 10 8 7 3 6 5 3 9
535 1 4 8 10 7 2 10 3 2 7 8 1 7 6 10
552 8 8 10 9 7 9 2 10 5 9 10 9 6 1 2
453 10 6 10 5 9 8 3 4 3 4 4 8 8 7 2
518 7 7 6 8 3 7 3 3 6 5 7 5 5 4 8
434 5 10 5 3 3 1 2 6 2 3 8 8 10 3 9
455 7 9 4 2 1 10 6 4 5 10 10 9 4 6 1
426 3 7 9 2 4 4 2 9 6 10 10 1 1 7 1
396 9 5 5 2 2 9 7 10 7 5 2 10 4 4 3
581 3 9 7 6 7 9 2 2 9 6 10 8 10 6 8
387 5 1 10 3 7 9 2 5 2 6 5 9 4 4 1
557 4 8 4 7 10 1 5 3 10 8 5 8 7 8 10
25
371 8 2 1 1 2 5 3 9 5 3 7 2 3 7 8
400 4 4 7 8 3 3 10 8 4 1 8 10 6 3 1
572 2 6 8 6 7 5 1 2 9 8 10 5 4 8 10
418 3 2 7 6 8 7 2 7 6 1 9 5 5 5 4
453 2 2 5 5 10 2 8 5 4 7 7 2 6 10 6
257 4 1 5 1 3 2 10 9 3 2 1 4 8 5 3
360 1 1 3 1 1 2 3 3 1 6 9 6 9 4 10
396 5 6 10 1 5 3 6 1 8 10 9 6 4 3 1
488 2 9 8 10 9 1 2 10 2 4 8 2 4 2 9
384 8 10 2 2 10 9 1 6 5 2 2 10 5 4 7
384 3 6 9 2 10 1 7 6 10 7 2 3 1 7 1
367 1 5 5 1 8 10 2 3 1 4 8 8 10 5 2
406 7 7 6 3 8 10 1 10 10 1 3 9 8 9 1
528 2 5 6 8 5 7 10 3 3 10 5 3 2 7 7
469 9 4 7 5 7 9 3 4 3 8 3 5 9 10 1
437 7 9 7 8 8 2 6 4 6 6 2 4 3 5 5
348 2 4 2 9 4 1 5 5 1 2 5 6 9 4 2
436 2 4 3 7 2 5 5 5 7 5 1 7 2 10 7
432 8 5 6 3 1 4 8 10 6 3 10 1 3 4 7
531 4 7 8 8 6 10 8 6 2 7 10 1 4 7 5
454 2 6 5 3 8 1 8 9 5 8 2 1 5 8 10
510 2 9 10 8 6 5 9 6 6 2 4 4 7 4 9
415 2 7 3 1 10 9 9 5 2 2 6 8 2 8 5
433 3 5 9 6 2 3 6 10 6 3 4 8 3 8 3
393 3 10 8 9 2 1 7 9 8 6 4 10 4 2 1
25
520 8 9 3 10 1 4 8 6 4 5 5 7 8 9 8
458 9 5 6 2 7 8 5 2 4 4 8 10 1 5 8
394 7 3 1 8 9 3 6 3 4 3 5 6 5 4 6
420 8 6 2 2 6 4 7 5 7 7 9 8 5 1 6
573 10 10 10 3 8 9 1 9 10 8 7 2 4 10 3
494 4 2 6 3 5 6 7 3 10 6 8 8 8 7 8
416 2 5 3 5 3 1 3 9 2 3 8 6 7 7 9
385 2 2 1 6 2 2 4 7 6 4 1 5 6 7 9
419 4 3 2 9 8 4 1 5 6 4 5 5 9 3 7
533 2 6 6 10 4 6 8 3 7 1 10 1 2 10 8
536 4 10 8 6 10 5 8 10 3 5 10 9 10 8 1
468 1 2 5 7 6 1 5 7 3 5 10 8 3 6 10
401 3 2 4 10 3 10 2 5 3 2 4 5 6 6 4
386 2 4 5 9 3 3 5 1 7 8 2 5 9 1 5
494 8 6 2 10 7 9 9 4 9 4 5 4 2 7 2
457 3 9 3 4 5 10 4 8 5 2 1 10 4 7 10
381 4 5 10 6 1 10 5 10 2 4 3 6 9 1 1
510 9 6 9 6 5 8 4 9 9 2 5 10 5 9 4
334 2 3 1 1 2 4 9 1 1 8 8 6 5 3 6
426 3 8 7 6 7 8 4 9 1 4 5 10 8 3 5
471 7 9 2 8 6 4 3 10 1 7 2 10 3 3 10
453 1 10 6 6 10 4 5 1 8 5 7 1 9 2 9
464 1 8 9 10 2 6 2 3 6 2 5 1 10 9 1
430 9 2 5 9 7 7 6 3 3 4 1 6 7 6 2
392 5 1 10 7 10 4 1 3 5 1 5 3 7 1 6
25
474 7 5 7 6 9 1 1 10 1 10 2 7 3 10 4
414 1 8 6 5 2 4 5 10 7 1 7 1 10 3 6
476 8 4 7 8 7 10 8 10 1 6 5 9 8 1 5
593 10 9 6 10 8 2 1 6 10 10 7 8 6 4 10
352 7 8 1 1 4 3 3 7 9 9 2 3 2 6 6
359 5 3 6 2 1 2 5 4 3 5 9 5 8 2 6
368 5 3 7 5 5 8 8 6 1 4 4 5 6 2 2
459 4 5 7 7 8 2 1 9 9 8 1 5 10 6 4
387 6 4 9 3 8 2 9 3 2 10 1 3 1 4 3
479 4 1 3 6 6 7 7 9 1 7 2 5 6 10 9
364 8 2 3 3 10 8 2 1 8 7 2 1 2 1 8
519 8 6 7 10 7 6 1 1 5 3 10 7 10 8 2
409 6 1 2 5 5 4 1 5 3 8 7 5 6 3 9
436 1 9 7 3 2 7 3 8 6 3 5 5 8 8 7
459 10 10 1 7 2 1 1 1 7 4 10 4 2 8 6
460 3 2 5 8 6 3 6 7 7 1 8 1 9 8 5
585 6 9 8 7 5 8 5 10 1 10 5 6 9 9 10
529 8 1 7 10 2 7 10 5 5 4 7 9 6 6 7
323 10 4 2 1 5 1 7 9 3 5 7 10 10 2 1
454 4 10 5 7 1 9 5 7 5 2 5 5 8 9 2
585 6 6 9 8 8 4 6 7 1 10 3 5 3 9 9
452 7 7 9 9 4 3 9 5 2 2 7 3 1 6 1
472 3 3 5 4 8 7 7 8 2 5 10 7 7 5 7
433 5 1 3 3 2 8 4 1 10 9 1 6 10 4 10
459 6 4 9 6 5 8 9 2 1 5 1 8 9 2 8
25
351 10 3 3 5 2 8 8 4 3 6 1 10 3 5 1
471 4 3 5 5 2 9 6 2 1 8 5 8 4 9 6
407 8 5 2 3 7 7 8 3 7 10 2 6 10 2 7
400 7 8 1 2 8 2 1 10 8 10 9 7 2 1 8
508 6 9 10 9 9 6 10 2 1 5 10 10 2 3 3
494 10 10 10 5 4 3 5 3 8 2 5 3 6 6 6
387 4 8 2 9 4 9 4 4 6 6 3 3 1 1 5
414 2 10 6 7 8 3 7 10 3 9 1 6 3 1 7
577 10 9 10 5 10 7 2 3 6 8 1 5 3 7 10
479 7 6 2 6 6 6 1 4 7 9 8 9 3 4 8
422 4 3 9 4 7 3 6 7 1 8 3 9 8 6 6
376 8 2 6 8 3 3 5 3 6 1 5 8 10 3 4
410 9 1 1 5 8 7 3 3 8 4 7 2 2 5 5
489 8 7 4 7 7 9 8 9 3 5 5 9 9 3 7
509 3 9 10 8 5 9 2 5 7 3 1 2 4 7 8
473 4 4 7 2 7 1 9 7 7 3 10 5 8 9 8
399 6 3 6 5 6 2 5 6 7 4 1 4 6 3 10
443 10 1 9 4 6 8 7 5 6 7 2 4 4 9 3
429 5 4 7 7 8 5 1 6 2 3 7 9 8 4 4
431 3 8 4 10 3 6 3 5 10 7 6 10 3 2 4
551 10 8 1 8 8 6 5 8 3 5 9 1 7 10 8
471 10 4 4 7 3 4 10 3 9 4 8 7 2 9 2
541 9 4 5 9 3 10 9 6 10 9 7 2 9 1 10
479 5 1 7 10 10 3 5 9 3 5 8 2 3 2 10
425 9 7 4 5 2 6 3 7 10 6 7 7 8 7 1
25
494 6 9 5 6 4 6 5 6 3 5 8 6 7 5 7
596 6 1 10 10 7 5 4 6 9 8 10 4 8 6 9
491 1 10 5 7 8 9 4 3 4 10 7 5 5 8 3
415 8 6 4 5 4 5 2 5 7 5 3 10 10 10 2
446 5 6 2 6 9 8 1 3 9 2 3 6 6 8 8
505 1 1 7 7 2 10 4 6 6 4 10 10 4 10 6
394 6 4 4 2 3 5 1 10 4 10 4 7 5 10 4
448 9 3 10 2 7 6 6 9 7 8 5 7 2 3 3
556 7 5 10 8 9 8 8 1 5 4 8 2 9 7 7
449 10 5 3 10 7 2 3 5 1 7 3 9 1 1 9
489 3 2 5 8 2 6 9 10 2 5 10 5 7 8 5
451 1 1 7 8 2 4 10 10 7 2 5 6 7 9 3
360 2 4 6 3 7 9 5 2 1 6 1 1 9 9 1
322 6 2 1 3 10 4 4 7 7 1 4 5 3 8 2
538 10 7 3 10 3 5 1 3 3 2 9 7 8 7 9
397 7 10 4 2 4 8 5 1 10 10 5 8 5 3 3
582 8 8 10 3 8 7 2 4 5 10 7 7 7 10 7
465 4 9 10 2 2 5 9 9 6 7 5 10 10 6 4
400 3 3 2 6 8 6 10 2 8 10 2 5 10 4 2
488 8 3 9 6 10 10 3 8 6 8 2 1 9 7 2
426 2 2 5 10 3 9 5 1 1 2 3 6 9 5 6
539 7 10 3 10 6 7 10 8 10 9 2 4 3 7 7
478 1 1 1 7 8 10 6 3 1 10 10 5 8 6 5
443 6 7 2 10 7 1 1 10 8 1 1 8 10 9 7
522 4 6 8 9 10 6 10 5 2 9 3 7 10 8 3
25
390 4 9 3 2 4 7 8 2 1 6 9 7 6 8 2
350 3 2 1 2 10 5 4 4 3 1 6 9 3 10 4
435 5 2 9 5 1 8 9 6 8 5 2 2 8 3 5
228 1 2 4 1 7 2 6 2 9 1 3 9 4 2 1
440 8 5 7 1 1 10 4 5 3 10 5 2 10 5 5
493 9 5 10 3 8 1 1 7 1 9 8 10 4 4 9
381 9 1 3 9 5 6 9 9 3 4 3 2 9 1 2
394 4 1 9 1 6 4 9 2 6 7 9 2 2 8 2
474 2 9 8 7 5 9 1 7 5 3 8 9 5 5 6
341 3 6 4 5 2 1 2 8 1 10 3 10 5 7 2
507 7 7 7 3 6 5 1 4 7 4 5 7 8 10 9
486 9 6 9 8 10 7 6 7 5 5 3 1 10 1 7
432 9 1 3 8 2 7 5 6 9 3 10 6 10 2 4
453 9 8 5 4 7 5 7 3 6 9 5 5 5 2 8
450 5 5 2 8 10 7 7 6 2 6 4 5 6 9 4
475 1 10 8 3 9 3 4 9 6 5 10 8 7 6 5
586 6 4 5 7 8 10 2 8 4 7 10 8 6 9 9
497 7 3 9 5 9 10 5 10 10 5 1 7 5 10 2
515 10 3 8 3 8 9 10 4 9 3 10 5 2 5 7
412 6 7 6 2 9 9 2 1 4 7 3 5 3 1 7
383 3 1 5 3 7 4 10 2 2 1 3 10 3 9 6
417 7 6 5 3 4 10 9 7 7 10 7 6 9 3 1
511 9 4 10 2 7 7 2 8 7 4 5 3 10 7 9
368 7 6 6 3 1 1 9 2 4 4 3 1 8 4 6
341 2 4 1 2 6 9 6 1 4 6 2 8 1 7 6
25
308 2 1 4 2 4 3 6 8 3 8 1 1 10 9 1
385 2 5 2 5 1 7 3 4 6 3 10 3 6 7 4
432 6 3 8 4 7 10 5 6 3 5 1 8 7 6 5
427 5 9 1 6 3 6 3 6 5 7 2 7 5 9 7
387 5 7 5 3 4 8 9 4 6 2 3 5 3 8 3
466 9 9 9 6 5 4 2 5 1 4 5 3 7 8 3
513 7 2 2 10 3 4 8 9 5 9 1 8 7 10 6
281 2 4 2 1 3 3 2 4 5 9 3 9 7 2 2
352 2 2 5 2 4 5 2 3 3 7 8 4 9 2 6
461 2 9 9 1 9 2 6 1 2 10 8 2 8 4 7
519 9 9 9 6 9 1 9 7 5 3 7 8 5 4 10
469 8 3 1 8 7 10 2 4 8 7 7 4 6 7 3
504 9 9 6 9 7 10 8 8 2 4 6 9 8 3 5
429 1 9 1 5 1 5 8 4 8 6 3 4 5 8 7
457 7 7 6 6 1 8 6 5 7 2 5 4 8 7 6
551 9 9 7 6 3 2 10 2 8 10 4 7 10 9 6
532 4 4 5 4 5 7 5 4 10 5 8 5 9 8 9
386 7 6 10 3 9 8 6 3 6 3 8 3 3 1 1
287 7 8 4 2 2 6 8 4 1 1 4 8 10 1 2
496 9 10 6 8 2 2 4 9 1 10 3 1 7 9 7
505 5 10 4 9 10 2 5 4 10 5 7 8 4 10 3
384 3 5 1 2 5 7 7 3 7 8 5 3 5 4 8
509 10 9 9 8 9 2 1 4 6 3 9 8 1 7 3
453 2 10 8 2 4 8 4 9 2 9 8 5 4 7 1
350 9 6 8 1 7 8 10 2 1 4 2 1 10 4 2
25
413 2 6 9 3 3 7 1 1 6 7 4 1 7 1 8
412 3 2 6 8 7 2 4 4 5 10 4 4 9 3 6
406 7 6 2 9 1 1 1 1 6 3 2 5 7 10 4
388 6 9 3 1 8 3 4 5 10 8 5 8 2 3 6
592 8 3 9 10 4 8 8 1 6 10 5 7 4 7 9
657 9 9 10 9 5 6 7 2 9 10 8 4 1 10 7
523 6 7 7 9 1 5 4 3 8 8 6 3 8 6 9
464 3 6 2 10 3 2 4 3 8 4 7 6 2 8 5
440 5 3 4 3 4 4 9 2 7 10 1 3 10 5 10
472 5 10 1 5 10 5 7 10 10 9 5 7 7 1 9
413 1 3 8 2 9 5 7 6 10 6 10 8 6 4 3
537 8 9 6 1 6 4 9 4 6 6 10 5 5 9 10
437 6 3 10 6 4 9 8 9 5 10 3 4 7 2 2
472 10 7 7 5 7 3 4 1 6 5 4 5 2 2 10
448 5 5 8 2 9 10 3 10 3 8 3 7 1 5 8
491 4 3 4 5 9 7 4 7 5 3 3 9 2 10 10
442 6 9 5 1 1 8 6 4 9 6 4 2 6 5 8
464 3 4 5 5 5 6 3 6 5 5 8 7 3 9 4
432 7 9 7 4 7 5 10 3 2 3 8 2 4 4 2
397 9 4 1 6 9 3 1 4 6 2 3 5 7 5 7
396 8 2 7 2 5 1 2 5 4 8 5 10 6 2 9
453 10 4 9 1 2 3 8 7 4 8 2 1 6 6 8
502 3 7 10 10 8 5 2 2 4 2 1 6 3 10 7
423 2 7 9 2 3 9 1 10 10 9 2 7 4 6 3
345 1 1 2 2 2 8 4 6 10 7 6 4 9 9 1
25
407 6 1 7 6 4 6 3 8 5 9 1 8 5 3 6
465 5 8 7 3 10 10 6 10 10 8 4 1 8 5 1
406 8 5 1 6 4 1 6 8 3 6 9 8 4 2 8
472 2 2 8 3 8 8 9 3 6 8 2 9 9 7 8
399 8 1 9 3 5 4 3 9 8 7 8 6 2 2 5
531 7 7 3 9 8 8 7 10 9 2 10 4 8 4 8
398 5 5 2 3 6 2 7 4 5 10 4 9 2 1 9
295 8 1 2 3 5 4 5 3 9 4 5 7 5 1 4
395 2 3 10 3 9 1 7 9 5 3 2 10 7 2 6
376 9 1 6 3 6 2 5 6 7 7 8 2 6 2 5
471 7 5 8 1 4 1 9 6 2 6 3 6 6 9 9
506 9 7 6 4 7 5 5 2 8 6 1 7 5 10 8
576 1 10 10 8 3 9 5 1 3 6 9 7 2 9 7
506 6 1 5 7 1 3 6 7 1 10 2 4 7 10 10
442 10 5 7 5 8 3 9 9 9 3 7 6 5 4 3
505 10 5 8 3 10 8 8 3 3 7 10 9 1 8 2
478 4 2 6 5 4 7 1 4 1 7 10 2 8 9 6
463 5 8 8 6 10 6 1 4 9 9 7 7 3 5 2
379 1 8 10 3 2 5 1 8 3 3 9 8 4 6 1
512 10 5 7 3 2 6 1 9 5 9 9 4 3 4 10
426 10 10 5 1 3 10 10 3 2 7 6 5 2 3 6
323 1 3 3 3 1 1 5 7 2 6 2 6 10 7 5
439 5 3 7 7 8 4 8 2 5 5 2 2 9 2 8
494 4 8 5 9 10 4 9 6 9 2 8 6 5 4 4
460 3 4 4 7 6 8 4 7 6 5 9 10 2 4 5
25
583 10 8 8 9 7 10 5 2 9 7 4 9 10 3 9
537 3 10 10 1 6 8 8 6 3 8 9 10 8 5 9
453 8 6 10 1 2 4 6 1 10 2 2 7 10 8 9
493 4 2 10 8 9 2 1 3 2 5 1 8 6 8 8
495 4 2 10 9 9 9 8 1 8 1 5 5 2 5 7
482 3 7 9 6 9 3 5 5 9 8 9 2 6 1 5
432 4 9 7 2 5 8 1 5 1 2 7 2 1 9 5
546 8 7 10 6 5 8 6 3 9 9 8 9 2 5 5
355 5 7 6 1 1 8 2 3 2 9 8 7 7 3 1
356 7 4 7 4 3 7 1 1 5 2 6 7 4 3 2
475 1 6 5 10 10 6 2 2 8 4 5 4 5 4 9
569 2 2 9 5 9 10 10 2 10 8 6 5 9 8 10
487 10 2 1 1 8 7 5 8 10 9 1 4 10 10 9
396 2 4 9 4 1 6 8 3 2 3 1 7 1 8 7
411 8 10 3 10 7 2 2 7 4 10 5 6 5 1 1
445 6 3 3 2 8 7 7 8 9 6 7 5 4 8 7
583 9 10 9 5 4 5 6 5 7 3 3 10 10 10 9
429 6 6 1 5 1 3 7 10 5 8 6 2 7 10 2
328 7 8 1 3 7 2 7 4 7 2 4 10 9 5 2
574 8 8 10 6 8 8 5 9 9 6 5 8 5 2 10
477 9 9 7 9 5 6 8 9 5 4 2 5 1 8 3
552 6 6 9 4 1 6 8 2 1 9 10 2 9 10 5
510 4 6 10 7 10 7 5 10 2 2 4 2 6 8 8
426 10 3 3 9 2 6 10 6 4 5 1 9 10 5 5
390 10 1 5 7 3 5 2 8 1 7 5 3 4 3 4
25
475 5 9 9 8 10 8 5 3 8 2 1 9 5 5 5
426 3 2 10 9 3 7 7 2 4 2 1 2 7 8 4
416 10 8 7 9 2 1 2 9 3 1 6 4 5 5 2
451 4 2 6 10 5 1 8 10 2 5 8 8 1 8 2
456 2 6 9 3 8 4 9 8 10 10 2 7 9 5 3
590 7 10 3 6 9 8 8 4 4 6 8 7 9 9 10
480 7 9 4 6 9 9 10 6 8 8 6 9 8 4 3
464 10 10 1 7 2 10 1 3 7 8 2 8 4 8 6
418 7 7 10 3 6 9 2 1 5 2 7 10 9 3 2
455 2 3 5 7 2 4 7 1 2 10 6 8 4 10 4
509 8 7 3 4 7 9 5 1 7 6 5 7 2 10 9
485 2 7 7 7 10 1 9 3 8 7 3 2 8 10 4
556 9 4 8 9 7 5 5 9 9 7 8 10 5 5 6
396 4 6 3 7 4 9 3 3 2 8 1 10 9 1 5
516 10 1 6 9 6 5 3 4 8 6 10 5 10 10 2
515 6 7 3 6 5 10 10 7 8 2 8 3 6 3 10
418 4 7 8 6 6 8 1 8 7 10 7 4 2 1 2
496 6 4 3 6 6 3 9 7 8 7 8 2 10 8 5
365 4 10 2 3 2 5 10 7 8 6 1 2 5 1 7
557 2 8 9 10 2 5 2 5 3 8 5 1 2 10 10
424 10 4 2 8 9 1 9 10 6 4 4 5 1 2 9
494 1 2 4 7 8 10 5 8 8 9 5 8 9 7 4
420 3 1 8 7 4 1 10 9 5 6 3 3 4 4 9
438 2 2 5 7 8 1 9 8 3 10 2 7 1 5 8
525 1 10 10 6 4 10 9 4 9 10 5 3 6 8 2
25
516 4 2 10 2 9 7 8 7 3 8 8 8 2 8 5
481 9 3 8 7 9 5 1 6 10 8 4 5 1 3 7
407 7 9 4 8 1 6 5 3 4 5 5 4 8 6 1
418 7 1 9 7 4 1 2 8 5 4 5 5 6 10 2
360 8 1 2 1 6 4 5 10 4 3 3 8 9 4 8
333 4 10 6 1 4 2 2 10 7 8 10 8 3 1 1
393 7 4 5 2 9 6 2 5 4 2 1 1 9 5 9
402 10 10 7 1 7 3 4 7 7 1 6 4 6 6 2
395 5 4 2 5 3 8 10 7 2 1 3 3 6 9 4
487 9 5 9 9 1 9 10 1 5 3 7 2 8 3 3
442 3 1 8 9 5 8 2 6 9 1 2 8 1 2 8
522 5 3 9 10 3 9 1 1 9 10 2 4 6 8 5
370 2 9 1 4 4 1 5 7 4 8 1 8 4 9 6
383 6 10 2 2 1 8 5 6 4 7 5 5 3 3 5
483 3 8 7 9 10 8 10 6 1 7 3 1 3 2 7
445 1 8 4 10 1 3 4 1 4 9 7 1 10 5 3
405 3 3 3 10 4 5 3 4 5 4 3 2 2 5 5
440 6 8 6 10 2 4 10 7 3 2 2 2 9 2 7
399 10 3 4 2 5 10 8 4 6 10 3 1 3 1 7
387 1 1 9 4 3 10 10 9 4 3 3 2 1 5 6
456 6 2 6 6 1 7 1 9 8 3 9 5 7 3 10
359 4 10 7 8 1 1 2 10 2 6 1 3 2 1 6
367 5 1 3 2 4 3 8 4 9 8 4 2 7 1 8
528 1 6 5 6 7 2 9 8 7 4 9 6 9 9 8
524 9 2 6 10 3 5 8 10 4 5 10 8 3 9 4
25
448 7 6 8 1 10 6 7 9 3 9 4 7 5 6 2
419 1 9 7 1 8 6 7 3 4 10 2 4 4 5 8
380 6 5 9 4 4 8 7 2 1 5 1 1 1 6 4
363 10 2 3 1 9 10 2 3 1 7 5 5 6 5 1
447 6 1 9 6 6 9 4 7 3 6 8 9 7 3 2
367 7 2 6 2 4 1 3 9 3 8 4 1 4 2 7
349 6 2 3 3 3 7 5 1 8 2 5 3 5 6 5
376 9 1 6 2 1 8 1 3 5 10 1 10 3 8 1
556 1 3 6 6 5 10 10 7 7 10 6 4 7 9 6
530 8 10 4 5 7 6 8 7 2 10 4 1 10 8 9
439 7 9 3 7 9 9 2 1 4 2 9 3 2 6 2
428 4 2 9 6 4 2 8 3 9 10 5 6 3 4 3
483 9 10 4 3 7 4 10 9 8 7 1 6 7 9 8
473 3 6 10 5 1 4 6 9 6 9 5 5 9 3 8
474 9 10 7 2 10 10 6 5 4 2 7 10 1 6 4
398 7 2 6 1 4 3 9 7 7 1 8 7 5 6 4
445 10 9 1 9 9 3 6 8 3 4 9 4 2 7 2
543 7 2 9 9 10 7 5 2 4 1 7 8 10 6 9
353 5 8 10 2 6 2 1 1 5 8 2 3 7 3 1
478 9 4 10 6 4 9 8 2 3 10 6 2 5 2 4
479 5 8 8 8 1 8 9 2 1 10 8 4 2 5 2
382 1 8 6 5 6 4 9 1 7 1 3 8 5 2 6
442 4 5 3 5 2 7 7 5 9 5 6 5 7 10 4
426 7 2 3 1 4 1 8 9 10 6 8 8 2 6 9
506 3 10 5 10 5 6 6 4 3 7 8 5 7 5 5
25
545 5 9 8 10 8 3 1 3 9 6 6 10 7 4 8
614 9 10 8 8 9 4 10 2 8 1 9 3 6 9 10
341 9 10 3 2 10 6 3 3 8 1 2 1 7 7 2
361 2 6 2 7 5 1 3 9 2 2 1 6 4 6 7
470 10 9 3 8 8 6 6 6 2 4 9 4 10 3 4
359 4 7 10 2 9 3 7 1 1 9 4 6 5 1 1
444 8 5 4 3 4 5 5 2 5 1 9 9 8 3 9
445 2 9 6 5 2 1 10 8 10 4 5 2 10 4 10
468 8 3 5 7 9 6 10 9 6 1 5 3 9 6 4
395 6 9 5 1 5 5 4 6 5 4 4 3 1 8 4
488 3 8 9 3 2 8 10 7 8 4 5 2 2 8 7
384 7 1 3 8 6 5 2 5 6 9 4 2 4 5 3
379 7 3 4 7 6 4 7 4 3 4 5 6 7 7 1
414 4 10 3 4 3 9 4 3 1 9 1 9 7 6 7
424 9 3 1 4 4 8 9 3 6 8 6 5 7 3 8
366 9 9 2 3 8 6 5 5 10 2 4 5 8 4 2
495 6 7 9 7 1 1 9 9 2 4 9 10 6 1 9
369 7 9 9 1 10 1 3 3 1 4 7 7 9 2 3
568 9 4 7 10 8 9 6 4 5 5 10 4 9 8 3
539 3 9 9 2 2 9 6 3 5 6 6 10 4 9 8
408 5 9 3 1 1 5 7 2 2 10 2 9 2 10 5
427 2 1 7 10 9 9 1 9 3 2 5 10 10 3 4
516 10 9 5 6 10 9 3 10 6 8 5 9 2 5 5
345 9 5 4 1 3 5 7 7 3 3 3 9 4 4 5
521 2 10 6 4 7 2 9 10 5 10 10 3 2 4 9
25
440 5 9 8 1 1 9 8 2 5 10 1 3 8 8 2
422 10 3 9 8 6 1 4 5 3 6 1 10 1 5 5
370 2 5 1 3 2 5 5 6 8 8 3 7 7 5 6
468 1 8 2 8 10 7 1 9 3 5 7 1 6 7 6
483 6 4 4 6 7 9 4 9 5 2 6 2 8 6 10
513 7 3 2 10 9 8 10 2 5 8 1 3 1 9 6
429 2 10 2 6 3 8 6 3 10 6 8 3 7 4 3
553 3 2 1 10 10 7 8 8 7 8 5 9 1 9 9
422 9 5 8 3 9 1 4 8 8 8 9 3 4 2 4
437 5 8 5 2 9 4 5 7 4 10 10 10 10 7 1
481 4 2 5 8 6 9 8 5 6 3 8 2 1 4 7
254 9 8 3 2 2 2 10 3 5 1 1 1 6 1 4
311 9 3 3 1 10 8 8 3 5 1 1 6 4 7 1
413 5 7 4 4 7 5 8 5 1 4 1 8 9 8 6
415 2 2 4 7 6 4 7 8 1 7 8 3 6 3 5
534 3 7 9 2 6 7 8 7 8 2 9 5 8 10 8
472 9 4 7 1 8 2 1 8 4 6 7 5 5 8 10
388 10 9 3 6 3 5 7 1 2 6 6 5 4 2 2
449 9 2 6 2 3 1 4 1 10 4 9 4 2 9 6
485 10 10 8 8 8 5 7 6 9 1 4 2 4 1 8
495 5 9 10 1 8 10 5 1 9 6 7 2 7 8 3
419 2 9 3 5 2 3 8 4 4 2 5 6 7 7 9
369 10 10 2 2 1 1 10 7 6 2 1 9 1 7 5
382 4 7 2 4 4 6 5 10 9 6 9 9 4 3 3
550 5 3 2 5 5 9 3 4 10 10 9 6 7 10 7
25
520 10 3 9 8 6 9 7 10 8 2 1 5 9 4 10
379 7 6 1 5 2 8 7 4 3 8 9 2 5 3 3
419 2 3 9 2 5 8 7 4 2 2 3 9 7 6 8
388 5 5 1 8 1 7 6 10 4 7 2 10 9 3 3
386 2 5 10 8 4 4 4 4 4 6 4 2 2 2 1
424 3 8 6 2 10 9 3 7 10 1 9 9 7 1 8
442 6 8 6 2 7 10 10 3 10 4 7 5 8 3 4
435 7 7 7 4 4 5 8 1 7 8 8 7 1 5 3
369 4 10 9 3 2 6 2 1 10 3 8 5 10 1 2
532 7 10 8 8 9 1 9 8 4 6 3 2 5 5 10
439 3 5 7 3 4 2 4 8 4 9 5 4 10 10 3
529 8 6 2 2 7 5 7 6 10 5 10 10 5 9 9
446 10 6 1 8 8 5 4 8 8 2 4 6 4 10 2
503 6 10 6 6 7 5 2 10 3 7 9 7 10 5 7
371 2 3 8 1 7 6 2 2 3 10 10 3 7 3 1
404 5 5 4 7 5 10 1 9 10 1 4 10 3 2 5
433 1 4 4 1 1 1 8 2 10 10 9 7 8 7 8
612 6 4 9 10 7 8 1 7 10 7 7 5 8 9 10
417 2 10 2 5 7 8 4 7 5 5 2 10 8 2 10
471 4 3 6 4 7 9 8 1 1 6 1 8 2 10 10
511 4 4 6 9 2 8 3 3 5 3 4 8 7 8 9
428 2 6 2 6 6 2 1 6 5 6 7 5 8 4 9
579 10 5 5 10 5 8 4 4 8 7 10 8 7 10 2
412 3 1 2 10 5 1 2 2 9 10 1 8 1 4 6
430 2 9 9 10 8 5 9 4 3 7 2 3 3 2 2
25
403 10 10 4 4 2 2 4 7 2 5 9 7 2 2 5
485 3 7 5 8 6 6 7 5 10 9 2 7 2 10 3
470 10 1 5 9 7 4 5 2 2 9 6 2 9 1 8
427 9 7 3 6 10 2 4 6 6 1 7 8 1 10 1
341 9 3 10 1 3 5 10 2 7 2 1 1 10 3 3
432 4 3 7 9 3 4 5 10 5 3 2 7 6 3 6
374 5 1 10 5 2 5 9 9 2 6 2 4 2 5 3
449 9 1 5 5 6 3 3 8 8 8 5 6 8 8 5
351 6 4 10 4 8 4 7 1 7 2 3 10 1 1 1
521 5 8 9 8 1 7 1 5 5 3 8 9 10 5 7
505 4 9 6 8 2 5 10 5 7 5 5 1 10 9 5
472 10 2 8 7 3 10 2 6 3 9 1 3 8 3 7
440 1 1 5 8 4 10 5 10 7 10 9 2 10 2 3
410 9 8 3 1 3 3 5 3 10 3 4 8 2 7 8
427 7 8 8 4 7 8 8 7 2 7 6 8 8 2 1
472 8 1 6 8 1 2 9 10 8 6 3 2 1 6 10
500 1 1 5 7 6 5 7 8 6 8 9 7 10 5 10
473 7 4 9 6 5 4 9 9 1 4 7 1 10 10 3
391 7 7 3 2 5 5 1 9 5 8 7 5 8 2 6
535 2 7 10 3 8 10 4 4 9 1 10 1 1 10 8
335 4 2 1 4 6 9 5 1 5 3 9 3 3 5 1
457 4 8 4 7 5 3 6 5 7 7 8 8 7 5 3
449 7 9 7 1 6 6 7 5 3 7 5 9 4 9 1
427 1 4 4 9 9 6 9 8 3 4 5 4 2 3 7
368 1 1 3 1 10 9 2 7 3 9 6 7 2 7 2
25
510 8 4 9 2 5 7 10 2 6 1 8 7 1 6 10
458 7 3 5 9 8 6 10 4 3 9 1 9 2 8 1
576 7 9 5 5 10 3 10 2 8 7 8 10 3 7 9
415 4 7 8 3 6 2 1 1 6 1 2 5 1 8 8
434 4 2 3 9 6 9 9 3 10 5 3 4 8 3 7
290 3 9 3 1 2 9 7 5 10 2 8 5 1 1 1
342 2 10 1 4 1 2 5 3 4 7 4 1 1 5 4
429 10 5 9 8 4 1 6 1 8 2 6 3 7 6 2
509 1 2 10 7 5 8 1 8 1 10 1 3 9 8 9
462 4 8 7 9 4 8 1 2 7 10 3 4 4 1 4
524 10 8 7 4 9 7 3 3 3 9 8 8 3 1 10
553 10 8 9 5 9 4 1 1 9 10 3 7 5 8 6
504 4 10 10 5 8 2 9 4 10 4 5 6 2 6 5
327 7 4 4 1 10 9 3 5 1 5 4 2 1 2 5
502 2 10 7 8 5 1 7 3 1 7 6 10 2 5 10
500 1 10 8 5 2 5 3 10 7 4 7 1 10 10 7
445 9 9 9 3 10 1 8 10 1 3 5 4 5 4 7
593 10 9 10 10 2 7 9 4 2 7 4 2 3 9 8
466 9 1 10 3 2 5 5 6 2 5 5 6 8 6 7
471 6 9 3 5 10 2 9 6 3 4 9 3 6 6 8
384 7 1 8 5 6 4 7 3 7 6 3 6 4 5 3
402 5 7 3 10 6 10 2 3 2 3 2 8 1 8 1
537 2 8 7 9 3 7 2 4 6 5 8 2 5 6 9
444 4 3 8 6 4 2 7 6 1 5 1 1 9 5 10
481 6 8 10 3 1 4 1 7 9 6 4 10 9 10 5
25
327 7 3 2 4 3 3 6 4 2 7 3 1 4 2 7
573 9 7 7 10 7 3 10 1 5 5 10 5 2 6 8
429 9 4 10 3 4 8 8 3 4 7 9 5 5 1 3
350 2 4 1 9 5 5 8 4 3 4 3 1 2 8 1
473 9 7 8 8 8 9 6 1 1 1 5 8 2 8 1
425 2 2 1 6 10 8 1 4 2 10 3 2 7 4 8
540 10 4 7 1 10 6 4 9 10 3 10 10 10 7 10
458 4 9 8 3 2 10 8 6 8 5 2 5 4 9 5
383 4 9 7 1 3 4 10 3 3 8 2 6 2 5 5
447 8 7 3 10 6 4 5 2 4 6 2 8 4 5 6
445 5 7 10 2 10 2 5 4 7 3 5 8 8 9 5
371 3 9 7 7 9 1 3 10 6 5 5 6 5 2 2
543 5 4 8 9 1 3 5 6 10 10 8 3 5 5 7
468 1 6 4 8 2 8 3 7 9 3 4 6 5 9 8
503 3 9 1 10 6 9 6 6 8 6 9 3 9 3 5
479 10 3 3 9 2 10 5 10 4 7 9 3 8 4 5
472 7 1 7 10 4 6 8 3 6 7 6 6 10 5 1
559 10 8 2 9 9 9 6 2 2 10 8 7 2 10 4
354 2 5 9 4 4 9 3 7 9 1 5 1 4 5 1
420 8 1 5 4 1 1 1 6 6 7 3 7 9 9 5
452 8 4 10 4 7 4 1 5 9 7 5 6 6 5 5
510 6 10 2 10 4 2 6 9 2 10 6 8 8 9 4
459 7 10 5 5 9 7 5 6 6 3 1 9 3 5 8
404 7 4 9 1 1 3 2 6 8 4 3 6 7 4 10
343 9 3 4 3 3 9 7 8 5 5 4 3 5 1 1
25
381 1 5 1 9 3 5 4 7 10 7 8 9 5 4 1
368 3 2 1 8 1 1 6 4 3 8 5 6 1 6 6
554 3 9 10 10 5 2 9 5 4 5 10 1 6 10 1
530 7 2 5 9 5 8 7 9 1 10 1 5 4 8 10
424 9 9 6 2 7 9 8 6 5 7 9 4 6 1 3
401 9 7 3 1 8 3 9 3 5 5 10 8 2 6 2
441 6 6 10 2 10 5 2 2 7 9 8 2 5 3 2
394 9 3 3 3 1 1 9 4 3 7 1 10 4 9 7
521 6 6 5 8 9 8 5 6 8 6 1 8 8 4 10
373 10 10 2 6 6 2 1 8 8 5 9 1 3 1 2
355 1 1 10 5 4 9 1 3 4 6 2 9 5 2 4
514 7 5 10 2 10 5 7 9 5 4 9 3 3 3 10
564 10 6 2 9 4 5 9 1 3 7 6 9 2 8 10
577 4 7 9 8 6 2 9 2 1 2 10 5 8 9 10
492 2 6 4 6 8 3 8 10 10 1 10 6 7 7 9
519 3 7 3 7 8 9 7 8 9 9 9 2 3 3 8
443 9 4 8 6 8 1 4 10 9 3 5 7 10 3 3
333 1 7 1 3 3 3 6 4 4 2 10 1 6 9 2
467 3 1 3 6 7 5 4 2 2 9 8 3 9 8 6
345 10 4 2 3 8 7 5 5 2 9 1 2 5 2 3
479 6 4 10 2 9 7 4 4 5 9 4 1 10 10 2
350 2 5 2 6 9 6 4 1 3 8 2 1 7 2 4
422 4 1 8 9 2 1 1 5 5 6 8 1 1 9 1
381 9 6 10 5 4 6 9 10 5 3 1 1 5 1 2
494 8 10 2 2 7 8 3 9 7 8 2 2 1 10 10
25
527 8 10 10 6 3 7 2 5 2 8 7 7 4 2 8
547 8 9 9 9 10 5 8 5 8 5 7 7 4 5 4
513 2 1 9 2 1 3 8 7 8 9 10 3 9 10 9
444 8 7 8 6 4 2 1 5 2 5 5 6 7 9 5
520 1 6 9 2 3 7 6 9 2 6 8 10 4 9 8
362 5 7 2 10 7 8 10 7 5 3 4 1 2 1 1
436 2 5 9 2 9 5 7 9 5 2 9 5 8 4 4
419 6 10 4 3 4 2 2 6 1 6 2 4 10 7 10
533 9 10 7 7 8 1 6 3 5 7 8 3 4 4 8
377 2 7 7 4 9 1 5 2 1 1 9 4 1 3 8
517 4 3 9 7 4 10 3 8 1 3 10 4 7 2 10
423 9 6 5 4 4 6 2 5 8 8 10 4 5 1 6
439 7 3 8 4 5 5 3 8 9 9 10 2 5 5 2
362 3 6 3 5 3 8 5 10 4 4 3 1 10 3 6
463 6 5 5 10 10 5 2 10 4 5 1 10 8 1 7
406 2 9 4 1 6 7 4 6 10 6 8 10 1 3 5
465 5 10 7 5 4 1 6 10 7 8 5 3 4 6 8
482 10 1 7 7 8 2 6 10 4 4 2 10 1 6 10
445 8 6 10 8 5 9 4 5 7 2 1 8 10 4 2
528 10 2 9 2 4 10 8 2 7 6 8 7 7 4 10
479 5 9 2 9 1 3 8 9 6 3 8 5 7 7 6
456 10 2 6 8 2 1 9 8 6 10 10 7 2 3 4
406 1 4 6 7 1 8 8 1 2 9 9 5 8 3 2
434 8 1 1 8 9 6 9 6 8 1 4 1 10 7 6
390 9 2 3 6 4 4 5 8 8 5 5 1 2 8 2
25
645 9 9 7 8 5 10 8 10 5 10 9 5 6 5 9
405 2 3 3 8 5 9 5 5 2 1 2 4 9 9 4
295 3 2 1 1 10 4 2 7 1 5 7 1 10 1 5
508 7 3 10 2 8 6 8 6 8 6 7 7 8 4 7
369 4 2 8 1 3 9 1 7 2 6 4 1 2 4 9
390 2 4 8 2 10 3 1 8 4 7 1 8 8 3 9
345 4 9 3 3 10 3 6 9 10 1 2 4 10 5 4
412 1 1 10 7 7 4 4 2 2 6 7 2 2 2 4
433 5 3 3 6 6 9 1 5 4 6 7 8 5 8 5
389 9 1 3 7 10 10 5 3 2 7 6 4 8 1 2
430 4 10 9 5 5 10 3 7 8 3 4 1 7 4 3
508 4 9 4 10 5 6 4 5 3 7 10 6 3 2 8
468 7 2 3 4 10 7 6 2 2 10 10 2 2 3 7
487 4 6 4 8 4 4 7 8 4 10 4 10 10 9 4
450 1 3 7 3 8 6 7 4 7 10 6 7 1 9 4
405 3 6 5 3 4 3 6 2 10 9 2 6 10 10 2
383 8 9 2 2 7 6 5 6 2 7 9 8 2 5 2
404 6 7 1 8 9 2 5 6 2 10 6 10 2 2 4
422 1 4 9 7 6 7 5 7 1 8 1 5 7 6 2
413 9 1 8 1 6 10 5 7 7 8 5 8 3 2 4
359 2 10 5 5 4 5 7 2 9 2 3 5 2 1 6
563 5 10 4 7 3 7 2 7 9 5 4 10 5 10 10
424 6 1 4 4 6 9 1 8 3 5 4 6 5 3 9
304 3 2 3 2 4 1 6 3 6 1 9 8 4 7 1
462 4 9 9 7 3 9 9 3 3 5 5 10 7 5 2
25
433 10 4 8 1 3 3 8 8 7 5 6 6 5 10 4
522 1 7 2 10 5 9 5 8 7 9 9 10 2 9 1
329 8 1 4 5 2 6 2 5 4 4 3 4 7 1 5
472 10 4 4 6 2 1 4 6 10 9 9 10 1 4 5
440 2 1 4 4 5 3 6 2 2 8 7 9 3 8 8
314 1 6 8 1 8 9 1 1 1 4 3 6 9 2 1
478 3 7 9 6 6 1 5 1 10 1 7 7 1 9 6
478 5 10 2 6 1 9 7 9 4 8 9 5 2 6 7
360 10 10 8 4 7 5 1 3 8 2 1 8 7 1 1
438 6 7 6 4 9 2 9 3 1 7 9 7 8 3 4
587 9 4 8 10 3 8 8 7 5 7 10 6 4 10 2
477 10 10 2 4 9 6 1 3 2 8 7 3 2 6 8
442 8 1 10 9 3 5 3 6 1 3 1 5 7 2 9
508 7 7 10 10 6 6 8 3 5 9 1 7 4 2 4
433 6 4 1 7 9 5 9 4 3 7 3 1 9 4 8
415 2 7 4 9 10 10 5 9 8 1 7 10 2 3 1
427 6 9 4 6 4 5 10 6 9 5 5 3 5 3 3
496 7 1 4 10 3 2 2 4 10 1 5 8 3 10 9
387 3 2 1 9 9 6 8 3 6 2 3 8 3 3 8
478 1 2 7 8 1 5 7 5 10 7 9 7 4 5 4
473 7 1 4 8 3 1 6 2 3 9 4 5 9 8 8
315 2 4 2 9 8 3 3 6 3 4 2 1 6 2 3
443 9 9 2 2 10 1 2 3 4 9 10 4 6 5 5
580 9 8 10 10 9 9 4 10 4 6 9 1 7 1 6
462 1 8 1 5 7 10 2 2 10 5 2 4 3 8 10
25
426 4 7 4 8 5 9 4 3 4 3 4 6 8 4 7
556 4 8 9 4 10 8 7 8 5 8 3 6 4 7 9
396 3 3 10 3 9 1 8 1 9 5 3 2 2 7 3
422 1 4 7 1 10 3 2 1 8 7 8 5 1 6 9
454 5 8 8 1 3 5 10 8 4 5 6 3 2 6 7
379 8 4 3 2 1 1 10 8 1 5 9 1 4 8 5
378 6 2 9 3 3 3 1 4 8 4 2 1 6 2 9
502 5 7 1 9 10 3 4 3 8 1 1 6 6 10 10
396 3 3 8 6 5 2 3 10 1 10 5 6 9 3 4
494 4 3 10 8 1 6 3 10 5 10 10 4 3 4 3
485 2 9 5 2 8 6 8 8 7 5 6 5 1 9 9
403 4 3 6 1 7 2 6 6 9 10 8 8 9 2 3
410 4 1 5 3 7 5 1 5 10 9 8 9 7 5 3
465 6 8 8 2 9 3 1 2 2 9 4 10 3 10 6
437 1 9 3 4 3 5 5 8 7 8 2 7 10 4 10
437 8 10 1 5 6 2 2 1 9 3 6 7 4 8 9
383 6 4 1 3 5 5 4 5 10 7 9 7 1 8 2
552 5 7 6 1 7 9 10 2 8 6 9 9 9 6 9
412 4 7 2 8 9 2 7 6 10 2 5 5 7 5 5
505 8 9 6 9 3 6 1 6 9 7 5 1 2 6 8
431 9 9 1 1 1 6 9 4 4 10 5 8 6 7 7
498 8 5 9 7 10 1 2 7 8 3 7 4 2 5 8
533 10 4 4 7 5 3 9 7 7 8 10 1 3 7 10
511 5 6 10 6 7 6 7 1 7 10 5 9 2 5 5
524 6 1 3 9 5 4 8 6 4 9 6 10 4 7 9
25
472 9 7 4 2 6 4 1 9 10 10 9 7 9 6 6
497 6 4 8 8 2 1 4 10 1 5 10 6 3 5 7
383 7 10 1 4 4 5 7 7 7 4 6 1 5 1 9
400 1 9 5 2 5 1 2 3 6 6 5 8 8 6 6
501 8 5 8 4 5 6 1 2 7 10 7 5 5 10 3
291 4 3 1 6 3 6 5 2 1 3 4 8 8 2 3
418 9 9 10 3 4 1 7 5 5 3 4 6 9 5 4
440 8 3 4 4 8 6 1 7 8 7 5 8 3 8 3
458 5 6 7 10 6 4 6 2 1 10 2 6 1 6 1
439 9 1 2 7 1 9 3 3 5 10 2 10 1 3 7
483 4 7 5 9 10 5 9 6 10 3 8 8 10 2 2
442 9 5 4 3 2 7 2 7 7 10 9 7 1 4 7
464 7 8 4 1 6 10 8 10 4 10 1 10 10 5 7
482 9 10 9 7 6 2 3 4 2 7 4 7 3 6 3
536 9 7 5 9 7 9 3 8 9 7 9 8 5 2 7
450 5 2 8 9 2 7 9 5 4 6 5 4 2 4 2
444 2 3 4 4 9 5 5 8 6 4 8 9 5 7 5
331 5 1 2 7 1 7 7 6 3 3 1 8 9 5 2
381 5 5 1 6 5 2 4 5 1 4 6 8 7 9 3
533 6 10 5 9 8 8 6 7 9 8 2 7 9 4 8
430 5 3 4 3 10 7 1 10 10 5 8 5 5 7 2
545 10 10 7 10 5 9 5 3 6 6 10 5 3 2 6
491 3 6 7 6 5 9 10 8 4 10 9 5 4 6 2
373 2 1 4 5 5 2 1 6 7 6 5 2 9 3 6
422 7 5 9 4 7 5 7 4 4 5 6 6 4 1 5
25
377 7 2 3 2 1 5 4 10 10 8 6 7 8 3 5
507 2 5 9 7 5 5 2 5 8 9 9 1 7 3 10
444 9 9 4 6 1 5 8 3 1 9 6 10 10 2 3
451 8 4 8 2 10 4 9 9 9 5 5 1 1 7 6
454 5 9 3 10 8 9 7 2 6 6 1 1 3 5 3
376 8 8 9 1 3 2 7 1 4 2 3 7 7 9 1
486 4 7 8 3 10 6 3 2 9 6 8 9 6 4 6
465 6 3 8 10 1 3 2 5 3 4 4 3 5 8 8
439 5 1 6 9 5 7 5 5 3 8 8 3 10 4 1
512 2 1 8 10 8 9 9 4 2 9 7 10 6 6 4
343 2 2 1 5 3 5 6 8 1 8 3 5 2 7 4
347 8 9 5 2 6 1 1 9 6 1 3 7 2 4 8
501 5 9 2 10 3 2 5 9 3 8 10 5 5 4 10
412 8 10 4 4 7 6 5 9 5 4 9 6 4 2 3
346 8 6 5 2 10 1 4 3 2 3 3 4 1 4 6
467 3 7 6 2 9 3 8 7 5 9 10 7 6 4 7
407 10 3 7 2 8 2 3 5 5 7 4 3 3 4 8
471 3 10 8 3 9 9 10 5 7 5 1 7 4 3 10
478 4 4 9 2 8 8 9 1 8 5 10 1 7 1 9
337 8 8 6 1 7 5 3 8 5 6 6 1 4 3 2
404 8 5 6 1 8 3 9 5 2 7 7 9 7 1 5
409 2 1 8 2 5 8 4 5 2 4 9 7 5 8 5
420 2 4 4 4 5 5 9 5 5 2 1 9 5 7 10
520 3 10 5 5 10 2 4 5 4 4 10 4 6 8 8
480 10 5 7 5 8 1 7 4 4 7 9 3 5 10 3
25
501 9 2 6 1 2 7 9 3 2 8 10 3 6 10 9
484 2 7 7 7 10 5 4 3 1 5 5 7 1 7 6
489 10 4 9 4 10 7 4 7 7 5 3 4 7 7 6
392 6 4 2 2 3 4 10 9 8 5 8 2 1 3 9
480 2 1 9 4 9 3 10 3 7 5 7 7 8 10 5
476 2 6 4 10 2 3 2 10 2 7 9 2 5 8 7
474 9 10 2 8 6 9 5 6 7 1 3 5 10 2 10
408 4 5 10 2 1 10 5 8 6 4 4 1 1 3 8
292 3 3 3 1 9 9 1 8 5 2 4 3 2 1 4
484 10 7 4 8 3 2 4 1 1 7 9 10 5 4 8
482 10 1 7 3 10 9 7 7 7 10 6 4 10 8 2
589 9 3 8 7 4 9 7 8 7 8 9 3 7 5 8
363 9 3 2 1 7 1 10 5 10 2 5 1 10 5 7
327 1 1 2 1 1 5 8 1 10 8 6 3 2 8 2
494 1 9 4 9 10 3 6 6 8 7 1 8 6 8 8
385 2 8 1 4 5 8 9 4 9 7 5 3 4 5 4
455 10 2 5 5 4 6 5 8 4 7 5 3 2 9 7
532 2 5 7 7 4 1 4 9 7 10 8 6 5 9 9
548 2 6 1 8 4 9 9 10 4 10 6 6 2 10 8
374 4 9 1 4 6 5 4 9 5 2 8 6 7 2 7
517 8 3 10 9 3 9 4 3 1 1 4 6 10 5 8
484 5 2 2 7 4 10 7 4 7 3 1 8 2 10 10
472 10 1 4 8 8 7 7 9 8 3 10 7 4 3 6
327 2 2 4 4 1 1 8 5 3 3 1 1 4 3 9
407 2 1 1 9 3 1 5 7 8 4 4 2 10 7 9
25
348 9 4 1 1 4 4 7 2 5 6 1 9 8 5 6
475 1 6 8 7 10 8 7 1 3 10 4 3 5 1 7
510 10 2 10 2 7 3 8 4 6 8 8 2 9 4 10
405 4 7 1 8 2 1 8 5 8 2 10 4 8 8 1
283 5 7 4 1 7 2 3 5 10 6 3 1 4 1 3
445 9 5 7 10 6 6 6 3 2 1 2 2 9 2 8
458 1 5 2 10 3 3 5 10 9 9 9 9 9 4 1
347 4 9 6 1 4 6 6 10 8 3 7 10 3 1 1
429 6 8 6 8 2 4 3 7 1 4 7 10 1 5 2
456 10 3 9 6 4 1 10 9 7 9 9 3 7 1 2
500 2 4 10 10 10 8 1 2 7 6 3 5 8 4 7
400 6 8 9 3 10 1 5 10 9 3 2 8 1 4 3
293 1 1 1 5 8 2 4 6 2 6 4 9 3 1 6
355 1 6 5 1 7 10 8 3 4 7 1 2 3 9 1
512 8 9 2 8 8 1 7 8 4 6 7 4 6 7 7
505 9 7 9 10 4 8 9 7 3 7 2 10 8 7 1
446 9 2 9 2 1 7 6 7 5 2 10 9 8 6 5
514 3 1 10 10 5 10 7 9 1 4 8 8 10 5 2
540 5 7 10 4 6 8 4 10 2 2 4 9 10 9 10
480 4 1 3 7 2 3 5 9 2 4 10 7 7 9 7
417 9 3 8 8 3 3 6 8 3 5 2 6 1 5 3
462 9 7 6 9 4 1 9 3 5 7 2 6 8 8 3
359 3 9 7 1 2 7 1 4 9 9 1 6 6 1 5
514 1 10 6 6 4 9 8 1 4 2 7 10 1 6 9
417 7 4 9 5 6 8 3 7 10 4 1 1 8 6 3
25
478 6 2 4 9 3 4 9 5 6 5 2 2 4 6 9
510 10 9 10 10 5 1 8 7 4 7 6 1 3 3 6
488 7 7 5 3 8 10 1 3 7 8 6 10 3 8 5
408 6 7 10 6 3 7 5 6 1 4 1 1 2 6 3
365 7 3 7 2 3 7 5 5 9 6 2 1 6 5 2
508 4 9 10 7 8 9 8 3 5 4 5 3 2 4 7
358 3 1 4 2 4 8 9 6 2 3 2 10 10 2 10
469 1 1 6 7 8 1 9 3 7 3 10 4 2 4 10
506 10 4 2 5 10 10 8 8 8 5 10 8 6 8 3
325 1 5 2 2 7 9 7 7 6 5 8 6 7 1 2
481 3 5 5 6 9 8 2 7 1 9 1 5 3 8 10
388 6 7 1 9 10 7 3 3 2 1 4 9 5 8 2
397 9 1 6 2 4 9 2 6 7 10 3 9 3 4 4
465 8 3 4 8 2 10 4 10 10 6 3 2 8 8 4
461 8 5 9 9 1 9 4 5 5 5 2 10 10 6 1
341 6 1 5 8 7 6 4 8 7 1 1 4 2 5 2
511 7 6 10 8 1 4 9 2 1 5 4 1 10 9 8
507 6 9 10 2 7 4 10 10 7 6 8 5 8 6 6
468 10 10 5 4 2 2 8 1 6 2 7 6 6 10 5
478 8 4 8 8 5 3 4 2 1 2 8 4 3 2 10
368 3 10 4 1 3 1 10 3 4 3 8 3 7 5 5
415 1 10 1 8 8 7 8 8 8 1 3 3 2 6 7
472 3 3 10 9 5 8 3 5 2 3 6 9 7 6 3
461 2 4 5 5 7 8 8 3 4 7 5 8 9 2 9
388 6 3 1 5 4 4 7 9 2 8 2 3 1 5 9
25
410 9 4 3 2 5 4 5 8 2 9 3 4 5 9 7
603 9 9 9 9 2 9 1 1 10 8 8 3 9 8 4
363 3 2 2 3 4 3 7 4 7 10 6 2 5 6 4
538 3 6 8 8 3 6 8 7 4 2 10 6 9 5 9
455 4 4 2 2 2 9 3 7 7 4 10 10 3 7 9
477 9 6 10 9 4 1 3 8 9 6 5 6 3 5 2
435 4 3 3 9 5 3 3 7 6 7 4 3 1 6 6
480 5 2 9 7 10 2 1 8 7 9 1 6 1 10 6
377 9 10 3 4 2 2 1 3 1 10 2 2 10 8 4
445 5 6 2 4 2 9 8 2 6 5 8 10 9 1 10
572 3 7 7 10 5 4 3 5 9 7 7 9 6 6 9
331 7 1 7 1 5 6 4 7 7 4 1 9 1 5 3
401 4 3 3 9 5 1 10 7 4 9 3 9 4 4 3
390 8 2 10 1 4 1 4 1 9 10 7 6 5 1 5
331 4 5 3 1 4 5 7 1 5 4 9 6 5 6 1
555 8 1 10 9 6 4 8 2 5 1 5 10 7 10 8
490 7 7 7 10 10 2 4 3 4 6 5 6 3 5 6
505 5 8 4 3 4 7 5 10 5 9 9 5 7 5 9
481 3 8 9 4 5 8 8 4 9 5 2 1 6 9 5
493 7 5 9 1 5 9 8 10 2 5 9 7 7 2 8
403 2 8 6 7 2 7 9 7 6 4 3 3 4 2 7
526 10 9 6 8 3 6 4 2 4 6 8 10 10 8 5
530 4 6 7 6 10 3 10 4 5 3 9 8 2 9 6
365 10 8 5 5 3 1 3 1 10 7 4 6 3 1 4
541 6 10 7 6 6 4 8 5 1 4 4 9 9 9 10
25
379 2 2 2 6 6 7 8 3 4 3 6 8 6 2 5
494 9 5 9 4 10 2 7 3 10 1 5 2 5 9 6
328 4 1 2 9 5 4 9 2 4 6 1 10 5 2 2
386 3 5 5 6 4 4 4 8 7 3 4 4 1 7 4
393 7 6 6 4 5 9 2 8 2 2 9 4 10 2 2
488 5 5 3 9 10 7 10 10 10 2 5 10 3 7 2
390 2 6 10 3 4 8 3 2 5 5 3 1 2 9 2
482 3 1 8 9 4 6 8 8 5 5 1 6 9 7 8
524 4 8 4 3 2 8 3 2 2 9 9 6 4 10 8
496 8 5 6 9 8 10 5 9 1 1 1 10 9 7 9
365 6 1 1 3 2 8 7 6 10 6 2 1 4 3 7
384 4 4 6 3 9 1 7 4 2 3 10 10 2 6 2
424 5 1 6 7 6 5 2 6 3 4 6 4 3 4 7
399 4 3 7 5 7 9 10 10 10 1 9 3 4 1 2
350 10 3 1 4 10 3 9 7 1 3 4 3 1 5 3
432 6 4 9 2 5 9 3 7 10 1 4 3 3 4 8
429 8 8 4 1 2 1 1 9 1 3 5 6 3 9 10
506 8 6 1 10 6 5 9 5 6 4 8 7 7 10 4
306 3 8 2 1 1 4 8 10 4 9 4 5 10 2 3
543 2 2 5 7 9 10 5 7 9 9 7 10 6 7 6
340 7 2 5 3 1 1 9 1 3 9 2 10 1 4 5
463 3 4 8 10 3 8 7 8 10 1 5 10 8 4 2
455 5 4 10 2 10 4 1 10 2 3 5 2 4 9 10
550 8 9 5 7 10 9 9 2 6 3 1 4 7 10 7
453 4 9 6 1 5 10 7 5 6 7 7 2 6 8 1
25
395 1 6 4 8 5 6 5 6 8 4 2 1 4 6 6
545 8 9 10 9 5 5 8 7 2 6 10 6 5 1 5
489 9 3 9 7 1 4 4 7 5 10 8 4 5 7 2
393 4 3 5 9 8 2 3 5 5 3 5 8 3 5 2
508 3 6 5 7 9 8 10 8 3 10 10 3 1 6 5
486 7 6 9 2 7 3 2 9 3 4 10 10 9 4 7
384 9 6 4 2 7 2 1 5 1 10 1 5 7 10 2
379 3 9 4 5 5 1 9 7 3 4 4 5 3 5 5
423 7 6 10 8 8 1 8 3 2 3 10 5 2 2 2
459 5 10 8 8 1 5 7 6 1 4 4 1 9 9 2
397 2 3 9 7 10 10 6 10 4 7 3 8 1 1 2
487 5 3 4 4 9 6 9 7 9 8 6 2 5 9 5
417 10 1 1 7 10 6 10 9 5 5 1 7 7 7 4
475 6 2 9 2 8 6 5 9 9 3 1 9 10 7 9
377 2 9 8 1 5 2 6 2 7 3 6 4 7 8 2
360 8 7 4 3 8 10 10 5 4 9 1 2 7 1 2
353 7 8 6 3 4 6 1 8 4 6 1 10 8 2 2
485 1 4 9 6 7 9 2 10 4 3 8 7 4 7 4
486 9 9 5 8 2 8 1 4 10 8 1 2 10 5 5
431 5 2 10 1 2 7 2 1 9 4 4 3 1 9 6
562 8 10 8 10 2 5 5 1 9 7 7 7 6 10 2
587 5 7 10 9 4 9 9 6 8 8 1 6 5 8 7
507 9 4 4 10 10 6 4 1 1 7 1 3 9 8 10
449 7 8 10 1 3 9 5 6 6 2 8 10 6 8 3
356 2 10 4 4 3 7 1 7 2 5 2 9 6 4 5
25
509 8 3 10 8 6 4 1 6 1 3 9 8 2 8 4
433 3 7 2 9 6 1 8 1 2 8 7 5 6 8 4
480 8 4 4 7 7 10 4 8 6 4 9 3 3 9 1
481 9 6 4 9 2 4 6 2 2 8 3 1 3 8 6
538 9 7 4 5 3 6 9 9 8 6 10 8 8 3 10
301 5 10 5 1 8 3 7 2 7 4 3 10 8 1 1
400 7 8 10 2 2 6 9 6 4 9 5 3 6 3 2
521 7 8 2 10 1 5 6 7 8 2 8 8 2 5 9
545 2 5 10 8 2 7 6 7 5 8 8 5 6 9 5
451 7 8 6 1 1 8 3 3 5 7 9 10 5 8 2
477 2 7 3 4 3 3 2 2 6 8 6 3 7 9 10
469 9 9 6 8 4 1 8 8 4 3 8 4 5 6 6
422 9 7 8 3 3 1 6 9 9 3 8 8 5 9 1
299 1 4 4 1 3 9 8 6 7 3 3 1 10 3 3
504 7 5 6 9 5 7 8 8 1 3 8 7 10 10 1
463 3 4 4 3 4 3 8 1 1 10 9 9 10 7 8
573 2 9 8 6 4 7 8 7 9 10 10 10 8 2 8
357 2 7 4 2 10 6 5 6 7 5 1 1 3 9 2
444 4 8 4 10 3 3 4 9 9 7 8 9 7 3 2
428 3 4 4 10 10 8 10 5 8 2 6 4 1 2 3
533 7 9 4 6 3 9 1 4 9 7 4 4 2 10 9
339 4 3 3 8 2 1 6 2 10 5 4 4 6 5 1
597 3 5 10 10 10 7 5 4 6 2 10 7 9 10 5
575 10 10 6 7 3 3 3 7 8 9 10 7 2 3 10
443 9 2 5 5 1 6 1 9 9 5 4 4 4 6 8
25
376 9 10 5 2 2 5 1 3 1 6 5 4 5 6 5
519 9 10 2 9 7 7 7 1 3 8 8 1 9 8 4
485 2 5 2 8 10 5 6 7 5 3 8 9 6 5 9
419 1 9 5 4 1 6 9 10 9 8 5 3 2 1 9
451 6 6 6 9 6 4 2 1 4 5 7 4 7 7 3
550 10 8 3 8 7 2 3 8 7 7 3 10 6 10 10
438 2 4 7 7 5 8 3 3 5 2 7 6 7 3 9
429 9 5 10 1 9 5 6 9 1 2 4 10 4 5 5
343 8 8 9 6 1 4 6 9 7 1 2 4 5 1 1
595 9 10 10 7 4 10 1 1 6 8 10 10 1 3 9
462 10 7 5 10 2 7 2 10 5 9 1 1 10 4 5
416 6 3 4 10 2 3 10 3 2 2 7 9 3 5 4
323 3 3 2 4 1 5 5 2 7 2 2 8 7 3 5
489 8 9 8 7 5 7 8 3 7 1 2 9 3 10 3
338 1 4 2 7 1 9 3 5 5 3 8 3 1 2 1
429 2 6 9 1 1 9 6 3 4 10 7 8 2 1 6
467 3 9 9 9 4 6 6 4 1 10 7 1 9 2 2
433 7 7 6 5 8 6 4 8 2 10 1 9 6 7 2
353 2 2 7 4 10 5 10 9 2 7 5 8 3 3 1
382 7 9 1 4 8 1 7 10 5 5 3 8 9 9 2
441 8 1 1 5 6 6 10 8 8 1 1 2 4 8 10
340 1 4 1 9 5 3 3 3 10 1 1 3 10 7 3
540 5 7 7 4 6 4 10 4 6 4 8 9 1 7 10
307 2 1 3 5 9 1 9 8 3 7 4 5 3 2 2
407 5 2 7 3 9 1 2 9 10 3 7 9 9 3 5
25
514 4 1 5 8 8 6 6 4 3 9 3 10 4 9 10
445 8 5 6 9 5 6 6 3 2 2 7 2 5 10 1
439 10 6 3 10 3 4 8 5 3 4 7 8 7 1 4
574 10 3 6 10 8 1 2 3 9 8 8 1 7 6 10
434 1 3 7 9 6 7 7 2 6 3 3 9 3 6 2
504 8 1 8 4 3 7 7 8 9 6 10 1 5 6 8
640 10 8 9 9 9 6 10 3 4 2 8 10 7 8 9
467 9 4 3 7 9 6 3 1 10 7 8 10 7 2 4
449 9 8 5 9 1 5 5 7 7 2 1 4 7 8 4
422 6 3 9 4 9 8 5 9 1 4 2 4 10 2 7
554 4 3 8 7 8 9 7 6 4 10 10 4 7 3 9
468 4 3 4 9 9 3 1 10 7 8 6 3 10 6 4
456 4 10 10 3 1 7 6 6 9 10 5 7 6 2 4
392 4 2 8 4 7 5 2 4 8 7 4 1 10 5 4
430 9 2 2 6 5 5 10 6 5 8 7 2 4 4 3
614 8 7 6 6 4 10 9 8 4 8 9 9 7 7 10
345 1 10 4 1 7 2 4 3 6 4 2 9 9 4 8
472 3 7 5 10 3 2 7 2 8 10 7 5 2 6 1
560 7 1 8 7 6 8 10 2 1 10 5 1 6 7 10
582 6 3 8 3 9 8 10 10 10 9 1 10 6 10 9
441 10 3 7 1 2 5 7 3 9 10 5 8 7 7 4
477 4 5 9 2 9 1 10 7 4 9 5 2 9 7 9
419 3 5 4 8 2 7 2 10 8 5 1 3 3 10 4
509 9 7 6 6 3 1 1 2 5 4 5 10 4 10 10
526 10 8 3 9 2 9 8 2 9 1 5 9 8 4 8
25
451 5 10 10 9 6 2 4 10 5 2 6 4 6 3 2
438 8 5 8 1 10 7 4 3 2 6 5 10 7 3 6
488 3 4 9 7 10 3 9 5 1 3 10 4 9 6 5
393 3 3 6 7 9 1 5 8 2 8 6 9 3 4 2
503 1 5 2 9 9 5 3 5 8 9 4 9 6 8 7
515 9 1 7 1 5 10 2 5 7 5 10 10 3 6 9
434 7 3 8 5 3 1 1 7 4 10 3 10 9 8 5
407 8 7 3 5 10 8 3 6 8 3 2 6 8 4 4
444 4 7 5 3 5 4 8 4 2 9 1 8 10 5 9
433 10 4 8 6 9 1 1 1 2 4 1 7 9 4 8
508 10 10 4 10 9 3 9 6 6 7 7 7 2 2 6
444 10 2 3 2 6 8 4 7 10 2 5 1 4 7 10
409 4 3 2 4 7 10 5 10 4 8 6 4 2 7 5
459 1 2 6 9 10 10 9 7 1 6 8 1 3 4 3
530 10 8 10 1 1 2 7 4 8 6 10 10 4 6 10
455 9 3 6 4 7 2 3 2 7 1 5 8 1 8 8
493 10 6 6 9 6 8 5 3 4 4 4 6 7 3 8
535 9 6 1 7 8 5 4 9 4 5 7 10 7 9 9
347 5 10 3 3 7 2 3 4 9 3 1 3 1 9 3
525 8 7 5 4 9 7 9 8 9 1 9 2 10 8 8
468 7 2 3 8 1 3 8 4 8 9 7 1 9 7 6
415 6 6 7 3 9 4 5 9 10 1 4 2 7 1 10
451 1 9 7 6 1 8 9 8 2 2 8 3 3 9 4
363 6 7 7 2 2 10 2 10 8 3 6 3 4 2 4
481 1 3 9 9 2 9 4 9 2 9 3 1 6 2 10
25
418 2 9 6 2 4 5 2 1 2 7 8 6 2 9 6
529 2 9 8 7 10 8 6 7 2 8 10 9 7 7 2
438 10 6 5 3 9 9 1 5 8 3 5 3 10 1 10
520 1 2 7 8 4 8 10 1 3 8 9 8 4 6 7
412 9 8 5 3 2 4 8 3 6 2 4 1 2 6 9
348 6 6 2 7 9 2 4 3 3 7 5 7 6 4 1
514 6 9 5 1 4 8 8 7 5 9 6 2 5 9 7
448 3 9 1 2 7 5 8 8 6 6 3 9 6 10 9
416 9 3 1 5 2 6 5 5 1 4 5 1 7 9 7
484 3 7 9 4 6 6 6 8 2 7 6 9 9 4 6
584 6 8 6 9 9 7 6 3 3 10 6 10 6 5 10
449 6 10 9 3 4 9 2 1 1 4 3 8 8 6 4
554 3 7 2 10 9 4 1 4 2 9 9 10 3 10 7
503 10 1 4 10 5 4 8 7 3 5 5 3 2 8 9
407 5 6 3 9 7 5 3 8 10 9 1 5 7 2 1
502 2 6 8 2 9 1 7 7 8 10 7 7 7 7 6
437 10 6 6 5 2 4 4 10 10 10 4 10 1 3 3
495 4 5 9 7 9 4 8 3 9 7 2 5 5 5 8
528 4 9 10 7 7 2 3 8 9 9 9 1 2 3 7
458 4 8 10 10 6 3 10 8 4 4 1 1 10 4 2
516 5 10 10 7 9 1 10 7 4 5 3 8 10 3 10
433 10 7 1 6 10 5 1 4 9 4 9 7 1 7 4
492 7 8 1 7 9 3 10 1 5 4 7 9 5 10 7
502 6 10 8 6 4 10 2 2 4 3 2 6 4 10 8
297 2 1 2 7 1 1 8 3 4 7 2 1 7 1 3
25
433 3 6 9 4 7 8 1 4 2 2 9 2 4 9 1
403 2 5 5 10 1 1 4 3 3 5 10 2 2 1 5
495 8 6 8 2 7 8 7 6 5 9 10 9 10 6 2
442 3 1 2 5 5 3 6 6 7 5 8 10 7 8 7
485 7 5 9 6 9 9 1 6 9 1 3 3 4 7 9
341 1 5 1 1 6 6 3 4 9 10 1 3 9 2 6
454 8 3 9 9 4 3 6 10 5 5 10 6 2 2 4
408 9 4 3 8 10 5 4 7 8 3 9 1 4 2 2
542 1 3 7 10 3 8 7 7 10 8 6 5 2 10 5
414 3 8 2 3 10 2 9 10 1 6 3 5 10 3 9
319 10 2 8 1 1 4 1 2 9 9 5 1 1 3 1
575 5 4 8 9 9 10 6 2 9 3 6 5 2 8 10
432 10 5 8 2 6 10 9 8 4 2 5 9 1 5 4
447 4 2 8 7 8 2 1 7 4 9 3 4 7 4 6
442 4 1 8 7 7 10 10 4 4 5 7 2 4 4 4
347 3 8 2 7 5 5 5 1 2 6 1 10 10 1 3
368 2 7 4 5 8 6 3 9 9 4 4 3 5 2 4
440 9 3 8 1 7 6 3 9 8 4 8 5 1 5 6
403 1 6 10 4 9 2 9 6 1 5 8 3 7 3 1
465 1 9 10 5 6 4 1 9 2 3 7 6 6 9 3
547 4 2 9 8 1 9 3 10 7 10 4 10 4 7 8
495 1 2 10 7 5 10 1 1 8 7 1 8 6 5 8
376 3 1 5 3 4 5 2 7 2 6 8 8 3 2 6
517 10 10 3 9 3 6 8 6 10 5 1 3 7 5 9
489 3 5 10 3 9 10 5 1 8 9 7 1 5 7 2
25
368 1 1 7 2 9 9 10 8 7 3 1 7 8 3 4
417 6 2 2 4 4 9 7 8 6 6 1 9 2 5 8
507 5 5 9 1 4 7 5 9 6 9 10 10 3 9 5
398 7 1 10 4 5 10 9 5 9 2 3 8 3 6 1
431 9 5 1 9 10 4 2 3 7 3 7 3 5 8 1
419 4 4 1 8 4 2 3 6 6 4 7 7 5 8 4
467 10 2 3 10 6 7 7 4 3 2 4 9 4 4 7
527 7 6 9 1 10 10 10 10 2 10 8 2 1 8 5
502 8 1 8 6 7 2 7 1 8 4 9 1 4 10 4
487 3 6 7 9 7 2 6 3 4 5 10 3 7 8 2
499 4 3 1 6 2 8 9 8 7 8 10 3 10 3 10
493 6 6 5 10 10 10 8 9 5 4 5 5 5 8 2
355 1 4 3 2 6 1 7 4 3 8 2 7 6 7 4
372 2 3 3 3 3 1 5 8 8 10 4 4 3 4 8
448 2 10 1 9 8 7 7 9 8 4 2 2 7 10 3
461 10 2 7 7 10 5 3 1 6 9 4 1 2 6 2
360 2 6 3 2 10 6 6 8 4 7 9 2 4 4 1
334 4 6 2 7 7 10 1 1 3 8 3 5 1 1 1
538 9 6 1 9 3 2 4 2 10 2 8 9 8 9 10
496 7 5 4 7 8 10 6 6 8 9 10 10 9 5 1
475 6 7 3 6 8 7 6 10 7 9 3 6 6 9 4
469 7 5 8 5 2 7 6 3 1 9 6 8 3 5 5
389 2 1 5 3 3 4 9 2 4 3 10 1 6 4 8
363 10 3 4 5 1 7 1 5 2 3 1 4 4 4 6
492 2 5 3 10 7 5 3 5 3 10 10 6 4 10 2
25
360 7 5 2 2 5 4 2 9 8 9 5 1 6 5 4
375 2 2 1 3 9 2 9 7 4 6 9 4 3 4 7
408 2 1 4 3 7 6 6 2 3 3 9 4 4 10 3
372 5 2 7 4 6 3 4 2 2 7 8 7 7 3 3
576 7 6 9 10 3 10 3 10 8 9 3 10 10 6 7
370 5 6 2 10 5 8 5 5 6 7 2 6 2 1 2
525 3 9 2 9 9 10 2 8 5 7 10 6 8 10 2
379 3 4 4 2 9 7 5 1 4 3 2 9 4 7 5
559 5 9 10 9 9 6 4 8 8 7 10 10 10 3 4
497 10 4 5 2 6 6 6 3 9 10 7 7 6 3 9
490 10 9 7 3 9 1 10 5 2 9 8 9 6 8 1
550 9 4 8 7 8 3 1 10 4 8 10 3 4 5 9
542 2 1 9 4 10 9 2 7 9 6 7 8 5 8 9
419 8 10 6 2 2 4 1 5 6 7 3 5 10 3 8
477 9 6 10 5 4 3 9 1 1 5 5 8 6 2 9
397 1 7 4 6 7 7 4 9 10 10 1 5 4 2 4
481 7 3 7 10 3 3 6 8 8 6 9 10 6 1 4
441 3 4 4 9 5 7 4 6 10 10 2 7 9 3 5
443 2 1 3 10 8 8 4 7 3 2 8 10 10 2 8
390 8 9 4 2 6 1 1 9 3 8 5 2 6 5 7
432 2 1 7 10 10 9 7 4 4 3 3 10 3 3 5
572 6 6 6 7 5 9 10 5 10 7 5 9 10 8 8
615 10 6 10 10 9 6 10 9 2 3 8 6 1 5 10
402 1 2 1 9 7 5 9 9 6 4 3 2 4 1 10
452 4 4 10 5 10 8 9 2 6 4 7 5 6 2 2
25
405 4 4 2 9 7 7 1 1 6 4 6 3 3 7 3
454 8 1 9 4 7 10 7 1 3 7 1 1 1 7 8
400 8 8 2 1 6 5 8 7 6 3 5 6 9 8 6
513 8 10 7 8 10 2 2 8 1 5 10 3 1 2 10
531 7 10 9 7 8 10 1 4 6 4 2 10 1 7 8
453 1 8 9 6 7 6 7 5 3 4 1 10 6 1 9
461 4 2 6 4 1 8 10 1 10 2 3 10 4 10 6
400 8 5 1 4 4 9 7 6 2 1 4 3 2 8 5
249 4 3 1 2 3 8 2 1 3 3 3 10 2 6 1
384 9 1 4 7 8 2 5 1 1 1 6 7 6 8 2
515 8 8 9 6 8 4 8 8 2 10 5 9 9 7 3
399 1 5 10 4 10 8 4 3 2 4 2 3 2 5 6
452 10 10 8 3 1 9 1 10 6 10 5 9 4 3 3
552 10 7 9 7 1 8 8 8 9 8 9 4 2 3 7
391 8 2 4 7 6 2 7 8 4 3 5 4 2 5 3
353 4 1 3 8 6 7 1 9 9 1 4 2 2 8 1
418 5 2 8 6 9 1 6 10 4 2 9 1 8 2 6
452 3 5 5 5 10 10 1 5 2 4 7 7 2 8 3
380 4 8 4 5 10 2 6 6 2 5 8 6 6 1 3
346 2 7 1 6 6 4 5 6 7 5 2 10 4 2 3
500 7 1 8 9 4 6 2 5 1 7 4 9 6 10 3
539 5 9 8 8 7 2 8 3 10 3 9 7 2 4 10
492 4 1 8 9 3 2 4 2 3 10 7 5 4 9 5
404 7 8 3 5 5 5 5 2 8 4 4 5 1 7 6
557 7 8 6 8 5 6 5 3 5 2 9 2 5 9 8
25
491 2 4 2 4 4 8 8 10 6 10 6 4 5 8 9
468 10 1 9 4 8 7 3 10 3 1 6 3 7 8 6
310 5 5 2 1 1 5 10 1 8 3 4 7 3 9 1
398 3 3 6 3 5 8 6 1 1 1 6 1 8 5 7
483 2 1 9 5 9 6 8 5 1 3 7 4 1 10 9
531 9 10 6 10 3 8 1 3 2 5 4 10 10 5 7
426 6 5 10 7 3 5 1 1 4 10 6 4 3 1 2
430 10 3 4 1 2 8 1 5 7 4 8 10 3 10 2
480 1 10 2 5 8 7 7 4 10 6 10 8 10 9 1
422 9 6 10 2 6 2 6 9 3 2 2 9 10 3 7
463 10 6 7 1 9 7 4 3 9 1 6 10 9 7 6
562 10 6 8 5 5 6 9 5 5 8 6 3 7 9 8
420 5 7 2 3 10 10 5 7 5 4 5 1 1 3 10
566 9 9 9 8 5 7 2 4 7 7 10 1 1 4 7
430 7 3 5 9 4 3 3 4 3 1 8 4 7 6 7
605 10 1 9 10 3 6 9 9 2 6 6 1 6 9 9
440 2 1 1 10 4 10 8 6 4 4 2 8 10 10 1
509 3 8 8 6 9 6 3 1 4 5 9 7 9 3 10
357 5 4 8 7 7 3 2 8 6 4 3 6 3 2 1
484 4 2 5 10 6 2 2 2 8 5 2 3 6 6 10
436 7 8 5 3 10 5 8 1 1 6 4 9 2 2 10
432 1 7 10 9 8 2 5 4 1 1 7 1 5 5 2
473 2 3 4 5 8 2 8 5 1 8 8 2 6 9 10
609 5 8 9 7 6 7 5 5 8 6 8 7 4 10 7
482 10 6 9 10 4 3 3 9 1 4 3 4 9 6 6
25
284 6 9 3 1 6 2 7 6 2 1 2 3 9 4 4
354 2 1 9 7 5 7 9 8 7 4 1 2 5 3 2
320 4 8 1 1 3 6 4 9 1 2 9 4 7 8 2
376 8 2 10 1 6 4 3 8 1 9 4 7 6 1 7
256 5 2 3 1 2 5 3 2 1 8 6 8 6 1 2
364 3 5 8 3 10 1 3 4 2 3 1 9 6 6 7
427 3 7 7 9 9 4 3 7 1 5 3 9 10 5 4
434 8 9 1 9 5 10 5 3 8 3 1 9 4 4 6
447 9 6 7 4 3 9 6 4 10 6 10 10 7 2 2
512 4 3 9 7 4 2 3 2 2 3 8 6 8 8 10
438 8 9 9 3 7 1 8 9 9 9 3 5 9 3 5
371 9 7 5 2 6 4 7 1 6 2 1 9 5 6 6
478 1 5 6 2 8 3 8 10 7 6 10 7 6 9 6
555 9 6 10 10 2 3 8 6 3 6 10 9 7 1 9
425 8 6 4 9 6 5 9 1 10 2 4 4 10 3 5
295 10 7 1 3 5 4 1 9 8 1 2 10 3 2 3
406 9 5 1 2 2 9 5 6 1 10 6 2 5 7 4
547 6 10 10 5 5 4 5 5 7 4 10 2 5 5 8
493 1 9 3 8 10 6 10 6 8 9 8 2 3 8 2
331 7 6 1 3 7 8 2 3 3 1 1 2 4 7 7
441 8 4 9 3 10 2 4 7 8 8 6 2 4 5 2
462 3 1 10 10 10 3 10 7 5 3 1 9 8 2 6
476 6 6 9 9 7 5 2 9 2 8 5 7 8 3 4
472 9 10 6 9 9 1 3 4 8 1 8 1 3 5 3
484 1 9 5 10 7 9 6 5 8 8 5 9 3 1 3
25
424 9 3 4 4 7 3 3 9 2 2 4 9 10 5 8
504 10 4 3 5 1 5 6 3 3 9 7 9 7 9 6
419 9 4 5 3 5 9 3 3 2 9 5 3 2 8 3
531 4 2 3 5 7 6 7 10 3 9 9 7 6 10 7
514 9 9 5 9 8 3 4 3 1 2 8 6 4 7 9
459 2 2 8 5 1 10 7 10 4 3 8 3 1 3 8
521 7 10 6 8 9 1 2 5 9 9 7 2 10 3 7
511 10 1 8 10 7 4 9 5 9 1 9 4 1 6 3
501 7 7 3 9 6 9 10 7 4 1 2 9 7 7 10
505 7 6 6 2 10 1 9 3 8 3 9 4 10 8 10
412 6 2 8 6 7 1 3 4 2 4 4 1 10 7 6
400 5 2 7 5 10 9 1 4 6 4 7 5 5 4 3
391 6 9 2 5 3 2 7 7 9 5 4 1 1 5 6
377 4 3 2 3 8 3 2 2 5 6 4 2 4 5 9
395 4 7 8 1 6 1 5 3 5 8 10 1 4 3 4
407 5 8 1 7 7 3 7 7 10 5 1 3 6 3 8
523 7 9 2 6 6 9 6 6 6 8 3 8 8 10 8
519 3 7 7 8 6 4 2 5 8 6 2 4 10 9 8
453 10 6 9 1 6 1 9 3 1 10 9 7 4 6 2
430 3 3 8 1 10 10 7 8 8 1 6 2 6 10 3
468 8 3 1 3 6 8 9 7 10 6 5 7 4 4 10
469 1 1 10 9 7 10 6 1 3 1 10 7 2 5 2
422 8 9 2 4 10 4 4 6 9 9 6 6 5 1 4
536 1 7 8 10 2 1 10 3 10 7 2 5 4 10 9
388 6 6 8 6 3 3 6 6 5 2 4 4 4 5 5
25
495 7 8 5 2 10 9 5 5 10 3 9 8 9 4 6
460 4 8 2 6 10 7 3 2 1 10 10 9 1 4 6
477 3 5 1 10 2 6 8 2 5 1 10 6 7 5 7
481 8 4 5 8 8 5 10 2 8 3 6 8 6 3 6
523 10 6 10 8 8 3 3 7 1 8 2 6 1 5 10
406 6 3 5 10 10 8 4 3 7 5 4 8 3 1 1
389 8 1 6 3 4 6 5 1 5 5 2 4 5 4 10
392 7 1 8 6 1 5 3 9 4 1 2 7 3 8 6
426 3 6 9 9 3 6 2 1 1 3 2 9 6 3 8
418 1 4 2 7 10 1 9 2 4 4 6 10 5 5 5
345 4 6 8 4 1 1 9 8 4 5 3 4 8 1 3
503 7 8 10 2 5 6 3 9 4 5 8 5 4 10 6
363 9 2 2 7 9 3 8 9 7 1 7 3 2 2 5
430 7 6 6 8 8 6 9 3 1 10 3 3 3 1 2
382 5 5 1 7 5 1 3 3 5 9 2 1 10 4 5
444 8 1 3 8 2 8 4 3 4 4 8 1 2 10 4
330 1 6 2 1 2 5 3 3 6 5 6 1 8 2 7
504 8 6 3 5 6 4 3 10 7 6 10 7 10 5 10
586 10 7 4 10 10 10 10 1 4 7 10 6 5 4 7
412 2 6 5 4 5 2 7 7 1 10 10 8 4 4 3
397 3 5 1 10 9 4 7 8 2 1 6 5 6 3 6
530 10 2 7 1 9 1 10 2 10 10 2 4 8 10 9
435 3 1 6 3 7 8 2 3 4 10 8 5 4 6 4
531 7 3 9 3 7 10 7 3 5 10 5 6 6 7 8
593 5 10 2 8 9 10 3 1 6 10 9 8 4 8 8
25
457 8 1 4 2 2 3 4 8 2 7 10 2 6 9 9
392 10 5 10 3 9 3 5 3 3 2 9 6 8 1 3
383 3 5 4 1 4 2 9 7 2 9 10 4 3 6 4
463 2 8 5 3 6 1 9 9 9 6 6 3 4 9 9
337 4 4 2 3 4 6 4 1 3 6 2 3 7 8 4
407 8 3 10 4 3 4 10 5 2 8 2 9 9 2 3
469 5 6 2 9 4 7 4 6 1 2 6 3 3 10 7
401 1 8 6 3 6 10 8 10 2 1 1 10 8 5 4
452 6 7 1 7 5 8 4 7 3 7 3 6 8 1 10
523 2 9 10 7 4 1 5 10 6 6 5 10 5 8 6
380 1 3 3 1 6 2 7 6 8 7 7 2 7 9 2
450 9 7 7 7 7 2 9 8 4 4 1 8 6 2 8
427 8 7 9 8 5 2 1 10 4 3 9 8 9 2 2
450 5 2 4 6 5 1 5 4 9 2 6 3 5 8 8
432 2 6 6 8 8 5 9 9 4 1 9 8 6 3 1
481 2 2 2 9 2 8 10 2 2 6 5 3 10 10 8
556 8 6 7 9 1 8 5 3 9 10 9 3 5 2 7
576 10 7 10 6 8 9 10 8 8 5 2 6 10 8 5
574 4 1 10 9 7 9 3 7 10 7 7 4 2 8 9
438 10 9 4 6 7 9 6 4 5 5 1 2 3 4 6
367 1 9 3 4 5 4 4 5 8 6 7 9 2 5 3
394 4 5 1 5 7 6 8 5 6 7 4 7 8 5 3
627 10 7 8 7 9 6 10 7 7 3 9 3 7 10 10
472 1 8 7 8 2 7 7 7 4 8 1 4 8 10 1
289 9 9 2 1 3 6 2 4 8 1 1 1 2 3 7
25
361 4 2 3 8 9 4 6 3 8 3 2 5 7 1 4
491 10 4 4 10 8 6 5 1 4 2 9 1 9 5 8
485 6 10 3 10 10 6 9 1 9 2 4 7 6 8 1
479 9 3 5 1 10 8 7 1 7 3 9 2 7 8 6
458 5 7 9 3 3 8 7 5 4 2 6 5 7 4 9
497 9 1 6 9 7 2 7 10 6 8 7 7 1 3 9
456 7 8 7 9 9 10 4 3 3 3 4 7 4 1 7
521 10 9 4 8 6 1 1 4 10 6 10 7 3 6 6
399 10 5 5 3 7 5 7 5 7 3 2 1 8 2 10
425 6 2 9 5 2 10 6 1 4 6 5 4 5 6 1
452 2 4 7 1 7 8 7 7 6 3 6 7 10 2 10
484 5 3 10 10 4 5 1 4 1 5 7 10 8 2 9
442 9 6 10 6 7 2 6 2 7 4 4 1 10 9 1
421 10 4 9 10 7 6 5 2 2 2 9 4 2 1 1
322 2 3 2 2 3 9 2 2 6 2 2 10 4 3 10
441 1 6 9 6 7 2 4 8 2 3 6 3 4 3 8
459 1 6 5 8 7 1 10 10 6 2 8 10 2 5 6
552 8 2 8 9 6 4 7 7 1 6 6 2 7 9 8
438 10 9 8 2 9 1 2 4 4 9 1 8 4 6 7
412 4 7 9 4 4 8 8 5 5 2 8 2 1 1 6
462 4 3 9 2 10 10 10 9 1 8 6 10 1 4 4
437 4 3 5 9 2 10 1 9 1 9 3 1 2 6 7
564 5 10 6 9 7 6 3 7 8 6 7 5 9 10 6
554 3 9 4 8 6 10 10 8 6 3 8 1 6 10 9
407 9 5 4 5 1 6 2 1 3 7 6 10 4 3 6
25
381 8 4 1 6 8 4 7 8 4 3 3 4 8 2 7
474 2 2 6 8 7 4 9 9 3 8 1 10 5 6 9
378 1 4 5 2 2 1 2 3 1 8 4 10 6 7 10
509 8 4 4 10 5 10 5 10 8 7 6 7 9 5 2
492 9 5 9 5 5 6 1 3 4 10 5 10 7 7 2
376 2 10 3 7 1 5 9 1 7 1 5 3 7 5 4
405 6 6 1 4 9 8 8 5 6 6 4 5 9 4 6
404 7 4 8 2 9 10 2 10 2 9 8 6 6 1 2
289 1 3 3 7 1 4 9 6 4 4 1 5 5 2 1
409 1 3 10 2 4 7 4 8 3 2 10 2 9 8 3
354 2 1 5 6 7 5 4 4 2 8 3 3 1 4 4
475 5 2 9 10 4 8 1 8 1 7 2 4 7 9 1
552 9 8 10 9 4 1 4 3 10 2 9 3 5 10 7
465 6 10 4 2 3 4 1 4 4 8 9 7 1 10 7
416 1 3 1 3 9 7 1 3 5 1 7 9 10 8 8
391 5 1 4 7 3 3 10 10 3 2 2 3 6 7 5
532 4 6 4 7 5 4 4 8 8 1 10 4 6 9 9
436 10 2 2 3 5 5 4 2 7 5 5 2 8 10 7
407 3 1 9 4 2 6 2 7 3 10 6 3 5 5 4
532 5 6 9 3 6 1 2 9 9 3 9 5 3 10 10
540 4 8 4 4 8 10 1 1 10 10 10 4 2 8 7
402 5 6 5 4 4 6 9 1 5 2 8 4 8 4 2
380 7 9 7 1 5 1 3 8 6 5 8 2 5 5 2
444 8 10 5 1 5 7 2 4 3 9 9 10 8 2 7
537 6 5 6 10 5 6 9 2 5 7 2 5 9 5 9
25
571 4 8 9 10 5 5 3 7 8 8 2 9 4 10 7
541 3 9 7 10 10 10 3 2 6 3 5 6 7 4 8
339 1 3 4 5 7 4 4 10 2 9 1 4 2 6 3
392 1 7 3 3 1 9 5 8 10 7 2 3 3 6 5
453 9 1 4 3 3 8 8 7 10 7 10 4 4 10 1
497 1 6 3 10 3 7 6 4 3 7 8 4 3 6 8
589 10 6 6 10 10 1 2 8 6 7 10 7 6 8 8
410 1 3 1 2 3 10 6 5 10 5 9 10 8 1 10
371 9 5 2 3 2 7 7 7 9 4 7 2 10 4 1
427 5 10 6 2 10 8 4 3 6 3 3 5 8 4 9
468 5 8 3 6 9 8 3 10 3 8 2 4 7 8 5
404 5 3 10 1 4 10 1 6 10 5 7 5 4 1 7
519 6 9 8 2 5 10 8 5 2 7 9 6 6 4 7
537 3 2 9 2 7 9 5 10 2 7 2 9 10 10 10
458 7 8 2 7 10 8 4 10 7 1 5 1 6 3 9
497 7 5 4 9 6 6 2 9 2 4 9 9 9 9 3
536 4 4 2 9 9 4 5 9 3 10 7 9 4 5 10
425 6 1 4 6 10 3 9 7 1 6 10 9 3 5 3
606 1 6 10 10 10 6 10 2 7 5 9 4 2 5 9
460 8 2 8 4 1 5 1 4 9 7 7 7 7 6 8
445 5 2 6 9 8 6 5 3 10 2 5 8 6 5 2
356 7 1 8 4 5 3 1 2 5 1 10 2 1 3 4
442 4 4 2 7 1 1 8 3 3 10 8 3 3 7 7
381 2 5 4 2 1 10 1 4 1 9 4 6 3 9 5
428 9 3 10 1 7 5 3 3 3 6 3 3 10 5 5
25
553 6 7 4 9 10 8 10 2 3 6 7 3 1 6 9
448 2 1 8 4 10 4 5 7 7 5 10 6 1 6 3
444 7 6 7 3 8 9 9 1 6 9 7 1 10 1 3
486 10 4 5 1 8 6 7 4 9 6 5 9 5 8 10
386 1 9 1 4 2 10 2 7 5 2 8 7 7 4 5
421 9 6 3 2 6 4 2 9 9 5 5 4 9 7 6
470 8 4 4 5 8 10 10 5 2 4 7 4 4 9 3
518 10 8 6 2 2 6 7 10 7 9 9 9 4 3 10
433 10 4 6 4 5 3 3 1 10 7 3 3 6 4 8
307 2 6 8 5 2 1 3 7 4 5 2 4 9 2 2
413 2 2 8 3 3 6 8 4 8 3 10 4 8 8 2
438 5 2 2 9 1 5 9 6 7 4 1 8 4 5 8
468 3 6 6 2 5 10 6 8 6 9 10 7 10 3 5
566 7 9 3 6 8 6 10 7 5 7 8 9 7 6 10
542 7 10 9 10 9 9 4 10 3 8 6 9 3 1 6
496 8 9 6 7 4 10 3 7 5 8 2 6 9 1 8
382 1 5 2 8 5 9 6 10 7 6 3 8 10 1 2
473 10 7 7 1 7 7 9 8 10 8 9 4 9 4 4
449 7 5 9 2 4 4 4 6 4 6 7 1 10 7 4
521 7 4 2 6 3 9 7 5 8 4 8 6 6 8 8
356 7 6 9 1 3 8 3 7 3 5 1 7 7 8 1
554 1 1 10 9 8 1 7 7 10 1 10 10 7 4 10
449 7 4 4 10 4 8 3 3 2 7 7 5 1 2 4
273 8 5 1 1 8 4 3 10 4 2 2 6 6 6 2
383 8 8 1 3 10 4 6 2 7 8 1 1 9 8 1
25
434 3 8 1 6 7 4 9 2 4 7 3 1 6 7 9
384 6 3 8 1 9 2 8 3 10 7 5 6 10 1 6
477 3 1 5 5 4 5 6 2 4 3 8 1 6 9 10
501 6 10 8 8 4 6 7 9 2 3 2 7 2 6 10
356 1 6 10 5 8 1 8 3 6 4 6 2 3 4 1
400 7 1 9 2 5 1 5 6 6 6 4 3 7 5 5
550 5 10 3 7 6 7 5 10 10 9 1 5 10 10 8
357 6 8 5 4 5 2 6 2 3 1 7 4 2 3 6
473 5 6 4 6 7 10 8 6 5 6 7 7 2 5 7
391 5 7 8 2 1 7 6 4 9 1 4 4 2 6 6
475 2 5 9 9 8 2 6 7 1 9 10 7 10 1 3
376 6 7 2 6 4 2 10 3 10 9 2 8 5 2 5
531 8 8 9 7 3 6 3 1 4 4 4 10 5 8 10
429 2 1 2 8 7 5 5 9 7 10 7 8 9 7 2
468 6 9 5 4 5 9 9 8 4 3 6 10 5 1 10
364 4 6 1 2 4 4 3 10 7 4 1 1 8 6 9
397 5 10 5 4 7 7 5 2 9 9 6 4 10 1 1
401 10 7 5 3 2 5 8 8 5 5 8 7 2 6 2
532 10 6 2 9 6 8 2 8 4 8 9 1 2 10 7
545 8 10 3 9 5 1 4 2 4 9 7 8 3 10 6
373 5 3 9 2 1 1 2 9 2 7 5 3 3 9 3
490 4 1 7 10 10 6 1 3 6 3 9 2 10 7 6
462 6 1 8 1 4 8 9 9 2 8 9 8 4 6 7
414 2 2 7 2 8 4 5 2 3 8 10 2 4 4 6
500 2 2 7 3 9 10 1 3 6 5 9 2 9 8 8
25
489 6 2 2 10 9 8 2 9 4 7 7 3 3 7 7
511 5 2 8 3 2 10 10 7 5 9 6 2 7 5 8
484 7 4 9 6 7 2 4 8 7 6 7 1 2 7 4
366 1 10 3 1 7 5 10 3 1 2 2 7 4 6 7
509 7 2 9 5 2 10 4 3 10 4 5 8 2 9 6
477 9 5 6 10 7 1 3 3 8 3 5 9 8 9 1
408 7 4 6 2 1 10 6 3 7 5 6 9 3 7 1
379 3 7 2 7 7 9 1 1 2 1 5 1 4 7 4
450 4 9 10 3 9 6 7 6 9 1 2 9 6 8 5
504 3 2 6 6 4 10 8 9 2 8 4 4 4 9 6
421 6 5 9 3 1 9 4 9 7 2 2 10 7 8 2
478 7 9 5 2 6 3 8 3 4 10 3 10 9 10 4
320 6 7 1 3 10 5 4 9 3 2 6 4 8 1 3
482 7 5 6 8 5 4 4 3 7 7 7 1 9 4 5
524 3 9 10 7 5 6 10 7 10 10 7 3 2 5 1
453 8 9 1 6 1 3 6 9 8 2 4 2 5 9 9
517 9 1 10 10 4 2 5 7 8 9 1 8 8 8 2
418 4 6 8 1 1 7 4 8 9 7 10 6 8 1 3
410 10 10 5 5 9 10 5 10 3 2 5 9 7 2 1
476 4 8 2 6 7 7 10 7 10 3 9 6 3 8 2
517 8 3 10 9 5 7 6 10 7 9 3 2 1 5 7
304 4 1 5 8 2 1 8 3 10 2 2 10 7 1 1
471 8 7 6 4 1 8 7 1 7 3 5 8 3 9 8
356 10 4 2 2 6 3 3 7 7 6 10 9 4 3 3
459 5 1 8 9 2 8 6 2 2 1 1 8 9 9 7
25
503 5 3 8 8 3 5 5 5 2 5 10 6 1 9 5
526 4 6 8 9 9 5 7 10 7 4 7 5 5 2 10
465 7 1 10 9 6 3 6 7 7 2 4 4 1 7 6
494 2 5 9 1 7 8 2 3 9 6 8 5 4 5 9
444 3 3 5 3 2 8 1 9 6 7 6 7 10 7 5
587 2 8 9 10 8 7 3 6 1 10 8 2 1 8 8
416 3 1 8 2 7 3 2 1 3 10 8 3 10 2 8
485 2 6 6 2 1 6 9 4 6 7 10 8 10 8 6
335 10 3 10 1 3 2 5 7 5 7 2 6 10 3 1
355 9 3 1 7 3 1 6 7 4 2 9 3 7 4 3
464 2 2 2 6 6 4 5 10 6 4 8 10 10 5 9
487 4 8 7 4 10 5 5 10 5 5 8 1 3 2 10
496 9 7 7 6 3 4 6 1 6 8 9 5 5 5 3
379 4 4 5 3 1 4 1 4 9 6 7 9 6 5 4
424 1 10 5 3 7 1 10 3 5 6 8 7 10 7 3
342 5 4 2 1 9 9 5 8 2 6 1 9 8 5 4
495 5 9 6 10 5 2 5 7 7 6 9 5 3 5 2
482 10 5 6 1 8 8 10 5 9 1 5 7 1 10 5
406 4 6 2 1 10 8 5 7 9 4 1 2 6 8 6
382 1 9 10 2 6 4 4 4 8 7 8 2 4 3 1
526 10 8 9 1 6 10 5 4 10 10 8 2 9 3 7
369 10 5 4 1 6 7 2 8 3 8 7 2 6 7 1
373 2 2 8 2 10 1 4 4 2 4 4 1 8 4 8
371 10 1 7 6 4 4 6 2 5 1 3 2 5 3 5
409 1 6 2 3 7 10 3 8 6 2 9 5 6 9 3
25
376 1 7 10 2 5 3 2 8 2 4 6 5 8 4 4
544 1 3 8 9 8 10 10 4 5 4 8 9 10 10 1
422 9 6 7 4 7 7 1 9 5 7 9 3 4 2 1
369 1 2 7 1 4 10 8 1 6 7 1 10 4 4 4
484 5 6 8 9 2 10 5 8 1 4 9 4 2 6 3
462 9 2 9 1 9 6 8 8 2 10 1 8 3 9 3
460 10 1 8 6 1 7 8 5 5 5 4 2 6 3 7
549 5 9 6 5 7 7 2 3 7 6 10 6 2 7 10
374 3 3 3 2 5 3 4 2 8 10 6 4 8 7 2
550 1 8 7 5 9 8 4 7 6 5 7 7 2 7 10
549 4 6 8 3 9 9 9 10 7 9 9 9 5 1 9
479 2 7 5 5 7 8 5 4 7 4 9 1 10 9 6
304 3 8 4 3 4 3 3 9 2 7 1 10 9 3 3
392 4 4 1 7 5 6 1 8 10 4 5 9 3 8 3
475 4 6 9 1 8 5 8 4 6 4 6 10 3 7 6
580 5 4 9 7 5 10 5 6 7 8 4 2 8 10 10
504 9 8 5 9 6 8 1 2 9 5 6 4 2 4 9
427 2 2 10 10 1 1 8 4 5 4 6 1 7 2 5
508 7 6 3 8 7 3 2 10 8 2 7 9 10 9 7
444 10 6 3 5 3 6 4 10 5 1 9 4 10 9 1
460 4 6 1 5 6 2 10 1 7 8 7 3 4 9 5
504 7 1 6 6 5 2 10 7 2 8 9 1 4 10 8
483 3 3 1 6 9 5 8 3 9 10 8 9 2 9 6
567 8 1 3 10 8 8 6 6 6 9 9 2 7 8 8
366 9 1 4 4 1 7 5 7 2 8 3 8 1 1 6
25
478 5 8 9 9 6 3 3 1 7 9 9 1 1 4 4
561 4 6 9 6 10 4 2 6 4 9 10 6 4 7 10
477 9 8 1 6 10 7 6 10 6 3 8 7 7 2 10
352 1 7 6 4 2 2 4 2 3 8 7 7 10 4 1
282 5 1 2 6 5 2 2 4 8 1 1 7 4 7 1
467 10 2 1 3 7 3 1 4 3 6 7 7 10 9 9
442 2 7 8 9 3 9 7 9 3 1 2 4 9 2 9
485 5 6 10 10 6 6 8 3 10 1 7 8 10 2 2
542 5 7 9 6 9 1 5 6 3 9 3 10 6 10 6
343 5 8 5 2 3 3 5 9 1 4 5 2 10 2 4
386 1 6 9 5 5 1 6 3 1 1 7 9 3 10 2
538 8 4 4 9 6 5 7 3 4 3 10 1 7 9 7
519 4 6 9 8 3 9 10 8 3 3 6 1 1 9 8
370 10 4 2 1 1 1 6 2 4 9 1 1 8 10 4
530 7 9 8 4 2 3 4 1 9 8 4 7 8 7 10
540 5 6 4 7 10 6 7 4 5 5 9 3 10 4 10
373 4 9 5 2 3 4 5 10 3 10 5 4 5 2 6
364 7 6 2 3 4 3 4 7 3 3 4 9 5 9 2
499 9 2 2 10 8 7 9 10 7 7 6 10 6 6 2
427 8 3 9 1 4 10 4 5 8 7 5 2 6 6 3
550 5 4 7 3 10 9 9 7 5 7 3 5 8 8 10
560 9 7 9 4 2 9 4 5 9 10 9 6 6 2 9
414 2 2 7 4 6 8 1 7 7 5 8 8 6 6 1
465 8 2 8 8 10 8 7 6 4 3 7 10 4 5 3
349 6 3 4 10 4 2 1 1 2 6 1 7 8 5 3
25
476 9 7 8 6 7 9 2 10 3 10 2 9 2 5 3
460 5 2 9 4 3 3 4 4 8 9 8 5 7 9 3
359 10 5 1 2 3 1 4 3 1 7 1 5 7 8 6
308 3 8 3 4 10 3 7 10 2 1 4 7 2 2 2
461 1 7 9 10 8 1 3 9 1 4 1 2 7 5 9
371 1 8 6 6 10 4 5 10 8 4 1 2 1 5 4
483 1 8 7 4 9 5 9 4 4 10 2 9 5 8 5
493 10 8 5 8 3 6 7 8 3 5 7 5 5 9 4
380 8 5 3 6 1 1 1 9 8 4 4 6 1 9 1
434 1 10 9 5 7 8 1 5 9 5 2 9 8 6 2
496 8 2 1 9 4 6 10 2 3 5 10 10 10 3 8
486 10 1 10 7 6 9 1 2 4 7 2 3 7 2 10
344 2 8 3 1 6 2 2 2 5 8 3 8 6 6 3
526 8 7 6 7 4 8 6 5 4 5 9 2 9 5 6
363 3 10 5 3 3 6 9 4 8 2 5 7 3 3 2
452 2 7 8 10 10 4 6 8 2 9 6 2 4 2 4
496 2 8 10 9 4 2 10 7 1 9 10 1 8 4 1
519 3 7 8 6 9 4 6 9 5 10 9 3 5 10 1
445 7 9 8 6 5 4 8 4 4 7 5 9 6 5 2
537 7 8 8 6 8 6 4 8 9 10 6 4 2 5 8
470 3 8 3 7 2 2 9 4 9 5 8 10 4 8 5
492 8 6 6 5 9 7 2 10 9 1 9 1 8 3 9
441 9 10 5 3 6 5 6 9 8 10 3 10 4 1 8
416 6 9 2 5 4 2 8 5 8 3 6 9 3 4 7
428 8 7 4 7 5 5 3 7 5 3 7 2 9 7 3
25
444 9 7 9 7 10 6 3 9 3 5 1 9 6 3 3
594 10 6 9 9 10 1 2 4 9 5 10 3 10 7 8
548 6 9 8 7 6 1 3 7 6 9 1 3 9 8 10
401 5 1 3 1 6 9 1 9 3 5 2 6 10 7 9
373 6 5 7 4 9 9 3 7 8 2 2 6 3 3 2
531 10 8 6 3 5 6 10 8 9 9 6 3 8 8 7
422 4 7 4 3 3 3 6 7 10 4 10 5 5 8 1
456 6 2 6 9 5 2 1 10 10 10 9 4 9 2 4
429 2 5 9 8 6 6 6 6 2 1 5 6 1 2 7
341 10 1 1 1 10 1 4 8 4 10 1 7 5 5 6
506 8 8 1 6 3 8 9 2 3 10 7 7 8 9 3
426 7 8 2 10 5 3 10 10 4 4 8 10 8 4 1
534 9 7 3 8 8 4 3 10 4 10 10 9 10 2 6
482 2 9 10 10 1 10 3 6 1 5 9 7 7 4 1
464 1 10 7 6 7 3 8 1 5 8 10 5 6 7 2
478 8 8 2 9 9 9 7 2 7 6 2 7 6 3 6
370 9 8 9 1 6 6 2 9 2 4 6 8 5 1 1
410 9 10 5 2 7 2 2 7 4 9 5 2 1 5 4
382 10 1 1 2 4 6 9 6 2 6 1 10 10 5 10
430 9 7 9 1 3 7 3 7 4 3 7 10 2 4 8
402 8 5 8 4 9 2 1 1 8 7 2 5 7 8 2
429 5 5 8 6 2 2 9 3 2 1 6 5 2 8 5
361 8 7 2 6 9 5 8 4 4 5 2 1 8 2 5
315 2 10 3 4 4 4 6 8 6 2 8 1 7 3 1
482 8 4 2 10 5 4 7 7 3 9 1 10 8 5 10
25
484 8 8 10 7 1 10 2 8 7 1 7 6 2 2 7
463 9 7 3 8 6 3 2 1 4 7 7 4 2 6 7
434 1 4 5 9 5 2 7 4 3 4 10 8 10 3 3
593 1 9 7 10 5 10 4 8 7 9 9 1 3 5 9
367 8 2 6 8 1 1 6 7 2 2 1 1 1 8 3
462 9 3 10 9 1 4 9 10 6 3 3 9 8 7 2
435 9 3 4 2 9 10 9 9 4 3 4 9 8 1 10
356 6 7 2 8 10 5 7 2 5 1 1 2 5 5 1
545 1 8 5 9 10 10 4 8 9 8 4 4 10 7 7
482 9 3 9 7 3 1 10 9 5 3 4 9 3 9 4
429 1 8 2 10 3 3 7 1 6 7 1 5 10 1 8
367 7 5 5 5 8 1 2 10 1 8 2 3 10 9 1
371 9 9 3 1 6 4 1 2 9 8 3 3 6 8 2
460 6 6 3 9 8 5 4 2 3 9 2 4 10 8 5
510 8 3 9 2 8 4 1 4 6 6 8 5 6 7 9
291 2 5 4 3 4 4 2 5 3 3 10 5 8 1 2
470 6 9 2 4 5 2 6 7 8 1 9 3 1 9 8
515 10 10 3 2 8 7 9 8 8 9 10 4 9 4 8
336 10 1 3 5 6 2 3 3 4 1 2 6 5 5 7
457 3 7 4 1 9 1 9 6 5 7 6 9 1 10 10
468 6 8 6 5 7 9 1 8 10 8 3 8 5 3 5
377 8 6 6 4 3 8 1 4 2 3 5 6 9 2 5
625 8 9 10 9 9 10 8 3 5 10 6 9 8 5 5
548 4 5 7 8 7 8 4 3 2 4 7 6 7 10 7
432 9 2 10 9 1 9 10 5 3 3 1 3 5 3 3
25
375 9 3 6 1 8 3 1 7 2 7 6 7 7 3 4
448 9 9 10 5 1 1 4 10 1 8 1 4 8 9 4
507 3 2 8 7 1 10 6 8 7 6 7 7 10 1 10
462 7 9 2 10 3 9 2 3 6 7 3 6 9 3 4
466 7 3 5 5 2 9 10 1 6 1 1 8 10 5 10
611 2 8 9 9 2 9 10 4 7 4 8 3 1 9 9
357 5 6 9 2 8 6 1 9 2 4 6 4 6 5 1
441 5 9 1 10 7 6 9 3 2 1 4 6 7 2 9
492 4 1 3 6 9 6 6 7 1 8 10 10 10 6 7
522 5 6 5 1 7 7 7 10 4 8 9 6 10 7 10
571 8 4 5 10 1 9 5 7 6 7 5 7 1 8 10
364 3 5 5 5 6 9 1 10 5 3 1 1 5 10 2
371 7 8 8 3 4 1 9 8 7 2 2 9 7 6 2
429 4 8 10 3 8 2 5 4 5 2 9 7 1 2 7
494 9 1 6 1 6 7 7 3 10 7 2 3 1 10 9
366 1 10 1 4 9 2 1 7 10 5 5 5 6 5 3
438 5 1 2 8 9 1 5 8 9 7 2 6 3 6 10
410 10 7 10 5 4 4 2 1 8 6 3 3 2 7 1
439 5 9 6 8 2 1 2 2 3 4 10 4 6 2 8
473 8 6 1 5 6 8 9 5 10 1 4 8 4 8 7
519 5 8 6 8 5 2 7 6 8 1 8 6 5 7 9
308 3 4 1 4 8 1 5 3 9 1 1 7 6 5 6
440 3 2 7 9 4 5 4 1 5 6 10 3 4 3 2
410 3 8 7 9 5 2 8 1 7 6 2 4 2 1 6
455 2 9 10 8 5 5 9 4 3 4 3 6 4 4 3
25
389 1 8 9 2 2 9 1 1 4 1 7 8 7 10 1
373 4 9 6 9 1 2 9 6 4 2 8 3 3 2 2
400 2 2 9 1 7 1 3 2 10 3 7 9 6 10 1
409 7 2 5 7 1 3 3 8 5 10 8 2 3 1 4
331 7 6 3 2 8 3 7 4 6 4 9 3 5 2 2
454 2 8 3 8 5 7 3 8 9 3 7 4 9 6 5
324 2 7 8 2 4 4 8 5 3 3 8 3 1 1 4
413 2 7 4 9 6 3 9 4 5 6 2 6 1 3 7
440 7 4 2 9 5 5 1 8 8 2 10 9 2 4 7
447 8 1 8 6 3 2 3 5 10 10 2 3 3 5 6
453 2 9 9 8 4 1 4 3 2 3 5 8 10 6 7
380 7 2 1 5 5 3 1 6 2 7 1 3 8 6 8
390 7 2 7 1 5 9 4 8 6 4 6 10 5 2 7
503 3 1 3 7 2 8 7 6 9 6 8 4 10 6 10
469 7 9 8 1 2 8 4 3 5 7 8 9 2 4 6
513 2 6 9 8 3 9 3 9 4 9 8 6 2 4 8
507 2 2 4 3 9 3 3 5 10 10 9 3 5 10 8
417 4 3 8 2 5 8 3 8 7 1 9 7 7 3 8
411 3 2 8 4 9 2 1 6 8 5 8 10 6 2 6
519 2 2 6 9 10 9 8 5 7 8 4 10 6 7 5
437 10 6 7 1 1 4 9 9 2 6 5 9 2 10 5
401 5 5 10 1 9 5 4 1 4 3 9 7 1 4 2
368 7 3 1 7 2 2 3 8 5 7 7 9 8 2 3
397 8 2 5 4 8 1 5 8 4 5 10 8 3 6 1
292 4 3 1 2 1 4 7 10 2 4 8 2 10 3 3
25
396 1 6 6 5 3 4 7 6 1 4 6 7 1 6 6
459 10 9 9 2 9 6 9 3 7 2 1 10 9 8 2
518 2 2 10 9 8 2 2 6 7 10 3 9 6 3 10
343 7 10 5 2 10 5 6 10 7 7 2 1 5 1 1
509 2 2 9 10 4 3 6 6 7 3 9 10 8 4 6
409 1 2 4 6 9 7 2 8 2 6 4 4 2 9 5
506 5 5 10 9 4 6 4 5 8 10 3 9 5 1 9
395 8 9 4 6 6 2 4 7 5 3 3 6 4 2 9
509 9 5 9 10 1 5 5 7 3 7 6 10 1 8 1
534 9 6 9 3 1 7 8 3 9 5 5 7 8 9 10
402 3 8 1 7 10 1 10 4 8 5 2 2 6 6 3
491 8 1 10 5 2 4 10 2 2 7 10 1 1 6 6
433 10 3 9 7 7 3 4 10 1 8 3 6 10 1 3
449 6 2 5 7 4 3 10 10 9 2 4 5 1 8 6
468 9 7 9 1 2 2 6 5 9 9 10 3 6 3 6
467 10 3 7 6 9 5 2 8 5 5 6 7 9 5 3
531 3 10 7 9 10 3 10 5 7 3 8 3 9 5 5
398 1 2 8 5 2 5 7 7 6 5 4 2 6 2 10
451 10 2 3 4 10 3 10 1 5 8 6 2 10 4 8
395 9 1 5 9 1 8 9 4 4 4 2 9 6 4 2
496 4 10 4 5 9 3 2 7 9 10 10 6 10 3 5
449 6 10 6 8 2 9 8 6 8 6 9 2 1 3 1
568 1 10 10 9 6 10 8 5 9 5 10 7 3 6 3
396 3 10 4 7 9 2 5 3 2 9 1 1 6 7 4
321 8 6 4 2 3 3 8 7 1 3 7 3 2 3 4
25
579 3 4 8 9 9 4 8 1 3 9 5 4 8 8 10
522 3 9 9 5 7 6 6 8 4 3 10 4 4 4 8
414 8 7 3 3 5 4 1 3 5 5 7 6 7 6 8
538 9 3 2 6 3 5 6 2 6 8 10 7 4 10 8
482 9 3 4 8 6 5 10 1 2 10 9 6 2 3 5
304 5 4 1 5 2 3 3 1 1 9 1 3 10 1 4
553 6 4 10 6 4 9 3 9 8 8 8 10 5 6 8
537 4 3 10 10 2 4 5 1 7 5 10 8 2 2 9
529 2 7 5 10 9 6 5 2 6 8 2 9 5 10 6
410 9 5 8 7 9 4 7 7 5 7 2 2 9 3 1
544 6 6 9 2 9 4 8 9 6 4 9 3 10 8 8
438 4 2 1 9 7 3 8 1 3 6 9 6 7 6 5
523 2 6 10 5 5 4 10 10 8 8 9 7 3 10 3
348 1 4 6 8 9 1 4 4 9 3 3 9 9 1 3
382 10 8 6 6 4 1 8 2 5 6 3 5 1 1 4
491 10 3 9 9 9 3 3 7 5 5 8 2 4 3 6
537 2 3 3 7 9 8 9 2 3 9 7 8 7 10 5
456 9 3 7 7 8 1 5 7 3 7 9 10 3 3 6
320 5 1 1 4 10 9 1 6 6 2 6 8 3 2 3
369 8 9 2 4 10 6 10 7 3 1 9 6 1 1 2
561 8 10 7 10 6 3 9 4 5 8 3 3 1 5 9
459 7 2 6 9 3 1 3 6 7 3 4 7 9 7 6
549 8 8 2 9 8 3 5 2 4 8 5 7 10 7 9
360 9 8 9 2 2 8 1 1 1 8 3 9 7 1 3
543 8 7 10 9 9 4 1 9 7 2 3 1 2 7 10
25
412 4 6 3 5 7 5 4 9 4 4 7 5 6 2 9
402 10 3 9 10 1 2 1 10 10 3 3 1 6 1 2
597 1 6 9 8 6 4 6 6 3 10 8 10 5 9 10
412 2 9 10 4 1 4 3 8 7 8 4 7 4 4 1
497 9 7 9 6 2 3 7 8 8 1 7 10 4 10 4
543 1 6 5 10 9 6 4 2 1 8 9 3 5 8 10
465 5 9 5 10 3 3 4 10 7 7 5 4 9 2 6
470 4 4 10 2 10 2 9 1 8 3 10 7 3 4 6
479 6 7 4 7 4 7 3 8 6 6 9 8 9 1 8
400 1 1 2 8 10 2 1 4 7 1 5 9 8 7 6
445 4 4 3 2 3 10 8 2 7 7 10 3 5 7 4
421 9 7 5 8 7 2 7 8 3 3 8 4 2 6 1
478 7 3 9 9 3 6 5 6 10 8 2 1 6 5 6
448 9 3 1 1 6 5 10 5 10 6 10 8 5 2 8
353 4 10 2 2 10 4 2 10 10 5 2 5 5 1 8
353 5 8 1 2 9 3 7 4 3 4 2 10 8 4 8
329 3 9 5 5 4 7 2 2 6 2 2 6 1 3 3
507 9 6 1 5 7 9 5 4 5 8 8 6 10 2 10
465 8 5 9 3 10 4 2 6 4 3 4 10 7 4 9
493 3 2 8 9 5 8 2 6 7 6 9 9 7 2 7
470 10 8 3 5 10 6 1 5 2 9 9 7 6 6 4
412 4 7 7 3 5 7 4 2 1 9 4 8 1 4 4
359 10 5 4 2 4 1 7 5 3 9 4 9 4 8 1
495 10 6 6 5 2 3 2 6 2 5 7 2 4 10 8
380 1 9 1 6 9 3 2 3 6 4 8 1 6 7 2
25
428 2 6 6 10 2 2 5 1 7 8 7 7 8 1 3
508 10 5 9 10 7 1 9 4 3 6 9 3 8 3 4
450 1 4 1 3 8 9 8 2 7 8 9 3 2 9 4
454 10 10 3 4 6 8 2 3 8 7 10 1 6 7 2
575 9 9 9 3 3 10 3 1 10 7 10 8 7 5 7
489 7 10 5 4 10 9 8 8 3 8 4 4 2 8 5
485 3 5 3 7 1 3 4 1 10 8 10 7 5 6 8
523 4 4 10 1 9 7 3 7 4 3 9 7 7 9 8
420 10 6 1 1 6 5 4 7 4 10 5 3 2 6 7
417 2 9 4 6 1 9 6 3 8 5 2 1 3 1 9
453 6 7 6 1 9 2 8 4 9 2 3 6 6 8 8
497 4 8 5 8 3 6 9 3 3 5 6 8 9 3 8
486 6 8 4 7 6 3 10 1 7 10 6 9 1 3 8
328 8 2 1 4 1 9 9 6 5 8 1 3 3 6 1
468 7 2 8 3 2 9 6 6 2 10 2 7 3 9 8
524 10 3 8 3 10 6 5 9 7 8 6 10 6 5 8
499 1 9 7 9 2 4 2 3 3 8 9 10 4 7 4
382 8 1 7 5 7 8 3 10 2 3 3 7 9 4 2
428 5 4 3 3 10 8 8 1 6 2 7 7 9 6 5
383 6 7 1 3 1 5 10 2 6 10 4 7 5 7 2
389 9 10 2 10 2 9 2 7 2 2 4 10 8 1 3
467 3 7 1 3 8 7 8 3 8 7 5 3 8 10 5
494 10 10 5 8 5 3 8 9 1 5 4 7 7 6 6
463 2 4 2 5 7 7 10 1 2 5 8 6 2 8 10
322 3 5 2 5 5 7 10 2 7 1 1 7 9 6 2
25
331 7 4 4 6 4 6 4 5 3 5 2 4 2 3 1
500 10 5 2 8 6 4 6 1 7 4 9 10 1 10 5
430 5 3 6 8 7 5 4 3 7 3 4 4 2 8 5
514 6 6 6 5 2 7 10 9 8 3 8 7 4 7 8
399 1 7 6 8 2 7 1 1 6 3 2 2 8 3 9
316 6 8 3 1 9 3 8 2 4 2 3 9 4 4 5
461 2 10 10 2 7 3 5 4 3 1 3 10 9 6 10
541 8 6 10 2 1 1 8 2 8 10 8 1 6 9 9
353 7 3 8 5 2 3 5 3 8 2 1 4 10 6 2
343 7 3 4 3 2 6 10 8 8 7 2 9 6 1 4
463 7 7 4 3 7 3 9 4 10 6 3 9 5 7 6
485 8 8 8 1 4 9 1 1 10 6 8 5 7 3 7
436 6 10 8 1 4 7 7 9 5 9 2 10 1 5 7
355 9 6 7 3 1 3 4 5 9 2 4 7 4 1 4
317 2 2 7 4 10 2 10 5 4 6 3 8 3 2 2
471 1 3 1 7 4 10 3 4 5 6 9 3 7 7 6
436 1 8 4 4 7 6 2 10 2 10 6 10 2 3 9
479 9 5 8 5 10 8 5 1 6 1 10 3 1 3 9
369 6 8 4 6 1 5 8 2 5 3 8 3 4 5 1
466 10 4 1 9 9 1 9 9 6 1 6 3 5 4 9
452 2 7 8 3 8 8 2 7 2 7 5 8 9 5 6
495 7 5 7 6 4 10 8 10 3 5 3 2 8 9 7
425 6 4 4 9 10 5 1 8 7 3 3 2 4 3 9
512 10 1 8 6 8 4 9 3 8 10 8 4 2 4 4
587 8 7 9 10 10 2 7 6 4 7 5 7 5 8 10
25
429 8 9 8 2 7 10 5 6 4 4 8 5 2 1 5
336 9 4 1 1 1 1 5 3 9 5 8 2 1 9 1
443 2 5 3 2 9 1 9 4 1 7 9 8 8 7 6
540 10 10 5 9 7 1 8 10 9 6 7 1 10 5 7
399 6 10 2 3 1 3 1 1 2 10 3 7 4 7 6
383 8 10 6 7 7 8 2 4 8 1 4 6 1 2 1
392 7 7 2 5 8 4 1 5 8 1 8 1 2 5 6
444 4 3 8 10 8 4 1 7 5 7 3 8 1 2 5
521 2 5 9 10 8 6 4 1 7 3 4 10 8 10 6
441 6 1 10 6 3 3 2 8 10 4 8 7 3 4 6
456 3 1 8 9 7 3 4 10 8 6 7 8 1 1 8
470 5 1 8 5 6 4 1 5 5 8 10 3 9 10 2
418 9 10 5 2 4 8 10 8 8 6 5 1 7 2 3
487 8 4 8 8 8 10 1 1 6 6 1 9 10 4 4
494 10 8 10 5 2 8 8 5 2 4 3 9 4 6 6
492 4 1 8 7 10 4 10 8 5 7 7 9 3 3 8
341 2 1 9 2 1 3 5 4 6 3 4 7 9 4 4
430 5 2 2 10 9 3 5 1 7 2 5 8 10 9 3
467 6 5 8 1 4 6 10 6 5 8 5 7 5 9 4
410 1 7 8 1 6 9 7 9 2 10 3 1 7 9 1
515 10 8 3 3 8 1 5 8 10 10 8 7 10 4 9
480 8 1 9 1 5 4 1 4 4 7 10 6 3 8 7
399 2 4 2 1 3 5 2 10 10 10 3 4 1 9 9
366 9 3 10 3 2 1 3 6 8 5 2 3 7 3 6
470 7 8 7 1 5 10 3 9 8 2 9 4 8 5 5
25
490 6 2 7 6 7 10 4 2 6 1 9 3 3 10 5
487 2 9 10 9 4 8 9 9 1 8 5 10 7 5 1
336 2 4 1 5 10 2 7 4 4 6 7 5 6 1 5
495 6 4 4 5 10 8 8 3 9 9 9 4 2 3 8
557 8 10 7 5 5 7 5 3 6 9 3 10 1 9 8
520 10 3 9 6 7 4 1 9 7 3 10 4 9 6 9
450 8 10 3 10 7 3 6 7 7 1 5 7 10 3 6
330 1 5 2 5 2 4 6 1 5 5 5 8 10 3 1
252 5 10 2 1 5 5 3 4 1 3 1 1 2 1 4
505 9 10 3 8 7 2 5 7 4 10 9 2 6 10 3
434 9 5 6 9 5 2 8 7 2 10 6 5 2 1 2
450 2 3 3 7 7 10 7 5 8 7 1 10 6 3 7
514 9 6 1 9 10 2 6 4 10 8 9 10 3 3 7
455 3 4 8 1 4 9 10 6 2 4 2 9 7 7 10
360 2 5 7 3 6 3 7 8 5 2 1 3 2 5 6
522 5 5 2 10 1 5 10 3 7 1 10 7 10 5 9
489 4 8 1 8 10 4 3 5 4 8 9 2 1 7 6
503 4 3 4 10 2 2 7 9 10 1 8 6 9 10 4
516 9 2 9 5 3 3 4 2 9 10 9 4 8 4 10
497 6 3 10 4 7 1 8 3 5 10 2 3 3 6 9
539 9 4 9 7 9 4 7 1 3 9 7 1 6 8 5
410 1 2 2 6 3 1 8 10 7 6 6 5 7 7 8
405 1 8 3 7 8 3 4 3 5 6 4 6 5 9 3
424 3 1 2 4 2 9 1 6 7 7 7 1 2 9 6
558 7 2 8 9 4 10 8 2 3 7 9 9 9 9 4
25
363 2 8 1 5 1 8 10 1 7 6 5 7 5 3 1
366 3 1 1 1 9 7 4 10 8 4 4 6 6 10 3
445 10 8 8 5 4 4 3 8 4 3 6 3 4 9 4
445 2 5 7 7 5 5 2 3 5 10 6 8 8 4 4
562 2 5 10 9 10 2 7 10 1 8 7 5 10 8 6
362 8 5 2 5 8 7 5 1 6 9 5 4 5 3 1
314 8 6 2 5 7 1 9 5 2 4 3 4 7 1 2
411 8 6 1 6 3 5 6 1 9 8 2 9 10 4 4
410 7 1 8 1 4 9 3 8 8 10 4 7 8 6 2
382 6 5 7 2 2 5 1 1 6 9 4 2 2 2 10
505 6 4 9 6 10 6 3 10 1 3 1 4 9 10 7
458 8 7 8 1 3 9 4 7 3 2 8 7 10 9 4
445 1 1 3 10 2 8 1 4 8 5 9 1 6 3 7
545 1 10 7 9 10 9 3 3 8 5 3 4 3 9 8
488 2 7 5 9 2 3 10 10 3 6 9 4 1 5 7
454 1 5 8 2 10 10 1 2 10 4 8 8 2 4 8
469 9 7 9 1 10 5 9 6 4 2 2 3 4 6 10
349 7 2 4 1 9 4 7 2 8 10 4 7 4 4 2
445 3 5 5 3 10 7 5 3 8 1 10 3 7 7 6
429 3 6 2 1 2 5 10 10 7 9 10 10 2 6 5
563 9 2 8 7 5 10 5 8 9 3 4 5 7 9 10
459 5 8 7 10 7 4 5 8 4 10 2 5 2 4 4
466 7 10 1 10 7 2 5 3 7 1 4 9 7 6 6
335 7 8 8 1 2 2 3 1 1 1 9 9 8 1 3
439 1 10 5 7 2 8 8 7 1 2 3 7 10 1 9
25
473 6 1 9 1 7 10 6 8 5 6 7 4 6 4 9
447 4 4 4 8 4 4 2 5 3 6 9 6 3 3 10
469 3 10 8 9 5 3 9 3 7 3 2 2 3 3 7
498 8 10 8 3 9 8 8 4 1 6 10 2 3 1 9
312 4 1 5 5 9 9 8 1 7 2 1 7 5 2 1
497 6 8 8 3 1 7 5 10 6 5 7 5 1 10 8
482 10 9 2 5 2 5 5 5 4 7 8 2 1 7 8
332 7 1 7 3 6 5 1 5 2 9 4 10 10 1 2
529 7 9 9 4 6 2 8 2 8 3 8 3 5 8 9
451 9 4 5 9 7 4 4 8 9 4 7 7 5 2 5
500 10 6 8 6 4 8 2 4 2 2 3 9 8 8 9
420 10 10 5 4 2 1 1 2 1 7 8 5 5 1 9
354 4 7 4 4 1 4 7 1 3 5 4 7 2 5 5
446 9 4 1 9 8 3 7 3 1 2 6 2 8 5 9
476 10 2 5 5 9 10 5 8 5 10 5 2 3 8 4
355 7 7 2 7 6 10 2 10 3 5 1 3 1 5 1
329 7 5 2 1 7 1 5 8 8 4 2 4 4 8 2
519 2 2 7 8 5 5 1 7 5 6 9 6 5 9 9
471 10 7 3 7 7 4 9 7 10 9 9 7 1 3 3
483 1 1 3 5 9 4 10 9 9 7 4 10 7 10 8
490 5 9 9 9 4 7 1 10 9 2 6 7 2 9 1
561 7 10 9 9 7 10 3 7 7 4 3 9 9 10 5
355 6 1 6 1 1 8 2 1 2 7 6 5 3 10 2
392 7 10 3 6 8 2 6 4 7 6 1 9 9 3 4
500 3 5 7 2 5 9 8 1 4 7 1 1 6 10 10
25
526 7 6 10 6 3 5 7 6 9 6 3 1 7 7 8
397 10 6 5 1 1 5 5 10 6 6 10 8 2 5 4
492 4 7 6 5 4 3 9 8 6 4 8 8 7 9 7
421 10 9 6 7 2 7 2 10 4 1 6 9 8 1 5
530 7 5 2 5 3 10 10 5 7 5 5 4 1 9 10
461 4 7 5 8 9 6 9 5 7 3 5 7 2 4 4
341 9 7 5 3 7 1 9 7 9 2 2 8 7 2 3
479 9 9 1 3 1 5 9 7 9 3 9 9 6 9 8
361 3 5 6 4 10 1 3 8 4 1 9 2 3 5 1
503 10 2 6 5 2 8 3 7 8 10 3 1 8 9 6
453 5 6 9 5 10 8 1 9 6 3 1 7 7 10 2
428 2 1 8 3 3 8 5 5 2 9 8 8 6 4 3
484 5 3 7 7 2 6 4 3 1 8 7 4 10 8 7
422 4 1 8 1 7 8 1 10 6 6 9 6 5 3 6
431 3 6 7 10 8 3 2 4 9 4 10 2 9 2 1
388 7 2 2 2 9 6 3 7 2 6 10 1 3 8 2
498 6 1 9 7 10 8 1 2 7 8 4 1 6 6 5
436 8 1 7 1 6 6 8 4 1 3 8 9 1 10 4
440 7 7 3 5 4 2 4 8 9 9 8 1 9 4 5
472 1 5 6 6 7 10 8 1 1 1 7 4 8 7 8
458 8 5 7 9 4 9 10 5 3 5 10 2 6 2 2
451 4 7 2 8 9 10 8 6 4 5 1 5 4 5 8
371 5 2 5 8 6 1 4 7 4 8 2 1 8 1 5
451 4 1 9 3 6 10 7 2 7 3 4 1 10 9 6
501 10 5 10 9 3 4 2 1 9 1 7 3 1 9 3
25
384 6 3 9 2 1 7 6 8 4 5 6 10 3 6 2
409 2 3 3 4 6 9 1 5 1 5 9 9 8 5 7
365 7 3 3 4 9 9 8 1 1 7 2 2 8 6 3
450 4 2 4 1 7 8 6 8 8 6 5 8 3 10 7
392 4 4 9 2 10 5 7 4 6 7 3 5 8 3 4
358 8 7 5 2 1 1 10 2 9 8 4 8 8 5 1
443 2 8 5 4 10 3 1 6 3 9 4 10 3 1 10
499 8 3 10 6 10 1 9 3 2 9 3 4 5 9 6
340 8 1 4 5 3 2 3 7 7 3 8 8 1 4 2
419 9 7 5 2 6 4 9 9 9 2 2 8 1 3 10
485 10 5 4 8 10 8 2 8 10 5 10 5 5 2 3
431 1 3 4 10 4 6 6 5 8 7 1 5 3 3 10
489 5 9 1 3 5 7 7 9 4 2 9 9 10 7 9
428 4 7 6 3 3 9 10 6 4 7 5 3 3 2 8
425 1 8 7 2 3 9 5 4 10 10 6 1 5 8 1
377 3 1 3 7 4 3 2 9 5 2 10 6 3 5 2
439 9 2 1 8 5 7 2 8 6 7 10 9 9 2 4
459 8 3 7 10 7 1 9 10 10 9 5 7 3 5 1
505 5 9 8 2 2 10 1 5 9 10 6 2 2 8 9
476 1 7 5 2 2 7 3 3 7 2 6 10 2 10 10
482 10 5 3 8 3 7 9 6 7 6 5 10 3 5 5
427 6 7 6 8 5 6 6 2 3 9 5 4 8 3 1
472 8 6 9 9 4 6 9 10 9 2 3 10 1 3 5
420 2 2 10 1 3 9 3 5 7 2 7 5 7 8 3
578 10 9 10 9 2 3 7 1 7 4 7 3 10 9 8
25
505 7 5 3 3 9 7 10 9 1 6 9 4 7 7 9
368 4 8 8 1 3 4 9 4 6 8 3 3 8 1 6
426 3 2 7 3 7 5 5 7 2 7 3 1 7 5 8
384 10 7 1 1 5 8 2 3 2 10 4 10 6 7 3
489 10 4 7 2 3 2 9 7 10 7 8 5 6 5 8
460 8 6 8 8 2 4 3 1 2 6 5 7 5 5 4
436 2 6 5 1 10 4 6 1 10 4 1 5 8 7 9
422 1 10 8 1 9 1 9 10 10 5 8 3 6 6 3
591 2 7 9 6 5 9 3 6 3 6 8 7 9 10 10
475 2 2 5 5 8 4 5 2 2 6 10 5 4 9 9
465 4 6 10 7 6 8 2 2 4 9 2 3 9 3 4
483 10 2 4 2 7 3 4 6 2 9 10 9 7 10 7
499 6 5 3 6 9 6 3 5 9 2 9 10 4 7 8
502 3 3 10 3 10 6 4 7 1 9 6 2 1 6 9
556 6 4 8 2 7 4 2 4 9 10 7 5 5 10 10
364 3 2 8 5 1 4 5 4 5 1 3 7 7 4 4
568 5 10 9 10 2 3 1 6 10 4 5 8 2 8 8
417 4 8 1 2 9 7 1 4 8 3 8 7 10 5 6
468 6 4 2 5 8 10 9 1 1 1 9 4 1 8 9
499 10 6 10 6 2 6 10 7 2 2 4 3 2 8 9
350 1 6 1 8 10 6 3 7 1 2 1 6 2 3 7
519 2 3 3 6 8 9 4 8 8 9 8 1 5 9 7
478 6 9 9 7 4 9 8 5 10 2 1 10 7 3 5
456 6 4 7 2 4 2 2 10 3 6 6 2 3 10 8
500 8 5 4 8 9 10 4 2 8 6 6 9 10 6 4
25
418 4 9 3 4 8 8 3 9 3 8 1 4 9 9 4
521 10 3 8 10 7 6 8 5 4 2 3 3 5 7 8
485 8 1 7 9 10 9 6 8 10 3 5 2 8 2 6
286 5 8 2 1 6 8 2 4 3 4 3 6 2 4 2
432 4 9 7 2 6 3 2 8 10 5 3 8 10 4 8
440 2 5 8 5 10 8 8 1 1 4 6 5 10 8 3
445 7 9 2 8 5 5 2 6 6 7 7 10 10 1 6
502 2 3 6 9 7 6 4 9 3 6 6 7 8 3 9
478 7 7 7 4 6 8 9 6 10 10 4 8 2 5 4
509 6 5 5 10 10 6 7 3 5 3 4 5 7 5 10
506 6 8 3 3 5 10 5 8 3 6 6 4 5 10 8
452 8 9 10 4 4 5 2 5 2 2 9 1 10 5 6
451 4 6 3 8 4 7 3 3 3 5 5 7 3 7 9
339 1 8 5 4 3 3 3 9 8 4 2 5 6 8 1
385 7 3 8 5 7 5 6 7 2 10 4 3 3 1 3
356 1 4 10 6 7 2 5 5 1 1 2 2 10 5 1
511 8 5 5 10 9 3 8 9 7 4 2 7 5 8 8
385 5 2 3 2 5 1 8 7 9 9 7 5 5 2 9
555 4 8 10 6 3 5 6 9 1 9 10 7 5 8 6
404 9 2 10 8 2 1 8 4 6 7 1 8 5 3 2
377 1 7 7 10 8 4 5 4 4 2 3 3 1 1 5
491 4 2 7 8 10 1 7 1 2 6 8 4 9 7 8
478 10 1 10 3 4 1 10 1 5 6 10 2 3 10 4
471 4 9 7 2 6 5 1 2 4 10 5 2 8 4 10
388 9 9 3 4 7 4 10 5 5 7 6 6 2 4 2
25
290 6 1 5 5 1 9 1 5 7 1 1 1 9 1 1
423 3 4 5 6 10 6 1 1 9 7 4 6 10 3 3
493 9 10 5 3 9 2 8 8 5 8 3 3 5 8 9
496 10 6 3 9 6 4 2 1 4 4 9 5 9 10 2
462 5 6 3 4 8 1 8 9 7 8 8 4 4 5 9
372 2 5 7 1 1 4 6 10 1 7 6 5 4 1 10
458 2 4 10 2 6 8 1 2 3 10 9 10 9 3 5
540 5 9 6 9 1 3 9 7 6 4 7 10 6 9 8
406 10 10 3 9 5 6 3 6 8 1 2 9 2 8 1
394 1 3 5 6 10 10 1 5 3 1 4 8 8 7 5
406 3 2 1 5 9 9 4 6 7 10 4 10 6 8 2
508 7 10 2 3 9 7 10 10 6 10 5 4 10 9 6
487 1 8 6 8 1 8 3 2 9 3 7 2 7 9 4
367 9 3 3 5 1 4 3 6 2 10 1 4 3 8 3
390 4 3 2 2 10 9 3 9 10 3 5 7 4 4 7
508 3 10 6 10 7 5 6 9 4 4 4 5 3 7 7
511 10 10 4 5 8 5 2 3 6 4 10 8 9 3 10
472 8 5 6 4 1 6 7 10 7 9 7 4 5 6 7
435 6 1 6 5 5 7 5 7 8 7 9 10 10 2 3
452 1 5 8 5 3 7 7 9 9 10 2 10 2 4 5
536 7 9 10 4 4 8 1 7 8 6 3 9 5 8 8
455 2 5 6 4 7 2 9 9 4 1 7 4 7 10 6
392 4 8 6 6 2 2 5 6 2 8 3 3 6 2 7
390 8 7 4 1 3 2 1 6 3 8 8 4 10 5 4
490 5 7 7 4 5 6 8 2 2 7 2 1 10 10 9
25
500 8 1 4 10 1 7 8 3 5 1 8 2 7 7 8
493 8 1 6 5 10 3 1 8 8 1 10 8 5 8 6
491 9 9 8 5 5 5 10 6 9 6 6 6 4 2 7
476 4 8 4 1 10 6 8 7 1 2 6 5 6 10 9
519 3 10 2 6 10 1 9 9 8 9 3 8 6 9 10
511 4 6 3 7 9 6 7 2 8 2 8 9 10 4 9
517 10 4 9 2 2 9 9 2 7 9 6 10 10 7 5
535 7 4 3 8 9 9 3 3 7 10 8 8 8 6 4
411 9 8 1 6 3 6 1 7 5 3 6 7 2 9 1
529 6 10 10 5 2 5 5 6 9 9 10 4 8 7 4
433 1 3 9 6 4 9 7 3 6 4 7 3 7 6 3
431 1 5 8 1 4 9 2 10 1 3 10 10 3 5 7
396 6 4 9 4 2 10 8 3 6 3 5 1 10 1 3
466 1 7 8 1 7 3 10 9 7 7 1 1 2 10 9
478 6 10 1 10 8 10 9 2 9 10 6 8 9 1 3
496 6 5 2 6 2 4 8 6 6 6 9 8 1 8 10
535 7 7 5 9 7 3 1 1 2 8 10 5 5 8 7
370 4 1 3 2 9 2 8 5 9 7 4 7 6 7 1
422 8 2 3 8 6 5 7 5 2 6 5 2 2 7 3
454 6 8 1 4 7 6 9 5 2 7 7 4 1 9 4
550 8 7 10 9 9 5 5 5 6 6 6 1 10 7 4
513 2 10 9 9 9 5 5 4 9 7 2 5 9 3 8
512 2 9 9 3 4 6 3 9 10 7 5 10 10 5 7
578 10 9 8 10 5 7 2 8 7 5 8 6 9 3 7
497 4 6 9 3 8 3 9 5 9 1 10 6 8 6 9
25
480 5 10 7 4 9 7 4 9 5 1 5 2 8 10 5
430 6 6 9 7 7 4 6 5 2 3 1 2 8 1 10
474 9 2 3 5 6 4 6 6 8 9 6 6 8 2 9
504 3 5 3 10 1 9 7 10 3 9 10 5 5 8 2
539 4 3 9 7 6 9 9 2 7 5 8 8 8 9 4
534 2 7 10 5 7 10 6 6 6 10 4 4 10 2 9
347 9 3 3 8 4 3 2 4 5 1 8 4 2 3 4
346 6 3 1 3 9 1 5 7 7 10 3 3 9 5 4
520 6 1 9 7 1 3 4 8 4 7 10 3 8 9 8
418 3 10 3 8 7 1 10 8 2 8 3 10 3 4 3
405 8 9 1 3 9 6 3 9 2 5 1 3 2 9 6
504 8 5 1 7 10 3 9 9 5 6 9 7 4 5 9
454 9 4 1 5 10 5 6 10 10 4 5 4 3 6 10
458 8 4 1 4 4 3 5 3 7 7 6 6 2 8 10
417 8 10 8 1 9 10 2 4 4 9 1 9 6 4 1
458 2 9 9 1 6 1 5 1 3 2 3 10 8 10 8
562 2 3 10 8 2 6 8 5 9 10 5 6 2 10 6
493 4 4 6 9 9 2 5 8 9 2 6 2 4 10 4
481 10 9 8 9 1 4 6 8 10 1 2 6 7 5 7
534 2 8 4 8 3 6 8 9 2 4 5 10 10 10 9
416 5 6 1 6 1 9 7 1 9 7 8 9 8 5 1
442 4 9 7 1 3 2 5 4 9 6 2 1 9 8 9
473 2 6 9 9 5 7 7 5 8 8 1 2 4 4 7
544 9 4 5 7 10 4 3 5 9 6 10 4 9 9 6
335 3 3 2 1 5 7 4 8 9 3 3 6 6 7 2
25
527 8 2 10 3 7 9 7 8 7 3 9 5 2 8 7
417 8 1 3 2 5 7 8 10 3 7 4 5 1 2 10
338 4 5 1 2 1 3 9 4 6 7 1 10 7 10 1
385 3 8 1 7 1 8 8 1 1 2 4 1 2 9 2
417 7 1 9 9 6 5 6 9 2 3 7 1 2 7 1
482 2 6 2 8 7 7 2 2 10 5 4 9 5 10 7
489 1 8 5 3 10 5 9 2 10 10 1 6 10 9 7
436 5 3 9 4 7 7 2 3 4 10 2 2 1 7 5
436 4 6 5 6 5 7 4 1 3 2 3 9 8 2 10
436 9 3 9 5 5 10 6 4 4 2 6 8 5 3 5
381 4 4 3 4 9 2 7 6 10 9 1 9 4 7 3
525 2 6 7 5 5 3 6 5 6 7 9 8 2 10 6
364 9 1 1 5 8 6 7 2 1 5 4 8 6 9 1
542 10 5 6 10 2 7 8 4 8 1 2 1 8 8 9
475 10 2 9 5 10 4 2 6 3 2 6 10 5 8 7
446 7 10 6 6 10 5 4 2 5 4 2 1 2 9 4
506 2 4 6 10 1 6 1 5 4 8 6 9 5 6 9
413 1 4 2 3 1 3 3 3 6 10 8 2 9 3 9
486 7 3 5 1 2 10 5 9 2 7 3 6 10 8 10
427 2 2 8 6 1 7 6 3 4 10 4 7 2 1 10
553 4 10 3 7 2 3 10 10 6 10 9 4 9 10 7
442 1 1 8 2 10 1 10 8 10 1 6 4 10 8 9
486 1 9 10 1 1 10 8 8 7 8 2 10 6 6 6
420 8 5 2 7 2 7 10 8 5 3 1 6 8 3 7
584 6 6 10 8 3 5 7 6 2 7 7 5 4 10 7
25
481 4 3 6 8 1 8 7 1 7 1 6 7 7 8 6
469 4 5 6 8 8 2 3 5 10 10 10 1 3 8 1
488 10 1 1 6 6 9 3 9 8 7 8 5 2 6 10
477 4 4 5 4 1 3 7 3 9 5 3 9 9 8 10
311 10 2 3 1 3 8 2 5 1 8 1 5 2 7 1
469 8 9 6 5 3 1 1 9 4 5 7 6 2 7 9
425 3 4 8 10 4 9 8 2 1 2 4 3 9 2 4
505 9 7 5 3 4 10 9 2 6 9 9 1 7 9 2
339 8 2 3 7 5 6 1 2 2 3 2 9 5 4 5
453 7 5 10 4 3 5 9 5 1 3 9 2 4 7 2
429 10 3 1 3 8 2 10 3 10 8 9 10 10 4 1
417 7 3 6 3 6 3 4 4 2 7 5 9 4 9 3
428 8 6 7 3 10 5 7 6 4 7 2 3 2 6 7
508 3 9 3 6 3 8 4 2 4 3 10 9 5 9 6
532 5 10 8 10 9 2 5 2 9 9 10 7 6 1 4
388 8 3 4 6 7 1 6 8 8 5 6 3 4 1 7
352 7 2 6 3 3 7 1 6 9 4 6 8 8 2 3
502 1 1 8 7 5 9 10 8 3 4 1 10 10 5 10
518 6 8 3 7 2 8 8 6 8 8 2 4 4 5 10
473 7 4 7 9 1 6 2 2 10 8 5 1 6 6 4
550 2 10 7 7 1 8 6 7 9 8 8 10 10 10 4
467 2 9 9 5 6 1 8 3 6 3 6 8 10 7 6
462 6 2 5 5 2 6 3 7 3 8 3 9 5 5 10
374 1 1 3 9 1 6 10 3 2 1 1 7 7 6 5
351 6 8 3 2 7 5 10 6 3 9 2 8 8 2 3
25
519 10 3 3 8 4 2 6 10 2 1 8 8 10 10 10
421 3 2 4 7 5 10 3 5 3 3 5 4 3 7 6
457 8 6 3 7 8 2 3 9 10 6 8 2 9 2 6
599 4 2 3 10 8 10 4 2 7 6 10 9 1 8 10
468 7 10 6 8 10 8 7 9 8 6 2 6 10 2 4
497 8 5 8 7 10 6 2 5 3 5 9 1 6 4 5
409 4 3 8 4 6 1 1 10 7 9 2 6 4 7 3
547 7 9 1 9 8 10 6 8 6 7 1 7 6 9 7
457 4 3 9 4 4 8 10 1 4 7 2 9 1 5 6
542 4 8 4 9 9 8 7 3 4 7 5 5 10 7 9
406 10 2 1 10 4 3 3 7 6 4 6 4 6 2 4
446 5 5 1 3 10 2 2 2 5 1 6 9 9 10 9
491 10 9 3 9 6 7 2 2 1 5 6 5 2 6 8
424 6 4 1 2 6 7 6 10 7 8 10 4 10 10 1
445 3 9 8 4 4 1 3 4 5 7 7 4 1 7 4
531 9 4 10 7 1 2 2 6 5 8 10 10 3 3 9
439 7 2 1 10 3 4 3 7 5 7 3 2 1 9 5
419 7 3 7 1 1 1 7 4 2 9 10 9 9 3 8
464 9 6 8 1 1 9 7 3 1 3 9 7 10 8 5
395 6 1 3 3 7 10 9 9 6 8 3 2 4 5 6
463 7 3 8 5 7 8 1 3 2 5 7 10 5 4 7
381 4 1 4 1 10 6 7 8 7 8 3 4 6 9 2
503 4 10 5 9 1 7 10 5 4 4 3 10 2 5 9
465 4 6 7 7 7 3 2 2 1 6 6 4 7 2 9
367 4 9 9 4 1 4 10 5 3 2 7 5 8 2 1
25
494 6 6 5 5 9 5 1 2 9 5 8 5 8 10 3
435 5 10 10 7 6 4 10 2 6 1 7 10 3 4 1
425 7 4 6 5 10 10 6 9 9 3 1 8 4 6 1
392 2 8 6 8 1 6 6 1 6 8 3 4 7 2 3
398 8 4 7 3 6 2 10 1 3 3 3 2 3 7 6
323 9 2 8 1 2 2 5 4 3 2 6 10 4 3 1
526 7 10 10 7 3 7 8 2 3 7 5 3 3 1 9
454 7 4 3 10 8 7 8 9 3 2 7 5 4 5 2
549 2 8 9 7 6 2 8 8 7 3 5 10 2 8 10
444 5 9 3 6 5 2 10 5 8 1 9 1 8 3 7
301 7 8 7 2 3 9 5 3 7 1 1 3 8 1 1
441 6 7 2 8 9 7 2 5 8 3 10 10 7 3 4
447 2 1 6 7 7 3 7 1 4 8 10 5 3 4 7
392 1 1 9 5 9 9 3 1 3 5 7 1 3 8 1
545 10 6 9 8 7 6 5 7 7 5 9 9 3 7 2
361 6 1 4 2 7 7 7 2 3 4 7 6 1 7 3
463 7 3 10 9 3 4 8 4 2 2 8 2 6 1 9
442 10 8 3 4 4 1 8 8 5 6 9 7 5 5 5
541 10 3 9 9 10 2 2 7 10 3 7 10 2 7 5
562 8 5 10 8 1 10 3 5 4 9 10 4 2 8 4
515 7 2 9 8 1 1 8 7 7 5 7 8 10 6 9
470 5 4 7 2 10 4 6 3 7 10 5 3 9 4 7
392 7 2 6 6 5 1 10 4 10 1 1 10 1 6 3
399 8 5 9 3 7 8 4 1 7 3 5 5 6 5 1
543 4 8 7 6 5 7 7 5 9 8 7 5 10 3 9
25
412 2 3 7 9 6 8 6 5 2 8 2 9 7 1 3
486 7 8 7 2 6 6 7 9 6 9 8 9 4 6 6
483 6 1 3 7 10 8 5 5 10 3 5 5 5 10 4
489 10 2 9 7 6 7 5 6 4 4 3 6 10 7 3
464 1 2 7 7 8 7 3 4 10 2 8 2 4 5 6
476 2 4 10 1 9 7 2 1 10 9 9 3 7 2 7
433 8 8 4 1 10 6 4 8 8 1 8 7 4 6 4
401 1 1 5 6 8 2 6 5 4 6 7 6 7 9 3
430 8 9 4 4 2 2 7 9 3 5 7 4 2 10 5
441 5 8 7 6 10 6 9 3 5 8 4 6 1 5 2
412 6 1 1 4 5 5 7 6 4 7 4 8 2 9 7
412 1 3 7 2 2 9 9 10 6 10 10 1 8 4 2
496 5 6 1 3 6 9 5 5 4 7 3 8 8 10 10
499 8 5 9 1 2 8 9 9 4 3 8 5 9 9 7
453 4 3 8 6 10 8 10 4 1 4 3 9 8 6 4
574 7 7 6 10 7 3 7 5 6 6 10 7 3 8 6
510 5 10 7 10 3 3 3 6 8 1 7 9 7 7 6
456 3 9 6 1 3 10 7 1 3 5 6 4 9 9 5
323 4 10 2 3 10 3 8 10 2 3 3 3 2 3 3
567 6 9 7 10 8 10 9 7 2 9 9 3 10 3 4
425 9 1 5 7 2 5 3 7 8 8 5 6 7 1 7
530 10 5 6 6 4 6 9 8 5 8 7 4 5 10 2
425 3 1 8 10 8 3 6 5 10 6 2 7 3 7 1
474 3 10 6 7 2 6 6 10 2 5 5 3 8 10 5
379 9 2 8 8 5 10 8 7 3 3 3 4 1 1 2
25
528 1 9 10 7 7 8 9 10 1 7 8 9 7 5 4
372 6 2 7 1 8 8 3 2 10 6 2 10 8 4 2
486 5 7 2 8 5 9 10 4 3 9 9 9 9 2 6
474 7 7 7 3 8 4 3 9 7 9 7 2 2 9 2
398 2 9 6 3 2 10 2 5 5 10 9 1 8 3 1
563 6 3 8 8 7 1 7 7 3 9 8 1 7 7 10
413 6 10 2 1 6 10 10 1 2 1 8 1 8 7 4
281 6 10 5 2 5 4 6 2 2 1 3 3 7 2 1
430 5 9 4 6 1 10 8 2 8 7 1 6 4 2 6
466 6 1 9 9 4 3 1 7 6 8 1 5 9 6 6
473 9 5 2 9 8 9 4 10 9 9 4 7 8 2 6
427 4 8 6 2 3 10 3 5 9 4 5 9 9 10 2
476 3 6 8 6 6 1 10 5 7 6 7 7 1 3 8
511 7 2 8 8 10 2 7 9 6 6 9 2 7 9 1
450 10 7 4 9 3 2 3 10 2 4 8 9 7 3 6
403 3 1 1 8 5 1 4 9 10 5 9 4 2 5 6
511 4 10 7 9 1 3 4 2 7 5 9 6 1 5 8
474 3 8 7 8 4 5 8 8 6 3 6 9 8 1 8
415 2 3 2 9 6 9 4 5 2 1 4 3 10 7 4
447 2 4 8 8 10 5 4 3 1 3 8 3 2 9 4
490 2 7 3 8 5 2 2 1 9 8 5 9 8 9 8
412 6 4 5 1 8 9 10 1 2 10 7 7 9 3 2
370 9 2 1 2 5 7 7 7 6 10 3 4 8 1 6
493 4 1 5 10 8 6 10 4 3 7 4 10 7 8 5
485 1 4 10 8 6 6 3 6 1 7 8 9 4 7 2
25
442 5 3 10 1 5 8 6 2 10 4 5 6 3 8 4
461 7 7 1 7 7 3 9 9 9 1 6 8 5 8 4
490 10 10 8 7 2 6 1 6 1 10 10 4 3 2 6
284 10 7 5 3 2 4 5 3 2 1 4 2 1 1 4
534 4 5 7 10 6 6 4 8 7 5 7 1 7 4 9
374 9 1 4 3 7 10 1 8 3 2 4 1 6 9 4
435 3 7 7 10 5 6 4 5 7 3 3 1 1 1 7
435 2 6 5 8 2 3 1 8 2 8 1 2 4 7 10
471 7 1 7 6 3 7 9 6 3 4 3 7 5 6 8
484 2 9 8 4 8 5 4 5 5 7 9 2 5 9 1
442 8 1 4 5 4 8 1 6 6 8 10 7 5 4 3
387 7 2 3 2 9 2 4 10 9 4 6 10 4 1 10
499 3 1 6 10 1 3 4 2 7 4 5 6 4 7 10
497 4 2 5 5 9 10 5 1 3 4 10 4 7 8 8
489 2 9 1 8 1 7 1 6 2 9 10 4 1 4 9
430 8 6 6 9 1 2 10 6 8 8 9 1 6 2 1
449 3 10 9 3 3 5 1 8 4 2 10 5 4 6 7
435 10 10 2 6 9 6 3 1 3 3 6 10 10 2 7
533 10 6 6 9 2 8 6 8 6 1 8 3 10 8 4
406 10 1 6 8 6 8 2 6 3 7 1 2 9 4 3
397 5 9 2 9 7 2 2 2 9 5 5 4 7 1 3
323 8 8 5 2 1 5 2 3 5 5 3 3 4 6 2
385 1 9 7 1 8 7 8 2 6 9 6 3 9 1 3
431 2 10 7 10 7 2 8 6 5 1 1 7 3 4 7
464 5 10 5 4 6 2 1 8 9 6 4 7 3 4 10
