100 10
428 471 457 428 442 457 485 428 428 485
10
218 0 2 6 5 0 5 5 4 1 0
324 3 3 1 7 1 4 3 1 6 8
358 4 5 3 2 4 2 6 4 5 1
364 4 3 1 6 2 6 8 0 4 7
420 2 3 6 8 6 9 8 2 5 3
462 4 3 8 4 3 3 6 1 9 4
480 9 9 4 0 5 5 7 6 2 3
484 8 2 6 7 4 8 0 3 4 8
562 8 6 3 7 9 1 1 5 9 6
588 9 9 0 5 8 8 8 6 5 8
3
466 8 0 8 5 1 1 4 7 2 2
486 3 6 8 6 5 0 6 2 5 6
586 9 0 9 7 9 9 2 7 2 7
3
384 7 9 0 6 7 5 0 2 3 2
402 7 0 4 8 5 6 3 0 2 7
460 4 4 4 3 9 1 4 6 8 5
8
360 5 7 2 2 7 6 0 5 0 3
362 4 1 6 3 7 8 0 1 7 3
414 4 2 8 0 2 6 4 6 1 9
432 6 8 3 7 2 0 6 1 2 3
448 8 7 5 3 0 1 8 3 2 3
528 8 0 8 9 6 1 9 0 0 4
556 9 8 4 9 4 5 6 4 7 4
588 5 5 6 9 9 1 4 6 6 8
5
368 4 3 1 8 1 5 5 3 3 7
420 2 6 6 0 4 7 6 6 3 5
428 9 8 5 4 2 1 5 1 0 2
506 8 8 5 5 6 1 9 5 2 0
510 1 3 8 2 6 5 8 3 9 9
10
118 0 0 1 3 1 0 6 0 2 1
344 1 3 4 7 4 1 1 2 3 9
380 9 2 6 4 1 9 1 5 4 2
384 5 2 1 8 7 3 9 2 4 0
394 8 4 3 1 1 7 6 5 8 3
396 2 9 6 8 7 4 2 0 3 3
400 0 7 4 8 6 7 9 0 8 1
404 6 5 3 0 1 9 3 8 5 8
540 6 6 7 8 2 1 7 5 5 5
578 5 0 9 2 9 6 8 8 7 8
2
292 1 5 7 1 1 9 5 2 0 1
464 8 3 0 5 7 8 3 3 5 7
5
176 0 0 1 1 5 8 5 1 1 1
352 7 4 2 3 4 6 2 1 4 2
352 2 2 7 5 1 6 0 3 1 6
462 1 5 3 2 9 6 9 9 9 3
462 7 4 8 9 0 8 1 6 4 4
8
326 2 7 0 6 5 9 0 9 2 2
370 1 6 3 2 9 4 4 6 9 3
406 6 8 2 3 6 1 1 3 0 5
406 2 1 6 5 4 4 9 6 1 7
444 9 7 6 6 1 4 0 4 2 2
480 6 0 9 4 5 9 5 2 5 6
496 2 7 2 6 5 8 5 9 7 9
604 8 5 5 7 8 3 4 4 5 8
3
422 3 5 3 3 8 2 9 0 7 4
424 7 7 3 9 4 5 2 4 7 0
446 3 3 8 0 8 4 3 1 8 6
7
284 0 6 1 4 9 9 1 3 0 5
310 0 7 3 2 5 0 2 7 3 4
340 8 1 5 4 4 5 0 1 6 0
422 9 7 4 0 6 9 5 7 1 0
458 6 6 5 7 9 1 8 1 1 3
464 9 1 8 2 2 2 4 8 5 0
466 9 0 3 4 7 5 5 3 0 8
10
266 1 9 5 4 1 8 1 1 7 0
342 2 6 6 3 5 8 3 6 2 1
366 4 5 2 4 0 1 7 7 3 3
374 1 9 8 4 5 2 4 1 3 3
390 9 1 4 2 2 3 0 2 1 7
436 6 1 6 5 2 5 6 6 0 8
480 6 8 4 8 8 5 0 6 8 2
512 3 2 9 4 9 0 0 2 7 9
516 1 5 9 1 7 4 9 3 8 9
518 9 1 4 9 1 7 0 6 3 9
3
258 3 4 4 8 1 5 2 1 2 1
458 8 5 1 4 4 9 7 1 4 8
516 3 5 8 0 5 9 9 0 7 9
9
300 3 6 3 5 9 7 0 3 0 1
308 7 2 3 1 3 3 0 2 3 4
310 1 6 2 8 7 7 2 2 3 0
352 2 0 1 7 9 9 7 5 7 0
390 8 5 3 0 1 2 6 1 3 7
396 4 7 2 7 4 7 1 4 4 5
424 8 6 0 0 5 9 5 6 7 5
518 7 6 9 5 9 9 2 9 0 0
574 5 5 8 6 8 4 7 2 8 6
2
370 4 7 0 0 1 1 3 9 9 3
432 7 3 0 7 6 9 9 8 0 1
4
330 0 7 3 4 6 4 0 8 2 5
414 3 1 5 1 4 4 6 5 9 5
452 0 5 6 1 4 2 7 9 3 9
482 7 8 5 6 9 5 2 0 8 3
9
286 1 8 0 3 0 3 5 6 6 0
346 2 9 6 0 7 4 3 6 1 2
364 3 5 7 0 0 8 9 0 3 7
380 4 7 4 7 5 2 6 2 2 0
406 6 3 7 3 5 5 3 1 4 2
410 4 8 4 7 0 7 5 8 5 2
430 4 3 2 7 4 5 9 2 3 9
430 6 2 5 3 6 1 7 2 0 6
430 4 5 8 7 0 1 7 1 7 0
4
334 2 1 4 3 1 4 6 5 2 5
458 7 3 1 4 5 6 8 4 2 9
504 5 8 9 3 4 7 3 4 5 4
554 8 3 8 3 1 1 4 9 2 9
10
262 3 9 3 0 0 1 0 0 1 4
360 5 3 3 6 1 4 5 7 2 1
394 0 5 5 7 6 7 3 4 6 5
424 5 5 6 9 2 4 4 2 9 1
430 4 3 4 6 7 1 5 5 4 2
442 9 7 1 9 1 8 8 7 0 2
462 7 2 3 5 9 3 0 3 5 9
498 8 2 8 0 6 9 8 3 2 7
510 8 0 5 8 5 2 0 9 3 7
570 5 9 7 6 6 0 9 9 4 2
4
242 1 1 5 2 5 3 5 0 3 1
386 6 1 4 2 0 9 8 1 4 6
432 0 9 8 7 7 3 6 6 2 0
558 7 9 7 7 5 5 8 4 5 2
6
348 1 6 8 1 0 7 5 9 3 0
444 1 6 6 9 7 1 4 2 5 3
456 0 7 4 4 6 0 9 7 5 4
492 8 1 4 6 7 3 6 9 3 4
496 9 9 5 4 0 2 7 2 4 4
544 8 5 7 9 8 8 1 0 9 4
2
308 7 1 0 3 4 1 4 0 7 4
334 1 2 0 4 2 9 6 4 6 7
9
322 0 8 1 6 3 5 6 4 0 6
400 6 7 0 4 0 8 0 3 9 7
430 2 8 2 9 6 6 8 9 6 1
444 8 2 7 7 1 2 9 0 0 5
446 7 3 7 0 5 2 5 9 2 1
446 6 0 1 7 5 8 9 4 8 7
456 7 1 6 6 2 1 4 9 9 0
462 4 7 3 6 9 9 0 8 6 5
520 7 9 8 3 9 9 8 2 5 1
1
382 7 3 8 3 0 2 4 1 6 1
9
306 3 0 0 7 5 5 1 6 5 3
408 7 3 1 3 3 7 0 9 8 3
424 0 6 9 5 9 5 8 0 1 1
432 7 2 2 7 1 3 3 2 8 8
438 5 3 3 4 7 9 4 1 9 7
438 4 6 6 5 8 0 7 5 1 1
456 4 3 0 7 9 2 5 9 1 6
470 6 9 9 9 2 0 1 2 3 1
568 9 8 8 0 0 1 9 2 7 9
10
252 4 0 3 0 1 9 0 9 6 1
302 4 6 0 1 3 9 8 2 7 2
444 0 8 6 7 7 3 1 1 1 9
472 8 5 7 6 3 0 0 5 4 2
474 7 6 1 9 4 2 4 1 0 9
488 6 0 4 9 0 4 7 5 5 7
508 2 2 8 9 3 8 3 5 6 8
522 9 2 6 1 9 6 3 2 5 9
560 9 5 7 0 6 2 3 6 1 9
574 9 9 5 6 2 9 7 9 1 5
8
232 1 3 0 9 2 8 2 7 3 0
316 3 4 5 4 1 5 1 1 1 8
372 2 2 4 5 0 6 1 7 1 9
386 0 4 9 0 8 4 8 0 0 7
390 6 6 0 8 7 8 1 7 3 1
446 5 0 7 0 8 3 4 4 4 9
490 7 4 9 8 2 3 8 0 3 3
530 2 3 8 7 4 5 8 5 9 7
2
286 4 5 2 0 4 2 5 0 2 3
552 6 6 9 2 2 5 6 4 6 7
7
328 3 5 3 2 2 7 1 8 7 4
384 2 5 0 5 1 7 8 7 6 8
434 6 6 3 3 2 0 7 9 6 2
448 8 0 6 1 3 5 8 5 7 2
484 4 8 5 6 4 5 5 3 1 9
502 8 2 9 0 2 8 6 2 1 8
588 7 8 8 5 6 9 5 5 3 8
7
156 0 0 2 5 1 4 5 1 1 2
232 2 5 0 0 8 4 5 2 4 0
350 2 8 3 2 3 2 8 9 0 2
390 8 1 1 2 7 3 4 2 6 6
498 8 0 7 2 7 1 6 1 7 6
500 7 5 8 3 0 5 8 6 0 8
654 6 9 9 8 8 8 8 6 6 5
1
484 1 8 3 9 8 0 9 1 3 9
4
192 3 2 1 1 9 8 1 0 3 0
262 1 1 1 4 5 0 6 5 0 5
322 2 7 2 5 0 3 3 3 3 5
496 7 7 4 9 6 4 4 3 1 5
10
362 7 2 8 2 0 3 0 4 4 3
390 3 8 5 0 8 2 1 9 5 0
400 3 4 0 4 9 1 3 9 2 5
406 6 9 8 2 0 4 0 3 6 0
416 6 2 5 5 3 5 3 0 1 9
418 1 6 1 6 7 6 6 7 2 6
436 4 2 8 5 2 7 8 5 5 1
474 2 2 8 5 8 3 8 9 7 1
514 4 8 4 6 5 8 5 7 9 3
564 6 8 7 9 7 2 0 7 6 3
3
442 8 9 1 1 1 4 4 2 1 9
464 6 8 6 2 6 9 2 3 7 3
500 7 5 4 3 5 8 7 3 1 7
2
470 3 7 8 2 6 6 6 3 4 3
502 1 5 7 4 8 2 8 4 7 8
9
272 2 8 1 1 0 9 3 4 5 1
326 1 6 4 0 0 9 7 3 2 6
334 0 6 3 6 8 8 6 0 9 1
338 4 5 8 2 5 8 3 1 1 1
356 0 1 9 1 3 6 6 7 2 5
358 4 5 2 7 4 7 0 8 1 1
480 8 3 6 6 4 5 1 0 6 7
568 9 6 2 1 8 2 9 2 9 9
620 8 9 1 6 5 3 9 9 8 6
4
368 4 2 7 2 2 2 4 9 1 4
452 5 4 8 6 0 3 7 0 2 8
492 3 2 8 4 6 6 0 4 7 9
514 3 5 6 6 8 2 4 3 8 6
10
330 1 1 1 5 4 8 2 6 7 7
382 8 4 2 6 5 6 4 8 1 0
384 3 3 5 6 6 8 5 2 3 2
442 5 5 2 6 9 3 4 6 1 5
454 9 0 7 1 6 2 5 4 5 4
458 5 2 8 9 3 9 8 2 7 1
474 1 8 8 6 0 8 1 8 8 5
480 2 8 6 2 3 4 4 6 9 7
482 2 9 8 7 8 6 7 2 3 1
572 8 6 7 4 3 6 4 6 8 6
6
226 3 1 0 0 5 7 3 5 9 1
342 3 6 2 3 8 3 1 0 4 5
354 4 4 4 0 4 9 0 7 0 6
380 8 0 7 0 4 1 0 0 6 3
394 8 0 2 4 8 0 0 5 3 3
534 7 4 3 7 9 2 7 8 2 5
7
348 2 0 1 1 5 6 8 2 9 7
398 0 6 2 9 1 7 7 9 6 6
406 3 8 4 0 8 6 1 5 4 6
442 1 4 3 9 9 9 9 7 3 5
454 9 5 0 1 3 4 7 8 3 7
476 7 7 7 8 6 2 0 6 7 0
480 8 8 4 5 0 4 9 1 6 4
9
320 5 1 2 8 3 8 1 4 0 3
336 1 7 8 1 0 1 2 5 7 2
400 4 6 2 2 7 4 8 3 9 1
440 9 3 3 1 1 3 6 8 5 6
484 0 8 6 9 3 5 4 7 7 9
484 6 9 6 2 8 4 4 5 0 4
490 7 3 5 9 7 2 3 6 8 3
494 7 9 8 0 8 1 3 8 1 3
526 4 9 7 7 3 9 3 9 1 6
2
296 2 4 3 1 7 4 1 1 4 5
482 2 4 2 3 7 1 9 9 7 8
1
526 8 7 1 8 8 8 6 1 6 5
9
224 1 3 7 0 0 6 3 3 1 0
320 0 2 2 3 7 3 5 2 8 6
350 8 2 1 1 1 6 1 8 0 8
378 0 1 4 8 7 1 4 3 6 5
384 1 5 5 1 9 3 2 2 6 6
442 0 2 5 5 2 3 4 9 7 9
480 4 6 7 7 9 6 2 7 9 1
534 9 8 0 4 8 4 6 5 1 8
600 6 4 9 5 3 8 8 7 6 7
4
410 7 1 0 5 5 1 8 4 4 5
472 9 2 8 5 3 9 4 2 2 4
494 7 7 6 2 6 4 8 0 3 4
550 8 9 9 4 9 2 0 2 9 0
9
222 0 3 0 3 5 7 3 4 6 0
276 2 3 6 0 6 9 4 0 0 3
366 3 5 1 9 0 2 1 5 8 6
372 4 5 9 4 1 8 0 2 4 4
374 4 0 5 3 9 4 0 3 4 6
506 7 1 9 1 4 0 8 6 2 5
548 8 9 2 9 2 0 9 9 4 2
606 8 6 5 9 6 5 5 8 9 5
650 9 1 6 5 7 9 5 9 8 9
9
332 7 7 1 0 7 2 5 0 8 0
438 3 9 5 7 2 7 8 1 5 5
450 6 5 8 5 8 0 6 0 4 1
452 8 1 2 2 9 5 8 2 7 3
462 5 2 5 6 2 4 5 0 7 9
482 9 7 7 5 7 1 0 4 7 1
492 8 9 4 4 8 9 9 2 7 0
500 5 6 6 7 3 7 3 7 5 6
524 7 3 6 5 9 8 4 3 4 7
2
538 7 8 7 4 5 9 8 5 0 4
540 9 4 6 6 8 7 0 9 6 4
1
420 4 7 3 6 7 7 6 3 2 1
5
328 0 9 4 4 6 2 1 6 1 3
332 4 7 2 6 0 8 6 2 6 3
408 3 9 0 5 7 2 8 2 0 9
468 7 2 4 4 8 0 7 3 3 5
522 8 1 7 1 9 1 5 2 2 8
3
406 6 9 0 7 5 1 6 8 0 2
420 2 6 7 9 0 0 6 5 3 5
484 5 9 0 6 5 4 4 5 9 8
6
306 3 3 1 5 6 4 4 7 0 0
320 4 1 1 4 0 9 2 7 4 7
382 0 4 5 1 9 6 9 7 0 3
454 1 4 7 7 3 8 5 1 7 7
512 6 9 3 9 1 5 5 0 7 7
586 9 8 9 7 6 2 2 3 4 4
2
398 5 3 9 5 2 3 2 6 6 1
416 0 8 9 4 0 6 3 3 9 6
5
254 2 1 2 0 4 6 8 6 3 2
398 3 4 4 4 3 4 2 3 2 8
438 6 0 6 2 3 9 8 9 5 3
460 1 9 4 7 2 0 5 8 5 5
468 0 3 9 5 6 0 5 8 1 7
5
258 2 6 5 1 0 0 1 2 5 2
374 3 5 2 6 1 2 4 0 9 7
404 3 3 2 9 7 4 4 7 2 5
424 6 4 5 3 1 6 5 5 7 6
512 5 6 8 1 9 3 1 8 4 7
5
364 0 1 9 0 8 1 8 1 3 6
390 0 9 9 0 5 3 0 1 9 4
428 2 3 8 0 6 7 2 7 3 6
456 1 8 6 6 4 1 5 7 7 6
548 7 4 6 7 5 8 4 7 0 7
6
296 0 4 3 0 2 8 7 9 4 3
388 5 2 7 3 1 5 8 0 1 3
390 4 3 5 6 3 1 9 1 1 6
518 8 7 6 4 1 1 2 6 9 5
528 9 8 1 3 5 1 9 5 2 8
590 9 5 4 4 6 4 3 6 8 9
8
380 8 0 4 2 2 5 8 0 8 1
384 6 5 2 0 8 5 9 1 4 2
384 2 2 5 9 7 7 4 8 3 2
388 0 6 5 5 2 4 5 5 8 5
402 5 5 0 1 8 9 6 2 7 5
456 1 8 7 4 2 2 7 9 7 2
510 7 7 7 0 2 2 2 6 2 9
548 7 9 7 4 1 4 7 6 1 9
5
442 2 9 7 4 6 8 6 1 1 4
474 6 3 4 5 7 6 0 7 8 6
492 9 9 7 8 3 9 4 4 2 1
492 3 7 9 6 1 0 1 8 9 5
546 6 5 9 1 4 8 5 6 5 7
10
310 0 5 9 2 4 4 2 0 1 5
314 3 6 1 4 9 6 0 4 3 2
340 2 8 5 8 1 4 1 1 2 6
390 7 2 7 9 7 7 1 0 2 1
402 2 7 1 6 4 1 4 6 1 8
420 4 3 5 9 8 1 6 2 7 1
438 6 5 3 2 6 1 6 1 1 8
456 1 9 8 2 3 0 4 5 4 8
514 9 0 0 7 9 6 4 9 7 4
574 8 6 6 5 6 5 9 6 4 3
4
340 2 5 8 0 2 3 0 8 6 3
390 9 6 2 8 3 5 0 0 4 3
446 0 4 4 2 4 0 9 7 7 7
480 5 9 2 9 0 3 6 8 3 8
2
432 5 1 7 7 5 7 0 5 9 3
438 0 9 5 9 4 2 8 7 5 0
7
396 3 7 2 9 5 6 2 0 8 4
434 6 1 8 4 0 8 4 5 6 3
448 3 5 3 9 2 8 4 5 7 9
454 6 6 7 6 9 0 3 1 4 3
466 4 2 3 9 5 2 6 7 1 8
488 3 4 9 1 9 0 3 2 8 6
530 5 7 6 9 8 1 7 2 8 4
2
316 4 0 1 8 1 4 1 4 8 4
648 9 9 9 3 8 7 5 2 9 5
5
338 5 7 2 1 3 8 8 2 1 0
350 3 1 5 5 7 7 8 3 1 2
358 4 7 1 5 4 2 2 5 1 6
420 2 5 3 2 7 1 6 9 4 7
498 5 1 5 7 2 9 6 2 9 8
10
256 1 8 1 3 0 2 7 1 5 1
290 0 5 2 9 2 8 5 3 5 0
336 5 3 2 6 2 1 4 7 1 2
356 2 3 0 7 4 6 6 4 0 9
376 4 9 3 5 2 9 9 2 0 1
376 4 6 3 8 5 9 2 0 2 4
384 1 5 0 5 5 2 7 1 8 7
422 4 1 7 4 4 7 8 8 6 2
440 7 2 0 5 2 3 8 7 1 9
448 0 2 9 8 9 8 3 1 8 3
4
328 8 3 0 1 2 3 0 6 8 1
426 2 3 8 1 4 4 8 9 2 5
456 7 5 5 1 3 0 0 2 6 8
458 0 6 7 4 8 0 9 5 9 2
6
258 8 0 0 0 0 4 4 1 6 4
260 2 0 2 6 0 4 0 5 5 3
370 2 4 1 7 6 0 3 5 2 7
378 0 3 5 0 8 3 9 8 1 4
384 4 7 1 7 5 2 8 1 4 4
646 8 8 7 4 4 5 6 7 5 9
4
330 5 2 4 1 7 4 6 1 6 1
386 4 4 5 4 2 3 4 9 1 3
482 9 4 7 4 5 5 7 4 1 1
484 9 4 3 8 5 7 6 2 9 0
6
352 4 5 7 5 4 7 0 6 2 1
364 2 1 6 1 8 3 7 0 6 4
388 3 8 4 0 7 2 8 0 8 0
390 7 4 3 7 9 7 3 0 0 1
452 4 5 6 0 4 1 9 3 1 9
466 1 6 6 6 2 5 7 5 0 9
5
402 5 2 5 2 2 8 6 5 8 1
488 6 9 1 7 4 1 9 9 8 0
502 2 3 8 3 8 1 5 9 5 7
524 8 9 3 3 3 6 6 5 2 8
526 6 4 6 4 2 9 1 8 9 8
8
292 6 2 1 5 3 4 2 3 3 3
360 1 3 7 9 0 6 2 4 3 6
384 4 1 9 9 5 6 5 2 1 1
424 8 8 2 8 6 0 4 0 7 1
430 8 2 6 6 5 5 1 0 9 1
434 7 4 7 2 2 9 0 5 1 5
446 1 3 6 5 4 3 3 5 9 7
494 5 0 6 1 9 2 8 8 8 3
2
346 2 5 3 2 9 4 1 5 1 7
372 1 1 8 2 6 2 7 3 1 7
6
342 7 0 0 7 2 1 2 2 8 4
494 2 5 7 9 1 6 4 1 9 8
498 9 0 7 0 2 7 8 8 0 7
534 9 5 6 9 6 7 4 6 4 3
564 7 6 8 7 6 8 6 2 8 6
608 7 1 8 7 8 7 8 1 9 8
1
548 5 2 7 3 9 7 4 7 4 9
2
294 4 1 2 5 3 8 9 0 7 0
392 6 0 4 1 7 0 5 5 4 6
4
432 7 7 2 0 6 9 9 0 7 4
436 6 5 8 2 3 2 9 2 3 1
508 7 1 8 9 7 4 0 3 1 6
604 9 0 8 7 1 9 8 8 8 5
5
390 8 0 0 7 3 8 6 4 7 5
414 1 4 9 7 5 4 6 0 7 2
432 0 4 8 0 9 6 2 5 6 8
442 9 8 0 6 6 4 5 2 1 4
600 9 3 6 3 4 2 3 8 9 8
4
294 0 9 4 0 3 8 9 5 1 2
382 7 5 2 1 4 4 7 9 0 0
402 3 2 0 7 7 8 5 2 4 8
446 2 6 5 5 8 3 7 2 9 5
8
266 1 5 7 9 0 3 0 1 1 0
316 0 9 2 4 0 5 9 8 5 0
370 2 6 4 4 6 6 9 0 5 2
376 0 8 6 0 2 1 3 8 6 3
404 8 6 0 1 9 4 1 0 5 6
410 1 9 4 3 8 2 9 1 0 8
562 6 8 4 8 7 7 6 5 3 7
644 9 6 7 9 7 7 7 2 5 6
1
396 7 2 4 1 4 8 1 0 7 6
3
246 1 6 3 5 1 3 0 5 2 1
412 4 2 5 6 1 8 5 1 9 6
544 3 3 9 6 7 4 9 6 3 8
6
326 1 5 0 0 2 9 1 8 7 9
336 6 0 2 5 2 0 7 8 1 2
406 6 0 7 0 6 8 6 1 9 3
416 5 0 2 1 2 4 6 9 4 8
418 1 3 1 6 7 8 9 7 4 7
494 1 4 8 6 6 2 2 9 6 6
6
282 7 5 2 1 0 2 0 2 1 5
328 0 6 0 6 2 0 5 6 4 6
346 1 7 8 0 2 9 3 1 8 3
418 2 3 0 6 3 0 9 6 8 7
482 8 1 1 1 5 2 8 9 8 7
534 1 4 7 8 6 5 6 9 5 8
6
282 0 1 4 1 2 8 2 7 8 4
430 5 1 8 1 1 7 3 8 4 5
458 9 3 3 3 2 2 3 6 4 6
470 9 2 7 7 4 7 7 1 7 1
490 7 3 5 8 5 2 5 8 0 4
492 9 5 9 1 4 4 0 3 7 6
5
378 2 6 4 8 4 9 5 1 5 2
388 7 5 0 3 6 8 9 8 4 0
406 1 8 5 2 4 5 4 8 1 5
420 9 5 0 7 2 9 1 2 0 9
522 6 3 8 6 3 5 2 9 6 5
9
266 8 0 3 0 0 5 5 1 0 2
354 0 2 2 5 8 1 1 4 8 9
394 1 8 9 1 4 9 8 0 5 2
420 9 1 8 2 2 9 3 5 3 3
422 7 3 2 1 3 6 7 6 0 9
538 6 9 8 8 0 3 1 2 9 7
538 7 1 5 5 1 4 4 8 9 8
614 8 5 5 8 3 8 5 8 3 9
628 6 2 8 8 6 9 6 5 9 9
4
322 4 8 2 2 5 4 1 0 9 2
326 0 4 0 8 6 7 7 2 8 2
382 3 5 3 1 9 7 5 8 5 0
488 4 4 7 0 9 6 7 9 1 6
8
268 1 0 5 1 0 5 2 2 2 7
380 0 5 3 7 3 2 9 6 8 3
422 4 8 1 5 4 2 9 7 4 4
452 5 6 4 2 8 3 2 3 2 7
534 9 3 5 5 2 5 5 7 1 9
576 5 2 5 9 9 7 9 6 1 9
582 9 6 9 7 2 0 2 9 3 6
608 7 0 8 6 9 6 8 7 8 7
9
296 0 2 1 9 9 7 1 2 6 5
366 0 7 4 3 8 9 2 2 4 9
388 5 0 7 7 2 3 6 0 0 7
390 4 3 7 1 6 9 7 7 2 2
418 3 6 7 8 3 0 8 2 7 0
418 6 5 3 7 8 6 0 3 1 7
474 3 8 7 5 6 5 0 4 9 5
480 4 4 9 0 9 3 2 7 8 5
552 5 8 9 8 2 4 1 9 8 6
8
224 1 1 6 5 2 3 2 1 3 1
314 1 7 4 4 3 7 3 1 9 2
392 1 5 9 5 8 5 6 1 7 0
436 9 6 1 4 5 9 4 7 0 4
440 1 9 6 1 9 8 4 0 3 7
510 9 4 6 9 2 2 6 6 9 0
540 6 3 7 3 6 0 0 9 5 9
552 8 8 5 0 4 0 8 8 0 8
10
256 3 2 8 1 2 1 0 1 1 0
338 3 3 1 5 3 4 6 6 9 2
368 7 4 9 1 0 0 0 0 6 2
374 4 1 5 1 3 2 7 5 8 4
378 9 6 0 9 0 9 3 0 0 7
410 4 8 1 2 8 4 8 0 9 5
494 3 5 7 3 9 7 3 7 0 7
528 6 5 8 5 1 6 6 8 1 5
538 8 5 7 6 6 0 2 8 1 3
542 5 8 6 9 2 6 3 9 1 9
8
286 3 4 3 3 2 1 6 2 7 0
384 4 2 7 8 4 0 4 1 5 2
386 4 6 2 3 5 8 8 9 0 3
418 5 8 5 0 0 4 9 2 9 5
420 2 9 2 0 2 8 9 4 9 9
468 4 8 7 4 3 6 0 4 4 9
548 6 9 8 8 7 2 1 4 1 4
578 7 7 9 6 8 8 1 9 2 3
7
226 0 2 3 7 0 0 4 6 1 0
428 0 5 8 9 7 0 0 4 6 3
434 3 6 5 6 6 9 7 0 7 5
438 5 2 3 6 5 2 8 6 7 1
514 9 3 0 7 9 5 8 5 9 1
532 3 7 6 7 9 1 9 9 4 4
548 5 6 9 4 2 7 7 8 8 2
8
400 0 6 9 4 0 0 4 7 0 4
440 4 5 3 2 9 0 6 2 6 6
452 9 8 2 0 4 8 7 3 0 8
464 2 3 9 6 8 3 7 3 0 4
466 7 0 9 2 0 3 9 4 8 3
468 5 8 5 4 7 5 0 9 0 3
502 8 6 4 1 8 0 6 3 4 7
506 9 4 4 3 7 3 7 1 8 3
8
286 2 7 3 7 5 7 0 2 0 0
314 3 5 5 9 0 6 0 1 3 0
400 3 3 4 4 8 2 0 1 2 9
406 2 6 2 9 3 4 1 8 0 8
406 0 0 7 7 8 5 6 0 3 7
456 7 6 3 1 8 8 4 5 3 3
480 9 7 5 0 1 9 9 2 7 2
626 9 8 9 8 6 2 5 3 6 6
1
460 5 4 7 8 4 8 5 3 4 1
8
242 4 7 2 3 6 9 0 1 0 0
354 4 4 3 4 3 8 7 1 0 4
366 7 3 0 4 0 0 8 0 0 7
394 4 1 1 6 9 9 0 3 9 5
416 1 8 0 5 4 5 8 9 4 6
432 1 8 2 6 0 7 7 8 1 8
458 0 6 5 3 4 7 8 5 9 7
516 5 7 8 9 8 8 6 0 7 1
8
290 1 0 4 6 3 6 8 0 2 2
314 1 1 4 2 1 1 0 5 8 7
392 9 1 5 5 4 8 3 3 4 1
414 3 8 5 3 7 6 0 2 6 4
442 8 9 7 8 3 9 0 2 3 0
470 6 4 0 4 4 0 9 5 9 5
506 7 8 3 8 7 9 9 7 3 1
520 9 4 9 4 0 6 4 0 9 4
5
412 5 9 2 9 4 7 3 1 7 1
416 8 8 1 6 8 8 1 4 0 1
452 9 3 2 2 2 2 1 7 2 9
454 1 5 6 5 3 6 9 4 4 7
478 4 7 2 0 3 2 9 9 7 7
