100 15
500 500 500 500 500 500 500 500 500 500 500 500 500 500 500
15
554 9 8 2 8 6 1 9 8 6 9 3 5 9 6 5
317 4 4 4 2 5 1 6 1 6 5 3 2 4 5 6
395 4 1 2 7 6 5 8 4 9 6 2 6 6 1 2
502 8 6 6 8 4 9 9 7 2 5 2 3 6 3 7
381 3 5 4 3 8 2 4 5 7 8 5 4 1 9 5
530 9 1 4 1 9 7 7 7 8 9 4 2 9 7 9
406 9 1 3 3 7 3 2 7 6 3 7 6 6 5 9
345 9 1 1 1 3 3 1 9 9 5 7 6 5 3 1
454 2 3 9 8 8 7 4 6 4 8 6 2 3 3 9
406 9 5 6 6 2 4 3 3 8 4 1 6 9 6 3
394 1 5 6 6 3 6 1 9 5 4 3 6 5 3 5
511 6 9 2 6 9 4 8 9 5 9 8 7 1 4 1
497 7 6 5 2 9 1 9 6 4 7 2 6 7 7 9
363 4 6 9 9 4 6 1 6 8 2 6 5 2 2 6
407 9 1 8 2 8 2 8 8 2 3 7 3 6 1 7
15
417 6 4 4 5 7 3 4 5 1 9 2 7 6 7 2
363 3 8 2 3 6 4 2 6 3 9 8 4 1 2 1
423 6 5 6 6 1 5 6 3 2 9 1 7 4 5 2
500 2 5 6 7 9 4 8 8 5 7 7 7 8 8 2
287 2 2 4 5 2 1 6 8 8 1 3 2 1 3 4
455 4 2 1 6 5 1 5 8 6 9 9 1 8 4 9
494 5 9 1 6 8 4 7 9 9 4 9 1 5 7 5
407 5 3 4 2 4 9 2 5 4 9 1 6 4 5 5
501 7 4 8 7 8 3 7 9 5 9 2 3 6 7 5
434 6 7 2 6 4 9 5 3 7 3 6 2 7 4 5
390 1 2 5 2 2 1 6 6 7 5 5 8 6 8 8
375 8 4 2 2 5 5 6 1 2 3 8 5 6 8 1
462 8 9 1 1 6 9 3 8 1 3 6 9 1 9 5
522 4 4 1 9 2 7 8 7 5 3 6 8 9 9 4
475 6 8 9 1 7 6 8 8 4 6 6 7 4 6 6
15
415 6 6 1 7 2 1 7 7 5 4 2 3 6 8 4
372 3 1 4 2 4 2 7 9 9 9 3 5 1 4 3
418 8 4 7 3 1 4 4 7 3 4 2 8 8 8 1
446 8 9 7 2 3 6 9 4 8 5 2 7 7 4 1
326 4 6 2 5 6 4 8 3 2 2 3 5 4 4 1
515 6 6 8 7 9 7 5 6 9 9 7 4 4 8 4
599 4 8 6 8 6 6 9 6 6 9 7 5 9 5 8
444 4 5 9 8 6 7 9 5 9 7 4 9 1 1 8
539 6 8 4 9 5 9 6 8 6 3 4 7 8 8 1
393 6 5 7 5 2 4 2 1 4 5 5 9 8 5 8
409 9 3 5 4 5 2 5 4 7 6 5 1 8 3 7
476 8 8 7 8 5 6 9 5 1 3 8 9 3 3 8
506 6 5 9 8 2 8 9 6 7 8 4 2 5 6 4
301 7 1 7 4 6 5 7 1 2 2 8 6 1 3 7
360 9 1 4 1 5 7 1 6 5 4 7 4 2 6 8
15
449 2 7 4 1 9 7 3 2 4 7 4 2 9 8 5
492 4 8 9 9 9 3 6 7 4 2 6 6 7 9 4
432 6 3 5 9 1 8 2 5 2 8 2 4 3 9 4
424 8 3 4 3 4 6 7 5 5 4 8 6 6 4 2
322 9 5 1 1 6 2 2 1 5 6 1 1 9 2 1
366 1 9 8 9 9 2 2 5 4 2 2 2 2 4 6
337 5 6 1 2 1 5 3 1 3 4 7 8 3 9 2
331 1 1 3 3 2 3 7 6 4 4 9 5 8 2 1
337 1 2 2 2 6 2 4 5 5 7 7 4 1 9 1
326 8 8 3 6 6 2 1 1 1 6 2 1 1 9 1
364 8 3 7 5 4 1 2 5 3 9 6 3 1 3 6
366 6 1 9 4 8 2 6 5 9 4 7 8 3 7 2
446 9 4 2 4 5 1 6 8 3 8 2 9 7 4 8
526 6 9 1 7 3 9 1 6 7 8 7 3 9 3 6
437 7 9 2 1 3 5 2 3 8 9 8 7 9 1 1
15
411 7 2 3 1 6 3 3 5 6 8 9 3 7 9 3
474 4 5 2 8 4 5 4 3 7 9 3 6 7 7 6
427 8 5 5 6 2 5 8 4 4 4 4 9 1 9 4
342 5 6 1 5 9 6 4 8 2 1 3 7 1 1 3
545 8 7 3 6 9 8 1 8 7 9 6 4 5 7 1
447 3 9 4 6 3 7 2 2 3 6 7 3 9 5 9
445 1 4 8 1 8 9 6 8 2 8 4 5 3 6 1
333 1 3 6 1 7 2 9 2 5 6 9 9 1 4 8
426 4 5 8 2 5 8 9 1 1 2 2 9 9 9 3
424 6 3 2 6 6 1 3 5 3 8 7 5 9 9 2
405 2 7 1 6 2 6 5 4 6 4 2 8 4 8 6
322 6 6 2 2 6 2 2 4 1 3 6 3 6 8 1
372 2 5 3 3 6 8 9 6 3 3 2 1 4 1 5
428 3 2 9 5 6 3 5 7 9 8 8 6 3 8 5
532 5 6 9 6 4 9 8 8 7 3 5 5 9 6 6
15
443 3 4 6 9 9 8 7 2 2 4 5 9 6 5 2
436 7 8 6 3 9 1 1 4 8 8 7 6 9 2 1
428 4 3 3 7 1 5 8 8 6 7 6 7 1 5 6
382 4 9 4 2 1 5 8 2 2 3 8 2 4 9 2
404 3 3 4 8 1 3 6 5 7 6 8 2 5 4 5
445 8 6 4 6 9 5 5 8 2 1 1 4 6 5 5
337 2 4 1 1 6 9 1 6 4 5 1 5 1 1 8
547 9 9 9 7 8 9 7 8 6 2 6 6 1 8 7
462 6 4 6 8 3 2 6 9 4 6 6 9 3 7 5
522 9 9 4 7 3 9 5 4 8 7 6 3 9 4 1
459 4 9 8 6 6 6 9 1 4 3 2 1 7 8 7
448 9 1 1 9 2 6 7 9 5 4 5 2 5 1 7
297 4 3 7 2 6 7 5 2 4 2 1 9 1 7 4
265 1 2 7 5 5 1 6 2 9 3 9 4 1 2 4
522 3 8 1 5 6 5 1 7 7 9 1 8 9 7 9
15
365 6 3 1 7 1 4 6 7 6 2 8 1 1 4 8
435 5 5 2 4 1 4 3 8 7 8 3 7 7 2 8
410 7 2 6 2 8 8 6 8 7 3 5 9 4 2 5
412 2 7 9 5 5 4 5 6 6 8 5 4 3 2 1
413 1 3 9 9 8 2 3 8 1 2 9 6 9 6 5
445 6 8 2 3 4 8 1 8 2 2 5 7 8 7 7
395 1 5 6 4 9 7 6 2 2 9 1 4 4 6 9
378 7 2 6 6 1 3 5 6 8 1 5 9 8 3 1
460 6 7 8 8 9 6 9 7 6 1 1 4 3 1 9
286 8 1 5 8 1 1 1 1 8 4 1 2 4 6 1
322 1 1 7 6 8 1 7 2 4 2 1 6 4 9 8
419 2 6 5 5 8 5 2 5 6 7 4 4 7 7 2
432 1 3 2 1 5 2 8 6 3 9 1 8 9 3 8
431 7 6 5 6 5 1 1 7 8 3 7 3 5 9 3
468 6 9 3 8 2 3 8 3 5 7 3 1 8 4 1
15
345 4 2 6 2 2 8 1 8 6 1 3 2 9 3 5
515 4 4 7 6 3 6 9 9 8 6 2 6 9 8 3
386 3 1 7 7 4 8 2 3 5 6 3 4 7 6 7
478 4 5 1 8 1 5 9 9 4 7 6 1 6 3 2
470 6 6 9 5 5 5 9 7 9 9 1 4 4 4 4
259 2 2 3 3 5 1 6 2 5 1 3 5 5 6 4
456 7 9 9 3 1 7 1 6 2 7 5 6 6 7 5
383 6 1 1 3 1 6 7 4 3 8 1 5 6 7 4
356 5 1 4 8 2 7 7 3 2 1 6 6 2 4 9
391 8 8 6 2 3 2 2 4 4 9 6 5 2 8 4
369 2 6 9 5 1 9 2 2 8 3 3 2 3 9 6
313 4 2 8 7 1 6 2 4 4 3 5 1 3 5 5
429 6 1 8 8 5 6 4 9 9 8 5 1 2 6 2
367 2 8 2 4 9 7 2 2 8 4 3 4 1 3 8
430 6 1 2 6 2 7 5 6 8 3 3 6 5 8 9
15
440 6 2 1 9 4 9 6 6 4 2 4 4 6 6 1
355 1 8 6 3 1 5 1 2 9 7 5 6 4 5 6
493 4 9 7 2 8 4 6 9 2 7 4 5 7 9 2
417 1 3 2 5 7 2 4 9 2 5 5 7 4 8 8
547 3 2 8 7 2 7 9 9 7 8 9 9 8 6 8
352 6 1 1 7 1 6 2 1 1 6 4 8 6 5 3
433 8 7 4 5 6 8 1 9 2 2 7 7 3 5 7
382 2 6 3 4 7 3 6 3 7 2 2 9 8 9 5
445 5 8 2 9 2 9 4 6 4 5 6 5 3 5 3
402 9 1 9 5 3 5 6 3 7 4 8 5 9 3 1
364 8 3 5 7 4 7 1 2 9 2 5 9 6 5 1
468 9 5 5 8 5 2 6 4 8 6 5 5 7 6 4
489 3 7 8 7 3 9 7 4 9 8 9 5 8 2 1
404 5 4 5 4 5 2 9 5 2 6 2 1 9 2 3
521 8 7 1 9 7 7 5 4 6 8 6 8 9 2 7
15
537 6 9 4 9 2 5 1 8 2 7 7 3 9 6 7
501 1 5 9 5 2 9 9 8 7 9 5 1 6 9 3
369 8 2 5 9 4 8 1 1 9 3 7 2 2 8 2
464 6 5 5 8 3 3 3 8 4 9 4 6 9 1 6
330 1 3 1 2 3 3 8 1 2 1 5 8 7 7 9
397 6 2 7 1 9 2 5 6 2 6 8 5 6 4 6
428 1 7 8 4 7 6 6 7 6 4 7 5 6 3 7
462 2 7 9 9 6 1 3 7 4 7 4 6 7 4 5
388 5 8 8 1 6 7 6 9 1 1 1 4 4 6 3
352 1 5 6 8 6 3 3 5 1 7 9 7 2 4 2
458 9 7 5 5 6 8 4 2 1 7 9 7 5 8 3
400 1 4 3 5 1 5 7 8 7 7 6 5 3 2 9
368 7 5 6 3 6 1 8 3 3 1 6 6 7 8 8
402 1 4 5 5 4 4 6 2 9 7 2 2 4 9 6
492 4 9 9 9 2 2 6 8 9 9 9 2 3 6 5
15
350 8 2 1 2 9 6 1 6 1 5 4 7 1 2 7
485 8 5 6 8 5 6 1 4 9 7 5 9 6 8 6
557 7 9 3 5 3 9 2 9 9 9 8 4 5 5 2
346 6 4 8 7 2 9 3 1 2 3 5 9 4 1 9
410 1 7 8 2 6 6 6 2 1 9 5 9 3 7 4
458 4 8 5 1 7 9 5 9 2 5 6 5 4 5 4
562 6 8 9 2 7 9 1 9 5 9 6 7 6 8 8
399 4 1 9 3 1 9 7 1 2 7 6 8 8 7 6
403 8 1 2 2 1 4 1 8 8 7 5 3 8 5 3
531 5 4 9 8 7 4 8 6 5 9 4 8 7 4 8
285 4 1 2 4 3 5 1 1 8 2 1 7 3 9 6
414 7 4 9 7 1 5 8 3 6 6 3 3 6 2 5
508 7 7 2 8 3 8 9 1 1 7 6 8 5 6 9
436 1 6 5 6 5 8 2 8 8 6 3 7 2 2 9
375 7 9 2 3 8 1 3 4 6 4 8 8 4 1 4
15
467 8 9 1 8 4 5 2 9 8 1 7 2 6 5 3
432 5 8 3 2 3 2 2 9 5 5 4 3 6 7 9
396 1 7 5 6 7 1 7 6 8 1 1 5 9 8 1
397 9 6 7 2 6 4 5 7 2 3 2 4 7 4 6
440 8 6 6 7 1 8 3 6 7 7 4 3 1 5 8
388 1 8 7 8 7 2 7 4 6 4 9 8 1 1 6
406 3 7 8 5 7 8 4 6 8 5 5 6 2 4 2
422 2 7 8 1 5 8 1 4 8 4 9 8 6 4 6
487 6 5 7 7 7 9 7 1 3 8 5 1 7 6 7
447 8 2 9 7 7 4 1 1 8 8 9 5 9 4 4
445 3 2 9 7 3 8 7 5 2 6 8 4 9 7 1
518 8 6 5 4 2 3 6 9 8 6 8 8 7 7 3
350 8 2 4 6 4 9 2 1 2 6 8 3 5 1 5
351 8 4 9 1 3 3 1 4 6 3 3 7 3 7 8
422 6 5 4 3 8 3 3 5 5 9 7 5 7 7 1
15
420 9 2 4 3 3 9 9 1 7 6 3 6 7 6 3
390 8 6 2 4 5 6 9 3 5 4 7 6 1 2 8
400 8 7 8 3 1 5 4 4 3 4 1 5 6 9 8
431 9 2 5 7 3 1 5 8 9 5 6 1 2 8 8
405 7 4 1 2 5 5 7 9 7 3 3 1 4 8 2
435 4 1 5 9 6 6 6 6 9 8 5 4 5 1 9
378 3 4 7 4 4 1 8 5 9 1 4 9 5 9 7
396 4 1 6 6 7 3 2 1 7 8 4 9 9 6 8
336 1 8 7 2 6 1 1 6 2 3 7 3 4 9 4
462 2 5 2 5 9 6 1 8 9 7 8 1 5 6 5
380 2 3 3 1 5 9 2 1 7 9 9 9 4 9 1
386 3 1 2 8 4 9 3 8 8 1 1 3 6 3 8
441 8 7 9 9 5 5 7 2 6 4 3 3 5 9 3
456 2 9 5 3 9 5 9 2 5 5 5 9 4 8 8
355 3 7 5 3 8 7 1 4 6 2 2 1 3 4 8
15
530 9 8 1 5 6 8 8 9 3 8 4 3 1 9 7
497 1 9 5 7 9 8 9 9 8 4 7 2 2 3 5
454 4 9 1 6 2 8 3 8 5 5 9 6 5 4 3
364 7 7 2 3 1 8 5 1 8 3 1 4 4 5 1
425 8 5 5 6 2 8 7 7 2 1 9 1 5 5 1
415 4 4 8 3 4 7 7 8 7 1 4 8 8 2 3
448 9 5 2 9 2 7 5 7 8 2 7 1 7 2 7
457 4 7 4 6 4 9 1 3 7 8 4 9 2 7 7
503 1 4 7 9 7 8 7 7 9 7 5 5 8 1 6
378 6 4 6 5 2 1 5 4 8 8 1 8 4 1 5
527 9 8 4 5 9 2 9 6 4 7 1 2 9 7 7
420 5 8 6 7 3 5 6 5 8 3 7 2 3 5 1
279 1 2 4 6 4 1 3 3 1 5 8 1 4 1 1
489 3 6 3 6 4 6 7 5 5 9 4 9 8 8 1
316 4 2 7 8 4 2 3 5 4 1 5 4 4 3 4
15
405 2 7 7 9 1 2 5 8 4 4 3 4 4 8 5
443 6 4 1 9 6 1 6 1 5 9 8 5 7 4 5
276 7 3 5 1 3 1 6 1 4 3 3 6 2 6 3
360 1 3 5 5 1 1 7 2 8 6 7 7 4 5 5
405 5 6 3 1 1 8 3 4 6 9 3 9 1 7 3
365 1 2 3 6 3 3 4 8 6 8 1 3 1 5 5
428 3 9 2 5 6 4 3 7 2 5 5 5 8 7 2
353 2 5 9 1 3 8 8 1 8 7 3 7 4 3 2
315 2 3 1 1 6 4 7 1 7 6 5 1 6 2 4
451 4 9 3 1 3 9 4 5 4 6 5 6 5 4 4
370 7 5 7 4 2 7 1 4 4 4 3 6 5 1 8
434 7 2 9 8 4 6 1 9 1 9 5 3 1 5 6
335 3 3 9 4 6 1 2 4 6 2 4 7 4 7 8
431 6 9 2 7 5 6 7 1 6 3 7 6 5 7 6
448 9 7 1 6 9 2 3 9 7 2 6 9 1 9 9
15
418 1 2 7 9 5 8 3 8 3 1 9 8 7 7 7
486 3 9 6 5 8 9 2 9 3 4 5 3 7 4 9
263 8 5 5 2 1 1 3 1 3 3 6 6 1 3 1
467 7 8 4 9 1 2 4 8 8 4 8 3 7 6 1
364 6 7 5 6 2 1 7 5 9 1 6 8 6 2 1
412 5 9 3 4 9 2 2 1 2 7 2 9 8 4 3
443 2 4 3 9 9 8 6 2 5 8 8 7 2 3 8
430 1 9 1 6 6 1 8 7 7 5 2 6 9 4 1
487 8 5 4 8 6 8 9 8 6 2 9 9 1 4 4
393 4 5 6 7 9 5 3 9 7 4 3 5 1 5 2
423 3 4 9 2 9 7 9 8 5 5 6 1 1 2 6
478 2 7 8 9 8 9 1 3 9 8 2 6 5 8 6
489 3 9 8 8 4 8 7 2 7 8 2 1 8 3 6
408 2 3 6 9 9 9 9 4 4 2 8 7 2 4 4
456 5 8 6 5 7 8 2 4 5 5 6 7 4 9 6
15
409 1 9 1 3 5 5 2 2 8 8 1 6 5 5 7
382 2 5 5 3 1 1 9 5 1 3 1 3 9 5 8
438 7 8 8 4 3 5 1 3 9 6 9 8 4 7 4
338 6 2 5 7 1 2 7 6 9 5 3 1 1 1 8
511 9 1 6 2 8 9 9 9 9 8 1 9 5 6 5
392 1 3 2 4 5 4 2 9 9 3 5 8 8 4 6
345 4 8 2 2 1 5 5 1 1 4 3 9 1 9 8
509 9 9 1 1 1 3 9 9 5 7 5 9 6 8 1
384 8 5 9 4 5 2 2 9 6 4 2 6 1 8 3
512 5 8 5 1 3 4 9 8 1 8 8 8 8 6 9
226 3 4 6 2 6 2 1 1 2 3 3 4 2 4 7
430 8 2 6 4 3 3 7 3 9 9 5 1 5 4 7
404 3 6 9 4 1 5 5 5 9 3 2 7 4 8 2
393 7 8 3 1 3 4 6 8 9 2 6 5 1 7 4
462 3 9 4 9 9 7 8 3 4 5 5 7 3 6 8
15
459 3 8 1 7 6 7 7 3 6 2 5 4 9 4 2
480 7 2 4 9 1 3 3 7 2 9 5 5 7 9 5
405 7 3 7 9 1 5 1 3 1 6 9 9 5 6 5
428 8 9 3 9 3 7 1 2 2 4 2 9 7 3 2
264 8 2 9 8 2 3 4 1 3 1 5 3 1 7 2
414 3 1 2 3 3 5 5 5 4 6 6 6 8 5 9
425 3 4 6 9 6 9 4 4 5 2 3 4 9 8 1
526 9 8 1 7 2 9 7 8 4 8 3 4 1 6 4
417 2 6 4 4 3 3 4 7 7 7 7 2 8 5 4
422 1 5 6 9 9 1 1 8 1 6 9 6 5 4 5
383 8 9 7 1 7 1 6 4 8 4 5 5 3 3 9
494 9 4 6 9 8 7 5 9 7 3 8 1 7 2 5
432 9 9 1 5 6 2 3 7 4 5 6 7 3 4 2
437 7 8 8 2 5 2 6 1 7 8 5 7 8 4 6
407 7 3 3 8 1 3 6 8 4 1 6 3 7 9 1
15
374 9 7 7 3 1 2 5 1 4 2 5 8 8 9 6
468 6 6 5 4 8 7 3 7 3 9 8 9 2 5 7
396 4 4 9 2 5 6 8 4 8 1 6 4 8 8 2
349 9 5 1 3 1 2 2 1 9 6 6 5 3 8 6
487 5 8 8 9 6 4 9 3 1 9 8 8 7 1 7
455 2 9 8 8 5 5 4 9 3 4 8 2 7 1 3
433 2 8 4 1 9 9 6 6 2 3 2 7 9 4 2
436 7 1 3 9 6 8 7 7 7 7 6 3 2 5 2
422 4 8 2 1 8 8 8 2 6 8 2 9 2 8 4
375 6 4 5 6 5 8 4 3 4 4 5 6 3 3 9
376 1 2 7 1 6 9 6 4 3 9 5 1 1 6 5
348 6 4 4 6 9 5 2 5 7 3 4 7 1 3 6
386 1 3 6 9 6 5 3 2 4 1 6 4 9 8 3
403 3 8 4 7 1 2 1 3 8 7 8 8 6 5 8
423 3 6 6 5 2 4 5 6 6 8 3 9 2 5 6
15
432 8 5 8 4 7 5 5 6 2 1 1 4 7 8 7
361 2 7 3 1 5 2 2 7 1 4 5 2 8 7 7
401 8 4 9 1 6 1 6 7 6 9 1 4 1 7 6
376 9 6 3 4 8 2 8 1 6 6 5 9 1 3 2
258 5 4 1 4 1 1 6 4 4 1 3 2 1 6 5
450 8 8 2 8 5 9 3 3 2 5 1 5 2 9 9
567 1 8 6 7 2 8 8 8 4 7 7 2 8 9 7
362 3 4 1 2 3 1 1 8 7 5 4 9 5 9 5
431 8 4 1 7 5 1 6 6 7 7 6 7 6 3 7
359 2 6 2 1 9 3 6 9 7 3 7 1 1 3 6
358 3 6 7 4 3 4 1 8 3 3 2 2 6 3 1
324 1 3 4 7 6 5 1 2 4 4 9 2 7 3 7
287 1 5 5 4 5 1 5 1 8 1 8 9 5 5 1
445 8 6 6 2 5 4 7 1 8 9 2 8 3 6 8
376 7 3 9 4 6 7 6 2 6 2 7 8 1 9 2
15
370 3 1 1 9 2 8 6 8 7 2 9 7 1 2 6
436 8 4 1 7 5 1 9 8 2 7 9 9 2 4 6
434 2 8 4 3 2 3 6 9 5 3 1 6 9 5 4
320 8 1 4 7 1 7 1 1 5 4 6 4 3 1 5
389 1 3 1 7 4 7 3 3 4 6 8 1 6 4 6
350 4 1 4 1 1 1 6 8 7 8 4 7 2 7 4
501 7 6 9 2 5 7 6 7 8 7 1 6 6 5 9
383 2 2 1 2 6 2 8 3 6 9 1 4 7 5 5
403 5 3 2 8 9 4 4 6 1 6 4 1 7 2 9
426 1 4 4 6 5 1 8 9 7 6 7 4 4 1 9
441 5 9 2 3 8 4 9 6 3 4 7 5 3 9 2
492 9 7 9 7 8 9 1 8 7 2 4 8 3 5 6
389 2 2 2 5 3 9 3 2 5 8 7 1 5 6 1
505 8 9 7 8 5 6 5 8 5 8 7 7 1 2 4
365 2 1 8 2 5 9 3 3 7 3 8 6 5 7 6
15
452 2 4 3 9 4 8 7 7 5 2 2 3 8 8 8
393 5 2 9 7 9 6 4 8 2 1 3 7 1 9 8
447 6 1 5 8 5 9 8 2 8 5 8 1 6 2 9
342 1 1 7 9 2 5 3 3 5 9 6 5 2 1 2
420 4 4 3 6 5 9 1 3 8 6 5 7 6 6 4
423 7 1 3 6 6 2 8 8 8 2 7 9 3 8 3
506 9 5 3 9 7 4 3 9 5 9 7 1 3 5 4
455 9 9 3 5 6 3 7 5 3 4 2 2 8 6 8
437 5 6 5 5 7 3 5 7 5 4 3 2 9 6 5
379 8 2 8 7 7 2 7 9 8 1 2 3 6 3 2
412 5 6 6 2 4 1 9 1 8 8 6 5 9 5 1
408 1 2 4 3 4 9 6 1 6 8 9 3 7 9 5
509 1 2 8 5 7 5 6 6 9 9 7 8 8 5 9
396 8 4 1 8 1 9 7 1 2 1 1 8 9 5 2
379 7 3 4 7 8 4 6 2 7 5 1 5 7 2 7
15
383 2 4 8 7 2 3 6 4 6 7 9 1 1 4 8
536 1 7 8 9 4 9 3 9 2 9 6 3 6 8 1
413 3 1 9 8 7 6 6 3 7 6 3 3 4 8 8
369 1 1 3 3 6 4 6 7 5 3 7 4 9 3 7
411 4 5 3 7 4 5 2 4 6 4 2 4 6 9 7
495 9 6 1 8 8 7 5 6 4 8 2 6 5 3 8
441 7 7 7 4 1 8 7 5 9 2 1 1 6 7 3
465 2 8 3 4 4 6 9 6 5 7 4 9 5 1 9
436 5 6 8 2 2 9 4 6 5 5 7 4 4 9 3
434 6 8 4 2 8 1 5 9 3 4 7 4 1 9 8
376 9 7 9 2 1 4 1 2 6 6 9 9 4 2 4
402 3 1 4 7 9 3 9 3 1 8 2 1 3 9 8
487 3 4 5 1 8 9 4 7 9 8 5 8 7 9 1
502 4 8 5 6 8 1 9 8 1 7 1 5 8 8 7
408 4 4 7 7 1 8 8 6 3 4 1 1 1 7 3
15
408 9 3 3 6 1 1 6 4 1 4 5 7 9 5 4
385 2 1 8 2 5 6 2 8 2 6 5 8 8 4 7
370 8 1 2 8 2 8 3 5 8 4 2 9 1 4 9
378 5 7 8 2 5 2 7 1 8 5 2 9 7 5 1
409 8 8 5 5 3 2 6 2 7 7 1 5 4 3 8
391 7 2 1 1 7 9 2 3 7 4 9 1 8 9 3
316 2 5 4 1 5 2 8 2 2 9 3 6 2 5 3
469 7 6 3 1 6 5 9 2 1 8 4 5 7 9 6
341 6 6 1 6 7 6 6 1 1 1 3 4 6 5 1
504 3 9 8 7 3 3 9 5 6 9 3 6 6 4 5
505 4 9 7 6 3 9 3 6 3 6 6 9 7 3 6
362 1 5 3 5 2 8 2 3 2 7 2 8 5 1 1
421 4 8 4 2 5 8 3 3 9 8 1 1 8 6 2
375 5 2 4 5 1 1 8 3 6 7 2 5 8 7 2
326 5 1 6 4 9 6 1 3 8 6 2 1 4 3 8
15
428 2 8 4 2 8 1 9 5 9 8 3 8 7 1 2
395 5 5 9 3 8 2 9 3 8 2 3 9 4 8 6
487 5 7 6 4 3 5 4 8 5 4 1 7 8 9 5
453 9 6 8 1 8 5 7 7 9 5 6 7 6 2 1
315 2 3 2 3 8 4 3 9 1 2 3 4 3 5 6
436 6 6 5 7 9 4 4 2 1 9 2 9 4 9 4
503 4 6 3 6 3 8 2 9 6 6 9 8 6 6 7
502 8 4 2 5 9 6 3 9 1 7 5 8 9 5 6
514 1 6 9 6 3 9 7 7 5 9 4 5 5 9 6
291 1 1 4 2 8 1 4 1 4 7 8 8 8 1 3
444 5 3 7 7 4 8 4 4 9 4 4 8 9 3 5
491 9 4 9 5 1 8 6 9 7 5 6 7 6 8 2
393 9 3 2 3 9 9 1 1 5 1 7 4 9 3 6
402 8 1 9 9 5 9 1 7 1 6 4 9 3 3 3
455 8 1 7 7 2 5 9 6 5 8 9 4 3 7 1
15
474 9 4 3 6 8 8 7 4 5 6 7 2 4 8 5
424 1 9 9 1 2 6 2 8 4 9 4 7 5 5 5
463 4 9 7 2 8 9 3 9 4 1 7 7 8 7 2
433 1 9 1 3 9 4 9 3 1 5 4 1 9 6 5
505 8 8 7 8 4 9 8 4 9 9 8 4 3 3 1
365 1 6 1 2 1 4 1 3 5 9 6 1 5 5 4
436 4 6 8 4 8 6 1 3 3 6 5 8 9 6 7
390 8 9 9 7 6 5 6 5 1 2 2 4 3 1 3
390 3 2 9 4 6 8 5 4 6 2 9 5 2 9 6
292 2 1 3 2 1 1 8 1 3 7 7 1 4 9 4
415 6 4 8 4 5 7 5 3 2 7 7 4 1 9 9
467 5 5 3 8 7 3 6 5 9 4 4 8 9 5 2
450 7 2 1 7 5 2 9 8 4 7 1 5 3 8 2
426 6 1 2 2 8 5 5 8 6 5 8 1 6 4 8
386 6 5 7 6 5 3 2 2 6 3 7 9 6 7 7
15
277 4 3 3 5 4 1 7 3 4 5 4 2 2 1 5
486 4 9 5 9 8 7 2 6 5 8 5 6 3 6 6
347 3 2 3 5 5 3 3 9 1 5 2 7 2 5 4
465 7 7 1 5 1 5 6 8 4 4 7 9 9 1 7
397 8 8 5 2 5 7 2 4 3 1 3 8 7 9 4
357 5 1 7 6 6 8 4 2 4 5 8 5 3 4 1
431 6 7 1 2 6 4 1 7 9 8 3 2 6 1 5
400 5 8 2 5 2 1 1 9 5 4 7 4 3 7 4
482 4 3 4 8 3 8 7 6 2 4 9 2 8 9 5
323 6 2 4 1 5 4 4 1 5 4 3 7 8 5 6
538 5 4 9 9 3 9 5 9 7 5 8 4 8 4 5
426 6 8 8 8 4 4 4 3 7 5 5 9 2 9 8
375 1 1 9 7 6 6 6 5 9 1 1 9 7 4 5
434 4 1 9 5 1 5 6 9 4 9 3 3 2 7 5
348 5 2 1 6 9 6 5 3 5 1 2 9 4 5 3
15
355 1 2 5 8 6 3 1 3 8 2 5 8 9 3 8
423 5 1 1 4 7 6 2 8 6 3 3 5 9 7 2
459 3 7 7 5 8 9 8 5 4 3 1 4 8 3 5
410 1 8 2 5 1 5 9 2 8 8 1 9 4 9 1
374 8 3 5 4 8 6 3 3 5 2 2 5 6 3 6
312 8 1 6 6 1 1 5 6 8 5 1 2 2 4 4
410 4 7 6 8 1 3 7 3 7 3 4 3 8 2 3
421 5 1 6 6 4 9 4 8 9 1 7 6 5 1 7
429 9 3 4 4 6 2 2 9 5 7 4 3 5 2 9
433 3 3 6 2 8 2 6 6 9 6 9 3 8 7 8
437 9 2 6 9 6 4 3 5 6 4 7 5 8 5 2
344 8 4 5 6 5 8 1 2 4 3 5 7 4 3 4
433 4 6 5 7 5 2 8 7 3 8 6 5 1 6 4
391 7 6 4 2 2 3 4 1 9 6 8 6 9 2 9
369 9 3 2 4 2 4 9 4 7 1 5 8 4 7 1
15
492 5 3 5 4 7 8 9 5 8 8 2 8 6 5 5
503 3 9 6 8 2 9 8 6 8 1 1 9 7 7 1
477 7 7 5 8 6 2 7 6 8 5 9 9 3 7 4
463 3 1 8 7 4 4 6 5 6 9 1 6 8 5 9
282 2 2 2 2 4 4 3 9 1 6 1 2 1 3 5
455 4 6 9 7 2 4 9 4 7 6 2 1 9 1 8
362 7 5 6 3 1 4 8 1 2 5 3 5 7 3 3
265 2 4 3 1 6 4 1 3 5 3 3 4 4 2 3
408 2 6 6 3 6 6 2 9 8 7 2 1 2 3 9
453 1 8 2 8 4 6 5 8 5 3 9 7 8 2 1
376 5 6 5 2 7 3 6 2 3 7 5 4 5 5 5
408 3 8 5 5 5 3 6 1 8 7 9 7 3 4 2
441 1 5 7 6 2 8 2 4 7 8 4 8 2 7 9
384 1 4 2 5 1 8 3 8 2 3 7 7 3 5 9
324 1 9 4 1 8 2 6 1 7 6 4 6 1 4 4
15
414 7 1 6 9 1 3 6 5 7 6 9 8 4 4 5
349 7 4 1 1 1 2 8 6 1 5 1 3 5 4 3
367 6 2 5 1 7 7 4 2 2 8 5 1 4 2 9
371 3 4 2 1 7 6 2 1 3 6 7 1 8 5 6
423 6 4 7 3 6 5 5 8 9 4 3 3 8 2 8
396 9 4 8 1 6 7 8 6 8 2 1 4 5 1 9
391 9 2 4 7 4 8 4 4 4 3 9 7 1 4 4
458 1 1 1 8 7 3 7 7 6 7 7 9 8 1 6
368 6 3 8 3 8 1 1 8 4 8 4 2 4 4 1
421 1 6 9 5 9 7 3 5 5 3 5 1 7 9 2
374 7 6 7 1 5 1 4 8 2 1 5 4 5 6 6
373 3 3 8 7 8 9 4 1 4 6 7 8 1 3 3
425 2 9 1 4 3 3 4 4 2 7 7 8 9 1 7
504 2 5 1 5 1 8 9 9 8 7 5 4 9 5 6
453 4 2 5 3 6 4 5 4 4 9 7 3 9 8 7
15
389 5 2 1 4 8 3 9 2 4 9 1 8 6 2 8
360 6 2 3 9 2 5 3 3 9 1 7 3 8 1 2
450 1 7 2 7 9 1 8 3 3 9 4 2 8 8 3
462 6 9 6 2 6 5 7 7 8 2 5 2 4 7 5
447 7 6 5 5 4 5 9 3 1 7 5 3 3 5 9
456 7 5 9 3 5 6 1 8 6 9 2 5 7 1 5
482 7 6 9 4 9 3 2 7 9 8 9 5 7 4 7
248 7 4 8 6 4 1 1 1 3 3 3 9 1 2 7
448 9 5 6 5 9 2 3 6 3 6 6 3 6 9 5
363 1 1 2 5 6 4 8 6 1 6 9 4 1 1 7
390 3 9 3 4 9 2 8 2 4 3 9 1 6 6 6
456 1 9 7 8 7 6 9 1 9 3 3 2 8 8 5
441 6 7 5 2 8 3 8 1 2 8 8 3 4 7 8
428 1 4 6 4 9 7 8 5 6 8 1 4 5 2 3
484 4 3 5 4 3 7 7 5 6 9 3 8 7 6 8
15
367 4 5 7 2 7 7 8 7 8 2 2 5 1 1 9
399 6 7 5 4 1 4 9 4 3 3 3 4 6 4 4
447 1 6 6 9 2 3 9 9 6 1 6 6 4 5 7
396 7 1 1 2 6 3 5 7 7 3 3 8 6 9 2
467 6 5 3 5 3 9 5 7 2 1 8 7 9 5 9
232 3 6 3 1 5 3 1 2 5 1 8 6 2 2 2
411 9 7 9 4 9 1 5 7 4 2 6 2 8 6 1
456 3 1 7 8 2 4 2 9 9 7 7 3 9 6 7
373 8 3 3 3 3 7 1 2 1 7 7 6 8 3 9
339 1 3 9 5 9 3 4 2 9 1 2 8 8 3 6
357 7 7 4 5 2 4 4 6 2 2 2 8 1 8 5
350 2 6 6 5 3 1 3 3 2 4 5 5 8 6 2
453 9 7 8 9 5 2 2 3 1 9 8 3 5 4 7
474 6 7 2 8 8 8 9 7 1 5 1 7 2 2 7
448 8 3 3 7 6 5 2 5 3 7 2 2 6 9 9
15
392 4 8 8 1 3 5 7 1 2 6 5 2 6 6 6
598 9 9 5 6 9 8 5 4 8 8 8 9 7 6 9
408 3 3 5 1 9 3 9 7 5 6 7 6 4 6 7
335 1 2 6 4 1 4 4 4 3 4 8 2 7 4 7
370 1 5 8 6 9 4 3 2 3 9 3 4 1 7 3
316 7 5 4 4 3 4 6 2 1 1 5 4 1 5 7
442 1 5 2 6 6 3 8 9 8 5 4 8 3 7 4
426 3 9 2 7 2 4 1 5 9 9 6 2 4 1 7
482 4 1 9 2 6 9 5 8 9 6 1 7 7 6 8
442 7 4 8 5 8 8 9 8 1 1 2 2 5 6 8
459 9 7 5 8 4 8 2 1 9 4 2 2 5 9 6
459 2 9 7 2 4 1 4 9 4 9 7 9 3 4 9
459 9 8 7 3 2 6 7 3 7 6 8 9 7 5 2
397 3 9 7 1 4 3 7 9 2 6 4 3 3 6 2
404 5 1 6 3 2 9 3 8 3 9 7 7 3 3 4
15
451 8 3 7 7 7 4 9 5 6 7 3 1 3 5 2
399 6 5 5 5 1 6 5 2 9 9 9 7 1 4 2
532 8 3 4 7 4 6 7 7 7 8 3 5 9 9 7
371 8 9 5 5 6 3 2 7 7 3 2 3 4 1 2
448 5 8 6 6 5 8 1 7 2 5 2 1 8 2 8
335 8 2 4 7 3 5 4 1 1 5 9 2 5 1 8
361 4 1 3 7 9 3 4 7 1 3 4 9 2 9 9
357 9 1 2 1 5 4 9 2 2 9 8 1 4 3 3
381 2 7 3 4 2 7 8 2 3 3 4 3 6 4 1
371 5 6 3 7 1 1 7 4 3 3 4 8 8 1 5
523 4 4 7 5 3 7 8 7 6 7 8 6 8 9 1
393 3 1 6 2 5 4 9 3 8 5 7 2 7 7 2
470 6 8 4 4 9 1 4 7 8 6 8 5 7 9 2
377 6 5 5 2 4 5 4 6 9 5 2 5 1 4 7
433 4 7 1 7 3 3 4 9 9 7 6 6 3 1 3
15
471 7 4 6 5 9 8 5 3 8 3 9 8 5 5 9
400 5 4 9 2 9 4 7 9 4 4 4 3 6 4 1
492 1 9 5 5 7 4 8 6 3 9 8 2 5 6 5
426 7 3 1 4 5 1 8 9 2 5 8 2 5 7 1
492 8 5 8 7 1 7 8 5 1 7 9 2 5 9 1
417 8 3 9 8 5 7 1 1 3 5 7 5 9 4 9
542 9 4 7 9 1 8 7 9 6 7 2 4 8 6 2
460 3 5 4 7 8 1 8 5 8 6 8 2 9 2 2
424 9 2 6 8 3 5 7 3 7 1 4 8 7 8 5
420 6 5 5 6 3 5 5 6 4 8 1 1 1 6 4
300 5 5 9 4 4 9 5 1 1 2 5 7 2 2 1
449 9 2 4 3 9 4 3 6 7 9 9 7 3 6 5
420 9 9 5 8 5 3 1 1 8 5 5 1 4 7 4
468 6 7 3 2 3 5 5 4 1 8 7 9 5 7 8
482 4 9 8 7 2 1 3 9 1 2 5 8 9 8 7
15
462 8 1 2 4 2 4 9 9 7 2 7 5 6 9 9
411 8 5 5 4 5 1 9 8 5 4 2 1 5 7 6
464 7 1 1 6 7 9 5 8 7 8 1 3 5 3 7
374 5 2 5 8 4 3 1 5 1 9 1 6 2 7 9
403 5 7 3 2 8 4 8 2 4 7 3 8 2 5 4
445 8 3 7 4 4 9 9 8 8 1 9 2 6 4 1
432 2 9 9 7 9 7 2 7 2 3 8 1 2 8 1
446 4 2 5 8 6 1 7 8 5 5 9 9 6 8 6
286 3 5 9 2 6 4 8 3 1 1 5 7 3 2 2
365 4 2 7 6 3 2 4 4 1 4 8 8 8 9 4
429 6 1 1 6 6 8 1 4 7 8 6 4 2 9 6
440 7 2 9 6 5 9 7 6 6 5 3 6 4 4 7
379 6 1 5 4 2 5 7 6 4 4 3 8 8 1 3
390 4 6 8 7 3 4 8 3 5 5 1 3 3 4 5
355 2 2 8 6 5 4 1 3 6 6 7 8 1 6 6
15
367 1 9 3 9 5 2 7 3 6 2 9 2 2 5 8
413 9 5 9 9 9 2 7 3 2 5 3 8 2 3 6
482 5 8 8 5 3 3 6 8 8 7 3 1 6 6 4
446 7 5 2 7 1 4 8 3 5 5 4 7 8 9 6
437 9 5 7 5 3 5 6 2 2 9 8 4 1 6 7
477 5 8 5 5 2 9 9 4 4 2 7 9 4 9 7
371 3 1 1 1 4 9 8 1 8 4 9 7 5 4 9
384 5 7 8 6 9 1 5 1 7 2 9 6 8 4 5
390 8 3 4 5 7 7 3 7 5 3 2 8 2 6 9
418 4 5 8 1 3 3 4 9 6 9 7 9 3 7 3
410 8 6 2 7 4 7 1 1 2 9 6 2 3 5 7
434 9 5 2 2 9 1 1 8 8 8 6 9 6 6 3
383 6 4 5 5 8 1 7 4 3 2 7 7 8 1 4
433 7 5 9 7 9 3 1 5 1 8 6 5 8 3 3
471 6 4 2 8 8 6 9 9 1 1 6 4 7 9 3
15
378 7 4 1 8 3 2 4 9 5 5 5 3 1 3 6
529 6 6 4 7 8 6 9 7 6 6 7 3 8 4 9
418 5 5 5 9 6 3 7 4 2 7 4 5 2 8 5
458 6 7 8 9 2 1 3 7 7 4 6 6 9 2 2
411 5 8 1 4 7 3 7 2 9 4 7 9 3 4 2
392 2 6 3 4 5 8 3 2 6 8 1 2 8 3 5
510 6 5 1 2 9 9 9 6 8 7 9 2 7 8 2
348 4 7 8 1 3 4 6 1 9 5 6 2 2 9 3
360 2 1 1 8 5 9 7 1 7 7 8 2 2 1 8
498 8 7 3 9 7 6 3 4 5 8 4 5 9 2 1
387 9 2 4 9 9 2 2 2 3 5 4 6 8 6 6
425 6 6 6 1 8 4 1 9 2 2 7 6 6 9 7
441 2 6 8 4 8 8 9 5 2 6 1 3 1 9 9
463 4 9 8 1 9 7 4 8 8 1 8 9 5 3 8
423 8 7 4 8 6 8 3 4 8 1 5 2 3 9 4
15
393 4 4 7 4 5 6 2 7 1 3 7 7 5 7 7
334 1 5 5 1 2 5 1 7 8 3 5 9 2 4 2
403 1 6 1 4 7 7 6 5 5 2 7 9 6 2 7
491 6 8 5 4 6 9 9 4 1 9 5 6 4 5 3
485 8 5 3 4 6 8 3 7 7 9 3 7 6 4 2
322 9 7 5 2 3 1 7 1 4 4 1 1 4 2 8
484 7 7 8 8 1 4 4 8 7 7 1 9 5 2 7
400 7 9 2 8 1 2 6 3 4 3 8 2 3 4 7
412 9 3 4 6 2 4 6 6 6 6 5 6 7 2 4
455 3 4 6 9 6 7 9 1 5 9 5 6 2 6 4
424 3 5 4 6 5 4 8 5 9 6 4 8 2 4 9
359 9 5 8 5 5 3 6 3 3 1 7 4 3 4 3
342 6 8 1 3 8 2 5 3 6 2 2 4 6 3 6
359 1 1 7 8 1 5 7 7 2 4 7 2 5 2 7
361 1 2 3 3 3 1 8 7 9 7 2 8 6 1 6
15
514 1 9 5 6 1 9 4 8 4 6 2 3 8 8 5
512 9 8 8 9 7 4 4 9 7 2 5 2 7 6 6
419 5 4 8 7 2 3 2 2 7 8 5 3 8 9 7
445 6 2 8 7 2 9 2 8 7 4 2 9 8 4 2
426 6 2 1 9 1 1 1 7 9 7 6 2 9 4 4
337 9 5 4 1 3 2 6 1 1 4 7 6 9 1 3
383 8 4 2 4 6 1 1 7 9 2 9 7 5 6 7
430 9 9 4 3 8 1 4 2 9 7 8 4 4 8 4
426 3 6 5 8 3 9 5 2 1 9 9 9 1 1 6
432 8 5 5 8 5 5 6 4 5 5 5 9 2 9 1
457 5 8 3 2 2 3 3 9 9 9 9 8 5 2 8
486 4 3 3 9 9 8 8 6 7 7 3 9 6 2 3
427 1 3 5 7 7 4 4 5 1 7 7 8 7 9 7
413 2 8 2 6 7 2 3 3 9 5 5 7 6 7 6
378 4 5 4 8 1 6 6 7 3 3 5 5 2 4 1
15
407 9 3 1 3 7 3 2 7 3 9 9 4 1 6 9
479 6 9 6 7 4 4 3 6 8 8 4 6 5 6 3
443 5 8 2 7 2 4 5 4 5 8 2 2 6 2 8
457 6 1 6 7 7 1 4 9 6 9 7 7 7 6 1
371 2 9 6 1 4 1 7 2 1 2 8 8 9 6 5
349 3 1 9 2 2 8 2 8 1 7 5 5 1 9 2
356 1 3 5 3 2 1 6 4 6 7 2 4 6 4 4
358 3 3 2 4 6 2 7 8 9 2 5 9 2 6 6
428 6 5 8 8 1 6 2 7 4 6 4 6 3 6 7
441 8 6 4 9 2 5 2 9 5 2 5 1 4 7 3
226 1 4 3 6 6 1 1 1 5 2 1 9 3 4 1
390 4 6 4 8 9 4 5 6 1 6 4 1 1 2 6
449 5 3 6 9 9 4 6 7 4 7 9 4 4 2 7
398 6 6 7 7 3 1 8 7 2 5 9 5 4 2 1
287 1 1 2 4 3 4 6 5 1 3 1 6 4 2 7
15
344 6 2 2 6 7 1 8 1 6 3 2 8 9 4 3
523 8 7 1 9 9 6 5 7 5 9 9 3 2 7 6
418 3 4 8 8 2 4 5 6 3 1 9 1 9 8 5
384 8 7 6 4 1 3 1 6 4 6 4 2 1 5 6
435 6 2 5 8 8 8 2 9 8 6 9 2 3 3 3
389 4 4 6 6 2 3 3 4 8 5 8 8 3 5 5
300 6 3 8 2 8 2 5 3 5 1 8 6 1 1 9
492 9 2 8 7 7 9 2 2 1 8 6 9 8 9 5
401 2 7 9 6 4 7 8 8 2 3 3 5 1 4 3
497 7 6 7 6 8 9 2 2 2 9 4 6 9 5 6
362 1 2 2 7 8 8 1 3 8 7 4 1 6 4 1
378 1 2 3 2 7 4 4 2 5 4 8 3 9 8 6
488 8 7 9 6 9 7 7 4 4 6 8 7 7 5 2
454 9 6 1 3 2 8 3 7 8 9 6 3 4 1 9
444 9 4 3 2 7 4 5 6 4 3 8 3 7 9 3
15
538 8 7 8 4 6 9 3 5 1 8 7 5 8 6 9
395 7 7 6 3 1 3 3 4 6 7 4 7 7 1 6
516 3 8 8 6 3 6 9 9 5 7 6 8 5 7 3
422 5 7 7 4 5 6 1 7 9 3 3 8 9 1 6
435 5 8 3 8 6 8 7 9 7 1 9 1 2 1 2
541 9 9 7 7 3 7 4 5 4 6 6 5 9 6 6
328 2 4 7 5 1 1 2 1 9 8 3 8 9 1 2
375 9 6 4 5 4 7 3 8 1 2 6 6 2 1 2
385 2 2 4 6 3 1 6 5 3 9 5 9 8 2 1
445 8 9 2 1 3 3 3 6 7 8 8 4 3 2 8
490 2 6 5 1 8 2 8 9 3 9 2 6 8 9 5
389 4 7 3 4 2 5 3 9 4 4 1 6 7 3 3
327 1 5 9 4 7 6 3 8 7 1 2 6 1 3 8
402 8 6 2 4 7 3 5 7 1 2 1 6 6 7 3
393 3 4 2 5 4 8 3 7 6 1 8 5 5 2 9
15
354 1 3 4 5 3 6 4 1 1 7 8 3 5 3 5
458 9 6 1 3 3 5 8 1 8 4 7 4 6 9 7
389 9 4 5 7 6 1 6 2 8 2 2 7 7 9 1
527 1 9 5 8 7 4 8 7 7 6 8 6 7 7 2
389 4 3 9 4 2 9 2 1 8 5 8 2 8 8 4
419 7 5 5 3 2 8 6 4 3 7 8 2 2 3 5
373 7 7 9 1 2 7 5 8 6 2 2 5 3 1 4
397 4 5 1 5 5 4 5 9 3 5 2 9 3 8 2
494 9 9 1 4 5 5 6 9 8 4 1 1 8 4 3
375 1 4 2 4 3 8 7 2 4 7 3 1 5 1 8
430 8 7 9 3 4 3 9 5 7 8 1 3 2 3 2
531 7 8 1 4 3 8 9 7 8 7 8 8 1 9 7
475 7 4 3 9 4 4 8 1 2 9 5 6 9 3 9
421 1 5 2 9 9 8 6 2 1 5 5 2 8 1 6
308 2 2 2 1 1 3 6 7 3 6 5 3 1 1 5
15
450 1 6 8 1 7 9 3 6 7 5 8 2 8 7 1
328 8 4 3 1 7 5 7 2 7 1 1 4 1 9 8
379 6 2 4 6 4 5 1 3 7 3 1 2 9 5 7
398 6 8 4 7 1 8 3 4 2 2 4 6 4 8 5
320 2 8 8 3 7 4 2 5 1 5 4 9 1 2 1
329 2 1 8 5 2 5 5 2 8 4 9 8 2 5 6
369 1 5 6 3 6 2 4 9 5 3 7 7 7 1 1
424 5 5 7 8 3 4 5 5 1 3 2 3 7 7 7
473 5 9 1 7 6 4 8 9 3 3 9 8 2 8 3
394 6 2 6 2 6 1 4 1 7 6 8 8 6 9 8
447 5 4 3 7 9 4 2 8 2 5 9 5 6 1 7
352 2 9 5 2 2 1 2 4 6 3 3 3 7 4 5
328 3 1 8 9 6 1 7 2 5 6 4 4 1 4 3
314 5 5 1 3 6 2 7 5 3 1 8 3 3 7 1
392 6 6 3 3 8 2 1 5 6 6 3 3 5 9 6
15
430 4 5 3 6 7 7 1 7 9 4 4 4 8 3 7
488 2 9 5 5 6 9 3 7 2 7 6 1 8 1 8
532 6 7 8 4 5 9 9 7 8 5 4 3 6 9 5
381 5 6 4 4 1 1 5 3 6 8 2 2 9 1 5
409 1 4 4 9 6 1 8 3 9 7 2 5 2 9 9
381 5 9 2 8 8 6 3 2 4 4 3 3 3 1 3
439 3 6 9 5 3 8 9 9 4 1 3 8 2 3 7
415 6 6 5 9 4 2 6 7 7 3 1 3 6 4 7
350 3 1 2 6 2 9 7 1 3 4 9 9 4 4 6
312 1 4 9 7 6 1 4 3 1 5 9 1 5 2 2
429 9 2 4 5 3 4 5 9 9 3 3 8 5 5 4
432 2 7 7 5 5 4 7 7 7 7 6 1 1 7 3
485 7 4 2 3 8 9 6 9 4 4 2 8 6 9 7
371 5 4 1 5 1 7 5 1 3 9 6 9 2 5 3
418 9 8 6 3 7 6 9 3 5 1 4 3 8 2 7
15
465 7 2 9 9 8 9 1 7 2 7 5 5 3 8 7
391 1 8 4 7 3 2 3 8 9 2 3 1 4 5 2
375 7 5 1 4 3 3 3 6 3 2 3 8 7 4 6
404 7 1 7 8 6 5 3 1 7 9 1 9 1 9 2
308 5 8 1 1 1 3 5 8 1 1 3 6 1 1 9
392 6 6 7 7 1 4 7 6 1 3 4 7 4 4 5
428 8 3 1 9 2 3 6 8 6 3 4 9 6 5 2
438 2 3 5 5 7 9 7 6 6 6 3 4 5 2 6
314 6 1 1 4 7 3 2 2 1 3 1 5 8 5 3
465 8 5 9 2 5 1 6 6 6 7 8 3 7 8 7
379 2 4 2 8 5 8 1 5 3 7 9 8 2 3 1
422 5 9 3 1 5 7 9 5 4 3 2 9 3 7 3
444 2 7 6 5 6 6 7 3 8 5 4 2 9 7 2
420 4 6 8 9 8 2 9 8 7 2 1 6 3 2 1
341 7 2 4 5 7 9 1 1 4 4 8 3 1 9 3
15
450 6 8 8 7 3 4 5 4 1 8 8 1 5 3 7
413 3 4 9 7 9 1 7 8 4 1 9 9 4 5 9
441 5 5 5 7 8 1 8 4 2 8 4 6 4 5 5
326 5 4 5 9 8 5 9 1 8 3 2 5 1 1 1
388 1 9 5 6 6 3 2 3 8 1 9 6 4 8 7
289 3 5 8 8 6 1 4 1 8 6 2 4 1 2 1
330 1 5 9 9 5 1 1 3 1 1 2 5 9 9 3
417 8 1 5 7 8 1 5 4 8 6 7 4 3 6 8
351 1 6 5 4 6 7 2 1 8 2 3 5 7 7 2
460 6 7 1 9 3 3 4 9 3 6 4 5 1 8 8
375 1 5 2 6 6 3 1 1 5 8 2 8 9 1 9
436 5 9 3 9 5 6 7 2 1 2 1 4 6 6 6
471 5 7 5 6 3 4 3 7 7 6 3 1 6 9 3
354 1 9 1 8 5 1 6 4 5 7 2 5 3 2 1
394 3 9 5 1 5 6 2 5 5 3 2 6 8 8 4
15
274 1 5 3 5 6 2 3 4 1 2 2 2 5 5 3
445 6 8 9 9 5 5 8 9 3 1 1 1 5 6 5
375 9 5 2 7 6 3 7 4 1 4 1 7 1 4 1
424 8 8 3 7 4 4 1 7 8 5 5 2 3 4 8
377 3 1 3 3 4 8 9 5 2 4 6 9 3 5 4
345 2 2 7 5 4 3 8 1 9 2 6 6 5 5 7
363 1 3 7 5 9 5 7 3 9 3 5 7 6 2 2
409 9 7 6 7 8 6 5 2 3 2 3 5 3 5 7
422 9 4 4 4 4 2 3 8 4 5 8 6 2 7 9
456 5 6 8 6 1 9 1 2 3 7 1 1 8 9 9
432 2 1 7 9 7 6 7 7 1 7 5 3 4 7 4
363 5 8 5 2 4 2 3 5 7 1 4 7 8 3 1
389 9 4 8 1 6 8 1 9 6 5 8 7 2 2 1
432 5 7 1 1 2 8 9 7 2 4 7 7 4 6 7
455 7 4 5 8 5 6 5 1 9 9 1 6 4 8 8
15
454 8 1 3 7 1 7 3 8 2 8 9 7 6 3 4
434 5 3 2 1 1 3 6 8 4 7 4 5 9 7 5
485 7 5 2 5 7 2 6 9 2 9 9 1 9 3 5
415 9 1 2 9 7 4 1 3 5 7 5 4 8 3 8
537 9 9 6 7 9 4 8 7 5 7 1 6 7 5 1
467 2 8 6 5 2 6 2 7 3 6 9 2 8 2 8
391 2 7 3 1 1 9 6 4 6 4 5 9 1 9 3
373 9 9 9 3 2 3 4 2 4 4 7 8 4 4 6
343 2 4 5 5 2 1 2 8 1 4 6 2 8 1 7
425 1 9 4 4 4 4 6 6 9 8 7 5 3 3 3
495 6 8 7 7 3 7 9 5 8 2 5 2 9 4 9
421 5 9 1 3 4 1 4 9 2 2 5 3 9 2 7
487 1 5 8 4 9 8 7 4 5 8 3 2 9 7 4
334 1 4 7 3 7 1 6 1 9 4 5 5 4 9 6
388 5 2 8 3 6 9 1 4 9 6 7 5 4 8 1
15
309 9 6 5 9 1 2 1 2 3 2 4 9 1 5 5
404 6 1 7 9 6 4 2 7 4 7 5 2 6 7 2
314 7 1 6 1 4 2 4 5 3 6 2 5 4 3 8
444 1 1 3 6 7 5 5 9 8 7 2 3 2 8 9
412 1 1 7 4 4 3 8 7 6 7 4 3 4 8 8
395 9 7 2 7 3 4 4 7 3 6 2 3 2 4 4
363 3 5 6 3 9 1 5 2 9 6 3 8 5 4 5
368 1 7 6 4 7 4 9 2 4 5 1 7 4 1 9
372 9 1 1 4 7 7 4 1 8 1 5 8 6 8 6
383 8 7 2 3 8 1 9 4 1 2 3 5 6 3 6
478 8 8 1 4 1 9 2 5 5 6 7 7 6 4 7
329 2 8 4 3 9 7 3 1 5 1 2 6 5 5 7
426 7 4 5 2 1 7 3 6 4 8 5 1 3 5 9
428 5 9 7 6 2 2 2 6 8 1 3 4 8 9 7
403 3 1 7 3 9 3 7 2 4 5 5 9 9 7 3
15
375 4 4 2 4 9 7 3 3 6 4 2 3 5 3 9
455 9 4 5 8 3 9 6 3 1 4 4 7 9 7 2
347 2 3 6 3 5 3 4 8 6 1 6 1 5 8 6
379 7 7 1 4 1 2 8 4 4 4 1 7 2 2 9
298 2 1 7 4 6 1 1 6 8 4 3 4 1 8 9
332 2 2 1 6 8 5 1 4 7 8 4 9 2 1 6
475 5 2 7 9 4 9 9 8 2 4 8 2 2 8 4
501 9 4 9 6 7 2 6 5 8 3 8 7 9 9 7
421 1 9 7 3 4 1 7 5 6 8 2 1 4 8 7
256 1 2 8 2 3 3 5 4 5 1 2 8 7 2 1
336 8 2 7 6 4 2 7 4 1 2 5 2 3 7 4
529 3 7 9 8 6 8 5 9 2 6 6 9 7 7 7
337 5 3 2 4 4 4 4 4 9 9 2 4 1 4 1
392 7 3 5 8 3 2 3 9 6 3 5 9 5 3 1
436 6 2 2 7 1 5 8 4 4 2 8 5 8 9 8
15
414 6 3 2 8 1 4 4 2 5 9 4 4 6 8 1
438 6 4 5 4 7 2 6 7 6 7 2 9 5 7 5
414 9 6 6 1 7 4 1 8 6 7 1 9 1 9 4
367 6 3 9 5 4 1 4 5 5 4 9 9 3 7 4
480 7 8 2 8 2 9 5 1 4 6 6 8 7 3 3
500 3 8 9 8 7 8 6 4 3 9 2 5 4 5 6
506 8 2 7 4 9 8 2 8 2 8 9 1 7 8 2
340 7 5 1 4 8 7 4 7 1 1 1 3 1 3 4
443 4 7 3 5 7 3 5 9 2 9 5 5 2 3 5
445 9 7 2 2 7 9 4 6 6 6 1 9 2 3 4
451 8 7 8 6 2 6 4 3 4 5 9 4 5 4 7
373 2 2 1 9 8 7 4 6 8 3 6 5 2 4 1
405 3 6 5 8 4 3 7 5 6 5 5 1 6 3 7
380 2 8 7 1 5 6 7 1 4 6 1 8 5 3 1
392 4 3 6 1 2 5 8 6 5 4 9 8 9 1 2
15
309 4 1 2 4 2 5 2 3 6 2 9 1 3 6 5
292 6 1 1 1 3 2 3 6 3 8 2 3 4 2 2
487 4 6 7 7 3 7 6 8 5 5 8 3 8 4 7
434 6 4 7 4 4 3 3 8 5 6 7 9 7 4 7
283 1 1 3 7 2 6 2 1 2 8 6 8 1 2 2
435 5 7 1 6 5 6 4 5 5 2 2 7 8 7 9
385 9 6 2 1 2 9 4 2 4 3 3 8 4 4 5
373 6 1 3 4 1 4 7 3 1 6 4 2 8 4 7
461 6 9 9 1 8 7 3 9 6 2 7 5 4 9 8
317 1 2 5 7 8 4 9 4 8 3 4 2 2 1 3
394 2 6 4 4 1 9 5 3 5 8 4 6 4 2 6
466 1 5 4 2 2 3 9 8 5 9 6 4 9 5 6
419 8 5 1 1 1 9 4 5 4 6 3 7 6 8 6
342 1 5 7 2 8 1 5 3 3 5 4 4 5 5 3
366 8 7 4 4 2 1 9 2 8 4 2 2 5 5 6
15
364 3 6 2 2 2 3 7 1 4 7 1 7 9 4 3
451 8 6 7 8 7 1 8 6 8 2 9 1 8 3 3
404 2 2 6 4 5 2 9 8 4 8 8 7 1 8 4
412 7 1 5 7 2 9 1 3 8 4 3 9 7 5 3
468 9 3 6 8 4 3 7 8 1 5 6 4 6 5 4
368 6 6 3 9 8 3 2 2 2 5 8 3 2 4 4
424 8 3 7 7 1 7 9 6 9 4 1 7 2 9 2
463 4 8 4 5 1 9 8 8 9 5 2 4 2 7 1
355 3 8 9 2 3 6 2 2 1 9 1 9 3 3 2
439 7 8 9 5 7 3 9 2 6 5 4 5 3 9 4
379 9 8 9 1 7 4 2 5 3 2 3 5 7 3 4
464 3 9 2 2 6 3 2 8 9 8 7 4 9 4 2
401 3 5 3 4 2 5 6 4 1 2 5 3 9 7 8
452 8 3 7 1 8 9 5 9 5 6 8 2 5 2 9
473 5 4 4 7 4 7 9 4 9 6 6 9 1 8 8
15
443 5 7 8 5 7 1 8 3 5 9 7 5 6 1 1
396 1 8 6 4 9 4 4 5 2 6 6 3 4 3 7
372 3 1 8 4 1 4 2 5 4 7 4 3 6 8 9
460 9 4 3 4 4 4 9 8 4 5 5 1 5 9 1
434 1 9 2 8 3 3 4 7 1 3 6 7 6 4 6
367 2 5 1 1 5 3 5 9 7 3 2 6 6 2 9
374 6 7 7 5 3 4 1 5 2 3 8 4 8 3 2
354 4 4 6 2 1 7 3 9 6 6 8 1 1 1 5
403 4 6 7 9 8 1 1 7 2 9 5 2 3 3 4
310 1 3 3 2 3 1 9 7 1 3 3 1 5 3 7
499 4 4 7 9 9 8 2 8 7 7 5 8 6 3 4
470 2 3 2 1 6 7 6 9 6 5 8 4 7 8 8
468 8 9 5 9 3 4 9 1 1 9 4 3 4 2 4
406 7 2 1 5 8 2 2 2 8 7 9 2 6 9 8
370 4 4 7 1 7 5 3 9 8 1 3 5 7 2 5
15
299 1 4 9 2 4 1 7 6 1 2 6 4 2 1 6
377 8 5 7 4 1 8 1 5 9 3 1 4 8 1 2
388 7 1 6 1 8 6 3 7 7 6 2 3 5 6 9
430 5 4 6 1 5 6 9 5 8 8 7 4 5 3 1
450 6 2 7 6 4 1 7 9 7 9 5 1 1 9 5
371 1 1 5 5 6 5 4 5 6 6 1 4 8 7 3
348 4 5 9 1 5 9 5 3 4 2 3 6 3 2 4
431 2 8 5 8 4 3 2 3 6 3 6 6 8 6 7
443 2 6 4 7 1 8 1 9 9 5 2 1 6 3 5
405 9 8 2 4 3 2 1 6 8 9 1 1 2 3 3
236 3 1 4 1 6 6 4 4 6 1 4 1 2 3 2
477 4 4 9 5 7 9 8 6 6 1 1 9 9 9 5
431 3 7 8 1 7 7 5 7 6 2 9 5 6 6 4
556 4 9 3 7 2 9 9 6 2 6 7 8 9 7 6
417 2 8 8 9 5 7 4 1 1 8 9 2 4 6 2
15
432 5 2 1 7 4 5 7 8 1 6 5 7 3 6 8
383 7 7 1 7 7 1 1 1 2 7 4 8 9 2 4
465 3 5 7 6 7 3 3 5 3 9 6 9 9 4 4
422 2 4 1 9 6 6 5 2 6 5 3 7 4 8 7
367 1 4 6 5 2 9 7 1 3 2 2 7 7 3 8
380 8 1 1 5 8 8 4 4 8 2 3 2 7 5 2
550 5 8 2 1 7 9 2 9 4 9 3 6 8 8 5
411 6 2 5 4 7 7 5 7 9 6 2 5 4 2 2
538 7 8 8 6 5 6 3 5 9 4 8 9 9 7 8
466 7 8 1 9 6 1 3 8 4 7 6 6 4 9 4
411 9 5 1 4 6 6 5 6 1 2 4 9 7 1 2
394 5 3 2 1 3 6 8 9 4 4 3 5 2 9 8
450 3 4 3 9 4 6 9 9 1 2 6 8 5 3 3
484 8 8 1 9 6 1 3 9 6 9 8 2 3 3 2
342 8 2 2 4 8 3 2 5 9 4 8 9 2 2 1
15
512 2 1 7 6 9 9 9 6 1 9 2 8 6 8 9
369 5 2 4 4 1 4 5 4 9 7 2 6 5 4 9
359 7 9 4 3 3 4 2 5 3 3 8 8 2 6 3
449 4 8 6 9 8 7 1 7 3 6 3 8 1 8 5
513 5 9 9 6 1 9 1 8 8 7 1 8 8 9 1
463 6 7 4 8 9 8 5 5 6 8 2 1 3 3 7
390 2 8 4 3 3 5 2 7 7 5 7 1 1 8 7
371 8 8 4 2 3 4 6 6 3 2 2 7 1 8 4
348 4 5 4 1 2 4 2 7 2 3 3 1 7 6 7
418 3 8 6 8 8 6 4 8 9 3 1 2 1 1 4
431 2 5 2 9 7 4 7 7 1 4 4 8 1 8 8
373 4 9 4 7 7 3 1 4 2 4 4 1 7 4 3
438 2 9 8 9 7 3 7 8 4 5 6 5 1 2 2
534 6 8 8 6 5 9 7 4 9 9 2 5 7 1 8
401 5 4 5 2 2 6 8 4 9 3 5 5 6 5 2
15
451 3 5 5 7 3 3 3 9 8 5 4 4 8 5 1
365 7 2 1 6 1 8 6 2 4 3 4 7 4 7 2
483 8 9 6 1 9 8 4 8 5 2 8 4 7 6 6
340 6 4 6 2 1 6 8 3 1 7 4 7 2 2 2
405 7 7 5 5 2 9 5 2 7 2 8 3 3 2 8
427 6 4 3 5 9 6 1 7 7 8 1 8 3 1 6
310 4 2 7 9 2 1 7 7 1 1 1 8 2 4 3
487 2 8 7 8 9 7 8 8 2 3 5 6 3 4 8
337 1 5 3 7 2 5 8 2 2 4 8 1 5 1 7
393 6 3 2 9 3 5 3 1 6 9 2 3 2 8 9
309 2 6 5 2 1 6 3 5 8 2 3 7 2 4 3
397 7 2 7 4 4 9 8 1 2 7 8 5 4 7 1
307 5 2 3 1 7 5 2 3 5 5 3 5 3 8 5
344 9 4 3 1 2 5 6 5 1 5 1 4 3 7 2
345 4 1 6 9 8 2 9 1 1 2 5 5 9 4 4
15
388 2 5 2 7 7 2 1 6 2 3 6 2 9 9 4
413 5 7 4 6 4 2 5 8 3 9 1 6 3 2 3
470 7 6 2 4 6 5 4 8 9 7 2 2 6 5 9
341 1 2 9 2 8 2 9 4 6 3 6 3 6 9 1
459 8 4 5 8 6 8 6 5 5 9 7 5 3 1 2
479 9 3 9 6 3 6 8 3 6 9 2 8 4 9 5
416 8 6 9 5 3 9 1 6 5 1 7 6 8 5 3
435 8 5 2 4 5 1 5 4 5 8 9 1 7 3 9
395 8 6 4 8 7 3 4 5 6 2 8 3 1 5 9
434 7 6 1 1 4 3 4 1 1 9 8 3 7 8 9
448 4 2 5 5 8 5 9 6 8 4 2 5 6 5 9
455 9 1 4 5 8 3 9 9 3 3 4 2 9 9 6
326 2 4 8 7 7 4 1 5 1 4 1 4 2 7 8
338 2 1 1 4 8 6 3 3 5 9 5 2 1 7 4
403 7 9 5 3 6 8 4 6 2 1 9 2 2 4 8
15
404 6 7 3 8 6 5 5 1 7 7 9 1 3 4 4
383 3 5 1 2 7 9 1 6 9 8 3 1 4 1 6
507 9 2 8 9 2 4 9 6 3 7 7 9 4 8 8
495 5 8 8 7 7 6 2 6 9 3 4 8 6 8 5
335 7 4 7 1 2 5 7 5 2 3 1 1 6 4 3
407 5 6 3 6 1 7 7 1 4 8 9 7 2 4 4
520 9 4 5 1 4 9 5 8 8 7 7 9 7 2 9
382 6 4 6 1 2 2 8 2 9 6 5 8 5 9 7
482 5 8 9 5 2 2 9 4 4 8 1 6 9 7 9
504 2 8 7 3 1 3 8 9 8 9 7 2 9 8 3
420 4 5 7 3 1 5 7 6 8 6 7 4 6 4 2
440 2 9 5 5 8 5 9 1 5 7 3 8 7 1 4
458 6 5 6 4 2 9 7 6 9 4 4 8 6 3 3
452 3 7 6 5 1 7 1 8 7 8 1 8 4 9 4
384 9 1 8 9 6 2 4 7 5 2 5 9 1 5 7
15
387 1 3 5 5 4 7 7 2 9 8 7 3 2 6 8
346 4 1 6 4 7 2 5 5 6 9 3 2 4 3 2
414 2 2 1 3 9 5 8 6 7 4 6 4 9 6 3
390 2 6 4 7 6 1 2 3 3 8 8 8 6 6 3
483 9 7 4 7 2 8 9 8 9 2 2 1 3 9 8
443 4 8 6 7 2 5 7 4 5 2 8 7 7 7 1
412 9 4 9 5 8 1 7 5 4 2 3 8 8 7 4
435 5 8 8 4 7 4 2 9 7 6 5 2 1 4 6
517 9 6 6 9 5 3 8 5 8 6 5 9 3 8 8
428 7 1 6 3 5 8 3 5 7 6 8 8 7 5 3
440 1 9 2 1 1 5 4 4 7 7 6 6 7 7 7
469 9 1 9 7 2 6 2 8 9 7 8 1 7 1 8
409 3 4 5 3 9 9 6 6 7 4 6 5 5 2 6
459 7 3 3 9 2 7 8 5 9 9 2 4 2 4 7
411 5 2 3 3 2 2 4 6 7 7 6 4 7 8 4
15
339 4 3 6 7 4 2 4 6 5 2 1 9 6 2 1
444 9 4 6 2 3 3 9 6 4 6 8 8 4 1 8
384 8 9 9 7 5 6 2 2 1 3 8 1 3 5 7
478 7 8 9 6 5 4 8 5 5 2 1 5 9 9 3
510 9 7 3 9 8 5 3 9 7 7 9 1 5 3 7
434 6 5 2 7 4 5 3 4 6 3 6 7 5 8 6
295 4 2 2 3 2 6 2 1 7 2 9 5 4 1 7
407 1 7 9 6 2 3 6 4 1 5 9 5 5 9 1
425 3 2 1 6 3 7 9 1 7 9 1 4 5 9 3
386 7 7 9 1 3 3 1 9 8 2 5 2 6 5 6
486 2 9 5 4 7 7 7 3 7 8 7 2 9 4 4
437 2 2 9 2 4 7 5 8 2 7 4 8 8 4 9
434 2 4 6 7 9 9 8 5 2 6 5 2 3 1 6
457 8 5 2 6 9 1 3 4 5 7 9 5 3 9 9
540 4 8 6 9 4 8 6 8 3 7 4 3 5 8 6
15
418 1 2 7 3 5 5 7 4 8 9 6 2 6 3 5
481 3 6 4 9 3 8 1 8 1 8 8 6 7 4 1
419 7 3 8 2 5 9 1 7 8 5 7 9 1 6 1
446 3 7 5 1 8 9 3 5 2 9 4 3 4 5 8
425 9 6 8 6 3 2 9 6 5 5 1 4 7 2 2
299 1 5 5 1 7 6 6 4 8 2 4 7 1 2 3
413 3 6 2 9 9 3 8 7 5 3 2 2 7 1 7
390 1 2 5 5 8 3 8 6 1 2 5 3 7 6 7
319 4 3 5 2 7 5 2 9 4 3 1 4 3 3 1
323 5 3 6 5 1 2 4 7 2 2 2 6 6 3 9
422 5 1 1 5 8 3 9 7 4 3 2 8 9 1 7
338 5 2 3 7 9 9 2 2 7 4 1 4 2 5 2
452 4 6 7 8 3 5 5 9 5 1 7 5 8 6 4
526 6 9 9 4 9 9 4 7 8 8 6 7 2 1 8
394 5 1 1 7 6 2 9 3 2 4 8 7 7 4 8
15
353 7 2 2 2 3 2 1 6 7 8 2 8 1 6 9
481 5 4 9 4 9 8 3 6 4 6 8 5 9 5 2
459 1 9 5 6 6 3 8 7 6 8 1 4 4 2 7
509 7 3 8 2 9 8 8 9 7 2 7 4 8 8 6
401 4 4 8 7 2 3 2 6 9 5 2 3 7 5 7
504 8 3 8 8 7 7 3 3 5 9 4 8 6 7 6
435 2 3 2 7 8 7 2 6 3 9 2 3 4 7 2
515 4 2 4 9 9 7 9 7 6 2 7 4 9 6 7
529 7 9 5 2 1 8 9 8 4 9 2 9 6 5 3
441 6 9 4 5 8 1 7 9 1 2 7 2 7 2 9
321 1 6 9 8 3 7 2 4 1 1 1 9 1 6 5
426 4 3 5 3 4 9 3 4 3 9 7 3 5 6 3
437 5 7 1 1 3 2 7 8 6 5 9 1 4 8 6
415 7 2 2 1 9 5 3 7 5 4 6 9 8 4 4
378 9 1 1 3 3 6 6 4 2 9 1 1 4 3 5
15
411 2 1 3 2 7 7 7 5 2 9 4 3 2 7 9
382 2 1 6 3 9 4 9 6 5 1 7 8 6 1 7
459 7 8 7 4 4 5 1 1 8 9 8 9 7 4 1
314 3 6 2 3 6 1 3 3 5 5 8 7 3 4 5
460 8 4 9 7 7 4 7 8 6 2 8 2 7 4 4
383 2 4 3 4 4 6 8 6 9 4 7 2 2 3 1
418 9 2 1 2 3 2 7 8 4 4 3 4 6 5 9
373 3 3 3 6 2 2 3 7 5 6 1 9 7 1 2
360 6 9 6 2 8 1 3 3 9 3 6 2 7 1 4
322 6 2 3 1 1 9 8 4 8 1 5 5 5 1 3
339 3 6 9 7 4 3 7 1 1 7 1 2 1 5 1
380 4 3 2 9 9 1 1 7 6 3 7 4 3 5 9
315 2 3 6 6 9 6 2 1 7 1 5 7 3 6 7
409 3 7 3 2 1 5 8 8 3 1 5 2 3 9 5
367 3 3 1 1 4 1 7 7 3 3 2 4 8 6 8
15
343 9 6 2 6 4 3 8 2 6 1 4 2 1 5 3
570 7 1 5 8 8 5 9 9 8 9 6 9 6 9 2
384 3 8 1 9 5 2 9 3 1 7 1 3 3 1 5
325 4 4 1 5 3 6 7 1 9 3 6 3 3 2 7
428 5 3 3 8 6 8 9 9 4 1 4 4 6 1 4
455 4 4 4 9 9 8 5 1 9 3 7 4 6 7 9
416 5 9 1 1 9 5 1 2 9 8 4 6 5 9 2
409 7 7 7 6 1 9 9 1 3 2 7 3 2 3 8
424 6 7 8 3 4 8 5 4 2 3 6 7 8 4 7
430 1 8 2 6 3 5 4 4 4 7 3 6 7 7 2
363 8 2 5 4 4 3 4 3 8 1 9 8 6 4 8
293 8 3 9 1 1 6 2 3 7 3 5 1 1 1 4
476 9 1 3 2 8 5 8 7 9 6 8 9 6 7 1
437 6 7 9 1 7 8 1 5 8 4 9 7 4 5 6
386 4 2 2 9 1 1 3 5 6 7 3 2 7 9 2
15
327 7 1 7 8 8 7 8 2 1 1 5 8 1 3 1
531 2 8 2 9 6 6 6 6 7 8 4 2 9 7 8
401 6 2 9 8 9 3 5 6 7 4 4 1 6 1 6
414 4 4 4 7 6 1 6 4 6 7 5 3 4 8 6
470 5 7 6 4 4 9 3 6 1 9 3 5 7 8 3
490 2 6 9 9 8 6 2 5 4 5 3 5 9 8 7
428 5 8 9 1 3 1 3 9 3 6 2 9 9 3 4
404 5 6 4 2 5 4 6 8 3 2 2 6 8 6 4
396 5 6 1 1 1 3 8 8 6 7 1 4 4 5 6
488 9 7 5 5 9 8 9 9 1 1 4 8 3 7 5
355 7 1 2 3 2 3 3 9 2 6 5 3 3 3 1
431 4 7 6 1 4 8 4 3 1 4 9 6 7 6 9
436 2 9 5 9 8 8 8 2 4 9 3 4 1 2 1
414 5 8 9 7 7 3 3 3 2 5 5 6 9 3 5
273 1 4 1 3 7 8 1 2 2 2 4 7 3 1 9
15
396 9 6 1 2 9 4 2 8 2 2 7 3 4 9 5
453 8 5 6 7 9 6 6 4 2 8 3 6 4 2 6
380 1 9 1 3 2 6 3 9 1 3 6 5 6 1 6
290 9 3 2 2 1 1 3 4 5 3 6 3 3 2 4
427 3 5 4 9 2 4 7 3 5 8 7 9 2 3 5
262 4 2 3 3 7 1 7 5 1 1 1 4 3 2 9
413 8 7 3 2 2 9 9 2 8 2 7 4 5 7 1
469 7 9 2 7 2 6 6 9 9 2 6 5 5 5 3
337 4 9 4 2 8 7 1 4 7 3 4 2 1 1 3
432 6 6 8 2 2 6 3 3 7 7 5 2 8 7 7
385 5 5 2 5 7 3 3 7 8 1 2 8 3 7 3
374 6 3 4 5 9 4 2 2 4 7 7 7 3 9 1
418 6 6 2 6 9 9 7 4 5 2 1 9 4 1 6
442 9 4 7 6 8 1 6 3 8 9 3 5 6 6 4
413 1 3 4 5 7 4 1 6 3 4 8 7 7 8 8
15
395 9 1 5 7 6 5 3 1 2 5 6 5 8 7 7
427 2 5 6 4 9 7 3 7 2 2 1 4 8 9 7
459 3 8 7 7 5 8 8 9 7 3 2 1 1 8 6
443 1 6 5 8 8 6 2 5 8 6 9 2 5 7 9
438 1 5 4 6 6 4 9 9 6 6 6 2 3 4 8
403 7 1 4 9 2 9 7 1 5 3 3 8 7 6 1
470 7 4 7 8 7 8 7 9 3 1 2 8 6 8 3
338 1 8 1 3 3 2 1 5 2 7 1 3 9 2 5
487 6 9 2 2 8 8 6 3 2 9 5 8 6 7 4
340 4 1 7 9 2 4 2 4 9 2 3 2 3 7 3
383 9 7 2 9 2 5 1 3 1 4 7 3 3 8 4
442 4 6 4 8 3 4 3 8 9 8 6 3 4 4 1
398 2 1 7 9 9 3 3 4 9 7 3 5 5 6 8
486 7 5 6 6 6 8 3 8 3 2 6 2 9 8 6
366 6 6 6 1 4 6 2 9 5 2 6 6 3 1 8
15
474 7 7 1 4 8 8 7 5 2 3 7 6 5 9 8
341 2 1 6 2 2 9 3 5 4 3 7 6 9 1 6
427 2 9 2 5 7 3 7 6 2 9 2 9 1 5 2
411 5 7 7 6 2 9 9 1 9 4 3 5 5 1 7
497 5 7 8 7 8 3 1 8 9 6 3 4 9 9 6
512 7 6 6 7 6 8 6 9 6 9 1 8 4 3 8
349 6 2 5 9 1 5 1 5 5 4 7 5 5 4 2
383 6 5 9 1 4 2 9 1 9 1 2 4 9 5 8
319 7 1 2 2 2 2 7 7 9 1 6 6 1 9 4
451 4 4 6 6 5 2 5 6 7 4 9 8 8 3 7
588 8 9 4 7 5 9 8 7 1 9 2 5 7 9 4
403 1 8 3 3 7 6 2 6 7 6 3 9 6 1 2
462 5 9 8 9 6 7 3 2 3 3 7 9 5 6 4
327 8 3 3 4 2 3 6 8 3 2 3 2 1 2 6
352 4 3 6 8 7 5 4 4 3 4 2 1 5 5 2
15
511 2 8 3 5 4 9 6 1 8 8 2 7 9 8 9
408 1 8 3 7 1 1 8 8 6 2 2 6 5 9 3
378 5 2 6 4 4 8 8 8 5 1 4 4 2 7 7
432 8 9 1 9 1 1 1 7 5 4 9 9 2 7 1
424 8 5 6 9 6 1 1 7 1 9 3 6 1 6 7
409 3 5 2 3 5 8 1 8 8 8 5 3 4 3 5
479 7 7 1 4 6 7 7 9 9 2 7 7 6 3 9
373 8 6 4 8 4 3 6 6 6 2 1 2 2 3 4
495 7 9 7 8 6 6 3 6 8 9 9 7 1 3 2
481 8 7 3 7 9 4 8 8 7 4 2 4 2 5 6
387 2 6 6 7 2 7 5 4 2 3 4 6 3 7 6
462 1 3 1 7 7 6 8 6 7 8 1 6 7 3 5
426 2 8 6 7 4 4 5 6 1 8 8 6 3 2 8
430 6 5 6 1 1 5 8 5 9 7 1 9 1 6 9
348 1 1 8 1 6 9 7 2 3 4 1 6 7 7 5
15
404 9 6 2 8 6 1 5 9 1 1 1 2 1 8 7
420 9 9 5 3 9 3 5 5 9 2 4 6 3 2 8
346 1 1 6 9 1 4 8 4 2 1 4 3 4 6 8
355 2 9 8 5 4 3 4 3 8 1 8 5 4 5 7
514 9 6 6 8 4 9 6 4 7 2 9 4 9 5 8
461 2 6 7 2 4 5 9 8 7 7 1 1 4 4 9
553 5 9 6 7 3 9 8 8 4 2 5 8 9 9 4
392 7 1 9 5 8 2 8 7 4 5 1 9 7 1 7
476 9 4 7 8 9 2 6 6 6 3 5 5 6 8 8
338 9 1 4 4 6 2 7 2 9 6 1 6 5 2 1
427 5 1 9 1 7 9 2 4 9 8 9 4 5 8 1
436 1 7 7 5 6 6 4 4 5 6 8 2 9 8 2
364 9 5 8 1 7 5 1 5 4 1 4 8 6 4 5
449 5 9 9 7 1 4 6 4 3 9 9 8 1 7 2
431 5 6 3 6 4 3 1 7 1 6 4 5 8 2 7
15
317 6 1 1 7 2 1 2 4 6 3 5 5 5 9 2
493 6 8 8 8 3 9 4 9 1 6 6 4 2 6 5
492 2 7 5 7 9 5 9 6 3 4 6 7 8 1 8
380 8 4 8 3 4 4 4 2 3 4 9 8 2 9 7
372 1 6 5 1 7 7 6 2 6 7 8 5 3 1 4
386 2 2 9 4 9 4 7 2 9 7 6 8 7 3 4
350 4 7 5 7 6 3 5 1 9 1 5 1 6 2 9
449 3 7 7 6 9 9 4 5 8 6 6 3 2 9 4
418 7 3 7 6 8 1 3 8 3 8 2 1 5 9 5
338 2 4 6 3 4 3 3 6 5 6 6 5 2 5 7
395 4 5 5 5 2 1 3 3 2 9 9 1 5 4 9
449 8 6 1 5 7 2 8 6 7 5 7 5 1 5 8
412 8 4 1 2 9 1 5 8 1 9 5 2 3 5 2
396 2 2 8 6 6 9 9 4 8 1 6 9 4 5 4
552 5 9 3 8 4 3 1 7 7 9 3 6 9 9 8
15
430 9 6 3 8 3 9 2 3 2 6 4 1 4 8 8
459 4 9 5 5 2 3 1 8 7 7 8 7 6 5 1
436 4 5 1 7 6 5 3 4 7 4 6 8 8 9 5
429 2 4 3 9 4 5 9 4 1 9 4 7 3 8 3
458 6 6 5 3 7 8 8 6 9 4 6 3 6 5 3
415 3 7 5 7 8 5 7 7 3 1 6 6 2 3 5
431 6 9 1 6 1 2 4 1 8 9 4 8 8 5 6
357 1 4 1 1 6 5 9 1 3 8 1 3 5 5 4
438 2 3 8 4 7 8 1 5 9 6 6 8 9 6 8
421 5 7 7 9 8 8 7 6 2 1 3 5 3 3 2
410 7 2 4 8 1 1 6 5 1 9 1 2 9 8 3
283 1 2 9 3 6 1 1 4 3 3 9 1 6 5 6
437 9 4 6 9 7 2 2 5 7 5 5 1 6 4 9
410 4 9 9 4 6 9 1 8 2 1 3 6 7 1 2
505 9 4 2 8 9 6 4 4 4 6 3 7 7 9 6
15
370 2 4 9 7 2 2 7 7 3 1 2 4 5 8 8
372 1 5 6 8 9 3 7 2 4 4 9 2 2 7 5
434 4 5 9 7 5 4 2 9 1 6 3 6 9 1 9
367 3 6 5 3 1 9 4 1 8 1 8 9 3 9 7
377 4 6 6 8 7 1 3 3 4 6 3 6 2 7 9
420 6 9 5 5 3 3 4 6 6 5 3 4 6 5 1
307 3 7 5 5 5 1 3 5 1 1 4 2 4 1 4
338 3 1 3 2 4 2 8 8 5 3 3 4 3 7 4
415 2 6 8 5 2 3 2 7 7 5 3 5 7 8 4
374 1 1 6 4 2 6 4 6 7 6 4 3 4 6 4
319 2 1 9 1 8 6 7 1 1 2 4 8 7 5 9
388 8 5 4 5 8 6 7 5 5 4 3 4 3 2 1
359 7 3 5 5 8 1 9 2 3 2 7 4 6 7 1
455 2 7 9 9 8 1 6 8 1 5 7 7 4 5 1
479 9 7 3 4 9 4 4 6 9 5 6 5 9 6 4
15
324 9 6 6 2 3 1 4 6 3 1 1 8 2 4 9
398 8 2 6 5 3 9 9 6 2 2 2 8 5 6 3
431 8 8 7 8 2 6 2 9 4 1 2 4 5 5 2
378 4 6 7 6 5 8 5 1 1 6 2 8 7 1 3
393 5 9 5 2 5 6 3 7 1 2 8 5 4 1 4
361 7 6 4 2 1 1 7 2 4 2 1 6 8 8 7
361 9 2 5 6 6 3 3 2 4 6 7 9 2 8 1
386 5 8 3 1 4 3 4 7 1 5 2 9 7 3 6
399 3 8 9 6 6 9 2 2 9 5 7 5 1 9 2
340 1 2 8 4 4 4 1 9 3 8 5 2 4 1 4
449 9 6 2 2 9 8 9 4 4 3 3 4 4 5 4
447 7 6 1 7 4 2 5 9 6 3 9 5 7 3 9
368 2 1 9 8 8 5 1 6 7 9 7 4 1 6 1
535 9 8 3 8 9 1 2 6 3 9 8 6 8 8 6
427 7 7 7 7 3 4 2 3 9 7 2 1 6 5 7
15
391 4 8 1 1 2 1 7 1 3 9 9 7 4 1 8
453 1 4 7 4 4 4 7 8 9 3 3 5 8 8 8
571 6 8 7 7 7 9 5 9 4 9 8 1 6 8 2
406 5 4 3 3 7 6 9 3 8 4 1 5 5 4 5
422 3 4 2 3 1 7 3 7 1 6 6 9 9 1 3
374 4 7 4 5 1 5 7 2 6 4 2 4 2 8 3
439 7 9 8 1 8 7 3 8 3 1 4 8 4 8 1
377 7 6 4 5 3 4 2 4 7 1 9 3 2 8 4
399 9 3 6 3 9 6 4 3 2 5 3 7 2 9 5
457 4 3 7 9 3 8 3 9 9 3 3 6 6 9 2
393 5 5 7 7 6 3 1 7 7 1 3 1 8 8 6
415 4 2 8 4 4 3 8 6 6 3 6 4 6 8 4
452 4 5 2 8 2 7 6 4 2 8 3 8 4 5 9
546 8 5 8 7 2 7 9 6 8 9 2 3 9 6 9
378 1 7 8 1 3 3 6 6 4 5 4 4 8 1 1
15
543 9 3 4 2 9 6 5 9 9 7 6 4 9 7 9
338 8 1 4 3 2 2 7 3 6 3 1 8 8 5 1
417 9 2 2 1 7 2 9 9 1 6 7 6 5 1 3
379 8 2 8 8 9 3 4 1 2 7 4 5 3 8 7
434 7 7 8 6 9 6 7 2 9 4 6 1 6 5 3
462 5 1 6 8 4 8 7 4 6 9 5 7 2 7 5
329 1 2 3 2 2 2 7 6 5 2 7 5 4 8 8
401 8 4 8 8 3 9 1 9 3 1 2 6 1 9 1
332 9 6 9 8 3 4 1 1 4 1 3 9 3 3 8
533 3 7 3 7 9 5 7 7 9 5 5 4 8 6 6
449 8 9 3 9 2 1 1 7 9 5 5 4 2 9 1
262 4 1 4 7 9 2 1 1 2 1 4 4 6 4 2
310 1 6 1 8 7 7 4 1 3 2 1 2 4 4 4
455 6 4 4 1 6 5 8 7 6 5 8 7 7 3 2
477 6 5 5 6 1 8 2 5 9 3 7 6 8 6 9
15
386 5 2 6 5 8 2 2 6 3 8 5 3 8 2 3
449 2 2 8 7 7 9 9 7 7 7 1 7 3 2 4
408 5 4 8 6 2 5 3 3 9 3 4 2 8 5 9
477 8 9 9 6 7 7 4 9 6 1 2 7 3 9 1
374 9 3 8 2 4 3 1 8 4 4 8 4 3 7 3
524 8 9 9 4 8 4 2 7 7 9 9 8 6 4 1
345 1 2 2 3 8 2 6 3 8 5 5 4 3 8 1
370 9 1 1 1 4 6 1 8 9 3 6 5 5 3 2
393 1 6 3 9 3 3 6 1 7 2 9 5 9 5 4
487 7 9 1 5 5 3 6 9 7 4 9 3 4 5 3
487 8 6 6 7 8 1 4 9 2 9 9 2 2 6 6
400 8 2 7 3 3 6 5 2 3 9 2 7 9 1 6
429 2 1 1 6 1 8 4 5 7 9 7 7 7 5 7
380 3 5 3 6 8 7 2 4 4 1 3 7 6 8 8
371 4 1 9 8 9 2 5 9 7 2 8 4 1 1 9
15
392 6 9 4 5 1 6 7 3 7 2 8 9 5 2 2
377 8 5 9 1 4 3 5 4 2 8 2 7 5 2 3
433 6 7 2 8 9 8 7 2 2 6 6 7 1 2 4
543 7 7 3 6 4 8 6 6 2 8 5 7 8 8 8
432 8 7 9 9 9 6 3 1 1 3 7 5 5 5 9
388 4 8 1 6 8 8 6 3 1 1 1 8 2 4 5
334 1 5 4 4 8 4 3 2 3 5 4 7 5 5 3
431 2 4 5 8 1 3 7 6 7 5 3 8 3 6 9
496 3 3 6 5 2 8 8 8 9 8 5 9 8 1 2
343 8 2 6 2 6 5 4 4 6 1 7 2 7 8 2
384 9 8 8 1 3 8 8 1 7 1 8 1 7 1 7
451 5 9 1 9 7 2 6 5 2 3 1 2 7 9 6
454 3 7 3 1 9 8 5 3 9 7 2 7 5 9 7
466 2 9 4 7 3 3 4 7 7 6 1 1 6 8 6
545 8 8 9 9 6 9 3 7 2 5 6 5 9 8 7
15
344 3 5 9 4 7 1 3 9 2 2 1 5 8 3 1
447 4 5 2 1 9 6 6 3 6 6 4 8 5 8 8
410 7 1 6 1 3 1 6 8 9 9 6 6 6 1 2
408 7 6 2 4 7 5 2 9 4 2 2 3 5 3 4
311 2 1 7 5 5 5 2 2 5 2 2 3 8 4 2
316 9 3 7 1 7 2 4 2 2 3 3 8 9 1 1
423 4 8 1 9 6 4 3 3 2 5 9 7 7 4 5
354 3 3 6 7 8 2 2 6 7 1 5 8 5 6 6
462 9 7 6 9 6 6 7 1 2 7 2 3 6 4 6
351 3 1 8 1 6 9 1 6 8 6 7 1 1 7 4
432 7 5 2 4 5 8 4 3 5 6 1 3 6 7 2
368 7 5 6 3 4 1 7 7 5 6 6 8 1 1 8
455 9 3 9 3 2 3 5 9 4 8 1 4 9 2 9
433 3 8 8 2 3 6 7 3 2 7 6 7 4 7 8
442 1 3 1 8 7 4 6 6 6 9 7 5 3 9 6
15
434 3 6 1 9 7 6 9 6 5 3 3 7 3 9 3
411 4 9 2 6 7 2 6 7 7 4 4 8 2 5 3
430 8 1 6 4 1 5 6 9 5 5 9 1 6 2 4
442 9 9 3 6 6 2 2 7 5 5 9 4 1 6 2
409 1 9 4 6 4 5 3 3 6 1 3 7 8 3 9
451 4 3 9 9 3 9 5 4 5 1 8 6 9 6 9
451 7 2 8 4 7 5 4 6 7 9 5 6 5 2 8
344 9 1 1 6 2 6 9 6 2 2 5 6 2 4 1
420 9 1 2 2 5 3 5 9 3 9 3 9 2 9 9
434 5 9 7 7 1 1 3 3 7 2 6 1 9 8 6
472 1 6 8 4 9 8 8 7 8 6 1 4 3 6 3
376 5 7 2 5 9 2 2 4 4 7 3 3 2 9 3
309 3 4 4 1 7 1 6 3 8 2 1 5 6 3 4
456 2 7 2 8 7 6 7 8 9 5 3 8 1 3 7
435 5 4 4 6 5 5 6 8 1 9 9 5 3 1 3
15
396 3 9 1 8 4 2 2 4 9 2 3 8 8 3 2
313 2 1 8 3 6 5 7 2 6 3 6 4 4 8 4
389 8 7 4 9 2 2 1 6 2 3 1 3 5 7 9
395 9 9 5 2 3 7 1 1 5 3 9 5 7 2 4
383 1 5 2 7 2 7 1 1 3 6 4 6 5 8 7
427 5 8 4 4 4 4 6 6 8 4 7 6 4 4 5
381 8 6 3 6 3 1 1 3 5 2 4 7 9 7 8
364 2 2 1 4 7 2 9 7 8 4 6 9 2 6 3
448 4 2 9 3 9 2 7 6 5 9 4 3 9 5 3
430 8 3 1 9 7 2 7 4 1 6 2 1 6 8 8
395 7 1 8 9 5 3 2 5 8 6 4 4 6 3 7
434 2 9 7 4 1 9 2 9 1 2 6 3 6 4 2
376 9 3 2 4 5 7 2 2 2 2 3 7 7 7 4
366 9 1 9 8 1 1 3 3 7 1 9 6 9 5 8
484 1 9 4 8 3 6 2 7 8 7 7 4 6 6 5
15
404 4 5 2 3 5 8 6 6 7 2 9 5 3 7 1
440 6 3 5 6 5 4 7 5 7 4 9 8 7 7 6
414 6 1 3 2 2 8 8 6 8 1 4 9 7 6 4
427 6 7 3 5 2 3 8 7 1 1 7 1 7 5 9
428 8 4 6 4 7 3 3 7 2 3 2 4 9 8 7
271 7 1 3 1 6 1 1 3 4 1 5 8 6 4 8
438 8 6 5 1 1 6 5 3 9 8 5 9 5 5 8
461 1 7 8 7 9 6 9 4 6 9 6 1 5 1 3
448 6 6 1 8 6 8 4 4 7 6 6 1 3 2 5
367 3 2 9 3 3 1 4 6 7 4 8 6 7 4 5
478 8 9 2 3 3 8 1 7 7 3 7 6 6 6 7
447 2 9 4 4 5 2 9 6 1 6 7 1 9 1 5
396 5 9 7 4 2 5 5 3 3 7 2 9 4 6 3
355 1 3 5 6 8 2 6 5 6 5 2 8 1 8 2
361 7 4 9 7 3 7 3 8 3 4 3 4 2 2 2
15
373 1 1 4 7 7 1 4 6 9 9 7 2 3 2 2
311 2 8 4 3 8 3 3 2 1 2 7 8 3 1 1
414 3 7 6 2 6 7 6 2 8 2 7 9 7 3 3
494 5 5 9 5 8 6 8 9 6 9 6 9 3 4 5
344 3 7 2 4 4 9 6 3 5 1 2 5 1 5 7
371 6 2 8 2 4 7 5 1 3 8 5 9 3 3 9
355 8 5 2 3 7 3 3 1 5 2 2 2 9 7 9
393 8 1 1 2 4 5 1 9 5 2 7 5 9 6 1
416 3 6 3 1 8 7 3 6 8 7 6 2 3 3 8
394 8 2 6 5 2 6 1 8 3 5 7 5 6 3 4
369 5 5 8 7 1 2 1 8 1 6 5 9 1 6 2
380 8 6 6 2 6 5 1 6 9 5 7 2 1 2 2
529 4 6 6 8 7 9 9 1 8 9 3 9 9 1 7
462 5 7 3 8 6 8 6 5 6 1 7 7 7 6 1
352 1 1 3 5 9 5 2 6 1 2 9 2 7 2 9
15
544 2 6 7 8 7 9 7 7 3 7 1 4 9 9 5
346 9 4 4 1 7 3 4 3 1 5 2 4 2 7 5
397 4 4 2 7 6 7 6 1 7 6 9 6 3 7 1
377 1 4 6 6 8 1 3 6 1 8 1 7 5 6 7
384 3 5 4 4 9 5 5 5 4 2 6 8 2 6 7
466 8 6 7 5 3 8 7 7 3 7 1 2 3 2 9
395 3 1 8 6 4 8 6 4 6 9 5 4 1 3 7
538 3 5 8 7 9 4 8 9 3 9 9 8 7 3 3
351 8 8 6 2 2 5 8 1 2 5 2 4 3 3 8
507 9 6 7 6 8 5 7 5 8 6 7 4 6 9 7
458 2 7 2 7 4 7 9 7 8 4 2 5 7 2 7
472 2 7 3 8 8 8 2 3 6 6 4 9 8 7 5
487 7 5 8 8 6 7 5 5 6 6 9 4 2 9 4
400 8 7 2 6 5 9 3 3 5 2 1 1 7 4 7
313 3 8 8 1 5 3 2 1 3 6 2 2 5 7 2
15
438 3 9 9 8 8 8 1 7 4 3 3 9 2 7 3
502 8 4 5 1 6 8 9 6 7 7 7 5 2 9 9
364 6 1 5 3 9 1 5 8 5 5 7 2 4 8 3
490 7 9 3 7 4 6 6 7 8 4 4 2 6 9 1
421 3 6 8 9 3 7 1 8 2 4 3 7 4 8 2
444 6 2 7 8 4 6 5 9 4 6 6 5 7 1 1
325 6 1 4 6 7 6 4 6 2 3 4 3 2 4 5
335 6 3 4 5 7 4 4 2 9 3 6 9 5 1 5
436 4 2 9 9 6 5 3 3 9 6 4 2 9 7 4
325 5 4 3 7 6 3 7 2 9 2 3 9 1 2 8
462 9 2 2 9 8 9 3 8 7 7 4 3 5 1 1
450 9 4 8 8 3 9 7 7 3 4 4 4 1 6 1
409 9 6 6 3 2 6 1 4 8 4 4 2 6 9 1
462 6 9 3 9 5 5 8 3 3 7 6 4 3 6 5
418 7 5 8 2 9 9 6 3 7 3 2 7 3 7 7
15
347 7 1 2 3 1 4 7 7 1 6 9 2 1 2 7
538 7 5 6 8 7 7 8 7 2 7 5 9 9 7 6
349 1 6 3 2 8 3 7 6 4 2 8 2 2 2 9
319 2 2 2 1 8 1 9 5 1 5 2 9 1 7 6
410 6 6 6 6 4 7 1 7 3 3 1 3 5 4 5
485 7 7 1 2 8 7 9 9 8 4 3 8 3 5 8
480 4 8 6 7 6 9 1 9 9 2 6 4 6 6 9
353 1 1 8 8 3 6 6 3 3 5 2 4 4 6 8
434 4 7 2 9 1 2 3 8 3 3 4 4 9 2 8
418 9 7 3 1 9 3 1 5 3 8 3 6 7 2 9
336 2 2 6 3 8 4 2 2 6 5 7 8 4 4 7
493 8 8 6 8 9 2 5 4 9 9 7 5 4 2 3
470 1 7 1 4 7 5 2 8 2 9 9 8 5 9 2
351 9 3 5 5 5 2 5 2 6 2 3 6 5 4 4
267 2 1 2 2 8 4 2 8 7 1 4 1 2 3 5
15
378 1 6 2 2 4 3 4 5 5 5 3 8 8 6 8
429 1 2 7 8 5 9 4 1 7 9 2 5 8 1 9
517 2 8 7 7 6 9 9 3 6 8 1 9 9 3 8
405 9 5 7 1 2 3 7 5 4 7 5 9 4 4 2
392 6 6 4 6 2 1 6 4 9 5 6 2 7 5 3
394 6 4 4 9 7 5 8 2 1 5 5 3 4 5 1
427 9 5 9 2 6 3 8 3 2 6 3 5 7 2 6
331 9 2 3 3 7 3 3 4 9 5 6 1 2 4 3
398 4 6 5 8 6 4 8 2 2 6 3 8 4 5 1
339 6 2 7 1 2 2 3 4 6 6 9 2 5 4 1
496 7 6 7 9 9 1 1 5 9 9 4 9 8 9 2
279 5 2 4 2 8 2 1 8 5 2 8 2 1 4 4
505 8 9 2 7 5 2 5 6 5 8 7 9 7 6 1
338 8 1 5 3 2 7 3 4 2 6 7 5 2 3 6
423 7 9 1 6 3 1 5 1 7 5 2 4 7 8 5
15
407 5 4 4 5 1 2 9 4 5 7 8 3 5 4 8
386 1 4 5 7 1 6 3 9 1 3 2 1 4 6 5
473 4 1 6 8 1 1 9 8 1 9 6 8 6 6 6
298 3 3 5 7 5 4 5 1 3 3 3 3 2 6 5
454 2 9 6 4 4 7 3 8 2 2 5 7 6 7 9
514 3 8 2 2 2 9 4 9 4 8 4 2 7 6 9
516 9 9 8 7 8 4 8 4 7 4 6 7 4 6 6
430 1 6 5 5 5 7 5 6 4 6 7 5 3 8 3
399 5 2 4 5 6 7 5 7 7 2 6 1 8 1 9
371 3 2 1 2 5 6 9 1 2 2 6 2 9 6 8
344 2 7 5 3 3 1 8 5 8 2 2 8 3 3 1
419 5 3 9 2 8 6 6 4 6 8 7 4 7 1 5
518 8 5 3 7 3 9 8 7 6 6 7 1 6 4 7
445 8 5 1 7 5 6 2 3 1 7 8 6 1 9 9
442 1 3 6 7 7 5 2 8 9 7 4 5 5 8 7
15
425 4 1 5 9 1 5 9 3 9 5 8 6 6 5 3
342 9 8 7 3 6 2 9 1 7 2 1 1 5 4 2
373 4 5 9 2 8 5 1 1 4 9 3 9 1 7 4
396 4 6 4 8 4 4 9 2 8 5 3 5 2 3 6
343 2 6 1 2 4 1 7 4 7 8 8 4 1 5 1
390 3 3 3 1 8 6 3 3 6 9 1 5 6 3 6
313 3 1 4 3 9 1 6 6 6 1 3 6 2 8 4
430 8 1 5 5 8 9 6 4 5 7 7 1 2 4 5
421 1 9 1 7 9 5 3 8 8 4 5 8 1 1 2
381 6 8 1 4 7 3 6 4 4 5 1 7 2 8 2
343 9 3 4 4 4 3 4 3 3 2 4 9 9 1 8
370 6 4 2 2 1 1 3 7 4 8 8 2 5 4 7
467 3 9 3 7 8 7 9 2 4 9 2 2 5 3 6
486 1 7 6 6 3 7 6 6 2 5 9 4 9 8 5
422 7 8 7 6 7 1 2 6 7 6 4 7 3 6 3
15
387 4 2 1 2 9 7 4 2 4 7 3 7 7 6 5
455 7 2 1 9 9 6 5 8 1 7 1 8 2 7 7
551 6 5 9 4 7 8 6 9 6 9 2 9 8 7 4
468 7 7 7 3 3 9 5 2 5 5 1 8 7 9 8
480 1 9 5 2 2 4 8 9 5 7 1 5 9 2 6
376 4 2 4 6 2 9 8 3 7 1 1 8 9 3 1
329 4 2 7 7 8 4 4 5 1 3 1 1 3 8 3
429 4 7 8 6 7 1 1 5 9 6 5 4 8 7 4
399 5 2 9 8 5 7 3 1 5 5 3 8 9 4 4
402 5 6 6 2 9 5 7 8 1 2 2 7 7 1 7
365 2 3 4 1 3 6 3 9 6 7 2 2 2 1 7
446 7 9 3 2 3 9 1 4 8 3 8 5 8 2 8
419 7 9 8 6 2 4 2 1 2 3 5 2 9 9 9
500 7 8 3 4 8 4 6 5 9 2 6 4 9 9 9
378 9 1 2 6 4 8 4 3 6 4 2 3 4 2 9
15
439 4 3 8 2 8 5 7 9 9 3 9 9 6 4 6
455 2 3 4 9 1 6 3 8 4 9 7 1 8 3 4
527 1 2 2 9 5 9 7 8 1 7 5 5 9 9 7
512 5 4 4 7 6 9 8 9 8 6 6 3 3 6 2
372 5 1 9 5 4 3 4 7 3 4 1 1 9 4 6
370 2 9 1 2 9 3 2 9 2 5 4 4 1 8 3
427 8 1 7 4 3 7 9 4 7 7 7 2 3 3 9
380 5 3 5 7 9 7 7 5 6 1 8 5 1 3 1
463 9 7 8 8 2 8 2 8 4 2 5 3 5 8 8
420 6 7 2 4 8 3 5 5 9 3 8 4 7 5 1
379 1 4 6 6 1 7 1 6 9 5 9 4 5 3 6
340 4 2 9 5 4 1 3 1 6 4 9 3 9 3 8
404 6 2 6 7 1 4 5 8 6 8 2 8 5 2 1
454 6 8 9 6 5 7 2 6 6 7 5 4 5 4 4
405 9 3 3 4 5 4 5 4 2 5 2 3 6 5 9
15
445 7 9 8 1 9 3 4 8 9 7 4 7 2 3 5
372 8 7 5 6 5 5 4 2 1 3 2 6 3 3 7
355 1 2 6 5 3 6 7 8 1 2 4 3 7 2 7
351 7 8 4 2 3 6 8 4 1 2 3 1 2 4 7
413 3 3 8 2 8 8 5 6 2 7 4 6 3 6 2
426 9 8 4 3 5 3 8 9 5 2 2 3 1 9 7
528 5 9 1 6 6 9 4 7 3 3 6 8 7 9 9
459 8 5 4 1 7 9 7 9 7 6 7 9 1 1 3
333 1 6 5 8 7 3 8 4 3 3 1 5 1 2 2
446 7 9 2 9 3 2 1 1 9 5 6 9 9 4 8
446 1 5 6 9 9 7 4 1 3 8 4 1 5 9 7
272 6 2 4 5 2 7 9 2 2 1 7 1 1 1 3
375 7 3 6 6 2 1 9 7 3 1 5 9 3 3 7
414 9 3 2 5 6 9 9 2 3 8 8 2 2 2 3
315 6 3 5 3 3 1 5 2 1 9 3 8 1 4 1
15
441 7 6 3 2 4 6 2 8 2 3 2 3 9 7 9
467 2 6 1 5 1 4 6 8 9 6 8 7 9 3 4
401 3 3 7 2 1 9 2 6 7 6 9 9 8 1 6
413 9 9 4 2 7 7 8 1 5 8 2 3 2 3 4
433 8 9 5 1 9 2 9 9 4 2 1 2 3 6 6
357 6 9 7 3 3 3 4 3 3 7 7 5 1 2 1
482 4 8 8 5 1 2 9 7 5 7 8 2 8 3 5
391 5 2 4 3 4 3 4 7 7 9 3 8 6 4 2
418 3 4 6 3 8 7 9 9 2 2 3 1 8 4 5
426 3 4 9 9 8 5 8 1 4 9 2 7 6 1 4
443 9 6 9 3 3 7 7 6 8 5 5 2 6 4 1
457 8 9 3 5 7 2 7 1 2 8 9 1 8 4 9
511 4 8 5 3 3 9 8 9 2 9 5 4 4 8 1
297 4 4 5 1 3 2 4 1 8 4 3 4 7 1 4
435 8 8 9 4 7 5 8 3 4 6 7 9 2 5 3
15
326 7 4 1 4 2 2 4 8 4 2 2 2 1 1 9
459 4 2 6 9 3 1 9 9 4 8 3 2 7 6 7
470 8 6 7 6 2 4 5 5 4 9 6 9 7 4 7
434 5 7 6 7 1 5 5 9 2 4 8 3 6 2 3
449 2 8 7 6 4 7 4 7 6 9 1 2 1 7 6
453 7 5 8 9 6 3 6 8 4 9 4 9 2 1 5
473 5 3 3 8 1 5 7 9 2 5 9 9 5 5 6
526 9 5 5 8 1 5 6 5 9 8 1 9 7 7 8
389 8 1 8 5 4 8 2 7 1 1 5 7 7 3 8
450 8 8 3 7 7 8 1 8 2 6 8 3 4 3 1
361 2 5 3 4 5 2 1 5 9 3 3 5 7 4 8
461 8 5 2 3 1 7 9 6 6 1 7 3 7 8 6
294 4 1 5 7 4 4 2 2 8 4 3 8 1 3 9
370 6 9 8 6 4 3 4 5 2 1 8 1 3 9 1
361 2 7 6 3 5 3 6 4 6 2 6 4 6 1 5
15
495 6 6 1 6 1 7 5 8 6 5 2 9 9 3 4
446 7 6 4 4 4 5 9 5 1 7 7 3 3 6 7
415 3 6 7 4 8 6 2 6 2 3 7 1 9 2 8
355 5 3 1 1 4 2 6 5 7 3 6 4 7 8 3
384 2 3 2 2 6 2 6 8 1 9 6 6 3 9 1
433 9 7 4 5 5 2 3 8 7 7 3 4 2 4 6
446 4 6 5 7 2 8 5 4 7 3 4 9 3 8 8
258 6 5 1 4 8 4 1 1 2 1 5 8 2 2 3
420 9 8 8 9 5 2 5 1 1 8 2 2 5 7 6
415 8 2 6 7 4 5 7 3 6 8 3 3 4 6 4
515 9 8 5 4 4 9 1 7 2 4 7 5 8 7 7
392 2 6 7 7 7 7 2 1 1 5 4 7 8 2 2
466 9 4 5 8 3 6 1 4 8 6 6 9 8 3 6
440 1 2 1 7 8 8 2 8 4 4 6 7 9 5 6
412 5 9 7 1 2 6 1 9 7 8 8 9 1 1 4
15
321 3 1 7 3 8 1 7 2 4 5 7 4 4 7 6
448 4 3 3 9 8 1 7 5 7 7 2 6 6 3 9
410 8 9 8 2 5 2 2 4 1 6 8 4 4 6 7
449 9 3 9 3 9 6 4 7 8 3 9 2 9 3 6
453 9 3 4 3 9 8 5 3 9 5 5 1 8 2 9
368 3 2 8 8 2 3 3 2 5 8 5 4 9 3 6
324 4 2 3 7 3 1 7 6 2 3 1 9 5 3 2
373 8 3 8 4 1 4 5 7 8 3 3 1 6 6 2
365 2 6 6 3 7 3 2 3 5 9 8 8 4 1 3
378 3 1 9 2 1 8 3 2 9 6 3 5 9 6 7
420 7 5 6 8 9 3 4 1 3 7 2 6 9 1 5
445 8 7 3 1 3 7 3 8 6 6 2 8 8 4 1
476 7 4 4 6 8 1 7 6 7 9 2 9 8 4 7
375 2 6 1 1 9 2 4 1 9 6 4 6 5 9 3
366 3 4 1 8 4 3 7 2 6 5 3 2 4 7 6
