100 20
500 500 500 500 500 500 500 500 500 500 500 500 500 500 500 500 500 500 500 500
20
654 7 5 5 5 8 3 5 10 6 3 1 1 3 3 2 6 5 5 10 10
634 7 2 6 10 6 6 2 5 8 3 4 6 6 3 1 3 2 8 5 1
742 7 3 8 6 5 10 6 6 6 2 2 10 5 6 3 2 6 9 1 9
735 5 9 6 5 1 1 8 3 10 8 2 5 10 5 9 5 2 7 4 7
813 3 9 10 6 3 9 7 4 2 4 5 10 8 8 7 6 2 7 2 6
818 7 2 4 8 3 8 1 5 10 7 2 10 8 7 3 3 6 7 10 9
785 1 9 9 5 6 2 4 3 10 8 4 7 2 5 9 5 10 2 10 1
851 8 6 4 10 10 10 1 8 10 9 7 6 3 7 5 3 1 5 1 8
724 6 7 8 2 3 1 8 2 2 9 10 10 7 2 4 4 4 8 2 8
540 3 9 2 4 2 1 7 1 2 7 5 10 4 2 2 2 5 1 9 4
767 7 9 8 6 3 8 9 8 7 9 1 8 10 1 9 4 6 1 6 7
643 4 2 10 10 3 7 7 7 5 5 1 5 5 8 2 3 10 1 7 4
622 6 1 2 9 6 3 1 3 1 7 10 4 9 5 2 7 6 6 7 5
721 2 3 6 4 6 4 4 1 1 7 2 10 7 8 9 10 8 3 8 9
734 3 2 10 8 9 10 10 8 5 7 9 1 6 9 2 4 5 3 5 4
645 6 9 1 3 2 6 7 9 9 1 2 5 2 5 4 3 5 6 8 3
630 7 4 3 2 5 1 4 8 4 5 1 3 3 5 10 8 2 5 10 7
662 9 7 8 9 8 10 4 2 2 3 5 2 3 1 3 4 2 9 8 1
757 8 9 2 6 8 7 8 4 6 3 3 7 8 5 5 3 3 4 7 4
575 5 10 9 6 1 5 8 9 4 6 7 7 2 1 1 2 4 1 5 2
20
764 9 5 6 8 3 2 9 10 6 1 7 5 7 1 6 5 10 10 8 10
732 8 2 5 9 6 10 9 1 4 3 3 8 5 9 7 1 7 10 4 5
682 6 7 1 9 6 9 5 8 6 8 8 1 4 2 2 5 3 5 4 9
680 4 9 3 2 6 3 7 7 6 8 2 8 2 8 3 7 4 2 4 8
671 2 7 10 3 8 3 9 2 8 2 6 9 4 7 5 1 4 3 2 3
580 7 7 5 7 2 2 5 9 4 3 3 6 7 1 2 5 4 1 10 2
720 7 1 3 10 8 10 6 1 1 7 9 5 9 6 3 3 2 7 6 2
665 3 4 9 5 3 2 3 6 6 6 9 4 5 1 6 4 9 8 8 5
712 7 2 4 2 8 6 6 6 3 5 10 9 7 2 4 9 5 6 1 7
701 10 1 6 5 1 3 3 5 7 5 7 8 3 9 5 8 7 5 9 1
645 10 8 1 7 3 3 4 3 7 10 10 1 7 1 8 3 3 1 4 4
759 10 7 4 3 10 4 7 7 9 6 3 4 7 1 9 1 2 7 4 9
786 2 10 7 1 2 8 6 5 2 10 10 5 7 10 1 3 7 10 4 2
862 4 2 7 5 3 10 9 4 10 10 10 9 9 9 5 7 6 3 6 1
863 9 6 3 5 7 10 5 7 2 9 8 10 7 9 9 6 1 10 2 7
806 2 8 3 2 8 6 3 6 1 4 10 2 8 7 2 5 4 9 10 6
515 5 1 10 7 2 4 8 9 6 2 4 4 9 2 5 1 2 5 2 1
878 8 9 6 4 7 3 1 4 10 10 6 2 3 6 10 7 4 7 6 9
823 2 4 7 2 7 5 8 1 8 10 7 5 1 8 7 8 7 6 6 9
617 8 10 2 10 3 10 8 7 4 4 1 7 3 2 7 3 3 5 3 5
20
694 4 8 7 1 7 1 10 9 1 8 6 7 8 1 4 1 4 9 9 1
700 10 7 4 4 2 5 7 4 2 1 10 5 1 4 3 8 5 4 7 10
642 4 1 9 3 8 2 10 6 1 3 9 2 5 5 9 2 10 1 6 7
803 4 9 4 7 4 2 10 5 7 9 8 10 6 4 8 3 4 7 6 6
626 8 1 1 8 7 6 2 6 2 3 2 4 1 3 5 10 1 7 10 5
749 2 7 9 9 9 3 7 8 9 10 1 2 3 5 3 7 7 5 9 9
702 6 3 9 3 10 3 7 6 1 5 7 1 4 8 3 10 9 5 10 3
829 4 5 10 9 9 7 1 2 4 10 9 4 5 10 5 7 6 5 3 8
774 6 8 3 7 6 7 2 6 8 5 8 9 1 2 7 1 1 3 8 10
722 7 8 5 10 9 4 3 4 4 1 7 9 5 4 1 2 3 5 8 6
573 2 1 7 9 4 6 4 9 5 9 2 1 6 5 9 1 9 9 3 1
705 10 4 3 10 3 7 9 7 9 2 4 2 1 9 9 10 1 1 5 1
784 10 1 1 7 1 9 5 10 10 9 9 7 6 6 4 10 4 7 7 3
640 5 4 1 2 1 4 1 5 9 6 5 10 1 9 2 5 9 5 5 3
654 8 9 10 6 10 2 4 1 1 4 2 5 4 6 5 4 10 1 7 8
826 6 8 7 6 2 8 8 9 9 10 10 3 6 7 1 4 5 3 7 10
724 10 8 9 2 10 3 8 4 2 10 1 10 2 9 9 5 1 3 3 2
667 8 8 10 8 10 2 4 7 3 9 10 3 2 6 2 1 2 7 3 1
601 9 10 8 3 2 7 3 3 1 4 1 9 2 10 1 3 5 6 1 5
928 4 10 9 2 8 10 9 8 7 7 6 7 9 3 6 6 3 10 5 9
20
718 4 4 2 3 10 10 4 3 2 10 8 3 4 9 5 6 7 6 3 6
605 5 5 9 7 1 1 8 1 1 8 10 7 8 1 4 5 3 2 10 2
603 7 8 7 10 4 5 10 4 3 4 2 2 6 3 2 5 8 8 6 3
735 2 10 8 1 3 3 4 7 1 4 5 3 9 6 10 1 2 8 6 9
603 10 2 2 3 3 9 2 3 4 4 8 5 7 3 1 5 8 2 5 8
777 6 10 3 6 1 9 5 10 2 7 10 4 9 10 2 6 7 7 2 2
688 2 1 9 9 9 7 8 10 3 7 3 6 3 6 1 4 5 6 4 10
743 2 8 10 9 9 2 6 10 5 5 10 5 7 3 1 2 3 3 5 8
688 3 4 10 10 5 10 3 5 2 9 5 8 9 3 3 8 9 5 2 6
711 9 3 10 8 7 1 5 8 4 3 9 1 1 4 7 6 9 6 9 2
677 1 9 10 7 10 10 5 8 1 9 1 1 6 6 4 1 7 3 7 2
677 10 1 10 9 8 9 2 1 1 8 1 8 4 8 4 8 4 3 6 3
721 2 4 7 4 3 10 9 3 7 4 7 6 7 3 4 7 2 2 7 10
712 7 3 8 6 9 10 6 3 5 4 3 6 5 9 2 3 2 6 1 8
665 10 5 10 1 10 8 8 5 3 7 3 8 1 5 7 5 3 3 2 5
523 7 1 4 6 4 6 1 5 6 5 2 3 9 4 8 2 2 2 4 2
823 3 2 2 6 1 10 4 8 7 5 6 10 9 10 9 10 3 5 5 3
769 1 7 1 5 4 9 9 5 10 6 7 10 4 2 6 8 5 2 9 2
844 8 4 5 10 4 10 7 3 7 10 6 2 10 10 6 5 6 3 4 8
672 4 4 9 6 6 8 4 5 1 7 10 7 3 2 9 2 2 1 6 1
20
691 5 4 10 5 2 5 4 6 8 1 1 6 6 7 8 3 10 10 1 8
741 9 8 2 2 8 9 2 9 6 5 6 5 1 7 9 7 3 3 4 3
653 6 5 10 9 6 1 5 6 1 3 2 4 3 10 6 10 9 4 5 2
737 9 2 6 7 8 6 10 5 9 2 9 3 8 2 2 6 8 2 10 6
656 10 7 2 6 4 1 2 8 1 9 2 6 9 4 10 3 3 1 9 5
600 7 1 1 10 9 6 8 2 6 10 2 2 1 2 4 7 5 8 8 1
509 3 1 7 1 9 1 3 8 7 1 2 2 2 2 4 1 2 7 8 4
583 4 3 5 7 3 9 5 8 5 3 4 2 5 1 3 9 8 5 1 7
621 4 3 4 9 7 1 4 5 6 3 6 1 8 4 5 1 10 5 2 10
849 4 8 8 6 4 10 4 3 6 3 4 5 10 9 5 7 9 8 7 7
647 8 6 10 10 8 5 7 9 3 3 8 2 4 3 3 3 3 5 3 1
750 8 7 1 3 3 5 6 1 8 5 9 8 6 8 4 8 9 8 3 2
820 9 8 9 4 4 6 8 6 2 4 6 10 7 8 6 7 5 8 10 2
443 2 6 2 9 2 3 1 10 4 2 3 3 2 2 7 3 7 3 3 2
878 8 10 9 1 7 6 2 1 10 10 2 7 8 3 5 9 7 8 10 2
911 2 5 1 1 7 1 10 8 10 1 2 10 10 10 7 7 8 10 9 10
660 5 8 10 7 3 6 3 7 2 1 9 7 3 2 8 7 4 4 1 2
653 4 8 2 1 2 2 4 7 7 2 1 2 1 8 8 10 6 10 4 8
731 3 7 8 7 5 2 9 8 4 3 7 4 9 9 1 10 10 7 4 5
623 7 9 3 8 1 1 4 1 5 5 2 4 5 1 10 6 9 7 4 6
20
661 2 4 6 3 1 5 5 6 1 3 8 6 5 3 5 9 1 5 9 10
592 8 1 8 6 1 3 1 6 8 8 1 2 4 3 2 8 9 8 1 10
665 10 8 9 8 9 3 3 8 7 4 4 1 1 4 8 3 1 7 5 1
773 5 5 10 4 1 6 1 6 2 6 7 9 8 2 8 8 9 7 8 4
661 4 9 8 5 10 4 8 2 2 8 5 6 4 1 8 7 4 5 2 5
879 10 7 10 7 5 4 6 6 3 6 10 9 3 8 5 9 1 9 9 6
637 3 3 4 6 1 10 6 9 1 8 3 6 5 7 4 5 8 8 4 3
818 3 10 9 8 3 4 6 7 8 3 7 6 6 10 3 2 10 5 4 6
635 7 2 10 7 4 9 7 6 2 5 1 6 1 5 10 1 10 9 1 6
670 9 1 4 3 4 8 2 4 3 5 2 6 6 7 10 2 1 5 8 9
603 1 8 2 7 1 1 1 4 2 10 6 8 4 7 7 1 4 9 1 5
577 8 5 8 6 1 1 4 2 4 6 1 5 6 5 6 9 5 2 7 2
851 3 1 2 4 8 5 4 1 6 9 10 2 3 8 7 10 9 6 10 10
643 7 10 10 3 5 2 3 2 3 1 2 2 7 4 9 2 4 9 6 2
769 2 8 3 4 8 2 7 2 10 8 6 4 7 2 8 10 5 5 3 7
714 7 7 2 5 10 1 1 1 5 5 7 1 9 4 10 10 1 4 2 7
667 5 3 9 7 9 10 1 2 1 8 2 4 7 2 6 8 4 2 10 4
642 1 7 1 1 4 5 1 5 1 4 9 7 1 3 3 5 7 9 7 6
573 3 3 1 4 5 1 2 7 5 2 7 2 8 5 1 5 10 9 2 6
626 3 2 6 1 4 2 6 9 2 1 7 6 3 8 3 10 8 6 1 8
20
822 3 8 3 6 3 7 9 10 9 9 5 7 6 4 8 4 6 7 8 5
744 3 7 2 9 10 4 2 1 7 5 7 8 1 8 6 4 5 5 7 4
727 7 7 1 1 2 8 7 2 3 10 8 8 6 7 6 5 6 7 4 4
656 6 2 4 9 2 7 2 3 10 4 4 8 6 4 3 3 3 4 7 6
674 5 2 1 3 8 10 7 8 7 9 9 2 8 9 1 6 7 3 1 1
790 3 6 3 4 6 9 8 2 8 8 9 2 8 2 3 6 7 10 1 8
612 3 8 6 1 8 4 8 8 4 8 2 5 1 5 8 1 5 6 6 1
703 4 10 9 7 2 2 10 8 8 3 6 6 5 8 7 2 4 4 1 2
762 5 4 4 1 8 3 9 5 9 7 2 9 8 8 6 7 1 4 10 3
614 8 1 8 2 8 5 6 7 7 5 1 3 1 5 6 10 7 6 2 5
674 8 9 2 7 8 9 2 9 3 3 8 2 1 2 9 2 6 3 2 10
885 3 8 6 5 9 3 5 9 7 6 7 10 6 5 10 3 8 9 5 4
764 10 2 4 5 2 8 4 6 3 10 1 8 7 8 8 1 2 9 6 10
638 6 3 7 8 3 9 9 10 6 10 4 5 2 5 2 1 2 5 2 9
970 1 7 10 2 10 5 4 3 10 7 8 10 9 4 9 10 1 6 9 8
650 8 4 9 7 7 3 3 1 1 10 2 10 2 2 8 9 4 5 6 7
653 7 10 8 5 9 3 5 8 8 2 2 2 8 1 1 9 6 2 2 8
633 5 3 4 8 10 9 8 8 2 3 3 8 1 7 1 2 8 6 9 1
923 9 3 6 8 6 9 4 2 8 10 5 5 9 10 8 2 3 10 10 5
669 7 10 9 9 2 4 7 3 4 1 9 7 7 1 4 6 4 4 2 6
20
692 10 7 2 1 8 7 1 2 5 3 8 5 5 4 4 7 10 3 6 1
756 4 10 6 3 6 6 9 10 6 3 2 6 6 1 8 5 1 6 8 10
577 4 10 2 1 5 6 7 3 3 9 3 5 3 3 7 6 9 2 1 1
718 1 6 4 5 8 4 9 1 7 1 5 7 8 7 1 10 9 8 2 1
430 1 3 6 2 4 4 8 1 1 1 2 3 2 3 2 4 1 3 9 2
646 10 6 6 5 1 7 2 1 10 6 2 7 10 1 3 5 4 5 5 1
754 2 2 6 10 8 6 4 2 10 8 4 7 6 5 1 9 9 5 10 1
636 5 4 7 8 7 6 1 10 5 6 4 4 1 9 4 7 7 3 5 2
733 9 6 7 9 8 5 2 2 7 3 1 5 6 2 3 8 3 10 8 8
857 7 4 2 9 6 3 4 6 5 6 10 7 7 10 7 9 3 4 8 7
763 10 8 8 6 4 4 9 10 9 5 3 1 1 7 7 6 4 5 4 10
702 9 3 7 3 3 4 9 4 9 8 4 5 9 10 3 3 5 8 3 3
748 1 9 6 4 2 7 3 1 4 3 9 8 10 2 6 9 5 2 8 5
664 3 1 2 6 2 7 6 4 10 8 5 2 9 6 3 3 2 6 9 1
858 8 7 4 2 7 8 7 7 6 6 1 8 6 7 4 7 7 10 10 4
670 6 5 2 8 4 8 7 10 8 6 4 5 3 6 5 1 8 5 3 6
738 5 10 7 8 10 4 4 2 7 3 5 2 2 9 6 9 7 1 4 1
630 5 7 6 10 8 1 4 1 9 4 1 6 8 3 1 1 4 10 3 2
766 5 7 7 1 8 10 1 2 9 2 6 7 5 3 1 5 3 8 10 1
740 4 6 5 4 4 7 4 3 5 10 9 1 4 8 5 8 2 4 6 5
20
811 8 9 4 10 8 5 2 4 4 8 3 9 3 9 1 7 6 5 10 7
835 5 9 10 6 8 1 5 2 10 3 1 7 6 9 8 10 3 9 5 5
745 6 1 3 6 4 9 5 3 6 5 1 6 7 7 5 8 5 4 9 8
879 2 5 5 2 1 9 10 8 6 3 10 10 10 3 4 9 5 9 10 5
830 10 2 10 10 1 5 7 9 1 5 10 8 10 8 6 5 7 5 7 10
631 9 4 9 2 1 6 3 3 2 8 4 9 9 8 2 9 8 1 2 1
707 2 4 4 3 3 1 4 1 10 9 4 7 6 3 7 5 10 6 7 7
593 3 2 3 8 6 10 4 8 9 3 4 7 2 1 2 10 8 6 2 2
632 10 9 3 4 6 1 9 1 7 1 2 6 3 10 2 4 4 2 6 1
672 10 3 8 9 7 4 4 10 6 6 2 7 3 1 8 8 7 1 4 8
776 4 1 6 7 9 4 1 8 3 3 6 7 10 10 10 2 1 3 8 8
622 3 3 3 2 3 8 7 4 2 7 3 7 4 7 7 4 4 6 7 3
669 4 5 6 2 1 8 8 3 8 1 5 5 6 6 3 4 7 4 6 6
737 6 7 7 4 4 1 10 2 4 10 6 5 10 7 6 6 8 8 6 1
817 9 8 9 2 3 9 8 3 4 7 5 3 10 10 9 2 4 6 9 2
645 9 4 4 7 7 3 8 10 4 3 3 1 1 2 6 6 8 5 9 8
865 1 9 2 3 8 10 8 3 7 9 6 9 10 10 4 1 4 9 8 1
552 5 3 4 4 1 7 9 2 9 2 2 6 8 4 5 4 2 4 1 4
696 4 7 6 10 4 2 2 8 5 9 5 9 10 3 9 1 1 3 8 4
788 1 1 7 10 7 10 6 7 4 1 6 2 9 5 10 6 4 9 7 4
20
689 3 3 4 8 6 2 2 9 7 6 9 9 6 8 1 1 7 9 1 3
776 6 6 7 8 7 9 8 8 4 1 9 2 7 9 3 1 9 1 5 8
826 6 10 9 4 10 8 6 1 7 3 1 7 6 2 9 7 7 7 10 3
626 4 3 8 7 7 7 8 8 4 5 3 5 5 7 5 4 8 5 2 1
591 6 2 7 8 6 1 3 8 1 3 3 8 4 2 1 10 5 10 8 6
744 2 10 7 7 10 2 7 2 1 1 6 7 2 5 7 6 6 8 6 6
675 10 2 3 3 6 1 10 8 10 4 1 6 3 3 5 9 6 7 9 5
803 1 4 10 8 2 8 3 9 4 7 8 9 7 10 4 5 8 9 4 6
642 9 3 5 3 2 10 5 8 2 2 2 10 3 6 3 8 5 5 6 8
693 7 5 7 6 6 5 6 7 2 8 7 9 3 3 7 8 6 5 1 3
951 6 5 4 5 6 10 9 4 5 8 10 5 8 8 7 7 3 9 8 8
779 4 7 9 5 9 4 9 1 5 6 7 3 7 6 5 5 8 1 8 5
594 8 3 1 3 2 1 10 8 1 10 3 1 2 9 9 3 5 8 7 3
738 3 9 8 4 8 9 3 2 7 3 9 1 3 2 5 3 1 3 6 6
794 1 10 7 8 5 10 9 8 7 3 4 2 7 8 1 1 9 6 9 4
795 8 7 8 7 1 7 1 7 9 6 7 6 2 8 6 2 4 5 5 7
776 2 5 6 5 4 9 8 2 5 10 3 8 10 9 4 9 8 7 4 1
797 9 5 2 2 8 4 6 7 8 2 5 9 3 7 6 4 7 10 3 7
703 7 1 3 3 4 1 1 4 10 10 6 2 4 8 4 8 7 1 8 8
778 7 9 4 5 10 9 4 8 6 2 3 3 9 4 9 3 9 7 1 4
20
812 5 9 3 10 2 1 3 7 9 4 7 9 7 8 3 8 6 4 10 6
628 3 3 2 9 6 3 7 2 9 1 7 2 1 10 3 6 8 5 3 3
647 4 3 8 9 3 1 6 5 4 7 5 1 8 8 2 9 6 5 4 9
669 6 5 3 3 9 6 3 7 3 8 1 1 10 4 10 1 6 3 9 4
702 9 6 1 10 1 2 4 9 4 6 3 10 3 10 3 6 10 6 6 5
742 3 8 9 8 1 7 2 4 8 4 2 8 5 3 9 9 8 7 4 4
795 9 9 3 2 7 2 10 2 4 6 10 8 9 3 1 5 3 8 7 9
724 4 7 2 5 10 7 3 5 9 5 1 10 3 8 2 2 7 2 10 1
561 5 7 3 8 2 1 4 7 4 4 6 2 1 9 2 5 5 7 5 3
513 2 1 3 4 3 2 6 5 5 3 7 10 3 1 7 5 8 1 2 7
733 5 4 10 10 4 10 6 7 3 5 4 8 7 8 8 1 3 3 2 8
654 5 7 4 7 5 2 2 4 6 9 9 4 1 8 1 1 9 10 2 6
965 9 10 8 5 5 8 5 2 8 8 10 8 5 10 9 9 3 5 7 4
639 3 4 4 10 9 7 5 1 10 3 4 2 5 2 7 3 9 2 6 4
788 9 9 8 4 5 9 5 4 3 6 5 7 7 4 9 2 9 3 9 1
648 2 3 7 6 9 1 6 7 8 8 5 8 4 2 3 3 9 7 2 3
747 4 1 4 6 2 6 3 1 4 2 9 10 8 9 9 4 10 3 9 4
954 2 10 7 1 8 1 5 9 10 10 10 3 7 10 2 5 7 10 6 10
810 6 8 1 3 3 6 4 9 1 4 8 9 3 10 10 10 8 6 5 7
786 3 7 2 4 6 7 4 8 5 8 8 10 9 1 2 9 7 6 9 3
20
648 5 8 10 8 10 4 6 3 4 10 1 1 3 10 2 1 5 1 6 3
621 1 1 8 4 1 10 10 4 7 6 2 9 3 6 1 10 10 4 2 1
855 9 6 3 3 10 3 5 2 7 10 8 9 2 7 10 9 5 5 3 10
679 6 4 2 8 5 6 2 10 2 7 3 2 8 6 10 7 4 2 3 8
762 4 5 7 8 8 9 6 4 9 7 8 5 4 10 3 8 3 1 1 5
724 4 1 9 6 5 3 6 1 4 5 10 9 8 6 3 7 1 9 3 6
607 1 3 2 6 5 2 5 7 4 4 4 10 1 9 4 6 8 1 7 6
782 5 10 5 4 9 2 9 2 10 2 6 5 6 7 5 9 6 5 5 4
947 9 7 8 10 4 2 6 5 6 6 8 10 8 9 8 8 6 3 9 10
734 2 2 7 2 9 5 9 4 8 9 5 5 10 10 7 8 5 4 1 1
854 8 6 10 4 10 4 7 8 6 1 9 6 1 9 8 6 4 7 6 3
765 7 5 8 9 10 9 8 5 1 5 10 5 1 1 5 3 1 8 9 9
767 3 10 2 7 8 7 3 10 8 3 2 3 10 3 10 5 8 2 9 5
706 8 5 6 5 10 3 3 9 3 7 6 9 5 3 4 2 2 6 4 5
766 8 4 2 2 2 10 5 4 2 4 8 7 8 10 1 9 7 3 8 6
700 9 5 6 7 8 10 7 6 3 9 6 5 4 3 1 7 4 8 6 3
628 10 2 2 9 6 5 3 10 2 5 2 1 4 4 2 7 3 6 10 10
589 6 4 10 9 6 8 5 6 2 5 1 7 5 2 9 3 2 6 1 1
546 4 4 10 3 2 2 10 2 8 4 4 6 1 4 2 9 3 2 6 2
836 10 7 2 5 9 3 7 2 8 3 5 7 8 9 3 8 8 9 1 10
20
667 3 2 2 1 3 9 8 4 2 5 5 4 9 6 8 2 8 7 5 7
580 2 5 1 1 8 8 7 2 3 1 1 4 5 4 4 5 9 6 10 2
524 2 3 6 9 8 5 2 2 2 6 1 10 5 4 4 1 9 1 2 4
707 3 3 6 1 5 6 8 6 7 5 3 10 10 2 7 4 6 2 4 6
724 6 10 7 10 2 6 9 9 4 10 8 6 4 7 9 1 5 4 2 1
720 10 6 4 5 2 2 1 8 9 4 8 3 10 10 8 7 7 1 1 6
734 5 9 4 1 3 4 2 7 6 3 4 7 1 5 9 2 2 8 10 6
857 8 9 4 6 9 8 8 6 9 8 9 4 5 3 9 4 9 4 6 7
584 10 4 7 6 10 5 2 6 1 6 9 2 1 2 4 2 8 1 4 9
682 9 5 4 10 6 8 7 4 5 6 7 6 8 9 5 4 5 2 1 1
644 8 1 8 9 5 1 1 6 6 5 10 7 1 10 7 3 1 2 2 4
670 8 10 5 10 9 7 2 4 2 3 1 8 1 6 1 4 7 3 10 1
772 1 9 2 9 4 8 1 8 7 4 2 4 10 7 3 8 5 4 10 6
753 3 9 10 1 5 9 3 2 9 10 1 8 3 1 7 7 6 7 7 6
637 10 8 2 1 5 5 5 7 1 6 2 5 1 10 6 7 1 2 6 2
775 8 5 10 4 6 3 1 4 2 3 9 9 5 6 10 3 8 5 5 6
880 8 9 4 8 5 2 6 10 9 7 6 7 6 8 9 7 8 8 10 2
692 5 2 7 2 3 10 2 10 2 5 6 6 4 1 10 8 10 3 5 8
742 10 4 6 10 10 10 3 4 5 9 1 4 5 2 7 7 4 7 3 7
767 9 8 4 5 8 2 1 8 5 3 7 7 1 6 10 6 5 5 7 8
20
730 10 4 3 10 3 10 10 9 6 7 2 6 10 10 3 2 1 5 8 1
829 10 7 6 6 10 10 4 8 7 8 5 6 4 8 2 1 4 9 2 8
753 5 6 9 5 8 9 6 7 9 4 1 10 3 4 1 1 4 10 5 6
619 5 6 3 5 8 3 6 2 2 7 3 5 2 5 8 8 3 5 3 3
838 9 10 10 3 6 4 2 6 10 5 7 9 6 6 7 1 4 7 5 2
603 7 3 2 1 9 8 1 4 4 2 3 8 7 4 8 1 4 2 1 4
877 8 9 5 10 10 7 1 9 9 2 7 8 4 7 10 1 4 9 4 5
660 6 1 8 7 6 8 3 10 2 8 4 3 10 6 9 4 2 3 2 3
676 3 4 9 7 8 9 5 8 6 10 7 2 1 5 2 3 3 8 1 4
620 9 8 2 10 1 2 1 2 1 7 5 6 1 5 2 2 6 7 9 6
694 6 3 2 7 2 4 10 8 2 3 10 4 5 8 6 10 10 5 2 6
751 1 1 8 4 4 5 6 9 9 9 9 10 8 1 1 7 8 3 10 5
877 10 2 3 9 10 8 7 2 8 4 6 7 7 1 9 4 2 10 9 9
694 9 7 1 7 10 7 4 7 3 4 9 6 8 3 3 3 5 5 4 5
636 7 9 4 3 3 7 5 9 6 2 3 5 6 5 1 8 5 1 3 8
763 7 3 7 8 6 1 2 10 7 3 10 1 7 5 10 5 10 7 2 8
720 10 2 7 6 7 8 7 10 4 10 5 3 9 6 6 5 10 4 6 1
677 4 1 8 3 8 3 6 3 3 9 8 8 9 2 4 5 5 10 2 4
874 2 4 3 8 8 7 1 10 9 8 5 4 5 10 5 10 8 9 7 6
697 2 9 2 1 4 8 2 7 4 9 7 1 8 1 7 6 7 10 6 4
20
824 2 5 4 2 9 8 8 7 5 3 7 9 6 9 4 10 5 6 5 5
837 3 7 6 10 4 1 1 3 8 4 9 2 4 7 8 4 7 7 9 10
844 7 9 8 1 9 7 1 2 9 2 3 5 1 10 9 2 6 10 4 6
753 8 5 3 9 10 10 9 3 1 5 10 3 4 9 5 9 6 6 3 2
774 5 6 9 4 4 4 4 5 9 10 10 1 4 6 4 9 10 4 5 10
760 1 4 2 8 10 8 6 5 2 6 8 3 9 10 4 2 5 1 8 6
699 4 4 9 5 8 8 4 7 4 10 8 10 6 3 3 5 10 3 3 4
665 1 9 7 10 8 7 5 3 5 10 2 2 4 8 8 1 9 1 2 5
717 1 4 5 4 3 9 3 9 7 6 1 10 6 3 2 4 6 9 7 10
658 6 3 2 8 3 3 5 3 9 5 6 4 4 7 2 4 1 6 7 10
662 10 8 8 3 2 4 1 6 4 2 3 4 1 1 8 1 1 10 10 10
778 10 3 9 6 5 10 5 7 2 1 10 5 3 9 7 4 9 6 3 7
794 3 4 8 3 8 4 2 2 8 7 6 8 7 6 3 10 9 5 7 4
664 9 2 6 2 5 9 8 8 10 5 3 5 7 3 1 9 10 3 2 4
881 10 4 9 4 8 10 8 5 9 8 10 10 2 9 4 1 6 6 5 7
727 8 10 1 9 3 9 5 9 6 2 7 1 3 3 4 2 5 10 5 9
600 7 3 5 4 2 4 3 5 2 8 5 1 1 9 9 8 2 6 4 7
731 6 7 8 4 5 6 5 5 4 4 6 7 2 10 4 1 6 9 2 3
717 5 6 8 5 4 4 9 7 8 4 4 4 3 3 9 9 10 2 6 4
718 10 2 2 9 9 6 3 8 8 1 7 7 6 6 7 4 3 7 1 1
20
926 5 10 9 4 5 10 8 10 4 3 10 6 8 4 9 6 6 3 9 6
827 5 4 3 1 7 5 4 2 9 2 10 5 5 10 4 9 1 3 6 10
785 4 9 9 6 9 2 5 4 3 3 10 10 1 7 10 8 2 2 5 2
679 9 3 9 2 4 3 8 4 2 7 7 2 3 10 3 9 7 2 7 8
736 3 10 5 2 1 9 10 2 8 9 1 3 7 2 10 7 2 8 3 6
838 6 2 3 8 2 8 9 10 4 8 9 7 9 10 2 3 6 10 4 10
708 4 8 6 10 4 3 7 1 3 5 7 7 6 4 3 4 7 3 6 9
811 3 6 1 4 4 9 3 2 4 6 10 3 6 9 6 10 2 9 6 4
796 5 10 8 5 9 7 5 7 10 3 1 1 1 7 8 8 7 5 3 10
655 6 5 2 2 9 2 4 3 6 2 6 5 4 4 1 9 1 3 8 7
571 2 2 7 5 6 1 8 1 2 8 6 4 1 9 1 2 8 2 4 9
735 3 3 8 5 6 3 6 5 3 4 6 9 8 8 7 4 3 8 1 10
668 7 2 10 5 7 10 5 10 9 4 4 3 7 1 2 1 7 6 7 2
721 2 8 5 1 6 9 4 5 3 4 4 3 9 10 4 4 1 10 2 5
740 4 4 5 1 7 8 4 2 1 1 5 1 2 10 6 9 7 6 9 7
657 6 9 3 5 5 4 1 1 2 8 3 1 10 9 6 10 4 6 2 2
704 7 9 7 7 6 8 5 9 4 3 9 7 1 5 1 4 5 1 2 9
659 8 6 4 3 8 3 3 5 2 4 10 6 8 4 1 7 3 4 4 1
735 2 2 2 3 1 6 8 5 4 10 4 3 9 8 8 10 9 10 2 7
752 10 1 1 8 9 6 9 1 1 8 2 10 1 9 10 8 2 7 6 9
20
801 7 2 4 2 10 8 5 9 10 8 7 9 7 3 6 5 4 3 6 8
550 2 6 3 7 5 2 9 9 5 2 4 2 8 6 1 3 8 2 5 1
844 9 3 10 6 3 3 1 5 9 9 4 6 7 8 9 7 5 6 10 7
650 7 8 8 3 8 4 8 1 4 10 5 3 6 4 3 3 8 7 2 1
578 9 7 3 4 1 6 1 4 2 4 2 7 8 7 5 4 4 1 6 3
641 8 10 1 10 6 3 8 6 7 1 6 6 9 3 3 8 5 4 1 1
824 5 8 7 10 10 8 5 6 8 3 1 2 6 7 3 5 4 3 10 8
752 3 9 1 5 1 10 3 7 5 5 6 3 4 9 5 7 8 7 2 9
700 4 7 3 9 10 9 10 7 2 7 8 2 9 5 5 1 10 1 4 2
788 7 5 5 3 10 3 6 5 9 3 5 10 3 3 10 10 7 1 7 6
764 1 9 1 1 2 7 5 10 7 10 10 10 5 3 5 8 7 4 4 9
701 6 6 4 6 4 10 9 4 3 2 4 5 6 7 9 2 2 3 1 9
748 4 5 9 2 5 6 2 4 2 4 4 3 9 7 9 2 10 10 10 2
683 2 6 7 1 5 1 8 10 9 6 2 3 4 10 5 6 7 6 3 6
808 4 9 5 4 8 10 3 7 8 8 3 1 7 5 4 5 1 1 9 10
730 2 6 8 7 8 9 9 5 9 7 9 4 3 1 5 9 1 6 2 3
676 6 6 4 4 6 8 3 2 5 6 1 5 6 6 7 7 4 1 5 6
635 1 10 4 7 10 5 8 3 6 1 4 3 8 3 1 2 8 6 3 1
660 3 3 7 7 3 3 8 3 7 6 3 4 7 3 10 9 5 1 5 9
777 3 5 6 9 7 7 7 8 10 5 1 9 6 4 5 7 8 2 3 9
20
788 2 1 6 10 4 9 6 7 5 6 2 4 8 8 10 6 10 9 5 6
752 2 10 1 10 2 8 5 5 4 10 2 7 7 10 9 1 3 2 10 4
732 7 7 1 5 1 8 7 4 9 7 6 7 7 7 5 7 4 9 1 1
918 3 9 4 4 6 10 6 6 7 9 10 8 5 4 5 10 2 4 9 10
538 9 7 2 8 4 4 1 7 1 1 1 4 6 2 4 4 2 3 9 6
665 8 2 9 6 2 7 8 4 5 3 4 5 3 3 5 2 8 5 10 9
763 9 2 8 1 8 6 8 2 4 6 4 10 6 3 6 4 3 9 5 9
746 10 9 7 7 9 9 4 10 5 4 1 6 1 9 7 8 5 1 4 4
625 1 1 5 8 2 10 2 1 10 9 10 3 3 3 8 1 2 6 3 1
756 7 1 8 5 10 10 5 2 3 10 8 2 5 1 4 9 9 7 7 9
741 6 7 9 3 7 3 8 5 3 9 6 8 5 6 7 3 6 4 7 7
628 9 3 6 6 7 2 3 8 6 3 1 5 4 8 5 8 3 9 3 2
760 2 2 4 9 4 10 6 10 1 9 7 4 2 6 9 2 8 3 10 10
659 7 6 8 10 2 10 6 2 3 1 3 10 7 6 1 1 3 5 8 1
656 1 4 7 3 1 3 2 7 4 6 5 6 1 9 8 7 2 1 7 9
838 10 9 3 8 3 7 8 2 4 6 5 6 10 7 9 9 9 4 5 10
625 10 7 4 1 7 3 6 5 9 5 4 6 1 3 3 1 3 5 3 7
673 7 10 9 6 2 2 10 7 8 4 4 4 2 2 1 8 5 4 10 7
560 8 2 3 3 10 4 1 8 10 2 6 4 6 1 1 3 9 3 1 2
885 6 7 3 9 9 7 6 2 8 6 6 10 10 10 3 5 6 8 8 2
20
669 1 6 4 6 1 1 8 4 3 4 10 1 2 10 5 8 4 6 4 9
756 4 10 6 8 4 1 10 9 3 6 10 1 10 6 1 6 4 1 8 8
665 8 4 9 6 3 4 3 6 1 3 2 4 5 7 1 2 8 5 10 10
644 6 9 1 4 7 2 1 6 2 2 9 1 1 9 5 6 1 7 5 4
681 2 7 9 3 6 7 9 3 8 3 1 3 10 3 6 7 9 1 1 9
858 8 8 10 8 9 8 10 7 7 9 7 7 8 6 1 10 1 5 2 2
617 5 1 4 1 3 10 9 7 1 4 7 5 9 4 1 7 9 5 6 5
663 10 6 9 3 10 4 10 6 2 7 3 8 2 2 2 5 4 9 7 4
563 7 9 1 3 3 6 10 1 9 1 1 3 8 2 3 7 7 7 1 2
761 1 9 7 2 7 3 9 9 6 5 8 7 6 6 4 1 3 6 9 4
528 3 2 8 8 4 4 10 1 6 3 4 2 3 7 2 1 9 8 1 2
859 5 2 4 3 7 1 9 10 9 8 5 7 6 4 10 10 1 7 9 10
793 3 8 9 3 7 7 8 1 9 3 10 2 2 5 4 4 6 6 8 3
774 4 10 2 1 7 4 7 9 9 5 6 8 10 6 5 5 1 3 4 7
672 9 7 3 1 3 2 6 3 10 5 1 9 1 10 8 7 5 2 1 8
745 4 5 9 4 8 5 1 5 2 3 6 6 2 10 9 4 1 5 3 8
733 6 2 2 1 8 6 3 6 7 7 6 7 7 1 5 9 4 10 9 1
597 7 3 10 1 3 3 2 10 5 2 7 2 8 2 5 5 6 3 3 8
818 7 3 5 3 7 7 10 4 6 5 7 10 10 5 2 7 8 10 10 3
654 1 5 2 5 1 1 8 10 9 7 5 4 5 3 10 4 7 9 4 6
20
786 9 9 9 3 10 6 7 3 3 6 3 7 6 10 9 2 1 9 1 4
572 2 1 2 6 6 3 5 10 6 6 2 5 10 5 3 10 5 4 2 2
469 5 5 6 9 2 1 6 2 1 8 5 2 4 4 7 2 1 3 3 2
839 2 2 8 4 4 9 4 10 10 7 9 5 9 7 7 1 2 6 1 10
713 4 8 3 10 7 6 2 9 2 5 1 9 7 2 5 4 3 7 7 7
599 10 7 2 1 6 2 10 2 3 6 1 5 6 3 10 3 4 7 1 8
815 6 5 1 5 8 6 7 6 9 2 4 10 1 6 9 8 2 9 4 8
788 4 5 10 6 6 7 4 2 4 8 5 9 9 2 7 10 4 7 10 4
568 9 1 7 3 8 7 9 3 2 2 4 7 3 1 4 3 6 9 2 3
786 7 8 10 4 6 10 6 9 1 1 7 4 8 10 7 3 2 7 1 3
597 5 4 2 7 2 2 4 3 1 7 10 5 6 3 8 6 8 4 4 2
757 6 4 6 4 1 10 2 1 1 10 3 5 9 9 2 8 1 8 10 10
792 8 8 4 8 6 8 4 2 7 10 5 2 6 4 7 8 6 7 8 2
704 5 9 5 10 9 10 5 7 6 1 3 4 7 7 5 5 7 1 2 4
792 4 7 5 4 9 3 1 7 9 1 6 3 5 2 7 7 9 9 9 9
680 7 3 5 4 5 4 9 2 5 8 7 9 2 3 1 9 6 10 1 9
615 9 8 4 1 8 9 9 3 4 2 4 2 3 1 6 3 3 5 2 6
795 3 1 5 3 10 10 10 6 6 9 7 1 9 8 2 1 3 6 10 6
852 7 6 6 7 9 7 7 5 1 5 10 6 10 8 8 6 8 1 8 8
638 1 3 1 1 6 5 5 5 7 7 1 3 2 8 8 4 8 4 10 6
20
601 4 3 2 7 3 7 7 2 4 10 3 2 5 8 3 9 3 2 1 8
691 8 6 2 4 7 2 10 9 4 6 8 5 3 7 1 4 7 10 2 4
765 9 2 3 6 9 5 9 6 8 1 1 1 8 6 7 8 1 3 10 8
793 8 8 3 6 6 8 3 1 4 3 4 6 2 3 5 9 4 8 10 9
653 5 1 5 5 2 1 3 5 2 1 6 7 4 8 9 4 2 10 8 1
795 8 7 7 1 7 8 6 8 5 4 7 2 1 9 5 9 5 6 8 3
862 8 6 6 3 10 5 7 10 7 3 10 6 2 6 9 3 5 1 9 10
852 3 9 6 5 7 7 8 4 9 2 8 4 7 8 7 8 8 1 1 9
744 4 5 4 10 9 6 7 9 3 6 7 2 4 10 9 1 1 3 4 7
766 7 5 8 7 10 1 2 6 9 5 5 10 2 4 1 8 5 7 9 2
901 5 7 5 7 8 9 10 4 4 1 2 10 4 7 10 6 2 7 10 9
540 3 5 4 4 3 6 2 5 1 1 3 7 8 2 8 2 10 1 4 1
619 7 7 8 10 6 8 7 1 1 6 5 6 4 10 2 2 2 3 2 2
763 10 8 6 7 9 2 7 9 7 4 6 1 6 6 2 1 8 6 5 10
576 3 2 1 2 9 4 3 9 3 5 4 6 4 2 8 5 8 1 1 9
808 1 7 8 1 9 3 7 3 3 4 4 10 8 6 7 10 9 9 2 7
728 7 7 1 5 5 6 5 10 2 4 4 4 5 5 8 10 9 8 9 1
766 5 10 1 4 4 6 9 5 4 9 3 1 9 3 8 9 10 4 10 4
773 5 5 4 3 8 7 2 6 8 4 6 8 8 1 8 9 8 7 1 9
665 3 4 3 4 1 9 10 1 5 2 9 4 2 7 3 10 6 2 2 10
20
761 4 3 3 6 1 9 9 8 1 2 4 10 9 7 10 5 4 3 7 9
650 4 2 3 2 10 2 10 8 2 10 7 8 5 5 8 3 2 3 1 7
889 6 8 4 5 8 1 8 5 7 5 9 8 9 10 4 2 9 2 10 8
788 1 8 2 3 4 8 1 10 5 1 10 10 2 8 4 8 10 6 2 7
768 4 5 1 7 9 10 10 1 4 8 3 6 3 6 5 1 9 9 7 9
597 6 2 8 8 7 2 10 10 6 7 2 4 4 7 3 1 2 4 2 6
595 5 4 1 7 4 4 2 9 3 6 4 5 6 8 2 1 7 3 4 8
587 2 4 3 6 4 6 7 7 3 8 2 1 1 7 8 5 1 6 2 8
703 1 8 1 2 1 2 2 8 2 8 5 9 10 7 3 6 6 4 10 7
877 5 8 10 6 5 3 7 5 7 4 9 9 6 7 2 4 10 6 9 8
786 3 3 7 8 8 10 10 9 5 3 10 4 9 1 7 2 8 5 9 1
620 5 4 5 1 4 6 5 10 8 1 3 4 1 3 6 5 9 7 3 6
616 2 7 2 10 1 5 8 1 10 5 10 2 1 4 5 2 3 1 1 7
724 7 1 10 9 1 2 7 5 7 10 8 2 3 10 2 9 1 6 4 10
755 9 5 2 1 6 4 1 7 5 6 2 5 8 8 7 3 5 10 9 8
528 7 2 7 6 6 2 2 8 1 8 4 6 3 1 3 9 3 2 8 2
717 8 2 9 8 8 8 2 5 7 7 6 3 2 5 5 3 4 7 5 8
713 3 5 5 2 10 3 1 1 6 5 8 3 6 2 8 9 3 9 4 1
696 8 2 6 4 3 4 6 4 8 1 9 6 9 3 10 9 4 4 5 1
702 2 7 1 5 2 4 7 8 6 9 1 2 3 7 7 6 10 10 6 6
20
797 8 8 8 1 3 8 10 2 4 6 10 10 3 4 4 9 1 7 9 2
625 10 10 1 4 7 5 9 4 1 5 6 1 3 1 5 9 3 3 2 10
698 9 5 10 9 4 4 7 7 4 5 8 4 3 3 5 10 4 7 5 4
692 10 5 8 2 6 6 8 6 1 10 8 5 8 6 3 1 8 9 4 1
850 3 6 10 5 4 10 9 7 6 7 8 1 9 5 9 6 10 6 5 5
669 10 9 2 4 9 9 2 2 7 7 4 2 1 2 3 8 6 1 3 9
741 3 3 2 5 10 6 3 4 5 4 7 2 7 8 10 6 6 3 5 4
829 4 4 6 10 10 7 6 5 3 8 10 8 5 5 1 9 2 4 10 7
833 1 3 3 8 9 7 7 8 4 9 8 1 9 7 5 10 9 9 8 5
709 5 1 7 7 4 7 1 9 10 4 3 2 5 8 1 6 10 6 6 9
776 4 7 8 1 5 4 10 10 9 8 9 4 1 8 7 4 8 1 3 10
619 9 4 2 4 10 1 7 8 2 1 7 10 1 6 5 1 9 9 4 2
672 10 2 1 5 6 5 8 2 7 3 6 1 1 2 9 1 7 7 9 8
637 8 2 2 10 6 6 3 5 7 2 10 3 1 1 9 2 5 8 2 8
567 1 8 2 7 4 2 7 8 6 9 5 3 3 1 9 10 9 2 1 4
924 4 9 9 4 8 6 9 10 10 10 3 3 5 8 9 7 7 4 9 8
631 8 9 1 7 3 1 5 4 4 6 6 4 7 2 6 7 4 1 7 6
806 9 9 1 10 10 7 1 1 7 2 9 6 4 10 1 7 3 4 8 3
797 2 9 10 7 10 3 1 4 4 8 8 3 2 8 7 8 1 1 7 10
797 3 2 9 3 10 8 5 10 4 1 2 7 10 8 9 4 8 8 2 6
20
732 4 9 2 6 3 4 5 4 2 10 9 8 10 2 5 10 2 9 1 10
824 4 3 6 6 10 4 5 4 6 10 9 7 5 4 1 7 4 10 7 7
681 5 8 7 6 4 9 7 8 7 4 3 5 2 5 9 1 1 2 1 5
829 6 7 7 4 8 8 4 7 9 3 7 7 3 5 8 10 3 5 4 4
709 6 1 4 5 1 2 7 9 9 8 5 7 3 6 3 8 9 8 8 5
735 2 3 6 1 9 5 8 1 10 10 5 1 6 1 9 2 3 2 10 6
670 9 1 1 7 7 10 10 4 9 2 3 2 3 3 2 4 9 7 4 8
737 8 10 10 5 5 10 4 9 1 4 7 9 10 1 4 1 3 7 1 3
773 4 9 5 5 5 8 3 5 8 5 9 1 9 7 3 3 7 1 5 7
737 2 6 8 2 2 7 10 4 6 5 5 8 3 7 2 3 1 10 8 3
883 7 7 6 6 8 7 9 8 10 8 7 6 10 3 9 10 6 7 4 1
727 6 3 7 6 1 10 2 3 2 6 8 9 2 9 7 10 2 2 4 7
670 8 5 8 3 3 5 4 7 3 2 4 5 7 10 2 1 6 2 8 10
677 4 10 3 10 2 5 6 7 5 7 4 3 5 4 2 6 8 1 10 4
637 8 1 6 9 10 4 5 6 1 7 3 9 1 6 3 2 10 3 9 4
802 5 6 6 9 5 3 9 3 8 4 9 4 9 8 7 4 7 6 6 4
699 5 3 1 6 10 6 5 10 10 3 2 4 7 2 8 8 2 1 4 10
774 10 4 9 6 8 2 3 1 4 4 1 6 10 8 10 8 10 9 7 2
680 1 2 7 8 2 7 4 10 6 1 4 10 9 10 4 1 10 7 3 2
817 9 4 7 3 10 1 2 4 10 9 3 2 10 4 10 9 9 10 5 6
20
749 10 3 9 9 5 4 4 5 10 6 7 2 5 4 10 4 1 6 6 1
727 8 1 1 9 3 10 6 8 9 5 6 3 1 10 5 10 2 7 2 9
708 8 9 9 10 3 8 10 8 5 2 3 10 6 1 4 8 5 6 4 4
710 10 3 5 2 4 4 2 5 7 5 7 7 7 3 8 3 9 6 4 3
661 4 8 3 8 2 6 3 1 4 9 6 8 4 4 4 8 1 3 9 3
785 7 3 4 7 2 7 6 10 7 10 2 4 10 9 10 8 1 6 6 8
706 3 5 2 6 4 1 7 10 6 9 3 7 6 2 5 2 9 8 9 10
714 7 1 1 9 5 10 2 3 2 1 7 6 5 5 5 7 5 4 8 9
605 4 8 4 4 7 5 2 7 3 5 10 2 4 1 3 4 1 5 6 3
689 2 6 8 7 8 7 5 4 9 4 2 4 4 3 4 7 7 5 8 3
799 3 2 5 8 6 1 6 8 8 9 10 9 4 10 2 6 1 8 10 4
827 7 3 10 6 9 2 1 7 6 6 7 5 7 2 6 9 1 10 7 10
626 4 9 10 9 2 3 4 2 8 8 5 2 2 3 4 9 3 2 4 5
859 1 1 3 3 6 9 4 7 10 8 10 10 1 9 5 7 2 8 9 6
818 4 8 10 9 2 10 2 2 4 4 9 5 10 3 1 7 8 8 9 3
795 2 3 5 6 8 2 2 2 2 7 6 7 8 8 5 10 8 10 5 10
783 4 6 10 2 8 4 5 4 4 9 10 5 9 6 1 1 2 6 3 9
769 8 8 8 8 10 2 3 7 3 2 3 10 3 6 4 10 4 5 6 6
683 5 1 1 4 5 10 1 7 2 1 4 10 1 5 2 10 7 8 10 7
679 3 3 10 9 9 4 7 3 2 4 6 10 5 9 2 5 3 1 4 7
20
845 4 5 4 8 4 8 7 6 2 10 9 3 7 7 5 8 10 10 6 8
747 9 5 5 9 9 9 8 8 9 4 3 1 6 2 3 9 3 5 8 8
820 7 8 4 10 8 3 2 4 8 8 1 2 8 9 10 3 9 8 7 4
475 7 9 1 7 5 5 5 6 4 8 1 3 5 2 3 1 6 1 1 3
814 9 10 6 1 5 2 7 2 6 2 4 9 9 10 9 6 6 8 2 1
740 5 1 10 5 9 5 7 7 3 1 5 8 6 5 10 7 2 7 3 3
702 1 8 3 8 10 3 10 9 5 8 1 5 5 1 6 8 9 5 6 7
704 6 5 7 4 4 7 1 3 3 8 4 6 1 6 6 7 1 10 7 4
602 5 2 1 7 2 6 1 9 5 2 2 4 10 9 1 4 4 8 8 3
751 10 8 8 6 8 5 4 1 10 1 4 7 1 2 2 9 6 3 7 7
954 2 10 4 5 8 5 1 1 10 4 9 8 9 3 10 10 8 10 5 5
751 5 3 3 7 9 8 6 6 2 5 5 6 3 7 8 2 10 6 7 6
621 2 1 4 5 4 1 10 10 1 2 1 9 4 8 8 8 10 2 7 6
672 1 4 9 1 3 3 8 4 9 2 7 10 1 9 2 7 5 2 4 6
630 3 6 5 1 4 5 4 9 7 8 2 6 7 4 2 2 1 8 5 6
647 6 10 4 10 2 8 1 1 6 2 1 4 2 8 5 2 1 1 6 9
586 4 5 9 4 7 8 8 7 1 4 2 7 1 1 1 9 2 1 5 6
909 1 10 9 2 1 9 5 6 7 8 9 5 10 7 8 9 6 9 9 3
862 1 10 3 4 1 5 6 1 9 8 9 5 8 4 8 5 5 9 10 10
768 7 8 4 4 6 5 2 10 2 9 10 4 4 4 10 10 8 10 1 3
20
625 7 4 8 8 5 3 7 9 7 6 5 9 4 1 2 3 6 7 2 4
648 3 3 5 8 1 2 4 8 10 3 3 4 10 10 3 6 1 1 4 9
778 1 5 8 8 10 5 8 7 6 8 6 8 4 3 8 3 10 2 5 6
738 4 7 10 3 8 8 2 3 9 9 8 5 7 1 3 2 5 5 5 2
914 9 2 4 9 8 7 4 10 10 4 9 9 2 8 6 9 1 10 9 5
585 8 5 3 5 2 1 8 10 6 8 10 7 4 2 3 10 2 3 1 1
651 10 4 8 3 4 3 8 1 5 9 4 1 10 1 5 6 3 10 1 7
609 3 6 1 1 6 6 7 7 1 3 1 5 8 8 9 2 4 8 2 4
578 2 4 1 4 3 2 7 9 1 8 7 2 10 6 6 9 5 1 2 9
527 5 5 1 8 1 1 5 5 3 3 8 8 4 3 1 2 10 10 1 6
781 2 7 5 7 5 4 10 4 2 9 10 3 2 8 7 1 9 9 5 9
664 8 8 9 2 4 7 10 3 4 2 7 1 1 10 1 7 1 4 1 7
855 10 1 8 6 1 8 4 9 5 9 8 10 4 7 6 7 7 8 8 8
821 5 6 4 7 9 7 7 2 10 10 9 5 5 9 1 3 5 6 4 3
825 2 5 7 10 7 10 7 10 2 2 9 3 6 3 7 6 6 8 6 10
881 1 9 9 6 6 9 10 7 6 9 7 6 4 2 3 10 7 9 10 10
565 5 1 6 3 10 1 1 7 9 7 4 4 3 1 3 9 5 5 2 1
700 5 5 6 10 8 8 5 4 1 6 3 10 4 5 7 5 9 4 1 5
773 4 6 5 1 9 7 6 6 9 7 4 9 3 8 7 10 3 4 6 1
646 4 2 6 7 2 8 2 4 10 6 6 1 3 1 8 7 9 7 2 5
20
712 2 3 5 10 10 6 5 4 1 10 10 8 2 5 6 6 2 6 8 1
799 10 3 7 10 1 6 6 10 10 6 5 7 9 5 8 6 5 7 4 5
820 6 7 9 8 10 1 6 10 5 7 6 9 7 4 7 3 4 6 8 5
787 5 10 10 9 1 6 6 7 7 4 8 5 10 1 2 8 5 8 6 3
625 1 8 8 9 6 2 3 3 8 1 2 6 1 3 5 8 4 8 1 2
701 6 5 8 1 6 9 9 9 7 4 2 4 5 7 4 7 10 1 3 10
724 9 3 2 10 3 3 10 1 7 7 9 6 8 8 2 8 6 5 6 4
675 5 5 9 6 2 8 5 4 1 4 9 1 8 6 8 6 5 2 4 4
658 3 1 9 7 10 2 2 9 8 9 2 7 4 9 5 8 6 1 1 7
655 7 3 9 5 8 10 2 5 1 3 2 9 5 8 8 1 1 1 3 7
656 9 1 7 5 8 7 4 9 3 4 6 5 7 2 2 9 4 9 4 2
688 3 4 3 2 3 8 1 3 8 7 2 6 4 5 8 8 8 9 5 6
655 6 9 9 3 2 9 1 2 2 3 6 6 4 2 10 2 3 5 2 7
616 4 6 6 3 3 2 1 6 3 4 2 8 10 8 4 2 7 2 4 7
734 8 6 10 2 9 3 4 6 10 9 3 6 5 1 3 1 10 7 6 6
554 1 2 5 7 5 8 3 1 1 2 7 9 1 4 2 4 7 4 6 5
874 3 9 4 10 9 4 9 7 8 10 2 5 4 6 7 4 5 9 9 9
679 10 5 4 3 10 8 1 5 6 5 1 10 6 7 5 3 5 1 4 2
660 6 4 5 9 9 6 3 8 2 3 6 3 4 10 2 8 3 2 2 10
561 2 7 2 1 2 2 6 2 2 9 8 1 5 3 8 2 9 7 3 4
20
794 6 5 6 3 2 8 1 10 7 8 8 10 4 10 1 2 6 7 1 10
599 10 4 5 1 10 5 9 9 3 3 3 3 6 1 2 2 9 5 3 8
778 1 10 5 6 9 9 10 4 6 2 8 3 4 4 7 5 5 6 4 4
727 5 3 5 10 1 9 1 9 3 1 1 3 7 10 2 5 10 10 7 9
521 1 7 3 7 5 1 4 2 2 8 2 6 7 3 3 2 7 5 5 3
546 1 2 8 10 4 2 9 2 1 2 3 6 2 9 3 1 3 7 4 2
769 2 9 5 7 9 6 2 8 2 8 8 3 8 8 6 2 7 6 6 1
634 2 7 3 4 5 3 5 9 1 9 7 8 8 4 7 1 9 2 7 1
722 4 2 10 6 4 6 3 3 10 7 2 1 3 10 4 10 1 5 8 4
622 4 6 9 1 3 3 10 2 3 7 4 5 2 2 10 1 4 5 7 9
704 6 7 1 8 6 4 9 3 1 8 6 5 4 2 10 4 1 7 5 10
683 1 3 5 5 6 8 8 10 2 3 6 7 1 8 1 5 3 8 3 8
925 5 8 3 7 4 10 7 4 10 1 9 4 9 8 7 2 4 9 6 10
601 7 3 8 9 8 10 2 10 6 9 3 2 1 1 2 9 7 4 5 2
678 6 3 2 9 5 7 8 5 5 4 5 4 2 1 9 2 6 9 7 7
529 1 3 4 7 2 7 9 5 5 4 8 5 5 3 2 1 1 5 2 1
643 6 1 9 3 7 9 3 3 3 1 7 2 2 9 5 8 9 4 6 2
653 10 4 2 9 3 5 1 5 9 8 6 3 5 2 5 4 3 3 4 9
688 6 6 2 4 8 5 8 6 5 8 6 2 1 6 10 1 2 9 4 3
846 7 3 8 2 6 8 8 2 9 3 10 5 7 10 10 9 6 1 5 4
20
725 1 8 8 6 9 2 2 5 10 6 4 1 2 10 2 2 8 5 1 10
665 7 8 3 4 9 5 9 1 5 1 1 1 5 2 4 2 6 4 10 7
760 7 4 9 6 9 9 9 8 7 8 6 5 1 10 5 6 9 4 2 3
598 5 9 2 8 3 3 1 5 9 5 4 8 8 1 3 3 2 4 4 1
773 5 3 6 8 3 10 7 4 8 9 3 9 8 1 10 4 10 4 4 10
810 9 5 7 1 6 6 6 10 10 7 9 2 10 1 6 5 10 5 2 8
834 4 8 8 10 7 3 8 5 7 9 10 2 1 8 8 8 2 1 7 8
882 10 6 8 4 5 10 6 3 10 7 1 3 7 7 6 7 3 7 10 8
632 2 6 5 2 5 4 7 7 6 2 8 9 2 6 3 6 1 4 4 3
711 5 8 6 5 5 4 4 4 7 7 1 9 6 1 4 6 9 5 8 9
582 2 7 1 9 5 5 10 5 4 5 3 6 8 4 1 5 4 1 6 3
625 7 4 3 6 2 4 7 1 9 3 1 4 1 7 9 5 3 6 2 10
754 4 2 9 9 7 7 9 8 2 6 8 7 7 2 2 8 2 4 10 10
733 7 2 1 7 8 4 5 10 5 8 4 10 5 7 4 9 5 8 4 8
633 2 8 3 2 3 5 1 2 10 7 10 2 5 7 1 4 10 4 1 3
812 8 5 10 5 10 9 5 5 1 2 8 2 7 7 7 5 3 1 8 7
775 1 4 7 8 6 3 10 5 9 4 9 1 8 5 10 6 5 9 7 1
658 3 3 8 2 6 1 8 9 7 6 7 8 5 1 5 1 3 2 3 10
764 7 6 3 4 6 1 1 6 2 7 8 2 8 10 6 7 5 8 10 1
628 3 2 3 1 4 7 9 2 3 3 3 5 4 4 9 4 5 10 9 2
20
742 4 9 10 9 9 9 5 7 2 8 6 4 5 7 1 8 2 10 3 2
758 8 6 9 3 10 4 5 10 3 6 2 7 8 7 7 9 1 2 7 7
721 8 1 9 1 1 2 4 7 6 8 7 10 8 7 10 3 7 2 3 6
751 5 6 1 4 2 7 7 1 6 7 10 4 4 9 3 9 10 1 9 3
711 6 6 2 10 2 10 9 10 4 1 1 5 3 6 10 2 7 8 5 8
695 10 2 3 5 9 10 6 5 3 8 1 6 5 6 8 1 7 10 4 2
710 2 2 9 10 4 8 1 9 7 7 2 9 2 9 2 1 7 6 4 7
740 9 3 1 10 2 1 10 8 6 7 9 8 6 5 7 2 5 8 5 6
703 1 6 10 2 9 5 2 10 6 8 6 2 8 4 4 1 2 2 8 2
636 1 6 3 5 6 7 6 4 4 4 3 2 10 8 7 6 6 6 1 3
799 6 10 10 8 6 3 9 10 7 3 4 2 2 6 10 4 3 8 9 4
725 6 4 3 6 4 5 1 9 9 4 5 8 8 8 4 3 10 10 2 1
585 1 5 5 9 7 1 10 6 7 10 2 1 5 2 7 1 8 3 7 4
836 8 7 1 3 8 8 7 3 7 1 7 7 6 9 9 8 8 2 8 3
834 9 5 3 3 10 4 7 10 5 2 10 1 3 10 9 1 2 10 10 4
658 2 1 8 8 4 10 9 10 3 10 4 2 4 7 7 9 2 1 7 4
678 3 6 5 1 8 4 3 7 2 4 1 7 9 6 6 3 3 7 5 9
729 10 6 2 1 8 2 2 3 6 3 2 10 7 7 3 9 3 10 5 3
845 3 10 10 7 6 3 8 1 8 2 3 10 7 7 5 1 6 9 8 10
733 8 8 7 7 4 8 5 7 5 9 2 9 1 5 6 5 5 7 9 1
20
708 6 10 4 9 4 3 8 6 4 6 6 5 8 4 6 5 2 9 2 6
593 9 5 1 2 2 7 1 7 6 6 2 2 8 7 2 2 3 7 3 3
577 1 4 2 2 8 3 5 7 8 9 3 6 2 5 2 5 4 2 3 6
665 1 4 6 5 10 9 7 4 4 3 6 3 6 4 8 4 4 3 1 2
688 2 1 9 8 8 3 7 4 4 10 8 9 4 4 4 9 7 4 4 6
685 9 5 1 6 9 2 7 9 6 10 8 1 5 5 10 2 2 9 3 2
686 9 5 3 7 1 5 3 10 9 6 9 2 7 1 3 9 3 10 5 2
856 1 7 2 3 8 9 10 3 6 3 10 10 9 5 1 5 4 5 10 7
794 9 3 6 3 3 7 6 6 9 8 5 9 6 2 10 5 5 4 10 8
773 1 7 10 1 7 4 4 3 2 1 9 3 2 9 6 9 9 5 8 8
549 1 4 1 1 6 8 10 4 3 3 4 4 10 1 4 4 2 6 6 2
796 6 5 10 3 6 4 9 9 7 3 2 9 6 7 9 3 9 1 10 8
799 8 10 10 6 3 3 10 1 8 1 7 2 9 1 10 4 10 8 4 9
681 7 1 6 10 7 1 4 4 2 8 3 10 9 2 5 8 1 10 2 8
792 2 10 10 10 7 9 5 9 10 2 3 4 4 6 5 6 4 4 2 9
532 5 1 10 5 3 7 9 3 2 6 1 2 4 5 8 8 8 1 3 3
885 3 8 8 1 4 8 9 10 3 6 9 4 10 7 9 4 4 9 9 3
674 9 2 8 3 5 6 10 9 3 9 3 6 6 4 6 4 7 4 10 1
821 7 1 8 2 3 8 8 4 9 4 7 9 7 1 6 6 2 5 9 10
633 1 5 5 5 3 2 1 2 8 3 9 10 3 5 10 5 3 1 5 2
20
768 5 10 5 3 8 3 8 4 9 4 10 6 5 6 6 2 7 2 5 3
739 10 5 4 10 6 10 10 6 10 8 2 1 5 3 10 10 7 4 5 2
702 3 3 2 2 7 8 6 8 7 3 1 4 3 4 10 5 5 8 3 9
544 8 6 4 6 1 5 8 3 1 7 4 1 3 4 2 2 7 10 3 3
843 3 4 6 1 8 3 9 2 10 9 10 9 8 1 4 4 1 9 9 8
776 10 1 4 6 7 8 1 5 9 3 10 1 10 1 10 7 7 7 7 2
600 1 8 8 9 3 1 10 3 4 5 4 2 7 4 2 8 1 3 9 3
660 1 7 3 4 2 7 1 5 1 4 5 8 7 9 2 4 1 4 4 8
783 5 8 5 7 7 9 10 7 4 3 10 2 1 4 6 5 10 6 5 10
625 5 3 9 3 5 3 5 5 5 6 5 8 6 1 10 2 2 2 4 8
655 4 6 1 3 3 5 8 10 3 6 4 1 7 10 3 4 5 7 1 8
724 6 6 5 2 8 10 2 9 8 3 8 6 3 2 6 1 3 7 8 1
713 9 7 1 1 6 3 2 2 2 9 4 6 8 9 4 1 10 7 10 3
679 4 2 7 2 9 3 3 7 9 6 3 10 3 7 3 9 3 10 2 1
634 5 3 8 4 3 3 5 10 8 2 2 1 3 9 6 7 5 1 9 6
826 6 7 1 6 6 8 2 5 1 9 9 8 10 4 6 9 2 5 8 10
718 5 7 4 8 10 8 3 6 9 10 2 6 9 2 4 3 10 4 4 4
746 10 4 4 6 2 3 7 10 7 5 9 3 6 9 2 3 1 3 10 10
763 10 6 8 7 7 5 4 3 1 2 6 5 6 8 10 4 6 10 1 10
905 10 3 5 8 7 10 8 6 7 5 7 6 7 8 6 9 8 8 5 10
20
844 1 4 10 3 4 3 7 8 8 2 10 10 5 9 3 6 8 10 4 10
766 1 4 7 5 9 2 3 9 10 7 10 1 8 2 4 5 1 6 9 8
492 2 9 4 1 9 1 3 10 2 5 4 9 1 3 2 1 8 2 1 3
609 8 10 1 6 6 4 3 2 3 6 6 8 1 1 3 8 6 3 3 5
687 6 9 3 5 4 5 4 3 8 6 4 9 3 6 2 6 5 2 5 3
860 9 9 2 4 10 2 10 5 7 4 1 10 9 10 2 5 10 10 4 10
709 10 10 6 1 3 7 7 5 3 8 4 4 8 1 7 1 10 8 6 3
815 9 8 7 6 10 6 10 2 10 2 7 1 1 9 1 4 9 10 1 10
673 2 6 1 10 4 10 5 3 2 1 5 3 1 8 10 2 3 7 9 1
760 3 8 5 7 10 10 4 8 4 2 8 4 10 3 7 9 6 2 2 1
618 10 2 5 6 5 5 7 9 8 5 2 3 5 3 4 1 7 9 2 8
712 3 7 2 10 3 6 9 5 9 10 10 6 4 9 5 1 5 5 2 1
794 2 5 9 2 4 9 4 2 7 9 5 8 4 5 7 7 3 3 6 9
621 5 4 1 1 5 1 1 7 9 10 3 7 8 9 2 4 1 3 1 4
699 5 10 7 1 1 8 3 2 3 7 1 6 10 10 2 3 6 3 3 9
528 7 9 3 4 2 3 8 4 1 9 7 2 3 6 5 4 5 2 1 2
776 2 8 3 10 3 2 6 3 9 7 10 7 5 5 10 3 3 7 5 6
936 9 9 2 7 5 9 3 8 7 2 10 7 9 10 7 5 1 6 9 8
806 1 9 9 2 4 4 6 9 10 1 7 1 4 9 6 4 4 7 3 8
634 4 7 5 4 4 9 6 8 1 10 5 4 7 6 2 5 7 1 2 7
20
763 7 3 2 4 8 5 9 4 7 8 6 5 10 7 2 2 5 9 8 3
741 6 6 9 8 3 5 6 1 3 6 4 8 3 9 7 2 7 5 9 6
659 9 10 4 10 10 1 1 6 9 5 5 1 4 4 1 6 9 8 2 1
683 8 5 8 2 5 10 9 10 6 9 3 1 2 6 8 1 1 3 5 5
617 7 9 5 4 7 6 1 9 4 6 1 2 6 2 1 8 7 4 6 2
741 8 10 6 7 2 6 4 9 5 7 6 6 3 8 5 6 4 8 1 3
562 2 1 3 7 2 7 2 8 1 6 8 9 4 6 4 3 1 5 4 1
806 6 9 10 4 2 3 4 6 4 7 4 10 7 9 7 3 5 4 9 10
601 10 8 3 7 2 6 7 1 7 8 1 2 3 5 4 1 5 8 6 1
855 5 7 9 8 9 6 7 3 4 1 10 9 9 9 6 4 10 5 6 2
515 8 1 9 1 3 8 10 6 4 1 7 1 2 2 2 2 9 8 3 1
640 6 2 3 4 7 2 10 1 2 9 7 10 2 6 4 9 8 10 1 5
834 2 8 5 2 8 8 3 8 2 7 8 8 1 8 10 7 7 7 3 7
633 6 8 2 6 1 10 7 7 5 10 3 1 10 1 5 3 7 1 8 6
773 4 5 4 7 1 7 8 6 9 1 5 3 8 2 10 7 5 6 6 10
610 1 1 10 2 4 7 9 8 2 2 4 4 7 10 3 5 9 5 6 2
685 3 2 8 4 1 3 1 3 4 8 5 7 7 5 5 7 3 2 9 10
716 4 8 5 5 3 1 7 3 2 10 4 9 6 8 8 6 2 8 3 3
965 4 9 9 4 7 10 8 9 8 8 6 4 3 7 5 10 7 10 9 10
796 10 10 4 8 7 8 8 7 4 7 3 9 9 7 2 6 7 4 9 2
20
640 1 10 7 3 8 6 2 10 7 4 2 3 2 1 7 10 2 2 9 1
765 9 10 7 2 4 10 3 10 6 7 7 3 2 6 2 8 1 5 2 10
714 5 6 2 8 5 1 1 6 8 6 3 9 4 5 4 8 6 6 8 5
708 5 2 5 2 8 7 9 1 7 8 10 2 6 2 1 2 7 9 10 1
777 8 2 8 7 7 4 6 6 5 7 3 6 3 7 4 10 4 10 7 9
623 5 5 7 6 4 6 6 5 6 7 5 6 4 6 1 5 3 3 3 1
585 6 7 3 5 2 1 6 1 1 9 6 4 5 4 4 9 2 1 7 9
744 7 6 6 8 7 7 2 5 3 10 4 8 2 8 10 3 9 10 1 2
707 3 5 8 1 2 7 1 5 9 3 4 7 9 4 7 3 8 5 3 5
886 7 9 5 4 5 7 7 6 10 9 5 10 5 4 9 10 10 9 2 7
749 5 5 8 8 5 2 9 4 9 7 5 8 4 4 9 1 6 10 4 7
788 8 8 8 9 6 3 2 4 2 2 4 10 3 9 7 8 10 2 7 7
761 6 9 6 8 10 6 6 10 9 8 7 2 6 1 3 2 6 10 6 2
553 7 1 3 3 8 4 5 1 10 1 3 6 4 4 5 6 6 1 2 5
655 1 2 9 10 10 5 4 1 2 5 5 3 2 9 9 3 3 10 1 4
726 7 9 9 10 10 6 8 3 7 1 2 8 3 2 6 4 1 6 5 1
732 8 8 7 6 1 8 5 4 2 1 9 5 6 7 1 4 1 3 9 9
606 9 2 6 4 7 2 8 1 1 9 8 2 7 3 8 9 10 4 3 1
543 5 1 9 1 2 1 3 8 6 3 1 6 1 2 4 8 10 7 10 2
822 7 3 10 1 7 4 7 5 9 7 7 6 7 7 2 9 1 4 6 8
20
820 3 9 10 10 8 1 10 3 9 4 10 7 4 2 3 9 1 7 8 5
667 4 3 8 2 1 3 1 10 2 6 9 5 8 7 2 7 10 3 3 8
640 6 3 2 9 4 1 3 3 10 7 9 6 5 7 1 3 6 2 2 5
638 2 3 4 7 8 4 8 8 10 1 2 1 5 3 7 8 10 9 2 2
786 10 8 1 9 5 3 2 6 10 3 3 3 5 5 7 9 10 7 10 5
606 5 3 9 2 5 2 9 8 9 3 2 1 2 6 9 1 7 2 3 4
760 9 8 3 9 6 4 5 8 6 6 8 3 1 9 10 3 3 8 5 2
902 1 10 4 7 7 5 3 9 10 4 10 5 9 10 10 1 2 3 2 9
714 5 5 3 8 4 5 6 9 4 3 9 7 7 2 5 2 8 7 3 8
843 10 10 4 3 6 8 2 4 7 5 4 5 8 8 6 10 3 5 7 6
619 3 3 1 2 2 6 10 9 3 10 7 3 7 6 7 1 6 5 1 10
718 2 10 10 9 9 1 1 2 7 5 5 8 8 6 4 2 6 2 9 1
729 4 10 5 10 10 3 9 9 3 10 4 6 6 1 6 2 5 5 8 7
724 7 5 7 1 7 10 2 3 6 10 8 1 2 5 3 6 2 1 9 8
757 1 5 3 6 3 2 8 8 7 1 10 1 6 3 9 7 9 10 4 9
696 6 2 10 10 6 4 9 10 4 3 9 5 4 1 6 8 1 9 3 6
714 3 1 1 4 6 9 7 5 9 4 6 8 3 2 9 5 8 1 7 9
725 10 3 10 1 3 10 5 6 3 8 10 2 2 6 3 7 7 10 6 1
850 5 7 8 5 6 8 1 5 9 5 3 4 4 10 8 1 5 6 10 7
749 8 1 7 8 8 10 2 6 2 6 7 2 10 6 5 10 7 6 1 9
20
730 4 5 1 4 2 8 7 2 9 7 6 1 5 6 2 9 8 9 7 4
840 2 7 3 5 9 7 3 9 9 4 1 3 7 5 9 8 2 9 8 9
767 7 1 8 7 8 8 5 2 9 7 8 10 5 5 4 5 2 8 4 4
672 2 10 8 4 3 3 5 4 2 1 7 7 1 8 1 10 4 5 6 5
697 9 8 3 7 10 4 6 3 6 2 1 4 5 3 2 6 9 8 4 7
780 10 2 1 10 10 6 9 8 2 8 8 6 9 8 1 8 10 4 9 6
796 8 6 4 5 9 1 3 3 5 1 5 9 4 8 10 9 3 9 2 7
545 2 2 8 6 1 10 5 6 1 3 1 1 4 6 1 6 2 2 10 8
606 6 6 3 3 2 9 2 7 4 4 3 9 9 5 2 3 8 6 3 2
568 7 2 1 5 1 7 3 7 1 8 3 4 9 4 10 5 1 2 6 1
732 8 1 8 8 3 5 2 10 7 3 7 10 3 9 5 4 4 7 3 5
695 1 3 4 1 10 3 10 10 8 7 2 8 4 1 5 5 3 7 7 6
655 2 6 6 3 1 6 9 9 5 10 9 3 2 1 2 10 1 9 6 1
636 8 8 10 7 3 3 1 5 1 10 1 4 2 3 4 5 7 7 7 8
762 2 8 5 8 5 8 8 9 9 2 1 8 3 3 7 5 7 6 10 5
706 6 4 10 1 6 2 9 10 1 6 2 7 8 3 9 7 5 5 5 9
750 1 10 2 10 4 4 5 4 4 1 7 9 3 10 1 4 2 8 7 9
651 4 1 1 5 4 5 7 7 8 8 5 6 6 7 3 7 9 3 6 1
908 7 4 4 10 8 8 2 10 1 8 7 7 10 8 10 5 7 10 9 3
922 1 9 6 5 7 6 4 7 6 8 9 8 5 8 9 1 10 8 9 7
20
754 8 4 4 6 10 1 3 3 5 5 9 3 8 10 4 3 10 1 7 5
927 9 9 5 7 3 10 3 3 10 10 9 10 9 3 8 2 1 6 10 1
701 10 4 8 6 4 7 1 6 3 9 2 7 7 3 6 1 1 8 6 9
844 7 4 9 1 7 9 5 8 10 10 4 4 8 8 1 9 10 4 10 2
649 1 9 1 3 2 2 4 3 10 3 2 7 5 8 1 6 10 4 5 6
622 7 5 3 2 3 10 9 1 4 9 3 2 5 7 2 1 10 7 3 3
942 10 7 8 6 8 6 9 2 9 8 5 9 6 6 5 8 9 6 10 7
685 7 10 6 2 1 1 10 10 8 5 1 1 4 10 7 4 5 4 5 8
806 1 3 8 4 7 4 7 9 8 6 6 10 7 7 9 5 4 5 4 6
694 7 1 2 8 5 6 1 9 7 3 7 8 4 1 8 2 6 6 9 4
660 4 1 10 5 7 5 1 10 1 1 6 4 9 10 2 2 1 6 4 6
698 10 1 4 4 7 10 1 2 7 1 4 2 7 6 7 9 6 4 2 8
634 10 2 10 6 5 4 2 10 1 10 6 2 7 10 3 5 2 2 1 9
774 4 3 5 2 9 5 4 9 10 10 10 4 1 4 7 9 5 2 5 6
635 7 3 1 10 1 4 10 9 4 10 1 2 5 7 9 7 2 5 5 9
789 2 1 9 7 3 8 3 10 2 5 6 4 8 6 8 1 4 9 9 9
795 2 10 1 9 10 5 6 3 4 8 8 8 9 5 3 2 10 2 8 10
739 1 9 1 8 9 7 8 3 1 9 5 6 2 10 5 7 6 6 4 5
705 6 6 5 9 9 1 1 4 10 3 9 6 6 5 1 10 4 2 7 2
698 1 4 6 9 3 2 8 8 6 10 5 6 9 5 6 5 5 6 8 1
20
695 1 9 6 1 2 5 4 7 4 5 5 1 2 3 8 7 4 2 10 10
805 1 2 7 7 9 9 6 7 8 2 7 2 6 10 5 10 8 5 2 4
564 10 6 4 10 1 6 6 9 3 6 4 4 1 9 2 3 5 6 4 1
647 2 6 8 2 1 1 1 9 5 5 4 3 6 1 7 8 5 8 6 10
779 3 10 8 5 2 1 10 9 8 6 1 4 3 8 9 2 5 8 8 9
852 3 4 4 1 9 10 1 10 8 1 10 10 3 7 2 1 3 3 10 10
676 2 2 4 6 6 4 3 1 7 4 1 5 4 8 8 8 2 6 10 5
568 10 2 9 10 7 3 1 8 3 1 5 1 2 2 1 6 8 4 4 10
934 10 10 8 2 3 10 4 6 7 1 10 8 10 9 4 4 2 4 5 9
694 4 6 9 1 8 3 10 4 6 6 4 8 2 8 1 7 5 6 5 4
649 8 9 9 5 9 1 5 8 1 10 1 8 5 2 10 6 5 2 1 5
657 3 6 2 10 1 3 1 5 2 5 4 7 6 8 10 7 6 6 8 3
612 10 1 1 4 1 4 3 3 4 1 9 6 3 4 10 8 3 4 8 5
754 5 7 3 5 2 4 1 10 5 9 3 10 7 1 9 10 6 3 8 7
707 7 2 9 8 2 9 3 3 6 4 3 5 3 8 2 5 1 9 8 5
648 2 10 6 1 3 10 8 9 5 3 1 9 3 6 5 2 3 5 5 1
875 4 4 4 2 10 7 9 5 10 3 10 4 7 2 10 10 5 4 6 8
829 7 10 1 6 5 10 1 6 7 3 10 8 4 8 5 8 1 1 3 7
618 7 6 1 6 10 1 2 4 3 1 5 8 6 3 6 8 9 2 2 5
501 2 2 3 7 3 3 5 3 5 10 2 4 6 5 2 2 9 5 4 3
20
695 6 10 2 8 1 6 6 6 5 7 4 7 3 2 10 7 2 7 2 6
782 6 9 4 2 2 4 8 8 10 6 6 10 1 9 2 4 5 2 8 8
743 6 9 3 8 7 9 3 2 5 6 6 2 6 10 8 5 6 3 2 3
702 1 2 7 4 5 9 2 9 8 5 6 9 7 6 5 1 10 6 3 1
652 9 4 2 1 4 9 5 1 6 6 8 1 8 4 1 6 4 3 5 8
708 8 4 3 3 3 10 5 9 9 10 9 2 2 1 4 5 1 8 5 7
681 9 9 8 1 7 3 6 7 2 8 4 4 2 7 5 7 7 9 2 6
934 5 9 8 8 1 9 6 3 8 3 8 7 10 8 10 5 4 9 5 10
795 10 7 8 8 7 2 8 8 1 7 10 2 6 10 6 1 5 6 9 5
738 2 8 3 4 7 1 4 8 5 1 8 4 9 10 10 1 4 2 7 3
770 1 10 9 10 4 9 5 10 8 10 7 6 1 5 4 6 7 1 10 3
516 9 3 1 7 2 6 5 4 2 1 8 7 8 1 5 8 2 4 1 2
608 7 3 3 8 9 10 9 2 2 6 8 1 9 1 3 2 7 3 3 4
658 9 8 6 2 1 10 7 7 7 1 4 8 6 2 5 3 7 5 1 3
717 1 1 9 1 9 3 7 3 7 4 8 10 1 7 1 9 6 2 3 9
725 6 4 9 5 2 5 7 6 4 7 2 2 5 10 2 6 8 7 9 6
603 1 5 4 2 3 3 7 2 10 2 1 10 2 5 8 5 8 4 4 4
727 8 4 2 6 8 10 1 4 7 5 9 10 5 1 2 1 4 10 3 2
779 2 10 10 7 7 7 3 9 8 5 6 1 6 2 6 3 5 7 6 4
846 8 10 5 8 9 8 10 8 4 6 5 9 6 10 9 1 3 4 2 8
20
878 5 6 6 3 9 7 6 6 9 6 8 10 8 2 7 10 2 5 2 10
743 2 1 3 1 9 7 6 2 5 5 4 1 10 8 6 7 9 7 4 7
707 6 9 1 10 3 8 8 4 3 2 9 8 1 5 3 4 8 6 5 8
702 2 7 9 9 1 8 8 3 5 1 3 1 9 7 7 9 2 7 9 1
688 5 10 10 9 3 1 2 9 5 7 1 6 4 2 7 9 3 4 3 8
810 10 6 10 8 9 6 7 2 4 3 8 7 8 1 7 8 9 1 3 10
726 5 1 10 2 4 10 4 8 8 5 7 3 4 8 5 7 10 1 7 2
769 7 10 7 1 4 4 10 5 7 2 4 3 3 8 8 3 9 5 10 3
688 3 1 10 3 4 10 4 3 3 10 7 2 4 7 5 4 3 3 10 7
791 6 8 3 1 9 10 7 10 9 1 6 7 1 2 10 7 2 4 1 9
886 8 9 4 10 6 7 4 5 7 6 7 5 5 2 10 8 7 5 10 10
771 5 7 7 8 4 6 4 1 9 10 1 6 10 4 10 1 9 6 4 7
626 10 1 5 8 8 10 4 5 2 5 6 2 2 4 4 5 5 5 5 8
769 4 6 2 10 4 9 8 2 4 9 8 1 6 10 3 9 6 6 8 5
930 1 10 9 3 10 10 1 5 7 9 9 4 5 10 6 6 4 6 6 2
793 9 6 8 2 1 8 7 7 4 3 2 9 9 8 3 8 5 10 6 5
675 6 2 8 8 3 4 8 1 6 1 6 10 3 3 2 8 5 6 5 7
735 6 3 6 6 6 4 8 1 4 10 4 8 8 9 1 6 6 3 8 8
583 1 1 7 1 9 2 9 10 1 10 2 2 10 5 2 4 10 4 5 7
834 10 10 7 3 5 6 10 7 1 9 9 2 3 4 9 10 9 7 6 8
20
532 2 9 2 3 2 5 1 10 1 6 1 7 6 2 9 1 1 1 3 4
739 1 9 1 10 8 6 4 6 4 10 3 10 7 1 8 8 2 4 7 3
785 9 2 9 4 1 6 9 5 10 4 5 10 3 10 8 9 2 5 1 8
753 4 7 4 3 6 6 4 10 6 2 8 6 2 4 10 1 1 9 7 6
685 10 7 4 10 1 4 9 6 10 7 5 4 2 4 3 4 3 8 2 8
829 10 3 9 7 8 8 3 5 10 3 10 10 5 2 4 8 9 7 2 2
669 4 4 5 1 3 4 4 7 7 7 9 5 4 7 3 6 5 2 7 5
694 3 5 10 8 7 1 4 3 9 5 4 3 3 4 5 6 10 3 10 6
627 1 2 9 2 8 4 6 1 1 2 1 2 9 8 5 7 6 5 9 6
857 5 10 5 10 6 10 5 2 9 4 10 6 4 5 6 7 10 1 6 8
739 7 8 6 2 8 6 2 10 10 5 3 4 1 1 1 8 6 8 9 4
806 2 10 2 1 4 9 5 4 6 1 10 4 6 7 2 10 3 5 7 8
773 1 7 6 10 4 10 3 2 9 1 3 7 1 8 8 10 3 1 4 10
689 8 2 10 5 9 5 1 2 1 5 4 3 6 6 2 7 3 8 9 7
759 3 10 4 2 6 9 7 6 1 3 7 1 9 9 4 2 10 10 3 4
667 2 4 8 4 8 10 7 6 3 5 1 6 8 9 2 1 5 7 3 4
865 10 7 9 10 6 2 4 1 8 10 9 7 7 5 1 1 8 5 10 10
730 4 2 4 4 10 2 7 5 9 9 4 9 6 9 2 8 6 1 5 4
800 3 7 10 6 3 10 9 5 6 3 10 6 8 3 4 3 5 9 7 3
641 1 6 5 6 9 5 5 8 3 6 4 4 7 3 2 1 4 4 9 8
20
660 2 5 9 6 4 5 9 10 3 4 1 10 10 2 4 10 9 3 3 3
632 1 1 5 6 8 5 3 5 2 1 10 1 1 5 3 3 7 10 8 7
805 6 2 10 10 8 10 5 1 2 9 9 8 9 1 6 8 5 7 7 2
625 2 2 6 7 4 8 6 10 4 9 4 6 10 1 5 5 10 6 1 2
700 5 8 1 9 6 2 1 8 8 6 5 7 9 1 9 3 5 2 5 8
872 3 10 9 2 4 6 3 5 6 10 3 7 7 10 7 7 4 9 9 5
642 3 1 4 4 10 6 2 10 1 2 5 6 6 6 5 2 5 9 9 2
574 9 7 5 10 3 7 9 4 2 7 4 7 5 2 4 2 2 2 7 2
625 9 8 10 5 1 7 2 4 2 1 2 9 6 9 3 2 5 9 2 1
754 9 2 6 5 7 3 3 6 3 9 10 2 5 4 10 10 10 9 4 2
710 7 6 5 2 1 7 7 6 5 8 7 2 2 10 10 8 1 4 9 1
758 5 6 3 9 10 10 1 3 9 8 3 1 2 5 9 2 1 9 3 10
563 2 6 1 2 1 3 6 7 4 5 4 2 5 6 1 4 7 4 8 5
703 8 10 1 5 10 8 4 8 4 6 4 6 1 3 6 10 10 7 1 1
681 1 1 5 3 10 3 10 5 10 7 1 6 5 3 5 7 2 8 6 5
653 5 6 5 1 1 10 9 8 10 9 4 3 6 7 3 1 2 8 2 2
689 6 9 6 7 8 1 6 5 1 9 6 6 5 5 2 5 8 9 6 5
752 4 6 6 2 1 7 10 5 2 6 2 9 10 8 10 6 10 3 7 3
746 1 8 8 4 6 7 1 1 8 5 3 3 7 2 1 4 7 10 6 10
680 1 6 7 4 4 5 4 10 6 5 4 8 2 9 4 4 3 2 5 6
20
667 5 7 3 3 9 8 1 10 1 2 10 6 3 3 3 2 4 4 4 6
631 1 9 10 3 8 6 7 6 3 3 2 5 5 1 4 1 1 4 8 5
639 8 3 6 3 3 9 6 9 1 7 10 2 7 5 3 2 7 1 3 9
591 8 3 6 3 2 5 4 6 5 10 8 2 1 3 4 9 4 3 1 6
727 6 10 3 7 7 9 5 3 1 6 5 5 2 2 6 1 10 4 9 7
687 1 8 5 2 8 8 7 8 6 3 6 5 6 6 9 1 5 1 3 3
728 7 6 1 2 2 3 8 4 3 5 2 7 9 10 9 4 1 9 7 9
760 9 3 9 2 7 9 10 4 5 3 1 6 10 2 1 5 8 8 8 10
701 3 6 8 1 8 3 9 9 5 2 4 4 6 8 3 1 4 5 8 7
758 3 7 9 5 1 6 2 7 10 7 5 8 1 4 7 5 6 9 6 6
841 5 4 5 8 10 5 2 6 4 9 10 4 6 10 1 5 2 9 10 6
656 2 2 6 10 4 3 5 10 1 9 4 10 1 10 1 1 8 7 8 6
760 9 1 7 3 8 6 2 7 10 9 2 2 7 9 9 6 5 3 4 10
526 4 2 3 3 6 10 8 1 3 1 2 4 6 7 3 4 3 3 1 4
826 6 10 2 8 1 2 4 7 10 6 7 6 10 10 8 6 5 6 6 3
788 3 7 4 3 9 3 6 6 2 1 8 4 8 10 8 8 1 8 7 4
543 9 2 9 6 1 1 9 4 6 4 1 2 6 3 9 5 9 7 2 3
756 10 8 7 8 10 1 5 1 10 5 10 3 1 3 5 1 4 5 8 4
819 8 4 6 2 3 6 9 7 8 5 8 6 7 10 6 2 3 9 5 2
610 9 4 10 4 3 9 10 2 4 4 2 7 8 1 1 5 5 2 4 10
20
758 3 5 10 7 4 9 4 7 4 3 8 6 8 10 8 4 8 2 5 3
629 1 5 1 4 10 2 4 6 8 5 1 1 1 2 10 3 1 10 3 9
806 7 1 8 8 5 9 2 7 10 3 1 1 10 7 9 8 3 9 6 5
760 1 3 2 9 4 6 9 3 1 10 7 1 9 10 10 1 4 5 6 10
842 7 2 9 10 4 4 3 9 10 5 9 1 7 10 9 6 5 9 2 6
733 9 1 7 8 5 1 3 8 9 7 7 8 1 7 10 9 5 1 5 6
722 5 8 2 5 8 2 9 3 3 7 3 9 1 8 4 8 7 8 5 10
837 10 4 7 8 2 4 4 8 1 8 10 8 6 8 9 6 3 5 8 8
732 5 2 6 5 8 7 6 10 2 5 6 7 4 10 8 9 8 7 3 2
656 7 7 4 8 4 5 6 9 8 6 2 10 5 4 2 1 3 8 3 4
665 5 10 6 10 10 2 1 2 9 2 8 2 2 4 1 9 2 3 2 3
730 10 5 6 7 7 3 1 1 3 7 8 7 4 1 4 7 1 4 8 10
613 3 5 5 9 3 7 8 2 7 7 5 3 2 4 1 4 2 3 3 8
474 6 3 1 3 4 1 7 6 7 2 1 1 8 7 2 2 4 8 1 2
592 5 1 10 3 6 3 9 10 5 9 6 1 2 10 2 5 10 6 1 1
815 10 10 3 10 9 10 4 3 1 6 4 5 10 2 9 8 9 10 4 4
761 6 9 3 5 6 7 3 10 8 4 10 2 7 4 5 9 9 2 3 5
683 2 5 6 10 8 1 4 1 6 5 7 5 6 8 5 9 7 1 3 5
705 3 4 2 10 3 6 1 6 7 1 4 10 8 8 2 1 3 8 8 1
806 3 2 2 3 10 7 1 10 1 8 9 7 3 10 10 3 3 4 7 8
20
610 1 9 1 2 1 4 2 1 7 3 9 3 3 3 5 1 6 8 2 9
753 7 5 1 9 8 4 4 9 6 2 3 10 10 6 6 6 9 5 2 6
681 2 2 7 4 5 4 6 10 1 5 3 2 4 9 3 6 10 8 10 8
765 10 5 7 2 2 8 4 7 3 5 10 5 4 9 9 5 5 4 2 7
673 10 9 4 6 4 7 7 6 6 1 3 1 3 3 8 10 5 7 1 8
586 3 3 4 9 3 1 7 2 2 7 7 4 7 7 7 5 8 4 4 4
611 4 9 2 7 8 7 5 7 3 3 1 2 4 2 3 2 10 5 9 6
889 6 9 3 9 3 7 6 7 9 6 1 9 10 10 5 7 10 4 10 9
797 9 3 9 1 7 4 4 3 8 5 8 9 10 6 9 8 5 8 2 1
651 5 2 2 6 7 9 10 8 7 5 1 1 3 5 3 3 10 6 7 4
538 4 8 2 8 1 6 8 7 1 2 1 2 4 6 9 8 8 2 5 2
797 8 9 3 9 1 2 5 3 6 2 4 10 8 8 6 9 9 10 8 1
686 5 9 4 2 1 2 8 10 7 9 8 7 8 2 2 1 2 9 6 3
640 4 4 3 7 3 1 6 5 5 5 3 8 8 1 4 9 9 10 5 5
800 5 10 7 8 9 7 2 7 5 5 5 6 3 10 1 6 5 3 8 5
730 3 9 10 5 3 8 10 8 7 4 1 7 3 5 6 9 3 1 10 3
517 6 3 8 5 1 2 1 6 2 10 1 7 4 3 5 10 5 4 4 3
726 6 6 5 1 5 1 9 5 1 10 6 8 9 3 7 9 8 4 5 10
793 4 3 1 6 5 7 6 1 9 8 8 5 8 8 3 4 2 9 2 9
668 8 5 6 6 7 2 2 3 7 8 3 7 8 2 5 4 2 3 10 1
20
722 9 8 2 8 1 2 1 9 9 9 9 10 1 6 3 4 2 3 7 9
844 3 3 7 5 6 8 3 8 10 5 7 7 9 9 8 2 4 3 4 8
724 4 8 5 3 1 5 10 4 4 4 4 10 5 7 6 3 2 8 1 10
716 8 1 9 1 4 2 4 8 2 7 10 7 9 6 7 4 6 9 5 1
616 7 6 9 10 1 5 4 5 5 4 8 1 6 5 1 7 3 1 6 3
647 5 1 5 2 5 3 1 4 8 10 4 5 8 7 2 7 9 4 3 9
791 2 6 4 4 2 9 7 6 10 4 6 9 4 6 6 7 3 3 3 9
877 2 3 7 4 4 9 1 6 5 2 4 10 9 10 7 8 10 10 6 10
968 8 7 8 10 8 10 3 3 10 10 10 10 9 4 2 7 5 9 8 2
650 5 5 2 3 1 10 6 10 3 4 2 6 4 10 5 3 1 9 3 4
852 9 10 10 1 5 8 8 4 7 7 10 7 5 8 1 7 7 3 3 4
817 3 8 7 7 2 6 4 4 10 2 4 9 10 2 9 5 5 7 8 8
808 8 2 8 5 8 8 1 7 5 6 8 9 4 7 8 6 2 5 2 10
828 4 10 4 5 9 2 6 9 10 7 8 9 5 4 2 7 3 5 7 3
701 5 3 8 8 7 7 1 6 3 8 1 10 3 5 4 9 1 1 9 7
802 2 10 10 10 2 10 2 2 3 8 5 5 8 9 6 4 3 4 6 9
582 1 7 5 9 4 8 10 4 3 6 6 8 8 2 5 1 3 2 1 2
721 6 9 9 5 1 4 2 9 4 3 6 4 10 7 5 6 1 9 6 3
582 5 5 4 6 3 6 3 6 1 4 9 4 3 2 1 8 9 6 10 1
882 2 7 3 9 4 4 9 7 9 10 7 9 4 8 7 10 9 5 6 7
20
833 9 10 6 6 10 1 10 2 3 5 8 2 10 10 5 3 10 2 5 9
746 5 3 7 8 7 5 6 2 3 5 5 6 9 6 8 8 2 6 7 3
785 7 7 2 8 8 5 5 6 8 10 6 10 1 6 6 5 10 4 1 7
715 8 7 2 10 1 9 2 10 10 9 2 9 5 5 1 6 6 8 6 1
726 1 2 7 7 2 9 1 4 10 6 2 8 4 5 9 4 10 8 7 2
850 6 4 9 3 10 3 8 4 6 9 10 7 6 3 4 10 2 9 9 2
737 7 1 6 6 3 5 9 4 4 5 9 5 9 2 4 7 1 10 9 9
568 5 4 9 5 2 2 4 4 4 6 8 7 6 3 1 10 2 7 3 1
566 1 3 6 5 9 3 3 6 2 7 2 9 2 3 6 2 9 3 6 4
701 5 9 8 9 2 6 9 4 6 5 8 3 5 2 8 1 7 4 5 2
653 2 8 4 6 9 2 3 8 1 7 7 3 4 5 7 2 3 8 7 3
645 10 3 3 10 3 2 10 6 8 2 5 2 10 3 1 7 10 4 8 6
676 8 7 1 6 5 2 3 1 2 3 4 7 10 2 5 2 2 7 7 10
668 6 1 3 1 8 10 1 7 3 1 9 8 6 4 7 5 4 4 6 2
575 10 5 5 3 1 6 7 1 2 5 5 3 6 3 5 4 5 5 3 10
796 7 2 5 2 1 3 1 1 10 7 6 7 9 10 5 9 6 10 2 6
846 10 1 4 1 1 7 8 10 8 9 10 8 6 6 8 7 6 10 9 3
557 10 3 4 8 3 6 7 4 1 1 5 7 1 1 4 4 5 4 5 6
687 7 3 9 8 4 3 4 4 10 10 2 4 5 1 9 8 2 4 4 9
612 7 7 2 9 7 10 7 7 1 2 1 1 9 3 2 4 4 5 8 5
20
712 6 7 4 7 5 1 2 8 7 2 5 6 2 8 9 1 7 3 8 8
675 4 2 6 5 7 8 9 3 3 4 3 10 6 7 7 7 3 1 1 7
795 8 1 9 4 9 7 2 5 9 8 6 8 10 2 8 7 5 2 2 8
612 7 4 7 4 7 4 6 3 2 10 4 4 3 8 6 7 10 3 2 1
641 2 1 5 3 5 4 9 5 1 9 9 4 2 6 8 1 9 2 5 8
803 6 2 6 5 1 7 2 4 10 6 10 9 5 10 3 5 10 2 9 7
638 6 3 8 4 1 1 7 4 5 5 8 1 1 1 10 8 4 6 9 7
652 8 7 2 3 10 1 5 7 2 10 8 2 5 6 5 9 2 3 6 3
690 8 1 8 8 2 7 5 10 9 2 4 3 8 8 4 6 10 2 1 10
551 2 2 6 9 1 3 6 8 5 1 1 6 10 8 1 4 10 1 4 5
648 9 2 10 9 1 5 4 7 7 9 7 2 2 4 6 10 4 8 1 3
763 6 1 5 6 8 4 2 8 6 7 4 8 8 4 5 4 6 10 7 8
694 8 7 8 3 9 8 5 1 4 2 5 1 6 3 2 8 8 6 9 1
739 10 9 2 10 7 9 1 3 2 7 2 6 8 4 8 2 10 7 9 3
762 1 8 9 1 10 5 4 8 5 2 2 6 4 4 3 6 3 9 6 9
712 3 8 10 1 1 10 10 3 3 5 6 10 3 4 10 10 2 1 4 4
792 8 8 4 10 8 8 6 5 3 2 5 7 5 9 6 9 2 1 8 7
718 7 8 1 9 2 4 6 3 6 6 8 3 1 8 5 2 10 3 7 9
737 1 6 8 3 3 6 9 8 4 5 6 7 6 2 8 5 10 8 8 5
719 2 4 5 3 9 6 6 8 2 5 4 7 9 1 5 4 4 10 10 2
20
682 2 10 7 6 1 9 7 1 1 8 6 3 4 10 5 5 9 5 3 5
765 6 2 7 5 8 7 1 5 6 9 6 8 4 6 7 7 1 9 1 10
739 7 3 6 7 3 9 8 6 9 8 2 9 8 5 1 4 3 7 8 3
714 2 8 8 4 4 6 10 7 4 10 6 3 5 9 3 10 6 1 1 9
748 6 9 2 5 10 9 8 10 1 5 5 1 7 6 6 9 7 10 3 3
632 8 3 2 5 4 7 3 2 1 8 8 3 4 1 3 5 9 10 4 6
728 4 6 1 4 5 2 2 10 8 7 1 9 2 8 8 2 7 7 10 8
790 8 6 7 3 4 8 9 4 6 1 10 9 4 7 5 1 3 9 2 9
670 9 8 1 10 2 3 4 5 8 4 4 2 6 5 9 6 5 8 1 1
707 2 8 5 3 1 8 3 8 6 9 1 8 5 7 5 8 2 6 7 3
624 3 10 6 5 6 6 6 6 5 1 7 10 1 3 1 8 5 1 5 2
720 8 7 8 3 9 8 3 1 2 9 3 3 7 7 7 4 2 1 8 6
646 7 7 7 6 3 2 4 9 10 3 1 6 2 6 5 2 1 8 3 6
866 3 10 4 10 9 6 1 7 7 5 8 5 6 6 10 1 7 7 7 6
653 2 1 2 3 1 10 4 4 2 2 9 8 1 5 9 1 6 9 6 7
533 2 4 7 2 2 2 8 3 2 6 2 8 1 9 5 6 1 2 9 2
836 9 2 10 1 7 8 2 9 9 5 2 2 2 9 9 10 1 4 8 9
875 7 8 7 6 7 4 3 10 8 8 9 6 6 7 6 9 4 7 1 9
687 6 10 4 1 1 2 4 4 3 2 4 3 9 9 6 5 5 6 4 10
585 1 6 9 3 3 1 3 9 1 5 1 3 5 5 10 4 9 1 7 9
20
786 8 8 10 3 2 2 10 6 8 9 9 1 5 5 2 3 7 6 9 7
796 10 6 9 2 3 6 2 6 7 5 10 7 2 10 7 3 8 10 2 2
648 9 1 2 10 5 5 1 6 9 8 1 10 5 10 1 10 7 1 5 2
759 10 6 7 7 1 10 7 4 10 7 2 10 4 10 3 5 9 7 1 2
806 2 5 5 5 2 7 9 3 3 8 10 10 9 1 4 5 5 10 8 8
475 1 9 6 5 1 2 3 1 7 7 3 1 3 3 1 1 1 3 9 2
795 6 7 7 10 6 8 2 7 8 6 9 8 3 4 4 9 5 3 4 9
690 7 8 4 6 10 4 6 9 4 4 7 4 4 1 4 9 1 6 7 4
730 4 3 5 6 4 8 9 7 1 1 10 10 1 8 7 1 5 10 7 4
802 5 6 2 7 10 10 2 7 8 1 3 3 9 8 4 9 1 4 8 6
622 3 7 3 1 3 5 10 7 3 4 6 3 4 10 3 6 5 3 1 9
715 5 9 5 2 9 1 6 6 10 4 3 1 6 7 4 3 3 1 5 9
727 3 10 9 4 9 2 2 7 9 2 3 10 4 1 10 5 5 1 7 4
731 9 9 8 9 1 4 10 1 7 4 8 3 1 4 3 8 9 10 5 3
701 1 2 10 3 9 2 4 1 6 10 5 2 2 7 9 9 7 7 3 3
767 3 9 6 5 8 4 6 1 3 10 4 10 6 3 9 3 4 10 9 2
663 1 4 3 3 4 5 10 10 8 6 7 2 3 9 4 7 1 2 2 5
777 6 4 6 7 5 5 5 3 5 10 6 1 10 7 4 4 2 9 6 10
754 10 9 5 6 9 2 2 3 6 6 9 4 6 2 4 7 8 5 8 4
723 1 2 1 10 9 8 4 9 8 1 10 2 6 5 5 7 9 5 2 4
20
755 2 2 2 4 1 8 8 1 5 1 4 5 9 9 10 3 9 9 9 7
798 5 10 4 10 5 6 7 6 2 8 4 3 2 9 2 10 6 8 10 8
869 3 4 1 10 4 3 8 7 7 7 10 5 2 10 8 4 6 9 10 8
717 1 1 5 8 4 7 3 5 4 4 10 8 7 6 4 4 10 6 7 7
772 9 8 7 2 3 6 3 1 3 2 10 3 8 6 2 8 10 2 9 6
513 5 1 9 6 7 4 7 5 1 6 3 5 2 1 2 7 7 5 3 8
629 1 6 1 9 6 7 4 1 9 3 2 3 10 1 1 8 4 10 2 3
834 2 10 3 3 3 4 6 1 2 1 6 3 8 9 8 7 10 10 10 7
748 4 10 3 5 2 8 6 4 5 2 4 2 4 6 7 8 6 9 9 3
805 1 8 9 6 9 9 3 5 8 4 7 2 4 5 3 5 7 4 9 7
697 6 8 6 4 2 4 4 4 6 10 3 7 1 2 10 10 3 6 4 8
891 3 5 6 8 8 2 10 10 6 7 9 10 10 10 4 10 4 7 4 6
596 8 7 1 2 10 1 6 9 2 9 8 3 5 2 4 2 4 6 2 3
753 10 5 4 4 8 9 2 5 6 7 3 9 6 3 6 10 9 3 9 4
622 5 2 4 7 7 2 2 6 6 1 3 5 7 2 4 6 8 9 3 10
574 2 2 4 6 1 10 1 1 1 8 3 9 2 6 4 3 6 3 10 5
778 7 2 10 9 10 3 4 4 1 3 7 9 10 6 7 8 2 8 3 4
728 4 9 9 2 2 2 6 2 2 3 10 10 4 1 5 5 6 10 8 8
695 3 7 6 5 6 9 2 8 3 6 3 6 6 8 7 7 2 4 7 1
743 4 7 10 9 7 5 8 2 1 3 2 9 7 2 8 9 8 7 8 5
20
580 10 2 2 3 2 3 5 6 2 1 7 8 9 4 9 4 3 3 2 1
747 7 5 8 5 4 6 6 8 8 6 9 9 6 2 3 1 5 8 4 2
586 9 4 4 4 7 2 4 4 5 3 5 7 3 4 3 1 8 9 1 7
757 2 7 3 7 10 8 9 5 6 1 4 8 6 4 8 9 3 6 1 8
831 1 7 2 7 8 8 10 6 10 6 7 9 5 4 5 8 1 3 8 9
764 4 4 7 8 7 4 10 3 1 4 6 8 6 8 5 8 9 9 8 4
644 8 9 4 3 2 3 4 7 1 7 2 6 1 9 10 5 1 10 6 1
711 6 2 1 6 1 10 8 7 3 2 10 9 1 5 8 7 2 2 6 9
777 7 6 9 6 5 6 6 5 7 9 10 4 3 6 3 3 4 6 10 3
748 10 3 5 8 8 10 6 6 5 1 9 1 8 9 2 5 7 2 9 2
690 9 9 8 2 4 4 1 5 7 8 5 3 4 1 8 9 8 7 7 1
870 5 8 1 6 6 10 8 8 8 1 7 3 9 10 8 3 2 4 6 5
787 1 9 8 9 10 4 4 9 3 10 10 1 9 7 2 8 2 3 1 8
583 2 2 6 7 2 2 5 4 10 8 1 6 3 7 3 10 9 5 4 3
731 7 7 2 3 8 4 6 4 8 6 9 9 6 4 4 8 5 7 2 1
829 8 6 9 7 10 6 2 9 9 5 4 3 2 8 6 2 3 9 7 10
664 9 5 10 1 3 7 8 9 7 3 2 3 8 5 7 1 5 6 4 3
562 9 7 2 1 4 1 9 3 8 5 1 4 1 10 1 1 5 3 5 4
771 9 2 9 6 4 5 6 6 10 10 7 1 2 10 5 1 1 1 10 8
716 1 6 10 3 9 9 6 5 1 9 5 9 5 4 9 4 2 9 3 1
20
735 5 2 1 2 10 6 5 1 4 4 8 6 8 4 8 10 10 1 7 4
887 4 9 8 9 5 8 1 3 2 10 10 2 7 3 7 9 8 10 6 10
748 8 3 9 3 5 9 4 6 8 2 7 5 2 6 9 10 10 4 5 3
845 6 1 5 9 9 4 6 2 8 6 9 10 2 10 7 9 6 7 9 2
573 4 4 9 7 6 4 4 2 1 3 7 1 2 1 4 5 7 1 10 4
548 1 1 5 4 2 6 7 1 3 1 3 10 7 1 9 5 4 2 3 9
757 8 2 6 4 4 6 2 5 10 2 7 8 8 5 2 8 2 7 1 10
664 4 8 10 6 4 3 7 9 7 8 5 4 6 4 2 8 7 7 2 2
774 7 9 3 5 1 5 1 6 7 9 7 1 9 4 7 6 9 8 2 10
631 8 10 1 9 8 4 2 6 2 5 6 3 4 2 6 10 1 5 1 3
830 8 9 10 3 9 10 8 7 8 2 4 2 3 10 4 3 10 6 10 2
646 8 2 8 6 6 2 1 2 5 8 5 8 4 5 2 10 3 8 3 4
522 8 3 1 8 1 6 1 2 9 5 2 2 1 3 6 3 4 2 7 4
793 7 10 1 3 8 8 3 6 6 8 9 4 10 2 5 2 10 3 3 7
762 6 4 7 1 8 4 7 5 8 2 2 9 9 2 2 10 8 2 10 7
666 2 6 4 2 6 9 5 3 1 5 7 3 3 7 1 6 7 3 8 10
619 5 7 4 2 5 6 2 8 4 2 2 4 3 8 4 4 7 9 4 4
672 5 9 8 1 4 9 2 5 5 7 8 5 1 7 1 7 1 1 9 1
676 7 2 7 1 6 8 8 6 8 5 2 10 7 2 3 4 2 4 9 5
841 3 6 4 1 9 10 10 9 3 7 6 4 4 8 3 8 10 10 6 7
20
665 3 3 1 2 5 2 10 2 4 2 7 6 3 7 9 1 2 10 5 5
705 9 8 7 6 9 1 2 5 10 1 3 3 7 1 9 6 7 3 7 2
827 9 1 6 6 4 6 8 2 4 9 10 8 5 6 4 8 9 6 10 9
736 6 3 3 9 5 2 3 1 10 4 2 6 1 6 8 6 2 6 10 10
814 8 5 7 3 5 7 10 3 10 3 8 2 2 9 4 6 3 9 5 8
670 9 8 2 7 3 3 7 9 2 9 8 4 2 1 8 2 7 10 9 4
712 7 9 7 7 4 6 5 1 8 2 3 6 3 5 9 7 4 9 3 2
774 5 5 8 10 5 7 10 6 3 3 5 2 1 10 7 6 10 10 6 3
548 1 2 4 4 4 8 7 7 2 1 3 4 3 2 4 8 10 4 4 5
737 9 3 1 7 10 3 8 8 2 9 7 5 10 5 1 9 5 9 9 4
597 4 5 6 3 3 4 4 1 9 1 3 10 6 6 3 6 5 6 1 2
542 4 2 1 6 5 7 6 10 5 6 2 3 2 1 10 5 10 4 1 6
821 7 2 9 1 3 5 4 2 7 8 10 9 4 2 8 8 1 8 5 10
731 6 9 10 3 1 5 5 5 8 3 4 4 9 1 8 1 3 2 10 8
822 5 4 3 2 8 9 8 6 7 6 2 6 6 4 9 10 6 5 9 7
651 9 1 5 2 3 7 9 1 6 9 7 3 1 10 5 4 3 2 4 9
787 2 7 8 8 6 7 10 1 9 1 1 6 8 5 8 6 2 1 10 4
747 10 7 8 10 1 5 4 4 4 3 7 4 9 2 2 5 3 10 7 9
709 8 9 4 5 1 3 3 4 9 9 5 9 8 2 3 8 6 3 7 2
733 8 10 1 6 6 3 7 4 8 3 8 1 4 4 6 5 2 9 3 9
20
734 2 10 3 8 5 1 6 4 7 3 6 9 5 3 6 8 7 1 10 8
568 3 6 7 8 3 6 7 7 1 9 1 7 2 2 4 2 9 8 4 7
621 8 3 3 10 3 4 10 5 9 5 7 6 10 4 1 3 5 5 1 1
562 3 5 10 1 9 5 5 5 3 10 2 5 6 2 1 4 3 3 1 3
694 1 9 10 9 7 1 7 5 4 9 3 4 2 5 3 2 2 9 6 10
887 8 9 10 1 2 3 6 4 10 5 3 9 5 9 9 2 6 9 7 9
695 7 6 3 6 9 2 3 1 8 6 5 3 4 3 6 2 8 1 10 7
605 3 4 2 3 8 3 2 9 3 8 1 10 3 6 5 4 1 10 7 1
736 7 10 1 7 8 4 6 9 1 9 8 8 10 9 2 1 3 1 4 9
828 6 10 5 2 4 5 8 6 9 4 8 10 6 3 4 9 3 10 8 1
905 10 5 6 10 5 9 9 6 6 6 10 10 5 10 10 4 6 5 7 3
674 1 1 9 5 9 10 4 7 3 4 1 3 3 8 10 2 4 10 3 1
736 5 6 3 7 8 1 9 1 7 1 10 2 3 9 6 6 9 7 4 6
792 9 10 4 10 9 8 1 10 3 8 3 9 1 10 7 4 8 3 10 2
632 5 3 9 5 5 8 3 9 5 5 10 4 10 3 5 2 10 2 1 1
827 8 3 4 9 10 6 4 2 8 3 3 6 6 7 8 7 3 9 10 7
812 5 7 6 4 8 9 6 8 1 8 9 8 10 1 10 5 6 1 7 6
742 7 3 4 4 6 5 9 4 5 5 8 9 8 3 1 10 9 9 5 3
544 1 1 7 4 6 1 9 9 9 5 9 2 3 1 1 3 3 1 6 3
645 4 2 6 6 1 1 8 3 8 9 1 10 8 4 7 2 9 4 6 9
20
691 4 5 7 5 10 3 3 9 9 3 3 10 1 5 8 3 2 3 1 10
803 10 5 7 2 7 5 10 4 9 8 9 4 3 7 5 9 5 3 1 9
585 10 1 8 4 3 2 4 10 4 1 8 6 4 5 1 6 2 3 2 9
851 3 8 4 8 5 10 7 6 7 9 7 5 10 2 3 4 10 3 10 9
938 10 10 5 6 5 10 7 3 6 2 10 9 6 8 8 9 3 2 7 7
748 5 8 1 7 5 10 4 5 6 6 3 9 10 4 4 4 5 10 3 1
596 4 1 2 1 2 2 1 9 10 6 3 6 6 8 4 2 2 6 6 2
778 2 7 10 10 9 3 5 3 6 6 2 1 9 6 8 5 5 8 7 3
713 8 6 9 3 4 10 10 7 2 6 6 3 9 8 2 1 6 3 6 5
747 7 9 8 3 9 10 3 6 2 10 7 3 1 5 3 4 3 9 1 10
674 2 7 8 9 6 5 2 9 1 4 10 1 3 7 1 10 4 2 9 1
593 10 9 1 4 1 2 10 2 2 7 4 3 2 5 2 6 10 4 5 9
660 8 2 8 5 8 2 2 4 10 3 2 3 3 3 4 2 2 10 5 7
754 10 4 9 3 8 1 1 3 1 6 6 8 2 7 5 10 7 10 6 6
755 5 6 5 1 8 7 8 2 10 2 8 4 1 10 3 2 7 7 5 4
695 3 9 6 8 4 5 9 9 5 5 9 5 5 1 6 3 10 2 1 7
698 8 8 7 1 1 1 6 7 8 2 8 6 7 8 4 6 6 4 1 6
741 4 8 9 7 7 5 5 4 2 4 2 10 9 1 5 9 9 4 4 10
482 6 2 3 2 6 2 10 10 1 1 1 2 7 2 1 7 10 8 3 2
695 6 1 5 6 6 3 4 5 9 1 8 3 3 2 4 8 8 8 6 8
20
652 6 4 1 9 6 3 3 3 5 2 2 3 10 9 8 2 3 2 2 8
735 3 5 6 5 1 2 1 10 8 3 10 5 6 9 6 2 6 8 5 6
818 8 6 7 10 3 8 10 1 9 4 6 3 9 4 10 5 10 6 1 7
589 1 5 3 4 9 4 6 7 2 3 5 4 5 1 8 8 4 1 5 3
725 8 7 6 7 8 1 5 1 2 8 6 5 9 1 8 10 3 7 5 5
663 4 2 4 2 7 8 1 8 4 10 3 3 9 3 2 7 3 8 7 7
738 7 10 1 7 8 6 5 6 7 2 1 7 5 3 4 9 9 10 9 1
669 3 8 5 2 1 2 1 3 8 2 2 6 5 2 10 6 3 10 8 6
683 2 7 1 6 6 2 3 10 6 9 6 1 8 3 4 5 8 8 5 10
571 4 7 3 4 4 4 9 5 3 8 7 6 3 3 2 1 7 2 1 8
680 6 1 1 6 10 2 4 7 5 6 3 9 2 2 10 4 4 9 3 7
709 1 6 5 3 8 8 2 2 10 9 4 1 2 7 10 4 5 3 3 3
699 2 2 7 1 6 5 6 1 10 5 8 3 2 2 5 9 6 5 9 4
835 7 10 1 6 7 1 7 2 9 8 9 6 8 5 7 7 3 1 10 4
782 7 4 8 2 2 5 2 7 10 8 3 7 3 10 3 5 9 8 3 10
739 1 10 4 10 10 6 4 6 3 8 9 8 4 6 2 1 5 5 5 2
567 6 4 9 7 6 1 3 4 1 7 2 2 8 1 8 8 4 3 8 5
668 1 4 1 9 9 3 3 2 2 3 1 3 2 10 10 7 10 3 5 8
662 1 3 10 4 2 6 7 6 9 2 2 6 8 9 1 2 4 1 2 10
732 10 5 5 1 1 2 4 4 9 4 9 10 7 1 8 7 2 3 7 9
20
691 10 4 8 8 6 9 10 9 8 4 1 2 7 2 8 6 4 9 1 1
611 10 6 2 4 8 7 6 9 1 1 2 3 1 6 10 1 4 6 2 3
748 6 3 2 9 8 6 5 5 10 7 9 1 5 2 2 8 8 10 6 7
621 3 10 6 10 1 6 7 9 7 4 3 8 8 2 1 2 4 3 4 6
667 9 8 4 4 2 1 9 1 5 10 1 9 9 2 4 10 8 5 7 5
654 3 2 4 1 3 6 6 10 7 3 9 7 3 5 7 8 1 3 2 4
815 1 9 2 8 10 8 9 6 1 9 8 4 10 6 9 3 6 6 4 6
753 2 6 4 3 8 4 9 8 9 3 10 5 3 7 1 9 10 3 1 10
724 3 4 7 4 1 10 6 4 1 4 7 2 6 9 6 9 10 7 4 10
649 9 1 3 3 6 2 6 7 6 7 6 8 6 2 8 5 3 2 6 9
668 9 10 1 9 3 1 2 6 3 8 8 3 4 3 10 4 5 8 3 3
761 9 3 7 2 1 9 3 2 9 10 8 8 1 4 8 6 2 4 8 3
691 1 3 10 2 10 5 4 8 6 5 10 8 7 5 2 3 5 1 7 1
753 6 2 5 4 3 10 3 10 6 1 10 6 6 3 6 6 7 7 2 7
734 1 9 3 3 3 8 9 5 4 6 8 9 4 10 3 5 10 7 3 2
724 9 4 6 9 2 10 4 4 8 8 8 8 7 4 2 2 9 2 5 8
673 8 5 5 2 1 8 8 2 3 5 10 7 5 1 3 1 10 1 9 8
776 10 8 1 1 7 9 2 6 10 4 8 2 5 10 2 2 6 1 8 2
754 6 5 2 10 9 8 8 2 5 4 3 5 10 10 5 3 1 2 2 10
808 7 7 4 4 7 3 5 6 10 5 7 4 6 7 5 6 2 7 4 9
20
765 4 6 3 9 8 1 10 2 4 5 9 7 10 3 4 4 6 10 9 5
690 9 4 4 9 9 6 5 10 9 6 2 1 9 1 7 2 8 3 9 1
689 9 6 7 4 4 1 4 7 2 5 4 9 2 2 9 10 10 8 7 6
788 6 8 5 3 2 9 5 3 10 6 6 9 4 5 10 4 7 3 3 9
633 1 6 1 10 6 7 4 4 10 4 8 3 2 5 2 2 10 2 6 3
699 10 8 1 7 10 10 9 6 10 10 5 5 1 5 4 1 9 3 1 1
761 7 2 6 6 2 2 2 10 4 7 10 10 10 1 9 10 10 5 5 9
701 2 6 2 10 4 9 3 2 4 2 7 8 2 7 7 2 10 10 2 2
811 5 10 9 8 7 3 2 7 2 3 9 6 5 7 9 7 10 3 3 10
741 10 1 2 2 7 3 2 2 9 3 6 10 5 8 8 8 8 4 6 1
709 5 6 7 9 2 7 6 7 7 1 4 8 1 5 4 6 7 7 7 3
578 9 3 4 6 4 4 3 3 6 5 4 2 7 4 1 9 8 8 1 1
703 2 8 4 9 10 6 2 7 3 1 10 2 9 1 4 1 4 6 10 1
608 1 4 10 9 9 3 5 5 3 6 5 10 2 2 1 4 3 1 3 10
750 3 1 8 9 1 8 7 6 5 10 6 1 2 9 9 10 6 3 9 4
562 2 5 10 4 6 1 4 5 5 4 3 6 4 1 5 5 4 2 6 4
660 3 8 6 9 5 2 7 5 6 4 4 3 6 6 8 10 4 3 2 1
732 3 5 8 7 1 7 6 6 3 8 3 2 10 6 10 5 7 1 8 8
665 6 2 5 4 3 5 10 7 6 5 5 10 9 2 9 2 4 2 3 10
829 2 4 8 10 6 5 2 3 7 2 9 3 10 7 7 6 6 6 7 10
20
707 5 5 3 1 6 2 6 6 8 7 2 2 6 6 5 4 3 8 10 9
726 7 9 4 7 9 7 9 7 5 9 5 4 6 2 5 2 10 9 3 4
603 4 4 10 1 2 10 3 3 2 3 4 6 4 9 1 3 2 1 1 10
735 1 10 2 6 9 10 5 6 4 4 10 4 2 8 1 1 7 4 9 1
759 2 7 10 6 6 6 7 2 6 5 1 9 7 3 4 7 5 8 9 2
813 5 1 8 6 2 9 10 8 9 6 4 7 4 6 8 4 4 5 7 10
728 5 1 5 3 1 8 1 3 9 4 10 1 10 1 8 6 1 9 7 7
606 6 8 1 8 6 4 2 1 1 1 9 4 1 1 2 9 10 9 9 3
796 5 4 10 8 7 6 6 6 2 10 2 8 7 8 5 1 6 9 10 3
638 5 2 1 3 10 7 5 10 8 2 4 7 6 5 3 3 8 4 2 3
776 6 8 8 6 3 7 9 1 3 9 4 4 5 8 3 10 2 7 8 9
805 4 8 6 8 5 4 6 1 2 4 10 9 4 7 9 10 4 1 8 4
777 6 6 7 10 2 8 9 10 9 5 5 4 9 7 3 4 6 7 4 1
836 2 9 3 9 4 8 5 3 7 5 5 9 6 9 6 1 2 5 8 10
740 4 2 3 2 7 5 5 2 8 1 9 10 9 5 6 2 10 5 10 2
621 9 2 8 4 7 4 5 10 4 3 3 7 8 6 6 7 3 2 3 1
556 10 6 7 9 1 3 9 9 5 1 5 6 2 7 1 6 1 2 2 5
666 7 7 8 7 8 7 2 7 2 2 8 5 10 2 6 7 1 5 2 1
744 2 9 5 10 7 5 8 1 2 4 10 9 7 3 7 3 6 1 5 5
672 4 8 10 1 2 9 6 7 6 5 5 5 5 3 4 6 5 4 6 2
20
781 10 4 9 8 6 1 6 8 4 2 10 8 10 7 9 1 5 3 4 8
626 6 5 6 2 7 7 6 5 2 7 2 4 3 2 1 4 9 9 6 5
731 7 6 4 4 5 7 8 2 4 10 9 1 5 7 6 6 7 7 5 1
817 9 9 2 3 9 3 6 8 1 1 8 7 2 9 9 7 7 9 9 2
497 4 4 3 4 6 5 4 2 1 5 4 2 5 8 4 4 10 4 1 1
743 5 7 4 1 4 1 5 4 7 3 10 6 1 5 2 8 2 9 6 8
715 6 8 10 7 6 7 4 3 10 1 1 3 1 5 2 8 1 4 6 10
617 9 1 1 3 7 3 2 6 2 1 6 5 2 8 9 9 8 2 7 1
682 8 3 8 2 4 8 6 8 6 9 5 3 5 5 5 5 6 1 8 7
727 2 8 3 9 4 9 3 8 2 9 4 4 9 4 6 9 5 8 5 6
483 4 2 4 8 1 5 5 7 3 9 5 4 6 4 1 2 5 4 2 4
636 1 9 4 1 4 4 7 10 4 10 5 2 1 5 9 2 2 5 5 7
827 8 5 9 2 8 6 10 4 5 3 7 8 10 10 2 9 1 1 6 10
740 4 7 4 9 8 8 9 4 6 7 5 4 5 1 6 4 6 7 5 4
662 7 2 2 6 7 5 9 5 4 1 6 4 9 1 5 3 5 9 3 7
842 7 8 5 4 5 9 6 6 10 3 4 4 4 7 7 7 6 8 4 6
609 10 4 3 9 6 8 3 7 4 8 3 5 2 4 4 10 10 5 2 1
762 6 10 6 2 10 3 3 3 7 8 6 4 6 8 9 4 10 1 2 6
821 6 7 5 2 8 2 9 7 7 1 6 7 6 9 9 4 1 10 3 4
724 10 3 4 4 9 7 4 8 9 7 2 10 1 7 4 9 3 3 4 8
20
680 3 10 8 1 4 7 1 7 7 6 3 2 3 1 8 6 7 2 7 6
668 1 6 8 2 5 6 4 8 4 1 5 6 10 6 5 1 7 2 3 10
662 5 2 1 9 2 4 8 5 2 1 10 2 7 1 4 10 10 10 3 10
723 6 6 6 10 9 5 8 5 4 1 1 2 1 8 5 10 5 8 8 9
613 4 6 1 5 8 8 8 5 3 5 5 4 9 5 4 3 5 3 1 1
745 10 4 9 10 7 2 4 6 8 6 3 1 5 7 5 3 7 5 10 5
578 1 1 5 9 4 3 3 1 7 10 8 2 5 5 2 6 6 4 5 4
713 9 9 10 6 3 4 2 6 5 4 7 5 2 2 4 10 6 8 5 5
782 5 4 2 6 1 4 2 4 9 6 3 10 10 7 7 6 4 9 3 7
620 10 3 5 6 3 6 6 8 3 9 9 2 9 7 1 3 7 7 1 1
731 2 3 9 7 9 7 8 4 2 10 10 5 2 10 8 9 7 1 1 4
801 5 10 6 7 2 5 5 9 10 2 10 1 7 8 5 6 7 7 3 6
726 9 8 9 6 2 5 2 9 6 3 1 6 7 7 4 9 9 3 6 5
737 3 6 7 9 1 7 7 10 5 9 5 1 4 3 9 10 9 9 5 4
663 9 7 1 5 4 2 9 7 2 5 1 3 8 7 7 8 3 1 8 10
680 6 3 8 1 8 5 6 2 8 6 4 1 2 1 3 8 5 5 9 10
824 8 8 3 1 4 8 10 1 4 8 9 8 10 7 4 9 2 2 9 6
684 1 7 2 6 2 9 9 2 3 6 6 7 6 7 4 1 8 2 8 5
626 5 10 10 7 9 1 8 8 2 6 8 1 4 1 2 9 8 1 7 4
743 10 3 10 4 8 8 2 10 8 1 2 8 4 9 3 1 2 10 1 7
20
680 6 5 3 8 1 4 6 5 4 3 7 7 4 7 9 8 7 5 3 4
900 5 1 8 3 9 9 9 4 10 4 9 9 7 7 9 6 10 6 6 1
755 5 5 6 4 6 8 7 9 6 5 4 10 9 2 7 10 7 6 4 5
889 9 10 6 4 10 2 10 4 9 6 7 8 2 9 7 2 9 4 8 9
774 9 2 3 4 10 10 5 6 7 9 6 5 2 7 7 7 8 4 4 9
739 7 9 1 7 3 10 7 3 9 3 4 3 7 1 8 1 5 8 10 1
826 2 6 10 9 4 7 6 8 4 6 10 6 7 5 4 4 6 10 10 6
809 5 9 4 10 7 4 6 4 8 4 1 6 8 8 6 4 3 6 9 4
613 10 8 3 5 4 5 5 1 4 1 2 9 6 4 1 6 5 2 6 4
858 9 8 10 10 1 8 2 10 8 3 2 9 10 1 10 5 8 9 6 5
771 1 3 9 8 10 2 1 6 9 5 6 6 2 7 3 3 7 8 9 7
646 4 1 8 10 5 4 5 5 10 9 2 10 5 2 8 6 10 2 2 2
681 6 9 6 7 2 5 3 1 4 4 1 8 3 6 8 10 2 2 6 4
682 2 5 9 5 6 4 4 6 9 7 9 1 1 6 3 2 6 6 7 1
841 4 4 3 1 10 3 6 1 7 8 9 5 7 9 5 5 9 7 7 8
713 7 3 8 3 9 6 9 3 4 2 10 1 5 4 1 7 9 8 8 6
633 8 6 2 9 6 1 9 8 6 9 1 1 4 7 7 1 7 6 2 5
589 3 4 8 4 9 7 5 9 3 5 2 3 2 9 2 7 1 1 3 4
710 10 2 6 9 3 1 4 6 7 6 6 9 6 4 5 5 2 3 6 8
727 1 8 5 7 5 10 9 6 9 9 8 2 2 1 7 9 9 1 4 6
20
727 9 9 4 4 3 4 1 7 1 6 6 9 9 7 9 4 5 1 5 7
755 4 8 8 10 7 6 5 9 3 3 6 9 6 6 5 5 9 7 2 3
777 9 8 3 8 6 10 4 3 8 9 8 4 3 4 1 5 7 3 8 4
585 6 1 2 4 1 1 3 7 6 5 1 2 9 9 10 4 1 5 5 1
752 9 4 7 4 3 1 2 10 10 10 6 3 2 8 4 9 8 2 6 9
772 3 10 1 5 3 3 6 5 8 10 7 5 5 8 10 4 8 7 3 4
766 3 5 3 9 7 2 8 9 4 7 2 1 9 10 7 3 9 4 9 10
789 5 2 4 10 8 6 7 7 3 2 8 8 7 8 5 7 4 4 7 7
722 6 4 2 6 2 1 6 4 10 8 3 5 10 1 8 10 2 10 7 6
711 3 6 6 7 5 3 9 9 6 1 2 8 2 6 10 10 1 4 8 5
667 1 1 8 3 1 10 6 10 9 9 1 4 8 1 5 10 3 1 4 10
633 7 3 5 7 8 3 10 1 1 4 1 3 8 8 2 9 10 4 2 10
708 8 1 9 2 3 10 7 2 2 8 10 6 4 2 6 5 9 8 3 6
721 2 1 5 1 4 1 10 9 9 4 10 3 3 7 3 2 1 9 7 9
633 1 10 1 5 4 4 5 1 4 1 5 4 8 2 9 8 2 9 3 2
850 10 7 10 1 10 5 10 3 4 6 7 4 8 3 4 10 5 7 9 8
741 6 5 3 3 6 5 10 3 7 1 7 10 7 5 1 1 4 9 6 4
793 8 7 4 3 9 9 5 2 10 4 6 4 8 2 8 7 7 6 2 5
853 9 7 6 4 5 3 8 6 10 5 9 10 4 4 4 4 5 10 2 9
842 4 7 10 10 8 9 3 1 6 5 1 10 8 9 4 6 3 4 7 10
20
922 10 9 2 2 5 7 9 2 7 6 8 5 3 3 8 9 8 10 10 9
799 6 8 10 1 1 10 4 9 4 2 6 10 10 8 7 3 2 2 8 6
624 6 3 5 9 9 4 1 10 7 8 3 4 5 1 1 10 5 5 3 6
814 8 10 3 4 9 1 10 10 6 9 5 8 6 6 9 3 5 1 9 8
600 6 7 2 6 9 2 2 3 1 2 3 2 8 2 1 7 5 8 8 4
815 3 10 6 2 1 3 5 2 8 2 8 8 10 6 7 1 7 2 9 9
736 9 8 6 2 10 10 4 3 4 2 7 2 1 8 8 1 7 1 4 10
780 3 7 8 3 9 9 10 5 2 9 7 7 10 3 2 2 9 8 4 3
770 2 7 1 2 5 3 10 5 9 5 4 7 9 9 5 6 1 10 1 8
800 8 9 3 1 6 7 10 7 8 1 6 2 2 9 5 1 4 9 7 7
685 6 1 5 6 2 2 9 1 4 7 10 9 2 4 9 7 6 6 4 5
775 9 5 1 1 7 4 8 2 6 6 6 6 5 9 5 4 6 9 6 5
766 4 4 1 5 7 10 7 10 7 10 4 5 1 1 7 9 3 2 10 10
767 10 6 8 1 7 8 3 3 8 10 10 10 5 3 7 1 3 5 1 4
834 5 9 3 3 8 10 4 6 7 10 1 2 1 9 8 1 6 9 9 9
702 3 2 7 6 2 6 7 5 1 7 2 10 9 10 5 2 9 10 9 1
618 6 2 1 3 9 1 7 9 8 10 3 1 5 5 1 10 6 4 4 10
858 4 9 5 8 3 9 9 9 1 7 8 10 10 1 9 2 8 9 10 6
833 1 8 8 5 5 1 5 7 8 9 6 9 8 8 5 4 4 9 10 3
794 8 5 3 2 10 4 9 7 3 5 1 6 9 7 10 6 10 5 6 7
20
624 8 3 9 5 8 4 5 2 5 1 5 3 5 2 4 3 2 1 9 5
744 4 1 6 10 5 9 4 7 8 8 10 3 5 4 2 3 8 6 10 4
717 4 1 2 5 1 3 2 4 5 6 10 9 1 7 5 5 10 8 10 5
721 4 10 3 9 9 8 7 7 3 6 5 7 10 1 7 2 6 1 8 2
852 8 7 6 4 8 3 1 2 10 2 10 9 1 6 10 8 5 1 8 4
593 2 8 3 8 6 2 4 3 2 4 4 1 7 4 6 7 4 1 9 4
670 4 7 3 2 9 8 9 6 2 9 10 6 1 4 3 3 2 9 1 5
825 10 7 10 8 9 7 3 3 3 3 5 8 9 3 7 3 4 3 8 10
654 4 10 6 6 1 5 9 5 1 4 8 9 8 4 4 9 2 6 2 1
660 6 5 7 5 3 1 7 6 3 7 5 3 8 5 6 10 2 5 7 2
796 10 8 3 10 6 9 9 1 9 4 5 10 2 1 9 4 3 3 5 6
536 9 3 3 4 8 4 10 3 1 5 4 4 3 3 1 3 10 2 7 6
776 3 7 1 8 4 2 8 4 5 2 7 4 7 10 3 2 5 10 8 10
829 1 6 8 4 6 5 7 3 7 1 4 9 4 7 9 4 8 4 10 9
657 6 5 10 1 2 8 3 5 2 10 4 6 4 2 3 3 8 10 9 5
864 9 4 9 9 3 10 9 8 10 2 7 8 7 8 6 10 2 2 3 10
622 5 8 3 4 3 2 10 3 10 6 3 3 1 8 1 3 3 2 7 4
699 10 5 8 4 8 3 1 2 3 10 9 10 7 4 4 8 5 1 3 3
801 7 3 4 8 8 3 10 4 10 5 6 7 2 10 10 10 8 5 6 2
703 8 5 2 4 7 5 5 5 4 8 1 7 6 9 2 9 7 6 2 10
20
692 3 3 2 2 10 8 5 9 4 7 1 4 6 9 1 3 5 10 2 10
760 7 4 6 1 7 10 1 9 2 2 8 10 3 5 10 9 4 1 3 5
705 10 3 8 9 5 8 6 2 4 7 10 8 3 1 2 2 10 9 2 7
693 7 1 2 10 8 7 4 9 4 4 4 9 4 10 2 7 2 8 7 2
712 2 7 1 4 10 2 2 2 6 2 1 10 10 1 8 1 1 8 10 6
642 6 1 8 9 1 2 9 3 2 9 6 2 6 6 3 9 9 7 10 5
739 10 4 8 5 1 6 2 5 6 5 7 5 1 9 9 6 4 9 6 1
694 5 9 10 7 7 10 1 2 3 4 2 3 4 8 8 2 4 6 1 7
880 6 4 7 10 8 8 5 6 2 7 9 4 4 10 5 5 3 9 7 10
774 4 7 1 9 1 8 7 2 4 10 8 2 6 3 8 4 4 7 8 10
663 2 10 6 5 9 3 7 1 7 1 1 8 4 8 3 5 10 2 6 2
797 10 10 5 4 4 9 8 8 3 7 6 3 2 10 10 6 3 6 3 6
603 4 2 10 8 2 3 6 4 7 3 1 7 3 6 4 10 3 5 2 5
635 5 10 1 8 4 1 3 8 5 1 10 5 4 3 6 5 1 6 1 2
785 1 1 10 6 9 6 5 6 8 7 9 10 5 3 1 2 1 8 8 9
699 7 10 4 3 3 6 6 8 8 9 10 2 1 7 2 2 4 2 1 9
821 3 10 9 9 8 2 4 9 2 1 7 10 8 7 7 7 1 2 4 10
720 3 7 2 1 7 7 7 8 7 4 6 3 2 8 6 3 8 4 5 10
625 1 7 4 7 3 8 1 8 8 10 8 2 8 6 3 4 1 2 1 1
725 3 10 4 9 6 5 10 4 2 7 1 7 7 7 2 7 6 1 10 9
20
803 8 4 3 1 9 3 9 10 6 4 7 2 7 10 6 2 10 7 10 7
692 9 4 9 3 9 1 7 7 2 2 4 3 1 10 5 6 10 7 9 5
743 7 3 5 9 8 8 7 1 5 2 7 8 9 8 7 4 1 5 1 2
712 8 5 3 2 3 8 1 7 5 10 1 8 7 5 9 7 6 7 1 7
677 10 4 6 8 1 2 1 3 10 6 7 5 2 1 7 3 10 4 9 7
883 6 4 10 9 6 9 8 5 5 9 2 10 9 9 10 4 6 9 2 5
635 1 5 5 2 1 2 4 7 6 3 5 2 1 2 10 5 9 7 9 6
755 2 5 5 9 10 3 8 8 8 1 8 8 6 6 5 10 7 2 4 1
768 9 2 8 7 6 10 3 2 5 10 10 7 10 2 4 10 2 5 3 1
600 10 5 7 7 2 6 4 6 1 1 6 4 1 1 4 6 6 5 4 9
819 2 1 7 5 5 1 5 10 10 5 10 1 7 8 8 10 4 7 7 5
642 4 5 3 10 7 1 3 1 4 7 5 5 5 10 1 1 10 1 6 7
526 6 3 6 1 5 6 9 8 2 1 2 1 10 6 3 4 2 4 2 4
781 7 3 6 9 10 10 10 9 8 6 8 2 1 3 7 9 10 2 3 7
701 10 4 5 10 6 2 10 10 5 2 3 6 5 7 4 10 8 10 2 6
625 1 1 10 2 4 7 7 4 3 10 8 8 1 2 2 2 10 10 3 5
708 10 1 2 7 4 1 2 2 8 3 9 4 1 3 10 9 9 5 9 9
736 1 4 6 2 6 3 9 9 9 10 6 9 1 10 10 3 5 1 1 4
669 6 8 6 1 9 6 2 4 3 1 3 3 7 9 4 10 4 3 3 2
830 6 10 7 3 9 5 7 6 3 3 9 1 10 7 9 4 2 5 6 9
20
812 7 8 3 1 10 7 8 1 9 9 5 1 9 8 2 8 1 5 2 9
575 3 6 8 4 9 1 2 10 1 6 7 3 1 4 2 5 6 3 5 5
781 9 7 9 5 9 2 2 3 3 4 7 2 5 8 10 10 7 4 7 7
678 3 5 3 6 1 3 2 10 5 9 9 9 4 4 7 10 1 4 2 7
750 10 5 2 9 2 8 9 8 10 6 8 5 6 2 4 7 4 5 6 8
688 8 2 2 10 4 5 2 6 1 6 10 10 3 10 8 4 7 5 3 1
838 6 9 6 5 8 8 5 1 3 10 10 8 6 2 5 1 7 8 10 6
944 9 10 8 5 2 9 7 8 8 5 8 8 8 9 8 3 6 3 9 7
738 9 2 8 4 9 3 10 10 9 9 5 5 7 5 2 1 4 7 9 5
512 8 2 2 10 9 4 1 6 5 2 2 8 1 1 1 1 4 9 3 1
626 8 3 6 1 2 5 1 1 6 3 9 6 7 6 5 5 5 6 3 1
668 1 10 4 10 5 7 7 2 4 6 4 6 4 5 6 2 8 9 4 1
710 8 9 6 5 3 3 3 8 8 7 10 3 1 5 4 6 5 2 8 1
795 5 1 8 5 9 5 6 5 9 6 5 1 3 8 6 5 5 8 6 10
759 2 2 1 5 6 5 4 8 4 7 3 7 6 10 8 3 3 4 10 8
701 10 2 10 7 10 2 9 1 7 5 2 4 9 5 4 2 6 6 4 9
712 3 10 6 2 3 6 8 8 10 10 6 4 2 5 1 5 3 9 1 6
681 9 6 10 3 1 5 7 7 10 6 4 9 8 4 3 3 5 1 4 1
809 1 9 10 8 9 2 7 10 8 7 4 9 1 9 1 4 8 1 7 10
741 9 2 3 9 6 2 9 6 5 8 9 6 7 3 6 3 1 8 2 10
20
717 8 10 3 3 4 8 3 10 2 2 8 10 3 3 4 4 10 6 3 10
615 3 1 1 5 6 10 6 4 3 5 6 2 10 2 9 7 1 3 8 1
937 3 9 3 1 9 3 9 6 10 4 9 8 2 8 10 1 5 6 10 10
786 5 8 10 4 7 3 2 1 4 2 7 8 9 10 6 6 10 1 10 2
789 9 5 7 1 5 6 7 3 7 3 10 4 5 9 5 4 9 7 2 10
722 8 9 10 9 2 4 3 9 8 5 7 4 10 5 1 10 2 5 4 3
841 10 10 10 4 5 2 7 6 2 10 6 7 10 4 7 10 8 10 9 2
621 1 5 5 9 1 5 5 3 1 4 1 3 9 9 5 9 6 9 6 4
730 6 7 10 1 6 5 10 10 6 8 2 3 8 5 6 3 10 1 9 7
544 6 1 1 10 4 3 4 6 1 8 6 3 2 8 8 3 3 7 2 4
546 7 7 3 5 6 1 2 9 2 2 9 2 3 7 3 4 8 3 2 4
688 8 5 9 6 4 1 9 10 9 4 4 4 2 7 4 4 6 3 8 6
809 2 8 7 2 2 8 6 4 8 9 3 6 5 8 9 4 10 6 7 5
701 1 10 8 6 1 10 5 3 8 4 5 9 9 3 9 2 5 2 1 1
872 6 5 10 1 6 10 2 7 9 9 10 2 10 3 8 5 10 4 9 3
757 5 8 1 5 6 6 9 9 2 7 3 4 9 6 3 10 6 9 8 8
783 3 1 5 6 8 7 6 5 4 2 8 2 8 8 8 8 3 7 10 2
660 5 5 9 2 6 7 10 9 1 3 5 2 9 1 7 5 4 5 5 7
795 6 2 4 8 7 5 1 3 8 9 7 8 6 9 4 10 9 2 9 7
558 3 2 7 10 4 5 7 5 3 10 10 3 7 1 1 2 1 3 4 6
20
911 4 2 8 7 9 10 9 7 8 6 5 6 7 8 9 7 2 10 10 5
760 9 4 6 5 3 6 8 9 8 6 5 8 10 5 7 7 10 6 2 5
648 6 1 3 7 8 5 4 3 2 10 9 10 8 2 2 10 10 3 4 3
703 1 10 6 3 2 2 9 3 10 10 5 9 10 1 2 2 4 7 2 9
717 7 5 7 4 5 8 9 9 4 8 9 10 2 3 6 6 1 1 4 7
795 6 6 6 4 3 10 5 4 9 9 7 9 2 1 7 3 1 6 8 10
786 5 7 9 7 6 6 8 8 6 2 4 4 7 8 4 1 10 4 9 6
743 8 10 6 10 1 10 4 10 3 8 4 7 3 6 6 10 4 1 2 7
689 9 7 7 5 3 2 10 1 9 1 2 10 1 10 3 2 8 10 4 3
677 10 4 6 9 6 3 7 8 4 8 4 2 1 5 2 7 2 10 6 5
773 10 1 2 5 2 10 10 8 4 1 9 1 6 10 6 10 6 10 5 8
599 5 1 10 3 7 3 4 7 1 7 2 4 10 3 5 5 9 2 9 7
818 6 2 7 8 7 7 2 5 9 6 8 9 10 8 7 1 1 7 3 1
620 9 7 10 3 4 1 10 3 7 8 1 10 10 3 1 4 4 3 1 5
830 4 5 8 4 2 7 7 6 9 4 9 6 10 9 9 3 2 8 5 1
724 5 8 3 4 3 7 8 1 10 7 9 3 10 3 5 1 1 4 2 5
610 8 2 4 9 1 4 5 10 5 1 8 4 3 6 3 7 2 3 6 5
716 7 6 2 10 2 6 10 1 7 1 3 7 8 3 3 7 9 2 8 9
800 10 4 8 9 1 3 1 8 1 4 7 9 6 8 9 10 6 10 5 8
621 3 2 9 7 5 5 1 4 7 3 1 5 5 9 2 10 1 7 5 2
20
757 5 5 3 4 4 7 6 6 2 7 2 6 6 8 10 2 3 6 10 8
673 9 5 5 3 9 5 6 3 4 3 2 2 1 10 5 3 7 3 3 10
624 1 5 2 4 4 5 4 4 1 1 8 9 1 10 6 4 5 1 2 7
878 4 2 5 2 9 8 7 6 10 8 7 1 10 10 8 3 10 10 2 6
720 1 4 9 1 6 9 6 1 3 5 7 10 9 8 10 8 4 2 1 2
663 4 3 9 3 3 3 2 10 7 2 2 4 10 2 7 3 5 5 9 5
889 10 10 5 9 4 1 1 10 1 4 8 10 7 10 5 3 7 10 10 8
960 5 10 6 7 3 10 7 10 5 6 9 8 7 10 2 7 1 7 8 10
662 8 3 3 5 8 8 5 4 9 1 2 1 3 5 4 7 2 6 6 8
792 2 7 10 7 10 5 6 1 5 8 8 7 7 3 2 10 1 9 9 2
657 9 2 4 5 4 1 5 3 10 1 2 8 1 6 10 1 7 7 8 2
711 3 3 7 1 5 4 5 5 9 6 6 8 6 5 8 7 6 3 4 6
620 2 4 9 4 2 5 9 7 7 2 1 5 5 4 3 1 9 6 7 7
721 1 9 8 4 1 8 10 1 4 4 1 10 6 10 6 10 5 2 5 2
734 5 6 9 7 4 8 9 3 8 3 6 8 9 7 5 1 4 1 4 2
866 3 6 6 3 7 4 9 4 10 5 4 9 8 3 8 5 7 9 7 7
603 3 4 2 5 6 10 8 1 2 5 6 1 5 6 3 4 8 6 4 6
673 6 5 3 7 2 10 8 5 9 6 8 3 4 7 5 4 6 1 5 1
772 8 6 8 1 10 4 3 7 5 9 2 7 5 8 3 6 9 1 8 8
735 2 9 5 9 7 9 4 2 4 6 1 10 10 3 9 1 3 6 2 3
20
735 9 3 9 3 7 3 8 1 7 5 2 8 10 6 5 10 3 7 2 6
697 5 2 8 5 7 6 2 3 3 2 10 9 2 2 4 5 1 3 8 10
804 8 7 2 5 2 10 6 5 9 9 9 7 1 5 6 1 5 6 7 4
616 3 1 2 6 1 2 7 4 4 10 6 8 8 5 3 4 5 7 2 9
635 1 7 7 10 5 3 8 5 3 7 6 4 1 7 9 3 3 1 4 8
818 8 6 6 5 5 5 10 2 2 10 9 2 8 5 8 7 10 10 8 2
848 4 4 10 8 7 9 9 5 2 5 6 1 8 9 8 6 7 10 7 9
791 9 7 2 1 3 9 1 9 6 4 7 2 6 9 3 4 9 10 4 7
552 9 6 5 7 1 7 7 2 2 7 6 1 2 5 2 1 10 2 4 7
806 6 3 1 2 10 3 5 5 9 8 9 1 2 7 9 6 9 7 5 9
750 3 6 8 9 5 6 8 5 1 10 5 10 1 1 10 1 6 4 9 10
673 1 9 8 10 2 6 7 5 1 6 10 4 3 6 3 7 8 2 2 10
828 5 6 9 5 9 7 9 8 5 3 1 7 5 7 9 6 2 4 10 8
809 6 6 9 9 9 7 9 2 1 3 9 6 5 8 7 3 1 5 6 6
842 10 10 1 1 7 10 6 3 4 4 3 10 10 10 4 3 9 5 2 7
611 2 7 7 6 2 9 7 9 6 9 1 2 5 3 4 10 7 3 4 4
778 9 4 2 3 7 8 2 6 10 2 9 7 1 9 2 4 1 3 7 8
651 2 7 1 5 3 4 6 9 3 7 10 4 6 4 1 5 10 8 7 1
698 2 6 3 1 4 7 9 3 6 5 9 5 7 7 2 1 3 1 6 6
581 1 4 2 5 1 5 2 3 6 4 5 1 9 3 6 4 10 1 4 7
20
790 1 1 8 8 2 9 6 5 9 2 4 10 5 7 4 1 1 10 7 8
851 4 8 1 3 9 3 2 5 10 10 7 7 7 10 7 2 8 5 4 4
717 10 7 2 8 8 8 6 1 3 3 7 4 8 6 3 10 5 7 1 6
799 5 8 4 2 3 10 9 6 6 7 7 1 7 9 7 7 9 5 3 7
730 9 9 8 5 2 1 2 10 5 7 6 2 1 10 2 5 4 8 7 7
900 10 10 5 8 4 10 1 4 5 4 5 6 8 6 10 2 8 3 10 10
807 9 7 2 6 8 3 8 1 2 10 7 8 8 10 2 9 3 6 6 10
614 4 7 8 7 4 2 9 3 1 2 1 4 8 3 4 9 9 7 2 10
757 3 8 9 4 10 2 8 6 5 1 3 5 4 8 3 9 10 7 6 3
750 9 8 6 4 9 1 9 10 7 9 2 7 5 2 5 10 6 1 9 7
788 1 3 1 6 2 8 5 7 7 7 9 5 6 2 7 9 8 9 10 4
613 1 5 8 8 2 2 5 6 8 4 3 1 8 4 5 9 1 1 6 4
737 5 10 8 6 5 1 8 6 6 1 4 8 7 10 7 1 4 8 4 3
718 8 2 8 10 1 2 2 4 1 10 6 7 9 4 10 9 4 10 1 6
642 8 4 10 10 3 4 8 7 10 10 1 5 8 1 2 9 8 2 3 8
693 7 8 10 1 3 7 8 7 4 4 9 2 10 3 3 5 3 5 5 1
587 7 1 1 7 4 8 3 5 5 4 3 8 10 5 4 6 2 4 2 1
593 6 3 7 8 10 6 7 1 3 7 4 3 6 5 4 1 5 6 1 1
699 7 9 9 5 8 9 4 5 5 7 2 1 6 8 1 8 3 4 6 3
663 9 2 9 3 9 6 8 1 4 7 5 6 1 2 2 10 4 4 4 7
20
766 9 6 9 6 5 9 1 8 10 9 1 9 3 4 7 6 9 4 2 7
630 2 10 4 3 1 1 8 7 9 10 1 3 10 5 5 8 10 2 4 1
843 10 9 4 9 1 9 10 8 6 5 5 4 5 7 10 1 8 6 9 5
724 9 6 8 4 2 10 10 1 2 9 6 5 6 6 3 5 5 8 2 8
616 1 1 6 8 9 8 1 8 9 1 1 5 3 2 7 3 4 1 8 4
772 9 10 1 10 6 10 5 8 6 9 2 4 3 2 3 9 9 3 8 9
769 6 8 7 2 3 2 10 9 9 4 8 2 7 1 4 10 10 10 10 4
616 1 10 4 2 8 4 8 5 4 7 3 6 10 2 4 1 2 10 1 2
794 2 2 7 1 9 2 3 8 7 8 10 5 7 7 7 7 7 10 9 1
810 5 6 6 10 7 9 6 9 9 10 7 1 7 7 3 3 6 4 4 6
860 8 1 8 6 6 4 6 4 10 8 8 6 6 9 7 9 4 8 7 1
591 4 4 6 3 7 2 4 3 1 9 2 1 7 2 7 3 10 5 6 7
715 2 3 7 5 7 10 1 9 4 1 7 6 8 6 8 3 5 1 10 1
795 2 2 6 3 1 7 3 3 8 8 7 8 4 8 6 9 4 10 7 4
683 9 5 8 1 10 8 6 10 5 9 4 2 1 2 1 1 3 10 6 9
539 9 1 1 10 2 3 4 6 4 5 1 1 4 6 7 6 4 4 7 5
495 5 3 3 3 2 1 7 8 1 5 4 1 6 6 8 3 1 2 6 4
670 6 7 1 8 2 7 5 6 4 7 3 3 10 3 1 5 5 3 8 9
717 4 8 9 9 3 4 7 8 8 6 2 6 5 7 5 3 3 2 4 10
754 6 9 8 7 9 6 10 5 2 5 8 5 1 2 6 10 8 9 5 2
20
614 1 2 6 2 8 10 2 2 3 2 4 1 10 1 9 2 2 6 10 2
718 10 10 1 3 2 8 10 2 3 5 5 4 1 10 9 3 3 2 10 4
900 8 5 10 6 4 10 8 2 10 5 10 1 2 4 6 8 4 8 7 10
670 8 10 5 3 2 9 5 6 4 10 9 2 1 2 6 4 6 7 1 4
821 2 10 10 10 5 10 3 6 10 9 3 1 7 2 6 3 7 5 8 10
737 1 10 5 5 6 3 4 10 2 9 6 3 7 5 4 10 5 4 4 10
726 10 7 3 8 2 9 8 9 5 4 1 10 6 6 2 10 5 6 7 6
752 10 4 6 6 1 8 1 8 9 8 5 4 10 6 5 6 7 3 3 5
604 2 10 6 3 6 6 5 9 1 1 1 1 3 5 8 4 6 1 5 5
671 3 10 7 10 3 10 5 6 8 1 2 6 5 5 1 2 8 8 1 4
736 3 10 9 6 10 7 8 2 6 2 3 4 2 10 1 1 8 9 8 1
679 2 1 9 4 3 9 7 5 2 10 3 2 7 8 5 8 4 8 4 3
695 5 4 3 4 1 2 7 6 8 2 4 10 10 3 2 10 10 9 2 9
565 2 6 7 1 1 4 5 5 9 9 4 5 5 3 1 6 4 2 7 3
616 1 1 8 5 7 1 7 5 2 5 7 3 6 6 3 4 6 4 4 7
675 2 8 3 9 7 4 8 9 6 7 1 4 1 3 10 3 3 9 3 8
619 1 8 2 10 3 9 10 2 3 9 8 4 1 1 1 6 8 3 10 4
737 5 1 10 4 4 9 8 3 4 3 5 8 9 3 9 9 3 7 4 8
633 1 3 2 6 1 8 6 3 5 1 2 3 4 5 10 3 10 1 9 8
556 7 1 7 5 2 2 7 1 4 7 5 5 5 2 2 4 9 10 3 5
20
735 6 6 2 5 6 4 9 2 9 5 5 1 1 9 1 2 8 5 10 9
566 3 2 2 1 9 6 6 2 1 7 5 1 9 2 8 5 3 2 2 10
684 7 1 2 1 9 2 1 5 1 4 7 9 7 10 5 7 7 1 9 3
651 10 4 10 8 7 1 9 8 4 3 1 8 2 9 1 5 3 8 4 2
710 3 3 4 8 4 7 10 1 4 1 1 8 6 6 4 5 1 10 9 5
713 2 4 7 1 2 2 10 6 5 10 9 6 2 3 9 8 9 2 4 10
688 3 9 6 4 2 9 2 1 2 3 10 1 7 8 7 10 2 1 1 5
880 3 5 8 8 10 3 7 1 9 2 8 10 7 7 4 4 5 5 10 6
620 4 1 1 7 6 1 4 6 9 2 5 4 3 9 7 4 7 9 2 2
807 8 5 2 10 8 10 10 3 7 8 10 3 7 3 5 5 2 4 2 9
820 8 2 10 4 9 4 2 10 8 8 4 10 10 10 2 1 8 7 7 2
814 3 4 2 9 9 9 1 10 3 7 1 10 1 9 9 4 5 3 10 9
719 6 4 8 3 2 7 10 7 9 6 1 7 2 4 7 9 4 3 10 5
623 9 8 3 6 9 1 4 3 5 1 3 3 8 9 2 3 5 6 5 2
885 9 9 10 1 4 3 6 8 10 9 3 7 9 7 8 4 8 10 3 6
808 3 10 1 5 8 9 4 1 2 1 9 9 10 4 6 8 5 9 3 5
557 3 3 7 1 6 2 6 1 4 8 3 3 8 7 7 5 8 1 1 5
768 10 8 8 8 2 9 6 8 8 7 6 9 5 4 7 4 1 3 7 2
601 5 2 2 7 9 4 5 1 1 5 7 10 3 1 7 8 5 7 1 6
809 9 7 9 2 10 9 10 3 6 8 10 2 8 4 5 4 1 1 4 6
20
701 2 6 1 8 9 1 6 8 7 4 3 9 2 1 3 3 9 10 8 7
699 10 10 2 4 3 5 4 7 6 6 7 7 9 2 3 1 7 4 6 7
839 1 8 10 3 7 9 4 3 7 10 5 5 6 9 9 1 6 10 5 2
710 10 1 1 6 7 10 3 7 8 5 9 2 4 1 6 2 1 7 4 7
769 1 1 1 5 8 10 5 5 6 3 5 6 8 6 4 5 7 10 4 8
680 8 3 7 10 7 1 6 3 4 9 4 8 5 9 5 10 7 2 1 7
813 10 4 4 4 9 7 10 7 7 4 6 9 4 6 3 4 6 4 10 8
746 9 6 9 5 5 2 5 9 5 7 5 6 4 7 4 3 8 9 7 4
508 8 3 2 1 9 6 9 1 1 2 2 6 5 2 5 1 8 8 1 3
573 7 1 1 1 1 8 10 4 7 10 6 5 1 2 2 7 3 3 8 5
721 5 1 9 1 9 10 2 1 3 5 3 9 6 8 10 1 2 4 6 5
670 6 6 4 7 2 7 2 5 5 3 4 5 3 9 10 5 1 1 1 10
773 9 10 1 6 8 4 2 2 7 10 6 3 5 7 2 1 10 7 9 6
687 10 1 1 4 10 6 1 2 9 7 10 10 6 1 6 9 1 2 1 1
810 8 10 9 4 8 7 8 2 6 8 1 9 6 5 10 5 10 5 4 4
704 1 4 1 10 6 3 5 4 4 8 10 2 8 3 7 4 1 8 5 7
655 4 2 10 1 1 10 9 5 5 2 2 6 3 8 4 7 5 7 5 6
661 4 6 7 10 2 5 7 6 3 4 3 3 10 3 10 7 8 10 2 3
858 1 5 7 7 3 9 8 4 9 7 10 10 6 8 1 7 5 6 7 5
648 9 2 4 10 3 1 2 7 3 4 2 8 6 8 7 3 2 6 8 4
20
729 2 3 10 5 7 10 4 8 10 4 1 2 10 9 7 5 8 4 3 2
881 4 8 5 6 6 9 4 5 5 7 10 10 8 6 8 6 9 8 6 2
786 7 9 10 2 4 7 6 1 10 8 5 6 1 5 7 2 10 7 1 9
682 9 8 4 7 1 9 4 4 2 2 6 10 6 8 6 1 4 5 1 5
649 3 1 8 4 7 3 3 4 1 9 6 9 10 3 4 3 1 8 6 6
672 7 8 6 1 4 1 10 3 3 7 8 2 3 3 1 8 10 7 8 4
700 6 9 3 5 2 6 7 1 1 4 9 3 7 2 7 7 4 3 10 4
722 5 3 4 1 2 7 6 7 9 9 2 3 9 8 6 7 2 5 5 6
629 8 9 3 7 7 3 1 1 6 5 4 1 10 5 6 7 3 5 1 2
614 7 8 9 8 5 4 3 6 5 2 2 9 7 1 5 7 1 5 2 3
868 5 5 9 4 9 5 6 2 10 1 9 3 8 8 9 9 4 1 1 10
832 4 3 7 7 8 8 5 5 9 8 7 6 4 9 5 9 9 6 10 1
606 3 1 2 6 9 5 6 2 7 7 3 9 2 2 9 5 7 4 3 5
667 3 4 4 8 1 3 10 8 4 2 6 10 7 5 10 2 1 1 8 2
612 7 2 8 9 3 4 8 10 1 1 6 2 3 7 3 1 9 3 7 8
801 7 2 5 5 10 10 6 5 10 6 5 3 6 8 4 5 9 3 4 5
782 5 5 6 7 3 5 8 7 9 6 2 7 9 7 6 7 3 7 3 10
777 7 8 6 6 7 6 7 4 9 4 4 5 6 5 3 6 1 10 10 1
824 7 7 5 6 9 9 7 3 7 10 3 2 7 7 6 5 8 8 4 9
851 10 8 10 4 4 5 2 6 7 9 8 3 4 10 9 9 1 10 2 2
20
606 2 2 8 6 6 6 6 6 4 3 5 5 8 3 2 9 9 6 3 1
655 7 2 10 1 1 4 3 9 1 4 9 7 3 9 2 3 5 9 6 7
682 2 8 8 2 6 5 10 5 3 1 8 8 4 1 6 6 4 5 7 5
738 8 3 7 6 5 7 1 4 5 10 5 6 2 9 10 2 5 1 5 9
704 6 2 6 1 5 10 7 6 9 1 7 6 5 8 2 1 1 6 6 2
686 10 5 3 10 1 2 3 6 1 9 10 10 6 3 10 1 7 3 1 10
902 7 6 9 7 7 8 10 10 9 6 10 4 10 4 8 10 6 2 2 6
700 2 2 3 9 1 2 10 1 4 8 10 1 3 10 9 9 10 5 6 8
608 7 9 1 4 8 5 3 7 3 6 1 7 1 2 10 9 3 3 4 2
608 10 1 1 8 2 10 5 5 9 8 2 4 2 7 3 3 3 2 10 1
704 9 10 6 8 3 6 9 8 6 9 6 1 4 4 2 2 10 10 5 1
786 1 9 9 3 9 7 10 2 5 5 9 1 5 9 2 6 5 6 5 1
752 7 10 6 2 1 5 7 1 3 7 8 8 6 4 8 8 2 3 7 8
547 1 1 10 4 3 9 5 6 6 2 2 3 9 4 2 10 3 1 3 4
740 5 4 9 3 10 7 8 5 8 6 1 4 6 4 4 7 1 4 9 4
789 8 10 8 5 1 1 2 1 7 2 8 4 10 5 9 5 10 7 5 6
620 10 5 8 3 3 4 6 9 4 4 3 5 9 5 2 2 9 3 5 4
812 10 10 8 10 2 6 6 7 5 10 7 2 4 9 6 2 8 7 8 4
662 9 1 10 7 6 5 5 1 3 6 10 5 8 5 10 4 3 1 2 4
892 7 9 6 5 9 1 9 1 7 7 10 5 5 9 10 9 10 5 3 7
20
642 6 2 6 3 8 1 3 6 5 4 10 3 3 4 9 2 10 7 6 1
821 8 4 8 6 3 4 9 7 7 2 6 7 9 7 5 7 5 6 7 10
587 2 10 7 5 6 2 7 6 1 4 3 4 9 4 5 3 9 4 5 2
663 2 10 3 2 1 5 2 7 3 6 6 8 3 10 8 1 2 3 7 4
736 3 5 8 9 10 10 3 1 1 10 2 5 6 9 8 6 8 1 5 6
492 1 2 3 1 1 4 5 7 4 9 1 1 3 4 8 2 2 1 8 6
893 10 8 5 6 9 9 5 8 9 7 6 2 8 8 4 9 7 3 8 8
771 7 2 8 4 7 8 4 5 10 5 1 6 9 5 5 6 10 10 2 3
670 5 10 2 8 10 4 1 3 5 7 1 9 9 8 4 10 3 1 2 2
647 1 3 9 9 4 2 6 7 4 6 2 6 4 9 1 8 9 5 4 5
634 1 6 2 1 5 4 3 3 8 7 4 10 5 3 8 4 4 5 4 2
724 5 1 2 10 9 1 9 5 10 4 8 3 2 10 5 9 8 6 2 6
613 7 8 3 1 6 3 2 5 2 2 1 9 4 4 10 8 2 9 2 2
770 10 10 10 2 3 4 10 7 8 6 7 8 3 6 7 3 7 5 4 3
948 10 10 4 7 10 9 2 3 1 5 5 8 8 8 6 7 9 10 9 8
787 2 1 6 6 7 6 10 6 3 8 4 10 7 10 4 1 9 8 6 7
749 5 6 1 4 7 2 10 6 9 1 8 8 4 7 7 7 7 6 4 1
709 9 6 6 9 6 2 1 2 7 9 5 7 6 2 2 10 1 8 2 7
559 3 1 7 4 3 5 5 10 7 3 8 3 3 2 8 5 5 1 7 1
785 7 8 5 6 8 4 2 3 10 7 1 7 9 5 8 6 4 6 1 8
20
752 4 6 5 9 1 5 3 1 4 1 10 10 8 3 6 7 3 10 5 7
532 5 1 5 6 2 5 9 7 3 2 1 5 9 1 5 10 3 7 2 4
854 10 8 5 6 9 8 1 3 6 1 2 5 1 9 10 7 5 9 9 6
772 1 4 5 8 10 4 10 4 1 5 9 9 4 10 10 3 4 4 7 5
743 6 9 10 5 10 8 3 5 4 7 5 4 6 10 1 5 6 1 2 7
770 3 4 6 4 1 5 9 6 10 1 4 2 5 9 10 8 7 5 6 5
853 4 9 1 2 3 7 8 8 4 4 10 6 5 9 9 6 9 8 3 7
633 6 8 2 9 3 1 1 3 1 3 8 8 5 6 3 6 7 3 7 4
768 2 4 10 7 9 3 5 5 9 9 4 1 4 10 8 5 4 6 4 6
594 8 2 8 9 6 2 2 3 8 7 6 4 6 3 4 5 9 2 3 5
854 10 9 5 3 7 7 4 8 3 2 10 2 6 9 9 7 4 10 8 1
568 7 6 7 9 1 3 3 1 3 1 3 3 2 8 1 7 5 9 2 7
740 4 8 6 9 6 6 1 4 3 10 5 6 1 5 8 4 4 9 4 10
678 7 2 5 4 10 3 3 4 7 4 8 1 9 4 5 2 2 10 2 5
708 6 5 9 9 6 3 2 7 2 3 5 1 7 1 7 9 6 10 7 6
785 5 8 5 3 3 6 1 3 8 1 6 3 4 9 3 7 9 6 9 6
696 6 8 6 9 6 4 10 5 5 3 3 2 8 8 6 10 1 4 2 7
568 4 10 9 3 4 2 10 9 1 3 1 3 4 1 6 9 7 9 2 2
523 2 1 1 4 3 4 1 1 1 8 1 3 5 6 5 4 10 7 2 10
699 4 2 9 1 6 6 3 5 4 8 7 9 9 7 9 1 2 8 2 1
20
590 3 5 10 4 4 5 10 7 8 4 1 10 1 3 5 1 5 2 1 10
760 5 1 2 9 8 9 9 8 8 8 1 10 6 3 1 7 5 6 9 9
607 9 4 9 5 4 10 2 4 6 1 6 7 4 8 1 1 4 2 1 2
671 10 6 1 9 6 3 9 8 4 3 9 5 2 3 7 1 4 9 2 9
645 2 4 9 5 4 10 5 10 5 4 4 2 7 2 4 3 9 7 4 6
628 3 6 8 4 1 10 3 9 2 2 7 6 7 1 3 3 3 7 6 5
478 1 3 9 9 3 4 4 5 3 2 1 5 2 2 2 2 7 3 5 10
781 6 9 4 9 3 10 8 4 9 10 4 5 8 5 8 2 2 2 4 10
733 9 8 6 7 9 5 8 8 9 8 2 7 7 6 3 1 2 7 4 3
716 7 8 2 9 1 8 1 7 5 8 5 7 10 5 9 9 10 3 2 1
601 7 5 5 7 5 5 7 2 6 6 5 2 2 1 6 8 9 8 3 3
737 9 7 7 5 6 1 9 6 1 6 6 8 10 2 10 4 7 9 4 1
610 7 1 2 10 2 1 5 2 6 1 4 7 4 3 10 7 9 9 4 1
873 10 2 3 2 5 4 9 10 10 10 6 9 10 10 7 9 6 3 5 4
680 4 5 6 10 1 3 9 8 7 5 6 7 7 8 7 6 4 1 1 8
730 6 4 8 1 6 10 4 9 2 10 6 5 3 1 4 1 3 6 10 10
779 1 6 6 4 10 2 2 9 2 10 8 2 8 7 6 8 4 7 4 7
602 5 2 7 8 4 5 8 9 2 10 9 4 3 7 4 2 3 1 1 5
624 3 5 10 7 3 7 5 3 8 3 1 4 6 4 8 8 9 2 4 1
850 5 9 10 1 7 4 10 4 9 5 10 7 10 7 7 8 7 6 1 3
20
646 5 2 10 2 5 2 7 8 6 7 3 5 5 8 8 2 4 3 3 6
577 1 1 10 10 4 4 2 8 7 2 8 2 5 6 2 1 9 2 5 5
663 2 2 1 4 10 5 2 4 3 4 10 5 2 5 1 5 1 8 4 8
766 6 10 7 3 9 1 6 2 3 10 2 7 9 7 1 3 7 9 6 6
733 6 1 9 10 2 5 5 3 10 10 9 3 10 2 10 9 4 3 2 3
820 4 10 10 7 4 9 1 7 9 10 10 3 4 3 4 8 7 10 1 7
880 1 6 5 10 10 8 7 9 8 10 6 1 10 10 6 9 2 8 1 9
771 8 7 8 5 3 5 7 10 4 6 9 4 9 1 8 3 2 10 4 6
707 10 5 4 4 1 5 5 3 3 5 10 8 4 6 9 3 8 5 2 4
706 2 6 3 6 9 3 9 7 9 4 8 1 6 4 2 2 4 7 5 6
631 4 6 2 9 6 7 1 4 10 6 7 1 5 2 2 6 2 7 2 3
687 10 4 8 9 1 6 4 3 2 5 2 5 8 2 3 7 5 6 10 9
588 1 2 4 4 2 3 9 2 8 1 1 4 9 8 2 10 6 2 8 5
727 9 4 4 5 2 1 8 5 2 6 7 3 10 9 9 10 8 9 8 1
701 7 1 6 1 1 6 8 1 9 8 6 1 6 6 7 5 2 1 7 9
803 7 9 9 3 10 3 10 7 7 2 9 9 3 3 7 3 8 5 6 6
769 9 4 2 2 10 9 7 7 8 2 2 8 10 6 8 6 9 4 1 7
683 2 6 6 9 6 1 5 9 7 1 5 2 3 9 9 1 7 7 8 2
662 9 3 6 5 1 4 10 3 6 8 5 6 2 5 3 2 2 4 7 10
709 7 3 4 3 1 2 4 10 2 4 3 9 6 8 10 7 6 9 4 9
20
641 10 4 9 2 5 2 1 2 8 6 4 9 6 2 1 1 6 7 4 4
831 4 5 3 2 2 10 6 7 5 3 4 10 9 6 7 10 6 9 7 10
796 1 2 6 6 9 6 10 6 4 9 9 6 3 6 5 9 1 8 10 2
668 4 10 6 3 8 7 5 1 8 1 1 4 4 8 5 4 3 3 1 3
679 6 10 7 9 7 9 1 1 1 4 3 9 3 6 4 1 9 8 2 3
674 3 6 1 7 3 3 1 10 6 6 1 2 9 10 5 4 1 7 8 7
607 6 9 1 6 6 1 7 3 5 1 8 3 7 1 1 5 2 7 5 5
874 9 10 4 9 3 7 3 5 8 10 8 7 6 6 6 6 9 1 8 8
698 3 10 5 3 3 8 6 5 6 10 8 2 1 5 10 6 3 1 3 7
692 7 8 9 1 1 2 2 5 8 3 5 3 1 4 7 7 8 7 9 4
730 4 5 6 5 6 6 4 6 10 4 8 2 9 5 4 2 1 4 4 9
627 7 5 4 7 10 6 3 3 1 3 8 7 7 6 7 1 6 1 4 1
773 6 9 5 5 8 6 3 2 6 6 9 5 1 3 5 6 3 10 8 4
707 7 8 1 1 10 8 7 10 4 6 1 3 7 2 8 8 8 3 6 6
693 4 5 10 10 7 3 1 1 10 3 2 2 6 1 10 6 5 9 3 3
598 7 1 5 8 3 8 3 2 2 10 5 5 10 9 2 10 4 1 4 1
735 1 1 3 6 4 6 4 7 8 10 4 8 2 6 10 7 4 8 6 6
829 9 6 1 4 9 8 4 1 6 7 8 7 7 2 9 2 4 6 9 4
618 6 7 2 10 4 1 7 6 4 6 1 2 5 5 9 2 10 2 9 6
645 5 1 6 2 7 8 9 7 7 9 3 1 8 8 1 6 3 4 4 6
20
717 3 10 9 4 9 9 9 3 3 5 4 7 4 6 1 7 6 1 2 6
696 3 1 3 3 8 1 5 1 9 8 8 9 7 8 1 3 2 6 3 10
801 6 9 8 9 4 6 9 3 5 1 6 2 9 4 8 3 3 4 8 8
573 3 1 1 2 10 6 9 3 2 2 7 9 2 4 5 1 7 4 2 7
550 2 10 3 2 8 4 4 7 7 4 3 3 6 1 1 4 10 1 7 1
707 4 8 2 9 6 4 7 4 10 9 5 10 1 8 1 3 6 6 1 3
785 9 9 9 5 6 8 9 6 3 7 6 10 9 7 2 6 4 2 5 5
776 4 7 6 10 1 8 1 2 10 1 8 6 6 6 8 6 10 4 1 5
687 9 5 8 5 5 3 1 7 9 4 3 5 9 2 7 2 7 6 5 5
770 10 9 5 3 8 1 10 10 9 1 4 2 5 7 9 7 1 9 2 3
665 4 6 7 1 4 10 6 1 3 8 3 5 3 3 8 6 4 3 4 10
794 9 5 2 8 6 4 2 9 10 9 2 4 3 10 6 9 6 9 6 4
893 10 10 6 10 10 5 1 8 9 10 4 1 5 3 3 7 3 10 9 10
669 6 1 5 5 9 10 8 2 5 2 4 4 3 4 6 8 5 9 1 5
883 6 7 2 7 10 8 2 8 6 9 6 3 7 9 7 6 9 6 4 10
784 4 3 10 2 2 8 2 2 7 3 9 5 5 10 7 2 4 6 7 8
686 3 10 6 6 8 9 1 10 1 4 4 3 1 2 6 5 10 10 2 5
771 3 7 5 10 4 10 3 9 1 6 2 6 9 7 7 4 8 9 5 5
758 4 5 6 4 7 9 2 9 8 9 4 5 7 6 3 9 2 7 2 6
772 4 8 9 3 7 5 10 8 5 4 5 2 3 10 9 6 1 2 5 5
20
749 6 3 3 10 3 4 1 10 10 4 9 10 2 8 9 8 1 5 5 1
649 8 4 7 6 6 3 9 9 9 5 3 4 2 8 9 1 5 4 3 2
789 2 5 3 3 8 2 7 2 6 5 2 8 2 10 6 8 6 9 9 9
764 10 10 4 3 3 4 9 4 6 1 8 1 7 3 2 7 9 6 7 9
651 1 4 2 6 8 7 3 1 3 4 9 3 3 7 5 9 8 1 7 4
751 4 7 1 2 2 9 8 3 5 3 9 10 10 9 1 6 4 7 2 4
673 8 4 3 3 4 10 7 9 4 1 3 8 5 6 4 2 7 10 5 2
755 8 7 3 7 8 5 2 2 4 6 3 8 6 1 8 10 5 8 8 8
805 4 8 6 9 9 10 9 4 9 5 8 10 3 3 4 7 10 3 7 1
824 10 10 4 9 5 4 4 4 2 1 6 9 10 6 8 2 7 5 9 9
754 3 6 1 9 1 4 5 4 10 3 10 9 4 3 10 6 2 7 3 9
826 9 2 2 9 10 1 3 8 9 10 9 10 5 8 10 4 6 8 6 1
764 7 8 8 3 2 8 2 6 3 3 9 1 6 2 6 8 3 6 10 8
604 5 10 2 10 4 5 8 3 1 7 7 1 2 2 3 3 9 5 10 2
778 3 9 3 8 9 9 10 9 2 5 10 6 1 9 2 7 4 2 5 9
729 3 1 6 4 1 9 1 5 6 9 2 3 9 9 10 1 8 7 10 3
851 1 1 6 7 8 8 3 2 8 9 2 9 8 10 6 9 6 9 9 5
631 6 2 8 8 3 5 4 3 5 5 1 7 3 9 6 1 5 9 9 1
731 5 3 1 2 5 7 7 6 2 8 9 10 3 9 8 4 8 7 7 2
648 9 3 2 2 3 4 2 8 9 8 8 6 5 9 4 7 1 1 1 4
20
820 8 8 7 4 5 6 1 1 3 7 7 7 7 10 7 5 1 7 8 5
734 4 3 4 6 9 7 8 1 10 2 1 3 1 9 6 1 1 5 8 8
677 6 5 5 10 10 2 6 5 6 10 4 5 2 8 1 4 5 2 5 5
735 6 9 7 4 7 7 4 7 10 9 1 7 2 1 8 7 4 10 1 6
873 5 10 5 6 4 8 8 8 4 10 6 1 10 6 10 6 10 4 8 9
728 5 6 2 10 4 10 8 5 6 2 5 3 4 8 1 8 7 9 6 6
782 5 8 5 6 1 7 6 5 10 1 6 4 4 5 8 8 8 8 5 9
897 2 6 10 10 3 10 6 8 8 8 9 9 3 4 6 9 4 8 7 10
879 8 10 10 5 1 9 5 6 10 7 3 5 3 10 10 3 7 5 6 6
797 7 8 9 1 4 9 2 5 4 6 6 7 6 7 9 7 4 8 3 6
863 9 7 9 8 6 5 10 9 9 9 10 3 10 3 3 9 2 6 5 3
801 5 9 5 9 4 6 1 4 3 10 7 2 6 2 7 6 7 9 9 7
662 8 2 8 2 5 1 1 6 7 8 1 4 3 8 9 4 2 7 8 6
861 6 5 7 1 8 4 5 7 1 3 7 9 7 9 8 10 6 4 9 7
723 3 10 5 5 9 3 2 3 1 1 9 8 5 7 4 7 6 1 2 8
774 6 6 2 1 8 4 9 6 1 10 6 5 4 10 9 9 6 3 10 5
670 9 1 1 8 2 8 8 9 6 1 3 4 7 8 3 6 9 4 6 7
780 1 3 2 3 7 5 1 8 10 6 6 7 10 9 4 7 9 6 7 4
701 6 3 6 8 5 5 6 8 9 5 1 8 9 3 3 10 7 5 6 3
757 10 6 6 8 10 2 4 2 9 8 6 7 9 7 1 3 10 1 3 8
20
618 3 4 4 1 10 1 10 10 3 1 8 4 5 3 5 3 10 2 9 2
652 5 8 1 1 4 5 6 3 3 2 10 5 3 1 6 3 10 9 1 6
712 3 7 4 1 3 5 1 9 9 9 9 2 4 2 6 3 1 9 7 8
853 5 6 4 10 10 10 9 1 6 7 7 5 9 6 2 1 9 7 6 8
671 4 9 3 9 6 8 6 2 7 7 4 1 2 3 2 2 3 7 5 8
800 6 5 8 4 8 7 4 5 2 5 9 3 7 4 6 8 8 10 5 4
653 3 5 1 8 4 4 8 10 8 6 3 7 3 5 4 8 7 6 3 7
781 6 10 6 9 6 4 4 3 10 4 9 6 5 3 10 2 2 3 2 7
622 8 8 9 5 2 9 4 6 1 10 1 2 7 4 3 7 10 7 3 5
684 6 6 3 2 2 8 7 6 4 2 10 7 8 4 1 5 9 5 2 9
774 9 3 9 6 2 10 10 4 6 2 4 7 4 10 6 7 2 4 8 1
821 10 9 7 5 4 6 8 4 5 4 8 4 9 8 5 4 4 8 4 5
792 8 9 7 2 1 3 2 5 10 4 8 8 6 10 3 1 4 5 6 5
636 4 8 3 1 1 5 5 6 4 1 10 5 7 4 2 7 1 1 7 6
746 9 10 2 7 1 3 8 9 9 5 5 8 3 4 8 3 8 3 8 5
622 1 7 8 2 8 1 2 3 6 7 3 2 1 1 8 9 5 2 5 8
702 4 4 4 6 7 5 9 8 3 7 4 4 3 3 8 5 3 4 9 9
688 7 6 10 4 5 5 10 6 1 6 7 1 6 4 10 8 2 9 4 2
520 6 8 1 10 4 3 8 6 1 3 3 1 3 4 2 10 8 1 7 3
850 6 9 4 10 10 9 5 3 9 8 1 8 9 3 10 4 9 4 7 4
20
797 5 6 7 4 8 9 3 8 4 9 7 2 9 8 2 9 6 4 7 2
772 9 9 8 7 3 6 9 4 7 6 4 1 7 6 2 6 9 8 6 10
823 6 2 4 8 10 6 2 3 6 5 8 10 8 5 2 5 4 8 8 7
671 4 8 9 10 2 2 3 1 2 3 4 5 5 4 9 4 7 7 4 6
641 5 1 5 6 3 2 4 9 4 7 8 10 9 1 2 4 5 10 7 2
670 4 3 10 8 7 10 8 8 6 7 8 5 8 1 2 2 7 3 2 1
771 3 9 2 6 5 8 5 5 4 7 7 2 4 6 10 4 1 10 1 7
930 7 8 6 7 7 7 7 5 10 6 6 10 6 9 8 1 4 6 5 10
693 1 9 10 1 2 5 8 4 7 10 5 7 4 2 7 5 7 3 5 8
821 10 7 4 4 2 10 8 9 5 9 8 9 3 4 1 3 9 6 9 8
698 2 10 10 5 2 8 2 4 3 1 2 4 6 10 9 2 10 1 6 2
724 6 6 4 3 5 2 3 3 8 9 6 8 9 4 3 3 10 6 5 7
714 1 9 5 6 1 1 8 9 2 5 10 10 4 5 2 8 10 5 4 7
784 4 2 10 5 8 3 10 8 9 8 6 5 8 3 4 3 10 10 5 10
879 6 6 5 8 8 10 6 1 7 8 6 6 5 10 8 9 5 4 3 9
762 5 2 9 10 3 3 3 4 9 5 8 10 3 10 2 2 10 1 7 7
670 4 3 5 10 5 9 7 9 1 3 7 1 4 10 3 1 6 10 3 2
749 9 9 1 5 10 6 5 1 1 2 1 10 1 9 6 5 5 10 6 2
748 10 9 2 1 7 2 4 8 8 8 8 2 3 4 3 4 5 10 8 3
814 6 9 6 4 7 5 8 7 4 5 4 9 6 10 8 5 7 4 4 9
20
726 9 7 9 4 7 3 10 9 5 6 2 8 7 2 9 2 7 7 3 6
823 2 7 6 1 7 10 6 6 7 10 6 3 6 5 6 9 2 5 8 4
751 9 4 3 7 1 5 2 6 9 9 9 1 2 8 4 8 8 9 7 6
867 10 8 3 3 8 8 5 8 6 2 6 4 9 6 5 9 3 4 10 7
757 2 3 2 1 9 6 2 3 9 1 6 8 2 7 1 7 7 4 7 10
806 8 10 1 4 4 10 1 6 5 6 7 4 9 3 1 9 3 6 10 6
537 3 4 2 2 1 7 2 5 6 5 4 4 1 4 3 5 9 2 6 2
662 8 5 5 8 6 4 10 3 3 9 1 4 3 7 8 1 2 9 5 8
803 3 4 2 9 7 7 6 10 8 9 9 10 8 9 3 4 1 6 1 4
818 4 5 3 7 8 4 9 10 8 8 10 2 5 9 4 6 8 7 5 3
758 6 3 8 10 8 4 3 1 5 7 9 1 10 3 8 4 10 10 2 3
689 5 6 5 4 9 7 7 9 1 5 4 8 5 4 5 1 3 6 10 4
689 1 4 3 1 5 3 7 8 9 6 8 2 6 3 6 9 5 7 7 3
652 3 9 5 10 10 6 4 8 1 5 4 2 8 5 1 1 10 3 9 4
620 5 6 7 6 2 4 6 2 6 3 2 1 9 9 8 5 2 1 3 2
569 7 5 5 5 5 1 3 7 2 5 6 3 2 4 3 9 1 1 4 8
725 1 9 6 8 8 1 2 10 5 9 4 6 3 7 4 6 4 7 6 4
799 4 5 6 1 8 8 10 10 9 3 6 6 4 2 9 3 2 1 6 10
640 10 4 9 3 10 5 7 2 9 1 4 4 3 3 2 3 5 6 3 6
715 1 6 8 3 2 5 2 9 5 9 5 5 7 6 2 2 5 7 10 10
20
957 9 8 3 10 7 9 10 6 9 9 5 6 8 9 8 9 2 4 10 3
644 6 3 4 3 9 9 3 5 6 7 1 3 5 2 5 8 6 9 8 1
816 2 9 6 5 1 4 3 1 10 4 5 10 6 6 10 7 3 2 7 9
607 2 7 7 10 2 2 7 3 7 5 10 3 5 5 8 2 7 3 1 1
812 9 3 9 2 6 6 2 9 8 9 5 3 10 7 5 8 4 2 6 10
927 7 6 5 5 9 7 9 8 10 8 10 7 7 9 8 8 4 4 1 8
838 8 8 4 10 6 9 5 8 3 8 8 7 4 4 8 6 7 8 2 10
612 4 8 7 4 5 2 3 4 6 1 2 1 7 3 4 3 9 7 5 6
724 9 2 7 2 3 7 9 7 3 8 9 10 10 7 3 1 6 4 2 10
762 8 7 3 10 5 6 1 1 10 8 5 5 6 6 3 10 7 5 4 9
730 1 4 10 9 9 6 6 2 8 9 3 1 10 8 2 3 8 3 10 1
737 5 6 2 1 6 8 9 1 6 10 1 10 10 10 6 2 3 4 6 1
815 8 1 6 10 4 1 10 10 4 10 6 7 5 10 7 2 4 10 7 10
617 3 1 9 5 7 5 3 4 1 5 2 1 8 10 5 1 5 1 9 3
682 8 8 2 8 6 3 8 5 7 1 1 8 9 3 5 3 7 5 2 8
669 2 7 4 8 5 1 5 3 2 6 5 5 9 3 5 6 5 3 9 7
780 2 9 2 2 2 6 1 9 4 7 7 7 8 10 4 1 4 4 9 10
805 4 9 1 4 10 9 10 4 7 4 6 6 3 6 5 3 1 7 3 8
856 8 5 8 6 4 10 10 3 8 3 8 9 5 8 2 1 5 6 4 10
563 2 3 3 5 7 2 2 4 8 4 3 5 1 9 2 7 1 1 3 9
20
659 7 6 4 2 2 1 2 2 10 4 2 1 10 3 9 10 6 3 9 4
731 2 3 1 9 3 1 2 7 7 7 6 2 9 3 7 10 3 10 7 9
689 10 1 1 6 10 6 5 10 8 3 8 4 6 4 4 6 4 1 4 9
729 7 9 9 9 3 6 8 8 3 3 3 1 4 5 9 3 8 9 5 7
775 5 10 4 4 4 3 5 3 5 4 9 10 6 5 6 7 10 7 3 5
612 1 8 2 1 9 4 4 5 2 2 1 2 6 8 2 9 9 6 6 4
675 5 3 6 7 6 5 7 10 7 9 2 2 1 3 5 9 5 10 2 8
707 6 9 2 2 1 6 9 10 7 2 5 5 1 8 8 5 7 1 5 7
858 6 8 6 9 10 10 3 9 3 6 10 5 9 4 4 4 6 6 8 8
709 9 7 5 5 1 2 1 5 6 3 4 8 10 4 3 9 2 4 8 6
810 8 2 8 2 8 1 9 9 4 7 7 2 4 8 10 3 8 9 8 8
825 8 7 4 9 4 10 2 6 2 5 4 10 6 10 4 4 5 10 10 1
614 8 10 10 3 3 2 8 3 1 9 1 1 8 7 2 9 10 3 9 1
779 1 3 8 2 10 10 5 10 2 7 9 9 4 5 5 8 4 7 4 1
756 10 6 10 4 4 2 9 5 8 10 8 4 7 4 8 3 10 6 2 5
832 3 7 3 10 5 4 6 7 7 7 10 2 5 10 8 10 9 10 3 3
627 9 10 2 4 1 8 2 8 2 4 5 10 1 4 4 7 4 4 4 3
833 10 10 9 8 5 3 9 10 4 10 2 3 8 9 7 8 2 1 9 10
598 7 10 4 3 4 1 6 5 3 8 4 4 3 4 5 2 9 8 1 5
689 9 3 7 4 1 5 7 8 8 1 7 2 5 3 8 9 4 5 6 7
20
804 3 6 5 1 10 2 2 6 9 5 10 4 1 5 8 4 1 7 9 5
615 6 9 4 3 8 3 7 9 4 9 10 2 2 7 1 2 6 2 1 2
726 2 7 7 4 4 10 5 10 5 1 7 9 5 3 9 7 6 2 3 4
916 9 6 10 7 1 9 8 7 6 9 10 8 9 5 7 4 7 4 10 7
748 2 2 7 1 1 5 4 9 10 10 6 8 1 10 3 7 9 4 5 6
823 9 1 1 2 6 9 2 2 10 5 8 8 8 1 8 7 10 7 4 10
889 9 5 7 9 10 8 4 8 8 8 9 4 9 1 9 3 10 1 10 9
801 10 4 10 10 7 4 1 10 9 7 3 5 10 1 9 7 1 5 3 9
793 3 7 7 9 6 9 2 8 6 3 10 1 8 1 8 4 10 5 10 1
603 3 9 1 3 1 6 4 2 4 7 2 5 7 3 7 9 1 6 2 2
795 8 5 10 6 4 8 2 1 6 5 5 9 5 5 7 7 4 8 2 7
777 7 9 3 7 8 1 7 2 7 10 6 3 3 8 4 1 5 9 8 7
746 4 8 10 9 2 9 3 6 2 1 9 2 4 5 10 8 8 7 1 5
595 1 6 2 10 2 2 7 1 4 2 1 5 4 9 7 7 8 5 1 5
712 2 8 4 4 10 1 10 3 1 10 9 7 1 8 3 10 5 1 3 6
549 2 3 3 9 3 8 8 10 1 8 2 7 4 7 5 1 8 1 4 3
613 9 9 1 7 1 5 8 4 2 9 2 4 3 2 10 7 8 2 9 4
805 10 8 7 6 1 10 10 1 4 3 8 7 8 6 7 6 5 9 6 3
680 10 2 7 8 5 7 1 2 1 1 3 1 4 5 8 7 6 9 8 9
686 8 6 2 2 6 5 2 4 1 6 1 9 10 10 6 4 1 4 3 7
20
707 4 7 5 10 5 3 9 7 7 6 8 2 2 8 2 10 7 8 1 1
828 9 10 10 9 7 1 5 9 8 4 6 2 4 7 6 10 6 4 4 9
601 7 9 10 2 3 4 1 10 3 1 4 2 3 7 4 1 10 5 1 6
612 4 1 10 3 10 1 4 2 6 6 3 4 7 2 4 3 7 7 6 5
817 2 5 9 7 9 1 3 4 5 6 9 6 2 4 6 5 7 8 10 9
683 1 3 1 8 5 6 7 6 4 1 7 6 6 4 9 3 7 6 9 6
760 8 6 3 10 7 2 10 10 3 6 6 1 9 10 3 10 1 7 7 5
571 9 2 4 6 1 1 6 3 6 1 7 2 4 4 5 1 5 3 6 7
822 10 6 2 2 3 9 1 8 6 3 6 7 9 10 1 9 10 2 6 10
706 5 2 3 3 2 4 8 2 9 1 4 1 10 8 7 9 5 8 9 3
732 6 8 2 5 4 3 4 2 2 4 10 3 7 1 9 9 10 8 8 7
630 8 5 3 7 1 6 3 2 1 5 5 7 5 6 8 4 2 4 6 5
609 2 7 6 5 6 10 4 7 5 2 5 1 2 3 4 8 5 2 2 6
600 9 2 2 1 7 5 7 3 2 4 8 7 6 9 2 7 3 1 5 1
822 4 4 7 8 8 8 1 1 6 4 8 2 4 9 5 6 3 7 9 9
627 1 9 2 6 6 5 7 7 2 8 9 4 5 1 5 5 9 2 6 1
818 8 1 10 3 8 10 10 3 1 10 6 7 8 6 10 5 5 3 5 10
803 5 9 9 2 3 10 7 10 5 2 9 6 5 8 1 6 10 9 5 3
701 10 6 4 5 8 9 5 5 10 2 1 7 4 4 4 8 1 1 7 1
717 10 8 1 9 4 9 5 3 9 2 4 4 1 6 2 2 5 10 9 5
20
781 5 9 9 1 2 8 1 7 7 9 1 10 7 2 10 6 6 7 4 9
749 2 6 2 1 9 6 5 3 9 9 4 4 7 10 9 1 5 5 1 8
523 3 4 3 8 5 2 6 1 2 4 4 4 1 3 1 4 10 8 6 9
703 5 9 5 2 7 4 2 6 3 7 9 8 2 8 4 3 7 9 2 3
728 8 4 4 2 6 3 3 6 4 4 10 3 10 2 4 10 3 6 8 5
588 1 6 5 10 3 1 3 2 1 3 1 5 4 7 3 10 9 6 9 7
708 6 6 8 2 9 5 4 9 4 5 10 4 2 2 3 10 3 3 5 4
710 7 9 1 9 3 1 3 1 6 8 4 4 9 10 9 7 8 4 3 2
707 5 6 10 10 6 9 7 1 3 4 10 1 3 2 2 3 4 5 8 8
692 1 5 10 6 6 4 4 8 1 8 3 4 8 7 2 1 4 9 8 5
714 1 7 2 7 2 10 1 6 8 9 4 4 6 5 1 9 3 7 2 8
801 4 5 9 4 6 3 5 7 10 9 10 4 3 8 2 6 7 9 2 4
691 3 10 7 3 3 5 10 2 9 5 3 5 5 1 7 3 8 4 5 3
593 1 2 9 9 10 6 4 8 9 1 1 6 1 1 4 1 2 5 3 5
659 7 2 9 8 6 4 1 10 6 10 4 4 6 2 8 9 5 6 2 2
670 3 6 2 5 10 8 6 3 4 6 2 7 1 2 9 5 3 4 6 8
778 8 5 5 10 7 6 10 3 4 2 7 3 5 10 4 8 6 10 3 3
729 8 4 5 10 9 7 7 5 8 4 1 5 5 1 4 9 1 8 3 8
566 8 8 7 4 3 3 10 10 1 6 1 10 1 4 3 7 10 3 1 7
762 7 2 10 8 8 2 5 6 5 6 9 4 8 1 3 7 3 4 8 10
20
807 9 7 5 3 7 3 6 7 1 10 6 7 7 7 1 9 4 8 9 7
651 10 2 7 4 8 10 3 7 5 1 6 3 6 4 5 6 8 5 4 1
789 3 8 6 8 9 3 10 8 7 5 6 1 8 7 9 3 5 3 9 5
883 8 2 10 9 10 3 9 3 5 3 7 10 10 3 9 8 8 9 7 7
714 3 5 7 2 9 3 5 6 9 5 6 4 7 7 5 7 6 9 2 1
842 7 7 9 4 8 4 10 8 6 1 5 4 2 7 10 2 10 5 9 8
668 7 8 2 3 3 2 5 7 7 10 4 10 6 2 1 6 9 9 2 4
858 5 6 5 10 3 7 9 9 4 9 8 6 10 6 1 6 4 7 10 9
785 4 6 10 5 1 10 4 6 4 8 9 7 4 8 5 10 2 7 1 3
703 5 2 9 5 10 5 8 4 2 10 5 8 3 5 4 5 9 6 1 10
603 7 3 3 6 2 8 5 3 5 3 2 3 4 4 10 6 8 3 4 5
710 4 6 7 1 10 9 2 2 10 1 4 1 6 8 2 3 4 4 1 5
595 4 5 1 4 6 5 1 6 7 8 1 9 9 7 4 4 2 2 3 2
693 1 2 5 4 3 9 8 6 8 3 2 9 8 2 2 7 9 10 4 5
899 5 4 9 5 1 8 4 9 8 10 9 9 9 8 9 3 1 10 6 4
665 10 3 9 2 7 3 3 2 6 8 2 10 2 3 4 6 1 8 10 3
758 9 10 10 5 4 5 8 8 8 4 9 5 6 3 2 3 5 2 3 8
910 10 9 4 8 10 8 6 1 4 3 10 8 9 8 1 9 9 4 8 10
774 10 5 7 4 2 6 3 7 8 2 8 6 7 6 6 4 8 5 8 7
723 4 5 6 3 8 5 10 6 7 1 10 3 1 1 10 4 2 3 8 4
20
713 3 9 10 9 7 3 10 1 10 9 5 2 8 2 6 1 6 4 3 4
678 10 3 9 10 6 8 1 4 8 3 1 5 7 1 3 8 5 4 4 6
723 8 3 1 10 3 10 3 1 3 7 5 10 6 6 3 5 2 6 10 5
822 8 8 1 6 9 6 8 7 4 7 8 10 9 5 8 2 9 4 6 2
706 7 6 3 2 6 5 5 2 9 9 7 10 4 7 1 2 9 4 6 1
871 3 8 1 7 5 7 2 8 3 8 9 1 10 9 3 10 9 8 10 8
623 4 5 7 10 5 2 1 5 5 7 3 2 1 9 6 6 3 2 6 5
837 7 10 4 7 8 4 3 8 10 10 3 10 6 2 10 8 10 1 7 4
754 4 9 1 7 4 10 3 5 8 5 5 2 4 10 1 4 9 10 2 9
594 8 1 2 2 1 5 1 10 4 6 6 2 9 3 9 4 6 5 4 8
934 10 4 5 4 5 10 3 9 10 9 7 9 1 4 10 6 6 8 10 7
824 1 5 4 8 10 7 1 6 8 9 8 8 4 8 4 8 4 10 4 4
554 10 9 1 1 5 1 7 5 7 6 3 7 3 10 1 1 6 1 1 4
737 3 6 9 6 5 3 4 10 10 6 6 3 2 8 1 7 5 7 9 1
710 3 4 9 8 7 9 4 7 6 1 8 6 3 5 7 7 2 1 2 3
683 4 2 2 9 4 10 1 10 10 8 1 7 3 6 8 2 4 2 5 5
728 2 1 8 8 9 5 7 6 5 8 6 7 8 6 7 3 10 1 1 7
853 10 10 5 10 9 8 10 9 5 9 7 10 7 1 5 3 2 8 1 7
726 2 6 2 9 10 7 5 5 5 1 9 9 4 3 5 1 6 3 2 8
780 4 3 6 7 2 7 8 3 10 4 8 5 6 4 7 7 10 5 10 5
