250 15
1250 1250 1250 1250 1250 1250 1250 1250 1250 1250 1250 1250 1250 1250 1250
10
393 1 7 9 2 5 1 8 3 4 5 5 5 1 3 7
321 1 1 2 9 8 4 1 6 6 7 1 6 4 2 3
364 2 5 3 7 3 2 6 6 7 5 6 2 2 1 7
443 1 3 5 7 7 8 5 5 1 9 7 9 2 9 3
412 9 3 2 8 7 4 9 2 2 4 5 8 5 8 9
435 8 4 9 6 9 6 5 4 2 8 6 3 2 1 8
451 3 2 7 9 2 6 8 3 5 9 9 2 6 6 1
295 6 9 6 4 2 6 2 6 1 4 2 8 1 3 3
366 9 9 1 4 2 3 7 8 9 2 1 4 4 9 1
451 6 8 9 2 2 6 9 1 1 3 5 5 9 9 8
10
431 7 5 9 6 3 7 4 7 7 2 3 5 3 1 7
418 8 5 7 6 3 7 1 8 3 6 8 8 4 3 1
408 1 8 4 9 1 1 9 8 7 6 5 4 8 1 2
332 8 2 5 4 8 9 1 7 4 3 1 2 5 8 7
425 8 8 1 7 3 4 5 7 1 5 9 9 8 6 5
340 9 2 7 3 2 8 2 2 1 7 2 6 2 4 9
434 9 4 4 6 5 6 6 5 7 6 3 5 6 6 2
332 4 2 2 8 1 3 5 6 6 2 3 1 9 5 6
373 9 8 5 9 5 3 3 6 6 1 1 9 2 7 4
432 7 9 9 5 7 9 8 2 4 2 2 1 1 8 9
10
379 9 7 3 9 6 1 8 4 6 4 3 3 2 7 7
420 2 2 2 1 5 2 4 2 7 7 4 9 8 7 5
322 6 7 3 6 8 2 6 3 2 6 4 4 6 2 3
455 2 2 9 1 3 8 9 9 3 3 9 4 8 1 1
413 5 7 7 2 8 4 3 6 8 3 8 4 2 6 1
473 7 7 5 4 7 5 5 7 9 7 5 7 6 5 4
357 4 6 8 1 5 4 1 2 7 4 3 9 5 1 1
411 3 5 1 1 7 9 2 6 9 7 6 4 6 1 9
400 6 1 3 6 7 3 3 9 7 9 2 8 1 2 4
452 7 5 6 1 8 2 9 4 9 3 4 4 5 8 6
10
395 7 3 3 3 2 7 4 2 6 7 5 8 5 4 4
334 7 5 1 1 1 4 1 1 8 7 3 6 4 2 9
500 4 9 5 4 1 5 7 7 4 7 8 8 6 5 7
441 4 8 9 2 4 4 9 6 2 6 5 1 3 1 9
272 2 2 1 7 8 1 3 2 4 5 4 1 3 3 4
318 6 9 1 3 4 2 3 3 4 5 4 5 3 5 8
411 3 9 1 5 8 9 8 7 3 9 2 5 9 4 3
443 9 9 7 7 4 6 6 8 3 7 4 3 5 4 8
377 5 2 2 6 3 7 1 3 9 7 4 5 7 6 7
379 9 8 7 2 4 5 1 6 4 2 2 8 8 3 8
10
361 4 8 2 5 9 8 2 3 7 9 5 2 3 7 2
411 2 7 4 9 2 9 6 4 3 8 8 3 5 2 6
466 7 1 9 7 9 4 9 4 4 5 8 5 2 8 1
468 5 9 9 9 4 6 6 4 5 6 6 5 7 1 2
522 6 9 9 9 5 5 7 3 9 6 9 3 8 9 4
424 3 3 5 5 1 6 9 1 7 3 7 5 6 9 3
381 2 5 7 7 6 4 4 2 9 3 1 2 4 8 4
476 6 3 8 6 8 5 8 1 4 2 3 9 9 4 9
407 3 4 5 9 3 3 8 1 5 2 7 6 8 3 2
374 9 9 1 4 1 8 9 1 9 6 2 4 2 6 4
10
450 8 3 2 8 5 4 8 7 6 9 1 8 4 7 9
371 3 2 8 1 5 4 2 5 3 7 6 3 8 1 7
342 6 9 3 6 2 6 3 1 1 2 9 9 6 5 4
453 5 7 5 8 7 9 2 6 2 8 8 3 8 8 8
385 8 2 8 8 5 1 6 6 6 2 2 5 1 2 8
466 8 9 9 8 6 3 4 9 7 4 2 9 2 6 6
470 6 5 3 1 6 3 8 3 8 4 3 8 8 7 6
325 2 4 2 2 5 7 6 5 3 1 6 3 6 2 5
366 2 3 3 4 8 5 6 1 5 1 9 4 5 2 7
387 2 8 5 4 5 5 8 8 3 2 4 6 3 8 6
10
433 8 7 6 1 1 9 8 8 4 7 5 7 3 6 1
357 4 4 2 6 3 6 7 4 1 8 4 8 3 7 3
377 1 8 6 1 4 1 1 3 7 7 1 8 6 8 7
331 8 4 7 1 7 2 1 2 7 4 2 1 4 8 9
376 2 8 5 6 4 7 5 7 4 1 7 6 7 6 1
362 4 1 2 5 7 6 6 5 9 5 4 2 1 5 4
363 3 1 7 4 5 8 5 2 2 4 2 1 7 5 9
380 1 8 6 9 3 5 3 5 4 2 4 6 8 6 4
359 4 1 6 3 6 7 2 3 7 1 9 5 2 3 1
303 4 5 3 3 2 4 7 1 2 4 8 2 1 7 4
10
390 4 1 2 9 9 7 8 5 4 8 1 1 1 7 8
381 7 8 1 1 7 4 8 8 6 1 3 6 4 7 8
455 8 5 9 5 8 4 8 2 3 8 3 7 5 7 2
454 2 8 6 4 8 8 8 2 1 6 6 8 4 2 8
382 6 2 3 8 1 2 5 9 3 1 7 9 5 9 8
295 9 4 1 1 7 1 9 3 1 4 1 4 5 9 4
456 2 1 9 2 2 6 1 2 9 4 7 8 4 3 9
427 4 4 2 1 7 9 7 8 9 3 1 6 8 6 1
468 2 8 8 6 3 8 7 7 8 3 5 6 2 1 5
384 5 8 5 5 6 1 7 9 2 3 6 4 1 7 5
10
496 4 5 8 6 7 1 9 6 8 2 3 9 8 3 7
418 6 4 7 4 4 5 9 4 6 2 9 6 2 6 1
448 5 9 3 8 1 8 9 8 4 6 9 3 3 9 7
397 3 7 2 3 6 2 5 9 5 6 8 2 9 4 7
358 3 5 4 2 7 9 2 1 2 8 3 6 6 6 4
372 8 4 4 1 1 3 8 1 3 5 9 4 3 6 8
310 7 1 4 2 8 9 1 5 3 4 1 2 4 8 8
365 3 4 7 8 9 1 4 8 7 1 6 2 3 5 1
278 2 1 1 5 3 4 8 4 1 1 4 5 3 3 4
331 2 9 6 2 2 4 5 2 1 4 5 3 1 9 9
10
473 4 3 1 5 4 8 9 8 6 8 8 5 8 9 3
368 8 8 3 7 1 8 1 6 7 6 2 4 8 9 3
344 4 3 4 4 5 3 2 1 3 9 5 7 5 4 6
430 4 1 1 3 3 8 9 9 8 6 5 1 7 8 7
482 8 2 8 7 6 3 6 5 6 2 8 9 9 5 5
448 6 1 6 3 9 1 2 3 5 6 9 5 8 9 8
369 2 1 9 8 7 3 1 6 3 5 1 8 8 3 7
394 6 3 3 6 1 9 7 5 5 1 8 2 5 1 8
314 9 2 4 1 7 4 1 9 1 2 9 8 4 1 1
460 7 7 9 4 6 7 5 9 2 5 9 6 9 2 1
10
426 1 6 6 1 1 6 8 2 9 6 5 1 2 6 9
445 2 4 9 7 1 2 8 5 9 1 3 9 1 5 4
295 9 3 1 3 4 3 1 3 5 4 8 2 6 4 6
410 9 5 4 7 7 4 3 4 6 1 8 7 5 8 2
452 6 1 5 8 8 5 7 3 8 3 8 6 3 3 6
395 6 4 5 8 1 3 4 3 7 8 2 3 6 4 8
399 2 4 7 2 2 9 1 9 2 4 7 8 5 9 5
431 3 2 4 2 4 2 8 3 9 5 4 6 2 6 5
408 4 3 2 8 8 4 1 8 4 9 4 9 9 7 2
492 2 8 4 4 7 5 3 9 9 7 4 8 4 9 9
10
389 2 4 6 6 1 4 9 8 2 6 2 2 7 6 5
361 6 1 5 4 2 8 2 2 9 6 3 8 2 5 1
427 6 1 7 6 8 7 3 2 9 6 2 3 9 8 5
383 4 4 7 5 4 4 8 5 1 6 7 3 4 4 2
308 1 5 2 9 5 1 3 9 4 1 2 9 6 2 2
363 4 4 6 2 7 2 1 7 8 9 1 1 7 4 3
449 3 8 3 9 6 2 3 9 8 2 8 7 1 7 9
388 6 5 3 6 4 5 2 5 9 9 8 1 5 7 1
362 2 9 3 4 7 7 2 2 3 8 2 7 5 3 6
407 4 1 1 7 1 5 5 8 5 5 1 9 9 8 5
10
237 3 5 1 2 6 4 3 3 2 1 1 8 4 6 2
352 2 4 5 1 3 2 1 8 4 8 1 5 4 5 5
477 6 9 2 6 7 7 8 4 7 7 6 6 5 5 7
447 9 4 2 9 4 5 8 6 5 9 9 2 1 8 5
309 7 2 1 6 4 8 8 7 8 1 3 1 2 3 1
402 7 6 5 3 5 1 5 8 6 1 7 7 2 4 8
472 2 7 9 7 6 4 3 8 9 3 9 4 8 6 1
422 8 6 1 5 6 7 2 6 2 9 9 6 9 8 6
397 8 9 9 8 7 7 8 7 1 6 6 1 2 1 1
527 7 3 6 2 8 6 9 5 8 7 6 6 6 9 1
10
552 1 2 3 8 7 9 7 6 7 9 9 9 8 5 9
452 1 6 6 9 4 9 2 9 6 9 9 7 7 1 1
524 9 3 6 9 2 4 6 9 9 8 7 4 5 9 6
458 5 2 4 6 7 9 4 3 9 6 8 1 8 8 9
368 3 9 3 5 6 6 6 2 2 8 2 4 7 6 7
405 5 4 4 1 8 2 2 4 9 3 5 8 9 1 3
361 1 5 4 7 9 8 3 1 6 1 5 5 1 8 4
306 9 2 5 2 3 4 3 4 3 4 1 8 7 1 4
384 1 5 6 4 6 8 1 5 9 2 5 4 5 9 5
333 2 7 8 3 4 1 3 2 4 6 4 1 4 4 3
10
385 1 5 1 8 2 1 7 2 7 1 9 6 5 4 6
457 7 3 8 7 6 2 2 1 9 2 8 6 8 5 7
367 8 1 3 5 7 8 2 5 3 4 7 9 2 1 9
510 3 3 7 7 7 6 6 7 8 9 4 6 1 2 9
514 6 8 6 1 6 9 6 4 7 4 7 6 9 4 6
357 7 3 7 4 3 7 7 4 2 5 1 7 5 2 2
418 2 1 3 6 3 8 8 8 2 6 8 5 4 5 7
564 3 5 7 8 9 3 8 9 7 8 6 9 6 6 5
381 6 1 1 6 6 4 7 6 6 6 8 9 1 1 2
373 6 6 2 1 7 2 3 1 5 9 8 1 9 5 7
10
378 9 2 8 2 5 3 8 2 3 4 4 3 8 2 6
344 5 1 1 7 7 9 1 9 3 3 4 7 7 5 3
381 2 6 9 6 1 8 6 6 3 2 1 6 3 5 6
501 7 4 3 7 6 7 4 9 6 9 8 8 4 9 5
372 8 3 4 8 7 3 7 8 1 1 3 6 4 9 4
403 9 6 5 6 1 3 5 3 7 9 9 3 2 6 4
488 9 9 7 5 9 6 2 7 7 5 6 8 5 7 3
403 3 9 6 3 4 1 3 3 7 6 3 7 4 4 8
465 8 1 6 2 3 3 7 4 5 5 5 8 5 5 9
494 9 2 9 1 5 1 4 4 9 6 9 1 6 7 9
10
481 8 5 6 8 5 7 9 7 4 7 1 9 4 7 2
364 4 5 7 3 2 4 5 4 4 4 5 5 1 6 7
341 4 2 5 6 6 7 1 1 5 5 3 1 6 4 6
330 3 4 2 1 3 4 8 3 1 7 4 7 4 5 3
358 3 8 7 1 2 1 1 1 5 7 4 7 4 2 8
392 9 3 8 1 1 4 5 1 4 9 5 4 5 1 9
385 1 6 7 2 3 9 6 9 2 8 1 5 3 9 2
465 5 1 7 9 2 6 4 6 9 5 1 5 8 6 9
333 1 7 2 9 8 9 3 2 6 2 7 1 5 1 1
322 7 1 7 2 3 5 1 4 1 4 3 6 3 3 8
10
414 6 6 5 1 3 2 6 4 9 6 6 3 2 5 6
348 5 6 9 6 1 2 5 9 4 2 5 3 2 8 1
354 7 5 7 6 6 2 5 2 3 1 7 1 5 9 8
329 2 7 6 3 1 4 8 2 1 1 4 7 6 1 1
466 1 7 8 9 6 4 8 9 6 1 3 6 7 7 4
503 4 6 5 4 5 3 7 4 9 4 8 9 2 9 5
368 2 9 3 8 1 3 7 2 7 2 3 9 6 2 5
476 5 9 7 7 1 8 3 8 6 7 5 6 4 4 9
463 6 6 3 3 9 5 4 5 9 4 9 5 9 1 7
522 4 3 8 2 7 9 2 7 7 5 9 6 6 9 9
10
389 5 1 8 4 8 3 4 6 5 3 5 3 7 8 5
340 2 7 5 2 1 5 3 6 1 7 1 5 7 3 5
536 3 4 8 8 4 7 5 8 7 9 7 6 6 4 7
373 1 3 2 8 4 7 8 6 1 8 3 5 5 8 4
435 1 9 9 8 7 5 7 9 3 8 2 1 8 3 6
377 3 6 1 4 1 2 6 8 6 3 9 2 9 5 7
481 8 4 7 4 3 2 9 4 5 9 9 3 7 9 3
542 1 8 3 5 6 8 9 1 7 9 8 4 8 8 8
396 2 5 3 9 5 8 7 4 4 4 3 6 5 4 9
311 4 1 1 6 4 6 6 1 2 2 5 6 8 7 2
10
399 3 3 4 7 7 3 9 6 3 4 1 9 9 5 1
426 9 4 2 1 9 6 7 5 7 2 4 9 4 7 6
460 1 1 5 1 8 8 3 8 9 7 7 5 6 1 3
349 8 7 9 7 5 3 5 1 2 3 8 2 1 5 2
363 5 5 8 2 5 1 9 3 4 5 4 3 2 1 3
396 7 4 4 4 6 4 6 7 4 8 6 2 2 8 3
372 7 8 1 4 4 1 9 6 1 3 5 9 4 6 7
481 1 9 4 7 1 8 6 5 7 9 9 4 4 7 8
378 7 5 2 5 7 3 2 5 6 4 3 7 5 8 6
356 4 2 1 7 3 8 5 3 8 4 7 5 6 1 1
10
312 5 4 2 5 3 1 6 6 4 1 8 1 7 1 8
388 5 6 7 2 3 2 8 8 1 5 5 9 3 2 3
400 5 8 5 6 8 2 2 7 6 7 5 5 4 5 3
333 6 8 2 8 3 5 2 4 6 1 1 8 9 7 4
422 1 9 1 8 4 2 9 9 9 1 3 9 4 6 4
355 4 4 3 1 7 2 1 8 4 4 6 3 5 7 6
390 5 2 9 9 2 5 5 6 2 7 4 6 5 3 4
295 2 4 4 5 8 4 1 2 1 9 3 7 1 5 4
354 6 6 5 9 4 5 1 1 1 1 7 9 9 4 3
295 9 4 2 3 1 3 4 2 2 7 1 7 5 3 4
10
453 9 5 3 3 3 9 9 5 2 4 8 9 5 7 2
420 3 4 7 6 7 5 2 7 7 5 9 2 7 6 3
464 1 5 2 5 6 1 8 6 7 9 9 6 4 1 7
254 8 4 1 5 5 2 1 9 1 9 1 3 2 6 4
390 8 2 4 8 3 9 1 5 5 7 9 1 6 8 2
330 2 2 1 2 3 6 3 8 3 4 2 8 6 9 6
383 1 7 5 9 7 9 5 4 2 6 8 1 8 4 3
411 3 2 6 4 2 6 6 5 9 1 6 3 6 8 2
462 5 3 6 9 2 8 9 9 2 2 5 7 6 6 8
411 7 6 4 5 7 5 2 3 7 1 9 7 4 3 7
10
366 3 4 2 5 1 9 7 1 2 9 2 4 3 9 6
333 5 6 5 9 9 3 1 7 3 4 6 3 2 8 4
380 5 5 1 7 8 9 2 3 9 7 1 3 9 5 1
426 2 8 3 4 7 2 8 9 7 5 4 4 7 1 9
293 8 1 1 5 5 6 4 8 1 3 1 8 5 1 1
410 9 4 2 5 7 5 5 3 9 5 5 2 4 8 4
436 2 7 1 8 7 4 8 1 8 8 4 9 6 5 2
382 8 8 3 7 5 3 1 9 5 9 1 6 8 1 6
450 1 2 8 4 1 7 5 6 7 5 9 6 5 8 3
461 9 4 8 4 1 7 3 5 7 9 5 3 7 5 3
10
432 2 1 5 6 5 5 6 2 6 7 5 8 3 7 3
387 6 1 6 9 4 5 3 5 4 2 4 9 2 5 8
395 1 9 4 3 1 6 1 7 4 6 8 3 6 5 6
455 9 5 8 9 5 1 5 3 5 7 7 8 1 6 3
459 5 9 5 9 6 7 9 5 8 6 2 5 2 6 8
402 9 3 1 3 8 3 3 2 9 4 9 5 6 2 7
452 5 3 5 5 5 5 7 4 3 7 9 7 4 6 7
435 2 6 8 7 9 8 9 4 6 3 2 2 1 2 8
366 8 7 5 9 1 4 5 3 6 5 3 4 1 6 2
424 1 8 3 8 3 9 4 6 8 1 9 3 8 4 7
10
359 2 3 1 4 9 8 7 7 4 2 1 4 6 6 6
450 3 4 7 9 5 2 1 3 7 1 9 9 4 7 9
248 4 1 2 3 5 1 2 1 5 4 1 4 4 7 1
387 1 3 4 1 7 8 5 5 5 1 8 6 2 4 8
415 9 2 7 4 7 7 2 1 6 2 4 8 9 5 8
491 5 3 6 3 9 7 7 7 7 3 1 8 4 9 9
487 9 2 9 8 6 9 2 1 9 6 6 3 8 8 3
477 4 5 3 7 8 6 9 1 9 4 9 4 9 6 4
383 5 8 7 7 9 6 2 1 2 9 1 9 2 1 4
477 8 5 2 7 8 8 2 5 9 6 5 9 8 1 8
10
346 5 6 3 6 7 1 9 4 1 4 8 2 9 2 2
323 9 6 2 1 1 1 1 6 9 4 3 7 4 4 5
502 3 2 4 5 8 8 9 1 9 3 5 9 6 5 7
303 2 7 2 6 4 1 7 5 4 1 3 4 3 5 2
293 6 1 2 4 9 1 3 5 1 8 6 2 3 1 1
391 6 6 2 8 5 4 9 6 6 1 4 1 1 7 9
390 6 7 2 2 1 6 9 9 5 3 2 6 7 1 5
361 2 8 6 6 6 5 5 4 2 2 8 1 3 8 2
383 2 2 8 8 9 6 4 4 4 9 1 2 2 2 6
524 2 7 7 8 3 2 7 7 7 7 9 7 8 4 7
10
442 4 5 8 3 9 8 6 1 4 7 5 6 5 6 4
464 4 8 7 6 2 4 5 7 6 8 5 7 6 6 5
463 2 9 9 9 4 8 2 3 8 9 5 3 9 5 5
305 2 6 8 2 2 1 1 7 2 4 3 8 1 6 4
480 9 3 2 6 2 1 4 9 8 8 9 9 5 8 7
421 2 6 2 5 9 8 8 1 6 8 6 4 6 1 6
538 2 9 8 5 1 4 9 3 6 7 8 9 9 5 2
413 4 7 1 1 9 2 4 9 9 6 8 1 8 3 5
387 4 8 3 5 8 6 1 4 5 5 9 3 5 9 5
467 1 7 3 8 2 7 9 1 9 4 9 8 2 1 8
10
447 3 2 9 5 2 8 6 4 1 5 8 4 8 1 7
422 6 5 3 1 8 6 5 7 4 8 6 1 6 8 5
495 4 6 7 5 9 7 8 6 4 9 1 8 7 7 2
266 4 8 2 8 6 6 1 3 2 9 1 3 1 6 1
365 3 2 5 2 6 1 2 4 6 6 6 7 3 3 6
376 5 7 9 1 5 1 3 1 4 6 3 4 6 6 3
246 6 2 2 7 1 3 1 6 1 2 1 2 7 5 5
391 4 9 5 9 2 2 8 1 1 4 4 9 6 1 5
480 5 3 2 3 3 7 1 9 9 8 8 8 6 1 8
450 5 1 5 2 7 4 8 6 7 3 9 2 9 3 4
10
514 9 8 6 4 5 9 8 3 8 9 6 9 1 5 1
381 4 6 5 2 1 4 5 7 1 3 4 7 8 9 2
403 6 5 8 2 4 7 9 7 1 1 2 6 2 1 9
375 4 2 3 6 4 4 4 8 5 8 1 2 5 3 9
532 8 2 9 7 7 9 9 8 3 6 8 9 5 1 4
333 2 8 4 2 2 1 2 8 3 9 3 3 4 8 1
368 5 1 4 7 6 9 9 3 3 1 4 5 2 7 8
378 8 9 5 3 3 4 6 5 5 2 8 4 6 7 1
428 5 2 5 6 8 4 7 7 4 1 7 5 6 5 8
328 4 2 1 4 4 3 4 1 4 2 7 7 4 7 8
10
372 6 7 5 3 6 9 2 7 2 1 2 9 9 4 4
379 8 1 4 8 8 6 3 8 2 7 2 4 8 8 2
447 5 2 3 4 9 8 7 8 5 2 7 8 4 9 4
537 4 8 9 6 4 9 3 8 9 6 5 9 9 8 3
420 5 8 7 4 9 5 4 2 5 6 5 4 2 9 4
401 8 4 3 9 3 3 6 3 6 9 4 3 7 5 9
392 7 4 7 8 7 2 1 7 6 9 1 5 2 9 3
495 3 3 7 8 1 8 6 5 8 2 6 9 7 1 8
342 4 5 1 8 5 9 8 1 3 3 3 7 2 7 6
490 9 4 3 5 8 7 9 2 9 9 7 5 4 3 2
10
471 2 5 6 2 4 1 8 5 9 4 2 8 5 5 8
428 2 6 8 8 3 7 1 6 4 3 8 6 9 4 4
466 1 8 5 5 8 1 7 8 6 6 6 6 4 7 6
465 9 7 5 4 1 3 9 1 6 8 7 8 9 1 4
446 4 9 4 8 4 6 6 4 9 4 9 1 3 7 4
363 9 6 7 4 4 2 6 3 1 7 7 1 8 2 4
318 4 1 5 3 5 5 1 8 3 2 4 4 4 7 5
381 4 6 2 4 6 6 2 8 5 6 1 8 8 6 5
466 7 9 9 3 6 3 7 6 6 1 5 1 7 6 9
380 7 9 4 4 4 1 4 1 6 7 2 5 6 6 8
10
508 9 1 5 8 6 5 8 2 9 9 1 9 2 9 7
270 8 1 1 2 3 2 2 9 2 6 1 6 5 9 1
378 8 6 3 5 6 4 2 4 4 9 6 3 6 2 7
429 6 7 3 5 6 4 6 9 6 8 1 5 7 8 1
398 8 1 8 1 7 1 1 5 3 4 9 9 5 4 1
501 4 7 4 6 6 3 8 2 8 6 6 9 6 3 6
431 8 8 7 8 1 5 5 3 3 6 4 5 8 3 7
363 1 6 9 1 9 2 2 9 5 4 2 4 5 9 1
446 2 2 3 8 6 3 7 7 9 1 9 3 9 6 6
317 5 9 7 1 7 4 8 1 1 1 2 1 7 6 5
10
371 2 4 2 6 6 2 9 7 6 1 1 4 5 9 7
499 9 1 8 6 6 9 9 1 8 8 5 1 8 7 6
386 3 6 6 4 1 8 1 9 8 6 1 7 3 6 2
411 2 9 5 3 5 3 5 8 1 5 6 8 7 7 7
427 7 9 7 1 3 4 5 4 7 9 1 1 7 2 7
342 9 4 4 6 1 3 3 2 4 5 3 8 8 8 1
318 6 5 8 9 9 5 2 1 1 5 2 1 6 7 3
349 6 6 8 2 7 1 2 8 4 1 3 9 3 2 5
399 6 7 6 6 1 5 4 8 3 8 5 6 9 3 1
298 7 3 2 6 4 4 1 7 5 1 4 1 3 7 9
10
319 4 5 3 3 3 9 2 1 3 8 3 4 8 8 2
314 7 1 2 6 3 6 2 8 5 3 3 6 9 3 2
346 7 1 1 5 4 1 5 4 3 8 4 1 6 9 6
446 7 2 5 3 6 8 7 6 3 8 8 6 5 2 7
415 7 2 1 2 1 9 3 8 7 8 4 9 4 7 8
358 7 7 4 6 9 2 1 8 1 8 2 8 1 2 8
391 6 3 1 2 8 7 8 2 7 2 8 6 2 8 4
400 8 8 3 7 7 6 3 7 6 2 2 7 7 3 7
348 3 8 3 3 3 4 2 8 9 2 9 4 2 4 2
470 6 7 4 9 2 8 4 6 6 5 9 7 6 2 9
10
415 6 1 7 8 4 3 7 2 4 8 8 4 1 7 4
330 6 1 2 4 7 5 4 1 2 2 9 1 6 3 9
339 5 5 1 2 4 8 2 3 7 6 4 8 3 1 2
355 9 1 1 2 9 2 6 6 7 3 2 3 5 9 9
416 2 8 7 7 5 6 3 9 1 8 4 7 4 5 2
389 5 6 6 1 2 5 1 8 7 6 1 3 7 2 8
293 5 6 1 3 7 6 3 6 2 3 3 5 2 9 7
445 2 1 8 7 6 1 7 3 5 7 3 4 7 5 6
411 3 2 1 7 7 7 7 2 5 9 4 5 9 7 3
386 8 3 5 8 9 9 3 6 1 1 8 9 2 8 6
10
465 1 7 2 6 1 8 7 6 9 6 7 2 9 4 8
273 2 9 1 5 1 7 1 6 1 1 6 3 4 8 4
499 2 4 6 5 5 9 5 7 9 6 9 5 9 5 3
419 6 6 8 3 1 5 2 9 6 5 8 1 8 3 2
390 4 2 8 8 4 2 3 2 2 9 6 6 3 4 8
317 1 4 5 9 8 2 9 4 1 5 1 6 2 3 1
502 4 7 6 7 7 8 6 4 9 2 8 4 3 9 9
310 7 2 1 1 3 9 7 3 1 2 8 2 4 9 5
370 2 3 2 5 8 8 1 6 9 2 9 1 6 1 3
375 3 8 1 7 4 3 4 9 1 2 8 8 7 4 7
10
472 6 6 6 2 5 5 9 8 2 2 8 6 9 4 8
431 2 9 9 2 5 7 8 3 3 7 1 3 6 7 7
525 9 8 7 8 4 6 6 1 4 9 9 8 7 9 9
401 3 6 4 7 7 3 6 4 7 3 4 5 3 5 7
453 3 1 9 7 9 4 6 8 8 6 2 4 4 2 8
358 8 4 5 7 7 7 3 6 5 6 2 4 6 5 2
453 4 3 6 6 7 5 2 4 5 7 7 8 7 9 5
407 4 9 3 9 6 3 8 3 7 2 1 9 3 1 7
375 6 3 3 1 3 5 8 5 3 7 4 4 8 5 1
388 7 1 8 2 3 7 7 2 5 1 2 7 7 9 3
10
372 2 3 4 4 2 5 5 3 8 3 3 3 9 5 2
416 5 5 9 3 5 4 4 7 9 6 1 4 4 4 3
289 4 1 5 8 1 5 2 9 7 2 1 1 6 1 5
481 4 9 8 1 8 2 5 7 6 7 5 9 4 2 9
493 8 6 7 3 8 9 7 4 7 9 7 1 4 3 8
377 8 1 2 3 7 1 6 3 6 5 6 8 4 1 3
372 5 9 1 4 3 3 6 2 2 3 7 8 7 9 3
311 9 5 1 4 3 8 2 1 7 8 1 8 3 4 1
430 3 8 6 6 6 4 6 4 9 8 3 3 1 4 8
453 7 2 6 1 9 3 5 8 4 9 3 9 3 4 9
10
416 3 7 4 3 2 1 7 9 4 5 4 9 3 2 6
447 5 4 6 5 5 8 4 8 5 8 7 2 7 1 6
394 5 9 6 5 7 2 1 9 8 5 2 4 2 4 5
349 3 3 3 9 3 6 1 4 7 3 5 1 7 6 5
328 1 1 6 2 9 2 5 3 9 1 2 2 4 1 7
408 9 7 3 8 5 2 4 7 9 4 2 6 7 4 3
395 6 9 2 9 7 3 8 7 4 8 5 4 7 5 1
422 1 9 6 2 5 6 9 4 4 4 3 9 8 2 2
369 9 4 6 6 5 1 9 1 4 2 8 1 5 7 2
307 2 6 1 9 3 1 3 8 4 1 9 1 7 6 3
10
379 2 2 7 7 9 7 4 1 3 5 6 7 1 4 7
462 7 8 9 2 8 5 2 2 8 7 9 3 1 9 7
328 1 6 8 2 3 2 3 2 1 1 7 9 1 2 9
355 9 4 3 8 1 9 4 4 8 1 6 6 5 1 2
484 7 3 7 3 5 6 7 4 6 8 8 1 6 8 5
395 9 6 1 3 4 8 5 7 1 8 8 5 9 1 6
382 5 5 6 1 8 1 3 7 8 2 3 6 9 1 4
450 5 1 9 6 8 3 7 9 2 1 6 5 8 9 6
344 1 9 5 5 8 2 5 3 1 6 5 4 3 6 2
327 3 7 1 5 6 6 4 4 3 7 7 3 7 5 1
10
395 4 7 6 5 2 8 8 4 4 4 2 2 8 5 7
377 3 7 3 7 6 3 2 9 4 3 2 9 7 5 6
485 5 4 6 9 1 5 7 4 8 6 9 6 8 4 6
472 7 3 8 9 4 6 6 6 6 8 4 8 4 4 6
387 2 8 2 9 2 6 3 6 5 8 5 4 5 7 6
386 5 4 1 6 9 5 8 5 1 9 8 1 5 5 5
465 8 7 6 1 9 7 4 8 8 8 2 2 8 6 4
330 3 3 3 2 2 1 2 1 4 6 5 7 4 1 9
522 2 6 9 6 5 2 6 6 7 5 7 6 6 9 9
335 9 9 7 3 8 2 5 3 5 2 6 3 1 4 1
10
465 6 2 2 7 9 7 7 2 8 6 8 8 5 9 4
438 8 3 9 1 1 6 7 5 5 7 4 2 3 3 7
456 1 1 2 8 9 5 6 7 7 9 7 9 1 5 4
492 5 8 5 7 5 8 6 6 6 8 8 4 7 8 8
496 6 7 1 8 2 7 7 5 8 9 9 7 8 3 8
444 1 6 4 1 8 8 4 3 2 8 7 9 6 3 8
360 8 6 1 3 5 3 9 4 5 6 4 3 5 2 7
442 1 8 1 9 5 5 9 5 9 5 5 3 8 7 4
453 5 8 8 4 1 8 1 9 8 4 5 6 6 4 7
529 7 9 9 4 5 5 8 9 9 7 7 3 4 9 2
10
455 1 7 7 7 4 2 7 8 7 3 3 8 9 2 1
449 6 2 3 6 8 7 5 9 8 6 4 6 7 2 3
288 8 1 3 6 8 5 4 2 2 8 2 4 3 4 2
443 4 9 7 1 1 5 8 4 2 7 2 8 5 4 8
475 8 8 5 8 8 3 2 9 4 7 8 8 6 1 9
351 2 8 6 5 4 4 3 4 3 2 1 9 5 3 9
261 1 9 3 3 4 2 6 2 1 4 3 1 3 2 3
446 3 8 1 2 8 8 8 3 8 2 8 7 8 1 6
430 9 5 3 2 3 3 6 8 9 9 3 6 1 3 2
470 9 2 9 1 8 9 9 1 6 4 4 6 6 6 3
10
331 2 6 6 5 1 5 3 4 6 4 5 1 3 8 1
313 3 3 3 2 9 5 8 2 3 1 3 9 1 1 3
415 4 4 8 8 6 6 1 8 6 4 6 9 1 3 6
422 3 4 8 1 3 4 9 7 5 5 2 9 4 3 2
411 2 1 1 2 4 8 1 6 9 7 4 5 7 7 9
329 9 1 3 2 2 6 4 8 3 7 2 3 7 9 3
447 6 6 9 6 8 3 6 9 5 3 4 1 9 6 7
408 9 5 9 5 3 6 1 1 6 3 4 3 6 8 7
390 4 2 1 3 7 7 8 2 4 3 6 4 6 3 7
431 4 8 5 1 1 9 3 2 7 5 9 5 4 9 6
10
335 7 5 9 6 1 2 9 2 1 1 2 2 3 5 8
469 7 1 9 6 3 1 4 9 8 7 6 7 2 1 4
494 7 9 8 7 3 5 4 2 4 8 5 7 8 9 9
423 4 1 7 9 6 6 2 5 5 8 7 8 5 6 2
290 6 1 2 4 7 8 6 6 2 1 1 5 1 2 8
332 2 9 6 1 2 5 2 1 3 3 6 6 7 4 5
365 6 6 3 4 7 8 3 3 2 9 6 1 3 6 6
410 6 1 3 9 1 4 8 5 9 5 6 2 5 4 9
345 5 5 1 4 9 2 6 6 2 5 6 4 7 7 3
486 5 6 1 8 8 9 7 7 3 9 4 8 8 1 9
10
461 8 6 7 7 9 2 7 7 5 2 9 5 6 4 2
451 2 6 9 6 2 7 6 6 7 3 8 3 4 5 1
414 5 1 9 9 9 2 3 3 1 8 9 4 1 7 8
317 6 7 7 4 3 1 3 7 7 3 4 1 4 1 2
395 8 9 3 6 6 7 3 1 7 3 7 5 5 9 2
474 2 8 8 6 5 4 9 9 3 5 7 7 3 5 6
321 3 1 5 9 1 6 3 2 2 1 9 4 4 7 3
390 2 2 3 8 6 6 2 8 5 1 2 9 7 8 7
441 6 1 5 5 2 2 4 7 9 5 4 3 9 6 7
476 1 6 2 7 9 6 4 7 8 5 9 4 7 9 6
10
467 1 2 8 9 4 5 2 7 4 9 9 2 5 9 7
377 5 8 5 5 1 5 3 5 2 1 6 9 8 1 6
497 9 7 6 1 7 7 7 7 5 4 7 8 8 7 7
444 4 5 9 5 2 8 1 6 7 8 9 2 6 6 3
447 1 6 7 4 6 5 9 7 5 5 1 2 9 7 4
437 8 9 2 9 4 6 4 4 5 8 5 5 6 9 9
429 8 2 8 2 3 7 4 5 3 9 4 8 2 3 3
567 7 9 5 2 3 2 9 9 9 8 4 9 8 9 9
473 2 2 8 8 9 7 5 9 8 3 3 3 9 5 7
448 5 2 8 1 9 8 2 3 6 7 3 6 8 7 4
10
352 8 1 4 6 9 1 5 6 2 3 7 7 4 4 6
444 7 4 5 1 5 8 8 7 9 1 5 4 7 3 6
402 2 1 8 2 4 7 2 1 5 6 1 8 7 4 6
427 6 7 1 3 4 7 2 8 8 6 5 3 9 8 5
383 9 8 7 8 3 4 3 6 6 2 3 6 3 6 5
449 3 5 4 8 5 1 8 8 7 5 8 2 6 8 3
318 8 2 1 8 5 6 4 8 3 7 5 1 2 8 5
405 8 5 6 2 4 3 5 5 5 3 8 6 9 7 2
481 8 3 8 9 5 9 4 4 3 2 9 9 7 8 4
410 2 1 5 6 5 9 1 3 8 9 6 2 6 2 3
10
443 4 7 9 3 7 9 3 1 8 1 6 7 8 5 1
381 3 6 1 8 6 1 5 3 9 3 4 3 7 4 7
372 5 5 3 5 5 3 6 5 2 1 6 7 8 6 4
349 8 5 4 2 3 4 4 9 3 4 7 1 4 4 9
356 6 3 4 2 4 4 2 3 3 1 5 6 8 7 8
423 5 4 5 2 6 9 1 9 8 1 6 8 3 9 2
355 9 1 8 2 1 3 1 4 6 8 5 1 6 7 5
410 1 5 3 7 5 7 7 7 1 9 5 7 9 5 2
410 1 6 7 8 4 6 4 3 8 5 8 2 4 2 7
327 5 9 5 5 3 5 2 1 2 6 4 5 6 1 6
10
386 3 8 8 6 1 4 5 4 3 4 4 6 3 5 6
465 5 1 9 2 7 5 6 5 9 5 3 4 9 1 7
397 4 5 9 8 4 7 1 4 3 9 8 2 4 5 4
412 5 8 8 8 7 1 9 4 8 1 1 1 9 3 1
364 9 4 7 3 2 4 4 7 4 4 4 7 2 6 4
478 8 9 1 2 7 1 8 7 8 7 9 9 3 1 8
462 9 7 1 9 6 9 8 8 4 2 1 9 8 7 9
386 5 7 4 7 5 6 3 2 7 6 5 6 2 4 5
466 4 1 7 8 5 8 7 6 8 5 6 2 2 8 5
441 9 9 9 2 5 1 4 2 8 8 3 5 1 5 9
10
464 9 1 9 5 7 1 8 4 2 7 1 8 8 7 9
354 4 1 8 7 5 6 5 7 2 1 6 5 3 3 1
492 7 7 9 4 1 2 2 5 9 6 6 5 6 6 9
396 5 6 1 6 9 9 6 7 3 8 3 4 6 3 9
494 9 7 8 2 2 8 5 7 5 9 2 7 9 3 9
440 5 4 1 8 8 5 5 7 3 8 7 8 1 6 9
497 8 8 9 7 5 2 6 3 5 9 5 7 5 5 9
379 4 6 7 4 3 6 4 2 9 3 1 7 4 2 2
445 6 5 9 8 9 1 2 6 8 5 3 4 5 6 5
484 7 1 6 3 4 1 9 7 9 8 1 6 6 7 6
10
384 5 5 4 1 1 1 6 7 1 6 9 8 4 5 6
428 4 8 5 5 9 6 7 5 5 9 4 2 3 6 3
429 8 1 7 1 5 4 8 7 1 7 1 8 1 4 9
546 3 4 9 8 4 9 4 8 7 2 9 9 9 9 6
255 1 8 3 4 2 3 3 1 1 2 6 3 5 1 3
317 5 3 7 7 7 2 6 1 2 5 5 1 1 6 2
437 6 1 3 8 9 1 8 8 2 9 2 3 8 8 7
460 9 4 8 1 9 6 1 7 6 6 1 7 7 8 9
412 7 4 2 5 2 1 7 5 5 9 5 6 2 6 9
283 4 3 1 9 6 1 1 5 1 3 4 2 8 7 6
10
396 7 5 8 4 3 7 2 1 8 7 1 4 5 3 9
353 1 6 3 9 5 4 8 1 8 7 3 3 1 2 3
498 1 8 4 6 9 5 8 4 6 3 9 8 7 6 5
365 7 2 2 2 1 7 3 4 3 5 5 9 5 2 7
435 7 3 8 4 6 1 5 2 6 5 9 8 1 8 3
423 5 7 4 4 9 5 3 4 9 7 5 3 2 8 3
378 8 5 5 3 9 2 3 3 8 8 1 6 1 1 6
343 8 6 6 9 1 4 1 2 3 4 6 2 8 7 2
390 3 7 2 9 4 5 1 3 7 4 7 9 9 6 2
342 3 3 3 8 1 4 1 2 9 3 9 5 7 2 3
10
384 1 1 5 4 7 7 7 6 7 5 4 3 1 8 2
459 9 8 9 6 3 9 4 8 7 1 3 9 4 4 9
377 1 3 6 3 3 1 4 1 3 8 7 6 5 7 4
455 2 3 7 2 4 1 9 7 8 7 8 3 5 3 2
539 5 7 9 8 7 3 4 2 9 9 8 9 5 2 8
361 2 4 1 7 1 3 7 4 6 4 5 8 5 4 5
354 7 6 4 7 4 2 3 6 3 9 3 8 3 9 1
410 4 5 2 7 1 6 8 9 8 1 4 4 6 9 2
344 1 1 4 8 3 6 1 8 9 7 1 2 4 4 5
338 6 5 7 6 8 2 1 2 4 2 5 2 1 6 8
10
351 4 3 1 8 9 9 1 6 2 2 7 8 7 9 5
410 4 6 3 6 5 5 9 6 4 7 7 2 5 8 1
380 7 6 1 6 3 9 3 3 8 1 8 7 6 3 3
415 4 9 9 7 2 5 8 3 8 3 1 1 9 4 6
409 3 5 2 5 2 4 7 1 6 5 9 7 1 6 8
434 3 8 8 5 7 2 7 7 7 2 8 1 5 4 8
290 6 9 1 9 2 6 4 1 1 5 3 9 2 6 2
352 7 1 4 1 1 7 5 1 9 6 3 1 8 7 1
449 1 6 9 8 6 2 5 9 4 7 8 3 7 1 4
428 9 8 6 1 6 5 2 7 4 5 8 2 9 3 9
10
574 7 7 9 8 3 8 6 5 8 7 9 8 9 7 2
448 8 2 6 6 9 8 6 7 2 8 7 3 1 9 5
374 4 7 5 2 9 1 4 1 4 6 6 1 7 7 7
442 4 8 6 6 3 8 5 6 6 7 3 6 9 1 5
387 7 5 4 8 9 5 5 9 4 5 5 2 5 7 1
435 6 4 7 1 3 7 9 6 4 4 7 2 7 9 1
345 2 7 6 1 9 3 6 5 1 1 3 4 1 9 8
355 4 3 7 3 7 1 7 4 2 3 2 5 1 9 8
398 8 5 3 3 7 7 2 9 5 3 3 3 7 7 9
404 9 5 2 3 6 2 6 9 5 8 4 4 8 6 2
10
389 8 8 2 7 2 4 7 7 7 4 9 3 5 2 4
323 4 1 1 9 6 6 1 3 9 3 3 9 3 4 1
323 2 1 1 7 6 1 3 5 2 5 6 2 7 3 9
372 9 7 5 6 3 1 5 6 7 2 9 2 4 7 2
363 9 2 4 4 8 5 7 8 2 5 5 5 2 8 2
407 1 5 6 8 7 2 9 8 7 1 4 5 3 5 2
452 2 5 9 3 2 1 6 5 8 4 8 4 2 4 9
464 5 1 6 7 4 6 6 2 8 7 8 6 3 4 3
382 1 4 5 6 1 6 4 9 1 9 3 2 7 3 7
329 1 4 1 7 1 6 3 5 2 3 6 4 5 9 9
10
381 6 2 9 6 1 3 3 2 1 8 1 8 5 9 2
434 5 9 9 4 3 6 2 9 6 6 5 1 7 5 7
431 5 7 3 9 7 8 6 3 9 8 2 4 5 4 2
534 9 7 1 4 3 9 9 3 8 9 9 7 8 1 8
445 2 8 1 8 6 8 7 6 8 3 2 8 4 9 7
397 2 7 9 5 6 2 9 9 5 3 2 1 3 2 4
422 3 7 3 8 3 6 5 1 8 7 8 9 2 2 1
459 2 4 4 6 7 8 9 9 4 4 7 1 7 1 7
414 4 5 2 9 6 8 4 3 6 3 2 9 9 8 2
408 4 8 4 8 1 8 6 3 5 4 3 7 6 2 9
10
458 1 6 8 4 7 1 9 1 1 9 9 5 7 2 5
396 9 4 6 9 3 4 6 8 8 6 3 2 3 5 1
400 1 9 4 9 7 6 2 5 4 5 4 3 9 9 5
412 9 4 3 1 8 8 8 1 2 6 7 9 2 1 5
335 7 7 5 3 5 9 1 6 9 3 1 1 1 1 5
402 7 9 4 4 6 4 6 5 3 2 9 6 1 8 9
446 2 8 4 4 7 6 8 9 4 2 5 4 6 9 8
383 7 4 7 8 3 7 5 1 1 8 4 7 1 6 5
431 9 7 6 1 6 5 3 6 7 6 3 2 8 7 7
328 2 4 8 7 1 4 1 8 1 1 9 2 2 6 5
10
311 4 1 6 4 5 2 7 2 2 4 2 5 3 2 1
371 9 4 9 2 5 4 1 5 1 2 8 2 5 7 6
497 6 8 8 7 3 6 7 3 6 4 8 4 9 8 6
468 9 3 8 9 2 9 8 6 3 8 2 1 5 7 9
374 7 5 4 2 5 1 7 7 5 8 2 1 8 3 5
486 8 6 1 2 8 7 8 6 6 3 4 9 7 8 8
399 3 8 1 6 7 8 1 7 6 3 8 8 1 3 7
349 6 9 2 7 8 8 9 5 2 2 4 4 3 9 2
387 3 1 5 7 8 8 3 9 3 8 2 3 3 6 4
425 2 7 6 9 6 4 6 6 2 9 9 4 1 9 1
10
317 7 5 4 9 5 9 5 4 1 1 5 5 9 1 1
523 6 7 8 8 3 2 5 7 7 9 9 7 3 1 7
552 6 1 6 3 9 8 8 6 8 9 8 5 9 4 3
442 6 4 9 5 3 4 4 3 5 4 8 7 5 3 3
368 2 9 2 9 8 2 4 5 5 3 9 7 4 6 3
398 6 8 9 9 1 6 4 6 7 7 2 1 3 2 7
348 6 2 4 6 9 7 3 2 1 5 6 4 9 6 3
383 9 2 8 8 2 5 2 6 4 2 7 8 3 4 7
329 1 2 4 8 7 3 3 1 5 6 3 1 8 4 5
402 1 4 4 4 9 3 9 1 5 4 7 8 7 3 1
10
433 6 9 4 1 4 7 8 6 9 3 7 2 6 8 2
506 3 2 6 8 8 9 1 5 9 9 9 1 7 6 9
542 1 2 4 9 9 4 7 8 7 7 7 9 7 8 7
393 7 2 1 5 4 9 4 1 7 6 7 1 7 4 8
452 9 3 7 2 4 2 5 8 8 1 9 5 5 5 9
349 8 5 7 9 6 3 2 6 3 5 1 9 2 9 1
393 1 7 3 9 6 6 1 6 7 6 9 2 5 5 7
421 4 5 5 1 9 1 2 9 8 3 6 9 2 6 5
391 7 3 5 8 4 2 4 4 2 6 6 8 8 7 4
333 9 6 4 1 5 3 8 5 1 5 3 1 5 8 3
10
474 7 9 9 9 5 6 2 9 6 4 6 8 6 9 2
427 7 7 5 7 7 7 2 2 4 8 5 8 8 8 4
396 1 8 5 6 6 1 9 7 2 4 7 2 4 8 6
474 4 9 8 2 4 5 8 4 6 8 3 7 2 7 2
367 5 2 1 3 4 2 6 5 3 8 9 3 2 7 2
367 1 9 9 5 2 2 4 9 2 9 1 2 3 7 6
397 4 3 5 6 7 1 5 5 9 5 5 5 2 2 2
335 7 1 1 5 6 9 8 4 1 4 3 4 5 1 5
335 2 6 3 8 1 2 1 4 4 7 2 8 6 5 6
355 8 6 2 8 4 1 6 6 5 1 3 7 5 3 7
10
305 3 9 3 3 4 7 5 8 2 4 2 1 6 2 6
376 6 3 2 6 2 7 7 4 5 9 8 2 1 2 7
468 5 7 8 2 8 3 6 5 5 7 9 3 6 7 1
420 6 1 3 6 2 7 5 9 8 4 9 4 2 5 1
306 7 4 2 3 3 1 6 5 8 5 3 1 1 8 2
448 8 8 4 1 6 6 4 8 6 5 7 5 6 7 4
463 1 2 7 8 8 6 3 7 4 5 3 7 9 4 9
372 2 4 5 2 8 8 6 1 7 2 1 4 2 7 3
427 4 9 5 4 7 5 1 6 6 9 5 2 9 3 7
334 8 6 1 8 5 6 4 9 4 8 1 1 9 3 2
10
383 7 4 3 4 3 1 5 2 9 4 2 3 9 4 7
459 5 6 7 6 2 8 7 2 5 7 4 7 9 8 2
290 9 2 2 7 7 1 1 2 7 3 5 2 2 9 4
528 2 2 9 8 9 8 3 7 9 2 8 9 5 2 8
359 2 4 3 5 7 6 6 1 2 8 3 6 4 1 3
388 8 4 5 5 5 9 3 5 1 6 2 6 4 7 8
284 6 7 2 6 7 4 1 3 4 7 2 2 6 2 4
254 1 6 1 2 2 9 2 1 1 2 3 5 6 8 3
461 6 9 3 5 5 9 4 1 9 7 7 6 7 7 6
411 2 8 5 3 9 1 4 3 8 6 8 1 5 5 6
10
481 4 4 2 2 9 6 6 7 8 8 2 7 4 8 8
457 4 7 3 9 9 2 9 8 4 7 8 8 6 1 4
486 9 9 8 6 5 5 1 6 6 5 9 9 5 7 2
422 6 5 4 8 1 6 8 3 9 4 9 4 6 2 2
318 8 3 3 5 5 1 4 4 6 4 1 4 2 8 2
423 4 7 7 8 2 9 3 4 4 5 9 9 2 4 5
365 7 4 9 8 8 5 4 9 2 3 1 6 2 4 6
497 5 9 7 1 5 7 7 3 8 7 7 3 5 3 5
381 7 1 1 6 2 9 8 1 5 3 1 9 7 4 8
506 5 3 8 5 8 3 9 5 5 7 8 5 5 6 9
10
444 5 5 9 4 2 5 5 1 6 8 6 5 7 2 8
336 8 9 5 8 8 1 8 2 5 1 6 1 2 4 4
432 3 6 9 4 6 5 9 6 8 3 1 2 5 3 4
446 1 8 5 1 6 4 7 8 3 8 2 4 9 7 8
513 9 3 9 1 8 9 2 6 8 2 7 7 9 8 7
470 1 9 5 8 9 8 8 4 5 8 2 3 6 9 6
521 4 4 8 4 8 6 8 9 6 9 1 8 8 5 1
419 5 4 4 7 3 2 6 3 7 4 6 8 5 7 1
362 8 9 1 7 3 8 3 4 5 4 8 4 4 4 2
464 8 7 3 2 6 8 6 7 9 2 8 2 9 5 3
10
475 9 3 1 3 2 8 9 1 7 7 9 6 9 3 9
317 3 8 2 7 3 2 3 2 6 1 5 7 4 2 8
361 5 4 4 4 3 6 9 3 6 8 2 4 3 3 1
433 3 1 6 5 7 6 2 2 9 1 9 8 1 7 5
496 9 2 8 9 6 7 7 6 7 4 2 8 6 5 5
412 9 1 1 4 9 6 2 7 2 8 9 8 7 4 2
329 5 6 5 6 1 9 2 4 5 3 2 6 3 8 3
501 7 5 7 8 1 4 7 8 6 6 7 7 6 9 9
493 2 1 9 4 9 6 1 2 2 9 9 9 7 9 9
378 3 6 5 1 7 5 2 1 4 8 3 6 6 3 5
10
451 4 2 6 4 4 4 7 8 7 6 6 9 3 5 3
466 5 8 6 4 1 6 8 6 8 3 5 5 9 5 4
343 8 7 1 3 1 3 7 7 2 5 7 1 5 5 5
463 3 3 7 8 2 5 2 9 3 7 4 9 8 6 9
448 7 8 5 7 1 4 8 1 7 8 9 1 7 5 6
501 7 8 9 7 2 6 3 8 8 3 8 8 2 1 8
380 6 1 7 9 4 1 9 3 3 3 3 5 4 6 5
370 1 4 8 9 5 6 2 1 3 2 7 5 4 7 9
316 3 3 4 2 8 4 1 9 5 2 6 2 8 3 2
384 8 7 5 6 2 9 1 9 3 7 1 8 8 5 4
10
365 9 7 8 2 1 4 2 3 1 3 5 6 6 4 8
358 4 2 3 4 3 7 4 8 3 7 2 3 8 5 7
368 7 9 9 4 5 9 8 1 1 3 3 4 1 6 1
445 8 2 8 5 1 5 8 1 4 6 4 5 2 9 9
484 9 3 6 8 8 1 7 8 9 5 4 2 9 6 8
309 1 5 3 3 2 6 4 6 5 1 8 1 7 7 1
418 2 3 4 2 9 9 6 7 1 5 9 2 7 4 4
381 8 7 1 1 7 5 4 4 9 3 5 6 4 1 9
287 8 8 4 2 6 2 6 6 1 2 1 1 1 8 9
401 9 4 2 4 5 9 3 3 8 1 6 7 7 7 9
10
427 6 2 9 8 3 8 2 7 2 9 6 3 8 5 4
480 9 8 8 8 5 6 2 8 8 7 3 9 6 4 6
449 1 6 4 4 5 8 5 2 4 4 2 9 9 9 8
297 7 9 3 7 1 8 6 2 3 2 3 2 3 8 1
361 1 1 6 6 3 3 7 5 2 3 4 4 1 8 9
338 5 8 5 5 8 6 5 6 6 1 1 1 1 2 9
390 1 1 7 2 4 9 3 1 8 7 3 1 3 5 7
382 5 9 5 1 4 7 1 6 5 2 3 3 8 8 8
424 7 3 4 1 2 6 5 6 5 7 8 9 1 7 5
429 3 8 7 8 8 4 4 8 1 4 6 6 8 8 7
10
387 2 3 4 7 2 6 2 6 8 4 7 3 2 1 8
326 7 4 7 3 2 6 3 5 4 8 2 3 3 1 2
414 3 3 5 9 4 5 7 2 3 2 7 7 3 9 8
473 1 8 1 8 6 3 9 8 6 5 8 6 2 4 9
532 3 9 9 2 7 1 6 8 9 7 9 8 5 2 2
443 3 9 6 4 3 2 9 2 3 7 4 7 6 7 5
407 7 6 4 6 8 8 1 2 2 8 3 9 6 4 9
445 4 3 9 8 6 8 1 1 7 6 5 8 4 5 4
378 7 7 3 7 9 9 7 2 4 1 3 8 4 4 6
371 5 2 8 4 4 2 7 2 4 3 5 3 2 7 7
10
373 9 2 6 3 1 5 1 9 4 2 9 3 8 3 6
392 3 1 1 7 1 2 9 8 5 4 5 7 2 9 8
388 6 7 5 9 3 7 2 6 3 3 5 7 9 5 5
428 4 3 7 7 8 8 9 4 7 5 5 5 2 1 1
504 6 9 2 8 7 8 8 9 9 4 5 9 5 4 4
422 2 8 4 9 3 7 4 1 6 1 7 6 8 4 7
340 7 3 4 8 6 5 6 3 3 5 2 5 6 3 3
466 9 9 5 9 3 7 7 1 4 7 8 5 1 6 9
370 3 2 6 2 7 2 5 2 4 6 1 8 7 3 7
476 8 2 3 6 4 1 8 7 8 9 1 7 6 7 9
10
373 4 8 3 4 9 6 4 4 6 8 3 5 3 9 1
478 7 8 2 2 1 6 5 1 8 9 7 7 4 9 7
279 3 2 1 7 4 2 3 1 5 2 3 9 4 1 1
357 3 8 7 8 5 2 8 1 2 2 6 1 6 5 4
526 1 3 9 8 6 8 3 6 9 5 9 8 7 7 5
424 5 3 8 3 2 6 3 2 8 6 6 3 6 2 5
375 3 6 9 6 1 9 4 7 8 1 7 2 1 5 1
387 3 8 9 9 5 2 6 5 2 6 1 5 4 4 3
379 2 7 5 9 1 9 7 9 1 1 4 7 3 4 8
268 4 2 2 1 1 8 4 7 2 5 1 2 4 9 4
10
368 2 7 6 8 5 1 5 6 4 3 7 5 5 2 2
393 1 2 2 7 8 1 9 7 7 7 1 3 3 5 5
406 2 3 7 8 9 7 8 3 4 1 5 6 4 3 7
482 4 9 9 3 8 2 9 3 6 5 3 3 9 5 4
402 6 3 2 2 5 8 3 9 5 3 8 9 6 4 6
359 9 5 4 1 1 1 6 9 4 9 1 4 2 8 1
362 8 7 7 6 3 1 1 3 2 8 3 6 9 2 2
404 5 2 1 6 1 8 7 4 5 8 9 3 8 3 1
370 4 1 3 8 1 9 2 2 1 6 8 3 5 8 9
367 4 1 3 8 1 3 6 7 1 8 6 8 6 8 1
10
480 7 6 9 3 7 4 9 9 1 3 4 8 7 4 7
410 8 4 7 8 2 6 8 7 5 3 1 5 8 1 3
323 5 9 1 5 9 1 4 8 9 4 1 3 4 7 1
377 5 5 3 6 5 8 2 9 9 7 2 2 7 2 1
415 9 2 7 4 6 3 4 3 8 4 6 3 7 1 9
408 5 9 9 6 5 4 4 6 5 8 1 3 7 4 5
427 7 8 8 4 9 5 8 2 5 2 9 1 4 3 5
440 3 9 8 8 9 6 8 5 5 3 8 3 2 4 3
371 6 6 8 7 9 9 3 3 5 4 1 3 2 9 4
390 6 3 3 4 7 8 9 6 3 5 1 5 2 7 5
10
398 2 3 1 5 4 5 6 9 7 7 2 1 4 5 9
527 5 8 5 3 5 7 8 3 8 6 5 8 2 9 9
422 7 1 6 6 6 4 5 8 8 3 9 1 3 6 4
489 2 7 9 4 7 6 2 5 6 9 5 3 7 6 9
395 1 8 5 4 5 3 4 2 5 4 6 9 3 7 7
448 9 1 9 7 7 6 4 9 4 4 6 8 1 2 5
330 1 4 3 1 8 5 1 1 8 3 6 1 8 5 2
475 1 3 4 5 8 6 9 9 4 8 4 7 3 9 5
329 4 9 1 9 2 4 8 1 5 3 8 1 5 6 1
426 4 3 7 2 7 2 4 1 8 3 1 9 5 2 9
10
262 3 3 3 8 5 1 3 2 1 7 2 6 4 6 2
386 9 8 5 8 4 6 2 3 3 6 8 4 4 6 2
379 7 1 2 8 1 9 1 5 7 2 7 4 9 8 8
448 3 7 5 9 8 7 5 4 6 5 7 8 4 6 3
337 7 3 1 1 2 4 6 3 6 3 2 5 3 7 5
389 2 3 9 3 1 7 2 3 3 4 4 2 9 6 8
362 4 7 4 4 8 5 4 3 1 6 4 3 7 2 6
469 7 6 7 6 9 9 4 7 5 9 1 9 2 5 8
481 6 5 5 3 7 4 8 9 7 4 8 6 5 6 1
445 1 1 6 3 6 6 8 5 7 8 2 2 6 5 6
10
516 8 8 6 8 8 6 7 7 9 8 2 6 9 6 3
421 6 5 7 2 6 8 3 6 2 8 3 7 2 4 8
463 3 2 7 1 1 8 5 3 4 9 3 8 6 8 8
381 2 8 2 4 4 3 6 7 8 3 8 3 3 1 5
428 8 8 9 2 8 2 1 5 2 6 6 7 8 2 8
454 3 6 4 5 4 5 8 9 8 1 4 3 5 8 8
460 9 7 8 5 4 3 7 9 1 8 7 3 9 5 3
482 9 4 2 4 3 2 9 5 8 1 7 9 8 2 9
410 8 5 1 9 4 7 2 2 9 3 8 9 2 9 8
407 7 8 2 3 2 7 6 2 8 3 6 3 9 7 6
10
422 1 9 5 9 6 8 6 1 2 4 7 8 3 7 2
380 3 8 5 4 6 3 8 2 7 5 2 2 9 2 3
341 5 7 4 9 5 9 1 4 5 1 4 9 6 2 2
380 1 5 3 7 4 7 2 8 6 7 4 6 4 1 8
310 7 5 4 2 1 1 2 2 2 7 2 4 6 5 6
419 3 2 2 7 4 9 8 9 5 1 6 9 3 6 7
420 6 3 3 2 8 8 9 4 9 2 8 6 1 5 2
385 1 2 6 9 8 5 9 6 2 3 2 5 4 3 4
406 8 6 8 8 9 1 2 1 6 7 1 8 6 4 3
418 3 5 7 6 1 3 9 6 5 9 5 2 4 2 2
10
415 5 8 2 4 4 8 7 4 2 9 6 3 4 7 6
367 4 2 1 7 3 1 9 4 6 6 1 9 4 2 2
425 3 3 5 1 5 7 9 6 3 4 8 7 1 4 3
460 5 3 9 9 9 6 5 7 1 5 2 8 8 5 6
461 9 2 8 8 4 7 8 1 8 6 3 4 3 7 4
397 5 7 2 8 5 3 8 2 8 2 6 3 7 7 5
387 9 7 7 8 9 1 1 9 7 2 3 8 5 1 5
393 8 9 9 3 1 7 2 9 2 2 7 4 5 2 7
416 7 4 1 6 4 9 9 9 7 3 2 2 8 6 5
394 8 9 9 9 9 5 1 1 8 1 4 1 2 9 7
10
378 5 1 5 2 4 5 2 4 7 8 9 1 6 8 1
448 9 1 3 8 5 2 8 3 7 5 3 8 6 9 6
371 1 5 5 5 9 8 2 4 1 5 5 8 5 7 4
422 6 2 6 7 4 7 2 5 7 9 6 5 5 2 5
336 6 4 1 6 3 8 2 9 2 4 7 6 2 1 7
511 5 7 9 1 3 6 3 8 8 3 8 8 6 6 8
426 9 6 9 9 4 9 5 6 6 3 3 2 5 4 2
367 8 3 4 1 7 2 1 8 7 6 3 8 3 9 2
420 3 1 9 7 6 3 5 8 7 5 2 3 1 4 6
396 7 8 1 7 4 5 3 8 7 5 9 4 4 9 1
10
413 8 7 4 3 6 9 3 9 6 3 3 7 7 4 6
455 5 7 5 7 7 1 8 6 3 9 5 4 4 8 6
428 5 9 6 1 2 3 5 9 5 1 7 8 4 9 6
395 1 5 2 9 3 5 7 9 5 4 7 4 5 9 3
382 9 2 3 8 7 4 4 8 7 2 2 3 9 7 6
390 9 9 3 8 9 3 3 9 9 4 1 7 2 5 6
341 4 9 1 1 8 3 3 4 5 1 6 3 2 6 9
422 9 2 3 5 7 8 7 1 4 7 6 6 5 5 5
449 4 4 8 2 4 7 4 7 6 6 4 6 1 7 7
294 7 3 5 3 5 7 1 9 3 2 6 2 1 8 2
10
457 3 9 9 2 3 7 7 4 6 3 4 7 2 4 6
334 6 9 7 9 6 2 6 2 3 4 1 7 2 1 4
446 3 2 8 5 7 8 1 4 6 3 7 9 8 6 5
378 5 3 7 3 5 2 2 9 1 4 8 8 7 7 3
486 4 6 9 1 1 9 2 1 8 8 9 7 6 1 5
455 1 4 9 5 3 5 7 9 5 9 3 2 9 1 1
444 1 6 1 6 8 2 9 2 8 6 9 2 7 6 7
310 7 5 1 2 2 2 9 3 4 2 1 1 9 2 7
456 5 7 7 2 8 6 4 2 4 4 2 9 7 7 8
405 5 3 7 3 1 7 7 2 8 4 5 4 1 4 7
10
442 2 4 8 7 7 8 9 7 1 6 1 3 3 6 8
392 2 6 7 8 4 8 1 4 3 7 3 2 7 9 9
392 5 7 1 7 1 9 5 9 6 8 3 1 8 3 4
450 8 1 8 4 5 6 8 7 3 2 6 7 6 4 7
400 2 7 7 5 3 3 3 2 4 8 6 2 7 1 9
335 3 2 2 3 7 4 1 3 2 1 7 5 8 7 9
439 8 6 9 1 7 2 4 4 4 6 6 7 1 8 6
332 8 5 5 4 6 3 4 7 9 1 7 1 1 3 2
496 4 7 7 3 5 4 7 5 9 9 7 9 1 2 6
454 9 5 7 4 6 2 3 9 6 8 6 2 9 9 1
10
324 1 7 1 3 5 6 5 9 4 3 2 2 6 4 3
468 9 8 2 7 5 5 6 1 8 4 9 9 7 3 6
396 7 5 3 6 1 3 6 7 7 4 5 3 5 9 4
368 7 6 1 3 3 3 5 1 9 3 6 3 5 8 4
511 7 4 9 4 8 3 4 6 9 7 8 4 9 6 5
352 9 2 3 9 9 5 5 2 5 1 7 6 4 2 5
469 8 9 7 6 6 5 4 5 6 8 5 9 9 4 2
523 7 3 2 2 9 8 8 6 9 5 8 8 8 2 8
515 9 1 6 7 5 6 7 7 6 5 6 9 6 3 8
542 9 1 9 5 9 4 7 2 9 7 8 9 8 5 3
10
467 6 1 4 9 8 5 3 3 5 9 7 7 8 6 6
407 3 4 6 5 7 6 3 4 5 7 7 2 4 2 5
342 8 4 7 3 9 2 2 2 3 5 1 9 3 1 7
351 2 4 2 8 6 4 8 2 2 3 8 4 5 4 3
427 4 1 7 9 7 4 6 9 5 3 9 7 1 3 1
377 7 1 6 7 5 7 5 3 5 4 4 3 5 6 7
376 8 6 3 5 7 8 4 3 7 3 7 9 3 1 1
441 4 4 6 9 8 4 5 2 6 1 3 9 9 6 6
419 7 6 9 7 6 8 8 6 2 1 2 5 2 7 6
415 5 7 6 5 8 7 3 5 2 7 2 9 6 7 4
10
390 4 7 5 5 6 2 3 6 4 5 2 4 9 7 6
365 6 8 4 2 3 2 5 1 6 9 5 2 2 8 5
424 2 3 8 3 4 9 5 6 6 7 4 1 7 8 1
509 5 3 6 9 2 5 7 1 6 3 8 8 9 9 9
337 2 2 7 4 2 4 1 7 4 2 8 1 1 8 4
389 6 7 5 4 9 7 4 6 4 5 8 1 7 8 2
383 6 8 1 2 5 4 2 6 2 5 6 6 9 6 7
378 9 4 4 8 3 3 5 4 2 3 2 9 9 4 6
391 3 2 6 2 4 2 4 2 9 2 5 6 9 8 3
444 7 9 6 6 3 2 4 6 7 7 2 6 8 9 7
10
454 5 7 8 2 1 6 7 5 5 7 1 9 1 6 6
414 3 9 1 8 8 9 9 3 6 2 4 4 5 7 5
444 5 2 6 1 3 1 8 8 2 8 9 1 8 8 4
491 4 3 4 3 6 7 8 1 9 8 5 7 4 8 9
549 7 7 4 5 9 6 9 6 9 9 7 7 8 1 3
420 9 2 8 3 7 5 9 7 7 1 5 1 9 5 1
551 6 2 7 4 7 7 2 8 9 5 7 9 8 8 9
387 2 1 8 5 5 9 2 7 5 2 8 7 1 5 4
408 5 1 5 2 4 3 4 2 9 1 9 7 6 1 9
335 1 4 1 4 1 2 4 4 7 3 9 1 6 4 8
10
347 7 3 3 5 6 4 9 3 2 5 3 2 1 4 6
403 6 4 8 4 7 1 4 7 4 4 4 5 2 3 7
333 3 1 8 4 2 3 1 2 9 1 4 2 5 6 5
362 5 5 6 7 6 3 4 5 2 6 4 7 1 5 4
357 4 6 1 4 3 1 6 7 2 5 8 5 5 8 2
371 7 1 3 3 6 4 8 2 2 8 6 3 4 7 1
397 5 6 2 9 3 3 1 9 4 7 8 8 6 5 5
498 9 9 9 6 1 8 4 6 8 4 7 5 7 6 9
509 3 4 5 5 7 7 9 2 9 4 6 8 9 4 9
457 8 9 5 1 1 2 8 5 8 4 5 4 4 5 9
10
377 4 7 5 1 7 5 8 6 1 5 2 3 7 7 8
446 7 6 5 5 5 7 6 3 4 3 8 6 6 3 9
388 2 3 5 1 2 3 5 8 9 1 4 8 4 3 7
453 8 1 3 4 4 5 8 9 8 6 9 1 8 1 3
363 1 5 8 1 9 2 9 2 2 7 1 3 6 8 1
415 2 8 8 4 6 3 6 4 6 4 3 6 1 8 7
353 5 6 3 8 3 4 2 1 2 8 8 6 1 9 2
373 5 8 7 5 3 4 4 4 4 9 2 4 5 2 6
265 2 4 2 5 3 4 4 6 2 2 1 4 1 2 6
433 8 7 7 7 8 2 9 2 1 3 7 1 8 8 7
10
349 6 1 6 1 4 3 5 2 5 5 3 9 3 1 2
272 6 5 5 5 7 1 1 9 4 3 4 2 2 5 1
397 1 1 4 7 3 7 9 3 7 5 7 2 5 8 2
328 7 1 7 7 9 2 4 9 1 4 1 3 5 2 2
395 5 1 5 4 3 4 2 9 3 6 7 6 8 7 2
305 4 5 2 3 2 7 5 2 2 1 7 5 3 2 7
319 8 4 1 4 8 4 3 5 3 8 3 3 4 6 1
302 5 1 5 4 5 3 3 8 1 2 2 2 8 2 8
437 7 2 3 9 8 9 1 5 6 8 8 9 9 6 1
486 5 7 7 8 6 5 5 9 8 2 3 8 6 9 7
10
349 9 2 3 2 4 1 7 2 7 2 4 2 7 1 9
341 8 3 9 1 6 8 3 6 3 3 1 3 6 1 3
335 4 3 4 3 1 2 8 5 3 2 3 6 3 5 5
450 2 9 5 8 2 1 2 9 8 4 7 4 9 9 6
408 9 5 4 8 1 4 2 7 4 6 7 8 7 7 5
468 6 8 6 4 4 6 6 6 6 9 3 9 2 4 5
402 3 1 3 1 4 7 2 5 8 4 9 5 7 7 7
420 2 6 2 1 6 4 5 6 5 6 7 7 9 5 4
310 1 6 4 7 7 6 1 7 3 3 1 7 3 1 3
432 5 2 1 7 1 7 9 7 5 6 9 6 5 7 1
10
358 2 4 8 3 8 9 1 5 4 1 3 6 2 6 2
385 2 7 4 5 3 3 2 6 9 7 5 5 3 2 6
437 3 1 5 2 1 1 8 3 9 5 5 9 6 6 1
468 6 9 4 4 8 1 8 4 4 6 7 7 7 5 4
415 9 8 9 1 7 6 6 3 2 1 8 3 3 2 7
379 4 5 4 5 6 5 4 2 4 7 1 7 7 6 4
398 5 2 9 8 7 1 7 8 1 8 1 5 3 9 6
346 9 5 5 3 9 7 5 1 2 6 2 2 3 5 7
361 2 2 4 4 9 3 3 7 2 7 3 3 7 1 8
469 9 5 8 8 9 4 8 9 4 4 5 5 7 4 3
10
412 3 9 3 5 9 7 1 5 6 5 3 5 9 1 9
354 3 5 5 4 8 3 6 3 7 3 6 2 1 4 6
347 5 4 3 4 9 8 2 8 1 2 4 6 8 6 6
329 1 9 4 1 1 6 6 3 3 1 6 7 2 1 1
394 5 7 5 4 2 8 6 3 4 1 9 8 5 1 2
375 9 8 2 2 1 5 4 1 8 1 6 9 6 2 8
355 3 4 1 8 1 9 1 4 6 9 6 1 4 4 8
393 4 2 5 8 5 6 4 6 3 2 6 7 7 6 2
452 5 9 7 8 3 1 7 9 6 7 4 1 8 2 8
345 7 3 2 9 5 4 3 5 3 7 6 4 7 3 6
10
415 9 7 7 8 6 7 2 6 6 5 3 6 4 5 1
359 3 8 1 2 1 3 9 3 6 4 2 8 6 3 4
404 2 7 6 9 6 4 1 8 9 4 3 5 2 5 9
476 1 2 3 2 9 9 6 4 9 7 7 8 2 1 5
382 2 6 3 5 5 6 9 1 7 2 1 6 2 3 5
439 3 8 7 2 4 7 6 6 7 1 1 3 9 9 5
433 8 7 2 4 9 8 4 3 7 4 9 8 1 8 7
408 8 5 8 1 9 5 6 5 4 4 5 3 8 7 1
376 7 5 9 7 4 3 1 6 1 2 5 8 7 8 2
390 6 9 3 5 9 3 5 3 8 4 5 3 1 5 7
10
412 1 1 5 9 1 8 7 7 6 1 6 6 7 5 2
559 7 8 9 3 3 4 8 3 7 8 8 6 9 9 5
422 8 8 4 1 9 7 2 9 5 4 8 3 2 7 6
359 1 9 9 4 3 4 1 3 4 6 2 4 8 3 1
383 9 8 6 6 7 4 1 6 1 7 3 8 7 1 8
392 1 9 9 5 5 1 5 1 4 5 7 5 2 1 6
387 1 8 3 1 4 6 8 5 6 2 7 1 8 7 4
361 7 4 1 2 5 7 1 2 8 4 7 8 2 4 2
381 5 5 6 6 7 2 9 8 3 4 2 4 3 1 1
388 8 2 9 5 2 2 4 1 1 2 8 9 7 3 9
10
383 2 9 2 5 7 6 5 4 2 2 5 8 7 6 5
458 4 3 3 9 3 7 6 3 8 8 3 8 9 1 6
357 2 5 2 6 7 8 2 8 3 3 2 8 7 4 3
413 6 8 5 7 5 2 7 3 3 9 2 7 1 8 5
211 7 7 1 5 1 2 2 9 2 3 1 4 2 5 2
408 5 8 5 9 3 6 4 6 4 6 5 6 9 6 3
365 1 6 1 1 4 1 2 9 8 4 3 9 4 5 2
442 6 6 4 6 1 8 8 6 5 7 7 5 4 1 4
373 9 3 7 9 5 2 2 6 4 3 1 9 7 8 4
378 2 1 1 5 5 8 3 6 9 5 8 7 1 3 4
10
502 5 8 4 8 8 5 7 9 9 8 8 5 1 1 7
341 5 2 5 3 6 4 4 7 2 3 2 7 6 6 6
488 8 3 4 9 7 5 9 9 8 2 2 8 8 3 8
347 3 3 3 6 6 9 7 1 1 6 2 3 8 4 8
358 5 5 6 2 4 5 6 5 2 1 7 4 3 1 5
495 7 8 7 9 5 3 8 6 4 9 7 9 9 3 1
411 3 7 9 7 3 6 1 4 8 5 5 1 7 9 3
265 1 9 1 7 6 1 1 8 4 3 3 3 3 4 1
349 8 3 8 1 5 3 6 2 5 6 4 1 5 2 2
384 5 3 7 9 1 2 4 1 3 8 2 6 8 9 5
10
553 3 2 7 3 7 7 8 9 8 9 9 6 8 3 4
349 6 1 8 5 9 3 6 8 1 5 4 2 6 3 2
421 6 8 5 8 2 8 1 3 3 4 8 7 9 2 9
370 1 4 7 3 7 6 7 7 2 2 1 5 9 4 4
475 7 8 5 9 3 2 5 9 8 5 7 5 8 7 1
422 9 3 4 1 2 5 9 7 1 9 5 4 8 6 6
390 9 9 8 5 4 7 4 3 7 2 2 2 6 2 5
378 3 1 6 4 3 9 2 5 9 3 8 4 3 3 1
478 3 4 8 4 4 4 7 9 7 7 9 5 2 3 4
343 9 1 6 8 8 5 1 2 1 1 6 6 9 4 4
10
444 9 2 3 3 2 8 6 8 9 3 9 4 2 6 5
518 6 8 9 6 7 4 8 1 4 7 8 5 7 9 5
381 8 3 5 9 8 9 4 2 1 1 5 4 8 9 4
527 5 3 7 5 8 3 9 9 5 6 7 9 5 6 6
551 5 9 8 5 4 3 9 7 8 5 6 8 3 7 8
344 3 3 3 2 8 5 3 5 1 5 6 8 2 2 4
421 4 4 8 7 2 3 9 5 2 6 4 8 7 1 2
389 9 7 4 3 5 7 9 5 5 1 6 3 3 8 2
382 2 1 3 4 4 4 4 9 9 1 8 5 8 2 4
510 7 9 8 7 4 9 9 3 5 9 2 7 3 7 5
10
417 3 1 9 1 2 6 7 1 4 4 3 6 2 9 7
562 4 3 9 7 6 7 8 3 6 8 8 5 5 9 9
365 1 2 6 4 7 3 3 3 3 9 1 3 3 3 9
236 7 1 1 3 5 4 4 8 2 1 2 1 4 3 8
430 2 7 8 2 8 5 4 8 7 4 3 4 5 6 4
365 5 9 2 4 5 1 2 2 1 5 5 8 8 9 9
467 2 9 6 6 7 3 9 9 5 5 3 8 3 7 8
345 6 6 5 7 2 3 4 3 3 3 4 4 7 6 9
371 7 1 2 1 6 7 6 6 3 2 9 3 4 8 8
406 8 2 8 4 4 7 6 5 1 6 4 8 1 2 5
10
322 1 5 1 3 6 2 5 2 1 5 4 8 5 5 6
353 4 7 4 6 6 2 3 8 2 6 4 4 7 1 3
422 5 1 9 5 9 1 3 8 7 3 6 7 5 4 5
407 6 8 6 4 4 8 1 8 9 1 5 5 3 4 8
403 5 9 9 5 7 5 6 8 1 6 2 1 3 5 9
366 1 7 3 4 8 4 3 3 8 1 8 2 7 7 2
400 7 6 6 8 3 2 6 7 5 1 1 6 9 5 3
571 6 4 9 7 6 6 8 1 8 8 9 8 2 9 9
360 5 8 3 1 8 5 5 9 2 4 2 9 5 2 2
192 3 4 3 5 3 3 1 1 1 2 7 2 4 1 1
10
365 9 9 1 7 1 3 1 2 5 8 9 7 1 1 8
442 7 6 9 7 6 9 3 2 5 1 7 9 4 4 9
369 2 8 3 5 2 4 3 7 3 7 5 7 5 8 2
392 2 1 6 4 8 3 1 5 8 1 9 5 6 5 7
344 6 7 9 9 6 2 4 5 4 3 5 1 3 1 1
436 7 4 8 4 2 4 3 3 9 3 5 9 1 6 9
379 2 2 6 1 7 5 9 4 2 7 2 4 4 2 4
454 4 1 7 4 1 5 8 4 9 8 6 8 2 3 3
418 2 7 1 4 8 9 5 1 8 3 7 4 8 5 4
318 7 8 1 9 6 1 2 4 1 8 6 7 6 4 2
10
367 3 5 1 8 4 3 9 7 5 4 4 2 2 6 8
384 1 7 1 2 9 5 9 4 4 1 8 5 3 7 2
346 3 3 6 3 3 9 6 8 2 3 3 2 3 7 1
424 5 5 5 3 9 9 1 9 7 4 3 7 7 9 3
395 1 4 9 3 9 1 5 5 1 7 5 5 2 3 3
337 9 2 7 2 3 4 1 1 6 7 2 4 6 8 4
471 5 7 6 6 6 2 6 4 8 5 8 8 3 1 6
376 9 4 7 4 1 3 5 4 8 2 3 2 5 4 9
387 6 7 1 3 9 3 8 8 1 4 7 8 2 2 6
394 5 1 7 8 2 8 3 2 5 6 4 9 3 7 2
10
359 5 7 2 7 5 8 9 3 4 3 3 3 4 1 7
461 1 5 6 7 3 8 3 7 9 7 1 8 7 7 6
378 9 6 3 6 2 9 2 8 3 3 7 9 4 8 2
367 9 3 8 8 3 1 7 1 6 1 5 2 7 7 3
427 2 5 3 7 7 9 2 7 8 7 6 5 7 3 2
472 1 2 5 6 5 5 9 9 1 6 8 7 5 3 9
406 9 2 3 4 7 3 3 8 9 4 5 7 7 7 4
356 4 3 1 3 4 4 7 2 2 9 4 4 7 2 3
411 1 1 9 1 1 1 6 3 6 9 6 1 4 6 2
451 1 5 5 1 1 2 8 9 7 5 7 6 4 5 5
10
404 5 6 6 9 2 6 3 3 9 2 5 4 5 6 3
340 7 6 8 5 5 3 2 3 9 2 5 2 1 7 2
365 3 9 5 1 6 4 1 2 2 9 7 7 4 4 6
482 1 2 6 3 6 6 8 8 7 6 9 7 3 6 4
426 6 2 7 8 7 5 1 1 6 7 6 3 8 8 9
416 9 3 3 2 5 6 5 4 4 3 7 8 4 9 6
434 1 3 3 3 2 1 7 3 6 8 7 8 8 2 8
412 2 2 9 5 6 7 5 4 5 1 4 3 9 3 3
285 5 2 1 1 4 9 2 9 1 2 9 5 2 1 3
451 4 7 6 5 7 4 5 4 7 5 7 5 4 4 5
10
353 9 9 5 1 2 4 2 3 3 5 4 9 5 4 6
386 6 6 1 1 8 1 4 8 4 8 8 7 2 3 4
429 5 5 2 4 3 7 7 2 9 8 6 5 8 7 1
341 9 9 4 6 2 6 1 7 4 2 7 3 9 3 1
400 5 7 6 2 6 5 1 5 7 8 6 4 7 1 5
439 8 5 4 5 9 2 9 3 2 5 6 6 9 4 9
310 9 7 8 9 1 1 2 2 1 4 2 5 5 7 2
412 5 5 6 7 9 6 2 9 9 1 7 2 4 6 4
332 2 8 6 7 4 5 8 1 1 3 4 2 1 6 3
343 6 5 2 7 2 1 6 1 8 8 3 5 4 7 1
10
357 7 5 7 2 1 9 8 2 9 1 2 1 1 6 4
390 3 4 5 7 6 7 7 3 3 7 1 1 7 9 8
443 9 8 8 7 8 4 4 4 8 2 8 4 6 6 3
415 1 2 8 1 3 2 8 1 3 9 3 5 5 3 6
320 1 4 8 4 2 3 3 6 1 4 8 2 1 2 1
402 5 9 4 6 2 1 4 6 9 3 5 4 8 8 3
448 6 4 8 9 1 8 4 8 6 1 9 4 9 6 6
313 8 8 4 6 2 3 4 6 1 4 3 6 6 5 3
397 7 3 6 9 4 3 6 1 3 8 5 5 1 8 7
369 5 7 1 6 9 4 2 6 9 5 2 7 2 8 5
10
341 7 2 3 1 3 8 1 5 7 4 1 5 6 7 2
375 6 9 5 3 8 9 9 2 1 1 5 5 4 8 4
370 5 5 2 3 4 5 4 7 3 9 8 2 2 7 1
318 4 6 1 1 1 2 4 6 9 2 4 4 6 1 4
405 2 9 3 9 3 6 5 8 6 6 3 8 2 4 7
423 5 3 3 2 5 2 6 7 6 8 9 3 5 8 6
411 7 4 9 4 6 7 6 1 6 4 2 3 4 3 9
410 8 4 9 7 4 9 9 4 2 4 1 9 3 4 2
284 3 6 2 8 5 7 5 2 2 2 5 2 1 5 7
277 4 4 5 4 1 3 1 8 4 1 8 2 3 2 2
10
321 4 5 4 4 5 1 7 2 2 2 3 4 4 6 4
396 4 1 6 5 4 5 5 8 7 7 1 5 5 4 4
460 2 7 2 9 4 3 8 1 8 9 1 8 4 9 7
374 6 6 9 8 1 5 4 2 2 7 6 3 4 2 8
413 9 5 4 7 6 5 4 4 6 8 4 3 5 6 5
473 2 8 5 5 3 9 5 6 5 9 8 8 1 5 8
387 4 6 3 8 4 5 8 1 8 8 2 4 2 5 6
434 1 2 5 1 1 4 2 1 9 6 8 9 3 8 4
460 2 5 4 8 1 3 9 3 3 6 8 8 9 7 6
421 1 1 1 4 7 8 7 2 7 4 5 9 5 1 6
10
391 7 5 4 1 1 9 3 4 9 7 5 1 5 5 6
450 9 1 3 9 7 7 9 3 8 4 4 7 3 7 8
362 5 4 5 3 2 4 7 2 8 2 1 2 5 9 8
472 8 9 1 5 1 9 8 8 3 6 8 9 9 4 5
404 9 1 8 4 2 2 6 1 7 4 9 6 3 7 1
379 1 1 7 9 9 8 2 2 2 8 1 8 1 9 9
444 5 7 9 8 4 6 2 7 7 2 2 7 9 1 5
339 6 4 4 4 4 8 5 3 2 6 3 1 8 8 2
333 2 2 2 1 7 5 9 3 5 3 1 3 2 5 8
447 2 8 7 7 8 5 7 8 3 8 7 1 4 9 5
10
418 8 6 1 7 6 6 8 3 6 8 9 2 4 3 7
473 1 8 2 7 9 6 8 7 8 8 7 6 1 1 8
436 7 9 5 8 9 8 4 6 4 9 6 2 6 3 6
430 1 8 2 1 5 9 6 9 9 2 4 7 7 3 7
310 8 6 3 8 4 4 3 9 1 5 2 2 6 2 9
430 9 9 9 7 6 1 9 5 1 1 1 9 9 8 2
440 3 9 4 5 2 3 8 2 9 2 8 7 3 6 1
400 4 8 7 5 3 3 4 2 1 3 4 8 7 6 8
251 7 1 1 5 9 2 4 5 1 5 1 3 9 1 3
392 6 1 5 5 6 3 6 9 4 3 2 2 9 5 6
10
459 5 1 7 2 9 2 5 7 9 6 7 3 6 6 3
427 9 1 7 6 9 3 2 5 9 8 8 1 2 6 4
486 6 6 9 5 6 7 8 5 2 9 6 2 5 5 8
409 3 1 7 6 4 7 2 1 9 6 8 5 1 9 4
315 9 1 1 2 1 9 4 1 5 8 6 1 2 6 6
388 4 6 4 3 3 4 8 9 4 4 6 1 7 3 2
388 1 9 6 2 2 8 1 2 5 9 3 5 6 5 5
401 5 4 1 9 4 4 9 2 1 8 5 8 4 9 5
388 1 6 6 3 4 9 7 3 6 6 2 2 8 2 2
465 3 6 8 3 8 2 9 8 4 6 3 7 1 7 3
10
455 6 9 8 8 5 5 9 3 4 4 7 3 6 7 3
340 2 8 5 1 1 5 5 4 2 3 4 2 7 9 5
387 1 3 3 3 4 3 4 6 4 4 7 9 5 9 2
412 5 1 9 9 2 1 3 9 9 6 2 1 7 3 7
380 4 6 6 4 5 3 2 5 8 4 1 6 2 9 9
316 5 4 2 9 2 9 7 7 2 1 1 4 1 3 6
388 1 4 8 7 3 4 3 1 8 2 8 1 2 4 7
413 8 2 6 4 5 2 8 4 6 5 5 6 7 8 1
280 6 9 3 1 1 4 1 1 6 2 4 2 9 1 4
349 5 6 8 2 2 2 1 2 5 8 2 6 4 7 4
10
378 4 9 9 7 4 9 4 5 5 2 4 2 5 8 2
361 1 2 2 7 1 1 8 4 3 8 7 6 3 5 5
457 5 6 5 6 4 6 4 9 6 8 2 8 2 5 7
561 2 8 7 2 8 7 4 9 9 8 8 6 7 1 8
457 1 6 9 2 9 1 5 6 3 8 9 6 9 4 1
309 5 1 4 7 5 7 1 4 1 1 3 5 8 8 4
445 4 9 5 2 8 2 6 6 4 6 7 9 5 2 8
521 5 7 4 3 9 2 7 6 9 3 8 5 9 6 9
414 1 8 4 2 8 2 9 5 6 8 1 3 5 3 4
464 7 8 8 5 1 3 8 1 8 5 6 5 9 4 3
10
465 4 3 8 9 9 9 3 9 7 4 3 8 5 3 5
415 3 3 6 9 9 5 4 2 5 4 1 9 7 7 2
449 4 7 4 9 4 8 8 4 2 4 2 9 6 5 9
448 1 4 6 6 7 8 6 6 3 9 1 7 9 3 4
349 6 6 1 7 9 7 7 7 1 1 5 5 8 2 7
500 6 6 4 7 1 4 9 9 5 8 8 7 5 3 6
455 6 1 7 4 5 7 9 3 6 4 6 4 3 5 9
392 2 4 9 8 9 2 2 8 2 4 3 3 9 9 5
308 1 9 2 7 4 4 3 3 1 2 8 9 7 2 2
476 2 2 7 9 9 1 7 3 7 6 4 4 9 4 7
10
357 4 6 8 4 3 2 3 9 5 2 2 4 8 2 2
468 5 8 8 3 8 6 6 4 7 7 3 4 9 1 8
469 5 3 9 4 6 5 4 6 4 9 2 9 8 1 7
441 2 7 6 3 7 3 5 2 9 5 6 7 5 5 3
437 5 4 6 3 3 1 5 2 3 9 6 8 9 5 8
285 1 2 7 6 7 1 2 1 2 6 1 2 2 8 8
386 3 6 3 8 7 3 4 1 6 7 9 2 3 5 9
493 8 6 9 7 6 1 3 9 7 9 2 7 8 7 7
429 6 8 9 8 7 2 8 1 2 2 9 7 5 5 2
427 8 2 9 2 2 7 6 5 9 3 5 1 8 4 5
10
443 4 4 8 5 1 9 3 5 6 7 5 8 5 7 3
473 9 3 9 3 8 4 7 5 5 8 5 5 3 2 4
370 7 5 3 8 8 3 9 7 2 2 5 4 6 1 4
418 4 3 3 4 4 7 4 2 8 7 6 7 4 8 7
452 2 2 1 5 9 7 5 6 8 8 8 8 2 6 2
303 8 2 1 2 9 8 1 1 6 2 4 6 7 3 4
412 8 1 6 6 7 7 4 4 6 5 1 5 6 6 8
327 2 5 3 9 3 2 2 4 3 1 8 8 3 7 9
464 1 1 9 3 9 6 4 1 6 5 9 2 6 3 9
420 1 8 3 3 9 4 4 7 7 9 3 7 4 3 7
10
380 2 1 1 3 5 5 9 6 3 3 9 2 3 9 8
370 1 2 8 9 3 3 3 6 6 7 1 4 1 6 6
359 1 9 1 1 1 9 6 2 8 1 3 4 8 1 5
324 2 4 1 5 1 1 2 3 6 8 3 7 9 4 5
482 5 9 6 4 5 6 9 5 3 9 4 7 4 3 6
335 6 8 3 6 7 1 1 5 6 9 8 1 2 9 1
404 3 5 8 4 5 1 5 1 8 9 2 4 5 7 3
354 4 8 6 9 2 9 4 3 4 6 6 1 1 3 1
353 3 7 3 3 5 8 1 5 9 1 2 6 4 9 4
392 2 8 4 4 6 3 1 2 9 1 7 5 5 9 7
10
315 1 5 5 8 2 7 2 4 5 2 4 4 3 8 5
385 5 6 5 3 7 1 5 7 7 2 2 1 6 9 5
459 5 5 4 1 4 9 8 6 5 7 5 6 9 9 1
435 4 7 7 4 3 1 6 7 8 5 4 4 6 2 9
435 2 5 7 6 5 2 7 4 5 7 8 7 2 3 4
354 8 2 9 1 8 2 3 2 1 6 5 3 5 8 2
422 9 6 5 6 4 6 8 5 4 5 8 2 7 9 2
353 3 4 2 4 8 5 5 6 3 6 3 7 4 8 1
349 2 7 5 3 7 9 3 6 1 3 5 2 4 1 9
292 2 8 4 8 3 1 4 3 1 5 5 2 7 5 5
10
453 5 5 9 9 7 2 7 1 5 7 1 8 7 6 3
520 7 9 9 6 4 7 7 4 9 8 3 8 6 6 1
302 7 7 1 9 4 2 2 1 1 7 5 6 9 1 4
362 2 4 7 7 2 6 9 3 9 1 2 3 3 1 1
325 3 7 2 3 2 7 3 6 3 2 8 2 5 9 4
433 7 5 9 3 4 9 3 3 7 7 3 4 5 9 5
427 2 8 8 5 7 6 6 5 6 1 9 1 4 9 4
445 7 9 9 3 5 9 1 5 6 5 6 6 7 2 7
399 6 8 5 7 5 3 1 9 1 5 8 4 5 9 7
528 8 9 9 9 8 5 5 2 7 5 8 8 8 8 7
10
391 9 7 8 4 6 7 6 2 2 2 1 7 9 6 6
359 6 9 2 7 6 2 7 6 5 5 4 7 1 4 1
410 9 9 7 5 1 6 4 1 8 4 6 6 4 1 6
383 1 8 8 6 5 5 7 1 6 2 5 3 1 3 1
336 6 3 2 6 4 4 8 2 1 9 5 8 1 4 1
315 1 2 1 5 3 5 2 5 5 6 1 7 5 6 3
485 6 4 9 2 1 8 8 4 5 9 2 2 7 6 9
454 5 4 8 8 4 6 7 9 6 9 2 2 7 3 2
402 9 9 9 6 1 3 4 6 6 1 5 5 6 5 5
480 7 7 8 3 5 9 6 6 8 3 2 7 3 4 7
10
323 5 9 2 5 1 5 4 4 5 2 3 5 2 8 3
388 5 7 6 8 5 1 3 7 9 4 7 1 4 1 4
347 5 7 2 8 4 4 8 5 3 3 1 4 4 8 6
436 6 7 9 1 9 3 5 7 5 1 5 8 5 9 1
301 9 3 3 2 2 2 7 1 8 4 2 1 3 3 5
400 6 4 6 6 8 6 4 1 4 9 8 2 3 7 5
406 9 7 2 3 6 2 6 9 6 2 5 4 9 3 6
392 6 7 1 4 8 2 3 3 6 9 4 6 9 5 2
383 1 2 1 1 3 9 7 8 5 3 2 4 9 1 6
283 4 6 7 5 2 1 6 3 3 1 1 4 1 6 5
10
345 9 2 4 1 5 2 6 4 2 4 7 3 4 3 8
404 4 2 2 1 7 7 4 8 4 7 5 3 9 1 6
394 5 2 1 1 6 6 2 8 7 8 8 1 6 7 3
340 2 2 3 9 7 6 2 9 1 5 3 8 4 5 8
334 1 1 2 1 7 3 5 7 5 4 3 1 5 4 7
357 8 9 7 8 4 2 3 5 5 7 7 3 2 4 1
418 3 7 6 8 3 7 4 5 1 3 7 8 4 6 6
425 9 3 2 7 5 4 4 3 8 9 7 7 2 5 6
338 9 3 9 1 3 8 3 3 4 3 3 3 8 3 1
377 7 4 7 9 9 3 5 5 1 7 6 1 2 3 6
10
472 8 8 1 7 4 9 9 5 7 8 4 7 9 2 7
452 4 2 4 9 4 6 9 7 6 5 4 2 9 2 6
383 6 7 4 8 2 6 9 1 1 9 6 2 2 9 4
445 2 8 6 2 5 3 3 6 9 4 7 6 2 3 8
432 6 3 6 5 2 1 8 3 7 7 5 3 2 7 6
278 2 8 7 9 7 3 3 1 2 3 5 1 1 5 2
477 8 9 5 6 3 9 6 7 1 7 3 6 9 8 9
326 5 6 6 5 4 2 5 1 6 1 8 3 1 2 6
401 4 9 6 7 2 4 1 6 9 4 1 5 5 1 8
464 9 5 6 3 7 6 6 3 2 5 9 6 8 3 9
10
497 8 7 8 6 1 6 7 5 6 9 2 8 3 6 5
299 2 2 4 3 1 1 5 8 2 2 3 8 1 2 7
367 3 3 4 9 2 7 7 8 8 1 4 1 5 2 5
399 6 2 5 7 7 8 5 2 7 1 3 7 6 9 2
324 2 6 3 3 1 2 7 1 1 4 7 5 2 8 6
395 6 1 7 5 9 7 3 7 2 2 8 1 6 9 3
384 4 4 7 6 1 1 5 8 6 3 9 1 6 4 5
423 6 1 9 4 2 6 2 2 1 9 8 7 1 5 7
410 7 1 6 3 9 2 9 4 9 1 7 3 3 4 5
371 2 2 7 5 4 7 2 5 5 7 2 2 8 3 2
10
452 1 4 8 8 4 9 1 5 2 8 9 9 3 3 9
361 7 7 6 2 2 7 3 7 2 5 6 6 1 3 7
352 7 7 4 3 3 7 5 4 8 2 1 5 6 1 4
433 7 8 4 5 6 9 2 9 9 1 6 4 8 8 3
488 3 8 4 1 3 8 5 8 4 5 9 8 4 9 9
531 2 9 7 3 6 8 7 5 8 3 9 7 1 9 7
368 6 8 6 7 3 9 5 4 6 3 6 2 5 4 2
417 5 9 1 5 2 4 9 2 7 7 6 6 3 4 4
509 2 3 6 9 9 6 6 7 8 8 2 8 7 4 8
300 1 3 6 7 1 1 8 6 2 1 1 1 4 5 7
10
377 3 5 1 6 9 2 5 3 4 6 8 8 4 7 2
302 7 5 2 1 3 9 4 2 4 2 7 2 1 8 2
441 4 4 4 3 7 7 4 3 9 3 9 4 6 9 6
375 8 9 3 5 9 3 5 2 4 5 8 5 2 6 4
516 8 3 5 8 3 9 6 5 7 7 9 9 4 9 1
390 5 7 5 5 9 2 9 2 4 5 6 4 5 3 3
360 1 6 1 9 3 9 2 9 1 2 8 6 6 6 8
379 1 2 2 1 1 3 5 5 7 9 6 2 1 6 8
378 2 8 6 9 9 1 2 8 4 2 4 7 4 1 6
390 7 6 6 3 7 5 3 2 5 3 6 5 3 5 7
10
465 4 1 7 6 2 7 2 8 9 3 3 9 8 4 5
277 1 6 1 1 3 8 4 3 5 2 2 9 3 1 1
389 1 3 6 7 3 6 5 4 5 6 3 6 1 7 2
386 4 3 9 3 2 6 2 3 6 8 4 7 2 2 3
334 1 5 6 7 3 4 3 8 8 4 1 3 5 4 2
313 2 2 3 3 6 5 2 5 2 5 5 9 1 3 1
402 7 9 6 6 3 2 6 2 8 9 4 2 8 1 1
437 7 4 6 7 8 8 4 8 9 1 9 4 8 1 2
325 8 7 7 6 8 9 1 2 4 1 4 2 8 4 3
415 7 6 5 2 5 4 4 7 2 5 8 8 3 3 6
10
389 7 9 1 9 6 6 7 8 9 5 6 3 1 1 4
399 5 8 9 2 1 2 3 8 5 4 8 2 7 1 3
413 3 6 8 7 2 4 3 9 2 8 2 9 2 6 8
379 6 5 4 7 2 8 2 5 7 1 1 7 8 8 5
465 5 1 9 8 7 6 4 5 7 7 3 5 2 7 6
396 1 7 6 1 4 3 2 2 6 9 7 3 8 5 2
434 4 6 3 9 7 8 5 9 5 9 8 7 1 8 1
452 1 3 7 8 8 5 5 8 9 1 8 3 9 5 4
338 4 1 5 3 3 3 3 1 1 7 2 8 6 7 9
466 3 6 1 7 9 5 8 9 8 8 2 4 9 4 8
10
286 2 1 2 2 2 2 6 3 7 6 1 3 1 1 1
370 6 6 7 2 2 1 7 9 1 1 4 6 5 8 6
400 1 8 5 2 1 4 7 9 7 6 3 3 2 1 8
385 1 3 7 7 1 6 2 2 3 7 1 6 9 8 5
389 9 6 4 7 5 1 3 4 9 5 1 5 5 4 9
429 1 7 6 1 3 9 2 8 8 3 9 6 4 6 3
332 5 7 4 5 5 4 6 1 5 6 3 1 1 5 3
363 5 8 4 3 3 1 3 6 6 3 4 8 4 2 2
295 9 3 5 8 2 1 1 6 9 6 1 2 1 8 2
344 6 7 7 9 3 5 3 4 5 2 6 3 3 9 3
10
437 9 7 4 3 6 1 9 4 8 4 3 8 6 1 8
465 5 8 5 5 5 3 9 8 9 6 1 8 7 1 4
411 6 1 1 6 2 9 7 7 1 7 2 7 9 8 9
335 4 7 2 4 5 2 7 8 1 1 6 6 9 2 4
318 7 1 2 1 8 8 1 4 8 4 1 6 2 5 6
461 4 4 5 6 5 7 5 6 7 5 9 8 1 3 5
462 7 5 5 9 8 5 3 6 6 7 4 9 9 7 7
386 6 2 6 4 8 3 3 2 8 9 1 3 6 6 4
378 5 5 1 3 9 7 2 1 2 7 9 8 2 3 5
297 8 2 3 4 5 3 5 6 1 3 7 1 8 5 1
10
505 6 1 8 7 5 8 9 7 5 6 8 5 4 5 8
315 4 9 4 4 3 7 6 2 3 1 4 3 1 5 2
310 4 3 3 1 7 4 2 3 2 1 9 3 4 9 5
424 8 6 7 9 9 2 6 7 5 7 8 2 1 4 3
442 5 6 5 9 6 5 5 1 8 6 8 1 8 8 7
424 4 8 8 5 2 6 2 6 8 5 2 4 2 9 9
436 1 6 4 7 5 7 9 6 2 9 8 3 1 8 2
362 1 3 1 2 4 3 2 4 4 5 8 7 7 9 9
357 7 8 3 2 3 1 2 6 4 1 6 9 8 3 7
411 7 7 9 2 5 7 2 1 3 2 9 9 5 6 2
10
461 4 6 6 7 5 8 8 8 2 7 9 6 5 3 5
407 8 9 8 6 2 8 5 7 3 7 2 6 4 2 1
448 9 6 7 5 8 7 7 6 5 1 6 6 7 6 2
558 6 9 8 5 6 7 8 6 9 6 2 8 9 4 8
410 4 4 4 7 2 2 9 4 1 6 6 9 4 9 5
391 7 8 8 8 1 8 7 6 4 2 8 4 1 5 1
516 6 8 9 6 8 5 8 6 5 9 4 5 4 8 9
407 7 2 8 2 7 4 4 8 3 6 1 7 1 8 5
395 7 2 2 2 9 2 9 1 5 1 6 9 8 6 4
375 9 4 2 2 1 8 5 1 7 2 1 7 7 9 7
10
470 9 9 9 8 4 1 9 5 6 3 7 3 3 8 5
462 4 1 7 4 4 8 3 8 8 2 9 9 3 8 3
340 2 2 2 7 8 4 2 1 4 7 5 9 4 2 6
463 9 3 5 2 7 5 8 4 6 9 9 4 1 9 5
281 3 2 1 7 4 7 1 4 6 2 5 1 1 5 6
331 1 2 1 8 5 2 4 2 8 3 8 2 4 3 2
297 9 3 5 6 1 1 2 2 3 3 3 7 9 1 1
373 7 8 1 3 2 7 6 3 4 2 3 5 7 5 9
378 3 6 4 7 7 7 3 6 1 6 7 1 7 8 5
459 7 1 7 7 2 6 6 5 1 7 7 3 9 5 9
10
246 6 1 1 3 8 4 3 1 1 3 6 3 2 1 9
461 1 7 3 9 1 5 9 3 4 4 4 8 9 4 9
256 2 2 1 6 7 2 3 1 4 2 6 2 3 2 1
505 8 1 1 1 9 5 8 3 9 9 7 5 8 8 6
444 6 3 3 8 2 4 6 9 9 5 2 7 8 4 3
355 2 9 2 9 6 3 7 4 9 5 2 4 1 4 1
401 9 1 4 8 9 9 1 9 5 1 7 5 6 7 9
382 8 4 1 6 2 1 5 9 8 2 6 5 9 3 3
387 5 9 8 5 9 8 3 1 1 7 6 1 9 4 2
423 7 1 4 6 7 5 2 5 8 9 7 5 1 4 8
10
390 4 4 3 4 5 6 9 7 2 4 5 3 4 7 8
381 7 5 4 3 3 8 6 3 1 8 6 3 5 3 9
382 7 4 3 2 2 4 6 3 7 4 7 5 8 3 3
380 3 8 2 1 4 5 9 5 6 3 7 1 5 1 6
460 9 6 9 2 8 3 5 3 6 3 6 7 3 5 8
444 2 3 8 2 3 8 1 4 5 9 4 5 6 6 9
377 8 8 9 4 4 1 3 8 3 8 2 6 1 2 8
385 3 2 4 6 6 3 1 5 8 3 9 2 8 2 7
367 7 7 2 8 4 9 7 2 4 3 7 4 4 4 5
344 9 9 5 9 8 3 2 1 2 9 1 1 5 7 4
10
391 1 6 4 4 9 7 8 8 3 2 5 3 6 5 5
386 4 5 9 1 3 3 7 7 2 1 8 4 1 3 8
290 3 6 5 1 8 6 3 6 4 3 2 2 6 1 1
462 6 6 9 9 6 4 6 3 6 6 5 9 2 7 4
382 2 4 3 9 2 7 4 2 1 9 6 1 6 9 9
452 5 9 5 2 6 5 6 9 7 2 9 1 7 5 4
517 3 5 9 8 6 8 9 5 7 5 3 6 7 6 5
476 9 2 8 7 4 9 8 4 6 5 9 4 2 3 1
406 6 7 6 7 7 4 3 8 6 2 9 1 2 9 7
325 3 4 8 2 9 2 2 2 1 9 4 4 4 5 1
10
466 6 9 2 9 9 4 9 5 8 7 6 3 7 5 5
389 7 3 6 1 4 3 8 1 5 8 3 8 1 7 1
485 9 2 9 5 4 4 6 5 6 4 5 5 8 5 7
434 9 2 3 9 8 2 7 9 2 8 9 8 2 6 2
308 5 8 1 1 5 9 3 5 6 3 1 3 4 7 5
406 2 9 1 9 2 2 5 5 7 8 6 8 8 2 5
444 7 8 4 8 2 4 9 4 8 7 1 4 5 1 7
383 7 4 1 2 9 4 9 2 7 2 7 5 4 1 4
417 3 8 9 6 9 6 3 3 5 1 6 9 2 3 8
362 7 2 5 3 8 2 3 6 7 9 3 1 6 4 4
10
469 6 4 8 4 7 9 3 5 6 6 7 1 9 4 8
355 3 4 1 5 7 2 4 9 8 7 4 4 6 2 1
419 4 4 5 2 1 7 5 6 3 7 9 7 1 9 6
483 1 6 8 1 8 5 7 8 1 9 6 5 2 9 9
487 5 9 3 2 7 1 8 9 9 5 3 3 8 5 9
395 3 2 8 1 4 1 1 8 7 3 7 5 8 5 2
393 7 7 7 2 1 5 1 3 2 8 6 7 5 8 5
329 5 5 1 6 1 7 3 2 7 3 8 5 1 2 6
378 8 9 2 8 4 7 1 9 9 3 1 3 4 4 7
375 1 8 8 2 3 1 6 8 6 1 3 7 2 1 4
10
417 9 9 3 6 3 1 5 8 1 6 6 9 9 1 6
412 8 6 5 6 5 4 8 3 3 4 6 5 8 5 6
514 8 2 6 7 2 4 6 4 8 8 9 9 9 8 1
430 4 5 8 1 2 9 6 4 2 3 6 5 8 6 9
363 5 6 3 8 3 1 9 6 1 4 5 5 7 4 1
462 4 8 4 6 1 9 4 2 7 9 8 9 5 7 5
456 9 8 6 8 5 4 8 2 7 1 8 9 5 7 3
427 4 7 7 3 6 3 2 4 9 6 4 7 8 2 5
450 1 6 4 3 3 9 8 1 3 9 7 5 7 8 2
363 3 8 8 1 8 1 5 3 3 1 5 5 1 8 5
10
291 5 6 1 7 8 5 1 2 1 5 7 3 3 2 9
342 5 2 3 4 5 3 7 6 4 3 7 2 1 7 2
466 1 4 9 8 8 1 7 2 5 3 2 9 9 2 8
302 4 5 2 3 7 6 2 8 2 5 3 3 7 8 2
391 7 3 3 8 8 9 6 2 7 4 4 2 9 4 3
298 4 1 1 8 1 2 4 7 2 7 5 2 7 8 1
299 4 3 6 1 4 9 2 4 4 5 2 3 5 1 3
317 8 4 3 1 3 1 3 8 1 1 8 5 7 8 4
387 7 1 4 7 3 7 2 7 7 1 5 3 8 5 6
314 2 5 4 7 9 2 2 5 7 3 3 3 2 6 4
10
418 1 5 4 8 1 4 2 3 5 5 6 9 8 5 7
374 6 5 7 4 8 3 5 2 5 8 3 3 2 4 4
475 9 5 4 1 3 4 9 4 8 7 5 4 7 2 7
436 9 8 8 6 4 7 5 4 3 2 8 3 7 6 6
383 8 1 5 3 9 9 5 2 1 5 4 4 6 7 4
375 5 8 2 3 8 4 5 6 4 1 2 9 8 8 5
445 9 4 1 1 9 8 6 1 5 8 9 7 5 8 2
405 7 6 3 5 2 5 6 2 3 9 8 9 1 3 6
477 3 1 9 6 6 7 5 7 9 2 8 2 7 3 7
495 7 9 9 4 5 4 8 5 9 3 4 1 6 2 9
10
386 4 1 2 1 6 9 9 4 5 1 6 5 6 3 7
476 3 6 2 2 8 6 8 8 9 7 8 8 3 1 5
363 1 3 4 6 2 3 3 7 1 7 5 5 8 2 5
469 9 9 7 4 9 2 3 6 7 7 5 8 5 5 1
384 3 4 2 7 3 5 9 4 4 6 6 4 3 1 7
395 4 4 3 3 5 5 5 6 8 8 7 1 5 7 1
376 4 8 7 4 7 3 2 4 5 1 6 5 6 3 6
353 2 2 8 3 1 1 8 5 1 7 7 2 7 1 2
266 1 4 4 9 2 4 1 2 7 5 4 1 1 2 3
264 2 7 2 2 5 6 2 7 1 1 8 2 4 2 3
10
437 7 5 5 7 4 6 5 8 8 3 5 5 1 7 9
403 3 1 5 5 8 2 5 4 6 9 5 6 1 3 7
401 8 6 9 5 2 9 3 4 1 8 7 6 4 1 2
445 5 4 6 9 1 9 6 9 6 6 5 4 4 7 1
470 4 8 8 1 9 4 1 3 9 8 9 3 6 6 8
463 9 6 8 3 3 1 4 4 9 7 5 6 5 4 5
334 2 1 3 9 6 5 9 6 9 1 4 1 3 1 1
405 6 4 7 4 9 9 1 3 6 7 7 6 1 4 1
448 4 4 3 9 4 1 6 9 5 5 9 7 7 4 7
380 2 9 7 7 1 5 6 6 1 7 4 3 9 2 3
10
395 2 5 1 7 4 8 8 2 5 2 8 5 5 1 7
505 8 3 7 6 1 5 8 8 5 9 3 9 4 5 6
388 1 1 8 9 5 8 4 3 9 3 3 3 4 4 5
375 9 2 3 6 7 7 2 5 7 1 5 8 5 5 3
375 2 6 7 8 7 2 6 1 9 3 8 1 1 3 1
441 4 4 8 6 6 5 4 2 1 7 7 9 4 8 7
403 5 4 5 1 8 8 2 2 9 8 3 4 2 5 9
533 9 5 1 9 6 3 9 5 9 4 8 9 9 5 7
382 8 8 8 6 1 6 9 6 8 2 2 3 1 3 2
362 4 1 7 4 5 3 1 9 7 2 2 5 5 9 6
10
450 9 1 6 4 2 2 8 7 9 6 5 3 4 3 3
420 6 1 1 2 7 4 9 8 2 1 3 9 7 8 8
438 1 7 3 7 9 8 7 9 4 2 8 6 3 3 3
506 4 9 5 6 9 2 6 6 9 3 6 5 7 8 9
507 3 2 9 8 1 9 8 7 5 5 8 2 9 5 8
355 6 4 5 2 1 2 3 2 6 2 3 8 3 9 5
435 8 7 9 2 2 5 3 7 8 4 8 6 2 5 5
492 1 7 9 6 2 6 7 4 5 8 7 6 2 6 5
408 6 7 6 9 5 1 2 1 8 5 3 7 5 4 7
429 1 2 5 6 2 3 7 1 8 3 8 9 1 4 3
10
417 6 6 7 2 8 7 3 5 5 4 3 8 2 2 5
413 6 3 6 5 4 5 5 3 7 2 7 6 9 3 2
425 8 4 2 4 3 6 3 9 7 9 6 2 9 3 9
329 2 7 1 1 8 1 1 6 9 6 2 5 1 3 5
330 2 9 6 5 5 5 8 6 3 2 1 3 1 7 1
362 9 4 4 3 8 7 7 5 4 1 3 7 2 8 4
430 4 3 6 1 5 4 2 9 7 4 4 8 6 3 8
461 7 7 7 6 3 4 5 1 7 9 9 3 6 3 8
359 1 8 6 7 8 3 2 2 3 2 5 9 6 4 6
451 7 4 6 3 5 4 8 9 7 2 4 5 8 9 6
10
433 9 3 7 2 1 6 2 9 2 9 5 5 7 6 6
342 9 6 9 1 4 3 1 4 3 6 1 8 2 4 7
454 2 2 4 4 5 7 5 8 4 8 1 8 5 9 9
439 4 3 8 5 6 9 9 8 4 1 9 1 5 5 1
415 7 7 6 8 6 9 5 6 8 1 2 3 9 4 3
413 9 5 5 9 8 9 7 5 4 4 1 4 2 1 9
326 5 9 3 3 3 3 3 8 1 3 5 8 6 5 5
373 3 2 7 6 9 1 4 7 9 3 3 1 1 5 8
473 5 1 8 1 7 8 9 7 6 7 3 3 3 8 3
467 4 9 4 8 6 9 9 2 6 2 9 5 5 6 3
10
447 5 4 1 8 8 8 9 8 9 1 8 4 5 8 2
421 7 6 7 7 6 1 4 4 6 1 8 7 8 8 5
384 9 4 4 8 2 8 2 4 5 7 4 9 7 1 3
379 4 7 4 9 2 5 2 8 9 7 2 8 1 1 5
412 5 2 5 6 5 6 6 7 1 3 9 3 8 8 2
457 1 9 1 2 1 9 6 4 9 9 9 5 9 2 2
462 5 1 8 7 2 7 7 5 2 5 7 9 7 9 5
334 1 2 3 2 3 5 2 6 8 7 1 3 2 2 5
481 2 9 5 6 1 9 8 5 6 5 5 9 5 9 4
347 1 3 2 6 7 8 7 2 1 1 3 9 9 8 1
10
431 2 2 4 8 5 1 7 6 8 5 3 6 7 6 6
475 1 2 7 9 9 3 9 6 6 9 7 3 5 3 1
268 3 2 9 1 2 3 1 8 4 1 1 2 3 6 3
406 1 3 9 9 8 6 6 2 2 3 5 3 7 9 2
355 5 2 5 5 1 2 7 1 3 8 3 4 4 7 3
466 3 9 8 6 3 2 9 2 7 7 6 5 4 4 5
359 3 3 8 5 4 8 7 1 2 8 1 2 7 3 2
481 3 4 7 8 8 3 1 3 9 9 4 8 6 9 4
312 1 1 5 1 1 9 4 2 1 6 3 1 3 6 8
506 7 9 4 7 8 8 5 4 8 8 8 4 5 5 5
10
462 3 1 9 1 2 4 3 5 7 5 9 3 7 7 6
439 9 4 9 1 7 7 3 6 8 3 5 7 8 3 1
484 5 2 5 1 9 7 6 7 8 7 4 9 4 5 1
388 4 5 4 7 6 2 5 4 3 4 7 8 3 6 8
368 7 7 2 4 8 3 4 3 2 3 6 6 9 5 8
418 8 7 9 8 4 2 6 3 6 6 5 4 6 1 4
351 1 3 3 2 8 4 4 6 1 6 7 5 4 3 5
349 9 5 7 6 2 6 1 7 3 7 6 1 3 3 4
405 5 4 4 4 9 4 4 1 8 8 3 5 5 5 1
394 9 8 8 5 8 1 7 4 4 8 2 1 3 3 3
10
386 3 5 1 8 8 4 2 4 5 6 7 7 7 7 8
431 6 4 2 1 9 4 3 5 9 9 2 9 4 8 1
448 8 1 4 2 9 9 5 6 7 8 7 1 6 3 4
493 3 3 8 3 9 5 5 9 8 3 7 4 8 2 8
478 9 1 7 5 7 7 6 5 6 6 9 7 4 4 3
300 7 2 1 6 5 2 9 9 2 1 3 3 4 8 3
348 6 7 3 6 7 6 5 2 1 5 8 1 6 8 3
402 3 4 6 9 2 5 2 5 5 8 1 6 9 9 4
498 5 8 9 1 9 6 9 2 5 4 6 1 4 8 9
333 4 3 1 5 9 7 4 2 5 9 2 3 2 5 2
10
394 3 4 3 4 9 7 2 6 1 8 9 8 1 4 4
401 7 6 7 8 4 8 7 9 3 2 6 1 3 9 2
452 9 8 5 8 8 9 7 9 5 1 7 2 7 6 6
473 1 8 5 6 9 5 8 5 9 1 1 9 8 9 7
304 8 3 1 2 5 5 6 5 1 4 3 7 1 4 2
391 3 5 1 5 7 5 1 6 6 9 9 2 7 6 4
435 6 6 4 4 7 9 5 1 9 8 7 1 2 1 7
378 9 8 4 7 6 4 8 4 5 6 4 2 2 6 2
307 4 8 3 3 3 3 8 1 5 4 1 5 1 8 3
325 3 2 3 7 8 4 1 4 2 7 4 2 6 9 6
10
551 1 2 4 6 8 5 8 9 9 9 9 6 6 2 7
332 2 4 9 7 8 4 3 6 4 1 1 6 2 1 2
429 5 2 3 6 6 3 4 9 7 5 6 7 9 6 4
435 7 2 5 4 9 6 8 3 7 2 7 8 1 2 6
429 1 6 9 5 7 5 3 8 5 1 6 4 9 1 5
458 6 5 1 3 2 2 9 1 9 6 8 9 3 7 9
468 9 7 9 9 2 3 6 2 8 5 5 7 4 6 9
398 9 1 5 1 2 6 6 6 3 9 1 8 2 5 8
350 3 4 7 8 1 7 4 7 5 2 7 3 3 1 1
386 2 4 7 7 6 5 5 1 4 3 1 9 3 3 6
10
395 3 8 3 2 5 1 8 5 4 8 1 8 8 2 2
376 1 5 6 4 5 4 9 9 4 2 5 4 2 5 4
414 8 2 3 7 6 4 2 5 9 1 8 4 9 7 8
419 6 4 4 3 1 6 6 7 4 6 3 9 5 9 7
366 6 3 5 2 3 3 4 2 2 3 5 7 9 3 8
466 4 6 5 5 9 8 8 2 7 9 2 9 2 3 3
317 8 9 2 5 5 8 4 3 7 7 1 2 3 4 2
430 7 5 1 4 9 1 5 5 6 8 9 4 6 9 6
497 5 6 7 6 6 5 7 4 9 3 8 6 3 3 7
392 4 7 1 5 8 2 2 9 6 6 2 9 5 8 2
10
456 4 4 9 4 9 9 4 4 2 7 4 5 6 7 5
379 4 3 5 2 4 7 7 2 5 4 3 3 4 5 9
456 6 1 6 9 5 4 5 7 5 9 4 7 4 5 4
462 9 3 5 7 2 9 8 9 5 5 2 9 6 4 9
446 8 8 8 2 1 6 5 6 7 7 1 5 2 6 9
325 3 5 1 9 4 5 2 1 5 1 7 7 4 9 1
388 5 1 1 4 4 9 7 8 1 4 8 6 4 4 5
455 8 7 4 9 8 2 1 6 7 6 8 8 9 5 5
385 5 6 4 8 1 2 6 3 6 4 5 2 9 9 5
353 9 8 1 4 8 9 3 6 3 2 8 5 9 2 2
10
333 3 1 7 6 3 2 3 3 4 8 1 1 6 3 5
455 5 6 8 5 4 3 9 5 3 9 5 2 6 6 1
356 5 4 7 5 9 9 1 4 3 7 3 5 2 7 4
411 8 5 9 9 9 3 5 1 8 4 1 1 8 4 7
430 7 3 4 6 9 1 9 2 6 3 8 7 2 6 8
329 7 2 4 5 6 5 1 9 4 3 2 8 5 2 5
443 8 4 4 2 3 1 8 5 1 8 8 7 7 2 7
329 4 6 1 8 6 6 1 2 5 6 5 3 1 2 9
361 4 4 5 4 1 3 5 7 3 7 5 1 3 5 8
307 5 5 4 2 3 4 1 7 4 2 6 6 1 8 1
10
436 4 9 7 5 8 8 4 3 4 6 1 8 4 5 8
378 3 7 5 3 1 4 3 2 4 4 7 8 6 5 4
361 9 1 8 1 4 4 6 1 2 1 5 4 5 7 9
444 5 6 9 9 4 5 1 7 9 6 6 3 7 6 2
432 4 8 3 5 8 6 1 8 5 2 7 7 7 9 8
347 1 8 4 7 2 3 1 3 6 5 8 7 4 1 5
327 6 8 5 3 8 1 5 3 5 3 1 2 6 8 6
305 1 2 3 3 8 4 3 6 5 9 1 3 1 8 1
431 6 1 4 6 9 5 6 1 3 3 9 9 9 1 4
431 3 8 1 9 8 5 5 9 5 1 1 9 9 7 8
10
374 6 6 2 7 2 5 6 4 4 8 2 3 7 7 7
452 6 9 5 5 7 9 8 7 2 7 2 7 4 8 3
397 8 4 4 7 8 7 5 5 4 8 3 4 5 6 5
352 8 7 3 3 4 8 3 8 6 4 2 5 2 7 1
385 5 3 1 6 9 8 5 8 1 8 3 7 5 7 5
525 5 4 9 6 3 7 8 1 6 8 4 8 5 6 8
385 7 1 4 7 8 2 1 3 7 6 8 8 1 7 1
377 2 5 5 8 2 8 5 7 1 2 6 2 8 4 9
347 6 4 4 7 8 1 3 7 5 8 1 6 4 3 2
363 7 2 4 1 5 1 7 7 5 3 7 2 2 4 4
10
374 3 4 8 5 1 7 7 1 2 1 4 7 3 2 9
457 1 2 9 9 7 7 5 6 6 4 4 4 8 5 2
532 6 8 9 9 4 9 7 4 6 9 6 4 4 1 9
455 2 8 7 3 3 8 8 8 6 4 6 1 6 1 6
408 9 2 5 2 2 9 6 5 1 7 1 6 5 7 8
483 7 3 5 6 9 5 7 9 3 8 8 2 8 1 9
388 6 8 1 3 2 1 4 1 4 9 9 5 5 7 5
420 4 3 3 2 8 1 3 4 7 6 6 6 5 4 9
385 7 8 3 2 6 7 7 8 4 2 2 9 5 4 2
452 9 6 3 5 8 5 5 8 7 8 4 6 9 7 4
10
417 2 5 4 1 3 7 8 1 5 9 4 5 4 6 6
409 5 8 2 2 6 8 7 1 8 4 6 5 6 6 2
423 8 3 8 3 1 5 9 7 4 3 1 4 7 9 3
410 2 4 2 3 3 7 9 9 4 7 8 4 4 5 1
465 2 5 1 8 9 9 6 8 5 7 9 3 7 7 3
395 6 8 8 3 8 4 1 4 9 8 2 1 9 4 3
373 1 8 7 6 9 9 1 1 1 7 8 3 2 2 8
316 7 8 6 3 5 2 5 1 1 1 4 5 6 2 3
371 3 2 1 1 9 5 4 7 1 7 8 1 7 6 8
278 3 1 5 3 1 8 3 6 1 3 3 1 6 3 2
10
392 4 5 5 5 9 4 9 2 8 1 1 5 8 3 5
424 7 3 9 1 3 4 8 5 7 3 4 3 8 6 2
402 4 4 5 9 1 6 5 1 6 3 8 8 2 2 7
370 6 9 5 3 5 6 9 1 1 3 1 8 2 7 4
368 8 2 6 9 9 9 6 5 3 2 3 1 8 6 2
380 4 4 6 9 7 4 5 4 7 3 1 4 5 8 6
333 5 8 2 6 2 2 1 7 9 8 7 1 2 3 3
369 3 8 9 6 1 6 2 5 3 3 9 3 3 5 4
439 6 2 7 4 3 2 2 9 9 4 4 9 2 8 9
429 9 2 7 7 9 5 1 1 6 7 9 7 1 1 4
10
430 5 3 5 7 6 4 7 1 4 3 8 9 5 9 3
355 4 9 2 7 3 8 5 8 2 2 7 4 6 5 2
415 8 9 5 7 2 7 1 4 7 6 5 7 2 4 6
452 9 4 2 7 3 5 9 1 6 9 9 2 5 7 3
488 2 2 6 6 7 4 6 2 8 8 6 9 4 5 6
383 7 8 8 3 9 1 3 7 3 3 6 2 3 9 9
371 2 9 5 3 4 7 1 7 4 1 9 1 6 8 8
312 5 6 1 8 9 4 3 7 2 6 6 2 2 4 8
416 8 2 1 8 4 9 9 6 5 2 3 9 2 4 8
445 1 7 7 4 5 8 8 9 4 7 2 2 1 6 8
10
402 7 9 8 7 4 2 1 2 1 9 7 9 3 5 6
381 7 2 2 1 6 5 4 1 9 9 5 1 6 1 3
364 9 4 7 6 9 2 4 1 7 8 2 1 1 3 9
360 5 1 9 1 6 6 7 1 2 1 1 5 6 5 7
429 1 6 9 4 7 1 4 1 1 5 9 9 4 1 7
417 4 5 8 6 1 7 5 9 7 6 1 1 8 4 5
507 9 4 6 7 6 4 9 6 8 8 5 2 8 7 9
362 9 6 5 6 3 6 7 5 5 1 2 5 5 3 4
397 9 4 5 3 2 6 2 8 3 7 8 5 8 7 1
427 7 4 9 4 4 9 5 3 6 5 2 7 4 5 6
10
347 6 1 7 4 2 8 2 3 8 1 3 2 8 2 8
451 9 8 8 6 4 7 1 8 3 4 9 4 9 6 6
456 7 7 9 9 5 8 5 8 8 7 1 4 4 9 2
427 1 3 4 4 7 8 3 4 6 4 6 7 2 7 9
394 5 6 2 5 9 9 2 7 2 8 9 7 2 2 7
431 7 5 5 2 6 1 7 6 5 6 5 7 5 4 9
312 6 3 8 8 6 3 1 1 2 7 1 4 4 6 7
407 2 9 9 5 8 8 4 3 5 3 3 3 2 3 9
486 7 6 4 3 8 3 8 9 6 7 1 9 8 4 8
484 9 9 4 1 9 4 4 9 8 6 5 8 3 3 9
10
436 3 3 3 9 9 6 5 5 8 4 8 8 8 4 1
416 7 2 3 9 5 1 7 4 7 6 8 3 6 2 3
422 6 4 9 3 3 9 2 3 4 3 5 3 8 8 7
363 2 7 7 6 4 7 4 5 3 8 7 1 1 3 1
488 8 8 5 9 2 9 7 6 5 9 5 9 1 8 6
460 9 5 8 9 8 9 7 2 7 1 9 1 6 5 8
274 3 5 4 4 1 5 3 1 5 2 5 4 3 5 2
391 2 7 4 1 2 5 5 2 5 1 6 9 9 6 3
352 5 5 2 6 7 7 3 9 3 2 3 4 2 9 6
455 5 6 7 8 9 6 5 1 4 8 5 4 6 5 8
10
504 2 1 9 4 5 8 9 6 4 6 8 9 4 9 3
329 3 7 1 1 6 2 3 3 4 5 9 5 2 2 4
392 9 1 4 1 1 2 7 4 6 3 5 9 9 4 4
302 1 4 1 6 3 9 5 4 3 1 5 3 4 7 6
378 8 3 3 2 4 3 5 1 8 3 6 5 9 7 3
441 5 5 7 6 7 6 9 7 1 2 8 8 2 7 3
357 3 9 8 1 7 1 1 2 1 4 6 9 3 2 5
444 7 9 4 3 1 2 7 3 7 3 8 7 1 7 7
365 9 6 1 1 2 4 5 7 5 9 4 4 9 8 1
425 3 4 5 3 6 5 3 4 8 9 5 7 4 4 3
10
327 4 1 4 7 7 7 2 1 7 2 3 4 4 6 5
371 5 3 6 5 9 1 5 3 1 1 3 9 6 8 4
418 1 7 7 3 4 1 2 3 9 6 5 5 6 9 8
226 5 2 1 1 7 4 3 1 1 2 1 1 7 6 4
287 3 6 1 5 9 4 2 2 4 1 6 6 5 6 2
396 6 5 2 4 2 6 6 1 4 8 6 1 7 6 9
357 4 4 6 2 7 7 1 3 7 2 4 7 5 1 7
427 5 6 1 8 7 2 6 8 3 9 2 9 7 7 7
325 6 3 1 9 5 4 6 7 5 3 8 1 2 1 3
436 6 2 7 7 8 4 6 5 6 2 5 5 7 8 5
10
410 9 9 8 3 7 8 5 3 1 9 3 2 6 5 1
425 6 4 4 6 5 7 8 5 1 5 7 8 7 9 1
420 5 4 4 5 6 4 6 3 8 9 6 1 1 9 6
364 2 7 9 2 9 6 5 2 4 4 2 8 1 3 1
422 6 4 5 6 2 2 9 5 5 7 8 2 3 5 9
528 7 8 8 8 3 9 8 6 6 6 8 2 5 5 9
360 3 4 2 1 5 7 3 2 6 9 2 5 3 4 6
420 1 3 7 6 9 3 1 7 7 6 7 3 7 9 6
508 4 7 3 4 8 4 6 4 5 9 5 8 9 9 8
322 2 2 5 4 8 2 8 4 3 4 1 1 8 4 4
10
428 8 7 8 2 5 1 4 6 3 3 1 9 9 4 9
335 7 3 4 5 7 9 1 5 1 1 8 9 2 1 2
399 1 8 8 2 6 3 1 9 1 8 7 4 1 6 7
397 1 1 5 2 7 6 9 8 1 4 8 7 3 1 5
433 7 1 5 8 5 9 4 4 5 9 9 1 1 4 7
408 3 2 5 2 5 5 9 1 4 7 5 3 4 9 1
378 4 7 8 9 1 9 5 5 4 7 5 3 1 7 1
481 1 7 8 5 4 4 3 9 8 8 6 2 3 7 8
413 2 5 3 1 8 8 6 7 4 9 5 3 1 4 6
432 7 3 7 5 5 7 2 5 9 5 5 4 3 6 3
10
435 6 1 5 7 4 5 7 4 5 3 8 4 9 4 7
398 9 3 5 1 8 1 8 5 1 9 8 2 2 3 8
404 7 5 2 2 6 4 7 5 4 7 9 2 7 9 5
501 8 9 7 3 2 5 6 8 9 3 9 4 5 5 8
459 2 9 3 2 4 8 7 3 7 6 3 8 5 5 8
367 7 3 9 8 2 4 8 2 6 2 2 1 7 3 3
393 6 6 4 2 7 1 1 8 2 8 8 5 9 2 3
459 8 8 2 4 8 1 9 4 9 1 4 8 5 3 8
440 4 6 1 3 9 6 8 3 7 7 9 5 4 7 4
364 6 3 3 9 5 8 1 8 2 7 4 9 6 1 1
10
465 2 5 8 2 7 9 7 1 6 7 2 5 5 4 8
410 1 5 2 8 1 3 5 9 2 6 8 7 6 9 7
314 9 9 3 7 3 1 3 1 1 4 9 4 3 8 4
464 4 4 9 7 9 4 2 2 7 9 9 5 6 1 2
311 5 9 9 4 3 5 1 2 2 1 1 7 2 4 7
508 7 6 8 9 6 3 7 9 9 7 5 7 4 7 3
362 4 5 3 2 9 9 2 4 1 4 8 6 6 6 4
349 1 8 3 4 8 6 1 8 8 7 1 1 5 1 4
424 1 9 5 1 2 1 7 7 5 5 7 4 8 4 5
442 5 5 6 8 2 2 6 3 8 5 7 9 2 7 6
10
371 7 9 6 8 5 4 3 9 2 7 3 6 1 2 4
330 2 4 8 3 7 2 5 5 2 4 1 1 6 5 2
434 3 8 1 9 4 6 9 4 8 1 8 7 7 6 5
342 3 6 6 1 8 3 3 3 7 2 1 6 4 1 7
299 8 4 1 8 5 8 5 1 1 1 4 6 8 9 3
380 8 7 3 4 5 2 5 5 4 9 6 1 5 8 8
387 5 6 7 1 7 4 8 5 1 2 7 4 9 1 1
502 5 5 9 1 6 7 4 7 8 2 6 9 6 9 9
367 1 3 5 1 3 4 3 1 1 7 6 5 8 7 6
406 3 3 1 8 6 9 1 6 9 9 3 7 4 2 8
10
417 6 5 4 8 4 3 7 1 8 5 2 4 4 5 8
447 6 7 2 5 9 9 7 8 3 5 8 3 2 8 8
368 4 9 7 1 7 6 5 7 9 5 1 1 2 2 2
434 4 4 9 5 4 1 3 2 7 2 4 8 9 5 9
288 2 8 1 1 6 5 4 5 1 1 7 5 1 5 1
356 2 9 1 8 5 2 4 2 4 2 9 5 2 8 8
403 2 8 3 8 8 5 2 1 8 8 4 4 5 9 4
462 5 6 9 9 3 9 4 4 7 5 3 6 6 8 6
409 1 3 2 8 6 5 2 4 5 9 7 8 1 8 8
339 8 5 3 1 9 1 4 4 6 1 3 4 8 7 3
10
322 2 3 3 5 2 2 7 6 1 2 2 6 6 9 2
386 4 8 1 9 8 9 3 7 6 1 3 9 7 4 1
300 8 3 2 6 9 8 3 2 1 5 2 1 9 4 3
414 8 4 3 3 9 3 2 4 3 8 9 7 2 7 7
447 2 5 9 4 9 4 7 5 3 6 9 3 2 3 6
531 4 8 6 1 6 7 9 8 9 8 8 6 7 5 2
423 5 1 9 6 4 2 3 3 8 8 6 2 1 1 7
446 4 8 8 5 8 9 8 9 5 6 4 2 2 8 2
397 6 6 1 5 8 7 1 5 8 9 1 9 4 9 3
386 4 4 1 5 6 2 8 6 4 8 4 9 1 1 4
10
348 1 3 4 4 1 2 2 1 3 7 7 4 6 4 6
438 4 9 1 9 9 8 8 7 4 9 1 5 4 8 3
432 9 9 2 7 7 4 8 5 4 5 7 5 7 4 7
397 8 6 5 5 9 1 4 3 2 9 4 2 8 3 7
325 2 7 2 7 6 1 6 9 7 1 1 4 4 3 5
515 3 9 9 7 9 1 7 7 3 2 9 7 8 6 7
339 3 6 2 3 1 1 6 6 7 1 8 1 8 4 6
460 1 5 6 4 5 8 1 8 8 6 2 5 9 9 9
314 5 3 1 6 9 2 4 5 3 2 7 3 3 4 8
382 5 4 9 2 7 4 3 4 5 4 6 3 5 3 1
10
460 4 6 2 6 5 5 5 8 7 6 8 9 7 8 2
511 2 2 7 7 5 5 8 3 5 9 4 7 4 9 8
384 9 4 1 6 4 1 3 3 8 6 1 9 8 7 9
440 7 5 8 5 7 6 5 4 6 6 2 9 5 7 1
384 6 8 3 2 5 4 5 3 8 7 1 6 4 2 7
362 4 4 1 5 5 8 6 3 5 1 9 4 5 9 2
462 2 7 7 8 4 3 9 9 3 7 5 4 4 9 2
444 9 9 7 8 6 9 1 6 4 7 3 8 8 4 4
361 2 7 6 2 1 1 4 8 1 6 2 4 8 7 6
326 5 9 8 1 8 7 5 3 2 6 3 1 2 2 2
10
370 2 8 1 7 6 7 6 1 5 4 5 6 8 2 6
423 1 4 6 3 7 2 2 7 8 8 1 8 8 4 6
447 6 3 9 8 4 7 1 5 9 8 5 5 3 2 1
418 1 8 8 7 1 7 6 7 9 3 1 3 3 8 5
399 2 4 3 4 5 8 5 8 5 1 9 9 3 3 6
415 1 2 5 9 9 2 5 8 2 2 7 9 7 4 3
452 5 7 3 3 6 8 4 1 6 5 9 7 7 6 8
459 2 6 6 3 1 5 6 9 7 9 1 3 8 1 7
432 5 9 5 1 5 1 7 3 7 4 7 1 6 8 7
550 5 3 8 8 8 3 7 9 6 5 9 8 7 8 3
10
357 6 8 5 9 4 6 5 2 2 6 5 3 3 5 4
425 2 5 1 3 6 7 2 4 8 8 7 6 8 8 5
302 6 1 1 5 3 6 2 2 2 4 7 8 6 4 5
521 3 8 7 5 2 9 8 5 9 9 2 8 4 9 5
429 7 6 5 8 1 4 6 2 6 9 2 5 7 8 2
524 9 4 9 3 6 1 5 5 8 1 9 8 7 9 7
339 1 8 6 1 7 1 2 8 2 3 4 2 6 7 5
390 9 7 4 5 7 7 6 1 1 8 9 1 8 3 6
380 3 2 6 1 6 5 6 6 5 5 3 1 3 2 9
379 1 3 3 4 9 6 4 8 4 5 3 3 2 8 7
10
369 5 2 4 1 8 5 6 6 7 6 5 1 6 2 2
447 8 7 6 3 3 9 7 3 6 4 3 7 7 3 8
409 5 5 2 7 1 7 7 6 9 2 5 5 9 5 2
389 5 7 1 9 5 1 8 7 5 6 8 1 9 2 2
539 2 5 7 8 5 9 5 7 9 9 9 8 2 1 4
392 2 2 6 7 4 7 4 6 3 5 2 4 8 4 6
422 5 6 4 5 9 8 6 8 1 1 9 8 6 4 7
341 6 1 1 7 5 7 3 2 3 6 4 8 3 1 8
417 7 4 2 1 5 7 7 7 6 8 1 1 9 9 8
455 9 6 2 8 9 9 9 9 4 4 2 8 5 5 2
10
284 2 4 1 5 2 6 4 2 2 1 6 6 5 2 1
390 2 1 3 7 7 3 6 9 6 2 9 6 1 9 4
419 2 6 3 8 4 6 6 4 8 2 5 9 8 6 4
484 6 5 8 1 6 6 7 7 6 8 4 2 6 1 8
468 9 4 6 9 2 5 8 2 7 4 9 6 7 1 3
441 6 2 6 4 1 3 6 8 3 7 5 8 7 5 5
387 5 8 9 2 1 3 6 8 5 4 2 3 4 1 7
497 6 8 7 9 2 1 4 8 4 5 9 8 9 7 7
372 9 6 6 2 1 1 2 6 3 1 9 3 8 9 8
289 5 5 1 8 2 8 2 4 1 5 1 5 9 9 1
10
440 9 2 8 7 9 5 3 7 8 1 7 9 1 6 3
472 8 8 9 5 9 5 5 2 9 2 6 1 9 2 5
325 4 9 4 3 8 3 1 2 2 7 5 4 6 8 2
334 3 5 3 1 3 3 1 9 2 2 9 1 8 8 7
446 6 8 2 4 2 5 9 6 7 6 3 4 8 9 9
437 1 3 3 9 5 8 8 2 5 7 7 6 4 8 1
307 2 9 3 6 1 4 3 4 7 8 1 2 1 5 1
323 2 1 1 1 9 7 2 2 7 7 1 7 2 8 1
368 1 9 1 4 5 6 8 3 7 7 1 7 3 2 2
434 3 5 7 2 5 8 9 8 2 8 3 5 2 3 3
10
352 4 5 1 2 1 3 3 8 6 9 3 2 8 5 3
410 6 4 2 3 7 5 5 8 5 5 7 2 3 5 9
338 6 8 3 8 4 3 6 3 4 4 1 3 2 2 8
338 7 2 4 5 8 1 6 6 6 3 3 1 4 1 2
291 8 7 4 9 1 5 4 6 5 5 2 2 1 3 3
527 2 9 9 5 2 8 8 5 7 8 4 9 6 9 2
468 2 3 7 4 2 4 6 6 5 9 5 3 7 4 8
346 5 6 4 2 1 3 5 8 6 4 4 1 2 7 9
474 9 2 8 4 9 6 4 7 8 9 2 1 6 6 6
357 8 1 1 3 6 7 7 9 3 2 3 4 9 5 5
10
388 3 9 9 9 9 1 5 5 2 8 2 1 4 1 5
461 3 1 7 2 2 9 4 7 7 9 5 6 4 6 8
309 8 4 2 8 4 3 2 8 4 7 1 1 4 4 5
436 9 7 3 2 5 4 6 2 5 6 8 6 7 8 7
432 8 8 4 7 3 8 7 5 2 3 4 9 3 8 7
265 2 1 1 4 3 1 6 9 1 2 4 2 5 3 1
324 7 2 3 5 1 7 3 5 1 4 6 6 5 3 5
396 8 1 1 1 5 8 4 9 6 9 1 6 7 1 7
377 3 1 3 9 8 2 6 4 7 6 8 1 2 5 1
444 5 2 9 2 8 5 7 3 7 1 3 9 2 6 9
10
472 8 9 9 9 3 4 7 1 8 5 2 6 8 1 4
263 3 1 2 5 7 3 1 1 1 1 7 5 7 5 1
417 1 9 4 2 2 9 5 2 6 7 2 9 7 7 5
363 2 9 6 4 6 6 5 2 6 2 8 5 1 5 1
467 5 2 3 9 8 6 9 6 4 9 4 8 3 9 1
466 2 1 8 6 4 2 6 5 9 1 9 7 5 4 2
366 9 5 3 1 9 6 1 6 3 5 5 7 2 4 7
320 1 3 1 9 6 9 1 2 8 6 3 9 2 3 1
505 5 9 9 4 8 9 3 8 8 8 4 1 2 8 8
324 4 8 5 9 2 1 2 4 7 1 5 2 8 6 4
10
507 6 4 9 4 8 4 9 5 5 7 5 6 3 3 6
506 6 8 9 6 7 8 8 3 8 8 4 4 4 9 3
506 9 6 9 5 5 9 9 4 4 3 7 9 9 3 3
388 9 7 6 2 1 3 5 8 3 9 2 2 6 7 2
399 1 4 2 7 7 9 6 1 6 8 9 2 2 4 4
385 9 1 3 3 1 7 1 8 2 6 5 9 5 8 9
439 1 6 9 5 1 7 5 1 8 1 9 3 5 6 2
387 6 8 2 4 8 8 2 3 9 7 3 3 3 9 3
362 4 6 5 2 1 7 1 9 1 9 4 6 2 8 3
396 5 9 8 8 4 1 5 2 4 6 5 5 2 7 5
10
359 8 3 6 3 6 7 5 2 6 1 5 3 8 4 3
385 3 2 9 7 4 7 5 2 8 8 2 1 6 2 2
429 3 7 6 8 6 3 8 7 5 9 2 1 2 8 6
549 7 7 7 3 6 6 5 7 9 9 8 6 6 9 2
404 2 6 5 2 8 9 9 3 5 1 7 3 7 4 1
486 3 8 9 2 1 8 6 7 8 7 1 7 5 9 7
270 3 1 2 1 3 4 3 1 1 6 5 5 3 6 4
424 7 5 1 8 4 9 7 4 2 9 7 7 4 7 8
467 5 2 9 7 7 9 7 4 2 1 5 5 8 8 7
374 6 7 5 2 1 4 5 1 1 6 9 3 8 1 9
10
418 7 9 7 6 8 4 6 9 3 3 2 8 5 6 3
487 2 6 4 5 6 8 9 2 7 8 9 4 6 3 5
338 2 9 1 9 4 8 1 8 4 5 1 9 5 7 2
397 8 9 6 7 2 6 3 7 9 7 2 1 3 7 7
400 5 6 8 8 6 6 1 3 6 9 5 6 1 1 7
373 6 2 3 2 9 1 4 1 5 9 4 8 1 3 7
339 6 6 9 8 7 1 3 5 2 3 4 1 9 3 2
404 6 3 8 4 5 2 8 5 6 4 1 3 8 5 2
477 3 8 8 7 5 6 7 7 4 4 2 9 9 5 3
311 4 1 8 4 3 9 1 2 1 7 4 7 1 7 1
10
354 9 3 5 6 1 9 1 4 7 3 4 5 3 6 2
377 7 6 3 3 6 3 6 5 1 2 3 6 9 9 5
442 7 1 9 6 5 3 3 3 2 7 9 9 3 1 5
338 5 2 4 2 6 1 5 5 3 6 3 9 3 1 2
479 5 5 8 9 7 5 5 8 8 2 4 9 5 7 3
295 6 3 3 9 9 1 2 1 1 1 8 4 3 5 8
349 7 1 4 5 4 3 7 5 7 2 3 2 9 3 5
421 7 6 6 3 7 6 3 7 3 5 3 6 7 7 4
349 1 7 2 9 3 2 6 4 5 1 7 7 3 4 2
480 5 2 7 8 1 9 5 7 6 1 9 9 9 4 1
10
401 3 8 1 4 8 7 4 8 6 7 8 1 3 3 6
333 5 5 9 3 9 7 1 3 2 4 1 6 5 2 2
505 6 1 9 9 4 7 2 5 5 6 8 8 9 2 9
423 6 4 8 9 6 1 7 4 9 2 2 9 1 2 4
375 3 7 4 8 8 3 5 1 9 2 6 7 1 2 1
334 1 1 3 1 7 3 8 3 5 6 6 2 2 5 3
405 4 8 5 4 9 2 9 9 2 5 1 1 6 8 7
357 5 5 4 8 1 1 9 8 4 1 3 2 8 1 8
373 2 1 1 2 3 7 1 2 8 4 6 7 5 9 6
383 5 2 8 7 1 1 4 4 6 5 3 4 8 1 5
10
413 4 9 3 6 5 9 4 2 5 9 4 8 2 4 5
473 8 4 8 5 4 4 8 4 5 8 2 7 4 2 7
424 1 7 8 8 3 9 9 4 3 4 6 4 3 3 7
381 1 1 1 5 5 6 8 7 2 3 5 8 9 3 1
361 8 5 2 8 2 2 8 5 3 6 1 2 7 1 8
492 2 9 8 1 3 4 8 1 6 7 7 8 7 3 5
353 8 3 4 3 3 6 2 7 1 6 9 2 2 7 6
436 2 7 6 7 7 6 9 1 2 8 4 6 8 7 2
493 7 6 6 3 3 7 9 8 7 5 9 5 1 2 8
388 5 3 6 3 8 4 4 5 1 7 9 1 8 3 3
10
395 2 5 2 8 7 6 4 6 1 9 8 1 9 8 2
412 3 1 6 1 3 3 6 5 5 1 6 5 7 5 9
355 4 3 3 5 8 8 1 5 3 9 7 4 3 9 2
432 1 9 1 3 9 1 8 8 6 7 3 2 6 9 6
413 6 9 5 8 8 8 1 1 1 6 9 9 2 3 7
238 2 7 1 4 3 6 3 1 3 1 3 2 3 6 3
450 9 7 3 2 5 3 5 6 6 7 3 6 5 9 8
314 6 9 2 1 5 1 5 2 5 4 3 2 2 9 7
337 8 4 4 5 4 6 8 5 2 1 6 2 4 2 1
411 2 7 4 8 1 2 9 8 4 5 7 2 5 8 1
10
502 6 4 2 6 9 5 5 4 8 9 6 9 9 9 2
407 8 5 5 4 2 9 4 1 5 3 3 8 8 7 8
326 3 9 1 6 1 4 2 2 2 3 4 8 8 6 5
423 9 8 3 6 5 8 3 8 5 8 5 6 6 5 7
461 5 9 4 9 7 3 7 5 6 5 9 5 6 8 3
443 3 9 2 6 4 7 3 9 7 7 5 7 8 2 5
368 3 6 2 7 2 8 2 1 9 1 9 7 2 9 3
284 1 3 1 8 1 4 1 3 3 5 2 9 2 5 7
365 6 8 4 2 8 5 8 1 4 8 3 2 1 9 3
394 2 1 6 5 9 5 3 8 5 2 3 7 9 9 3
10
466 5 8 7 1 1 8 9 9 8 5 1 5 2 9 6
409 5 1 3 9 8 9 1 5 9 8 1 2 6 7 9
400 1 2 4 8 5 3 5 8 4 9 1 4 6 5 9
338 2 9 7 8 4 9 3 1 4 4 7 1 2 1 6
500 8 9 6 7 5 2 9 4 5 6 6 9 4 3 7
580 9 5 9 5 4 2 9 2 9 8 7 7 3 9 9
387 2 5 6 7 6 8 4 2 2 8 1 4 7 2 7
315 5 4 1 8 4 8 6 5 6 1 5 5 1 1 4
457 5 3 7 9 1 9 1 8 7 6 5 8 7 9 3
378 6 2 5 8 5 6 4 8 3 8 3 5 5 7 4
10
429 9 4 8 3 9 3 8 1 9 5 3 3 3 3 6
385 4 8 2 7 7 3 5 2 3 8 5 8 8 1 7
397 9 5 7 2 4 4 2 9 7 7 3 6 4 2 5
473 3 9 5 9 1 4 7 5 5 8 4 9 8 1 5
413 1 1 2 5 8 5 6 6 6 2 7 2 9 1 9
366 5 5 6 4 3 9 8 2 1 7 4 4 2 5 1
438 6 7 5 7 8 7 3 7 6 4 1 8 7 6 9
398 9 8 8 9 9 5 2 7 8 1 3 3 8 6 2
309 6 9 1 3 1 9 1 5 4 4 2 9 1 4 6
316 5 3 2 8 2 8 4 4 4 1 7 4 5 9 3
10
432 3 7 8 7 4 6 9 8 3 7 2 5 1 9 2
403 1 3 5 4 5 5 1 5 8 3 9 8 6 2 2
391 7 6 7 4 4 6 4 2 5 9 3 3 4 1 7
382 8 9 7 4 1 6 1 7 7 9 2 3 5 4 3
300 3 9 1 2 7 1 6 3 5 3 3 3 3 2 3
356 7 3 5 4 7 7 3 8 2 2 5 6 8 5 4
462 5 6 1 4 9 5 7 7 6 7 9 9 3 5 1
466 5 3 7 1 2 1 4 9 9 4 2 7 8 6 9
371 3 3 8 8 5 6 1 1 6 5 7 1 5 5 8
282 6 2 2 8 5 3 6 6 1 2 2 5 2 6 1
10
340 1 7 2 3 5 3 6 4 9 9 1 1 2 4 3
379 4 8 8 1 1 4 3 4 3 2 9 3 1 9 5
405 7 8 6 9 7 5 6 4 3 2 5 7 5 9 1
468 8 1 8 4 7 1 6 2 7 3 7 5 9 1 7
248 9 8 1 7 9 8 1 4 1 5 4 1 1 2 6
357 1 4 5 4 1 2 9 5 5 1 6 1 8 2 1
458 6 5 9 9 6 8 9 1 8 1 3 3 6 7 2
412 3 3 1 6 7 7 9 9 1 2 9 6 5 9 1
421 2 6 3 1 4 6 7 5 9 1 5 7 9 5 1
534 9 8 8 6 8 4 9 2 7 5 3 9 6 8 7
10
394 9 7 9 4 9 8 7 5 1 5 3 1 7 4 2
341 3 7 4 8 2 5 2 1 4 7 9 3 3 5 6
390 2 5 5 2 8 2 7 9 2 7 6 6 6 2 1
446 8 7 9 2 1 9 7 4 1 9 9 2 5 3 1
381 5 9 9 9 8 6 1 5 3 3 5 5 1 5 8
510 4 3 7 4 4 8 1 9 9 8 8 5 5 6 8
392 6 6 2 6 2 8 8 1 5 8 7 2 6 3 6
432 8 5 8 8 8 2 1 1 8 3 8 5 6 5 6
357 3 6 5 3 7 9 6 7 2 1 8 2 3 1 4
372 8 2 9 3 6 7 1 4 1 9 5 4 9 2 2
10
486 5 5 8 5 3 4 2 6 4 9 9 4 6 8 8
469 9 2 5 5 6 6 7 4 9 9 3 8 6 1 5
401 3 4 9 6 6 6 3 2 7 3 4 4 6 8 6
404 3 2 4 9 2 7 5 8 7 7 2 2 8 4 8
377 4 6 1 3 4 3 7 1 9 8 4 1 6 5 6
341 6 3 3 8 1 6 1 9 6 7 3 4 4 6 2
512 5 1 6 9 6 8 8 8 3 9 6 8 7 2 3
485 7 8 2 1 9 8 9 4 9 3 1 8 4 7 9
496 7 7 8 8 4 1 7 5 9 9 3 5 1 9 9
421 7 8 5 8 3 1 8 7 3 6 3 5 5 9 6
10
393 5 1 4 1 4 3 9 5 1 6 5 7 5 6 6
390 8 4 9 4 3 2 6 3 6 7 5 2 2 2 6
392 4 9 1 7 4 9 6 3 7 7 9 2 2 4 3
315 9 1 3 9 7 4 4 4 2 1 3 8 7 3 4
364 3 4 3 4 7 1 5 7 7 2 3 2 3 8 9
372 5 7 3 8 5 3 4 3 4 5 5 6 8 3 4
372 6 1 3 4 8 4 7 9 4 1 6 3 5 5 4
425 1 2 4 4 6 5 5 6 6 5 6 8 7 2 1
368 8 3 7 5 1 8 1 2 3 9 6 3 8 2 6
388 7 5 5 5 4 1 3 1 7 8 2 2 7 8 8
10
373 1 9 5 6 8 2 2 7 7 1 2 7 3 9 6
419 5 8 6 8 9 5 3 1 5 2 9 3 8 2 6
469 1 7 8 6 6 4 9 6 3 3 7 6 2 3 9
403 6 5 5 3 2 6 7 9 7 1 4 1 7 3 7
446 6 3 5 9 5 2 5 2 9 4 8 6 5 9 2
489 4 1 8 1 5 7 8 1 8 8 2 1 9 3 9
476 2 4 9 7 8 9 3 5 4 9 6 7 8 8 3
467 3 5 9 5 5 2 6 7 5 3 8 7 1 9 5
361 2 6 4 8 1 3 1 2 3 6 9 5 5 5 8
401 7 9 7 4 7 1 5 3 2 5 3 5 4 7 8
10
431 9 6 1 7 5 9 8 4 4 4 4 9 8 4 3
329 1 3 3 5 2 2 3 7 7 7 3 1 3 4 8
360 5 8 6 2 8 5 2 1 1 7 6 5 4 6 6
401 3 6 7 8 7 3 6 3 4 5 2 2 7 5 8
370 3 3 5 5 7 1 3 6 3 2 5 9 2 5 6
390 2 7 1 7 3 4 1 1 8 8 9 3 9 5 6
532 5 5 9 9 4 6 6 4 7 6 8 9 3 8 6
386 2 2 6 5 6 4 5 5 2 8 2 9 9 3 3
316 2 8 1 2 9 3 4 1 7 1 6 2 9 2 5
352 2 8 9 4 1 1 5 6 3 2 4 3 2 6 7
10
331 8 1 6 2 1 4 1 2 1 4 3 9 9 4 7
461 7 6 8 8 9 3 6 2 7 3 5 4 5 8 8
274 7 7 6 5 6 2 2 3 1 2 4 2 4 5 5
454 4 7 8 2 3 3 6 3 6 7 9 3 7 2 4
363 1 6 9 9 2 4 4 2 1 3 5 8 9 5 2
376 7 2 1 4 5 2 3 8 6 3 9 5 4 6 7
395 5 2 4 6 3 3 4 1 6 6 9 9 5 8 2
363 8 5 7 8 8 1 6 6 2 8 3 3 3 1 6
373 1 1 4 9 5 5 4 8 1 4 8 8 4 9 3
441 4 3 1 8 8 9 3 6 5 9 8 6 3 5 7
10
404 8 7 4 1 5 7 9 4 4 6 1 6 1 7 3
431 3 7 1 8 1 2 6 8 8 3 7 8 3 6 5
455 6 3 2 2 4 7 8 6 8 8 4 8 7 3 6
405 9 3 9 8 6 1 6 8 4 1 2 8 2 4 4
426 3 9 2 5 7 8 9 7 2 1 8 5 8 1 8
475 8 8 3 9 8 8 5 6 9 5 5 4 3 4 9
313 9 3 4 6 2 1 6 1 4 6 1 6 3 4 4
403 9 7 1 5 3 9 6 3 7 6 7 4 3 1 5
325 2 7 3 6 7 7 6 8 1 3 2 1 3 5 7
468 9 8 8 4 4 9 9 1 1 6 5 7 3 9 4
10
443 2 4 6 8 8 9 4 4 3 5 4 8 6 5 5
438 9 2 3 4 4 6 4 6 6 5 8 7 9 8 2
515 1 7 7 1 9 1 3 7 9 7 6 6 6 7 9
368 6 4 2 3 3 3 8 3 3 4 1 9 1 7 7
355 1 4 5 9 3 2 3 5 7 6 5 5 1 2 1
354 8 8 6 5 2 5 2 6 6 1 3 8 2 6 3
333 8 4 2 5 1 3 3 1 5 3 3 6 6 8 7
318 4 7 1 2 9 3 2 9 6 4 1 5 1 4 3
460 1 7 5 5 8 2 6 1 9 2 6 8 7 5 4
368 3 4 3 3 1 8 3 2 8 2 8 5 5 9 2
10
402 1 7 8 7 5 3 7 5 2 4 3 8 8 5 1
375 5 9 7 3 1 6 3 1 4 3 9 6 6 8 1
376 1 1 1 8 8 6 6 5 8 2 6 4 2 1 7
387 5 4 7 6 5 7 6 5 1 3 5 3 7 2 9
397 1 6 5 1 7 7 1 9 2 4 7 6 6 6 9
462 8 2 3 6 9 9 7 9 9 2 4 8 2 8 6
442 4 4 1 1 7 6 9 1 6 2 6 6 7 7 8
476 7 5 7 3 5 7 3 4 8 8 9 4 4 6 3
456 3 2 3 5 2 4 9 5 9 4 3 9 4 2 9
380 4 8 3 3 8 1 5 2 8 4 3 7 5 2 6
10
315 3 7 7 5 3 3 1 8 3 2 2 7 3 2 5
384 9 5 7 2 5 1 2 4 9 5 1 4 2 8 5
438 2 6 4 1 9 4 6 5 8 6 8 5 5 7 1
305 7 4 1 9 7 4 3 1 5 3 7 2 3 8 3
444 5 7 3 5 6 5 4 6 3 8 7 9 6 1 8
417 2 4 4 3 8 3 3 6 6 7 7 6 3 2 5
356 4 5 3 3 2 7 1 7 7 3 2 8 9 1 7
482 2 8 9 8 4 1 6 6 8 4 3 7 6 9 3
407 4 9 6 6 9 6 4 2 6 2 6 6 6 5 3
434 7 2 8 6 8 3 8 7 8 3 5 3 6 1 4
10
422 9 6 1 2 8 9 8 2 6 6 5 1 9 6 8
308 6 7 3 9 1 4 3 6 1 3 4 4 6 9 1
377 6 8 4 9 9 6 3 3 3 3 9 2 8 4 4
422 8 5 5 6 3 8 4 7 7 6 6 6 2 7 5
359 4 7 7 6 5 2 1 8 5 4 5 1 1 1 9
445 5 1 6 5 1 4 1 3 9 7 8 7 7 5 9
464 6 3 9 5 1 4 9 7 5 3 9 5 1 9 2
407 3 1 9 6 8 1 3 8 5 5 7 2 8 1 7
393 5 6 4 6 5 7 9 4 6 7 3 2 4 1 2
456 1 4 9 3 2 3 5 2 2 9 7 4 9 9 8
10
344 2 7 3 6 5 4 3 5 9 2 5 2 7 7 3
326 4 4 1 9 4 2 4 5 3 7 3 8 3 7 2
398 8 9 1 8 8 5 8 6 3 9 3 2 2 9 6
420 8 2 4 2 2 9 6 9 4 1 6 6 2 8 7
378 1 9 1 6 2 9 9 3 3 8 1 6 3 9 6
394 8 3 8 3 7 5 6 6 5 2 5 1 1 6 7
388 2 4 9 8 8 9 6 7 4 3 2 5 1 1 4
352 6 3 2 7 4 8 4 3 2 5 6 6 3 7 3
415 3 8 8 6 6 2 5 6 9 4 1 9 2 1 6
432 6 8 8 2 1 8 2 4 8 9 4 1 8 1 8
10
402 2 3 8 1 5 5 1 8 8 1 9 2 6 8 5
355 9 4 4 9 7 5 2 7 3 8 3 2 1 6 6
441 4 3 6 7 7 6 9 2 8 5 6 1 5 7 1
435 6 3 1 8 9 6 2 6 6 6 9 7 8 2 3
386 7 4 1 5 9 8 2 5 5 2 9 8 3 5 2
491 6 8 8 8 4 4 4 9 5 6 9 6 6 7 8
414 5 7 5 1 9 8 2 5 7 7 6 4 3 1 7
440 1 1 7 7 5 9 8 7 7 7 4 1 7 3 3
272 2 3 7 4 1 2 3 3 1 5 5 3 2 5 2
336 4 1 1 2 3 1 3 4 4 4 5 9 4 9 2
10
426 1 8 7 4 7 7 5 8 2 8 6 2 1 6 7
380 3 2 5 2 7 2 9 1 8 1 6 1 6 9 4
351 2 1 2 4 2 5 4 4 4 8 8 8 2 3 1
365 6 7 2 7 2 3 4 3 7 1 4 8 9 3 4
388 5 9 8 4 1 3 4 1 2 5 3 9 8 1 3
395 1 8 5 1 6 3 5 3 4 9 7 3 9 1 4
465 9 1 7 6 3 5 8 2 7 3 9 8 5 5 2
413 2 7 8 7 2 6 4 5 6 3 4 8 4 6 1
402 2 1 9 6 6 8 4 2 3 5 1 6 6 9 7
411 1 6 7 5 1 8 7 8 2 6 5 7 1 1 6
10
446 2 2 9 2 7 3 8 2 8 1 5 3 7 4 8
369 5 6 3 6 9 1 5 3 2 5 7 5 6 9 7
502 4 6 8 1 1 6 8 4 8 2 7 9 6 5 4
236 6 2 1 7 2 4 4 1 1 3 4 1 2 5 6
508 6 5 7 1 9 6 7 9 8 5 9 6 6 2 3
342 1 7 6 2 1 1 1 3 9 7 3 3 5 3 7
354 8 7 4 9 2 7 1 7 5 7 4 6 1 9 1
352 9 8 3 1 2 1 9 1 3 4 1 9 1 6 8
454 7 6 6 5 8 1 7 4 5 8 8 8 1 2 2
412 9 6 7 9 4 6 5 5 8 6 5 5 1 7 1
10
321 9 6 2 9 2 6 2 3 5 1 9 4 2 3 8
318 2 8 2 4 3 1 3 7 2 8 4 5 3 4 6
444 8 1 2 9 6 5 9 3 4 7 7 5 5 8 9
460 4 8 9 3 1 3 3 7 7 5 9 2 8 3 5
437 4 8 6 6 3 5 9 1 7 3 4 3 6 9 4
479 9 2 8 4 5 1 8 8 9 3 3 8 3 4 4
396 8 4 3 8 6 3 5 3 9 7 2 7 1 4 4
415 2 4 5 9 3 7 4 3 8 3 9 6 4 2 3
472 9 7 7 5 3 5 3 2 7 9 7 5 5 5 6
346 9 7 3 1 6 5 5 5 4 5 1 3 5 6 9
10
360 6 5 2 7 9 6 3 5 6 4 1 7 9 7 3
415 5 8 6 7 3 9 6 6 6 4 2 5 7 6 5
390 9 8 4 3 8 4 6 8 2 3 8 4 7 5 3
378 5 1 3 2 7 4 2 7 7 9 4 5 9 2 2
295 7 5 2 8 2 3 7 1 2 2 8 3 3 3 5
463 5 1 4 4 3 7 5 6 9 5 5 7 6 3 9
529 2 4 7 9 5 4 7 8 5 4 8 9 9 5 7
378 3 9 7 9 1 8 5 1 1 1 7 5 4 8 7
345 3 6 8 2 2 7 3 7 2 1 9 2 7 3 3
401 1 1 8 6 7 1 8 2 9 4 2 7 4 3 2
10
429 1 7 9 4 9 7 4 6 4 4 8 3 2 2 6
393 8 4 3 3 8 3 8 6 7 5 3 1 9 4 5
470 3 9 9 8 9 4 2 9 4 3 5 8 7 5 5
380 6 4 5 6 9 4 1 1 4 3 6 7 6 3 8
372 8 6 4 8 7 5 5 4 4 8 3 2 4 6 5
391 3 9 9 9 1 4 8 2 1 2 4 7 6 7 1
335 3 6 1 2 1 3 6 9 1 6 9 9 1 2 1
470 5 9 6 1 9 6 6 3 6 2 8 5 4 7 9
502 5 6 9 5 7 7 7 2 7 8 3 8 4 1 6
390 7 1 8 7 8 5 3 3 8 5 2 1 2 1 7
10
350 2 6 5 4 2 9 4 1 3 2 7 5 5 7 6
440 5 2 5 3 7 4 6 5 2 7 8 5 5 9 4
372 8 4 5 4 7 1 8 7 1 8 1 7 4 1 1
461 7 8 9 9 4 9 6 4 3 9 2 5 4 3 9
396 7 5 5 3 8 4 7 6 3 1 5 8 4 6 8
464 9 1 8 2 6 3 7 2 8 4 7 3 4 8 7
396 3 9 5 8 6 1 1 7 2 9 2 8 6 4 7
319 9 4 1 5 3 3 7 6 6 3 2 8 4 1 2
526 3 5 9 9 1 7 6 6 9 7 5 8 5 3 5
489 6 3 7 9 4 8 6 7 5 7 7 4 6 6 8
10
389 5 4 6 8 1 1 8 8 1 7 2 4 8 6 4
359 6 2 5 1 6 2 2 9 3 4 1 9 2 3 9
452 1 9 4 4 9 8 7 5 1 2 9 6 4 9 8
426 3 1 9 7 9 7 3 5 8 3 8 6 2 3 4
550 7 6 8 6 2 2 6 6 8 8 9 8 9 5 9
433 5 9 9 9 2 2 9 6 8 3 1 3 6 4 2
358 1 1 3 3 7 9 2 2 8 8 9 1 1 3 5
460 5 9 5 8 8 8 3 7 7 1 2 9 7 3 9
387 8 5 3 4 9 5 5 5 1 8 6 9 2 6 5
343 3 5 2 3 6 1 1 6 2 3 6 8 9 8 6
10
441 9 8 5 1 2 8 9 5 3 5 9 1 9 3 4
290 5 3 2 7 2 4 3 6 1 4 3 6 9 2 3
418 1 8 6 9 6 6 9 5 3 4 1 8 5 4 4
433 7 7 5 2 5 9 3 6 5 7 7 1 6 8 3
340 5 9 1 8 2 7 4 3 9 3 3 1 4 4 9
434 4 5 4 1 3 7 8 5 9 4 5 2 4 6 3
375 4 7 4 1 5 6 3 5 8 1 9 3 4 9 4
466 5 9 9 7 2 8 9 6 3 5 8 3 3 6 1
371 4 9 2 6 8 9 4 5 3 2 9 4 3 1 9
390 6 2 6 1 2 1 6 8 4 8 1 3 5 3 9
10
463 3 5 4 3 3 4 5 4 9 1 4 9 7 9 8
489 1 4 9 9 8 8 7 7 5 5 7 2 8 3 5
362 4 8 1 5 5 4 6 3 1 5 7 5 6 9 1
506 3 7 3 2 3 9 4 9 6 9 9 9 5 9 6
448 8 5 9 3 5 1 7 8 3 9 3 5 7 8 3
523 6 8 9 2 3 4 3 6 7 9 9 8 1 3 8
368 8 3 9 1 2 1 6 4 3 5 6 5 2 6 3
281 8 3 1 5 5 3 1 5 8 6 1 5 1 3 1
404 5 3 6 2 5 7 4 9 7 5 1 6 3 7 1
430 5 2 6 2 1 6 4 8 6 2 9 9 1 3 4
10
438 8 3 6 9 9 3 2 3 8 3 8 6 5 7 8
407 9 5 6 4 4 3 6 1 3 4 9 4 6 9 5
494 7 2 9 2 9 3 9 9 5 9 2 7 4 9 1
478 1 5 7 6 4 9 4 9 9 2 2 7 4 8 9
310 4 5 2 1 1 3 1 1 4 4 8 7 5 3 1
341 2 3 2 9 6 6 1 2 6 9 7 1 7 1 7
411 9 9 2 9 2 2 6 6 5 7 7 2 9 7 8
345 5 7 3 7 7 3 3 6 4 1 9 1 4 2 6
283 7 2 2 4 4 6 8 5 1 2 2 2 1 1 8
503 7 9 7 4 7 8 9 6 6 1 9 2 8 9 4
10
359 8 7 8 3 6 3 2 8 2 5 2 6 1 8 7
327 6 2 2 3 5 5 4 6 2 1 5 6 3 8 9
441 3 7 2 6 3 4 6 8 7 8 9 2 4 3 4
356 4 5 2 2 1 4 4 8 2 9 6 1 6 9 4
317 7 4 1 7 6 5 2 5 6 7 5 1 7 5 1
511 3 1 9 3 8 8 5 4 9 7 9 7 1 1 9
382 7 5 4 8 5 1 3 4 9 7 2 8 5 3 2
465 7 9 5 7 1 7 8 5 7 9 1 6 2 5 8
395 3 8 2 5 8 1 4 3 9 4 2 9 7 3 7
442 8 9 9 8 4 5 8 6 9 2 6 2 4 1 3
10
369 9 4 2 5 6 9 4 7 1 9 3 5 3 3 8
355 4 8 4 9 8 1 2 4 7 4 3 3 7 1 7
410 7 2 6 1 3 8 6 7 7 1 4 2 9 3 9
397 3 3 1 1 9 3 5 9 5 5 5 6 6 5 5
383 7 2 2 7 1 4 3 4 6 7 3 5 9 3 6
375 2 5 8 9 2 2 2 2 6 5 7 1 5 6 9
443 2 9 3 1 8 9 7 9 3 3 6 4 8 9 7
285 6 3 1 6 3 7 4 3 4 2 4 6 2 4 5
371 1 5 1 9 6 1 2 5 9 7 3 3 9 8 6
530 5 8 7 9 8 3 8 2 4 8 8 6 8 8 6
10
397 2 2 2 3 3 1 8 9 2 5 9 6 4 8 9
302 6 5 4 9 3 2 4 1 2 6 2 3 8 7 3
439 3 1 9 7 5 4 3 9 6 8 5 1 7 8 8
395 8 6 6 5 7 3 5 5 9 3 6 4 2 2 2
340 2 4 2 4 2 1 5 4 6 3 8 2 3 3 6
315 9 7 1 8 1 8 2 3 1 4 7 8 1 9 5
352 7 2 8 4 9 2 3 4 6 5 1 8 1 3 2
440 8 6 5 9 8 5 8 4 2 5 8 7 7 9 1
520 8 7 8 2 6 2 7 2 6 9 7 6 7 8 8
405 1 7 2 4 1 8 5 8 8 7 3 7 3 2 5
10
326 5 8 5 3 8 6 2 4 1 9 3 4 2 5 3
414 3 9 3 5 1 9 7 2 4 8 2 1 6 7 9
506 9 3 9 4 8 5 9 4 8 3 7 9 2 6 6
463 6 8 8 7 2 6 8 1 6 2 9 5 7 3 4
495 7 4 8 2 9 7 7 1 7 7 5 1 9 5 8
437 2 6 5 6 3 7 4 5 9 6 7 1 4 3 9
477 3 4 7 5 9 3 3 4 7 6 9 9 2 7 4
331 9 1 6 9 7 4 1 3 1 9 9 3 3 1 4
383 4 3 6 8 7 7 4 4 4 5 1 9 3 5 5
456 9 4 7 7 4 3 1 9 9 5 2 8 9 8 4
10
404 6 7 4 3 6 2 7 5 3 4 2 9 9 2 6
333 1 6 8 9 4 4 3 2 1 1 4 3 5 1 9
411 8 5 7 9 7 9 3 7 2 4 4 5 7 6 4
301 6 7 3 2 7 7 3 4 3 1 6 5 2 4 3
380 4 2 1 4 9 1 6 5 9 2 2 6 7 8 7
324 8 4 3 9 7 6 5 2 2 2 6 9 1 2 2
352 2 1 3 1 2 2 4 3 6 7 5 4 4 9 4
406 6 8 2 5 5 8 1 7 5 6 3 3 8 9 9
352 7 4 3 8 2 4 2 2 9 6 3 5 3 1 6
409 8 7 1 2 6 3 6 6 7 2 8 5 4 6 4
10
379 8 5 2 2 2 7 5 9 7 1 7 5 4 3 1
436 9 7 5 4 9 7 7 5 2 5 7 6 2 7 6
326 5 5 2 9 2 7 4 5 3 3 3 7 2 5 7
441 6 8 8 4 6 3 6 1 8 5 1 6 9 5 3
343 6 2 6 7 2 1 2 6 2 5 8 5 6 3 2
339 3 4 3 1 1 2 3 7 4 5 2 4 6 3 9
421 5 1 4 7 3 2 7 7 7 3 7 4 7 3 8
461 5 5 8 7 1 4 3 4 8 8 2 8 6 9 9
518 6 3 3 4 1 9 9 5 9 9 4 4 9 8 7
458 9 8 7 5 7 4 7 4 3 8 7 1 6 9 7
10
396 6 1 2 2 7 9 6 3 8 5 4 2 1 9 9
404 3 2 2 2 8 8 8 4 6 1 3 6 6 7 3
348 5 3 7 1 1 5 1 5 5 7 9 1 6 2 4
389 6 2 5 9 4 8 8 3 4 2 5 5 7 4 4
453 7 9 2 4 5 2 9 7 7 8 4 2 8 8 7
540 1 3 9 7 7 3 8 8 9 2 8 9 5 7 1
359 9 4 5 3 1 5 1 4 6 3 1 8 1 9 8
332 8 1 1 4 8 3 3 8 2 2 7 4 5 9 4
466 6 4 6 9 7 9 9 2 8 4 1 2 9 8 3
328 3 6 1 3 8 2 3 5 8 2 6 2 2 4 8
10
406 8 9 5 6 6 3 4 1 7 9 7 5 1 2 6
317 5 1 5 6 3 7 2 1 4 6 8 1 1 7 1
378 4 2 1 7 2 7 2 9 8 5 3 7 3 7 7
378 3 2 1 8 2 8 6 2 9 2 6 5 6 3 6
465 4 3 5 2 9 2 9 9 5 2 5 9 5 5 4
406 8 7 8 7 3 6 2 6 2 6 3 7 4 5 7
501 7 7 5 7 9 7 5 4 9 8 6 9 7 9 1
383 3 1 2 5 2 8 2 3 9 4 6 8 3 8 1
409 2 5 3 3 7 3 7 4 2 7 8 5 8 7 4
326 8 2 8 3 7 4 1 8 2 2 3 6 2 3 2
10
321 9 1 4 4 5 1 4 9 1 4 1 7 5 7 6
406 2 2 9 3 9 1 2 6 7 2 8 4 1 7 8
403 6 6 7 5 1 5 4 3 1 8 7 3 9 1 5
497 5 7 8 8 2 7 5 8 6 5 9 9 2 4 7
447 1 6 4 5 6 9 8 2 7 3 9 3 8 6 5
416 9 8 8 7 7 7 7 5 9 1 7 2 1 3 2
488 9 2 9 1 4 6 6 1 3 5 7 9 7 7 6
349 2 2 6 4 3 3 4 8 3 7 6 2 1 9 1
373 5 8 5 6 8 8 4 7 4 1 8 5 2 5 1
336 6 8 3 8 4 9 5 5 1 6 5 1 2 9 3
10
372 7 2 4 6 9 2 6 6 9 5 2 1 4 9 4
321 3 8 4 2 6 7 6 4 3 1 3 5 3 5 2
505 6 2 4 7 5 2 8 7 5 8 8 8 4 3 9
400 4 9 5 2 3 9 7 9 4 1 6 6 1 3 3
441 8 3 9 6 7 5 2 4 4 5 6 9 2 9 8
382 4 8 7 3 1 5 1 9 2 9 5 2 2 9 4
435 5 8 4 5 4 3 4 6 9 7 1 7 6 2 5
404 5 2 5 5 2 1 7 2 5 7 1 8 5 9 9
384 5 6 8 9 7 2 3 9 4 2 4 6 4 3 5
515 6 4 9 3 8 7 6 8 7 6 4 9 4 9 6
10
442 3 4 9 8 5 9 2 6 9 3 2 7 9 9 1
358 8 2 1 4 2 1 2 7 8 1 7 9 1 9 6
427 4 4 7 9 4 8 7 9 1 7 7 1 8 1 7
389 8 2 1 1 6 2 8 3 4 6 5 6 5 1 9
415 8 4 4 5 9 6 2 2 2 6 6 7 7 6 7
279 5 1 1 3 9 5 3 6 2 1 6 1 6 8 3
419 8 2 9 4 2 4 4 8 8 5 5 1 6 4 6
418 9 6 6 2 7 3 2 2 8 4 6 9 1 6 9
312 6 1 5 6 3 2 2 9 1 2 9 3 7 7 2
334 5 2 1 1 2 1 3 2 5 7 5 7 4 4 9
10
431 1 8 5 9 9 6 5 9 4 2 9 4 7 2 8
458 2 6 8 2 7 8 3 8 2 8 5 2 7 8 8
342 6 8 5 9 4 3 1 1 9 7 5 2 1 1 4
292 1 9 4 9 1 3 3 1 2 4 7 2 6 9 2
421 9 8 5 2 1 2 6 4 7 9 3 5 9 3 2
420 9 1 7 3 2 8 6 8 6 3 6 5 5 4 2
515 9 5 7 2 9 9 6 5 9 2 9 7 5 2 7
408 3 9 6 3 2 5 3 1 9 6 5 5 3 1 8
418 4 5 5 2 1 8 2 2 7 8 9 4 1 8 5
436 5 9 7 6 9 6 6 8 1 2 6 9 2 6 5
10
459 7 1 6 7 2 9 3 7 9 6 9 3 5 3 2
284 3 4 8 2 5 2 2 1 1 1 5 5 1 5 4
491 8 1 6 2 5 9 8 2 5 9 7 9 2 6 4
373 3 9 4 1 8 1 4 9 3 4 9 2 7 1 5
502 6 8 4 7 7 3 9 5 6 7 4 7 8 7 7
362 8 8 2 3 1 9 2 9 5 9 9 3 1 1 4
421 9 4 5 6 3 4 3 6 6 6 9 6 9 4 2
282 3 2 1 6 8 2 6 6 1 6 1 2 5 5 2
417 6 6 1 6 8 4 4 9 5 5 9 5 1 4 8
331 2 5 2 1 1 6 2 1 4 5 2 9 5 1 8
10
347 4 4 8 1 8 6 4 4 1 2 6 3 2 4 2
332 3 3 5 5 5 2 1 2 5 6 2 3 9 8 6
469 9 4 2 5 8 6 7 2 8 5 4 9 5 7 6
416 1 3 9 2 8 3 3 2 2 7 5 3 9 4 8
472 2 3 7 1 9 8 8 8 5 8 8 6 4 4 1
327 7 3 1 8 7 7 4 4 4 3 1 6 9 2 7
419 4 4 4 5 7 8 9 4 5 1 3 8 2 6 6
456 8 4 8 6 1 5 7 6 5 8 6 2 5 6 9
418 1 3 8 6 8 5 9 6 6 3 1 4 6 3 1
415 9 4 6 9 3 6 3 4 5 6 4 6 4 6 4
10
407 7 9 4 6 1 7 9 4 7 7 3 5 1 7 1
469 8 7 7 4 4 4 8 9 8 2 5 4 1 5 9
293 8 1 3 5 1 8 1 6 5 4 5 1 6 1 6
394 7 7 5 6 1 8 8 4 1 4 5 9 3 4 3
353 4 7 2 7 3 1 9 7 7 3 2 2 5 6 2
358 5 6 4 3 4 1 5 6 8 1 5 1 5 7 5
349 4 7 4 8 4 1 6 5 4 1 6 2 6 4 3
487 6 1 6 2 2 2 7 9 5 9 9 4 9 3 3
340 5 1 2 3 3 4 5 8 3 5 1 3 6 6 6
312 1 7 1 9 4 3 4 8 8 2 1 4 1 6 2
10
448 7 1 3 4 6 6 2 8 5 9 6 7 9 9 3
365 9 1 1 7 4 6 3 6 5 7 1 7 5 5 9
430 8 8 2 2 4 9 8 8 3 8 5 6 6 6 5
439 5 5 1 3 3 7 3 8 6 7 9 8 5 1 8
526 6 9 8 5 7 2 8 8 8 8 4 5 7 3 7
425 1 5 5 7 3 8 5 5 6 4 3 6 7 8 9
416 5 6 5 9 3 1 8 3 4 8 1 7 5 6 7
367 6 7 1 1 7 6 4 8 4 2 1 7 5 8 9
376 2 5 9 4 4 5 5 4 4 1 6 9 3 3 1
377 4 2 9 2 9 1 7 3 3 7 1 1 5 1 4
10
372 1 3 8 3 6 9 1 5 9 1 5 5 6 1 1
397 3 3 8 3 2 2 4 4 7 1 8 5 1 7 9
300 5 5 1 8 2 5 3 1 7 3 8 4 3 5 1
479 2 1 8 3 7 9 9 2 8 7 4 5 8 2 2
393 5 4 6 4 9 3 3 6 9 1 6 5 2 9 2
471 5 8 1 8 7 2 9 2 7 9 7 8 8 5 1
427 6 7 2 1 3 8 7 7 1 3 9 6 6 4 9
372 9 5 5 2 4 2 3 5 8 6 5 1 1 8 8
466 2 8 9 6 8 5 4 5 8 9 4 1 3 2 8
357 3 6 7 4 5 1 6 1 6 4 5 3 5 6 2
10
414 6 5 1 4 6 1 4 6 8 9 4 6 9 7 6
291 1 1 3 3 6 8 6 7 3 1 4 1 3 1 6
471 4 8 9 6 2 5 9 7 4 3 5 4 3 9 8
388 4 4 3 9 2 6 3 3 8 6 1 6 3 6 9
388 4 6 8 7 2 4 4 7 4 1 4 3 4 9 7
464 8 7 2 8 7 1 8 7 8 7 3 6 3 5 8
444 6 7 1 9 5 9 7 8 4 9 9 1 3 6 5
441 2 3 8 4 6 8 8 3 4 9 2 4 3 2 7
440 6 5 8 4 1 7 7 4 6 1 6 5 1 7 9
405 4 1 4 1 3 4 4 8 5 3 5 6 9 9 7
10
386 9 5 4 7 7 1 2 4 6 8 2 8 4 2 8
434 8 6 6 7 8 3 1 3 9 5 8 8 3 3 7
405 2 5 6 8 8 2 7 1 9 4 2 7 7 6 1
335 6 6 3 4 3 4 4 4 6 4 5 2 3 9 6
354 7 4 6 3 5 1 6 2 6 8 6 2 1 2 3
349 8 8 1 1 7 1 4 4 6 4 6 5 8 1 3
418 1 1 4 2 5 1 2 4 9 9 5 6 8 7 5
481 5 2 3 8 6 4 7 9 8 3 7 9 8 1 8
460 2 5 8 6 5 9 1 9 2 9 6 8 6 9 3
373 6 1 8 6 3 6 9 2 5 4 1 1 2 5 6
10
401 2 9 4 3 7 4 2 4 5 7 8 2 4 9 9
441 4 1 8 2 5 7 3 9 4 9 3 5 5 1 9
452 6 9 9 6 9 1 7 7 4 5 6 5 9 1 4
337 3 3 8 6 3 9 3 5 2 5 6 2 1 4 2
327 5 6 4 5 2 3 1 1 3 6 9 5 6 8 1
499 4 7 9 6 4 8 9 8 7 4 4 5 2 3 7
385 9 2 3 7 8 9 5 4 5 6 2 5 9 4 2
331 5 2 3 4 3 4 5 2 7 1 6 6 6 1 5
478 3 6 9 3 9 9 3 8 2 9 8 6 9 2 5
392 5 8 8 9 2 4 1 2 2 7 9 8 3 2 5
10
400 4 9 6 1 4 9 2 5 1 5 8 4 9 2 3
404 5 7 3 1 9 8 3 4 5 1 4 6 9 9 4
459 1 4 2 6 3 2 8 9 4 8 6 9 7 5 3
309 5 3 3 4 7 3 2 9 1 3 2 7 7 9 3
351 7 1 1 1 2 1 3 4 5 4 9 3 9 9 9
442 6 6 8 8 1 7 7 7 6 1 1 8 8 8 3
497 3 7 2 6 7 6 7 8 8 6 7 1 6 9 9
409 3 1 7 4 2 3 6 8 6 8 1 7 3 7 2
328 9 9 1 2 5 1 8 3 1 2 4 8 7 7 2
439 1 7 3 3 4 6 8 2 8 1 4 9 5 1 9
10
289 5 9 2 3 2 1 1 6 1 5 7 1 9 4 5
337 1 7 2 7 3 4 2 9 3 3 5 7 5 4 3
349 8 6 1 4 1 6 8 7 1 1 2 4 5 8 8
416 8 9 2 4 8 5 6 9 6 5 4 4 8 3 6
447 5 6 2 9 9 5 8 8 4 5 9 3 8 1 7
343 3 4 2 4 9 2 6 9 5 1 2 2 9 9 3
423 8 9 5 8 7 9 7 8 4 4 1 5 1 7 4
541 2 5 4 5 9 9 8 8 6 6 8 9 4 9 6
384 1 8 9 4 1 9 3 2 7 1 8 2 2 1 3
491 4 4 1 6 9 9 7 8 8 6 5 8 5 9 9
10
364 3 4 4 1 5 7 9 9 1 9 1 1 4 5 6
487 9 5 1 7 7 9 9 7 4 4 8 9 5 8 6
382 1 3 8 5 6 5 1 6 8 5 2 6 8 1 1
341 6 4 3 7 1 2 4 2 1 7 4 7 9 4 6
482 1 1 8 4 1 9 6 7 7 7 7 3 1 9 7
357 5 3 6 1 1 3 6 3 5 1 1 4 9 4 9
448 9 9 5 9 3 5 9 4 5 8 6 6 2 1 2
321 9 7 5 2 3 3 4 9 1 3 2 7 6 7 2
383 9 4 4 1 8 4 7 1 2 7 7 1 5 6 3
326 1 1 4 1 9 3 3 8 4 1 7 1 7 2 3
10
503 9 2 6 8 6 1 4 6 9 9 9 9 7 8 2
381 2 9 4 2 5 6 6 3 1 7 7 5 4 3 1
402 9 2 8 1 2 2 2 6 7 2 7 6 5 4 6
402 9 8 3 1 6 4 3 7 4 7 4 2 8 4 8
390 3 6 3 8 5 3 5 8 4 2 5 7 9 7 3
384 8 7 6 7 6 6 6 5 2 2 2 8 4 7 6
468 8 1 8 8 3 3 3 7 3 9 6 9 3 9 6
479 5 2 9 1 7 7 6 4 3 4 6 7 9 6 7
389 4 1 3 8 6 6 6 8 4 1 8 4 7 8 2
410 1 1 1 8 8 2 1 6 8 7 6 6 3 8 9
10
441 7 9 7 4 9 5 4 2 8 1 8 1 2 6 9
326 6 6 5 2 9 8 1 1 1 3 1 9 3 6 5
370 5 9 2 6 9 7 1 8 5 3 3 7 7 1 9
320 2 9 1 6 6 1 1 3 7 3 6 3 6 9 4
493 5 9 6 9 4 7 8 7 4 7 8 3 3 7 7
336 6 1 2 9 7 7 7 5 2 4 6 1 4 4 3
349 5 5 1 4 5 7 4 9 7 6 2 3 2 1 6
449 2 2 6 8 9 3 2 2 6 8 6 9 3 5 8
361 2 4 7 4 4 7 8 8 4 2 8 2 1 1 2
322 8 5 1 5 1 6 9 2 6 2 3 3 5 1 5
10
408 1 3 5 7 2 3 5 2 8 5 6 9 3 6 1
471 6 8 6 5 8 5 9 1 5 8 9 3 3 2 4
370 2 4 4 2 8 9 1 3 5 7 2 4 7 8 9
449 9 6 6 7 5 5 9 5 9 2 4 2 5 3 7
314 9 2 7 8 2 1 2 5 1 5 7 5 3 1 1
331 5 1 6 5 7 2 2 7 6 3 3 1 9 5 2
420 2 4 5 8 8 9 4 5 6 2 6 4 6 7 8
335 4 7 7 2 5 6 5 3 1 2 5 4 4 9 4
403 1 7 8 3 2 7 6 2 4 1 2 7 2 8 8
462 2 1 9 1 5 3 5 3 5 9 9 4 9 6 1
10
548 5 6 8 6 9 7 4 6 7 8 9 6 8 8 2
406 2 4 9 7 7 1 2 2 7 8 3 6 6 8 1
384 8 5 9 8 2 2 9 3 1 9 1 1 5 8 4
316 6 9 4 7 9 3 4 5 1 1 4 6 1 6 3
498 7 1 8 8 9 9 3 6 7 6 6 7 9 2 8
421 4 4 8 6 8 8 6 2 1 7 1 3 9 8 4
432 9 6 2 2 7 1 9 9 2 9 7 2 2 9 7
407 3 2 3 9 7 5 6 8 2 9 5 9 4 2 3
389 5 6 2 3 4 4 6 5 8 3 4 2 3 6 9
472 2 4 5 9 1 8 9 6 3 3 8 6 7 1 8
10
388 5 6 4 3 6 5 8 9 1 4 6 8 3 7 2
447 2 2 7 6 2 2 4 6 9 4 9 9 2 1 2
386 9 3 1 5 5 4 2 9 2 9 5 9 4 8 1
407 8 6 1 4 2 5 6 2 5 9 7 6 5 9 4
331 4 3 8 7 7 1 4 2 5 1 1 3 4 9 3
383 4 6 6 8 4 6 2 2 7 5 9 3 1 2 6
468 7 6 7 6 7 9 9 4 8 3 2 9 1 4 6
408 3 5 1 5 7 4 8 4 4 7 2 8 5 3 5
375 3 1 5 4 7 6 3 8 2 1 6 3 9 7 5
390 6 9 4 2 2 3 2 5 5 6 8 5 9 1 6
