250 10
1250 1250 1250 1250 1250 1250 1250 1250 1250 1250
10
234 1 5 3 9 4 3 4 4 1 3
368 7 5 9 6 6 6 6 9 2 6
225 4 1 2 4 9 3 8 3 6 9
350 6 9 9 6 2 3 3 7 7 2
192 3 1 1 4 6 1 3 5 7 7
258 7 3 1 6 8 3 6 8 1 2
268 8 9 1 5 2 2 3 8 1 1
249 1 1 8 3 7 3 9 4 1 7
288 7 1 5 5 1 8 1 7 9 7
185 2 2 5 5 9 2 3 1 8 1
10
268 5 5 4 8 3 3 2 6 2 8
301 2 9 4 6 6 8 1 4 9 6
244 5 2 3 7 9 1 4 5 8 1
211 7 1 2 3 4 4 2 6 3 8
262 2 7 5 4 9 5 7 3 6 2
223 3 1 4 6 1 4 6 5 1 9
309 4 9 1 4 8 6 6 5 7 8
327 3 9 9 1 9 6 9 7 1 5
316 5 6 9 5 5 6 6 1 9 3
293 7 7 2 5 5 8 7 7 7 1
10
309 5 4 9 9 8 9 3 1 3 7
231 9 1 2 3 4 6 1 4 8 7
283 3 3 4 8 3 8 6 8 2 4
212 3 1 7 1 6 1 6 8 4 2
325 9 9 4 7 9 1 6 5 2 2
256 3 5 3 8 4 1 4 4 5 7
312 6 8 6 7 9 8 2 1 3 9
271 2 6 2 1 1 5 8 7 8 9
305 7 6 7 2 1 7 8 3 9 3
397 9 8 7 7 6 4 9 6 8 3
10
214 2 2 2 7 9 5 1 2 9 7
317 5 4 8 6 9 3 8 6 3 1
241 1 1 9 1 4 9 9 1 9 2
312 9 1 9 5 5 4 1 7 4 9
288 5 2 9 2 4 3 9 4 7 5
328 2 6 9 6 4 7 5 1 8 9
330 5 6 2 9 6 7 4 7 7 6
309 5 5 5 4 4 7 8 4 8 4
240 6 1 3 9 2 8 2 6 2 3
194 7 1 2 6 4 6 1 3 4 4
10
234 8 3 3 1 4 8 6 1 7 6
233 5 4 1 8 6 6 1 1 6 4
284 5 9 1 4 1 6 3 9 5 2
206 5 3 8 1 4 2 2 4 3 5
295 8 9 2 6 8 7 8 3 4 1
272 6 1 9 7 6 3 3 4 5 1
199 3 5 4 3 6 4 1 3 3 7
242 9 2 5 3 6 4 4 5 3 4
205 2 2 6 2 2 2 8 2 6 2
348 6 8 7 9 1 2 5 2 6 9
10
301 1 9 1 8 5 9 4 6 7 7
246 7 5 5 1 9 6 1 4 5 6
271 8 9 2 3 9 9 1 3 7 6
224 5 1 4 8 5 2 3 1 6 4
283 7 3 4 4 8 3 7 7 9 1
295 1 6 9 4 6 6 6 5 1 7
324 5 8 6 9 8 4 7 1 2 6
301 2 7 7 4 1 6 4 8 5 4
311 4 8 7 3 3 1 6 8 7 4
280 2 1 6 3 3 6 9 6 5 9
10
323 3 9 9 7 2 9 1 6 9 1
197 6 3 3 1 3 6 1 7 7 2
234 3 2 7 4 7 4 2 4 6 3
240 1 4 7 2 3 3 7 3 8 1
353 5 7 4 7 9 8 9 3 6 9
239 3 8 1 5 9 1 5 3 6 3
258 1 6 6 1 7 2 6 6 2 7
168 4 4 4 3 7 2 3 1 1 1
269 9 5 3 5 9 5 9 3 1 2
329 5 7 4 7 5 9 4 5 9 9
10
287 4 9 2 4 1 8 3 8 7 4
272 6 3 5 3 2 8 2 7 7 7
278 3 4 8 3 4 1 7 4 7 4
273 1 9 5 5 8 6 7 2 7 3
313 6 7 9 4 9 5 3 3 9 3
419 6 9 6 8 4 7 9 7 7 7
205 2 4 1 5 3 5 1 8 6 5
298 5 5 3 7 1 5 3 9 8 1
377 4 9 9 9 7 2 5 9 6 2
294 2 9 5 6 6 7 2 3 7 9
10
178 3 2 5 2 9 1 6 2 2 5
283 3 7 7 5 9 5 1 1 9 9
307 3 7 4 9 6 7 1 7 3 6
243 7 4 9 2 4 3 3 2 4 6
278 2 3 7 7 4 5 5 4 6 9
267 7 2 1 4 3 8 8 8 7 4
406 6 5 5 9 7 6 9 9 9 8
370 5 7 8 6 7 5 9 6 5 8
255 8 4 7 1 8 5 7 2 1 5
305 3 1 1 9 7 8 9 9 8 6
10
309 5 7 5 6 8 6 1 7 6 4
290 7 6 3 8 1 6 1 7 2 9
349 8 9 4 4 8 9 6 9 9 3
300 4 9 6 5 4 1 9 2 3 7
250 3 6 7 7 9 5 1 5 1 2
265 6 9 5 3 9 3 4 1 2 9
276 9 4 3 5 1 6 6 3 9 5
289 3 3 8 8 1 1 4 6 5 2
288 6 3 8 5 1 6 3 5 8 2
210 1 7 1 6 1 2 5 2 6 4
10
342 7 8 8 4 6 6 9 1 9 4
233 1 1 5 9 5 6 7 1 7 2
289 9 2 7 4 9 5 2 2 6 9
182 2 6 4 4 4 7 1 2 3 2
223 5 1 3 5 5 7 7 2 3 2
221 9 4 1 1 9 1 2 8 2 9
237 3 6 1 3 7 5 5 6 7 1
267 7 3 2 3 5 8 5 5 9 8
392 9 9 4 8 7 9 7 3 5 9
231 8 6 2 5 5 1 1 1 7 3
10
226 8 3 1 1 7 3 2 4 8 9
299 9 8 5 3 6 3 4 7 1 8
271 4 3 5 8 9 3 3 8 1 4
306 3 6 9 8 3 7 3 8 1 3
224 7 3 4 8 1 2 2 4 1 2
283 8 1 8 1 6 5 7 3 8 6
319 6 3 8 6 9 8 4 8 8 3
265 7 3 5 8 7 4 7 4 1 1
345 5 8 6 3 6 3 9 5 9 5
268 4 4 8 3 5 5 4 7 1 9
10
348 1 7 9 4 7 6 5 7 7 9
143 2 1 1 2 9 2 4 3 7 1
204 1 4 2 3 3 8 2 8 2 7
258 5 6 4 3 2 4 7 5 6 3
321 9 7 2 8 9 6 3 2 8 5
316 9 5 8 7 6 2 3 6 7 1
251 5 2 7 3 1 9 2 3 8 8
282 5 5 2 8 6 3 8 1 9 2
338 6 9 9 2 6 6 5 5 7 5
321 8 9 2 6 9 9 6 3 2 7
10
278 8 8 3 3 9 5 3 4 5 3
336 8 5 4 9 5 8 2 8 9 5
251 3 1 9 3 8 7 2 7 2 4
217 1 3 5 7 7 9 4 3 2 2
216 7 2 3 4 6 6 2 3 3 6
320 7 1 6 9 2 8 7 6 6 1
339 1 9 8 8 6 6 1 7 7 6
253 1 2 5 9 2 3 5 5 5 7
252 9 6 3 3 3 3 9 3 1 4
304 6 5 9 1 4 4 3 8 4 9
10
268 5 1 4 4 8 9 1 8 7 8
318 5 3 5 8 1 7 9 7 5 7
324 6 3 8 3 9 6 8 8 8 4
265 8 5 1 2 1 5 9 3 4 7
254 8 7 1 1 4 6 7 5 2 5
393 9 9 7 8 4 5 9 1 6 9
218 3 6 1 3 2 8 3 9 2 5
315 7 6 9 4 4 8 3 5 9 3
254 9 6 2 1 5 2 3 7 3 6
239 4 1 8 2 2 3 9 1 6 2
10
321 9 3 8 8 6 3 3 6 2 6
237 4 3 5 2 5 6 4 2 6 7
257 8 4 3 5 2 4 5 4 3 6
181 2 8 3 3 3 3 2 1 5 2
316 4 9 5 2 5 5 8 3 8 6
320 7 8 3 7 9 3 5 6 4 7
317 9 6 6 6 7 4 5 4 6 6
285 3 3 8 5 5 3 7 8 3 3
280 2 8 3 5 1 5 7 4 9 3
363 9 8 7 6 5 5 9 2 5 5
10
342 4 9 9 4 8 7 9 1 8 6
294 5 4 3 9 3 6 7 3 9 2
326 1 9 1 8 4 5 8 9 9 2
289 1 7 5 2 1 4 9 3 8 9
223 2 4 7 1 7 7 8 1 2 6
246 1 1 4 1 5 9 9 6 9 5
258 7 1 7 3 1 8 6 3 2 8
262 6 6 5 2 4 8 2 8 2 2
330 6 7 9 4 4 3 7 1 5 7
277 8 7 3 5 7 3 2 9 2 1
10
318 8 6 4 1 8 5 9 5 8 6
258 5 6 2 5 4 1 8 4 5 2
268 3 7 9 3 2 2 4 4 3 7
248 8 3 1 2 4 6 8 6 5 1
298 2 1 4 5 9 5 7 9 8 9
332 7 2 9 2 2 8 8 8 2 9
210 5 3 6 1 5 4 2 5 1 6
315 4 9 3 4 7 6 5 9 8 4
324 7 9 1 7 2 4 1 8 7 7
239 4 6 3 9 2 1 5 1 3 3
10
238 5 2 6 7 9 2 2 4 2 5
267 5 2 7 4 7 7 7 5 5 1
297 6 7 5 8 1 4 7 4 3 2
321 6 7 6 4 7 1 7 5 5 9
302 4 9 5 4 8 4 9 3 2 3
294 5 6 9 1 2 9 3 7 7 6
263 6 3 7 7 4 5 1 5 4 3
303 3 6 9 5 3 4 1 9 6 7
272 4 2 7 8 3 3 6 5 7 1
259 6 7 2 4 6 4 5 4 5 2
10
272 8 2 2 5 3 9 6 8 2 6
243 3 3 3 2 2 3 7 9 2 7
249 8 4 1 1 4 3 7 8 3 5
333 7 9 5 6 7 5 3 8 5 4
180 9 1 1 3 3 6 5 2 2 4
317 9 2 5 9 8 9 3 4 6 8
286 8 5 4 9 5 8 1 5 2 1
239 5 8 2 4 1 4 4 3 2 4
199 1 2 4 3 2 3 4 4 1 8
295 5 4 5 7 2 7 4 4 7 7
10
258 9 7 3 6 1 5 2 2 4 4
258 7 2 3 5 6 3 9 3 1 7
293 5 5 1 8 5 6 3 7 6 8
264 8 1 8 4 5 8 7 2 4 2
270 2 5 3 4 2 8 9 6 5 5
317 4 6 9 6 3 3 2 7 1 8
149 1 3 2 1 7 7 3 3 1 3
293 6 6 3 7 4 3 7 3 7 6
262 8 2 9 6 4 5 2 2 2 6
230 4 9 2 3 3 1 1 7 3 1
10
247 6 7 1 3 9 6 2 8 7 2
252 4 3 3 3 9 9 4 5 6 6
281 1 4 9 7 3 5 8 2 2 8
312 8 1 7 9 1 8 5 8 3 1
237 1 3 4 8 6 3 1 6 1 7
320 2 6 4 9 5 9 8 4 9 2
283 3 9 8 6 2 6 3 3 4 2
313 5 9 3 7 6 5 2 5 4 7
310 9 2 8 6 9 6 5 4 5 1
293 2 7 3 7 1 6 9 7 1 7
10
267 3 5 2 8 8 3 4 2 9 5
341 4 9 3 6 2 8 5 7 9 9
327 5 2 9 9 9 6 5 8 1 3
262 5 2 3 6 9 6 9 4 1 6
221 5 5 7 5 3 1 1 1 6 3
230 6 5 7 1 2 2 1 4 4 7
284 9 7 4 3 7 3 8 1 8 3
242 9 3 9 2 6 7 2 4 2 2
336 9 4 7 9 9 4 9 3 2 2
321 6 3 7 4 1 7 7 5 9 8
10
271 5 5 7 6 8 1 3 3 7 3
265 1 5 7 2 6 4 5 9 1 5
289 9 6 5 2 1 6 1 5 7 8
289 8 7 3 5 4 4 1 7 6 3
235 5 2 5 2 9 5 7 6 1 3
248 6 3 3 2 1 2 9 5 2 6
259 6 6 6 5 8 2 1 2 4 7
231 2 7 1 4 8 8 2 4 6 3
313 8 7 8 2 6 4 6 2 3 7
318 8 4 5 5 7 9 6 5 4 7
10
314 5 7 3 5 1 6 7 9 3 6
224 1 3 3 3 5 5 9 5 1 5
198 1 2 7 1 8 1 8 1 2 7
356 8 7 9 3 4 7 7 4 8 8
331 9 2 2 8 6 7 6 8 8 8
280 7 9 4 6 6 2 2 2 5 4
192 3 3 4 1 5 5 4 1 5 6
297 9 3 7 3 2 4 8 4 3 4
322 2 9 7 5 7 5 2 9 4 8
249 7 2 1 3 3 8 3 9 8 8
10
251 1 3 5 8 8 2 6 4 1 5
289 6 7 5 5 3 7 2 8 4 2
310 5 1 4 9 1 3 9 8 5 3
179 8 1 1 1 7 3 2 6 2 3
209 7 5 3 4 1 5 2 1 4 4
243 7 6 2 2 6 7 8 3 4 4
287 6 6 4 5 8 8 2 3 6 9
312 8 4 4 5 5 9 8 8 2 6
281 3 6 7 3 9 7 2 5 7 4
243 4 8 4 2 2 5 2 4 8 5
10
290 3 8 3 8 6 8 1 6 4 6
300 4 1 8 5 6 4 9 6 6 8
225 9 1 5 3 1 5 3 1 7 3
214 5 1 1 4 2 9 9 1 4 9
343 8 9 7 1 7 7 5 9 6 4
295 3 5 6 4 4 6 6 5 8 9
302 5 5 8 9 1 9 2 8 2 1
247 5 7 7 1 5 1 5 1 5 7
272 4 6 2 2 5 7 8 9 4 4
320 9 8 8 2 1 6 2 2 8 9
10
309 2 8 7 7 6 7 5 6 1 7
335 7 4 6 4 7 6 7 8 6 9
260 8 2 2 8 8 2 6 5 1 5
320 8 9 6 1 8 8 9 4 5 3
248 2 7 4 3 6 1 1 4 7 9
353 7 5 9 5 9 7 7 3 5 9
285 3 7 5 3 5 4 4 9 9 2
308 9 8 3 3 7 2 3 7 6 7
292 3 1 9 6 1 5 2 7 7 7
260 4 1 9 3 7 8 8 5 1 5
10
247 9 3 7 2 6 9 1 2 8 2
356 7 9 8 8 6 1 4 9 1 4
290 2 8 2 5 8 7 8 7 8 3
315 6 5 3 8 8 9 6 7 2 5
244 3 6 7 6 1 4 4 3 1 4
276 5 2 4 8 5 3 6 3 9 7
219 2 1 4 8 7 2 2 7 2 3
241 6 8 3 3 3 5 5 1 4 5
286 9 6 7 4 5 1 4 3 1 4
195 5 1 2 1 3 6 7 1 6 6
10
328 8 8 4 8 4 9 1 9 2 7
312 5 4 7 8 2 6 3 7 4 6
262 1 3 7 6 9 7 7 2 4 5
228 2 7 3 2 5 8 8 5 3 2
177 5 2 1 2 1 6 3 1 9 2
342 2 7 1 8 7 5 9 9 6 6
381 9 9 8 7 5 2 2 9 6 5
240 1 2 6 4 7 2 2 8 8 2
278 1 4 8 2 9 4 7 7 5 8
268 4 1 7 9 3 3 5 4 5 5
10
336 8 5 8 9 6 4 2 3 6 8
171 1 2 4 1 4 7 2 3 7 6
394 8 5 9 6 5 5 8 8 4 8
280 1 4 7 4 9 3 2 9 9 8
203 4 1 1 9 2 2 2 4 8 4
251 1 3 9 2 4 7 9 2 8 3
280 8 6 1 7 3 1 3 7 1 9
261 6 6 1 5 6 9 6 4 8 2
313 6 7 4 8 2 2 4 9 3 2
293 2 1 7 8 8 3 6 6 7 4
10
364 8 6 4 9 4 5 4 6 9 8
277 8 9 3 1 8 4 1 8 2 5
300 4 5 8 6 7 4 6 8 4 1
308 8 4 3 7 8 7 3 8 4 4
347 9 6 9 4 3 1 6 7 6 8
349 8 3 8 5 8 9 9 4 9 3
298 2 3 7 8 5 4 6 5 8 2
307 6 6 4 8 8 8 3 9 1 1
297 8 7 3 4 3 7 6 3 3 9
294 4 7 2 4 9 8 8 8 9 1
10
298 3 4 7 3 6 6 3 8 7 7
296 9 4 6 6 1 5 3 4 7 1
340 4 6 8 3 2 3 8 8 6 6
305 2 9 2 4 3 8 6 5 8 9
300 8 9 6 1 6 7 4 4 2 7
233 4 1 2 8 2 5 2 1 9 8
296 5 3 7 9 4 6 3 8 1 3
239 3 4 9 7 5 3 1 1 2 4
281 6 5 4 6 8 3 4 7 7 4
328 5 1 9 2 6 9 9 9 8 4
10
216 6 7 2 2 2 1 5 2 5 4
263 8 3 1 8 8 1 8 1 1 9
299 8 7 4 7 7 1 5 6 3 3
259 4 5 7 3 9 5 2 4 5 6
165 2 2 4 2 1 3 5 5 1 3
251 4 1 7 8 1 2 1 7 9 2
229 4 4 1 8 5 5 4 2 5 6
316 9 4 9 8 4 2 7 1 1 5
190 2 1 4 4 4 1 6 1 4 5
173 1 1 7 5 2 2 1 1 2 6
10
240 1 8 4 2 7 5 5 3 6 7
333 9 9 3 2 3 5 8 7 9 5
177 3 3 4 1 2 2 4 1 7 7
307 5 7 5 5 4 2 7 7 4 7
302 7 6 6 3 5 8 1 9 7 1
300 9 2 5 9 1 6 8 4 5 2
244 6 6 2 2 9 6 5 8 1 4
300 5 2 4 8 2 6 9 9 5 3
258 6 4 7 9 9 1 1 1 2 7
278 8 1 8 2 3 8 2 6 8 4
10
341 8 7 9 4 6 8 7 4 4 4
211 5 3 4 4 1 3 1 1 6 6
348 5 7 5 7 7 4 8 4 8 8
270 5 3 7 4 9 2 3 4 8 4
264 3 4 6 8 2 6 3 4 1 4
290 3 5 6 1 5 2 8 6 8 8
320 8 1 6 9 9 5 4 5 5 7
328 1 4 9 9 5 8 6 8 6 2
362 7 4 5 9 9 2 7 7 8 7
175 6 3 1 1 6 5 5 3 4 3
10
311 9 8 5 1 6 9 6 4 7 5
331 6 7 7 3 6 8 9 2 7 8
178 1 7 5 1 3 2 2 3 2 2
235 3 9 1 4 7 4 4 1 6 3
244 2 1 8 1 4 1 5 9 7 8
280 9 5 5 2 1 5 6 3 9 6
286 9 6 1 6 3 8 2 2 7 7
365 8 6 6 9 3 5 4 6 9 6
394 9 8 8 9 6 6 3 8 8 5
221 9 2 3 5 6 6 2 1 5 5
10
264 2 5 5 4 8 4 4 6 2 8
279 1 7 2 7 9 2 7 4 4 9
314 7 7 4 3 2 3 8 4 6 9
285 8 3 5 3 8 1 2 7 5 9
357 3 9 4 8 4 7 7 6 6 8
189 2 1 4 4 1 1 1 5 8 2
321 9 5 5 6 6 4 3 9 1 5
277 5 8 6 2 2 8 3 1 5 9
232 5 3 4 3 2 4 2 7 9 2
344 9 8 7 3 5 1 8 9 5 4
10
270 6 3 5 6 5 5 3 9 4 2
234 5 3 3 3 6 7 5 6 3 5
300 7 5 7 6 3 4 4 5 4 2
317 7 5 2 6 2 9 7 9 7 4
186 7 1 4 2 8 5 1 1 9 5
278 6 2 5 8 2 5 8 2 4 7
311 3 8 6 7 8 7 4 8 2 4
279 3 4 5 8 5 9 1 6 4 4
306 6 8 9 1 2 1 3 4 7 7
291 4 6 8 5 8 9 2 1 9 8
10
245 1 1 7 3 2 3 9 2 8 9
316 8 9 1 9 8 5 3 3 8 2
281 2 2 9 7 4 5 1 9 6 1
340 7 8 6 8 9 9 1 1 9 6
239 7 6 2 3 4 7 4 5 4 4
321 1 5 7 4 2 9 9 6 9 6
239 6 8 4 1 5 4 1 6 1 9
261 1 5 7 3 2 6 8 3 9 1
294 6 7 3 3 9 6 9 5 1 5
228 3 7 1 1 5 3 8 7 1 2
10
236 8 4 2 8 5 2 4 3 1 4
193 7 3 4 1 5 5 1 3 1 8
300 7 7 2 5 6 2 7 4 8 6
261 9 6 2 6 2 6 4 1 7 1
295 2 3 8 5 9 5 9 6 7 2
293 8 3 4 9 7 8 5 4 3 3
324 9 6 7 6 8 5 3 5 5 7
267 9 2 9 2 8 5 5 3 4 6
305 7 1 7 5 7 4 7 9 3 5
149 1 1 5 1 1 4 1 1 2 9
10
323 1 7 2 7 5 6 8 9 4 9
277 7 8 4 2 5 7 5 4 3 9
275 3 8 4 5 2 2 8 3 3 6
254 4 7 1 4 4 7 9 1 2 9
320 6 7 8 4 3 6 7 5 4 2
298 5 7 3 9 6 4 2 3 9 5
231 4 8 1 1 7 2 2 5 5 8
233 6 5 2 4 5 4 2 2 8 6
255 5 1 9 7 3 4 3 2 7 3
335 2 8 8 9 2 2 8 7 3 2
10
168 2 2 3 1 8 1 1 4 2 9
246 2 6 3 6 2 7 6 2 1 7
265 1 2 7 2 7 8 7 7 6 9
265 5 2 8 6 3 9 5 5 2 4
318 6 8 5 5 8 3 9 2 2 6
237 7 1 1 5 4 4 4 9 1 7
255 3 6 7 4 4 3 3 5 4 6
295 8 8 2 2 3 9 4 9 6 5
255 4 3 6 4 2 4 4 5 5 6
216 2 3 1 1 2 4 6 9 7 6
10
223 5 5 7 6 2 2 2 1 3 1
223 2 1 2 6 7 4 8 3 7 6
265 8 5 3 9 1 1 1 1 8 7
274 7 1 4 5 9 9 4 8 8 2
287 2 5 6 4 9 8 9 3 5 4
273 1 9 2 8 9 3 5 5 2 4
301 5 2 8 9 1 1 6 4 7 1
346 5 4 7 8 9 8 2 9 9 7
342 8 5 8 6 7 8 5 4 9 2
374 9 9 7 5 1 1 6 6 7 7
10
256 3 1 7 9 5 1 8 1 5 2
252 1 6 7 7 7 3 5 4 2 1
209 1 5 3 5 9 5 4 2 4 6
325 8 8 8 2 1 6 9 1 9 2
187 5 1 1 4 5 5 2 6 1 6
260 9 2 3 4 6 1 7 5 8 4
156 2 3 1 1 7 7 3 1 6 5
348 8 6 8 8 3 6 5 4 2 6
224 1 1 5 8 5 6 5 5 2 1
206 3 2 1 6 1 1 6 1 5 7
10
219 7 9 3 1 3 1 1 2 3 9
259 7 3 1 5 1 4 8 6 9 3
192 5 2 2 4 1 6 2 2 4 4
264 3 8 8 3 6 2 1 5 4 3
231 5 2 7 1 4 4 1 8 2 6
272 3 1 5 8 2 5 5 6 7 7
344 8 5 6 5 8 2 8 7 7 4
290 9 5 4 1 3 6 8 5 7 6
286 5 2 6 9 3 9 1 5 1 8
257 1 5 4 4 6 1 5 4 8 7
10
335 8 5 6 8 8 7 7 5 1 6
216 3 1 7 4 9 8 8 1 1 3
346 4 1 9 7 7 9 8 4 9 7
364 7 7 7 5 1 9 6 6 9 4
274 1 6 2 7 2 8 4 6 8 9
347 4 9 6 5 7 6 7 4 9 8
258 1 1 6 6 7 5 6 5 6 7
252 3 7 3 5 3 9 6 3 1 3
203 5 6 6 1 3 4 2 1 2 2
266 2 1 1 8 8 8 4 9 8 6
10
264 3 9 5 1 6 2 4 8 1 5
283 5 9 2 7 5 1 1 6 8 6
255 6 1 4 5 2 8 1 4 9 7
322 5 9 3 7 5 3 4 9 3 3
315 3 9 4 7 2 6 9 1 2 9
317 4 8 1 9 4 2 8 8 3 5
282 3 5 7 6 9 1 2 7 8 1
348 5 8 6 8 9 7 5 8 3 4
336 6 9 4 9 4 3 7 4 4 1
243 8 4 6 1 1 8 3 1 5 8
10
260 6 8 2 3 1 8 2 7 3 6
316 5 8 8 2 6 6 7 4 7 1
259 7 8 4 1 6 6 4 4 2 7
275 7 9 6 3 9 2 4 1 6 2
327 8 6 8 4 8 4 2 7 8 5
316 3 7 8 3 8 4 4 7 4 7
309 3 7 1 7 9 9 6 6 7 8
203 3 4 2 1 9 2 4 7 7 2
251 9 1 3 6 2 5 4 1 4 8
293 6 7 7 2 5 1 6 4 3 9
10
278 2 5 9 1 5 4 3 8 9 5
244 6 4 5 5 5 9 1 2 4 6
222 4 8 3 2 4 2 3 7 5 1
272 2 8 2 8 8 4 1 9 2 1
237 6 4 2 7 4 5 2 3 5 2
295 8 6 3 7 2 5 2 5 3 7
315 3 5 9 3 6 2 9 5 6 9
222 1 5 6 5 6 3 3 2 1 5
291 3 1 9 9 1 6 4 5 7 1
194 1 5 4 6 3 9 2 2 1 1
10
252 1 7 5 5 8 7 1 8 3 1
324 8 2 4 5 7 9 8 8 9 2
306 2 8 7 7 8 2 1 7 3 9
159 1 1 3 2 9 5 6 4 5 1
248 2 4 4 4 6 7 6 2 4 8
280 6 2 2 9 4 7 3 8 9 4
218 1 7 2 5 4 4 3 6 6 2
264 4 5 3 2 6 5 5 9 3 6
273 8 9 2 2 8 9 5 2 1 8
310 3 2 5 9 2 5 9 3 9 9
10
344 8 5 4 8 1 4 4 6 9 9
276 5 4 6 9 2 8 2 3 5 2
328 9 5 8 1 6 4 8 3 7 9
215 1 6 3 2 1 8 7 2 5 7
198 1 8 2 1 6 4 3 9 1 3
333 5 8 9 6 2 5 2 8 8 3
221 3 9 1 1 4 2 6 5 1 4
278 3 5 2 5 1 4 8 5 9 4
203 3 6 2 2 9 8 4 2 1 3
371 8 9 5 6 8 9 8 6 3 6
10
256 4 5 9 1 5 1 8 5 1 5
226 4 2 2 3 1 4 2 8 8 4
272 4 3 7 2 1 9 4 4 9 7
196 1 5 1 2 7 6 3 9 5 1
308 1 1 9 9 4 7 6 7 5 7
265 1 9 2 4 7 5 7 4 3 6
309 6 4 9 3 3 6 7 7 6 5
359 9 6 9 8 3 8 2 3 5 9
268 6 2 7 7 3 7 1 2 5 9
352 7 1 8 8 5 9 9 6 4 6
10
366 3 8 9 8 4 8 4 3 9 6
231 3 2 2 8 3 9 7 2 3 5
236 6 2 5 1 4 3 2 9 4 8
280 2 7 9 3 2 2 6 4 3 6
236 4 9 1 5 2 4 1 1 7 4
256 1 7 3 5 1 3 6 6 1 5
258 2 2 7 4 1 3 8 4 5 6
276 7 6 1 7 8 9 2 3 7 6
360 6 8 5 7 8 3 5 6 9 7
370 4 9 9 1 7 5 9 7 6 9
10
337 6 5 8 9 8 4 2 5 9 6
284 2 6 3 3 1 3 5 9 9 7
281 5 9 6 4 1 5 2 1 9 5
377 5 6 8 8 5 9 9 4 9 5
271 5 8 6 1 5 6 2 7 4 8
322 3 7 8 3 2 9 3 8 9 4
291 5 8 5 4 3 8 3 1 7 8
234 5 3 5 1 6 7 7 2 8 3
325 2 7 5 8 8 3 7 4 7 9
283 6 5 6 5 4 5 3 7 3 6
10
212 2 4 2 3 4 9 3 6 1 5
299 6 6 1 9 9 1 3 5 9 3
310 4 6 5 7 7 7 4 8 9 1
255 1 3 7 9 4 9 3 1 9 3
253 5 7 4 4 3 9 1 5 5 3
296 9 2 6 6 4 7 9 6 3 1
228 1 4 7 4 2 7 8 4 2 1
281 1 4 6 4 5 9 6 8 6 4
327 5 3 3 9 1 8 2 9 9 9
316 8 1 8 7 9 4 8 3 4 9
10
223 5 4 1 3 4 8 5 3 6 9
326 8 5 2 7 1 1 9 7 5 8
264 2 9 1 4 4 6 8 2 8 5
239 3 6 5 2 1 1 1 5 7 7
262 7 2 4 5 5 9 6 4 4 2
339 6 4 5 7 3 4 9 9 6 3
327 3 9 5 2 7 8 8 6 4 9
337 6 8 3 7 9 8 7 6 2 6
246 4 7 5 3 2 2 3 2 7 6
220 7 2 1 3 5 3 7 3 6 5
10
243 8 1 1 9 5 4 1 4 6 6
308 1 8 3 6 6 9 7 9 4 6
251 4 2 8 1 2 7 6 4 5 7
208 1 7 3 2 6 3 5 5 1 6
268 4 6 7 2 6 1 4 7 4 5
333 4 7 8 2 3 7 8 7 4 6
282 9 3 9 4 7 5 1 5 5 1
312 8 9 8 8 1 1 1 3 5 4
306 2 9 4 2 8 9 8 8 2 7
193 1 6 1 1 4 2 7 5 2 4
10
219 7 4 4 4 9 3 1 4 2 2
226 1 1 6 8 1 7 2 3 1 6
205 7 3 1 7 2 1 5 2 4 2
321 7 8 8 8 3 9 1 4 3 2
305 8 9 6 5 1 5 1 3 3 6
222 7 6 1 1 6 2 6 6 1 3
210 1 7 8 3 1 5 2 1 1 4
279 8 4 4 6 7 1 5 4 7 1
311 4 7 8 3 6 1 1 7 6 9
338 8 2 7 7 6 9 5 8 4 6
10
289 6 4 5 7 3 3 8 3 5 4
236 4 7 1 4 4 8 1 6 9 2
369 9 9 1 9 7 3 9 6 2 6
366 9 8 8 2 7 4 9 8 7 5
233 4 1 9 4 9 6 1 6 1 3
312 5 8 7 5 4 6 3 3 9 3
174 3 2 1 3 5 7 2 6 5 1
254 1 1 7 7 7 1 2 2 9 9
382 7 6 7 5 6 7 8 8 6 7
298 6 6 7 3 2 7 4 4 9 6
10
342 4 8 9 7 6 1 5 9 1 6
288 9 6 2 2 5 3 7 4 3 9
300 7 1 8 9 2 5 2 6 7 1
372 9 5 9 4 9 8 8 7 1 8
285 3 8 6 6 2 3 1 6 1 6
300 8 5 8 2 4 9 5 2 2 9
229 2 4 4 4 9 6 1 5 2 8
205 7 1 2 2 6 9 2 5 7 6
257 2 7 1 7 7 5 4 4 1 9
300 3 2 9 6 2 6 6 5 9 1
10
275 2 3 4 7 1 7 7 5 6 6
278 2 9 7 4 9 4 4 2 1 8
300 7 4 9 4 8 5 9 2 2 6
273 4 1 9 4 9 6 8 5 2 3
261 5 4 3 6 2 3 2 5 7 7
355 5 7 5 9 4 7 5 8 8 1
277 4 7 2 6 5 1 1 8 8 4
337 5 6 5 8 8 7 5 9 6 2
309 5 7 4 2 8 3 4 8 9 9
315 8 8 3 7 1 8 7 3 7 2
10
247 8 8 1 2 2 8 6 1 9 2
268 3 2 3 9 2 9 6 4 7 3
331 8 8 8 4 3 4 4 7 3 8
266 4 8 4 5 8 8 1 5 4 1
320 4 5 2 8 4 2 9 9 6 8
281 4 2 6 7 4 7 4 8 2 6
214 1 2 4 5 9 9 4 3 6 2
324 8 7 3 6 4 2 6 7 5 8
285 3 3 7 5 9 6 4 8 6 4
179 1 2 6 3 4 8 4 2 6 1
10
368 7 8 6 6 4 5 9 7 4 5
328 4 7 5 7 2 9 4 5 9 4
223 4 2 1 4 8 8 5 3 8 7
210 5 4 7 1 9 8 2 1 1 2
226 8 4 4 4 8 9 3 1 3 4
341 7 7 4 8 2 8 9 2 7 8
287 3 3 7 6 5 2 5 6 2 9
309 7 3 2 8 7 6 9 9 1 5
254 8 1 7 3 5 6 4 9 3 1
242 1 4 1 5 9 8 6 5 6 6
10
336 1 7 8 4 2 7 8 8 8 7
286 6 1 7 9 3 5 3 5 4 2
330 6 7 4 8 5 1 5 7 9 1
223 4 1 1 9 7 8 4 5 7 1
309 9 8 6 7 9 5 2 1 5 6
242 9 6 7 2 3 5 5 2 1 2
245 6 6 4 7 5 1 2 4 2 3
317 7 9 8 5 6 1 3 2 7 4
338 9 9 7 5 8 3 2 3 8 6
269 6 2 6 6 6 1 3 7 7 1
10
252 4 4 4 5 1 9 3 4 6 8
326 7 7 9 3 7 5 4 8 3 5
276 9 5 7 3 8 9 3 2 3 6
290 2 2 9 8 8 1 6 5 1 5
311 7 3 7 4 9 3 9 8 1 8
189 3 1 7 2 8 8 1 2 3 7
364 6 6 8 7 6 2 6 6 8 8
238 9 3 7 1 5 5 1 1 8 9
275 7 3 3 5 3 8 6 6 7 1
245 5 1 8 4 1 3 2 8 8 2
10
287 6 4 9 2 7 1 8 6 4 1
289 4 1 9 8 7 5 2 5 8 6
293 5 4 2 9 1 2 4 7 5 6
154 4 2 1 3 4 3 2 2 9 2
292 3 1 6 9 3 2 7 4 4 9
249 2 5 1 7 7 2 4 9 5 5
273 4 6 4 8 7 4 2 5 4 4
318 3 9 7 6 2 4 5 1 5 8
241 1 9 2 8 5 1 2 5 1 3
283 7 4 1 9 9 5 8 1 7 4
10
277 8 3 6 8 7 8 2 1 3 4
244 6 1 3 2 4 4 6 4 9 6
360 7 3 9 8 8 9 5 5 4 9
295 9 6 8 1 9 3 8 2 3 2
294 4 5 1 8 4 7 9 1 9 7
231 5 4 5 1 7 1 3 8 4 3
289 4 3 9 3 7 3 6 3 5 8
370 7 8 8 7 9 9 5 2 8 8
309 5 6 7 6 2 4 3 8 5 6
187 1 7 1 1 1 9 9 1 2 3
10
193 2 1 1 5 4 3 4 9 6 2
260 7 6 9 4 6 4 1 2 6 2
301 6 7 7 4 2 5 2 2 9 6
385 9 9 4 7 1 7 8 8 6 3
343 6 3 9 8 3 1 9 2 5 9
298 2 4 8 2 4 9 6 7 8 7
357 6 9 6 7 6 5 9 4 9 3
249 6 5 6 1 3 1 9 3 1 8
360 6 5 4 9 8 5 9 4 6 8
234 2 9 1 1 6 3 7 6 7 3
10
306 1 7 6 7 7 2 3 5 6 7
236 6 3 3 7 3 8 2 1 9 1
291 5 5 3 7 6 8 1 9 7 2
258 3 2 4 6 3 7 6 7 2 6
377 9 6 8 7 1 2 8 6 9 1
274 3 5 7 1 7 5 4 8 4 6
186 1 6 1 1 2 8 2 8 2 5
297 3 8 2 5 4 7 2 7 8 9
292 1 8 5 6 4 2 4 7 7 5
322 1 6 8 8 3 2 9 2 8 4
10
297 9 4 7 1 7 5 6 5 7 5
285 2 8 9 2 7 1 8 5 2 6
267 6 3 9 1 6 4 6 3 3 8
371 9 7 5 8 1 5 6 9 4 8
326 2 9 4 8 7 9 9 2 9 2
267 7 5 3 5 8 9 2 5 7 5
241 8 3 2 7 6 3 3 4 5 1
223 5 8 2 1 6 7 1 2 5 6
222 9 2 2 7 5 4 1 1 8 3
343 4 8 6 2 1 7 9 7 8 7
10
383 7 5 9 6 6 6 9 9 7 5
309 6 5 4 9 4 7 1 6 6 6
255 6 1 6 4 8 8 6 1 7 7
258 5 3 8 4 7 2 7 3 4 5
303 8 5 9 2 4 8 8 5 6 1
198 1 5 6 2 4 3 4 1 2 8
303 3 1 9 7 9 6 7 1 5 8
291 3 9 2 5 3 6 8 2 9 4
323 9 5 9 6 3 7 1 8 5 2
259 8 5 3 3 5 8 3 3 9 7
10
208 4 2 5 3 6 4 2 9 3 1
229 6 3 4 1 2 6 3 7 8 1
279 7 6 2 7 6 5 7 1 8 2
207 3 4 1 8 6 2 2 1 3 6
274 6 9 4 5 7 1 4 2 9 3
410 8 7 8 7 8 9 8 7 6 9
310 5 1 8 2 9 3 6 9 8 8
256 4 4 8 4 3 9 8 1 4 3
240 6 5 5 2 8 7 3 2 5 2
315 6 6 3 9 7 5 2 9 3 7
10
247 8 7 3 2 3 2 4 2 5 9
226 2 1 6 5 9 3 8 2 7 1
152 1 3 2 2 4 1 5 1 6 3
268 2 7 4 7 5 1 7 4 4 1
297 3 1 8 3 8 5 6 9 8 8
294 5 3 9 9 9 6 1 3 2 8
300 6 9 4 5 2 1 7 6 3 3
394 8 9 5 8 1 9 8 7 6 7
207 5 8 2 4 7 2 1 3 1 4
300 4 8 5 4 4 3 1 9 7 5
10
244 3 1 4 3 3 4 4 6 7 9
270 4 6 5 4 6 3 7 5 4 6
295 8 8 1 6 2 5 8 1 6 2
270 6 5 5 4 8 9 1 5 8 5
341 3 9 5 3 8 3 8 7 6 8
256 8 3 5 5 8 7 2 3 8 2
362 9 9 7 7 5 3 7 2 6 3
236 1 1 6 2 6 3 5 8 9 1
289 2 6 4 4 7 8 8 6 6 3
241 5 8 1 4 4 3 1 5 9 6
10
307 5 7 7 1 5 1 8 9 3 5
256 4 4 3 2 4 2 8 5 5 7
315 1 8 9 3 8 5 8 6 2 9
319 7 2 9 4 9 4 4 8 6 7
207 2 6 3 5 3 8 3 4 4 1
230 2 4 7 2 5 8 5 1 5 8
332 4 6 3 8 5 9 5 9 4 7
322 1 9 9 7 2 6 7 3 1 7
228 8 7 2 1 3 4 3 2 7 6
232 3 3 2 7 7 6 3 1 9 7
10
271 3 6 1 5 4 5 6 9 3 9
242 3 5 2 9 9 1 1 5 3 6
275 8 6 9 1 1 7 7 2 5 2
306 3 8 5 4 4 7 8 4 3 8
294 4 6 8 6 8 1 6 3 5 1
282 3 3 1 7 4 1 7 9 8 8
265 8 3 3 4 9 7 9 1 3 9
335 7 9 9 3 7 3 4 2 6 8
331 3 7 8 9 9 5 7 2 1 8
342 1 7 6 8 2 3 6 8 9 3
10
242 2 4 5 4 3 6 2 5 9 4
218 3 5 4 2 4 8 2 5 2 8
316 4 3 9 5 6 5 5 8 3 8
253 5 3 4 2 7 4 9 4 3 7
372 3 9 5 7 9 4 6 7 9 7
247 9 7 4 2 4 2 5 2 3 2
312 4 7 5 8 4 4 5 1 8 9
213 9 3 6 1 7 3 4 4 3 1
305 7 9 6 2 5 7 6 4 8 1
226 3 6 8 1 4 6 1 3 3 2
10
257 1 5 2 9 2 9 7 1 4 5
271 9 9 4 1 2 8 1 5 6 4
324 7 7 1 5 1 9 7 6 4 9
265 5 6 6 2 9 2 3 6 2 7
176 4 1 2 5 7 5 1 3 2 5
254 6 6 1 7 8 3 2 7 1 3
247 1 5 3 4 2 5 5 9 4 6
295 8 2 6 8 6 5 4 1 9 8
233 5 1 1 6 4 8 9 6 2 1
300 5 7 1 5 1 5 7 6 8 9
10
359 6 9 7 8 5 6 7 8 3 1
163 5 4 1 1 5 6 5 1 4 1
284 7 6 3 8 1 3 5 2 5 3
319 7 5 4 9 7 1 7 8 6 2
261 7 4 2 3 9 9 6 4 3 7
264 9 6 6 5 1 1 5 1 1 4
277 3 7 4 5 4 5 8 1 6 4
259 7 7 1 4 3 8 1 4 9 4
388 2 6 9 9 1 3 8 8 6 7
298 1 5 7 5 1 6 6 5 8 9
10
277 3 7 9 1 1 2 5 5 9 5
267 4 5 2 6 7 6 9 1 5 9
289 9 4 4 9 7 4 2 5 3 4
300 1 3 5 9 3 5 7 8 1 7
420 9 7 9 7 1 8 7 7 8 6
272 3 5 4 7 4 2 4 9 3 1
219 4 3 2 2 4 7 9 4 6 4
331 6 3 9 8 9 6 5 5 3 8
219 2 9 1 2 4 9 3 5 1 6
351 8 3 4 8 9 9 9 9 9 2
10
268 5 7 1 4 5 5 9 4 4 7
330 8 4 9 3 2 6 3 8 9 9
273 7 1 1 5 2 7 6 8 9 9
282 5 7 2 7 4 6 9 5 1 4
257 2 1 6 4 3 1 9 6 4 5
312 7 2 6 9 1 5 2 9 1 8
247 2 7 1 4 5 6 8 2 4 9
217 6 2 5 6 4 4 2 1 9 2
397 8 6 9 8 9 8 9 4 4 5
265 7 8 1 2 1 7 5 6 6 6
10
333 7 6 1 6 5 2 7 9 8 7
249 8 1 4 2 9 5 8 2 9 6
323 3 9 5 6 6 4 6 8 8 1
279 8 5 4 9 5 3 1 6 6 1
354 7 3 9 5 9 9 6 5 7 8
297 3 8 2 5 5 9 5 8 5 3
319 2 3 8 8 4 7 8 5 6 2
259 1 8 2 1 2 2 7 9 3 6
265 4 9 8 5 4 5 1 2 4 3
249 9 3 1 3 6 5 3 7 7 5
10
362 7 6 9 2 3 3 4 9 8 9
249 8 8 3 4 4 2 2 3 1 3
269 9 8 2 2 9 8 4 2 2 6
339 7 9 9 5 1 4 8 4 4 2
217 4 1 1 2 5 6 7 7 1 8
289 9 2 5 6 9 4 7 7 5 2
355 6 9 7 8 4 5 8 4 8 2
229 9 3 2 1 1 3 5 7 4 7
319 7 5 5 8 5 2 5 6 8 4
243 1 1 6 4 4 9 2 8 4 9
10
336 6 8 7 8 3 9 8 1 5 5
327 7 8 8 5 2 5 8 3 1 8
283 3 7 8 5 1 1 3 5 5 8
278 9 3 9 7 7 1 2 2 1 8
338 9 4 8 2 2 9 7 8 7 6
368 9 9 2 7 9 4 5 9 3 7
282 8 2 7 8 2 2 3 3 7 6
239 2 3 4 7 1 6 4 4 3 4
330 5 1 9 7 5 3 4 7 9 9
280 5 7 5 7 9 2 1 4 3 8
10
214 6 1 2 1 6 9 4 7 6 5
256 2 1 9 1 3 3 6 5 6 9
209 4 3 7 2 7 1 3 4 6 1
235 6 7 2 2 1 9 2 5 9 3
307 5 9 8 2 3 2 2 8 5 7
305 4 9 3 4 5 3 5 7 7 8
317 6 5 6 6 7 1 7 2 6 9
295 3 5 6 6 1 2 6 7 5 8
200 4 3 6 2 9 7 4 2 3 2
298 9 8 4 1 2 8 8 3 6 4
10
243 2 3 4 7 2 2 5 4 8 4
323 6 9 8 7 2 1 1 5 7 3
267 4 5 5 7 2 5 6 3 1 7
331 5 7 3 8 3 9 5 6 6 5
285 9 7 1 4 1 2 4 8 1 8
255 1 6 6 4 7 4 8 2 9 2
260 3 6 4 3 8 2 5 8 3 2
258 2 6 4 4 7 8 9 2 3 5
318 6 3 7 7 7 5 6 8 2 2
254 8 8 2 4 5 3 1 6 4 4
10
358 9 1 7 8 3 1 9 7 9 4
356 6 5 8 8 8 4 6 6 7 6
246 3 9 3 6 4 3 2 2 7 5
300 2 3 8 6 9 1 4 6 4 9
319 7 4 3 9 4 2 4 8 8 3
284 6 5 5 3 5 9 7 1 9 8
236 5 1 5 3 3 7 5 7 7 1
342 2 9 3 9 7 9 4 6 8 6
292 1 9 2 8 7 1 1 6 8 7
313 3 4 5 7 8 1 9 8 6 3
10
273 7 6 9 1 2 5 1 9 4 2
220 3 4 5 1 9 9 1 4 4 9
281 8 2 6 3 4 7 9 6 2 6
354 7 7 7 7 3 3 7 6 6 5
238 2 2 5 6 6 3 9 5 2 1
334 8 8 7 1 9 3 8 9 4 1
355 8 8 8 9 5 2 2 1 9 8
224 1 5 7 6 8 9 1 2 1 4
235 3 9 3 6 9 6 1 1 3 5
266 6 3 1 4 9 2 6 8 6 7
10
252 1 4 6 3 3 2 4 4 9 6
349 1 8 7 8 3 4 7 5 5 9
238 3 5 3 1 1 9 6 5 1 9
308 6 3 6 8 3 9 8 3 8 1
268 8 7 4 1 7 1 7 2 3 6
269 2 4 2 7 3 8 7 9 4 3
229 2 4 1 5 2 6 8 4 7 4
258 7 2 8 5 5 2 2 5 1 7
260 1 1 5 9 9 8 3 7 8 1
190 2 7 1 2 5 6 3 4 2 1
10
190 2 5 1 2 5 3 4 2 6 4
325 8 3 7 8 1 9 3 7 8 5
360 7 6 9 4 5 8 7 8 5 5
246 4 7 8 1 4 1 3 2 5 6
314 8 9 6 7 9 7 2 1 3 2
296 4 4 4 8 8 4 6 1 9 7
277 6 7 9 1 9 8 1 2 3 8
286 6 5 8 2 9 2 2 6 9 1
337 9 3 7 9 8 3 1 8 2 9
240 2 4 5 5 7 5 3 2 8 8
10
251 7 3 2 6 4 4 9 1 5 3
265 4 6 3 1 9 8 2 9 6 6
208 8 5 3 1 4 2 4 3 3 5
239 5 3 5 2 9 6 2 4 4 9
242 5 2 6 9 1 4 7 1 3 1
177 2 2 1 4 1 6 3 5 5 4
262 9 7 1 3 1 4 3 4 5 8
222 7 5 4 3 9 9 2 3 2 1
362 1 9 9 7 7 2 6 8 1 7
287 6 3 6 6 1 6 2 6 4 9
10
306 6 7 6 9 6 2 7 2 3 3
254 2 1 9 5 2 3 6 4 6 3
342 3 7 6 9 5 8 5 9 2 8
252 7 4 2 5 3 1 2 8 3 5
179 5 1 1 3 7 8 8 1 1 6
237 9 2 2 2 1 8 9 2 4 8
314 2 5 4 7 2 7 8 8 8 5
231 4 2 7 8 8 3 4 2 2 1
258 8 4 3 6 4 7 5 1 7 1
253 2 1 7 4 3 7 1 6 9 6
10
328 1 9 6 4 9 7 7 7 6 8
246 2 9 4 3 7 3 4 3 4 2
277 9 1 3 4 7 9 7 9 1 3
332 4 7 7 7 6 1 5 5 3 9
253 3 6 1 7 5 1 7 4 6 1
254 4 7 2 6 2 3 2 3 4 8
349 7 2 9 9 6 3 7 7 1 5
253 5 2 3 2 4 7 8 9 9 2
137 1 2 5 3 1 8 1 1 1 2
262 1 5 7 1 7 8 3 8 4 6
10
298 7 7 4 2 8 3 9 6 8 3
300 6 9 3 7 1 5 8 3 4 2
307 7 1 6 8 5 2 8 6 4 4
289 5 5 4 7 4 1 7 7 3 5
249 3 6 5 2 4 1 9 5 2 3
319 3 9 6 4 6 1 8 7 3 7
254 5 4 9 3 2 4 6 4 2 4
325 3 6 9 6 7 4 7 7 4 1
374 7 9 5 9 4 8 5 5 7 8
209 5 4 2 4 5 1 7 4 1 4
10
268 8 7 4 3 1 2 5 2 7 5
232 7 7 1 3 2 7 3 1 2 9
305 6 1 8 2 7 1 8 6 9 8
175 1 1 1 4 8 7 2 6 5 3
279 2 5 5 3 3 7 9 3 7 7
228 5 2 4 6 3 3 2 9 3 3
329 5 3 6 7 2 8 9 7 2 5
342 8 2 9 8 5 4 3 8 9 3
283 1 6 9 2 6 3 9 1 4 6
235 2 4 2 3 9 4 8 6 2 5
10
279 9 8 1 4 6 7 5 3 5 1
361 4 9 8 7 4 9 3 7 8 1
276 8 9 5 1 5 5 7 4 2 4
287 6 9 2 3 3 5 7 6 6 2
194 1 1 7 2 1 5 3 9 1 3
243 2 5 8 2 5 9 7 1 1 5
274 3 2 6 5 2 8 5 9 7 4
267 8 7 1 5 5 5 6 3 5 2
190 2 1 7 4 3 6 5 2 5 1
181 4 1 7 2 2 1 4 3 1 6
10
281 4 9 1 7 4 8 2 7 5 4
197 6 2 2 1 8 2 2 7 1 9
252 4 3 5 4 3 2 7 4 5 4
329 6 3 7 9 1 5 1 9 8 6
204 4 4 1 8 1 8 3 3 4 1
253 4 8 6 2 8 3 5 5 2 3
279 9 2 4 5 4 6 4 7 7 3
275 5 9 3 5 3 7 2 5 6 3
245 4 6 6 6 1 1 2 5 2 1
288 3 8 2 7 1 5 8 6 2 7
10
325 9 9 4 3 8 2 5 7 6 3
191 4 2 4 7 1 6 2 2 5 1
292 4 4 8 6 4 3 6 2 9 2
308 5 7 5 5 1 8 4 9 4 5
352 9 6 8 4 4 1 7 8 5 7
345 6 6 1 9 8 7 8 7 3 9
262 2 9 3 2 7 8 8 5 2 2
325 6 5 5 8 1 5 5 7 6 5
303 8 1 7 3 5 3 4 7 9 7
340 3 6 8 7 9 3 6 9 2 6
10
275 7 1 4 4 3 9 6 5 7 6
255 4 5 7 4 1 8 8 1 2 2
209 5 4 1 4 7 7 2 8 3 3
300 7 5 7 1 8 2 7 9 3 5
310 3 9 9 8 8 3 2 4 2 4
254 4 2 7 6 4 1 4 1 9 3
336 4 2 8 7 4 8 6 6 9 8
339 3 9 9 4 5 5 4 9 1 7
250 3 6 6 5 1 5 4 6 4 2
311 7 1 5 8 3 7 7 1 9 8
10
273 6 5 7 5 8 8 3 6 1 3
275 8 1 5 9 7 9 5 6 1 2
279 6 1 8 4 2 1 8 7 2 4
231 1 5 1 6 6 7 3 9 2 5
345 9 3 8 4 5 7 9 5 9 6
276 1 3 9 8 7 5 5 4 4 4
261 6 7 4 4 5 9 4 1 2 5
349 2 5 6 9 7 4 9 8 4 5
203 2 8 3 1 4 2 4 3 5 2
345 6 5 1 9 8 3 9 9 1 9
10
316 7 4 4 9 8 9 4 9 1 5
272 4 2 3 9 6 9 1 5 8 7
365 7 2 9 7 6 4 7 7 7 6
218 1 2 6 4 1 4 1 7 6 2
260 7 5 1 8 7 6 2 2 5 9
278 1 8 3 7 2 1 4 7 3 9
332 7 3 7 6 4 1 8 6 6 5
282 8 8 4 6 7 7 1 6 3 1
223 5 3 2 5 5 8 6 2 6 3
268 9 3 3 3 4 1 1 9 8 4
10
398 9 7 9 5 6 6 5 5 9 9
306 4 6 6 8 1 3 3 6 5 8
264 5 7 2 5 4 7 7 2 3 3
260 2 3 4 3 8 6 5 7 7 6
275 6 2 4 5 8 6 8 4 7 4
330 4 8 8 9 2 3 2 5 7 3
289 8 5 6 5 1 2 5 3 2 6
366 8 9 5 4 1 5 9 7 4 6
319 3 4 6 9 6 2 6 9 1 8
284 8 4 1 9 8 5 5 6 1 8
10
297 8 3 9 9 2 5 1 3 1 7
298 8 9 7 3 1 8 1 3 8 1
333 7 6 9 4 1 4 9 3 6 7
308 5 4 4 8 8 9 9 9 1 1
296 2 3 9 3 4 7 5 8 9 1
319 6 5 8 1 3 2 9 7 9 7
283 8 9 3 2 8 7 3 3 7 5
238 4 3 6 5 2 9 1 4 5 4
285 3 2 9 8 7 4 6 1 2 8
252 2 7 6 7 4 1 4 4 2 2
10
340 4 8 5 7 4 3 3 8 6 9
272 8 4 9 2 4 6 8 3 1 2
298 9 6 3 7 3 7 3 3 4 5
339 7 7 5 7 4 7 7 2 3 8
192 4 6 2 4 8 7 3 2 2 2
245 4 3 3 7 4 6 9 2 5 3
310 7 7 2 7 1 3 2 9 5 8
204 1 1 1 2 3 5 8 4 8 8
234 5 2 7 4 3 7 3 4 6 4
310 4 5 6 9 5 8 1 6 4 7
10
373 8 9 6 6 4 6 7 9 4 3
291 9 6 2 5 2 4 2 4 8 9
204 9 4 6 1 2 1 2 1 8 1
289 2 7 8 1 8 4 6 9 5 1
254 4 4 7 3 5 1 1 4 6 9
185 1 6 1 4 8 1 5 2 2 5
249 1 9 2 7 3 9 6 1 2 5
349 6 7 3 9 9 7 9 2 4 7
319 9 5 9 4 4 7 8 3 1 2
293 5 4 8 8 3 4 3 4 7 2
10
306 8 3 4 7 3 8 7 3 7 9
313 4 4 7 8 8 8 2 9 4 2
260 5 9 1 3 4 3 9 1 7 2
275 7 4 1 7 5 6 4 8 3 3
270 7 3 1 9 7 8 5 5 3 1
267 5 5 9 1 5 8 2 3 4 8
325 8 6 6 6 3 2 7 4 5 9
265 3 9 1 4 9 5 3 9 3 1
271 3 5 3 7 1 6 4 4 6 5
292 2 5 8 7 8 2 5 4 7 3
10
239 4 2 2 9 1 2 2 8 7 3
334 8 7 6 4 5 2 7 7 9 1
305 9 7 4 4 1 7 3 7 3 5
350 4 7 6 8 3 9 6 8 6 7
215 2 2 4 3 2 6 2 4 6 7
256 1 5 3 1 1 7 9 6 8 7
226 5 4 1 4 4 3 7 1 8 5
347 9 7 9 8 4 1 6 2 9 1
258 7 2 7 1 6 5 7 2 9 6
209 6 5 2 3 2 5 3 2 4 8
10
257 3 1 7 3 5 7 9 2 3 7
223 4 3 3 3 6 3 8 4 5 2
329 7 9 2 3 6 4 8 9 9 1
225 9 2 3 1 1 2 9 3 7 1
229 1 5 5 1 2 9 8 7 1 3
306 3 7 2 7 6 7 9 5 3 7
378 1 7 9 9 6 8 6 9 5 5
345 4 8 7 9 5 2 9 2 2 6
346 9 9 1 9 5 9 9 2 3 5
361 3 7 6 9 3 8 8 4 8 5
10
237 5 4 6 4 4 3 3 1 3 9
332 3 3 6 9 9 3 6 9 9 1
237 9 2 4 5 8 8 1 5 2 4
320 5 6 6 6 2 9 7 6 5 6
226 6 2 2 8 3 5 2 3 1 9
212 2 1 2 5 5 5 8 3 1 7
341 2 9 8 9 5 8 8 1 7 2
281 4 7 4 4 4 3 3 6 5 9
250 3 1 4 9 5 3 4 1 9 6
267 8 8 4 1 4 3 2 5 7 4
10
297 7 9 3 6 1 5 5 3 5 2
256 5 3 2 3 3 2 7 8 2 7
298 6 6 1 2 9 1 9 6 7 8
300 9 5 5 9 6 6 3 1 2 7
307 5 2 9 8 2 9 9 1 6 5
279 2 8 6 3 1 5 5 8 5 2
311 7 9 5 2 7 6 2 9 3 4
355 7 9 6 2 7 9 2 8 9 9
277 6 3 9 3 8 5 9 2 3 6
232 5 3 4 7 7 1 6 2 3 2
10
245 7 6 3 2 5 2 7 3 5 1
239 3 3 7 1 1 3 7 8 2 6
243 1 8 3 2 9 5 1 8 3 8
233 8 5 1 3 6 1 1 3 8 8
326 9 4 1 8 7 1 9 9 5 1
309 1 7 9 7 8 5 7 5 5 2
293 1 7 4 9 8 9 2 9 3 5
292 3 5 5 1 1 6 9 6 6 9
269 9 6 1 2 9 3 2 8 5 5
259 3 7 4 1 8 4 9 5 6 2
10
266 9 1 3 5 1 7 6 8 8 2
309 7 6 5 1 3 6 7 4 9 8
232 6 1 1 6 3 2 2 9 6 6
250 8 2 5 4 7 1 6 5 4 4
312 9 7 5 4 1 2 8 6 7 3
292 9 6 7 1 5 7 6 6 3 4
305 2 9 5 5 1 9 8 1 5 7
299 5 6 8 8 2 7 2 2 8 4
249 9 7 3 3 9 4 1 5 8 1
241 1 4 8 9 4 7 3 1 2 1
10
173 3 2 4 1 3 2 2 6 3 1
278 8 6 5 2 2 5 9 5 5 1
231 3 6 4 3 1 8 3 3 8 4
275 7 3 8 1 7 5 2 8 8 6
269 4 2 5 9 1 1 5 4 3 5
255 1 3 9 3 8 1 3 5 9 8
266 7 3 3 7 2 1 6 4 9 4
251 2 7 1 9 8 5 2 3 5 2
325 8 2 8 5 6 1 9 1 9 8
301 6 6 1 7 9 1 1 8 7 9
10
296 3 6 4 7 1 9 2 8 4 8
222 8 8 3 1 2 4 5 1 2 2
315 7 8 5 5 9 3 3 6 5 5
232 4 9 3 1 3 3 2 3 8 7
180 4 1 2 1 7 5 4 6 3 8
254 3 5 3 5 7 9 4 4 5 4
173 2 6 3 1 2 9 1 4 4 2
303 8 1 2 9 3 7 8 3 5 7
249 1 6 6 4 3 2 3 7 1 9
289 9 8 1 3 8 2 2 9 7 3
10
297 9 7 3 4 1 1 5 4 9 9
277 3 6 8 5 5 1 5 4 3 8
202 1 2 2 2 2 6 5 5 9 7
348 9 2 8 4 3 8 5 9 8 7
178 2 2 3 2 1 8 9 1 1 3
174 1 4 2 2 4 1 4 3 4 9
240 5 3 9 2 3 6 3 1 4 8
266 2 7 8 1 3 9 1 7 5 3
219 7 3 3 2 3 2 5 4 6 6
313 2 8 9 2 3 1 2 9 9 4
10
255 3 9 2 4 2 5 7 4 1 7
354 1 9 9 9 1 3 4 7 8 6
308 8 3 6 6 5 2 8 8 1 3
266 7 1 9 8 9 4 1 3 7 1
305 6 8 5 5 9 1 4 7 5 2
294 4 8 6 5 2 7 7 6 2 2
237 2 7 1 2 8 9 5 5 9 5
214 2 8 4 1 9 7 1 5 1 3
293 7 7 2 4 2 7 9 1 5 6
264 2 5 7 5 7 4 2 8 7 2
10
288 7 3 9 1 2 8 5 3 6 7
263 7 3 9 1 8 8 3 6 4 1
395 9 6 9 7 5 9 8 3 5 7
337 8 9 1 7 9 3 8 4 9 7
368 5 3 8 6 5 8 7 9 6 9
342 3 1 9 7 4 8 5 7 8 9
352 8 9 5 6 3 7 6 6 8 4
253 2 1 2 9 6 7 1 9 6 5
169 1 2 2 1 5 4 4 4 5 8
302 7 3 6 7 3 2 8 3 6 7
10
269 5 4 2 6 6 8 1 9 2 9
306 5 8 6 5 7 2 9 5 3 1
209 1 4 5 3 5 7 5 3 5 1
251 9 3 1 2 3 5 8 2 5 9
312 8 7 8 2 6 6 5 4 2 5
312 7 6 5 6 7 5 2 4 8 9
261 4 1 9 6 6 6 7 2 7 2
335 4 6 7 6 5 9 7 5 4 5
303 6 6 4 4 3 3 8 7 9 2
286 9 2 3 5 7 4 9 1 4 8
10
335 5 9 8 2 8 6 9 6 1 7
261 8 3 5 4 6 5 3 3 3 9
236 8 3 1 6 6 6 7 3 4 3
253 3 3 6 4 3 6 2 6 4 9
346 8 9 8 2 7 2 1 9 9 7
272 1 4 4 3 7 3 9 9 3 7
332 7 4 9 8 7 1 4 5 2 8
290 4 8 4 2 6 5 7 8 7 4
268 6 3 6 4 3 3 8 1 4 8
294 3 4 4 5 2 6 6 8 8 7
10
275 4 4 2 7 3 6 5 5 6 6
191 1 1 9 1 5 5 4 1 8 3
330 8 5 7 3 4 6 7 9 3 3
358 8 7 9 6 7 8 1 6 4 6
213 1 4 2 3 1 7 8 6 3 1
238 5 4 2 1 4 9 7 8 3 5
199 1 4 2 1 4 8 5 5 1 8
228 1 2 6 6 3 9 3 2 7 5
301 6 6 4 1 1 9 4 8 7 8
267 2 3 5 9 8 9 4 1 5 9
10
297 7 9 6 2 4 7 6 3 6 3
275 8 4 8 4 7 6 4 1 4 3
273 7 1 7 7 7 6 2 7 4 1
346 8 4 9 4 2 7 7 5 5 7
181 1 3 2 4 9 3 4 6 2 3
227 7 7 4 3 4 1 6 1 1 1
261 5 1 7 2 5 3 7 1 9 9
220 9 4 3 1 2 8 2 4 4 3
217 5 1 9 6 4 7 2 1 3 1
325 8 3 9 1 8 2 9 7 4 8
10
318 1 7 6 8 4 7 6 7 3 8
317 9 3 9 6 6 5 7 4 5 4
197 2 1 1 8 1 2 4 3 5 6
222 9 3 4 3 1 5 3 3 6 3
383 2 9 7 7 1 3 9 7 6 8
258 5 2 9 7 5 3 2 3 3 7
298 1 8 6 5 8 7 5 5 2 6
260 9 4 1 4 2 5 9 7 3 1
246 3 6 6 1 9 1 3 3 9 5
202 7 3 4 1 7 4 7 4 1 2
10
331 8 8 4 6 9 4 8 8 1 3
252 2 8 6 2 9 5 4 5 5 1
226 1 5 1 7 9 5 1 4 3 9
311 8 7 2 3 1 9 6 4 8 7
359 7 5 9 8 4 8 5 5 5 3
275 2 7 6 5 3 1 3 5 7 6
311 2 8 9 5 4 1 7 2 7 2
247 6 4 4 2 4 5 2 7 1 9
261 5 4 2 5 8 2 9 7 5 2
259 2 8 1 7 9 7 7 2 8 1
10
291 4 7 4 6 2 8 2 4 8 4
259 7 7 2 5 8 3 4 3 6 3
305 4 4 9 6 7 1 2 9 4 9
280 1 8 7 5 1 7 5 3 2 7
279 4 7 9 2 1 1 3 7 2 7
291 8 3 7 2 3 8 5 8 4 2
299 6 7 1 9 2 6 4 7 8 1
224 3 1 6 2 6 4 1 5 7 8
309 1 7 6 9 6 3 4 1 9 5
323 6 9 6 1 8 6 5 9 1 7
10
313 4 7 8 8 5 1 7 1 7 3
199 2 3 1 3 4 9 8 5 1 1
312 9 3 3 3 3 9 8 9 4 7
302 7 9 2 4 8 2 6 7 3 6
237 7 5 2 5 3 2 3 5 1 3
337 5 5 6 8 4 5 9 8 1 5
300 7 6 7 8 1 3 6 2 1 2
392 6 6 9 9 3 8 5 6 6 8
173 2 2 1 7 9 1 3 2 6 1
332 2 2 8 8 1 9 8 8 3 8
10
229 9 1 8 1 4 3 1 1 8 8
292 4 9 5 2 1 5 8 2 8 7
227 2 5 6 1 6 1 1 9 4 8
314 7 8 6 4 8 5 1 7 4 6
230 4 5 1 3 1 6 6 4 6 2
288 5 8 7 4 8 4 4 5 6 1
272 5 1 4 3 5 5 6 8 9 8
331 4 9 6 5 3 4 9 5 6 6
383 8 9 9 5 6 4 9 4 7 2
276 1 6 6 3 4 3 6 7 6 6
10
307 9 3 6 8 8 2 6 8 2 2
257 2 2 1 6 9 6 9 8 7 2
291 1 6 5 2 5 5 9 3 8 9
324 2 9 9 5 7 8 6 4 5 4
251 4 2 2 8 8 6 1 8 1 8
351 9 7 4 9 6 6 2 4 8 8
319 4 7 1 7 5 9 8 7 9 5
248 5 3 7 6 6 2 1 3 8 4
239 2 7 6 5 7 2 5 1 2 2
231 7 3 3 2 8 4 1 7 3 9
10
281 7 5 3 6 1 9 9 3 5 2
302 8 8 5 3 2 2 5 6 9 3
233 2 2 1 9 1 6 1 8 7 1
318 3 8 7 1 1 5 9 9 4 7
250 6 3 6 4 7 5 5 3 2 7
304 5 9 8 3 9 7 1 7 4 3
312 6 3 2 8 7 4 7 7 7 5
333 5 6 2 9 2 6 4 8 8 5
319 6 3 7 8 6 5 6 7 3 1
282 4 6 2 9 1 7 3 4 9 5
10
253 1 7 2 8 6 5 4 3 2 7
263 3 2 7 1 4 8 6 6 9 7
305 3 5 7 6 6 7 4 3 9 4
314 7 2 8 7 6 4 2 7 9 2
250 1 9 4 4 7 7 8 1 1 6
308 7 6 2 7 6 5 5 6 1 9
347 6 9 6 4 7 4 8 6 9 5
275 7 3 5 2 1 9 7 9 4 2
292 9 8 2 4 5 7 8 1 7 4
299 9 8 3 2 8 9 8 1 5 9
10
133 1 4 1 2 9 1 6 1 3 1
236 4 9 2 1 4 4 9 3 1 5
372 8 9 1 9 5 1 7 7 6 7
251 9 3 1 8 2 4 7 3 4 3
209 1 2 7 7 5 9 2 1 4 3
295 5 5 8 7 5 9 3 1 6 3
280 5 4 4 8 7 3 6 3 6 2
263 9 2 2 7 4 6 6 3 8 2
227 3 3 3 2 4 3 8 7 4 4
259 8 5 2 5 5 3 7 4 4 2
10
282 6 6 5 7 3 1 1 7 2 9
297 9 8 8 5 7 1 1 1 2 7
273 8 6 7 1 8 1 7 6 3 1
295 3 3 3 7 5 1 8 7 7 6
338 7 7 9 4 7 4 8 4 7 4
315 8 7 6 9 5 1 3 5 5 2
219 3 3 3 2 6 8 8 5 1 7
244 9 6 1 4 8 1 6 2 3 2
327 1 8 7 3 4 7 8 7 2 9
328 5 4 5 8 4 8 6 7 7 2
10
223 3 3 1 9 7 3 1 1 7 9
324 9 6 4 6 8 1 6 7 3 9
216 9 3 5 1 1 8 2 2 4 3
208 3 6 4 3 5 2 1 1 8 1
279 2 3 6 8 4 7 8 2 8 3
232 1 4 8 5 3 1 2 4 5 5
234 5 9 1 5 3 1 4 1 2 8
258 5 5 4 2 8 6 8 6 1 2
353 7 8 3 9 5 7 9 1 3 9
261 2 9 2 1 8 6 9 4 5 5
10
258 5 1 5 7 8 4 1 8 7 6
249 1 6 8 5 3 1 3 3 7 5
251 9 3 5 5 3 8 1 6 2 3
294 8 6 7 3 3 2 6 6 1 3
218 7 4 4 5 1 1 1 2 6 2
222 6 5 1 2 3 2 4 3 7 9
292 9 9 4 2 6 1 8 4 5 2
273 1 6 5 7 9 4 2 3 7 7
290 2 8 7 2 9 8 7 6 2 6
336 1 9 8 7 3 5 2 9 5 7
10
293 3 4 5 6 3 1 9 9 6 2
221 1 8 1 2 8 5 6 7 1 2
230 1 1 4 5 8 5 3 8 3 9
247 1 3 5 9 1 9 5 2 2 2
267 2 6 6 1 9 7 4 7 4 5
280 3 3 8 1 9 4 7 8 8 2
280 4 7 8 5 4 7 2 2 2 7
299 7 1 8 9 9 2 9 2 1 4
394 5 8 5 6 7 5 9 9 9 7
349 8 5 1 9 7 6 7 9 1 9
10
282 8 4 8 1 8 1 6 3 8 3
336 5 7 5 8 8 7 9 2 5 3
229 7 2 6 1 9 4 4 3 2 6
309 9 3 8 4 5 9 7 8 4 1
329 8 6 6 3 9 4 8 6 7 5
222 9 8 2 2 1 1 3 2 2 7
275 2 2 5 8 7 1 8 5 9 3
408 6 8 6 7 2 9 8 9 8 6
241 8 6 2 4 1 4 1 1 6 6
336 3 8 2 9 8 3 6 9 8 3
10
250 7 7 1 2 8 7 3 8 2 4
275 9 3 7 5 7 1 3 3 8 2
262 5 1 3 5 8 9 6 7 8 2
279 3 9 3 2 3 1 9 1 8 7
305 3 2 9 7 1 8 9 4 5 1
297 5 8 8 1 2 1 4 3 7 9
309 5 2 9 7 6 2 1 9 5 9
222 2 1 3 3 6 9 6 6 2 8
277 6 5 3 7 5 1 5 9 4 1
349 9 9 9 6 5 5 1 3 2 8
10
294 8 5 3 2 9 4 8 7 4 8
240 3 1 8 3 5 1 8 3 9 4
243 4 7 4 1 7 9 2 8 1 4
380 8 8 9 4 4 7 6 7 3 7
331 7 9 2 8 7 6 7 4 3 9
299 3 8 8 5 7 6 3 5 6 3
355 8 7 1 9 9 6 6 5 9 5
219 1 3 3 4 1 3 2 8 8 7
272 6 5 2 7 2 7 5 6 2 3
312 1 3 8 9 1 8 7 4 5 8
10
280 5 5 9 2 5 9 4 3 9 4
189 5 3 1 3 9 1 2 7 1 8
316 7 8 7 1 5 8 3 7 8 2
267 9 7 4 7 5 1 2 3 6 1
317 8 6 8 7 5 8 3 1 9 3
344 9 2 7 9 1 3 3 7 6 9
211 5 4 6 1 9 7 3 1 1 7
334 8 8 1 9 4 8 7 1 9 4
245 7 1 8 5 2 2 1 6 5 5
238 4 7 7 2 1 1 6 3 2 4
10
257 7 9 6 1 6 1 5 1 7 2
254 3 4 4 6 4 8 6 4 5 1
314 7 9 3 8 8 7 8 1 7 1
303 1 5 5 8 8 5 4 6 9 4
371 9 8 6 8 2 3 4 7 4 6
180 2 2 4 2 8 4 3 2 1 9
302 2 9 1 9 1 8 3 9 2 6
277 3 7 2 5 9 7 9 4 7 3
281 6 6 6 1 8 6 4 8 3 9
299 6 6 2 4 7 7 2 8 8 9
10
320 7 3 4 9 7 4 7 3 8 9
281 1 6 2 8 1 3 5 9 6 4
275 3 6 9 5 8 8 3 5 2 3
343 9 7 6 7 9 8 2 7 8 4
231 2 6 7 3 2 3 6 1 3 4
285 5 2 2 6 8 3 7 5 8 8
271 4 2 7 6 6 6 2 5 2 9
280 8 8 3 2 3 3 5 9 3 2
336 5 4 9 7 7 6 9 1 9 6
339 2 7 8 9 6 7 5 6 8 3
10
358 8 5 8 8 8 1 9 5 8 3
171 4 1 1 1 3 5 9 5 2 1
276 8 3 1 7 8 8 6 6 1 7
261 9 1 6 3 2 6 1 7 6 6
265 3 3 9 2 6 1 9 9 1 2
260 5 5 5 4 7 6 6 2 1 5
237 5 3 5 3 2 2 1 9 3 7
323 8 9 2 7 8 3 7 5 2 2
259 2 9 4 8 2 3 2 5 2 5
183 2 6 1 2 6 8 7 1 6 1
10
249 1 1 7 5 6 1 9 1 6 8
293 4 3 4 9 3 3 2 7 6 7
204 5 5 4 3 8 2 5 2 3 2
321 8 5 9 4 2 3 7 4 7 1
317 8 3 8 1 8 8 8 9 3 2
222 2 1 4 5 2 4 6 9 2 3
266 2 8 1 5 1 6 9 2 3 9
269 7 1 8 8 2 7 4 1 2 8
287 4 5 1 6 8 4 7 9 3 6
150 1 2 3 6 2 5 2 3 1 2
10
288 1 2 9 6 9 5 5 4 9 7
271 2 5 7 3 7 6 7 2 7 7
208 3 2 7 4 2 1 6 2 2 4
277 6 5 3 8 3 7 4 7 1 6
230 5 7 2 3 3 2 5 4 6 3
238 7 2 6 5 3 8 1 1 7 3
315 8 3 4 6 7 8 8 5 2 7
280 3 4 2 7 4 6 6 3 8 8
211 2 2 8 4 2 2 5 5 1 2
279 9 3 8 2 3 5 6 3 6 7
10
205 7 1 1 6 8 4 2 5 1 5
336 6 4 8 6 8 5 8 3 7 9
311 5 9 7 9 1 6 2 5 3 3
297 8 5 4 6 1 6 7 3 3 9
247 1 1 7 8 8 7 1 7 6 2
355 6 6 9 6 9 1 5 8 2 8
282 5 4 2 6 1 9 6 8 6 6
250 1 2 6 8 9 8 5 4 1 5
273 9 6 1 5 8 4 6 1 8 8
266 3 4 6 4 6 2 8 5 7 2
10
338 4 7 4 7 5 8 7 4 8 6
329 5 4 4 9 9 2 9 3 9 5
339 4 8 7 6 7 1 6 6 8 4
368 9 8 9 3 9 9 4 8 9 1
289 3 4 3 9 9 7 9 4 1 8
311 5 8 2 5 6 7 4 9 4 8
285 6 8 8 2 6 7 1 1 9 2
259 9 3 4 2 2 5 9 1 7 6
331 4 8 3 8 4 8 6 5 5 6
287 8 1 3 9 1 1 8 1 5 9
10
310 1 8 8 5 2 5 3 8 9 3
225 8 1 7 4 8 4 5 1 1 5
308 1 4 6 6 4 7 9 6 4 8
256 7 5 8 3 3 2 2 1 6 5
228 1 2 4 8 2 6 5 2 4 3
304 7 5 3 7 7 9 6 4 6 8
289 6 3 2 9 1 5 3 8 4 5
338 9 3 6 6 3 3 8 8 8 3
299 1 8 9 5 4 5 7 1 8 4
304 7 1 6 8 1 1 5 7 8 6
10
306 4 6 5 6 5 8 8 1 5 9
264 7 2 6 3 5 9 5 3 7 2
337 6 7 7 3 7 7 8 8 5 3
216 3 8 3 1 2 4 4 5 4 3
376 8 6 9 8 5 8 6 4 4 8
317 6 8 3 8 5 9 8 1 2 5
349 2 8 9 7 9 2 4 4 9 6
245 6 4 2 5 2 7 9 4 1 4
294 3 9 6 3 4 2 1 8 5 6
399 8 8 8 8 5 2 9 6 5 7
10
312 5 9 9 4 5 1 5 2 7 4
346 6 8 8 9 6 5 1 3 7 4
193 3 2 1 4 4 4 3 9 4 1
291 7 8 1 9 4 8 7 1 3 4
258 7 3 4 3 1 7 5 1 7 9
346 8 2 9 8 3 7 5 6 7 6
337 8 4 9 9 7 1 7 3 2 8
290 6 9 5 4 3 5 1 7 3 7
343 9 4 9 6 5 9 7 2 4 4
348 4 5 5 9 4 9 9 6 5 9
10
252 5 7 3 8 4 2 3 2 2 2
324 7 6 7 4 8 6 8 1 5 8
205 4 3 1 2 4 5 6 8 1 7
261 4 7 1 8 3 4 7 2 2 7
297 1 1 6 9 5 7 9 3 7 8
283 6 8 6 5 3 3 1 1 9 6
247 7 7 3 7 4 8 1 1 7 2
275 4 7 2 2 8 3 8 8 6 6
264 3 4 7 4 6 6 6 4 1 8
266 4 6 5 3 5 9 4 6 1 4
10
301 8 4 9 2 9 6 8 3 4 4
251 7 4 7 2 7 4 3 1 3 9
355 1 9 3 8 6 9 7 8 9 9
273 3 2 7 5 2 6 3 8 5 8
276 2 6 8 3 8 6 8 3 1 4
170 5 2 1 1 9 9 7 3 1 1
351 2 8 4 7 3 6 9 9 8 6
268 2 3 6 5 3 7 7 8 5 2
277 1 6 1 8 4 3 5 8 3 9
292 4 7 1 8 7 3 8 4 7 4
10
270 9 1 4 3 9 5 6 8 4 3
355 9 4 9 7 1 2 8 5 6 5
225 2 6 8 1 3 4 6 4 2 2
273 3 5 9 4 5 7 7 4 3 3
255 2 7 1 5 8 9 5 6 6 1
165 5 4 1 1 3 3 4 1 5 3
250 2 2 4 9 2 3 1 9 7 2
235 7 2 5 6 6 3 1 2 7 1
296 6 1 8 8 5 3 9 2 7 3
373 8 8 9 1 7 1 9 8 3 9
10
246 7 4 2 3 2 8 4 7 8 1
250 3 3 8 6 3 2 5 5 4 1
330 7 7 2 8 8 8 5 9 4 6
330 5 7 6 4 8 2 5 8 8 5
260 7 9 2 4 5 4 6 1 2 3
278 1 9 2 8 9 5 5 2 8 2
317 5 1 3 8 1 8 9 8 9 6
350 3 7 8 9 9 6 5 2 8 7
258 2 9 3 3 4 5 6 8 2 4
308 7 8 3 2 9 9 2 9 8 4
10
246 9 1 6 4 6 9 3 4 3 6
381 9 7 8 6 6 4 6 8 6 7
314 7 7 3 8 9 6 9 6 2 2
233 5 5 2 2 8 6 2 9 5 3
263 4 1 8 8 2 6 1 5 6 1
246 2 6 4 4 5 6 4 5 6 5
241 4 9 3 3 4 6 2 2 2 8
362 7 7 5 9 6 5 8 4 7 8
270 8 7 6 4 1 8 1 3 5 3
189 2 1 7 2 1 3 2 2 9 4
10
252 8 1 3 5 5 3 3 2 9 8
204 3 7 1 2 2 3 2 7 1 3
346 3 6 9 2 7 5 9 7 6 8
319 9 4 7 1 3 4 5 8 8 9
316 3 5 4 9 5 8 6 3 5 9
314 1 6 5 7 2 8 9 7 5 7
291 1 4 8 4 6 8 8 3 3 8
303 4 1 5 7 3 7 6 8 5 8
390 9 2 9 9 1 9 6 8 7 6
288 8 1 2 5 5 2 5 9 7 7
10
281 3 4 9 4 4 7 4 8 7 2
381 1 8 9 8 2 8 9 6 6 8
324 4 9 5 5 2 9 7 3 7 7
250 7 2 7 7 5 4 5 2 2 1
225 1 9 1 6 2 6 5 3 3 4
296 3 3 3 7 3 1 8 7 8 8
208 1 2 1 6 7 5 5 4 8 2
299 7 5 6 8 6 5 2 3 1 7
280 9 6 8 1 1 7 7 1 6 1
326 6 4 7 5 6 5 6 7 7 6
10
327 3 9 6 7 9 6 3 7 1 5
252 3 2 3 7 9 1 6 2 8 9
354 6 3 7 6 6 8 9 8 8 8
235 3 6 7 1 2 4 3 1 9 6
276 5 6 2 5 1 4 8 6 5 4
308 5 2 9 6 3 8 8 3 7 4
221 4 1 2 5 8 4 2 5 8 9
296 1 8 9 6 7 1 8 4 1 2
326 3 3 6 5 1 3 8 9 9 8
195 4 3 6 1 3 4 2 3 4 2
10
334 1 5 8 9 5 9 1 8 7 7
286 8 8 8 3 1 4 1 1 4 9
213 3 2 4 6 2 7 7 1 2 2
279 3 4 8 2 9 7 9 5 3 5
289 8 9 7 4 2 8 4 2 3 1
339 3 6 7 8 3 2 4 5 9 7
210 2 4 1 3 3 8 3 6 3 7
331 7 6 9 9 7 7 1 7 1 1
286 1 7 7 5 8 8 3 6 5 2
290 7 6 6 4 5 5 7 3 1 7
10
309 1 8 9 2 1 8 7 4 3 7
322 9 4 8 7 8 2 6 4 1 3
273 9 1 8 1 6 8 3 8 1 6
283 4 4 8 3 9 5 9 6 2 2
342 4 5 7 8 5 6 6 5 7 6
197 7 1 2 4 7 3 4 2 4 2
266 8 3 4 8 3 9 3 5 1 5
274 7 1 9 2 1 3 9 5 6 5
220 2 7 3 4 3 7 3 1 2 7
233 7 3 2 8 2 8 3 1 1 7
10
229 3 2 7 2 6 1 7 2 3 5
290 1 8 8 6 5 4 2 1 5 8
258 5 3 8 1 2 7 3 6 3 8
353 9 1 8 7 6 4 8 6 9 4
257 1 9 6 4 5 4 8 1 5 2
286 5 9 1 7 2 6 1 5 7 5
261 2 6 8 2 2 3 5 5 5 7
280 2 9 4 1 8 1 8 2 7 9
285 6 5 2 9 8 4 2 7 6 2
314 9 4 4 6 8 8 6 6 3 6
10
292 3 8 6 3 3 3 3 6 5 9
365 4 8 8 8 7 1 8 7 1 9
201 2 6 3 1 2 3 2 6 5 1
338 4 6 6 9 9 8 7 8 4 1
272 3 7 7 3 9 1 1 8 4 4
228 3 3 6 2 9 5 5 2 2 7
311 3 8 2 6 4 9 6 8 2 8
245 9 3 9 3 1 1 1 5 2 5
283 2 9 7 2 9 2 8 6 4 2
338 4 7 5 7 4 9 2 9 9 9
10
233 3 1 5 2 2 8 5 7 2 9
324 9 3 8 2 6 8 8 6 5 5
308 6 6 1 8 4 8 8 3 7 4
261 3 6 7 7 6 4 4 2 3 2
180 5 2 3 5 3 1 1 4 1 7
267 3 8 6 2 9 8 1 5 7 3
223 4 1 3 8 1 7 3 6 4 4
301 8 3 6 8 1 8 2 2 9 9
298 7 9 3 6 3 5 1 8 1 7
328 8 8 4 7 6 3 7 2 9 1
10
301 6 5 8 9 6 3 2 1 2 9
255 2 4 9 3 7 9 4 6 5 1
320 5 8 5 2 4 8 9 4 7 8
290 7 8 1 5 5 7 3 4 4 9
212 5 9 4 3 4 4 1 1 5 2
256 7 4 2 9 1 8 3 1 8 2
202 2 3 3 4 7 4 6 6 1 3
276 5 6 8 1 4 8 1 8 9 1
356 5 6 9 4 5 8 5 9 9 1
205 3 3 9 1 1 7 3 2 6 3
10
340 2 9 8 3 3 3 8 9 9 5
370 3 7 8 8 6 3 7 9 5 5
322 5 7 6 8 3 8 1 5 6 7
352 7 3 7 9 4 9 6 4 5 9
264 9 5 3 2 5 7 7 2 7 6
262 9 5 4 7 6 1 2 2 4 2
328 5 9 3 8 1 8 8 6 2 7
251 1 1 5 3 9 5 7 8 2 9
301 4 9 7 6 6 9 1 4 3 7
296 3 6 8 6 9 7 3 7 4 4
10
228 1 4 2 7 8 3 6 1 9 5
294 4 5 7 3 1 1 6 8 2 7
329 6 9 2 9 1 1 2 7 6 9
286 3 9 8 1 5 6 2 7 5 5
282 6 6 3 4 1 1 9 3 7 6
341 9 8 6 9 4 3 2 2 8 6
204 1 2 1 7 3 7 1 9 6 2
272 5 7 1 3 9 8 7 8 1 4
279 3 8 3 5 1 7 6 9 4 1
291 2 6 3 7 4 4 5 6 9 8
10
226 6 9 4 1 9 9 1 1 2 7
230 4 3 6 3 1 6 1 8 2 8
291 4 5 5 8 6 4 1 5 9 6
301 6 9 5 3 1 4 7 5 4 4
265 2 6 5 4 9 3 5 2 5 8
254 7 3 6 2 5 6 6 4 2 4
297 5 6 6 7 6 6 6 3 8 2
347 9 9 3 7 4 8 8 4 5 6
280 6 7 3 6 2 1 9 2 8 1
262 7 7 4 1 6 7 4 3 7 6
10
301 3 6 9 1 6 9 8 2 3 8
327 9 1 8 8 3 2 9 3 4 6
242 2 2 9 2 2 2 2 6 8 5
272 9 2 2 6 1 4 8 3 5 7
309 2 8 5 9 3 6 6 5 2 5
263 2 2 8 9 5 6 3 1 3 5
194 6 3 3 1 7 3 1 3 7 2
317 5 3 7 6 9 4 5 9 6 3
158 1 1 3 1 6 3 1 7 4 4
263 3 6 3 1 1 8 6 8 6 6
10
199 3 6 8 2 2 7 1 3 1 1
352 4 9 7 8 1 3 3 7 8 6
231 6 7 3 1 4 4 5 4 4 4
277 3 2 7 9 2 4 6 3 6 6
322 7 6 9 4 9 8 7 2 5 3
255 1 4 7 3 1 7 8 5 7 1
292 6 8 1 6 6 8 7 3 9 2
254 9 4 4 4 8 4 3 1 7 7
338 6 6 7 6 3 3 6 5 9 7
196 1 2 5 1 8 8 4 5 8 3
10
296 5 7 7 2 8 9 1 7 2 7
311 4 4 4 8 4 1 8 7 8 4
280 5 2 6 5 2 7 9 6 5 2
371 5 9 9 7 4 3 2 4 9 9
329 2 9 9 2 4 4 5 6 7 6
245 1 8 5 4 7 1 2 2 6 8
214 3 7 3 8 7 2 1 1 4 2
229 1 2 6 8 3 4 4 5 2 3
280 3 4 4 8 6 7 7 4 6 1
325 4 9 4 2 4 6 7 9 8 6
10
267 2 5 8 7 7 9 3 3 6 2
352 7 9 8 2 1 5 6 7 8 3
267 9 4 3 2 1 9 9 9 1 1
321 7 7 8 1 6 5 9 5 4 3
226 3 1 6 2 4 4 4 7 5 6
225 5 2 8 3 7 2 5 4 3 3
304 3 3 9 2 9 8 4 8 8 8
233 1 7 8 3 7 5 2 3 4 1
419 9 8 5 9 7 9 9 8 2 7
282 3 7 4 8 8 6 3 4 7 3
10
326 4 7 7 9 6 4 5 1 6 9
308 6 8 8 1 7 5 7 6 1 9
287 6 4 5 7 8 7 3 5 6 2
252 4 7 5 2 8 8 6 1 2 8
257 6 5 2 1 6 6 7 9 3 6
275 1 6 1 8 5 1 8 4 5 8
213 6 2 7 2 4 7 1 4 2 6
276 7 2 7 5 4 1 2 4 8 8
246 2 5 6 6 2 4 5 3 3 2
245 6 3 4 2 1 2 3 7 7 9
10
256 7 2 2 8 4 1 6 4 7 3
323 2 1 8 7 7 8 6 9 9 5
291 7 2 4 9 2 3 9 6 4 3
292 4 3 4 5 9 6 9 5 8 5
260 6 4 7 4 7 4 2 3 9 1
246 1 9 4 3 3 4 7 1 8 2
248 9 5 4 3 7 7 1 9 2 2
260 4 6 7 5 3 5 4 3 1 4
249 6 6 2 3 7 5 3 2 7 9
283 9 7 4 3 5 2 1 7 9 4
10
211 6 7 3 1 2 3 6 4 1 2
321 9 1 8 7 7 6 7 2 7 6
199 3 7 4 1 4 8 2 2 2 5
317 7 9 1 2 2 8 7 5 8 8
273 1 3 8 3 1 3 9 4 6 5
235 4 7 7 3 4 3 3 2 5 3
206 5 8 1 4 1 3 4 2 2 1
316 2 7 5 4 9 6 6 9 8 3
225 2 1 3 3 3 5 8 8 7 3
297 9 2 6 3 8 2 6 7 8 4
10
293 2 9 4 5 1 8 8 3 5 8
392 3 9 7 6 9 4 8 7 7 9
244 3 2 1 8 6 4 4 6 2 8
284 3 9 3 8 8 3 7 2 4 4
323 8 2 6 9 1 3 5 8 1 9
362 7 7 9 7 3 3 6 5 7 7
305 6 5 1 9 4 5 4 9 8 2
262 1 4 8 1 8 6 5 8 3 7
238 1 8 1 2 2 3 9 7 2 3
238 8 1 1 5 2 4 3 6 4 9
10
248 3 3 7 4 7 9 5 4 1 2
260 2 7 6 8 7 4 1 2 1 9
377 9 9 9 4 4 4 6 5 6 6
278 2 5 2 3 6 6 8 8 6 6
211 5 9 2 2 8 3 3 1 2 4
339 5 3 4 6 9 2 9 8 8 9
355 3 9 4 9 5 1 8 5 5 9
377 5 9 9 6 2 2 6 9 7 7
267 3 6 3 3 4 1 9 3 8 8
187 7 1 9 1 2 5 2 1 1 3
10
231 5 1 7 7 8 5 2 3 1 4
326 9 7 1 8 6 4 5 7 3 5
319 8 5 9 5 3 4 3 8 9 1
320 4 2 9 4 9 7 8 7 8 3
272 8 3 1 8 5 4 1 9 4 3
333 6 3 5 8 7 8 8 7 2 6
278 5 1 1 9 8 8 7 8 6 2
353 4 3 7 9 3 9 4 6 9 9
311 3 5 4 7 2 1 9 7 8 5
301 2 3 7 9 7 6 6 4 8 3
10
314 6 5 2 5 4 9 9 7 6 9
286 3 6 5 6 9 2 8 2 7 2
211 5 1 1 5 3 9 1 7 2 7
412 8 6 9 7 7 4 9 6 6 9
289 5 5 6 5 5 8 6 2 7 7
190 6 2 4 2 6 4 6 3 2 1
262 9 5 1 4 5 7 6 8 1 4
417 8 9 8 9 1 2 6 9 8 7
235 3 9 1 4 2 8 1 1 6 7
351 7 9 9 4 3 3 6 7 4 7
10
262 2 6 5 8 6 4 3 6 2 3
267 7 3 8 6 9 4 2 1 6 4
290 5 3 8 7 4 7 2 7 3 3
192 2 1 5 3 5 2 7 3 6 3
229 2 7 9 3 7 2 2 2 2 2
155 1 6 1 2 9 2 4 2 2 1
239 1 6 7 1 5 2 5 6 9 1
330 9 2 9 8 9 7 5 4 1 6
249 8 4 1 8 8 1 2 5 2 8
353 4 7 9 6 8 9 5 6 9 5
10
281 1 2 8 9 7 8 3 5 6 4
274 2 5 5 8 4 1 1 9 4 4
264 1 8 9 5 3 4 2 2 1 4
301 7 7 4 8 4 9 1 2 7 9
272 6 7 5 8 4 3 2 1 3 6
322 1 9 9 5 1 8 5 9 1 5
265 8 1 4 6 8 4 3 6 4 4
318 2 5 6 3 5 6 9 7 8 5
232 3 2 1 6 2 1 9 3 7 8
296 5 6 2 8 3 9 8 3 4 5
10
302 2 8 6 8 4 8 2 3 8 6
252 1 8 4 6 6 3 6 5 1 2
296 2 4 8 4 7 6 8 7 1 6
243 2 8 2 1 1 2 7 9 4 1
347 8 1 5 8 9 1 9 8 6 6
255 2 4 5 8 2 1 2 8 8 1
351 5 7 8 4 9 5 9 8 6 2
275 2 7 1 7 1 8 8 4 8 1
330 5 9 7 8 8 4 6 5 1 3
262 9 1 9 9 6 1 2 1 5 2
10
368 7 5 9 9 5 5 5 4 9 9
236 3 4 1 5 3 6 9 6 1 6
304 8 4 7 2 1 7 7 8 7 1
310 9 8 3 4 3 4 8 9 3 1
220 8 5 3 5 1 8 3 4 1 1
311 8 7 5 1 4 7 7 8 5 5
275 5 9 1 1 8 5 7 5 9 4
268 5 3 9 3 5 1 5 8 7 1
263 7 3 4 5 3 5 3 4 8 9
253 2 4 8 5 6 5 4 4 4 1
10
265 8 2 8 2 4 4 6 1 7 6
342 7 1 4 9 4 9 4 9 9 6
366 9 8 8 4 9 4 8 6 6 2
350 2 6 9 8 8 5 8 6 5 6
281 6 3 3 9 8 1 9 2 3 9
263 5 4 6 3 6 2 2 7 8 1
347 5 8 7 2 5 9 9 5 5 7
311 7 2 3 9 3 9 6 9 6 2
321 8 5 6 8 9 8 3 3 1 7
240 3 2 6 7 7 5 6 3 1 6
10
216 3 2 2 6 2 6 7 5 2 4
325 6 7 8 3 1 8 5 9 8 2
323 5 9 3 6 9 9 3 9 3 6
278 1 5 6 6 4 5 9 4 5 1
310 6 5 8 4 3 3 9 5 4 3
292 6 8 3 6 6 6 7 2 4 6
290 3 9 9 1 1 4 4 6 8 3
278 6 1 5 7 6 7 1 5 7 9
326 6 9 4 8 3 1 6 5 8 3
232 7 9 3 2 1 1 2 5 1 6
10
333 7 6 7 9 4 3 5 7 3 5
279 9 8 5 1 2 9 1 5 9 3
262 9 4 5 1 4 1 5 5 3 8
343 8 6 9 6 5 7 6 1 2 8
255 5 1 6 1 6 6 5 8 4 6
265 4 9 7 1 8 1 1 7 2 4
304 1 9 4 2 2 5 8 9 6 7
269 9 4 7 1 9 1 4 4 1 8
245 1 8 8 3 4 1 3 3 8 3
317 9 3 6 2 4 5 8 7 5 7
10
277 9 1 4 5 1 5 7 8 6 2
289 4 4 7 6 9 7 5 2 3 8
182 2 2 2 3 5 7 3 2 8 4
313 5 4 9 4 2 7 5 6 6 9
335 4 8 3 9 7 3 9 1 5 8
296 8 9 4 2 7 9 4 1 9 9
279 5 3 8 8 3 7 4 1 2 6
161 2 1 1 1 8 1 2 8 4 9
312 5 6 5 9 4 9 1 8 2 6
297 6 8 4 6 3 9 7 4 3 2
10
238 8 2 1 4 2 6 5 7 4 7
313 5 1 7 4 8 7 9 9 3 7
332 2 6 8 7 1 1 3 9 3 9
279 4 8 4 4 6 1 9 3 7 1
235 2 8 5 1 2 6 7 3 2 4
322 4 3 8 2 4 6 9 6 8 9
293 6 1 6 9 9 8 1 6 8 1
262 1 8 2 9 8 6 5 5 2 1
192 4 5 4 7 1 2 2 1 2 2
258 6 6 2 8 2 5 1 8 3 1
10
234 8 1 2 3 4 7 9 3 1 7
299 1 5 6 9 8 4 4 5 6 8
229 9 3 2 4 1 1 4 7 4 3
305 1 9 5 2 5 2 9 7 9 3
232 9 2 1 8 2 4 3 5 1 6
285 8 5 5 4 4 4 9 1 7 5
241 7 3 2 6 3 2 7 3 7 3
253 2 7 2 3 7 8 6 4 5 6
352 3 9 6 8 7 6 9 6 8 2
267 4 9 3 4 3 3 2 8 1 6
10
365 4 6 8 9 6 9 3 8 7 9
267 2 8 7 2 2 3 3 8 4 7
296 1 5 9 4 6 6 9 3 5 7
320 4 5 3 5 3 4 9 9 7 8
247 3 9 3 2 1 2 5 5 4 7
309 3 4 4 6 4 5 9 9 8 6
264 8 7 5 1 4 4 6 2 5 1
271 2 3 9 3 1 8 9 5 1 6
334 9 8 7 7 7 4 1 6 7 3
332 4 9 9 6 1 6 5 8 4 2
10
173 7 2 2 4 2 2 4 2 1 1
191 3 5 2 2 3 3 1 2 5 7
228 6 1 7 4 7 4 5 1 6 2
240 6 4 2 2 3 7 2 3 9 7
211 3 6 2 1 8 5 8 3 3 2
364 1 9 7 7 8 2 8 9 5 9
242 3 3 4 8 1 1 2 7 2 4
357 4 3 5 9 9 8 6 9 9 9
263 5 3 5 7 2 7 4 3 2 8
261 4 5 1 5 2 2 8 5 8 8
10
271 2 4 8 6 2 8 4 4 9 3
246 1 2 6 2 9 4 7 8 8 5
220 4 2 1 9 4 9 1 1 6 8
354 8 6 5 5 6 8 9 6 1 9
313 4 8 5 5 6 9 3 3 8 8
289 3 4 9 7 9 4 8 2 7 1
188 4 2 5 5 4 7 2 2 3 2
245 1 8 5 2 2 6 7 4 1 2
331 6 8 8 1 7 1 8 6 1 9
185 1 3 1 2 9 9 3 8 1 8
10
253 3 1 5 2 5 1 9 7 7 8
306 4 8 8 1 8 4 7 5 4 7
260 2 2 7 5 5 7 2 9 1 5
301 3 6 4 8 6 4 7 6 6 5
277 2 4 5 4 6 5 5 9 1 7
239 9 4 8 1 7 6 4 3 2 2
310 5 7 5 6 5 4 5 4 8 2
262 1 8 3 2 9 4 9 5 3 5
340 3 9 9 4 4 1 8 4 9 2
248 1 9 1 1 7 6 8 7 5 5
10
323 3 7 2 8 9 3 5 8 6 6
342 5 9 9 6 3 4 2 6 7 7
260 2 9 9 4 4 9 3 1 3 1
297 2 2 7 9 6 7 4 5 8 5
278 3 5 9 3 6 8 3 8 3 5
230 1 5 2 3 5 8 4 9 3 4
257 6 3 9 1 3 8 3 7 2 4
326 4 6 4 8 9 1 4 9 9 5
314 7 7 6 6 7 7 6 4 5 3
249 3 6 2 9 9 6 4 1 3 4
10
307 5 5 4 9 4 7 6 7 2 3
238 2 4 7 6 7 3 9 1 3 1
285 5 3 4 2 8 6 5 9 8 7
256 3 5 7 2 6 4 2 8 7 4
278 5 9 4 6 2 7 2 4 9 1
301 7 9 7 3 4 9 6 4 1 3
309 3 7 5 6 6 8 8 1 6 8
355 8 2 9 5 2 6 9 7 8 7
231 7 2 3 4 8 2 3 2 3 9
196 3 2 1 1 8 3 8 9 1 6
10
218 6 1 2 7 7 7 5 1 1 6
262 2 1 7 7 3 3 4 8 7 3
281 3 6 3 7 8 8 1 6 6 5
203 5 2 1 8 9 7 1 1 4 8
248 9 7 3 3 7 7 1 1 6 1
196 2 4 3 3 5 6 4 3 7 2
341 7 8 8 9 9 4 3 1 7 7
250 9 2 4 7 2 3 2 2 2 9
229 8 6 2 1 6 8 6 5 4 1
290 3 2 9 7 7 1 5 9 4 2
10
312 4 7 7 9 5 7 3 7 1 4
377 8 8 8 5 1 9 6 7 8 7
282 2 4 7 5 9 4 4 5 4 8
234 2 4 3 3 1 4 9 6 5 1
285 6 8 5 3 2 5 4 8 2 1
246 3 3 6 2 4 2 9 5 3 2
202 6 8 3 1 3 1 1 3 3 1
263 1 8 9 6 4 4 2 2 7 1
270 2 6 8 4 3 8 1 7 4 4
292 2 9 7 5 9 6 2 2 5 5
10
250 1 6 5 4 7 1 3 9 4 2
307 3 8 8 2 8 1 8 3 7 4
296 8 3 2 2 2 7 9 7 9 6
266 7 9 1 4 1 2 2 7 6 3
294 4 6 2 3 7 6 9 9 4 4
286 9 7 4 7 8 3 3 3 2 4
276 7 8 4 1 9 7 4 3 3 7
359 1 9 8 6 6 4 7 4 8 8
343 9 6 9 5 8 1 4 6 4 9
318 9 9 2 6 3 4 6 7 4 5
10
246 5 7 4 1 7 1 4 4 4 7
349 6 9 6 5 3 4 6 7 8 1
210 2 1 3 5 5 4 1 6 8 4
240 2 7 2 2 8 8 9 1 2 8
246 3 4 3 8 2 9 4 6 1 1
256 2 3 3 5 1 4 9 5 6 8
248 1 3 3 1 7 9 7 8 8 7
283 7 7 6 1 8 4 5 2 8 3
224 2 5 8 1 4 3 2 5 5 4
282 6 5 9 6 2 4 2 1 3 6
10
328 7 7 8 8 3 9 6 1 6 3
230 7 2 1 7 3 8 2 2 8 1
279 5 3 9 8 2 5 2 1 6 4
279 7 2 6 3 3 4 6 5 8 4
204 1 9 1 1 1 6 1 6 4 6
317 8 3 7 2 9 6 9 6 9 3
322 4 7 8 1 3 4 6 7 6 9
202 2 1 3 3 2 1 6 4 7 6
317 5 9 6 7 9 5 4 4 5 4
313 5 8 9 2 5 5 8 2 8 2
10
344 1 9 9 9 4 8 2 8 2 8
237 3 5 1 9 5 9 3 4 2 5
350 4 9 9 7 5 7 1 8 4 9
324 1 7 5 8 4 2 5 7 9 6
241 6 1 1 8 5 5 2 3 9 8
356 5 9 4 9 9 6 9 1 8 9
263 2 9 3 4 4 3 6 3 3 9
403 7 9 9 8 2 9 6 7 4 8
295 8 6 4 3 3 1 7 8 4 2
240 1 9 5 1 4 8 5 5 1 7
10
263 5 4 3 6 4 7 5 7 5 4
292 7 3 4 6 2 3 8 9 2 4
307 5 3 7 5 4 4 1 9 7 9
274 4 8 1 5 6 1 9 5 4 2
325 5 7 5 6 3 7 3 9 6 5
357 8 8 6 8 8 2 5 6 5 7
289 2 4 6 4 2 5 8 8 2 7
284 4 7 7 6 6 1 1 3 5 9
280 1 7 5 6 5 2 5 7 2 3
258 4 1 6 8 1 2 3 5 4 9
10
213 2 6 3 4 5 5 7 3 2 2
250 3 9 3 2 1 6 9 2 7 1
302 5 6 7 7 3 4 5 2 3 9
229 7 8 1 3 7 2 4 2 5 5
226 3 5 1 6 5 3 1 6 1 7
337 8 8 1 3 5 5 9 9 5 8
283 5 4 5 5 4 9 4 8 3 8
278 6 4 6 3 4 6 6 5 2 8
278 4 7 6 4 2 1 4 6 9 2
219 7 2 1 2 5 8 8 4 3 6
10
316 2 9 9 7 3 4 5 8 1 1
283 3 3 7 8 8 6 9 2 5 1
286 6 5 4 5 5 9 2 8 1 9
223 9 1 1 2 4 7 6 3 3 7
264 2 7 7 8 5 6 2 4 1 4
273 1 5 9 1 3 4 7 3 5 9
322 5 8 9 2 1 5 6 7 7 1
296 2 9 8 4 8 3 8 2 1 6
275 2 4 9 2 6 9 3 6 9 1
297 3 9 7 5 3 8 1 3 6 8
10
252 5 9 1 1 6 1 2 7 5 8
194 9 1 2 2 2 7 4 3 5 3
226 3 6 3 4 1 6 5 1 9 2
273 7 2 6 4 4 9 9 2 5 4
348 8 8 9 3 1 2 7 3 6 6
293 4 2 4 9 7 8 5 5 7 4
247 9 2 1 5 2 4 7 8 3 3
329 9 2 5 7 4 7 9 9 3 6
270 6 4 3 1 8 5 9 7 6 5
407 2 8 9 9 9 3 5 8 9 9
10
227 7 3 1 9 2 8 2 2 5 2
308 8 7 6 2 9 9 2 9 2 7
209 1 5 3 4 1 7 1 9 4 2
295 7 3 2 7 4 8 5 4 5 9
237 3 2 7 3 3 3 5 5 1 7
236 6 3 6 4 9 5 2 5 4 3
268 8 3 1 3 6 9 1 8 9 8
306 3 4 8 8 2 1 1 6 9 7
300 9 6 4 1 2 5 4 8 8 4
362 8 9 1 8 9 2 6 7 7 7
10
250 1 4 5 2 1 5 7 8 4 9
367 6 6 7 6 6 5 6 7 5 9
264 7 5 7 2 5 6 8 2 1 3
318 6 5 9 5 1 1 3 8 8 2
319 9 6 7 1 8 2 3 9 8 3
267 4 4 4 6 4 2 6 8 7 1
305 1 3 6 5 5 9 7 8 8 6
180 2 3 1 3 3 9 8 3 4 1
188 3 4 1 2 1 7 8 1 3 4
205 2 3 2 6 9 7 4 5 3 2
10
302 5 8 3 5 8 6 3 8 6 6
275 6 8 3 1 2 7 2 4 8 9
265 1 3 6 8 5 4 8 2 7 2
247 5 4 2 2 7 1 6 5 9 4
346 7 8 8 3 8 1 9 1 9 6
320 8 8 5 6 6 3 2 4 4 7
212 6 2 3 3 6 3 5 2 3 9
307 6 8 6 8 4 6 1 5 6 3
306 9 3 6 7 7 7 2 4 9 6
250 4 2 2 4 9 5 5 9 4 9
10
325 7 9 2 7 8 7 5 8 2 2
280 5 9 1 8 5 8 7 1 3 3
271 1 1 6 7 1 4 7 7 4 5
240 9 3 6 3 6 1 3 3 4 5
230 2 7 7 2 2 4 3 2 5 7
313 4 7 6 8 9 5 5 4 2 7
308 7 7 4 9 5 2 3 2 3 7
236 4 5 5 5 8 1 7 1 3 5
308 5 2 9 9 9 2 5 3 6 2
215 5 4 2 7 8 6 2 1 1 5
10
329 7 6 6 8 8 3 8 1 5 5
251 6 4 3 5 2 2 1 7 2 9
274 3 1 1 9 9 8 9 4 6 6
265 2 2 8 5 4 8 1 8 9 2
205 4 1 7 1 2 6 1 9 3 2
237 2 4 2 4 1 6 3 8 8 4
265 8 9 3 2 2 6 7 1 2 6
301 6 7 9 1 9 6 7 5 4 1
235 9 1 5 4 7 4 4 4 2 2
274 2 9 4 1 6 5 2 8 5 8
10
278 9 7 2 6 1 4 8 3 2 3
336 3 5 6 6 6 8 7 8 6 5
257 9 2 5 3 9 9 4 3 5 8
322 8 5 9 2 1 2 6 7 9 4
340 8 9 3 3 5 7 6 7 5 8
310 4 9 5 7 3 3 4 3 5 6
221 4 7 3 1 3 8 3 1 3 7
222 5 4 2 3 6 5 4 3 7 2
235 2 3 3 6 7 7 3 2 8 9
297 6 7 2 8 2 8 4 9 1 1
10
229 3 5 4 3 4 2 3 8 2 8
275 3 4 7 2 8 7 3 9 1 8
173 1 4 3 2 7 2 1 3 5 9
218 3 3 4 3 8 5 4 2 5 6
205 2 1 6 2 1 2 5 1 9 5
234 6 1 5 5 9 7 4 5 2 5
297 3 7 7 6 6 7 2 8 6 1
290 9 7 4 3 6 6 5 6 2 4
341 6 6 7 8 2 4 8 6 6 3
294 3 7 2 1 5 8 8 7 9 9
10
326 4 9 5 7 1 2 4 6 9 5
286 4 4 5 8 7 2 4 9 2 7
300 2 8 3 9 5 7 4 3 7 7
293 4 3 6 8 8 4 7 7 5 3
253 1 6 3 8 5 6 5 4 7 2
306 7 5 6 8 2 2 2 8 1 9
268 3 6 4 7 9 8 1 7 5 3
303 7 2 6 7 6 6 6 7 1 3
224 4 3 7 1 4 8 6 1 1 6
361 8 7 9 9 2 6 4 3 6 8
10
170 3 2 1 6 8 9 2 2 3 2
292 2 6 2 8 4 5 8 5 7 2
189 2 3 4 1 2 5 3 5 9 3
293 9 9 1 4 1 4 4 5 1 8
327 5 9 6 5 3 8 5 5 6 5
306 9 1 2 6 9 2 4 8 8 9
311 8 4 2 9 1 2 9 7 7 1
296 4 7 8 8 6 8 1 3 2 5
276 1 1 4 7 4 8 6 9 5 4
309 9 7 3 2 4 8 9 3 3 7
10
240 1 9 3 9 7 5 2 2 4 1
321 6 4 8 8 7 8 3 4 7 5
302 4 7 4 9 6 2 2 8 2 8
233 8 4 1 2 2 8 5 1 8 9
399 6 7 9 9 1 9 7 4 4 9
277 5 4 3 5 5 8 7 3 5 6
313 6 3 5 9 1 3 7 3 7 9
307 3 6 3 9 2 4 3 9 2 8
202 2 1 2 3 7 9 3 6 2 9
262 7 7 1 4 1 9 4 7 1 2
10
361 3 8 7 9 4 7 9 5 1 5
239 1 4 3 4 2 1 4 8 7 3
297 8 4 5 6 5 8 9 2 3 5
278 1 2 9 9 3 9 6 2 4 1
267 2 5 3 6 7 2 2 7 4 9
259 9 1 6 7 4 3 2 6 4 2
326 4 6 7 5 8 1 3 9 9 8
366 2 8 7 7 6 3 9 8 2 8
288 7 9 3 1 1 2 9 8 3 1
364 7 5 6 4 4 4 9 7 8 9
10
329 1 8 7 5 8 2 5 9 7 4
295 7 1 7 6 5 7 6 5 4 3
266 7 6 2 4 6 8 5 2 4 5
430 8 8 8 6 5 7 9 7 7 9
222 7 5 3 3 7 2 1 4 4 7
284 8 3 5 7 2 8 3 6 3 2
265 8 3 9 3 9 4 3 1 4 6
281 3 4 6 5 4 8 6 4 4 5
259 3 8 8 4 7 4 1 2 3 3
298 1 2 9 7 8 9 6 6 3 9
10
273 4 7 5 8 6 5 1 2 3 7
227 3 7 9 2 1 5 1 5 1 3
315 4 8 3 9 9 4 1 9 7 4
369 7 8 7 8 6 4 9 4 1 9
324 6 9 3 6 1 4 2 9 7 8
350 9 6 9 5 5 5 4 2 9 5
264 6 3 3 3 9 9 5 1 7 9
281 3 9 8 4 4 8 3 3 3 5
206 4 7 3 2 4 5 6 2 1 1
302 3 6 5 7 5 8 7 2 2 7
10
182 2 1 3 2 4 7 3 8 1 3
263 9 6 1 5 1 1 3 9 4 1
299 1 2 4 8 5 4 6 9 7 6
246 9 7 4 1 2 9 1 3 5 7
382 5 8 9 8 4 5 4 6 9 8
291 6 4 4 7 8 6 6 9 1 2
297 3 2 5 8 3 9 6 2 8 9
259 2 6 1 8 3 8 7 6 2 3
225 6 8 5 3 4 7 1 1 1 4
293 4 7 1 8 4 8 9 2 4 5
10
284 7 5 6 2 3 2 6 8 7 2
256 3 6 8 2 3 7 6 4 1 4
308 7 5 1 7 6 6 7 5 7 8
250 2 9 8 2 4 6 1 4 2 2
285 5 2 8 4 5 4 4 7 8 4
322 7 6 9 9 3 3 9 2 1 1
306 4 7 9 4 4 2 9 2 7 3
326 7 8 9 3 7 9 8 1 6 5
335 9 9 5 2 5 6 9 7 8 1
283 2 7 5 2 8 4 8 5 9 1
10
289 6 4 6 2 6 9 7 5 6 6
311 2 4 9 5 7 1 6 6 9 6
262 6 7 3 8 4 3 7 1 1 4
267 8 5 2 5 9 8 2 6 9 2
280 8 8 4 4 8 8 4 1 1 8
267 7 2 5 3 3 9 7 4 7 2
314 9 5 3 8 8 8 7 3 7 2
342 7 8 9 4 2 2 8 3 3 6
289 7 9 3 1 1 6 8 7 5 1
276 3 1 5 9 3 7 4 5 6 7
10
303 4 6 8 6 7 3 3 9 3 3
292 9 9 3 3 1 3 4 4 3 6
267 3 4 9 3 6 9 7 1 4 8
318 1 8 9 3 9 1 5 8 7 5
317 2 3 5 9 9 9 9 5 5 7
268 6 3 2 5 6 7 7 6 5 2
331 7 7 4 7 3 6 8 8 4 3
270 9 1 3 5 9 1 4 9 8 1
347 9 6 4 4 3 3 7 9 7 5
227 3 2 9 1 5 8 2 9 1 1
10
229 7 1 4 7 9 6 3 1 4 4
243 2 2 4 7 3 7 8 3 5 3
218 2 3 6 4 1 5 3 5 1 6
280 5 1 3 7 8 4 7 6 8 3
195 4 1 1 4 1 7 9 2 5 1
259 2 1 7 7 6 7 7 7 1 3
270 4 1 8 5 3 1 2 7 8 5
258 6 3 1 5 3 9 5 3 7 6
325 8 8 6 5 7 2 8 2 2 6
280 1 4 5 2 7 7 9 9 8 2
10
297 5 8 6 1 1 1 8 9 2 6
268 9 3 7 3 3 9 1 5 5 7
286 8 6 2 9 5 6 2 1 5 8
317 8 9 2 1 8 4 9 2 8 9
244 5 1 1 7 4 2 7 5 7 2
208 4 3 4 5 4 4 6 1 1 5
317 9 8 9 6 3 4 2 2 1 8
290 9 5 2 1 8 6 9 5 1 9
308 9 7 9 2 8 4 8 4 2 2
275 3 2 7 4 7 8 9 4 2 7
10
290 7 3 2 6 3 2 5 5 9 8
241 4 1 5 8 5 6 8 1 4 3
247 3 6 6 3 4 5 3 3 8 6
301 6 3 6 7 2 7 4 7 1 8
243 3 7 1 7 6 1 2 4 3 7
340 5 9 5 9 1 8 2 6 3 6
261 2 4 6 3 9 4 9 2 5 9
310 9 5 6 1 6 5 9 3 4 7
371 9 9 5 5 2 3 4 8 9 6
240 3 1 9 1 3 1 6 6 4 4
10
278 5 2 2 8 1 5 8 6 6 1
293 8 6 2 2 1 1 6 8 8 9
292 4 7 8 5 4 7 3 9 2 2
254 1 4 2 9 3 6 5 3 7 8
391 5 7 8 8 7 4 8 9 4 9
316 7 8 7 1 5 8 2 8 7 6
302 7 1 7 3 1 2 7 9 3 8
249 6 4 5 2 6 4 9 2 9 2
254 7 3 4 1 4 8 5 5 7 8
225 1 3 4 4 3 3 8 6 7 2
10
327 7 9 9 3 2 8 7 2 7 4
303 9 6 5 5 8 1 7 4 4 2
248 2 4 7 2 1 5 3 3 9 7
251 8 9 1 3 1 6 5 3 5 4
251 1 5 4 6 8 7 7 2 3 7
162 2 3 4 1 2 5 1 5 8 1
267 4 9 7 1 1 2 1 3 5 8
246 8 2 2 4 7 1 9 3 3 6
310 8 9 1 2 6 6 5 6 8 6
295 3 9 9 3 4 7 4 3 6 3
10
305 2 6 8 2 8 3 6 7 9 4
282 6 2 7 4 4 6 8 5 4 1
242 6 3 3 2 7 4 9 5 6 3
360 9 7 9 6 8 6 4 7 8 1
253 8 4 3 8 3 3 3 3 2 1
281 5 7 5 4 1 8 2 5 5 8
271 8 1 4 8 1 3 9 2 7 4
338 8 7 7 5 6 7 2 7 7 2
275 8 1 6 2 6 8 9 7 3 4
344 6 5 4 9 2 8 8 7 8 4
10
236 5 7 8 1 5 3 2 1 3 6
280 7 3 8 1 8 8 7 6 4 1
312 3 7 4 6 2 3 8 8 1 9
373 9 9 6 9 2 4 3 5 5 8
245 7 1 9 2 5 2 2 3 6 4
309 2 8 4 4 5 4 6 7 9 6
267 7 4 7 3 9 8 2 6 3 4
308 5 8 4 5 1 3 8 4 1 8
259 6 7 2 2 8 8 4 7 3 4
277 5 7 4 6 5 2 3 2 6 6
10
195 2 6 2 1 1 7 1 5 4 5
211 5 1 7 3 6 4 4 2 3 7
293 1 5 1 9 9 4 7 6 9 3
322 5 5 8 7 8 6 1 8 5 3
303 8 1 6 6 2 4 4 7 5 8
303 6 1 7 6 7 8 7 6 3 7
281 6 3 5 7 9 6 3 3 5 8
245 5 4 1 7 7 2 6 4 9 1
371 9 9 2 8 7 9 7 8 8 4
237 4 1 2 7 4 4 6 6 8 1
10
374 8 5 9 8 5 9 8 5 2 4
268 4 8 5 3 9 4 5 2 8 4
342 8 5 5 7 8 1 8 6 9 2
265 3 7 4 1 3 1 9 7 3 3
245 3 1 5 7 1 7 9 2 3 4
295 6 9 8 4 7 1 2 3 5 5
280 5 6 4 6 3 8 5 4 1 6
250 6 1 2 7 5 6 5 3 9 3
219 1 4 4 9 6 1 1 2 4 2
280 9 6 4 3 8 8 6 2 7 1
10
240 5 1 6 6 4 1 8 2 7 1
284 7 3 1 8 8 7 2 4 9 7
148 6 1 4 2 7 3 1 1 2 3
214 3 3 4 4 1 6 4 2 6 4
314 6 9 7 3 8 4 4 3 6 7
237 1 2 5 6 1 7 5 6 4 7
254 1 8 4 3 4 4 2 7 5 5
237 3 7 4 1 6 9 8 2 5 3
272 6 5 2 4 9 9 7 5 8 3
276 1 6 8 3 4 8 4 2 7 6
10
317 5 6 8 7 5 4 8 2 3 4
286 3 9 7 4 1 3 2 9 5 1
267 4 3 2 9 7 9 1 9 1 4
300 4 1 8 9 7 7 3 5 7 5
308 9 1 8 3 5 8 6 8 2 5
321 9 9 3 6 3 7 2 2 7 9
292 9 4 3 7 7 5 1 9 2 8
330 2 9 4 7 2 3 6 9 5 9
361 9 3 7 8 9 2 4 6 9 7
296 5 9 7 3 8 2 3 7 4 1
10
266 2 9 5 5 5 5 1 8 4 3
236 6 1 7 2 7 3 6 4 5 4
263 3 6 3 3 7 8 6 8 6 4
334 9 5 5 2 2 8 8 9 8 3
298 1 8 8 4 3 8 8 2 3 3
303 1 9 2 8 8 1 6 7 4 6
338 1 7 4 8 8 9 5 9 8 4
361 4 9 9 8 1 8 1 8 4 5
286 2 8 7 3 2 8 4 5 9 1
315 4 7 5 9 9 5 1 3 6 7
10
271 9 2 8 6 2 2 5 1 8 3
323 1 7 9 6 9 7 6 5 8 3
321 8 2 8 7 2 8 8 9 1 3
312 6 5 1 5 8 4 8 7 6 9
211 3 2 7 4 6 2 4 3 2 6
275 7 9 6 2 6 5 6 2 1 7
305 2 8 8 9 9 6 3 7 1 1
217 5 4 2 1 9 7 7 1 1 7
343 6 5 6 7 9 7 9 9 5 1
224 1 4 3 3 2 3 5 9 4 5
10
347 5 9 6 5 6 5 9 5 9 5
379 4 7 8 7 4 3 8 5 8 9
356 9 7 8 7 1 2 1 9 7 6
303 6 3 5 9 6 8 1 7 4 4
219 4 9 4 3 7 8 2 1 3 2
280 7 3 8 6 1 6 1 3 3 8
307 6 4 9 9 4 1 3 2 7 1
192 5 5 2 3 2 1 6 3 4 1
341 3 9 6 8 5 2 8 3 7 3
275 6 2 5 7 6 7 4 4 4 8
10
191 3 4 1 3 3 5 4 9 2 1
292 9 2 9 3 7 2 5 5 7 3
265 4 2 2 3 3 9 9 7 4 6
294 3 5 7 8 5 2 4 2 8 6
238 3 7 1 6 8 9 6 2 2 4
308 8 3 9 2 6 1 4 5 9 6
242 5 8 3 5 4 1 2 6 1 5
209 2 4 4 5 4 6 5 3 4 1
230 8 1 6 1 5 5 3 3 8 8
315 9 7 2 6 6 9 4 5 9 4
10
315 7 4 9 3 3 6 6 9 6 1
277 4 3 2 8 9 6 7 2 8 6
338 6 5 9 7 3 2 1 5 9 7
326 9 8 2 7 5 3 6 4 7 9
280 2 5 8 8 7 3 3 8 1 3
298 5 6 7 6 6 1 7 6 3 3
284 6 3 9 6 7 6 2 1 3 8
279 6 2 2 7 5 2 9 7 9 1
180 4 6 1 6 2 6 1 1 4 1
335 5 8 8 2 1 2 8 6 6 8
10
254 3 4 4 6 7 6 4 4 8 6
245 3 1 3 9 3 2 4 2 8 5
278 8 3 8 4 5 1 6 1 1 7
257 2 1 3 9 9 8 4 9 8 1
267 5 4 3 7 1 8 1 5 9 6
263 5 3 4 5 3 2 1 9 9 4
252 4 4 6 3 6 1 3 4 8 5
251 1 7 1 9 8 1 4 4 5 2
311 7 9 3 3 4 8 9 1 6 6
280 7 3 3 5 1 8 3 8 7 3
10
285 6 5 4 6 8 4 7 5 1 2
284 5 9 5 8 9 7 4 1 4 1
304 7 6 5 6 1 8 7 3 7 5
248 7 7 2 2 8 8 1 9 2 5
230 1 9 1 3 4 4 8 2 1 8
398 8 8 8 7 9 1 5 8 8 4
245 7 6 3 5 6 3 7 1 2 2
267 4 9 3 2 9 5 3 3 5 8
303 3 4 7 9 8 4 8 1 5 2
264 6 2 7 4 5 3 6 2 6 7
10
287 6 3 6 7 2 6 6 3 5 6
263 2 5 5 5 6 8 5 1 8 8
370 9 8 7 9 8 2 6 5 4 4
235 3 3 2 7 1 1 5 6 3 4
298 6 3 4 8 3 6 8 4 8 2
165 1 1 7 2 4 2 1 3 3 8
238 8 7 4 5 4 4 1 1 6 3
259 4 9 3 4 1 3 4 3 7 5
264 1 4 3 3 1 2 9 8 4 8
274 7 8 3 2 9 1 6 5 3 9
10
232 7 5 1 4 2 1 8 4 3 4
253 5 9 2 7 6 7 1 1 5 1
317 5 8 8 7 2 2 2 5 5 2
242 7 2 3 5 6 1 7 2 3 9
292 6 2 8 9 6 5 1 5 1 6
307 3 9 1 9 9 2 7 8 1 4
270 1 1 8 7 9 6 5 4 9 6
259 2 2 6 9 7 3 7 3 4 5
248 7 3 6 6 7 2 6 1 5 3
275 7 3 6 6 7 8 3 7 1 1
10
215 4 2 3 3 2 3 1 8 1 9
209 2 4 6 5 2 4 4 1 4 4
222 2 3 7 4 1 6 1 3 4 6
323 2 8 9 4 8 1 6 8 8 2
329 7 7 4 7 2 9 7 7 4 5
275 4 2 6 8 1 8 6 5 5 1
301 8 4 3 7 5 5 5 5 4 8
219 4 4 3 4 5 7 4 2 2 6
255 4 1 8 4 3 3 8 4 7 2
302 6 5 7 6 8 4 5 6 1 5
10
267 2 7 4 6 3 8 7 1 4 7
339 5 9 4 9 2 8 9 3 2 6
229 2 2 2 8 6 1 6 7 4 4
328 3 5 4 9 9 9 6 7 3 8
349 9 2 8 6 9 2 2 9 9 8
280 9 6 1 6 5 4 7 6 2 4
228 3 5 2 1 9 7 8 6 1 3
180 4 3 2 1 4 8 4 2 5 2
249 5 1 1 6 9 4 7 3 9 9
271 4 6 1 8 5 5 2 6 3 6
10
247 1 6 1 3 9 9 6 2 9 9
281 9 4 2 2 6 9 6 9 4 3
287 7 1 5 1 3 4 9 9 4 7
292 3 5 4 4 1 2 9 9 5 2
231 4 2 6 2 9 2 7 6 2 3
281 2 8 4 8 1 2 4 2 9 3
320 3 8 4 6 8 2 9 4 9 2
216 1 4 1 8 6 2 3 6 6 4
262 7 5 3 4 5 2 7 3 7 1
294 2 9 7 2 4 8 3 5 7 7
10
358 5 9 8 9 1 6 1 6 1 9
243 2 4 5 1 3 8 2 8 9 8
274 6 6 4 3 5 8 2 6 1 9
227 3 2 2 8 9 7 3 5 3 6
282 2 4 9 5 8 2 2 6 4 9
241 3 4 1 2 7 2 9 7 6 3
273 2 7 7 3 1 9 6 5 1 4
329 9 6 4 8 2 4 3 4 9 5
313 8 2 6 2 7 7 6 7 9 9
281 6 6 8 4 5 1 3 7 1 7
10
182 4 4 1 1 8 1 4 3 6 2
371 9 4 8 5 5 8 9 8 7 6
220 6 8 2 1 5 1 9 1 4 2
272 2 9 9 2 8 9 2 5 5 2
262 5 2 9 3 5 8 1 6 4 5
246 9 5 1 6 4 2 2 5 4 5
253 4 5 1 6 9 1 3 9 1 8
253 4 6 3 1 6 9 1 9 9 3
239 6 3 2 7 8 3 6 1 3 9
184 6 7 3 2 5 3 1 2 1 2
10
252 6 7 4 7 3 9 1 2 1 6
291 3 8 7 5 7 5 6 1 8 5
287 9 2 5 8 2 5 5 2 2 9
291 8 7 3 8 5 1 7 2 7 2
284 2 5 7 9 6 2 3 5 2 7
238 1 8 7 1 3 5 1 4 4 6
222 1 5 1 7 7 5 6 5 5 1
288 7 9 6 6 2 5 2 2 8 1
252 9 6 8 2 1 3 3 1 5 1
327 9 3 8 6 5 4 7 7 6 3
10
269 7 1 3 5 7 9 2 7 7 8
353 4 5 7 8 8 2 9 6 5 6
246 8 1 5 2 8 7 2 7 7 4
222 1 5 8 1 7 7 2 5 5 1
295 7 9 5 3 4 1 4 3 9 8
153 5 2 5 1 2 3 1 1 3 1
226 4 8 1 6 4 3 4 1 4 3
280 6 2 8 3 1 8 8 3 6 6
222 6 3 4 3 2 6 1 3 9 1
300 9 7 1 9 7 4 6 5 1 3
10
283 1 9 4 2 4 7 7 6 3 5
345 4 8 6 3 4 3 9 6 9 6
219 7 3 1 2 5 2 3 4 8 5
275 9 5 2 1 4 7 9 1 4 9
357 8 6 8 7 2 1 2 9 8 5
281 8 7 4 3 4 6 3 7 4 5
250 4 4 8 4 2 6 3 4 7 2
250 3 3 8 2 7 1 4 8 1 6
359 8 4 5 9 1 9 9 7 2 7
309 3 9 6 6 6 5 2 7 5 4
10
291 6 6 3 7 8 3 5 7 5 5
300 4 5 9 8 3 6 9 1 3 1
245 6 3 5 7 8 1 2 4 5 3
276 9 3 8 3 8 8 4 3 1 4
299 1 7 3 5 9 4 9 6 4 9
292 4 3 9 4 6 8 7 3 5 7
280 4 4 5 4 6 3 7 6 7 2
285 8 2 6 8 5 7 8 2 1 2
299 4 6 4 7 9 8 8 4 3 6
345 1 9 5 7 3 9 5 9 9 6
10
371 9 9 1 8 3 9 4 9 4 8
275 3 7 6 1 4 9 4 3 7 8
279 3 5 4 6 6 9 5 7 5 4
279 4 3 8 2 7 4 8 3 3 9
256 8 5 1 4 8 9 2 1 6 8
216 2 1 3 4 3 6 8 2 2 9
256 2 8 2 9 3 2 2 5 6 4
278 4 1 7 7 7 2 1 6 9 8
227 6 5 1 1 2 4 7 1 7 9
311 7 2 9 4 2 8 6 5 9 2
