500 10
2500 2062 2350 2000 2000 2000 2062 2062 1875 2200
8
348 4 3 2 7 2 7 6 3 6 3
440 2 7 5 1 4 1 7 9 0 7
444 3 1 7 8 1 6 3 7 4 8
450 8 4 6 7 0 7 6 8 0 0
476 2 6 8 7 4 4 4 4 3 9
484 6 8 9 6 1 8 3 2 2 3
498 5 0 8 6 6 6 4 5 1 8
640 8 7 8 3 5 5 4 8 6 8
1
552 8 5 0 8 4 2 8 5 4 9
6
350 6 9 3 3 0 3 8 2 0 1
370 2 6 4 4 6 6 9 0 5 2
376 0 8 6 0 2 1 3 8 6 3
404 8 6 0 1 9 4 1 0 5 6
562 6 8 4 8 7 7 6 5 3 7
562 9 5 7 0 6 9 8 8 8 2
1
546 7 8 6 6 1 8 4 1 7 8
1
462 7 0 3 7 8 8 0 8 7 4
6
328 3 5 3 2 2 7 1 8 7 4
434 6 6 3 3 2 0 7 9 6 2
438 5 3 5 0 5 9 7 7 2 7
448 8 0 6 1 3 5 8 5 7 2
546 9 9 3 5 8 2 8 5 3 2
588 7 8 8 5 6 9 5 5 3 8
5
260 0 3 6 5 2 5 1 5 5 1
284 1 3 4 3 3 1 1 5 7 1
376 7 4 1 3 5 6 7 2 9 1
400 1 6 5 1 9 4 7 7 1 4
416 5 4 6 0 7 5 5 4 6 4
6
282 1 3 2 4 1 9 3 6 6 5
370 3 8 2 1 1 5 9 2 9 3
412 4 9 6 4 4 1 2 1 6 2
448 8 1 6 9 5 2 1 0 5 2
466 8 0 8 5 1 1 4 7 2 2
486 3 6 8 6 5 0 6 2 5 6
8
198 0 2 1 1 9 7 4 0 0 4
400 8 1 3 3 9 0 0 5 6 0
408 6 9 1 4 1 6 7 1 3 6
434 2 4 6 3 9 4 5 2 5 6
444 5 6 9 3 0 2 7 0 1 8
518 4 5 8 6 5 1 8 4 4 6
540 3 9 8 9 9 2 4 8 7 2
560 8 0 9 4 8 6 3 9 3 6
4
352 0 9 2 1 7 6 0 5 2 7
374 6 8 3 6 2 9 3 0 4 2
564 3 8 9 7 6 0 5 5 5 5
574 6 7 5 9 6 7 3 8 4 8
8
356 3 2 3 4 2 8 3 8 5 4
362 7 7 0 7 5 8 0 1 9 2
416 0 9 5 1 2 1 5 5 4 9
420 9 2 5 7 7 8 2 0 4 3
442 7 7 1 5 5 9 3 4 2 8
488 6 3 6 5 8 1 9 6 5 2
510 3 6 5 7 6 5 2 9 9 4
522 9 7 1 1 9 8 7 8 9 1
5
276 2 0 1 3 7 6 0 9 0 4
322 6 1 3 6 1 0 0 6 1 5
342 1 4 4 7 6 6 0 8 9 0
450 8 8 0 6 7 9 8 6 5 1
522 9 8 1 8 6 4 9 9 5 1
8
334 1 0 5 3 2 0 7 5 8 4
354 0 9 3 2 7 3 3 0 6 9
410 3 9 4 0 3 2 0 9 2 9
410 5 3 9 1 3 4 1 5 3 5
450 9 1 1 5 9 2 7 3 7 1
470 1 6 8 8 5 2 1 8 3 8
628 7 2 8 5 8 5 4 9 8 9
664 9 5 9 1 9 8 4 8 8 7
5
176 0 0 1 1 5 8 5 1 1 1
352 2 2 7 5 1 6 0 3 1 6
408 3 4 4 0 4 6 6 5 5 8
462 1 5 3 2 9 6 9 9 9 3
468 7 0 7 1 6 9 7 0 6 6
6
340 6 2 3 1 3 0 2 2 4 7
364 2 1 6 1 8 3 7 0 6 4
388 3 8 4 0 7 2 8 0 8 0
390 7 4 3 7 9 7 3 0 0 1
452 4 5 6 0 4 1 9 3 1 9
466 1 6 6 6 2 5 7 5 0 9
5
350 0 8 6 0 2 0 9 8 4 1
388 2 4 1 4 9 5 3 8 6 3
428 8 4 1 7 1 4 6 2 3 5
464 8 0 3 7 8 0 4 5 4 6
480 9 9 0 3 7 5 4 6 3 5
1
304 5 3 1 4 2 8 3 4 2 4
3
332 2 3 2 3 8 6 1 5 1 5
458 6 5 6 3 2 2 4 4 8 4
514 9 3 0 7 9 5 8 5 9 1
5
364 8 1 1 9 4 2 0 8 4 0
426 7 1 9 0 1 9 1 1 0 9
438 2 4 9 4 1 5 6 7 3 4
458 7 8 5 1 1 8 9 0 6 3
490 6 0 6 6 2 6 6 5 7 5
2
342 1 8 7 5 1 7 6 1 1 2
350 2 8 5 8 3 8 2 5 0 2
7
286 1 8 0 3 0 3 5 6 6 0
364 3 5 7 0 0 8 9 0 3 7
380 4 7 4 7 5 2 6 2 2 0
406 6 3 7 3 5 5 3 1 4 2
418 5 9 2 8 6 3 0 4 0 5
430 6 2 5 3 6 1 7 2 0 6
430 4 5 8 7 0 1 7 1 7 0
2
404 3 5 4 6 0 1 9 0 5 5
602 8 9 5 8 4 1 6 2 7 6
3
300 3 6 3 5 9 7 0 3 0 1
390 8 5 3 0 1 2 6 1 3 7
424 8 6 0 0 5 9 5 6 7 5
9
226 2 3 0 4 0 2 4 5 4 0
384 6 8 2 5 7 2 0 7 5 1
404 4 0 1 8 2 0 6 1 8 8
438 7 6 2 9 3 4 7 8 1 2
440 5 4 8 5 0 4 1 7 7 1
452 5 6 8 3 2 8 2 5 7 4
486 2 8 9 6 8 9 4 7 5 2
498 2 3 2 9 6 2 9 9 9 4
554 5 8 8 5 9 2 0 6 8 3
5
416 4 2 7 9 1 9 4 5 9 1
420 6 4 5 4 2 2 8 8 3 2
424 3 4 5 3 3 0 3 9 5 8
466 6 1 9 6 7 0 2 1 1 7
562 9 8 2 5 7 4 2 6 5 9
1
336 3 8 0 8 9 8 0 0 2 5
10
220 2 6 0 2 0 1 5 3 2 4
326 2 7 0 6 5 9 0 9 2 2
370 1 6 3 2 9 4 4 6 9 3
406 6 8 2 3 6 1 1 3 0 5
406 2 1 6 5 4 4 9 6 1 7
434 6 1 9 6 4 3 0 0 2 7
444 9 7 6 6 1 4 0 4 2 2
480 6 0 9 4 5 9 5 2 5 6
496 2 7 2 6 5 8 5 9 7 9
604 8 5 5 7 8 3 4 4 5 8
2
350 1 9 3 5 3 9 5 8 1 1
444 6 8 2 9 3 2 8 0 5 5
8
310 0 5 9 2 4 4 2 0 1 5
314 3 6 1 4 9 6 0 4 3 2
340 2 8 5 8 1 4 1 1 2 6
402 2 7 1 6 4 1 4 6 1 8
420 4 3 5 9 8 1 6 2 7 1
438 6 5 3 2 6 1 6 1 1 8
456 1 9 8 2 3 0 4 5 4 8
514 9 0 0 7 9 6 4 9 7 4
3
420 5 4 6 2 1 2 2 6 7 7
454 5 0 4 9 4 6 0 8 6 8
466 6 7 3 6 3 2 7 0 2 9
6
246 3 0 3 1 2 7 1 3 7 0
322 4 8 2 2 5 4 1 0 9 2
326 0 4 0 8 6 7 7 2 8 2
382 3 5 3 1 9 7 5 8 5 0
488 4 4 7 0 9 6 7 9 1 6
526 4 8 5 5 4 7 7 3 6 7
5
378 4 0 1 7 9 4 1 9 2 2
414 6 9 0 5 4 4 7 5 3 5
430 2 9 7 3 6 2 1 5 4 3
476 2 1 5 8 6 4 8 8 5 4
488 6 6 0 3 3 8 9 6 8 8
3
324 7 1 1 2 0 2 3 5 4 7
402 3 9 3 6 6 4 3 6 6 0
408 6 4 3 5 1 7 7 0 7 7
2
336 1 3 4 2 4 3 9 5 1 5
410 8 8 4 9 0 6 1 4 1 1
2
386 6 4 5 5 0 7 3 0 4 8
452 7 7 1 9 2 5 6 7 5 2
1
282 4 6 0 2 3 9 8 1 1 4
2
448 7 6 2 4 8 9 0 3 1 8
530 9 4 8 1 9 9 0 5 5 7
2
452 1 6 9 8 0 6 4 0 9 7
560 4 9 8 4 3 8 3 4 6 9
2
406 6 9 8 2 0 4 0 3 6 0
418 1 6 1 6 7 6 6 7 2 6
3
334 2 1 4 3 1 4 6 5 2 5
458 7 3 1 4 5 6 8 4 2 9
488 8 8 8 5 7 9 3 2 6 0
2
432 3 2 5 4 5 5 6 9 3 4
500 5 0 5 7 8 1 4 5 9 8
8
298 5 3 2 5 2 2 4 2 4 3
378 0 8 6 2 1 5 2 6 7 6
392 2 0 9 6 3 9 9 6 2 1
400 3 7 1 5 9 3 7 0 8 4
418 0 7 6 3 2 0 2 1 8 9
422 2 6 7 7 1 1 2 4 1 7
550 9 9 2 4 6 6 8 3 8 3
592 6 9 8 6 8 4 0 9 6 3
3
344 0 0 9 2 4 1 3 5 2 5
346 5 8 0 4 5 9 6 2 9 0
464 1 3 8 9 5 2 7 5 4 2
6
296 4 2 2 5 7 4 1 6 3 0
296 2 7 4 1 3 6 3 4 3 2
362 5 1 2 6 2 9 2 4 9 5
416 5 5 2 0 4 1 8 2 3 7
428 2 3 7 8 8 0 7 0 1 7
434 5 6 4 5 8 7 4 6 5 1
3
258 2 6 5 1 0 0 1 2 5 2
374 3 5 2 6 1 2 4 0 9 7
512 5 6 8 1 9 3 1 8 4 7
1
336 3 7 0 4 9 5 0 1 4 7
1
352 1 6 4 8 4 9 0 8 9 1
2
300 1 3 3 7 1 9 2 9 3 2
506 7 5 7 8 4 5 0 7 9 3
7
336 3 8 0 8 9 8 0 0 2 5
342 7 0 0 7 0 3 7 5 8 0
390 1 6 6 4 4 1 3 6 0 7
400 5 9 1 0 3 3 3 9 3 8
420 2 6 8 9 6 3 0 1 6 3
476 7 1 3 7 2 0 5 9 7 7
498 7 9 5 3 4 5 9 5 2 4
5
266 3 5 2 2 2 4 7 3 3 1
320 2 5 1 5 6 4 1 1 1 9
426 9 5 8 3 3 0 1 0 8 1
442 6 6 2 4 8 6 5 3 1 4
484 9 4 3 8 5 7 6 2 9 0
3
296 6 6 1 5 1 4 1 4 3 2
434 6 2 6 2 6 0 3 1 9 3
534 7 2 6 0 9 1 5 9 7 6
1
538 7 1 5 5 1 4 4 8 9 8
1
346 1 2 0 7 8 4 7 4 1 4
1
368 4 2 8 2 7 1 1 2 3 5
2
322 4 7 1 5 1 7 0 3 2 4
376 6 0 1 2 3 6 5 7 5 8
4
420 2 6 7 9 0 0 6 5 3 5
454 5 9 1 6 2 5 7 1 4 8
484 5 9 0 6 5 4 4 5 9 8
548 8 6 4 3 6 3 6 5 6 6
8
326 0 8 3 6 1 7 0 0 9 7
394 0 9 7 7 0 7 3 8 6 0
424 6 9 7 3 1 4 1 3 6 1
478 4 8 7 6 5 2 3 0 2 7
480 7 0 0 9 9 0 7 8 4 5
482 5 7 1 1 1 2 9 3 9 9
496 8 8 1 5 9 9 4 6 1 7
610 6 7 8 2 6 8 4 9 6 9
10
292 3 0 1 8 2 5 9 2 1 2
304 4 9 0 1 1 8 2 9 1 3
336 7 8 0 2 3 8 2 3 4 2
346 6 8 0 6 2 5 0 6 2 4
348 5 3 3 3 2 3 2 6 5 4
356 4 0 1 9 2 8 5 1 6 8
384 0 5 4 6 7 9 9 1 0 6
442 0 0 9 3 7 4 5 8 2 6
488 6 5 5 3 6 0 5 3 6 7
598 8 4 8 1 3 8 6 9 5 9
10
340 0 3 6 2 4 9 5 2 1 9
388 8 6 1 2 7 6 6 1 3 4
426 8 7 6 0 6 9 4 0 5 1
428 4 7 7 3 8 3 3 8 4 0
438 5 2 4 5 8 9 9 9 1 1
486 4 6 7 5 1 0 3 9 1 8
496 9 0 5 1 7 7 9 9 4 4
500 9 6 2 7 4 6 4 1 2 9
508 6 6 8 7 6 2 5 7 1 1
594 9 2 9 0 8 9 7 2 2 9
1
520 8 3 2 4 6 8 5 7 8 6
10
196 2 2 0 5 3 0 5 1 4 1
248 4 1 0 1 1 5 5 0 3 7
334 2 9 3 5 6 5 0 5 5 0
394 4 5 4 8 1 3 4 1 5 4
406 3 9 0 6 2 9 7 5 3 8
410 1 6 5 4 7 2 5 5 6 3
410 2 2 7 2 4 5 7 5 1 5
442 1 8 5 1 9 0 7 7 6 2
506 7 7 7 9 6 5 0 1 8 5
558 9 3 9 1 2 4 5 2 5 9
9
354 8 1 0 9 8 0 1 3 2 0
392 2 6 3 9 0 9 2 7 0 6
400 6 4 2 2 8 9 1 9 2 4
400 5 6 9 9 1 2 0 1 0 1
432 5 1 7 7 5 7 0 5 9 3
434 2 7 9 2 1 0 2 8 2 8
438 0 9 5 9 4 2 8 7 5 0
450 0 0 5 6 8 2 7 8 9 4
568 5 7 9 6 3 1 2 7 9 8
4
256 1 1 5 3 4 5 3 5 5 0
324 1 2 2 9 1 1 6 4 8 1
436 5 9 8 4 2 1 3 8 2 0
478 8 1 5 2 9 5 5 1 6 4
4
276 3 3 6 2 7 4 2 4 0 0
380 6 0 3 1 4 6 9 2 1 8
392 3 4 2 1 7 8 5 9 8 4
576 5 6 8 4 4 3 8 7 5 7
5
380 2 2 0 8 5 6 7 9 8 0
398 0 0 8 8 8 9 7 6 8 0
414 8 6 4 2 0 7 9 1 5 3
456 8 0 4 8 9 8 2 0 8 6
462 6 6 9 6 1 8 8 2 2 2
5
344 8 4 2 2 1 4 4 4 2 0
348 4 7 0 8 1 5 9 1 7 1
402 0 9 3 8 4 6 5 5 2 8
512 8 9 8 2 0 5 1 7 8 5
534 3 5 6 9 7 9 5 7 7 4
2
444 6 8 4 7 0 8 7 9 5 0
606 8 3 9 6 9 6 4 4 9 7
1
432 8 4 4 3 2 5 5 1 5 7
3
290 2 1 1 0 5 9 4 9 2 4
482 5 7 1 1 1 2 9 3 9 9
610 6 7 8 2 6 8 4 9 6 9
10
376 7 0 2 1 9 0 9 0 7 0
428 2 8 8 3 0 0 9 0 9 2
436 4 7 1 2 7 0 5 6 1 9
438 1 8 3 8 9 2 1 0 9 7
454 7 9 5 4 1 3 6 0 9 4
454 5 5 0 7 4 1 8 5 0 9
460 7 1 8 5 1 3 0 9 3 6
468 1 9 8 2 5 1 3 5 5 7
520 7 4 6 8 1 1 7 8 8 3
562 9 9 5 4 4 5 7 3 8 6
1
544 7 6 2 0 7 2 5 9 6 8
6
226 7 0 1 1 2 4 2 2 3 2
386 2 5 5 8 4 5 2 0 6 5
404 2 8 4 3 1 0 2 0 9 9
464 6 8 6 2 6 9 2 3 7 3
488 9 5 3 6 2 6 2 1 8 9
500 7 5 4 3 5 8 7 3 1 7
4
354 2 0 6 4 9 8 2 5 7 1
392 3 2 4 8 4 8 3 2 2 9
484 7 3 9 7 5 4 2 9 3 1
534 7 9 8 3 6 8 1 1 8 6
1
448 0 2 9 8 9 8 3 1 8 3
3
354 8 1 0 9 8 0 1 3 2 0
400 6 4 2 2 8 9 1 9 2 4
432 5 1 7 7 5 7 0 5 9 3
2
420 6 6 3 9 3 4 0 6 0 6
490 8 1 9 2 4 3 6 5 7 2
6
236 3 2 0 3 8 9 1 1 0 3
312 0 1 5 8 6 0 3 3 5 3
438 3 3 0 8 9 9 1 9 4 7
448 6 5 8 6 5 8 2 1 5 2
522 8 4 5 3 2 2 4 3 7 9
528 5 1 9 8 8 0 6 5 0 7
7
348 1 6 8 1 0 7 5 9 3 0
366 5 6 2 2 0 5 5 0 6 9
406 0 6 6 8 7 8 8 0 0 3
420 9 3 6 3 2 3 5 0 4 5
444 1 6 6 9 7 1 4 2 5 3
496 9 9 5 4 0 2 7 2 4 4
544 8 5 7 9 8 8 1 0 9 4
10
322 3 3 0 4 3 7 5 4 2 7
324 0 9 3 4 1 3 9 2 5 4
338 4 6 0 0 7 4 1 4 5 4
346 2 0 4 1 4 0 5 5 2 9
366 1 5 4 1 8 4 5 4 9 3
468 3 2 8 0 9 3 7 0 4 7
486 7 0 2 7 5 9 9 9 6 5
526 6 5 8 5 4 7 2 2 7 7
552 3 7 8 2 2 4 9 8 5 8
560 7 8 3 0 8 1 8 4 9 9
9
378 3 2 8 5 1 5 3 6 3 2
402 5 2 5 2 2 8 6 5 8 1
434 6 6 3 8 1 6 0 7 7 4
488 6 9 1 7 4 1 9 9 8 0
502 2 3 8 3 8 1 5 9 5 7
524 8 9 3 3 3 6 6 5 2 8
546 5 9 3 5 5 6 9 8 7 6
560 7 9 7 3 3 0 6 6 3 5
592 5 9 8 9 8 5 6 8 5 1
2
432 7 0 1 6 5 5 4 6 7 5
474 6 9 5 0 5 5 0 7 9 5
1
480 7 6 5 5 3 9 5 6 7 1
4
340 2 7 2 7 3 0 0 0 6 5
390 6 8 2 6 0 9 3 7 1 3
404 8 7 1 7 2 7 6 1 1 3
492 0 7 7 5 9 1 5 9 2 4
8
196 4 5 0 4 6 0 1 0 0 0
262 7 0 0 1 5 1 1 3 7 2
352 3 1 8 9 1 1 4 3 0 2
398 0 0 7 8 4 5 5 6 6 6
402 1 2 6 0 8 1 5 4 0 9
416 3 7 3 9 4 6 0 0 8 5
432 1 4 6 9 8 9 7 9 1 1
494 1 8 6 8 7 3 8 9 0 5
2
482 3 5 5 0 7 3 9 4 7 6
518 1 2 7 5 9 5 8 8 8 5
9
248 1 0 5 2 4 7 4 1 4 3
294 0 6 2 9 1 3 1 1 8 6
326 0 1 2 1 0 2 7 9 4 7
376 5 3 2 1 3 2 5 9 9 3
410 7 0 1 5 7 4 3 3 6 7
436 4 2 5 1 7 8 4 2 6 7
458 8 8 7 1 6 3 2 2 8 1
468 6 0 5 7 6 0 4 4 6 6
486 6 5 5 8 5 0 5 9 3 0
7
316 0 8 0 4 5 9 0 8 6 2
350 1 9 3 5 3 9 5 8 1 1
382 6 5 2 3 4 4 5 2 6 3
444 6 8 2 9 3 2 8 0 5 5
472 2 4 3 7 7 8 8 3 8 5
526 5 4 7 6 6 6 0 6 2 9
558 8 3 8 7 9 1 5 5 2 6
8
246 3 8 0 0 2 6 4 0 6 0
276 3 9 1 1 4 3 2 2 0 5
364 3 6 4 3 4 6 7 5 9 0
394 2 2 6 9 3 0 0 3 9 7
436 6 0 1 9 1 4 9 4 7 7
464 7 7 3 9 3 9 4 7 0 4
484 7 8 7 5 0 9 4 3 1 7
498 7 1 9 2 3 8 7 3 7 5
7
376 9 6 1 7 2 8 3 1 2 2
376 4 2 0 9 5 0 8 4 9 0
376 1 4 3 5 4 0 2 6 3 9
392 4 3 7 8 2 9 9 6 0 0
410 0 4 6 7 1 8 7 1 8 5
426 1 5 4 5 3 7 4 5 5 9
464 3 1 5 8 0 8 4 5 7 9
9
236 0 4 0 3 0 7 9 4 3 2
376 5 4 2 5 7 7 9 0 2 4
392 3 4 8 3 3 2 0 5 5 3
396 5 5 1 1 9 3 4 0 6 7
478 5 6 4 6 6 4 0 5 6 6
516 7 0 8 8 6 0 3 1 8 5
516 9 8 3 9 0 4 9 5 2 5
522 3 6 6 9 5 2 8 8 4 2
538 9 4 6 2 7 4 2 7 1 8
8
306 5 1 2 5 5 2 0 1 0 4
324 8 2 1 1 9 5 1 0 4 0
392 3 4 7 6 9 4 4 1 8 0
416 1 7 3 3 4 1 8 5 2 6
428 3 4 3 7 4 0 8 3 4 5
478 7 1 7 3 5 5 1 4 4 9
506 6 8 5 6 7 5 4 9 4 0
534 6 1 8 8 9 9 5 2 4 4
3
320 4 2 5 4 0 3 0 6 5 4
334 1 2 0 4 2 9 6 4 6 7
530 4 8 9 4 5 9 3 5 4 8
9
360 7 7 2 0 3 0 2 1 2 7
432 9 5 2 3 6 2 3 1 3 6
442 2 9 7 4 6 8 6 1 1 4
444 0 4 7 2 9 2 3 6 8 7
474 6 3 4 5 7 6 0 7 8 6
492 9 9 7 8 3 9 4 4 2 1
492 3 7 9 6 1 0 1 8 9 5
546 6 5 9 1 4 8 5 6 5 7
598 8 7 5 9 8 5 0 4 7 7
5
290 1 0 4 6 3 6 8 0 2 2
332 4 1 0 4 8 5 8 8 1 2
442 8 9 7 8 3 9 0 2 3 0
470 6 4 0 4 4 0 9 5 9 5
520 9 4 9 4 0 6 4 0 9 4
8
278 3 0 6 2 5 2 0 3 1 5
328 0 2 4 8 4 7 7 6 4 0
440 8 4 4 2 8 3 7 4 6 1
440 2 7 0 3 7 3 9 6 4 8
450 4 9 1 8 4 2 6 3 3 5
462 7 8 1 5 5 0 6 7 0 3
546 5 2 7 5 5 9 5 3 9 9
570 3 7 8 9 8 1 7 6 0 9
6
196 2 2 0 5 3 0 5 1 4 1
394 4 5 4 8 1 3 4 1 5 4
406 3 9 0 6 2 9 7 5 3 8
410 2 2 7 2 4 5 7 5 1 5
442 1 8 5 1 9 0 7 7 6 2
558 9 3 9 1 2 4 5 2 5 9
3
398 6 3 9 0 4 3 1 3 0 3
484 5 2 2 6 8 3 7 6 0 9
584 4 7 7 6 9 6 3 6 3 9
1
422 9 7 4 0 6 9 5 7 1 0
2
338 9 0 2 5 2 8 5 3 0 3
452 0 2 3 9 4 7 9 9 9 5
8
202 0 1 2 1 0 6 4 0 0 8
296 0 1 5 6 1 1 2 1 8 4
334 4 4 2 2 3 8 1 2 8 5
376 4 1 5 7 7 2 0 1 7 2
392 9 8 0 1 7 8 4 4 1 4
444 3 0 0 5 6 7 8 8 6 8
468 5 7 4 5 4 6 9 8 1 5
482 5 7 5 3 7 7 4 2 8 7
8
320 5 1 2 8 3 8 1 4 0 3
336 1 7 8 1 0 1 2 5 7 2
400 4 6 2 2 7 4 8 3 9 1
440 9 3 3 1 1 3 6 8 5 6
462 8 8 9 0 9 3 3 4 0 1
484 0 8 6 9 3 5 4 7 7 9
484 6 9 6 2 8 4 4 5 0 4
490 7 3 5 9 7 2 3 6 8 3
6
384 3 3 5 6 6 8 5 2 3 2
442 5 5 2 6 9 3 4 6 1 5
474 1 8 8 6 0 8 1 8 8 5
480 2 8 6 2 3 4 4 6 9 7
482 2 9 8 7 8 6 7 2 3 1
572 8 6 7 4 3 6 4 6 8 6
6
270 1 0 3 0 2 9 6 9 2 1
372 1 7 3 4 2 9 2 5 8 8
450 5 6 4 6 5 3 0 6 6 4
470 7 9 1 0 4 9 9 3 3 7
478 6 6 8 4 5 8 8 3 9 0
636 7 5 4 9 9 7 8 6 7 7
10
308 0 3 2 5 8 1 1 9 1 3
372 6 7 1 5 5 7 1 2 0 5
410 8 8 1 6 0 6 8 2 0 3
412 6 5 3 4 2 1 6 1 5 8
450 2 6 9 8 0 8 5 5 5 5
478 8 9 0 5 5 4 0 7 4 8
490 8 2 5 6 6 0 7 9 2 1
516 7 9 8 1 7 3 2 8 3 0
610 9 6 5 5 6 0 4 8 6 6
686 9 5 9 3 3 4 9 9 3 9
10
256 2 0 3 6 0 4 7 1 1 1
336 5 5 0 4 2 8 3 7 7 0
338 0 7 4 3 6 7 5 2 5 2
356 1 6 0 3 6 0 7 1 5 9
382 1 7 7 3 5 8 1 8 6 0
422 6 8 8 3 2 7 3 0 3 3
438 6 3 1 5 8 4 7 7 2 4
474 5 1 8 3 3 6 7 1 4 8
496 5 7 6 2 5 5 2 7 2 7
504 7 9 2 9 2 0 5 0 7 7
9
320 5 1 2 8 3 8 1 4 0 3
336 1 7 8 1 0 1 2 5 7 2
440 9 3 3 1 1 3 6 8 5 6
462 8 8 9 0 9 3 3 4 0 1
484 0 8 6 9 3 5 4 7 7 9
484 6 9 6 2 8 4 4 5 0 4
490 7 3 5 9 7 2 3 6 8 3
494 7 9 8 0 8 1 3 8 1 3
526 4 9 7 7 3 9 3 9 1 6
5
382 5 2 9 2 2 9 1 7 7 1
456 0 7 4 4 6 0 9 7 5 4
492 8 1 4 6 7 3 6 9 3 4
496 9 9 5 4 0 2 7 2 4 4
544 8 5 7 9 8 8 1 0 9 4
5
282 0 1 4 1 2 8 2 7 8 4
338 6 6 4 4 0 0 2 5 6 0
382 5 4 2 3 7 3 8 5 2 3
458 9 3 3 3 2 2 3 6 4 6
476 4 2 8 6 0 4 8 4 2 6
6
302 2 9 0 3 0 7 1 2 4 8
436 6 3 8 3 0 6 0 9 2 4
438 4 0 1 9 8 4 6 1 9 5
448 6 5 5 2 0 1 5 4 3 7
474 7 6 4 7 4 2 7 6 3 3
520 9 9 5 0 7 0 5 3 8 1
3
290 1 0 9 7 2 5 4 0 2 0
358 1 0 1 8 0 5 2 9 9 9
384 3 8 5 5 4 9 7 0 0 3
4
368 0 5 6 0 1 2 1 5 6 8
380 2 2 0 8 5 6 7 9 8 0
414 1 8 9 4 7 7 0 0 0 8
414 8 6 4 2 0 7 9 1 5 3
9
344 1 1 3 9 3 9 9 6 1 0
348 2 0 6 4 6 3 4 2 0 4
376 1 0 6 8 4 7 8 4 8 0
414 6 9 1 2 4 5 5 5 9 2
472 7 7 2 5 5 8 6 4 9 5
486 8 6 2 4 4 1 4 5 2 7
520 8 8 0 8 8 5 7 1 7 5
536 8 2 6 3 8 5 5 6 5 6
544 0 7 8 2 8 1 9 9 7 9
8
182 3 2 5 0 0 9 0 0 3 2
204 1 0 1 1 9 1 1 2 5 0
378 2 6 4 8 4 9 5 1 5 2
388 7 5 0 3 6 8 9 8 4 0
394 2 3 0 9 9 1 1 3 5 7
406 1 8 5 2 4 5 4 8 1 5
420 1 9 8 4 4 1 4 8 2 0
434 0 8 6 7 0 7 5 9 1 6
5
332 1 6 4 6 8 6 2 2 2 3
452 8 1 2 2 9 5 8 2 7 3
462 5 2 5 6 2 4 5 0 7 9
482 9 7 7 5 7 1 0 4 7 1
492 8 9 4 4 8 9 9 2 7 0
8
312 2 1 0 2 7 7 4 6 8 6
366 2 3 2 9 2 2 5 5 9 3
386 3 6 2 1 9 7 8 1 7 5
388 0 6 7 2 9 4 1 6 6 1
406 3 7 8 1 1 8 2 2 8 6
424 5 7 5 2 2 9 5 6 9 2
518 9 7 5 5 6 7 3 8 0 4
546 9 1 2 5 2 1 8 9 7 7
7
378 7 0 4 4 9 1 2 3 2 0
412 0 0 5 8 3 6 8 4 9 4
448 5 1 8 3 1 5 3 6 1 8
456 3 7 7 7 2 7 3 8 5 4
462 9 7 1 5 2 6 3 7 8 3
472 5 6 1 9 4 1 5 0 6 8
632 9 4 8 4 8 4 4 8 4 6
4
208 0 6 4 0 0 1 1 3 0 4
404 0 0 8 4 8 4 9 3 4 3
408 6 0 5 5 3 3 1 5 0 8
548 8 5 6 6 5 5 1 5 3 7
6
274 4 1 0 4 6 0 3 5 7 0
312 3 5 5 2 4 2 0 0 6 2
388 1 5 2 0 3 0 9 7 8 6
418 7 3 4 4 8 6 1 7 1 4
422 5 2 8 9 8 4 2 0 3 1
460 6 8 8 0 1 1 4 2 2 9
9
290 1 0 4 6 3 6 8 0 2 2
314 1 1 4 2 1 1 0 5 8 7
332 4 1 0 4 8 5 8 8 1 2
392 9 1 5 5 4 8 3 3 4 1
414 3 8 5 3 7 6 0 2 6 4
442 8 9 7 8 3 9 0 2 3 0
470 6 4 0 4 4 0 9 5 9 5
506 7 8 3 8 7 9 9 7 3 1
520 9 4 9 4 0 6 4 0 9 4
8
310 2 1 2 9 2 7 1 7 2 5
368 6 8 7 1 4 9 1 3 3 1
378 9 0 9 2 4 4 1 2 2 1
390 4 0 5 6 1 1 7 8 9 2
454 9 1 1 1 3 8 6 7 9 5
506 4 7 6 9 0 3 5 8 8 2
548 6 5 4 8 6 8 3 7 5 8
614 9 6 9 3 7 1 7 9 7 2
10
340 0 3 6 2 4 9 5 2 1 9
388 8 6 1 2 7 6 6 1 3 4
426 8 7 6 0 6 9 4 0 5 1
428 4 7 7 3 8 3 3 8 4 0
438 5 2 4 5 8 9 9 9 1 1
486 4 6 7 5 1 0 3 9 1 8
496 9 0 5 1 7 7 9 9 4 4
500 9 6 2 7 4 6 4 1 2 9
508 6 6 8 7 6 2 5 7 1 1
594 9 2 9 0 8 9 7 2 2 9
2
346 5 8 0 4 5 9 6 2 9 0
494 8 4 2 8 7 8 1 3 3 8
3
358 6 4 1 2 4 5 2 0 4 9
398 0 8 6 3 2 5 7 1 9 6
550 8 5 7 1 8 2 9 3 0 6
3
332 7 7 1 0 7 2 5 0 8 0
452 8 1 2 2 9 5 8 2 7 3
524 7 3 6 5 9 8 4 3 4 7
8
384 1 9 1 4 9 0 9 9 4 0
412 0 3 9 3 1 3 6 3 8 9
420 1 0 2 8 6 5 8 8 1 6
426 2 4 7 8 7 8 6 6 2 1
440 5 5 2 5 4 4 0 6 2 9
556 7 8 2 7 1 1 7 9 7 7
568 8 8 6 0 8 7 5 8 6 4
568 6 7 6 8 9 7 4 7 8 1
6
218 1 2 0 0 6 0 0 1 9 4
250 0 2 4 0 9 3 1 5 0 3
374 4 3 0 9 2 7 1 9 4 7
394 6 4 5 5 4 6 4 0 0 5
452 7 1 8 6 2 7 6 5 5 2
552 4 9 6 8 3 0 4 9 9 7
4
218 1 2 0 0 6 0 0 1 9 4
430 8 4 5 2 4 4 1 3 8 6
576 9 2 9 5 8 0 7 4 2 7
608 6 8 9 4 7 6 4 4 7 9
6
386 3 8 1 4 4 8 0 9 7 6
400 0 2 5 2 9 3 5 2 5 7
486 6 7 4 9 4 5 1 7 5 5
510 9 4 3 7 8 2 8 1 4 3
544 8 3 9 8 3 4 1 3 2 9
624 7 1 8 3 9 4 6 6 7 9
8
358 5 1 5 9 0 9 1 1 3 6
380 3 6 4 3 8 6 1 6 0 7
392 9 9 0 4 1 2 7 6 1 2
394 2 8 6 0 2 4 2 2 3 9
398 7 9 4 0 5 9 5 6 5 0
466 2 9 8 8 5 1 5 0 1 4
488 9 5 5 5 0 5 3 4 8 3
540 9 8 5 7 4 4 6 5 2 6
9
272 3 2 1 6 5 2 1 9 1 0
282 1 1 3 0 7 9 4 1 5 6
364 1 1 4 3 0 8 7 3 5 9
376 5 1 4 1 3 1 7 4 4 6
398 6 4 5 5 3 6 3 5 2 5
408 2 2 4 6 4 3 5 5 8 6
422 4 1 8 3 0 2 8 1 9 3
576 9 8 4 6 8 8 1 9 4 5
644 4 7 9 5 9 1 5 8 8 9
7
226 3 1 0 0 5 7 3 5 9 1
342 3 6 2 3 8 3 1 0 4 5
354 4 4 4 0 4 9 0 7 0 6
394 8 0 2 4 8 0 0 5 3 3
408 4 1 9 8 0 1 3 6 1 2
486 8 2 5 7 5 3 8 3 2 4
534 7 4 3 7 9 2 7 8 2 5
6
224 1 1 6 5 2 3 2 1 3 1
314 1 7 4 4 3 7 3 1 9 2
362 1 8 2 3 0 2 0 7 8 7
440 1 9 6 1 9 8 4 0 3 7
540 6 3 7 3 6 0 0 9 5 9
568 0 9 8 5 9 2 7 4 7 8
6
286 1 8 0 3 0 3 5 6 6 0
406 6 3 7 3 5 5 3 1 4 2
418 5 9 2 8 6 3 0 4 0 5
430 4 3 2 7 4 5 9 2 3 9
430 6 2 5 3 6 1 7 2 0 6
430 4 5 8 7 0 1 7 1 7 0
10
300 3 1 6 3 8 1 3 0 3 2
308 7 1 0 3 4 1 4 0 7 4
320 4 2 5 4 0 3 0 6 5 4
334 1 2 0 4 2 9 6 4 6 7
370 0 9 7 6 3 3 4 1 2 6
414 2 2 9 7 0 0 4 6 9 1
448 8 7 0 8 3 3 3 7 0 4
472 7 2 8 9 4 6 8 2 0 0
530 4 8 9 4 5 9 3 5 4 8
574 9 0 8 3 8 9 6 6 0 9
2
420 2 6 6 0 4 7 6 6 3 5
440 8 4 6 0 4 0 1 9 4 2
7
300 1 5 6 1 0 6 7 4 6 2
316 5 2 2 7 1 2 9 1 5 1
344 3 4 3 6 4 2 6 1 0 5
396 5 5 4 4 3 2 7 6 0 1
468 3 7 4 2 5 5 7 3 1 9
492 5 5 7 4 5 5 5 6 1 8
496 1 6 8 7 3 8 9 4 3 9
3
378 0 8 6 2 1 5 2 6 7 6
422 2 6 7 7 1 1 2 4 1 7
550 9 9 2 4 6 6 8 3 8 3
6
284 6 5 1 3 1 6 1 1 5 1
318 4 6 0 2 2 5 6 0 1 8
322 0 5 2 4 8 2 8 3 6 2
392 4 5 2 2 9 5 4 8 0 6
426 3 8 1 6 6 6 6 7 8 3
426 6 0 6 3 9 5 7 0 2 4
3
360 5 3 3 6 1 4 5 7 2 1
430 4 3 4 6 7 1 5 5 4 2
442 9 7 1 9 1 8 8 7 0 2
4
252 0 8 0 5 0 0 7 4 1 3
296 2 4 3 1 7 4 1 1 4 5
482 2 4 2 3 7 1 9 9 7 8
624 9 2 8 9 6 6 2 6 3 8
5
294 1 1 2 0 2 7 1 9 5 6
346 3 1 4 5 1 0 8 7 5 3
382 7 3 8 3 0 2 4 1 6 1
418 3 3 7 6 6 6 4 3 1 5
668 8 4 8 9 6 4 9 6 1 8
8
376 4 1 4 2 7 3 5 7 3 3
376 0 8 4 1 0 3 7 6 7 4
392 1 7 6 0 3 4 1 4 8 9
426 7 4 2 8 3 2 8 0 7 4
444 7 0 8 3 5 6 0 8 9 2
502 6 1 9 5 0 9 6 8 2 5
524 7 4 6 6 1 3 6 8 3 7
526 0 5 5 6 7 8 9 9 7 7
2
444 7 0 8 3 5 6 0 8 9 2
526 0 5 5 6 7 8 9 9 7 7
6
216 6 1 1 0 6 8 1 0 4 0
292 3 7 2 4 3 6 2 3 1 2
374 4 6 5 1 8 7 1 8 3 0
430 1 4 7 1 6 9 7 3 7 6
518 8 3 5 0 4 9 8 6 8 4
558 9 3 9 1 9 4 6 4 6 1
1
312 3 5 5 2 4 2 0 0 6 2
6
310 4 1 0 7 0 5 8 8 6 1
390 3 2 1 7 6 0 7 5 3 5
414 6 2 5 0 1 6 4 8 4 4
424 1 2 2 2 7 6 6 9 9 5
434 1 8 6 4 6 3 7 0 5 6
526 9 9 5 5 9 0 4 2 5 2
5
312 0 5 2 2 2 5 4 9 0 8
350 3 7 0 6 3 6 9 1 7 1
404 8 3 3 2 4 6 2 8 3 3
498 8 0 2 6 7 4 0 8 5 9
620 5 8 6 6 6 3 6 6 9 9
6
392 1 3 6 1 5 3 6 2 8 7
440 5 7 3 2 9 6 5 8 6 1
464 4 8 9 0 4 8 8 3 3 4
472 3 4 2 7 8 7 3 9 6 5
484 1 8 3 9 8 0 9 1 3 9
522 6 2 3 4 7 6 6 6 6 9
8
218 0 2 6 5 0 5 5 4 1 0
324 3 3 1 7 1 4 3 1 6 8
364 4 3 1 6 2 6 8 0 4 7
420 2 3 6 8 6 9 8 2 5 3
462 4 3 8 4 3 3 6 1 9 4
480 9 9 4 0 5 5 7 6 2 3
484 8 2 6 7 4 8 0 3 4 8
588 9 9 0 5 8 8 8 6 5 8
5
292 6 2 1 5 3 4 2 3 3 3
384 1 5 6 8 7 9 4 0 6 2
430 8 2 6 6 5 5 1 0 9 1
434 7 4 7 2 2 9 0 5 1 5
494 5 0 6 1 9 2 8 8 8 3
6
386 6 1 4 2 0 9 8 1 4 6
408 1 9 4 9 3 0 3 7 3 1
432 0 9 8 7 7 3 6 6 2 0
486 6 1 8 6 3 1 4 1 1 9
558 7 9 7 7 5 5 8 4 5 2
636 7 9 8 8 9 1 6 4 7 2
10
352 2 0 4 1 2 1 8 7 2 9
402 9 8 7 2 4 9 2 0 0 1
426 3 7 7 7 4 9 6 0 5 2
470 8 7 1 9 2 4 5 8 4 1
476 7 9 2 6 4 2 5 2 8 3
494 7 1 3 0 8 8 6 8 3 9
504 0 1 9 6 9 9 8 4 5 8
526 8 7 1 8 8 8 6 1 6 5
548 8 4 5 6 0 7 7 9 3 9
650 7 8 9 0 8 2 8 7 6 6
7
318 3 3 0 7 3 0 7 1 3 4
358 3 1 0 8 5 0 9 1 2 6
388 4 1 8 2 9 0 1 2 2 6
436 2 6 6 5 0 8 3 8 0 9
436 9 6 1 3 5 3 9 3 1 1
580 9 0 1 9 6 2 7 9 4 9
642 8 7 9 5 5 7 7 0 7 9
4
292 1 5 7 1 1 9 5 2 0 1
294 2 1 1 5 0 1 2 0 7 9
318 4 8 1 4 1 4 1 7 9 0
362 0 0 6 7 4 6 6 7 6 2
4
302 1 7 8 0 0 6 3 2 6 0
402 6 2 1 0 7 2 9 2 7 3
454 9 4 3 3 4 9 4 2 3 8
508 5 6 6 4 6 2 9 4 6 6
5
420 7 1 9 2 3 2 5 4 1 3
440 5 1 7 5 2 0 2 7 9 6
482 5 1 9 2 4 8 6 5 4 7
516 8 8 3 8 8 2 5 8 1 0
592 7 6 1 9 6 1 8 9 3 9
7
344 1 3 4 7 4 1 1 2 3 9
380 9 2 6 4 1 9 1 5 4 2
384 5 2 1 8 7 3 9 2 4 0
394 8 4 3 1 1 7 6 5 8 3
400 0 7 4 8 6 7 9 0 8 1
404 6 5 3 0 1 9 3 8 5 8
540 6 6 7 8 2 1 7 5 5 5
5
372 2 4 1 5 5 7 1 8 8 4
382 5 4 7 4 2 2 1 9 0 1
398 3 4 7 9 3 6 0 5 6 1
456 8 4 3 8 3 7 9 8 0 1
574 9 9 4 5 5 6 6 9 0 5
9
270 4 1 1 2 3 0 5 8 3 0
326 0 1 7 1 1 7 3 2 8 8
378 4 1 1 1 7 0 5 9 6 6
382 5 5 4 0 2 3 7 3 3 7
382 3 9 4 6 2 2 3 7 0 2
386 2 0 7 3 2 5 7 6 5 5
432 9 3 4 0 7 7 2 8 9 1
462 3 2 9 1 8 9 7 2 3 8
482 8 3 4 8 4 1 4 0 4 8
7
318 1 2 4 1 2 3 3 3 2 8
362 4 9 0 0 7 0 6 2 1 7
400 3 5 5 8 1 5 0 0 9 6
420 0 1 3 9 8 2 4 5 8 9
470 2 7 4 8 2 0 5 6 6 6
502 9 2 4 8 2 9 2 4 8 8
562 6 6 1 9 6 9 8 9 6 8
6
350 0 3 3 2 3 8 1 8 9 7
386 6 6 0 7 0 1 0 7 0 6
388 7 6 3 2 7 1 3 7 0 1
502 0 7 7 8 9 5 1 8 6 6
524 8 1 6 4 8 0 7 1 7 8
560 6 7 5 6 5 6 6 7 5 7
9
266 1 9 5 4 1 8 1 1 7 0
342 2 6 6 3 5 8 3 6 2 1
366 4 5 2 4 0 1 7 7 3 3
374 1 9 8 4 5 2 4 1 3 3
390 9 1 4 2 2 3 0 2 1 7
480 6 8 4 8 8 5 0 6 8 2
512 3 2 9 4 9 0 0 2 7 9
516 1 5 9 1 7 4 9 3 8 9
518 9 1 4 9 1 7 0 6 3 9
1
408 8 1 4 6 7 6 1 0 0 8
3
376 1 1 9 5 1 0 5 5 4 3
564 7 6 8 7 6 8 6 2 8 6
608 7 1 8 7 8 7 8 1 9 8
5
278 0 3 3 2 4 3 7 4 2 2
312 0 8 1 0 1 7 9 6 6 4
382 4 8 5 0 5 4 1 6 8 0
410 1 3 8 4 7 1 5 5 8 0
472 6 7 5 2 9 3 2 7 6 4
10
236 1 3 4 3 1 4 4 0 3 0
362 7 7 2 8 0 3 2 3 3 0
370 3 4 6 9 1 7 5 0 1 2
378 4 0 1 7 9 4 1 9 2 2
398 4 2 2 0 7 5 8 5 8 5
414 6 9 0 5 4 4 7 5 3 5
430 2 9 7 3 6 2 1 5 4 3
476 2 1 5 8 6 4 8 8 5 4
488 6 6 0 3 3 8 9 6 8 8
502 9 2 5 8 4 2 2 6 4 3
7
256 3 2 8 1 2 1 0 1 1 0
374 4 1 5 1 3 2 7 5 8 4
378 9 6 0 9 0 9 3 0 0 7
494 3 5 7 3 9 7 3 7 0 7
528 6 5 8 5 1 6 6 8 1 5
538 8 5 7 6 6 0 2 8 1 3
542 5 8 6 9 2 6 3 9 1 9
8
330 2 2 6 4 1 8 5 1 9 0
380 5 9 3 1 4 4 0 3 1 8
426 0 6 3 8 8 0 8 8 3 4
438 4 8 2 6 3 7 7 5 0 5
446 5 7 0 6 3 5 9 4 6 7
472 5 6 5 8 1 6 2 5 6 8
546 3 4 7 6 7 1 8 9 7 4
666 9 4 7 3 3 8 9 9 6 9
3
332 0 7 5 5 3 4 6 2 4 4
480 5 9 2 9 0 3 6 8 3 8
482 3 5 5 0 7 3 9 4 7 6
10
356 0 2 5 4 6 4 1 9 2 4
402 0 6 5 6 0 3 1 8 6 9
410 8 1 2 6 6 3 9 2 3 3
450 9 1 5 5 6 8 8 4 2 2
468 8 8 4 3 8 2 7 7 2 0
480 3 5 7 3 8 7 8 6 5 4
536 6 8 2 1 7 7 7 8 5 9
546 6 0 8 8 9 0 5 0 2 8
598 7 3 9 2 4 0 8 6 9 9
616 7 4 6 6 9 2 9 6 6 9
6
308 3 0 2 9 5 8 1 4 2 2
322 2 7 3 6 3 7 4 4 4 0
350 2 4 3 6 4 4 2 7 2 4
368 7 6 1 9 0 2 3 7 3 0
472 8 7 8 2 5 0 3 9 2 1
622 8 7 8 2 6 4 9 3 5 8
7
316 5 2 2 7 1 2 9 1 5 1
322 0 1 0 4 6 9 3 4 2 9
344 3 4 3 6 4 2 6 1 0 5
368 6 3 0 4 7 9 8 1 0 6
396 5 5 4 4 3 2 7 6 0 1
468 3 7 4 2 5 5 7 3 1 9
496 1 6 8 7 3 8 9 4 3 9
1
416 8 8 1 6 8 8 1 4 0 1
1
540 9 4 7 4 9 7 6 6 6 1
5
298 2 2 1 6 1 9 5 9 2 2
420 6 9 2 0 8 3 9 2 5 0
428 0 3 7 5 9 0 2 2 9 7
454 6 1 3 6 9 6 0 9 3 4
496 2 7 9 5 6 7 2 4 4 6
7
316 3 4 5 4 1 5 1 1 1 8
386 0 4 9 0 8 4 8 0 0 7
390 6 6 0 8 7 8 1 7 3 1
490 7 4 9 8 2 3 8 0 3 3
494 5 8 4 4 8 4 8 9 4 3
500 0 8 7 1 7 0 1 9 7 8
530 2 3 8 7 4 5 8 5 9 7
7
298 5 6 1 2 2 2 7 0 3 4
348 2 2 5 3 1 5 8 7 3 1
382 4 6 7 1 4 1 0 3 8 4
392 2 5 4 0 4 3 6 0 3 9
446 4 6 5 3 0 2 5 6 8 7
502 6 5 3 6 8 8 9 3 3 7
582 8 1 5 9 9 4 8 8 0 5
9
302 4 6 0 1 3 9 8 2 7 2
444 0 8 6 7 7 3 1 1 1 9
472 8 5 7 6 3 0 0 5 4 2
474 7 6 1 9 4 2 4 1 0 9
488 6 0 4 9 0 4 7 5 5 7
508 2 2 8 9 3 8 3 5 6 8
522 9 2 6 1 9 6 3 2 5 9
560 9 5 7 0 6 2 3 6 1 9
574 9 9 5 6 2 9 7 9 1 5
9
324 1 6 1 1 1 6 8 9 1 3
428 2 9 3 8 2 0 6 6 5 5
468 2 2 5 5 2 8 7 8 3 9
476 4 3 8 7 5 3 0 6 7 5
486 7 7 9 9 0 0 4 7 0 1
510 8 3 5 6 7 2 4 6 9 0
524 2 5 8 9 5 5 4 5 4 8
590 6 8 9 7 7 9 9 6 4 0
610 5 7 9 7 5 1 7 7 7 6
6
322 0 3 6 3 2 3 0 9 0 5
406 1 0 6 4 0 0 5 9 6 9
432 5 4 1 9 7 6 2 9 6 4
470 3 7 8 2 6 6 6 3 4 3
522 3 9 7 1 9 6 8 2 6 6
592 7 9 5 5 7 6 9 5 5 7
2
414 4 1 0 6 8 0 1 7 3 9
606 8 3 9 6 9 6 4 4 9 7
6
346 1 2 0 7 8 4 7 4 1 4
368 3 5 2 8 3 4 6 0 0 8
392 7 5 2 0 4 9 9 2 0 4
420 4 0 8 4 1 8 9 8 9 0
426 5 6 4 8 5 6 3 0 7 6
490 8 4 4 0 1 0 5 9 6 7
9
336 2 0 7 0 3 8 6 4 1 4
384 3 4 3 4 3 1 2 8 2 6
386 2 2 2 3 3 5 8 4 0 9
422 5 7 7 9 0 7 2 1 9 1
424 7 4 6 8 1 9 4 2 7 0
430 4 3 5 8 0 6 4 8 2 8
506 2 8 7 7 2 2 4 6 6 6
518 7 8 3 5 7 2 1 6 6 7
528 9 0 0 9 6 8 9 5 7 5
5
310 2 1 2 9 2 7 1 7 2 5
368 6 8 7 1 4 9 1 3 3 1
390 4 0 5 6 1 1 7 8 9 2
398 0 3 4 2 5 7 8 9 8 4
548 6 5 4 8 6 8 3 7 5 8
3
416 4 1 9 5 1 5 1 8 5 2
580 6 7 8 4 4 3 7 3 9 6
592 7 6 1 9 6 1 8 9 3 9
7
380 0 3 7 1 5 0 7 3 5 5
416 6 6 6 0 4 0 5 4 6 0
418 3 2 2 7 4 3 2 7 2 8
444 0 0 5 8 2 3 9 7 4 8
482 5 6 3 2 7 1 2 5 3 9
582 9 1 7 8 9 3 5 5 4 4
656 9 8 9 8 2 7 9 9 4 3
8
344 1 1 3 9 3 9 9 6 1 0
348 2 0 6 4 6 3 4 2 0 4
376 1 0 6 8 4 7 8 4 8 0
414 6 9 1 2 4 5 5 5 9 2
424 5 1 4 4 4 0 3 5 8 5
472 7 7 2 5 5 8 6 4 9 5
536 8 2 6 3 8 5 5 6 5 6
544 0 7 8 2 8 1 9 9 7 9
2
362 5 9 3 8 1 0 0 2 5 1
630 8 9 6 5 8 0 6 7 2 7
3
354 7 0 8 3 1 0 5 0 2 1
428 9 8 5 4 2 1 5 1 0 2
506 8 8 5 5 6 1 9 5 2 0
3
358 4 5 3 2 4 2 6 4 5 1
420 2 3 6 8 6 9 8 2 5 3
562 8 6 3 7 9 1 1 5 9 6
3
238 3 2 0 2 4 5 4 6 0 3
318 3 2 5 0 0 6 6 9 0 4
434 7 9 1 6 4 1 4 9 0 0
3
260 5 3 4 1 0 6 0 7 2 0
440 3 4 7 9 9 3 2 0 8 0
570 9 1 3 3 8 8 9 3 8 8
7
282 6 2 1 5 8 2 1 1 1 1
374 0 5 7 3 5 1 9 3 8 2
376 9 6 1 7 2 8 3 1 2 2
376 4 2 0 9 5 0 8 4 9 0
376 1 4 3 5 4 0 2 6 3 9
392 4 3 7 8 2 9 9 6 0 0
410 0 4 6 7 1 8 7 1 8 5
2
400 0 6 9 4 0 0 4 7 0 4
506 9 4 4 3 7 3 7 1 8 3
3
426 3 1 5 1 8 2 6 6 6 8
498 0 6 7 7 0 0 9 3 8 8
508 7 1 8 9 7 4 0 3 1 6
8
366 2 3 2 9 2 2 5 5 9 3
380 3 6 1 8 9 6 6 5 3 2
388 0 6 7 2 9 4 1 6 6 1
406 3 7 8 1 1 8 2 2 8 6
424 5 7 5 2 2 9 5 6 9 2
502 5 8 6 9 8 0 4 0 9 4
518 9 7 5 5 6 7 3 8 0 4
546 9 1 2 5 2 1 8 9 7 7
10
246 1 6 3 5 1 3 0 5 2 1
268 0 4 0 1 8 1 4 0 9 2
332 4 1 6 3 3 1 5 1 4 3
362 2 6 0 3 7 6 7 4 8 5
412 4 2 5 6 1 8 5 1 9 6
522 2 2 9 6 6 6 7 4 8 7
536 6 9 8 8 0 3 3 9 0 8
544 3 3 9 6 7 4 9 6 3 8
614 8 5 9 6 1 9 9 4 3 7
616 9 7 7 0 2 9 3 9 8 9
9
238 3 2 0 2 4 5 4 6 0 3
318 3 2 5 0 0 6 6 9 0 4
344 0 2 5 9 0 3 9 4 0 6
376 1 5 1 9 1 0 3 4 3 8
414 3 0 2 4 9 2 3 5 8 6
422 1 6 2 4 8 1 8 3 7 5
490 5 4 6 3 8 4 6 1 4 9
518 9 6 3 4 3 3 5 4 8 7
548 8 1 9 7 2 7 5 5 0 8
2
406 6 9 0 7 5 1 6 8 0 2
484 5 9 0 6 5 4 4 5 9 8
2
306 3 1 0 3 1 4 3 7 2 9
470 0 7 9 6 7 4 6 7 2 3
3
266 1 2 1 5 6 3 5 2 7 1
372 1 3 4 3 9 1 9 4 6 3
490 9 6 4 3 5 0 2 9 0 4
10
226 7 0 1 1 2 4 2 2 3 2
268 1 0 2 6 1 8 9 5 1 0
364 1 6 0 9 6 4 2 1 9 5
380 4 6 5 2 6 1 2 0 1 7
386 2 5 5 8 4 5 2 0 6 5
404 2 8 4 3 1 0 2 0 9 9
442 8 9 1 1 1 4 4 2 1 9
464 6 8 6 2 6 9 2 3 7 3
488 9 5 3 6 2 6 2 1 8 9
500 7 5 4 3 5 8 7 3 1 7
5
322 1 7 2 8 0 7 9 4 1 3
388 0 2 9 7 1 4 4 4 3 6
436 8 7 6 1 6 8 4 0 3 1
520 8 3 2 4 6 8 5 7 8 6
560 3 8 8 8 3 7 5 7 8 8
2
384 6 4 2 4 8 7 8 2 7 0
534 7 2 6 0 9 1 5 9 7 6
5
432 7 1 7 4 1 3 0 5 2 6
444 3 9 2 3 2 0 9 8 5 3
460 7 2 7 5 2 1 1 2 1 9
472 5 7 4 5 8 5 8 8 3 0
548 9 7 7 2 7 3 5 9 3 4
6
236 0 0 5 1 1 8 3 6 7 2
296 2 4 0 1 8 9 5 0 9 5
336 6 0 2 5 2 0 7 8 1 2
406 6 0 7 0 6 8 6 1 9 3
418 1 3 1 6 7 8 9 7 4 7
484 5 8 9 7 3 2 9 0 5 2
7
380 0 3 7 1 5 0 7 3 5 5
416 6 6 6 0 4 0 5 4 6 0
432 2 8 0 9 8 2 8 7 1 2
444 0 0 5 8 2 3 9 7 4 8
482 5 6 3 2 7 1 2 5 3 9
582 9 1 7 8 9 3 5 5 4 4
656 9 8 9 8 2 7 9 9 4 3
3
506 5 9 9 0 6 2 0 1 7 9
588 9 6 5 1 6 6 9 6 8 5
648 6 9 9 7 6 9 9 6 2 7
4
322 0 8 1 6 3 5 6 4 0 6
430 2 8 2 9 6 6 8 9 6 1
446 7 3 7 0 5 2 5 9 2 1
446 6 0 1 7 5 8 9 4 8 7
8
288 1 4 1 4 0 4 8 8 1 3
356 5 4 1 2 0 3 5 5 7 3
368 6 8 3 2 0 4 5 7 5 2
382 3 8 2 0 5 6 3 2 8 5
384 5 0 6 1 7 8 8 0 6 4
386 6 4 5 5 0 7 3 0 4 8
452 7 7 1 9 2 5 6 7 5 2
458 2 7 7 9 2 4 2 6 9 1
5
258 3 4 4 8 1 5 2 1 2 1
364 1 5 3 7 7 2 2 5 8 1
438 4 0 2 7 9 3 1 3 8 7
516 3 5 8 0 5 9 9 0 7 9
524 7 4 9 7 3 4 3 4 5 5
5
270 0 7 3 8 0 9 1 4 1 2
364 3 0 6 0 3 7 0 7 1 9
394 0 9 5 9 9 7 2 5 4 2
448 5 6 6 1 6 9 0 6 4 6
498 1 7 8 1 3 1 7 7 7 9
6
268 4 2 1 4 6 6 2 1 8 1
344 4 3 6 3 1 3 1 0 4 8
446 3 5 2 6 8 2 9 6 4 3
458 6 6 7 3 3 4 1 5 7 5
458 7 0 7 6 8 0 1 9 5 2
540 9 1 9 5 4 8 8 3 8 4
3
350 0 3 4 8 6 5 3 0 3 9
508 9 8 9 0 1 6 6 5 6 1
740 8 4 8 9 9 2 8 9 6 8
7
360 7 2 2 0 3 5 2 1 1 8
410 4 2 9 3 4 8 2 3 0 5
422 7 0 0 4 1 9 8 8 8 5
452 8 5 6 8 6 0 2 6 0 2
474 2 4 7 2 9 0 6 2 6 8
504 9 7 6 8 2 0 3 1 3 7
552 9 7 6 5 1 3 4 6 7 5
7
246 1 6 3 5 1 3 0 5 2 1
268 0 4 0 1 8 1 4 0 9 2
332 4 1 6 3 3 1 5 1 4 3
412 4 2 5 6 1 8 5 1 9 6
522 2 2 9 6 6 6 7 4 8 7
614 8 5 9 6 1 9 9 4 3 7
616 9 7 7 0 2 9 3 9 8 9
2
370 2 2 7 5 3 2 0 5 3 6
480 8 4 2 8 8 9 7 6 0 1
3
328 8 3 0 1 2 3 0 6 8 1
426 2 3 8 1 4 4 8 9 2 5
458 0 6 7 4 8 0 9 5 9 2
1
514 9 9 5 1 3 5 9 9 5 1
1
360 1 3 7 9 0 6 2 4 3 6
5
350 8 0 3 2 8 1 3 4 3 1
370 2 4 1 7 6 0 3 5 2 7
384 4 7 1 7 5 2 8 1 4 4
424 3 7 8 5 3 8 0 4 0 6
646 8 8 7 4 4 5 6 7 5 9
2
440 5 4 8 5 0 4 1 7 7 1
452 5 6 8 3 2 8 2 5 7 4
2
346 6 8 0 6 2 5 0 6 2 4
356 4 0 1 9 2 8 5 1 6 8
5
396 5 5 8 0 1 8 0 7 7 3
420 6 6 3 9 3 4 0 6 0 6
424 6 7 0 9 0 2 1 7 1 6
490 8 1 9 2 4 3 6 5 7 2
510 9 7 2 3 8 4 1 1 4 8
2
470 3 7 9 3 0 4 0 5 8 7
536 9 3 9 6 5 0 0 8 6 2
6
296 7 3 2 2 0 8 6 1 2 4
380 0 5 3 7 3 2 9 6 8 3
422 4 8 1 5 4 2 9 7 4 4
452 5 6 4 2 8 3 2 3 2 7
582 9 6 9 7 2 0 2 9 3 6
608 7 0 8 6 9 6 8 7 8 7
4
338 6 2 0 1 8 4 1 6 0 5
352 1 1 6 0 5 1 1 3 2 9
354 4 4 3 4 3 8 7 1 0 4
394 4 1 1 6 9 9 0 3 9 5
1
456 2 2 8 9 0 6 5 9 4 5
2
256 2 0 3 6 0 4 7 1 1 1
382 1 7 7 3 5 8 1 8 6 0
2
212 1 7 0 1 1 4 6 1 9 0
500 8 2 3 9 0 4 2 4 8 9
2
414 8 0 0 9 7 0 4 3 9 3
432 6 9 4 7 1 8 1 8 0 4
4
356 4 3 2 2 5 4 1 7 5 3
372 5 8 5 2 0 7 7 2 9 1
428 4 9 4 2 1 6 8 8 0 3
594 8 9 8 0 8 5 6 3 1 8
10
246 2 0 0 0 3 6 5 3 0 8
344 2 7 6 2 4 7 0 2 9 2
348 1 9 6 0 4 2 2 9 5 2
418 0 2 6 1 9 6 8 2 9 6
426 7 3 7 0 2 0 0 4 6 7
428 8 4 2 5 0 0 9 1 7 6
440 6 6 2 8 2 4 4 2 9 4
462 5 1 7 1 8 6 9 3 1 6
466 3 0 6 7 8 1 3 9 8 4
490 6 1 9 9 6 8 4 3 3 2
9
310 3 1 3 7 2 8 1 9 7 0
396 3 7 2 9 5 6 2 0 8 4
434 6 1 8 4 0 8 4 5 6 3
448 3 5 3 9 2 8 4 5 7 9
454 6 6 7 6 9 0 3 1 4 3
466 4 2 3 9 5 2 6 7 1 8
494 9 3 6 0 7 7 4 8 9 1
494 5 7 5 3 7 7 7 9 7 2
530 5 7 6 9 8 1 7 2 8 4
8
374 4 0 3 2 3 0 6 0 3 9
380 2 2 5 7 5 1 1 0 4 9
420 2 1 7 1 6 0 5 5 4 8
438 4 2 6 4 5 5 6 6 6 4
438 9 3 0 8 7 9 5 5 7 2
484 7 3 3 7 2 8 4 7 2 8
484 6 0 8 2 7 2 1 6 9 5
616 8 8 5 7 6 7 5 7 7 8
9
222 0 3 0 3 5 7 3 4 6 0
276 2 3 6 0 6 9 4 0 0 3
366 3 5 1 9 0 2 1 5 8 6
372 4 5 9 4 1 8 0 2 4 4
374 4 0 5 3 9 4 0 3 4 6
506 7 1 9 1 4 0 8 6 2 5
518 7 9 6 9 4 7 3 6 1 2
548 8 9 2 9 2 0 9 9 4 2
606 8 6 5 9 6 5 5 8 9 5
2
394 8 0 2 4 8 0 0 5 3 3
534 7 4 3 7 9 2 7 8 2 5
2
382 5 4 7 4 2 2 1 9 0 1
424 0 3 0 9 8 7 8 9 8 3
10
254 3 0 4 5 0 7 0 3 7 0
360 4 8 1 3 0 4 3 5 6 4
362 3 2 7 1 2 0 5 8 0 3
374 5 4 4 3 4 0 8 0 8 0
438 9 6 0 5 0 4 5 7 9 2
444 5 4 7 7 5 5 8 3 6 1
484 6 4 5 6 1 9 9 4 9 4
490 9 1 0 4 5 7 7 9 0 9
492 7 0 8 3 7 4 7 6 6 2
528 3 6 4 2 8 8 9 9 6 7
10
256 4 2 1 0 1 2 0 5 8 3
282 7 5 2 1 0 2 0 2 1 5
328 0 6 0 6 2 0 5 6 4 6
346 1 7 8 0 2 9 3 1 8 3
412 3 0 0 1 8 2 6 9 8 7
418 2 3 0 6 3 0 9 6 8 7
432 4 6 3 9 1 2 8 0 1 9
456 5 5 9 1 7 9 6 5 0 1
482 8 1 1 1 5 2 8 9 8 7
534 1 4 7 8 6 5 6 9 5 8
5
312 8 0 3 4 0 5 1 2 2 4
334 5 5 6 2 6 7 1 2 6 0
352 1 0 7 9 7 3 3 2 1 1
414 4 9 6 7 1 4 4 7 0 0
518 2 2 8 5 9 9 5 9 9 3
9
176 0 0 1 1 5 8 5 1 1 1
352 7 4 2 3 4 6 2 1 4 2
352 2 2 7 5 1 6 0 3 1 6
408 3 4 4 0 4 6 6 5 5 8
434 2 6 8 0 1 4 1 8 8 7
462 1 5 3 2 9 6 9 9 9 3
468 7 0 7 1 6 9 7 0 6 6
500 6 0 8 1 4 1 4 5 4 9
548 8 8 2 8 4 4 8 7 3 5
7
302 2 9 0 3 0 7 1 2 4 8
436 6 3 8 3 0 6 0 9 2 4
438 4 0 1 9 8 4 6 1 9 5
448 6 5 5 2 0 1 5 4 3 7
474 7 6 4 7 4 2 7 6 3 3
512 3 3 8 1 2 5 7 8 4 9
526 9 0 7 8 4 3 7 6 2 4
3
370 6 3 1 6 2 2 3 9 3 3
420 7 2 1 8 8 0 7 8 1 1
544 7 6 9 1 4 6 0 3 5 9
4
384 6 5 2 0 8 5 9 1 4 2
384 2 2 5 9 7 7 4 8 3 2
418 6 2 5 9 3 9 2 4 6 3
548 7 9 7 4 1 4 7 6 1 9
10
242 1 1 5 2 5 3 5 0 3 1
386 6 1 4 2 0 9 8 1 4 6
408 1 9 4 9 3 0 3 7 3 1
432 0 9 8 7 7 3 6 6 2 0
442 9 8 3 5 3 2 1 2 8 0
462 2 9 9 3 4 7 6 9 2 3
486 6 1 8 6 3 1 4 1 1 9
524 4 3 8 9 0 5 8 2 9 7
558 7 9 7 7 5 5 8 4 5 2
636 7 9 8 8 9 1 6 4 7 2
10
236 0 0 5 1 1 8 3 6 7 2
296 2 4 0 1 8 9 5 0 9 5
326 1 5 0 0 2 9 1 8 7 9
336 6 0 2 5 2 0 7 8 1 2
406 6 0 7 0 6 8 6 1 9 3
416 5 0 2 1 2 4 6 9 4 8
418 1 3 1 6 7 8 9 7 4 7
484 2 4 8 7 2 1 9 3 5 8
484 5 8 9 7 3 2 9 0 5 2
494 1 4 8 6 6 2 2 9 6 6
9
362 6 7 0 2 3 4 7 5 3 3
364 0 1 9 0 8 1 8 1 3 6
390 0 9 9 0 5 3 0 1 9 4
402 0 6 8 4 0 2 4 9 4 2
456 1 8 6 6 4 1 5 7 7 6
482 8 2 0 2 9 0 8 5 4 9
486 7 5 3 9 2 2 7 2 8 4
510 4 7 3 6 2 9 6 6 8 9
548 7 4 6 7 5 8 4 7 0 7
9
330 0 7 3 4 6 4 0 8 2 5
350 2 6 1 6 7 3 0 5 5 3
390 7 4 2 6 5 7 5 5 0 4
414 9 2 6 4 2 3 1 5 5 0
434 6 3 3 6 7 2 4 0 7 4
452 0 5 6 1 4 2 7 9 3 9
482 7 8 5 6 9 5 2 0 8 3
520 7 3 3 5 6 2 2 8 2 9
548 8 6 8 2 7 8 2 8 2 5
3
408 3 9 0 5 7 2 8 2 0 9
534 2 7 9 7 9 1 8 8 4 1
592 8 7 9 7 6 2 8 2 9 1
2
442 9 9 4 2 1 6 9 1 2 2
464 0 8 9 1 7 0 3 9 3 7
9
272 4 1 1 1 5 6 3 5 5 0
296 0 4 3 0 2 8 7 9 4 3
388 5 2 7 3 1 5 8 0 1 3
388 5 7 5 6 0 0 4 7 5 1
390 4 3 5 6 3 1 9 1 1 6
502 9 8 5 4 8 6 4 7 0 1
518 8 7 6 4 1 1 2 6 9 5
528 9 8 1 3 5 1 9 5 2 8
590 9 5 4 4 6 4 3 6 8 9
6
224 1 1 6 5 2 3 2 1 3 1
314 1 7 4 4 3 7 3 1 9 2
362 1 8 2 3 0 2 0 7 8 7
392 1 5 9 5 8 5 6 1 7 0
436 9 6 1 4 5 9 4 7 0 4
440 1 9 6 1 9 8 4 0 3 7
9
412 1 7 8 8 7 2 1 0 6 5
422 2 4 9 1 8 4 1 6 2 7
432 7 7 2 0 6 9 9 0 7 4
436 6 5 8 2 3 2 9 2 3 1
480 8 3 6 3 7 4 8 0 0 5
498 0 6 7 7 0 0 9 3 8 8
508 7 1 8 9 7 4 0 3 1 6
536 9 0 5 0 8 3 9 5 8 4
604 9 0 8 7 1 9 8 8 8 5
10
262 3 6 0 1 8 4 1 7 1 0
346 7 1 4 0 1 1 5 9 0 0
366 3 6 2 7 8 6 1 9 2 2
368 7 4 7 8 1 7 0 0 1 3
374 2 2 6 5 3 3 5 8 0 3
378 7 4 1 3 2 7 1 6 8 5
380 0 3 5 0 6 9 1 8 9 5
464 7 6 4 7 8 8 2 0 5 3
480 7 6 5 5 3 9 5 6 7 1
542 3 5 7 4 2 6 6 9 7 8
6
354 4 4 0 8 3 4 6 7 4 1
370 1 1 2 9 8 8 0 5 7 7
406 2 6 2 9 1 7 0 7 1 9
408 7 3 4 7 1 5 0 8 9 1
426 4 4 8 2 2 9 4 2 9 6
432 7 3 0 7 6 9 9 8 0 1
4
348 4 3 2 7 2 7 6 3 6 3
444 3 1 7 8 1 6 3 7 4 8
450 8 4 6 7 0 7 6 8 0 0
484 6 8 9 6 1 8 3 2 2 3
8
264 1 1 4 2 1 8 2 9 3 1
302 1 7 8 0 0 6 3 2 6 0
358 1 2 9 2 8 7 4 5 2 1
402 6 2 1 0 7 2 9 2 7 3
420 4 6 4 3 2 8 4 4 8 4
454 9 4 3 3 4 9 4 2 3 8
500 3 4 8 4 7 9 5 6 7 5
534 2 8 4 6 7 2 6 7 5 8
5
340 6 7 0 4 3 1 0 2 7 4
424 0 7 7 7 9 7 4 5 4 2
428 2 8 4 8 4 1 3 4 1 5
440 7 9 5 8 5 3 2 2 0 2
562 6 8 4 3 9 6 9 7 0 9
4
392 6 8 2 6 7 9 2 2 0 1
442 2 9 4 3 9 3 3 4 7 3
482 6 4 3 8 3 8 7 0 7 8
556 6 3 9 1 6 1 8 1 8 9
7
324 0 9 3 4 1 3 9 2 5 4
338 4 6 0 0 7 4 1 4 5 4
468 3 2 8 0 9 3 7 0 4 7
486 7 0 2 7 5 9 9 9 6 5
526 6 5 8 5 4 7 2 2 7 7
552 3 7 8 2 2 4 9 8 5 8
560 7 8 3 0 8 1 8 4 9 9
5
378 3 2 8 5 1 5 3 6 3 2
434 6 6 3 8 1 6 0 7 7 4
488 6 9 1 7 4 1 9 9 8 0
524 8 9 3 3 3 6 6 5 2 8
526 6 4 6 4 2 9 1 8 9 8
2
402 1 2 6 0 8 1 5 4 0 9
416 3 7 3 9 4 6 0 0 8 5
1
416 1 7 3 3 4 1 8 5 2 6
8
212 1 7 0 1 1 4 6 1 9 0
390 8 4 2 8 5 3 1 3 1 2
420 3 8 6 1 2 1 1 5 9 4
440 3 6 5 8 2 8 5 4 0 7
484 1 3 6 5 2 0 9 5 5 9
500 8 2 3 9 0 4 2 4 8 9
518 8 1 5 7 8 1 4 1 0 8
554 7 6 7 0 6 4 9 4 8 7
9
302 2 2 1 3 3 7 3 6 5 6
336 3 7 0 4 9 5 0 1 4 7
342 5 1 0 5 8 9 2 7 2 5
360 4 4 8 1 0 9 2 2 6 6
420 9 4 3 3 0 3 1 9 1 5
488 3 8 8 6 3 1 0 9 2 8
494 3 5 9 3 7 9 3 4 8 5
506 2 7 9 5 8 2 9 6 3 4
602 7 4 7 4 4 9 9 9 7 5
5
216 2 2 3 7 1 2 0 1 4 2
346 4 5 8 0 3 9 3 7 2 1
356 8 1 6 6 0 0 4 1 2 0
470 4 2 9 1 8 2 6 3 1 8
556 6 4 7 9 1 1 5 9 4 6
4
330 1 1 1 5 4 8 2 6 7 7
480 2 8 6 2 3 4 4 6 9 7
482 2 9 8 7 8 6 7 2 3 1
572 8 6 7 4 3 6 4 6 8 6
8
242 1 0 2 7 8 4 3 1 2 2
350 7 6 4 2 0 6 4 2 4 3
420 1 4 4 5 5 6 3 9 2 8
424 0 5 7 6 6 8 9 2 3 3
460 9 9 1 5 3 7 7 0 5 6
488 5 3 9 9 0 7 1 9 3 3
500 4 3 8 3 9 8 9 1 0 8
602 9 1 4 8 5 8 4 9 7 8
4
296 0 4 3 0 2 8 7 9 4 3
390 4 3 5 6 3 1 9 1 1 6
454 3 5 3 8 4 0 5 4 6 8
518 8 7 6 4 1 1 2 6 9 5
1
504 5 6 7 7 6 9 8 2 4 4
1
260 2 0 2 6 0 4 0 5 5 3
5
346 3 1 4 5 1 0 8 7 5 3
382 7 3 8 3 0 2 4 1 6 1
418 3 3 7 6 6 6 4 3 1 5
434 3 7 7 5 9 7 1 1 1 5
668 8 4 8 9 6 4 9 6 1 8
8
358 1 6 1 0 9 9 4 9 3 4
370 6 3 1 6 2 2 3 9 3 3
404 4 8 2 4 4 3 1 7 4 7
420 7 2 1 8 8 0 7 8 1 1
430 0 8 4 4 8 0 9 6 0 4
510 7 7 1 2 7 2 8 6 5 6
532 5 3 6 4 8 6 7 1 9 7
544 7 6 9 1 4 6 0 3 5 9
4
444 9 4 8 3 0 7 6 0 4 3
462 3 2 9 4 4 6 2 4 8 8
488 9 6 5 5 5 6 3 6 0 3
606 9 0 9 9 7 2 5 7 0 7
5
432 0 9 9 3 1 6 8 5 4 6
534 5 3 3 9 4 2 9 8 8 6
546 7 8 6 6 1 8 4 1 7 8
552 7 5 8 6 2 5 6 8 3 7
608 9 6 5 9 7 5 4 9 8 3
7
302 4 2 1 6 7 3 1 3 8 1
314 1 3 3 2 8 0 6 3 8 2
376 8 2 3 0 2 3 6 1 2 6
454 8 5 9 5 0 9 8 1 7 0
484 1 9 8 3 9 8 2 4 0 8
550 8 5 7 1 8 2 9 3 0 6
558 7 4 3 7 5 1 7 9 6 9
5
342 7 3 1 6 7 5 3 0 6 1
414 8 0 0 9 7 0 4 3 9 3
432 6 9 4 7 1 8 1 8 0 4
506 5 0 9 6 8 6 4 6 7 5
548 6 6 6 3 9 5 6 3 6 5
10
378 7 0 4 4 9 1 2 3 2 0
412 0 0 5 8 3 6 8 4 9 4
416 4 3 6 0 0 8 6 9 0 9
436 1 8 3 5 6 2 7 3 8 8
448 5 1 8 3 1 5 3 6 1 8
456 3 7 7 7 2 7 3 8 5 4
462 9 7 1 5 2 6 3 7 8 3
470 9 3 9 2 4 3 2 6 4 2
472 5 6 1 9 4 1 5 0 6 8
632 9 4 8 4 8 4 4 8 4 6
6
252 1 5 3 6 0 1 1 2 7 0
306 3 3 1 5 6 4 4 7 0 0
382 0 4 5 1 9 6 9 7 0 3
402 6 1 2 5 1 1 6 2 8 8
458 1 5 9 2 8 9 2 8 0 5
586 9 8 9 7 6 2 2 3 4 4
2
306 0 6 7 2 1 4 4 5 5 0
484 8 1 1 4 9 2 2 8 2 8
2
486 7 8 6 0 4 9 0 6 6 5
518 8 6 6 3 7 7 7 2 5 3
3
340 6 7 0 4 3 1 0 2 7 4
424 0 7 7 7 9 7 4 5 4 2
428 2 8 4 8 4 1 3 4 1 5
1
418 8 5 2 2 3 2 8 4 7 0
3
380 2 2 5 7 5 1 1 0 4 9
438 4 2 6 4 5 5 6 6 6 4
458 3 7 8 3 3 6 5 3 3 7
9
322 0 8 1 6 3 5 6 4 0 6
400 6 7 0 4 0 8 0 3 9 7
420 3 3 3 7 8 6 2 0 7 9
444 8 2 7 7 1 2 9 0 0 5
446 7 3 7 0 5 2 5 9 2 1
446 6 0 1 7 5 8 9 4 8 7
456 7 1 6 6 2 1 4 9 9 0
462 4 7 3 6 9 9 0 8 6 5
520 7 9 8 3 9 9 8 2 5 1
3
364 2 1 6 1 8 3 7 0 6 4
390 7 4 3 7 9 7 3 0 0 1
452 4 5 6 0 4 1 9 3 1 9
6
318 0 4 3 9 1 6 1 5 0 6
344 8 7 2 0 2 1 6 0 1 1
378 3 1 8 7 9 4 0 0 2 4
382 4 5 1 9 0 0 6 7 0 3
386 8 7 2 4 3 6 3 3 3 3
400 1 5 3 5 3 8 9 3 1 9
10
202 1 3 1 0 1 3 3 3 8 3
374 3 8 0 9 9 5 0 3 4 4
390 8 0 0 7 3 8 6 4 7 5
408 8 1 4 6 7 6 1 0 0 8
414 1 4 9 7 5 4 6 0 7 2
432 0 4 8 0 9 6 2 5 6 8
442 9 8 0 6 6 4 5 2 1 4
446 2 1 7 0 5 3 9 2 9 8
552 4 4 7 9 8 8 8 9 2 3
600 9 3 6 3 4 2 3 8 9 8
8
226 0 2 3 7 0 0 4 6 1 0
332 2 3 2 3 8 6 1 5 1 5
434 3 6 5 6 6 9 7 0 7 5
446 1 9 9 3 9 2 4 1 7 3
458 6 5 6 3 2 2 4 4 8 4
514 9 3 0 7 9 5 8 5 9 1
532 3 7 6 7 9 1 9 9 4 4
548 5 6 9 4 2 7 7 8 8 2
6
282 0 1 4 1 2 8 2 7 8 4
338 6 6 4 4 0 0 2 5 6 0
430 5 1 8 1 1 7 3 8 4 5
468 1 6 9 5 0 2 0 8 6 8
490 7 3 5 8 5 2 5 8 0 4
492 9 5 9 1 4 4 0 3 7 6
9
322 4 4 0 9 0 4 0 1 4 8
322 1 4 4 1 7 4 0 5 2 8
338 1 0 4 7 9 2 3 8 7 0
340 0 2 9 2 2 4 4 8 3 3
406 0 1 8 7 4 9 3 8 0 7
416 7 3 5 1 3 9 7 9 2 3
456 8 6 2 8 4 7 6 0 8 3
490 3 8 8 2 9 7 4 8 8 2
560 5 3 5 8 9 9 3 5 9 7
10
278 1 0 8 0 4 5 0 1 7 1
284 4 9 1 0 8 4 4 0 3 1
342 7 0 7 1 5 7 2 0 4 0
354 4 7 0 2 6 7 4 3 9 2
390 1 9 2 2 0 3 6 4 7 8
396 3 7 4 5 4 7 3 7 8 1
458 5 5 0 9 7 8 9 4 6 1
500 5 8 5 5 0 5 9 7 6 6
506 9 9 0 8 9 8 3 4 8 2
520 7 8 6 9 2 4 2 5 6 4
9
354 4 4 0 8 3 4 6 7 4 1
370 1 1 2 9 8 8 0 5 7 7
370 4 7 0 0 1 1 3 9 9 3
384 0 2 1 4 9 6 9 2 1 9
406 2 6 2 9 1 7 0 7 1 9
408 7 3 4 7 1 5 0 8 9 1
426 4 4 8 2 2 9 4 2 9 6
432 7 3 0 7 6 9 9 8 0 1
440 2 3 4 8 9 1 4 6 2 7
7
310 7 1 4 0 2 7 4 6 3 1
324 1 6 2 8 4 8 0 3 7 1
330 0 0 7 8 8 7 2 1 9 2
410 4 5 7 7 7 6 1 4 0 4
450 7 5 3 5 2 3 1 9 3 8
512 9 3 8 7 8 4 1 7 2 1
528 9 7 5 8 7 0 2 9 1 1
10
360 7 2 2 0 3 5 2 1 1 8
410 4 2 9 3 4 8 2 3 0 5
422 7 0 0 4 1 9 8 8 8 5
422 4 4 4 8 4 7 7 3 6 2
442 0 9 5 5 9 9 1 9 3 6
452 8 5 6 8 6 0 2 6 0 2
464 7 0 8 7 9 7 2 6 3 1
474 2 4 7 2 9 0 6 2 6 8
504 9 7 6 8 2 0 3 1 3 7
552 9 7 6 5 1 3 4 6 7 5
4
380 8 0 4 2 2 5 8 0 8 1
402 5 5 0 1 8 9 6 2 7 5
456 1 8 7 4 2 2 7 9 7 2
548 7 9 7 4 1 4 7 6 1 9
3
204 1 0 1 1 9 1 1 2 5 0
388 7 5 0 3 6 8 9 8 4 0
522 6 3 8 6 3 5 2 9 6 5
9
246 3 3 1 0 2 8 2 8 8 0
306 3 0 0 7 5 5 1 6 5 3
408 7 3 1 3 3 7 0 9 8 3
432 7 2 2 7 1 3 3 2 8 8
438 5 3 3 4 7 9 4 1 9 7
438 4 6 6 5 8 0 7 5 1 1
456 4 3 0 7 9 2 5 9 1 6
470 6 9 9 9 2 0 1 2 3 1
568 9 8 8 0 0 1 9 2 7 9
9
308 0 3 2 5 8 1 1 9 1 3
410 8 8 1 6 0 6 8 2 0 3
412 6 5 3 4 2 1 6 1 5 8
450 2 6 9 8 0 8 5 5 5 5
478 8 9 0 5 5 4 0 7 4 8
490 8 2 5 6 6 0 7 9 2 1
516 7 9 8 1 7 3 2 8 3 0
610 9 6 5 5 6 0 4 8 6 6
686 9 5 9 3 3 4 9 9 3 9
2
366 3 1 0 2 7 7 8 3 8 7
552 7 3 8 0 7 4 8 2 7 6
7
284 4 4 3 4 3 2 0 5 1 3
378 5 3 8 9 2 7 4 3 0 1
428 6 1 8 4 0 6 5 6 5 1
462 9 2 7 7 8 0 1 2 1 4
472 6 1 1 7 4 5 9 8 0 6
486 3 1 9 6 6 8 5 6 1 9
568 5 9 5 9 0 3 2 9 4 9
4
216 6 1 1 0 6 8 1 0 4 0
374 4 6 5 1 8 7 1 8 3 0
412 3 2 7 6 0 3 8 7 9 0
430 1 4 7 1 6 9 7 3 7 6
9
292 1 5 7 1 1 9 5 2 0 1
294 2 1 1 5 0 1 2 0 7 9
294 1 6 6 0 3 0 1 3 8 1
318 4 8 1 4 1 4 1 7 9 0
362 0 0 6 7 4 6 6 7 6 2
388 1 9 6 7 9 9 0 3 6 1
418 4 6 6 3 7 5 2 9 5 2
436 1 3 4 8 9 0 8 8 4 3
464 8 3 0 5 7 8 3 3 5 7
3
284 4 4 3 4 3 2 0 5 1 3
428 6 1 8 4 0 6 5 6 5 1
486 3 1 9 6 6 8 5 6 1 9
9
356 0 2 5 4 6 4 1 9 2 4
402 0 6 5 6 0 3 1 8 6 9
450 9 1 5 5 6 8 8 4 2 2
468 8 8 4 3 8 2 7 7 2 0
480 3 5 7 3 8 7 8 6 5 4
536 6 8 2 1 7 7 7 8 5 9
546 6 0 8 8 9 0 5 0 2 8
598 7 3 9 2 4 0 8 6 9 9
616 7 4 6 6 9 2 9 6 6 9
8
416 8 8 1 6 8 8 1 4 0 1
418 5 7 6 5 4 0 3 0 3 5
432 0 2 9 1 3 1 8 7 8 4
448 1 5 3 9 6 2 8 4 8 5
454 1 5 6 5 3 6 9 4 4 7
478 4 7 2 0 3 2 9 9 7 7
490 9 4 1 2 8 4 7 1 5 7
518 7 9 4 2 6 5 4 5 8 6
3
330 1 2 5 2 2 6 8 5 9 1
344 0 7 2 4 1 8 1 1 8 9
422 5 1 5 2 4 1 3 0 7 9
1
130 0 1 0 0 1 9 2 5 0 4
7
282 1 1 3 0 7 9 4 1 5 6
360 0 7 0 5 1 1 4 6 5 8
376 5 1 4 1 3 1 7 4 4 6
398 6 4 5 5 3 6 3 5 2 5
408 2 2 4 6 4 3 5 5 8 6
576 9 8 4 6 8 8 1 9 4 5
644 4 7 9 5 9 1 5 8 8 9
7
266 1 9 5 4 1 8 1 1 7 0
366 4 5 2 4 0 1 7 7 3 3
374 1 9 8 4 5 2 4 1 3 3
390 9 1 4 2 2 3 0 2 1 7
436 6 1 6 5 2 5 6 6 0 8
480 6 8 4 8 8 5 0 6 8 2
512 3 2 9 4 9 0 0 2 7 9
8
322 3 0 3 6 0 1 1 3 4 9
328 1 8 4 1 9 9 9 4 0 0
368 4 2 7 2 2 2 4 9 1 4
394 9 5 1 4 2 6 1 5 2 5
452 5 4 8 6 0 3 7 0 2 8
492 3 2 8 4 6 6 0 4 7 9
514 3 5 6 6 8 2 4 3 8 6
562 5 4 8 3 8 3 4 6 7 6
5
286 3 4 3 3 2 1 6 2 7 0
286 0 2 4 3 6 2 3 4 1 3
384 4 2 7 8 4 0 4 1 5 2
420 2 9 2 0 2 8 9 4 9 9
554 9 2 6 7 9 7 4 6 7 5
4
290 1 0 9 7 2 5 4 0 2 0
302 0 2 4 8 9 0 0 2 7 0
358 1 0 1 8 0 5 2 9 9 9
434 5 8 2 6 1 2 2 9 5 7
3
368 7 4 9 1 0 0 0 0 6 2
538 8 5 7 6 6 0 2 8 1 3
542 5 8 6 9 2 6 3 9 1 9
8
272 2 7 2 0 1 0 8 6 2 2
294 3 2 5 9 1 3 0 5 2 2
310 3 2 4 9 1 6 5 5 3 0
342 0 3 9 2 4 0 9 0 7 2
382 4 0 1 1 6 2 7 6 6 7
404 2 2 7 0 2 4 4 7 8 7
444 5 3 3 2 0 1 9 4 8 6
572 9 9 6 8 3 3 3 8 7 4
3
322 0 3 1 2 5 0 9 0 8 6
328 3 3 2 9 7 7 8 0 2 0
344 2 1 8 5 7 7 0 1 8 0
3
360 5 7 2 2 7 6 0 5 0 3
432 6 8 3 7 2 0 6 1 2 3
448 8 7 5 3 0 1 8 3 2 3
7
250 2 0 1 3 9 5 0 2 3 3
412 0 7 5 5 5 1 8 8 4 4
444 9 4 8 3 0 7 6 0 4 3
448 5 7 6 3 5 5 0 4 5 6
452 3 4 4 5 5 3 4 7 1 9
462 3 2 9 4 4 6 2 4 8 8
606 9 0 9 9 7 2 5 7 0 7
5
328 3 5 3 2 2 7 1 8 7 4
376 3 0 0 8 2 3 9 1 4 8
448 8 0 6 1 3 5 8 5 7 2
502 8 2 9 0 2 8 6 2 1 8
588 7 8 8 5 6 9 5 5 3 8
9
310 4 1 0 7 0 5 8 8 6 1
318 1 0 6 7 3 0 5 0 1 5
352 0 1 8 0 7 6 4 2 7 3
374 6 8 0 7 1 2 8 2 0 1
388 2 4 8 7 8 6 1 3 0 5
414 6 2 5 0 1 6 4 8 4 4
424 1 2 2 2 7 6 6 9 9 5
434 1 8 6 4 6 3 7 0 5 6
526 9 9 5 5 9 0 4 2 5 2
8
274 3 3 5 2 2 2 3 3 4 0
402 3 9 3 6 6 4 3 6 6 0
404 2 9 0 1 4 2 5 7 6 6
408 6 4 3 5 1 7 7 0 7 7
414 4 6 6 3 4 8 7 2 7 4
456 5 3 5 3 5 1 9 4 2 5
526 0 8 6 9 8 1 7 3 5 9
604 6 7 8 8 7 1 1 8 5 5
6
314 9 2 0 2 0 0 1 7 5 3
390 3 9 2 4 1 1 5 1 6 9
404 6 7 3 3 1 1 8 8 0 1
406 9 1 1 5 0 0 6 7 7 2
424 8 1 3 8 8 7 4 2 2 3
520 8 6 1 5 6 0 6 9 5 7
6
300 0 3 7 4 2 5 2 6 0 2
328 3 2 2 0 4 4 7 6 3 4
366 6 0 0 1 9 3 7 8 2 3
372 1 8 1 9 6 8 4 5 9 0
398 1 1 7 5 3 2 7 9 9 2
504 9 0 7 4 6 9 6 5 8 3
10
270 1 0 3 0 2 9 6 9 2 1
272 7 2 1 1 0 8 0 7 2 3
328 7 3 2 5 0 4 6 3 0 2
342 2 6 1 3 8 9 2 1 3 7
372 1 7 3 4 2 9 2 5 8 8
444 8 6 6 4 4 4 1 4 7 3
450 5 6 4 6 5 3 0 6 6 4
470 7 9 1 0 4 9 9 3 3 7
478 6 6 8 4 5 8 8 3 9 0
636 7 5 4 9 9 7 8 6 7 7
7
294 0 6 2 9 1 3 1 1 8 6
314 2 3 3 6 5 3 2 3 8 0
376 5 3 2 1 3 2 5 9 9 3
410 7 0 1 5 7 4 3 3 6 7
436 4 2 5 1 7 8 4 2 6 7
458 8 8 7 1 6 3 2 2 8 1
468 6 0 5 7 6 0 4 4 6 6
10
344 0 9 4 2 3 5 3 5 1 6
350 2 1 7 6 3 1 8 0 4 1
350 5 3 9 0 0 1 1 4 5 1
360 2 4 0 7 2 5 5 6 9 2
362 2 8 0 5 9 4 8 0 3 2
412 9 6 3 2 0 1 4 3 7 1
492 6 5 4 8 8 6 0 9 1 5
552 7 7 2 3 9 8 4 8 5 8
606 5 9 9 3 8 7 6 8 8 4
626 3 4 9 8 8 5 8 7 8 7
5
272 2 7 2 0 1 0 8 6 2 2
294 3 2 5 9 1 3 0 5 2 2
310 3 2 4 9 1 6 5 5 3 0
396 3 6 5 1 6 1 8 4 3 5
572 9 9 6 8 3 3 3 8 7 4
3
358 3 7 7 4 3 1 3 4 1 1
492 8 0 4 5 2 5 6 2 9 8
536 9 3 9 6 5 0 0 8 6 2
1
390 0 2 3 9 5 8 3 8 6 4
9
326 3 1 6 9 1 1 7 0 0 1
342 3 7 0 0 0 7 4 0 7 9
358 1 2 5 6 1 3 8 6 3 1
372 4 3 0 5 2 5 9 8 2 5
394 2 0 0 8 9 1 8 9 2 4
422 3 5 3 3 8 2 9 0 7 4
424 7 7 3 9 4 5 2 4 7 0
446 3 3 8 0 8 4 3 1 8 6
456 2 2 7 2 8 0 8 0 9 8
5
258 2 6 5 1 0 0 1 2 5 2
424 6 4 5 3 1 6 5 5 7 6
456 8 1 6 7 0 0 6 1 2 5
530 6 5 9 9 4 7 1 4 2 9
552 8 0 8 8 3 0 1 9 0 9
4
282 7 4 0 1 3 7 2 0 1 4
386 8 1 3 8 5 6 3 2 6 2
448 3 4 7 7 0 1 8 1 0 8
588 9 6 5 1 6 6 9 6 8 5
10
372 3 3 0 7 6 1 9 0 5 6
414 6 6 0 6 8 4 0 6 4 4
416 4 2 7 9 1 9 4 5 9 1
420 6 4 5 4 2 2 8 8 3 2
424 3 4 5 3 3 0 3 9 5 8
466 6 1 9 6 7 0 2 1 1 7
474 6 9 6 4 1 8 5 7 0 7
486 7 9 6 3 0 0 4 7 4 5
500 9 1 8 0 9 9 3 2 5 5
562 9 8 2 5 7 4 2 6 5 9
8
258 3 4 4 8 1 5 2 1 2 1
364 1 5 3 7 7 2 2 5 8 1
438 4 0 2 7 9 3 1 3 8 7
458 8 5 1 4 4 9 7 1 4 8
474 3 5 4 6 5 8 2 9 6 8
486 9 6 2 5 1 6 9 5 6 5
524 7 4 9 7 3 4 3 4 5 5
556 7 5 3 4 6 4 6 7 8 8
4
156 0 0 2 5 1 4 5 1 1 2
428 7 4 2 4 4 3 1 1 9 8
500 7 5 8 3 0 5 8 6 0 8
654 6 9 9 8 8 8 8 6 6 5
6
304 5 3 1 4 2 8 3 4 2 4
432 0 0 2 4 7 5 6 7 8 9
440 7 4 3 6 0 6 4 2 9 4
448 4 9 7 6 4 2 5 0 7 3
460 5 3 7 2 5 9 4 1 1 9
636 8 3 9 5 6 2 9 7 8 7
10
278 2 1 1 2 8 0 5 1 6 3
296 4 2 2 5 7 4 1 6 3 0
296 2 7 4 1 3 6 3 4 3 2
362 5 1 2 6 2 9 2 4 9 5
416 5 5 2 0 4 1 8 2 3 7
428 2 3 7 8 8 0 7 0 1 7
434 5 6 4 5 8 7 4 6 5 1
458 0 7 9 6 0 5 8 4 1 8
494 2 0 9 9 1 7 3 9 7 6
516 6 2 8 6 2 4 5 9 8 5
3
276 2 0 1 3 7 6 0 9 0 4
446 6 9 8 3 1 8 9 6 2 0
450 8 8 0 6 7 9 8 6 5 1
9
220 2 6 0 2 0 1 5 3 2 4
326 2 7 0 6 5 9 0 9 2 2
370 1 6 3 2 9 4 4 6 9 3
406 6 8 2 3 6 1 1 3 0 5
406 2 1 6 5 4 4 9 6 1 7
434 6 1 9 6 4 3 0 0 2 7
444 9 7 6 6 1 4 0 4 2 2
496 2 7 2 6 5 8 5 9 7 9
604 8 5 5 7 8 3 4 4 5 8
8
284 0 6 1 4 9 9 1 3 0 5
310 0 7 3 2 5 0 2 7 3 4
326 2 9 0 9 8 3 4 0 0 4
340 8 1 5 4 4 5 0 1 6 0
458 6 6 5 7 9 1 8 1 1 3
464 9 1 8 2 2 2 4 8 5 0
464 9 4 5 9 6 4 1 2 2 5
540 7 5 7 9 3 6 1 4 8 5
10
322 4 7 1 5 1 7 0 3 2 4
338 5 1 1 4 7 9 2 6 4 2
376 6 0 1 2 3 6 5 7 5 8
384 7 9 0 6 7 5 0 2 3 2
386 0 6 2 6 8 9 4 4 7 6
386 1 5 4 1 4 4 9 5 5 3
402 7 0 4 8 5 6 3 0 2 7
460 7 4 6 4 3 6 1 3 4 6
460 4 4 4 3 9 1 4 6 8 5
468 9 4 4 1 6 9 4 1 8 3
3
268 1 3 1 6 4 9 1 6 3 1
378 1 1 3 6 2 1 8 7 5 6
458 8 4 5 8 3 5 0 2 6 4
8
314 1 8 0 2 4 1 9 1 9 2
342 1 8 7 5 1 7 6 1 1 2
352 0 0 6 7 9 8 1 4 0 6
388 8 5 5 4 0 3 0 0 0 8
390 8 4 1 0 7 9 4 0 6 6
424 3 3 3 2 5 5 8 9 1 9
428 7 2 3 6 7 5 1 5 1 7
670 8 9 8 9 4 5 3 8 2 8
3
426 3 7 7 7 4 9 6 0 5 2
494 7 1 3 0 8 8 6 8 3 9
548 8 4 5 6 0 7 7 9 3 9
2
434 6 1 8 4 0 8 4 5 6 3
488 3 4 9 1 9 0 3 2 8 6
2
368 7 6 1 9 0 2 3 7 3 0
472 8 7 8 2 5 0 3 9 2 1
7
232 1 3 0 9 2 8 2 7 3 0
372 2 2 4 5 0 6 1 7 1 9
390 6 6 0 8 7 8 1 7 3 1
446 5 0 7 0 8 3 4 4 4 9
490 7 4 9 8 2 3 8 0 3 3
494 5 8 4 4 8 4 8 9 4 3
500 0 8 7 1 7 0 1 9 7 8
3
266 1 2 1 5 6 3 5 2 7 1
422 2 4 5 6 6 9 3 7 2 6
490 9 6 4 3 5 0 2 9 0 4
7
362 7 2 8 2 0 3 0 4 4 3
390 3 8 5 0 8 2 1 9 5 0
400 3 4 0 4 9 1 3 9 2 5
436 4 2 8 5 2 7 8 5 5 1
474 2 2 8 5 8 3 8 9 7 1
514 4 8 4 6 5 8 5 7 9 3
564 6 8 7 9 7 2 0 7 6 3
5
360 5 3 3 6 1 4 5 7 2 1
394 0 5 5 7 6 7 3 4 6 5
424 5 5 6 9 2 4 4 2 9 1
430 4 3 4 6 7 1 5 5 4 2
462 7 2 3 5 9 3 0 3 5 9
9
240 1 1 5 1 3 8 3 0 3 6
316 4 1 4 2 0 5 9 9 1 0
352 3 8 3 5 1 2 0 4 9 2
404 3 5 4 6 0 1 9 0 5 5
432 7 2 8 8 3 0 8 0 4 0
436 8 2 1 5 5 3 5 7 3 7
488 9 3 4 3 0 4 8 7 8 3
516 5 2 8 1 9 9 6 5 8 4
602 8 9 5 8 4 1 6 2 7 6
2
202 0 1 2 1 0 6 4 0 0 8
482 5 7 5 3 7 7 4 2 8 7
2
344 0 9 4 2 3 5 3 5 1 6
606 5 9 9 3 8 7 6 8 8 4
6
276 3 3 6 2 7 4 2 4 0 0
380 6 0 3 1 4 6 9 2 1 8
404 3 2 7 2 8 8 9 1 4 4
404 8 2 3 1 2 1 8 2 8 4
576 5 6 8 4 4 3 8 7 5 7
592 9 8 9 0 1 6 6 7 3 9
8
328 7 2 3 6 0 5 4 4 2 1
360 7 7 2 0 3 0 2 1 2 7
432 9 5 2 3 6 2 3 1 3 6
442 2 9 7 4 6 8 6 1 1 4
444 0 4 7 2 9 2 3 6 8 7
492 9 9 7 8 3 9 4 4 2 1
492 3 7 9 6 1 0 1 8 9 5
546 6 5 9 1 4 8 5 6 5 7
4
246 3 0 3 1 2 7 1 3 7 0
382 3 5 3 1 9 7 5 8 5 0
384 5 5 3 0 4 7 5 8 9 0
466 9 8 6 0 7 4 0 0 2 8
6
266 2 0 2 0 4 0 3 1 8 4
278 2 1 1 1 3 1 0 9 7 6
298 2 2 1 6 1 9 5 9 2 2
444 6 4 2 8 8 7 4 8 9 0
454 6 1 3 6 9 6 0 9 3 4
620 8 8 9 5 0 3 7 2 5 9
9
318 1 2 4 1 2 3 3 3 2 8
356 5 2 4 6 3 3 6 0 3 3
392 0 4 2 6 7 6 9 0 7 8
400 3 5 5 8 1 5 0 0 9 6
420 0 1 3 9 8 2 4 5 8 9
468 9 2 6 1 1 9 5 6 3 8
470 2 7 4 8 2 0 5 6 6 6
502 9 2 4 8 2 9 2 4 8 8
562 6 6 1 9 6 9 8 9 6 8
2
416 7 3 5 1 3 9 7 9 2 3
456 8 6 2 8 4 7 6 0 8 3
9
322 0 3 6 3 2 3 0 9 0 5
406 1 0 6 4 0 0 5 9 6 9
416 3 6 9 1 3 6 2 6 8 1
422 1 9 2 3 4 4 2 6 8 8
432 5 4 1 9 7 6 2 9 6 4
470 3 7 8 2 6 6 6 3 4 3
502 1 5 7 4 8 2 8 4 7 8
522 3 9 7 1 9 6 8 2 6 6
592 7 9 5 5 7 6 9 5 5 7
3
248 0 0 2 3 5 6 6 8 0 2
424 7 4 6 8 1 9 4 2 7 0
518 7 8 3 5 7 2 1 6 6 7
8
236 2 2 0 3 0 6 7 2 0 3
328 1 1 4 6 1 8 2 8 7 1
362 0 5 9 0 8 8 0 0 2 8
366 0 2 3 6 3 5 9 7 6 4
382 1 7 3 6 2 8 6 1 6 8
416 0 8 9 4 0 6 3 3 9 6
456 8 4 4 3 4 7 9 2 4 2
666 7 7 9 8 6 6 9 6 1 8
4
450 1 7 6 5 2 1 7 6 1 6
466 8 8 3 8 6 1 1 2 0 4
486 1 9 5 8 1 8 9 7 4 4
512 9 0 1 4 7 4 9 4 5 8
7
270 4 1 1 6 2 7 3 3 3 1
400 4 2 6 6 1 1 4 7 7 1
436 1 1 5 9 8 7 8 2 4 5
476 9 8 2 9 5 7 3 7 4 0
518 9 8 5 4 9 4 6 7 4 0
546 5 1 9 8 4 7 8 5 6 5
644 9 7 7 5 8 3 9 8 0 8
1
476 8 8 9 0 2 8 8 8 0 1
2
370 3 8 2 1 1 5 9 2 9 3
586 9 0 9 7 9 9 2 7 2 7
3
420 7 6 5 2 3 1 3 8 6 1
518 6 8 0 7 5 9 5 9 6 9
518 3 5 7 1 3 3 2 9 8 9
6
272 2 8 1 1 0 9 3 4 5 1
338 4 5 8 2 5 8 3 1 1 1
356 0 1 9 1 3 6 6 7 2 5
358 4 5 2 7 4 7 0 8 1 1
480 8 3 6 6 4 5 1 0 6 7
568 9 6 2 1 8 2 9 2 9 9
3
344 0 7 2 4 1 8 1 1 8 9
394 5 1 3 8 5 2 3 0 5 8
508 8 2 8 4 4 9 2 3 7 5
5
344 0 6 4 1 4 6 1 1 9 9
472 3 8 4 6 3 2 1 8 4 8
472 7 2 0 7 8 8 9 3 4 6
494 7 4 2 2 3 1 5 9 9 8
580 9 7 1 8 9 3 8 3 8 5
5
290 0 0 5 6 6 0 2 5 7 0
428 2 9 4 7 5 6 1 5 3 7
488 5 9 7 9 6 9 9 1 2 1
502 1 5 8 3 6 4 9 9 8 1
530 9 4 8 1 9 9 0 5 5 7
2
246 3 3 1 0 2 8 2 8 8 0
568 9 8 8 0 0 1 9 2 7 9
1
666 9 4 7 3 3 8 9 9 6 9
9
312 0 5 2 2 2 5 4 9 0 8
326 2 4 0 6 1 2 8 4 8 1
380 5 3 5 6 3 1 0 0 7 5
404 8 3 3 2 4 6 2 8 3 3
450 6 0 8 6 3 6 5 0 7 3
498 8 0 2 6 7 4 0 8 5 9
558 9 2 6 9 9 2 7 5 6 2
570 9 8 5 5 5 7 0 5 5 9
620 5 8 6 6 6 3 6 6 9 9
8
280 3 3 0 0 1 3 3 0 6 9
436 5 7 0 1 8 0 5 1 7 9
438 5 2 9 1 9 1 4 3 7 0
442 0 1 9 7 4 4 8 1 7 6
480 8 4 2 8 8 9 7 6 0 1
492 0 7 9 4 4 1 9 5 5 7
562 8 7 9 7 3 0 0 7 1 9
592 9 8 4 9 8 8 5 1 4 6
2
338 5 7 2 1 3 8 8 2 1 0
410 8 8 4 9 0 6 1 4 1 1
10
254 2 1 2 0 4 6 8 6 3 2
302 7 1 0 4 8 3 1 3 2 3
314 4 2 4 8 0 9 1 2 2 3
366 2 7 1 3 5 4 9 7 1 2
398 3 4 4 4 3 4 2 3 2 8
432 3 2 5 4 5 5 6 9 3 4
438 6 0 6 2 3 9 8 9 5 3
460 1 9 4 7 2 0 5 8 5 5
468 0 3 9 5 6 0 5 8 1 7
500 5 0 5 7 8 1 4 5 9 8
6
330 5 1 4 1 3 7 8 1 1 4
346 2 5 3 2 9 4 1 5 1 7
372 1 7 4 4 0 8 7 0 2 9
396 1 3 4 9 5 7 6 6 2 6
424 7 7 4 7 5 1 0 5 2 0
544 7 6 2 0 7 2 5 9 6 8
10
376 7 0 2 1 9 0 9 0 7 0
428 2 8 8 3 0 0 9 0 9 2
436 4 7 1 2 7 0 5 6 1 9
438 1 8 3 8 9 2 1 0 9 7
454 7 9 5 4 1 3 6 0 9 4
454 5 5 0 7 4 1 8 5 0 9
460 7 1 8 5 1 3 0 9 3 6
468 1 9 8 2 5 1 3 5 5 7
520 7 4 6 8 1 1 7 8 8 3
562 9 9 5 4 4 5 7 3 8 6
10
300 3 6 3 5 9 7 0 3 0 1
308 7 2 3 1 3 3 0 2 3 4
310 1 6 2 8 7 7 2 2 3 0
352 2 0 1 7 9 9 7 5 7 0
390 8 5 3 0 1 2 6 1 3 7
396 4 7 2 7 4 7 1 4 4 5
424 8 6 0 0 5 9 5 6 7 5
426 2 7 6 7 6 2 3 3 1 7
518 7 6 9 5 9 9 2 9 0 0
574 5 5 8 6 8 4 7 2 8 6
10
256 1 2 1 0 1 8 2 3 7 7
288 1 1 4 0 3 0 9 0 5 3
314 3 8 3 1 0 1 3 3 3 6
316 4 0 1 8 1 4 1 4 8 4
354 0 4 6 3 1 0 4 4 5 6
396 2 4 4 5 9 2 3 2 3 8
426 3 3 2 6 7 4 4 7 7 5
490 7 6 0 7 9 2 1 5 2 7
574 6 6 7 8 3 3 7 7 0 8
648 9 9 9 3 8 7 5 2 9 5
1
236 3 2 0 3 8 9 1 1 0 3
10
326 6 7 5 1 6 6 0 0 4 2
342 5 8 3 2 0 5 0 7 6 2
348 2 2 8 1 1 6 2 9 8 1
348 2 6 1 3 8 1 1 6 9 4
348 1 5 8 6 4 5 5 4 2 0
388 4 6 3 8 6 7 4 1 9 1
404 8 6 3 2 3 6 3 5 7 0
416 9 2 2 9 6 3 4 2 4 1
480 0 9 5 7 5 3 6 5 3 8
594 9 8 3 6 7 0 8 5 1 9
3
446 3 5 2 6 8 2 9 6 4 3
458 6 6 7 3 3 4 1 5 7 5
540 9 1 9 5 4 8 8 3 8 4
10
270 4 1 1 2 3 0 5 8 3 0
326 0 1 7 1 1 7 3 2 8 8
342 3 9 3 5 2 6 2 4 7 1
378 4 1 1 1 7 0 5 9 6 6
382 5 5 4 0 2 3 7 3 3 7
382 3 9 4 6 2 2 3 7 0 2
386 2 0 7 3 2 5 7 6 5 5
432 9 3 4 0 7 7 2 8 9 1
462 3 2 9 1 8 9 7 2 3 8
482 8 3 4 8 4 1 4 0 4 8
10
328 0 9 4 4 6 2 1 6 1 3
332 4 7 2 6 0 8 6 2 6 3
408 3 9 0 5 7 2 8 2 0 9
444 4 5 1 1 4 4 9 6 9 7
446 6 3 5 4 7 2 8 6 3 1
468 7 2 4 4 8 0 7 3 3 5
476 8 0 5 8 0 0 3 2 6 9
522 8 1 7 1 9 1 5 2 2 8
534 2 7 9 7 9 1 8 8 4 1
592 8 7 9 7 6 2 8 2 9 1
6
388 9 0 8 5 0 8 0 6 2 1
468 2 2 5 5 2 8 7 8 3 9
510 8 3 5 6 7 2 4 6 9 0
524 2 5 8 9 5 5 4 5 4 8
590 6 8 9 7 7 9 9 6 4 0
610 5 7 9 7 5 1 7 7 7 6
10
236 2 2 0 3 0 6 7 2 0 3
328 1 1 4 6 1 8 2 8 7 1
362 0 5 9 0 8 8 0 0 2 8
366 0 2 3 6 3 5 9 7 6 4
372 1 6 2 9 4 9 0 3 7 7
382 1 7 3 6 2 8 6 1 6 8
398 5 3 9 5 2 3 2 6 6 1
416 0 8 9 4 0 6 3 3 9 6
456 8 4 4 3 4 7 9 2 4 2
666 7 7 9 8 6 6 9 6 1 8
5
342 5 1 0 4 5 4 8 3 2 5
382 4 2 8 5 1 3 9 1 5 2
392 7 2 2 5 8 0 1 2 3 5
484 6 9 2 7 6 4 5 6 2 4
566 9 8 7 5 5 1 6 8 3 1
4
266 8 0 3 0 0 5 5 1 0 2
354 0 2 2 5 8 1 1 4 8 9
398 6 8 4 2 3 1 6 4 2 0
614 8 5 5 8 3 8 5 8 3 9
4
322 0 5 2 4 8 2 8 3 6 2
392 4 5 2 2 9 5 4 8 0 6
426 6 0 6 3 9 5 7 0 2 4
508 9 6 9 5 9 7 1 5 4 0
8
252 0 8 0 5 0 0 7 4 1 3
304 4 6 0 1 9 7 4 1 3 4
318 2 5 6 3 5 3 1 1 7 1
444 7 4 2 2 6 7 5 8 7 1
482 2 4 2 3 7 1 9 9 7 8
546 4 6 8 9 9 3 5 7 6 0
618 8 5 4 5 7 4 8 7 5 9
624 9 2 8 9 6 6 2 6 3 8
1
456 5 5 9 1 7 9 6 5 0 1
3
300 0 3 7 4 2 5 2 6 0 2
372 1 8 1 9 6 8 4 5 9 0
398 1 1 7 5 3 2 7 9 9 2
6
266 3 5 2 2 2 4 7 3 3 1
330 5 2 4 1 7 4 6 1 6 1
386 4 4 5 4 2 3 4 9 1 3
424 1 0 9 7 2 7 3 7 5 7
426 9 5 8 3 3 0 1 0 8 1
482 9 4 7 4 5 5 7 4 1 1
2
338 6 2 0 1 8 4 1 6 0 5
394 4 1 1 6 9 9 0 3 9 5
4
358 6 6 0 0 0 8 8 7 1 5
452 0 2 3 9 4 7 9 9 9 5
512 6 5 3 9 9 8 9 1 3 3
622 7 5 9 8 4 3 5 7 5 7
8
424 3 5 0 3 7 1 4 5 7 9
448 1 2 6 9 6 8 1 3 6 9
482 9 2 9 0 5 9 8 3 8 0
512 4 9 2 3 6 3 9 6 8 7
514 2 8 5 6 9 0 1 4 9 9
520 2 4 4 8 7 5 9 2 8 8
532 9 6 4 9 8 2 4 0 4 5
580 4 9 7 3 5 0 4 9 8 8
8
342 3 7 0 0 0 7 4 0 7 9
358 1 2 5 6 1 3 8 6 3 1
372 4 3 0 5 2 5 9 8 2 5
394 2 0 0 8 9 1 8 9 2 4
422 3 5 3 3 8 2 9 0 7 4
446 3 3 8 0 8 4 3 1 8 6
456 2 2 7 2 8 0 8 0 9 8
496 2 8 5 7 3 0 1 9 7 7
2
450 1 8 8 9 3 1 6 2 7 3
552 5 8 9 8 2 4 1 9 8 6
4
378 3 2 7 2 1 6 1 5 4 8
378 1 5 6 4 5 5 1 4 5 7
390 6 2 5 4 0 8 6 0 2 9
460 5 4 7 8 4 8 5 3 4 1
5
300 0 3 6 0 2 2 8 6 1 0
346 6 6 2 2 4 5 4 2 5 4
404 6 7 3 3 1 1 8 8 0 1
406 9 1 1 5 0 0 6 7 7 2
520 8 6 1 5 6 0 6 9 5 7
6
348 2 2 5 3 1 5 8 7 3 1
392 2 5 4 0 4 3 6 0 3 9
414 9 1 1 5 4 0 0 8 5 5
446 4 6 5 3 0 2 5 6 8 7
502 6 5 3 6 8 8 9 3 3 7
532 4 5 7 2 9 1 2 8 7 7
1
440 7 2 0 5 2 3 8 7 1 9
7
344 2 7 6 2 4 7 0 2 9 2
418 0 2 6 1 9 6 8 2 9 6
428 8 4 2 5 0 0 9 1 7 6
440 6 6 2 8 2 4 4 2 9 4
462 5 1 7 1 8 6 9 3 1 6
466 3 0 6 7 8 1 3 9 8 4
490 6 1 9 9 6 8 4 3 3 2
2
360 1 6 3 5 1 9 5 0 6 6
454 4 5 5 6 9 6 3 4 2 3
7
288 1 1 4 0 3 0 9 0 5 3
316 4 0 1 8 1 4 1 4 8 4
396 2 4 4 5 9 2 3 2 3 8
426 3 3 2 6 7 4 4 7 7 5
490 7 6 0 7 9 2 1 5 2 7
574 6 6 7 8 3 3 7 7 0 8
648 9 9 9 3 8 7 5 2 9 5
4
268 1 3 1 6 4 9 1 6 3 1
378 1 1 3 6 2 1 8 7 5 6
444 4 0 5 0 6 9 8 3 6 8
468 9 0 4 8 7 0 7 4 1 2
3
440 5 2 9 4 9 3 2 3 0 6
496 8 2 5 1 9 4 8 7 2 5
554 8 3 8 3 1 1 4 9 2 9
5
192 3 2 1 1 9 8 1 0 3 0
262 1 1 1 4 5 0 6 5 0 5
496 7 7 4 9 6 4 4 3 1 5
566 7 7 6 7 3 4 1 9 5 8
586 8 7 5 9 2 2 2 3 8 9
10
286 2 7 3 7 5 7 0 2 0 0
314 3 5 5 9 0 6 0 1 3 0
342 3 5 1 4 4 7 4 2 3 6
400 3 3 4 4 8 2 0 1 2 9
406 2 6 2 9 3 4 1 8 0 8
406 0 0 7 7 8 5 6 0 3 7
426 6 1 9 3 2 7 1 6 8 4
456 7 6 3 1 8 8 4 5 3 3
480 9 7 5 0 1 9 9 2 7 2
626 9 8 9 8 6 2 5 3 6 6
9
286 0 9 4 0 3 8 3 1 0 4
318 6 9 0 7 0 2 2 0 1 3
320 5 8 0 0 2 5 6 1 7 4
356 3 0 4 2 7 6 6 6 8 2
402 5 9 4 2 9 8 4 6 3 0
416 3 0 3 3 3 4 7 7 9 8
430 5 9 6 5 0 8 7 1 3 2
456 2 2 8 9 0 6 5 9 4 5
498 7 6 5 1 8 9 0 5 4 8
5
350 0 3 3 2 3 8 1 8 9 7
388 7 6 3 2 7 1 3 7 0 1
406 5 0 6 8 4 7 8 2 7 0
420 1 4 8 0 2 3 0 9 9 6
432 3 7 3 9 4 8 2 6 9 3
8
254 3 0 4 5 0 7 0 3 7 0
360 4 8 1 3 0 4 3 5 6 4
374 5 4 4 3 4 0 8 0 8 0
438 9 6 0 5 0 4 5 7 9 2
444 5 4 7 7 5 5 8 3 6 1
484 6 4 5 6 1 9 9 4 9 4
492 7 0 8 3 7 4 7 6 6 2
528 3 6 4 2 8 8 9 9 6 7
5
350 2 6 1 6 7 3 0 5 5 3
434 6 3 3 6 7 2 4 0 7 4
452 0 5 6 1 4 2 7 9 3 9
482 7 8 5 6 9 5 2 0 8 3
548 8 6 8 2 7 8 2 8 2 5
7
346 1 8 3 6 3 8 7 1 9 1
350 0 8 6 0 2 0 9 8 4 1
388 2 4 1 4 9 5 3 8 6 3
428 8 4 1 7 1 4 6 2 3 5
460 2 0 8 6 8 0 7 5 1 5
464 8 0 3 7 8 0 4 5 4 6
520 8 8 1 9 9 4 7 7 5 2
8
364 8 1 1 9 4 2 0 8 4 0
426 7 1 9 0 1 9 1 1 0 9
438 2 4 9 4 1 5 6 7 3 4
458 7 8 5 1 1 8 9 0 6 3
464 9 9 4 4 1 6 0 9 4 2
490 6 0 6 6 2 6 6 5 7 5
536 9 8 2 3 1 4 9 9 9 4
544 9 6 8 7 2 7 0 6 3 5
4
380 0 8 0 8 9 0 4 3 2 6
476 2 6 8 7 4 8 8 3 7 2
496 7 2 4 7 3 7 5 5 2 9
570 7 6 6 6 7 6 3 2 4 9
5
348 4 5 2 3 0 7 8 5 2 5
398 6 7 3 4 7 8 2 1 3 6
448 1 9 0 8 7 1 9 2 5 9
482 5 5 8 4 2 5 9 4 5 1
510 3 1 6 8 9 5 0 8 6 8
10
278 0 3 3 2 4 3 7 4 2 2
284 3 0 1 3 5 2 7 5 0 5
312 0 8 1 0 1 7 9 6 6 4
372 8 5 1 0 4 8 3 4 8 4
382 4 8 5 0 5 4 1 6 8 0
410 1 3 8 4 7 1 5 5 8 0
444 3 6 8 2 9 7 8 0 9 2
472 6 7 5 2 9 3 2 7 6 4
496 2 6 8 3 9 5 9 1 0 9
542 7 7 2 6 3 2 5 4 9 8
8
362 6 7 0 2 3 4 7 5 3 3
364 0 1 9 0 8 1 8 1 3 6
390 0 9 9 0 5 3 0 1 9 4
428 2 3 8 0 6 7 2 7 3 6
456 1 8 6 6 4 1 5 7 7 6
482 8 2 0 2 9 0 8 5 4 9
486 7 5 3 9 2 2 7 2 8 4
510 4 7 3 6 2 9 6 6 8 9
4
420 1 4 4 5 5 6 3 9 2 8
488 5 3 9 9 0 7 1 9 3 3
500 4 3 8 3 9 8 9 1 0 8
602 9 1 4 8 5 8 4 9 7 8
10
336 0 1 7 0 1 7 8 2 7 6
410 7 1 0 5 5 1 8 4 4 5
416 1 4 7 8 4 4 6 6 9 1
448 6 4 7 4 5 9 2 2 4 6
472 9 2 8 5 3 9 4 2 2 4
490 5 8 7 0 2 5 3 7 4 7
494 7 7 6 2 6 4 8 0 3 4
498 8 2 3 6 7 8 8 7 1 2
528 9 1 6 9 6 4 2 0 7 7
550 8 9 9 4 9 2 0 2 9 0
9
118 0 0 1 3 1 0 6 0 2 1
344 1 3 4 7 4 1 1 2 3 9
380 9 2 6 4 1 9 1 5 4 2
384 5 2 1 8 7 3 9 2 4 0
394 8 4 3 1 1 7 6 5 8 3
400 0 7 4 8 6 7 9 0 8 1
404 6 5 3 0 1 9 3 8 5 8
540 6 6 7 8 2 1 7 5 5 5
578 5 0 9 2 9 6 8 8 7 8
1
452 4 0 9 4 2 6 9 6 5 4
5
244 1 4 1 8 0 7 1 9 1 0
260 0 3 6 5 2 5 1 5 5 1
284 1 3 4 3 3 1 1 5 7 1
376 7 4 1 3 5 6 7 2 9 1
392 6 0 4 1 7 0 5 5 4 6
3
402 7 6 4 1 1 7 4 1 2 5
428 7 4 2 4 4 3 1 1 9 8
500 7 5 8 3 0 5 8 6 0 8
10
360 5 7 2 2 7 6 0 5 0 3
362 4 1 6 3 7 8 0 1 7 3
414 4 2 8 0 2 6 4 6 1 9
430 7 0 2 6 9 8 3 8 1 5
432 6 8 3 7 2 0 6 1 2 3
434 1 3 2 8 9 8 3 6 8 6
448 8 7 5 3 0 1 8 3 2 3
528 8 0 8 9 6 1 9 0 0 4
556 9 8 4 9 4 5 6 4 7 4
588 5 5 6 9 9 1 4 6 6 8
6
270 3 2 1 6 2 2 3 2 3 5
318 4 3 1 3 9 2 4 4 3 2
372 3 6 4 0 2 7 8 3 0 5
414 6 3 4 6 0 7 1 9 5 3
416 3 6 3 4 7 7 5 4 1 7
454 4 5 5 6 9 6 3 4 2 3
1
348 0 2 5 7 4 1 6 3 8 0
5
400 0 6 9 4 0 0 4 7 0 4
400 0 9 6 8 2 2 9 4 4 0
452 9 8 2 0 4 8 7 3 0 8
464 2 3 9 6 8 3 7 3 0 4
468 5 8 5 4 7 5 0 9 0 3
9
334 5 2 3 0 8 3 1 6 1 5
360 6 6 0 3 1 5 9 7 1 4
388 2 6 2 5 2 5 5 9 6 4
402 3 5 5 5 6 4 4 1 6 5
422 4 9 0 4 2 6 8 1 5 7
458 6 4 7 6 8 3 4 2 9 1
484 8 1 1 4 9 2 2 8 2 8
556 6 6 8 5 7 0 5 8 2 7
556 8 6 9 3 5 1 3 1 9 4
2
320 4 1 1 4 0 9 2 7 4 7
382 0 4 5 1 9 6 9 7 0 3
1
484 9 6 6 0 7 4 2 3 8 1
4
452 5 4 8 6 0 3 7 0 2 8
492 3 2 8 4 6 6 0 4 7 9
544 4 7 9 6 8 9 4 3 5 8
562 5 4 8 3 8 3 4 6 7 6
6
342 8 3 0 9 4 4 3 0 0 5
384 1 9 1 4 9 0 9 9 4 0
420 1 0 2 8 6 5 8 8 1 6
426 2 4 7 8 7 8 6 6 2 1
556 7 8 2 7 1 1 7 9 7 7
568 6 7 6 8 9 7 4 7 8 1
2
286 0 2 4 3 6 2 3 4 1 3
554 9 2 6 7 9 7 4 6 7 5
7
334 0 1 4 0 4 9 2 8 8 5
350 5 4 2 8 6 8 2 4 5 0
378 5 0 3 3 2 0 2 7 9 4
444 8 1 4 7 3 5 2 4 7 6
464 7 1 5 7 7 3 9 1 2 4
488 7 7 0 7 8 9 0 8 4 7
502 6 7 7 1 5 1 2 9 3 4
1
494 7 4 2 2 3 1 5 9 9 8
1
390 6 6 0 2 4 3 2 2 8 5
9
334 3 9 4 8 1 3 2 1 1 0
386 3 8 1 4 4 8 0 9 7 6
450 5 3 3 3 7 3 4 8 9 3
486 6 7 4 9 4 5 1 7 5 5
510 9 4 3 7 8 2 8 1 4 3
510 9 7 9 3 8 1 1 0 1 4
544 8 3 9 8 3 4 1 3 2 9
544 9 1 3 1 2 9 7 9 7 9
624 7 1 8 3 9 4 6 6 7 9
1
526 6 8 2 8 0 4 5 8 4 9
9
252 4 0 3 0 1 9 0 9 6 1
444 0 8 6 7 7 3 1 1 1 9
472 8 5 7 6 3 0 0 5 4 2
474 7 6 1 9 4 2 4 1 0 9
488 6 0 4 9 0 4 7 5 5 7
508 2 2 8 9 3 8 3 5 6 8
522 9 2 6 1 9 6 3 2 5 9
560 9 5 7 0 6 2 3 6 1 9
574 9 9 5 6 2 9 7 9 1 5
6
392 8 5 2 3 6 8 4 9 3 0
408 6 9 1 4 1 6 7 1 3 6
434 2 4 6 3 9 4 5 2 5 6
498 3 9 8 2 0 2 6 1 8 9
518 4 5 8 6 5 1 8 4 4 6
560 8 0 9 4 8 6 3 9 3 6
8
302 4 6 0 4 6 9 1 6 8 0
350 0 3 4 8 6 5 3 0 3 9
380 0 6 8 3 4 4 6 6 2 3
398 2 2 5 8 1 8 7 8 9 0
434 6 8 3 6 0 2 7 6 5 2
444 5 8 1 9 9 7 2 2 0 7
508 9 8 9 0 1 6 6 5 6 1
740 8 4 8 9 9 2 8 9 6 8
1
512 9 0 1 4 7 4 9 4 5 8
1
442 5 8 8 1 4 8 9 0 4 4
2
362 5 9 3 8 1 0 0 2 5 1
394 3 0 5 5 5 5 1 9 2 8
8
334 1 0 5 3 2 0 7 5 8 4
354 0 9 3 2 7 3 3 0 6 9
410 5 3 9 1 3 4 1 5 3 5
450 9 1 1 5 9 2 7 3 7 1
470 1 6 8 8 5 2 1 8 3 8
570 7 3 9 5 4 2 4 9 1 9
628 7 2 8 5 8 5 4 9 8 9
664 9 5 9 1 9 8 4 8 8 7
10
326 6 7 5 1 6 6 0 0 4 2
342 5 8 3 2 0 5 0 7 6 2
348 2 2 8 1 1 6 2 9 8 1
348 2 6 1 3 8 1 1 6 9 4
348 1 5 8 6 4 5 5 4 2 0
388 4 6 3 8 6 7 4 1 9 1
404 8 6 3 2 3 6 3 5 7 0
416 9 2 2 9 6 3 4 2 4 1
480 0 9 5 7 5 3 6 5 3 8
594 9 8 3 6 7 0 8 5 1 9
4
346 1 9 2 3 1 3 3 3 9 6
476 2 6 8 7 4 8 8 3 7 2
496 7 2 4 7 3 7 5 5 2 9
548 5 8 6 9 4 7 4 4 6 6
4
328 0 0 6 5 5 6 0 4 9 2
336 3 6 1 6 3 7 8 1 0 4
406 1 0 2 8 9 2 2 8 0 8
454 3 4 8 8 7 1 3 2 7 4
1
448 1 2 6 9 6 8 1 3 6 9
7
356 3 2 3 4 2 8 3 8 5 4
362 7 7 0 7 5 8 0 1 9 2
416 0 9 5 1 2 1 5 5 4 9
430 4 9 4 5 1 8 5 4 9 4
510 3 6 5 7 6 5 2 9 9 4
522 9 7 1 1 9 8 7 8 9 1
596 8 6 7 5 9 5 3 8 8 2
6
296 0 2 1 9 9 7 1 2 6 5
388 5 0 7 7 2 3 6 0 0 7
390 4 3 7 1 6 9 7 7 2 2
418 3 6 7 8 3 0 8 2 7 0
418 6 5 3 7 8 6 0 3 1 7
480 4 4 9 0 9 3 2 7 8 5
9
250 1 7 7 2 1 1 2 5 0 0
342 7 0 0 7 2 1 2 2 8 4
412 9 2 8 4 2 5 1 9 0 0
494 2 5 7 9 1 6 4 1 9 8
498 9 0 7 0 2 7 8 8 0 7
534 9 5 6 9 6 7 4 6 4 3
564 7 6 8 7 6 8 6 2 8 6
574 6 9 2 6 6 6 9 8 5 6
608 7 1 8 7 8 7 8 1 9 8
4
368 4 2 8 2 7 1 1 2 3 5
444 8 9 9 0 0 9 0 5 2 2
510 5 9 4 6 3 9 9 6 3 5
576 8 7 4 9 9 2 3 8 1 7
2
286 2 7 3 7 5 7 0 2 0 0
480 9 7 5 0 1 9 9 2 7 2
6
294 0 9 4 0 3 8 9 5 1 2
348 0 2 5 7 4 1 6 3 8 0
402 3 2 0 7 7 8 5 2 4 8
446 5 5 5 7 1 2 5 8 3 5
544 8 4 9 8 3 1 4 7 5 1
548 8 5 6 7 8 9 7 0 2 7
1
440 8 4 4 2 8 3 7 4 6 1
7
224 1 3 7 0 0 6 3 3 1 0
320 0 2 2 3 7 3 5 2 8 6
350 8 2 1 1 1 6 1 8 0 8
384 1 5 5 1 9 3 2 2 6 6
442 0 2 5 5 2 3 4 9 7 9
448 4 2 7 1 8 0 9 2 9 0
534 9 8 0 4 8 4 6 5 1 8
2
392 9 9 0 4 1 2 7 6 1 2
398 7 9 4 0 5 9 5 6 5 0
1
498 9 5 0 4 8 5 1 6 6 9
2
296 7 3 2 2 0 8 6 1 2 4
474 7 2 7 0 7 7 9 7 3 2
1
322 0 3 1 2 5 0 9 0 8 6
10
272 2 8 1 1 0 9 3 4 5 1
326 1 6 4 0 0 9 7 3 2 6
334 0 6 3 6 8 8 6 0 9 1
338 4 5 8 2 5 8 3 1 1 1
356 0 1 9 1 3 6 6 7 2 5
358 4 5 2 7 4 7 0 8 1 1
410 6 7 2 4 9 0 7 1 7 1
480 8 3 6 6 4 5 1 0 6 7
568 9 6 2 1 8 2 9 2 9 9
620 8 9 1 6 5 3 9 9 8 6
7
266 1 5 7 9 0 3 0 1 1 0
316 0 9 2 4 0 5 9 8 5 0
376 0 8 6 0 2 1 3 8 6 3
404 8 6 0 1 9 4 1 0 5 6
410 1 9 4 3 8 2 9 1 0 8
562 9 5 7 0 6 9 8 8 8 2
644 9 6 7 9 7 7 7 2 5 6
10
224 1 3 7 0 0 6 3 3 1 0
320 0 2 2 3 7 3 5 2 8 6
350 8 2 1 1 1 6 1 8 0 8
378 0 1 4 8 7 1 4 3 6 5
384 1 5 5 1 9 3 2 2 6 6
442 0 2 5 5 2 3 4 9 7 9
448 4 2 7 1 8 0 9 2 9 0
480 4 6 7 7 9 6 2 7 9 1
534 9 8 0 4 8 4 6 5 1 8
600 6 4 9 5 3 8 8 7 6 7
3
376 6 0 4 0 3 8 1 3 9 6
452 5 9 7 7 2 5 9 4 3 0
482 5 3 4 9 7 1 1 3 2 9
9
266 1 3 3 2 8 9 0 6 4 0
278 0 5 6 3 1 2 2 2 7 0
338 5 5 1 9 2 8 0 1 0 6
376 4 5 2 6 5 0 2 4 0 8
376 6 0 4 0 3 8 1 3 9 6
396 8 0 4 0 0 5 8 7 3 6
452 5 9 7 7 2 5 9 4 3 0
482 5 3 4 9 7 1 1 3 2 9
564 9 9 4 2 7 4 5 8 8 3
7
270 4 1 1 6 2 7 3 3 3 1
288 9 1 1 2 0 0 1 1 6 0
436 1 1 5 9 8 7 8 2 4 5
444 9 2 4 3 8 2 1 7 7 1
518 9 8 5 4 9 4 6 7 4 0
546 5 1 9 8 4 7 8 5 6 5
644 9 7 7 5 8 3 9 8 0 8
8
318 1 4 6 0 5 6 4 0 1 6
332 4 9 0 2 5 5 0 6 0 6
344 3 2 7 2 4 0 4 3 1 5
398 5 6 3 2 8 2 9 5 2 2
406 5 2 5 7 9 1 1 5 2 0
424 0 2 6 3 8 0 9 6 3 7
534 9 8 5 7 5 0 6 8 7 0
602 9 8 5 5 3 8 7 9 4 5
9
286 0 7 4 2 2 6 4 2 4 3
318 3 3 0 7 3 0 7 1 3 4
358 3 1 0 8 5 0 9 1 2 6
388 4 1 8 2 9 0 1 2 2 6
436 2 6 6 5 0 8 3 8 0 9
436 9 6 1 3 5 3 9 3 1 1
472 6 2 6 9 2 2 7 5 3 4
580 9 0 1 9 6 2 7 9 4 9
642 8 7 9 5 5 7 7 0 7 9
3
216 2 2 3 7 1 2 0 1 4 2
346 4 5 8 0 3 9 3 7 2 1
372 0 7 1 5 5 9 7 5 7 4
10
236 0 4 0 3 0 7 9 4 3 2
376 5 4 2 5 7 7 9 0 2 4
392 3 4 8 3 3 2 0 5 5 3
396 5 5 1 1 9 3 4 0 6 7
462 1 6 1 4 6 7 9 6 6 8
478 5 6 4 6 6 4 0 5 6 6
516 7 0 8 8 6 0 3 1 8 5
516 9 8 3 9 0 4 9 5 2 5
522 3 6 6 9 5 2 8 8 4 2
538 9 4 6 2 7 4 2 7 1 8
3
336 0 1 7 0 1 7 8 2 7 6
498 8 2 3 6 7 8 8 7 1 2
528 9 1 6 9 6 4 2 0 7 7
3
318 0 4 3 9 1 6 1 5 0 6
490 5 4 7 9 6 2 8 0 8 3
492 4 2 9 1 9 9 2 4 8 8
4
284 4 9 1 0 8 4 4 0 3 1
342 7 0 7 1 5 7 2 0 4 0
458 5 5 0 9 7 8 9 4 6 1
500 5 8 5 5 0 5 9 7 6 6
3
350 5 4 2 8 6 8 2 4 5 0
378 5 0 3 3 2 0 2 7 9 4
488 7 7 0 7 8 9 0 8 4 7
5
328 7 2 0 4 0 4 3 5 0 5
398 6 3 9 0 4 3 1 3 0 3
454 6 6 3 7 6 5 5 5 6 4
484 5 2 2 6 8 3 7 6 0 9
530 9 2 3 3 4 9 8 2 9 8
1
400 6 4 0 6 5 7 7 4 5 3
6
222 0 3 0 3 5 7 3 4 6 0
276 2 3 6 0 6 9 4 0 0 3
366 3 5 1 9 0 2 1 5 8 6
372 4 5 9 4 1 8 0 2 4 4
374 4 0 5 3 9 4 0 3 4 6
650 9 1 6 5 7 9 5 9 8 9
1
528 7 0 9 2 6 9 7 3 6 9
9
350 1 1 6 2 7 7 1 6 2 6
382 0 0 7 7 7 3 6 2 9 0
386 2 4 4 1 1 4 6 8 0 7
390 0 2 3 9 5 8 3 8 6 4
398 1 5 2 8 4 0 7 8 4 5
432 9 6 3 0 4 7 9 4 2 0
454 7 7 5 4 9 4 2 0 0 7
464 5 9 3 1 6 3 4 2 2 8
544 7 6 9 5 5 8 7 2 8 4
2
454 9 5 0 1 3 4 7 8 3 7
480 8 8 4 5 0 4 9 1 6 4
10
192 3 2 1 1 9 8 1 0 3 0
262 1 1 1 4 5 0 6 5 0 5
322 2 7 2 5 0 3 3 3 3 5
332 0 3 6 8 6 9 2 5 4 2
496 7 7 4 9 6 4 4 3 1 5
544 6 2 9 0 4 6 9 6 3 7
550 9 5 8 3 3 5 5 8 1 6
566 7 7 6 7 3 4 1 9 5 8
586 8 7 5 9 2 2 2 3 8 9
650 8 1 9 8 2 6 8 5 7 9
9
318 1 4 6 0 5 6 4 0 1 6
332 4 9 0 2 5 5 0 6 0 6
356 2 6 6 0 5 6 7 3 8 1
398 5 6 3 2 8 2 9 5 2 2
406 5 2 5 7 9 1 1 5 2 0
414 4 8 9 0 2 3 5 2 4 4
424 0 2 6 3 8 0 9 6 3 7
534 9 8 5 7 5 0 6 8 7 0
602 9 8 5 5 3 8 7 9 4 5
8
298 4 2 0 1 0 7 3 4 6 9
400 9 3 3 4 5 1 2 5 3 2
420 7 6 5 2 3 1 3 8 6 1
430 3 4 2 2 7 0 6 9 3 7
438 3 6 7 2 2 8 9 4 6 3
518 6 8 0 7 5 9 5 9 6 9
518 3 5 7 1 3 3 2 9 8 9
620 8 8 6 9 7 2 7 8 8 4
1
452 4 0 9 4 2 6 9 6 5 4
3
370 3 2 8 0 1 1 6 3 4 7
432 3 2 5 7 4 7 3 3 5 9
472 5 7 4 5 8 5 8 8 3 0
8
282 6 3 2 4 5 9 0 1 0 1
282 4 6 0 2 3 9 8 1 1 4
398 3 1 0 6 9 0 6 5 4 8
460 9 6 1 7 3 9 7 4 8 3
480 7 0 7 4 8 5 5 3 2 5
516 7 2 5 3 8 2 6 4 7 9
612 9 3 4 7 3 4 9 9 3 8
668 9 8 9 7 4 6 5 6 4 7
7
290 5 1 1 6 4 8 0 2 7 0
420 0 9 7 5 1 3 5 3 0 9
438 5 2 4 3 4 8 6 8 9 5
440 3 4 7 9 9 3 2 0 8 0
464 4 4 1 7 8 4 4 7 6 9
476 3 9 7 6 5 5 4 2 1 8
570 9 1 3 3 8 8 9 3 8 8
8
378 3 2 7 2 1 6 1 5 4 8
378 1 5 6 4 5 5 1 4 5 7
390 6 2 5 4 0 8 6 0 2 9
458 5 5 6 2 3 7 4 6 9 4
460 5 4 7 8 4 8 5 3 4 1
468 5 3 9 1 7 7 5 2 4 6
536 7 7 9 6 9 1 2 0 3 3
536 9 8 8 1 6 9 0 5 0 7
5
310 0 5 9 2 4 4 2 0 1 5
314 3 6 1 4 9 6 0 4 3 2
390 7 2 7 9 7 7 1 0 2 1
402 2 7 1 6 4 1 4 6 1 8
438 6 5 3 2 6 1 6 1 1 8
10
246 3 8 0 0 2 6 4 0 6 0
276 3 9 1 1 4 3 2 2 0 5
364 3 6 4 3 4 6 7 5 9 0
394 2 2 6 9 3 0 0 3 9 7
422 1 3 4 9 8 9 2 8 7 4
428 1 9 2 2 1 0 5 5 8 9
436 6 0 1 9 1 4 9 4 7 7
464 7 7 3 9 3 9 4 7 0 4
484 7 8 7 5 0 9 4 3 1 7
498 7 1 9 2 3 8 7 3 7 5
6
266 2 0 9 1 0 7 2 1 3 1
304 6 4 3 2 5 9 4 0 0 1
418 0 4 7 5 0 1 7 9 6 6
462 6 3 1 9 5 9 3 4 9 8
476 8 4 3 8 4 0 9 1 1 6
504 5 6 7 7 6 9 8 2 4 4
10
348 2 0 1 1 5 6 8 2 9 7
398 0 6 2 9 1 7 7 9 6 6
406 3 8 4 0 8 6 1 5 4 6
428 9 9 1 8 1 5 1 3 2 5
442 1 4 3 9 9 9 9 7 3 5
448 6 3 8 1 6 5 1 8 4 5
454 9 5 0 1 3 4 7 8 3 7
476 7 7 7 8 6 2 0 6 7 0
480 8 8 4 5 0 4 9 1 6 4
594 6 6 7 9 8 9 9 0 5 9
7
306 1 2 3 9 2 5 4 1 6 1
312 8 0 3 4 0 5 1 2 2 4
352 1 0 7 9 7 3 3 2 1 1
414 4 9 6 7 1 4 4 7 0 0
518 2 2 8 5 9 9 5 9 9 3
528 5 1 9 9 2 1 3 4 3 9
584 6 9 8 3 7 4 4 2 8 6
8
316 2 1 3 1 4 9 5 7 8 4
316 3 0 4 9 1 0 4 2 6 1
362 7 0 3 3 0 6 4 5 8 3
378 4 3 7 5 3 8 2 1 8 2
420 5 4 6 2 1 2 2 6 7 7
466 6 7 3 6 3 2 7 0 2 9
480 8 2 2 6 9 4 8 5 5 3
484 8 8 9 2 6 0 1 5 4 0
