100 10
500 500 500 500 500 500 500 500 500 500
15
223 2 8 3 3 2 7 9 3 1 3
244 1 2 1 3 7 8 8 4 5 9
297 3 9 2 1 9 9 7 3 6 6
175 3 1 2 3 2 8 7 2 1 2
268 4 6 3 8 8 4 3 5 3 2
229 8 1 9 8 2 1 1 1 7 2
352 4 5 7 6 8 5 7 8 8 5
282 6 2 7 5 8 5 5 5 3 2
308 8 6 1 9 4 4 8 7 2 4
275 1 5 8 2 8 8 6 3 8 4
265 3 5 5 6 7 3 9 1 5 4
211 1 3 4 7 1 4 3 5 2 7
295 4 5 1 9 6 9 3 8 2 7
295 8 5 4 7 9 4 2 4 2 7
232 6 5 3 1 3 2 6 6 4 1
15
189 2 4 3 1 2 5 5 2 7 4
258 1 8 8 9 4 1 2 1 2 9
339 8 5 4 4 7 6 7 9 2 5
308 1 3 6 9 7 6 5 9 1 4
260 8 1 7 4 1 2 4 9 8 2
212 2 8 1 3 6 4 2 2 3 6
304 8 5 5 9 8 2 3 6 4 3
359 7 7 6 7 5 1 9 8 1 5
336 8 3 8 1 6 2 1 9 7 9
282 5 9 7 1 1 5 8 4 4 5
248 2 8 6 6 6 2 6 1 1 4
332 3 9 2 6 7 7 7 6 7 8
339 9 8 6 9 7 1 4 6 2 4
344 8 9 6 5 8 6 3 5 1 5
311 6 2 8 7 6 4 8 4 7 7
15
348 7 7 7 2 5 6 4 9 6 6
332 5 4 9 8 7 2 7 3 7 9
286 3 6 9 6 6 1 6 3 9 4
301 8 9 8 8 3 5 4 2 8 1
276 6 7 4 6 9 2 2 5 6 1
197 6 1 1 7 4 2 1 5 2 6
241 6 4 4 3 1 5 6 6 6 4
269 9 6 1 5 2 3 1 9 4 2
305 2 4 7 7 6 9 8 7 2 1
228 7 2 1 6 9 6 2 2 6 3
342 4 2 8 8 9 5 5 7 1 9
222 3 3 7 1 4 2 1 3 5 8
300 7 3 8 4 5 1 3 8 2 9
272 1 6 4 2 4 9 4 7 8 4
211 1 1 2 6 2 1 4 9 6 5
15
264 2 9 3 5 4 7 9 1 6 4
156 1 2 7 1 2 1 2 3 7 1
303 4 3 7 2 8 6 3 8 2 7
293 4 9 9 7 2 3 3 2 8 9
197 3 1 9 6 5 7 1 1 1 2
318 5 7 7 8 6 4 4 6 8 5
277 6 1 5 8 4 4 9 5 6 2
221 3 1 5 9 9 1 1 2 1 6
238 8 2 5 4 3 3 9 1 6 4
266 2 3 5 4 5 6 2 9 2 5
333 2 5 9 7 9 2 4 5 5 8
291 2 8 3 8 7 6 6 4 2 4
264 6 9 3 9 7 5 2 1 6 3
289 4 4 6 9 2 7 7 5 4 7
271 8 1 4 5 1 7 7 8 4 6
15
318 3 5 8 2 8 1 5 8 4 4
279 3 7 3 2 7 5 5 8 7 3
260 6 9 3 9 2 5 1 3 2 8
258 9 8 2 5 2 1 4 5 7 4
314 9 2 3 3 6 7 9 7 7 1
322 9 1 1 7 8 2 9 5 9 9
314 7 5 3 3 4 7 8 9 1 2
245 2 4 7 6 3 6 4 4 2 5
314 8 2 7 3 7 7 9 6 5 1
273 2 6 6 7 3 9 1 7 2 6
266 6 7 5 3 5 4 8 5 2 1
298 2 6 4 9 1 7 8 7 6 8
301 5 2 1 8 7 4 8 9 6 6
237 2 3 3 1 3 5 9 6 8 1
313 9 9 9 6 3 1 3 6 4 1
15
282 7 7 4 2 7 6 5 1 3 8
343 7 5 5 8 4 9 6 9 6 1
375 7 4 9 9 8 5 3 8 1 6
167 1 5 1 7 6 4 2 1 2 2
268 6 3 3 7 2 4 8 6 7 6
281 9 7 2 4 1 9 9 5 4 5
233 5 3 5 2 4 8 9 1 3 2
347 6 6 5 5 9 4 8 7 8 2
313 7 9 9 2 2 4 5 6 1 5
275 3 2 7 7 8 4 7 3 5 3
296 7 8 6 4 9 2 6 2 8 2
292 4 2 9 1 7 4 6 5 4 8
294 4 7 4 6 3 9 9 4 4 3
261 2 1 5 9 1 7 8 9 2 1
294 9 1 8 9 1 2 7 8 8 1
15
253 9 5 3 2 1 6 2 8 3 6
262 4 3 9 4 3 5 5 6 7 2
305 3 7 1 1 9 8 4 7 7 9
266 9 4 3 2 6 6 9 1 1 7
360 5 8 9 6 9 5 2 7 9 2
257 9 9 1 8 2 3 4 6 3 1
334 7 9 7 6 9 6 5 1 2 9
224 2 6 6 1 1 1 3 5 8 4
308 1 9 7 2 9 7 4 4 5 3
262 4 8 2 1 6 6 2 5 9 9
260 6 3 5 1 9 5 5 4 9 2
270 2 7 1 7 9 1 7 3 5 9
257 9 1 2 3 8 5 4 3 1 6
287 4 5 1 5 4 1 8 8 9 8
315 5 1 2 5 9 3 9 9 4 6
15
220 5 2 2 2 1 7 7 5 4 9
388 5 8 4 9 9 6 5 9 8 4
186 2 7 3 4 1 4 3 2 5 7
247 4 1 3 1 2 7 6 8 8 6
236 2 8 1 9 4 2 6 5 4 1
170 6 1 1 1 1 1 5 4 2 7
320 1 9 8 5 1 5 9 7 2 6
166 5 2 5 1 3 3 3 1 9 1
342 6 2 9 9 4 9 5 8 7 7
244 2 2 2 3 4 4 8 9 1 3
285 4 4 1 3 7 8 3 9 9 7
248 4 4 3 3 3 7 9 2 6 9
305 4 9 3 3 3 5 5 9 2 8
309 2 4 8 9 4 1 8 6 4 5
309 8 7 7 4 2 1 2 8 6 6
15
249 4 4 5 9 4 3 5 2 3 6
277 7 1 2 9 7 1 8 5 3 3
209 3 2 4 7 6 2 1 5 8 1
275 4 1 4 9 5 1 1 8 1 9
280 8 6 2 3 5 3 6 4 7 6
342 9 6 4 6 9 6 4 6 6 8
290 8 4 4 6 4 4 6 7 4 3
337 5 5 8 6 8 1 8 3 9 6
298 2 5 4 9 3 3 9 6 5 8
270 8 5 6 5 5 5 1 6 3 3
286 2 7 7 3 6 5 6 6 8 2
263 3 6 9 1 6 1 3 5 3 3
319 9 7 4 9 5 4 7 3 1 6
293 3 7 6 6 9 6 6 3 7 1
309 9 5 5 3 8 8 1 5 8 6
15
305 8 5 5 9 3 2 2 8 1 7
318 6 4 8 7 4 6 5 5 5 9
224 3 5 4 1 7 8 2 3 6 3
307 7 6 4 6 9 5 5 5 8 3
229 4 8 7 3 1 2 7 2 2 6
272 9 1 5 9 2 6 6 4 9 6
267 8 7 4 3 6 1 4 4 1 3
313 9 2 2 4 3 3 9 8 4 9
239 6 2 3 7 5 9 8 1 6 4
254 3 4 2 8 2 6 8 3 6 9
208 2 5 1 2 1 9 5 5 5 9
206 1 3 6 3 2 2 1 7 2 8
308 2 2 8 7 5 8 3 8 3 5
239 4 2 2 1 9 6 3 6 6 5
242 4 2 7 7 1 8 3 3 9 9
15
222 1 1 2 2 4 8 4 8 4 7
273 5 6 4 3 1 5 6 9 6 1
247 5 3 2 4 9 9 2 4 4 4
198 5 7 1 4 3 2 3 1 5 9
235 2 2 4 2 8 3 5 4 3 8
232 9 2 1 7 5 9 1 2 6 7
292 7 5 1 7 4 9 6 6 1 7
275 7 4 7 2 7 4 2 1 8 8
285 6 1 3 4 9 5 3 6 6 6
282 5 9 6 3 3 9 5 3 7 1
165 2 1 5 5 6 2 2 1 4 1
302 7 7 9 8 1 4 5 3 6 9
218 4 4 5 3 6 1 1 3 9 6
280 2 8 1 7 6 8 8 7 4 1
263 5 1 5 2 3 8 4 9 4 1
15
313 2 5 8 6 7 2 8 7 8 4
319 9 4 6 9 8 1 8 4 9 2
338 8 8 8 2 5 1 8 9 6 1
325 7 1 9 8 7 6 3 7 3 2
359 6 7 3 7 8 6 8 9 5 5
290 4 4 6 2 6 8 4 8 4 4
243 3 2 6 6 5 3 8 3 3 3
284 2 9 5 1 7 3 2 7 2 9
254 3 4 3 4 5 8 3 5 1 8
270 6 4 7 6 9 9 4 1 2 3
242 6 3 6 6 1 3 9 2 7 6
243 1 7 9 3 4 4 5 2 2 2
300 3 4 6 6 2 8 2 9 1 9
177 6 4 4 6 1 1 3 2 5 2
363 9 8 3 2 9 4 8 8 3 6
15
272 6 4 1 9 6 3 5 5 2 7
264 9 2 4 1 6 9 4 2 6 9
306 3 3 4 6 8 5 8 6 6 6
208 3 1 2 4 3 2 7 4 7 4
314 9 5 7 7 5 9 7 1 1 7
325 9 6 8 2 8 8 1 4 2 8
308 8 4 6 2 8 8 5 7 6 1
261 1 3 4 5 4 9 3 9 1 2
256 9 9 9 5 4 1 2 1 1 2
246 8 2 8 2 3 1 8 4 7 1
389 6 6 6 3 9 7 9 9 2 5
208 2 4 3 7 5 9 5 1 2 1
281 3 1 8 5 5 3 2 8 7 7
266 9 1 2 6 4 8 9 3 8 1
245 8 1 9 3 2 4 6 1 7 6
15
263 6 2 7 5 3 4 8 2 8 9
260 3 6 3 5 9 9 1 2 3 9
277 6 9 4 2 4 5 6 4 9 3
278 8 2 1 2 9 2 4 7 9 6
257 1 7 8 3 3 2 5 3 4 7
243 5 4 9 2 4 2 9 2 2 4
247 5 4 3 2 4 9 7 4 8 2
263 3 9 9 3 1 9 1 5 9 3
240 1 4 9 2 4 4 4 3 6 5
278 1 7 5 2 5 6 5 5 2 8
201 2 4 4 6 5 2 9 1 2 2
289 3 9 2 9 8 7 8 2 2 2
247 4 7 2 8 5 2 4 2 7 8
306 8 1 5 6 2 2 6 8 6 9
269 4 4 3 8 3 6 5 8 6 2
15
301 7 2 2 9 5 7 2 8 6 7
271 9 1 1 5 2 6 9 4 7 9
239 1 3 3 4 5 1 8 9 6 1
241 5 1 2 4 8 1 1 6 9 9
324 9 4 3 4 8 3 6 4 7 9
342 8 4 9 7 5 7 2 9 9 2
311 6 6 4 5 6 3 2 9 8 4
275 5 1 3 7 8 9 7 4 8 3
254 8 3 3 7 4 5 6 3 4 6
225 5 8 2 2 4 1 1 3 1 8
235 3 1 6 2 1 5 1 8 2 9
264 3 6 8 2 6 1 4 1 6 9
279 6 4 5 2 6 7 9 4 1 2
271 4 3 2 4 4 6 4 8 2 7
276 3 7 3 8 4 7 3 5 2 8
15
284 6 5 9 2 7 2 3 2 9 3
324 2 7 5 6 3 9 9 7 7 4
321 7 9 2 5 2 1 5 9 6 7
284 3 5 9 3 7 7 3 5 9 1
214 1 4 8 3 3 6 1 4 8 4
347 7 5 3 7 9 5 6 9 6 3
272 8 9 6 5 1 6 4 2 1 8
274 8 5 3 8 5 2 8 1 6 6
219 1 9 3 2 1 5 2 8 2 2
340 7 7 8 4 5 2 7 7 4 2
270 3 4 1 3 8 5 6 6 9 3
318 6 5 3 3 8 9 9 6 1 7
331 9 8 9 5 2 9 7 2 9 7
214 2 2 3 1 4 5 2 5 9 9
180 3 9 1 3 1 4 2 3 1 6
15
287 1 4 9 6 9 2 5 3 7 8
276 9 7 2 2 4 6 4 6 6 3
223 4 2 8 4 5 4 2 1 1 8
329 4 7 3 9 8 7 4 6 5 7
234 4 7 1 3 5 8 3 4 3 2
284 4 5 3 7 9 5 5 1 8 7
331 9 8 5 5 7 5 5 5 4 2
378 4 6 4 8 8 1 9 9 6 9
237 7 6 2 2 6 7 4 1 9 5
308 5 8 5 1 4 3 2 8 9 8
246 3 2 2 5 6 9 8 1 7 9
278 4 3 6 7 5 4 9 4 3 3
239 6 2 9 6 1 1 6 5 1 4
194 1 6 1 1 8 4 4 2 6 1
305 8 5 9 7 3 4 9 2 6 3
15
312 6 8 7 3 5 6 7 3 2 9
312 9 9 5 4 3 4 2 8 7 3
275 2 7 8 2 2 9 5 2 8 7
294 4 6 2 7 2 6 8 8 4 5
387 4 9 9 5 8 8 2 8 1 9
251 9 1 2 9 4 9 9 1 3 5
224 4 8 1 4 2 9 3 3 1 6
291 4 2 1 2 8 9 8 8 3 9
283 7 7 5 6 3 2 8 4 6 6
285 8 4 7 7 7 5 6 1 5 2
325 6 4 5 7 8 5 2 7 8 7
255 1 9 8 4 6 6 4 1 6 4
301 3 7 7 1 6 9 1 8 5 2
321 7 4 5 1 8 9 5 5 1 8
334 3 2 9 3 5 6 6 9 1 9
15
329 7 5 3 8 5 8 9 7 9 1
216 6 7 2 5 5 4 3 1 3 1
245 7 4 5 6 1 9 1 3 8 9
237 2 1 7 8 6 8 4 1 9 1
257 6 2 9 8 3 7 3 3 1 6
246 2 8 1 5 2 4 1 9 9 7
258 9 8 4 4 4 2 3 2 1 9
329 8 5 8 2 4 6 9 5 2 7
298 7 6 3 9 7 6 2 6 7 4
256 6 6 1 5 6 3 2 7 6 4
264 7 4 5 4 4 7 6 5 1 1
268 3 6 6 4 5 2 5 8 4 2
307 4 5 9 2 7 9 3 4 4 7
297 8 6 3 4 7 1 5 7 4 2
241 1 9 1 1 6 6 5 7 2 4
15
236 5 7 4 1 1 7 3 6 1 2
269 1 9 3 8 6 3 5 3 7 5
265 9 1 8 2 2 3 8 5 3 2
161 4 1 2 1 2 9 4 1 3 4
298 9 8 6 1 2 9 5 3 6 4
181 5 1 5 2 3 9 1 4 2 2
287 4 6 7 9 2 8 1 8 8 2
314 5 5 3 8 9 9 6 6 1 3
296 3 6 1 2 8 1 5 9 9 8
305 7 5 5 3 9 9 8 1 5 6
317 7 1 9 7 6 1 7 5 7 8
341 9 3 5 8 8 3 7 4 3 9
318 7 4 4 7 4 2 7 8 1 8
254 4 8 2 3 3 2 8 4 8 9
325 8 4 1 2 8 3 9 7 6 9
15
235 1 1 5 7 7 2 6 2 3 8
264 5 4 1 5 8 2 2 4 9 7
255 1 4 2 9 9 9 2 3 9 6
276 5 3 7 4 1 4 8 7 1 7
315 2 1 8 6 9 3 7 6 7 9
268 4 7 8 3 5 1 6 4 5 2
311 2 9 4 1 5 7 9 8 2 2
306 3 8 9 7 9 2 1 3 9 2
312 5 6 5 6 2 6 1 8 9 8
254 8 1 5 8 7 2 3 3 5 1
259 9 1 5 9 2 4 5 2 9 9
283 5 5 9 9 4 7 1 7 1 1
229 3 6 5 3 4 1 4 3 7 2
220 1 7 5 6 8 2 3 1 3 1
339 4 8 7 2 3 9 7 9 3 7
15
301 9 7 4 6 4 6 6 3 4 5
307 9 1 6 8 6 4 2 8 3 4
306 2 6 5 9 2 8 6 6 3 8
311 4 9 7 7 7 1 6 2 6 5
226 1 4 4 3 7 5 7 2 9 5
274 2 8 3 3 5 1 6 8 6 5
227 2 7 4 1 2 5 9 1 9 7
291 7 4 3 3 6 6 9 4 7 6
325 9 7 2 2 5 9 9 7 4 7
267 1 5 5 5 3 6 8 5 4 8
244 2 1 6 2 4 4 1 8 9 3
287 1 9 9 2 1 9 7 8 2 1
212 4 4 1 1 5 3 8 2 9 2
312 5 3 4 9 9 1 3 6 6 6
293 7 2 3 8 8 6 1 8 2 3
15
291 3 7 5 8 1 2 9 7 4 2
302 6 9 3 3 3 6 4 6 7 6
193 1 2 3 1 5 2 7 2 6 5
294 8 8 8 1 2 1 1 4 8 9
332 8 8 7 9 7 4 6 4 2 3
295 9 3 5 3 9 1 7 7 1 2
281 6 3 4 4 6 4 1 8 7 5
319 7 6 3 3 2 7 6 9 9 8
282 3 5 1 1 8 8 3 9 6 5
294 7 6 7 6 1 1 3 8 4 8
169 2 2 1 2 3 2 1 7 1 1
329 7 3 8 3 3 9 8 5 9 7
231 2 1 8 8 6 1 1 4 5 7
309 5 3 9 8 2 9 7 5 7 4
284 3 1 7 1 4 9 9 8 1 4
15
291 5 7 9 6 8 5 4 2 2 2
269 1 1 2 4 7 5 7 8 6 6
232 1 9 1 2 2 3 1 8 9 8
234 1 5 6 6 3 4 5 7 2 1
349 8 6 8 4 4 1 6 8 4 8
257 3 7 3 3 8 4 6 3 1 5
330 8 9 6 5 4 1 4 7 8 2
239 4 2 1 3 2 3 4 8 5 8
355 4 8 7 1 5 5 9 6 9 9
262 4 9 9 6 1 5 5 1 1 3
198 4 1 2 2 3 9 7 4 1 6
237 2 2 3 7 8 7 2 4 3 6
314 2 7 5 7 4 2 7 9 2 4
207 5 7 1 5 1 9 7 1 7 2
361 9 4 6 8 8 8 3 8 5 5
15
320 2 9 4 6 9 7 4 5 1 7
290 3 5 9 2 5 7 6 6 6 4
236 2 1 7 6 4 2 5 4 5 6
306 8 2 6 8 7 3 2 6 3 6
322 5 9 9 9 5 2 5 5 2 1
228 4 5 1 8 6 5 1 3 2 4
332 5 6 6 9 9 4 8 1 6 6
299 8 3 4 1 7 7 3 7 3 9
349 5 4 7 4 7 8 4 7 8 8
304 4 8 6 7 5 4 7 5 1 5
302 9 5 3 5 4 4 8 6 6 7
203 5 4 1 5 1 9 2 3 1 6
371 9 8 7 9 8 3 4 7 8 3
241 2 2 7 7 8 2 5 2 7 4
311 6 5 4 1 9 2 9 4 8 5
15
282 5 5 8 5 1 9 7 5 8 3
149 3 3 2 5 1 3 4 3 2 1
253 3 8 7 1 5 6 3 2 8 2
278 3 4 4 8 6 4 4 6 6 8
239 3 1 5 1 3 5 5 7 8 7
318 8 3 8 9 2 9 5 6 1 3
272 2 1 8 5 3 6 9 6 3 5
204 3 6 4 1 1 7 3 3 5 7
303 2 8 9 3 6 3 5 8 2 3
294 2 4 8 8 5 7 7 4 2 9
262 4 9 8 2 2 7 4 1 6 7
266 9 4 1 6 5 9 5 2 2 7
352 8 3 4 9 4 8 5 9 3 8
282 1 2 8 6 2 5 4 8 9 6
305 6 6 9 1 7 3 4 4 8 7
15
273 3 9 4 4 2 9 4 7 2 1
313 9 9 8 1 1 5 7 4 3 9
312 2 3 5 9 6 2 9 8 2 9
265 9 4 3 3 2 3 5 8 4 1
301 7 3 1 7 8 3 6 8 9 3
266 3 6 2 6 6 8 4 4 8 7
161 1 1 3 3 1 4 3 3 2 8
299 7 1 8 1 7 1 9 5 9 2
339 9 8 1 8 9 8 4 4 2 9
244 2 7 6 3 9 2 2 4 1 2
210 3 8 5 6 1 4 2 3 5 4
260 8 1 3 2 1 8 4 7 9 4
332 9 3 9 9 7 1 5 5 9 3
242 3 9 4 2 9 2 2 1 9 5
335 3 8 9 5 8 9 6 4 5 6
15
262 2 8 6 8 2 8 4 5 1 3
250 1 3 1 7 9 1 5 5 2 6
276 5 6 6 7 4 9 6 3 4 4
279 3 7 5 6 7 8 6 3 4 4
340 4 4 7 2 8 7 9 9 2 5
428 9 7 8 9 8 5 9 9 1 4
320 7 2 7 5 8 3 5 7 5 5
233 6 4 2 3 4 9 7 1 1 6
291 2 8 5 4 9 8 4 2 5 8
211 4 5 8 2 1 4 1 4 7 3
318 2 7 9 6 3 1 6 9 2 4
157 2 1 2 2 1 3 1 2 9 9
306 1 9 8 1 6 6 2 9 8 3
293 2 8 8 9 2 7 8 4 1 1
246 7 2 8 2 3 3 1 5 8 5
15
245 5 3 6 8 2 3 3 7 6 2
266 3 5 1 1 8 3 9 3 8 7
302 9 6 8 5 5 8 4 2 8 5
286 6 4 9 5 8 3 4 2 4 3
260 3 8 9 7 4 7 2 1 1 8
255 3 5 8 4 7 1 9 1 2 4
227 4 2 6 7 4 9 4 2 1 1
266 4 2 7 7 3 7 7 2 2 7
169 5 5 4 1 3 1 3 2 5 1
339 6 1 5 1 8 6 9 9 7 4
242 7 1 7 7 2 2 2 2 9 6
262 4 5 4 3 3 4 7 5 8 3
292 8 8 2 3 3 7 5 3 8 8
337 7 9 9 4 8 4 2 4 3 7
227 1 6 1 8 6 7 5 5 1 2
15
228 9 2 7 3 4 1 3 1 6 2
350 9 6 8 8 6 4 2 7 1 9
284 7 9 5 3 2 6 1 9 1 1
262 7 2 3 3 7 6 8 3 9 3
346 7 6 8 1 4 8 7 6 7 7
279 4 5 4 2 6 4 5 9 6 2
257 3 4 7 2 4 7 9 2 7 1
267 9 6 6 1 7 3 2 5 2 3
227 6 3 1 3 5 3 9 2 7 4
220 1 1 1 7 5 1 9 6 8 4
199 2 2 9 3 2 1 4 3 4 6
243 5 4 2 4 7 7 2 3 3 5
206 3 3 3 3 2 2 9 5 4 1
233 7 1 8 1 6 3 3 1 4 5
271 9 7 3 5 4 7 1 3 6 4
15
281 8 2 3 9 5 1 3 6 2 7
359 8 5 9 6 7 8 5 7 1 5
288 5 1 8 9 5 4 3 7 7 2
276 6 6 7 9 1 2 9 1 2 5
290 2 2 8 2 2 6 9 8 3 7
248 9 3 4 5 5 8 7 2 3 2
251 6 2 4 5 1 8 8 3 8 5
282 8 3 8 2 1 4 9 7 3 1
193 7 6 1 1 4 4 2 1 3 8
277 7 2 3 3 1 7 3 8 7 8
282 5 8 8 8 1 2 8 4 3 4
263 1 5 3 2 9 9 4 4 7 3
269 4 7 6 6 1 9 4 3 4 9
308 9 5 4 9 7 4 1 4 8 6
265 8 2 5 5 9 3 3 1 9 8
15
257 9 7 5 2 8 4 4 1 5 1
257 5 2 9 1 5 1 4 4 8 4
239 8 6 8 5 2 2 1 1 6 2
246 8 2 1 1 9 5 4 4 5 5
306 4 7 6 9 4 9 7 1 4 7
224 1 6 2 1 3 5 2 9 5 4
276 9 1 8 1 1 3 8 7 3 4
316 5 2 6 6 7 5 1 9 6 7
255 2 8 7 8 2 3 1 5 1 9
335 4 8 7 8 7 9 4 6 8 1
270 8 3 4 7 7 3 6 1 5 4
186 7 2 1 6 1 8 1 2 7 4
384 2 4 8 9 7 8 9 8 7 9
266 9 1 3 2 9 7 2 7 1 2
225 9 1 5 1 2 3 6 6 6 1
15
237 1 5 3 1 8 4 8 2 2 6
271 7 6 7 4 1 4 8 2 6 3
294 6 5 1 6 4 7 6 8 8 5
322 8 4 5 6 4 5 4 9 9 6
277 5 8 5 9 5 2 5 1 2 6
398 6 8 7 7 9 6 9 9 7 2
227 2 2 4 6 9 7 5 1 7 1
277 8 2 5 4 1 7 6 8 9 4
299 6 8 1 7 8 2 8 3 4 5
323 9 9 8 4 2 8 5 4 9 6
337 8 9 1 9 3 2 7 9 4 6
315 9 6 5 1 5 8 5 6 8 3
304 7 9 8 8 2 5 4 4 1 7
278 8 9 7 4 2 5 2 6 1 2
290 9 3 7 6 7 7 2 4 4 5
15
297 1 7 3 1 9 9 1 7 8 9
199 5 1 6 2 1 9 1 4 1 7
319 5 5 6 7 7 6 2 6 5 6
287 7 7 4 6 3 4 1 6 9 5
247 1 4 1 4 6 2 7 7 4 5
256 3 6 5 6 4 8 5 2 8 5
319 1 2 9 8 8 9 1 9 9 2
275 2 1 7 9 5 3 3 7 2 5
374 9 9 9 5 9 3 4 5 4 5
295 1 2 5 6 5 5 9 9 6 5
271 6 5 2 2 8 9 3 5 3 5
269 7 8 4 7 2 2 6 5 2 5
333 5 9 5 4 5 7 7 7 9 4
259 5 9 5 8 5 2 4 1 5 3
301 5 3 9 8 5 6 5 4 8 2
15
350 5 6 2 9 8 2 5 8 9 8
296 6 5 1 7 6 4 5 9 6 5
255 1 8 3 6 1 3 1 9 6 8
345 4 5 9 4 8 8 3 8 4 4
204 3 3 1 3 3 6 9 2 7 6
278 2 5 4 4 5 9 1 9 1 4
288 7 5 9 7 3 5 4 3 6 2
308 5 7 3 4 7 2 2 7 8 7
320 4 6 9 3 4 4 9 5 9 2
295 8 6 4 6 1 9 7 6 9 3
310 2 1 9 1 9 2 7 8 9 2
349 9 9 3 7 6 7 3 7 9 1
251 5 1 5 9 3 3 9 2 9 5
294 6 1 8 5 7 2 7 8 1 1
391 8 7 2 8 7 9 9 9 7 4
15
297 7 2 5 9 3 1 3 9 2 9
287 7 2 1 9 7 4 7 5 7 8
244 4 5 9 2 1 4 6 2 4 5
286 8 6 3 7 1 8 4 7 3 5
271 3 3 4 1 1 4 7 8 6 9
291 6 7 3 7 6 1 4 5 4 8
241 3 3 5 6 9 6 2 2 8 4
251 2 9 8 1 2 6 7 4 2 2
246 9 7 7 4 1 2 1 4 6 1
279 2 9 2 1 9 3 2 7 5 4
270 2 8 2 6 4 8 2 8 5 2
223 3 4 4 2 4 5 3 3 4 9
219 4 1 1 2 2 9 3 6 6 6
277 5 2 9 5 4 1 8 5 6 4
221 2 3 5 2 2 8 1 7 4 6
15
349 4 3 8 5 8 7 7 6 9 8
282 3 7 9 5 7 1 7 2 6 4
350 7 9 9 8 2 5 4 7 9 6
231 2 8 2 1 6 2 3 4 7 8
304 2 8 1 8 9 6 8 2 6 7
394 6 8 7 9 5 6 7 9 6 8
236 5 4 7 7 4 8 1 1 4 4
373 7 4 8 9 8 9 1 8 8 3
219 2 6 1 3 6 4 4 4 6 3
228 3 2 6 2 4 7 1 5 7 6
372 7 9 5 9 7 5 2 8 9 9
347 4 9 5 5 8 4 9 6 7 6
261 7 8 3 4 1 8 1 7 6 1
221 1 2 5 5 1 5 1 5 6 9
219 8 2 7 2 1 3 7 2 6 5
15
268 6 8 3 3 2 4 9 5 8 2
274 2 2 9 6 4 6 8 7 1 1
356 3 8 9 9 7 4 4 8 1 6
342 3 6 7 9 5 4 9 9 1 1
269 8 7 5 1 1 6 8 1 9 7
237 4 2 5 8 7 2 6 1 4 5
213 1 3 6 3 5 1 1 6 5 3
308 6 5 8 3 5 5 2 7 4 5
269 3 7 8 7 4 9 1 4 2 1
247 5 4 5 4 9 4 1 3 1 3
298 6 4 6 2 7 4 6 9 1 2
246 3 7 1 7 2 3 4 9 3 5
289 3 1 8 3 9 3 7 4 7 5
235 1 1 6 3 7 8 9 2 5 3
331 2 7 8 2 6 7 9 8 7 4
15
379 3 8 6 6 8 7 3 9 5 9
281 5 4 7 6 1 2 2 7 9 8
217 1 9 1 1 4 9 5 1 8 9
267 2 8 4 4 1 3 9 6 4 3
300 6 5 7 5 9 1 1 5 3 6
254 4 2 6 9 3 5 7 1 6 6
294 7 7 2 3 3 5 5 8 8 2
276 5 4 5 5 8 3 8 2 5 7
228 3 6 4 8 1 3 4 2 7 6
348 9 6 6 8 6 2 7 7 2 6
266 7 3 3 4 1 7 8 6 3 4
340 7 7 4 1 7 9 8 8 6 5
249 6 5 9 4 5 2 4 2 8 1
290 6 2 6 4 5 9 6 2 7 8
217 2 7 2 3 9 4 2 1 2 7
15
228 5 5 6 5 1 8 7 1 2 5
309 9 6 9 7 9 3 4 3 1 1
283 3 2 6 4 9 9 5 6 7 2
227 2 7 8 1 5 5 1 4 2 3
282 4 8 7 2 3 3 8 4 2 4
313 3 7 5 7 8 5 3 9 4 2
228 4 2 5 1 3 3 3 8 7 3
219 1 8 2 5 8 3 1 2 5 7
281 8 3 3 8 6 9 1 6 1 1
350 9 9 8 3 2 5 9 5 4 8
261 5 2 8 5 1 7 2 7 7 6
293 1 6 2 7 9 2 5 9 2 1
310 4 1 9 4 5 6 5 8 1 5
169 1 2 4 8 3 2 3 1 2 3
220 1 4 8 3 3 6 5 4 6 2
15
266 8 5 2 3 5 7 2 5 5 7
378 7 7 5 8 9 6 4 9 5 8
295 2 9 3 5 2 9 5 8 3 6
293 5 8 3 8 4 3 9 7 1 1
351 9 5 6 2 4 9 2 9 8 9
323 5 9 2 9 4 5 7 7 3 5
267 5 4 6 2 1 9 2 9 8 4
262 8 4 1 7 6 4 4 6 8 1
225 7 8 4 3 2 9 1 2 5 4
235 4 9 3 1 2 4 7 3 1 7
262 8 3 7 7 2 3 6 3 6 5
292 8 5 2 8 4 3 7 7 1 4
284 6 1 6 6 3 2 6 9 6 3
234 4 3 5 6 3 9 2 2 6 6
235 1 7 3 9 4 5 7 1 6 5
15
305 4 9 6 3 2 6 9 8 2 3
401 9 2 9 9 5 5 8 8 7 8
222 4 2 9 1 5 6 4 1 2 3
316 4 2 8 7 9 7 2 4 1 9
275 4 1 4 5 8 4 3 8 8 6
336 9 2 1 8 4 9 8 9 8 6
302 1 7 5 7 2 8 4 8 8 4
258 4 6 6 3 4 1 4 5 8 1
282 5 2 7 3 6 2 8 4 4 8
289 6 9 2 5 1 6 4 6 8 7
337 8 7 9 4 3 2 4 7 5 9
224 6 6 1 9 3 2 7 2 1 5
277 4 5 1 4 9 3 3 6 4 6
336 7 3 5 7 6 2 8 8 8 6
304 8 7 6 7 7 6 8 1 9 2
15
268 5 9 4 1 6 3 7 2 1 9
284 1 7 6 5 5 8 2 6 9 5
256 7 4 1 4 7 1 5 3 9 6
236 4 3 2 5 7 9 7 1 1 6
253 1 6 3 1 8 3 1 8 8 3
275 1 4 2 8 3 5 4 8 8 7
289 7 3 7 3 9 7 4 4 8 1
258 3 6 3 9 4 1 2 8 3 2
311 9 7 2 5 5 2 7 8 3 1
197 7 3 2 9 2 4 3 3 3 3
170 3 4 1 4 1 3 9 1 5 5
229 7 6 3 3 4 3 5 3 1 3
249 7 1 5 1 8 4 6 3 3 5
194 3 5 2 7 9 1 1 1 5 2
292 6 4 8 5 7 7 3 2 4 7
15
313 7 7 3 7 7 2 3 8 3 1
310 8 9 1 6 3 3 6 9 6 1
295 2 9 6 4 1 4 6 7 5 7
210 8 3 6 2 4 3 1 2 3 2
298 5 5 9 1 6 1 7 6 2 5
309 6 6 2 4 6 7 4 8 5 8
293 8 4 3 5 9 4 5 6 1 2
271 8 6 7 5 8 9 1 1 3 1
332 6 5 8 4 9 5 7 2 9 4
361 4 8 7 7 9 1 6 7 5 8
361 5 7 9 7 2 5 9 7 3 7
236 5 8 1 3 1 9 3 5 7 2
265 5 3 8 2 1 8 9 6 9 1
322 8 9 7 7 7 5 2 3 7 6
370 7 1 8 9 9 3 6 7 7 7
15
369 8 8 9 2 4 3 9 6 4 9
217 2 1 9 8 1 9 1 2 5 6
305 4 8 8 8 4 8 3 2 8 4
346 6 5 8 6 7 2 1 8 3 9
322 9 4 5 3 5 4 9 4 9 8
214 2 9 3 9 4 1 4 1 1 4
191 4 1 8 2 2 1 1 5 1 5
280 5 9 5 3 4 5 4 5 8 3
311 6 2 6 6 7 5 6 7 9 4
222 5 1 3 6 7 4 3 4 1 1
377 6 7 7 9 7 8 7 7 9 5
240 3 3 4 7 8 4 2 3 7 6
278 5 2 8 8 5 7 5 4 4 1
313 3 5 8 6 3 2 7 9 4 4
276 6 3 3 7 8 4 9 1 8 4
15
256 7 6 5 3 3 4 7 3 6 1
182 2 6 1 1 2 1 4 5 1 9
322 1 4 5 9 9 4 6 5 8 8
238 7 8 1 4 4 5 6 3 1 5
259 4 3 5 9 6 4 4 5 2 3
352 6 7 6 3 9 6 5 9 7 2
283 7 2 9 8 8 1 5 3 1 3
246 1 1 5 4 7 7 9 1 6 7
299 6 5 2 5 8 3 7 5 2 7
330 9 8 5 4 6 3 5 4 3 9
344 9 3 9 9 8 8 2 6 3 5
326 4 3 8 6 8 4 8 6 4 6
222 9 6 4 2 1 5 2 1 4 8
239 8 6 1 6 3 8 3 5 1 2
257 2 3 5 1 9 7 3 2 5 9
15
272 4 5 4 5 5 4 6 5 3 9
263 7 6 5 3 3 3 5 3 9 5
269 5 2 8 2 3 2 1 9 9 7
282 8 3 1 3 6 6 5 7 8 4
300 2 3 4 9 9 3 9 5 2 9
258 6 2 6 3 2 7 4 7 1 8
334 8 2 9 3 3 6 6 8 3 8
224 1 1 9 5 4 6 2 3 4 8
200 2 7 9 3 2 9 1 1 5 1
216 2 5 9 5 1 8 4 2 8 1
261 6 7 9 1 3 3 4 1 3 7
320 8 4 6 1 7 7 4 9 4 3
215 3 6 2 4 1 5 5 4 4 3
293 5 3 4 9 7 8 4 5 6 3
196 2 4 1 1 7 7 2 1 3 9
15
204 1 1 2 1 4 4 2 8 7 3
323 9 6 7 5 5 9 7 5 2 2
330 8 7 8 1 4 4 7 6 7 4
248 7 4 4 5 1 3 7 4 8 5
257 5 7 7 1 3 8 4 4 9 3
290 8 6 9 4 1 3 4 8 1 4
281 7 3 5 8 1 2 3 9 2 3
289 3 9 1 3 6 4 3 6 6 9
168 2 2 2 2 2 8 3 1 4 7
285 6 9 6 7 1 1 9 1 3 9
232 3 3 7 1 6 7 1 6 2 2
321 8 9 2 4 5 3 6 8 4 8
389 9 8 9 1 7 5 9 8 1 9
347 3 1 9 6 7 6 7 8 2 9
278 5 5 2 8 6 8 4 7 4 2
15
229 4 6 4 5 3 8 4 1 5 2
329 8 6 9 9 6 7 2 4 2 5
322 3 7 5 8 9 7 8 5 1 4
193 7 1 2 2 1 6 6 4 1 6
283 9 1 4 7 6 7 8 2 7 5
222 8 1 3 9 2 5 3 2 9 2
291 9 2 8 4 1 1 8 9 6 2
299 7 2 5 3 9 7 9 4 7 1
301 6 5 5 1 9 1 2 8 3 9
250 1 1 6 6 3 9 2 6 4 9
270 8 4 2 2 3 5 6 8 5 6
300 3 6 5 7 9 9 3 5 2 1
278 6 6 5 8 1 1 8 3 8 6
245 4 9 2 8 1 3 3 6 1 4
192 1 6 4 3 5 6 4 1 1 6
15
272 2 1 3 7 7 9 8 8 4 2
282 4 2 9 3 7 7 8 4 1 2
331 5 6 8 1 7 8 9 5 2 4
314 7 8 6 4 8 7 9 1 7 1
333 8 3 8 9 1 8 1 9 5 8
322 1 4 8 9 8 6 3 6 6 8
333 9 7 6 3 6 4 4 8 3 2
339 3 5 2 9 8 1 8 9 3 9
248 4 2 5 5 7 4 2 5 3 4
245 7 3 9 2 1 7 1 5 1 4
268 9 5 2 3 9 2 7 3 4 1
310 9 6 5 8 4 4 3 4 6 7
265 1 7 9 3 7 5 2 1 4 8
268 2 7 2 1 6 9 7 7 3 5
299 7 9 2 4 1 5 6 9 3 8
15
344 9 1 5 4 7 4 8 9 4 7
250 1 4 5 6 1 7 9 4 7 5
364 8 6 7 8 8 3 3 8 7 8
241 5 2 6 4 7 4 2 3 2 5
290 1 6 6 8 8 8 2 4 9 5
281 2 9 5 9 8 6 2 2 4 6
215 5 2 1 6 6 2 3 3 4 8
287 6 7 9 7 1 2 7 2 3 7
290 1 7 8 7 3 3 6 8 1 1
300 8 8 9 4 3 2 6 1 2 7
322 8 2 8 5 4 1 6 7 9 8
282 2 8 2 7 7 5 6 5 4 5
246 8 5 6 9 2 2 1 1 3 6
232 3 4 7 6 3 5 6 1 5 3
211 9 6 5 1 1 8 1 4 2 1
15
245 4 1 4 7 4 4 4 5 4 7
376 6 8 6 6 8 8 9 6 9 5
299 1 8 9 5 9 3 1 5 6 1
203 5 3 2 3 3 7 3 5 8 2
260 4 3 5 6 1 6 9 2 8 9
318 4 4 4 8 7 9 9 5 9 4
276 4 5 4 7 6 2 7 3 2 8
252 6 1 1 8 2 9 9 2 9 9
313 4 4 4 7 9 5 8 5 2 4
255 6 5 1 3 7 3 7 4 3 6
277 1 9 2 8 6 2 3 8 1 4
295 1 6 3 8 9 6 7 5 7 5
414 4 9 9 8 8 2 9 9 1 8
258 1 5 3 2 2 9 7 8 9 4
247 7 2 6 1 8 8 5 1 4 3
15
222 5 1 8 5 4 4 2 4 7 1
289 2 9 2 7 1 9 4 8 4 6
281 5 9 5 7 5 9 4 1 9 3
198 4 3 1 1 9 3 1 4 2 4
276 8 9 5 4 3 5 2 6 3 3
411 6 7 9 8 8 9 7 8 4 9
317 8 2 4 9 7 3 7 8 6 2
220 7 7 5 1 1 3 8 1 1 5
220 4 5 6 9 1 4 8 1 1 3
262 5 6 3 8 5 1 6 2 5 8
268 9 5 8 7 1 5 7 3 5 1
279 6 7 1 9 2 9 1 8 2 5
288 9 7 6 7 5 3 9 1 8 1
437 9 8 9 8 8 1 9 9 3 9
205 7 1 2 4 3 8 5 1 3 4
15
338 7 5 7 9 8 5 5 5 1 4
272 2 7 1 2 6 1 6 7 9 8
279 1 8 2 6 4 5 6 8 3 8
281 7 5 3 6 8 3 1 3 9 8
250 4 4 5 4 9 3 4 2 1 9
291 7 8 8 9 4 8 3 2 2 4
260 5 7 3 6 4 2 8 2 7 4
327 6 9 5 6 7 7 7 5 3 5
282 9 5 4 1 3 8 4 4 9 5
310 3 6 7 9 7 4 5 4 5 5
328 1 2 7 9 6 9 2 8 8 9
286 9 5 6 6 4 6 3 4 9 1
353 9 1 9 4 6 8 3 8 5 9
316 4 9 2 4 5 6 5 8 8 6
289 4 5 2 2 3 9 7 8 3 8
15
334 1 6 7 8 7 4 8 9 5 2
214 7 1 9 5 4 2 2 2 2 1
269 8 6 3 3 9 6 1 4 3 1
273 1 6 7 9 3 2 8 6 3 4
229 5 8 2 4 2 4 4 6 5 1
285 8 9 6 1 3 1 4 3 6 9
240 1 9 2 6 3 8 1 7 7 2
215 1 1 5 2 1 9 7 7 3 1
320 5 7 4 9 4 5 6 6 9 8
318 2 3 8 3 8 8 6 4 7 9
303 7 4 2 8 2 7 9 7 9 1
252 7 1 6 9 4 2 2 5 5 2
243 4 7 3 3 6 4 4 4 6 3
346 8 8 3 8 9 8 8 2 8 3
247 1 6 4 7 5 5 6 4 8 2
15
298 3 5 4 1 9 9 4 6 7 9
288 9 7 2 6 8 6 5 1 3 7
340 7 6 6 3 7 5 6 5 7 8
162 1 1 1 5 1 8 2 1 8 8
306 7 8 8 1 7 5 3 4 9 3
286 6 1 5 2 9 8 2 6 7 7
310 3 4 8 6 6 6 7 7 2 5
284 8 9 3 1 6 3 7 2 5 4
314 1 5 7 7 5 6 8 9 4 1
253 4 9 4 8 7 4 4 3 1 1
347 4 6 9 8 6 3 5 7 4 6
299 8 9 2 8 7 3 1 6 3 1
351 4 4 7 9 5 5 8 9 5 4
277 1 1 7 3 9 5 4 6 9 7
261 8 3 1 4 6 8 8 3 2 8
15
368 9 8 1 8 8 5 8 8 5 6
281 8 5 4 1 1 8 1 9 7 5
298 9 2 5 9 8 1 3 3 9 7
291 4 4 6 3 3 6 8 5 4 7
267 2 5 1 6 9 3 5 5 7 7
262 2 2 8 8 9 1 1 3 8 4
254 4 7 4 8 1 6 8 3 9 3
289 1 1 2 4 4 9 8 9 9 8
260 2 7 8 2 5 9 5 1 7 1
223 1 2 4 4 3 9 4 6 4 2
348 2 1 8 9 9 5 7 9 8 4
326 4 4 8 2 2 9 4 9 6 8
241 5 6 5 7 4 1 4 3 2 1
220 1 9 7 2 1 5 3 3 3 3
322 5 9 7 6 3 3 9 5 5 6
15
246 9 1 2 7 5 2 7 1 8 5
307 9 5 6 5 6 4 4 3 7 5
237 2 2 7 8 3 4 2 4 7 4
320 8 7 9 4 4 3 9 3 2 4
283 1 6 1 1 7 9 8 7 4 4
236 5 5 7 8 1 7 1 3 9 1
337 7 6 8 6 9 8 1 5 7 2
298 6 5 8 3 6 1 9 4 7 1
253 5 4 7 2 2 1 4 7 3 2
242 4 1 4 7 5 4 3 7 5 5
384 7 9 6 9 9 6 5 8 2 3
293 8 5 3 4 7 8 5 3 7 7
294 1 6 6 9 9 6 2 6 4 5
257 2 3 1 6 9 2 1 8 9 3
262 3 4 5 3 6 1 7 5 8 5
15
289 1 1 8 6 5 4 8 8 8 2
366 5 5 5 7 6 8 7 9 3 7
194 1 8 1 1 5 6 3 1 4 5
192 7 3 1 2 1 3 3 7 2 2
268 8 7 2 5 6 2 7 1 8 2
250 7 1 7 4 3 3 1 5 7 7
367 7 9 7 4 7 8 8 7 4 4
309 7 1 1 2 7 9 9 8 3 9
212 3 2 5 3 7 7 3 3 1 5
340 5 8 8 5 5 5 2 9 9 4
313 9 8 4 9 5 4 7 4 8 1
328 7 5 6 2 7 3 8 8 8 3
261 6 1 6 4 5 1 5 8 4 4
258 4 8 1 8 3 8 7 3 1 6
276 7 2 2 6 8 2 9 5 4 4
15
278 7 4 4 9 9 4 1 2 8 4
290 2 9 3 2 5 7 8 4 4 9
383 7 6 7 8 5 6 6 8 9 9
261 3 6 4 1 8 9 3 6 1 1
360 9 9 7 3 6 3 7 7 6 7
359 9 6 9 9 3 7 6 5 1 6
317 9 2 6 7 9 5 4 3 6 6
284 8 1 8 6 6 6 1 3 8 8
332 8 6 7 6 4 8 7 4 8 3
291 2 5 7 2 4 8 5 7 2 6
283 9 3 4 8 3 8 5 4 9 5
324 3 7 4 7 9 4 2 7 8 7
257 1 8 2 7 9 5 2 5 3 5
166 3 1 3 7 3 7 2 1 5 2
273 8 4 3 2 1 9 6 9 4 4
15
286 8 2 6 2 3 8 2 5 9 9
254 9 4 2 6 1 8 6 5 4 3
236 1 5 1 9 2 1 1 9 6 7
250 3 2 3 4 5 8 3 5 9 9
316 1 7 8 7 1 7 3 8 5 8
185 1 4 7 1 2 5 4 2 9 3
296 7 7 1 8 5 4 6 4 9 8
340 7 5 5 3 8 7 9 7 5 5
253 9 6 9 1 2 5 6 2 1 3
268 4 5 8 1 4 6 1 8 1 1
266 5 5 3 8 4 6 7 7 1 1
168 5 2 2 8 2 1 1 5 2 2
320 9 6 1 9 8 6 7 3 7 3
334 4 2 9 7 5 7 9 8 4 4
277 1 7 5 8 2 3 3 8 4 6
15
275 2 7 3 6 8 9 7 2 6 2
353 5 5 6 8 9 8 5 9 5 2
317 4 7 5 3 6 7 6 6 2 6
290 3 5 1 9 2 9 5 6 8 9
309 8 8 1 9 8 2 3 4 3 7
275 2 6 8 3 1 8 1 7 9 9
347 3 9 6 5 7 9 5 6 5 7
279 5 7 2 5 6 7 1 9 4 3
166 2 1 3 3 8 7 1 2 2 2
299 2 6 9 7 9 8 2 1 8 6
381 8 5 8 6 8 3 7 9 9 5
298 7 3 3 9 8 2 8 4 3 7
336 9 6 1 8 4 5 8 9 3 9
309 2 9 9 1 1 3 9 6 2 7
342 7 8 5 1 7 5 9 4 9 7
15
284 2 4 7 8 6 8 4 4 6 6
279 9 6 4 7 6 2 9 1 1 6
248 2 5 5 9 6 2 1 4 1 6
367 5 4 8 3 7 4 8 9 3 8
343 2 7 8 6 7 3 2 9 8 9
215 1 4 5 2 8 2 3 5 3 1
369 8 6 8 9 5 8 7 7 4 2
301 2 3 9 2 5 1 7 7 6 7
276 1 7 6 1 4 6 2 8 9 4
312 8 1 9 4 1 9 8 6 1 6
305 3 8 8 2 7 9 5 2 6 8
386 6 9 7 8 9 6 7 6 6 5
298 3 1 9 8 4 7 2 8 9 4
304 5 9 9 1 7 3 6 3 8 1
290 2 8 3 8 8 2 4 4 2 8
15
287 9 3 7 7 2 1 4 4 6 6
313 5 3 6 2 7 5 7 8 8 4
314 2 6 9 5 5 7 6 6 7 2
198 6 1 1 3 4 3 7 4 7 1
296 9 7 3 3 6 6 7 2 8 8
302 7 6 5 5 9 8 9 1 5 3
257 5 5 8 8 2 3 5 2 4 7
265 1 4 1 9 6 5 6 8 3 4
198 7 1 5 1 2 5 2 4 5 5
321 5 2 3 9 9 7 5 8 4 4
233 5 2 3 8 2 1 3 4 9 7
321 9 9 2 1 5 9 3 9 7 3
269 5 8 8 1 1 6 4 5 5 2
346 3 8 9 9 4 4 5 6 6 8
329 8 5 5 8 7 6 3 5 6 7
15
316 5 9 5 8 4 1 5 7 5 5
218 4 4 2 3 4 1 2 6 5 6
290 2 6 2 7 2 4 5 9 8 6
267 5 9 7 2 1 4 2 6 5 3
232 6 4 5 5 4 8 1 1 3 7
314 4 6 7 5 9 3 2 6 8 8
263 2 7 5 9 2 8 8 3 2 1
338 6 4 5 9 8 5 6 7 5 2
331 5 8 8 4 3 8 7 5 9 6
336 9 7 8 3 6 8 2 6 5 1
236 1 7 5 1 4 5 9 2 4 4
277 5 6 7 1 3 4 1 9 4 4
300 5 5 9 8 6 4 1 6 5 5
278 2 5 4 3 9 5 7 5 3 5
188 3 1 5 4 1 3 7 1 9 7
15
330 3 7 4 9 7 5 3 9 4 4
316 6 5 8 1 3 7 9 8 1 5
307 5 6 8 5 1 6 9 4 1 9
302 2 7 9 3 6 6 1 7 3 9
258 1 5 6 5 2 8 5 7 1 3
304 6 7 2 6 5 9 6 7 1 6
279 5 9 3 1 7 4 5 2 9 6
295 5 8 4 8 5 8 7 4 4 4
326 9 5 7 2 3 1 9 6 7 6
275 6 1 9 5 4 3 3 7 4 3
259 2 2 9 4 6 5 1 4 8 9
283 9 7 1 1 3 4 2 8 2 8
303 4 8 7 6 7 1 9 3 6 3
292 8 3 2 4 9 4 9 1 9 8
331 9 2 9 8 2 1 4 9 4 9
15
262 3 7 2 3 6 9 3 3 5 9
227 5 4 2 6 8 1 4 1 7 4
197 2 8 3 3 2 4 6 2 3 5
320 8 2 2 9 1 4 7 9 6 9
276 4 2 7 5 4 1 2 8 5 8
261 5 2 1 7 6 9 5 5 5 4
243 3 2 9 3 6 3 1 4 3 8
363 6 9 7 3 7 9 3 8 7 3
255 8 2 4 6 1 5 5 3 8 8
272 5 5 7 6 6 2 2 2 8 8
323 6 5 9 7 6 6 7 3 2 6
214 3 3 2 6 7 2 6 4 3 1
287 7 6 4 9 7 1 5 4 1 7
293 9 8 5 9 4 8 6 1 1 2
356 2 7 6 8 9 5 7 9 6 2
15
274 2 1 6 2 4 4 6 9 2 6
284 3 4 3 7 3 5 4 8 7 9
302 4 8 4 8 4 6 7 4 1 6
287 9 4 3 9 5 7 3 6 2 4
334 8 7 4 8 5 6 6 5 4 7
335 5 6 2 9 5 5 8 9 9 3
247 9 3 3 4 5 4 7 1 5 4
275 1 5 5 6 9 9 3 4 7 6
220 5 1 4 6 3 3 4 3 5 7
281 8 6 3 3 7 9 7 1 8 2
219 6 5 4 2 3 5 4 2 1 7
296 6 5 7 2 9 1 5 2 2 9
286 1 5 9 9 4 5 3 4 9 7
240 2 3 5 1 9 2 7 3 2 6
254 4 1 5 7 5 2 5 7 3 3
15
291 3 8 7 5 6 4 9 3 6 2
251 6 4 1 5 1 7 5 7 4 9
288 1 6 9 7 7 2 2 4 6 8
329 9 2 7 4 6 4 6 8 7 2
222 2 4 4 9 9 1 3 1 2 1
381 7 7 8 5 9 5 8 8 8 1
275 1 4 5 5 9 6 5 2 7 9
285 6 5 7 7 3 2 2 8 2 6
330 9 5 9 1 6 1 4 7 4 7
314 3 4 2 7 9 2 9 8 3 9
247 8 4 3 5 1 1 9 3 6 5
265 3 3 6 7 2 5 8 4 4 7
279 3 4 3 5 7 6 1 9 5 5
270 4 5 5 3 6 7 2 4 3 9
275 4 9 4 4 8 3 3 5 1 2
15
319 5 9 7 4 8 2 7 4 2 4
318 8 1 5 6 7 6 7 9 1 4
187 4 1 2 1 1 6 4 8 5 1
350 9 9 6 9 5 5 3 6 2 8
237 6 2 6 2 6 1 7 4 3 1
290 5 3 1 3 6 1 9 9 9 5
242 1 2 9 5 4 1 8 2 9 8
263 2 3 9 9 2 5 1 4 2 9
279 5 2 4 7 8 4 5 4 5 9
280 4 6 6 6 3 7 7 3 2 9
320 2 7 7 9 8 8 3 5 2 9
203 4 6 1 2 1 6 6 5 1 4
310 5 7 6 4 3 2 2 9 2 8
379 9 8 2 4 8 9 7 8 7 8
306 3 4 5 8 4 5 5 9 7 8
15
296 1 7 5 2 7 5 6 7 4 3
225 1 2 7 5 7 7 2 3 9 1
337 5 3 8 7 9 6 8 4 8 4
328 3 3 8 7 8 9 4 7 8 6
289 4 9 3 3 6 6 1 9 4 1
206 2 9 4 3 1 5 7 2 4 4
282 3 7 7 3 2 7 9 3 4 9
305 2 8 4 5 6 8 4 8 1 8
327 2 2 5 9 9 7 8 8 2 2
271 6 2 8 7 8 4 2 2 4 4
284 8 6 7 5 8 5 3 2 6 2
212 9 5 2 2 1 6 5 3 4 1
354 8 9 4 5 7 4 8 5 8 8
169 3 1 6 1 1 2 4 1 7 9
369 6 8 6 2 7 9 4 7 8 8
15
282 9 1 2 6 1 7 4 9 6 4
244 9 1 3 6 2 5 5 3 8 6
236 6 6 1 7 3 6 3 2 9 7
297 6 4 6 6 5 7 1 7 4 6
370 8 6 8 2 9 5 5 8 4 9
322 1 9 8 4 6 4 7 8 2 2
243 7 8 4 4 7 6 1 1 9 1
333 8 3 3 2 6 5 9 9 5 4
317 1 9 7 6 5 9 9 1 4 8
316 4 1 6 7 7 3 8 7 8 7
262 5 5 4 4 2 5 8 5 1 6
273 2 8 6 3 2 6 9 5 2 3
305 4 6 9 5 2 4 3 8 4 4
308 5 4 9 7 9 7 1 5 4 3
314 3 8 6 7 5 7 4 6 8 1
15
265 7 9 8 2 1 8 3 2 6 1
279 8 7 6 5 5 7 1 5 2 3
311 6 4 4 2 3 9 6 9 3 9
237 9 8 3 4 2 8 5 1 3 3
248 8 7 5 4 3 6 2 2 8 4
320 7 8 2 4 4 9 8 6 7 8
291 7 7 8 5 8 4 5 2 2 1
302 6 1 9 7 7 9 1 3 5 8
180 2 1 1 7 2 7 3 5 7 1
319 7 7 9 7 2 5 2 7 1 9
307 8 6 8 8 2 1 6 4 6 5
280 3 4 4 4 8 4 1 9 1 8
336 6 6 6 4 3 8 8 7 7 6
306 2 7 4 5 2 3 8 9 1 8
286 2 5 4 1 9 5 9 4 9 5
15
179 3 1 2 1 8 9 2 1 1 6
344 8 8 7 5 9 9 1 7 3 3
345 3 5 7 6 7 2 7 9 9 7
188 9 3 3 6 1 6 1 1 3 4
348 8 5 8 7 6 4 1 9 1 6
286 9 2 9 3 4 5 1 5 4 5
197 1 4 3 4 6 2 3 1 7 7
288 9 2 5 2 9 8 2 1 9 7
311 9 5 5 7 6 7 1 6 4 4
356 2 6 7 6 7 8 9 8 6 3
259 7 1 2 3 4 5 2 8 6 5
286 9 5 4 5 8 6 5 1 4 9
376 8 9 9 7 4 8 7 4 1 8
250 8 1 5 3 5 5 5 3 3 5
269 3 1 6 3 6 5 6 8 3 4
15
298 1 4 2 5 8 8 4 9 4 4
255 7 8 2 2 6 9 5 1 2 3
345 3 9 5 1 8 4 5 9 5 9
237 4 4 2 2 6 3 7 1 6 9
313 8 4 8 9 6 3 6 4 1 1
288 7 1 3 7 6 4 8 4 9 6
207 3 1 2 6 3 6 1 9 1 1
243 7 8 3 4 2 6 5 1 7 2
279 3 7 3 6 8 6 1 6 6 6
257 6 7 5 1 5 1 1 6 7 2
249 3 8 8 4 1 6 6 3 6 2
295 3 5 6 1 6 4 6 9 2 5
230 4 2 6 3 4 3 8 4 6 3
290 5 2 4 3 9 2 7 8 4 2
320 8 2 9 9 5 9 6 3 7 1
15
270 9 6 9 6 3 2 1 4 6 1
269 4 8 8 1 3 5 9 1 7 4
231 2 5 3 9 4 7 6 2 4 5
302 5 6 5 4 3 7 9 5 4 7
260 5 6 4 2 6 2 4 5 7 3
239 3 8 1 9 5 3 3 2 7 3
237 5 8 4 3 4 5 2 3 5 3
284 3 4 9 1 4 6 9 6 8 3
326 1 8 8 6 8 7 4 7 6 2
306 5 6 8 1 8 3 4 4 5 5
258 8 5 9 4 1 9 5 1 6 1
348 1 6 6 4 8 7 5 8 9 9
218 1 4 6 5 7 5 1 1 4 3
233 9 3 4 1 1 5 5 4 1 8
282 3 9 1 9 4 3 8 4 2 7
15
259 7 9 1 8 1 2 9 5 3 2
266 2 2 2 5 6 6 9 5 2 9
378 9 8 9 1 7 8 7 7 7 5
247 2 5 1 6 5 5 4 7 7 3
257 8 3 6 6 3 1 9 2 8 4
279 4 5 8 9 6 8 2 2 3 6
272 7 3 8 3 6 5 5 2 7 1
298 8 8 6 1 9 6 9 1 2 2
225 7 1 1 5 5 6 7 1 6 6
312 5 9 1 1 8 6 8 7 2 8
319 6 4 7 1 8 3 8 8 2 5
310 1 4 5 9 3 6 5 9 9 9
287 1 8 8 4 6 7 3 5 6 1
190 4 8 2 2 1 3 2 2 1 8
204 9 7 2 1 1 1 1 5 5 4
15
294 9 8 1 4 3 9 2 7 8 1
250 5 1 8 4 4 6 8 2 5 3
282 2 9 8 4 3 1 2 7 2 8
192 3 4 2 7 1 4 4 2 7 2
226 7 2 2 3 6 5 3 6 1 1
197 1 4 6 1 8 8 2 2 2 2
234 9 9 1 1 8 2 1 1 3 7
333 1 5 6 4 8 9 3 9 8 8
316 9 4 6 2 4 4 9 7 4 3
358 8 6 6 6 3 9 7 6 8 9
325 4 8 8 9 5 3 9 6 1 3
179 5 8 1 4 1 8 1 1 3 4
272 9 5 3 5 2 2 8 8 3 1
148 3 2 1 1 3 1 1 5 2 1
303 8 2 9 6 1 8 2 8 7 2
15
289 6 9 3 4 3 4 7 8 4 1
326 4 6 8 9 7 7 6 2 8 8
253 8 4 3 9 1 5 1 6 1 6
318 5 4 5 4 9 8 3 8 1 4
335 2 3 8 5 7 8 6 8 6 6
268 1 3 9 4 8 5 4 4 4 1
345 5 7 6 5 5 9 1 9 7 7
304 8 2 6 4 9 7 9 3 6 1
270 4 4 4 5 3 8 1 8 6 6
297 6 2 7 5 4 8 9 1 7 9
155 1 4 2 1 1 8 1 3 1 8
375 9 7 8 7 7 5 4 5 7 7
262 8 2 2 2 8 2 7 7 3 3
317 8 7 9 3 2 8 7 5 1 5
284 8 1 2 9 1 4 8 9 2 5
15
259 9 3 8 4 1 8 1 4 7 5
276 2 2 7 7 6 6 6 5 4 5
307 6 1 3 3 8 4 8 8 9 6
215 7 2 1 4 7 6 1 5 2 2
295 9 2 2 3 6 6 5 7 8 9
265 5 9 3 1 6 8 8 1 5 5
220 3 3 1 8 4 8 6 4 9 2
301 5 3 9 2 1 7 6 5 9 8
395 9 3 6 8 8 9 6 9 3 5
345 2 7 4 9 8 3 8 8 2 6
299 9 9 4 5 7 1 4 3 5 7
182 1 3 2 6 1 4 8 2 3 7
291 4 6 7 3 1 1 9 7 8 5
255 8 8 5 8 1 5 1 6 1 2
307 9 3 9 9 3 7 1 6 8 2
15
274 5 4 6 3 5 7 5 5 4 5
268 1 1 9 2 9 8 7 2 9 6
309 8 3 6 5 7 3 2 7 5 5
267 5 1 6 6 2 8 2 7 5 4
162 1 1 2 4 5 9 3 1 4 6
243 7 8 4 1 5 9 1 1 4 4
275 6 6 1 6 8 1 8 4 2 3
235 4 9 4 1 3 3 5 5 9 1
240 1 9 6 4 1 7 6 4 1 4
245 3 6 4 1 2 9 7 5 5 4
282 3 9 7 3 2 3 2 9 4 4
389 9 7 9 4 6 8 9 9 5 2
335 3 9 9 1 5 7 4 8 7 8
351 8 7 6 6 2 5 6 9 6 9
253 3 9 6 1 3 8 1 3 4 7
15
285 5 6 4 6 6 6 5 4 9 3
372 8 6 9 9 8 5 4 4 2 9
251 1 8 3 2 1 9 8 7 1 3
285 5 7 6 1 3 1 5 9 4 2
254 7 5 6 3 5 1 3 2 2 7
287 4 2 4 8 6 2 9 4 4 7
297 6 8 7 1 4 6 1 8 2 6
277 5 3 3 3 8 1 6 7 1 5
341 8 8 3 8 7 3 9 4 3 6
206 3 3 1 2 5 8 8 4 4 2
190 2 2 5 7 4 3 3 1 8 3
378 7 4 7 5 9 6 8 9 5 2
275 5 6 5 1 6 2 6 3 4 7
239 4 7 4 4 4 1 4 3 6 3
221 4 2 5 4 3 3 5 3 5 5
15
316 5 4 8 5 8 3 4 6 5 9
198 3 2 5 9 3 2 1 1 8 5
236 3 7 3 3 2 8 7 4 8 1
187 2 2 7 2 3 3 3 2 8 3
315 5 6 8 4 5 2 3 9 9 5
347 1 8 2 8 9 4 6 8 7 9
383 9 4 9 9 8 4 2 9 6 4
260 9 1 9 7 6 4 4 1 5 1
329 2 4 9 7 1 6 8 8 5 7
258 5 7 2 1 8 2 4 3 4 6
309 2 6 5 5 9 4 4 8 1 3
291 7 6 9 8 3 4 1 5 6 4
277 7 1 1 6 9 7 2 8 4 3
287 5 5 8 7 8 4 5 1 9 1
334 6 5 8 6 3 7 1 8 9 9
15
320 1 4 8 5 5 9 3 9 8 3
373 6 8 7 4 6 7 9 7 8 4
277 7 1 4 8 6 8 9 3 5 1
340 6 9 6 1 1 7 7 9 7 8
279 1 8 7 2 7 5 9 1 1 9
305 5 1 6 2 9 3 3 8 8 9
309 8 8 5 6 4 3 2 9 1 2
249 6 1 5 4 3 1 2 8 9 1
230 5 2 3 3 7 3 5 2 9 7
342 7 4 5 2 9 8 8 8 4 4
291 5 6 5 7 2 7 8 2 5 8
301 3 9 3 3 7 5 9 5 7 6
250 2 4 7 9 2 4 9 1 9 2
293 2 5 9 2 3 1 7 7 2 8
316 5 8 1 3 9 3 3 9 7 3
15
223 7 7 3 4 2 3 1 2 1 8
308 4 7 4 8 5 8 3 7 3 8
259 4 6 6 7 1 3 6 5 2 3
296 9 3 1 8 7 1 1 7 6 9
273 6 1 4 6 8 5 8 4 1 7
195 1 4 1 3 7 3 6 2 3 6
308 4 2 5 2 8 5 4 7 6 9
353 5 9 2 5 4 7 9 9 7 7
268 5 3 3 3 6 8 8 3 7 6
381 5 9 9 9 7 4 6 8 4 6
331 4 3 7 1 9 7 8 7 5 8
229 3 2 2 2 9 6 6 2 5 3
338 4 9 1 9 9 4 6 6 8 8
218 6 3 3 2 4 2 1 8 9 1
184 3 6 1 8 4 2 2 4 1 1
15
245 8 4 4 6 2 9 3 2 9 1
244 1 6 3 2 8 5 2 3 8 7
382 8 9 5 2 5 6 8 9 4 8
288 4 3 1 9 4 5 5 8 4 8
313 5 3 5 9 8 4 1 8 5 9
264 1 2 6 3 1 7 8 7 3 7
222 5 2 3 4 1 1 8 5 8 4
299 8 9 3 1 5 7 6 5 9 5
275 4 8 6 9 8 3 1 1 5 5
270 2 5 3 8 1 3 3 8 9 9
315 6 7 7 9 3 5 5 7 3 5
221 2 7 4 5 1 7 4 2 6 8
257 1 7 7 5 1 7 6 2 1 9
189 8 3 3 5 4 5 1 1 7 2
337 8 6 8 8 5 9 5 7 4 1
15
327 8 9 2 9 4 3 9 5 7 7
300 6 8 9 3 4 7 3 6 1 1
301 8 3 5 8 1 1 3 9 9 8
297 4 9 2 8 2 6 4 7 2 9
228 2 5 4 1 3 9 7 2 9 5
316 7 5 9 2 3 6 5 5 6 6
250 1 9 2 4 4 1 1 8 2 9
297 7 3 1 2 9 3 9 3 8 9
244 5 4 4 8 1 1 9 1 6 8
325 7 6 5 7 8 4 6 3 9 5
249 4 2 5 8 3 1 1 8 7 4
335 6 5 7 8 6 1 3 8 8 8
308 2 6 9 7 7 6 5 4 1 6
240 7 5 4 5 1 3 9 4 2 4
291 6 2 8 5 8 8 6 1 4 3
15
359 6 5 9 7 3 3 8 7 7 7
236 7 4 1 5 5 5 9 3 5 1
274 6 4 1 5 3 8 6 9 9 2
308 6 6 6 9 5 9 4 2 9 3
278 6 8 2 6 2 7 8 4 1 9
341 2 6 6 7 9 7 4 7 8 3
307 5 2 8 2 4 4 6 9 8 4
303 4 6 9 7 2 6 8 4 4 8
270 9 6 2 2 2 5 5 8 1 4
261 8 2 6 3 2 6 8 3 2 7
238 7 4 3 9 4 5 2 4 9 1
250 1 4 2 1 8 4 5 8 4 2
330 6 8 8 6 2 5 4 7 9 6
191 3 1 4 8 4 1 3 4 7 2
293 6 2 9 5 3 6 3 5 5 6
15
329 9 9 4 8 5 5 1 9 6 2
336 8 6 9 8 2 4 7 4 9 6
290 6 8 9 2 2 5 9 2 6 5
311 8 4 7 4 7 4 2 9 1 4
153 1 4 4 1 3 5 2 1 1 3
312 2 9 3 9 9 2 5 9 3 1
245 8 3 9 4 1 8 6 2 3 1
345 8 2 9 2 8 3 5 9 1 9
305 8 8 8 4 1 4 6 2 5 8
224 9 2 2 4 4 8 5 3 2 2
271 6 1 6 4 4 7 8 2 9 7
185 1 3 4 4 2 5 9 2 1 5
255 2 9 5 1 3 6 1 9 5 2
225 6 6 3 2 3 9 2 3 4 1
305 6 3 9 1 9 2 2 7 1 9
15
266 5 2 7 3 7 4 7 2 5 3
200 7 5 1 7 2 2 1 3 1 8
243 3 4 2 9 1 2 5 5 8 7
311 6 7 5 8 4 7 8 2 5 8
300 1 7 2 8 6 7 4 8 9 6
282 6 9 5 2 4 5 2 7 6 1
336 4 5 5 1 7 5 7 9 7 8
260 4 2 2 1 5 5 9 7 4 8
234 5 1 4 3 7 7 4 5 3 4
326 7 9 6 6 5 8 3 4 7 6
299 7 4 5 7 7 1 9 2 8 4
333 8 2 7 5 8 8 7 4 8 8
339 3 7 7 9 6 2 9 8 6 3
282 9 7 4 4 2 2 4 4 7 7
300 3 4 9 7 1 3 5 9 2 7
15
243 5 4 2 8 4 2 7 5 1 1
205 1 9 3 1 4 4 9 1 8 1
286 7 4 6 3 8 3 8 4 1 2
273 1 9 2 9 4 6 4 9 2 1
319 3 2 9 2 8 7 6 7 8 4
231 3 1 7 2 1 8 3 7 5 2
306 5 5 9 9 2 7 6 4 2 4
220 2 3 4 1 8 3 4 3 9 2
262 4 9 6 8 4 4 2 2 8 4
277 4 4 9 5 6 5 9 1 2 6
345 7 9 1 8 7 2 5 9 4 9
288 1 7 9 7 1 7 3 6 2 7
280 5 1 1 1 8 8 7 8 9 2
248 4 5 2 6 9 8 1 3 6 3
274 3 3 6 8 3 3 8 6 9 5
15
335 9 2 8 3 6 9 6 4 7 7
323 6 7 8 4 5 5 5 6 6 4
345 9 4 9 2 2 2 7 9 4 6
265 4 7 1 9 5 1 2 7 5 8
239 6 1 4 4 9 9 1 2 6 3
238 5 2 1 4 4 7 7 3 7 7
274 3 9 2 3 3 1 4 7 4 8
251 6 2 2 5 3 8 9 7 5 1
258 9 8 2 3 4 8 6 2 6 2
236 8 5 4 9 1 6 3 2 2 6
348 8 7 9 7 6 6 6 6 2 2
269 5 8 8 6 2 5 4 1 6 4
186 8 2 1 1 2 5 4 3 4 3
241 3 6 8 1 2 6 1 3 6 9
214 4 3 2 8 1 3 6 7 1 2
15
276 3 2 6 6 1 6 9 6 2 8
336 8 6 9 3 5 1 9 5 2 5
270 1 6 8 4 3 3 6 6 5 3
302 2 2 8 9 1 9 8 8 4 7
365 5 7 8 2 9 3 5 9 6 8
295 2 1 6 7 8 4 5 8 8 5
286 7 4 7 4 4 7 2 8 5 1
269 9 3 3 4 8 4 5 5 1 4
249 3 1 6 8 3 9 1 6 6 1
294 4 2 8 9 6 1 6 4 5 6
382 8 4 7 9 7 3 8 8 8 4
304 1 8 9 5 1 8 4 7 1 8
287 7 1 4 4 6 2 3 8 8 5
233 2 3 3 1 7 4 1 5 1 9
279 4 4 6 5 5 3 3 4 7 8
15
255 5 3 5 2 9 1 7 3 1 7
258 2 5 5 7 1 5 6 6 6 5
297 5 5 5 4 2 4 9 5 8 8
308 4 2 8 7 7 4 9 2 8 9
266 5 1 6 6 3 6 9 2 8 7
282 8 8 9 2 5 5 1 2 5 5
190 3 1 1 5 6 2 1 5 5 7
214 4 9 1 6 5 6 4 2 1 1
215 2 1 5 3 8 8 4 3 7 1
267 2 8 2 8 8 2 7 3 1 8
277 2 1 4 7 3 8 2 9 5 9
384 8 7 5 3 8 5 7 9 2 9
280 4 4 6 5 3 5 5 7 5 6
322 9 8 6 3 6 1 7 5 2 4
344 3 8 7 6 9 5 2 6 9 6
15
233 8 5 1 5 1 9 4 1 5 7
283 3 4 4 5 8 2 9 4 8 3
322 8 6 2 9 9 2 7 4 2 8
231 1 9 2 4 1 1 2 8 4 6
296 9 5 9 4 2 7 8 1 5 6
249 6 2 5 6 6 2 5 1 8 9
303 9 2 5 8 3 5 9 4 3 5
327 2 8 4 4 6 5 4 8 9 7
224 1 6 6 1 4 2 7 4 8 3
242 1 2 8 7 6 3 8 3 7 1
330 7 9 3 5 3 3 7 8 4 6
202 4 3 2 7 2 7 2 4 4 1
313 4 8 2 4 2 6 9 9 5 5
326 4 8 9 7 5 3 4 8 6 2
298 8 4 4 7 6 2 4 5 3 8
15
220 8 7 2 6 1 1 1 2 2 7
206 5 6 3 7 2 4 2 4 4 2
217 4 6 5 2 1 6 2 4 5 5
283 4 5 3 8 8 6 2 7 2 3
308 6 7 7 3 8 2 2 3 7 9
261 6 1 3 5 5 6 4 7 9 4
312 7 3 1 8 7 7 4 7 5 6
265 1 6 8 3 6 2 7 4 8 3
255 8 4 6 6 2 8 7 1 6 4
319 6 3 8 2 8 5 4 7 8 3
335 6 6 7 5 6 3 5 9 3 5
346 3 9 8 7 3 6 6 5 8 9
318 5 3 7 9 7 5 9 3 5 3
342 8 9 4 1 5 5 9 7 6 9
270 9 2 1 6 6 7 7 4 5 4
15
315 8 6 7 4 6 8 8 3 6 4
319 5 3 1 9 9 8 2 8 4 6
295 8 6 2 8 9 1 1 5 9 4
298 9 9 4 9 6 6 3 2 6 3
266 1 8 6 1 3 9 2 7 5 8
275 6 1 9 3 9 9 1 3 6 2
283 6 6 4 3 5 7 6 2 4 9
255 2 9 9 3 3 5 4 1 8 8
212 1 3 2 3 1 8 9 5 5 6
302 3 3 9 9 6 3 9 4 2 7
277 2 6 6 4 8 8 8 3 1 5
316 1 9 8 1 8 4 3 6 5 9
307 6 7 6 1 7 8 6 5 4 4
219 6 4 8 3 4 2 2 3 3 1
312 4 6 9 3 4 8 4 5 4 9
15
314 6 6 6 7 5 8 2 5 7 6
221 2 4 3 2 9 3 4 5 3 3
253 1 4 7 9 2 6 4 3 1 7
302 7 5 6 7 1 5 6 4 5 9
305 6 3 2 7 4 6 9 8 3 8
182 1 2 6 8 2 2 2 1 5 8
204 1 1 3 8 7 3 6 2 1 6
286 1 3 7 5 6 2 8 6 2 6
335 5 5 9 7 2 3 8 9 9 2
246 6 5 7 5 1 6 1 4 4 2
230 7 5 3 8 2 2 5 2 7 5
284 9 4 9 7 2 2 1 4 9 8
279 5 7 5 5 1 7 8 5 2 3
348 9 4 9 8 2 7 7 6 7 3
198 2 4 5 4 3 5 5 2 2 6
15
304 5 2 9 8 5 3 7 3 5 9
262 5 2 3 6 2 7 5 6 6 9
307 5 5 6 9 8 8 8 3 8 1
331 5 2 2 8 9 8 4 9 4 8
233 6 7 5 2 1 1 2 7 6 3
226 4 7 3 3 7 3 2 1 8 8
268 1 1 8 9 9 9 8 1 7 2
294 8 5 4 3 5 6 4 6 9 5
264 3 6 9 5 7 4 1 1 6 4
189 3 3 3 4 2 2 7 4 7 2
343 8 4 6 9 9 3 9 3 4 3
253 2 5 4 6 6 2 7 4 9 5
246 7 5 5 4 4 1 5 4 7 1
302 3 4 7 3 3 8 6 8 6 6
246 6 4 1 1 8 9 2 2 5 9
15
262 3 6 3 3 8 1 2 9 4 3
260 8 4 6 6 2 1 6 1 8 9
316 1 6 9 4 7 2 5 6 3 9
213 2 7 4 4 5 1 3 3 6 3
230 1 8 4 6 4 6 1 2 3 9
216 2 6 3 3 2 9 3 4 6 6
210 7 4 4 5 1 1 4 3 3 7
268 9 1 3 7 5 8 3 6 4 4
280 1 5 7 5 1 6 9 4 7 9
291 1 6 6 9 5 1 5 8 5 4
284 3 2 8 3 6 2 5 8 8 3
285 7 7 1 1 3 7 5 6 9 6
293 8 2 5 7 4 5 2 9 5 4
322 9 8 1 7 8 8 7 6 3 1
302 5 9 4 2 4 2 4 8 9 5
