100 15
500 500 500 500 500 500 500 500 500 500 500 500 500 500 500
15
485 8 2 5 3 4 8 7 9 9 2 8 2 8 4 1
412 6 9 4 3 1 5 4 2 5 4 7 4 3 5 2
546 9 6 6 1 7 7 9 1 3 4 9 9 7 8 7
418 6 6 6 2 1 6 1 4 6 1 9 4 9 8 8
463 8 8 4 8 4 1 5 3 1 3 4 9 9 3 9
481 9 4 7 9 5 6 3 4 9 2 3 1 7 7 1
489 3 7 9 9 7 2 9 1 2 9 6 1 2 4 7
491 6 9 7 8 8 8 3 3 4 1 2 2 7 8 6
445 3 4 8 1 8 3 9 7 7 3 5 3 2 7 6
483 1 4 4 8 7 5 9 5 6 3 7 4 9 2 7
596 7 5 4 9 1 3 7 7 9 9 6 9 7 9 8
394 2 6 6 3 5 1 1 7 1 9 3 7 6 3 3
333 8 2 3 2 2 5 5 3 2 1 3 3 3 8 2
367 2 1 1 7 1 9 7 4 8 2 1 1 7 5 8
487 5 6 6 9 1 2 5 1 7 9 2 9 1 9 7
15
409 1 3 6 1 2 7 8 3 2 8 6 2 7 4 8
372 7 2 4 6 8 3 8 1 1 1 7 5 6 1 2
410 8 4 7 4 2 8 1 6 2 1 7 8 1 6 2
430 4 9 5 9 9 1 3 1 1 6 1 6 1 7 9
518 2 8 1 2 9 2 8 7 9 6 9 9 4 5 1
428 2 6 9 6 5 4 7 3 6 1 7 4 5 4 7
482 5 6 7 1 8 4 3 8 7 1 7 9 3 6 7
528 1 9 9 2 3 8 9 3 2 9 7 7 8 7 4
550 9 8 8 8 3 1 8 4 7 5 5 4 8 2 4
430 9 8 2 3 3 3 8 3 2 1 8 6 7 2 5
552 9 6 1 9 9 2 7 4 5 7 6 9 9 1 9
482 3 4 5 2 2 8 8 7 7 6 7 8 5 7 5
458 6 6 7 2 9 7 2 6 4 6 2 2 7 6 6
437 5 2 2 9 6 4 2 5 5 8 6 2 5 9 1
486 5 1 6 2 2 3 8 6 8 8 2 2 7 7 9
15
468 6 5 5 8 2 1 5 8 3 5 8 2 6 7 2
367 3 8 6 9 1 1 3 7 1 2 5 6 4 1 6
462 7 9 6 2 9 5 4 9 5 2 1 2 3 5 7
511 8 8 4 2 7 2 7 7 3 4 9 4 8 5 3
566 6 8 1 9 5 9 6 9 3 6 9 9 9 2 3
491 5 8 2 3 3 8 4 7 8 9 1 7 6 6 4
521 8 6 7 3 8 9 8 2 2 4 3 6 6 8 9
337 2 1 4 6 1 6 2 9 3 2 5 1 6 8 5
521 9 9 2 3 4 8 2 7 8 5 7 8 8 1 3
581 9 2 8 7 5 6 1 7 8 8 8 6 8 4 9
516 1 8 9 3 9 4 5 8 1 9 8 2 4 6 4
453 1 7 1 9 9 4 5 5 3 7 8 9 2 5 3
526 4 8 8 6 8 9 1 8 2 7 5 7 3 8 4
403 7 6 3 4 1 9 7 2 5 1 3 9 7 2 7
510 8 7 3 6 1 5 8 2 7 9 9 7 7 3 2
15
571 8 9 7 4 6 7 7 9 9 7 1 8 4 3 5
462 8 8 3 2 4 5 4 6 4 7 3 8 2 8 2
508 7 1 6 7 1 4 9 3 3 8 2 9 5 8 6
509 2 7 8 3 3 3 7 4 9 7 1 9 9 7 6
343 8 3 4 2 4 1 2 4 4 1 1 9 4 8 5
432 3 5 8 1 8 4 5 4 9 2 5 1 7 7 2
467 8 6 3 8 7 6 3 8 2 1 1 7 4 8 3
447 8 4 7 3 5 6 7 4 5 4 9 3 2 1 8
538 4 4 9 9 1 6 5 9 7 9 3 1 8 6 9
432 7 7 7 4 9 8 4 1 1 1 7 8 7 1 4
388 1 4 3 6 6 4 7 5 6 1 7 2 8 2 2
359 5 3 6 1 8 1 6 1 3 2 7 2 3 7 7
394 5 6 7 8 3 1 6 6 1 3 2 2 6 1 7
446 1 3 9 1 9 3 6 9 6 2 5 2 9 6 8
343 1 4 9 3 7 1 4 4 2 2 2 2 4 9 4
15
489 6 3 9 4 3 3 9 7 1 9 5 2 6 3 3
384 4 7 3 4 8 5 1 7 1 4 2 1 2 8 4
459 9 3 3 2 6 9 3 7 4 7 3 3 6 6 2
480 7 9 2 6 3 8 1 9 5 2 3 6 6 7 7
347 6 1 3 2 2 6 2 7 4 7 4 3 3 4 4
379 4 6 7 6 6 9 1 1 1 4 6 4 4 1 9
409 9 2 8 1 4 6 2 3 3 6 7 5 8 2 1
513 3 4 7 9 8 2 7 3 5 7 1 9 6 9 7
436 1 9 1 9 2 2 8 2 5 4 1 9 8 6 1
369 5 4 2 5 7 3 1 3 2 6 2 4 5 3 6
527 8 4 4 6 3 3 5 9 9 8 4 3 6 4 9
327 2 2 6 4 2 2 4 5 3 3 6 1 3 5 1
552 7 9 3 5 2 7 8 7 7 9 3 5 5 4 5
469 8 3 7 2 6 7 4 8 1 2 8 6 4 7 1
364 4 2 3 5 4 2 6 4 7 1 6 2 1 5 8
15
351 3 2 3 1 6 8 9 4 1 4 8 3 3 3 6
467 9 9 1 3 9 9 4 9 2 3 8 2 1 4 3
567 4 7 8 8 6 5 7 7 1 8 5 3 6 5 9
515 8 9 3 5 7 7 3 5 4 6 7 4 6 2 7
433 2 5 5 9 7 5 7 2 5 5 4 3 5 4 7
491 3 7 4 1 2 2 9 9 8 5 8 9 7 5 6
378 2 1 6 8 8 7 2 5 6 1 6 4 6 5 3
423 5 4 3 5 3 3 6 9 4 5 3 8 6 1 5
594 9 9 9 5 3 7 9 9 7 7 3 6 2 3 8
427 4 9 3 4 8 6 6 6 6 5 2 5 1 1 5
490 3 8 6 1 4 4 2 7 8 8 9 7 9 6 2
404 8 5 7 5 2 2 3 1 4 1 7 8 5 3 2
434 9 3 2 9 8 2 6 4 4 2 1 8 2 4 9
541 9 7 5 7 8 8 7 5 8 7 6 5 1 5 3
478 5 7 9 3 8 9 7 3 3 1 5 3 7 7 3
15
534 9 1 8 3 4 3 6 6 6 9 7 4 7 7 2
523 4 5 4 9 7 8 3 6 2 8 3 2 7 9 9
460 1 6 7 6 7 6 5 6 4 9 2 2 5 1 3
433 4 3 7 5 4 9 7 1 2 3 7 2 9 5 9
412 2 4 3 2 4 8 7 9 3 5 7 8 2 3 4
458 8 4 1 9 1 6 5 7 4 6 4 5 6 6 3
373 6 4 3 6 8 4 4 6 8 2 5 5 1 1 1
394 4 5 5 2 1 9 3 3 2 9 1 8 6 6 3
543 4 9 5 4 7 9 8 9 7 3 4 9 2 6 1
418 1 4 7 7 4 1 3 5 3 9 6 8 4 3 8
469 7 7 4 2 8 8 3 3 3 6 6 9 5 7 5
483 6 3 2 2 5 8 9 7 9 5 5 4 5 6 5
419 7 5 1 2 8 8 6 4 2 7 6 2 1 7 4
565 9 6 9 2 5 8 8 8 2 7 6 8 2 7 8
419 7 2 9 7 3 1 7 1 9 6 1 1 4 2 3
15
427 2 1 8 5 5 8 6 2 3 4 9 7 5 2 7
489 8 5 7 9 6 2 6 1 1 7 8 5 2 2 7
427 6 1 2 7 6 1 8 1 9 2 5 6 9 2 1
569 2 7 8 6 9 8 4 6 7 8 9 3 9 8 4
469 4 6 3 8 6 1 2 1 6 9 8 8 5 5 5
352 1 3 7 2 1 9 2 8 7 2 6 2 2 4 8
479 3 3 8 9 3 8 6 2 2 8 8 8 8 2 4
392 6 5 2 6 2 9 8 5 1 3 4 9 3 2 3
478 7 8 3 7 9 9 1 6 5 4 5 8 2 5 9
527 9 9 3 8 1 4 9 5 2 9 8 7 2 4 6
326 4 9 3 4 7 9 1 1 5 1 2 6 3 1 4
549 9 3 4 5 4 4 9 4 5 9 9 3 8 8 8
404 3 7 3 5 8 6 6 9 5 1 3 7 2 3 3
468 5 9 8 4 2 4 4 7 1 7 7 8 1 5 6
446 2 6 9 7 6 2 9 4 3 2 2 8 9 3 1
15
331 2 2 5 3 1 1 9 2 9 1 3 7 2 5 8
387 8 2 1 6 5 7 4 2 1 8 2 5 2 7 5
505 4 7 3 9 4 9 8 9 5 2 2 7 6 7 2
476 7 6 7 8 3 1 1 5 3 6 6 6 4 8 8
524 9 8 8 5 3 8 2 8 5 6 8 6 7 1 4
503 1 1 7 8 9 8 7 6 4 6 7 7 4 9 6
439 7 3 6 8 1 8 1 4 9 3 1 7 8 5 6
536 9 8 2 6 4 8 3 6 2 8 5 5 8 7 6
408 1 4 9 2 7 6 4 2 4 8 1 6 4 5 4
434 6 2 1 8 2 1 6 7 8 4 8 5 1 9 9
448 5 5 3 6 4 9 7 5 1 5 7 9 7 2 1
505 7 8 9 8 6 4 2 9 4 2 3 4 6 2 3
407 1 8 1 7 3 5 8 8 5 2 2 1 5 3 9
432 3 2 4 8 3 9 7 3 2 9 7 6 2 4 1
494 5 8 8 5 3 4 5 2 6 8 3 6 4 8 7
15
548 9 8 8 7 4 5 9 1 8 1 4 6 8 4 8
438 3 2 5 7 5 8 4 2 5 8 2 2 5 8 6
371 4 8 4 2 3 3 1 4 8 8 1 8 1 1 6
422 8 7 5 5 3 4 2 5 7 1 4 4 7 5 7
584 9 8 4 9 3 7 9 6 3 7 9 3 8 1 1
385 9 7 5 2 2 3 7 6 4 4 1 4 1 1 6
538 9 9 3 4 4 8 7 9 2 6 5 5 6 3 5
375 3 4 1 4 9 9 6 1 2 5 1 9 6 2 6
441 1 2 7 3 8 3 9 2 4 6 9 3 5 4 3
450 2 4 9 2 1 3 6 5 1 8 4 8 7 6 2
440 9 2 5 7 6 7 4 2 7 5 4 5 2 6 8
425 9 6 3 6 8 8 3 5 1 1 4 2 9 5 6
516 4 3 7 2 2 3 7 9 6 8 7 5 9 4 5
409 8 2 7 1 1 9 4 8 1 4 2 1 8 5 5
488 3 7 8 8 3 1 7 3 9 3 8 3 3 9 5
15
443 6 4 5 9 3 5 1 4 9 6 1 5 6 4 5
450 9 1 3 1 3 4 7 4 3 6 8 9 9 3 5
476 1 3 6 9 5 9 6 7 5 6 6 3 2 7 5
516 6 6 9 5 2 3 9 8 2 8 3 7 1 7 5
409 4 9 4 3 8 3 1 2 5 5 3 1 8 1 7
430 3 9 9 2 3 3 4 4 9 3 2 1 1 9 7
334 3 6 7 2 4 2 4 3 1 3 5 2 2 1 6
462 6 4 7 3 8 5 1 9 5 3 9 5 4 4 1
453 5 6 3 5 6 2 4 9 6 6 1 5 4 6 1
480 8 9 7 4 3 7 4 5 8 4 8 1 9 1 1
414 4 6 3 2 7 3 4 8 2 4 5 3 3 4 8
478 4 9 3 3 5 5 9 2 9 9 4 2 7 3 2
538 5 9 5 8 1 5 7 5 6 6 9 6 5 4 2
471 6 4 7 9 6 6 1 9 2 6 2 5 4 7 2
508 8 8 6 9 8 5 8 6 5 3 2 7 3 2 5
15
497 7 8 8 3 3 4 1 5 5 8 1 6 4 8 4
573 9 8 4 8 9 7 7 7 3 5 6 4 2 9 8
440 3 6 1 6 6 3 8 9 3 3 8 8 4 2 5
470 8 9 3 3 9 1 5 6 8 4 3 2 2 1 9
396 7 4 4 6 5 2 1 2 4 9 5 1 3 6 6
479 5 7 6 5 7 9 7 3 2 1 5 6 6 9 6
404 1 3 1 6 1 3 7 7 7 4 8 9 2 6 7
451 1 6 1 6 6 6 3 8 9 6 1 5 8 3 2
423 3 4 6 7 9 8 1 5 1 5 2 4 9 3 8
596 7 7 7 7 2 5 8 8 3 6 7 5 8 9 1
481 6 1 8 7 2 7 1 9 6 2 8 8 6 8 1
479 6 4 8 8 5 3 2 2 7 9 7 2 6 4 1
524 8 5 8 2 6 7 6 6 6 3 1 9 5 9 1
433 4 4 7 1 7 9 1 6 3 5 9 6 1 8 6
395 4 3 6 5 3 9 5 4 6 1 4 3 7 6 5
15
486 5 8 6 6 1 8 9 5 2 9 5 1 1 5 3
465 4 4 6 9 9 2 3 4 9 2 8 7 4 3 3
356 1 3 5 3 6 1 8 4 1 1 5 3 4 6 4
534 7 8 9 5 5 1 3 7 6 4 9 3 6 5 7
360 8 1 1 5 6 9 1 3 1 5 2 9 7 1 1
439 5 6 8 9 4 3 2 6 1 4 2 2 8 3 1
499 9 9 5 8 6 8 2 3 5 2 3 4 8 8 6
470 2 8 1 3 1 6 7 4 7 7 3 6 9 6 9
486 4 5 7 3 4 9 8 8 8 2 2 9 6 2 6
466 9 6 5 6 7 3 3 4 1 9 1 4 9 2 1
499 9 7 5 7 2 8 5 2 5 9 2 6 2 5 5
422 1 6 4 4 1 8 5 4 8 8 1 6 5 3 6
468 3 7 2 4 3 7 1 9 5 6 7 3 9 6 4
353 3 3 4 4 3 6 4 7 2 1 4 9 2 3 1
574 5 2 8 6 8 7 9 7 4 6 9 9 5 4 4
15
455 5 2 5 9 3 5 5 8 8 3 8 3 1 5 2
443 4 7 1 8 5 1 3 4 3 2 8 9 9 7 6
399 8 3 5 6 3 3 2 2 6 1 8 9 7 3 9
537 2 5 2 5 7 5 9 9 7 7 8 8 5 1 9
451 3 6 2 4 3 3 1 5 5 9 4 8 8 6 2
442 3 3 9 9 3 3 8 1 1 5 9 7 2 3 1
310 1 1 7 1 3 5 1 2 1 2 9 5 8 6 9
387 4 2 8 5 1 1 3 7 8 3 4 1 5 3 6
434 1 8 2 1 9 4 1 9 5 5 5 8 7 6 4
478 5 2 3 7 5 9 2 8 6 3 7 5 9 6 8
396 1 1 7 4 3 8 7 4 3 3 1 8 7 6 2
447 2 8 4 1 3 7 6 3 6 8 4 9 3 8 2
366 8 4 1 6 3 3 7 6 1 1 2 1 2 2 9
466 4 7 9 8 5 8 7 1 3 8 6 1 1 5 1
529 3 9 4 9 6 5 6 7 6 8 7 7 2 5 2
15
568 7 3 8 9 8 2 8 5 3 9 4 1 9 7 1
438 1 2 8 2 2 9 6 2 6 9 4 4 7 8 6
356 2 2 3 1 9 4 3 2 3 4 1 9 3 8 9
427 5 3 5 3 6 8 1 4 2 6 9 4 7 8 6
403 1 2 8 6 1 8 5 9 3 7 1 4 6 1 8
405 1 7 5 8 1 5 8 1 2 7 3 5 2 1 6
503 8 7 3 8 7 8 6 2 3 8 2 3 8 3 2
405 2 8 7 7 3 5 1 3 1 5 1 5 4 6 7
401 1 4 4 2 8 2 4 1 9 7 4 9 9 1 4
414 5 5 8 6 1 4 7 8 3 1 6 5 5 1 2
427 3 7 7 2 8 3 1 7 9 1 9 2 4 5 2
477 6 3 7 1 8 4 5 3 9 7 4 5 8 3 3
558 5 5 6 3 4 3 7 9 9 8 8 8 7 4 5
493 9 4 8 2 5 1 8 8 8 6 6 5 1 2 5
414 4 8 6 7 9 3 4 1 6 8 1 2 1 2 7
15
374 4 3 3 2 1 5 1 7 3 4 4 9 8 5 3
504 5 9 4 5 6 1 8 4 6 3 6 6 9 8 4
407 6 5 7 4 7 1 7 2 6 1 9 5 2 4 5
352 2 1 5 3 6 5 1 2 9 4 6 7 7 4 3
305 3 5 2 9 4 3 1 1 4 4 7 1 2 1 1
500 9 9 4 7 7 2 1 3 2 9 8 6 5 6 4
405 3 1 6 3 7 2 9 5 5 5 2 4 7 3 6
566 4 7 7 5 8 8 9 8 8 2 4 7 8 9 5
409 4 3 1 8 3 6 4 1 8 4 9 4 4 6 3
489 8 3 6 5 8 1 1 5 8 6 7 9 6 1 7
432 6 4 8 1 8 1 2 4 6 1 7 4 8 6 3
381 2 4 3 1 1 4 5 3 9 7 3 4 4 6 4
467 5 7 6 6 8 3 3 6 4 7 4 2 3 8 7
445 2 2 2 8 1 7 4 7 8 8 9 3 6 6 1
474 4 8 7 6 4 1 8 5 8 4 3 9 1 6 6
15
468 7 3 2 7 7 6 7 9 1 3 3 2 3 8 9
418 8 1 5 8 5 3 3 4 7 1 5 6 8 2 1
354 3 4 5 4 3 8 3 5 9 2 1 5 2 3 4
415 7 6 6 5 1 1 2 5 5 6 9 2 6 2 1
416 2 9 4 9 3 4 5 3 2 1 4 9 4 3 7
562 8 9 5 2 7 5 8 9 5 8 7 3 6 3 1
415 6 8 7 4 5 1 1 2 3 5 4 5 3 6 9
461 5 7 9 2 6 8 3 5 3 3 5 8 3 6 2
444 9 4 4 4 9 4 1 6 6 4 3 4 2 5 6
443 9 2 1 5 9 2 2 8 5 5 9 7 4 2 2
407 6 8 1 1 8 7 2 7 1 9 1 7 1 2 9
334 7 1 1 2 5 2 6 5 6 1 5 6 2 4 4
451 8 3 9 5 8 1 2 7 2 4 9 1 3 3 2
298 5 4 9 1 2 9 1 2 3 1 4 2 4 3 6
338 1 7 8 1 1 3 2 5 9 1 4 5 5 3 6
15
452 6 5 7 3 9 2 9 2 3 1 4 5 3 9 9
399 4 7 2 8 6 4 2 6 6 1 1 9 7 2 4
426 9 8 5 7 1 1 5 1 3 1 9 3 9 4 4
397 2 2 7 1 7 4 1 4 8 9 7 2 9 1 6
359 4 1 1 9 4 3 9 3 5 3 3 7 4 1 7
466 7 4 9 3 9 6 8 2 5 5 6 4 2 4 5
387 2 9 3 3 1 5 2 3 7 6 8 1 6 6 7
463 6 7 6 8 1 7 3 4 4 4 5 9 6 7 3
519 3 8 2 8 9 5 5 9 9 8 9 3 2 1 2
380 3 1 5 1 3 7 7 1 6 6 9 7 4 1 6
404 3 9 2 6 4 6 5 3 8 6 3 6 1 3 5
488 6 1 1 1 4 5 9 4 2 8 8 8 9 6 6
422 9 4 9 2 2 6 3 8 4 2 7 3 1 2 2
332 5 3 2 7 9 1 6 2 3 1 4 5 3 2 8
416 2 2 6 2 8 3 7 9 2 2 9 5 8 1 1
15
432 4 9 5 7 4 1 9 1 5 2 5 9 2 5 7
533 9 1 3 1 8 5 8 7 5 9 1 7 8 3 7
518 7 4 6 6 7 8 5 7 3 8 9 6 5 1 2
483 8 9 2 7 6 3 6 4 2 5 4 8 5 5 6
476 2 5 6 7 8 3 7 4 1 8 1 9 8 2 3
417 2 4 7 6 5 6 5 7 6 1 2 8 2 9 7
475 2 6 5 7 1 5 1 8 6 7 6 6 9 4 4
468 3 6 4 6 2 5 3 6 9 9 8 5 6 1 4
470 1 8 2 8 4 7 8 8 8 2 2 9 1 9 1
425 3 6 2 5 3 9 6 6 4 2 9 4 7 2 6
380 4 5 2 6 7 1 3 2 8 2 4 4 2 8 5
493 5 6 3 9 2 8 4 7 6 8 4 2 9 4 6
495 7 2 7 6 6 7 3 6 8 7 3 6 6 1 7
444 3 4 7 9 9 6 2 2 6 2 8 3 9 5 1
381 9 2 1 9 3 3 1 6 2 3 4 3 8 2 4
15
516 5 2 8 8 5 8 8 7 9 1 5 9 1 9 3
368 7 2 3 3 3 3 3 3 5 4 7 8 5 5 6
493 3 9 8 5 5 7 9 4 6 3 7 3 2 9 2
463 1 1 9 8 8 7 2 2 7 9 6 4 7 4 7
519 3 9 6 2 4 5 8 9 9 2 8 9 4 6 3
394 6 3 6 6 4 3 3 7 4 2 5 1 2 6 7
559 8 7 2 6 9 2 2 9 4 7 9 9 4 8 3
425 8 6 4 5 1 6 1 1 8 2 8 2 7 9 3
372 5 8 4 5 4 5 2 4 8 1 7 3 3 3 3
450 2 3 7 9 4 2 5 7 4 1 7 8 4 9 6
415 4 3 6 3 3 8 5 4 5 5 2 4 9 7 4
457 7 7 6 9 3 1 6 2 6 1 5 5 3 7 6
602 5 7 6 5 2 6 9 5 9 9 8 8 9 9 3
504 5 9 1 6 2 7 7 9 7 5 8 3 3 6 8
407 1 9 9 2 6 6 2 3 8 2 6 5 2 2 8
15
543 6 6 3 9 5 8 6 9 7 6 9 8 3 3 7
380 3 2 2 6 4 2 2 7 8 1 9 1 7 7 5
509 9 3 7 6 6 7 7 2 4 9 7 8 1 3 8
493 6 2 6 7 8 8 6 3 4 8 9 2 7 2 3
384 3 7 1 7 3 8 3 1 6 3 9 1 2 7 9
413 9 6 4 7 6 2 7 2 1 1 2 3 6 3 3
451 7 3 7 3 8 2 9 2 1 3 8 1 8 3 6
532 7 5 7 4 2 5 9 8 3 4 8 4 4 8 9
427 3 8 4 5 4 9 3 5 2 8 9 8 2 1 4
576 5 9 9 9 7 2 7 5 8 5 3 1 9 8 9
391 5 1 6 1 1 7 7 9 1 6 4 4 1 5 1
441 9 7 1 1 7 8 2 5 2 9 4 1 9 3 4
510 3 9 7 5 2 4 7 7 9 5 3 1 5 9 1
305 1 6 2 2 3 5 3 5 2 1 2 7 3 5 8
327 1 7 2 2 1 3 3 4 9 4 3 4 7 2 2
15
320 3 5 3 1 2 9 1 8 3 2 4 1 5 8 1
382 4 7 9 2 2 8 1 3 9 4 1 3 1 5 5
371 4 2 2 2 3 5 6 2 4 6 3 8 9 2 6
432 1 6 2 8 7 1 8 8 4 1 8 3 2 7 8
494 1 9 6 1 8 1 8 9 1 7 6 5 2 8 1
256 2 2 1 1 7 8 4 6 1 1 1 3 3 2 6
282 2 2 1 2 8 4 1 5 2 3 3 2 3 7 3
448 6 5 6 9 2 7 3 5 3 1 7 4 8 8 9
463 6 1 8 1 8 2 8 7 2 2 9 4 4 7 2
506 7 4 6 3 8 9 7 4 5 1 9 4 9 5 1
498 8 8 2 9 9 6 4 7 1 3 6 9 4 6 4
380 6 3 4 8 4 5 3 5 2 2 2 2 3 5 9
339 4 1 3 8 1 4 7 2 8 1 1 1 6 1 7
465 5 8 3 5 7 7 3 4 2 7 2 7 9 5 6
398 6 6 5 2 9 7 2 4 3 5 9 1 5 2 5
15
561 6 7 5 5 9 5 9 4 6 8 1 7 6 4 7
502 3 8 7 1 2 4 4 4 9 9 8 6 8 4 9
537 8 1 3 9 7 5 9 3 8 6 2 5 8 8 5
421 2 5 2 5 8 7 7 6 4 4 4 5 4 4 6
339 6 6 5 4 1 1 2 2 1 7 6 6 3 2 2
563 2 8 5 8 9 7 5 8 4 7 6 9 9 2 9
432 6 3 3 8 8 4 6 1 8 3 3 8 3 7 6
531 5 5 9 2 8 3 8 4 7 7 2 9 5 4 9
471 2 2 9 8 8 9 5 3 5 3 6 4 8 6 5
432 3 6 1 1 5 4 7 7 3 5 5 8 6 9 3
364 2 5 1 1 5 4 5 3 7 5 4 1 7 5 6
402 7 5 2 3 7 7 4 2 4 7 3 1 1 5 5
413 9 1 2 8 3 2 5 1 9 9 5 6 1 5 1
388 2 8 1 6 6 6 2 8 4 6 6 2 1 6 2
557 6 7 4 7 8 2 8 5 7 9 1 5 3 7 4
15
508 7 3 5 8 3 3 4 7 3 8 8 3 4 8 6
585 5 9 7 3 9 3 7 6 7 9 6 6 4 8 3
473 4 5 4 2 4 7 8 6 3 9 5 8 3 3 4
486 5 5 3 9 9 1 5 3 9 9 7 4 3 3 2
482 4 8 8 2 4 6 5 2 4 8 6 4 9 3 6
450 9 3 2 4 1 5 1 6 7 8 6 2 7 5 9
415 7 3 7 8 2 2 2 6 7 7 2 6 2 1 2
387 8 1 1 4 6 1 7 4 9 3 3 8 2 3 5
480 3 8 3 3 8 6 7 5 2 6 8 8 6 9 1
432 7 4 1 7 5 6 3 6 7 8 5 6 2 1 4
412 8 3 4 2 5 5 2 6 4 3 4 4 9 7 2
374 4 2 7 3 4 8 2 5 1 4 2 4 8 5 3
414 5 7 4 5 5 3 3 9 2 3 8 8 2 4 4
401 2 1 5 5 2 9 7 6 9 1 7 1 4 4 5
460 8 2 9 5 2 2 7 4 5 4 4 3 5 5 1
15
448 2 7 6 1 6 1 7 5 1 3 7 7 7 8 2
514 2 7 7 7 9 8 4 9 5 4 7 3 6 4 7
385 4 8 6 5 2 8 1 6 5 1 1 3 8 8 1
447 4 2 5 2 2 6 7 7 9 2 9 1 9 3 8
462 5 3 7 3 1 8 7 2 5 4 1 9 8 9 5
458 5 2 3 6 6 1 9 9 5 8 2 1 4 4 9
512 5 9 2 7 8 2 9 1 1 8 3 7 9 3 4
417 4 1 8 6 3 8 2 3 5 3 7 9 9 3 2
459 7 5 4 8 3 5 2 6 2 8 7 4 4 8 3
393 4 5 7 2 2 3 8 2 1 4 8 2 7 4 1
343 3 1 5 1 2 5 5 5 2 3 7 6 4 7 8
515 3 7 7 4 6 2 7 9 6 4 1 9 6 5 4
506 4 3 6 7 3 7 6 4 1 8 7 9 8 4 8
510 7 9 8 9 3 6 4 1 9 2 1 2 8 6 8
414 6 3 6 5 8 6 6 6 2 3 1 7 3 2 8
15
495 1 7 7 7 4 3 4 8 6 4 8 6 6 6 3
448 5 9 9 5 3 9 2 5 3 2 8 1 8 5 2
576 9 9 6 3 9 1 9 5 1 9 8 8 5 4 6
402 4 9 6 4 2 2 3 7 4 3 7 4 1 7 7
463 5 2 5 9 4 4 7 7 2 4 7 4 4 2 9
454 1 9 6 4 7 8 9 1 7 2 1 9 8 2 7
464 2 3 8 8 7 5 3 3 5 8 7 9 2 2 2
419 2 7 9 7 1 2 3 3 6 5 4 4 4 4 4
401 7 3 4 3 3 4 2 4 4 1 6 9 7 6 4
486 4 8 5 5 3 7 7 6 1 1 9 8 7 9 1
384 5 1 8 4 2 2 1 7 3 4 9 6 8 3 3
454 4 7 3 9 1 1 6 1 3 6 9 2 8 7 8
341 3 8 1 2 2 7 4 1 1 8 4 6 5 4 1
403 8 1 6 3 9 3 2 1 5 4 2 7 4 7 2
458 4 4 1 8 6 6 8 8 9 3 1 7 2 8 2
15
552 7 9 2 9 4 2 8 8 4 3 9 6 8 4 1
373 2 6 3 2 5 4 1 1 2 5 5 9 9 3 4
398 9 3 1 3 1 7 4 7 7 3 2 4 3 4 6
382 8 7 1 4 7 2 4 1 4 1 4 9 4 3 1
437 4 8 2 2 9 4 2 9 3 5 3 3 4 9 9
355 4 2 4 1 6 7 1 4 6 1 3 4 9 2 7
431 2 4 6 4 8 5 9 9 4 1 6 9 4 1 5
432 8 4 1 7 5 1 2 1 6 7 8 9 9 1 9
447 8 3 4 2 5 2 6 6 3 5 3 4 5 9 4
467 1 8 9 4 2 8 6 5 8 3 1 8 8 1 5
369 2 2 3 4 3 6 7 1 8 8 2 2 3 1 4
344 4 1 2 2 4 6 1 1 9 9 3 1 4 3 4
465 7 2 4 6 4 6 9 6 8 1 5 7 3 1 9
513 4 8 7 3 7 8 9 4 7 4 9 2 8 4 3
435 8 9 1 1 3 4 9 6 4 3 3 5 3 2 5
15
464 7 3 8 9 4 8 3 5 1 7 7 3 1 5 6
589 8 9 2 9 6 7 9 8 6 5 6 2 7 9 1
452 4 3 5 8 4 9 8 3 7 8 3 3 6 2 3
432 5 7 5 3 2 2 6 9 3 5 2 9 3 1 1
503 4 5 9 6 6 9 6 4 7 3 8 8 2 6 2
411 6 1 4 8 4 4 1 7 9 1 8 7 2 8 7
535 9 6 4 6 4 3 7 4 9 7 9 2 5 1 8
365 9 1 9 1 4 5 5 1 4 1 4 9 3 1 4
546 8 4 5 9 9 9 5 8 9 3 4 9 1 4 9
447 5 1 3 5 4 3 8 7 6 2 2 5 8 7 8
483 5 4 1 9 5 5 6 5 9 7 7 5 1 5 7
583 5 6 8 8 7 7 8 3 8 9 7 3 9 3 9
332 2 5 6 1 4 5 1 5 9 4 3 3 1 1 5
524 7 7 8 8 8 3 3 8 5 4 3 9 7 2 6
488 3 6 9 4 2 7 2 8 4 7 1 2 8 9 5
15
408 2 9 4 2 8 6 7 9 4 1 4 1 5 2 3
406 9 3 2 7 1 6 2 5 5 2 7 7 5 4 8
542 7 6 9 3 9 4 4 4 1 8 9 4 7 9 5
453 6 7 1 6 4 1 4 2 9 6 1 9 7 4 4
552 9 7 7 9 7 6 2 7 6 7 7 4 6 2 2
462 3 6 7 7 1 2 5 4 2 7 9 4 4 6 3
380 7 1 2 1 9 8 3 2 1 6 8 2 6 3 5
423 7 3 6 3 4 9 3 4 8 3 1 6 7 3 6
377 5 3 6 4 9 1 2 3 9 1 5 1 4 7 5
423 8 8 6 3 1 9 4 5 2 2 3 2 5 3 7
435 3 3 9 7 1 5 3 7 3 4 7 7 4 7 6
356 4 5 2 4 3 5 8 1 3 1 7 1 2 6 8
426 3 4 4 7 6 9 6 1 2 5 9 8 4 6 2
502 7 5 4 9 3 4 9 7 2 3 1 7 6 7 3
449 4 4 7 2 9 3 7 7 1 1 4 9 9 8 1
15
499 7 1 4 7 2 8 6 9 4 9 9 4 6 5 3
439 6 4 9 5 4 3 7 3 4 4 5 2 5 8 2
399 4 8 1 4 4 6 2 3 4 5 8 7 2 9 1
389 5 1 3 4 2 8 1 5 9 5 8 1 3 7 8
491 8 3 6 1 4 2 4 8 2 9 9 9 5 5 8
510 8 8 4 4 1 9 8 5 4 8 1 8 2 7 2
462 9 2 9 2 3 8 9 2 4 4 3 6 5 3 9
509 2 8 5 4 2 8 9 7 7 3 8 1 4 9 7
432 5 8 3 3 8 3 8 5 5 5 6 1 1 2 7
568 1 8 6 9 1 3 5 8 8 8 7 9 5 9 2
409 5 8 4 6 4 7 2 5 3 2 3 5 5 8 6
538 2 6 2 6 4 7 9 7 8 5 9 8 5 6 7
362 4 1 1 7 2 5 3 7 9 3 2 3 2 3 9
426 5 2 3 5 9 6 5 2 2 7 2 9 7 6 1
423 4 9 1 8 3 8 1 9 2 5 3 2 4 5 5
15
484 2 8 7 7 5 7 4 3 1 9 8 3 5 5 4
486 9 6 5 8 6 2 3 4 5 6 8 3 6 1 9
533 4 6 4 2 8 1 9 1 8 5 7 7 9 9 7
420 6 4 2 7 9 9 7 4 4 2 3 2 4 5 1
520 9 3 6 7 2 3 9 5 3 8 5 2 7 7 2
498 4 6 6 8 7 5 4 4 1 9 1 9 7 4 4
475 7 6 8 2 9 2 1 3 7 4 7 8 8 4 9
494 3 4 3 4 7 8 5 7 5 4 9 7 9 3 9
509 7 1 5 3 5 5 4 9 5 6 3 9 6 8 9
453 6 1 8 3 5 5 5 2 5 9 3 3 3 9 5
436 5 2 5 9 2 1 7 9 2 7 8 1 1 3 9
508 6 4 9 8 4 9 5 2 8 4 7 2 6 5 5
416 3 5 2 1 2 6 3 4 5 6 7 5 8 7 7
485 7 4 5 4 1 5 3 6 7 9 1 2 9 8 8
486 9 8 3 7 8 2 2 4 7 8 1 2 5 6 8
15
397 9 1 6 2 3 9 3 7 5 7 1 5 2 2 5
437 9 5 5 3 3 9 2 2 3 8 7 3 8 1 8
403 8 2 8 7 3 2 4 4 1 3 6 8 1 3 1
400 4 4 1 6 8 6 6 5 2 1 2 3 7 4 7
455 6 9 1 2 7 4 8 4 8 1 7 5 7 1 6
515 5 7 4 5 9 1 4 6 8 7 3 5 7 3 5
414 3 6 7 4 3 1 2 1 8 9 9 3 2 7 7
458 7 6 6 1 9 1 1 9 1 4 4 6 7 7 5
497 7 4 6 5 9 4 7 1 5 4 4 2 7 9 4
547 7 9 2 6 2 8 7 8 5 7 7 7 3 7 8
444 6 1 2 8 4 9 8 2 5 9 5 2 1 2 6
443 6 9 6 8 3 8 4 2 5 4 6 4 3 5 1
421 6 5 4 1 1 1 3 7 2 4 9 8 8 9 4
362 2 2 5 4 5 7 5 4 4 8 4 5 1 4 2
302 1 4 1 1 4 7 3 6 8 2 8 1 2 4 4
15
437 4 3 3 7 6 6 9 6 2 4 4 4 4 5 8
567 7 3 8 7 9 8 3 9 9 6 6 5 5 6 8
416 4 8 2 9 1 9 2 7 1 3 7 7 1 5 4
583 9 9 7 4 3 7 7 7 8 3 8 9 2 8 2
495 7 4 7 8 7 7 6 1 2 9 2 1 2 6 7
473 6 6 7 2 5 1 6 5 5 6 7 7 4 4 9
487 5 4 8 4 6 2 6 6 6 4 1 8 7 3 7
493 7 7 6 4 3 7 7 7 1 6 3 5 4 7 6
492 7 6 8 2 3 6 5 4 4 5 9 7 6 7 1
467 4 9 5 8 9 9 1 8 4 1 2 3 9 6 7
457 8 4 6 5 2 6 2 8 1 9 1 9 2 7 8
467 3 7 7 3 7 5 2 5 3 9 4 3 8 5 3
371 3 9 2 9 1 4 1 2 7 4 5 1 1 6 1
471 1 3 9 5 2 1 7 9 8 7 2 6 5 6 5
471 3 8 4 3 8 9 1 5 6 5 2 8 9 9 2
15
443 2 6 4 2 7 6 3 2 4 8 9 7 7 5 8
437 8 4 4 8 6 7 7 5 8 2 8 1 1 4 3
294 2 2 1 3 5 8 2 6 6 3 1 3 2 4 9
572 8 3 7 9 8 8 9 4 5 5 9 1 5 5 9
523 9 4 3 8 9 9 3 7 8 1 9 9 4 9 6
451 1 6 1 3 6 9 1 6 4 9 7 4 9 9 5
405 2 2 2 9 6 5 1 4 2 6 4 6 9 9 3
490 6 6 5 1 6 2 3 9 9 7 6 6 5 2 5
518 5 7 5 4 9 3 9 4 4 4 9 9 5 6 2
475 5 8 5 4 2 7 7 4 4 7 5 8 3 7 1
420 3 6 4 4 9 2 6 2 6 1 7 4 3 8 9
478 7 7 9 9 3 6 6 5 5 3 5 2 2 6 8
356 4 5 7 1 1 2 5 1 4 1 6 7 9 3 8
403 6 3 7 4 2 2 4 9 3 1 6 4 3 3 8
569 5 1 8 8 7 9 6 9 7 7 5 5 8 4 9
15
523 7 6 6 2 5 8 5 9 1 6 3 6 8 7 9
399 1 8 3 3 5 5 6 4 1 7 7 6 2 3 4
409 5 8 2 1 3 5 6 2 7 4 6 2 3 9 3
451 2 2 4 2 9 9 6 6 2 8 6 8 5 5 9
568 5 2 8 7 8 6 7 9 8 8 7 6 3 1 9
476 6 4 1 4 1 8 8 7 8 9 6 5 3 3 7
487 9 5 7 2 9 2 2 6 1 5 8 8 8 3 6
358 3 3 5 5 2 1 5 9 4 1 1 2 3 9 1
494 5 7 7 6 6 9 2 7 8 6 5 4 2 5 8
514 4 9 5 8 7 9 8 4 4 5 5 5 4 2 3
615 6 6 5 8 7 6 7 9 2 9 8 5 9 6 1
503 8 5 8 6 8 3 2 5 8 7 6 5 8 2 3
366 1 7 5 1 1 2 9 5 4 1 3 7 2 8 7
518 9 2 9 8 4 3 4 9 1 8 3 6 6 5 6
569 4 8 9 2 6 7 1 9 6 8 9 2 7 9 4
15
336 2 7 2 4 2 2 8 7 5 1 2 2 3 4 7
522 6 7 3 6 2 5 9 2 5 8 3 7 6 7 5
515 5 8 1 7 7 5 6 4 8 2 9 7 8 9 4
272 5 1 3 3 3 8 4 3 1 2 2 6 2 2 7
465 8 3 4 1 6 5 9 4 5 4 3 3 8 3 5
460 3 2 2 7 9 2 5 6 5 9 7 2 6 2 7
412 5 3 6 2 7 3 2 8 5 2 8 8 2 3 4
416 2 5 6 8 7 4 5 3 5 5 2 4 4 1 6
462 6 2 7 7 5 9 9 1 5 2 7 9 6 2 3
518 9 8 2 3 4 5 2 8 5 9 5 6 5 6 5
520 7 3 8 4 4 7 6 7 5 2 5 6 7 8 9
379 1 6 7 7 2 4 2 9 9 4 1 4 1 1 7
428 9 6 1 8 7 4 3 2 7 2 1 6 6 2 7
537 3 9 9 1 9 8 9 2 1 7 7 7 4 8 6
447 6 2 3 9 1 4 3 7 8 6 4 3 6 7 6
15
437 7 3 7 1 5 6 2 5 8 7 2 6 7 4 5
518 4 5 1 7 8 8 6 8 7 8 9 4 3 2 3
388 2 1 6 6 8 1 3 7 5 3 6 3 2 9 1
561 9 7 9 8 1 6 8 7 5 5 7 3 3 2 7
460 5 9 7 8 9 5 4 4 3 6 6 6 1 2 2
448 5 5 5 2 6 9 1 8 5 1 1 2 9 9 9
527 5 7 9 4 6 5 6 8 2 7 7 1 5 8 6
363 1 9 3 3 5 3 4 7 5 3 1 4 3 5 7
333 3 4 3 6 5 1 4 7 5 2 8 2 2 1 4
532 9 6 7 4 9 4 8 6 1 5 7 3 4 7 4
590 9 9 3 9 7 6 8 6 6 7 4 3 2 8 9
510 5 4 6 6 8 2 8 8 4 6 8 1 6 2 1
417 9 6 6 9 2 7 4 1 7 3 3 3 2 3 7
368 2 1 5 8 9 6 3 1 1 3 5 3 9 3 8
464 2 8 8 6 6 9 6 4 7 1 6 7 5 3 8
15
465 7 2 9 8 6 6 2 9 1 2 7 4 9 2 8
464 4 3 7 4 4 6 5 3 2 8 9 4 6 6 4
383 2 3 1 7 3 5 6 4 9 4 1 9 8 1 2
488 2 9 4 7 3 3 4 4 5 8 4 9 9 4 2
507 2 7 5 6 8 9 7 8 3 6 9 9 1 2 1
545 9 5 5 8 1 7 9 9 6 6 6 9 2 4 8
451 4 6 3 3 8 3 5 7 3 9 5 2 2 8 5
543 3 4 6 1 5 6 8 9 8 8 9 5 7 5 9
395 1 9 3 3 7 4 2 3 9 3 7 2 5 8 3
464 7 5 6 2 2 5 3 5 8 4 7 9 8 5 7
490 2 6 9 2 3 7 7 4 9 6 6 9 5 3 5
525 9 4 7 4 3 4 2 7 5 9 7 3 9 7 7
491 4 9 5 6 8 5 5 2 5 4 5 5 7 6 3
495 2 5 1 8 8 4 9 1 8 9 2 6 9 6 7
461 8 5 4 8 6 4 7 4 8 2 9 1 2 3 5
15
383 9 4 4 1 6 6 5 6 1 2 5 5 2 4 4
525 9 6 2 5 3 7 7 9 3 8 1 4 6 4 8
492 8 5 5 7 8 6 2 8 3 5 3 3 6 5 1
591 9 4 8 9 8 9 6 9 2 6 8 8 7 2 1
494 3 4 5 8 8 5 5 8 9 6 4 2 5 4 9
419 2 8 6 4 4 5 2 1 9 5 2 2 7 6 4
477 5 2 4 9 7 9 3 4 8 7 2 3 7 3 7
473 4 8 6 3 1 5 7 2 7 7 7 8 8 4 4
500 8 6 2 6 2 2 8 2 4 7 7 9 7 8 8
383 2 7 7 2 2 9 8 2 3 1 7 5 3 8 5
355 1 6 1 5 1 7 3 3 6 6 6 3 5 4 5
519 5 7 5 9 7 4 1 9 7 8 9 3 7 1 4
367 3 9 1 3 6 2 2 6 3 1 7 7 6 6 4
399 7 2 1 4 7 7 2 4 5 3 5 3 8 8 9
529 5 6 9 7 5 6 9 5 4 6 6 2 8 1 5
15
445 7 2 7 9 6 2 2 6 3 3 4 5 5 5 2
439 2 8 2 7 6 3 7 5 2 1 7 9 5 8 1
524 9 6 6 3 3 6 3 8 6 5 6 8 4 7 2
433 3 9 8 8 2 5 7 3 1 2 5 6 3 8 4
493 4 8 4 8 1 2 9 8 3 6 5 8 3 2 7
463 2 5 3 5 8 7 9 1 5 3 6 4 8 9 1
480 4 8 9 5 3 1 6 8 4 5 6 3 6 3 6
458 6 5 3 6 7 4 4 2 9 8 2 5 3 3 7
412 2 7 9 2 7 3 6 7 7 2 1 7 2 6 1
372 2 1 5 7 9 7 2 3 2 5 4 9 3 1 4
418 6 3 7 4 5 5 3 1 8 6 4 6 5 4 7
386 6 1 1 1 5 6 1 6 6 9 3 1 9 6 4
378 5 2 7 4 9 3 1 2 1 7 2 3 8 5 3
371 2 2 5 6 3 3 4 8 9 1 1 3 7 7 5
501 9 5 7 1 6 3 7 3 5 9 3 6 4 9 1
15
483 2 1 9 9 9 5 9 1 5 6 2 3 4 9 8
434 1 9 1 2 6 7 6 7 4 4 7 6 1 8 5
448 4 5 8 5 9 2 2 6 2 9 3 1 4 7 6
385 2 3 7 6 5 7 1 3 6 2 9 5 1 7 1
462 7 4 5 1 8 9 3 9 6 7 7 3 4 1 8
422 2 8 7 1 3 2 6 2 5 8 5 5 3 8 2
374 7 7 6 2 2 9 4 3 3 1 6 8 1 5 1
324 6 1 1 7 3 5 1 2 4 3 5 8 6 1 8
332 1 2 3 3 8 8 5 5 6 2 1 1 1 8 7
537 8 6 5 2 4 7 8 6 6 9 4 2 9 4 9
440 7 4 9 3 4 1 5 4 6 2 3 2 4 9 2
489 5 7 3 7 7 6 8 4 2 9 3 5 5 5 3
325 1 2 1 5 8 6 4 1 6 2 1 5 3 7 7
494 6 8 7 8 4 4 7 4 3 8 6 3 1 3 1
426 8 8 3 6 9 3 2 6 6 2 4 1 3 5 3
15
450 5 2 6 7 1 8 6 7 4 7 7 2 1 9 7
493 8 6 9 2 5 2 9 9 7 1 4 2 6 1 2
409 3 9 2 1 4 2 7 3 8 4 6 9 1 7 1
463 4 2 5 1 7 8 8 9 8 3 3 9 5 1 7
378 3 1 7 4 9 7 4 1 6 9 2 1 2 3 4
365 5 3 6 6 1 1 3 9 3 1 3 4 2 6 6
390 1 2 2 5 2 2 6 3 4 7 6 3 6 7 5
327 4 5 6 4 3 5 2 9 4 1 2 3 2 3 1
414 5 7 5 1 2 6 5 1 1 5 6 9 4 7 3
405 8 1 7 5 1 6 1 5 7 4 6 2 3 2 8
502 8 6 7 9 8 8 6 3 2 2 6 8 2 6 4
312 2 3 1 1 7 4 4 2 6 4 7 5 4 2 2
451 1 5 9 2 1 2 4 8 5 9 6 6 2 9 7
381 7 2 7 4 4 3 2 2 4 4 6 6 3 2 4
403 5 5 6 4 2 9 3 5 3 3 9 4 2 3 4
15
344 2 9 2 2 6 3 3 6 8 2 3 1 1 7 8
420 3 4 2 6 3 3 6 6 2 6 9 6 3 9 7
385 3 1 4 6 4 1 7 3 3 6 4 2 4 7 7
441 1 7 7 1 9 9 1 2 2 8 1 3 7 7 8
482 6 7 5 5 1 9 3 2 7 9 4 6 6 5 7
483 6 6 1 3 6 1 6 8 8 2 3 9 7 8 4
504 9 2 5 6 3 6 7 5 6 4 7 6 8 8 1
390 1 2 4 8 1 3 7 7 4 2 3 3 8 6 7
421 9 1 1 7 7 3 1 9 7 2 4 8 1 7 4
396 2 3 1 7 9 4 1 3 9 4 9 2 2 8 8
493 8 6 4 2 1 3 9 5 9 5 9 8 3 5 8
413 4 7 3 5 7 1 5 7 5 1 8 1 7 5 8
420 8 6 5 1 3 4 7 2 4 3 4 5 6 4 1
577 2 6 5 9 8 5 9 9 3 7 5 6 6 7 8
492 7 4 8 5 1 8 3 8 2 8 5 1 6 4 9
15
507 6 7 1 7 2 1 7 9 6 6 2 6 7 6 2
328 5 2 1 6 8 8 5 2 5 2 4 1 5 3 1
395 5 6 6 3 4 1 2 6 5 2 7 6 2 5 8
489 7 8 6 8 4 4 6 8 1 2 5 1 8 2 7
450 7 4 4 7 6 7 4 5 1 8 6 9 2 2 8
558 9 9 2 7 3 1 5 9 7 8 3 9 9 3 3
454 4 5 1 6 8 1 6 3 4 9 2 8 4 8 3
454 8 3 5 3 2 3 4 8 9 2 8 6 3 4 7
472 7 3 9 1 4 2 2 7 4 8 7 8 2 9 6
471 9 3 2 1 6 4 9 8 6 4 7 9 4 2 6
423 7 1 6 4 3 8 8 1 3 2 8 5 4 6 3
542 5 4 4 4 9 5 7 9 3 9 6 7 7 1 7
441 2 4 2 8 2 6 2 1 8 9 4 3 9 8 9
430 2 7 4 3 5 8 3 5 4 8 3 5 6 6 4
394 1 9 3 1 1 6 2 9 2 6 1 7 3 6 4
15
451 4 6 3 5 8 1 5 6 2 9 3 3 1 8 7
415 5 4 1 1 5 3 9 9 3 4 1 8 4 2 8
402 5 2 6 4 4 7 8 5 9 1 3 1 8 1 9
534 8 9 5 5 9 4 6 5 2 3 6 7 6 7 8
371 9 6 1 6 3 9 3 6 2 2 5 8 1 1 1
395 4 1 5 5 6 7 5 1 5 5 3 9 4 7 6
419 2 3 2 7 1 1 7 7 2 3 2 7 9 9 2
349 1 6 4 4 4 6 2 2 1 5 6 3 4 5 1
389 6 6 1 5 2 5 4 5 8 1 5 6 1 4 8
435 3 3 6 9 3 1 2 4 5 9 6 2 9 2 9
402 7 4 2 1 1 5 6 4 2 7 6 3 6 5 2
413 6 3 7 1 6 9 2 1 9 1 7 1 8 9 2
403 7 1 9 9 3 4 5 1 1 6 6 5 1 5 2
363 7 1 1 1 3 4 4 4 7 5 4 2 5 2 8
446 8 7 9 2 4 6 2 1 9 1 8 7 8 2 1
15
446 9 4 6 1 7 2 4 4 7 5 3 5 2 3 9
483 8 4 2 8 7 4 1 4 4 7 9 7 5 4 7
520 5 9 7 6 7 4 2 3 9 8 9 3 5 5 1
448 7 6 7 4 3 8 2 1 7 7 3 4 3 5 3
408 4 7 3 1 6 6 2 8 4 2 5 5 7 5 8
499 1 9 4 8 9 1 9 5 8 8 3 8 2 3 6
541 1 9 7 4 8 8 3 7 6 9 9 3 8 3 5
450 5 5 4 3 8 7 7 3 9 5 7 9 3 1 1
548 9 6 8 7 5 2 5 9 5 3 6 8 4 6 5
507 7 5 8 6 9 2 8 5 1 6 7 2 9 1 4
451 5 4 7 1 3 9 7 7 6 4 2 4 1 9 5
365 7 5 2 7 2 3 3 2 4 2 7 4 2 6 3
554 8 7 5 9 2 9 9 9 8 2 1 1 3 8 9
406 2 9 4 6 1 1 8 2 9 4 4 3 6 3 8
414 2 5 5 3 9 4 3 6 7 3 9 1 7 6 5
15
393 6 1 3 2 4 2 9 8 3 2 2 2 6 3 5
446 9 7 2 8 3 5 4 4 1 8 4 6 1 6 2
525 6 6 9 8 1 5 7 9 2 4 7 2 2 9 1
390 4 1 3 3 7 1 9 9 3 2 1 5 2 4 5
423 6 4 8 3 1 5 2 3 7 8 3 7 6 6 1
406 7 3 3 9 5 3 2 9 1 1 1 6 6 5 6
566 8 1 8 4 8 2 9 9 7 4 6 8 5 8 8
485 7 7 6 3 2 5 3 7 3 9 2 1 6 4 7
355 3 2 5 2 5 6 3 1 7 3 3 6 9 6 1
441 1 1 3 9 4 7 7 6 7 5 8 8 1 8 6
350 4 1 1 2 2 1 4 4 9 1 3 4 7 8 6
458 7 6 2 2 4 5 8 7 3 9 5 4 2 4 2
500 8 9 2 6 7 7 7 3 4 5 6 8 1 4 5
520 5 8 9 6 3 2 7 6 9 1 7 2 5 8 8
389 1 7 1 5 5 3 6 7 8 4 1 4 5 4 7
15
476 9 6 8 1 2 6 8 2 4 3 8 5 7 1 4
558 2 6 8 5 8 3 5 5 6 6 7 9 7 9 9
400 2 2 3 9 4 2 4 3 1 8 5 1 5 9 2
397 6 1 2 9 4 2 3 5 2 8 5 8 3 1 9
546 2 9 8 2 9 1 9 6 7 3 6 2 9 9 5
466 2 4 1 9 2 6 9 7 4 5 6 7 1 6 8
490 2 9 8 5 5 6 2 1 8 7 9 9 3 9 8
446 9 1 3 5 9 4 6 9 5 3 2 3 2 2 6
508 8 6 4 1 9 3 4 9 8 2 8 6 4 6 8
429 6 4 6 2 5 1 6 7 7 7 4 3 3 3 5
381 5 4 4 1 1 2 2 6 5 3 9 4 9 3 7
414 5 9 5 6 3 8 4 2 2 7 3 3 1 1 2
336 9 2 3 9 4 1 1 3 1 1 3 2 5 9 2
509 2 1 6 6 2 4 9 8 7 8 5 3 9 3 8
399 8 8 2 3 5 3 4 1 8 2 7 8 2 2 9
15
408 6 1 8 5 2 2 3 3 4 8 7 8 2 4 1
494 6 8 5 8 4 1 3 9 7 7 4 3 2 3 9
506 9 7 5 3 6 1 8 6 1 7 7 3 1 8 3
403 4 4 3 3 9 5 2 8 5 5 4 1 2 8 2
477 6 6 8 3 8 8 1 2 9 2 7 2 9 7 3
382 9 7 9 1 6 7 1 1 2 1 3 5 9 1 7
446 9 1 8 8 1 8 2 1 4 5 5 5 5 7 4
465 3 7 5 6 5 6 5 9 5 8 6 2 2 3 8
380 2 2 2 6 4 2 9 1 4 5 3 2 6 3 9
406 1 4 3 9 7 3 5 4 3 6 8 4 2 8 6
484 9 1 9 1 9 7 2 3 9 5 9 9 7 3 1
373 2 8 1 1 2 8 2 6 4 3 8 5 5 5 7
590 7 8 8 4 6 6 7 9 5 6 4 5 6 9 2
555 6 2 9 6 9 3 7 8 6 5 9 4 4 9 2
542 3 1 9 5 8 5 8 6 8 5 8 7 6 6 4
15
502 1 8 8 6 1 9 5 5 7 5 4 4 9 9 6
304 5 3 6 3 3 7 2 1 2 1 3 5 2 3 7
546 8 3 8 6 2 9 6 2 8 8 3 5 4 9 7
537 6 8 9 5 5 1 8 9 1 6 3 7 6 5 7
468 7 1 6 4 5 2 6 9 6 1 9 2 8 4 5
444 1 7 9 7 8 8 1 9 1 3 5 2 5 5 5
459 8 6 2 2 7 5 9 4 1 2 9 2 7 9 5
263 1 2 1 6 2 2 5 3 3 3 4 6 1 6 1
407 2 8 3 6 4 6 7 9 1 3 4 2 2 2 3
346 2 8 1 1 4 9 2 2 5 5 1 5 5 2 7
443 1 4 6 3 8 9 8 2 6 4 6 6 1 6 5
443 6 7 3 1 9 8 9 3 4 2 5 6 1 3 9
408 3 3 4 7 5 9 3 8 1 1 1 4 8 4 8
467 7 2 4 6 4 6 8 9 7 8 1 5 1 2 7
414 8 4 2 6 4 7 2 6 8 3 6 2 3 2 6
15
457 2 6 6 7 1 6 4 3 4 9 5 6 3 8 9
497 6 8 2 1 3 5 9 7 7 2 6 8 7 8 1
392 8 1 5 4 8 9 3 8 3 1 6 4 1 5 3
393 4 5 1 1 8 2 2 8 1 7 6 4 2 4 6
549 9 3 8 5 3 7 7 8 7 8 1 4 8 5 4
375 1 9 4 3 1 7 2 2 1 8 7 2 3 9 4
574 9 9 4 8 9 1 3 6 5 9 9 8 3 5 8
462 4 9 4 9 6 1 2 9 5 1 8 5 4 5 5
382 5 3 1 5 1 8 4 2 5 5 2 7 6 7 2
463 6 1 1 7 2 8 3 7 8 9 7 8 1 8 2
488 9 2 2 8 4 9 1 9 5 8 2 4 8 5 4
382 6 2 4 6 4 6 3 7 1 4 9 1 1 6 6
410 4 8 3 1 9 8 6 3 7 2 5 2 8 3 5
364 1 2 1 7 6 6 4 5 9 4 4 5 1 1 3
441 5 5 3 1 1 1 9 8 4 8 2 5 1 6 4
15
414 5 8 1 1 7 6 6 1 9 2 8 9 5 4 2
406 4 3 7 6 2 4 3 6 4 3 4 4 2 7 6
531 6 1 9 9 9 7 8 3 6 8 3 6 2 5 5
521 8 5 8 8 1 2 5 4 7 8 1 8 5 8 3
388 2 7 4 3 1 7 6 4 2 4 3 8 5 5 5
346 1 2 5 4 5 9 3 4 3 6 3 5 4 2 1
477 9 7 8 2 6 3 7 7 2 4 9 1 2 1 6
447 3 6 6 4 9 2 4 4 6 7 5 6 4 3 4
437 2 7 2 2 2 9 4 6 9 8 8 5 1 1 9
523 6 3 6 7 6 7 5 8 4 8 4 1 8 6 7
505 7 8 7 1 9 2 2 2 6 5 8 7 8 7 3
500 5 8 8 9 3 8 7 7 1 4 9 4 1 5 7
359 4 4 8 1 3 1 4 7 4 4 2 3 3 6 5
429 9 4 4 4 5 9 4 5 1 6 2 4 8 2 7
504 6 7 8 8 6 1 4 9 6 5 6 8 1 1 4
15
485 8 3 4 7 3 7 5 1 7 5 9 1 8 9 7
378 3 2 1 4 3 3 7 7 5 6 9 7 2 1 8
338 3 6 1 7 1 8 5 1 6 2 8 4 2 3 3
422 3 5 6 3 7 9 8 7 1 8 1 2 3 1 1
420 1 2 5 5 9 5 6 1 2 9 4 6 9 2 9
484 9 5 7 9 6 9 8 2 2 1 7 5 2 8 6
434 1 8 3 9 4 8 5 4 6 3 7 4 8 4 6
389 3 5 3 1 6 8 7 3 8 1 3 2 7 3 6
487 7 2 8 5 2 5 1 6 7 9 1 9 5 6 2
427 5 8 7 6 2 1 2 6 2 4 6 6 4 4 3
386 8 1 1 7 3 3 6 4 9 1 8 7 2 1 7
455 9 4 8 4 9 4 1 1 5 4 9 6 9 3 1
500 8 9 7 4 9 4 9 1 2 7 8 4 1 5 1
353 6 1 4 3 1 7 7 9 3 1 3 8 3 1 4
548 6 9 9 9 1 6 1 7 7 6 5 4 8 6 5
15
456 1 1 7 6 7 1 8 7 3 9 7 8 2 2 7
485 4 6 9 5 3 9 9 6 9 2 3 4 2 9 1
414 1 5 1 2 7 3 1 7 4 9 5 7 6 6 9
493 7 8 2 1 5 9 8 2 6 4 3 5 8 9 8
472 7 7 2 8 9 3 6 1 1 5 1 9 9 6 7
528 7 4 5 7 9 6 4 7 9 3 9 8 4 1 5
468 8 3 4 5 9 7 3 5 2 3 8 2 8 6 7
364 3 1 5 3 4 1 7 4 3 6 8 7 1 1 1
378 7 7 5 5 3 4 2 8 2 1 2 3 2 5 4
447 9 9 1 6 5 1 3 4 8 3 3 5 6 2 5
515 9 3 9 7 7 5 2 6 6 3 7 9 5 6 3
439 5 7 7 2 9 3 2 1 1 8 4 5 3 9 6
514 5 9 1 7 2 1 9 7 6 5 8 5 8 6 6
478 6 5 8 9 2 5 3 1 9 5 7 9 6 2 3
444 4 4 9 3 3 1 8 8 7 3 4 1 6 2 7
15
489 8 1 1 5 7 4 6 6 9 9 8 1 4 9 2
368 5 3 4 3 2 4 2 6 7 4 1 2 7 1 8
400 8 2 4 3 1 2 5 6 6 5 4 3 7 6 2
511 8 2 6 7 1 6 1 9 7 7 2 5 8 8 1
472 7 2 8 9 6 5 1 3 9 5 2 9 7 7 2
445 5 3 8 3 2 6 4 7 5 2 3 8 7 5 3
476 7 3 3 6 5 7 5 4 9 8 4 2 5 9 5
366 9 7 2 2 5 4 6 2 7 3 3 6 1 1 4
510 9 6 3 9 1 2 9 9 1 4 2 6 5 6 7
473 3 4 3 4 7 8 3 9 5 7 7 7 4 5 1
443 5 7 1 1 8 5 4 7 4 8 7 1 2 9 6
537 2 4 7 8 4 5 6 6 9 5 6 6 7 6 9
386 7 1 5 8 1 7 1 6 1 3 1 8 5 7 2
464 4 7 5 8 5 3 7 4 3 4 7 7 7 3 7
431 2 2 9 5 4 7 1 9 5 5 4 8 7 3 5
15
429 4 8 9 7 5 4 4 8 1 1 1 2 8 2 5
529 2 9 5 4 4 5 4 6 9 7 8 6 9 7 9
467 5 7 9 6 3 3 8 5 5 1 4 8 8 1 7
408 9 1 7 6 2 9 3 7 4 5 4 3 2 4 1
447 7 8 6 4 1 1 1 8 6 9 3 6 1 5 6
350 4 1 4 3 1 8 2 9 5 1 5 5 6 7 5
431 3 1 6 2 6 5 7 5 6 3 9 4 7 3 3
510 9 9 8 9 4 6 5 3 9 1 1 8 2 3 8
359 1 1 2 8 5 1 6 7 7 4 5 4 4 1 1
461 4 5 3 7 9 1 2 6 8 2 7 8 4 6 7
538 6 9 1 3 2 8 8 9 6 4 6 5 7 8 3
465 5 9 7 9 2 1 6 3 7 5 6 4 1 3 1
414 2 9 1 6 5 6 7 4 2 1 6 7 4 5 7
464 4 4 9 2 7 2 5 9 2 3 3 6 3 8 7
408 1 9 2 6 6 1 4 2 7 8 8 6 2 1 8
15
484 6 6 5 3 7 7 9 4 2 3 1 8 2 8 8
501 4 5 7 7 5 2 5 6 6 5 8 9 6 4 8
503 2 7 3 9 9 8 5 9 6 2 9 2 5 6 3
351 7 6 2 3 1 2 4 6 4 1 9 4 2 2 2
454 4 1 8 4 6 6 9 3 7 2 1 4 7 7 8
431 2 6 3 5 6 8 2 1 8 9 5 6 3 6 6
475 7 5 2 7 9 2 7 6 1 8 5 2 3 2 5
607 9 8 4 9 8 8 4 9 9 7 3 9 3 5 6
327 1 1 4 5 7 1 6 3 6 1 5 5 5 1 9
370 4 1 1 2 9 5 1 2 5 9 1 9 9 3 7
438 4 3 5 9 1 6 7 6 3 2 5 5 3 9 4
518 9 1 1 7 6 5 9 7 6 4 8 6 2 9 4
446 4 5 4 1 4 8 6 7 2 6 6 2 9 5 8
471 5 6 7 9 1 1 4 6 7 5 6 6 7 4 4
404 3 5 3 7 5 4 1 2 9 1 5 5 9 8 8
15
435 6 6 4 5 7 1 2 8 4 9 1 1 2 7 4
537 6 7 8 8 7 2 6 9 8 5 4 1 7 1 5
476 9 1 6 5 8 4 4 3 3 9 7 5 1 5 9
485 5 3 1 9 9 7 2 6 4 5 4 6 9 8 4
422 3 9 2 6 7 8 6 3 3 3 2 2 7 7 8
444 6 1 7 8 4 8 2 1 6 9 4 2 1 8 6
480 3 1 7 3 4 5 8 8 2 8 9 6 9 2 2
378 2 5 3 2 5 3 7 7 1 2 7 4 4 4 8
490 9 6 9 5 5 4 8 2 8 4 8 1 6 1 5
342 1 1 4 4 4 8 7 8 2 5 4 1 1 4 2
503 7 7 6 7 3 8 4 9 2 4 7 3 3 8 5
446 4 7 2 5 7 8 4 5 5 2 5 5 7 3 8
484 6 6 3 3 6 7 8 6 1 6 7 7 2 9 4
458 7 5 6 4 6 5 6 1 1 8 7 7 3 4 9
373 2 6 8 2 1 7 3 2 8 7 1 1 7 3 4
15
483 6 4 9 9 1 5 5 7 7 2 9 1 6 7 6
316 2 8 4 3 2 1 2 3 1 2 5 8 6 1 1
461 7 5 6 6 9 1 1 3 1 8 4 8 8 2 9
493 7 5 8 6 5 5 7 4 8 4 1 7 6 3 6
552 3 7 7 3 7 2 9 9 8 8 5 6 2 9 1
386 3 7 1 2 6 3 7 8 1 1 2 3 7 8 8
478 4 5 7 5 3 7 6 9 9 1 4 8 6 4 4
507 2 6 9 9 4 8 7 9 3 3 6 6 4 5 7
370 1 2 9 7 6 3 5 3 1 6 7 4 1 4 4
466 2 9 4 8 8 1 7 7 5 4 2 3 2 5 9
405 1 8 1 2 4 1 7 7 7 6 2 4 3 6 9
388 4 3 9 5 5 1 7 6 1 1 2 9 2 5 1
479 4 1 9 5 9 7 5 3 7 8 5 7 7 1 6
504 9 9 5 8 2 3 3 4 4 7 4 4 8 8 5
446 3 3 3 8 8 6 5 2 4 4 9 9 8 5 8
15
503 6 6 7 7 7 7 1 1 3 7 4 9 6 7 5
503 4 9 7 2 6 8 6 5 5 7 4 4 2 9 8
430 5 7 5 9 6 1 1 9 5 4 3 3 2 5 4
409 1 8 4 4 5 2 4 2 7 5 4 9 2 9 5
530 6 5 5 5 7 6 8 8 4 5 4 9 8 7 4
430 3 1 2 8 8 4 1 6 6 9 9 6 1 8 7
441 3 1 4 4 9 4 2 6 7 9 7 9 4 5 4
628 7 9 8 9 5 2 8 6 9 7 8 7 7 8 5
419 1 7 8 2 4 7 9 8 2 4 4 3 6 1 2
552 9 9 8 9 7 6 6 2 7 8 2 7 1 4 8
521 6 4 1 9 4 7 9 8 6 8 8 7 3 4 5
426 1 5 1 6 7 1 5 5 8 9 8 3 6 1 9
501 8 6 4 9 7 9 6 9 4 1 1 3 5 9 7
450 9 3 2 7 8 3 4 3 7 9 1 4 3 7 3
435 4 1 2 6 3 4 4 9 6 9 1 5 7 4 5
15
503 9 1 8 8 1 9 6 7 9 6 1 1 7 1 4
531 5 9 4 6 5 6 8 8 7 9 1 2 2 7 4
471 8 2 3 6 9 3 9 8 7 2 3 3 3 7 5
461 8 2 8 5 4 8 9 5 2 8 1 7 1 1 5
489 9 8 5 2 8 2 6 6 3 3 8 8 6 3 3
421 6 8 3 1 9 5 7 6 7 2 4 7 1 2 5
541 6 5 3 6 9 3 7 9 3 8 9 3 5 8 9
397 6 4 3 6 1 9 2 8 1 5 5 5 1 9 8
405 3 5 2 6 2 4 6 1 4 7 5 6 5 9 1
461 6 2 6 7 2 9 5 5 7 1 5 1 9 8 8
437 6 3 2 6 2 9 1 7 9 5 3 5 4 9 3
433 1 9 1 6 7 3 3 8 3 9 8 3 6 2 1
473 4 5 6 9 9 3 7 5 5 6 8 1 1 7 2
440 8 1 4 3 6 9 3 4 7 5 8 6 8 2 3
492 9 8 4 3 1 6 3 6 9 4 8 8 4 9 5
15
459 3 8 5 3 6 4 6 7 3 7 8 5 2 5 8
439 1 9 5 5 6 9 5 1 7 5 9 2 7 2 4
437 2 2 8 7 9 2 5 2 3 7 4 2 5 5 7
466 5 1 7 8 3 1 4 6 3 5 7 6 4 8 6
638 7 6 9 9 8 3 9 1 9 8 5 7 8 8 4
499 5 6 9 3 2 6 3 3 8 3 9 7 7 9 7
418 2 8 7 6 2 2 2 3 2 8 7 8 1 1 8
467 6 3 8 4 2 2 4 7 3 6 1 6 7 9 2
353 1 5 3 4 7 2 2 4 9 4 1 9 2 2 6
515 3 9 3 5 8 4 7 4 9 6 7 5 3 8 2
533 6 9 9 1 9 7 7 2 2 5 3 9 8 3 7
474 9 5 9 5 4 4 1 8 7 3 2 9 4 3 7
476 4 6 9 7 1 3 8 7 5 1 2 8 7 1 8
480 3 8 8 7 3 4 8 3 1 5 5 5 5 9 1
484 5 8 9 4 1 8 9 7 9 1 6 5 1 3 9
15
408 7 7 1 7 3 1 8 1 5 5 3 4 5 3 2
534 6 9 9 1 5 3 5 8 4 9 4 8 2 7 6
431 4 7 7 7 5 1 4 3 3 3 8 7 1 9 5
452 1 1 2 5 4 8 8 9 6 7 8 7 2 6 2
458 9 3 3 3 3 3 4 6 3 4 8 8 8 9 2
531 9 6 7 6 7 5 3 5 8 3 9 2 8 3 3
451 2 9 1 7 3 9 7 6 2 3 8 3 2 7 8
393 3 7 6 2 4 5 4 5 5 3 4 5 4 7 8
369 1 8 1 3 8 1 5 6 1 5 5 3 5 1 9
455 3 8 3 2 5 7 9 6 2 7 5 5 8 2 4
493 3 8 8 2 9 2 3 8 2 7 6 9 1 9 1
481 8 7 4 1 6 6 5 6 2 9 1 3 4 8 4
576 8 6 9 4 2 3 9 4 5 7 9 9 8 6 2
539 7 6 7 3 2 9 9 9 6 8 1 2 3 9 4
415 3 1 3 2 5 7 1 1 9 9 2 6 5 9 8
15
356 5 2 1 6 2 1 7 1 7 2 3 9 4 6 2
427 8 4 6 1 6 1 5 3 2 6 5 8 5 4 6
422 2 9 7 5 2 6 1 7 3 4 3 6 5 5 4
387 3 4 5 4 1 3 2 7 5 6 9 4 5 3 5
618 3 9 8 8 9 4 5 4 9 8 8 5 9 7 2
419 3 5 6 5 6 2 9 8 4 4 2 9 1 1 1
433 6 9 2 4 9 4 4 2 6 4 2 1 6 4 9
475 6 8 8 5 4 8 2 2 6 6 2 6 7 8 1
444 9 3 2 6 7 5 2 3 9 4 8 1 7 6 3
467 9 3 4 5 8 9 4 3 5 7 8 4 2 5 2
447 9 6 7 4 2 7 4 2 5 5 8 8 4 2 7
468 7 4 2 4 3 2 8 7 9 5 8 4 3 2 8
343 4 3 2 1 1 3 7 6 7 4 1 9 1 4 3
455 9 6 6 7 2 2 3 7 5 3 1 6 5 3 1
505 2 2 8 4 6 8 9 1 7 8 5 8 9 8 2
15
419 4 9 9 1 2 9 4 9 2 1 4 2 6 6 2
396 3 3 3 2 1 7 4 5 2 8 7 7 4 8 7
518 2 9 7 8 9 1 4 5 6 4 3 7 9 9 9
388 3 1 4 2 4 8 1 8 3 6 1 4 9 2 6
486 3 2 2 4 8 6 9 8 9 4 1 6 7 9 8
491 8 9 8 1 2 8 3 5 7 6 7 1 3 8 7
353 3 9 5 3 1 3 2 5 4 2 9 7 3 4 1
360 2 8 6 9 1 5 1 6 2 1 3 8 1 4 8
415 4 1 1 8 6 8 1 9 2 7 3 2 3 9 4
483 6 8 1 7 2 6 9 4 9 6 1 4 3 8 5
510 7 5 7 2 7 7 7 2 5 5 7 8 2 7 8
442 2 6 4 5 7 2 1 8 9 5 2 7 7 6 2
480 4 1 8 7 3 6 9 3 6 1 7 7 9 8 7
449 5 4 6 1 7 4 9 1 6 4 9 3 1 8 6
355 4 5 2 2 7 8 2 6 5 2 7 8 3 1 2
15
492 8 4 6 4 8 7 7 8 1 3 5 3 1 8 8
462 6 6 2 4 1 7 7 9 9 4 3 5 7 2 9
436 3 4 5 4 6 7 4 4 6 9 9 4 6 1 2
425 7 4 2 3 4 4 1 3 6 7 2 9 7 7 1
353 1 4 4 2 5 3 3 1 9 3 6 3 2 9 3
388 4 3 2 5 9 5 1 8 3 3 2 7 9 2 4
529 8 2 7 9 9 1 6 3 9 6 2 8 6 5 6
375 2 2 4 2 6 7 2 1 9 9 4 5 4 8 2
486 6 2 5 4 6 9 3 6 7 7 2 3 9 5 1
437 9 2 2 5 3 9 3 7 4 4 3 3 9 4 4
433 1 9 2 5 1 9 4 9 2 8 1 5 6 5 5
428 3 8 9 1 1 1 1 9 3 1 8 9 9 8 6
414 2 2 7 4 9 6 3 5 5 6 1 6 4 7 5
531 9 8 6 6 7 1 7 5 6 1 4 7 8 7 2
548 2 8 9 9 6 7 5 7 7 6 2 9 2 5 4
15
587 6 8 4 9 4 1 9 6 6 7 9 4 5 9 5
519 6 5 6 6 8 5 3 9 9 5 7 7 3 8 4
549 7 6 8 5 2 8 8 7 5 4 8 2 6 9 2
488 1 9 5 9 2 7 6 6 8 6 4 9 5 4 2
513 9 8 9 2 7 2 7 2 1 8 7 6 3 3 9
528 4 1 2 5 6 2 9 5 9 9 3 9 8 6 3
482 1 9 4 3 4 1 8 2 9 9 2 7 6 3 9
388 5 4 9 3 5 2 2 3 2 9 3 8 1 3 2
437 3 2 7 8 8 7 1 5 6 6 1 2 9 5 7
468 6 7 4 7 7 3 3 7 5 2 3 8 9 1 2
340 7 4 2 3 8 5 8 3 4 1 2 1 2 2 7
475 7 1 9 7 5 9 9 3 9 2 2 1 6 4 8
452 5 1 4 4 8 7 7 5 5 9 4 8 2 6 1
522 8 7 1 9 8 9 6 2 7 5 1 8 7 1 8
411 8 3 2 8 8 7 1 1 3 4 7 2 6 7 2
15
448 7 2 6 5 7 9 3 4 3 5 7 2 9 4 6
500 2 2 8 9 8 9 5 8 7 4 9 6 3 2 8
559 3 9 6 9 1 9 8 9 2 7 7 3 9 2 1
300 3 5 3 1 4 4 5 2 4 2 3 2 1 9 7
521 8 6 4 8 6 4 1 6 4 9 7 7 7 5 7
465 7 2 9 4 5 2 8 7 6 2 7 7 2 4 6
507 3 9 2 6 2 1 4 6 6 8 7 8 4 8 7
498 2 3 9 7 8 7 7 6 3 7 7 2 4 2 3
513 1 2 4 7 3 7 7 7 9 8 6 8 5 8 7
478 7 9 3 1 8 5 3 4 3 9 4 3 1 9 7
432 2 6 8 6 6 1 7 6 4 2 1 9 7 4 4
434 5 2 5 5 4 4 5 8 8 2 8 6 2 1 9
491 7 2 3 6 5 1 8 8 3 9 3 6 7 2 2
487 8 4 6 4 7 4 8 9 1 2 4 2 4 7 8
593 4 9 9 7 5 4 9 8 9 6 2 7 2 7 5
15
399 1 7 1 8 5 2 9 8 7 1 4 2 5 1 6
453 6 1 9 8 4 8 4 2 3 7 5 5 3 1 9
395 9 2 4 1 1 9 9 5 7 4 2 1 4 1 9
449 5 4 7 4 1 2 6 8 8 2 8 6 4 2 4
400 3 3 4 7 1 8 5 5 6 3 5 2 2 8 8
469 5 7 5 2 9 4 1 2 5 8 8 6 9 5 6
440 7 5 1 2 3 3 3 4 6 6 8 6 4 6 9
434 4 6 8 2 9 3 9 2 1 8 5 3 3 1 9
456 4 1 1 5 7 6 8 5 8 2 7 6 9 5 5
571 7 8 6 7 9 3 4 6 8 7 7 8 4 4 4
463 5 3 8 1 8 2 6 9 4 5 4 5 4 3 5
497 3 7 8 8 5 3 6 8 7 8 6 1 1 4 4
412 5 2 6 4 6 8 3 2 9 2 8 9 6 2 2
477 7 1 6 5 9 3 4 8 8 9 2 4 5 2 6
515 9 6 8 4 8 8 2 5 7 8 3 2 2 7 7
15
467 4 1 5 6 9 8 2 7 3 5 2 4 9 9 8
470 5 6 9 4 1 9 8 4 8 3 9 1 5 4 4
424 7 8 1 1 3 4 2 2 5 8 8 1 5 7 2
555 7 8 9 2 7 5 7 9 5 6 9 2 6 4 1
480 5 3 3 8 3 7 9 2 8 8 8 3 4 5 3
565 6 9 8 9 8 7 4 5 1 5 7 8 7 2 8
486 4 6 7 9 7 9 6 1 7 2 8 3 5 7 2
457 5 4 9 4 6 1 3 7 1 2 5 8 8 6 4
413 5 5 7 4 4 4 5 1 1 6 2 8 8 2 4
505 6 1 6 9 2 8 9 7 8 2 8 9 1 8 4
432 6 1 6 8 8 7 6 1 3 4 9 2 6 3 9
507 3 8 6 1 2 8 9 9 2 9 3 6 4 4 9
434 1 2 6 5 7 2 5 7 3 3 9 8 5 6 4
402 3 1 7 1 8 9 7 1 7 2 4 6 8 1 4
441 8 3 7 3 6 5 4 9 1 1 8 3 6 2 7
15
424 8 1 5 7 2 8 4 3 3 1 8 1 9 8 7
514 4 5 4 9 6 6 5 7 9 6 1 8 7 8 3
341 2 1 9 4 5 1 2 5 3 3 3 7 6 3 9
464 9 9 2 4 6 7 8 3 1 2 6 3 8 1 5
468 8 3 1 7 2 9 1 8 7 5 6 7 7 6 6
490 7 3 2 4 9 6 7 6 6 6 6 3 4 8 6
380 1 5 1 6 1 3 5 9 7 6 3 4 3 1 7
453 3 3 5 6 6 1 4 2 9 8 9 9 4 7 4
386 2 5 7 3 3 5 4 7 8 1 3 7 1 9 1
303 3 3 4 3 3 6 4 1 4 2 7 2 5 1 1
551 5 7 9 5 8 2 5 8 8 8 3 2 2 5 9
494 3 8 4 4 2 6 2 9 9 7 5 8 1 7 6
518 6 8 6 8 9 6 8 4 7 3 5 5 1 4 2
435 7 7 5 5 9 2 3 3 2 6 1 1 7 5 3
381 5 6 1 6 3 2 5 9 1 1 2 4 2 8 2
15
444 8 9 7 1 1 2 1 3 8 6 6 7 2 9 8
393 9 3 9 2 1 5 6 6 1 4 5 1 2 4 8
450 6 6 3 3 4 3 5 6 1 6 8 9 6 6 4
484 7 4 7 7 8 9 5 5 9 1 4 7 2 5 7
568 9 6 2 9 8 1 6 5 8 8 9 3 4 7 5
482 5 3 8 9 6 4 6 8 3 2 3 5 7 7 6
492 4 6 5 4 4 7 8 7 1 7 9 2 3 5 6
522 2 7 9 8 2 5 9 8 3 5 4 4 6 8 3
480 7 9 3 1 6 1 1 6 5 9 9 4 6 4 2
387 6 6 3 5 6 6 5 2 4 6 9 2 2 1 4
458 9 5 1 7 1 4 8 1 9 1 6 1 8 9 9
552 5 9 7 9 8 8 6 5 9 2 8 5 8 1 9
460 4 3 7 8 6 2 2 8 2 7 6 8 5 4 7
440 3 8 2 3 5 5 4 9 4 7 8 4 1 8 4
425 2 2 6 6 6 6 4 5 5 8 1 3 5 3 4
15
372 1 2 8 3 7 8 7 7 2 3 4 1 4 1 3
509 7 7 6 8 1 4 9 1 6 3 8 9 6 4 5
417 2 4 5 4 8 8 9 7 1 3 3 2 3 3 9
542 9 7 8 9 9 9 7 7 5 1 1 1 4 3 9
556 6 9 6 2 3 8 5 8 7 7 9 5 3 8 1
390 3 8 5 3 4 2 2 1 9 4 7 8 3 5 2
466 7 8 3 5 2 6 3 3 9 8 9 3 2 3 3
411 4 3 7 6 3 6 4 7 5 2 5 5 5 6 2
386 2 1 6 8 3 8 5 1 4 5 8 7 1 5 5
349 1 9 6 3 4 8 4 1 7 3 1 5 4 1 2
545 8 7 7 6 5 9 6 6 8 2 7 6 5 1 8
450 7 4 1 4 3 6 1 9 4 6 2 6 8 4 8
520 9 3 5 9 6 8 7 5 2 7 4 4 6 4 1
427 3 9 1 2 8 1 6 9 7 6 1 1 6 1 9
412 9 9 6 2 4 3 1 2 7 2 3 2 9 3 9
15
336 1 5 4 6 7 1 7 2 4 4 3 1 1 6 5
362 4 4 1 9 5 6 2 2 8 1 2 9 2 7 3
364 8 1 5 1 5 3 3 2 3 2 9 2 9 4 6
418 2 3 3 6 1 1 3 3 9 6 6 5 8 8 4
413 6 2 8 3 2 8 5 1 7 5 1 9 1 7 9
432 4 4 5 4 2 8 2 7 7 4 8 4 4 7 6
373 2 2 2 5 2 2 5 4 5 9 5 1 1 6 3
429 6 8 3 4 4 5 5 6 5 1 8 7 4 4 9
464 2 9 6 5 2 9 8 2 1 5 2 6 6 5 7
389 1 4 3 7 3 8 6 4 5 5 3 7 3 7 5
376 7 1 4 3 4 7 2 3 8 2 5 2 7 7 2
442 5 3 4 3 9 2 5 3 5 7 7 9 8 1 3
387 9 7 1 3 1 1 3 8 3 1 5 2 5 4 4
353 1 1 4 4 4 9 3 7 6 5 6 3 3 2 7
401 8 1 3 1 8 3 3 9 1 4 1 5 6 5 5
15
442 8 5 7 4 1 2 2 5 3 9 1 5 3 9 2
418 3 5 1 4 6 1 1 9 2 7 6 4 6 5 3
557 5 6 9 7 5 7 4 4 1 8 9 1 9 9 2
390 2 2 1 9 3 8 1 7 5 3 2 8 9 4 5
426 2 7 7 1 6 5 5 4 4 4 9 2 8 6 7
333 6 1 1 1 5 8 7 3 3 5 3 1 1 5 7
429 3 7 5 2 5 5 3 8 1 7 5 5 1 3 9
502 5 9 9 6 8 2 2 6 6 5 5 7 1 5 9
429 8 3 5 6 6 7 4 6 6 4 7 2 1 7 1
524 4 3 9 5 8 5 5 5 2 9 4 6 9 7 3
373 1 3 1 1 8 5 1 8 4 4 9 5 3 6 6
387 6 7 9 2 2 1 4 3 3 3 1 1 9 7 3
456 6 6 3 6 7 6 4 5 5 7 2 3 3 9 3
451 9 1 1 3 2 3 2 7 9 6 3 8 9 3 4
428 1 6 5 1 9 6 7 6 6 7 6 2 5 2 5
15
408 7 1 3 1 2 5 8 3 3 8 4 2 5 5 9
473 8 9 1 9 8 9 2 4 8 1 2 9 5 5 4
443 4 6 6 2 9 7 2 2 6 6 3 7 6 4 6
435 3 1 2 2 3 1 9 9 6 4 6 9 9 1 5
398 8 1 1 1 4 4 1 6 7 6 8 7 8 2 1
418 7 4 1 1 2 3 6 7 2 8 2 5 3 9 1
401 3 3 8 5 6 2 5 6 4 1 4 4 7 5 5
542 7 9 1 7 4 8 9 4 9 3 7 9 9 3 8
456 1 1 9 7 7 1 7 8 6 7 6 4 1 2 7
494 3 5 4 9 8 1 5 5 7 3 2 8 9 8 9
468 7 9 9 9 9 2 1 1 1 8 3 8 3 4 3
412 2 4 4 6 9 5 3 9 8 1 7 3 7 3 3
482 6 3 9 4 2 2 2 7 6 4 6 9 7 7 4
453 5 6 3 9 7 3 3 7 4 7 2 6 5 3 7
447 4 4 3 8 1 3 9 7 7 2 3 5 1 8 5
15
540 8 7 8 5 2 6 1 6 9 9 3 8 2 8 3
473 3 6 2 1 9 9 7 7 4 7 8 1 4 2 9
500 8 5 7 7 1 1 2 2 3 9 7 9 6 6 4
381 7 1 5 4 5 2 5 3 3 5 3 5 1 8 4
489 5 9 2 8 4 8 5 9 5 5 8 4 3 2 3
485 9 3 4 9 2 3 1 6 7 9 3 2 7 5 5
385 3 4 2 2 1 9 5 6 9 6 4 1 4 5 5
446 3 1 2 4 7 3 9 8 4 8 4 2 7 1 1
512 4 7 2 3 9 6 3 7 7 9 3 6 7 9 9
461 9 5 1 5 5 9 2 9 5 2 7 8 2 5 4
359 1 4 6 2 8 7 6 2 4 5 1 1 3 5 6
537 5 9 4 9 8 6 7 9 2 6 2 8 1 9 5
384 2 6 3 6 9 3 6 1 4 3 6 5 6 5 2
499 2 8 9 5 2 8 2 8 6 2 3 7 7 9 6
429 3 8 3 3 6 3 5 9 3 4 5 4 3 6 7
15
420 3 2 1 4 7 7 8 7 1 2 9 8 9 6 3
535 4 5 7 5 9 2 9 8 4 6 2 9 7 3 5
409 5 1 1 9 4 6 8 6 2 2 9 1 8 2 1
446 1 8 7 6 7 8 2 6 9 1 6 6 9 1 4
474 9 8 8 3 5 5 1 7 4 2 3 9 9 3 5
455 5 9 1 4 6 3 2 4 6 9 6 1 4 8 2
492 6 6 7 1 9 2 5 6 8 6 6 4 1 7 4
404 4 6 2 6 7 9 5 1 6 3 5 5 4 6 3
443 9 2 3 1 4 7 8 8 1 2 7 9 9 3 3
397 4 2 9 2 9 2 3 8 1 5 3 9 4 2 1
393 8 3 6 9 2 6 2 2 1 1 4 3 9 6 2
431 9 6 5 1 8 9 2 9 1 6 1 6 2 3 6
507 7 8 1 7 4 2 9 5 7 9 3 4 6 3 1
471 8 3 1 5 4 9 5 7 1 6 8 2 9 1 9
482 3 9 8 1 5 2 7 2 8 5 1 8 8 4 8
15
421 6 3 5 6 4 4 7 9 3 1 5 3 3 8 2
397 5 7 2 9 7 9 4 1 6 2 7 3 2 2 3
528 3 2 5 9 5 3 8 8 9 3 6 4 8 6 9
548 4 3 7 8 3 9 9 2 6 5 6 9 7 9 6
384 9 3 1 1 5 2 1 1 5 6 8 3 9 5 7
413 1 3 9 9 2 7 3 6 7 7 9 1 2 1 4
544 4 4 8 3 3 8 8 8 9 7 2 5 2 9 7
465 4 4 5 9 9 3 3 4 4 8 2 2 5 8 7
399 3 7 5 4 3 6 2 6 8 9 3 2 1 1 8
483 2 8 8 6 2 1 2 6 2 7 8 8 7 7 8
372 4 5 6 2 5 3 5 7 4 1 8 6 2 3 2
492 9 1 9 8 6 6 5 8 1 1 6 8 3 3 6
431 6 5 1 6 5 1 2 8 7 6 9 1 5 2 5
377 2 2 3 3 7 6 8 1 2 2 5 7 9 1 6
433 4 2 8 3 3 4 4 8 9 1 8 8 7 3 8
15
482 8 2 4 8 2 7 8 5 4 4 1 1 5 9 8
479 3 1 4 4 5 5 9 9 3 6 3 8 8 5 4
541 8 5 3 9 6 8 9 5 3 7 6 2 9 3 1
332 1 8 7 2 2 9 2 4 1 6 3 3 1 4 3
557 3 8 8 8 7 2 7 9 5 6 2 7 8 8 2
400 3 3 7 3 1 3 8 4 4 6 1 5 2 5 3
411 8 9 5 6 3 9 3 8 1 2 3 2 3 4 3
445 8 5 6 2 1 9 1 2 8 7 4 2 5 7 8
342 3 2 2 4 1 7 1 6 8 5 3 1 7 5 8
316 4 1 2 4 9 8 4 3 3 4 7 2 1 1 1
481 7 3 9 8 6 9 4 3 6 5 3 9 1 5 6
523 6 3 5 9 8 6 5 9 2 8 4 4 6 3 9
464 9 8 4 1 3 4 1 6 5 2 5 4 8 9 7
448 1 7 1 4 7 7 5 7 4 7 6 4 7 5 7
431 9 6 6 2 8 3 3 1 3 5 7 1 6 7 7
15
469 3 5 9 5 9 6 3 2 6 2 8 7 8 2 3
430 8 1 5 1 4 1 2 1 9 8 9 4 8 3 3
492 6 2 1 6 9 4 9 7 8 6 5 6 2 6 4
414 1 7 5 7 8 7 1 8 3 2 3 2 3 6 8
435 5 6 3 2 2 5 9 9 1 8 3 5 2 1 7
464 6 5 3 6 2 1 8 9 6 8 4 2 3 1 7
463 7 7 5 8 9 9 2 2 5 9 4 2 2 4 3
489 4 1 9 2 8 6 3 9 7 8 2 1 5 9 2
362 2 2 3 5 2 7 8 3 3 1 7 4 7 6 7
388 3 1 3 9 1 9 3 8 8 3 1 4 9 2 4
351 8 3 5 3 5 2 2 3 3 2 6 4 6 2 7
445 8 9 5 6 1 7 5 4 3 4 5 3 6 3 5
515 1 9 9 9 4 9 1 6 7 4 9 5 8 7 7
600 6 4 6 9 7 4 8 7 7 7 8 9 8 4 1
437 5 3 1 6 9 2 5 3 3 6 9 5 7 3 5
15
493 1 4 7 6 9 6 8 5 6 4 7 8 8 5 4
422 8 2 6 4 6 7 9 1 4 6 5 1 1 5 5
395 5 3 6 4 8 2 6 5 5 2 2 2 6 2 9
436 2 8 9 1 9 7 7 9 2 1 4 3 4 4 3
454 7 8 1 2 1 5 3 9 2 9 4 4 4 3 9
351 3 2 5 6 4 2 5 1 6 4 7 6 2 6 4
552 5 9 9 9 9 4 7 2 4 8 1 2 4 9 2
540 6 4 2 9 9 4 8 3 6 9 5 5 5 4 6
438 2 8 4 2 6 3 4 7 7 6 6 9 2 7 1
367 3 3 1 6 4 4 4 4 5 2 6 2 6 7 9
362 4 7 1 5 6 5 1 3 1 8 5 3 5 4 2
447 7 9 3 8 3 6 2 3 7 8 1 3 4 1 4
453 2 7 5 3 9 6 1 3 9 9 1 1 7 3 5
500 7 7 3 3 7 1 2 9 6 9 6 9 2 6 5
595 8 8 6 7 8 9 7 6 3 9 3 1 8 5 9
15
376 2 5 4 2 3 5 2 6 3 3 6 9 6 2 4
374 7 3 8 4 7 3 2 4 1 2 8 8 1 1 6
429 4 5 6 1 5 6 5 5 4 5 2 5 7 7 4
499 9 2 2 7 7 2 3 9 8 6 5 4 7 2 8
443 1 4 2 7 8 7 8 2 2 9 9 3 3 2 9
544 9 2 6 8 1 2 9 9 8 8 5 4 6 6 2
514 2 7 8 7 4 6 5 8 9 4 5 5 7 2 5
396 2 2 1 6 8 3 2 4 6 7 5 4 9 3 9
433 6 4 7 3 7 4 2 4 3 6 5 9 3 3 8
287 5 2 2 5 1 1 1 1 6 2 4 2 8 7 3
486 7 1 7 6 6 1 8 8 3 8 4 4 3 4 6
379 1 1 6 1 7 7 5 3 6 6 1 9 8 1 7
430 4 8 4 2 4 3 4 7 5 3 8 2 4 3 9
517 8 2 8 6 5 6 3 4 9 6 8 7 1 9 2
392 1 7 1 9 8 2 1 4 3 8 5 9 2 2 6
15
443 4 7 7 4 3 6 5 2 5 3 7 8 9 1 5
377 1 4 5 2 8 1 5 9 3 4 4 5 6 2 4
419 8 8 7 4 6 1 3 1 1 3 1 8 2 7 8
489 3 2 6 9 7 8 1 7 5 7 4 6 3 9 9
343 1 9 9 1 5 5 7 3 1 1 2 2 2 4 3
473 6 8 8 3 7 5 6 5 8 2 1 4 9 1 7
417 3 9 2 3 6 7 4 4 5 5 2 4 6 8 1
439 3 6 3 5 8 2 9 4 3 2 2 8 9 6 5
430 8 4 7 5 1 8 2 5 9 4 3 7 1 2 3
496 5 5 7 1 1 4 7 9 2 7 5 7 8 7 3
420 3 6 5 8 5 9 1 1 4 7 1 8 5 4 8
527 6 4 5 8 6 3 5 9 7 9 7 2 3 5 8
394 3 2 4 7 9 8 5 2 5 3 5 2 6 8 2
473 6 3 2 7 2 7 6 2 7 9 9 6 4 8 6
420 1 3 6 4 5 3 7 2 6 9 7 9 1 4 6
15
466 8 6 3 6 8 4 3 5 9 4 3 6 6 6 3
413 4 3 7 1 6 8 1 9 4 6 7 1 3 8 4
442 7 6 1 8 8 5 1 9 2 2 9 4 2 9 7
488 7 6 2 1 7 8 9 9 7 3 5 4 2 5 7
459 4 4 7 5 1 4 9 6 8 5 1 3 4 4 2
558 9 7 9 7 3 5 4 4 9 9 2 4 6 2 3
549 8 8 3 3 8 1 4 9 4 9 6 2 7 8 3
487 8 1 6 4 9 8 5 7 2 5 5 4 6 4 2
330 1 3 6 3 7 6 1 6 9 1 1 3 1 3 3
478 9 7 7 7 3 3 6 2 5 8 8 3 2 1 2
332 4 4 8 1 3 5 1 5 7 1 4 6 3 2 5
389 6 2 4 6 1 1 5 1 1 5 7 9 7 5 2
500 5 5 8 5 9 1 7 6 3 3 7 5 4 9 4
607 8 6 9 9 8 6 7 9 9 3 3 7 2 7 8
332 4 9 4 6 6 8 1 1 1 1 3 9 1 5 1
15
450 7 4 1 6 1 1 8 3 2 8 8 3 3 7 8
664 7 8 7 1 4 9 9 9 9 9 6 6 9 7 7
259 1 6 2 1 3 3 2 6 5 3 1 2 1 1 8
374 2 1 5 6 4 2 2 4 5 3 9 5 3 8 2
485 5 5 7 1 2 8 6 5 8 6 9 9 2 7 1
459 4 5 3 1 8 5 8 5 4 7 3 4 9 7 4
407 3 2 8 3 5 7 6 7 5 3 6 1 5 3 9
532 8 5 9 3 8 7 8 1 9 4 3 9 4 9 4
480 8 7 1 3 5 3 9 7 2 9 1 4 4 5 8
489 4 7 7 6 5 4 8 2 4 6 4 5 8 7 4
377 9 1 3 1 2 4 7 2 9 2 3 4 6 8 4
481 3 8 9 2 4 5 3 4 6 7 4 9 5 8 9
378 9 5 1 4 6 5 4 2 3 3 3 9 1 8 6
450 3 9 5 4 9 7 8 1 3 8 6 2 5 1 4
359 2 1 1 9 1 8 9 3 7 2 2 3 7 2 3
15
399 1 1 4 5 6 3 3 9 4 8 1 9 3 7 1
541 4 8 8 5 5 6 7 4 5 7 7 8 5 8 5
524 6 2 5 6 9 3 6 4 8 7 3 8 6 8 6
517 8 6 8 8 3 6 3 8 4 8 3 8 4 1 7
454 6 6 3 1 1 1 9 9 6 6 6 3 1 9 4
457 7 5 3 5 2 8 1 8 2 6 9 3 5 9 4
522 4 9 8 6 6 1 8 4 2 8 7 4 3 9 2
488 5 1 4 8 8 1 6 6 2 3 9 5 9 8 6
491 8 8 6 3 7 7 4 1 3 8 4 9 3 9 1
451 5 2 5 1 1 9 8 8 4 7 2 3 9 6 1
248 5 1 2 8 1 3 1 2 1 4 1 2 2 5 1
336 4 3 1 2 9 5 1 4 4 2 7 4 5 9 1
411 6 1 8 5 4 8 1 3 3 6 6 6 6 6 2
507 8 8 1 8 8 2 7 2 5 3 3 9 6 8 5
476 4 7 7 2 8 3 6 7 8 2 7 4 8 4 3
15
510 8 5 2 4 3 9 9 8 2 9 1 4 8 1 1
513 8 9 5 3 4 8 9 6 3 1 3 8 7 4 4
600 7 7 9 9 7 2 2 8 3 6 5 8 9 6 9
493 7 2 3 9 9 7 8 6 2 2 1 9 9 5 6
527 8 9 2 5 5 1 9 5 6 2 7 7 7 8 5
393 8 5 2 3 1 9 3 6 6 4 9 1 1 1 7
475 7 2 9 6 6 7 8 5 4 6 4 4 5 1 7
451 2 6 2 1 7 8 6 1 4 8 7 6 8 3 6
631 9 8 7 8 8 7 2 8 8 7 7 5 9 4 7
562 8 2 7 7 8 1 9 8 8 7 1 2 9 1 3
534 1 4 9 7 1 5 9 7 5 6 5 4 9 6 8
501 8 1 7 4 4 9 9 2 3 8 4 3 5 6 6
524 9 4 7 5 1 4 2 6 7 9 9 9 1 8 9
337 1 2 4 5 7 1 5 1 7 2 4 7 1 9 8
486 9 8 5 3 3 8 1 6 6 9 6 4 7 1 7
15
391 6 1 3 2 7 2 7 4 6 2 9 8 5 3 3
478 7 7 1 5 5 5 4 3 3 8 7 1 9 5 9
552 5 7 6 1 6 7 8 9 8 6 4 3 6 7 9
394 5 2 5 1 2 3 8 7 3 1 4 6 2 9 7
393 7 3 6 5 5 1 5 1 3 5 1 7 6 4 5
399 4 1 5 5 2 9 2 9 8 3 2 3 1 8 3
499 6 3 4 4 4 8 5 4 8 5 8 6 9 3 8
466 9 2 8 6 1 8 3 6 3 7 8 1 2 3 8
384 2 1 4 9 9 7 6 3 2 2 5 2 8 2 9
421 8 6 1 2 4 7 2 8 8 2 1 5 8 1 8
446 9 8 8 5 5 1 5 4 2 4 9 4 1 5 2
493 4 9 6 8 2 9 2 8 3 9 1 6 5 6 2
411 1 2 4 7 9 6 7 6 8 1 2 2 5 1 8
466 2 7 5 7 5 4 7 5 9 3 6 4 4 8 5
485 1 3 6 1 7 2 9 7 9 2 5 7 8 9 4
15
442 2 8 9 7 3 7 2 5 5 1 8 1 8 6 7
383 6 3 3 7 7 8 6 2 5 2 6 2 3 2 8
620 9 9 9 2 7 9 8 9 5 8 5 2 7 8 4
370 4 3 5 4 8 5 3 3 5 2 2 9 4 4 1
495 4 9 1 8 9 8 4 7 8 2 5 9 9 4 3
450 8 7 5 1 2 8 7 2 2 6 7 9 7 1 2
492 7 7 1 9 2 2 5 1 2 9 6 1 7 9 8
445 1 1 6 2 9 7 8 9 2 5 6 2 7 7 2
350 1 5 9 9 4 1 4 1 5 1 4 1 7 4 4
446 8 4 2 3 5 8 1 6 5 6 3 4 5 6 7
509 1 9 9 8 5 1 7 6 7 1 9 3 8 3 3
442 6 1 4 5 4 6 5 3 8 4 9 1 5 9 8
434 9 2 4 6 3 7 5 9 4 3 6 2 8 1 6
518 4 5 6 5 5 9 1 9 8 9 7 9 4 1 9
406 3 4 1 2 7 9 4 8 1 9 9 1 5 3 2
15
422 4 6 2 5 8 8 3 5 2 7 1 1 8 7 2
368 4 2 1 6 2 9 4 4 2 5 6 2 6 7 7
500 3 7 6 9 2 4 8 4 9 6 8 3 4 7 2
456 1 9 9 2 4 6 5 4 1 5 2 4 9 7 2
537 7 1 5 7 9 9 9 6 2 7 1 2 7 9 4
415 4 3 6 7 1 3 6 4 4 7 6 3 2 8 1
552 8 7 8 1 9 4 8 5 8 6 6 9 5 2 8
495 9 7 8 4 3 2 8 9 2 4 5 9 3 1 1
455 2 3 9 8 4 7 9 2 5 1 6 2 9 7 4
519 7 7 2 4 7 1 7 6 9 2 2 9 6 9 4
482 5 3 6 5 8 6 9 9 6 3 6 4 5 2 6
445 7 5 2 9 2 4 1 6 6 4 6 3 8 6 1
371 6 1 7 1 6 6 3 2 1 4 5 7 1 7 1
419 3 5 6 2 5 8 3 5 4 1 9 4 5 8 6
509 9 2 3 3 1 3 5 9 5 5 9 9 7 9 1
15
485 5 3 5 5 4 8 5 8 7 5 5 4 8 5 7
478 8 1 1 1 9 8 8 2 5 9 8 1 7 5 3
495 2 3 8 4 4 2 9 7 9 6 6 7 4 7 4
384 7 4 2 1 4 2 1 1 3 7 3 4 6 8 9
352 6 3 5 9 5 2 1 4 3 2 2 7 4 1 4
461 4 3 1 9 9 7 3 9 5 1 1 3 8 8 6
471 6 8 2 5 7 7 8 5 8 4 1 4 6 1 9
514 1 8 9 1 4 5 9 7 7 7 4 6 5 3 2
454 4 1 5 2 9 3 5 9 5 6 2 9 6 7 8
500 5 7 4 8 3 2 6 5 4 8 6 8 4 7 8
516 5 1 9 2 8 9 6 9 6 6 6 7 4 9 3
481 6 9 3 5 9 6 1 3 4 8 4 2 8 2 6
435 3 8 6 1 5 9 2 6 2 3 4 8 2 8 8
394 9 2 3 7 5 2 4 1 1 1 8 8 7 5 4
501 7 9 6 9 1 8 7 6 3 4 2 5 3 6 1
15
465 6 9 4 5 4 3 1 8 4 6 1 1 9 8 2
437 8 7 1 5 4 5 2 4 2 8 6 2 2 6 7
365 5 3 8 2 3 6 1 4 7 3 2 5 1 7 9
397 5 5 1 6 1 2 3 7 4 6 4 9 1 5 6
436 4 5 9 4 5 7 8 1 3 4 7 3 6 5 1
454 2 8 9 3 5 7 4 8 2 1 3 8 9 8 4
441 6 3 3 8 5 2 1 9 6 3 5 4 8 6 2
531 9 8 3 6 3 7 4 1 6 5 5 8 9 9 1
515 8 9 7 1 1 3 3 2 9 9 9 9 5 4 1
410 6 2 2 7 7 2 1 3 8 2 8 9 6 8 2
500 2 7 4 1 9 1 8 4 5 8 6 9 4 9 9
444 7 5 2 2 5 8 9 5 9 4 1 5 4 5 3
475 2 5 1 2 7 4 8 3 9 7 9 1 6 9 4
414 2 2 3 6 5 1 8 1 9 4 8 8 7 4 8
457 5 5 7 8 6 3 4 9 2 4 5 3 2 9 7
15
391 8 2 4 4 1 2 6 4 2 1 8 9 7 6 3
404 3 7 6 3 2 2 7 1 5 6 5 2 3 8 9
463 6 6 1 3 3 4 5 7 6 5 4 9 6 4 9
453 1 2 2 6 8 5 2 7 2 6 9 9 5 9 8
490 6 4 5 8 5 8 7 8 3 5 6 5 3 1 9
466 5 2 6 1 5 5 5 7 4 8 2 9 7 2 8
515 2 9 2 5 7 3 8 8 6 9 4 3 7 1 2
452 3 1 1 1 8 8 5 6 7 9 3 4 5 8 5
471 9 9 7 7 3 5 5 2 2 2 1 4 9 7 6
565 4 4 8 5 8 6 7 7 3 4 9 7 8 8 8
287 2 1 6 2 2 2 1 6 5 1 9 6 1 6 3
444 3 6 1 6 6 7 6 3 8 2 8 6 7 8 2
441 8 1 4 6 5 5 2 9 7 1 3 7 9 8 4
414 3 8 7 5 5 9 1 9 5 4 1 7 2 2 1
421 3 6 1 9 9 6 8 1 6 4 4 8 1 1 1
15
430 6 9 3 3 8 3 6 3 3 8 3 3 3 2 5
454 2 5 5 4 4 3 3 8 7 2 8 4 7 7 9
521 5 4 2 7 7 7 9 7 4 5 1 9 5 9 4
437 6 1 8 5 1 9 2 4 1 7 5 8 4 8 8
385 1 4 8 4 9 8 7 1 1 4 1 3 3 7 4
545 9 5 1 7 8 9 5 1 9 6 8 6 8 7 9
430 1 4 7 6 2 3 7 9 6 4 8 4 3 5 1
468 8 4 6 6 5 2 5 9 4 3 3 3 8 2 6
556 7 3 4 9 2 4 8 6 9 7 6 1 8 7 6
409 1 1 7 9 1 9 1 2 8 6 9 2 4 6 1
480 5 3 8 7 5 1 5 4 8 1 7 4 6 9 7
538 8 8 9 9 9 7 5 1 6 4 7 4 3 2 3
422 4 2 5 3 7 2 3 3 5 2 8 2 9 9 7
535 8 1 5 8 4 4 9 8 1 9 9 7 4 1 6
524 8 6 9 8 9 8 1 4 7 6 7 1 5 2 5
15
406 2 4 9 6 4 3 6 2 3 5 3 2 3 6 3
316 3 1 1 1 5 1 1 3 5 9 1 7 2 7 3
444 6 9 3 3 1 6 1 4 6 8 2 6 5 5 6
540 8 7 7 5 3 6 1 6 3 9 5 6 5 9 9
451 4 3 8 9 2 5 2 6 6 6 4 2 3 7 7
412 4 9 1 5 6 3 1 2 5 8 5 4 2 4 8
560 5 8 8 2 7 7 8 6 8 8 2 5 3 9 6
404 1 1 3 2 1 9 5 8 1 6 9 6 5 8 8
358 4 5 3 2 2 9 5 4 4 2 1 4 5 2 7
508 8 7 3 7 4 2 7 2 4 7 8 1 8 6 1
503 8 4 2 1 2 8 8 9 9 3 6 7 5 9 8
503 6 3 9 7 4 9 3 2 9 8 8 4 5 5 7
462 4 7 8 7 6 7 6 5 2 4 9 2 5 2 9
445 9 5 3 9 1 6 2 4 4 5 8 4 5 6 2
452 9 9 5 9 4 3 4 1 6 4 6 4 7 1 3
15
397 6 2 8 1 4 6 4 9 7 1 9 1 3 4 1
482 3 1 2 6 8 4 7 5 4 9 8 6 8 8 5
562 8 3 6 9 9 4 9 9 8 5 6 2 7 4 1
470 4 8 2 1 7 9 7 2 2 7 9 9 5 3 6
400 9 5 2 7 7 3 1 7 6 1 4 7 6 2 1
402 3 8 6 8 8 5 4 3 2 1 2 9 2 6 2
394 9 5 2 1 8 6 3 3 9 5 1 4 2 2 2
536 1 9 8 9 8 6 4 8 3 8 6 5 8 4 2
506 1 2 8 6 8 8 9 7 8 5 5 4 6 3 7
511 7 8 9 4 5 1 1 7 2 9 6 1 5 7 6
463 9 1 1 7 7 5 4 9 9 1 2 5 8 6 2
412 1 8 5 3 4 1 3 8 8 1 6 5 5 8 3
430 3 9 3 8 7 7 1 3 9 3 9 5 2 1 6
428 1 2 9 7 5 2 2 5 9 9 5 2 1 6 4
487 6 9 2 4 7 8 1 5 2 5 8 7 6 9 7
15
391 7 1 6 4 1 9 6 2 9 3 2 2 6 3 6
440 5 3 4 1 8 6 1 9 9 5 6 2 5 8 5
395 2 8 4 3 5 4 4 2 9 8 4 2 2 6 4
456 4 7 2 7 8 5 1 5 3 7 7 3 7 3 9
438 4 2 6 7 5 9 4 9 6 3 3 7 1 1 9
419 5 9 4 3 1 1 7 8 4 2 4 4 7 6 3
492 3 1 7 4 5 2 4 8 9 8 6 4 7 8 3
492 9 6 2 4 5 3 7 8 5 4 5 6 3 7 9
442 9 6 9 5 8 1 2 2 6 2 2 5 3 8 3
486 9 2 1 3 8 9 6 6 9 8 6 7 1 3 9
370 4 9 2 3 4 4 1 4 2 3 9 1 9 5 6
410 1 2 9 3 3 8 4 7 1 7 3 7 7 4 2
577 5 8 5 9 3 4 3 6 8 8 8 9 9 3 9
432 2 2 3 1 6 9 2 9 6 9 9 9 1 5 1
425 1 7 4 5 9 2 9 6 3 1 6 6 5 3 8
15
364 7 4 6 2 2 2 1 4 3 4 2 9 8 4 4
497 5 9 5 6 9 8 3 1 8 1 9 7 7 7 5
491 5 5 4 6 3 9 7 6 9 7 1 3 8 2 1
430 7 1 5 4 3 6 3 7 1 6 1 8 9 1 8
517 3 2 5 9 3 5 9 9 9 3 9 9 6 2 4
434 1 3 3 6 6 5 8 4 8 1 6 7 5 7 3
421 7 9 3 1 1 4 7 4 9 3 6 1 2 6 3
427 3 7 7 1 9 9 1 7 3 2 5 2 9 5 4
413 8 3 3 6 6 7 3 7 1 1 3 7 2 9 3
534 6 2 7 5 5 1 8 9 6 7 8 7 3 5 9
448 1 6 7 2 6 6 1 6 3 7 5 6 7 9 7
440 6 7 2 4 4 5 6 7 3 4 3 6 1 7 5
415 5 3 8 2 1 6 5 6 7 7 7 6 2 2 1
422 3 8 3 1 4 3 6 2 8 7 8 4 2 5 9
486 5 1 8 7 5 2 9 2 8 2 8 5 6 7 1
15
476 2 4 4 9 8 8 6 4 4 3 3 8 8 9 9
546 5 3 8 6 9 8 5 9 7 8 8 3 3 8 5
449 2 7 2 6 9 9 5 1 7 2 5 6 8 5 1
542 8 3 8 5 9 4 8 4 6 2 8 9 5 9 3
505 4 8 2 6 7 8 8 8 9 1 4 5 2 6 7
432 9 1 2 2 1 3 8 2 8 7 6 2 3 9 9
510 8 6 3 3 5 3 5 7 6 7 3 7 6 7 7
510 4 6 6 3 9 5 4 7 9 8 5 2 5 6 2
514 2 9 2 6 8 3 9 8 2 5 4 8 7 3 8
364 2 3 7 1 1 5 2 2 4 6 8 9 7 2 1
456 4 3 9 6 5 6 4 3 3 5 5 7 8 8 3
473 2 9 5 8 7 9 3 5 9 9 1 2 2 5 4
545 4 9 8 8 2 8 6 1 5 6 9 3 9 6 6
551 9 6 7 8 8 8 9 3 5 3 5 4 8 1 9
438 4 4 6 6 8 2 3 2 6 7 3 4 3 4 7
