100 10
500 500 500 500 500 500 500 500 500 500
20
248 1 2 2 4 7 6 3 2 4 8
366 1 9 2 3 8 9 7 3 7 4
254 2 7 5 8 2 4 3 2 2 9
344 4 7 8 9 8 1 2 8 9 9
246 8 3 2 1 6 4 2 9 2 6
315 5 5 8 6 2 6 5 4 9 5
304 7 2 5 2 6 9 5 6 4 8
356 1 5 9 6 4 7 8 8 5 5
173 1 5 1 6 1 2 1 2 2 6
291 7 9 8 2 7 2 8 6 2 3
405 7 9 1 6 5 8 9 3 6 6
246 5 8 6 1 8 5 1 7 1 4
314 1 7 8 9 2 7 6 3 4 6
198 3 8 8 1 5 2 2 7 1 1
281 3 7 4 3 4 4 9 1 2 7
234 1 3 1 1 1 7 3 5 5 8
307 8 1 8 6 3 8 9 4 1 6
335 5 5 6 7 8 3 8 9 1 1
313 7 1 5 1 9 9 5 1 9 7
255 5 2 8 4 9 5 4 4 3 3
20
322 6 4 8 8 7 2 3 9 7 2
298 4 3 5 1 6 9 8 2 3 5
263 9 5 5 3 3 8 2 2 1 9
348 1 8 5 5 1 9 9 7 4 5
310 8 9 2 3 1 9 4 5 4 6
268 8 8 6 3 2 3 6 2 3 7
321 4 5 5 6 4 7 6 6 1 8
386 4 7 2 9 8 1 8 6 9 7
243 2 4 5 1 8 3 3 6 4 3
351 8 7 2 4 5 8 2 9 6 6
202 6 3 9 1 4 4 2 4 2 2
278 1 6 7 6 9 5 1 5 2 3
256 3 3 9 2 5 7 1 7 3 9
364 8 7 2 5 7 6 6 3 7 8
293 1 2 4 2 5 2 9 9 9 6
241 7 2 5 7 6 4 2 2 4 6
386 7 5 1 6 7 9 4 9 9 4
288 2 6 3 7 6 1 4 4 6 6
343 1 1 1 8 8 3 8 6 8 9
249 9 5 3 4 2 2 5 4 5 1
20
442 9 9 9 7 8 6 9 6 9 1
198 6 1 8 1 1 4 6 1 7 2
222 8 1 1 2 1 6 4 6 2 7
314 6 4 8 6 8 4 5 6 7 1
323 9 5 2 1 6 8 5 6 8 1
383 3 8 2 9 8 7 5 5 6 1
231 4 4 1 4 3 1 6 5 3 4
367 9 7 1 2 9 7 6 6 8 4
352 3 3 2 8 2 9 6 9 6 6
286 8 9 1 4 7 2 5 4 5 2
284 2 7 9 5 3 5 5 6 2 1
304 2 4 6 7 1 8 6 8 2 6
270 3 9 7 2 4 3 8 5 2 7
321 3 7 5 1 7 6 5 6 6 5
293 4 2 2 4 5 1 9 4 8 9
331 6 3 7 6 5 6 2 7 8 7
369 6 8 7 8 6 6 7 8 2 7
297 5 7 4 1 1 9 9 6 1 2
233 2 6 8 3 2 2 3 7 5 8
249 4 5 3 6 7 1 3 4 1 9
20
319 9 2 1 9 6 3 8 1 5 8
356 5 9 7 7 8 8 2 9 2 2
323 4 8 8 7 8 2 3 7 2 8
336 4 3 8 9 2 5 8 6 7 6
284 3 3 8 7 5 1 6 7 3 8
289 7 3 8 1 4 6 4 8 7 9
273 5 2 2 1 8 6 8 3 4 2
240 6 3 4 3 7 4 1 2 8 1
363 2 9 3 8 5 3 8 4 9 2
344 5 9 8 1 8 5 4 6 9 8
253 2 7 8 5 5 3 2 6 1 7
258 2 4 1 5 5 6 4 2 4 8
309 8 4 2 6 2 7 5 5 7 3
331 9 6 6 1 8 8 8 4 4 1
296 6 1 8 4 2 6 5 9 6 1
342 3 3 8 8 9 8 1 8 2 8
252 2 6 1 5 2 9 1 1 5 3
292 9 7 5 2 9 2 3 7 4 8
311 5 8 8 4 8 1 5 1 9 9
268 9 3 1 3 3 4 7 1 9 1
20
331 2 5 2 6 7 5 3 8 9 4
323 9 6 9 4 8 5 3 5 6 8
284 7 5 1 7 2 6 7 1 4 4
372 4 9 1 7 8 6 3 8 4 5
286 8 2 2 5 5 7 2 7 5 3
291 5 2 5 7 7 8 5 1 4 3
264 7 2 2 5 7 4 6 3 4 2
393 7 6 4 7 7 3 9 7 8 9
266 5 2 3 2 3 9 1 9 3 6
221 9 4 5 1 7 2 1 6 4 9
414 8 8 5 9 7 3 8 7 9 4
423 4 8 9 7 8 4 9 9 6 5
298 9 4 2 3 7 6 7 5 1 6
281 5 3 6 7 5 6 4 5 4 2
345 4 8 3 5 9 2 9 1 7 3
270 9 2 3 7 5 2 4 8 3 8
277 8 4 6 5 1 7 4 5 2 7
446 4 8 6 8 7 7 9 8 9 9
341 8 5 8 4 7 8 5 4 8 1
178 2 1 3 3 4 5 1 1 4 2
20
232 8 4 8 2 1 8 1 4 4 7
291 8 3 8 5 1 6 6 2 8 4
295 5 4 2 6 6 9 5 3 2 3
301 6 5 2 5 9 2 5 5 4 8
265 1 1 7 1 7 2 7 6 8 9
349 4 7 8 2 8 8 7 3 6 6
363 7 9 9 8 6 8 6 5 1 5
316 6 3 2 6 3 2 9 9 7 6
270 1 7 4 1 7 9 6 2 1 5
173 4 1 1 1 6 1 2 4 7 5
263 2 5 7 5 9 5 3 2 5 1
313 2 4 1 6 5 6 5 3 7 9
337 2 9 3 7 6 9 5 5 1 2
359 5 3 5 7 9 8 8 3 5 2
300 3 1 3 7 7 8 6 2 2 6
299 1 8 1 1 9 6 4 6 5 9
270 5 3 5 5 3 5 6 9 2 3
300 5 1 6 5 4 7 9 4 4 7
282 2 9 6 4 2 6 5 5 5 1
328 8 4 1 9 3 6 7 3 5 6
20
339 8 6 1 9 1 3 7 4 7 5
336 4 3 3 4 9 9 5 3 4 9
293 7 6 6 1 1 4 9 6 6 6
332 1 6 9 3 3 6 7 9 6 5
270 4 9 6 3 7 2 6 3 3 6
356 3 4 4 9 5 5 7 5 8 2
363 5 9 3 7 7 4 8 6 5 5
234 2 3 6 1 2 5 2 9 8 2
320 1 8 7 1 7 6 9 2 8 2
347 1 6 9 8 3 6 6 4 8 7
293 6 4 8 3 4 6 6 7 2 9
238 9 8 2 4 5 1 3 5 1 5
325 2 5 2 2 8 8 5 5 8 9
311 9 1 9 8 9 2 1 8 8 2
409 9 4 1 7 7 7 7 9 8 6
285 9 6 4 3 1 5 3 7 6 8
249 5 7 7 6 4 4 1 1 3 3
291 8 5 9 5 7 1 6 7 5 3
374 9 7 4 3 8 8 9 6 4 3
324 6 1 4 9 9 7 1 1 8 6
20
336 2 9 8 6 2 8 1 7 6 4
379 8 4 3 8 4 8 7 8 2 9
282 6 4 7 1 3 6 7 3 8 3
283 4 7 1 2 9 2 2 9 7 1
323 1 8 3 2 5 8 9 1 8 2
368 7 8 3 6 8 3 7 2 9 7
382 2 3 5 2 7 8 9 9 8 5
317 1 2 5 8 4 7 3 9 7 8
348 3 5 9 8 9 6 8 5 1 4
244 4 6 3 2 7 5 3 2 3 9
305 9 1 3 5 3 4 7 2 9 9
272 1 2 2 1 2 7 5 7 8 6
307 5 9 8 1 2 2 7 6 7 9
277 8 1 3 6 4 8 1 5 4 5
375 9 9 5 3 3 5 9 9 3 9
367 7 6 7 4 6 3 7 7 9 9
300 4 8 7 3 6 9 2 4 5 1
292 7 3 2 5 3 7 7 3 2 7
210 3 1 4 2 1 6 1 8 4 3
214 4 3 7 4 8 1 1 5 4 1
20
299 7 8 6 4 1 6 4 4 8 2
256 8 3 5 5 4 9 3 2 1 2
338 2 9 4 9 9 2 5 2 5 8
213 5 2 2 1 6 3 1 9 2 8
273 1 2 3 5 1 7 7 8 2 7
387 6 5 6 5 6 9 9 9 4 3
288 7 7 6 2 4 5 1 9 5 9
336 1 9 6 9 5 1 8 3 6 7
176 1 2 9 4 2 4 2 2 3 2
284 3 4 3 9 7 2 7 1 5 6
350 2 8 1 8 9 8 1 8 4 2
278 7 1 6 7 5 2 8 7 3 4
271 4 7 4 1 6 7 7 2 2 2
301 7 3 7 6 8 8 3 7 2 1
338 5 5 1 7 7 9 4 3 4 5
375 3 9 1 6 9 3 6 8 7 1
357 5 8 9 6 6 9 5 3 3 9
270 6 5 6 6 5 6 4 1 2 2
325 8 2 9 2 4 8 6 7 6 7
332 8 6 8 7 1 5 9 5 2 7
20
260 5 3 2 2 8 5 1 9 6 1
267 1 7 3 5 3 4 2 6 5 7
272 5 1 4 8 1 6 4 8 1 5
185 8 2 4 3 1 1 3 7 1 7
237 4 4 1 6 3 2 9 1 2 4
332 6 8 9 8 5 4 6 4 4 7
387 4 9 2 8 6 6 7 7 6 3
269 4 2 4 6 8 2 8 4 3 4
233 8 2 9 1 4 6 6 5 1 4
413 7 7 6 9 6 3 8 6 8 9
213 8 1 9 5 1 1 5 3 8 1
352 4 9 2 4 1 8 8 7 6 7
309 2 4 4 9 1 5 6 5 8 1
239 7 8 2 3 1 3 1 9 4 4
268 4 6 9 2 5 7 1 4 8 1
213 4 5 6 1 3 5 3 2 6 2
341 5 6 3 6 7 5 5 4 9 6
336 4 7 6 6 6 5 7 8 1 4
343 1 6 8 9 7 8 4 4 4 7
328 5 5 3 6 7 3 7 3 9 6
20
327 1 8 6 5 9 9 3 6 2 2
322 8 1 7 5 3 8 8 9 3 3
350 3 5 6 5 8 3 8 9 4 9
355 3 7 9 7 4 3 7 7 6 6
384 6 9 4 9 2 9 4 5 5 8
354 3 7 4 9 6 2 5 9 8 7
367 8 7 3 8 3 6 6 8 6 1
324 9 4 5 4 4 2 6 7 9 8
333 7 2 7 6 9 1 9 7 7 5
393 9 6 1 8 1 9 8 7 3 9
233 4 2 1 8 5 6 2 1 1 4
327 9 8 1 5 4 4 8 1 9 2
297 7 7 8 2 9 5 3 6 2 6
258 1 7 2 8 8 1 3 4 1 1
286 8 4 7 1 5 1 9 9 3 2
231 6 7 5 4 4 1 3 4 3 6
310 3 6 5 9 5 3 4 7 6 3
361 6 5 6 1 8 6 9 5 9 3
205 7 5 5 4 3 1 2 1 4 3
329 4 7 4 9 4 4 8 5 3 7
20
323 7 8 6 8 4 4 4 4 5 1
335 8 5 9 1 7 8 7 6 4 9
374 8 7 6 4 8 5 8 9 1 8
271 4 8 9 6 9 1 2 5 3 5
274 5 1 5 8 2 1 4 6 8 7
243 5 4 1 4 4 5 3 2 7 1
354 5 6 4 5 9 9 4 8 4 4
292 7 5 2 6 2 2 7 9 2 9
217 9 1 3 7 6 1 1 5 1 4
293 3 4 8 6 5 7 6 4 1 4
299 4 1 2 3 6 8 3 7 9 4
298 2 5 2 5 9 3 8 8 1 5
363 9 8 4 9 2 2 9 3 8 9
230 1 2 9 8 1 3 3 1 9 6
385 4 8 7 7 7 9 6 3 6 4
234 4 4 4 7 2 1 7 1 4 7
228 5 2 7 5 9 3 5 1 1 5
297 8 6 6 1 8 2 4 3 9 8
347 2 1 9 8 4 7 7 6 7 3
312 8 2 6 9 8 6 2 2 7 4
20
237 2 5 5 2 3 5 6 2 5 7
425 5 9 5 7 8 7 9 2 7 9
313 6 1 2 7 8 3 5 7 8 7
258 5 6 6 8 3 7 3 1 1 5
198 1 3 3 2 5 1 8 2 3 4
277 8 2 3 4 3 8 5 3 5 1
287 7 1 5 1 7 8 5 6 3 4
296 7 4 6 6 3 3 7 8 4 3
274 7 6 5 5 2 2 6 2 6 7
372 8 7 1 9 9 9 2 6 4 1
420 6 5 7 9 6 7 8 6 7 7
294 8 2 4 9 8 6 2 3 4 4
324 6 7 2 5 9 5 2 7 6 5
363 8 7 3 3 6 8 9 2 7 9
273 7 1 5 1 7 6 3 6 6 6
280 9 8 4 7 3 5 2 4 4 1
339 3 5 3 6 6 6 7 5 4 9
330 8 3 9 7 8 2 8 7 1 6
345 7 9 7 6 8 3 8 1 8 2
211 5 2 3 6 4 3 6 2 2 2
20
212 8 2 4 1 8 1 2 2 7 3
326 1 5 5 3 5 7 9 6 6 6
298 6 9 2 3 3 4 5 5 5 6
385 7 4 9 6 9 9 8 9 2 5
421 5 6 1 5 9 7 8 8 9 7
331 3 8 3 9 3 2 9 7 3 1
336 1 5 1 6 7 3 7 7 9 1
205 9 2 5 1 3 8 3 3 2 2
244 4 5 8 2 6 7 1 7 1 8
394 5 2 3 9 7 7 8 4 9 6
290 8 9 2 3 7 3 9 3 1 2
255 8 1 4 3 9 4 1 8 5 4
305 5 8 9 3 3 8 5 8 2 3
336 2 7 5 2 9 8 3 7 4 7
346 1 4 8 2 5 8 7 9 6 6
275 4 3 1 2 1 5 6 8 7 9
311 6 4 6 3 3 9 6 5 2 9
296 9 9 8 5 7 3 5 1 5 3
309 3 3 2 7 1 9 2 4 7 8
290 6 4 1 9 6 6 2 6 1 9
20
373 5 7 3 8 7 9 5 1 6 3
311 3 7 4 4 3 4 5 6 9 6
341 7 5 6 7 1 7 9 2 5 9
294 3 9 6 1 7 1 9 4 3 8
302 6 6 1 3 3 6 7 5 3 9
196 6 1 9 5 5 1 4 4 2 4
289 5 7 1 7 4 4 2 6 4 4
293 8 7 1 9 3 4 3 4 4 3
253 6 8 1 4 1 4 6 4 2 1
397 9 8 2 9 7 3 8 3 7 6
306 5 1 2 5 4 5 5 8 8 4
347 9 2 2 8 9 6 5 5 5 4
345 8 6 3 5 9 6 9 2 3 6
314 6 9 8 2 3 2 8 9 3 4
301 4 3 3 5 6 2 8 6 6 1
268 2 1 6 7 9 3 8 1 3 1
332 9 4 9 4 6 5 7 6 5 2
241 6 5 3 5 1 6 3 3 2 7
354 7 3 6 7 2 7 9 3 8 8
307 1 6 4 1 9 8 9 3 3 1
20
388 6 1 8 8 3 8 6 9 9 8
328 2 1 8 9 2 5 4 8 8 8
145 4 1 5 4 2 1 1 1 3 6
241 9 4 2 1 2 8 2 7 2 7
403 3 8 2 1 7 9 9 7 9 4
328 3 6 4 9 3 3 8 7 2 8
293 1 7 1 2 5 4 4 8 7 8
230 2 4 9 5 1 6 1 7 1 5
250 2 5 7 7 2 1 5 4 6 7
314 9 7 5 9 6 1 6 1 4 9
303 8 5 7 5 9 5 1 2 6 5
328 2 4 2 7 7 6 9 5 2 2
254 6 4 4 3 1 8 5 2 4 8
253 5 4 8 6 9 2 3 3 2 6
264 8 5 1 7 6 2 3 8 1 5
262 2 7 9 3 8 2 8 4 2 1
334 2 4 9 7 7 9 6 6 2 4
301 4 2 8 6 6 3 7 6 5 7
279 2 9 4 7 5 3 6 3 2 4
269 5 4 7 1 3 3 8 4 6 8
20
297 7 7 5 5 2 2 4 5 8 8
254 3 6 3 7 2 3 8 1 2 1
284 3 5 1 8 1 5 8 3 2 2
230 6 3 3 2 1 4 3 4 8 6
348 1 8 9 5 5 4 9 7 5 9
238 3 3 5 3 5 2 5 7 4 5
353 6 9 8 7 7 2 7 6 6 1
214 3 3 9 3 2 2 4 5 6 8
246 2 7 6 2 1 5 1 7 7 8
198 3 4 2 4 5 1 1 4 5 6
260 6 7 8 2 2 1 3 6 9 2
256 3 4 6 3 4 6 2 7 5 2
311 6 6 6 2 6 5 8 7 3 3
337 5 6 9 5 1 1 8 9 9 8
277 1 4 5 9 5 1 9 1 5 7
323 9 2 5 6 1 3 7 9 9 9
278 6 9 2 8 7 5 2 2 1 2
302 7 3 8 8 2 2 6 5 7 7
293 6 3 1 6 4 6 7 5 2 6
270 8 3 4 9 5 2 1 6 5 7
20
245 6 2 7 7 3 4 1 6 4 8
282 4 3 8 6 5 1 6 4 7 6
283 8 7 2 5 4 1 6 1 9 3
288 6 4 2 6 3 7 4 4 4 9
282 1 4 1 7 3 4 9 5 3 5
288 5 6 4 5 1 5 9 1 4 1
258 4 5 1 6 7 2 1 9 3 5
236 6 8 8 1 1 2 9 1 5 1
316 5 9 5 1 5 6 9 1 8 1
227 4 5 3 2 4 7 3 1 3 2
276 5 1 7 8 5 9 2 1 3 5
355 7 7 3 6 6 6 1 5 9 7
271 3 4 2 9 7 3 1 6 6 1
300 9 6 1 3 6 5 6 4 6 5
308 4 6 5 3 9 2 6 5 5 6
356 8 4 4 5 9 8 3 5 9 6
218 8 1 9 5 3 2 6 1 2 3
336 1 8 1 7 1 5 7 6 8 7
338 7 3 5 9 2 9 2 6 6 4
289 3 1 3 8 2 6 7 8 1 6
20
320 4 3 4 8 3 4 7 9 6 4
222 9 5 5 1 2 2 7 5 2 7
276 1 2 1 8 5 6 5 2 3 8
308 6 1 1 2 3 9 5 4 9 8
351 7 7 5 4 5 8 8 5 3 3
338 4 7 3 6 9 5 8 4 2 3
326 7 2 1 6 5 5 8 2 7 7
272 7 8 2 1 5 3 2 6 6 4
321 3 4 8 9 2 9 5 3 3 8
250 7 1 8 8 2 7 1 2 4 5
278 9 7 2 2 3 4 6 3 6 8
294 5 5 4 8 4 6 1 8 1 6
293 8 8 2 4 8 3 5 6 3 3
205 5 3 6 5 3 5 1 2 3 9
357 4 8 6 4 9 7 5 7 4 5
258 3 5 5 4 2 5 2 2 9 1
317 8 9 4 4 6 4 5 4 6 6
351 8 4 2 8 1 9 4 7 7 8
330 9 7 1 1 4 9 5 5 5 5
327 7 9 2 3 8 4 3 5 6 6
20
319 9 8 8 7 8 3 3 7 2 1
231 9 9 9 1 6 1 1 3 6 2
359 8 9 1 4 9 5 4 6 6 6
250 3 3 6 2 2 2 4 9 9 2
248 8 2 7 6 6 2 4 1 8 3
352 1 9 2 9 7 1 9 6 3 6
225 1 7 2 4 3 6 1 6 1 5
398 5 9 7 4 6 8 7 7 7 6
355 7 3 7 8 6 6 6 4 7 2
291 6 5 9 4 6 3 1 9 4 9
266 4 1 8 3 7 7 1 7 7 4
336 1 6 3 7 7 5 7 5 4 3
309 8 2 7 2 9 6 6 7 5 1
255 8 8 4 2 3 2 4 6 6 4
304 4 4 2 7 7 7 6 4 1 1
326 2 8 4 4 9 9 1 7 5 2
200 4 1 8 1 3 5 3 5 2 5
361 9 6 3 9 1 8 4 4 8 1
362 5 7 8 9 2 9 5 2 7 5
273 2 4 4 7 1 9 7 2 1 4
20
311 9 2 6 7 1 9 9 1 1 5
377 8 9 4 9 9 3 8 2 3 9
355 9 2 3 9 4 4 5 9 9 7
234 8 3 3 6 3 2 3 9 2 4
304 6 6 2 2 4 4 5 9 6 3
368 4 4 9 6 7 5 6 8 9 1
286 7 1 8 3 7 2 7 8 3 9
367 9 4 9 5 3 7 7 8 7 6
301 8 3 1 9 6 6 2 6 5 1
250 6 4 9 9 4 1 5 1 3 8
315 4 7 1 9 7 6 4 2 2 5
252 6 1 2 3 4 3 2 9 6 6
291 8 9 3 6 4 6 2 3 5 1
285 4 4 5 4 8 3 5 8 2 4
196 4 6 2 4 2 2 2 7 1 6
334 9 8 5 1 5 8 3 6 7 1
319 5 1 4 8 6 3 7 6 9 2
243 9 6 5 3 2 4 2 5 3 5
262 1 1 9 5 4 8 7 3 2 2
321 8 7 5 4 2 7 2 8 6 5
20
329 3 3 5 7 1 7 8 9 4 9
362 5 1 1 7 9 6 9 8 5 1
246 2 7 2 3 7 5 2 5 1 6
231 1 7 3 4 2 2 6 5 4 2
275 1 3 8 1 7 6 3 6 6 8
293 4 7 2 1 5 7 8 5 3 1
285 2 5 8 6 9 3 1 4 5 9
318 6 9 9 1 6 3 6 9 5 1
282 1 1 1 6 8 5 6 2 7 7
325 9 7 5 1 7 9 8 3 2 3
313 1 5 6 4 7 6 7 9 2 1
269 9 8 3 1 3 1 8 3 8 1
358 1 9 2 5 9 9 6 4 1 6
349 4 4 3 2 9 6 9 8 4 5
235 7 3 2 2 1 7 3 5 1 8
332 8 6 7 5 2 2 9 7 6 2
274 4 7 2 9 3 4 3 4 2 9
273 3 5 2 4 4 1 9 3 6 1
284 2 4 5 9 4 3 5 8 3 6
396 2 4 5 4 7 9 8 9 7 9
20
204 2 2 2 1 4 4 7 1 6 4
322 7 9 3 1 7 6 1 6 8 6
341 2 6 6 5 4 8 9 4 2 8
279 3 6 3 5 7 7 1 3 3 3
330 6 8 7 2 6 7 1 7 9 7
336 5 3 4 9 8 6 2 7 7 1
255 2 7 9 5 3 3 3 7 2 6
291 6 3 1 4 8 6 6 2 5 5
282 5 9 7 8 1 2 1 5 8 5
246 8 7 3 4 7 1 3 2 4 9
274 5 9 6 2 6 2 8 2 5 3
356 1 9 6 7 3 7 9 8 1 9
225 2 8 6 1 6 2 1 5 5 9
274 4 7 8 2 3 8 4 1 7 5
267 8 3 9 4 5 4 2 1 8 9
386 5 8 8 6 8 9 2 8 4 8
364 2 8 9 6 8 7 4 8 4 6
265 2 1 6 6 6 7 2 8 2 8
172 7 1 8 1 6 4 1 3 3 1
298 5 6 1 1 6 8 4 9 5 1
20
293 8 7 5 3 1 4 4 5 8 4
357 7 7 6 1 8 8 3 7 7 8
389 8 5 2 5 9 9 8 6 5 3
336 5 8 3 5 5 8 2 5 8 3
244 8 3 1 6 4 3 1 1 6 9
245 6 2 6 3 3 1 5 8 6 9
269 7 4 8 7 5 4 1 1 9 3
267 5 5 3 7 2 1 2 6 9 6
289 7 4 7 3 1 3 9 8 4 8
350 4 5 8 7 1 3 6 8 9 9
352 2 1 5 9 9 5 7 6 8 4
356 4 5 6 5 1 9 4 8 9 6
364 2 6 7 9 7 9 5 4 2 9
351 7 9 9 8 2 7 7 5 3 2
303 1 3 1 8 5 9 5 2 2 6
222 5 2 2 2 1 4 2 8 7 9
266 1 8 6 5 3 2 4 7 2 9
275 8 3 4 3 8 1 9 9 1 5
279 7 8 8 3 5 1 7 1 8 1
442 6 3 7 9 7 9 9 9 8 7
20
255 2 3 7 8 5 3 3 2 8 3
364 7 9 3 7 3 2 9 3 9 9
304 8 7 6 7 1 3 6 5 6 1
362 4 4 7 9 6 4 9 8 3 3
294 1 1 7 3 5 7 6 8 5 6
376 6 8 3 5 8 8 4 4 9 9
187 3 3 8 1 4 2 7 2 1 3
289 4 9 9 3 9 3 6 5 2 3
292 2 5 5 1 1 3 9 9 7 7
238 4 4 7 6 3 4 2 8 2 1
264 1 9 4 3 6 7 2 1 3 8
191 1 3 7 6 3 2 2 6 1 4
308 3 7 9 5 3 6 7 4 5 5
362 2 7 6 7 6 9 1 5 8 6
223 1 7 1 3 5 4 2 3 1 9
321 3 9 9 5 6 5 3 2 9 2
219 5 2 4 6 5 6 2 3 1 3
256 7 2 9 6 6 2 4 6 4 1
242 2 4 1 4 3 8 2 6 2 4
178 5 2 7 1 7 3 2 5 2 1
20
298 4 5 1 7 1 1 6 5 9 7
291 7 6 5 4 6 6 8 1 2 2
283 1 8 8 9 3 6 1 5 2 4
309 3 6 7 4 4 2 8 8 4 9
373 8 5 7 2 9 8 5 9 6 8
238 6 1 3 7 1 9 3 2 2 6
298 1 7 5 2 8 8 7 3 1 8
238 8 2 3 3 2 9 4 1 2 8
331 9 9 3 8 2 6 8 1 3 1
339 4 5 7 6 2 3 9 6 9 5
349 5 2 8 9 9 2 7 5 9 3
257 2 1 3 9 1 5 4 9 1 1
378 6 1 2 8 5 7 8 7 9 8
322 4 4 7 8 1 5 7 3 9 8
203 3 1 8 5 5 2 3 4 3 4
262 7 4 5 3 6 5 6 1 2 4
344 5 8 2 3 8 8 4 6 5 6
292 3 3 8 3 8 9 2 8 2 9
306 5 3 9 5 2 6 7 3 7 8
369 8 8 5 5 1 7 6 7 9 5
20
251 4 8 9 7 1 6 1 5 1 5
348 9 8 3 4 4 5 4 6 9 3
359 8 7 2 7 8 8 3 3 7 5
199 4 2 7 5 5 4 2 2 3 5
329 1 1 3 9 6 3 5 9 7 8
319 1 1 8 9 2 8 8 2 4 8
311 7 3 9 9 5 3 5 1 9 7
359 6 9 3 8 1 2 8 6 9 5
273 9 5 5 2 5 2 4 8 5 9
301 6 6 8 2 7 2 7 5 8 1
304 3 1 1 3 8 8 2 8 7 9
337 4 8 9 9 4 6 6 2 1 7
372 9 8 5 5 9 7 4 4 6 4
250 3 8 5 4 4 2 6 2 5 1
214 9 5 5 1 2 1 8 6 1 1
347 6 1 3 8 9 5 4 8 7 7
314 9 7 5 6 9 3 3 6 2 5
339 5 4 7 8 6 2 5 8 7 3
310 3 8 3 3 7 2 5 5 9 8
241 5 2 8 1 1 8 3 7 3 1
20
271 2 9 5 1 1 4 4 9 5 3
259 2 1 7 7 1 1 8 4 7 5
296 5 3 9 3 4 9 9 2 1 3
294 8 6 5 2 8 7 2 6 5 1
260 4 3 3 4 9 2 4 4 5 6
291 1 2 8 8 6 9 2 8 1 3
178 9 2 9 1 3 1 1 4 5 8
373 2 9 7 7 8 5 9 1 5 7
297 2 1 5 5 8 8 4 1 6 8
317 3 2 8 9 8 5 5 9 2 5
328 5 6 2 3 4 9 3 5 7 6
326 5 4 4 3 9 9 1 1 9 9
344 4 9 4 2 9 8 3 5 7 9
336 4 7 1 3 8 5 8 6 4 3
330 9 9 4 3 1 7 8 3 6 3
277 4 1 7 6 2 7 2 4 6 9
262 6 4 6 8 1 4 3 9 1 6
265 4 3 4 3 2 5 2 7 9 5
240 7 3 7 2 2 3 1 8 7 3
331 6 9 9 6 4 3 5 2 8 3
20
335 3 6 3 7 8 4 4 6 9 4
346 6 3 8 3 7 9 3 9 6 6
292 5 9 3 3 6 9 3 3 2 2
270 5 4 4 6 8 1 6 7 1 4
336 2 9 3 4 2 3 8 9 9 4
246 8 6 4 4 5 1 4 2 4 2
318 7 2 4 9 2 8 6 3 3 6
247 3 7 2 3 5 2 1 6 8 3
482 7 9 8 8 8 7 9 9 8 4
271 4 2 6 8 2 4 5 3 5 3
386 6 7 9 5 7 8 9 2 8 6
346 6 9 3 8 3 8 1 6 4 7
335 1 4 7 9 6 9 8 3 1 1
285 8 6 2 4 3 5 6 6 2 8
310 3 9 9 6 1 4 2 7 8 9
218 5 4 8 3 1 2 1 3 9 4
370 4 7 7 9 8 7 7 3 1 5
340 7 7 5 4 1 6 3 7 9 9
358 2 8 9 9 6 8 7 4 1 1
302 7 4 1 2 4 8 7 1 5 8
20
303 4 5 1 8 3 8 1 8 5 2
297 9 6 9 5 2 1 5 8 4 9
272 9 7 3 4 5 1 2 9 4 4
300 1 3 9 7 3 6 7 6 1 7
329 9 6 8 4 1 9 5 6 6 3
249 7 1 6 7 4 2 3 5 4 8
339 4 9 4 6 5 9 5 2 4 3
304 4 6 1 4 8 6 9 1 3 6
289 3 1 3 4 7 8 1 7 5 6
298 5 5 5 1 6 7 3 7 7 7
382 3 3 2 9 6 9 3 8 7 6
322 9 4 2 8 6 9 3 2 5 4
321 7 4 5 7 4 7 8 2 1 8
307 9 2 1 7 7 9 1 7 4 2
311 7 3 9 5 6 6 4 1 9 6
327 9 6 4 3 9 5 5 3 7 8
316 5 8 6 5 7 1 4 4 8 5
298 9 4 4 1 4 5 1 9 9 7
282 1 1 7 4 8 8 1 3 8 6
307 8 4 6 3 6 4 4 6 7 5
20
243 3 2 5 1 1 9 3 6 6 5
314 1 7 2 2 2 9 7 8 3 2
351 6 7 3 3 7 4 9 9 4 5
379 2 4 2 4 6 9 9 9 5 9
272 8 4 3 7 1 6 5 7 1 1
266 4 4 6 6 5 2 1 6 7 8
343 3 8 5 8 1 1 7 8 8 5
272 7 7 5 2 4 3 8 2 4 9
292 6 3 5 7 6 1 8 4 5 4
307 4 2 2 6 6 7 8 6 2 3
245 4 1 2 2 2 3 3 9 8 6
199 1 8 6 1 5 2 2 1 3 6
372 1 8 3 9 5 7 9 5 4 2
340 6 6 5 9 5 9 1 9 3 3
254 4 2 7 5 8 4 3 2 5 9
306 2 9 6 6 4 3 2 6 7 6
180 2 5 1 3 3 3 1 5 4 1
292 5 7 2 5 2 5 4 4 7 6
226 9 3 3 2 2 6 1 7 3 1
170 3 4 9 4 2 1 3 2 3 2
20
288 8 4 4 3 5 8 3 1 8 9
246 4 8 7 3 3 2 5 7 2 1
296 8 1 9 4 2 6 9 4 8 1
267 7 5 5 5 1 6 2 1 8 2
319 6 8 5 3 4 2 8 2 9 7
340 8 4 9 2 5 6 9 3 8 4
321 6 2 9 9 7 4 3 8 5 2
236 2 8 9 2 7 1 1 5 4 8
230 3 4 2 1 5 3 6 1 8 6
246 5 8 4 4 6 5 3 2 2 1
300 3 1 7 8 3 1 9 9 5 4
320 5 1 8 9 1 8 2 8 8 7
348 4 8 3 9 2 9 5 1 5 5
231 8 3 2 2 2 1 8 8 3 1
298 9 4 9 2 3 8 8 1 7 3
310 8 8 7 4 3 9 3 5 2 2
380 8 8 7 7 5 7 4 4 7 9
316 2 1 3 8 8 7 7 6 1 7
403 9 5 3 7 9 9 5 6 6 1
247 4 8 4 1 4 4 3 2 8 7
20
228 1 3 3 4 3 4 3 9 2 1
254 7 1 6 7 2 6 6 2 2 4
335 5 6 5 8 8 1 8 5 4 6
314 1 8 4 6 9 4 6 6 1 6
279 3 4 7 6 5 3 6 4 4 9
233 9 4 9 3 2 1 6 4 6 2
412 5 8 8 8 5 6 6 8 8 3
206 3 4 2 7 1 3 3 1 2 7
350 5 8 2 5 8 7 4 9 2 4
180 9 2 1 1 2 5 2 2 4 6
283 5 6 9 7 1 2 8 7 1 6
325 6 4 4 7 7 4 5 8 7 1
295 3 6 9 1 1 3 7 8 8 4
226 8 7 9 3 2 4 2 7 1 2
272 3 1 5 1 6 9 8 5 1 2
243 8 1 9 3 9 2 4 3 5 5
220 3 2 2 1 7 3 4 2 7 8
306 9 6 3 3 1 9 7 1 4 9
274 5 3 6 5 8 2 4 1 6 9
179 2 7 2 1 6 1 3 2 2 8
20
263 4 9 7 3 5 1 6 7 1 4
307 8 5 6 7 7 2 2 3 9 4
420 5 6 6 7 7 8 8 6 6 9
234 4 2 2 3 6 1 5 5 4 9
366 4 9 9 5 6 4 9 9 1 7
302 5 4 4 9 7 3 8 2 2 8
302 3 2 2 6 6 5 7 7 3 4
276 4 6 1 3 7 7 5 2 3 8
293 8 6 9 8 2 1 5 9 1 7
245 7 3 7 4 7 1 6 5 2 7
212 4 2 9 6 5 1 2 2 4 8
238 5 1 3 1 2 4 1 9 9 9
228 4 7 6 1 5 5 3 3 3 6
258 5 7 8 4 1 9 3 3 1 2
277 2 4 7 2 8 6 5 1 7 1
262 2 5 4 1 7 6 4 8 2 8
325 8 1 1 9 6 5 7 3 7 7
296 2 9 6 8 2 1 3 3 7 9
231 4 5 5 5 3 3 1 9 1 8
255 8 5 2 5 6 1 3 4 4 7
20
317 9 3 6 6 3 7 6 4 3 9
288 4 6 9 2 4 2 5 6 7 7
370 6 7 2 7 2 6 7 7 9 5
347 9 9 9 1 5 7 9 3 6 6
296 7 1 8 1 9 5 6 6 4 7
208 1 8 2 3 3 1 3 9 1 2
281 6 2 5 3 6 9 3 5 4 5
265 4 6 5 4 8 1 1 3 7 7
282 7 4 9 8 2 5 3 1 8 5
189 1 1 5 4 2 2 4 8 3 4
344 1 5 1 2 8 8 7 7 7 2
264 3 8 2 4 2 6 1 4 6 7
399 6 8 2 8 3 7 5 6 9 5
285 8 5 5 6 5 7 6 1 2 4
274 8 5 8 2 8 1 7 7 3 4
356 7 5 7 8 5 7 6 7 1 6
261 1 2 1 9 1 6 1 6 6 1
281 9 1 2 6 7 1 7 4 3 8
262 3 8 5 2 1 5 1 6 8 3
331 4 7 7 7 1 8 5 1 9 5
20
345 8 5 6 7 6 4 7 5 7 2
318 6 7 8 4 1 5 5 7 7 1
340 8 3 8 8 1 9 5 3 6 7
360 6 7 7 7 3 9 5 6 3 8
325 9 7 9 9 7 5 1 3 2 6
262 6 7 3 9 3 4 2 1 3 9
309 2 1 4 6 6 6 4 4 8 9
292 4 5 8 4 5 9 2 9 1 1
278 3 4 2 5 9 7 5 3 1 3
225 9 1 5 1 6 1 3 2 9 8
264 5 4 5 5 9 5 6 1 1 6
239 3 6 1 3 1 3 5 4 7 4
314 6 8 1 3 1 9 5 6 5 3
314 4 8 6 1 4 9 3 7 3 9
263 6 3 6 3 5 2 2 9 7 4
260 7 1 5 2 6 4 8 1 6 5
239 4 4 3 2 9 4 5 3 2 2
337 7 5 2 9 1 1 8 8 7 6
227 4 4 4 2 4 1 1 9 4 8
280 8 9 1 1 6 3 5 5 5 4
20
250 5 1 7 5 3 6 1 6 5 7
223 5 2 7 5 5 3 1 1 8 7
229 2 8 8 1 1 2 3 8 3 6
304 2 9 2 2 4 6 3 5 9 2
260 1 7 1 9 1 6 2 7 2 1
324 2 7 2 9 6 8 4 1 1 7
353 7 3 3 8 8 6 3 6 8 2
238 9 3 9 4 3 1 9 1 2 6
290 4 2 2 5 5 8 2 7 4 7
238 1 7 8 2 6 1 4 2 8 5
284 5 5 2 7 3 4 2 4 7 3
276 7 2 3 8 7 1 9 4 1 5
391 1 9 8 8 7 8 5 6 4 6
314 7 7 2 4 8 6 4 4 7 1
321 9 4 8 2 9 6 7 2 5 1
313 3 6 1 5 1 6 6 3 9 6
268 2 2 1 6 2 9 7 1 5 2
188 5 4 6 5 1 2 1 2 4 5
276 3 2 7 3 7 6 7 5 2 2
227 2 6 3 2 3 3 8 2 2 6
20
276 5 7 9 2 9 3 2 8 3 9
198 6 3 4 2 2 2 3 8 3 2
252 3 7 4 2 7 5 1 4 5 4
231 2 4 4 1 2 1 7 9 2 7
312 8 1 7 2 3 6 8 6 7 6
361 3 9 1 8 8 1 9 7 4 4
290 2 4 7 7 9 1 7 3 7 1
358 1 6 2 7 9 6 5 9 4 6
366 6 8 5 5 4 9 7 1 9 8
285 1 6 4 6 6 3 8 7 2 2
327 1 9 9 9 9 2 1 9 3 5
338 1 7 6 8 5 4 8 8 3 6
292 8 1 2 1 7 2 9 7 8 7
301 2 6 7 5 3 9 3 9 1 8
310 1 7 5 4 3 8 4 3 7 3
304 7 1 9 6 5 4 9 8 1 9
239 2 1 1 8 1 1 5 6 5 3
321 8 1 9 8 2 8 9 2 5 6
313 7 3 7 2 9 7 3 8 6 2
268 8 7 1 8 4 2 6 2 3 3
20
348 7 5 7 2 8 5 6 8 6 6
279 1 3 9 7 4 7 5 2 1 8
391 9 6 4 7 6 9 5 2 9 8
207 1 5 2 5 1 3 6 3 3 2
255 4 6 3 1 2 8 4 3 6 4
258 9 1 2 2 2 8 2 9 6 4
240 2 3 8 6 5 1 8 4 3 3
261 7 1 2 2 2 4 4 5 9 8
287 9 9 7 5 1 6 8 1 2 1
344 4 2 2 9 9 1 9 6 9 4
273 6 3 5 1 3 9 6 3 3 6
302 9 5 1 2 3 9 9 3 3 6
255 7 5 7 9 2 1 2 1 7 3
285 5 6 5 7 4 3 9 1 2 2
299 7 5 3 6 2 4 8 6 3 4
282 6 1 7 7 6 2 6 6 4 4
286 1 3 2 2 2 9 4 5 9 1
382 1 6 8 6 5 6 8 8 7 9
375 7 7 8 9 7 5 5 6 3 9
365 6 7 2 5 5 9 9 1 8 3
20
268 1 9 8 6 3 1 2 8 5 6
240 6 2 3 7 3 2 5 4 6 3
352 4 6 9 7 1 8 6 8 6 8
256 1 1 3 8 6 4 6 1 5 2
345 1 9 4 4 6 7 3 7 9 2
311 7 5 6 2 6 8 6 3 5 6
302 5 7 6 5 1 8 6 2 4 4
359 2 9 6 1 5 9 5 9 6 6
359 7 2 4 2 6 9 9 6 7 3
274 6 3 4 5 7 3 7 1 4 4
359 7 5 1 9 6 8 7 7 1 1
270 4 1 4 6 5 4 5 5 3 8
296 7 3 4 8 2 5 7 7 2 5
320 6 3 2 4 9 5 8 1 9 1
276 9 3 1 1 3 3 8 9 5 1
310 8 8 4 5 1 6 5 5 6 3
345 2 9 9 7 2 3 7 8 5 5
261 1 7 2 6 1 2 4 6 6 5
261 4 2 5 6 7 2 7 1 7 1
296 1 8 4 2 4 8 3 4 6 3
20
225 5 2 3 1 3 3 4 9 5 7
339 1 2 9 1 8 8 7 9 7 4
306 3 1 6 2 6 9 3 8 8 5
356 4 7 5 8 5 9 3 4 5 9
331 3 8 9 7 5 8 2 3 4 8
284 5 4 8 1 8 8 2 8 1 9
227 4 3 5 4 7 2 4 1 6 3
298 8 2 7 8 3 5 1 6 7 8
280 2 5 2 6 7 7 3 3 4 5
311 5 6 5 2 9 8 3 6 5 2
208 1 2 7 6 5 3 1 8 2 1
379 8 1 5 9 6 9 8 1 9 3
322 2 7 8 4 8 4 9 1 7 6
292 5 1 2 2 7 4 9 2 7 8
329 7 4 6 7 6 5 2 4 8 8
360 7 7 3 1 8 9 4 8 6 7
282 3 4 1 2 4 1 8 9 6 3
353 6 9 8 8 5 1 4 9 6 3
292 3 4 5 5 5 4 6 3 6 5
267 9 7 5 1 3 4 3 3 8 4
20
295 8 5 2 1 1 4 5 9 7 8
346 4 9 4 1 5 9 9 5 4 2
281 7 1 2 6 3 6 6 4 6 3
354 3 6 8 5 5 9 3 7 8 5
342 6 8 8 6 1 5 7 7 4 5
346 4 5 3 8 3 6 6 8 8 1
233 1 2 6 3 4 4 2 4 9 6
273 1 4 3 3 9 7 5 6 1 5
294 8 6 6 7 3 2 7 9 1 3
316 6 8 6 1 7 2 3 9 8 5
372 2 6 1 9 8 5 6 8 6 7
249 6 3 7 9 6 2 2 5 2 6
355 1 9 2 9 5 8 3 5 4 4
274 2 8 8 2 5 9 4 2 3 3
427 7 7 6 9 9 7 8 6 5 6
333 5 6 5 6 8 5 7 6 2 4
332 6 2 1 5 9 2 9 9 5 9
309 7 2 7 4 5 8 6 6 5 4
317 6 4 2 7 6 4 8 6 1 7
338 2 4 5 4 6 8 9 5 3 4
20
221 1 8 8 2 2 4 1 1 9 4
285 9 3 2 1 7 8 7 5 1 7
275 7 2 2 5 6 2 2 9 6 9
255 1 1 7 7 5 5 4 1 6 5
227 2 3 3 4 4 1 7 5 3 4
276 8 1 9 9 8 1 8 3 2 2
338 1 9 3 7 4 1 8 8 5 4
309 5 1 2 5 8 9 6 5 3 2
183 3 4 4 4 1 2 2 5 4 1
230 5 2 2 6 2 2 5 3 4 5
344 2 4 9 6 8 9 3 4 8 4
423 9 8 2 5 4 9 9 8 6 1
252 1 8 8 1 2 7 2 6 4 1
322 8 8 7 1 6 4 8 6 4 5
371 1 9 2 2 9 7 8 8 7 1
236 1 5 2 5 6 3 3 6 2 3
237 8 1 1 3 1 3 6 7 5 2
307 6 4 4 2 2 2 9 9 9 1
269 3 2 6 4 1 8 5 3 9 4
264 5 8 6 5 7 4 5 2 1 1
20
314 1 5 2 6 5 7 8 7 1 5
340 8 2 4 8 6 3 6 7 9 5
228 2 4 2 2 9 1 8 5 1 2
265 5 6 8 2 7 6 5 3 2 6
255 3 3 9 4 2 2 8 8 3 8
338 1 5 6 4 4 8 9 5 5 1
323 1 7 8 2 6 1 9 7 8 9
221 1 7 3 5 2 1 2 3 7 3
203 2 1 5 1 2 5 1 1 9 7
384 6 7 9 1 8 8 6 9 8 9
352 3 8 9 6 5 1 9 6 9 4
264 2 4 4 8 3 7 1 5 3 5
335 4 5 8 8 2 7 5 9 3 8
238 6 4 5 2 1 5 1 7 7 7
164 3 1 9 1 3 4 3 2 3 1
252 6 8 1 2 2 7 2 5 1 8
362 5 6 4 6 7 9 4 5 5 8
302 9 2 7 3 3 3 9 4 9 4
334 8 6 2 8 5 8 2 9 1 6
321 7 6 2 6 9 2 9 1 7 1
20
336 4 4 3 6 5 7 9 8 2 6
325 7 9 1 7 2 1 6 7 6 2
251 7 4 4 8 4 3 2 8 1 5
352 7 6 8 2 6 7 8 4 8 6
291 4 2 6 1 7 2 6 8 9 3
335 2 9 6 4 3 8 8 6 5 1
231 3 4 8 1 3 6 1 4 8 1
363 5 6 3 5 7 8 6 4 6 8
365 6 5 6 5 6 8 7 3 8 2
296 9 5 6 3 4 6 9 3 2 9
328 6 8 9 7 3 4 8 3 1 9
262 6 3 6 1 8 2 7 7 3 6
270 4 4 5 7 1 7 1 4 8 3
264 9 3 9 2 9 1 6 5 5 5
283 1 3 1 1 9 4 9 3 6 7
330 9 1 9 6 9 8 2 4 8 4
319 8 6 2 6 2 8 2 9 3 7
348 3 8 1 6 1 9 8 9 2 2
239 4 5 1 2 3 6 3 5 4 6
379 3 7 2 2 8 6 8 6 8 9
20
341 5 6 2 8 3 6 9 7 1 8
202 2 1 8 9 5 1 1 6 3 1
299 7 4 8 7 4 1 1 9 8 8
368 1 6 3 6 2 8 8 9 7 9
253 4 4 2 4 3 3 4 9 2 5
383 2 3 3 7 8 8 6 4 9 8
343 9 4 6 4 2 5 9 7 8 9
331 3 4 8 6 5 9 7 9 2 1
365 4 8 4 3 7 6 7 9 6 6
359 9 7 5 4 6 6 5 9 7 4
345 4 9 9 4 2 4 6 6 8 7
278 8 7 9 1 9 6 3 5 1 4
292 8 1 9 1 8 7 6 1 8 6
348 8 9 7 1 4 5 8 8 8 2
345 5 7 3 2 7 6 4 6 9 4
286 9 2 6 8 5 6 2 7 2 1
311 3 4 3 8 3 3 8 7 5 6
341 4 5 6 9 1 2 9 6 6 7
221 6 2 1 4 3 4 2 4 8 1
337 8 4 3 7 3 6 9 3 8 1
20
361 2 8 7 8 7 1 6 7 8 4
369 1 7 9 7 9 8 5 1 5 8
209 2 2 8 5 5 2 4 3 1 8
322 1 4 5 9 2 9 2 3 8 5
301 8 9 4 7 1 2 3 8 6 7
284 5 1 2 2 8 7 4 4 7 8
285 8 1 8 4 2 6 9 5 1 9
336 9 5 2 9 1 6 3 8 6 8
360 4 3 7 9 7 9 7 4 3 2
201 3 1 3 3 4 3 2 6 5 6
402 3 3 2 8 7 9 8 9 7 3
373 4 8 7 7 4 7 5 4 7 7
269 1 1 2 3 5 5 8 6 3 9
321 9 7 3 2 2 2 9 7 7 9
370 6 9 8 9 5 6 5 9 1 8
364 5 6 1 3 8 8 5 8 8 4
314 1 4 5 6 3 4 6 6 7 9
309 5 9 1 5 3 3 8 1 8 1
303 3 5 8 7 4 4 7 9 1 8
367 8 6 2 9 6 5 4 7 9 2
20
189 5 5 1 6 3 1 1 1 2 7
380 1 8 1 7 8 9 3 7 6 2
253 4 6 8 1 2 6 3 9 3 2
307 6 7 4 4 6 3 2 7 8 4
278 8 7 8 3 3 6 1 2 8 6
267 2 8 4 5 3 2 7 5 3 6
267 2 7 5 7 4 3 3 6 4 1
299 4 2 7 2 9 7 5 6 2 8
262 7 4 6 3 3 5 1 8 7 4
305 5 7 9 3 7 2 9 4 5 1
311 6 2 7 2 6 5 6 4 9 7
258 3 7 2 1 4 5 1 3 8 7
254 2 4 3 1 7 7 1 5 5 7
221 9 7 9 1 5 1 2 9 1 4
253 8 6 9 2 1 8 2 2 6 1
252 3 1 4 7 1 5 3 8 3 3
295 2 8 5 1 8 4 7 4 5 2
332 3 8 6 4 7 8 1 9 5 6
283 1 6 2 5 3 5 3 3 7 8
398 6 2 1 7 1 9 9 9 9 4
20
245 7 4 4 1 2 8 3 6 2 3
302 4 4 8 6 6 2 5 8 5 5
327 5 9 1 4 1 9 8 3 4 3
279 4 8 6 1 7 7 3 2 4 5
245 5 8 9 4 6 3 1 4 1 7
328 9 6 1 9 4 4 1 6 8 8
288 1 5 4 4 4 4 7 9 2 7
251 1 9 8 7 4 3 1 5 1 7
163 2 2 9 3 4 1 1 3 3 2
285 6 9 8 7 7 3 3 2 1 3
240 8 6 3 1 8 1 1 8 1 7
246 5 2 9 2 3 2 6 5 9 2
318 1 9 6 7 2 7 4 4 3 9
310 5 9 4 1 4 9 8 2 2 9
341 8 7 7 2 2 7 8 7 8 1
316 4 5 3 6 6 7 1 4 7 9
212 4 1 8 1 1 4 9 1 5 8
312 6 8 8 4 1 4 7 4 8 7
175 3 1 5 1 8 2 1 5 5 3
311 6 6 1 9 4 2 5 5 6 2
20
317 8 3 6 8 6 3 6 9 2 2
329 3 5 2 7 6 3 6 7 7 4
249 8 1 3 3 1 3 3 9 7 3
340 9 5 9 4 3 4 8 9 6 8
291 9 1 6 8 7 2 6 5 3 7
341 3 2 9 8 7 7 8 5 2 2
268 3 6 5 2 2 4 6 5 7 3
266 8 4 1 8 2 7 1 4 4 6
293 6 5 9 1 8 9 2 6 3 9
390 7 8 2 8 7 3 7 9 8 2
409 8 9 1 8 1 7 8 9 5 4
324 9 7 4 6 3 9 1 8 3 6
269 5 6 6 1 1 7 7 6 1 4
295 2 5 8 7 2 3 9 7 1 4
311 4 6 8 6 9 4 4 7 3 6
323 7 1 7 4 8 8 7 7 2 8
373 3 8 8 9 9 5 3 7 7 6
350 8 7 9 3 7 7 9 6 4 1
346 3 9 7 5 9 3 7 7 3 8
238 5 7 4 4 4 3 2 2 3 7
20
295 4 3 2 5 3 5 4 8 7 6
306 3 6 5 9 4 6 3 6 2 9
261 5 6 2 6 7 1 7 1 5 2
299 3 3 3 8 8 1 7 6 3 8
307 4 8 7 2 3 6 7 2 7 9
339 6 1 7 3 8 8 4 9 8 7
310 9 2 5 6 2 1 9 6 7 6
277 4 2 2 6 8 8 1 6 1 8
263 3 1 5 7 8 9 1 3 1 7
240 5 5 3 2 1 7 7 3 1 3
338 8 7 1 2 7 3 5 9 8 2
287 8 5 4 9 9 4 2 1 2 9
314 6 6 5 5 8 7 1 3 9 2
234 5 4 2 3 8 2 1 9 1 4
272 4 1 6 9 1 8 4 6 1 7
249 4 4 3 2 6 2 6 4 4 4
332 3 2 4 8 7 8 5 2 8 1
311 5 8 4 5 6 7 5 3 3 5
341 6 1 7 1 5 9 8 7 7 4
377 5 3 2 8 7 9 9 1 6 8
20
288 4 4 1 1 4 9 6 2 7 7
402 6 6 5 6 9 6 7 9 5 4
322 5 1 8 8 4 8 5 8 2 3
310 8 1 7 4 3 6 8 5 8 6
329 9 7 6 5 6 9 7 2 1 7
274 3 2 2 5 4 2 5 6 9 1
224 1 4 7 1 4 7 2 4 1 8
357 2 9 5 3 5 8 4 7 8 4
361 3 4 9 9 6 9 2 8 6 7
269 2 1 6 5 6 1 9 5 3 8
311 4 9 2 8 5 6 6 1 4 1
338 9 9 9 2 3 7 7 4 7 6
309 8 2 4 7 5 6 5 2 8 1
306 9 3 5 7 9 7 3 2 1 4
398 7 8 2 6 4 6 8 8 8 8
303 1 3 7 1 7 8 7 6 4 6
377 4 9 5 1 9 9 9 9 2 2
288 7 4 2 5 7 9 2 5 1 6
340 5 8 3 5 8 7 1 7 6 1
405 3 9 6 6 2 8 9 8 8 7
20
281 5 4 1 1 3 9 9 1 4 4
259 6 1 9 3 5 1 9 2 6 8
323 4 3 9 6 3 8 7 7 2 7
326 4 5 9 3 7 7 5 2 8 6
202 5 2 8 1 4 5 5 2 1 5
311 1 7 5 6 8 6 1 7 5 3
298 3 2 4 6 4 9 5 5 3 1
347 4 8 9 4 5 9 9 5 1 3
316 8 5 6 2 5 8 6 2 5 7
334 7 4 4 8 4 4 9 3 5 2
372 8 9 9 8 4 3 4 6 9 3
421 9 5 7 4 9 8 9 3 9 9
369 8 5 2 9 2 9 8 7 3 1
307 2 1 2 4 4 8 5 8 7 5
379 3 3 3 7 7 9 8 8 5 8
233 5 4 3 5 6 2 3 5 2 8
331 2 1 2 9 7 3 9 6 6 5
287 2 3 1 7 1 4 3 9 7 4
338 8 5 4 2 4 9 8 2 8 7
325 7 5 7 5 8 7 7 4 2 5
20
335 5 8 3 5 5 9 3 4 6 9
311 3 2 3 9 1 8 6 9 1 5
356 4 8 2 4 9 8 5 3 7 4
274 1 6 7 5 4 5 3 5 4 6
248 9 8 1 2 6 2 2 1 9 1
279 7 2 9 9 4 2 5 3 4 3
238 8 5 1 1 6 6 1 1 6 3
283 6 8 5 6 7 5 3 1 4 5
216 8 4 6 2 6 2 1 5 2 4
192 3 1 5 4 3 3 6 5 1 1
396 7 8 6 8 6 9 5 9 1 8
274 7 9 3 1 1 6 3 9 4 5
288 4 9 7 1 6 5 2 9 2 5
291 5 8 7 2 4 6 2 6 4 7
274 5 2 2 5 6 2 5 4 8 9
302 1 7 8 9 5 3 6 7 1 2
284 7 5 2 5 8 2 2 2 8 8
350 7 6 9 1 6 9 5 4 7 6
273 6 9 5 3 3 9 4 3 1 3
338 3 9 6 7 4 9 1 1 9 1
20
346 9 1 2 8 9 4 9 4 4 7
278 4 5 1 7 3 4 1 9 3 9
243 8 1 6 1 1 7 3 7 4 9
278 4 1 4 8 6 6 1 3 8 9
305 1 6 4 3 7 7 5 8 4 1
314 9 6 8 9 3 4 2 1 7 8
259 9 2 8 2 4 8 6 3 1 7
345 7 5 2 9 4 9 5 4 4 7
225 5 2 8 2 3 3 7 3 2 8
311 7 4 9 4 6 8 4 3 6 4
319 6 3 4 4 7 6 7 3 5 6
287 5 3 8 7 8 1 1 7 9 5
378 8 7 3 6 5 7 7 3 9 1
348 4 9 2 8 4 6 7 3 5 6
273 8 2 3 7 2 3 3 6 6 5
334 3 6 6 8 7 8 5 4 1 1
388 5 3 5 5 8 7 7 9 6 9
344 6 3 8 2 6 6 6 8 7 9
379 9 7 9 6 6 8 9 4 2 5
287 3 4 7 8 8 2 7 2 4 7
20
314 6 6 5 5 6 6 1 8 3 8
338 3 6 9 2 5 7 9 6 6 6
352 9 5 7 3 9 7 2 6 8 6
260 4 2 8 5 3 2 6 5 7 8
418 6 5 1 8 9 9 6 6 5 9
240 2 3 6 5 2 3 6 7 2 5
292 9 3 3 4 4 5 7 4 3 7
255 3 4 5 9 6 3 1 7 2 1
243 9 5 8 1 1 5 8 4 1 2
371 8 1 9 5 4 9 9 6 8 9
251 1 5 3 7 2 8 4 1 2 2
229 3 1 4 3 6 1 4 9 7 2
309 9 8 9 9 2 4 3 2 3 7
432 5 7 5 8 6 5 9 8 8 7
349 2 7 1 9 1 6 9 5 6 4
325 3 5 9 6 3 3 4 9 9 6
201 5 4 1 4 2 2 4 4 2 8
278 8 5 4 3 4 4 6 6 1 9
231 9 1 4 3 1 3 5 8 4 3
349 2 4 5 9 4 7 6 9 3 1
20
325 3 6 1 5 9 5 4 2 7 6
336 9 7 4 8 2 6 2 5 8 5
268 4 6 8 2 7 1 5 5 4 8
382 8 6 8 9 5 8 2 8 5 4
333 3 8 1 6 1 7 9 4 1 9
279 6 6 2 6 1 4 6 3 3 6
295 8 7 5 5 1 4 5 7 4 5
297 1 5 1 2 5 8 8 1 5 4
224 6 9 5 4 5 1 2 1 3 7
320 5 2 1 5 2 9 6 4 9 6
226 1 4 4 3 5 6 1 5 2 6
257 9 5 2 5 1 4 2 3 7 7
322 7 6 5 6 3 9 6 4 2 5
192 3 3 2 2 7 2 1 2 6 4
281 3 3 5 5 7 4 7 6 3 7
248 8 3 6 9 1 4 6 1 2 3
351 8 8 1 3 8 2 8 3 8 9
274 4 2 4 5 8 6 3 1 5 5
391 9 3 4 8 7 5 8 8 9 2
319 9 8 2 2 7 6 5 3 3 7
20
284 7 1 2 7 7 1 5 5 5 9
227 6 2 6 4 5 3 1 5 5 1
270 7 3 8 6 4 1 9 6 2 2
258 4 4 5 9 4 4 3 1 4 1
301 3 6 6 9 4 1 9 5 2 2
282 3 9 6 7 6 2 3 3 1 8
233 3 2 5 6 3 6 3 6 1 7
315 9 6 4 5 6 3 8 6 3 8
302 3 3 5 8 7 9 6 2 2 1
307 7 1 4 3 8 8 2 6 7 9
196 5 5 4 1 4 3 3 5 2 7
332 9 4 9 6 8 2 7 5 9 2
243 7 5 7 1 7 8 2 3 1 2
290 2 3 9 8 7 5 3 8 1 9
310 7 2 4 4 5 7 7 6 2 7
255 4 6 3 9 4 2 1 2 5 1
221 4 2 4 1 3 7 7 4 1 3
229 7 5 3 2 2 3 1 3 6 9
372 3 2 1 8 4 6 9 8 9 5
339 3 9 4 8 1 4 6 2 9 5
20
273 6 3 4 6 8 2 7 2 5 6
251 1 4 4 4 3 3 3 8 5 9
359 6 9 1 1 9 9 3 5 8 5
227 1 2 4 1 5 1 3 6 9 7
269 6 5 3 3 9 2 2 4 6 7
274 7 3 6 4 1 9 5 5 2 7
270 7 7 6 1 1 1 6 3 9 7
334 2 3 9 5 6 4 9 2 9 9
240 9 9 1 6 3 4 1 3 1 6
279 8 4 8 1 6 2 9 6 4 5
320 7 2 3 7 5 2 9 6 5 9
254 5 2 6 5 6 3 8 1 5 5
301 3 5 6 9 6 2 8 3 2 1
322 3 8 3 1 2 8 8 6 4 8
361 8 7 2 9 7 4 5 9 3 2
316 1 5 6 4 5 8 1 5 9 8
415 8 8 1 9 6 9 4 5 6 7
307 1 3 8 2 7 6 5 5 8 9
346 6 3 9 7 8 4 7 9 6 1
274 1 3 4 4 9 9 1 5 4 4
20
396 8 6 6 8 7 6 7 3 8 3
322 1 2 4 8 4 7 8 3 5 6
353 6 7 7 4 8 6 4 3 8 7
236 5 1 3 6 4 9 1 4 1 8
390 6 4 7 8 4 8 9 2 9 5
146 8 1 1 2 4 1 2 2 2 4
200 1 3 7 4 6 4 2 2 2 3
316 6 7 1 5 2 8 3 7 4 5
351 8 6 4 2 9 8 5 7 6 3
225 6 2 4 3 4 3 1 7 6 7
275 4 3 6 5 2 2 7 4 9 8
309 7 4 8 6 1 9 3 3 6 9
372 2 9 1 3 9 6 9 7 2 8
272 8 8 3 2 2 5 4 1 7 1
352 6 8 3 6 5 7 5 9 4 5
236 2 4 8 2 1 6 6 7 1 6
334 1 2 5 9 1 7 8 3 6 9
265 2 8 2 4 2 6 4 6 4 3
247 7 3 5 6 4 4 4 4 2 3
274 2 1 5 3 6 7 6 5 5 5
20
333 5 8 8 5 5 3 2 9 8 3
231 4 4 2 2 1 2 8 1 7 9
295 7 7 3 1 4 2 8 1 8 9
204 2 5 3 8 1 1 2 1 6 8
308 4 2 1 3 9 5 4 7 9 6
246 5 1 6 8 4 4 7 4 1 2
294 9 1 1 5 9 5 5 4 3 7
250 3 6 8 1 3 3 5 4 7 2
336 7 2 4 5 6 9 3 3 8 8
333 9 9 2 6 5 1 8 4 8 2
321 1 2 9 6 4 9 3 6 8 4
258 9 4 1 2 2 6 2 1 9 5
319 2 7 1 2 8 4 8 6 5 4
359 9 5 2 3 8 7 7 8 5 7
222 1 1 5 3 4 5 2 7 6 5
335 4 3 5 7 4 9 8 3 4 9
303 6 8 6 1 6 5 9 4 2 5
255 4 1 6 9 1 4 2 3 6 8
227 3 3 6 1 8 7 1 4 1 7
231 1 8 7 3 7 2 1 6 2 4
20
360 4 8 6 8 2 7 6 3 7 8
317 1 8 6 1 8 9 3 3 8 7
251 4 3 7 1 1 8 7 5 1 8
386 1 6 6 8 7 6 8 6 6 2
219 1 6 6 3 3 6 1 5 3 3
310 9 9 9 3 8 6 6 2 1 8
344 8 5 6 8 3 9 1 6 7 5
313 9 5 4 6 4 7 2 9 1 7
300 8 7 8 4 3 6 2 3 8 7
234 6 7 8 2 3 1 5 3 4 3
318 7 1 4 9 9 4 4 3 8 3
307 9 6 9 3 1 8 5 8 3 7
257 4 7 9 7 1 3 3 2 3 6
341 1 8 5 6 5 7 4 5 6 2
323 7 8 9 2 8 6 5 9 2 4
297 9 4 1 4 7 4 1 6 9 8
269 8 9 9 5 3 5 1 4 2 9
326 5 4 5 9 7 4 3 7 7 4
312 1 3 7 3 9 1 7 9 9 2
330 1 7 9 9 7 7 3 4 2 3
20
367 4 7 3 5 5 7 8 5 5 6
333 6 6 1 5 4 7 3 7 8 3
240 8 1 8 8 2 2 3 5 5 2
243 2 9 9 1 1 2 9 2 2 5
233 9 3 4 6 2 1 1 2 8 8
362 5 3 2 7 1 9 9 3 9 4
369 3 6 5 8 7 9 1 6 6 8
342 8 8 7 5 3 6 7 1 6 9
275 2 1 3 6 3 5 6 4 8 8
271 5 9 5 7 1 1 5 8 1 6
300 2 2 5 9 1 3 9 8 2 7
261 6 2 1 8 6 2 2 4 4 8
285 4 2 8 3 1 9 4 3 8 6
348 3 8 6 5 7 8 7 3 2 8
287 5 2 7 8 9 5 3 2 5 2
257 5 9 3 5 4 2 2 4 3 5
383 1 3 7 6 6 9 7 9 7 8
310 9 3 7 3 9 8 8 2 3 3
302 6 9 3 1 3 4 8 6 3 6
400 9 8 8 8 7 7 8 1 7 9
20
279 7 5 4 9 2 6 2 2 4 6
368 6 9 7 3 7 9 3 3 9 1
275 9 2 2 1 8 4 5 1 9 6
391 9 3 8 9 1 4 8 9 9 8
254 7 7 2 2 6 4 1 1 9 5
213 5 8 8 3 2 2 5 1 2 2
319 9 1 9 2 8 7 9 1 7 6
374 9 9 3 9 2 4 9 7 2 3
218 2 6 9 4 1 4 1 5 4 5
394 4 2 5 8 7 9 8 3 9 5
331 7 9 3 5 1 1 9 5 7 9
321 3 9 9 8 9 2 2 5 5 4
339 1 3 9 9 4 4 6 9 5 7
337 9 5 7 6 1 7 2 6 8 8
266 8 2 3 6 2 5 5 6 4 5
340 9 1 9 5 3 8 7 2 8 8
312 8 8 5 4 1 8 8 2 2 7
372 6 6 7 6 6 9 5 2 7 5
362 8 9 8 9 1 6 2 4 8 7
271 6 4 7 2 8 7 3 5 2 1
20
263 4 7 6 3 9 2 2 8 4 2
247 8 2 1 9 6 1 3 1 6 8
373 4 4 8 9 5 7 5 7 6 8
301 2 5 7 9 3 7 4 2 2 7
352 5 7 7 7 4 8 8 2 4 5
340 7 8 9 9 6 4 1 6 7 5
313 7 2 5 3 8 8 1 8 9 2
345 5 8 5 7 3 6 7 6 2 9
237 2 4 6 1 3 9 2 3 4 5
297 3 3 1 8 1 6 8 5 5 3
197 4 1 9 3 3 3 6 4 2 5
290 1 8 6 6 4 5 2 8 2 7
338 9 8 6 4 7 7 2 9 2 4
236 6 4 4 4 5 2 4 5 2 4
280 6 2 8 7 9 2 3 2 6 3
292 1 9 2 4 3 9 5 5 1 5
257 4 1 7 2 4 1 7 8 7 7
283 2 1 7 5 7 7 3 2 9 4
153 4 5 4 1 2 1 3 5 1 2
275 5 2 5 7 6 7 3 1 3 4
20
324 3 3 2 3 7 9 4 7 5 4
367 4 9 9 5 9 6 6 5 6 3
359 7 3 9 6 3 7 8 4 8 7
317 1 2 5 7 7 5 6 9 6 2
358 1 9 1 9 6 2 3 7 9 9
256 9 4 4 3 5 2 7 6 2 2
403 9 7 8 7 3 9 7 6 5 7
361 3 7 4 9 5 8 8 5 1 4
365 5 9 7 3 6 6 2 8 9 9
334 6 4 1 8 9 9 6 1 1 2
378 1 8 8 7 9 4 8 8 4 4
260 8 2 8 6 4 8 2 4 1 1
423 6 8 3 9 9 8 7 5 7 6
279 3 1 1 7 3 7 2 6 8 7
177 8 1 8 3 9 3 1 1 1 2
298 8 4 7 2 6 4 9 2 7 5
310 1 5 7 8 9 2 5 4 7 1
390 4 5 1 8 5 9 6 6 8 8
342 3 6 5 8 3 2 9 8 7 8
292 7 4 3 3 7 9 2 3 7 3
20
373 8 8 9 5 9 5 4 8 7 7
274 9 5 7 5 3 8 2 4 4 1
374 6 8 5 1 5 8 8 6 8 4
327 5 2 7 7 7 7 2 2 9 5
244 1 3 3 1 5 2 9 7 3 8
303 1 4 8 1 5 9 9 5 5 2
310 6 2 8 4 4 7 4 8 6 6
374 4 8 9 5 5 7 8 3 9 5
212 4 2 7 1 5 6 1 1 8 8
376 6 4 6 6 8 7 6 9 6 9
268 3 1 6 6 9 2 3 8 5 4
234 3 2 5 4 9 2 5 3 2 1
356 8 5 9 8 2 5 8 9 5 2
261 8 1 2 2 5 4 4 8 7 6
284 3 1 2 9 1 8 7 1 6 1
315 4 7 2 1 2 8 5 9 5 7
364 6 1 8 9 8 8 5 7 6 5
309 6 4 9 3 1 8 9 7 1 9
288 7 1 9 7 2 8 3 8 4 1
381 5 3 8 8 6 8 7 8 8 1
20
290 3 9 3 7 1 3 7 6 3 5
317 1 5 1 8 2 4 5 9 7 5
349 2 7 7 4 8 6 8 2 7 4
264 1 2 2 7 5 3 2 8 5 8
297 9 6 1 7 3 2 1 5 8 9
356 6 4 3 7 6 9 3 8 4 3
268 9 7 7 7 3 5 2 1 4 6
329 7 6 9 3 6 7 3 6 8 3
299 1 2 3 7 4 4 9 8 4 1
293 9 1 5 8 1 1 7 9 4 9
261 4 5 2 9 3 3 4 3 2 5
270 3 8 9 2 6 2 2 5 6 8
305 5 4 6 5 5 5 5 8 1 9
358 8 7 2 2 8 9 6 7 4 2
232 8 2 4 6 5 6 1 6 1 3
365 2 7 3 9 8 6 8 4 4 7
308 8 2 7 3 2 6 7 7 7 8
323 1 2 6 8 9 5 2 5 7 9
364 7 9 9 7 1 7 6 6 5 8
396 4 9 6 3 5 9 4 7 9 9
20
307 3 5 9 3 7 5 3 4 9 8
354 4 8 8 3 9 8 2 6 6 7
300 5 2 7 7 6 5 8 3 4 8
277 3 4 6 6 5 2 8 5 5 2
306 6 1 6 8 6 7 1 9 1 7
285 2 7 1 8 6 2 4 7 1 4
355 4 4 2 8 8 4 3 9 9 9
281 5 3 1 9 2 3 8 6 4 2
201 1 4 5 7 1 6 1 2 1 6
345 9 9 1 8 4 8 2 1 5 8
359 5 9 8 1 7 7 7 2 9 3
275 2 9 2 2 1 6 4 1 7 8
250 3 6 6 4 5 7 2 5 2 3
314 6 9 8 8 5 5 4 6 2 1
260 1 8 5 7 1 5 6 3 2 1
269 2 4 2 7 1 3 6 4 4 8
257 5 4 8 2 1 8 5 4 4 1
330 2 6 6 6 4 5 9 3 7 6
271 4 5 2 4 1 9 4 1 3 8
402 9 7 8 1 8 7 8 9 6 7
20
163 1 4 6 2 1 3 1 1 6 6
306 7 4 3 7 9 2 7 3 3 8
309 3 1 7 2 9 8 9 4 4 9
290 5 9 8 5 4 2 2 5 8 3
345 3 8 6 3 8 7 7 7 1 8
172 7 2 7 3 6 2 1 4 1 6
319 9 4 6 7 5 6 2 8 6 3
261 5 7 6 6 7 2 4 2 3 4
342 3 3 5 8 6 9 6 5 3 7
281 4 6 3 1 1 1 9 9 5 6
352 2 4 2 5 6 8 7 9 7 1
306 6 6 9 3 2 6 3 9 6 8
234 7 2 5 5 5 7 2 2 3 1
276 4 4 9 9 2 3 2 5 9 1
265 8 5 7 3 2 3 8 3 3 4
333 1 8 8 9 4 7 3 7 2 6
334 6 6 4 4 4 7 8 7 4 8
220 2 2 7 4 2 5 2 5 4 3
337 7 9 2 4 7 9 7 2 1 7
313 6 5 5 6 5 7 7 1 4 6
20
294 6 2 9 7 1 3 9 7 4 4
320 9 6 1 6 5 6 6 4 4 1
339 5 7 4 3 9 9 6 2 4 8
343 5 1 3 9 9 3 8 9 5 5
351 3 6 9 9 6 6 3 6 7 5
337 6 7 5 5 9 1 5 6 8 3
235 5 3 8 3 2 5 1 5 7 8
232 8 3 3 2 5 4 2 8 2 5
217 7 2 4 1 6 1 7 3 4 4
288 7 1 5 1 9 6 3 9 5 8
241 2 5 6 3 1 4 5 6 2 7
170 7 5 8 1 1 1 1 7 3 2
248 4 1 3 6 1 5 6 3 7 2
251 3 2 2 3 7 1 2 9 8 5
346 8 2 2 8 5 7 7 7 3 7
332 6 7 2 4 9 8 8 2 1 9
341 6 5 9 6 8 4 5 6 8 5
325 2 1 1 8 3 9 7 5 8 1
205 2 5 8 5 3 3 3 1 1 5
279 7 2 8 1 7 6 7 5 5 4
20
300 1 9 7 7 1 3 5 7 7 2
320 4 9 2 8 9 5 5 3 1 6
347 2 6 4 6 3 6 9 9 3 4
340 5 6 7 3 9 4 2 9 9 9
268 8 3 6 2 5 4 9 7 1 3
331 6 2 3 8 8 4 4 8 6 4
297 4 7 3 7 3 8 4 3 3 7
223 7 2 6 1 3 7 2 9 1 3
286 5 9 2 4 3 6 3 8 2 4
258 4 5 5 2 2 5 6 6 3 6
359 3 7 7 4 4 6 9 5 8 3
323 6 6 4 9 2 1 4 9 8 4
277 4 1 6 8 2 1 6 8 9 1
292 7 2 2 5 3 6 7 9 1 9
243 4 4 9 3 1 4 4 7 5 2
346 6 6 4 5 7 8 4 2 9 6
261 4 6 5 5 6 7 3 1 3 2
304 8 1 1 2 1 7 8 4 8 8
377 6 7 3 8 6 8 4 4 6 4
285 3 5 7 3 7 7 1 4 8 2
20
276 1 1 5 7 4 9 4 1 3 8
242 3 1 6 3 6 1 8 4 7 5
239 8 8 5 3 1 1 7 3 4 4
309 5 6 4 5 6 5 7 4 2 6
275 5 6 3 3 9 5 4 5 2 3
273 9 2 3 7 6 1 1 7 8 9
282 1 7 1 1 6 8 3 2 8 2
392 5 3 9 9 7 4 9 9 6 7
296 7 7 1 7 7 2 2 4 9 2
368 3 6 3 7 9 6 3 9 6 2
353 9 6 4 8 3 9 7 3 5 3
309 8 2 6 8 1 4 6 8 5 4
260 9 6 3 4 1 5 1 9 2 8
214 2 2 3 7 3 4 3 2 4 3
264 5 4 2 4 5 8 4 3 3 3
337 8 2 2 8 4 7 2 6 9 1
334 2 2 6 9 4 1 8 8 9 5
382 4 9 1 6 7 5 3 8 9 5
322 9 9 7 6 4 7 4 2 3 2
326 1 6 5 1 7 7 6 9 7 1
20
305 5 6 2 8 4 1 8 7 5 2
283 2 5 3 2 5 7 6 8 1 4
216 1 2 9 1 4 5 7 7 1 3
272 3 4 5 1 6 1 5 7 9 7
283 7 2 3 6 3 3 2 9 9 9
241 6 3 4 5 6 6 1 2 1 6
317 3 5 1 3 2 3 9 9 8 1
388 6 5 6 6 9 6 9 8 3 6
369 4 9 8 2 3 9 6 7 9 8
267 1 5 8 3 3 7 1 5 6 6
346 8 8 8 5 8 5 9 2 2 5
198 6 3 5 4 2 1 1 3 7 1
286 8 1 2 4 9 3 8 7 1 6
345 8 1 8 9 7 8 3 4 8 4
392 4 5 1 9 3 7 9 4 8 9
166 1 1 7 1 1 2 4 2 6 9
289 3 1 1 5 9 4 7 4 6 6
318 8 2 2 4 1 7 8 6 9 6
253 8 8 3 2 1 1 5 3 9 1
214 1 5 6 1 7 1 3 4 4 4
20
265 2 8 5 1 3 6 6 4 3 4
312 7 9 5 5 4 6 9 2 1 5
284 4 8 2 1 5 5 6 2 7 3
278 8 5 5 1 3 4 8 4 4 7
273 5 1 1 2 3 4 8 6 9 2
269 5 4 9 6 1 3 7 3 4 4
388 4 9 3 5 8 8 2 9 7 1
276 1 1 8 3 3 6 7 2 8 7
256 8 1 3 2 7 3 1 9 5 9
355 2 4 6 7 7 3 7 8 8 5
298 6 7 2 1 3 4 6 7 9 4
350 2 9 9 7 7 1 7 7 5 6
211 6 2 8 4 3 1 7 2 3 3
259 5 8 8 1 5 7 1 5 1 9
309 3 9 4 3 9 7 4 2 4 7
299 5 4 2 5 6 6 3 5 5 9
194 5 1 3 1 7 4 1 7 3 5
323 3 2 9 8 9 9 1 9 1 7
278 2 3 8 8 7 8 4 2 1 5
270 8 4 4 3 6 3 2 7 5 4
20
376 9 3 3 4 7 9 7 7 9 2
354 8 7 3 8 6 7 6 1 6 2
359 9 9 7 4 7 8 4 3 7 7
347 6 3 6 5 7 9 8 1 6 7
299 3 9 4 2 4 6 4 3 7 2
331 5 4 3 8 8 1 8 3 6 7
295 8 5 7 1 9 4 1 8 8 9
340 3 6 6 8 3 9 3 9 5 3
226 1 2 3 5 8 2 1 2 8 4
264 6 4 3 4 3 3 8 6 1 5
383 7 6 4 2 8 6 9 6 9 3
375 9 9 2 9 7 8 2 1 8 3
331 9 9 7 2 5 8 1 5 8 1
419 4 8 4 7 7 9 9 3 7 7
361 5 5 1 4 9 9 5 3 8 8
363 4 7 5 9 9 4 6 4 5 9
228 2 3 5 6 6 3 2 5 1 8
286 3 6 2 5 9 4 4 1 7 2
267 6 1 9 5 2 5 4 3 9 3
369 7 8 4 3 9 2 5 9 8 9
20
440 7 8 7 6 9 5 8 8 8 7
302 3 8 6 4 4 7 5 5 4 1
291 6 2 6 2 9 8 8 1 1 8
298 9 3 4 1 8 7 5 5 4 3
313 2 5 4 6 6 4 9 2 7 6
272 4 1 4 1 5 3 9 8 7 2
338 8 7 5 8 1 3 6 7 7 4
231 1 2 1 2 8 6 3 9 2 1
301 4 9 6 6 4 4 6 2 5 2
234 2 5 6 4 4 2 1 5 8 2
323 2 9 2 3 7 9 1 6 5 3
267 6 2 1 2 8 4 8 5 1 3
340 9 5 9 8 1 5 8 9 1 8
262 7 5 2 1 5 3 7 8 3 4
236 6 2 2 2 3 7 1 3 6 5
381 2 4 9 6 9 7 9 8 4 4
298 2 8 5 1 4 8 2 5 8 5
235 2 1 6 5 4 4 1 3 9 7
296 8 5 5 2 3 8 1 5 7 6
240 9 2 7 1 5 4 5 6 4 1
20
239 4 6 8 3 1 4 6 6 1 8
274 1 8 7 5 3 1 6 6 4 4
286 6 6 4 5 3 3 9 7 1 3
328 5 1 7 2 6 9 6 7 7 7
406 8 3 2 8 6 9 8 8 7 4
349 2 3 7 7 7 7 7 6 6 5
229 9 1 2 2 7 1 3 9 3 1
327 3 9 6 5 9 2 7 3 5 3
317 2 2 6 9 3 9 4 8 3 2
292 3 3 7 7 2 8 7 1 2 5
331 5 2 5 9 5 8 1 8 7 8
178 2 2 3 1 7 2 5 2 2 4
220 3 4 2 5 9 1 2 1 6 1
292 7 5 7 6 2 9 1 2 6 2
325 1 2 3 6 6 6 8 5 6 4
251 6 1 5 7 2 2 4 3 8 3
316 7 8 5 8 1 1 4 4 9 4
267 2 1 3 7 4 7 3 4 6 2
298 8 5 8 5 5 3 9 5 2 2
437 3 5 6 8 8 8 7 9 8 5
20
255 7 7 7 6 2 6 2 3 2 4
388 1 9 8 7 6 5 6 6 9 7
284 5 2 2 3 7 6 8 6 1 6
288 2 6 6 7 6 4 7 2 4 1
321 7 5 5 8 5 9 5 3 3 1
267 4 1 8 9 7 5 4 2 3 2
207 5 3 6 7 1 1 6 1 2 5
273 3 3 2 7 8 6 4 2 4 1
254 3 1 3 9 3 4 7 3 4 3
262 6 1 2 7 3 2 6 3 8 2
286 4 8 9 4 7 1 5 6 2 5
280 5 1 5 9 1 2 8 4 7 9
348 9 6 1 9 8 2 7 2 6 6
256 3 7 5 3 4 3 3 9 3 4
294 3 2 1 4 3 9 9 6 2 2
271 6 3 6 7 7 8 1 3 1 9
408 8 6 5 8 5 5 9 9 6 3
150 1 2 2 2 3 2 2 6 2 5
358 9 8 9 7 4 9 6 5 2 3
237 4 1 1 2 1 5 4 6 8 5
20
259 7 3 9 5 5 6 6 1 2 5
314 7 1 1 4 8 3 8 7 6 4
326 5 7 9 7 9 1 7 7 1 2
277 6 8 2 2 2 5 8 5 1 1
221 6 5 4 7 1 1 8 2 1 2
242 3 9 2 3 4 2 5 6 1 7
225 3 5 7 4 7 1 5 5 2 2
272 8 5 6 5 8 1 2 9 4 4
213 7 1 7 1 1 4 4 6 5 6
325 6 7 5 1 8 8 3 4 7 7
282 6 1 1 7 3 2 6 8 7 5
285 6 6 6 2 3 9 3 4 6 6
207 2 2 8 2 4 3 2 7 6 5
308 5 5 4 7 7 1 6 3 9 6
328 6 3 5 8 5 5 5 8 3 4
271 3 6 4 4 9 1 3 7 2 8
282 2 2 3 6 6 7 9 2 1 2
269 3 6 1 3 1 2 9 8 4 6
380 1 6 1 2 8 7 8 8 9 7
341 7 8 5 8 2 6 1 9 5 3
20
290 7 6 7 7 5 8 3 2 3 1
268 8 8 7 4 5 2 5 3 2 5
299 8 6 4 6 6 7 2 4 2 1
300 1 4 7 9 2 2 9 5 5 8
278 9 1 7 2 3 9 7 1 6 4
256 7 8 7 2 5 2 3 1 6 6
264 3 1 2 6 8 2 3 5 8 7
316 9 9 6 6 5 4 2 1 9 2
325 1 3 7 7 5 8 3 9 4 3
322 7 3 8 4 1 9 4 4 9 8
299 3 3 3 2 6 8 9 6 1 4
356 4 7 4 1 8 8 2 9 8 4
277 2 2 4 7 6 4 5 9 1 5
342 9 4 4 6 6 1 9 9 5 6
244 7 5 6 3 1 2 3 9 2 9
285 9 1 9 8 8 2 3 2 6 8
340 4 9 7 2 4 6 8 6 7 5
262 9 1 5 4 1 7 3 9 4 5
325 2 1 6 8 8 3 9 7 3 8
242 6 5 3 4 6 2 7 1 5 1
20
295 2 3 1 5 9 7 2 7 2 7
345 5 3 9 5 7 9 2 7 5 9
306 7 1 5 8 9 9 5 1 1 7
325 3 7 5 7 7 5 1 3 8 9
269 6 4 9 4 9 1 7 4 2 2
288 4 7 5 8 4 1 5 3 3 9
295 4 2 3 5 3 5 7 2 8 5
269 7 2 4 2 9 9 2 6 3 2
336 9 8 6 5 7 5 1 9 4 2
264 9 4 6 4 3 5 2 9 3 7
368 6 6 8 4 2 9 5 7 9 5
353 6 1 4 7 9 9 7 1 8 6
414 6 4 6 9 6 9 9 5 7 8
328 9 9 4 9 3 5 4 1 8 2
331 2 9 9 8 6 6 5 2 1 7
266 6 1 6 3 2 4 7 5 7 2
272 4 5 5 7 5 4 4 3 5 5
379 6 9 9 2 9 9 2 7 7 9
301 5 1 7 6 7 4 4 3 9 6
370 6 1 5 8 6 9 8 7 5 5
20
306 9 8 5 8 7 5 2 2 5 1
328 8 8 5 6 2 3 8 9 2 2
281 4 5 3 1 5 6 3 9 5 7
340 2 6 5 8 4 5 8 1 6 9
394 6 6 1 8 9 2 9 5 9 6
359 2 9 9 1 7 6 7 2 9 9
283 1 2 3 2 8 6 9 3 2 7
361 5 6 1 8 8 8 3 7 6 3
286 8 1 7 2 7 5 9 5 2 2
381 7 4 3 1 5 9 7 8 9 9
305 9 2 9 3 4 1 9 9 4 8
315 3 3 7 8 9 1 4 6 9 6
283 2 9 8 6 1 3 1 5 6 8
331 8 2 1 8 2 9 4 1 9 9
190 1 6 6 3 4 3 4 2 1 2
305 8 3 8 5 8 3 6 7 4 7
282 8 2 5 5 9 1 6 4 7 6
221 5 2 1 2 8 4 3 5 1 5
353 9 2 6 1 9 7 9 7 5 9
275 6 7 5 2 3 8 7 2 1 3
20
304 4 5 9 1 5 2 5 9 9 3
223 3 4 9 1 9 4 2 8 1 1
301 4 8 1 5 6 5 8 3 2 3
358 3 4 5 7 4 8 7 7 6 3
349 9 5 2 2 7 4 9 9 4 7
311 7 4 5 7 8 5 2 9 4 3
267 5 2 4 4 3 7 4 8 3 3
361 9 3 3 8 7 3 6 9 6 6
375 7 9 1 7 3 4 5 6 9 7
321 7 4 3 6 5 6 3 5 9 7
360 9 4 7 6 4 4 8 8 7 5
340 4 7 1 2 3 9 6 4 9 3
234 4 1 6 4 5 2 4 7 3 6
291 2 7 8 6 7 6 2 3 2 4
368 5 6 3 8 6 5 9 5 3 7
314 3 5 6 9 4 3 9 4 3 6
250 5 5 7 2 5 5 4 1 7 3
314 1 2 7 9 9 2 8 3 8 2
214 4 7 2 1 3 4 6 2 1 3
400 8 8 4 5 4 9 8 6 8 4
20
321 4 4 5 3 4 7 7 9 6 3
268 4 8 4 3 3 2 9 2 5 7
345 7 6 7 4 6 1 7 8 9 6
277 4 7 4 7 2 3 6 1 5 9
391 7 5 1 9 7 7 4 8 7 3
316 5 1 1 8 7 4 6 1 9 4
207 4 1 8 3 1 5 5 5 2 5
324 9 3 3 9 5 4 1 9 7 7
364 7 6 5 8 9 2 5 9 7 8
349 2 8 4 8 4 9 3 4 7 6
388 8 7 2 3 9 8 6 6 9 6
301 8 3 3 8 3 2 7 8 3 5
255 8 8 5 2 2 7 1 1 7 3
378 2 6 7 9 8 7 3 5 8 8
292 2 5 8 5 5 3 9 5 3 8
408 5 8 5 3 8 9 6 8 9 3
350 6 9 1 1 9 2 9 9 5 1
256 8 6 8 1 3 6 4 3 3 2
219 6 2 6 3 1 3 4 6 5 8
221 4 6 5 3 4 5 1 7 1 5
20
366 3 5 2 6 9 8 5 5 8 7
292 1 9 3 4 6 6 3 3 3 6
191 4 3 1 6 1 4 1 2 3 2
279 2 1 5 4 8 4 2 5 9 6
305 1 3 9 5 7 8 5 2 6 4
453 7 8 8 8 9 8 9 9 5 8
291 1 9 6 7 9 1 1 8 4 1
368 6 6 9 4 7 6 9 2 8 8
274 4 7 1 8 3 3 3 6 3 5
216 9 4 2 7 2 1 1 3 3 7
300 9 1 9 5 3 4 9 6 3 5
222 9 5 5 4 3 5 3 2 1 5
255 2 7 3 7 5 4 1 4 2 3
315 1 6 9 8 3 8 5 5 2 6
328 6 6 5 6 9 4 1 7 8 6
252 6 2 4 7 7 3 1 3 8 2
241 8 8 7 4 1 3 2 6 4 2
280 2 4 7 6 3 7 3 6 5 6
351 1 8 6 7 4 9 4 4 4 6
311 8 6 1 6 1 9 3 3 9 1
20
347 6 1 5 4 8 9 9 8 1 7
347 1 5 3 9 5 7 8 7 2 2
337 4 7 6 5 3 9 9 1 5 1
257 7 4 2 5 9 2 2 3 5 4
347 2 7 5 6 9 7 4 4 6 9
313 1 3 5 7 3 4 9 6 4 8
191 1 1 9 1 6 4 1 4 5 1
383 6 9 1 9 7 2 9 7 4 1
200 4 1 3 1 7 1 4 2 7 1
245 3 5 8 4 5 3 3 4 5 7
331 5 4 4 4 5 7 9 5 7 3
336 1 8 2 3 4 5 5 9 9 4
273 4 9 3 4 7 1 7 3 4 2
333 4 1 5 8 5 5 4 5 9 9
311 9 5 6 1 8 3 6 5 7 2
318 7 7 4 3 5 4 5 5 6 8
276 8 1 1 8 4 1 9 2 4 7
255 5 8 7 2 2 1 4 9 3 8
287 6 5 4 1 7 4 5 7 6 3
282 3 3 9 8 1 1 4 7 8 8
20
354 9 5 1 8 8 9 6 3 1 9
315 9 3 1 9 4 7 1 4 7 3
437 5 5 5 8 9 8 9 5 9 4
268 4 4 1 9 5 4 2 7 2 5
324 2 6 4 1 7 6 8 2 9 9
258 3 5 4 1 4 6 3 4 8 7
227 7 4 4 6 1 4 1 3 4 4
228 5 1 3 2 5 8 1 6 3 2
256 2 2 2 4 8 1 7 8 3 3
389 5 9 1 9 6 5 5 7 8 2
295 2 7 7 1 2 4 6 8 8 9
381 7 5 5 8 9 9 2 9 4 4
298 1 6 7 6 8 2 5 8 5 1
336 2 2 6 6 9 9 2 8 4 6
276 1 6 3 4 5 9 5 4 1 3
222 4 2 5 1 1 3 8 6 5 5
294 6 5 8 8 2 6 2 9 3 4
253 7 4 6 6 1 5 2 7 2 7
324 9 7 7 2 5 9 5 4 4 6
309 2 8 8 6 1 9 4 1 6 6
20
275 6 5 1 9 2 3 4 1 8 3
420 9 5 3 7 9 7 4 7 9 8
321 6 6 5 8 9 1 5 2 8 4
340 9 2 2 5 5 8 9 3 4 4
284 2 5 9 1 7 9 7 1 1 6
320 6 3 1 6 2 6 7 6 9 4
318 7 2 8 1 4 9 8 7 3 3
337 2 9 6 6 7 3 7 1 8 1
233 2 9 9 1 2 4 4 3 4 8
320 3 5 4 8 8 5 5 6 5 1
300 6 9 4 4 1 5 5 7 3 7
335 6 6 7 6 7 8 4 8 1 3
331 5 7 2 5 3 9 5 5 3 5
426 1 6 8 7 9 8 9 9 6 5
316 1 9 3 8 8 1 5 4 5 7
411 6 8 4 9 9 6 6 6 6 9
258 6 5 9 3 4 1 3 6 6 4
361 3 8 1 3 5 8 2 9 9 6
321 2 4 7 9 3 5 4 7 9 2
259 6 6 6 4 1 3 5 4 5 4
20
392 8 5 1 9 7 8 6 7 5 7
310 3 7 3 7 8 2 5 6 2 5
289 1 7 8 2 7 1 7 9 4 7
214 3 4 4 4 2 4 5 2 2 2
275 9 5 9 2 7 8 2 3 3 7
271 3 5 4 9 6 2 2 9 2 3
260 4 9 5 3 1 4 5 4 2 5
275 9 7 8 4 4 1 4 5 6 3
316 5 6 5 7 4 1 7 5 8 4
249 3 9 1 4 2 5 2 1 7 7
238 4 5 2 7 1 5 5 1 2 9
319 7 7 2 4 6 5 1 7 6 8
282 7 1 5 5 8 9 3 3 3 2
265 6 5 6 3 2 7 2 5 4 8
344 9 6 2 7 9 1 8 7 4 1
305 6 5 8 4 4 9 7 3 2 6
216 4 2 6 1 5 3 3 9 1 7
309 2 3 5 7 8 1 7 6 6 8
311 3 7 9 4 7 8 2 2 4 7
440 6 8 8 7 9 9 9 8 4 3
20
254 6 1 6 3 6 1 8 3 9 3
319 9 3 6 2 4 3 8 8 9 6
262 9 1 4 8 2 6 3 6 1 7
239 6 6 9 4 1 3 4 4 3 8
310 7 8 2 1 5 9 3 8 1 9
333 4 7 9 4 9 7 4 6 1 8
354 3 3 8 8 7 4 7 8 9 1
313 8 7 2 7 7 4 4 3 3 8
336 8 7 2 5 4 1 5 9 8 5
233 3 8 3 8 5 1 1 3 4 3
259 8 9 1 4 1 4 3 3 3 7
340 7 4 2 5 7 7 8 5 5 2
199 1 1 1 4 2 4 1 8 2 7
262 4 4 8 4 7 4 7 1 2 4
334 4 9 6 2 9 4 4 7 8 5
338 9 7 5 7 8 5 5 4 5 1
260 5 3 3 2 7 2 5 3 8 4
270 4 4 5 6 1 6 2 2 6 9
295 7 2 6 6 9 1 4 6 6 5
321 2 7 3 5 1 9 3 8 4 9
20
287 7 3 2 4 1 7 7 7 2 3
233 3 5 7 1 3 2 2 8 9 1
275 1 3 6 6 3 7 2 8 4 8
364 1 1 7 8 8 9 8 5 4 8
318 4 8 1 1 9 2 7 2 9 8
301 6 6 4 2 9 2 7 7 2 5
428 8 4 6 5 4 9 9 9 9 5
336 2 8 3 3 1 9 7 7 5 9
365 7 8 7 8 4 7 3 9 4 5
228 4 6 1 4 2 1 4 2 5 7
236 2 3 9 2 8 3 2 2 8 4
304 1 9 2 5 6 5 5 2 3 7
399 9 7 3 9 7 4 8 2 7 9
224 4 1 4 1 7 7 4 1 6 2
242 1 1 7 3 1 9 6 2 4 8
372 3 7 5 5 8 5 7 9 6 6
278 9 4 9 6 4 3 7 1 6 3
279 5 6 3 2 1 2 9 8 7 2
176 1 2 2 8 2 2 1 4 1 3
293 2 8 8 6 9 1 7 1 4 8
20
301 6 9 4 9 1 8 3 1 2 3
280 1 5 9 3 6 6 1 7 6 5
228 8 1 6 1 2 2 6 9 2 8
339 5 7 1 6 4 9 6 2 3 9
262 7 2 1 8 4 2 8 2 3 9
285 1 5 2 1 7 7 5 7 3 6
295 9 2 9 6 7 6 9 2 2 1
238 1 6 3 5 4 5 1 3 4 6
360 9 7 7 7 4 6 2 4 8 9
255 6 5 8 9 8 1 1 3 2 2
398 8 9 7 9 4 5 7 7 5 7
234 4 4 2 3 6 1 8 3 2 2
347 1 1 7 1 9 8 8 6 9 3
299 3 2 3 2 9 5 9 6 4 4
263 4 7 7 5 4 6 3 3 1 4
291 8 2 5 8 5 3 7 4 2 3
310 3 8 2 5 4 4 5 8 5 9
320 1 3 6 8 9 7 2 3 9 2
248 6 6 2 9 3 4 1 2 2 4
368 8 9 8 3 7 7 5 6 8 2
20
298 1 7 6 3 8 5 2 3 9 9
276 1 7 7 1 5 7 1 6 6 3
292 3 7 9 3 5 3 2 8 9 1
320 9 1 9 7 8 1 9 5 4 9
301 4 3 3 9 1 8 6 4 1 6
265 5 7 2 2 4 5 5 1 7 2
281 9 4 7 7 8 1 4 4 6 1
228 6 2 2 3 1 2 7 6 6 4
360 5 7 4 6 9 7 5 2 6 5
322 3 8 3 4 1 5 6 4 9 6
319 9 2 6 8 4 2 2 7 9 8
255 9 5 2 1 1 5 4 6 4 8
345 3 6 1 7 4 8 9 2 3 9
273 8 6 5 6 2 6 1 5 2 8
316 8 5 7 2 1 8 1 9 7 9
340 2 8 9 8 2 9 4 4 6 2
235 4 7 1 2 3 4 2 2 9 2
291 6 7 8 4 1 3 7 8 3 2
221 5 4 4 2 4 3 2 4 6 7
326 8 8 3 8 2 4 2 6 7 5
20
342 7 6 6 6 4 1 9 4 9 5
315 9 1 5 7 8 4 5 9 4 2
281 4 4 7 3 6 5 1 6 7 8
359 9 5 3 8 3 3 5 9 9 3
276 5 8 3 2 6 1 1 7 9 6
272 3 2 8 6 1 9 5 4 2 2
267 1 9 9 2 5 3 7 1 7 3
339 7 6 9 5 4 9 5 9 2 6
268 8 2 8 7 2 5 3 7 4 1
223 6 6 3 4 1 5 1 7 3 1
339 3 9 7 5 3 7 7 5 4 2
320 1 1 6 7 9 8 9 3 2 4
313 9 6 5 9 1 4 2 3 9 7
320 8 9 3 4 3 6 6 4 4 1
180 5 5 6 2 2 2 1 7 2 6
295 5 5 7 3 3 4 9 9 1 9
272 3 4 3 6 6 5 7 4 1 7
333 3 9 1 2 6 3 9 9 5 1
360 2 7 1 2 6 8 6 9 9 2
304 2 1 9 4 2 4 8 9 9 4
20
227 3 2 2 7 4 5 1 3 5 6
253 8 4 4 1 1 4 7 2 8 9
251 7 5 3 4 4 8 1 1 4 2
417 5 9 8 7 5 4 8 9 9 5
313 7 9 4 1 7 3 5 8 6 4
353 4 3 8 7 7 5 6 6 6 8
371 5 7 8 7 5 7 8 7 4 2
222 4 7 3 1 3 2 2 8 3 8
304 6 5 4 8 8 5 4 2 2 7
263 5 1 2 5 6 5 6 6 1 6
374 6 5 7 7 2 6 7 9 8 6
349 7 6 8 5 2 5 8 6 8 5
234 5 3 4 1 9 3 5 1 7 4
319 8 7 3 6 8 5 2 5 5 6
307 4 1 9 8 5 9 4 2 5 3
382 3 5 8 7 7 8 3 7 8 5
266 1 3 5 6 4 6 1 6 7 7
304 7 5 4 3 4 5 5 6 6 5
397 2 9 9 4 9 9 8 3 6 4
436 9 8 8 9 5 5 7 9 9 9
20
293 4 3 2 7 8 3 2 6 8 1
372 8 6 9 7 1 8 8 4 7 7
275 1 8 6 3 3 2 5 6 5 5
335 3 9 6 8 2 1 9 4 9 4
222 6 4 5 3 1 4 2 7 2 6
322 7 5 2 2 3 8 7 5 7 1
314 7 5 5 4 8 6 4 4 5 5
272 5 7 9 8 3 3 3 2 4 4
216 1 3 1 5 1 1 5 7 3 5
282 3 3 7 7 4 4 6 1 9 3
284 7 7 9 3 4 3 5 1 7 4
370 3 9 3 6 3 9 3 7 8 2
302 3 1 8 9 1 3 8 3 8 8
317 9 3 3 6 1 7 6 6 7 6
338 1 3 2 9 8 9 1 6 4 5
264 3 1 3 7 6 2 5 9 4 5
206 3 6 1 4 6 1 3 3 4 2
362 6 2 3 8 8 5 9 7 5 6
258 1 6 2 2 3 5 3 6 7 4
311 8 9 8 4 3 7 2 3 5 5
20
294 9 2 2 8 1 1 6 8 9 1
288 7 9 8 3 4 8 1 2 5 2
340 8 5 1 7 2 3 6 9 8 7
307 8 3 4 4 6 8 7 1 2 7
324 7 9 9 9 3 1 2 7 5 9
361 3 8 7 5 9 4 6 2 8 8
288 6 7 1 3 2 3 3 6 9 9
325 8 9 1 2 4 2 7 8 9 4
228 7 1 7 4 1 5 4 7 2 9
286 8 9 9 3 1 2 2 9 9 3
359 1 7 6 8 5 7 4 5 9 4
339 6 4 8 7 6 7 8 9 1 2
273 6 1 9 8 3 9 4 2 1 4
260 2 9 9 1 3 5 7 1 2 9
345 9 4 1 5 5 8 9 4 3 5
333 2 7 1 2 9 8 3 7 6 5
351 9 7 4 3 8 7 3 9 5 6
362 1 6 7 8 5 7 6 2 9 7
209 4 3 7 8 3 1 3 5 2 1
282 1 7 3 9 2 4 2 7 3 2
20
346 1 8 9 6 1 7 7 6 5 6
256 6 3 7 8 1 5 2 3 6 9
350 1 7 5 1 8 9 3 7 9 1
256 6 6 6 6 4 3 7 3 1 1
369 5 3 9 4 5 8 9 9 6 1
243 4 7 3 1 4 1 8 1 8 1
272 3 3 8 8 1 8 4 3 4 2
269 5 2 4 7 9 5 1 2 6 5
340 8 7 3 8 4 4 8 6 3 8
372 5 8 1 9 7 5 8 2 5 7
304 5 2 5 5 8 1 7 7 8 5
287 1 4 2 6 9 1 9 5 1 9
300 9 1 4 6 5 5 1 7 9 6
335 6 4 3 6 2 9 9 4 3 5
331 3 8 6 4 9 3 6 2 7 7
320 8 6 5 8 7 6 1 1 9 2
257 6 6 3 1 6 4 2 4 9 4
328 2 6 2 6 4 7 8 5 3 4
323 4 3 7 6 5 6 8 6 4 2
372 9 6 6 1 5 9 8 9 6 8
20
351 6 3 5 4 9 5 9 3 6 8
298 9 9 5 4 1 2 8 5 6 3
278 3 2 4 1 5 8 8 5 2 8
335 5 1 9 8 6 9 3 2 9 4
373 7 8 4 4 8 3 4 9 9 9
223 6 5 1 2 3 1 6 2 8 3
264 1 6 2 1 3 8 2 5 6 9
207 9 2 4 6 2 2 1 5 3 3
305 7 2 8 2 3 4 9 7 9 7
315 8 9 9 4 3 4 4 8 3 2
347 7 3 4 9 9 2 8 2 6 8
274 3 1 9 7 1 5 9 4 3 6
271 4 2 9 8 8 3 3 1 7 2
247 1 2 8 5 4 5 6 7 1 1
289 7 3 2 4 2 5 8 1 9 7
312 3 7 6 2 2 5 4 9 9 2
281 6 6 9 4 6 4 3 5 3 7
394 3 8 9 7 2 9 8 6 6 7
299 7 5 2 4 4 6 3 7 4 6
229 2 1 1 2 9 6 5 4 1 9
