100 10
500 500 500 500 500 500 500 500 500 500
10
273 7 9 8 6 2 5 3 2 2 2
284 9 7 4 2 2 2 8 2 8 4
222 1 4 6 5 6 3 4 9 4 2
353 8 2 9 5 3 8 6 4 9 7
203 1 4 2 9 2 6 2 3 2 3
273 3 7 7 1 7 5 7 9 2 6
277 3 2 5 9 8 4 3 1 4 9
374 6 6 5 2 9 7 7 9 8 8
347 9 6 1 8 6 4 3 7 7 2
273 6 2 2 4 1 4 3 1 8 8
10
269 4 7 2 4 4 6 7 8 5 1
255 6 2 3 3 1 4 4 7 7 6
267 2 6 5 8 1 5 5 7 4 3
319 7 1 3 5 3 7 9 8 5 7
425 9 9 3 9 8 7 9 1 9 3
257 3 6 8 3 2 5 3 4 7 3
231 2 5 4 2 4 7 6 2 6 3
293 4 3 8 9 8 6 6 1 3 6
267 2 2 9 9 7 7 8 3 2 6
317 6 7 3 5 2 5 9 8 9 3
10
255 9 3 5 1 2 4 3 3 7 1
381 7 7 8 8 6 5 4 9 4 9
269 4 8 4 9 9 1 3 9 2 3
276 8 2 3 5 7 1 9 9 3 4
335 6 6 2 3 3 9 9 8 4 9
262 2 2 7 7 2 5 9 7 7 1
341 8 3 5 7 3 5 9 2 6 9
288 1 3 5 9 8 6 1 8 6 5
237 1 3 2 7 4 8 2 4 7 2
195 4 1 7 1 8 1 2 7 5 3
10
240 1 6 2 6 2 7 6 5 4 1
254 4 4 7 2 7 1 9 3 5 8
255 2 2 3 5 6 2 6 3 8 6
294 5 2 3 6 1 7 6 9 5 8
280 3 8 8 1 5 5 5 5 4 9
293 4 5 4 3 6 6 2 8 5 7
271 7 7 2 5 1 1 3 6 7 4
243 5 5 6 6 2 3 7 9 1 3
252 1 1 8 8 4 5 8 6 4 3
292 5 2 8 6 1 9 3 6 4 4
10
293 5 8 3 1 9 5 7 5 6 5
312 7 5 7 7 9 6 7 9 1 1
337 6 5 5 7 8 5 9 9 5 6
367 9 9 4 9 3 3 6 8 6 7
335 9 4 6 3 2 6 3 9 9 5
311 8 9 6 6 7 3 7 3 1 7
250 9 1 6 1 6 6 4 5 3 4
305 4 1 8 4 8 5 8 7 8 5
262 7 1 6 6 8 7 4 9 1 1
315 7 3 6 7 6 1 3 4 9 5
10
371 6 9 3 8 6 6 3 7 8 6
249 8 2 8 8 2 3 6 2 2 5
271 6 2 8 2 7 7 1 3 5 3
333 8 4 3 3 7 5 5 6 9 6
227 1 2 8 4 9 2 5 8 2 9
357 8 8 4 9 1 7 1 5 8 5
308 7 8 6 1 1 7 3 1 8 6
298 8 6 3 3 7 9 9 6 3 1
272 9 8 1 1 7 3 3 8 1 8
254 2 1 2 5 4 3 5 9 8 8
10
267 5 4 9 5 4 6 5 5 2 5
366 8 7 7 5 7 5 9 3 7 7
293 7 5 9 3 6 5 8 2 4 5
260 5 7 6 7 8 2 5 5 1 5
262 5 2 8 5 8 4 1 2 2 9
234 4 4 4 3 7 3 9 1 4 6
253 8 5 6 4 6 3 2 4 4 1
287 6 3 3 4 6 8 5 2 4 6
314 6 2 9 2 6 7 6 5 9 3
239 1 4 8 8 5 9 2 3 2 2
10
307 4 9 3 2 5 4 6 4 8 5
197 2 6 4 3 2 1 7 8 2 6
276 9 2 6 3 9 3 5 9 1 5
244 8 1 1 2 4 2 4 9 6 5
383 3 9 4 8 3 9 8 2 9 9
313 3 6 9 3 2 9 7 9 8 2
257 5 7 6 5 4 2 6 6 2 5
260 8 2 3 7 2 2 1 8 4 3
280 9 5 9 5 1 3 4 8 2 6
126 1 5 1 2 4 1 2 1 1 4
10
361 9 8 1 4 4 8 9 9 4 8
318 9 5 5 2 9 7 6 3 2 9
282 5 8 7 2 3 7 4 1 8 2
345 9 9 8 8 2 3 5 6 5 7
255 7 1 6 5 2 5 3 9 3 3
247 5 4 6 1 4 2 2 9 8 3
294 8 3 5 1 8 8 4 2 5 4
398 9 7 8 6 8 9 3 7 5 7
265 8 3 5 7 6 2 8 5 4 1
278 4 7 7 6 5 8 5 2 1 6
10
247 3 8 4 1 1 6 1 4 8 2
276 4 4 8 5 7 6 4 2 5 1
226 3 1 1 6 1 1 1 8 5 9
284 5 3 4 8 9 4 5 9 5 2
325 9 1 7 9 5 8 3 2 6 3
318 6 5 8 2 9 1 8 9 7 9
296 5 6 8 4 7 2 7 6 9 1
233 2 5 8 8 8 2 2 2 3 4
324 4 7 1 1 9 8 9 7 9 3
263 2 9 7 7 4 3 6 6 5 3
10
269 7 7 6 3 5 1 7 4 3 6
293 1 4 6 5 3 9 9 2 7 7
255 5 4 5 3 1 9 5 8 1 4
309 2 9 3 9 9 3 4 4 7 5
287 8 9 1 2 1 4 4 1 7 3
302 1 8 4 4 8 6 4 7 6 9
220 1 7 1 8 8 1 8 1 5 1
263 3 5 9 4 7 8 4 6 1 5
382 9 8 2 8 1 7 4 1 9 9
213 3 7 4 5 7 2 1 9 2 1
10
327 3 3 4 7 7 8 4 8 7 9
360 8 8 2 9 1 9 2 4 4 8
235 2 5 4 5 1 6 9 3 4 4
202 1 5 4 3 3 1 3 2 5 7
302 7 4 4 9 9 6 4 5 1 5
275 1 5 9 7 4 5 6 5 8 3
303 5 8 8 1 1 6 5 2 8 6
181 7 1 3 1 2 4 8 5 1 4
390 9 6 9 8 6 7 3 3 8 7
255 4 5 6 3 7 1 8 3 6 6
10
258 4 1 8 4 7 2 7 9 4 4
251 3 4 4 5 8 8 4 6 3 1
289 8 5 6 7 7 1 3 4 2 6
332 6 6 9 9 8 8 7 4 3 2
362 8 4 4 6 5 9 7 4 7 8
254 1 3 2 5 6 9 6 4 7 2
267 1 1 2 6 9 9 9 3 6 1
319 6 3 4 2 5 6 3 9 8 8
265 1 4 4 2 4 7 4 5 9 7
350 8 4 9 4 3 5 4 3 8 9
10
308 6 7 2 7 8 8 4 1 3 3
254 3 6 3 3 2 5 6 8 5 3
274 7 1 6 2 1 4 6 5 6 7
284 5 5 1 7 1 4 1 4 8 9
304 6 9 6 5 1 7 6 5 2 7
188 3 5 5 6 2 1 1 5 1 7
300 9 7 3 5 4 5 9 1 6 2
233 5 5 4 5 3 8 1 3 1 2
241 2 1 2 9 3 1 2 5 7 6
301 1 7 6 3 4 6 2 2 8 9
10
318 4 4 7 3 8 2 6 6 9 8
302 5 7 2 2 4 3 6 7 7 8
239 2 9 8 2 6 7 2 2 2 2
250 7 8 4 2 2 4 2 7 2 2
326 3 8 7 4 5 6 7 9 5 7
292 4 8 9 5 8 8 3 4 3 1
322 1 8 9 7 1 8 7 3 8 6
333 7 6 2 4 6 5 8 7 7 5
235 8 1 7 1 7 9 3 5 1 1
316 9 4 7 7 8 6 7 3 4 1
10
298 8 1 5 6 6 6 1 9 5 3
247 6 4 1 2 9 9 6 5 2 1
197 1 2 2 1 4 4 1 7 4 8
259 8 6 3 1 2 4 4 7 5 1
308 4 6 7 2 6 7 3 4 8 4
270 6 9 5 2 2 4 2 3 4 7
224 1 6 8 2 4 5 8 4 4 1
167 5 1 2 3 1 5 3 7 2 1
243 5 5 2 1 4 1 3 4 6 8
339 5 8 4 8 8 8 8 6 2 6
10
277 3 3 9 9 6 6 4 7 4 1
322 4 7 7 5 1 8 2 2 8 9
296 4 8 4 8 4 3 5 3 6 5
321 6 9 3 7 7 3 8 3 5 7
288 1 7 1 4 8 4 8 9 4 9
280 4 6 4 7 6 1 6 9 5 4
217 4 7 1 4 1 1 7 6 4 3
411 8 8 5 6 7 9 3 9 8 6
302 2 9 1 9 4 6 7 3 8 1
285 8 2 9 7 1 4 6 1 6 1
10
259 3 8 4 8 1 9 2 2 2 2
214 9 2 2 3 2 3 3 5 1 6
284 8 8 3 6 5 2 7 2 2 4
295 3 7 2 4 6 5 9 1 8 5
321 4 3 7 4 2 9 8 7 7 8
283 8 8 9 3 6 3 1 6 4 3
286 5 3 5 7 4 7 2 4 8 2
323 9 7 8 5 5 6 2 1 4 8
239 7 1 1 7 6 9 3 2 1 2
332 3 5 6 9 6 9 6 7 7 2
10
301 1 9 3 8 2 7 9 2 5 7
234 7 9 5 4 2 3 1 9 1 1
235 3 5 7 3 4 5 3 8 4 4
394 9 9 6 9 6 6 6 6 8 2
276 6 3 5 2 3 9 6 3 6 3
273 8 5 1 6 2 8 1 2 4 3
316 2 1 6 7 9 8 8 5 6 9
213 3 3 8 7 4 3 6 6 1 5
304 8 2 1 7 4 7 6 9 6 1
270 6 5 2 2 3 9 9 4 5 1
10
284 5 7 1 4 2 7 4 7 2 8
258 3 4 7 1 5 4 6 4 9 4
202 4 2 6 3 4 6 9 2 1 3
256 9 5 6 3 1 2 2 3 5 5
260 6 1 7 1 9 6 7 2 4 5
275 4 9 2 6 2 7 3 8 1 4
245 1 1 2 7 3 7 8 3 6 3
340 5 6 9 8 6 5 5 8 4 8
299 2 3 8 5 6 5 9 4 9 5
350 5 9 2 4 5 8 5 7 7 6
10
365 9 5 3 6 4 6 6 6 8 7
255 3 9 8 3 7 4 3 8 3 1
325 5 6 7 3 1 4 5 6 9 9
244 2 6 4 3 9 1 2 9 2 9
280 2 5 6 8 5 8 1 7 3 6
317 4 1 8 9 2 8 4 3 8 7
290 8 4 3 8 5 2 8 8 4 1
297 8 4 3 7 3 2 8 1 7 6
303 3 9 4 9 5 6 5 4 2 6
312 1 5 7 6 7 3 6 8 8 8
10
238 6 2 3 9 7 1 2 1 1 7
274 3 5 7 2 8 8 2 6 3 8
210 1 5 7 6 7 4 5 1 1 4
360 7 4 1 9 3 9 3 1 9 5
337 8 7 3 4 1 6 1 3 9 8
377 9 7 3 9 5 8 9 7 4 6
271 5 1 1 6 9 7 6 4 5 3
317 5 7 4 1 8 3 4 6 9 8
320 9 2 3 2 9 9 4 2 6 5
319 4 7 7 6 9 1 9 6 9 3
10
339 5 5 5 9 1 8 3 9 7 5
261 1 3 9 6 5 7 2 1 8 2
298 5 8 7 5 8 2 1 5 6 5
277 1 9 7 4 6 5 6 6 4 8
285 2 8 6 9 8 3 7 2 5 4
347 5 9 4 5 8 9 4 3 4 7
311 7 3 3 5 6 6 4 7 7 3
335 9 6 9 7 3 1 2 6 8 4
338 8 9 5 6 2 8 5 7 3 5
238 1 1 8 7 9 3 4 7 7 1
10
278 2 5 2 6 6 7 3 5 5 9
305 5 1 9 1 6 7 8 6 9 5
304 9 1 4 6 7 9 8 7 2 2
346 2 8 8 1 9 7 9 8 9 8
198 5 1 9 3 5 5 4 4 1 2
341 6 8 8 8 4 7 5 3 8 2
256 8 2 1 7 3 6 7 2 3 5
294 8 5 8 6 1 4 5 1 5 4
325 7 7 3 3 9 9 1 6 2 8
345 2 9 6 3 5 7 8 1 9 9
10
329 7 7 5 9 1 4 2 7 7 6
377 9 7 1 4 9 6 9 7 6 7
265 6 6 1 5 3 2 5 1 6 6
277 2 1 6 8 1 7 4 4 5 8
245 5 7 2 5 8 1 3 3 2 6
234 3 3 7 3 5 2 6 7 5 2
258 7 6 9 4 4 6 8 4 1 1
372 8 9 6 7 9 4 8 7 4 7
309 7 9 6 2 6 4 3 8 4 7
190 3 3 8 3 4 2 5 4 2 4
10
359 9 3 5 6 4 8 6 8 6 8
408 7 8 8 7 8 7 8 9 6 8
284 1 9 6 8 6 3 6 8 4 5
282 8 2 3 7 9 6 1 1 2 4
315 4 5 9 3 3 9 8 9 5 6
302 6 8 3 3 7 6 7 7 5 3
301 8 3 4 1 9 6 7 2 4 7
227 4 5 7 2 6 1 8 5 4 2
304 9 6 9 2 1 1 1 2 9 9
333 4 1 5 9 5 3 9 7 9 8
10
265 7 5 7 7 2 6 2 4 1 6
224 9 2 3 2 2 7 3 2 1 5
325 2 9 4 7 5 7 4 6 9 2
293 5 5 5 9 1 3 9 3 5 8
354 9 7 8 6 3 4 2 4 8 6
220 1 2 3 4 4 1 5 4 9 6
259 1 6 9 6 9 1 1 4 6 4
337 9 3 7 1 3 7 2 7 9 7
351 6 9 1 6 5 6 1 4 8 6
343 7 5 7 8 7 4 8 3 5 6
10
299 8 8 4 5 2 5 9 2 4 6
291 2 9 8 4 3 9 7 9 4 2
276 1 4 5 9 1 5 7 6 9 4
317 2 9 9 8 8 8 3 3 1 9
244 6 5 7 3 5 1 3 3 5 2
360 9 4 1 7 9 9 2 5 6 2
230 5 6 5 8 4 2 1 8 1 4
249 4 3 4 2 8 4 7 6 8 1
289 4 4 5 5 6 8 3 7 5 1
223 6 5 1 7 1 5 9 5 1 1
10
314 7 3 7 9 4 4 1 9 7 2
233 4 4 1 1 3 3 6 3 6 9
337 9 6 7 1 8 2 1 9 8 5
279 7 8 7 7 4 1 1 8 3 3
224 1 9 4 2 3 2 7 3 6 4
251 8 2 7 4 3 2 7 2 2 9
232 3 4 7 4 2 1 7 7 5 6
350 7 8 7 4 7 7 9 1 8 2
332 8 8 9 2 9 9 7 4 1 6
207 6 2 6 3 8 1 2 3 3 1
10
259 3 5 9 7 8 1 7 4 1 6
312 7 4 4 9 5 1 6 5 8 6
291 5 9 2 9 3 2 3 8 7 1
226 5 7 3 3 6 1 7 3 4 1
250 9 4 8 2 6 5 5 4 1 3
297 2 4 3 9 3 9 2 7 5 7
312 3 9 7 2 9 6 9 7 1 9
293 2 4 2 8 7 9 1 5 4 5
260 6 8 9 1 4 8 1 6 3 1
345 1 3 4 9 4 9 9 4 9 7
10
311 9 7 4 2 2 6 7 9 3 7
226 3 2 2 1 9 4 2 3 5 6
284 1 9 9 7 8 1 3 9 3 9
256 2 7 5 1 4 8 5 5 3 6
232 2 1 2 9 9 3 6 3 1 8
369 7 8 3 5 6 8 3 1 8 9
245 4 8 2 4 8 1 9 5 1 6
288 9 7 5 2 4 8 2 1 2 4
268 3 1 2 5 8 4 7 5 4 9
363 6 1 5 8 3 9 5 2 9 8
10
265 5 4 6 5 8 3 2 6 5 5
302 2 6 4 7 5 7 9 7 7 4
363 7 8 9 8 5 5 1 2 5 8
303 9 7 2 5 8 3 4 1 7 3
299 9 2 1 5 6 9 5 2 4 1
302 3 6 9 9 6 8 4 6 2 5
349 6 9 7 9 7 8 3 4 4 5
304 5 5 7 9 1 6 4 8 6 2
326 8 2 3 3 8 7 5 9 8 3
276 3 9 4 6 4 5 7 7 4 1
10
329 6 7 6 7 4 3 5 6 5 9
349 6 1 8 8 1 5 1 9 9 8
253 3 8 6 7 4 1 6 1 2 7
341 9 3 7 6 4 2 6 5 8 6
265 5 7 3 4 8 2 9 7 2 5
265 1 2 6 8 4 8 2 8 8 1
264 5 9 2 4 3 5 6 4 4 5
302 9 4 5 2 6 7 6 8 2 6
300 3 9 7 7 7 2 3 7 7 3
367 8 5 4 7 2 9 8 9 4 9
10
278 4 4 7 3 8 9 7 4 1 4
244 1 9 4 7 1 1 7 5 4 9
273 3 2 7 6 9 6 3 4 5 4
245 4 1 3 6 1 3 6 8 7 1
273 4 1 9 8 7 8 9 6 1 1
281 6 1 9 2 2 2 8 9 7 7
240 1 3 3 6 1 8 7 3 3 9
268 3 5 9 3 4 1 9 7 8 5
222 8 6 1 5 8 1 4 1 1 2
213 2 4 1 3 6 1 9 2 5 9
10
241 5 8 3 4 2 3 7 5 4 1
255 2 2 1 6 1 7 9 9 3 8
306 4 1 4 5 7 8 5 8 6 5
358 5 9 5 8 4 3 7 8 9 3
256 4 1 7 6 4 7 5 5 1 6
236 9 2 4 2 2 6 5 3 3 2
337 8 5 1 3 4 9 3 8 7 5
299 6 1 3 8 6 5 9 5 7 3
235 6 1 4 2 2 3 9 4 2 9
344 4 9 5 6 5 9 4 6 5 5
10
362 8 8 8 5 3 9 1 5 9 1
309 7 1 8 2 7 7 7 7 5 7
251 2 4 2 2 7 1 6 9 8 7
248 4 3 5 2 6 4 3 4 6 7
300 6 4 2 8 4 8 3 5 7 1
213 1 9 7 1 1 2 7 6 3 6
353 9 9 3 1 7 8 8 4 3 9
322 2 9 7 4 3 7 8 8 7 6
244 3 2 3 1 7 2 1 2 9 7
281 7 6 8 1 6 5 7 4 3 4
10
325 1 4 5 9 7 3 9 9 9 5
298 6 7 2 1 2 5 5 3 9 8
206 4 5 5 2 4 1 9 4 5 2
367 5 2 6 8 8 8 3 6 9 8
263 5 9 6 2 1 1 1 8 5 6
289 6 8 3 1 7 8 5 4 5 2
241 3 1 6 1 8 3 5 3 6 8
332 8 7 2 8 2 4 1 7 8 6
295 6 2 3 3 1 7 7 5 9 6
368 8 9 9 1 3 6 2 7 7 9
10
209 1 7 4 4 3 4 2 9 3 3
339 6 2 7 9 6 8 6 1 8 5
306 8 8 6 6 6 2 6 9 4 2
330 3 6 4 6 8 5 5 7 9 6
263 2 9 4 7 7 4 3 3 5 3
284 2 2 4 3 4 6 9 5 8 9
327 5 8 5 2 5 5 7 8 6 7
308 6 6 6 8 7 4 5 6 3 6
274 7 2 1 3 9 1 4 7 8 2
270 3 7 2 8 5 6 5 9 1 3
10
325 5 2 6 5 6 9 9 5 6 4
289 7 6 7 4 9 4 2 1 1 8
275 1 1 9 2 9 8 4 9 7 4
261 4 3 2 9 2 2 2 5 7 5
404 6 4 7 9 6 9 8 9 8 6
256 8 1 5 6 7 1 1 4 1 8
343 9 8 8 2 4 2 9 7 7 9
256 1 3 4 5 3 9 1 3 8 2
274 9 4 6 8 4 4 5 5 1 1
355 8 7 6 9 4 6 8 8 4 6
10
293 2 3 6 7 3 6 5 9 8 6
239 9 1 2 5 1 7 2 9 2 2
300 3 1 7 1 6 9 7 7 6 9
335 8 1 8 9 8 4 8 3 6 5
191 2 1 8 2 2 2 4 5 7 1
347 9 3 6 7 4 6 6 7 7 2
377 7 7 1 8 6 8 1 6 9 7
345 3 8 8 8 9 8 8 5 4 6
298 7 9 7 3 6 2 9 2 6 5
338 9 9 7 2 1 5 7 3 6 7
10
317 8 4 4 4 6 3 5 8 5 7
282 8 3 6 5 5 3 9 8 4 1
287 7 2 7 7 2 3 7 5 5 7
278 3 3 8 8 4 1 3 9 9 4
297 8 7 9 2 2 2 2 2 7 6
230 3 7 1 4 5 1 2 5 4 9
269 9 6 1 7 5 4 5 3 1 4
300 5 9 8 2 1 9 1 2 7 4
285 8 3 6 7 1 6 5 8 2 4
291 3 3 5 3 9 6 1 8 7 5
10
219 9 4 3 1 1 2 4 5 1 5
356 9 3 6 7 5 2 7 6 8 9
275 9 6 6 5 3 6 6 6 2 1
222 5 3 4 7 3 1 5 8 4 3
343 6 9 4 8 7 9 3 4 4 1
260 1 3 8 8 1 7 2 2 4 9
235 1 3 8 2 5 1 7 7 9 4
275 6 3 4 3 4 3 2 3 9 6
314 9 7 7 6 6 5 2 7 2 5
304 1 8 1 9 4 6 1 8 7 7
10
278 8 5 5 6 1 2 7 8 5 4
391 8 4 9 9 8 6 3 2 8 9
282 4 9 2 9 2 1 5 3 3 9
306 4 7 7 2 5 7 6 3 7 3
219 2 1 5 2 5 8 9 4 6 1
290 3 8 5 4 8 8 7 8 3 1
356 7 5 5 2 9 7 8 7 7 9
327 7 4 5 3 7 5 2 8 7 8
325 5 6 6 4 7 7 5 8 4 9
321 5 5 5 8 9 7 4 1 2 9
10
349 8 3 8 9 5 1 1 7 9 6
309 2 5 3 7 6 2 8 8 8 9
317 9 4 2 8 6 2 2 1 8 6
216 3 5 4 9 4 4 7 2 2 1
221 1 8 4 3 5 8 6 2 2 1
324 7 8 7 1 5 9 8 5 5 3
279 6 4 5 2 5 3 7 1 7 8
353 7 8 6 6 6 2 8 4 6 8
210 4 2 4 6 2 5 4 3 3 2
328 8 3 5 5 8 8 6 3 6 3
10
292 4 7 1 9 7 3 2 6 8 2
353 8 3 6 7 9 7 5 2 9 3
240 4 2 2 1 3 5 6 9 5 9
339 7 3 8 9 7 4 2 9 5 5
318 9 5 5 5 9 6 8 4 4 3
217 1 3 7 1 9 6 6 9 1 4
268 3 3 5 3 2 7 5 7 9 2
360 9 2 6 1 8 9 9 6 9 4
237 4 6 5 1 2 8 5 6 3 1
256 7 7 7 2 5 1 3 8 4 1
10
247 4 1 8 7 6 2 4 1 6 7
187 2 7 2 1 8 6 5 1 1 3
249 6 8 1 1 1 2 1 7 6 5
312 5 7 3 9 9 3 9 2 3 8
334 8 7 4 5 5 8 3 9 4 6
378 9 7 6 8 3 7 4 6 7 7
286 6 6 5 4 2 2 3 1 8 8
318 1 8 9 8 4 4 2 5 9 4
313 7 2 9 2 3 9 9 1 6 8
219 3 9 8 1 6 1 4 5 2 3
10
211 3 5 8 4 1 3 1 3 2 7
271 7 9 3 4 5 1 5 1 6 4
269 1 1 6 5 2 9 2 1 8 7
295 8 2 8 1 3 7 5 7 6 5
248 5 1 7 8 6 2 8 8 1 7
272 3 2 8 6 1 7 5 6 5 8
383 6 8 3 9 7 7 9 2 9 4
287 3 4 8 9 7 5 1 2 6 2
309 4 9 5 7 1 5 5 3 8 3
207 3 3 1 7 6 4 5 1 2 6
10
285 8 9 6 5 3 7 5 1 1 1
228 7 4 3 4 4 1 7 6 1 5
249 1 8 9 7 1 2 6 2 5 5
249 5 7 4 4 4 4 9 4 1 5
360 7 3 1 8 5 7 4 7 8 7
223 5 5 6 5 4 1 7 8 2 3
215 1 7 3 7 8 1 4 8 4 1
303 9 7 1 6 3 3 7 7 5 3
328 8 8 5 9 5 1 2 7 6 4
249 1 3 8 2 2 9 5 9 6 3
10
299 7 7 3 1 9 6 1 7 3 7
216 5 3 9 2 6 4 1 4 1 6
250 5 5 8 2 7 3 7 1 6 2
319 8 3 2 4 7 5 1 9 7 8
235 6 5 8 1 1 9 2 1 1 7
313 8 3 7 8 2 3 8 7 7 2
294 8 2 2 4 9 4 3 5 7 1
212 6 5 2 1 1 1 4 6 7 1
358 7 4 3 6 8 9 2 5 9 1
282 2 8 7 3 6 2 7 9 9 2
10
362 2 9 6 9 7 7 8 8 8 5
292 6 1 2 1 3 9 7 5 6 8
239 4 2 6 6 2 5 1 1 8 2
234 3 3 1 4 6 1 5 2 7 9
291 6 2 1 1 6 7 4 8 6 6
316 3 9 9 7 5 7 5 1 8 2
394 7 8 7 5 7 9 2 9 9 5
294 4 7 3 9 6 2 4 8 7 1
270 5 3 6 9 2 8 4 5 2 5
340 2 8 5 7 3 9 3 3 8 6
10
275 9 9 2 6 5 2 1 1 2 8
242 2 8 5 7 6 1 4 3 3 4
331 8 8 9 8 2 6 8 8 2 4
223 4 6 9 5 4 2 1 6 3 2
312 8 9 1 9 3 5 2 9 1 5
247 5 1 7 1 1 7 8 8 5 4
328 6 7 8 5 8 6 9 9 4 3
219 7 4 1 7 6 1 4 3 2 2
230 5 2 1 1 3 8 7 7 3 5
243 1 7 7 2 4 1 5 3 9 4
10
241 6 1 7 2 2 4 5 3 9 2
273 4 3 2 7 5 7 8 9 2 4
365 9 8 4 2 3 9 9 1 8 6
303 7 7 5 7 7 4 4 7 2 5
267 2 6 1 6 3 1 8 1 9 8
240 9 3 1 2 1 5 1 8 6 1
355 6 2 7 8 3 7 6 3 9 9
229 1 4 3 5 8 1 4 3 6 7
351 3 9 6 9 8 2 4 7 6 8
293 6 2 2 3 8 2 5 8 8 8
10
231 8 1 8 5 2 2 3 2 2 7
258 1 1 4 6 7 6 4 1 9 2
265 1 2 3 6 7 7 3 9 7 2
230 4 6 5 5 6 4 4 1 1 6
349 9 8 2 6 1 5 3 9 8 5
258 7 4 4 8 7 1 6 6 4 1
235 6 6 6 6 3 4 1 6 1 4
313 7 1 2 2 8 6 8 7 6 8
317 8 4 3 5 6 2 2 4 8 6
296 9 1 2 7 2 9 2 9 3 4
10
315 9 9 1 7 1 4 4 3 5 8
328 6 6 2 5 2 3 6 8 9 9
283 4 9 9 5 6 3 1 8 2 7
300 7 8 4 1 8 6 1 9 2 5
326 5 9 3 6 2 7 5 9 3 8
212 2 4 7 2 8 2 6 1 3 6
227 2 3 8 7 3 3 2 3 4 3
300 9 1 8 3 5 2 7 8 5 5
257 4 2 4 3 2 6 5 4 8 4
340 7 4 9 4 4 6 1 9 8 3
10
246 2 8 3 6 1 7 7 7 1 5
341 8 9 1 5 6 2 9 9 7 6
282 2 6 2 2 4 9 4 8 4 7
311 3 5 4 2 6 7 7 9 8 4
311 5 9 6 7 1 9 4 7 1 6
288 7 3 7 6 2 4 5 9 5 6
271 3 9 2 3 2 2 5 3 8 6
304 7 6 6 4 9 2 2 6 4 9
214 3 2 6 2 2 4 6 3 6 2
148 2 2 1 2 3 5 5 2 1 5
10
312 8 5 2 8 4 1 3 7 7 8
309 1 4 9 8 6 7 9 7 5 4
265 2 8 4 3 2 6 5 3 7 3
307 9 6 7 8 5 2 7 4 5 1
301 4 5 8 8 1 9 9 1 3 7
356 6 8 5 9 7 8 8 2 5 5
276 6 2 1 4 7 3 9 8 8 3
288 8 8 4 2 4 3 7 7 5 3
297 9 5 4 4 7 7 6 1 3 2
282 7 2 8 7 5 5 4 4 2 9
10
348 8 7 9 6 9 5 5 1 2 8
292 4 6 4 5 5 1 2 8 8 6
287 8 5 9 3 3 2 1 8 4 5
259 5 9 2 7 2 3 7 5 3 5
200 2 1 2 1 9 6 3 3 3 5
192 2 1 1 3 7 2 7 2 2 8
258 9 2 4 2 9 3 4 6 4 4
286 1 1 2 8 7 9 1 4 9 2
361 9 6 4 9 8 1 4 8 7 5
275 8 8 8 1 4 1 9 6 3 4
10
267 7 3 2 3 1 5 6 2 5 8
232 2 3 1 8 6 7 1 3 2 4
278 5 8 2 5 7 6 5 7 2 2
341 9 1 4 6 8 2 6 6 8 6
310 3 5 8 5 7 1 5 9 7 9
275 2 8 4 3 9 6 3 9 3 6
289 6 9 1 6 8 1 3 5 4 7
263 9 4 1 6 1 1 9 3 6 3
383 7 8 1 8 7 9 7 9 4 9
306 9 8 1 1 4 4 5 4 7 5
10
397 8 7 7 7 9 4 5 7 9 8
378 8 3 8 5 2 9 7 7 8 9
226 1 6 7 1 5 8 8 5 3 3
290 7 8 9 2 3 5 6 2 2 8
295 3 3 9 2 3 9 7 5 6 5
261 2 9 2 3 7 4 3 1 6 5
317 9 3 2 8 7 2 9 6 5 6
276 1 8 2 6 2 3 9 2 9 5
305 4 5 3 3 9 8 7 2 8 4
305 3 4 3 9 4 4 6 7 6 7
10
186 3 3 3 2 6 1 5 9 2 3
308 7 5 1 7 5 3 7 2 7 5
275 3 5 8 9 5 5 3 3 7 1
374 8 7 5 9 6 7 1 7 5 6
358 7 5 6 9 2 6 7 6 6 6
303 7 6 8 8 5 4 7 1 1 6
225 3 2 1 8 1 1 2 1 6 9
341 8 7 9 5 8 5 5 4 5 3
309 2 6 9 4 4 9 4 7 6 3
235 5 5 2 1 5 1 8 3 6 6
10
249 6 6 6 2 6 5 7 3 1 5
275 1 6 8 5 5 8 6 6 4 6
258 3 6 7 5 8 4 5 8 2 6
298 9 4 8 3 6 9 3 8 1 4
378 3 8 9 6 9 5 8 8 9 9
281 2 5 5 5 6 1 2 9 9 7
265 9 2 7 8 1 1 8 5 1 9
304 3 5 9 7 7 8 5 2 3 5
294 1 3 4 6 7 9 8 9 6 5
314 9 2 1 9 1 7 5 1 8 3
10
303 6 2 6 9 8 2 9 9 3 4
302 9 6 4 4 9 1 4 4 2 8
214 6 1 2 4 5 2 8 2 3 6
263 3 7 3 2 4 7 5 2 6 6
285 2 5 2 9 9 2 2 9 6 5
267 5 3 2 8 9 4 8 1 2 8
302 7 3 1 9 8 1 6 4 8 3
260 1 5 7 2 6 7 1 6 5 9
331 2 3 5 9 9 5 1 7 7 9
291 7 4 9 7 6 6 5 5 4 1
10
302 8 9 4 4 6 1 9 6 6 2
215 3 2 2 6 5 3 5 8 2 4
320 3 7 8 7 4 7 6 1 9 2
219 1 2 5 5 3 1 9 6 5 6
191 1 5 6 3 2 3 8 7 2 4
256 3 8 5 1 9 2 5 5 4 6
268 1 3 4 5 3 7 6 1 8 7
234 1 4 4 2 3 8 6 4 3 6
252 5 6 7 3 2 4 7 3 4 4
242 2 1 3 7 6 2 4 1 9 4
10
334 6 2 3 7 8 6 3 9 7 6
271 3 7 8 7 5 3 4 4 4 6
301 6 5 9 9 1 4 6 9 3 5
221 2 4 8 3 8 6 7 2 2 1
304 8 1 6 6 4 2 8 7 9 1
260 3 4 7 5 3 9 6 1 3 6
340 9 9 2 7 8 2 5 3 8 2
254 6 9 5 1 3 3 2 2 6 4
358 8 7 5 3 9 8 8 3 6 3
251 2 5 5 8 2 1 4 6 9 2
10
334 1 9 5 4 5 7 9 2 9 7
378 7 5 6 5 9 8 6 5 9 7
295 5 5 7 5 7 4 5 5 5 4
279 6 7 7 3 5 3 6 1 6 1
290 9 2 1 7 9 5 1 3 6 1
327 7 6 7 5 1 4 7 1 8 7
337 8 1 6 9 6 5 4 5 8 2
182 1 6 4 2 3 3 8 5 3 1
252 3 3 9 4 3 4 3 4 6 8
204 1 5 4 1 8 2 3 7 5 5
10
302 6 4 5 6 2 9 6 4 2 9
317 5 1 1 9 8 8 6 8 3 8
308 7 7 8 4 4 5 6 9 2 6
237 4 5 2 2 7 4 5 7 2 7
293 9 2 4 2 6 5 8 7 2 9
175 3 1 6 2 6 5 3 1 1 2
244 4 2 8 6 8 1 9 3 6 3
227 1 6 7 5 3 4 3 2 3 9
293 1 7 9 7 8 3 8 9 6 4
308 8 6 7 3 9 9 5 3 3 3
10
309 8 4 9 8 9 2 1 7 6 2
239 2 1 3 2 6 6 2 6 6 5
314 8 6 8 8 8 1 1 5 3 5
319 9 9 8 9 3 3 3 1 4 2
319 6 6 9 1 1 9 6 2 6 9
304 9 2 7 1 8 9 6 5 3 4
183 4 2 4 1 1 1 5 6 4 6
264 1 7 1 9 5 2 7 4 4 8
271 5 1 9 6 2 8 4 7 2 6
205 1 3 5 1 8 4 4 9 3 4
10
308 6 3 4 8 8 7 1 5 1 8
327 8 8 4 8 1 5 7 5 8 1
309 4 6 4 6 9 4 4 4 6 7
243 3 5 7 1 4 7 3 5 2 6
294 5 6 1 8 8 1 7 8 6 2
244 5 4 7 3 6 4 6 5 2 4
212 3 6 3 4 2 2 4 2 2 8
290 5 6 7 9 3 7 1 1 1 8
244 6 2 3 9 1 6 3 4 2 5
273 4 1 3 6 9 7 2 7 7 1
10
318 8 8 6 2 9 3 6 2 8 2
278 9 8 3 5 3 3 6 1 2 5
302 9 4 6 8 4 6 5 9 1 3
350 8 2 3 8 6 7 4 9 7 2
221 4 6 8 4 5 2 3 4 2 2
267 5 3 2 8 3 1 3 6 7 8
274 4 8 1 8 8 1 6 6 2 6
283 5 2 9 5 7 7 2 5 1 9
226 1 2 9 9 5 6 7 4 3 1
296 3 7 6 4 3 7 5 2 6 7
10
310 4 8 7 2 3 8 2 5 7 4
361 6 7 6 8 7 4 3 6 7 6
354 9 3 8 7 4 2 2 2 9 9
321 7 4 7 6 9 4 9 1 3 9
199 1 3 9 5 2 4 7 1 3 6
321 5 4 3 9 6 6 3 2 7 7
306 4 3 7 6 2 7 6 7 7 8
323 8 9 4 6 8 6 8 8 2 3
331 4 5 5 4 4 7 9 6 9 5
250 6 6 2 2 4 4 1 8 6 2
10
296 7 6 9 4 3 6 4 1 6 1
312 2 2 9 9 8 2 6 8 7 8
305 7 6 3 5 4 5 1 9 7 3
311 3 5 6 6 1 9 4 2 9 2
178 1 3 4 2 3 2 6 4 3 6
321 3 7 5 7 8 2 8 5 7 8
285 3 9 1 1 8 4 6 8 9 3
344 9 4 8 9 5 4 9 1 6 4
183 1 4 3 9 8 1 2 2 3 2
271 4 1 2 8 7 9 4 1 7 1
10
377 7 7 6 7 5 8 1 8 6 6
279 3 6 6 8 5 2 8 2 5 9
318 9 6 5 7 6 2 2 3 8 3
223 2 8 7 1 7 2 3 7 3 1
244 3 3 9 4 5 4 3 2 6 5
264 6 3 8 1 9 7 3 2 1 6
332 6 8 1 7 3 9 5 2 7 1
249 5 5 9 4 5 5 1 2 3 4
217 3 1 7 4 2 2 2 1 6 9
289 4 8 2 1 6 1 9 9 8 7
10
263 1 9 1 5 3 5 3 2 6 7
298 7 9 3 5 9 5 5 1 1 8
345 8 6 2 8 6 9 9 1 6 4
295 6 8 8 1 5 6 6 5 6 3
254 5 3 5 1 7 1 6 7 9 1
312 8 9 6 8 4 3 9 3 1 6
313 5 4 1 9 6 8 5 5 5 6
299 7 8 6 6 2 2 8 4 6 1
398 8 7 6 8 8 4 8 9 9 3
228 5 4 6 1 7 8 7 1 2 1
10
283 7 1 1 4 3 4 4 5 9 8
258 2 6 1 5 2 9 2 5 5 4
234 2 4 3 9 1 6 3 6 4 1
311 4 8 9 8 3 6 6 5 4 4
194 5 1 2 4 6 1 9 2 3 1
276 5 3 5 4 3 7 4 8 4 6
336 3 7 7 7 5 5 8 8 7 4
321 7 4 3 6 9 8 9 8 4 1
319 5 2 9 3 7 6 4 8 7 8
197 3 2 1 4 7 1 6 8 3 2
10
319 2 7 8 6 3 2 3 7 9 8
325 9 1 7 8 8 3 8 3 6 2
258 8 4 7 2 4 1 7 9 4 2
288 7 8 3 1 7 5 3 5 5 3
291 6 8 7 9 4 2 4 8 2 4
228 5 2 2 7 3 5 2 8 4 2
331 8 8 3 2 5 7 6 6 3 8
268 6 5 5 1 3 3 3 3 5 9
240 8 3 3 2 4 2 4 9 3 2
155 1 2 2 1 3 3 7 1 4 3
10
259 1 7 4 4 2 7 8 1 6 3
301 8 6 2 8 6 3 4 5 3 5
317 7 5 7 8 1 9 9 9 2 1
241 4 6 4 4 5 4 3 9 1 4
255 5 2 1 1 5 7 7 2 7 7
278 8 3 8 3 1 1 5 2 8 4
275 1 2 1 8 5 7 7 2 9 6
203 1 3 7 1 3 9 9 6 3 1
325 8 6 4 3 3 6 8 5 8 5
353 5 4 7 7 1 8 5 8 9 5
10
312 9 2 5 6 8 7 6 4 1 7
291 6 6 6 1 7 8 8 1 5 4
251 1 5 4 9 7 1 4 6 8 2
262 1 9 5 4 4 4 5 3 7 4
233 9 3 1 7 1 3 1 7 1 1
300 7 9 4 9 6 5 3 7 1 4
271 3 1 8 2 5 3 5 7 8 8
219 3 2 9 6 2 1 6 3 2 9
303 6 9 4 9 2 3 3 2 7 3
240 3 1 4 7 3 2 6 6 9 3
10
272 4 9 1 9 3 4 9 7 1 6
173 2 1 2 1 6 4 5 4 2 6
176 2 5 2 3 7 3 4 2 2 4
308 6 8 3 5 7 5 8 1 4 8
348 7 9 8 7 3 4 1 4 7 9
251 7 2 1 4 5 2 7 5 4 6
232 3 6 5 6 3 5 1 4 2 2
257 3 1 9 3 6 5 2 5 8 5
200 1 7 2 9 2 2 5 1 1 8
267 6 1 3 5 4 6 9 3 2 8
10
156 7 1 1 4 1 1 1 1 2 1
293 3 4 8 5 9 6 3 4 5 6
301 9 4 9 4 9 2 8 2 3 8
342 8 3 8 5 8 5 4 2 8 6
214 1 6 2 3 7 6 5 6 4 1
361 7 5 2 9 5 7 3 4 8 5
270 7 9 2 3 8 3 3 9 1 1
254 9 1 3 4 2 4 1 6 3 8
273 8 2 5 2 1 9 4 3 6 2
269 1 6 3 6 2 7 8 9 3 7
10
260 4 7 1 4 6 6 1 3 8 1
250 1 6 6 4 1 4 5 2 7 8
246 6 2 2 5 2 5 1 6 6 3
292 7 7 1 2 5 7 9 1 7 1
241 3 3 6 4 8 6 7 5 5 1
292 7 5 1 8 5 6 3 1 5 1
271 5 3 4 9 1 1 4 6 7 4
316 2 4 9 8 3 3 6 9 9 4
281 1 9 6 7 5 4 4 1 6 8
288 8 1 5 8 3 3 3 4 7 5
10
335 8 2 2 7 3 8 7 7 7 7
301 1 9 7 3 6 3 9 5 9 7
242 8 2 5 1 1 2 3 1 7 9
267 2 1 8 8 7 8 2 1 6 1
270 9 1 2 6 1 5 4 8 2 5
279 7 7 4 2 6 2 4 5 3 7
282 7 5 4 1 2 1 6 6 8 5
235 6 5 8 2 6 1 4 8 5 1
290 9 5 6 4 3 2 6 6 6 5
326 5 1 6 8 9 4 3 3 7 8
10
243 1 2 5 7 9 4 6 1 8 2
292 8 3 8 2 5 1 2 3 9 4
216 2 5 1 5 5 1 5 6 3 7
286 5 3 3 4 2 4 7 9 7 7
319 9 2 4 4 4 8 1 8 4 6
322 8 6 7 8 2 9 6 7 3 2
288 6 1 5 5 9 4 2 9 5 8
234 3 8 2 3 2 4 7 8 1 9
259 3 1 6 3 3 5 8 3 5 9
346 4 9 5 6 3 7 4 3 9 8
10
269 7 4 3 9 5 3 4 3 3 4
273 9 6 5 2 5 9 1 2 2 2
255 7 5 3 1 6 7 3 6 1 5
211 1 5 6 3 2 5 7 6 3 1
262 4 3 8 5 9 7 5 1 2 3
328 3 2 7 8 8 8 2 1 9 7
300 5 7 5 8 7 5 7 2 6 2
194 4 2 5 8 2 1 1 4 4 2
260 4 7 6 6 1 6 3 4 2 8
312 7 4 5 4 8 9 7 9 3 2
10
267 5 1 8 5 8 2 2 2 6 8
274 8 1 8 8 2 8 3 4 3 2
260 1 9 2 8 2 4 4 7 3 8
353 7 7 2 2 8 9 4 7 4 9
245 4 1 2 6 8 4 6 3 4 8
239 2 4 9 9 6 3 8 2 1 7
333 8 4 6 6 2 8 2 8 5 7
199 1 5 9 8 1 2 3 9 2 1
264 1 3 4 4 2 8 5 4 8 5
297 4 9 7 5 7 7 6 6 1 3
10
281 1 7 2 6 6 5 3 1 8 7
353 8 3 6 9 2 8 4 1 7 8
255 5 9 7 5 8 1 1 1 4 1
337 5 7 8 2 9 5 6 8 9 4
243 4 2 2 4 8 9 5 7 1 3
352 6 7 5 9 9 8 6 1 5 3
339 8 2 2 5 3 6 9 9 9 3
358 3 6 9 8 6 7 4 8 7 6
280 2 5 8 2 3 5 3 4 7 9
254 1 5 8 4 2 1 4 8 7 6
10
280 2 5 7 9 6 4 3 3 5 6
258 8 2 9 3 5 4 2 8 3 2
288 7 4 8 9 5 5 2 6 3 1
357 8 3 8 1 7 5 5 9 8 8
293 6 1 5 3 4 4 9 2 7 8
366 6 8 3 8 6 6 6 9 6 6
321 6 7 1 6 6 8 7 3 7 2
240 4 2 1 8 7 3 2 5 7 1
272 9 6 1 9 6 1 6 5 2 1
272 3 5 2 4 3 3 5 6 8 7
10
206 2 1 8 1 8 3 1 5 1 9
249 3 7 5 1 8 1 6 4 7 5
284 9 9 8 2 5 1 1 3 6 4
267 8 6 3 3 5 5 7 4 1 4
359 6 7 5 8 9 9 4 4 3 9
290 7 1 6 5 6 7 8 3 2 6
349 9 4 7 7 2 7 8 6 4 9
241 4 1 7 6 3 1 7 2 8 3
264 8 1 4 5 8 6 4 5 2 5
268 2 6 1 9 6 6 9 4 3 2
10
295 5 9 1 7 1 8 6 7 1 4
266 3 9 1 2 9 6 3 5 3 7
296 6 3 8 3 1 7 2 9 8 1
254 4 2 4 2 3 3 7 3 7 8
236 2 2 2 4 8 8 3 9 3 2
310 9 2 6 2 1 5 3 2 9 6
336 8 7 6 5 5 6 1 6 4 6
239 1 8 9 1 8 1 4 2 9 2
306 4 7 3 8 4 3 6 4 5 8
203 8 1 7 1 2 1 2 8 2 4
10
229 3 7 4 4 2 2 4 6 5 1
228 2 3 7 7 3 3 5 6 2 8
274 3 1 7 8 1 7 4 9 7 2
269 3 1 1 8 4 5 5 8 3 9
205 1 1 9 1 8 8 4 4 1 7
283 9 1 8 4 8 4 7 9 2 3
237 4 1 2 8 2 6 2 1 6 2
306 2 7 4 4 7 6 7 3 7 9
281 1 7 6 6 7 7 6 6 4 6
204 1 3 3 4 4 5 7 3 2 8
10
309 1 3 2 4 9 9 1 3 9 9
297 3 6 9 7 6 7 4 3 6 1
350 9 6 9 9 8 5 8 6 2 5
310 7 6 4 2 7 3 8 7 8 5
380 9 9 7 6 6 9 4 2 4 9
366 6 4 8 9 2 9 8 9 6 8
420 8 6 9 5 9 8 9 9 9 5
266 9 2 5 5 5 4 3 4 1 5
303 8 9 8 3 4 3 1 4 7 2
330 4 8 9 6 4 9 7 5 5 1
10
242 1 9 7 6 2 2 2 8 3 6
286 3 7 8 5 7 3 1 5 8 2
257 4 3 8 4 7 5 7 5 3 4
370 9 7 5 5 4 6 6 4 8 6
284 3 1 7 1 7 5 1 9 9 9
240 1 1 6 3 2 6 4 8 8 3
265 7 2 8 7 6 6 2 5 2 1
292 5 5 9 9 1 3 3 3 5 8
308 6 5 4 8 2 8 1 2 4 7
252 4 7 3 2 1 3 2 5 9 5
10
283 4 7 9 6 1 2 6 9 8 2
244 6 5 7 5 6 1 4 2 2 5
249 2 2 7 8 5 8 9 3 1 7
247 6 4 4 7 1 3 3 2 5 3
233 1 3 5 5 6 2 3 9 8 1
233 7 8 1 5 3 1 4 8 2 3
324 4 7 1 8 6 3 4 8 9 6
194 2 3 4 6 2 3 2 3 3 6
290 2 2 4 5 3 9 3 6 9 7
275 2 5 6 8 8 6 6 4 2 8
10
255 4 7 1 4 1 4 6 4 6 7
247 3 7 7 7 3 2 6 1 3 4
202 2 5 3 3 6 1 3 1 7 4
292 8 3 1 2 5 8 3 5 6 3
265 4 1 6 5 4 9 2 2 4 9
303 2 5 6 2 7 9 8 5 8 6
368 8 7 6 5 9 4 1 8 8 8
259 3 7 2 6 4 3 2 4 5 9
300 6 8 3 1 8 3 3 2 6 8
187 1 1 5 7 1 2 6 5 4 4
10
281 3 9 3 4 9 3 1 6 6 5
299 6 1 8 6 4 8 3 8 4 3
235 2 3 3 5 5 4 6 2 7 1
188 4 2 4 3 1 7 9 6 1 2
288 4 7 6 5 4 3 9 1 8 6
228 6 4 6 2 5 7 3 5 1 4
222 3 3 8 4 2 8 4 2 1 3
239 2 6 9 8 5 6 4 1 2 3
283 6 7 7 1 4 6 6 6 4 5
282 1 9 1 3 7 8 9 2 6 5
10
269 6 1 1 9 8 6 5 2 6 1
169 4 1 5 1 2 3 2 6 1 5
223 2 5 2 4 6 1 5 6 2 9
229 2 6 6 6 2 1 1 1 8 5
340 3 8 5 9 2 9 9 5 5 5
231 6 9 7 4 3 1 4 3 1 1
302 7 9 9 4 3 5 6 2 3 6
303 2 6 6 2 8 9 1 8 8 4
266 6 9 4 3 7 3 5 3 2 8
246 1 6 4 6 5 6 5 7 4 4
10
293 4 4 6 7 7 9 8 8 1 5
255 7 6 4 5 7 3 1 9 2 2
264 2 1 3 2 2 6 8 6 8 9
316 4 3 9 2 7 9 9 6 5 6
259 4 2 9 6 9 1 8 6 5 1
245 2 5 2 8 4 6 7 4 3 3
266 8 2 5 3 5 4 6 8 1 7
273 6 3 7 2 3 6 9 7 3 6
242 1 4 1 2 1 6 9 2 9 4
231 8 1 4 7 5 3 5 1 3 1
10
234 7 2 8 1 4 1 5 7 2 8
263 4 4 1 1 8 6 2 7 7 5
241 3 5 8 2 1 3 2 6 6 5
195 5 1 7 4 2 1 6 1 4 4
235 1 3 3 1 5 6 7 8 6 5
299 5 9 6 6 7 2 9 8 1 9
306 5 6 9 7 6 3 8 9 4 3
254 9 6 7 2 4 3 4 4 3 3
270 3 9 8 4 7 4 2 1 7 2
315 3 3 6 8 6 8 7 6 8 1
10
269 5 4 7 5 2 5 9 8 3 6
313 7 9 8 2 1 8 1 2 7 5
340 5 7 4 4 9 8 7 9 3 8
321 6 6 8 3 1 4 8 7 9 6
329 1 8 5 8 5 6 5 8 7 9
290 4 9 3 4 8 8 6 1 2 8
300 4 9 3 4 8 5 1 6 4 5
333 6 8 1 9 3 2 5 5 8 6
243 6 6 3 6 1 6 1 2 1 4
236 1 7 7 1 5 6 1 2 8 1
10
271 2 6 4 3 6 5 5 3 4 9
363 4 6 7 9 8 7 8 1 5 9
278 8 7 5 2 1 5 1 2 2 9
312 6 6 8 6 1 7 5 8 4 4
283 3 6 6 6 6 5 4 7 2 8
280 4 8 6 2 3 5 4 2 7 5
244 5 1 1 1 1 8 3 8 7 3
309 7 4 2 3 1 7 7 8 8 2
252 1 9 1 8 2 3 3 6 7 2
209 1 8 3 8 1 3 3 7 3 1
10
278 5 8 6 5 4 2 9 5 5 1
255 5 9 3 1 3 4 4 9 6 2
210 1 4 5 3 2 4 8 8 1 7
222 2 4 1 5 5 4 9 1 7 2
248 6 2 2 1 1 8 1 9 6 5
253 6 2 5 5 8 2 6 6 3 7
322 6 4 8 4 2 4 5 7 9 9
363 9 5 3 5 5 8 5 7 9 1
306 4 6 6 3 3 8 4 4 5 9
296 8 1 9 6 9 6 7 2 4 3
