100 15
500 500 500 500 500 500 500 500 500 500 500 500 500 500 500
10
383 6 2 4 7 4 3 3 8 5 4 4 7 7 4 2
396 1 4 5 1 9 9 7 6 2 8 4 3 3 9 3
496 5 6 4 8 6 4 3 1 9 2 7 3 2 8 9
312 5 8 6 1 4 4 8 7 1 2 2 6 2 5 1
395 8 7 7 4 2 9 2 2 3 7 6 1 2 9 3
411 2 6 2 8 1 4 7 8 4 5 6 3 2 7 7
434 5 2 4 9 9 2 4 3 3 5 4 5 6 8 1
388 9 5 8 7 7 7 8 2 4 8 2 4 3 4 1
418 5 5 7 1 7 6 7 8 7 4 2 1 9 5 2
336 7 8 1 5 8 3 1 7 2 2 9 7 1 2 2
10
360 5 5 3 4 7 6 9 4 5 2 1 9 5 4 1
420 3 7 3 9 8 6 5 9 4 1 5 5 5 3 3
396 5 1 2 2 4 5 4 7 6 1 7 8 1 7 9
422 4 8 5 4 4 7 3 6 4 2 9 5 7 6 2
254 8 2 7 2 4 1 3 1 2 2 4 1 1 4 2
492 8 5 8 8 8 8 9 6 7 5 2 1 3 8 4
359 1 5 4 1 7 4 1 8 7 3 5 2 7 7 2
415 4 8 7 2 4 2 6 5 9 5 4 5 6 6 3
393 8 9 3 5 4 1 2 5 1 3 2 4 4 8 7
447 4 4 4 7 2 3 7 5 7 4 7 9 1 4 9
10
449 3 5 9 7 6 7 6 9 3 9 6 7 2 5 2
398 8 1 8 5 3 4 4 5 8 1 4 8 4 3 7
371 2 9 9 4 2 2 2 2 1 1 6 6 7 3 7
394 1 3 5 7 3 5 9 2 9 4 2 2 3 3 7
327 4 7 5 5 4 2 4 8 2 1 5 3 2 9 1
506 2 2 3 7 4 1 3 3 7 7 8 8 9 7 8
375 4 7 2 3 6 2 3 6 9 7 5 1 1 4 8
482 3 5 6 3 6 7 4 1 9 3 5 7 6 8 6
497 2 1 5 6 8 7 8 2 5 6 4 9 9 8 5
434 5 1 5 2 8 7 6 5 6 8 8 4 4 4 4
10
391 5 8 9 5 5 1 7 8 6 4 5 4 6 1 3
348 6 7 3 9 6 1 7 1 2 8 1 6 6 1 1
344 6 1 7 2 1 4 9 5 4 8 7 7 4 5 1
447 9 6 8 8 4 1 7 9 5 7 4 7 2 7 2
482 9 6 4 9 6 2 4 6 6 7 5 3 8 8 1
469 6 7 6 6 2 2 6 1 7 8 6 3 6 4 7
295 8 4 5 7 6 1 3 1 1 5 1 6 4 2 2
534 1 9 6 7 9 8 2 8 2 1 8 5 7 9 9
413 9 4 9 7 2 6 7 1 5 7 8 2 2 4 2
399 2 7 9 2 4 3 3 2 8 7 7 3 4 2 8
10
378 8 9 4 2 8 1 9 7 1 5 4 2 7 1 5
337 5 1 4 1 4 6 3 3 7 3 3 4 1 8 3
308 7 6 8 2 2 2 9 4 5 4 4 9 1 4 1
380 1 6 4 8 5 2 9 3 2 1 4 2 2 6 4
441 7 1 1 1 5 8 5 5 9 3 7 3 3 7 6
342 3 4 4 5 3 5 1 1 4 4 6 3 3 2 7
335 5 9 2 1 1 5 1 1 2 3 6 6 4 2 7
516 2 5 1 8 7 9 6 1 1 8 2 9 8 7 9
491 8 4 5 9 5 6 6 7 3 6 7 3 3 9 5
396 7 7 7 5 2 6 2 8 6 6 8 5 3 1 6
10
432 8 1 7 2 7 5 2 8 9 3 6 5 2 8 8
293 2 2 3 5 3 9 8 2 3 5 5 2 1 1 2
458 7 4 1 4 3 2 8 2 5 4 3 8 7 9 7
472 5 5 8 7 2 3 4 3 7 3 6 9 7 3 8
588 7 5 7 7 4 9 7 1 2 7 9 2 8 9 9
518 5 3 7 9 6 9 4 3 8 5 4 2 7 8 6
405 5 6 8 1 9 1 1 4 4 9 7 2 4 2 9
463 5 6 8 2 3 9 3 7 8 9 4 3 9 7 3
487 4 2 3 2 4 4 4 3 8 3 9 5 5 9 9
450 7 9 4 9 7 1 7 5 4 8 9 3 6 2 1
10
436 3 3 5 9 3 7 5 4 7 5 1 2 4 7 6
546 7 9 6 9 2 4 9 9 7 5 2 6 9 8 5
536 6 1 2 9 9 7 1 8 8 3 3 9 9 6 8
561 3 6 8 9 4 6 6 7 8 8 8 3 6 8 8
436 4 2 4 3 6 5 3 2 7 1 2 7 9 9 3
412 9 2 9 3 4 7 5 2 2 1 1 6 9 5 7
458 6 2 1 9 1 5 3 8 6 7 3 5 6 8 9
482 7 4 6 1 9 9 5 7 5 8 4 6 2 9 7
329 4 3 7 1 4 2 1 1 2 1 6 2 7 6 6
391 1 2 7 4 4 9 3 4 4 2 6 4 9 4 2
10
481 3 1 5 1 7 8 9 5 5 9 9 8 4 9 1
428 1 2 1 5 3 3 7 2 2 3 5 1 6 8 9
411 3 2 8 7 2 7 2 2 9 1 6 3 1 4 8
369 5 5 3 3 3 6 2 3 3 6 2 1 8 6 3
405 2 6 7 6 3 7 7 7 3 2 9 5 5 3 3
450 5 6 9 7 3 8 3 2 4 1 6 4 1 9 5
342 7 5 1 4 4 4 1 6 5 2 7 2 2 3 4
408 1 3 1 1 5 5 2 7 1 7 9 9 7 7 5
357 5 7 3 5 8 8 2 8 3 2 2 5 4 7 1
498 3 4 1 9 8 2 6 4 8 4 6 9 5 9 5
10
378 5 6 5 4 3 3 4 7 4 8 6 2 2 7 6
342 6 3 8 5 1 5 5 8 6 1 9 4 4 1 3
403 2 9 1 1 2 6 9 4 6 9 5 2 5 9 1
414 2 8 5 1 1 6 8 6 1 3 6 2 7 6 7
455 4 2 6 8 5 5 5 1 8 9 6 1 2 8 6
519 9 3 3 4 5 6 9 4 5 5 9 8 6 5 7
388 2 2 3 5 4 7 8 9 5 4 3 7 2 8 1
484 3 1 2 8 3 3 9 2 9 6 9 4 3 7 7
383 4 8 6 4 1 7 4 3 5 6 4 2 1 9 4
356 3 8 1 6 5 3 9 3 6 3 1 7 5 1 3
10
479 2 7 4 7 1 9 6 9 8 9 2 7 6 7 3
348 3 6 2 6 2 5 6 2 3 9 2 2 7 2 1
349 3 3 1 3 3 8 6 5 3 5 4 5 7 5 2
414 2 3 5 8 1 4 8 6 4 1 8 4 9 3 2
378 7 4 8 7 9 9 3 6 5 2 1 2 7 1 2
280 8 1 5 1 3 6 1 9 7 9 1 2 3 4 3
456 2 8 7 8 6 3 6 6 7 5 5 5 5 2 7
401 4 9 7 1 7 7 3 9 4 9 7 8 4 5 1
391 6 9 8 2 7 1 5 5 2 2 3 6 7 1 7
313 1 7 1 5 3 2 4 6 1 7 1 1 8 1 4
10
449 3 7 6 7 4 7 8 7 6 4 6 5 2 5 6
522 5 7 5 7 6 2 9 5 6 1 8 9 3 9 9
381 3 1 6 3 2 2 8 9 9 3 3 9 7 1 8
411 9 7 6 8 4 2 5 4 1 6 3 4 7 4 7
533 6 7 8 6 4 5 9 3 8 2 6 5 4 8 7
416 5 5 3 5 6 3 5 4 7 1 9 8 5 3 4
378 5 8 1 1 4 6 8 9 8 2 6 5 4 1 5
337 4 1 3 5 6 4 4 2 3 1 8 5 3 4 3
516 4 6 4 6 3 7 6 9 5 2 9 3 6 8 6
445 7 7 3 3 1 8 3 2 3 7 8 4 6 7 4
10
422 3 8 2 2 7 5 9 9 7 3 5 6 6 4 1
432 7 6 6 7 9 1 8 4 4 6 1 1 6 3 8
426 7 8 9 7 8 5 2 1 8 5 5 4 3 5 1
512 7 4 4 9 6 9 8 9 7 8 2 8 4 7 6
420 7 1 7 8 4 3 7 7 8 1 7 3 2 5 5
531 5 5 9 8 9 1 9 2 3 9 7 8 7 9 5
420 9 1 3 3 9 1 5 3 8 3 1 7 6 3 8
430 3 9 6 5 4 8 3 1 7 1 3 5 9 1 5
298 8 6 5 1 5 3 1 6 3 8 5 4 1 5 1
551 8 7 7 6 8 2 6 8 9 1 5 9 7 5 8
10
363 1 9 3 1 3 1 7 6 6 1 2 1 5 9 7
366 7 1 7 7 1 3 7 6 1 5 5 3 6 6 1
430 3 5 2 1 9 5 3 6 1 1 7 4 9 4 7
546 8 5 5 4 7 7 6 4 7 8 8 7 4 5 9
439 5 2 9 4 8 5 8 8 2 2 7 1 9 2 6
449 4 4 4 9 7 9 4 8 2 4 6 6 6 7 2
317 2 1 7 3 2 3 3 7 3 8 2 4 7 6 2
464 8 9 7 1 5 3 9 7 2 9 9 6 8 3 6
333 2 5 3 2 8 9 5 4 1 9 3 3 2 2 4
344 6 3 1 1 3 1 1 3 3 5 6 6 5 3 8
10
450 2 3 1 6 5 1 6 6 9 9 7 1 4 9 6
457 3 2 7 1 8 3 6 9 2 8 9 4 9 9 4
446 5 8 2 6 4 6 3 6 6 1 1 7 4 9 8
441 2 9 7 6 3 6 9 5 3 9 3 8 4 4 4
496 2 2 6 8 9 6 7 8 7 2 5 4 5 5 6
367 6 4 7 1 5 3 7 3 1 6 2 5 6 5 4
456 5 4 6 5 4 4 1 1 2 8 8 8 7 7 8
387 1 3 4 6 8 5 5 8 8 3 2 4 5 1 4
450 9 6 8 6 1 6 6 4 2 6 5 6 8 3 6
320 4 3 3 4 1 8 2 8 6 8 2 6 5 1 2
10
388 5 8 6 1 2 3 3 2 4 4 5 2 5 8 8
358 1 6 4 6 8 9 2 4 2 8 2 4 3 5 1
388 4 1 3 7 1 1 4 2 5 6 6 3 5 6 7
352 5 7 5 1 3 5 8 1 2 8 7 9 5 1 4
434 7 8 3 7 2 2 6 7 4 5 5 5 2 7 5
433 7 7 8 1 9 7 7 4 1 6 2 7 6 8 5
502 7 8 7 7 1 4 9 5 9 2 7 6 4 2 9
569 2 6 6 9 9 7 3 8 3 8 6 7 8 9 8
307 3 4 6 1 2 1 3 3 2 8 5 3 4 4 8
443 1 5 7 8 3 4 1 8 5 8 8 6 3 9 1
10
403 8 2 4 9 6 3 2 2 6 5 7 1 3 2 4
263 2 2 3 3 2 4 8 1 4 4 3 2 3 4 2
442 6 6 3 1 5 3 7 5 9 9 4 5 8 9 3
415 3 9 6 1 4 1 9 6 3 7 8 5 2 5 8
439 3 5 5 8 7 4 1 2 6 9 9 6 5 2 4
403 4 8 9 5 4 6 7 8 2 1 9 1 7 5 1
443 7 4 4 8 6 6 5 2 8 4 3 1 9 7 1
515 2 5 9 8 7 7 4 5 1 9 4 4 6 8 9
532 6 9 5 2 7 7 3 3 5 5 5 7 7 8 9
493 1 7 1 2 8 7 8 7 8 5 2 6 9 7 5
10
480 3 9 7 5 1 6 4 7 8 9 6 3 5 7 8
483 8 4 4 2 9 1 6 9 8 6 3 9 6 9 5
439 3 7 4 4 6 7 8 1 3 4 2 6 8 7 4
388 6 3 3 6 8 3 7 1 4 7 3 4 1 6 6
391 6 1 6 5 3 2 4 8 8 2 6 8 2 1 8
450 4 5 6 6 6 6 9 1 1 8 9 7 7 4 2
555 8 6 7 4 6 1 6 8 8 5 7 5 6 9 9
492 5 9 9 7 5 9 5 1 4 9 7 4 1 4 7
474 6 8 5 6 9 1 5 7 1 5 5 8 3 8 9
454 6 4 7 3 7 7 6 4 3 8 8 9 3 5 5
10
379 2 2 9 3 2 1 2 7 9 9 1 4 8 1 8
477 6 3 7 8 3 4 8 8 3 3 9 2 8 4 6
371 5 4 6 9 1 4 6 5 7 3 1 7 1 5 3
404 9 1 6 3 2 5 8 6 9 7 4 3 2 8 1
385 2 1 3 4 1 8 9 6 5 6 6 7 3 1 8
439 2 4 6 9 8 1 1 6 4 8 1 4 5 6 9
437 5 5 4 7 8 3 5 2 9 3 1 3 4 4 9
509 1 5 8 7 8 8 2 3 9 4 8 3 8 2 7
490 5 3 1 3 6 7 6 7 8 8 8 9 3 3 9
520 3 3 2 9 8 8 7 2 7 2 6 7 2 7 9
10
404 3 5 7 6 1 2 2 1 3 8 9 8 2 4 8
506 1 4 5 7 8 4 6 1 9 7 4 4 8 8 3
426 6 5 8 3 1 3 8 4 2 6 9 4 4 9 2
479 1 7 5 5 8 6 9 2 9 1 5 9 7 4 6
446 3 1 8 2 6 5 8 3 4 4 5 4 9 8 7
324 4 1 4 2 7 8 3 2 2 2 1 6 5 2 6
443 5 8 1 2 9 5 5 8 4 9 2 7 7 7 4
522 1 8 6 8 7 8 8 6 6 6 7 1 7 2 6
387 8 3 1 7 4 7 4 7 9 2 5 9 3 2 1
447 6 5 8 5 8 3 2 7 3 5 9 5 5 8 4
10
404 6 7 3 6 7 6 7 5 4 1 4 9 1 4 4
360 9 3 7 9 1 1 7 1 5 1 3 7 6 1 1
478 6 5 8 7 5 7 8 9 7 6 2 6 6 9 2
346 6 1 2 5 5 3 2 1 8 3 4 5 9 1 2
332 5 1 6 4 9 2 5 1 3 9 3 8 1 4 4
343 7 7 7 2 7 8 3 8 6 7 1 2 5 3 1
372 4 4 1 4 1 5 7 9 2 8 4 8 9 3 4
408 5 8 1 6 3 5 7 3 8 3 2 7 4 8 3
468 4 9 7 9 2 2 3 9 5 6 3 8 7 9 3
425 1 5 4 3 5 5 8 4 9 2 5 5 5 6 5
10
351 8 1 9 5 3 4 3 7 7 8 5 9 2 4 1
406 1 8 2 6 7 4 5 3 7 4 2 9 1 4 6
433 9 2 6 1 8 5 8 2 4 2 2 8 5 8 5
453 3 5 4 2 1 7 4 5 9 3 5 6 9 7 5
362 9 4 9 1 6 5 4 6 4 8 1 4 8 1 5
449 4 2 9 4 9 2 5 7 9 7 3 6 2 3 9
401 4 8 4 4 6 6 2 7 2 1 4 7 4 6 6
489 5 5 8 5 5 6 4 9 9 9 7 1 5 2 9
315 2 6 5 3 1 2 5 3 7 5 5 7 3 1 3
458 9 7 3 5 4 4 5 2 3 8 1 3 8 5 9
10
401 9 2 8 1 2 5 9 1 5 6 3 3 9 5 3
384 6 3 1 6 4 5 8 7 5 9 5 2 4 4 3
489 4 7 7 8 5 7 4 6 2 9 6 6 1 9 6
466 1 4 7 7 9 3 8 3 6 3 9 5 8 2 3
305 2 2 3 2 3 4 1 5 6 7 2 5 3 1 8
410 8 9 3 5 3 2 4 4 5 6 6 2 4 5 7
448 6 4 7 6 2 2 6 9 3 1 6 8 3 7 8
390 1 8 1 4 3 6 5 6 2 3 7 2 6 1 9
422 8 4 3 2 3 9 4 3 9 3 3 1 4 6 9
303 1 4 4 4 6 1 2 8 1 5 4 6 8 1 3
10
393 5 7 7 2 6 6 8 9 4 8 7 7 4 1 3
402 8 6 5 3 6 1 8 6 7 3 5 5 4 3 6
376 7 1 6 1 8 5 1 9 2 1 8 7 2 4 8
323 5 3 5 7 8 2 3 3 1 1 6 9 6 1 1
471 4 7 4 5 3 5 6 7 6 1 4 5 8 8 8
465 5 6 6 6 9 7 8 8 6 1 8 7 1 4 4
467 6 4 5 9 6 3 4 9 9 5 7 1 2 2 8
472 7 5 6 4 2 5 9 3 6 8 6 5 2 8 6
305 5 2 7 2 3 8 2 5 7 2 3 9 3 1 3
543 1 9 5 9 7 1 7 3 1 8 5 5 7 9 8
10
296 3 7 7 1 2 4 8 7 3 3 1 3 2 3 7
324 4 7 8 3 7 1 3 3 6 4 8 3 2 3 1
397 8 8 7 5 5 3 3 1 3 2 6 6 5 8 2
477 3 7 6 2 6 6 6 1 3 6 9 6 1 8 9
501 4 6 3 7 8 8 2 5 2 7 3 5 7 8 9
352 2 2 5 8 3 7 3 4 3 8 1 4 7 2 3
451 9 8 5 7 4 2 1 9 3 8 7 5 8 5 3
350 9 7 6 6 7 4 2 3 1 5 4 8 1 4 2
305 2 3 3 6 1 3 2 9 5 7 1 1 4 9 1
479 2 7 4 6 9 2 6 6 4 3 2 6 9 7 6
10
373 1 7 9 9 7 2 3 2 4 8 4 1 3 1 5
381 6 3 5 7 4 6 3 5 6 9 3 5 6 5 1
459 9 5 8 9 5 4 4 3 7 6 4 1 6 5 3
388 5 2 2 9 1 7 8 8 2 2 8 1 1 4 4
458 1 1 9 7 8 7 1 7 8 7 3 1 9 2 6
406 5 3 2 6 3 7 4 5 1 9 3 6 1 8 9
306 5 7 3 1 9 1 6 1 1 4 4 4 3 1 5
475 8 9 6 7 6 2 9 2 5 1 4 1 4 8 9
488 6 7 4 5 8 4 1 6 9 3 2 6 9 9 6
447 5 9 2 9 8 5 8 5 5 7 5 4 3 1 7
10
431 2 8 7 5 7 7 5 2 7 4 3 2 3 3 7
455 8 2 4 9 1 4 9 5 3 9 5 4 5 5 5
417 8 3 5 2 1 6 6 7 8 4 4 1 8 5 8
468 8 2 4 1 7 4 3 5 8 6 2 7 9 6 8
405 5 2 6 7 9 3 8 4 2 5 6 7 4 3 5
507 8 9 9 7 8 8 8 9 9 3 8 4 3 5 1
416 3 5 2 3 9 5 7 9 9 4 7 2 4 3 4
351 2 6 1 3 3 3 7 1 4 2 7 1 6 2 5
336 3 9 4 5 1 8 2 2 1 9 3 2 1 1 7
384 7 9 5 6 4 5 6 1 1 1 4 8 7 3 4
10
422 7 5 3 9 1 5 6 7 2 2 7 7 4 6 2
447 5 7 6 8 1 4 7 2 2 6 8 2 4 7 6
423 4 9 6 6 6 1 5 4 5 2 7 8 1 1 9
477 3 6 8 7 7 8 6 5 7 2 2 8 6 6 6
495 3 8 3 8 6 8 2 6 2 6 8 7 5 6 6
344 2 4 4 1 1 5 9 8 5 4 5 4 9 2 4
409 9 5 5 5 8 9 3 2 3 3 7 2 2 5 4
428 9 9 5 7 3 2 6 6 7 1 1 6 3 6 7
374 5 8 7 1 4 4 3 5 3 8 1 9 5 7 6
444 2 2 3 9 7 2 8 2 9 2 4 6 1 6 7
10
515 6 3 8 6 9 8 4 3 9 5 3 1 7 6 9
443 5 4 5 6 2 9 1 6 9 9 5 3 9 3 5
481 5 7 4 5 8 3 6 5 8 8 8 8 4 5 3
459 4 6 5 8 1 9 5 5 3 8 5 2 7 4 8
270 4 2 7 2 4 1 5 5 3 4 5 8 1 2 3
341 6 8 6 1 2 4 2 4 3 3 3 3 9 6 1
348 4 9 6 1 1 5 9 7 7 7 1 4 2 2 6
402 9 1 8 9 4 5 4 2 7 5 7 9 1 5 2
429 8 8 2 2 4 4 3 3 6 2 9 6 7 4 7
525 4 9 3 1 5 8 3 7 8 7 9 9 2 7 9
10
414 3 5 2 1 9 5 9 8 5 8 1 1 3 9 6
431 3 5 6 3 2 9 7 6 9 2 3 6 4 8 5
468 2 1 2 9 5 9 9 2 1 1 1 8 6 8 7
398 5 1 2 8 6 1 6 9 3 3 3 5 7 5 6
348 7 9 1 3 5 2 6 9 7 4 5 9 1 1 2
346 4 2 9 1 5 1 7 7 2 4 4 8 2 7 7
401 7 9 7 4 6 6 5 9 6 7 3 5 2 5 2
490 9 1 8 7 9 3 9 7 8 5 2 6 7 9 2
481 9 9 6 7 1 6 7 6 5 8 6 2 9 3 5
438 7 2 1 6 3 8 2 8 7 7 7 2 5 3 7
10
534 5 7 4 7 9 4 4 2 9 8 8 4 6 8 3
299 6 2 4 4 6 5 2 4 1 3 1 6 3 1 8
419 5 5 7 5 6 5 6 6 5 7 3 2 4 9 2
568 5 7 9 6 7 4 7 3 8 5 7 9 7 8 6
366 8 6 4 2 4 6 7 6 1 3 6 7 8 3 1
483 7 8 3 4 2 5 4 9 8 6 2 9 9 8 6
480 7 3 2 3 2 7 8 9 2 9 7 3 7 9 8
475 8 1 2 3 8 9 8 6 5 8 9 6 6 8 1
382 1 7 5 1 8 3 8 3 9 5 3 6 2 4 6
403 1 4 5 5 2 2 4 9 9 7 8 8 9 2 1
10
426 3 6 7 5 8 2 7 9 3 7 1 8 1 5 9
524 1 8 4 9 1 8 3 2 4 9 8 6 8 9 4
440 6 3 4 9 4 6 6 8 2 3 3 6 2 8 9
325 4 7 6 2 6 7 2 6 1 7 1 8 7 3 2
460 3 9 3 3 5 7 1 8 6 9 3 5 7 6 8
467 1 9 1 6 8 2 4 6 9 7 8 6 2 9 3
354 1 7 8 5 4 1 6 2 1 5 4 2 4 7 1
417 1 5 9 7 2 9 3 7 5 4 4 8 8 4 2
369 1 4 2 4 7 4 5 2 4 7 1 2 3 7 7
366 7 6 5 3 3 2 4 8 6 2 2 1 7 6 4
10
388 6 3 9 7 8 4 1 4 2 2 5 8 5 3 2
426 8 7 5 5 8 5 8 6 5 7 1 7 5 1 8
411 7 2 7 7 1 8 2 5 1 9 9 3 6 6 3
353 7 2 9 8 2 2 3 6 5 6 2 1 4 7 4
451 4 2 7 2 4 9 7 9 5 1 7 6 7 4 9
333 1 4 2 2 5 4 1 2 4 8 3 3 2 8 6
453 1 4 7 7 5 3 9 1 5 3 5 8 9 7 1
350 4 3 4 3 1 8 1 7 3 6 3 5 9 5 1
411 7 3 4 4 7 1 2 8 2 9 9 2 9 1 8
457 7 4 5 4 3 5 9 5 5 6 5 2 7 6 8
10
440 5 2 3 5 9 9 2 4 4 9 3 2 7 3 7
480 6 8 8 7 5 9 2 5 8 9 4 3 3 7 6
345 4 3 2 5 5 6 2 2 3 5 6 5 2 4 5
505 2 5 6 9 3 9 3 1 6 9 7 1 8 4 6
449 8 2 3 3 8 5 2 7 8 2 5 2 7 9 3
365 6 1 1 1 6 3 8 7 2 7 2 8 2 8 8
526 8 1 2 9 4 3 5 2 7 6 8 4 9 4 9
371 2 4 3 1 5 5 6 4 5 8 6 5 4 3 7
566 5 3 8 6 5 6 9 3 9 3 5 6 9 7 8
325 5 2 2 1 5 3 6 6 1 2 6 8 8 4 2
10
406 4 1 3 2 4 7 9 6 8 9 3 8 3 4 4
369 3 9 6 5 3 3 7 3 2 3 4 3 4 6 4
379 2 4 4 9 3 9 1 1 3 7 3 1 6 1 7
483 7 8 7 4 6 9 1 5 1 7 7 5 8 7 6
328 1 7 6 1 3 6 7 3 5 1 4 3 7 1 3
390 3 5 5 8 9 6 4 7 5 3 3 4 1 2 8
395 2 2 4 6 4 1 2 8 6 5 4 6 2 8 9
453 3 9 9 1 7 7 8 1 3 9 8 6 1 4 8
349 9 2 1 7 2 6 5 7 6 9 2 1 1 6 3
417 1 7 8 8 7 1 1 6 9 1 4 1 5 6 5
10
542 6 8 2 5 8 8 6 8 8 8 5 3 8 9 5
439 1 4 7 8 6 3 2 5 9 6 9 5 1 5 3
352 3 6 6 2 3 3 7 8 7 7 1 5 4 1 8
538 1 3 8 4 9 7 3 3 7 5 6 8 8 7 8
478 3 8 3 8 1 8 8 3 1 3 2 7 9 6 8
431 7 5 5 6 6 8 4 4 7 9 3 1 7 5 1
446 4 5 5 6 2 4 9 2 6 9 6 7 1 9 6
445 5 4 5 6 7 2 1 7 7 6 2 7 3 7 9
391 1 9 9 9 8 5 6 9 4 3 1 3 6 1 3
552 9 5 7 6 9 9 2 7 7 2 7 8 4 7 8
10
478 2 8 7 8 4 6 6 5 8 7 4 3 8 2 8
507 7 6 8 8 9 1 7 8 5 2 5 6 7 8 3
499 3 8 9 3 8 9 9 8 2 6 8 5 5 5 8
503 2 4 2 8 4 9 7 7 8 8 5 9 9 1 7
494 6 2 7 9 2 3 6 4 6 9 7 2 4 9 7
512 3 6 8 6 8 6 3 5 6 6 8 4 6 3 8
436 1 9 6 6 1 8 7 6 6 6 1 8 1 9 4
478 2 8 8 8 5 2 4 6 4 5 4 9 9 9 1
428 1 8 5 3 3 1 8 2 2 1 8 8 6 9 6
425 4 5 5 2 9 7 5 5 6 9 5 9 4 6 1
10
453 3 6 9 5 5 4 3 9 2 5 3 7 9 8 5
386 2 8 3 7 8 5 2 6 2 6 9 4 4 3 1
383 2 2 3 4 3 8 7 5 5 3 4 3 6 1 6
463 5 3 4 2 8 3 5 6 6 8 9 2 8 7 5
420 5 8 6 7 4 6 1 1 7 2 2 7 7 6 4
422 2 5 3 2 6 7 8 4 6 1 7 8 6 8 2
398 1 6 2 2 7 8 1 2 9 4 7 4 6 6 2
515 9 1 9 9 7 7 4 7 4 6 5 6 7 7 7
418 4 7 1 1 9 7 3 2 6 2 9 5 2 4 5
414 1 4 5 4 1 6 2 8 8 4 7 3 5 6 6
10
396 4 8 1 5 6 8 8 6 7 8 4 3 4 3 1
482 1 8 4 6 7 9 5 5 3 1 7 4 5 4 9
528 2 9 3 2 2 9 8 4 9 8 5 8 2 9 9
385 6 6 5 8 6 7 1 8 1 2 4 5 3 6 5
390 2 6 1 5 3 7 6 7 4 1 5 2 8 6 2
379 9 1 6 1 4 1 8 2 8 1 2 5 4 9 2
409 2 2 6 8 7 5 1 6 1 8 1 7 7 8 3
305 4 4 4 4 5 3 1 1 3 2 7 5 1 3 3
410 1 4 3 8 1 1 1 8 4 4 1 9 8 8 8
324 1 2 2 2 3 8 8 9 7 6 2 2 1 1 9
10
415 9 2 8 5 9 8 3 8 6 3 7 1 1 9 1
390 1 4 4 1 1 9 6 3 4 6 2 5 7 8 7
481 9 8 9 5 7 7 1 3 5 9 1 7 6 5 9
362 9 3 4 4 4 1 2 7 3 9 1 4 6 4 8
386 2 2 1 3 2 1 5 1 1 7 5 9 7 8 7
332 6 6 7 1 8 1 5 6 3 1 1 1 3 5 9
385 7 7 8 1 8 5 1 9 8 2 3 7 5 7 2
329 7 2 5 1 1 2 5 1 5 8 7 2 2 4 6
471 7 7 5 4 9 5 2 3 7 6 6 1 5 6 7
390 3 2 2 5 2 3 4 7 7 5 4 8 8 1 8
10
312 6 8 1 2 4 3 8 2 1 4 2 7 4 3 2
354 6 5 5 7 5 7 7 9 4 1 6 2 2 3 1
412 3 2 9 7 5 4 4 5 7 5 6 1 4 6 3
479 6 9 8 9 7 3 9 2 7 4 1 2 1 8 6
379 3 4 1 5 7 1 7 6 2 2 2 9 3 9 3
528 9 7 2 5 8 8 9 9 8 2 5 3 9 3 9
494 4 9 2 7 6 8 7 8 6 1 5 6 7 2 8
355 4 6 1 9 2 5 8 1 3 4 4 2 4 3 3
410 9 7 8 6 6 3 8 4 3 3 2 6 3 5 5
369 5 2 8 2 7 1 1 8 4 7 6 7 4 3 8
10
314 8 1 4 4 5 5 3 7 4 2 5 1 6 3 2
490 2 2 4 8 4 7 7 4 8 5 9 5 7 8 1
405 5 8 6 1 6 7 5 7 6 5 2 8 3 7 2
431 7 7 6 1 6 7 9 9 2 8 8 5 6 2 6
390 3 3 3 4 1 9 5 9 5 9 9 2 2 7 3
467 2 9 8 8 7 7 2 8 8 6 8 3 6 4 2
521 6 9 6 8 3 6 5 8 6 6 8 4 8 8 2
502 3 9 7 1 9 2 9 9 8 5 9 1 6 1 9
496 7 9 2 3 9 8 8 8 6 4 4 6 5 3 7
446 2 8 6 2 6 4 2 2 2 7 8 8 6 5 7
10
396 8 7 5 1 8 7 8 2 5 3 3 9 3 2 6
491 8 4 9 9 1 4 3 8 7 5 6 5 5 7 5
449 6 2 7 7 9 5 2 4 3 4 6 6 1 7 9
376 9 5 3 5 4 6 9 1 7 9 2 6 2 1 3
393 4 4 3 3 6 7 2 8 8 2 3 3 8 3 4
461 1 5 4 4 3 5 7 6 8 8 7 9 4 7 6
441 2 1 1 3 8 1 4 2 8 1 8 8 8 7 7
388 4 6 6 8 1 1 2 6 2 1 9 9 3 6 4
371 2 3 7 4 6 2 5 6 1 4 4 7 8 2 8
460 3 9 5 2 8 2 6 9 3 6 4 7 9 7 3
10
482 4 4 8 5 1 8 4 7 4 8 7 5 8 8 4
509 6 2 9 8 1 3 7 8 9 8 7 4 8 7 3
569 3 7 8 9 2 5 7 8 7 9 4 8 7 8 9
344 4 1 7 9 1 2 1 7 6 9 1 1 2 2 8
360 1 9 9 2 8 9 6 3 2 1 7 8 2 1 2
385 3 7 3 3 6 8 4 1 6 2 4 6 1 6 3
438 9 9 4 9 8 1 2 2 4 3 9 3 2 3 7
342 1 5 1 4 5 3 2 5 2 4 6 8 7 5 3
394 4 5 9 6 8 7 1 1 4 9 1 3 2 9 4
332 4 6 1 9 4 4 1 5 2 2 6 4 7 1 1
10
439 1 2 1 6 6 4 5 7 3 7 7 2 8 3 9
346 5 2 6 3 7 1 9 3 2 6 4 8 1 3 5
329 6 3 3 1 4 8 5 4 4 5 6 8 2 1 6
331 9 5 6 4 3 9 3 9 7 6 3 1 1 1 2
418 2 8 6 3 5 5 9 3 2 9 5 2 6 5 6
478 9 1 5 3 6 1 8 1 4 6 5 9 9 9 5
373 4 5 2 9 6 3 4 7 2 8 4 1 1 9 2
450 7 6 5 3 8 9 8 1 1 2 4 1 5 7 5
453 1 6 6 1 6 5 6 5 7 1 2 7 6 9 8
513 6 2 7 7 2 5 7 9 9 9 9 3 6 7 6
10
458 8 3 7 6 4 4 9 9 3 1 3 8 8 6 6
343 1 7 1 5 1 1 7 3 6 7 2 3 3 4 6
505 9 6 5 7 6 8 1 7 6 7 5 9 5 9 3
431 2 6 4 5 5 3 6 9 7 2 6 4 9 1 6
363 5 2 7 5 5 3 7 1 2 6 3 1 3 7 5
474 1 8 7 5 2 1 6 6 8 9 7 9 1 8 8
508 6 1 9 1 4 7 8 3 6 7 6 4 8 7 8
404 8 8 6 1 7 9 9 9 8 3 1 3 4 2 6
483 6 9 2 5 2 5 3 6 7 7 8 8 4 5 9
443 7 4 7 7 4 4 5 4 7 5 9 2 1 9 4
10
466 7 4 7 2 2 4 6 1 7 8 8 6 4 7 6
428 3 3 8 2 5 9 8 3 6 2 5 3 7 4 5
491 6 6 1 8 5 3 1 1 5 7 4 9 9 3 9
538 9 9 5 8 6 1 7 4 8 1 9 4 6 7 4
485 3 2 4 1 6 9 7 3 4 7 5 9 5 8 8
447 6 9 8 3 6 8 1 2 7 9 4 9 1 4 6
441 1 8 1 5 3 9 8 5 2 4 6 3 5 7 4
394 6 9 3 3 8 4 2 6 3 4 4 5 9 1 4
460 5 9 1 4 8 4 4 1 3 8 7 5 3 4 9
490 7 5 6 5 9 9 9 4 4 6 5 2 6 3 9
10
346 2 3 6 9 9 2 9 1 1 2 7 3 1 1 1
442 1 2 8 6 9 9 8 6 9 9 4 4 2 4 2
357 2 2 7 9 2 3 4 1 3 5 4 1 5 6 1
482 9 5 4 2 2 8 8 1 6 3 7 9 3 8 7
420 3 6 6 1 7 7 5 7 5 9 4 7 2 2 9
351 6 8 7 4 9 5 1 9 2 1 1 3 2 4 4
327 4 6 2 1 1 5 4 5 9 6 6 2 2 3 4
378 8 2 7 7 5 1 2 1 3 4 4 4 8 7 1
533 3 6 8 6 6 2 1 8 8 8 8 3 6 8 9
456 4 4 5 5 7 8 4 6 5 6 8 3 8 4 3
10
410 6 2 6 7 1 6 3 4 7 5 4 1 3 9 6
442 6 9 3 5 7 5 5 5 7 7 3 2 7 4 2
370 1 9 1 2 4 3 1 6 9 2 8 1 4 3 7
332 4 5 1 1 8 4 7 6 7 9 4 7 1 1 4
479 6 5 1 2 4 8 9 1 9 8 7 6 4 9 3
516 4 2 9 3 8 2 5 5 8 8 8 6 1 9 9
486 3 1 6 7 9 9 8 3 8 1 5 5 9 6 2
435 5 9 4 9 2 1 8 4 2 5 4 6 9 4 5
457 8 3 2 6 8 6 2 3 3 7 2 6 9 8 5
496 4 7 6 9 3 2 8 7 5 7 3 9 4 8 8
10
447 9 1 9 8 8 5 2 4 9 5 1 8 1 6 9
300 4 4 4 6 1 3 2 9 6 2 3 9 1 1 3
421 8 6 9 9 3 3 2 9 1 6 4 8 3 7 4
372 4 1 3 6 4 2 6 6 5 7 1 2 8 7 4
443 5 2 2 7 7 9 6 5 5 6 5 4 5 3 5
365 1 4 1 5 6 8 3 8 2 5 7 5 3 5 3
479 9 1 4 9 5 4 8 5 1 6 5 8 3 7 8
520 7 6 3 7 8 7 9 6 5 3 8 7 3 3 7
540 7 4 9 9 7 8 2 6 9 2 5 1 6 5 9
379 5 1 3 9 4 2 5 2 5 5 1 1 5 8 1
10
399 8 2 2 3 4 7 9 6 3 3 6 1 3 2 8
422 5 8 8 7 2 9 4 4 6 6 8 8 5 3 1
433 3 2 5 6 8 1 3 3 1 8 7 6 1 6 9
399 2 5 9 8 4 2 4 2 4 9 1 5 3 7 5
375 4 2 7 5 3 2 9 7 9 1 5 7 7 1 4
450 1 1 5 4 2 4 5 6 8 7 5 1 8 7 8
400 7 6 5 3 4 5 7 7 6 2 3 9 1 2 8
406 7 1 3 2 8 7 6 1 9 9 1 9 1 9 4
386 5 4 2 9 4 3 9 5 6 7 2 7 2 4 3
442 6 5 7 3 5 8 4 9 4 9 5 5 1 5 9
10
498 9 5 1 3 6 3 9 3 2 5 1 9 8 9 9
451 2 2 3 2 6 6 8 6 4 9 7 5 8 5 4
469 2 2 7 9 9 9 4 9 4 4 3 2 2 4 9
338 2 5 3 1 3 9 5 1 7 5 3 4 3 9 1
435 3 3 4 9 5 5 4 8 5 2 8 6 1 2 9
400 1 4 5 5 7 8 9 2 4 8 3 7 2 5 1
433 4 5 1 2 9 2 8 1 3 3 2 7 9 5 6
526 8 2 2 4 8 9 8 3 8 3 5 1 5 8 8
430 8 1 8 7 5 7 2 3 3 1 4 4 3 5 9
435 6 4 1 5 6 8 3 5 3 4 2 2 8 8 8
10
522 1 7 7 2 2 5 9 4 9 8 3 9 9 8 9
516 7 1 9 7 2 2 8 6 8 4 7 8 5 7 9
417 4 2 5 3 2 6 9 3 2 4 5 2 1 9 8
458 5 8 6 7 4 5 6 4 4 9 8 3 5 2 7
485 6 7 3 7 9 5 7 8 9 1 6 1 5 2 9
436 7 6 1 2 5 8 8 6 8 5 1 3 7 8 5
339 6 4 6 1 2 2 5 1 1 6 4 3 8 6 3
380 3 3 8 8 2 5 4 6 2 3 1 2 6 9 4
509 9 3 6 7 5 4 4 7 9 6 3 2 9 9 6
401 1 8 2 5 4 2 6 9 3 7 6 9 4 5 2
10
414 7 8 9 6 9 3 1 3 9 1 6 3 3 3 5
393 5 4 1 8 1 2 6 5 7 2 1 6 8 8 3
424 7 9 1 7 6 6 2 8 5 2 3 2 2 3 8
440 7 5 2 5 7 9 9 6 3 3 1 2 8 1 7
494 4 2 1 8 3 8 5 8 9 4 4 3 7 7 6
454 3 2 6 7 7 7 6 4 3 7 4 1 6 8 5
393 2 2 9 1 8 1 5 2 8 2 6 9 8 4 3
494 5 7 5 8 4 3 7 2 6 8 7 9 9 2 6
481 7 4 7 6 3 4 1 6 2 3 3 8 8 9 9
476 3 6 2 4 4 4 5 3 5 4 9 8 9 1 8
10
297 6 8 8 3 6 1 2 9 9 1 1 1 7 1 1
520 2 9 6 9 4 4 4 4 9 9 8 9 7 6 1
331 8 2 4 6 9 2 3 6 2 1 1 7 2 3 4
477 5 6 1 4 8 9 7 5 3 3 4 2 5 9 6
499 6 5 3 6 5 8 5 2 1 9 9 2 6 8 4
467 5 7 3 1 8 2 4 9 8 9 5 3 9 6 7
409 3 5 2 8 3 9 3 1 4 3 8 5 1 3 8
527 9 6 8 2 8 8 9 8 4 1 8 9 1 9 6
452 3 7 8 2 6 6 9 3 7 1 3 3 6 8 4
377 3 4 7 9 4 3 2 2 1 3 5 1 2 4 7
10
480 1 8 8 7 9 4 4 3 4 7 8 4 9 5 1
444 8 2 3 2 4 6 4 9 6 5 5 4 7 7 5
549 9 7 9 8 6 6 8 1 8 1 4 7 8 8 7
408 9 7 3 4 1 7 7 4 6 7 5 7 6 3 1
489 2 9 5 5 5 5 6 4 7 2 3 9 9 8 6
380 3 7 6 4 7 1 3 9 6 6 2 7 3 8 4
502 4 5 5 6 9 5 6 6 9 4 5 1 9 8 2
398 7 5 6 1 1 4 1 2 5 6 4 8 8 2 9
487 6 7 8 2 9 2 2 6 5 8 7 9 7 7 4
413 4 8 6 4 6 9 6 8 6 8 7 1 3 2 4
10
423 7 7 1 4 3 8 6 8 7 7 3 7 1 6 7
477 9 2 5 6 6 6 5 4 1 1 6 6 6 6 9
388 8 3 2 5 1 4 9 8 1 2 5 1 3 9 3
414 1 2 6 5 7 1 3 6 4 6 7 1 3 9 8
401 7 4 5 5 1 1 6 2 2 3 7 3 7 9 3
488 8 7 8 1 9 8 5 7 4 2 5 1 8 6 9
400 5 8 3 6 5 1 7 6 5 3 4 3 4 8 1
450 4 9 6 9 8 2 7 6 3 6 4 4 6 3 5
425 4 3 9 2 9 5 1 1 9 6 3 6 3 5 9
354 2 2 2 5 3 5 7 1 6 2 8 8 1 2 5
10
389 7 2 7 8 3 1 4 6 6 3 6 7 1 2 9
455 7 5 2 8 6 3 2 4 5 4 1 8 6 9 4
407 9 8 9 5 3 9 6 6 9 3 1 1 5 3 2
339 4 6 6 3 8 9 7 3 1 2 6 1 5 1 1
358 1 2 6 5 3 1 9 1 5 9 9 8 1 4 1
400 1 9 4 2 2 6 5 7 6 3 6 5 2 9 5
444 7 5 4 9 3 3 4 1 7 4 1 2 7 8 6
351 2 2 4 6 7 2 2 8 4 5 4 8 5 2 5
418 2 5 3 8 7 1 3 7 3 7 2 9 6 6 3
275 3 8 6 2 1 7 1 1 1 4 2 9 5 2 1
10
408 1 5 5 2 9 7 6 4 6 8 1 8 7 2 7
360 8 3 8 7 2 3 3 9 8 1 6 8 4 2 2
298 8 5 5 1 6 3 1 9 4 2 1 2 6 2 2
469 4 3 8 9 9 2 7 4 5 2 9 3 9 5 2
437 5 4 7 6 7 4 4 8 1 8 9 5 5 6 4
376 7 2 6 4 1 2 1 2 6 4 5 5 3 9 5
538 9 5 7 4 9 9 2 5 8 9 6 9 2 7 9
421 3 5 1 1 1 4 5 4 9 2 3 8 5 9 8
367 2 2 7 1 5 4 7 9 3 5 4 5 8 3 6
395 1 3 8 9 8 4 4 6 1 5 7 9 3 3 2
10
304 6 4 2 1 4 4 8 5 3 7 1 1 1 7 5
294 1 1 8 8 3 1 1 7 5 4 1 7 3 2 3
437 8 6 9 1 4 7 8 5 1 7 4 9 7 5 7
441 3 1 9 4 5 7 8 3 8 9 8 6 5 1 6
393 4 2 4 3 3 3 9 6 6 3 5 7 6 3 6
464 6 4 4 4 7 2 9 3 3 2 6 5 7 8 5
526 3 3 8 7 9 1 2 3 7 6 6 7 8 9 6
368 3 9 5 5 3 6 1 4 6 7 3 8 2 3 3
383 5 7 7 6 6 1 3 9 5 8 2 4 4 6 4
325 9 5 1 3 1 9 6 3 5 2 3 5 5 1 1
10
491 5 8 3 8 9 3 1 5 4 6 7 4 8 9 2
433 8 2 9 8 3 3 1 1 5 9 5 1 9 5 4
368 4 2 8 7 3 7 3 2 2 3 3 6 8 3 1
450 8 9 2 2 6 4 1 3 9 4 6 8 9 6 3
398 9 9 3 7 5 2 3 8 6 3 4 8 3 4 2
415 9 6 3 9 8 9 3 4 2 1 6 1 1 4 3
430 7 7 1 1 8 8 4 9 3 7 1 2 5 7 7
514 9 6 9 7 9 6 7 4 9 7 2 2 6 8 1
366 6 3 2 8 6 1 7 9 2 1 6 4 6 2 1
399 2 4 3 4 6 4 8 1 5 4 5 7 6 4 6
10
327 1 2 7 3 2 8 2 1 4 3 7 4 3 1 8
328 5 8 4 5 1 6 3 8 3 6 1 4 4 3 3
395 7 8 5 6 4 8 1 3 6 5 1 4 5 4 3
308 8 4 2 1 3 8 3 6 1 6 4 1 1 1 9
491 7 9 3 9 3 3 6 5 5 1 4 7 5 9 5
423 5 4 4 1 8 5 8 9 3 8 7 1 7 5 2
473 7 3 2 7 7 8 5 5 7 4 7 9 5 8 1
399 7 8 7 2 7 3 7 2 7 9 6 3 3 2 3
441 2 5 6 1 5 2 9 6 6 8 8 3 4 6 8
440 9 9 8 8 3 5 3 4 1 2 5 7 4 3 9
10
434 4 8 2 6 6 7 6 5 7 2 3 4 8 5 1
495 6 2 1 7 5 6 5 7 6 8 2 1 9 7 7
464 8 2 7 6 7 2 6 4 2 5 2 8 8 8 7
482 7 5 1 7 6 6 7 5 4 9 9 3 6 6 3
460 8 6 1 3 3 9 7 8 9 6 4 7 3 8 4
446 6 2 3 3 9 7 9 4 5 9 7 1 1 3 7
435 2 4 8 4 9 8 3 7 4 3 6 4 1 9 7
438 4 9 3 8 8 7 6 4 7 4 2 6 2 7 2
364 3 3 2 1 5 8 1 1 4 3 3 5 5 4 8
517 7 3 9 7 9 1 4 1 5 8 8 6 7 7 8
10
339 9 7 1 3 7 2 7 7 5 6 2 1 5 1 2
372 6 3 7 7 1 7 4 9 8 1 2 9 3 7 2
406 4 5 4 1 4 9 5 5 7 6 7 7 7 1 6
435 7 1 8 6 3 8 5 2 8 2 8 1 2 3 7
419 2 4 7 2 7 1 7 9 8 3 9 6 1 2 8
495 8 1 1 8 5 5 6 7 3 5 8 4 8 7 8
498 7 4 1 4 1 7 5 9 7 4 9 3 7 8 7
533 7 6 3 8 6 4 8 9 4 5 8 2 8 6 9
365 5 3 3 1 1 3 8 3 1 9 8 5 2 5 8
402 9 4 1 5 6 8 7 3 8 8 2 4 1 2 5
10
326 1 3 2 2 5 4 9 5 4 4 2 9 4 4 1
516 4 6 2 8 6 7 9 9 5 8 5 9 3 4 7
394 5 5 2 3 1 6 3 5 7 3 9 6 2 4 8
515 4 9 5 3 8 6 7 1 6 3 6 7 9 6 7
452 9 7 6 4 9 6 2 5 6 2 1 9 6 8 5
373 5 2 6 7 5 4 1 2 1 8 2 6 6 3 7
506 2 8 9 8 3 3 6 2 5 9 4 5 9 7 6
480 9 3 2 9 5 6 6 3 4 1 8 6 2 9 5
434 3 2 3 5 1 2 4 2 4 7 9 2 8 7 6
398 1 2 6 9 5 9 4 5 4 3 3 7 2 6 6
10
254 1 2 4 1 4 2 8 2 1 2 1 4 1 3 8
425 8 9 2 2 5 2 6 1 7 7 5 8 5 2 7
381 8 2 9 8 2 7 2 7 5 5 3 9 2 4 6
386 6 5 3 6 9 3 6 3 7 7 1 8 2 1 7
436 2 9 7 5 4 1 3 8 5 4 8 8 4 5 5
433 2 6 3 5 8 9 4 8 9 3 9 1 6 3 1
354 1 4 9 2 2 1 9 5 3 5 2 6 7 4 6
480 2 8 8 7 9 3 1 7 6 6 8 8 5 2 7
402 9 9 5 8 2 3 4 5 1 7 5 6 1 2 8
406 1 5 5 7 4 2 8 8 1 3 3 3 6 5 6
10
466 3 9 5 8 8 5 9 3 6 8 4 1 6 4 4
460 1 7 3 4 7 5 5 9 3 1 9 6 6 7 3
410 2 5 5 5 2 9 7 5 7 9 7 5 1 1 7
495 8 4 6 7 6 9 9 8 4 5 8 1 8 7 1
453 4 8 2 3 3 9 2 4 9 8 8 2 9 7 1
517 9 2 9 8 9 1 1 4 8 9 6 2 9 5 5
487 5 9 7 7 3 1 1 7 3 5 9 8 9 8 6
289 1 2 6 4 2 9 1 4 5 8 5 3 1 2 1
442 6 2 4 7 4 1 9 4 1 4 4 4 8 7 8
371 1 7 4 2 5 5 7 4 5 1 7 3 4 1 8
10
414 5 6 5 4 2 7 7 7 4 8 6 7 9 4 1
481 5 8 3 7 8 7 1 8 9 7 2 9 3 2 9
449 6 4 1 2 5 6 8 2 7 2 7 8 7 3 9
313 2 6 1 2 1 6 4 1 5 7 7 1 6 2 3
458 6 2 7 7 5 9 6 3 8 5 4 9 5 6 2
462 5 2 2 1 8 8 8 4 3 5 2 6 9 8 5
457 6 1 5 3 4 2 4 7 7 3 6 6 9 8 5
483 4 9 1 3 6 2 4 6 9 6 9 4 8 4 8
478 4 4 8 4 2 6 6 9 9 5 5 9 8 3 8
360 1 9 3 4 5 7 6 5 1 2 4 4 5 3 6
10
449 1 4 7 4 6 2 9 1 9 3 8 4 6 4 5
510 4 8 7 7 2 9 8 6 9 1 5 2 9 9 1
414 4 1 9 7 7 7 9 1 5 8 3 2 4 1 5
330 1 1 8 7 2 8 4 4 1 8 1 3 1 4 9
381 9 4 9 4 3 7 4 9 4 3 3 9 7 1 2
430 1 8 8 2 9 9 3 6 6 1 4 5 3 3 8
406 4 8 2 1 1 3 1 8 1 9 5 7 4 9 8
418 8 8 6 6 7 1 6 5 1 1 9 7 4 2 3
456 6 9 8 9 8 4 7 9 9 7 6 2 1 4 2
397 7 5 5 8 9 8 1 4 2 3 5 2 4 3 1
10
385 4 5 6 1 3 3 9 5 5 4 6 4 1 9 3
425 7 4 2 3 9 6 3 5 5 3 5 1 7 1 8
460 8 2 3 1 9 4 9 8 9 7 6 2 7 7 1
405 2 3 4 4 9 2 8 4 5 9 5 2 2 5 5
527 6 4 2 8 9 8 5 3 5 9 5 4 8 4 7
445 8 2 7 3 2 9 5 1 9 6 3 4 7 4 6
496 3 3 1 8 9 7 6 4 5 8 5 5 8 7 4
294 3 4 5 7 6 7 6 8 1 4 1 3 3 1 1
414 5 3 4 4 3 2 6 5 9 7 6 7 2 3 7
453 3 2 8 9 4 9 8 4 4 1 7 9 3 2 8
10
472 6 3 2 6 3 8 8 1 7 3 6 3 8 6 7
276 3 1 3 4 2 4 6 3 3 4 3 1 4 4 3
433 1 1 2 9 5 6 8 4 9 1 3 1 3 8 5
418 4 6 5 8 2 3 5 5 1 3 3 1 6 5 9
433 3 1 3 9 4 5 3 9 2 6 6 2 9 7 4
405 4 5 9 4 5 3 6 8 7 7 9 2 1 8 1
457 5 3 8 4 9 1 3 1 9 8 1 1 9 6 9
450 6 2 8 4 4 8 9 4 6 8 7 7 8 2 4
484 2 6 9 7 1 6 4 5 8 1 8 9 7 1 8
398 8 1 2 4 9 4 4 5 3 6 9 8 1 3 3
10
380 2 1 5 2 9 8 6 9 3 5 1 5 9 7 2
496 2 2 6 1 6 8 8 9 9 9 8 8 4 8 5
380 8 9 3 1 3 5 1 8 6 9 3 4 4 3 7
431 9 2 5 9 2 6 4 9 4 4 8 3 4 5 2
403 2 3 6 9 1 4 7 6 5 6 3 1 2 7 7
471 5 8 8 5 4 9 9 1 6 4 7 8 2 3 6
390 7 7 4 6 1 5 5 4 6 3 8 8 2 1 4
480 9 7 1 6 3 5 7 2 2 5 6 6 7 7 8
418 2 3 6 8 5 4 5 4 3 9 2 7 2 6 6
447 7 4 9 5 6 7 7 7 2 1 7 4 9 3 5
10
434 5 4 9 4 1 6 7 9 5 1 2 2 7 9 8
428 2 9 3 2 9 9 9 6 7 7 3 5 2 2 6
574 4 9 7 6 9 4 7 6 5 6 4 1 9 8 9
519 9 2 6 3 9 5 8 2 2 1 3 6 9 9 9
390 6 8 6 1 7 8 2 7 4 6 3 5 8 3 1
489 7 1 9 6 2 4 8 7 7 8 7 5 6 3 7
416 3 9 2 6 6 6 6 4 4 6 7 7 4 2 3
481 4 1 9 5 6 9 9 1 9 5 9 6 5 4 4
435 3 1 4 2 6 5 3 8 6 9 7 6 8 6 3
499 3 9 9 6 6 4 5 5 5 9 6 4 8 8 1
10
327 1 6 5 1 4 7 4 1 1 7 6 3 3 6 3
449 3 5 1 5 2 1 5 3 9 8 9 8 8 5 5
430 7 8 7 9 5 3 2 7 4 8 7 9 1 4 4
386 2 4 3 1 9 7 7 3 5 3 6 5 6 3 5
418 3 7 8 9 8 8 5 4 2 1 3 6 5 1 3
396 3 1 9 9 7 9 8 4 6 7 1 1 1 5 3
360 2 7 8 3 8 3 7 7 5 8 2 3 6 1 3
438 1 7 7 7 6 7 1 4 6 7 1 6 6 8 4
426 8 7 1 1 2 8 5 2 7 5 4 3 2 9 9
377 5 4 4 3 9 8 4 2 2 2 3 1 3 4 7
10
477 9 2 5 9 3 1 5 9 6 6 9 7 7 2 8
342 6 5 1 1 4 4 1 4 8 8 8 7 5 1 3
496 9 6 2 9 2 5 2 5 4 4 8 8 7 8 5
499 9 8 2 6 9 6 2 9 5 3 4 4 3 7 9
517 9 9 5 6 6 3 4 2 9 7 8 4 1 6 9
447 3 7 9 4 7 5 4 2 5 7 4 5 4 3 8
313 3 5 8 1 4 7 1 3 2 1 3 1 2 8 5
433 6 4 7 4 1 9 8 5 5 4 3 6 6 3 9
438 5 3 2 8 9 3 7 1 5 1 5 1 9 6 1
549 8 8 9 6 1 1 9 7 8 2 8 8 8 8 9
10
413 4 6 4 6 7 8 2 3 3 1 4 5 4 7 5
389 4 7 9 1 6 2 4 4 1 2 7 7 5 2 8
552 4 5 6 9 7 5 9 3 3 6 2 3 9 7 9
523 7 2 2 8 7 8 8 8 9 9 2 5 9 8 4
577 6 9 9 8 8 4 2 8 9 9 3 7 9 9 6
427 1 8 3 4 5 9 4 1 1 8 4 7 6 3 7
317 7 8 6 2 7 6 1 7 9 4 3 5 1 2 2
442 4 1 7 9 4 3 2 4 4 1 2 8 7 5 9
413 2 9 5 7 6 7 2 4 2 5 3 5 7 2 8
465 5 9 1 6 4 2 3 7 6 8 2 7 9 9 3
10
432 2 1 5 4 3 1 6 3 1 4 9 5 6 8 8
408 6 1 4 5 7 3 1 4 3 8 3 7 9 6 5
406 6 5 7 6 4 5 1 7 1 1 8 5 3 5 7
432 4 3 4 9 5 2 4 3 8 9 3 6 7 3 3
521 5 4 5 7 8 3 9 4 8 7 5 3 8 5 6
435 3 6 3 9 1 7 7 9 6 1 6 1 7 1 5
333 8 6 1 4 7 5 2 7 5 5 5 4 2 4 1
433 1 6 2 3 2 1 7 3 8 4 3 5 8 8 7
484 3 1 9 9 3 7 2 3 3 9 9 9 4 7 6
395 6 5 1 2 2 4 9 6 8 1 7 7 7 2 4
10
371 6 3 5 4 1 8 2 7 5 5 7 5 2 7 2
364 5 7 5 6 7 3 7 8 4 3 3 7 2 6 1
513 1 5 5 9 6 9 5 1 8 2 9 2 6 9 1
388 7 7 9 5 5 4 9 4 3 9 1 9 2 5 3
415 9 6 6 2 6 2 4 8 1 1 7 1 5 6 9
424 4 2 9 9 3 4 8 6 1 5 4 1 1 9 9
472 8 7 7 2 9 8 9 7 7 9 7 2 3 4 5
444 6 7 7 8 5 3 5 5 2 4 4 9 8 2 5
390 4 3 6 5 1 2 7 3 5 7 6 8 5 7 1
400 2 1 9 4 7 6 3 9 5 6 6 8 3 8 1
10
542 7 5 8 8 6 8 7 6 8 6 3 9 7 6 8
318 3 9 2 5 4 4 1 2 1 7 2 6 1 2 7
530 4 9 7 8 1 6 1 7 6 6 7 7 8 7 6
408 9 1 4 7 3 2 1 9 6 3 2 6 6 7 5
539 8 5 3 7 8 4 4 2 6 4 4 2 8 9 9
532 8 9 6 9 3 8 6 2 9 6 3 8 6 5 9
467 4 9 3 6 1 4 1 3 5 4 6 7 9 4 9
459 7 8 2 1 7 9 3 8 8 3 9 4 4 6 3
404 8 6 7 4 1 3 2 2 8 9 6 3 2 5 9
430 6 5 2 4 8 5 1 8 4 6 9 2 8 6 3
10
390 9 2 1 4 3 6 9 8 4 5 1 6 3 6 4
452 8 1 4 5 6 1 8 5 9 5 1 4 5 9 5
499 8 5 7 2 6 1 8 5 9 8 8 5 7 8 3
546 6 7 5 1 7 7 3 8 9 5 6 6 8 8 9
505 5 9 6 8 2 5 5 9 5 8 8 9 8 7 3
318 1 2 2 5 2 5 8 1 4 6 2 4 1 3 7
363 1 4 4 9 8 8 6 4 3 9 2 5 2 1 1
386 6 8 5 1 8 4 6 1 3 4 1 6 9 5 4
413 7 8 4 4 3 5 4 1 9 2 1 6 7 1 8
404 4 1 8 3 6 6 6 7 3 9 8 6 4 3 6
10
424 2 4 1 4 5 8 8 9 8 4 5 9 2 3 8
395 4 8 4 4 9 2 2 1 3 1 8 7 1 7 2
556 2 6 1 9 8 7 7 4 5 6 7 5 8 5 7
430 5 7 3 7 6 3 3 3 7 9 4 3 2 8 3
340 5 1 2 2 2 3 6 5 5 9 9 7 4 3 1
499 8 9 3 8 9 6 6 6 9 1 7 4 5 4 1
474 8 5 4 9 9 3 6 6 1 8 7 5 4 1 8
438 6 8 8 9 2 5 7 4 5 2 2 8 7 3 3
425 1 7 8 4 9 8 8 5 7 9 4 9 1 1 2
361 4 5 9 2 4 9 3 4 7 7 3 4 6 2 3
10
359 7 5 2 3 2 3 5 2 6 6 5 2 7 6 2
337 6 3 6 2 6 1 2 3 3 6 3 4 4 9 2
359 3 3 4 5 6 7 3 4 6 9 2 7 4 1 3
457 3 1 8 5 9 3 8 3 5 1 7 6 5 3 9
451 1 1 3 5 1 2 6 7 1 5 8 9 9 8 5
419 6 3 1 6 2 6 2 3 8 4 5 9 6 2 6
391 7 4 1 3 5 8 3 1 2 2 4 1 6 8 6
420 4 5 8 8 6 2 5 2 5 2 3 9 2 4 6
407 7 1 9 3 8 1 8 5 2 7 9 2 6 2 6
463 5 5 5 9 9 3 5 7 8 3 5 4 3 3 5
10
481 1 1 9 3 7 9 6 4 4 7 6 2 9 6 8
415 6 3 3 5 1 9 6 8 7 3 1 9 9 8 1
419 6 7 3 9 3 5 3 7 2 3 8 4 8 6 1
348 4 1 1 7 9 1 2 2 5 1 4 7 1 6 2
529 8 1 3 8 6 9 2 6 9 2 5 5 7 8 6
415 5 8 9 1 4 4 7 9 4 1 4 2 5 7 8
425 4 7 7 7 9 3 6 7 9 6 7 2 1 1 2
419 1 6 3 9 6 9 6 2 1 8 1 4 4 8 2
443 9 7 7 5 1 6 2 5 2 8 4 3 7 4 8
395 5 5 3 1 4 8 2 6 9 1 6 8 1 3 9
10
393 1 8 1 6 2 7 8 1 5 6 7 2 5 1 4
434 2 7 5 9 8 2 3 1 9 4 7 3 4 2 4
437 6 6 1 7 6 7 5 4 3 3 4 4 4 9 3
424 7 9 3 2 7 1 9 8 1 4 1 7 6 7 6
381 1 4 5 7 7 6 8 3 6 3 3 1 1 2 9
467 3 8 2 9 7 2 2 9 7 4 9 6 1 6 6
440 6 5 7 7 1 9 3 3 3 1 3 9 5 9 3
359 2 1 2 2 9 2 8 4 1 6 3 9 8 3 4
408 2 1 3 9 3 3 8 1 6 2 5 3 6 5 5
365 5 1 6 7 2 6 4 4 5 7 2 2 5 4 6
10
391 1 1 9 5 1 9 3 5 9 4 6 3 5 6 1
554 1 3 5 9 7 9 7 2 8 6 5 1 8 6 9
405 3 4 2 9 8 9 9 8 1 9 1 1 1 4 7
426 3 5 7 8 7 6 7 4 1 5 9 9 3 1 2
475 4 5 6 9 4 7 8 7 7 5 6 8 4 2 5
429 4 7 3 4 3 7 3 7 1 8 8 3 5 7 6
381 1 6 9 1 7 9 4 7 4 4 1 9 7 5 4
334 2 7 4 6 2 2 8 2 7 3 3 5 5 1 1
538 8 4 9 7 7 9 8 7 4 7 7 4 4 4 9
380 6 9 2 1 6 3 6 4 6 5 5 7 1 9 2
10
224 1 3 1 3 1 8 2 5 1 2 1 9 2 2 2
295 3 1 6 1 4 3 7 2 4 2 4 6 1 1 9
481 7 2 6 8 6 5 7 8 9 3 6 4 9 1 5
406 3 9 2 2 6 2 7 8 1 4 8 6 6 7 3
452 6 7 2 9 5 1 8 1 4 2 7 2 9 3 3
460 1 1 1 2 8 5 1 9 3 7 9 3 7 7 9
488 2 1 8 8 9 9 7 9 8 1 9 8 3 4 1
499 4 8 1 4 5 3 4 9 8 6 3 1 9 7 9
398 2 2 7 3 9 8 6 6 8 1 1 7 2 7 2
372 2 3 1 8 9 1 1 4 5 9 6 1 7 5 1
10
386 4 4 4 1 1 7 6 1 4 7 9 4 5 8 2
436 1 6 1 5 9 3 2 3 8 1 7 6 4 5 5
583 6 5 2 8 9 1 9 8 8 9 7 8 5 6 8
325 1 1 6 5 7 1 4 5 5 5 1 5 3 5 4
455 8 2 9 4 5 2 9 2 8 6 1 5 8 7 7
378 1 9 9 3 6 2 6 2 7 4 4 9 9 2 1
516 6 9 5 8 3 8 6 1 8 6 4 6 7 5 5
479 8 3 8 9 1 9 2 7 3 1 7 9 8 8 1
443 4 7 6 7 8 6 9 9 5 3 1 3 5 3 5
426 9 4 8 5 1 8 3 4 5 8 3 1 6 7 6
10
541 5 9 4 7 8 8 1 8 8 9 9 8 6 1 6
335 9 1 4 7 3 3 4 5 3 2 2 3 2 5 4
305 2 9 9 1 3 7 7 7 4 2 2 3 2 2 2
471 8 7 8 4 6 2 4 3 1 5 7 2 7 9 5
434 6 2 5 6 6 2 3 9 9 5 9 3 6 4 5
550 9 6 8 8 8 3 5 3 9 2 8 4 5 6 9
285 1 5 1 5 2 1 3 2 7 7 2 1 1 2 8
460 5 9 8 4 6 6 4 3 2 2 3 8 6 9 8
364 1 6 4 3 2 4 1 6 2 2 9 4 5 6 4
456 9 8 8 2 7 7 8 5 3 6 9 8 1 4 5
10
460 6 9 1 3 3 7 5 9 4 2 6 9 6 5 7
286 8 1 7 1 2 1 9 3 9 1 5 9 1 1 3
351 2 2 8 4 3 1 1 7 9 9 2 5 5 4 3
503 5 7 7 1 8 8 4 1 8 8 9 6 7 8 4
427 2 4 1 7 8 9 4 1 3 2 1 1 2 8 8
488 1 9 9 6 1 5 2 9 2 6 7 9 6 9 8
397 2 9 5 2 9 4 7 3 4 7 6 2 1 5 4
356 7 3 3 7 2 3 1 8 7 7 4 8 1 6 4
390 8 7 4 2 5 2 5 4 4 9 5 3 5 6 3
443 1 2 1 2 5 3 7 7 9 3 4 9 7 7 8
10
311 9 2 1 5 7 1 3 9 1 8 4 6 5 1 1
572 9 3 7 9 9 6 4 8 9 7 7 8 7 5 5
342 5 5 1 4 1 5 6 9 1 6 7 5 7 2 1
482 7 4 6 4 6 1 9 3 3 8 3 7 4 9 9
434 2 9 1 5 6 3 8 2 7 3 7 3 6 5 2
353 6 2 4 5 2 6 3 8 4 1 5 6 1 3 8
451 6 9 9 7 1 1 9 7 1 5 9 4 5 7 2
486 5 8 3 9 3 5 7 4 3 4 9 3 9 3 7
464 7 3 8 9 5 9 1 1 1 9 9 4 2 3 8
402 1 6 3 3 8 3 3 9 3 5 8 2 8 6 1
10
361 9 8 8 3 3 5 1 1 3 8 4 1 6 4 1
478 3 6 5 3 9 9 2 4 7 8 3 7 5 7 8
388 8 5 5 3 6 7 3 3 9 7 1 3 4 2 8
433 2 7 2 5 6 3 4 6 1 4 7 1 7 9 5
410 1 1 8 2 8 1 6 7 7 8 1 9 7 9 3
366 4 9 2 4 5 5 1 1 1 3 9 4 1 6 5
371 4 5 5 8 2 7 3 9 5 1 2 1 6 1 9
346 8 5 2 6 7 9 4 9 3 1 2 1 1 8 1
433 9 2 8 7 5 5 3 5 7 6 7 9 2 3 7
535 3 8 4 7 6 9 2 6 3 6 9 1 9 9 4
10
523 6 8 6 2 9 9 1 5 9 9 7 1 4 6 9
381 1 2 7 4 7 3 2 4 5 5 2 7 7 7 2
387 8 6 2 6 8 2 6 4 1 2 2 6 7 9 1
447 6 7 3 9 1 2 5 6 3 2 2 6 9 4 8
374 3 8 5 2 8 1 6 1 2 7 8 3 4 2 5
446 4 5 1 5 2 8 6 5 6 4 5 3 9 8 2
412 4 5 5 7 7 1 6 1 7 9 7 6 1 4 3
494 5 8 9 3 5 8 4 9 5 6 6 3 7 7 6
447 9 9 2 6 7 8 5 9 7 7 1 2 7 1 8
351 5 9 6 5 3 3 2 6 7 3 1 5 5 1 4
10
424 7 6 9 3 5 3 8 1 2 7 4 5 7 1 9
515 6 6 4 9 4 2 6 7 6 3 9 1 4 7 8
448 9 4 3 4 7 9 1 2 2 6 2 6 4 9 7
378 9 8 3 2 1 7 5 3 1 8 8 1 3 5 2
387 8 6 2 4 5 3 6 1 1 1 7 7 1 7 5
405 6 9 6 3 1 3 2 2 2 5 9 6 9 2 4
456 2 4 3 9 6 6 5 3 1 1 3 9 3 6 9
491 8 4 5 4 8 4 9 1 9 3 1 4 7 6 7
339 4 4 5 7 8 2 3 1 3 6 3 7 1 5 2
398 9 8 5 4 2 6 9 9 7 3 6 2 4 2 1
10
410 6 2 8 7 2 4 7 3 2 8 5 1 8 6 2
394 3 3 6 4 4 7 8 5 7 7 1 9 3 4 7
383 9 7 1 2 6 4 7 4 2 8 2 4 1 5 7
393 3 6 1 8 1 1 2 2 6 9 8 1 6 8 2
377 4 1 5 3 2 4 8 9 4 7 7 7 5 2 3
584 7 4 3 4 9 5 8 3 8 9 9 5 7 6 9
339 6 5 2 3 2 2 2 1 4 1 7 3 4 7 5
329 2 1 4 1 5 5 5 5 6 4 6 6 4 3 3
393 7 9 9 1 3 2 8 5 2 4 7 5 3 4 5
426 4 5 9 9 9 5 6 4 8 4 4 2 2 4 4
10
457 7 1 4 4 8 5 8 8 7 9 9 1 2 2 9
397 9 2 9 4 1 6 3 5 4 6 4 8 4 1 9
449 2 7 4 3 6 5 2 6 9 6 7 1 1 7 9
402 4 2 6 4 2 1 6 8 6 4 4 9 7 7 4
352 9 8 4 8 2 2 1 3 2 9 3 8 5 5 1
307 3 3 8 1 6 4 1 7 9 6 4 3 5 1 2
412 7 4 9 7 3 2 1 9 7 9 8 4 3 6 2
345 4 6 8 1 3 3 5 1 9 3 4 6 6 3 2
367 5 5 2 8 1 1 6 5 4 7 4 3 1 8 5
381 4 6 1 7 1 3 7 4 8 4 7 8 3 4 2
10
423 6 8 9 9 1 6 6 5 2 2 4 2 6 9 2
432 2 8 6 1 3 5 4 7 4 6 7 8 6 8 5
384 9 1 5 2 5 2 5 1 7 1 4 4 1 6 9
470 9 5 4 6 6 7 5 7 7 6 2 7 4 7 5
402 2 6 9 2 3 7 4 7 8 1 5 4 4 9 3
540 3 6 6 7 6 6 7 5 7 3 4 5 8 9 6
310 9 9 4 1 2 7 3 9 2 4 5 5 3 1 5
498 7 9 7 6 6 3 2 5 9 8 7 4 9 1 9
525 7 3 1 8 7 4 9 1 5 3 9 2 8 4 8
424 4 2 8 1 3 3 6 9 4 1 8 2 4 9 6
10
374 5 3 9 2 5 3 6 9 4 9 5 8 1 5 2
418 6 8 5 4 7 5 5 6 7 3 4 1 7 4 4
337 2 5 5 3 1 5 2 8 5 8 1 3 3 7 4
436 3 6 7 3 8 8 8 9 6 2 9 8 6 1 2
528 4 5 6 3 7 4 9 2 8 7 8 1 5 9 6
345 1 2 4 1 6 4 1 5 7 3 9 6 2 3 6
499 5 4 8 6 4 1 8 6 8 3 6 7 8 6 8
391 2 9 6 6 1 6 1 6 6 4 7 1 5 8 1
489 1 4 5 9 7 8 2 3 9 5 5 5 9 5 4
445 8 5 1 3 7 5 9 2 9 2 1 2 9 5 3
10
447 8 5 9 2 2 6 2 6 6 8 9 9 1 4 8
487 2 9 8 5 5 2 7 4 4 7 8 7 8 9 1
361 8 5 1 1 1 1 4 7 8 4 7 6 6 3 4
400 2 9 9 2 1 3 2 3 8 8 3 6 8 8 4
416 9 6 4 3 8 2 3 5 5 2 9 9 6 1 5
521 7 4 2 5 4 2 4 8 9 1 9 8 6 8 8
395 7 4 5 9 6 6 6 5 4 8 1 7 1 4 2
502 1 2 1 8 5 9 1 3 2 9 6 5 9 9 9
420 8 8 4 6 1 4 1 6 4 2 8 1 5 1 9
336 3 1 4 1 6 6 5 3 1 9 8 7 3 6 1
10
398 7 1 1 5 5 6 4 5 7 2 5 3 7 7 1
484 7 2 9 5 2 3 4 7 1 8 4 8 9 8 8
346 7 7 3 8 2 3 2 6 1 8 1 3 2 8 5
502 2 5 1 7 1 8 2 4 7 6 5 2 7 9 8
331 6 4 6 7 6 3 3 5 1 1 1 4 7 2 2
481 7 5 7 3 6 7 9 3 5 1 1 2 8 8 8
336 7 7 4 2 4 3 5 1 4 8 5 1 3 3 5
512 4 9 8 4 6 9 5 1 2 6 8 4 9 4 6
536 1 7 1 7 6 8 5 5 8 9 7 6 6 7 6
382 5 9 1 6 2 2 2 1 6 7 3 3 4 9 3
10
331 9 8 5 1 3 4 4 1 8 3 7 3 1 1 2
341 4 1 6 1 2 9 1 3 6 9 2 9 2 9 2
355 7 4 2 5 9 4 6 5 4 2 3 8 7 2 1
412 1 3 7 3 3 7 3 3 9 3 2 7 9 6 4
408 8 1 2 2 1 6 6 4 7 1 8 5 9 5 4
331 8 1 7 9 1 2 2 2 4 1 1 1 5 8 2
394 2 8 5 1 5 6 7 4 8 4 5 4 5 6 3
451 4 3 9 6 1 4 8 3 4 5 9 2 5 4 8
303 5 6 3 1 2 5 2 1 8 6 4 2 6 3 1
363 8 1 1 3 4 1 3 1 6 2 4 6 6 9 2
10
392 2 8 1 6 1 4 8 2 9 5 4 2 1 5 4
455 3 4 4 6 1 4 7 6 8 7 8 6 5 6 3
418 6 4 6 3 3 2 6 6 2 4 9 9 8 6 1
499 7 2 1 6 4 8 5 9 8 9 9 6 3 3 7
352 6 4 4 1 3 7 2 3 9 4 1 3 3 7 7
427 8 3 1 1 8 8 9 7 2 6 3 1 5 8 7
436 9 7 4 5 2 5 5 4 4 1 8 2 3 8 4
345 4 4 5 4 5 2 1 2 7 8 2 1 3 6 7
521 1 9 6 5 7 8 7 8 5 3 3 6 7 6 8
408 7 8 5 6 4 9 2 6 2 3 4 6 2 8 4
