100 10
500 500 500 500 500 500 500 500 500 500
10
278 7 5 5 1 7 7 2 4 6 3
210 5 7 1 6 5 5 5 1 1 1
156 1 1 4 2 1 4 5 1 3 3
269 2 5 5 5 8 6 8 7 2 2
313 8 8 4 1 2 7 9 1 5 8
334 9 1 1 6 7 5 4 7 7 8
329 5 9 9 4 6 3 4 8 9 2
348 4 4 1 5 9 5 7 9 6 7
256 6 3 5 5 9 2 8 7 4 2
384 8 7 7 1 9 3 9 6 9 9
10
221 1 8 2 5 2 4 4 3 2 2
381 8 4 8 9 8 4 7 7 9 5
301 4 4 9 8 7 4 8 4 9 1
310 6 8 7 4 6 5 7 2 8 2
236 5 9 3 5 4 4 1 4 4 1
325 6 6 1 3 3 9 1 9 5 5
392 8 9 5 3 3 8 4 6 5 9
312 2 8 7 7 7 5 8 8 2 3
370 9 5 8 5 5 7 8 9 2 8
312 5 4 9 8 9 1 7 4 5 9
10
299 1 8 9 6 8 2 2 5 3 8
361 5 8 5 5 8 4 8 9 6 5
264 2 1 3 8 7 5 7 5 9 1
348 7 9 5 9 1 8 1 9 6 3
242 2 1 6 2 8 1 8 5 7 4
241 1 1 3 5 9 4 6 4 5 5
328 9 5 6 1 5 9 7 7 6 4
341 7 4 3 5 9 7 4 4 8 7
389 7 9 8 5 9 2 9 4 8 7
312 2 7 3 5 1 3 5 9 7 5
10
261 2 3 1 6 3 7 9 8 2 3
256 2 1 3 2 1 4 8 6 9 5
298 4 7 6 4 3 4 3 5 4 8
352 1 7 8 7 3 6 7 4 7 9
367 9 9 8 4 9 2 6 7 5 8
276 5 6 1 7 4 5 8 7 1 2
237 6 5 3 9 5 2 2 2 2 6
299 3 3 5 5 6 8 7 2 6 9
285 6 4 5 9 6 1 9 2 6 7
235 1 7 6 9 4 1 2 3 1 6
10
302 2 4 4 1 4 5 2 8 9 6
268 5 9 5 4 5 7 8 4 1 2
226 1 3 5 4 6 9 1 1 8 1
242 4 8 1 8 5 2 8 1 4 3
315 5 8 5 7 2 4 2 3 8 7
308 9 8 8 3 5 4 4 4 2 8
248 1 4 4 4 6 2 4 4 7 6
339 2 6 5 8 4 6 8 6 3 8
257 5 5 6 9 3 2 7 4 3 4
345 3 9 4 4 9 8 4 1 8 7
10
339 3 9 8 2 8 5 5 7 2 8
229 4 5 3 1 6 1 2 6 2 5
244 3 5 2 2 5 8 4 1 7 4
227 9 1 4 5 4 5 3 5 4 1
385 9 7 7 6 8 9 1 3 7 8
344 4 6 5 3 8 9 3 5 7 6
129 6 1 1 3 8 1 1 1 1 4
302 1 5 1 6 3 2 4 8 6 8
259 4 1 6 6 9 9 5 9 1 2
208 4 4 9 4 7 2 8 3 2 1
10
268 2 1 9 8 2 1 1 4 8 7
265 2 2 3 4 4 8 8 9 2 4
397 4 6 6 8 8 8 6 4 8 9
344 9 9 7 6 1 9 5 1 1 9
311 7 3 2 4 2 9 1 3 7 9
266 7 5 9 5 1 2 9 4 1 6
316 4 3 9 1 9 9 6 5 9 3
332 5 2 4 6 3 8 5 9 6 5
254 5 8 3 3 9 9 8 1 2 2
234 5 3 5 4 7 3 2 4 1 7
10
272 6 6 2 3 9 5 2 3 7 4
272 3 9 1 7 4 5 4 8 2 1
292 7 4 7 1 2 9 9 3 7 3
316 1 6 9 6 8 1 6 8 1 8
343 9 8 9 3 6 3 5 9 5 5
301 7 8 6 5 7 9 3 4 5 2
264 1 3 9 5 5 3 4 5 9 2
356 4 9 3 9 9 5 3 7 8 5
197 6 5 5 2 8 3 3 4 3 1
292 8 8 7 1 1 4 3 6 3 6
10
339 3 7 6 3 4 5 2 9 9 4
380 9 5 2 8 9 5 8 8 3 9
283 6 3 3 8 7 3 7 3 2 8
304 9 3 5 7 9 3 2 7 7 3
353 3 7 6 9 7 2 1 8 6 8
311 7 4 1 6 2 9 1 7 6 6
266 2 1 8 1 2 6 5 7 6 4
330 6 5 9 1 5 1 9 7 8 5
317 2 8 4 3 6 5 4 7 6 5
232 1 3 3 5 2 2 8 3 8 4
10
257 3 1 7 7 2 5 3 5 2 9
390 3 4 3 1 8 9 9 9 9 8
262 8 8 3 1 1 4 6 2 3 5
244 8 1 8 6 5 1 6 2 9 2
268 9 6 2 4 4 3 9 1 5 5
418 2 4 9 8 8 9 9 7 9 8
371 9 7 2 7 5 3 7 6 6 8
267 8 3 7 6 4 9 3 4 4 1
300 2 4 1 7 6 5 9 2 7 9
159 4 3 1 7 3 4 1 2 4 1
10
313 2 8 2 6 5 6 8 2 9 5
215 2 1 1 2 9 4 9 2 1 7
261 8 5 9 1 3 5 4 2 8 3
325 6 3 9 3 9 2 2 5 9 9
243 2 2 4 6 8 3 8 8 1 5
283 5 3 9 7 5 5 1 7 6 2
351 8 8 2 7 9 4 8 5 1 8
300 3 2 3 1 9 7 9 8 4 7
321 3 2 3 4 6 9 6 2 9 8
404 8 7 8 1 9 9 9 7 9 6
10
284 2 1 8 1 8 4 5 9 6 7
241 8 5 2 2 5 7 1 8 3 1
290 5 4 6 6 1 3 7 5 2 8
413 7 7 4 6 8 8 7 7 9 8
330 8 1 3 9 1 7 8 7 7 7
343 9 5 6 3 3 2 1 9 9 8
245 7 3 8 9 9 1 8 3 2 2
309 7 7 3 4 9 4 8 6 4 3
372 7 2 5 3 9 9 3 8 7 9
301 3 9 9 6 1 5 6 6 3 2
10
336 4 6 9 4 2 6 2 3 9 9
223 3 5 3 4 2 6 4 6 4 1
252 9 3 4 1 2 6 7 2 3 5
291 8 1 4 5 3 4 9 9 3 6
349 7 5 3 9 8 8 5 9 1 7
198 3 6 9 6 9 2 1 1 4 1
344 8 9 2 6 4 3 8 8 1 8
259 2 3 9 2 1 2 4 4 8 8
244 5 3 3 2 1 9 2 2 6 5
277 2 5 4 8 5 3 2 6 4 7
10
217 4 8 9 8 4 2 3 3 1 1
318 2 2 7 8 4 9 9 9 4 3
316 8 1 6 8 6 8 4 5 6 6
333 5 8 2 5 3 7 4 7 2 8
320 6 1 7 6 7 3 1 5 9 9
219 5 5 6 3 9 4 3 4 1 3
303 9 4 2 8 6 8 7 2 3 6
308 6 1 9 2 8 7 5 9 4 6
249 4 1 9 9 6 1 7 2 4 5
283 1 4 4 7 8 4 1 8 2 9
10
256 3 2 1 8 2 1 3 6 7 8
362 9 1 1 7 6 9 6 8 6 8
304 8 1 4 5 9 1 5 8 7 6
252 4 2 6 3 2 4 4 6 6 4
347 1 5 5 9 8 9 6 1 9 9
295 4 2 4 3 3 8 6 7 6 4
363 7 7 3 9 2 4 4 5 8 8
328 8 6 2 4 4 6 5 8 9 3
379 5 8 3 9 4 9 7 7 4 7
347 5 9 5 8 1 7 7 1 3 9
10
214 5 3 8 2 3 2 6 2 4 5
333 7 8 4 2 9 5 5 1 8 9
316 3 3 5 7 2 7 4 7 9 6
316 6 2 3 7 6 3 6 9 8 5
297 2 9 8 8 1 5 4 5 1 5
309 6 9 1 1 9 5 8 7 1 4
232 3 1 5 4 8 4 2 2 8 6
208 5 1 4 5 5 4 7 1 5 2
324 3 4 1 5 7 7 1 8 7 7
287 5 7 6 3 1 7 9 2 7 2
10
245 5 9 5 6 8 2 4 3 4 1
266 5 3 6 2 3 4 5 4 6 6
275 3 4 3 2 1 5 2 7 8 4
272 5 8 1 9 4 8 6 4 2 1
254 7 2 7 2 5 5 5 7 3 3
339 3 8 8 8 5 1 5 2 9 9
264 6 5 3 5 8 1 5 9 3 1
271 8 6 2 2 2 6 5 9 1 2
289 7 8 2 5 7 8 5 5 4 2
223 4 8 2 7 1 6 2 3 1 1
10
247 1 3 5 2 1 5 4 3 5 8
245 5 4 1 9 2 9 3 7 1 2
301 6 8 4 8 8 6 2 2 4 4
241 1 1 4 5 1 9 4 7 6 2
346 9 1 7 2 8 6 8 8 6 6
270 5 8 2 2 6 2 6 1 4 9
269 9 2 4 9 8 9 3 3 4 3
343 9 8 8 5 7 5 8 1 7 7
295 4 6 7 2 8 9 9 1 3 7
294 1 5 9 7 2 1 8 5 8 6
10
253 5 4 5 4 3 3 4 6 4 4
307 4 3 9 2 8 4 6 6 4 8
252 5 6 2 2 2 6 4 8 2 1
285 8 8 9 6 2 6 2 3 2 3
258 4 5 9 8 1 5 2 8 4 1
304 8 5 2 1 8 1 9 2 9 8
234 8 1 4 8 8 3 2 2 2 8
348 7 9 5 9 3 5 7 3 6 6
207 2 4 2 2 7 2 6 3 1 6
340 8 3 4 5 9 3 9 6 5 9
10
329 6 5 4 5 9 5 4 9 3 8
356 3 9 2 9 8 5 6 2 7 8
270 8 2 5 6 6 8 1 6 4 2
232 9 1 8 5 4 2 8 2 1 6
270 1 8 1 8 1 7 2 6 1 5
284 5 7 9 7 8 3 8 3 7 1
297 8 7 4 9 1 1 7 6 2 4
344 7 6 5 8 1 1 7 6 5 9
285 7 3 2 6 6 4 6 3 8 4
387 5 4 1 7 7 8 9 8 8 9
10
210 4 6 8 8 4 1 1 3 4 2
239 7 8 1 4 2 4 4 5 2 2
289 7 4 5 8 5 3 7 3 3 6
288 6 6 5 2 9 9 1 9 1 1
380 6 8 6 9 9 2 5 5 7 9
263 8 6 2 3 2 7 3 4 8 2
281 6 4 8 9 4 6 3 9 1 1
394 6 8 3 7 1 9 2 7 8 8
349 1 8 7 9 6 5 2 8 4 7
332 9 8 8 5 2 6 8 3 4 4
10
328 5 1 1 5 5 9 9 9 2 8
247 4 2 1 7 9 5 2 7 6 2
237 3 3 4 2 2 9 4 5 1 5
289 6 3 1 3 4 9 8 3 5 6
275 8 7 4 3 2 2 2 3 5 6
275 4 2 9 2 8 9 6 2 6 4
323 5 8 7 4 7 7 3 1 4 8
307 7 4 3 5 7 2 3 3 9 8
235 3 8 3 1 8 2 8 1 2 7
340 4 9 7 6 6 5 6 7 6 3
10
267 2 8 9 1 6 5 3 6 6 1
255 8 6 2 2 2 6 1 5 7 3
277 4 5 5 4 2 9 9 2 6 1
340 8 9 4 7 9 1 9 3 6 7
274 4 6 9 4 2 6 3 1 6 4
315 3 3 4 4 8 9 5 9 5 4
257 1 2 6 6 4 1 7 6 3 8
194 9 6 6 4 5 2 2 1 1 3
215 5 2 1 7 2 2 9 5 1 3
371 3 9 7 8 5 7 3 8 4 7
10
333 5 8 8 8 9 7 7 4 6 1
379 3 9 4 3 8 4 5 7 9 9
349 8 8 7 8 9 7 3 8 6 2
228 4 4 7 1 7 1 5 1 9 3
270 6 2 4 9 3 3 6 4 5 7
357 8 1 2 9 3 9 7 9 7 7
285 8 6 1 3 7 1 9 3 3 7
299 9 1 3 3 3 8 7 8 6 4
242 3 3 7 4 9 3 4 6 7 1
331 9 2 9 4 6 6 9 7 1 8
10
292 6 1 8 6 8 6 6 4 3 8
290 1 3 7 4 2 9 9 2 9 5
274 5 5 5 2 8 8 1 1 6 8
337 4 6 1 8 5 6 5 4 5 9
229 4 6 3 4 2 3 8 3 3 3
214 2 1 1 1 3 6 5 3 7 3
237 3 8 1 2 3 6 4 1 3 5
258 7 1 7 4 3 6 2 8 1 5
304 4 9 8 9 6 9 1 1 7 3
321 8 1 7 3 6 9 3 9 8 4
10
270 7 2 5 9 5 4 6 4 4 6
298 2 7 3 7 6 7 8 1 4 7
324 5 9 2 2 6 8 4 7 2 5
164 1 1 5 2 6 1 5 4 6 1
256 5 6 6 1 9 3 3 2 3 6
234 9 2 2 9 9 7 5 3 2 2
254 3 4 9 5 4 3 4 6 5 1
265 1 5 2 2 5 5 7 3 6 7
247 3 2 7 2 3 8 6 1 4 6
298 3 4 6 3 7 5 8 6 7 4
10
260 2 7 4 9 1 4 5 3 5 3
245 9 1 6 3 3 3 9 6 2 5
252 5 6 7 1 9 2 2 5 9 1
272 1 7 2 1 7 4 5 1 8 6
284 7 2 9 4 4 2 5 3 6 7
259 2 7 5 2 2 9 5 2 9 1
331 7 6 6 8 5 9 4 5 8 1
280 7 1 6 6 9 4 9 2 6 5
204 9 1 6 7 7 4 2 1 2 3
333 7 7 6 5 6 8 5 5 6 3
10
341 1 2 4 7 5 9 4 7 9 9
293 9 7 4 6 8 7 2 4 4 3
352 4 6 9 5 8 7 6 5 7 6
222 3 2 4 4 7 9 9 1 1 2
236 8 5 2 4 9 2 2 3 1 7
213 7 3 2 6 7 9 2 1 2 3
313 8 9 2 6 6 2 2 5 7 6
271 2 4 6 9 4 6 1 2 7 7
367 5 8 9 3 5 8 9 7 7 2
277 5 5 5 8 2 8 1 8 1 4
10
240 5 1 5 8 3 6 1 6 6 1
345 1 9 6 2 5 5 4 9 6 6
190 5 2 6 6 3 5 3 2 2 2
298 2 3 3 7 1 5 2 7 9 5
261 1 9 4 8 2 2 9 1 5 5
419 9 8 6 7 7 4 3 8 8 9
316 8 8 2 3 3 3 2 8 7 5
320 6 7 4 6 4 7 9 1 5 6
360 6 8 9 5 4 8 1 3 6 9
237 8 4 1 2 5 6 4 1 3 7
10
248 2 8 8 3 8 4 1 2 1 5
249 3 8 7 2 1 3 1 1 6 7
299 9 5 4 6 9 4 5 6 3 6
355 7 9 8 7 8 5 9 1 6 5
334 3 5 6 5 2 7 5 5 6 9
329 3 7 7 4 7 8 9 5 4 4
325 6 5 3 4 9 5 8 9 1 8
302 4 8 4 4 2 4 6 7 7 1
308 6 7 4 7 2 7 4 6 8 2
274 1 8 4 1 4 6 4 4 8 2
10
275 4 2 5 6 1 1 8 8 2 7
265 1 4 4 9 3 3 1 5 7 4
195 4 1 4 3 4 8 9 1 3 1
307 6 8 1 8 6 8 6 6 5 1
286 2 8 7 9 6 4 4 1 4 5
285 9 1 3 9 8 5 3 9 1 4
299 5 3 9 8 2 4 3 9 3 4
252 4 6 3 2 3 6 1 2 5 8
288 3 4 3 1 9 7 3 7 6 6
281 9 7 8 9 1 6 5 1 3 2
10
409 5 9 5 7 9 5 1 9 8 9
275 7 4 1 4 2 9 1 5 9 2
279 5 4 4 7 6 7 1 4 2 8
400 9 4 8 8 8 8 7 4 9 9
248 5 4 4 7 4 1 5 2 1 8
244 6 2 3 3 1 7 4 6 4 3
278 3 2 9 8 3 8 2 5 5 5
242 3 1 9 6 4 3 1 9 2 6
270 3 1 8 7 5 3 8 3 8 5
242 4 1 4 5 1 8 5 1 6 6
10
264 3 4 7 6 4 2 9 2 4 7
264 9 1 5 7 6 4 3 3 9 4
312 3 6 2 5 4 9 6 9 4 3
215 8 4 3 6 1 2 1 1 9 2
306 6 2 2 3 5 8 6 2 9 8
259 3 1 5 2 3 7 8 4 6 6
255 7 9 9 9 4 3 4 3 1 2
310 3 7 8 8 7 6 6 7 1 4
211 7 2 5 5 1 4 1 4 6 2
237 4 6 4 1 3 7 9 3 1 2
10
256 4 2 4 2 7 6 1 7 2 7
190 1 1 7 2 5 1 2 2 6 7
337 3 8 3 7 7 8 3 3 5 7
234 3 6 7 8 4 1 4 2 3 5
258 7 1 6 1 9 9 4 6 2 4
383 5 6 8 9 4 9 3 9 6 7
249 2 4 8 6 5 9 5 5 1 3
267 9 3 6 1 8 4 2 8 2 6
232 2 3 7 9 1 4 7 5 4 2
294 2 9 2 3 7 3 2 9 2 7
10
297 3 3 6 8 3 8 4 2 8 5
249 9 3 3 9 9 3 7 5 2 1
295 9 2 6 8 1 5 4 7 4 6
279 9 8 1 1 4 3 3 5 3 5
248 6 5 7 1 7 3 3 8 3 2
270 6 2 9 4 6 9 3 4 7 2
229 8 3 9 2 3 3 3 1 1 8
289 5 8 3 6 4 8 6 4 2 2
281 8 3 1 5 2 8 3 6 7 4
192 2 2 4 1 4 8 1 7 3 1
10
307 8 6 4 5 9 1 9 5 7 5
239 1 6 3 6 7 5 7 4 1 3
218 1 2 8 2 5 4 3 6 5 4
222 4 6 1 1 2 6 8 3 1 4
319 4 8 9 2 7 6 6 3 1 8
250 4 6 8 1 6 7 1 3 1 6
321 3 9 1 2 2 8 6 5 2 9
278 4 9 2 6 3 1 5 7 3 5
202 4 3 4 5 4 3 7 4 2 1
324 7 3 1 6 5 6 8 8 6 6
10
269 4 4 2 7 5 3 4 8 6 2
293 2 9 8 1 2 5 6 3 7 4
259 4 1 9 3 2 3 4 7 5 5
280 8 4 2 1 8 7 6 1 7 5
260 1 5 6 3 1 5 7 4 8 3
348 2 8 1 5 8 4 6 6 5 9
242 2 9 4 3 2 1 1 4 8 3
330 7 4 7 5 3 2 8 2 8 9
230 8 3 9 1 4 2 9 1 6 2
273 3 8 8 8 7 1 2 7 4 3
10
288 6 1 3 6 5 3 3 8 7 5
295 2 8 3 1 3 7 3 3 8 6
273 6 2 3 2 6 3 2 7 9 6
246 1 2 4 7 3 8 8 1 5 5
254 9 1 3 4 8 2 8 4 1 8
311 8 7 2 3 8 4 7 5 6 4
258 9 1 5 4 6 8 2 2 1 7
290 9 7 3 3 7 1 8 6 9 1
271 1 3 7 2 3 6 3 5 3 8
243 4 3 8 6 6 3 7 4 5 2
10
379 6 8 3 7 7 4 7 8 9 6
378 9 9 4 7 8 4 9 7 4 7
255 8 6 1 8 3 1 5 5 2 5
161 4 1 1 6 5 2 3 1 5 2
260 8 3 1 3 4 7 9 3 1 6
314 9 8 1 5 1 8 3 9 1 3
261 1 4 9 6 9 6 9 3 1 4
277 7 4 2 5 6 2 2 7 5 5
231 1 1 6 7 1 1 4 6 1 8
243 2 2 4 9 5 2 2 1 9 7
10
296 8 6 5 2 4 6 5 2 7 5
226 2 1 5 9 2 2 2 5 8 3
307 7 4 5 3 8 9 3 7 8 1
237 5 3 5 4 3 3 8 3 4 5
292 5 1 6 9 7 3 8 8 6 3
302 2 2 8 9 1 9 3 6 4 7
273 8 5 7 3 4 4 4 3 1 9
333 1 7 7 8 7 7 9 4 7 2
216 9 5 8 4 4 3 5 1 3 1
381 9 7 6 6 3 1 7 9 7 8
10
335 3 6 4 8 7 4 3 9 5 5
273 7 8 4 1 7 1 3 5 2 6
270 6 9 6 3 2 1 6 2 7 3
336 4 8 8 9 3 8 2 5 5 6
353 2 8 4 1 4 8 5 7 7 9
325 1 7 1 2 3 5 7 5 6 9
336 2 2 5 7 4 4 4 9 9 9
200 2 4 5 6 6 4 7 4 2 1
232 3 1 4 7 3 4 3 7 6 3
264 9 4 7 3 3 4 3 4 9 2
10
333 3 2 2 5 8 3 6 9 6 9
235 2 8 2 1 2 8 2 1 4 6
286 4 7 9 4 3 4 2 5 8 4
258 5 4 7 9 9 8 4 1 5 1
410 7 8 4 8 9 6 3 9 5 8
275 2 2 2 1 7 7 3 3 9 7
265 1 9 5 3 8 3 9 4 3 3
267 8 2 8 4 6 2 7 5 3 5
203 1 2 2 3 5 3 7 3 1 6
224 5 1 7 9 7 5 4 1 5 3
10
317 4 4 2 5 3 7 6 9 1 7
288 8 8 1 8 8 1 9 5 5 2
246 2 7 3 5 8 5 8 5 1 1
274 6 8 8 2 6 9 4 3 3 2
301 8 8 1 5 6 3 4 5 6 3
218 1 1 8 5 5 6 4 7 4 1
357 8 5 9 7 5 5 8 2 6 9
266 8 5 4 5 9 3 2 3 2 8
243 2 9 8 4 8 2 1 3 1 4
279 5 8 9 7 8 1 1 4 9 2
10
320 4 5 2 1 4 8 5 7 3 9
331 5 8 1 4 2 9 6 4 4 7
287 7 3 6 7 1 4 5 2 9 7
300 8 3 7 3 4 5 3 2 9 6
273 4 9 7 5 9 8 3 1 4 3
320 2 3 7 7 6 4 9 6 3 8
346 7 5 7 2 4 9 9 5 4 7
350 9 1 4 9 4 9 4 9 5 6
330 8 8 7 6 6 6 8 5 2 5
393 1 7 9 4 6 8 7 6 8 9
10
265 4 7 8 9 5 8 3 2 5 1
318 3 2 6 5 2 8 4 8 8 4
329 8 9 2 8 4 7 5 6 2 6
277 9 8 5 1 2 3 7 1 1 9
269 8 7 6 9 5 1 1 4 1 7
363 4 8 6 7 8 9 3 8 5 6
248 7 3 8 1 5 8 4 4 2 3
296 6 4 4 1 3 1 5 7 5 9
269 1 8 3 2 5 5 1 3 7 7
389 3 7 7 8 8 5 3 9 9 7
10
314 8 3 5 5 6 3 7 9 3 5
309 3 9 4 2 5 9 7 2 2 7
258 3 3 8 2 8 3 7 2 3 9
306 7 7 1 7 5 4 6 1 6 8
269 2 6 4 4 1 6 9 5 6 2
233 8 2 2 2 6 4 2 7 7 1
275 2 3 5 6 3 3 2 8 9 3
352 6 6 4 9 5 8 2 4 8 8
197 3 1 3 1 8 5 4 2 5 5
261 9 7 2 5 4 1 3 1 8 4
10
273 2 4 2 7 7 7 6 8 5 2
324 1 6 8 7 7 4 8 9 2 7
312 8 6 6 2 3 8 6 9 4 2
322 6 8 7 9 7 2 2 8 2 4
294 5 2 8 2 4 7 6 6 4 7
288 7 2 8 1 9 9 4 1 8 4
211 1 2 1 3 4 2 4 1 6 8
292 1 5 5 4 5 4 3 6 6 6
377 6 4 9 7 9 8 8 7 4 8
221 1 2 5 3 7 9 2 3 2 6
10
330 9 9 7 1 7 6 7 6 5 1
354 5 5 4 8 5 3 8 9 8 4
254 9 3 2 6 7 2 9 2 5 4
270 1 7 9 6 4 2 6 6 3 2
278 7 2 7 3 3 3 5 5 5 8
321 5 7 8 1 5 6 2 5 9 4
337 6 4 4 6 3 6 5 9 9 3
299 5 7 7 6 4 7 9 4 4 2
305 6 4 4 8 2 7 8 6 3 4
293 2 8 8 8 2 1 6 4 9 2
10
343 5 9 7 8 9 1 2 9 5 5
289 7 1 9 8 5 2 4 8 8 2
375 8 8 7 4 8 4 2 5 9 8
256 7 1 4 1 3 5 7 5 3 6
280 4 7 9 1 6 6 3 3 8 4
316 4 4 1 1 8 6 8 9 9 2
257 8 2 1 2 1 1 3 6 6 7
291 1 7 6 6 8 3 7 6 5 2
252 9 2 4 1 7 5 7 4 4 5
289 8 1 1 8 6 8 6 4 5 4
10
342 2 7 8 9 4 3 2 4 8 8
400 9 8 1 4 2 3 6 9 8 9
226 6 1 5 5 4 5 9 5 1 4
364 5 9 4 9 9 9 9 1 7 4
309 6 5 2 3 3 5 9 1 7 9
256 6 1 2 1 1 3 9 9 7 2
297 8 2 7 3 5 2 3 9 9 2
293 3 3 7 7 2 7 1 3 9 5
286 6 6 2 5 7 7 5 9 1 2
381 7 5 7 9 6 9 9 7 1 8
10
240 4 3 6 3 5 5 4 8 1 4
305 2 9 2 3 8 5 9 3 5 7
374 9 5 8 7 6 8 4 7 9 5
257 1 7 4 4 4 2 7 5 2 7
297 7 5 2 9 4 3 9 7 2 4
291 1 6 3 3 6 3 2 7 6 6
217 7 7 2 3 1 2 1 5 2 4
374 4 9 4 8 1 8 1 8 5 9
198 9 1 3 2 6 3 8 2 2 2
375 9 6 8 7 2 8 8 6 9 3
10
325 9 6 6 8 4 3 9 6 3 4
188 5 3 2 2 8 4 2 4 5 1
276 7 8 4 3 1 9 5 3 2 4
314 1 9 9 6 6 6 7 6 4 2
282 8 5 9 4 6 1 9 4 8 2
242 4 2 9 8 2 3 1 1 5 7
350 7 2 4 9 8 5 8 6 7 6
289 5 4 4 1 5 8 9 5 7 1
234 6 1 6 2 3 7 2 6 3 3
305 7 6 4 5 9 6 9 5 1 4
10
286 4 5 4 5 3 3 5 7 8 4
347 5 5 1 2 7 9 5 7 5 9
360 7 4 5 6 2 7 9 8 7 7
287 1 3 2 3 1 5 4 8 8 8
240 2 1 3 3 2 2 9 6 8 5
173 6 3 6 4 2 2 3 2 3 2
333 2 5 4 5 9 8 9 7 7 3
330 8 9 5 4 1 4 9 9 1 4
278 4 8 4 1 6 9 3 1 8 3
250 3 3 9 2 7 2 8 4 2 7
10
327 6 8 7 7 2 5 9 1 4 9
316 5 3 2 4 8 7 6 6 7 5
312 7 3 4 1 4 9 8 5 7 6
240 5 4 3 4 6 3 8 4 7 1
315 8 1 8 8 1 6 4 7 7 6
299 6 9 5 5 2 2 7 7 1 4
319 6 8 9 3 1 4 7 5 6 4
384 8 8 7 3 5 8 8 5 6 7
346 3 6 3 5 2 9 8 4 5 8
302 9 5 2 4 3 1 5 8 8 5
10
340 7 3 4 2 6 5 6 8 7 9
182 8 1 5 4 2 1 1 3 9 1
282 7 9 1 5 5 1 7 4 4 3
315 4 7 6 7 9 7 4 2 6 6
345 3 7 5 2 6 9 7 9 4 5
256 7 3 2 4 1 5 6 3 2 9
317 1 6 6 4 9 4 3 9 2 8
277 6 6 4 2 3 1 1 3 8 7
292 6 3 4 9 3 4 9 5 6 4
348 8 8 6 6 7 6 6 2 5 7
10
290 3 6 6 5 5 2 4 2 9 8
270 1 3 7 3 9 1 8 7 9 3
186 3 2 1 1 3 8 6 4 1 3
271 8 4 1 1 7 5 9 6 5 3
262 6 1 5 4 6 4 8 6 7 3
267 5 9 3 2 5 8 2 1 4 4
319 4 6 3 5 8 7 2 5 3 9
312 8 4 5 5 9 8 6 1 6 8
230 2 8 1 2 2 1 3 7 2 3
207 1 2 5 1 8 8 1 2 3 5
10
343 8 3 8 9 6 6 2 8 4 7
339 6 6 5 1 6 5 2 5 9 8
435 8 9 3 9 6 9 8 7 8 7
250 2 6 4 8 2 3 5 7 2 3
365 9 3 4 3 4 5 7 9 9 7
283 8 7 1 3 1 7 6 1 4 7
321 2 8 4 9 5 9 9 2 3 4
323 7 9 2 1 4 6 3 6 4 8
328 6 3 6 8 7 6 8 3 8 7
305 7 9 4 3 4 3 6 5 5 3
10
326 3 6 4 2 2 9 6 9 4 4
370 6 5 8 7 3 6 5 9 6 6
285 9 7 2 7 2 8 6 1 1 7
213 2 4 4 5 6 2 2 9 1 3
249 3 5 4 2 2 4 6 6 6 3
276 5 9 2 8 8 4 3 5 1 4
256 3 4 6 4 3 4 9 1 6 4
254 9 4 5 1 8 6 6 4 3 3
324 4 1 7 2 2 7 8 9 7 5
249 4 6 2 4 4 6 7 3 1 5
10
254 1 4 5 7 6 4 9 4 7 2
286 6 7 7 2 6 6 1 5 2 6
276 5 6 6 3 5 1 7 1 9 4
290 8 8 7 1 5 7 1 6 3 3
227 5 1 6 3 4 8 2 8 2 1
288 4 6 8 1 2 7 2 5 2 8
409 2 7 8 3 5 9 3 8 9 9
335 3 8 7 9 9 8 3 5 7 3
240 2 7 2 5 6 5 4 2 6 3
300 6 7 5 3 8 3 9 6 5 3
10
328 7 4 5 6 9 3 9 7 2 7
352 1 9 9 6 3 8 6 9 2 4
280 1 8 3 4 1 8 1 3 3 9
332 5 3 8 9 9 7 7 5 2 8
306 5 4 1 7 8 8 5 4 9 3
283 4 3 1 2 2 5 2 8 4 9
344 7 8 6 6 5 7 4 2 8 5
284 9 1 7 1 7 9 8 4 2 6
327 2 8 5 9 8 5 6 8 6 1
331 9 7 5 1 6 2 4 6 6 8
10
264 5 8 4 1 7 3 7 4 5 4
326 8 3 5 2 4 3 5 9 9 6
194 2 2 7 5 4 1 3 3 7 3
321 1 6 4 7 9 2 6 8 6 6
390 7 8 7 5 6 8 8 4 9 6
244 4 4 9 2 3 2 8 5 8 1
267 4 3 2 3 6 5 4 3 8 5
246 8 1 5 6 3 4 7 4 4 5
255 3 1 4 7 4 7 1 2 7 6
226 1 4 3 1 4 8 6 2 8 2
10
331 4 8 6 3 5 4 7 3 8 8
326 9 5 4 6 2 7 7 9 8 1
275 9 9 8 4 1 3 7 1 2 4
297 5 5 9 4 7 6 6 6 5 3
316 4 9 3 1 2 7 9 3 7 4
399 6 9 6 9 3 6 3 8 7 6
337 7 3 3 4 9 4 3 9 9 7
322 6 5 6 3 2 5 5 7 8 5
329 4 7 4 8 8 9 5 7 5 3
359 4 2 8 6 9 4 6 8 7 8
10
275 6 4 9 2 5 9 6 6 1 2
235 8 1 3 4 4 3 2 6 4 6
298 2 9 9 2 4 2 6 9 6 2
270 1 5 3 3 6 6 7 3 1 9
308 4 3 9 3 6 4 6 7 7 6
252 1 6 2 5 3 7 5 1 5 6
316 7 8 4 2 8 7 8 4 1 7
344 4 4 8 3 5 9 1 7 6 8
281 5 9 8 3 4 7 5 5 3 1
294 8 2 9 1 2 9 6 6 6 3
10
297 7 8 5 3 2 4 4 5 7 4
302 6 8 7 5 4 2 7 2 1 9
302 4 9 3 8 4 2 2 2 7 7
217 6 4 1 2 5 3 8 5 3 2
250 1 2 1 3 9 6 6 6 3 5
265 5 1 8 9 6 3 2 1 7 6
270 6 6 4 5 3 4 9 4 2 3
289 8 1 1 3 4 5 8 9 3 7
338 1 6 7 6 6 9 8 9 2 6
186 1 6 1 5 2 6 3 1 1 4
10
331 6 4 9 8 4 7 8 5 8 1
365 8 8 6 6 2 6 2 4 8 7
320 7 5 1 9 5 8 8 4 1 9
280 7 3 2 6 7 4 5 5 3 6
282 1 8 5 2 1 8 8 7 6 1
326 2 9 3 5 9 7 3 7 1 7
349 8 6 9 4 5 8 5 7 1 8
367 4 8 8 2 1 2 3 9 8 8
329 6 7 3 3 6 5 2 8 7 7
234 6 4 7 3 1 2 9 1 2 8
10
200 5 1 7 8 3 1 3 3 5 3
221 5 3 3 8 7 1 1 5 3 5
388 6 9 3 4 6 8 9 8 1 9
225 9 5 6 4 4 1 3 2 2 4
314 6 7 5 9 9 2 3 1 7 7
342 1 5 4 8 3 9 1 7 9 6
246 2 8 8 7 7 5 2 3 2 1
281 6 6 2 3 6 8 6 5 3 4
315 5 7 5 3 1 9 5 4 3 9
315 9 7 6 3 7 5 3 2 9 4
10
282 5 2 1 5 1 8 4 9 3 7
276 9 8 9 8 2 8 5 1 3 1
340 4 6 4 9 9 5 7 9 7 2
276 5 6 7 3 1 6 7 4 2 4
318 8 1 4 9 2 7 8 5 4 9
373 7 7 9 5 2 3 4 9 4 9
370 7 6 2 8 9 5 8 8 4 7
195 4 1 4 4 7 9 6 1 2 2
309 4 4 6 3 2 4 8 8 1 9
278 3 2 9 1 7 4 6 9 3 5
10
313 7 9 9 6 7 4 3 3 3 5
317 4 3 9 7 4 3 4 6 9 7
241 6 6 3 1 4 2 6 8 1 4
342 7 1 1 5 3 9 4 9 8 8
304 9 9 2 3 2 5 2 1 9 7
319 6 7 2 9 8 4 7 2 9 3
291 9 4 5 9 3 7 7 3 5 3
311 4 8 3 4 3 9 7 4 9 1
305 1 5 6 9 1 4 4 2 9 9
236 2 1 7 6 3 3 1 3 7 6
10
355 6 9 3 1 1 3 2 7 9 8
277 5 4 4 8 8 7 5 2 6 3
345 9 8 7 3 3 7 7 6 3 6
251 3 6 7 2 5 6 7 1 1 8
369 4 7 9 5 7 7 2 7 6 9
207 6 2 8 9 4 5 1 6 1 1
294 4 3 9 5 8 8 3 1 5 7
343 2 4 1 6 3 5 9 7 8 9
293 4 3 5 5 1 8 5 7 1 7
235 4 7 1 5 4 3 6 1 5 5
10
290 4 6 5 9 8 2 8 7 5 1
282 5 1 7 2 8 2 6 7 9 3
277 4 3 2 3 7 6 6 2 7 7
275 4 6 3 5 6 7 1 3 3 7
400 1 9 8 5 5 8 8 9 6 6
258 4 1 6 8 8 4 8 5 6 2
272 8 5 8 1 1 3 9 1 5 5
339 4 8 1 9 8 7 5 1 6 9
311 2 5 2 8 8 2 8 7 2 9
261 6 4 3 3 3 1 2 4 7 8
10
234 8 1 3 1 9 1 8 3 1 8
229 3 3 9 2 7 2 7 2 2 7
313 4 6 1 3 1 7 4 4 8 8
275 8 6 5 9 1 2 4 8 3 2
328 4 5 7 5 2 2 3 7 8 7
230 4 1 4 1 3 1 7 2 5 9
342 1 8 2 6 8 3 9 8 9 3
218 1 1 5 4 5 5 6 3 7 3
268 9 7 8 7 5 2 2 2 6 1
269 8 7 3 1 9 3 5 4 1 6
10
311 4 9 3 7 1 9 1 4 7 2
282 4 6 9 1 9 1 4 1 9 8
355 4 8 8 2 1 9 7 1 8 8
347 9 1 7 7 4 8 9 9 1 7
278 7 4 4 6 3 4 7 5 9 2
335 8 7 9 5 4 8 7 4 2 6
223 2 8 9 4 5 1 2 2 7 1
278 6 5 4 7 7 5 6 4 2 6
260 8 5 7 1 6 2 3 9 3 2
173 7 2 6 5 2 1 1 2 6 2
10
335 7 8 3 9 2 4 8 4 3 8
331 6 9 7 9 9 3 7 1 4 8
334 2 9 1 1 5 6 1 7 9 6
248 1 5 3 3 4 2 4 4 7 5
301 2 1 1 8 8 6 8 9 8 1
296 9 1 6 8 4 8 1 5 4 6
297 1 2 1 6 5 6 8 9 1 8
269 7 4 1 7 1 8 8 4 4 2
309 7 4 5 4 6 8 6 3 3 7
226 3 2 4 3 8 3 3 4 3 7
10
265 6 7 7 1 1 3 3 3 2 8
216 7 3 3 4 4 1 3 4 3 4
262 7 4 2 5 1 3 5 3 3 9
368 3 5 2 4 8 8 8 9 5 9
213 1 5 7 3 5 7 5 2 5 1
342 3 4 3 1 9 5 9 8 8 6
281 4 6 3 3 2 1 8 3 9 5
311 6 6 5 4 7 9 2 7 4 4
313 3 8 2 6 2 8 6 4 4 6
226 1 4 4 3 4 6 4 5 5 3
10
270 7 4 9 7 3 9 1 1 7 2
339 8 2 4 9 5 6 3 8 6 7
312 6 8 3 2 3 6 9 5 1 8
362 3 9 9 2 5 2 7 6 7 9
337 8 7 5 8 6 6 7 3 3 6
273 3 8 4 9 9 1 2 8 1 5
337 7 8 8 2 3 1 1 8 8 6
307 6 4 4 2 3 7 7 3 6 9
286 6 8 1 3 2 4 9 6 1 4
233 2 1 2 6 5 2 8 6 2 7
10
278 9 8 9 5 5 3 3 1 4 4
313 2 5 8 6 7 6 9 4 2 8
283 1 2 5 7 7 9 4 6 8 2
190 5 2 9 4 6 1 8 3 3 1
127 3 3 2 4 8 1 2 1 2 1
296 8 9 4 3 5 5 2 3 7 5
324 4 5 7 2 5 8 8 8 5 5
240 4 5 3 1 9 4 1 4 1 8
298 1 8 2 6 3 8 1 7 7 2
277 5 1 3 4 3 8 8 2 6 8
10
190 8 1 5 1 6 7 5 1 1 4
239 8 1 2 3 4 3 1 7 6 5
259 1 3 6 4 1 1 3 4 5 9
330 9 3 9 8 9 2 2 6 7 8
291 1 3 3 5 1 1 3 6 9 9
283 4 3 2 7 6 7 7 4 1 9
340 9 8 4 2 5 6 8 3 7 5
258 4 6 9 2 3 6 6 1 9 2
294 4 9 1 8 4 1 8 6 5 3
322 1 9 8 3 8 4 3 7 8 4
10
327 1 4 2 8 9 1 9 9 3 9
260 7 2 4 1 2 5 9 2 8 5
246 7 7 6 1 5 1 6 8 3 1
265 8 6 2 3 2 2 5 2 7 5
274 1 3 3 8 7 3 1 5 9 5
287 2 5 7 1 8 5 7 5 1 8
322 3 1 4 9 7 9 4 4 7 9
366 7 6 5 4 4 7 9 6 9 4
247 7 4 3 8 3 7 4 1 4 5
224 7 6 3 7 2 1 8 2 4 2
10
277 3 9 9 3 2 2 3 6 2 7
297 8 1 5 6 8 6 5 9 7 1
277 4 6 4 1 6 3 6 9 8 1
352 7 7 6 5 5 4 6 7 3 8
284 3 5 5 3 5 1 6 3 5 9
218 1 1 2 6 5 3 4 6 3 5
350 2 5 2 5 5 9 8 9 9 3
324 3 9 4 6 7 6 4 1 4 9
254 1 1 2 1 2 8 6 9 8 1
256 6 1 8 7 3 7 5 5 5 2
10
213 3 5 8 2 1 3 4 2 9 1
329 4 4 5 8 6 8 2 5 6 7
285 5 4 8 7 4 1 2 8 1 8
289 5 1 3 5 6 6 6 7 6 6
281 1 4 4 7 2 5 9 6 6 2
337 9 5 8 9 4 1 4 7 5 7
255 8 3 3 4 2 2 9 4 1 8
349 7 8 1 6 5 4 6 4 9 8
314 2 7 6 8 5 6 8 2 6 4
258 1 1 5 6 6 6 9 3 1 8
10
250 1 3 5 8 3 1 8 7 6 1
333 1 9 3 6 9 1 4 8 5 9
323 8 5 1 8 6 2 6 9 4 7
278 9 4 3 9 2 9 9 3 2 1
286 9 4 5 7 9 1 4 2 5 9
344 4 9 1 9 6 9 3 4 5 6
211 3 5 8 3 5 2 3 1 1 6
271 6 5 6 1 8 2 2 7 8 2
288 8 2 9 9 6 8 1 6 3 2
311 8 5 1 8 4 7 2 8 4 3
10
323 3 4 1 7 3 4 6 8 7 7
311 3 5 4 7 9 9 3 5 8 2
312 6 1 9 4 9 1 6 5 7 9
317 4 2 9 5 8 8 2 9 1 8
275 6 8 1 4 1 6 4 3 5 3
370 7 7 5 5 8 6 7 8 6 5
371 9 9 8 5 8 7 9 3 7 3
330 4 7 2 2 8 3 6 8 9 5
311 6 8 1 2 6 7 9 9 4 2
292 3 8 9 4 9 8 1 3 5 4
10
331 9 7 1 4 2 4 2 9 6 7
262 7 3 1 9 9 1 9 2 9 2
258 9 4 6 8 7 3 8 3 6 1
255 2 2 8 2 1 5 4 1 9 7
259 6 5 5 3 5 4 6 1 6 6
272 7 6 1 4 4 1 7 7 6 1
254 8 1 7 3 1 4 4 1 6 8
321 7 7 6 8 4 3 1 1 9 7
248 1 2 1 7 4 4 3 2 6 9
321 9 5 8 7 5 8 4 1 4 6
10
318 1 2 7 8 5 2 1 9 9 8
312 3 2 8 8 7 9 2 9 9 1
288 4 6 5 9 1 4 4 7 8 2
297 4 6 9 1 3 9 9 1 3 7
321 6 8 7 7 5 8 5 1 2 7
312 9 3 2 8 5 7 2 7 7 4
294 4 8 7 1 5 4 1 2 5 8
263 9 1 7 2 8 4 9 3 4 5
341 2 8 7 6 4 5 2 5 8 8
300 1 4 5 9 5 7 6 7 1 7
10
316 3 7 8 7 4 4 2 7 9 4
321 5 7 3 6 2 6 3 5 3 8
301 7 5 3 7 1 8 5 2 6 6
333 7 1 2 2 9 5 3 9 9 9
305 4 3 1 2 7 4 5 7 7 7
260 1 6 1 5 5 5 1 9 8 1
340 4 9 8 1 1 7 9 9 6 3
245 1 2 8 7 1 1 2 9 2 7
379 9 9 7 5 4 2 4 9 6 7
287 8 8 2 9 9 1 4 2 4 7
10
211 2 4 3 1 8 3 5 2 7 4
252 4 4 9 5 2 8 5 2 4 2
250 3 6 7 1 1 2 3 4 3 7
245 4 4 2 5 3 1 8 3 7 3
283 7 7 1 9 1 9 3 6 2 3
393 8 6 5 9 7 5 9 7 8 6
276 5 1 2 8 6 6 6 4 9 3
239 8 4 5 7 6 1 3 4 6 1
292 4 5 8 8 3 6 5 9 2 2
176 2 1 5 9 2 8 1 1 1 2
10
270 9 4 2 2 4 3 4 7 4 6
239 4 3 3 2 1 5 5 9 3 2
313 7 8 6 8 2 8 2 2 4 7
164 2 5 4 5 2 4 2 3 2 1
286 4 7 8 2 5 3 3 4 1 9
287 1 9 1 1 3 7 9 3 8 2
256 4 9 6 4 6 2 3 5 3 1
361 9 8 9 7 7 9 5 9 1 2
340 7 6 1 5 6 7 9 8 5 5
326 7 3 4 2 9 9 7 3 5 9
10
294 6 8 2 1 1 8 7 8 1 5
330 6 6 4 6 3 8 6 5 5 5
294 9 6 9 9 5 1 9 2 3 5
312 6 3 6 7 2 8 9 6 6 3
247 1 5 3 9 6 4 3 6 4 2
320 7 2 9 7 2 1 7 4 9 8
330 5 9 5 6 8 5 3 5 5 6
275 6 6 6 8 2 1 4 6 6 2
260 7 7 6 3 5 3 2 6 2 3
244 1 8 5 9 2 7 2 3 1 2
10
313 2 8 6 7 4 9 1 7 5 1
218 1 3 8 7 2 6 9 1 5 2
299 7 9 8 2 1 2 5 1 9 4
307 9 6 3 2 2 5 6 8 8 3
273 3 4 2 7 5 4 4 5 5 6
336 9 1 6 8 9 7 7 8 7 4
242 2 3 7 6 2 2 5 4 6 3
237 9 3 7 6 6 2 9 3 2 3
384 9 7 6 6 2 6 6 9 5 7
271 9 1 9 5 9 4 2 2 4 9
10
207 5 1 2 7 6 4 3 4 1 4
329 2 2 4 9 1 9 3 9 7 7
379 2 7 5 3 1 9 1 8 9 9
336 4 4 2 6 4 9 3 9 3 7
305 5 5 6 8 9 8 5 6 6 2
413 5 9 3 6 5 8 9 9 9 5
240 9 4 1 5 1 5 3 5 2 3
353 2 5 6 5 3 4 9 8 7 9
226 3 4 9 2 4 5 4 6 3 2
241 3 3 8 2 8 3 6 3 1 7
10
306 6 2 2 8 7 8 9 5 4 6
245 1 7 5 1 3 1 1 1 5 9
311 5 8 5 7 9 3 3 8 3 4
282 5 9 1 2 5 2 9 4 5 5
256 6 7 3 1 7 5 8 2 1 4
315 2 9 9 7 7 3 1 6 7 2
267 2 8 8 7 9 1 6 1 2 8
346 6 2 5 9 3 7 2 9 9 4
346 9 4 8 1 7 9 5 8 8 2
243 5 2 6 2 9 5 2 6 7 1
10
316 8 9 6 8 2 2 4 3 9 3
228 1 1 7 8 3 5 7 3 8 2
286 7 4 7 8 1 8 6 2 6 4
272 7 4 4 6 5 9 4 6 4 1
328 9 7 8 6 7 9 3 5 2 3
228 3 2 9 1 7 4 4 6 5 3
359 6 9 5 7 8 9 7 3 6 5
379 9 7 3 9 2 8 5 6 9 5
275 6 6 1 7 8 2 3 5 7 2
236 2 2 4 1 1 5 1 8 2 6
10
333 2 4 8 1 6 1 8 8 8 8
276 6 7 2 3 4 5 2 3 9 4
250 2 4 7 5 2 1 1 9 8 1
240 8 4 3 4 7 1 7 1 9 2
341 9 5 1 9 7 7 7 3 5 6
271 7 5 7 9 2 2 3 4 6 4
323 6 7 7 5 8 1 3 7 6 5
281 7 5 8 6 7 1 5 4 9 3
305 9 9 5 6 8 2 6 1 8 4
227 3 1 1 1 4 5 8 6 6 2
10
292 1 8 6 1 1 7 2 4 6 7
260 1 5 5 2 1 9 9 3 3 4
351 8 8 7 9 1 4 3 3 9 6
310 5 9 3 4 3 8 6 4 4 4
316 1 7 6 9 1 2 3 8 3 9
235 6 3 8 3 6 1 4 7 5 1
395 3 2 8 8 9 9 8 9 6 9
229 6 7 3 3 3 6 2 1 5 1
247 2 1 2 6 4 5 1 7 5 5
260 4 5 2 8 4 5 2 6 1 4
10
336 7 9 3 9 2 4 2 2 9 6
261 7 3 5 3 7 7 4 6 4 1
295 9 2 5 3 2 9 4 3 6 7
305 4 8 6 9 5 1 9 6 7 1
382 7 8 8 9 4 1 3 7 9 8
207 1 1 4 4 6 8 1 5 5 1
279 1 8 4 7 3 2 3 4 6 7
254 1 2 7 3 4 9 7 6 1 5
320 5 2 5 8 1 7 1 5 8 9
298 5 4 2 1 8 9 8 6 1 7
10
217 9 2 2 9 4 5 2 3 2 2
378 1 3 9 8 2 6 8 9 8 9
300 2 4 3 6 6 1 9 3 7 9
318 7 6 8 5 7 5 2 7 9 1
291 1 9 5 7 9 1 7 5 6 4
284 2 4 4 6 6 1 7 9 6 3
327 9 9 7 9 8 1 3 8 5 2
346 5 6 8 7 6 9 3 8 6 4
220 7 5 7 5 2 2 7 4 2 2
267 3 8 1 1 1 3 3 8 6 5
10
302 5 1 6 3 8 2 7 8 8 6
332 5 4 7 4 4 7 2 6 4 9
350 8 9 8 2 7 2 8 7 2 9
278 7 5 7 1 7 3 3 8 6 2
307 7 9 7 1 1 2 1 8 2 8
318 3 9 3 2 3 7 5 2 5 9
315 8 5 5 8 8 5 3 4 3 9
331 8 5 8 7 4 8 6 6 2 5
370 7 7 6 8 9 8 8 9 1 5
309 6 5 7 5 4 9 5 6 5 2
10
244 7 7 5 3 1 4 3 1 8 3
266 1 3 8 8 8 6 1 4 2 8
335 9 8 5 7 6 4 7 7 1 4
347 3 9 6 5 7 3 5 3 9 7
449 8 9 8 7 4 7 8 6 8 9
251 1 4 6 3 5 3 1 2 8 8
247 6 5 9 3 5 5 5 2 4 3
295 4 5 6 2 4 7 4 6 1 7
200 4 3 7 4 3 3 8 2 2 4
276 8 2 2 7 4 4 8 7 3 4
10
221 1 4 2 1 6 4 1 7 1 5
260 1 3 6 3 9 9 5 5 4 3
385 9 6 3 9 9 8 6 7 4 9
351 3 3 8 6 8 9 5 9 6 5
250 5 7 3 2 6 3 9 1 1 8
266 9 1 3 3 2 6 7 2 9 4
334 6 9 3 5 6 6 6 5 8 2
370 4 6 2 6 7 7 9 2 9 9
311 1 8 8 7 8 7 5 2 2 9
240 4 1 6 8 5 1 4 4 1 9
10
306 2 9 8 6 2 3 4 1 5 8
338 9 9 2 3 9 5 1 6 9 4
302 2 7 9 7 1 9 2 4 1 7
311 8 8 6 6 8 6 5 2 7 2
283 5 6 2 8 2 9 6 7 4 1
332 8 5 8 1 2 8 6 6 5 8
285 7 2 6 3 6 9 9 3 3 7
324 7 8 4 3 5 2 7 5 8 6
304 5 7 5 3 5 7 9 2 6 3
270 9 6 8 5 2 9 2 3 1 3
