100 15
500 500 500 500 500 500 500 500 500 500 500 500 500 500 500
25
566 7 7 5 9 2 1 10 10 7 3 8 6 4 2 4
448 3 8 6 2 4 3 7 10 1 10 9 4 3 1 2
536 10 9 1 6 4 9 6 1 3 8 1 7 10 1 4
608 10 1 7 10 4 3 8 3 3 5 5 7 6 7 4
532 9 2 2 2 10 7 2 2 5 8 9 2 6 5 6
456 2 5 8 1 5 7 1 5 4 5 3 8 8 8 3
626 9 5 3 9 6 6 7 6 5 6 8 1 4 7 10
470 5 9 4 5 1 2 4 7 7 2 4 8 7 7 2
514 8 8 2 2 3 5 3 4 4 7 9 5 5 9 2
458 4 2 10 1 2 8 1 2 6 2 3 10 2 1 6
537 10 10 1 8 5 4 5 10 4 8 4 1 10 5 2
630 10 7 4 8 3 7 7 1 3 4 7 6 8 2 9
571 1 3 6 9 1 9 5 1 10 3 9 10 6 5 6
505 5 1 4 9 10 9 2 6 6 6 4 4 3 1 8
521 5 10 7 4 8 6 9 5 2 5 3 9 5 1 1
531 6 2 2 3 7 7 7 4 6 6 3 6 4 9 6
660 10 4 1 8 6 10 10 3 7 5 10 1 6 3 10
600 7 4 8 4 7 1 8 9 4 5 7 5 6 10 4
547 6 5 3 1 7 1 10 10 3 6 4 10 9 4 7
584 3 4 10 6 6 2 6 2 3 10 8 5 2 6 9
518 4 2 5 3 9 9 7 5 6 4 9 1 3 6 5
451 2 3 2 9 1 4 7 3 5 5 6 1 9 2 7
517 2 5 4 3 10 10 6 8 1 4 6 2 2 8 7
618 7 7 9 6 6 1 10 1 7 1 5 8 8 10 5
604 1 5 7 3 10 10 7 8 6 3 9 4 2 1 10
25
693 9 9 8 8 2 9 10 4 5 2 6 2 3 9 9
550 3 8 8 9 8 1 8 7 8 6 10 1 3 1 5
550 2 9 2 2 7 10 9 4 5 2 3 5 5 4 8
534 3 8 9 1 6 5 9 3 9 9 5 4 7 1 3
539 1 8 2 2 5 3 10 6 6 7 3 9 2 9 7
541 10 1 6 6 5 3 8 4 6 9 2 6 4 4 3
595 7 9 5 9 7 3 8 8 7 4 10 3 3 9 1
549 9 9 4 9 1 7 7 6 3 7 5 2 3 3 8
550 9 8 4 3 6 6 3 9 4 8 9 2 9 7 1
569 9 10 10 7 6 1 1 4 6 8 6 7 10 3 3
646 1 7 5 9 9 6 8 6 10 3 6 6 9 4 9
565 3 10 7 3 9 9 9 2 9 4 6 3 2 6 3
539 1 8 10 7 7 8 4 4 7 9 8 1 9 7 3
513 8 3 9 1 3 7 1 5 5 9 6 4 5 8 6
429 2 2 3 10 1 2 1 4 2 1 10 6 7 9 3
667 10 3 3 5 4 6 9 8 7 5 8 10 2 4 9
626 9 2 10 3 6 7 7 10 9 10 1 5 7 8 3
507 7 7 4 1 7 4 6 10 3 3 3 9 2 1 6
446 2 10 2 7 5 5 3 5 3 7 6 1 10 6 2
479 2 4 3 3 10 9 3 2 4 2 8 8 6 1 5
597 4 6 3 6 8 10 7 8 9 7 1 9 8 10 2
601 4 8 7 6 2 5 6 10 6 7 5 10 9 1 8
649 7 10 2 3 6 10 9 2 7 3 7 9 9 1 7
570 10 1 1 9 10 4 4 8 7 9 2 10 4 9 4
735 9 8 5 10 9 9 8 8 8 2 10 5 7 2 6
25
490 1 2 2 3 4 9 6 9 4 2 3 4 3 9 10
575 3 4 4 8 8 5 9 3 9 3 6 9 2 1 5
467 7 7 8 4 10 3 1 1 3 4 2 7 5 9 1
447 6 4 5 5 8 1 1 2 5 8 1 6 2 8 8
589 10 7 4 4 7 6 7 3 6 9 2 9 3 3 3
512 7 6 2 1 4 5 4 6 9 1 4 10 6 3 4
646 9 7 8 2 5 8 6 6 7 9 3 8 10 6 7
552 1 4 5 7 7 5 6 2 8 9 6 4 8 7 6
639 4 6 3 7 8 9 10 8 5 6 8 9 6 6 2
448 4 4 4 5 3 8 3 5 6 6 4 5 2 3 5
458 6 7 2 8 3 3 7 2 3 8 5 2 3 6 1
462 5 1 8 1 6 6 2 4 1 2 7 9 5 4 4
555 6 8 5 3 10 9 10 4 3 1 3 5 7 10 1
575 4 8 10 4 1 8 5 10 1 9 2 9 9 5 7
513 6 1 7 5 5 2 4 6 9 6 3 2 5 10 7
498 7 6 4 5 1 4 4 10 7 1 5 4 2 3 10
459 9 5 4 4 5 2 3 10 9 4 3 1 3 2 5
436 3 10 5 2 1 2 2 8 9 9 1 4 6 3 9
692 9 10 5 3 8 8 8 5 2 6 3 9 9 10 9
640 8 8 10 4 6 2 4 6 8 2 8 10 5 3 10
583 2 10 8 7 5 9 2 9 9 7 3 3 8 6 10
563 2 10 3 6 8 5 4 8 3 5 6 7 10 5 9
596 9 2 2 7 8 7 5 8 10 7 9 3 7 2 4
462 3 3 6 8 6 1 10 9 2 1 2 3 8 3 6
490 6 10 3 1 3 2 4 10 1 8 5 7 2 3 9
25
608 9 3 4 10 8 4 6 7 7 10 6 4 1 10 6
548 2 8 7 7 3 10 4 1 2 10 9 3 9 2 6
501 1 10 6 1 8 2 2 2 4 10 8 10 10 2 4
382 2 2 9 1 2 10 1 5 3 7 2 3 9 2 5
583 2 7 9 8 4 2 9 10 10 7 5 1 9 7 7
536 6 7 1 2 7 5 10 1 4 2 5 4 9 7 6
528 2 1 5 3 8 10 6 6 9 7 8 5 4 2 4
546 5 2 3 4 7 5 10 1 7 5 10 5 2 8 4
580 6 3 1 8 10 7 7 3 4 10 2 8 8 6 7
428 6 6 5 1 8 3 1 8 3 4 2 8 4 2 4
396 4 3 2 4 5 3 1 9 6 4 5 6 9 4 2
489 8 8 2 6 1 2 1 4 7 3 4 8 9 8 3
537 7 8 7 4 10 8 4 7 8 2 1 4 4 3 5
466 2 6 5 1 4 10 3 8 1 2 3 8 4 6 9
602 5 8 4 3 3 10 9 7 8 3 3 10 6 2 6
605 10 2 10 6 8 5 10 5 5 7 6 2 9 3 1
503 1 10 2 8 7 3 8 7 4 5 2 8 3 6 5
585 5 1 9 6 9 6 10 5 10 4 9 3 6 5 1
637 7 4 6 4 10 10 8 7 9 6 1 6 9 7 3
668 10 5 1 1 8 8 9 4 3 5 10 9 5 6 7
450 1 5 3 4 9 2 1 9 10 3 10 1 2 1 7
661 6 7 10 9 7 1 6 8 10 4 8 7 9 7 5
556 1 3 6 9 9 2 4 10 9 4 10 4 1 6 10
453 2 4 4 8 1 7 3 8 1 6 5 1 9 5 10
592 9 6 7 1 7 3 7 9 2 9 4 5 1 8 9
25
614 6 10 2 5 8 1 9 1 9 3 4 9 7 8 6
585 6 3 5 10 10 4 5 1 9 3 2 5 9 3 9
586 7 10 6 10 3 6 1 6 5 8 4 8 1 3 8
655 9 9 9 7 1 5 10 5 2 10 4 9 2 1 10
501 2 6 9 4 2 3 8 9 2 6 2 8 3 10 5
572 4 4 5 4 3 10 4 2 5 8 5 10 8 7 7
561 7 7 2 9 7 8 10 2 1 5 4 5 10 5 4
431 5 4 7 8 3 5 3 10 7 9 4 2 3 3 1
614 3 8 9 7 9 9 3 10 1 7 10 8 10 2 5
540 8 1 8 4 10 4 1 1 10 3 3 2 2 10 8
595 9 4 10 5 7 1 5 7 7 9 7 3 9 6 4
464 6 1 3 1 2 5 9 3 10 10 5 1 7 1 7
527 7 3 4 2 3 9 7 7 7 5 2 7 5 9 2
389 4 3 1 6 9 2 3 8 1 10 2 1 3 5 7
641 9 1 6 7 2 9 3 3 8 7 6 7 8 10 10
446 3 6 1 1 2 8 4 5 4 5 1 8 8 9 7
544 3 7 8 8 10 8 3 5 5 5 6 6 7 1 3
501 9 3 10 5 4 6 2 1 8 2 5 1 3 4 5
564 4 5 10 2 3 5 10 3 4 7 7 2 10 2 10
524 1 3 4 7 7 3 10 7 9 4 8 1 3 3 9
553 9 5 2 1 7 9 4 6 8 3 5 9 1 6 4
487 7 4 3 6 7 1 2 5 10 3 7 1 6 8 5
555 3 10 8 7 10 1 4 8 4 9 1 10 8 3 6
610 4 1 3 10 7 10 5 10 5 9 1 10 7 6 10
477 3 5 6 4 1 6 3 6 5 4 4 9 2 10 6
25
499 7 2 3 3 9 7 1 1 4 10 3 3 10 10 8
545 9 7 3 4 7 3 7 2 5 1 1 10 10 4 4
504 6 3 2 2 3 8 6 10 7 6 2 8 5 9 2
452 4 1 6 3 7 1 3 1 8 2 7 4 9 6 6
642 9 6 7 1 7 7 5 3 10 8 8 5 2 5 8
556 6 9 2 7 5 2 9 4 3 1 2 10 7 1 9
544 5 3 2 3 8 2 7 1 9 8 9 6 5 8 5
603 4 4 8 7 9 8 10 1 4 8 5 3 6 7 5
570 10 9 10 7 1 4 6 9 5 6 2 2 9 10 3
495 9 5 4 4 3 2 3 8 5 7 4 6 4 7 7
535 4 1 4 6 9 7 3 6 3 10 2 9 5 1 9
487 9 6 2 2 8 1 4 7 2 4 3 4 9 6 10
537 1 3 9 9 6 2 10 1 6 8 3 2 1 10 5
450 4 8 2 4 1 2 9 1 9 3 7 1 8 2 2
722 10 9 9 4 5 1 3 10 8 10 9 10 9 5 9
502 4 8 1 5 6 8 6 5 9 5 2 8 7 7 1
482 3 4 1 7 2 9 7 3 2 3 10 8 2 5 2
476 10 7 8 2 4 3 6 5 3 7 3 1 7 8 2
508 9 9 1 7 8 2 9 8 5 5 2 4 3 5 1
632 8 4 10 9 2 3 7 9 9 10 4 2 9 10 4
528 1 4 10 6 9 4 8 2 3 4 7 2 4 10 6
605 5 7 4 8 6 3 10 5 8 10 6 1 10 2 9
609 4 3 10 8 10 10 6 3 2 3 10 7 3 6 3
601 5 7 5 2 10 1 7 8 6 8 10 3 3 8 7
685 5 10 10 2 9 10 8 8 10 4 8 9 6 1 5
25
484 6 6 2 10 9 2 1 7 9 4 6 3 1 9 1
462 1 5 1 1 3 6 8 3 9 2 3 8 2 3 8
509 10 5 1 3 3 6 6 10 6 3 1 7 7 3 4
603 2 10 10 6 9 9 7 7 2 4 9 3 8 5 5
548 5 6 6 3 10 4 2 8 7 5 1 9 3 6 7
504 7 7 8 4 5 6 4 1 5 3 2 10 1 7 1
579 9 10 4 8 4 7 2 5 6 2 10 1 7 2 6
554 4 7 3 7 10 10 4 4 10 1 4 8 6 8 1
485 7 6 4 3 7 3 3 3 7 7 10 3 5 4 3
451 3 4 7 1 3 4 10 5 1 1 5 3 5 6 4
581 6 2 9 6 1 5 9 7 7 6 2 9 7 6 6
582 2 8 8 4 8 3 6 8 10 10 8 3 4 3 6
515 9 1 5 7 3 8 2 7 5 3 1 5 6 7 10
461 1 1 1 5 2 10 6 10 5 6 9 8 6 1 3
712 10 7 7 1 1 8 9 7 10 1 7 9 7 9 7
526 1 1 9 7 6 3 6 3 10 9 7 4 5 9 2
570 3 2 7 5 6 2 7 10 7 10 5 10 10 7 1
510 6 6 3 2 5 9 8 5 4 7 4 4 3 5 4
554 1 1 5 6 5 9 9 6 5 7 4 2 2 9 9
458 2 2 1 1 4 2 5 5 3 8 6 9 7 7 9
596 3 1 8 7 9 3 5 3 6 10 4 10 6 10 6
391 2 8 2 1 6 6 1 1 10 2 3 3 8 9 3
395 3 5 1 1 1 4 1 1 1 4 8 7 9 2 8
557 9 6 9 10 1 10 2 6 3 4 2 8 10 4 2
458 2 2 10 4 1 8 2 9 7 9 5 3 2 9 5
25
543 6 3 8 7 3 9 4 6 4 3 5 4 10 3 7
565 8 10 4 5 5 1 5 2 5 9 9 3 2 10 4
482 6 1 2 9 5 7 1 7 10 7 2 6 8 2 7
584 9 10 10 6 3 8 1 4 10 3 6 1 6 6 8
497 10 2 8 5 6 2 6 5 4 2 5 3 9 3 3
640 7 9 10 3 5 8 5 3 3 4 5 9 8 3 8
464 4 10 2 5 2 2 7 9 1 9 8 5 7 3 3
564 7 7 3 7 10 10 6 8 6 9 2 1 2 9 3
608 1 10 7 9 6 4 6 9 10 7 5 8 8 8 2
556 2 9 6 9 1 1 8 7 9 6 3 6 3 8 6
586 6 6 1 9 6 8 5 9 4 1 2 10 10 10 3
493 4 8 5 10 6 1 5 8 2 1 7 2 4 4 5
697 10 9 8 7 7 7 9 2 4 9 9 9 3 5 4
487 8 9 2 2 3 4 1 1 7 3 9 1 10 4 10
666 6 10 9 10 7 7 5 8 10 10 3 4 4 8 4
457 4 4 7 5 6 5 2 10 7 3 8 6 2 2 1
574 9 3 10 5 10 7 2 5 9 7 6 3 6 6 3
475 9 6 1 3 2 1 6 3 8 3 5 4 7 4 5
469 2 2 2 6 7 1 2 7 9 10 5 7 1 9 4
581 9 10 1 5 2 9 6 2 2 8 8 9 8 7 3
581 10 10 5 8 4 3 7 1 6 5 4 7 1 10 3
696 9 8 7 9 7 7 9 2 9 7 6 8 6 4 4
534 4 5 4 6 10 2 9 2 10 6 2 9 2 5 2
489 3 7 8 5 2 5 3 5 8 3 2 2 2 10 7
497 3 2 7 7 7 8 3 1 5 2 3 9 8 6 5
25
537 9 5 8 4 3 10 5 1 8 4 3 4 8 1 4
590 7 10 8 8 8 9 4 6 4 8 7 1 4 5 5
383 2 4 5 5 7 6 1 7 2 6 1 7 4 5 2
541 1 1 9 10 9 6 8 2 3 3 4 3 4 8 9
554 7 10 4 5 4 4 6 5 5 6 8 1 5 6 9
490 6 5 8 7 4 8 2 4 2 4 1 7 1 9 4
610 1 3 8 3 10 10 3 6 7 5 8 10 4 8 7
388 1 3 2 4 2 6 8 2 4 2 1 6 2 6 4
562 8 8 1 3 2 7 1 10 9 10 2 10 6 10 8
453 5 10 10 2 2 4 1 6 6 1 5 2 10 1 5
540 2 9 3 9 4 9 6 3 2 3 7 3 6 10 8
552 4 10 4 7 5 6 10 10 6 1 6 5 2 3 2
557 8 5 5 10 4 5 10 5 3 5 2 9 4 8 1
522 3 4 5 6 9 2 4 7 10 7 2 7 4 7 8
594 9 10 2 4 1 2 10 3 3 3 10 10 8 5 3
553 9 6 1 8 2 8 9 6 7 5 2 1 5 8 5
698 9 4 5 1 9 7 10 7 8 10 9 7 6 3 6
544 7 7 6 10 10 5 1 1 1 7 10 7 1 1 5
781 10 8 10 10 10 8 8 10 7 3 8 6 9 6 6
523 8 7 7 7 1 3 2 4 2 5 2 8 9 6 10
505 10 10 8 3 1 2 10 5 7 4 2 3 5 2 3
532 1 1 10 7 10 9 4 5 6 4 6 5 10 5 3
594 10 3 7 6 6 6 10 8 9 10 2 2 10 5 3
510 7 10 10 1 3 1 6 8 3 2 3 10 7 7 3
672 7 9 6 6 5 9 10 5 2 6 2 5 10 6 10
25
584 3 9 5 6 1 1 10 9 8 7 7 6 3 6 9
621 10 10 9 2 8 3 9 7 2 10 5 2 8 9 6
589 7 6 4 7 2 10 8 8 10 8 2 1 1 6 10
654 6 6 8 10 1 4 4 8 10 8 8 7 4 9 7
591 7 1 6 10 3 8 9 10 6 9 1 5 6 1 6
550 5 9 8 7 8 4 2 5 8 6 4 2 4 10 5
650 8 8 5 2 5 4 10 5 7 10 8 9 2 4 7
585 1 10 9 10 9 8 2 10 10 8 6 2 6 7 2
499 5 1 2 9 3 7 3 8 9 9 1 10 4 7 3
527 4 1 10 6 5 9 3 8 3 4 5 2 2 2 10
564 7 9 4 5 1 6 3 8 7 7 2 9 8 9 6
659 4 7 9 5 8 5 7 1 10 8 9 4 2 8 7
528 4 4 4 7 5 6 5 3 6 8 3 9 3 5 8
520 9 4 10 1 2 1 2 5 5 6 10 1 3 4 9
544 1 9 3 7 9 7 3 9 5 2 9 3 2 8 10
399 4 5 9 1 8 6 3 3 4 2 1 2 2 3 7
560 10 10 7 9 7 4 3 7 1 10 2 7 1 2 3
491 4 3 4 6 10 7 6 4 1 10 7 1 9 4 2
389 2 4 6 1 8 2 2 3 1 4 9 2 3 2 7
498 4 8 9 1 2 6 2 6 1 9 1 4 10 5 10
471 6 9 6 5 1 1 5 6 5 8 5 2 3 9 5
577 5 10 2 9 1 1 10 3 7 1 9 9 4 1 6
627 10 10 1 9 1 3 10 6 5 3 6 6 9 4 6
457 2 10 5 7 3 3 8 4 7 6 1 1 3 6 5
590 10 10 1 4 3 3 3 9 3 7 4 7 8 9 10
25
510 8 10 3 2 2 9 3 9 2 10 4 4 6 4 4
505 2 2 3 6 5 5 10 10 7 3 4 4 6 10 5
627 8 9 9 9 1 10 7 1 3 9 3 8 3 7 3
560 2 8 4 4 10 5 3 9 9 9 10 10 2 4 4
610 9 3 5 1 9 2 7 9 5 9 7 10 6 8 5
555 2 7 6 2 3 9 10 5 9 10 6 5 5 2 5
526 2 6 10 1 4 6 5 9 7 5 9 9 9 5 1
659 4 4 5 10 4 8 10 1 7 4 9 8 5 9 4
497 3 1 7 8 10 9 10 8 3 6 1 1 6 3 4
510 9 2 1 5 7 5 8 5 7 7 4 5 4 3 1
563 8 6 3 9 2 6 1 5 6 5 5 10 2 10 6
546 2 5 2 9 7 10 7 6 4 3 6 10 3 9 1
668 8 4 6 7 10 7 10 3 4 10 4 1 5 5 10
648 8 6 9 1 10 8 8 4 9 3 7 7 4 1 8
477 3 1 1 4 8 6 4 7 10 10 3 6 8 4 3
568 4 8 9 9 2 1 4 3 10 8 4 10 1 4 6
553 9 4 4 8 1 6 3 10 7 4 8 3 5 1 9
559 4 5 5 7 2 7 5 9 3 6 10 5 7 7 4
635 9 9 10 1 8 5 10 7 6 3 3 2 5 3 10
535 6 5 3 1 8 2 8 3 10 3 6 2 7 10 4
595 1 8 7 9 10 6 9 3 1 5 4 4 5 8 8
589 9 3 3 7 5 6 2 4 4 5 8 8 5 3 9
530 7 5 8 5 2 1 8 7 1 8 6 8 10 7 1
596 6 10 5 8 3 10 1 8 3 6 9 9 4 8 3
509 2 2 1 8 5 6 7 8 10 10 7 10 3 2 1
25
615 5 8 4 10 10 10 7 5 10 7 3 3 9 4 1
466 4 1 1 6 10 4 3 2 4 6 9 8 7 2 1
586 9 5 5 7 5 9 2 9 10 7 5 3 1 10 6
535 2 8 3 7 9 8 2 3 8 8 1 8 6 5 7
541 7 2 1 9 1 8 7 2 6 3 2 10 4 10 2
530 1 1 4 6 2 7 9 1 10 7 10 2 1 4 6
499 5 1 3 3 4 9 4 3 5 1 7 10 4 1 7
369 4 5 3 3 4 4 2 4 3 1 9 2 5 2 1
431 2 10 3 4 7 10 2 6 5 1 1 7 1 6 3
625 10 3 7 4 5 10 5 7 5 3 8 10 2 3 7
570 7 1 9 10 1 8 8 4 9 2 4 1 5 10 3
506 5 1 2 1 10 1 8 5 7 2 8 9 6 4 2
437 2 7 5 5 9 1 9 4 6 5 1 5 4 5 2
459 2 6 9 10 7 7 1 8 1 9 6 1 7 2 3
510 9 1 9 4 2 2 2 3 6 8 6 1 1 7 9
552 2 6 8 2 1 5 8 10 9 9 5 6 4 10 4
524 4 2 10 9 4 2 3 5 8 8 5 5 3 9 6
505 9 4 2 5 9 7 1 10 2 5 9 7 1 9 1
535 7 6 5 7 2 5 2 2 1 10 6 10 6 10 5
541 10 2 3 4 5 8 9 2 7 1 1 10 3 6 3
578 7 2 5 6 7 2 3 9 8 4 10 8 1 3 9
568 4 7 4 3 7 9 7 7 4 10 7 1 8 2 7
513 8 10 2 6 1 3 4 9 9 8 3 6 1 3 4
421 1 8 2 10 6 6 1 2 2 6 1 10 5 5 3
435 2 7 1 3 7 7 1 2 10 6 7 9 3 2 1
25
597 7 7 4 3 7 6 8 1 8 8 8 8 2 5 5
590 2 3 6 3 6 7 9 8 3 5 1 10 3 9 10
554 4 1 10 8 2 8 6 4 7 10 2 3 1 3 10
646 5 5 4 10 1 4 10 5 6 9 5 10 7 9 7
477 9 9 9 3 1 4 3 3 1 4 1 4 1 9 6
645 10 7 10 1 9 1 8 2 9 10 2 10 2 2 9
720 6 4 9 9 9 8 8 10 2 5 9 9 9 9 5
551 4 9 9 5 7 6 3 7 1 8 5 7 10 5 5
406 5 2 1 4 8 5 5 8 10 6 1 3 1 2 4
485 5 5 6 6 2 5 9 6 2 1 3 10 8 5 1
598 8 9 2 7 1 4 10 1 6 5 5 5 8 4 10
543 5 4 7 5 3 9 8 2 10 7 3 4 4 5 2
565 3 2 3 3 8 10 6 6 3 9 10 2 4 10 7
445 8 5 7 2 5 2 1 10 3 10 1 1 6 7 7
617 5 4 1 9 9 8 8 9 8 4 2 9 5 9 6
582 1 8 3 9 10 10 8 6 8 9 2 1 9 8 7
599 9 5 7 9 4 7 4 9 9 7 3 1 2 5 9
537 2 4 7 1 2 7 9 9 6 8 10 2 5 4 8
587 2 4 8 6 5 7 7 7 5 9 7 5 6 7 5
577 5 2 10 1 5 8 8 2 5 1 7 5 9 6 6
512 5 5 1 4 1 9 6 4 7 9 1 7 1 6 9
646 10 5 8 8 3 8 7 2 10 9 2 2 2 8 7
540 2 6 7 1 8 7 7 8 2 9 7 8 8 1 7
577 10 5 1 3 9 9 7 6 4 9 10 4 1 8 1
593 8 2 10 1 5 4 4 3 9 8 10 8 2 10 4
25
471 3 9 9 1 2 10 1 4 3 9 8 5 2 2 3
573 9 4 8 9 1 9 10 1 1 9 4 6 6 1 3
559 10 6 5 10 3 1 1 4 6 3 1 10 6 6 10
603 10 10 3 2 9 5 3 10 5 6 8 6 3 4 10
382 5 4 4 1 4 9 4 5 3 6 3 2 6 1 3
635 2 10 7 5 2 5 9 3 6 1 10 6 9 6 9
618 9 10 2 2 7 9 3 7 8 9 5 10 6 5 6
578 10 1 7 7 10 1 9 7 5 7 8 3 4 8 2
591 3 8 4 10 7 9 10 3 4 7 3 9 3 8 2
508 8 3 3 1 1 4 7 4 8 7 8 1 2 4 7
506 10 7 4 7 1 5 4 3 9 1 1 3 3 4 7
508 2 4 9 6 2 1 10 10 3 9 5 6 1 8 2
456 6 8 1 7 7 7 1 6 9 9 7 3 2 1 2
639 9 3 10 10 10 7 6 10 8 10 2 4 8 2 3
343 1 1 6 3 3 2 2 7 1 1 5 8 1 9 2
614 10 5 8 7 3 7 10 8 6 9 4 4 7 2 5
601 1 5 10 9 10 7 9 9 3 5 7 1 2 4 10
474 3 2 10 3 4 7 5 3 1 8 7 3 6 10 4
429 4 8 1 2 8 1 2 7 6 4 9 9 1 2 1
641 1 10 7 9 4 1 9 7 9 3 8 10 9 8 4
651 8 2 8 9 2 10 8 7 9 4 5 4 5 5 8
641 8 2 6 3 7 10 9 3 9 9 8 4 10 10 1
546 6 10 3 4 5 2 8 4 8 9 7 5 10 7 1
544 7 3 9 7 7 2 1 4 10 5 10 7 6 8 1
649 4 6 9 10 6 9 5 1 5 10 7 10 2 10 3
25
489 7 3 2 5 1 9 1 2 6 4 4 4 2 7 9
438 2 1 2 3 3 6 7 6 7 5 5 7 6 1 3
423 2 5 3 1 2 7 2 10 7 3 4 3 5 9 5
477 2 3 1 1 10 7 6 8 6 3 2 10 6 5 5
650 4 7 10 7 10 8 8 5 7 10 4 8 6 6 4
546 1 10 7 4 7 2 7 7 1 3 2 9 8 10 8
555 9 9 2 10 5 2 4 9 3 5 4 5 3 10 7
582 1 7 6 1 8 9 9 8 2 10 1 9 9 6 6
534 1 8 8 9 5 10 2 8 2 8 8 8 6 4 1
646 7 10 8 3 10 1 9 8 6 8 5 10 3 8 1
497 6 1 3 1 8 9 5 9 4 4 2 7 2 7 4
624 6 7 10 10 7 6 5 7 9 8 6 2 4 10 5
492 6 6 6 3 5 5 6 9 10 1 2 3 4 6 4
521 10 2 9 9 2 9 1 1 1 9 4 9 1 4 1
640 5 3 3 9 7 7 4 2 2 4 10 9 7 9 10
498 5 1 4 6 1 6 9 4 7 1 10 5 8 1 4
499 2 3 6 2 9 7 5 4 10 3 3 1 3 8 10
506 10 4 1 3 4 2 4 10 10 4 3 2 6 6 9
520 5 2 8 1 6 9 10 8 6 2 4 2 9 3 3
577 10 9 1 10 7 3 10 8 3 9 4 7 5 5 1
492 3 4 4 4 4 9 6 7 4 6 7 4 2 7 5
522 6 2 3 1 9 4 3 5 5 7 3 10 9 4 9
594 6 9 2 2 10 6 6 5 3 6 5 5 1 10 10
484 6 8 4 4 3 3 7 4 3 4 3 7 2 2 9
563 3 4 2 3 10 9 5 1 9 9 7 7 4 6 6
25
564 10 2 4 10 9 10 1 2 9 3 4 6 3 4 2
519 7 9 6 7 9 4 3 3 4 6 3 6 7 5 3
557 3 9 10 2 10 8 10 2 6 3 1 5 2 1 8
525 9 1 5 6 10 7 4 3 7 4 1 5 5 6 5
546 6 10 8 7 3 8 4 10 3 6 4 1 5 9 5
545 9 6 2 2 3 1 9 9 6 10 8 1 3 9 8
498 3 2 5 9 8 5 3 10 4 3 10 6 1 7 1
487 8 8 3 10 1 5 1 6 8 8 2 7 2 1 3
534 6 10 6 2 8 4 4 2 8 7 6 3 8 4 5
554 7 9 4 3 1 5 2 6 8 7 9 9 5 3 7
609 6 10 7 1 10 6 7 9 2 8 9 3 3 5 5
556 2 9 8 3 9 3 9 7 8 10 4 8 1 9 1
449 5 7 2 3 1 4 1 9 7 10 6 7 5 7 2
579 4 10 8 5 2 5 10 10 9 6 1 6 1 5 6
518 3 5 6 8 3 7 6 4 7 3 2 8 1 2 6
578 10 3 1 6 1 7 10 1 6 2 6 6 5 4 7
637 8 6 7 5 10 9 6 1 8 3 5 9 10 1 5
600 5 9 2 8 9 1 7 6 10 6 1 8 3 10 7
699 8 2 9 7 5 8 3 10 5 9 10 10 9 7 7
626 1 10 5 7 9 7 9 2 8 9 8 1 8 6 7
467 10 3 2 3 2 5 5 10 1 1 8 8 1 7 3
457 6 6 8 4 1 2 4 7 2 4 6 4 2 9 3
490 6 3 4 1 7 3 9 1 6 4 2 4 8 8 4
553 8 3 6 4 4 2 4 3 10 6 8 8 5 1 7
605 2 10 9 3 9 3 8 3 8 8 3 9 2 7 5
25
511 7 2 7 2 2 1 5 5 9 7 1 8 2 4 9
577 9 9 10 1 5 7 8 1 10 3 5 4 4 1 5
494 2 4 10 3 2 6 1 4 9 3 3 10 4 10 5
607 10 6 6 10 6 2 4 6 3 8 8 10 2 6 5
608 9 5 1 3 6 5 7 1 10 4 6 10 1 4 9
416 1 2 1 2 6 8 1 9 5 4 8 7 6 5 4
576 4 6 5 2 9 8 7 1 8 1 10 3 4 8 3
522 2 8 7 8 10 4 3 6 2 1 4 4 6 8 10
700 1 10 10 10 8 3 10 8 7 8 10 6 9 2 10
625 10 4 1 9 6 8 9 4 2 4 7 2 6 9 6
459 6 5 5 7 2 9 2 5 4 1 3 3 1 1 8
550 5 4 10 5 8 2 4 7 9 3 2 6 3 1 9
559 4 9 3 6 3 9 8 5 8 5 7 6 3 6 2
531 3 5 1 4 8 3 8 9 3 6 3 8 7 6 9
562 5 1 8 8 9 1 8 10 2 3 9 3 1 1 10
477 3 10 7 8 7 4 2 1 1 6 5 7 7 3 5
503 7 7 2 5 3 1 8 4 2 3 3 8 8 3 8
600 6 3 10 3 5 10 9 6 4 6 7 8 8 1 4
454 10 8 1 6 4 5 4 6 4 6 1 5 7 2 4
469 4 10 8 3 5 9 1 4 2 8 1 3 5 9 4
447 10 5 4 9 1 8 1 4 3 6 1 1 10 2 5
521 9 7 1 3 1 7 4 9 4 7 5 4 4 3 10
583 9 7 10 4 9 2 5 1 1 4 7 4 10 7 6
412 1 10 4 4 9 5 1 2 6 6 4 6 8 3 2
528 2 6 10 1 10 4 2 5 6 4 7 9 4 3 7
25
488 1 2 1 4 5 3 9 3 9 7 6 2 9 7 5
608 5 7 7 4 10 5 9 10 5 7 7 1 5 4 7
481 7 3 3 1 4 1 2 3 5 7 6 8 1 6 8
490 4 5 2 7 10 1 7 10 1 2 5 5 3 10 5
549 3 3 2 3 9 7 7 10 7 6 9 8 7 4 3
437 10 9 2 6 6 6 1 5 1 4 1 2 8 9 3
628 5 6 10 2 8 7 10 10 7 8 9 1 4 1 6
358 6 1 4 3 7 2 3 3 7 3 1 1 3 3 6
543 7 8 3 2 10 2 7 5 2 1 6 5 9 9 5
477 5 9 1 3 10 2 6 9 7 1 9 4 2 2 2
604 4 1 8 1 9 5 8 10 7 9 8 10 7 10 1
564 4 10 3 6 6 4 8 4 6 2 8 2 9 8 8
585 9 2 4 5 2 8 5 9 1 2 10 9 6 6 4
608 9 5 7 5 7 3 6 3 10 10 5 5 4 8 6
635 5 8 10 10 10 5 9 8 6 1 3 3 4 8 6
572 4 2 2 5 8 9 10 7 6 2 4 10 9 1 5
526 1 2 2 4 5 1 10 9 1 6 7 7 10 6 9
586 4 5 3 10 1 8 10 6 9 6 1 10 2 7 3
633 7 6 4 4 8 8 9 1 10 10 3 1 8 1 10
504 6 8 1 1 10 2 6 6 1 8 10 8 2 1 5
604 3 1 4 7 10 2 10 10 9 10 7 1 2 6 10
593 10 7 2 8 3 8 9 7 3 3 8 3 4 3 7
703 10 1 10 10 10 8 5 9 3 4 7 7 10 4 6
610 6 9 10 2 9 6 8 9 1 6 6 10 10 4 1
535 8 9 6 2 7 5 3 1 9 6 5 3 9 8 1
25
436 9 7 4 6 3 2 4 4 4 7 2 3 3 2 2
477 4 1 1 5 1 8 10 5 2 10 10 4 2 1 5
508 8 3 2 5 4 4 5 10 10 8 9 2 3 2 5
565 3 1 9 1 6 8 10 7 1 9 6 1 10 10 7
447 5 2 2 7 5 5 3 3 2 9 3 3 5 8 6
626 7 6 9 9 7 1 6 5 10 9 1 10 10 8 4
536 6 9 6 1 5 9 3 7 7 6 7 5 2 10 2
479 7 10 2 5 1 1 2 2 6 5 1 8 8 5 10
669 4 7 5 6 10 2 10 7 4 5 10 4 5 10 10
632 3 9 1 6 9 9 9 9 7 10 6 9 6 7 2
554 9 3 3 7 5 7 5 5 8 6 9 2 5 7 2
559 8 6 7 6 3 2 4 9 3 6 10 6 4 1 10
575 2 8 8 4 1 4 10 3 7 2 10 3 6 2 9
487 1 9 10 5 7 4 6 5 3 6 3 4 1 10 3
701 8 1 7 10 7 7 8 1 7 6 6 10 9 3 8
634 4 6 1 6 5 8 10 2 6 9 4 10 10 8 5
467 8 5 1 3 4 3 6 8 2 8 9 7 3 3 1
531 7 9 9 4 10 3 5 2 6 8 5 3 2 2 5
570 9 7 10 8 3 9 1 5 3 10 5 7 8 1 4
451 1 7 5 6 6 6 1 4 10 5 3 4 7 9 4
464 1 2 7 5 4 9 7 4 8 8 1 4 9 1 2
591 6 8 7 2 5 1 1 8 9 5 9 8 10 7 7
495 4 3 1 1 7 1 9 6 4 1 1 7 9 9 8
482 10 8 4 5 2 5 2 7 8 3 2 8 2 3 2
425 6 10 7 1 9 2 3 10 2 3 3 1 4 10 1
25
662 9 9 10 2 6 4 10 9 3 10 5 9 2 7 5
461 10 2 3 2 3 1 3 2 6 10 7 3 3 8 3
547 5 9 10 8 10 3 1 9 1 9 3 7 6 4 4
631 9 4 2 8 5 9 9 5 9 1 4 9 3 10 3
556 2 5 3 6 8 6 7 9 4 6 9 2 6 4 7
399 2 7 4 2 2 1 10 5 9 4 1 1 4 1 4
579 4 1 6 10 7 6 4 10 9 8 10 2 8 5 4
538 3 10 3 5 4 2 4 7 10 7 8 7 2 9 5
638 1 8 2 10 9 10 10 8 3 6 6 5 1 7 10
672 6 9 4 9 8 7 7 8 2 9 7 1 8 8 10
555 4 2 10 9 7 9 1 5 1 3 8 4 10 5 5
538 8 1 2 5 9 4 4 4 5 10 3 10 7 7 2
471 2 4 4 4 6 7 5 9 1 1 9 6 10 3 4
499 2 5 1 3 3 8 4 8 4 8 6 4 9 10 6
531 6 10 9 7 3 1 4 3 8 5 2 4 3 10 5
559 4 4 2 10 9 4 9 5 5 2 8 8 2 9 1
481 4 1 2 5 2 3 4 8 3 5 4 10 6 10 6
645 10 9 3 6 2 8 2 4 7 1 7 7 5 9 10
596 10 3 10 10 6 2 4 6 3 7 1 10 4 5 5
473 8 3 1 6 3 3 8 8 6 2 6 7 2 1 4
483 7 1 6 5 9 4 3 2 5 10 4 1 1 3 10
688 10 6 8 10 9 6 10 3 7 1 10 1 2 1 8
451 4 4 3 3 4 5 4 8 6 2 2 1 5 10 7
614 8 10 6 7 2 7 9 8 4 9 2 1 7 7 10
621 6 9 1 10 7 7 3 5 1 2 9 10 2 10 9
25
464 5 10 5 7 10 8 4 4 4 5 1 1 6 3 1
593 8 10 2 7 4 10 8 5 6 10 1 4 4 7 5
628 10 5 3 9 10 5 3 5 8 10 5 9 9 3 2
602 2 1 9 3 4 8 9 5 1 7 10 7 5 9 7
578 2 5 1 7 4 6 9 1 6 5 10 6 7 3 10
484 4 3 6 3 6 5 3 8 9 1 8 1 8 6 5
464 6 2 6 3 8 3 1 4 10 10 2 6 2 2 5
522 4 10 10 8 1 4 9 1 1 9 1 1 2 4 8
497 4 2 5 5 4 3 3 1 4 5 9 5 8 5 8
700 2 2 10 6 8 9 8 10 2 10 7 8 7 9 9
604 10 6 3 5 9 10 5 1 2 8 4 6 3 8 5
480 1 4 4 7 6 10 8 1 6 2 4 1 5 5 7
555 10 2 2 7 3 6 10 2 4 9 3 2 3 10 8
633 10 5 7 1 1 5 8 7 8 7 10 9 2 5 4
425 5 3 1 8 1 1 5 1 2 8 6 6 4 9 4
531 7 4 10 7 1 3 5 6 5 2 3 8 7 3 6
517 10 7 5 1 7 5 7 10 2 1 3 4 2 2 7
600 10 8 4 9 6 3 9 3 8 5 6 3 5 5 3
633 7 2 9 2 7 10 9 2 7 5 4 7 9 8 2
480 2 5 2 10 10 7 4 5 7 6 1 5 3 8 4
451 9 6 1 2 3 2 1 5 1 6 6 4 10 2 10
553 5 1 1 6 5 5 5 10 9 10 5 5 9 9 5
514 8 7 7 7 8 3 1 4 6 4 4 3 9 2 8
463 5 6 1 4 2 3 9 9 2 4 7 1 5 3 6
442 4 7 2 4 1 5 6 4 2 10 1 3 7 8 9
25
496 1 8 4 3 6 8 9 7 1 3 4 8 1 10 3
468 10 2 2 3 8 7 4 2 7 9 5 1 10 1 1
385 2 2 7 1 1 2 7 6 4 8 5 1 1 6 7
531 8 3 3 5 8 3 7 5 6 1 3 2 7 5 10
593 6 5 3 5 9 9 5 9 10 3 1 8 7 6 6
651 9 9 5 1 4 5 8 10 7 10 8 7 4 9 3
439 1 1 6 2 8 6 7 4 1 1 7 10 2 5 1
587 8 5 2 6 2 6 2 8 9 9 4 9 10 2 8
642 7 10 10 5 8 7 6 5 3 10 3 9 3 1 7
536 5 6 4 5 3 2 9 9 5 10 1 7 10 10 1
469 5 1 8 2 8 6 4 9 5 6 2 8 4 1 2
573 3 7 1 3 7 9 8 5 9 5 4 5 9 5 7
702 7 6 4 10 6 10 10 8 10 5 7 9 8 10 1
586 1 5 9 5 9 6 3 7 4 1 5 8 8 9 10
568 5 3 9 5 4 3 8 1 9 3 7 9 1 10 1
522 1 4 10 2 2 8 9 3 7 10 8 7 6 2 1
499 6 1 3 6 4 9 6 4 9 10 5 2 7 4 4
614 5 10 7 4 4 3 7 8 5 10 7 3 10 10 5
508 6 8 4 5 10 3 5 8 6 3 1 6 6 1 5
670 3 9 6 7 9 8 8 7 5 1 5 8 8 4 9
778 10 10 9 5 9 8 7 8 8 1 7 6 6 10 10
549 5 9 5 6 6 3 6 2 4 6 5 8 5 9 6
518 1 9 3 6 5 1 6 7 8 10 3 6 8 7 8
563 7 9 5 1 9 9 1 4 1 8 9 10 8 4 3
586 7 10 1 4 9 3 9 6 4 10 10 2 3 10 3
25
612 6 9 10 7 9 8 8 2 10 6 5 1 5 2 5
521 2 3 5 7 5 6 5 8 10 7 8 4 2 6 6
582 6 5 9 3 10 2 9 10 7 1 2 4 10 8 6
515 8 2 3 3 6 4 4 7 2 5 2 9 8 1 10
549 2 2 5 3 8 4 9 2 5 8 8 8 7 10 3
663 6 4 8 6 3 10 6 4 7 1 9 7 8 7 10
566 8 9 9 6 6 3 2 6 6 1 5 6 2 9 7
453 9 4 7 6 7 4 2 6 7 7 2 2 3 1 3
464 6 1 6 6 2 4 5 4 9 7 2 5 2 6 5
596 6 7 3 8 10 10 2 1 3 2 4 8 3 8 9
389 5 1 2 5 9 3 1 2 1 6 1 5 2 10 5
531 7 4 9 3 4 7 8 3 3 10 9 1 5 7 1
477 6 4 4 3 4 4 4 5 3 3 9 2 6 9 5
567 8 4 7 3 1 10 9 2 3 8 6 6 10 8 2
469 1 7 6 7 6 4 1 3 5 7 2 6 8 1 10
591 4 7 6 8 4 2 5 6 2 10 10 7 10 10 3
528 10 3 6 7 10 3 4 4 1 6 9 1 8 3 6
578 9 7 8 1 7 9 7 3 2 6 5 10 5 3 3
497 6 3 5 1 5 2 2 10 2 3 9 6 6 9 9
439 2 3 1 3 3 5 4 1 6 9 8 6 3 3 5
358 3 5 1 6 2 3 3 9 2 2 3 6 7 3 1
642 6 9 1 7 7 7 8 10 5 10 9 8 9 4 5
603 5 3 10 8 5 10 2 9 4 4 2 10 10 10 7
554 7 5 1 6 6 2 2 7 9 10 8 1 7 10 8
567 10 4 9 5 7 5 2 8 9 1 7 4 4 6 2
25
542 6 10 9 9 7 10 4 9 1 3 2 4 2 4 6
484 3 8 4 6 2 7 10 2 1 3 6 1 4 6 3
538 2 10 5 2 9 10 2 4 2 6 10 1 7 5 8
586 10 1 10 8 3 5 7 10 4 3 7 4 1 2 8
498 4 5 1 2 1 8 8 8 8 4 8 2 2 3 9
531 2 6 7 8 1 10 7 1 1 6 1 6 10 8 6
634 4 5 4 4 7 9 6 8 8 2 5 9 4 5 10
412 5 7 2 5 2 3 2 7 5 8 1 1 5 5 8
374 1 7 5 4 3 2 3 3 7 1 3 7 9 2 1
429 3 2 3 9 5 4 5 1 5 2 2 8 10 7 2
471 9 4 7 1 2 2 10 9 3 5 1 5 2 8 2
562 3 7 1 6 7 5 8 7 8 10 3 3 10 1 9
459 1 2 1 2 3 10 6 6 2 7 1 7 4 6 9
575 3 10 8 4 4 6 8 1 4 5 4 6 10 5 9
589 9 9 10 1 8 1 6 5 5 1 2 10 10 6 5
646 6 8 4 1 8 3 8 7 8 8 10 9 4 4 7
519 2 1 2 6 10 3 10 4 2 9 7 1 2 10 8
492 3 5 3 3 3 3 4 5 1 5 8 5 10 7 10
562 5 4 10 8 2 7 3 10 3 2 4 10 3 1 10
426 7 7 4 2 2 3 2 8 10 1 2 2 7 2 8
498 6 3 3 8 2 9 5 1 9 5 4 6 9 4 3
435 1 5 8 2 6 1 1 5 4 8 1 9 9 3 7
412 1 2 9 7 10 2 4 8 5 1 4 4 1 9 1
355 3 9 6 2 3 1 3 4 1 1 9 5 5 1 1
515 3 10 10 8 6 8 2 1 4 7 3 4 10 4 4
25
476 2 5 7 9 4 3 3 10 2 6 4 9 6 2 6
599 9 9 2 3 10 3 7 2 7 4 10 2 8 3 5
455 4 10 1 10 1 4 6 9 1 2 5 2 5 10 1
576 10 8 3 2 8 1 3 9 9 9 4 2 1 7 10
513 9 3 5 9 3 2 4 5 1 9 1 6 5 10 8
619 4 6 5 9 3 7 4 2 9 3 9 9 6 4 8
559 4 1 8 2 8 8 8 2 2 6 7 9 1 8 5
424 5 9 1 10 4 1 5 9 2 5 1 1 8 6 5
522 4 1 1 8 7 10 7 1 5 1 4 7 9 2 8
602 6 6 8 7 8 8 10 2 7 5 2 4 10 1 6
591 8 9 3 7 10 5 6 1 7 4 2 3 6 10 5
646 3 10 8 5 9 10 3 6 5 5 7 3 10 7 10
587 9 1 5 3 2 7 3 10 7 1 5 10 5 4 10
620 8 10 8 6 2 6 8 1 2 2 10 8 2 10 1
596 10 1 9 3 2 9 6 5 6 9 7 7 7 7 2
646 7 8 5 8 7 4 2 2 9 2 8 9 7 10 9
536 7 4 9 9 4 1 5 7 2 10 2 9 3 2 6
535 8 4 3 6 1 10 3 1 4 3 6 6 2 7 7
602 2 9 7 1 2 6 7 9 6 10 9 8 3 5 9
482 5 10 3 9 7 8 3 3 3 9 8 3 1 1 1
577 7 7 4 8 7 6 5 4 1 7 7 8 6 8 5
564 9 3 6 5 6 6 9 1 10 2 6 8 2 1 2
560 5 10 10 1 2 9 6 7 3 9 6 4 8 5 3
457 1 10 3 10 5 1 4 2 8 3 2 4 1 3 8
440 8 7 6 8 3 4 1 8 1 3 2 3 1 8 4
25
374 8 1 5 10 1 2 1 1 3 3 1 7 9 5 2
567 2 9 9 10 2 4 5 7 6 5 4 10 2 4 7
389 2 2 4 10 3 2 4 2 3 5 3 3 4 2 8
554 2 7 4 4 7 5 10 7 3 10 7 4 8 10 3
596 4 1 1 10 4 2 10 3 7 10 6 6 10 9 6
401 2 1 5 7 5 5 2 8 1 4 4 7 3 10 1
660 4 5 8 10 5 5 9 2 10 9 7 8 10 5 3
406 2 9 3 6 1 3 8 10 4 5 1 3 2 5 6
503 8 10 1 2 1 10 7 9 6 3 5 5 3 5 1
550 2 9 4 10 1 9 4 1 1 4 6 5 5 8 10
604 5 8 7 7 9 8 3 8 10 2 8 5 6 1 4
425 2 5 3 8 7 5 2 5 9 10 2 3 2 5 5
636 5 5 8 5 8 7 2 2 6 4 7 10 6 8 10
593 7 3 5 8 10 8 4 9 9 7 1 7 9 5 5
504 6 7 5 6 1 3 4 3 1 7 7 5 2 9 9
519 5 4 1 3 10 4 5 1 3 9 10 7 4 2 4
661 6 8 8 5 9 8 10 6 5 5 10 9 4 5 1
428 3 5 2 9 3 3 4 1 2 2 1 9 1 9 5
581 6 10 9 8 9 1 5 6 9 8 7 4 3 3 1
372 1 3 2 6 8 7 1 9 3 9 3 4 7 4 2
637 1 10 2 10 9 8 2 4 9 3 9 10 8 10 6
680 7 10 6 9 7 2 9 8 6 5 8 4 1 7 8
778 7 5 10 8 2 10 10 8 10 2 9 8 9 10 5
660 10 6 9 4 9 9 6 10 5 7 2 6 6 9 6
632 3 9 3 10 2 7 8 7 10 5 5 10 6 8 7
25
620 5 8 8 10 9 4 9 4 6 5 6 1 4 4 6
486 7 4 8 6 2 1 9 4 1 1 7 4 8 3 2
645 9 8 10 3 3 10 3 8 4 1 10 7 10 10 5
544 1 1 9 1 9 10 10 6 6 10 3 2 2 4 10
394 5 3 8 3 1 1 6 4 2 4 1 2 3 6 6
497 7 5 8 3 5 5 4 9 6 9 2 8 2 2 2
578 7 8 6 6 10 2 8 9 1 4 2 10 5 4 4
611 6 1 7 4 9 7 9 6 5 1 3 5 9 5 10
571 5 7 3 4 2 8 6 8 10 9 10 7 8 5 1
535 2 3 6 4 8 6 6 3 2 6 5 9 9 4 5
558 5 4 6 7 2 8 7 1 3 10 10 7 8 7 1
556 10 3 6 1 2 7 5 5 4 10 9 3 5 4 9
630 7 7 3 4 9 2 4 7 10 7 10 8 2 8 9
505 8 9 5 5 3 7 4 5 5 6 4 6 6 8 1
512 3 6 3 7 7 7 5 2 4 8 6 2 8 1 7
601 10 10 3 8 10 7 6 9 5 3 2 5 4 2 8
407 1 3 5 8 9 7 4 10 3 8 1 2 1 10 1
500 10 7 3 6 8 4 3 3 5 2 10 4 1 1 4
526 5 4 2 5 8 6 6 5 4 3 5 9 7 9 2
519 3 4 9 4 9 4 4 1 7 2 2 10 1 7 4
519 4 2 1 2 7 3 8 1 10 2 2 9 2 9 7
396 2 5 7 8 6 2 1 1 8 6 4 2 4 5 4
578 6 10 7 9 9 1 10 5 10 1 6 1 3 7 3
432 10 1 5 4 8 8 2 1 6 8 2 3 4 2 2
509 7 10 6 6 2 7 3 4 9 3 10 3 5 4 1
25
465 1 9 1 7 2 5 2 3 2 3 10 8 7 7 6
605 10 3 6 7 1 10 6 2 2 3 10 5 1 2 9
712 9 4 8 9 6 9 7 8 3 6 9 2 3 10 10
618 4 8 4 6 7 7 6 1 1 9 10 9 10 3 6
473 8 7 2 9 7 3 7 3 1 2 6 2 3 7 1
560 6 10 3 7 8 9 4 6 1 9 10 6 2 7 1
671 5 6 9 1 4 8 8 10 7 10 8 5 10 7 8
614 10 1 1 3 10 8 6 8 4 1 9 9 7 6 7
661 7 2 10 10 8 9 7 10 2 6 10 8 6 4 1
665 10 6 2 3 9 9 9 4 1 8 4 7 7 8 9
567 3 4 8 7 3 4 8 9 5 2 9 1 5 6 10
562 2 3 5 3 6 5 10 1 9 7 8 2 6 8 6
494 6 4 5 8 6 1 4 9 10 6 3 3 8 3 4
534 7 9 5 7 3 3 2 4 5 2 6 3 8 4 10
565 4 3 8 10 7 4 6 2 3 9 6 4 10 10 6
513 8 3 7 3 1 9 4 6 4 3 7 9 3 4 1
692 9 6 9 10 7 7 9 7 5 5 1 9 8 6 6
485 4 3 4 1 2 9 8 7 5 10 7 8 2 2 2
531 3 8 6 2 10 6 1 9 8 1 1 10 4 5 8
507 9 1 4 4 1 2 6 2 6 8 5 1 6 9 8
634 7 6 7 6 1 5 7 2 3 10 6 7 3 8 10
420 2 2 5 2 2 7 2 10 7 4 10 4 2 2 3
567 7 4 8 7 9 6 2 7 6 9 6 6 3 8 3
623 9 6 7 4 10 3 1 3 9 10 10 6 9 9 1
553 8 5 6 4 1 9 7 5 4 1 4 4 6 2 8
25
541 3 10 2 2 8 2 6 8 9 1 7 9 5 7 3
619 6 8 4 6 10 7 2 10 2 7 8 7 10 6 6
387 8 3 3 7 1 2 2 4 3 5 4 7 3 4 3
504 1 5 3 6 10 6 5 4 3 10 4 7 9 6 4
584 10 3 2 4 7 2 8 9 9 6 4 9 9 2 5
555 9 10 4 9 9 9 1 1 8 2 8 4 7 1 2
509 4 4 5 9 8 2 2 2 9 1 8 2 2 7 7
583 5 1 10 8 7 7 4 8 1 5 6 8 3 6 6
613 10 3 6 8 10 4 10 7 4 10 2 5 1 2 7
646 3 2 10 4 5 6 7 9 10 8 6 10 5 9 7
509 2 1 10 2 4 7 7 7 10 1 2 10 3 5 5
454 6 2 7 6 4 5 2 9 7 1 6 6 2 2 3
455 4 7 5 6 2 4 3 10 1 7 6 3 7 9 4
575 7 9 3 1 3 10 4 8 8 7 5 3 6 1 10
480 4 10 3 8 5 1 3 2 7 8 9 1 6 4 6
546 10 6 2 8 4 2 10 4 6 2 1 4 9 8 5
544 7 6 6 9 1 6 3 1 6 9 3 10 8 9 1
542 6 1 3 1 2 9 2 9 8 7 5 9 9 3 9
411 6 3 5 10 4 1 3 1 4 5 8 1 1 2 3
516 5 7 3 4 6 7 7 7 1 4 3 8 5 3 8
494 10 2 3 4 5 5 2 5 8 2 6 3 7 8 5
539 6 9 9 3 5 9 8 6 8 6 3 5 2 2 1
677 10 1 10 6 3 7 3 6 8 8 9 8 10 1 10
551 2 3 10 9 3 8 6 2 8 8 4 7 1 7 4
571 8 2 4 6 10 3 7 10 4 1 10 1 5 2 10
25
455 9 3 5 3 4 5 7 3 2 4 3 3 4 4 4
497 8 1 9 8 9 1 3 8 2 7 1 1 8 3 7
443 6 7 6 2 9 1 1 6 5 9 7 5 8 1 3
396 1 4 1 1 2 8 1 3 4 7 9 2 5 9 5
455 1 1 2 5 1 8 3 3 2 6 9 10 5 10 5
420 7 6 1 2 7 1 8 2 4 9 2 1 7 6 3
533 3 2 10 4 8 8 6 8 2 8 10 2 3 3 6
460 8 4 1 8 1 5 6 5 1 5 7 3 2 5 4
648 6 1 9 5 8 4 10 6 9 2 9 10 9 4 4
522 3 8 2 4 10 8 2 7 10 1 4 8 2 9 4
563 9 5 6 3 10 3 5 4 4 9 10 8 4 5 1
550 10 3 10 2 9 2 3 1 7 3 7 1 4 6 9
641 8 7 8 6 8 7 3 10 2 2 8 7 2 3 10
420 1 9 6 1 5 5 2 10 6 1 10 2 1 4 4
612 5 8 10 9 9 3 7 8 5 6 3 10 4 4 3
562 1 9 6 8 7 4 8 1 4 9 3 2 8 10 9
488 3 3 3 7 5 10 1 10 1 8 5 5 4 8 8
590 9 7 1 2 2 5 9 10 3 4 7 10 2 10 4
462 8 5 6 6 5 2 1 3 4 5 2 3 9 9 4
508 1 5 10 5 3 6 7 10 4 8 6 1 10 1 9
512 6 3 6 7 1 2 6 9 1 7 2 4 9 7 9
495 1 1 9 2 7 1 1 7 7 7 8 5 10 10 5
531 3 9 7 6 1 3 6 7 7 9 6 8 8 1 4
550 3 6 5 9 8 4 4 2 2 8 7 8 10 6 5
518 1 1 2 6 9 6 6 7 2 4 8 10 4 6 7
25
426 1 7 7 3 2 7 1 3 7 5 1 9 3 1 5
624 9 2 8 8 9 1 6 2 5 9 7 10 8 7 1
500 8 6 2 1 2 2 9 6 6 5 8 1 10 3 4
666 8 6 6 9 10 8 1 2 4 7 9 3 9 8 10
549 2 7 4 7 5 7 8 2 8 2 8 5 7 6 3
408 1 7 9 10 7 1 2 1 4 2 1 6 3 5 5
640 7 8 2 9 7 2 9 10 6 4 9 3 4 2 10
467 8 9 3 6 7 1 3 2 4 2 3 1 10 3 7
512 3 4 2 4 2 8 4 3 6 6 7 8 6 3 8
480 1 1 7 4 8 3 3 7 9 6 10 5 9 8 2
490 9 1 4 6 2 7 2 2 8 2 4 5 10 3 5
470 6 4 4 1 6 5 7 1 7 3 6 4 2 2 4
480 3 1 3 1 10 3 6 2 3 3 4 7 4 7 10
638 6 3 5 7 9 10 6 9 8 7 5 9 3 9 3
531 9 2 9 7 10 1 2 8 5 5 3 7 3 1 5
618 6 8 7 7 7 7 2 8 4 9 8 9 6 4 4
487 7 1 3 1 2 3 5 3 3 7 3 7 10 9 8
633 3 7 3 7 5 9 6 9 9 9 6 6 9 4 8
578 7 7 7 4 9 2 3 3 7 9 8 6 7 9 5
450 7 9 2 7 8 5 1 8 10 8 2 1 5 2 4
448 6 9 5 2 5 8 2 9 6 1 5 3 2 1 6
485 8 6 1 5 2 1 9 3 7 8 2 7 9 4 1
562 10 10 3 4 3 1 3 9 7 6 3 10 5 5 7
455 7 3 2 1 4 5 10 1 6 7 7 3 2 3 2
600 8 4 2 7 3 9 10 7 9 4 6 6 8 4 2
25
665 6 10 9 9 1 10 8 8 6 9 10 9 8 1 2
535 7 3 10 7 3 8 8 8 9 1 3 2 9 6 1
502 4 1 9 10 5 1 9 1 2 9 1 5 10 8 3
572 8 5 8 5 2 2 9 8 4 2 6 3 3 4 9
462 4 9 2 5 1 3 3 10 2 1 4 5 8 7 8
627 9 7 3 1 1 3 10 7 5 3 4 9 10 7 9
526 4 6 8 1 6 6 10 2 7 6 2 2 8 1 7
547 1 6 6 4 8 3 4 6 10 10 6 7 4 4 6
560 9 7 6 1 5 1 7 8 1 5 8 8 10 7 5
502 10 9 4 2 1 8 6 9 4 4 2 8 1 2 5
574 3 3 8 10 9 5 10 10 5 1 4 6 2 9 1
519 8 3 5 4 4 9 1 1 8 5 2 1 8 10 7
477 4 4 8 6 6 6 1 5 2 4 9 3 4 7 5
545 2 2 2 9 10 3 8 1 4 5 2 8 1 6 10
585 4 4 3 3 10 6 9 8 6 8 4 9 3 5 6
622 7 10 10 3 9 3 6 9 1 6 3 4 4 10 10
537 6 10 6 7 1 8 3 8 6 1 3 8 2 3 7
516 5 6 8 10 4 10 1 1 2 8 9 1 5 8 2
525 9 4 6 7 10 2 2 7 2 8 2 1 10 10 6
452 4 6 10 9 1 1 3 8 2 8 7 3 4 6 3
484 5 8 6 6 6 3 1 5 6 10 9 1 7 4 5
638 6 9 4 6 5 5 9 7 10 6 7 8 10 1 5
547 4 2 9 3 7 9 10 1 8 9 1 8 6 1 4
603 1 3 1 6 6 7 7 5 10 9 10 7 2 7 8
592 2 3 10 9 9 10 6 6 6 10 5 7 3 2 4
25
582 8 4 9 7 5 2 4 5 7 6 8 7 3 3 6
493 8 10 1 4 9 1 2 3 2 7 6 8 8 3 6
337 6 1 7 5 4 5 1 3 1 5 2 2 9 3 2
440 6 8 8 10 1 1 3 4 3 1 5 7 10 3 1
557 5 9 9 3 1 5 5 5 4 5 10 2 3 6 9
530 7 8 4 10 4 1 2 4 6 1 2 10 6 9 6
457 8 1 6 5 3 1 2 9 2 7 10 4 3 10 2
551 1 7 6 10 7 6 1 8 4 9 4 5 10 10 7
579 4 4 6 2 6 7 2 3 8 10 9 10 5 8 6
548 1 6 1 10 7 9 7 8 6 6 4 8 1 9 5
536 1 10 1 2 1 4 10 5 2 7 2 9 6 8 10
564 7 7 1 9 6 2 8 10 10 4 4 2 7 9 5
624 6 3 7 6 6 3 8 8 6 7 8 4 10 5 9
417 7 1 3 2 1 9 9 4 1 10 6 1 6 1 2
526 8 8 1 10 3 9 2 4 1 8 2 6 10 4 5
438 2 4 2 7 4 4 2 1 2 2 10 9 3 8 5
502 2 3 7 9 1 3 3 10 7 4 10 5 3 9 5
607 6 7 4 2 9 9 8 1 2 6 5 8 6 8 4
475 5 5 2 7 9 1 7 4 6 1 4 1 9 2 6
468 4 9 2 10 4 7 3 6 2 1 5 6 4 4 3
428 2 4 5 8 2 7 2 4 4 7 1 8 7 1 6
534 2 9 4 1 10 10 3 4 6 3 9 4 9 5 6
437 6 1 4 2 2 6 8 9 3 4 4 3 4 2 3
568 1 7 9 10 2 1 5 1 7 6 8 9 10 8 5
518 2 3 8 7 7 4 2 4 5 4 9 6 4 9 3
25
541 9 9 8 8 3 8 4 7 7 6 1 5 4 5 1
473 1 9 5 8 7 2 4 10 1 6 2 2 4 10 9
570 7 10 1 10 9 6 4 7 1 6 5 6 8 7 4
506 10 6 3 5 1 8 1 4 2 1 9 8 8 8 2
478 4 4 6 7 3 1 4 7 1 2 6 9 5 6 8
480 10 1 4 2 4 2 4 10 3 3 2 10 4 2 10
507 9 9 5 8 3 5 1 4 3 9 1 6 5 2 7
581 2 4 4 3 2 8 8 9 4 8 10 6 3 8 9
679 6 9 5 9 3 9 8 9 9 10 10 2 7 6 5
556 6 4 9 7 8 8 5 9 5 10 1 4 10 7 3
479 7 6 1 8 8 7 4 2 5 3 4 3 3 6 5
629 9 7 5 10 10 5 4 1 2 7 6 7 9 10 5
550 2 7 7 10 8 5 7 7 9 3 5 4 10 1 4
525 7 2 10 7 5 7 6 8 5 10 4 4 5 5 1
589 10 3 7 2 2 10 8 3 7 5 8 5 5 6 2
535 5 8 9 2 4 1 2 9 2 7 7 7 10 10 4
499 6 8 4 2 5 1 6 10 9 9 3 1 10 2 8
592 5 10 4 10 9 1 9 6 6 1 6 2 9 5 7
554 9 7 6 4 3 1 5 9 3 4 9 10 6 3 5
501 7 1 7 6 3 1 2 6 6 9 7 6 9 3 5
486 2 1 5 2 7 2 10 2 5 1 9 9 5 3 4
468 5 3 1 8 8 1 1 3 10 5 6 1 5 6 9
549 10 10 4 1 3 10 4 6 2 7 7 6 6 8 3
402 7 5 7 5 3 3 1 1 2 5 4 2 2 2 6
565 3 5 8 8 4 9 2 6 5 2 7 8 3 6 6
25
517 7 9 1 6 9 1 6 1 2 3 2 10 6 7 5
630 4 2 4 3 9 8 9 1 1 6 10 8 9 5 8
546 10 10 1 2 6 8 1 4 6 7 4 5 5 2 8
485 5 4 9 6 3 10 2 2 7 8 2 1 9 4 3
576 2 10 9 7 6 4 10 2 6 6 10 1 6 5 2
588 3 10 7 8 4 6 6 1 6 9 4 7 2 7 6
637 3 6 1 7 10 10 4 6 8 6 10 7 6 6 6
536 2 7 4 6 9 3 7 2 8 10 9 1 8 2 7
671 10 8 5 7 10 8 2 1 3 4 8 8 5 10 9
598 5 8 6 10 10 7 1 8 2 6 9 9 10 4 3
490 9 6 6 10 2 5 3 2 10 4 5 2 4 2 3
532 7 5 8 6 5 1 7 9 1 7 4 8 1 3 4
425 2 1 5 4 5 1 8 8 3 7 7 8 2 1 1
677 10 8 4 8 6 2 8 9 6 1 6 8 7 7 7
494 10 9 5 6 10 5 1 5 4 4 4 1 2 6 4
575 3 2 10 6 1 10 2 9 5 2 10 10 1 2 8
617 4 6 3 10 9 1 9 6 3 4 9 8 5 7 6
596 7 4 4 3 10 7 1 4 10 8 6 7 6 4 10
489 4 4 9 4 1 8 4 1 10 9 7 1 4 9 3
627 5 1 9 10 7 9 8 4 9 10 3 3 2 4 10
520 9 9 3 5 1 3 3 9 7 5 9 3 6 6 6
423 1 6 1 10 4 3 2 6 4 3 9 6 2 5 4
381 2 6 5 2 4 10 2 7 4 6 4 5 2 5 1
496 9 3 7 10 1 4 2 4 9 1 1 10 7 7 1
676 6 10 10 5 8 4 5 8 8 8 5 8 7 6 9
25
464 3 8 7 9 10 4 2 2 5 7 3 4 6 3 4
556 7 6 2 6 9 8 5 7 6 8 1 3 7 1 10
581 4 5 6 9 8 3 4 6 5 3 9 6 9 2 10
498 6 10 5 10 9 2 4 2 1 9 5 2 1 1 7
468 5 1 5 3 9 5 3 9 9 7 4 4 4 3 5
486 4 1 5 5 6 8 1 10 4 3 8 3 9 2 6
631 10 1 9 8 10 2 10 9 2 8 8 1 1 2 10
485 2 9 1 7 8 8 7 1 3 8 2 2 7 1 7
578 5 4 4 10 8 7 9 2 4 9 3 5 4 1 6
503 5 3 10 7 2 5 5 5 3 1 1 6 6 10 8
494 6 10 2 8 1 3 6 6 8 4 4 6 7 3 4
656 5 4 8 10 5 9 9 4 6 2 4 10 10 1 7
531 7 9 9 7 5 2 2 7 6 6 3 5 8 4 6
603 9 9 9 5 2 10 3 1 9 10 6 6 7 2 3
669 8 10 7 2 5 10 3 9 6 7 7 5 7 10 10
487 9 10 9 1 1 3 4 6 4 3 6 6 7 1 1
503 3 8 2 4 9 8 6 1 1 6 7 6 8 7 3
524 10 1 3 8 4 4 4 3 3 6 8 2 1 3 9
576 9 9 7 7 7 2 10 3 6 3 5 4 3 9 1
651 8 3 7 10 10 5 8 1 6 6 2 4 7 9 8
493 1 2 3 7 2 4 3 3 4 8 9 8 10 4 10
511 8 2 10 1 6 4 2 1 4 9 6 8 10 5 3
507 1 8 7 4 2 9 6 5 9 10 6 3 10 1 3
552 6 5 2 1 3 9 9 6 7 8 2 6 5 3 10
712 4 6 10 10 4 9 8 9 9 5 8 4 1 7 10
25
440 7 10 1 4 3 6 5 8 2 2 3 8 3 3 1
489 6 7 4 6 3 2 6 3 5 5 10 1 7 10 3
601 8 8 9 4 6 9 2 3 9 6 2 6 9 7 6
595 7 4 1 9 7 8 6 7 6 7 2 4 6 7 8
561 8 7 10 6 8 10 3 3 5 7 2 5 5 3 3
552 4 3 4 2 4 5 8 4 3 3 7 9 1 10 10
492 4 7 7 6 5 1 7 8 1 7 2 3 2 8 7
498 6 8 4 3 5 5 1 8 8 3 1 5 9 3 10
575 8 4 2 2 10 10 5 9 5 10 2 9 7 8 2
590 10 8 9 1 1 10 3 1 5 5 7 4 6 9 4
552 8 7 2 2 7 1 10 2 3 6 4 7 2 9 9
620 8 10 9 3 3 4 9 5 2 10 7 7 6 4 4
458 2 5 7 5 4 9 5 6 2 7 1 7 5 2 3
553 2 10 1 2 5 4 7 7 10 6 5 1 9 9 9
432 2 3 1 9 9 3 3 10 5 9 6 1 9 2 5
507 2 3 4 6 2 10 7 2 9 5 3 4 9 8 3
510 4 2 6 8 3 7 5 1 2 2 3 10 1 7 10
484 3 3 2 1 1 7 10 5 1 7 6 9 9 4 4
456 5 1 10 4 5 10 1 2 5 1 1 4 2 5 9
508 7 6 2 10 4 7 3 8 4 9 3 8 7 1 4
619 5 10 10 2 10 1 9 3 3 6 9 5 6 4 6
600 6 7 6 2 4 5 10 2 1 10 10 7 9 2 4
451 6 6 10 4 5 6 1 3 1 9 6 1 2 2 8
638 10 6 7 7 5 3 6 9 1 9 8 10 6 6 4
580 8 5 6 9 9 3 6 9 2 2 5 4 8 6 6
25
571 6 1 9 8 10 10 4 3 10 6 2 2 10 9 2
605 2 7 1 1 7 8 9 8 7 10 10 5 8 5 6
616 6 8 9 10 2 2 8 7 10 7 2 7 5 9 5
616 7 6 6 4 8 7 9 3 10 3 5 6 10 9 2
582 5 4 7 7 4 4 7 2 6 9 7 9 2 2 9
532 6 9 8 2 7 5 1 4 10 8 7 3 2 9 1
573 8 2 3 9 8 8 3 2 7 2 10 3 8 6 7
580 3 9 3 7 3 10 10 6 5 6 3 10 8 7 1
450 7 6 10 2 4 10 2 6 7 1 4 1 2 1 4
570 8 8 9 3 1 1 2 8 4 6 10 4 8 7 8
537 9 3 9 6 1 7 3 5 5 9 3 2 7 5 9
569 6 3 4 5 5 9 4 3 4 4 9 4 2 9 10
514 8 10 2 2 5 7 4 9 9 9 3 6 6 4 1
546 5 7 8 2 7 8 2 2 2 6 8 2 2 8 8
592 7 3 8 10 2 2 7 8 5 7 3 6 9 7 6
459 1 10 1 2 9 2 6 9 3 9 2 5 1 4 9
611 10 9 9 8 2 7 4 1 5 2 6 9 2 7 3
596 1 9 8 9 10 8 6 9 10 5 6 3 4 10 2
547 6 10 6 2 3 1 10 3 6 3 8 8 10 1 4
596 8 5 6 9 6 7 2 10 2 10 5 10 3 9 5
710 9 4 5 9 7 10 6 2 6 9 9 5 9 3 10
676 7 7 8 3 5 4 10 3 7 9 8 2 8 6 10
548 3 6 3 4 6 8 5 5 3 6 8 9 6 1 10
662 8 10 3 10 6 8 5 6 9 1 8 9 5 1 7
397 2 4 7 5 8 4 1 3 8 4 2 2 6 4 5
25
598 9 1 6 8 6 1 3 7 2 3 8 5 9 10 9
654 10 4 10 4 4 9 10 9 4 8 9 2 9 10 2
688 7 5 7 6 7 1 6 10 10 4 9 10 10 6 7
446 4 2 1 1 5 3 7 4 3 8 3 3 6 6 9
478 1 2 1 7 7 4 6 3 10 6 5 3 4 2 10
591 5 8 6 10 1 6 9 10 9 3 2 6 5 7 4
570 3 8 9 9 7 8 1 5 4 8 6 9 7 6 3
542 7 9 6 1 10 6 5 9 2 3 8 6 2 8 2
670 10 5 10 8 8 6 4 2 5 5 4 6 7 8 10
430 7 7 3 3 8 8 4 9 1 2 1 6 10 3 1
499 9 10 5 7 6 3 4 9 1 5 1 9 3 2 5
646 9 6 8 4 5 7 8 9 9 4 8 9 8 4 1
496 2 7 2 6 9 5 4 8 7 4 8 6 1 2 6
508 7 8 2 4 9 2 1 4 4 10 2 8 8 4 6
528 7 1 1 2 9 3 4 3 9 6 3 10 10 6 8
541 8 10 1 6 8 3 6 9 1 3 7 3 5 3 6
484 10 1 2 6 10 5 1 1 10 10 5 5 6 1 2
599 7 8 1 10 10 10 5 4 5 5 2 1 8 9 8
538 1 1 7 5 10 5 9 6 10 9 4 4 5 1 6
599 7 1 10 6 6 5 8 8 3 2 6 5 2 5 7
500 2 6 7 3 1 5 10 3 1 9 4 1 9 5 8
608 4 10 5 2 10 1 9 5 6 5 5 5 1 9 9
586 2 1 5 7 5 7 10 7 7 9 8 5 2 8 3
597 10 7 3 10 3 6 3 5 2 3 8 8 7 5 8
571 4 2 8 2 6 5 8 8 10 4 8 5 8 10 3
25
496 5 3 1 1 2 7 9 8 4 8 3 8 6 9 5
450 3 4 6 3 4 5 2 6 9 4 3 2 8 8 5
509 3 9 6 1 4 9 7 8 2 8 10 3 7 3 3
576 10 6 7 2 6 1 7 1 5 7 7 10 1 9 3
479 10 3 3 2 8 9 2 8 7 3 2 7 3 4 1
445 1 6 7 3 4 3 10 4 6 4 3 3 1 9 3
434 10 4 2 6 1 3 6 9 3 6 2 2 6 4 4
472 6 3 7 9 4 8 1 9 4 4 6 3 3 2 4
524 1 7 1 6 9 2 5 6 5 5 9 8 9 6 6
442 6 4 1 7 4 1 4 5 3 4 9 2 4 10 1
614 2 5 3 9 10 8 9 9 3 6 3 7 9 8 5
580 9 2 4 9 4 1 10 10 6 4 7 5 9 8 1
550 8 2 3 6 9 3 5 1 5 6 9 3 2 10 8
536 4 2 6 1 3 3 9 2 6 9 2 9 9 5 9
526 2 7 4 8 6 2 8 1 3 6 7 5 1 9 7
540 4 2 3 9 1 7 10 9 6 8 1 1 7 10 6
595 2 9 9 5 9 10 7 6 7 3 9 2 4 9 1
689 4 3 8 9 4 7 7 8 8 8 9 9 4 6 7
577 7 5 9 10 8 7 1 6 8 9 8 1 7 3 5
505 5 9 6 4 9 5 4 9 2 7 2 7 7 2 2
485 5 6 8 5 1 10 3 6 10 2 1 4 4 9 1
507 10 2 5 7 4 9 7 6 4 1 2 6 6 2 2
558 4 10 1 6 1 6 10 1 6 10 2 8 4 8 5
547 6 3 7 8 1 7 5 5 4 2 4 7 7 7 9
650 9 7 7 5 8 7 8 10 1 9 1 8 7 2 10
25
603 2 10 2 10 7 4 10 10 8 10 8 1 1 2 10
631 1 6 8 9 9 2 9 9 4 3 1 10 8 7 9
647 9 2 7 10 10 1 10 8 1 9 7 7 7 2 6
501 7 9 9 4 7 2 1 2 3 5 4 3 8 9 4
667 7 5 9 7 4 5 7 8 4 7 10 9 5 7 6
585 10 1 7 1 7 6 6 10 1 1 6 5 4 7 9
596 6 10 9 4 7 1 5 10 9 9 9 1 10 8 5
633 8 9 8 4 2 3 5 5 9 5 9 6 5 6 8
496 8 7 2 2 3 7 1 8 1 10 6 8 4 5 5
512 4 2 10 6 2 10 6 9 8 4 6 3 7 4 2
584 3 5 8 2 7 4 10 2 10 6 9 5 5 10 1
586 6 3 6 7 6 8 3 2 9 10 10 5 3 6 6
767 8 8 8 7 10 2 8 10 8 1 10 8 10 6 9
387 3 6 2 4 4 2 1 7 3 4 3 7 5 7 4
385 2 7 1 10 5 6 6 6 5 5 2 1 5 5 1
651 10 10 1 3 8 6 6 2 4 7 8 6 6 9 7
715 10 7 10 10 10 6 9 4 2 7 8 6 3 1 8
554 9 10 1 3 3 1 9 3 1 1 2 10 1 9 10
627 1 7 4 6 6 9 4 9 9 10 4 10 2 9 10
512 10 1 2 10 3 2 5 4 1 8 10 4 3 5 4
400 5 3 7 8 4 4 2 6 5 4 3 1 7 2 1
444 6 2 3 1 8 7 7 9 2 4 4 5 3 1 1
510 8 7 3 5 8 9 1 10 4 2 10 5 2 7 1
644 1 4 7 3 4 4 8 4 10 8 6 9 8 9 10
695 5 9 7 10 8 9 6 5 7 9 10 1 4 6 10
25
517 4 7 3 3 7 4 7 3 7 5 3 3 1 6 9
524 3 3 3 2 9 6 1 10 5 7 6 9 10 5 8
457 6 9 2 1 3 3 6 5 1 4 7 1 5 6 10
431 5 7 1 2 9 2 2 8 5 1 3 8 7 4 2
511 7 7 4 5 6 6 2 10 6 2 5 1 4 3 10
612 9 7 1 8 7 8 3 4 2 8 8 8 6 1 10
560 3 1 4 10 9 4 1 3 8 2 8 8 1 6 10
512 2 8 9 3 4 8 5 4 2 9 1 6 3 9 6
632 1 6 5 9 6 8 8 8 1 9 10 9 9 8 6
544 7 1 7 8 4 4 3 5 7 10 6 9 3 8 2
734 9 1 8 8 6 9 9 2 9 1 10 5 9 7 9
554 8 6 9 8 6 3 8 6 7 1 10 2 2 3 1
513 7 10 1 7 4 7 3 4 10 7 6 1 4 8 1
494 5 2 2 8 2 2 4 9 7 2 5 6 10 9 5
502 6 8 7 9 1 3 2 8 7 4 1 5 2 7 6
511 3 7 10 1 1 1 1 3 9 5 7 8 4 10 8
621 5 10 2 6 10 8 6 1 6 4 6 7 8 1 8
564 7 6 10 1 2 4 6 5 4 1 1 10 4 9 9
601 8 4 4 6 8 8 1 6 3 3 8 10 1 9 7
643 10 10 5 6 6 4 6 9 5 7 10 9 5 2 4
558 1 5 7 9 1 8 9 10 5 5 10 1 3 4 7
421 6 1 5 5 7 3 1 7 2 8 7 2 5 5 2
576 4 2 10 10 4 7 6 3 3 8 8 8 8 3 5
511 7 4 1 1 3 4 9 5 7 2 6 10 8 5 4
489 5 2 1 5 1 3 5 6 7 6 6 10 2 5 8
25
472 1 7 1 7 2 1 7 1 5 7 3 8 4 4 8
469 4 5 8 5 1 3 4 7 2 9 7 1 5 6 6
422 3 4 1 5 4 4 3 9 6 3 1 9 2 6 6
624 2 9 1 7 6 4 10 7 3 7 8 8 10 9 7
496 8 6 4 3 6 1 9 2 8 1 4 1 2 7 4
504 4 1 6 8 7 2 3 9 9 1 6 10 8 8 1
413 7 2 9 4 3 8 1 6 1 6 3 4 8 5 2
547 6 5 2 9 8 3 3 1 2 7 7 7 10 5 8
687 6 10 8 9 1 10 5 7 10 10 10 8 6 8 1
620 9 9 10 8 8 1 6 5 5 8 4 6 9 1 6
588 5 5 10 7 1 9 5 9 1 1 6 10 2 9 5
643 9 8 4 1 10 7 9 8 3 8 6 10 5 4 4
631 1 10 4 8 9 1 7 7 4 10 10 6 5 4 10
577 6 10 6 8 1 10 2 9 3 10 2 9 3 4 9
630 6 6 8 10 1 9 8 6 1 3 10 9 5 5 5
478 10 2 5 5 8 6 1 6 2 9 4 7 7 3 2
550 7 8 9 1 8 6 8 3 2 3 5 5 1 4 5
479 1 6 9 3 10 1 3 9 1 3 9 2 4 5 8
461 3 4 8 7 5 2 4 5 4 7 4 6 10 7 3
496 3 10 4 1 5 9 5 8 3 10 9 7 3 1 2
578 10 10 4 4 3 4 8 10 3 10 3 3 2 3 8
555 5 6 3 3 9 8 8 8 6 7 5 2 9 6 4
580 9 8 9 6 5 8 1 9 9 3 5 9 6 4 1
528 9 4 1 9 5 5 4 4 4 10 3 9 9 1 6
432 5 3 5 4 9 3 1 3 2 1 2 8 10 2 6
25
501 5 3 8 4 2 8 7 9 2 6 4 3 8 4 7
550 4 7 6 9 5 6 2 9 8 3 5 4 6 8 6
671 9 5 6 6 4 10 7 10 9 2 10 6 1 6 7
567 6 9 6 10 8 5 2 3 1 10 7 5 4 5 8
595 5 1 1 10 9 4 6 8 9 5 9 5 2 8 9
586 2 8 2 6 4 2 8 3 10 6 6 6 6 10 8
585 10 9 8 8 2 5 7 7 4 7 2 8 9 1 3
581 10 2 1 2 2 7 7 6 9 9 3 10 5 5 5
608 6 6 5 8 4 8 8 3 9 5 8 1 6 7 6
479 6 6 4 8 4 2 9 8 4 2 2 1 10 1 4
591 7 5 2 2 7 8 9 9 6 8 6 10 3 4 2
459 2 3 7 3 4 4 7 5 3 7 2 3 3 9 8
661 9 9 6 7 4 9 6 6 7 2 4 9 8 6 5
561 8 3 8 10 2 5 4 1 10 3 1 8 7 2 5
550 4 9 5 3 9 1 3 3 5 10 7 9 7 9 3
516 9 9 4 4 3 9 7 9 3 3 6 3 7 2 2
603 5 9 2 9 8 4 1 5 10 5 8 9 10 6 7
597 8 9 4 9 7 7 2 1 3 3 5 6 8 5 9
541 3 3 4 1 5 9 5 7 10 8 8 7 5 8 1
503 7 4 9 9 7 3 2 2 4 6 3 7 4 2 4
434 4 3 3 4 2 2 5 5 4 5 10 2 7 6 3
563 8 3 1 5 8 5 2 6 4 7 5 10 9 6 10
399 2 1 1 8 7 4 2 8 5 4 3 6 2 10 3
406 1 4 2 8 4 2 4 5 5 6 5 4 3 2 9
617 5 3 10 9 10 6 8 10 7 7 3 9 8 4 2
25
540 3 4 5 2 7 8 9 10 1 9 4 5 7 1 10
550 6 4 5 1 4 6 8 6 10 6 6 6 1 9 3
405 1 8 4 2 5 2 6 10 6 3 6 2 2 6 3
468 6 10 3 2 7 10 1 7 3 3 7 6 1 7 2
500 1 10 5 7 6 9 7 10 4 9 2 3 8 6 2
399 2 1 7 3 1 2 7 4 6 9 8 3 4 5 2
660 9 5 4 4 2 9 4 2 10 10 9 9 5 7 6
562 9 4 3 4 2 7 8 9 1 6 9 3 4 4 7
457 5 8 6 2 3 2 2 2 7 10 2 5 8 1 9
539 1 9 7 5 7 9 4 1 3 8 10 4 10 4 3
577 6 10 9 10 5 1 6 7 4 5 5 6 4 7 5
571 4 8 6 10 9 9 2 3 6 9 6 4 9 2 3
539 4 4 1 7 4 4 10 5 4 9 2 8 7 10 4
456 3 6 2 6 4 6 4 6 4 1 9 5 5 4 4
508 2 10 5 2 3 7 3 1 9 2 6 9 4 10 4
552 8 1 9 4 4 8 7 1 1 8 6 4 9 7 3
601 5 2 10 7 8 7 4 5 3 10 4 10 9 9 2
474 3 9 3 4 5 10 9 2 4 8 2 3 3 1 3
434 1 8 5 8 4 8 1 3 3 7 5 3 3 4 8
555 2 8 5 3 4 1 10 10 9 9 9 10 3 7 1
501 10 3 1 10 1 4 10 7 3 1 6 1 10 9 1
533 10 2 1 10 7 5 2 7 2 9 2 7 10 8 3
516 8 2 10 1 5 10 3 9 1 10 3 7 3 3 2
577 7 9 10 6 2 10 3 8 10 8 6 1 3 3 5
443 3 1 5 1 8 7 7 1 10 1 7 1 8 1 4
25
574 2 10 9 5 7 1 10 9 9 7 6 5 4 1 5
421 9 1 4 3 2 8 1 6 2 1 4 9 1 5 1
454 1 1 4 10 9 8 3 2 3 7 2 4 10 10 2
514 1 3 2 5 8 2 1 3 10 4 6 6 9 10 9
613 9 10 6 10 9 6 6 4 2 3 2 3 9 10 3
558 10 7 4 2 4 7 9 9 6 7 6 1 4 6 1
536 10 6 9 8 2 5 2 9 1 3 7 1 2 8 6
556 7 10 2 1 9 10 10 5 6 8 3 2 6 2 1
593 3 5 8 8 3 5 8 3 4 10 9 9 5 1 7
601 2 3 5 9 5 10 9 3 6 7 9 2 10 10 6
634 10 1 9 9 9 10 4 8 7 4 7 1 3 6 6
682 8 10 5 6 9 10 8 5 1 4 9 4 3 8 9
588 2 5 3 2 10 9 9 8 4 5 10 5 5 10 3
574 7 10 5 10 6 7 4 10 3 6 5 2 5 3 10
612 8 7 9 5 6 3 7 7 9 5 7 7 5 3 1
510 8 1 10 5 3 5 6 7 2 3 3 5 4 7 7
613 6 5 5 7 10 4 7 4 3 6 2 7 10 5 10
660 6 3 9 4 10 4 5 10 3 1 10 9 6 7 9
459 4 6 3 1 4 5 10 3 1 8 3 5 2 9 5
444 3 3 4 3 2 9 4 7 3 8 6 5 2 8 4
603 7 3 6 5 4 6 5 4 6 9 9 7 3 5 10
401 7 8 4 4 7 1 2 2 6 4 2 1 9 1 5
599 7 6 5 2 7 7 8 3 10 4 3 6 1 8 5
443 3 4 3 6 8 3 1 8 4 2 2 6 7 7 6
467 5 1 3 5 5 6 4 10 9 8 4 3 2 2 6
25
415 5 6 9 1 3 1 6 1 9 3 1 2 6 5 1
519 3 7 2 3 7 8 3 3 7 5 7 4 4 9 8
538 2 7 10 7 5 6 1 10 10 3 5 2 8 10 6
550 4 3 4 4 7 10 1 10 5 9 9 4 3 5 9
425 6 7 10 1 1 9 4 9 2 5 5 2 1 3 2
375 1 6 5 6 3 1 6 5 1 3 2 9 5 5 1
597 8 4 9 3 7 4 9 3 6 4 7 4 2 10 3
519 2 3 6 8 10 1 6 2 7 5 8 5 7 1 5
609 6 10 10 5 8 2 5 10 6 2 8 4 8 8 4
499 9 5 6 2 3 1 10 5 6 6 2 4 3 5 2
535 4 6 3 6 5 6 4 7 10 4 9 3 9 1 8
544 7 10 6 5 3 3 5 9 1 5 6 5 10 3 8
439 7 3 4 9 2 9 3 6 2 7 6 1 2 1 6
518 1 9 3 4 4 9 3 2 10 6 4 3 10 2 9
438 2 4 5 9 1 2 9 6 3 2 4 4 5 1 6
589 9 6 10 3 5 1 8 3 9 8 7 4 7 10 1
612 8 3 7 8 9 8 8 2 2 7 3 6 10 10 4
483 1 3 5 5 5 2 8 9 1 5 8 6 5 5 8
509 7 5 5 3 3 4 5 2 4 6 7 7 6 7 2
494 7 2 10 3 7 6 4 10 1 7 7 2 2 4 2
457 3 6 1 1 7 6 1 9 5 6 9 2 9 2 9
522 6 6 4 4 10 1 5 3 10 3 7 3 4 6 5
446 2 7 10 3 1 4 1 8 8 2 1 3 7 9 6
694 4 3 9 7 7 8 2 4 10 7 10 10 7 6 9
505 6 2 9 2 9 7 6 6 10 9 3 1 6 2 3
25
520 5 10 10 5 6 1 6 3 1 8 2 2 9 9 8
583 7 3 7 7 1 10 10 9 1 7 6 8 10 3 2
590 5 5 5 9 2 4 8 10 8 10 1 8 9 7 7
601 9 7 4 6 3 8 5 2 10 10 4 6 10 5 5
589 4 1 10 6 6 1 7 3 6 3 10 4 4 4 10
484 3 10 5 3 3 5 4 9 10 4 6 2 8 8 4
365 8 3 5 5 1 3 6 8 3 1 1 2 2 2 1
495 6 4 7 4 9 6 3 5 3 5 5 3 4 3 6
637 8 8 9 6 7 8 6 5 8 8 4 10 10 2 2
503 2 1 6 1 8 5 9 2 8 2 4 3 9 4 6
566 7 1 9 10 3 5 8 6 1 3 6 6 7 3 5
514 6 9 7 5 6 5 4 9 7 3 3 6 4 1 3
547 5 1 6 6 7 4 5 5 3 9 2 8 9 4 8
497 3 2 4 5 1 2 2 9 8 10 5 6 9 6 9
537 3 8 7 10 1 10 2 2 6 6 4 5 7 9 6
645 10 3 3 10 9 8 7 8 10 3 7 2 4 4 5
525 7 2 9 6 9 1 5 4 7 8 1 4 6 4 6
591 10 3 2 2 2 8 7 10 9 5 6 9 6 7 2
587 5 4 8 9 4 8 1 7 10 7 7 1 9 10 6
539 1 2 6 1 8 10 9 3 7 6 4 10 4 7 4
601 10 4 3 5 8 6 8 10 8 6 2 1 3 7 7
497 2 5 6 8 8 7 8 6 5 7 1 3 5 6 3
684 10 8 6 6 4 3 9 3 7 4 10 8 1 5 9
668 3 8 7 9 7 9 9 3 6 10 5 2 5 9 10
532 7 3 9 7 4 3 1 9 9 3 10 5 10 3 2
25
638 1 7 4 5 10 10 10 7 10 2 4 8 9 10 3
497 6 9 2 2 8 10 2 1 6 1 3 6 6 10 5
563 1 1 3 1 10 10 5 2 5 8 10 5 1 10 8
525 5 7 6 7 2 4 7 10 10 5 3 6 6 3 5
669 5 5 6 10 6 7 7 5 6 7 10 3 10 6 9
520 5 2 5 1 10 2 7 5 4 1 1 9 9 7 10
513 3 5 2 9 6 3 1 1 8 3 9 9 9 1 6
419 8 1 2 1 1 1 4 9 8 8 6 4 6 10 2
532 5 2 2 7 8 9 5 8 6 8 2 10 2 3 5
532 3 7 5 2 3 2 6 6 6 3 10 8 2 6 10
563 10 9 9 1 8 1 3 2 4 10 4 3 7 8 8
535 10 2 10 7 6 8 6 4 7 2 1 5 5 1 2
588 8 5 6 10 4 1 9 5 10 1 7 10 3 1 4
374 10 7 3 6 1 3 4 1 1 1 2 5 2 2 2
535 10 4 1 3 4 1 5 7 1 1 8 9 2 9 8
426 2 3 3 8 2 5 9 1 1 6 2 8 2 9 1
532 1 3 9 8 2 4 4 1 10 8 2 10 8 8 7
510 1 1 5 2 9 9 9 9 3 2 5 8 4 9 3
535 4 6 5 3 4 4 10 10 6 9 10 2 10 3 1
622 4 10 6 7 6 9 6 10 3 10 6 9 7 5 4
489 3 3 2 9 5 1 7 1 3 9 2 7 8 6 10
601 2 10 8 5 5 7 10 8 8 2 9 10 2 4 1
447 8 2 4 2 3 5 9 7 2 2 4 2 5 2 7
650 3 10 9 6 1 10 10 10 10 1 1 6 10 3 9
552 8 5 7 10 1 1 1 7 2 6 7 7 1 10 8
25
606 3 10 7 8 6 5 4 6 5 9 4 10 10 4 6
572 5 3 9 7 4 1 7 6 3 2 7 10 1 6 6
595 10 3 5 10 6 6 4 8 9 1 1 2 3 7 10
552 10 2 5 3 10 2 5 5 9 9 1 5 3 6 8
465 10 2 10 3 2 6 1 6 9 3 3 7 4 4 1
547 5 1 7 7 9 9 3 7 2 8 10 7 6 2 3
539 9 5 3 2 9 10 9 9 1 4 1 2 1 9 3
599 7 1 6 9 5 1 9 7 9 4 7 1 2 9 7
655 9 2 8 3 7 10 10 4 8 6 5 2 3 8 7
668 6 6 4 6 8 9 7 5 5 6 3 9 6 10 8
449 9 6 2 3 9 4 1 10 3 1 7 9 1 1 2
529 2 9 9 5 3 2 7 1 2 1 5 5 10 10 10
578 6 9 6 5 7 10 4 6 3 7 6 1 9 1 8
562 5 10 2 10 9 7 5 10 5 3 7 3 1 6 3
680 6 9 5 2 7 9 5 10 5 5 10 7 10 2 10
545 1 3 9 1 10 5 6 2 7 3 10 2 3 4 9
644 7 8 9 10 1 10 2 1 7 9 10 1 10 7 10
447 3 6 2 2 2 10 5 8 2 10 7 3 4 6 5
618 4 10 7 4 5 6 9 8 4 3 6 10 5 7 5
432 5 6 2 7 1 4 6 3 5 10 10 2 2 1 2
451 5 2 3 4 10 4 7 6 5 5 3 2 8 1 5
608 7 10 7 7 8 8 7 1 9 4 3 4 4 6 6
507 6 10 6 6 3 9 2 9 10 3 3 6 2 8 1
592 10 1 2 7 5 6 4 8 7 2 7 9 8 7 3
563 8 6 2 10 3 10 1 9 9 5 2 3 8 8 6
25
571 3 4 9 6 6 2 7 1 6 9 9 9 6 5 3
503 3 2 5 4 5 8 1 3 10 2 8 6 7 1 9
529 3 9 1 6 1 4 2 10 10 9 6 5 6 9 9
546 5 3 6 1 8 3 6 8 2 2 7 10 2 4 10
534 6 10 6 10 6 6 4 3 2 7 1 5 4 9 6
469 1 2 9 1 9 4 3 6 4 4 6 10 10 3 3
720 9 1 6 9 8 8 8 4 8 6 7 7 9 9 6
632 1 9 5 3 3 8 9 10 10 10 6 8 4 8 9
442 9 5 6 4 4 2 2 5 4 8 1 4 1 5 6
498 2 3 9 10 10 2 5 6 5 5 1 2 9 6 6
567 7 7 10 8 9 7 2 7 7 7 2 2 8 8 5
538 9 5 3 7 2 10 7 9 10 2 1 2 8 6 5
478 2 6 2 3 7 7 3 5 4 1 4 6 7 4 8
541 10 9 6 3 6 2 4 1 1 8 6 10 10 1 5
488 1 2 9 3 2 7 4 4 8 9 4 1 2 8 10
642 4 4 8 4 9 9 5 10 3 1 10 9 5 6 9
565 3 10 1 3 9 10 7 8 9 3 2 7 2 9 6
483 3 3 4 1 4 10 1 6 1 9 2 9 4 4 10
608 5 2 2 10 10 1 10 7 8 3 6 7 8 7 5
598 9 5 3 8 7 3 8 3 6 2 5 5 1 5 10
487 3 2 8 9 6 2 5 2 8 2 2 10 7 1 3
515 3 3 5 5 2 7 10 10 8 9 1 10 2 2 4
440 4 1 1 1 7 9 6 9 7 9 3 1 2 2 6
551 9 1 10 9 10 1 8 4 3 5 2 4 3 4 7
603 6 10 3 7 2 7 8 9 6 7 5 9 5 4 5
25
674 8 1 5 4 6 8 7 6 5 8 10 10 8 8 6
479 7 2 1 4 9 7 3 7 2 4 5 1 4 10 6
581 8 7 8 5 6 7 9 2 8 3 1 1 8 10 4
435 1 2 1 7 1 8 3 2 5 3 5 6 9 7 4
722 8 3 10 3 8 8 8 6 6 9 9 5 4 8 9
449 8 7 6 4 1 1 5 4 10 4 2 3 6 3 1
525 9 5 8 6 6 1 5 10 5 8 2 7 2 4 5
531 3 9 7 4 7 10 6 1 5 7 1 6 4 1 8
719 7 9 4 8 10 5 8 2 9 9 3 8 9 6 9
577 9 3 3 7 10 8 6 10 8 9 3 1 10 1 6
637 6 8 8 7 8 3 10 6 10 4 10 3 7 5 3
755 9 9 8 5 10 9 8 5 3 3 10 8 9 8 6
578 3 8 9 7 6 1 9 5 8 3 9 4 8 4 6
624 6 5 3 3 10 7 10 9 8 4 4 10 10 5 5
534 6 7 3 1 10 4 7 5 1 3 9 4 8 7 6
503 6 6 2 10 10 5 5 9 8 4 2 1 9 2 5
484 10 2 2 4 2 7 5 2 3 6 3 10 1 5 5
520 10 10 1 7 2 9 1 7 6 6 6 6 3 8 2
560 8 1 6 7 10 5 4 5 4 1 10 5 10 5 1
668 6 6 10 9 5 1 8 5 6 10 10 1 9 10 6
561 5 3 1 9 6 8 10 6 7 5 8 2 3 4 4
593 8 10 9 7 5 6 7 1 7 4 3 6 2 4 6
564 2 8 3 9 2 6 10 10 8 3 8 7 1 3 5
463 2 1 6 7 9 1 2 4 5 2 6 4 4 9 7
689 8 9 10 2 4 4 10 9 10 5 2 9 6 9 7
25
568 6 5 5 1 7 6 4 2 1 9 9 7 4 10 8
569 4 5 4 3 7 7 4 8 2 5 9 3 7 10 10
631 6 9 10 3 7 9 7 7 8 10 3 5 1 7 6
530 3 3 1 9 2 7 1 8 10 5 8 9 2 8 6
518 9 2 2 10 2 3 6 6 1 10 1 8 8 3 7
645 9 7 4 10 5 10 1 6 7 9 5 1 10 7 10
493 4 2 7 4 6 4 10 10 10 4 2 1 9 1 3
575 8 9 6 2 7 9 2 9 4 1 7 9 7 6 4
572 10 4 7 7 4 8 3 5 2 7 2 9 7 6 6
564 7 1 9 5 5 5 2 9 4 1 5 10 1 8 7
575 6 9 2 10 4 3 4 3 9 10 7 9 8 3 5
664 9 8 6 4 8 4 9 3 3 8 8 9 5 10 2
392 8 1 4 1 3 4 3 3 3 6 2 1 5 8 5
630 8 10 6 8 7 1 10 6 2 4 6 8 8 6 3
450 1 6 4 4 9 4 4 9 7 1 3 10 2 6 1
654 8 8 9 10 7 2 8 6 10 1 4 3 3 3 10
538 1 3 1 5 9 7 7 1 8 8 9 9 5 4 1
506 9 8 1 1 1 8 1 3 7 2 8 3 8 4 10
590 7 9 9 3 4 10 3 10 1 9 8 7 9 10 2
552 10 1 5 5 7 3 6 10 9 5 8 5 6 4 2
462 2 3 9 2 4 2 4 7 8 2 1 10 7 3 5
507 10 5 6 8 1 5 6 5 4 5 4 5 6 4 3
479 4 10 6 2 3 3 7 1 5 2 3 8 1 2 9
558 1 2 10 2 10 7 5 9 4 6 6 8 4 8 7
549 4 6 9 3 4 10 10 2 2 9 3 4 8 1 5
25
482 8 1 5 1 10 4 2 6 3 10 3 1 8 9 7
625 10 5 4 4 9 5 9 4 10 5 3 10 10 5 2
661 3 2 4 8 10 10 10 6 9 7 3 8 9 10 6
506 6 8 2 6 3 1 2 4 5 7 8 10 8 6 2
611 4 7 2 4 10 3 8 2 7 5 8 4 10 6 9
584 4 9 2 10 6 10 1 7 5 7 9 7 4 2 7
539 5 4 1 5 5 6 8 1 4 9 7 8 6 7 4
567 10 10 7 7 3 5 5 10 3 8 8 7 3 2 1
638 10 9 6 6 8 6 7 8 7 3 1 7 6 3 7
582 6 1 10 1 7 5 4 10 1 3 7 9 9 6 8
502 5 7 2 1 3 6 4 10 2 3 2 10 9 10 9
488 7 9 7 2 1 10 8 5 6 2 3 6 1 2 2
688 8 5 9 9 10 10 8 6 5 4 7 1 3 1 9
618 8 5 8 9 7 2 4 1 8 5 7 5 8 1 8
504 7 9 1 6 1 1 8 2 3 8 6 5 1 6 6
494 9 8 1 6 6 8 6 5 1 3 3 2 1 10 3
574 10 1 4 6 3 5 3 10 7 2 9 7 5 10 2
553 7 1 10 8 7 4 4 10 1 7 4 3 7 10 4
610 10 9 6 4 8 1 3 7 5 6 8 5 6 6 10
533 5 3 7 3 3 3 10 5 1 4 7 7 2 4 9
535 5 2 7 10 1 9 5 3 4 4 7 6 9 2 6
526 9 8 5 3 4 3 3 5 5 7 4 5 6 9 5
468 8 3 8 2 2 9 3 5 3 6 4 7 5 5 2
504 6 5 9 9 1 4 5 9 5 1 6 5 6 1 6
521 9 4 7 2 5 1 6 10 1 8 6 10 5 5 1
25
569 4 5 9 4 10 7 8 2 8 1 6 5 2 10 1
602 3 7 1 10 9 7 8 5 9 10 4 1 7 9 8
530 9 9 8 2 2 4 2 6 7 2 1 9 7 3 10
428 2 5 2 3 2 4 6 10 6 3 3 9 4 4 3
618 5 5 6 7 3 10 1 8 9 9 10 9 10 3 5
584 6 2 7 7 8 9 7 3 6 7 4 1 1 6 8
651 7 6 10 4 5 1 10 2 5 4 7 9 2 10 5
565 2 8 2 8 7 9 4 1 6 6 7 10 2 1 8
422 3 9 3 1 4 2 3 10 3 2 6 4 4 6 7
623 6 2 5 9 2 5 9 6 6 7 9 10 9 3 4
534 5 9 5 4 9 1 3 7 3 5 8 10 5 9 4
566 8 2 1 5 8 6 7 2 4 9 9 5 2 1 10
577 9 7 10 3 2 9 9 6 4 4 3 7 5 7 1
428 8 2 4 3 1 6 7 1 1 1 6 1 8 9 4
472 4 5 4 2 6 6 3 9 7 7 1 7 4 4 8
562 7 5 5 6 10 5 7 4 5 7 5 9 9 1 1
653 7 1 1 5 6 4 10 6 6 2 8 10 5 6 10
590 4 5 4 4 3 2 10 7 8 7 6 9 8 4 7
537 3 5 5 3 10 3 1 6 2 6 10 6 10 10 7
653 6 5 8 10 9 2 9 10 9 9 2 8 8 6 5
660 10 1 10 5 9 7 8 3 3 10 5 7 5 6 4
603 10 7 3 7 3 3 8 6 7 4 7 5 6 4 6
639 7 10 7 5 6 7 7 2 2 5 10 2 8 7 7
413 2 3 2 1 7 6 4 6 4 1 10 2 8 8 1
608 9 4 6 5 9 7 4 3 6 4 8 10 2 6 2
25
393 5 4 8 2 1 2 5 5 1 10 1 4 9 4 1
451 2 7 1 3 6 1 5 10 2 1 6 9 6 1 7
553 5 4 6 6 5 2 6 7 3 5 10 7 3 5 6
460 1 9 2 5 9 5 10 5 1 8 3 1 10 2 5
573 7 7 8 1 10 10 3 8 9 6 3 1 5 5 5
478 4 6 10 6 3 2 2 8 8 2 6 2 6 9 1
554 5 3 6 5 5 10 10 4 6 7 2 10 2 5 2
586 8 1 7 6 5 6 10 8 2 1 2 4 10 5 9
543 5 1 4 7 3 7 6 9 2 7 9 7 4 7 6
517 2 7 4 1 8 10 3 9 10 10 6 2 1 3 8
555 4 9 3 4 7 2 9 9 4 7 5 3 6 7 6
470 1 10 9 2 5 4 4 6 6 1 2 6 4 3 6
638 9 8 9 2 3 9 7 3 6 7 7 2 10 3 10
488 2 7 6 2 7 3 1 1 9 5 10 5 3 3 8
345 1 1 6 2 4 3 7 2 3 3 4 3 1 8 1
597 5 9 7 8 10 6 1 2 5 8 8 6 7 6 4
657 8 2 10 6 10 5 3 10 5 10 9 5 8 7 6
472 4 5 3 5 1 1 9 1 10 10 1 1 9 8 8
451 6 3 5 8 6 4 5 10 4 2 7 1 3 4 1
516 1 3 1 1 8 9 3 10 5 5 7 6 7 6 10
512 4 7 5 7 1 6 4 5 5 5 9 6 10 2 3
479 6 7 2 3 1 5 6 1 6 10 5 3 10 3 7
563 1 7 10 7 3 5 10 3 2 8 4 7 4 1 9
604 5 4 6 6 2 4 8 7 10 3 7 6 5 5 8
604 7 3 3 8 6 8 7 2 7 7 3 8 3 10 4
25
553 10 6 4 6 8 2 8 4 7 1 2 4 3 8 4
492 9 10 6 5 1 8 1 5 4 3 5 7 9 6 1
490 10 6 9 2 1 7 5 5 2 1 2 3 1 9 4
492 9 3 4 1 5 5 3 8 4 8 10 3 9 2 2
415 7 3 1 4 1 4 3 4 3 2 5 4 8 9 5
659 10 1 2 6 6 10 5 7 7 9 5 9 9 3 9
397 2 1 7 3 1 8 2 10 4 6 6 2 6 10 2
487 7 8 7 1 9 1 7 10 5 6 3 7 1 2 1
483 1 1 5 6 9 5 2 3 9 1 7 5 3 7 9
604 3 7 5 4 6 9 7 1 6 4 5 8 8 3 9
498 9 1 10 3 3 2 7 4 2 5 8 1 1 5 4
596 9 9 9 8 5 9 1 6 1 5 1 8 9 6 5
539 6 9 9 6 8 7 2 9 2 3 7 2 8 7 4
544 1 6 8 4 10 6 3 10 9 5 7 9 6 3 3
610 3 10 5 3 4 7 10 5 7 5 10 4 8 3 6
528 10 4 9 1 1 10 3 2 7 5 1 7 4 6 6
506 7 1 7 7 5 2 8 8 6 6 4 9 6 2 1
474 6 3 2 5 1 10 2 2 4 10 7 5 7 2 7
490 2 7 6 9 8 2 6 1 8 9 4 1 3 1 5
518 4 3 9 6 6 1 9 3 3 4 9 5 6 2 3
489 1 6 5 4 5 3 1 1 7 3 10 8 10 9 3
615 9 1 5 5 9 9 3 2 10 2 9 6 3 9 3
518 1 5 9 1 7 5 7 5 1 9 10 3 4 5 9
589 6 6 4 7 5 6 8 1 3 6 9 5 3 6 6
593 10 3 2 4 7 3 6 6 3 7 10 3 10 7 10
25
549 9 9 4 6 7 3 4 7 1 3 1 8 6 8 7
531 6 7 3 2 7 7 8 5 6 4 8 2 3 1 7
564 7 7 8 8 8 7 7 2 9 2 2 2 9 6 3
692 10 9 9 4 5 2 10 4 9 4 3 9 10 5 6
552 7 8 4 3 4 6 5 6 6 4 5 6 7 9 4
610 8 2 7 6 7 5 10 2 4 5 5 4 10 2 7
502 5 5 2 6 5 8 7 10 2 9 4 8 7 6 1
608 5 9 6 6 2 8 7 3 2 3 9 10 10 3 5
619 7 3 2 10 10 6 9 3 6 5 5 8 3 9 1
454 2 2 3 8 2 9 1 7 7 4 6 7 6 2 3
489 5 7 8 1 2 3 1 3 8 4 10 4 10 4 5
619 8 10 9 10 10 4 2 9 7 3 6 9 2 1 2
435 3 10 2 9 8 1 10 4 2 1 4 1 5 6 1
527 7 1 10 6 3 6 7 7 6 5 2 9 2 4 3
590 2 1 7 10 8 9 1 7 7 7 5 9 7 4 9
503 1 4 5 5 10 10 4 3 4 4 9 8 8 4 1
371 1 6 4 1 3 5 7 5 1 5 4 1 3 9 3
554 7 6 9 3 8 9 3 5 8 4 2 8 3 2 4
566 10 1 5 4 10 2 6 10 1 8 3 10 5 8 2
534 1 10 4 5 7 6 2 7 3 7 10 9 4 10 1
549 3 2 9 3 10 4 9 4 6 4 2 5 1 2 10
515 7 6 4 9 1 4 3 5 8 10 1 9 6 10 1
605 10 4 4 7 9 9 4 5 9 10 3 7 2 8 1
648 6 1 3 8 7 9 5 7 6 4 9 6 10 9 9
377 1 8 4 6 1 9 1 2 6 10 3 1 4 4 1
25
590 4 6 6 8 2 6 4 5 6 5 5 10 9 3 9
610 2 6 4 8 2 1 10 3 7 5 9 7 10 5 9
524 7 9 5 5 5 1 2 4 5 7 4 5 7 2 9
474 8 7 5 1 4 4 10 7 5 7 1 6 6 1 2
522 9 6 3 5 5 2 8 8 4 7 1 2 1 7 9
491 3 5 6 5 8 7 3 8 4 10 1 3 2 5 10
576 5 8 9 7 6 2 6 3 2 9 5 10 2 10 1
587 9 8 9 5 3 2 10 1 7 1 7 3 7 9 1
576 6 2 10 6 7 9 5 6 8 8 4 2 5 3 5
562 5 8 10 5 5 5 1 2 2 8 8 10 2 2 9
475 3 4 7 9 3 8 3 6 5 4 5 9 1 2 1
692 10 8 3 2 10 10 5 7 9 10 8 5 3 6 6
593 5 1 10 4 5 6 7 10 1 6 5 7 7 6 10
523 2 5 1 9 9 7 9 10 1 9 1 4 9 8 3
583 6 9 2 3 9 1 3 10 9 9 8 9 4 1 7
676 7 3 5 9 10 9 5 6 7 10 3 9 3 8 10
301 2 1 5 2 3 2 2 10 3 1 6 3 6 1 2
424 1 5 1 7 3 9 4 9 3 9 3 1 4 8 3
560 3 7 3 2 2 9 10 6 8 4 8 5 5 8 6
355 1 6 7 4 3 1 2 9 4 7 4 1 10 2 2
443 2 6 4 6 7 1 10 2 7 3 3 1 10 2 4
720 9 5 8 10 2 5 10 10 7 5 8 9 3 5 8
545 2 9 1 9 9 6 8 7 2 7 2 10 7 2 5
600 1 8 5 5 7 6 9 8 8 5 7 8 2 6 4
550 7 9 2 4 1 10 10 6 4 3 4 1 9 4 6
25
526 2 7 10 4 8 8 2 1 6 7 1 3 6 8 8
727 10 10 5 5 8 6 6 9 6 5 7 10 5 8 9
543 1 4 3 10 1 5 3 10 5 6 8 9 8 7 9
566 6 3 6 2 10 7 5 1 6 10 5 6 5 2 8
745 8 10 3 6 10 10 7 6 5 5 7 10 4 7 10
547 2 5 7 6 1 10 9 7 7 1 5 4 6 1 10
569 9 2 2 5 5 6 10 2 5 8 6 10 4 6 2
635 5 10 7 1 5 10 6 5 10 1 4 9 10 8 6
503 2 9 2 10 7 7 3 5 9 6 3 2 1 2 8
484 6 2 6 4 8 5 6 10 2 3 2 6 3 7 6
446 3 8 4 6 1 3 7 2 1 6 6 9 1 10 1
546 7 2 8 5 8 4 10 9 10 3 3 5 3 2 3
624 7 3 4 7 8 9 2 6 5 4 7 9 1 4 10
484 1 6 10 6 4 4 9 2 8 8 5 4 8 2 1
566 6 10 7 2 6 10 2 6 4 9 4 4 10 6 7
460 3 2 6 8 1 7 1 2 7 10 5 7 4 6 5
665 10 2 7 8 8 3 8 6 3 9 7 3 10 10 7
620 5 9 4 7 8 4 8 7 5 6 4 6 4 9 8
588 2 3 4 8 8 6 3 10 5 8 8 6 8 8 9
629 3 4 10 7 8 10 8 7 3 8 4 8 2 8 5
521 4 3 2 10 4 1 3 4 8 7 4 10 3 5 9
498 4 8 5 7 2 2 6 1 9 10 2 5 2 6 7
520 10 1 7 4 10 3 7 2 6 7 2 3 3 7 3
642 7 8 4 6 3 6 6 8 6 2 10 9 6 8 5
513 9 6 2 8 9 1 3 7 6 9 5 5 4 2 2
25
429 1 3 1 8 1 4 1 2 8 6 9 8 8 8 3
525 6 8 8 1 4 1 10 8 1 5 8 7 10 4 2
556 5 4 10 1 5 7 5 9 7 1 9 1 7 9 4
473 1 10 3 9 7 5 10 2 2 1 2 4 7 5 5
519 8 1 5 1 2 7 10 6 4 7 7 5 7 7 2
534 10 6 1 8 3 5 5 9 2 2 4 9 1 4 7
589 1 8 9 1 2 5 9 8 4 9 3 10 8 5 10
475 1 4 7 7 6 5 3 3 1 1 5 4 7 8 10
512 8 6 9 9 4 7 3 7 2 7 1 4 2 1 6
616 8 2 2 7 2 4 10 9 9 4 7 9 2 5 9
451 9 4 6 2 7 6 2 10 1 1 1 5 7 4 4
598 7 6 8 1 1 9 8 10 10 6 3 9 2 8 1
667 6 9 4 9 10 7 5 4 8 4 5 8 2 4 9
506 1 2 4 5 7 10 10 10 1 10 6 8 10 1 1
642 9 2 7 2 10 5 5 9 6 2 10 6 2 6 9
610 1 9 9 5 9 9 1 3 7 5 9 5 5 9 8
508 3 8 8 2 1 3 7 1 4 6 6 5 9 3 6
563 3 7 9 10 10 10 1 6 3 1 5 4 1 8 6
558 9 9 6 6 10 7 6 2 5 1 1 8 6 3 2
535 7 6 6 5 2 3 5 8 4 6 2 9 1 2 9
737 9 7 9 10 8 2 9 3 10 5 10 9 2 8 6
392 6 8 2 8 1 4 3 10 1 6 3 1 3 3 5
529 6 5 9 5 9 9 4 6 5 6 4 3 4 2 4
524 5 7 7 2 9 4 8 1 6 3 8 2 3 3 7
365 1 4 4 6 3 3 3 7 4 10 6 1 5 1 6
25
609 7 9 9 7 2 2 5 2 6 10 4 8 2 9 10
566 8 7 1 7 6 8 2 4 7 8 4 1 6 5 10
576 8 2 9 2 1 6 5 9 7 10 9 5 8 3 7
418 1 3 1 6 9 8 2 10 3 6 7 6 1 6 1
552 6 6 4 1 5 5 4 5 7 1 6 10 1 7 10
668 6 8 3 3 10 9 8 8 6 7 9 5 1 4 10
659 8 5 10 9 10 5 2 2 2 8 7 9 2 10 9
679 10 8 7 8 9 6 3 7 7 2 1 10 7 8 9
721 4 9 7 5 7 5 10 7 7 8 10 8 9 5 7
528 6 9 5 5 7 5 9 6 4 6 8 2 3 1 3
694 10 2 8 4 3 5 10 6 9 9 7 8 4 8 9
595 10 8 1 6 9 3 10 3 5 6 3 2 6 6 8
493 4 6 8 2 5 6 6 8 3 5 6 2 1 8 3
582 6 1 7 8 1 10 1 6 10 10 4 9 4 7 5
588 1 6 3 10 10 4 8 1 4 1 10 4 3 6 9
506 4 2 1 3 10 9 3 7 4 6 3 7 10 8 3
616 6 9 8 9 1 6 8 3 2 4 7 10 4 5 5
611 4 5 7 3 8 10 1 2 10 2 8 10 7 8 6
570 4 9 8 4 8 7 3 6 10 9 4 2 1 3 8
554 10 8 6 3 1 5 6 9 5 6 8 5 2 6 4
531 3 3 7 6 3 6 10 2 2 7 2 10 1 4 6
453 1 10 2 3 3 8 1 5 10 8 2 7 1 3 6
442 1 10 3 1 1 9 1 10 2 4 4 8 10 5 6
548 9 8 5 2 3 3 9 3 10 9 4 3 3 8 4
495 8 5 6 1 1 4 5 7 2 10 6 5 2 7 5
25
534 7 10 4 1 9 9 10 6 1 5 1 6 1 1 5
499 10 3 2 7 10 2 3 9 4 4 3 7 7 6 4
470 1 4 2 10 2 5 8 7 1 7 2 5 9 9 5
466 4 1 1 9 8 7 1 5 7 5 6 6 7 2 2
463 5 2 4 4 1 8 5 2 8 2 7 9 3 4 1
577 6 10 6 4 2 10 6 10 7 2 1 10 2 7 3
463 9 3 3 7 3 1 4 8 10 7 7 2 7 6 1
457 3 10 1 4 8 5 3 7 4 1 10 5 7 6 2
602 9 2 6 1 5 1 8 4 9 8 6 7 5 8 10
465 7 2 3 6 9 5 10 5 3 10 1 1 2 2 5
536 4 9 7 7 1 3 6 4 6 5 6 9 10 4 2
464 3 3 7 3 3 4 5 5 8 5 7 5 8 2 3
563 9 7 6 4 5 1 2 9 9 10 4 5 3 8 9
532 10 2 7 5 6 4 7 5 2 4 1 3 7 2 8
528 7 1 2 1 7 3 5 9 6 8 4 6 9 1 10
466 1 8 1 9 4 7 1 5 7 2 10 4 3 4 6
653 5 9 5 6 6 7 8 7 3 10 10 7 8 1 6
524 5 5 4 2 6 8 8 9 8 10 4 4 7 5 1
378 1 2 5 1 3 8 7 5 2 9 1 2 10 2 5
459 5 7 4 1 3 4 7 7 8 2 4 3 4 4 3
655 10 7 3 2 4 10 10 2 2 4 10 4 9 1 9
628 3 2 10 7 6 8 3 7 10 6 10 9 2 8 5
446 5 5 5 9 3 1 1 2 5 1 5 9 2 8 5
534 9 9 3 9 2 6 4 1 6 1 10 3 6 9 2
448 5 4 1 1 6 4 8 2 5 4 3 6 3 8 5
25
420 1 1 9 2 9 9 2 7 7 9 4 1 8 2 3
635 9 1 10 3 3 7 7 8 7 3 2 9 9 7 10
537 3 7 10 7 4 2 8 6 5 2 7 4 6 2 6
524 5 10 6 3 5 5 3 3 6 4 6 4 6 4 8
758 10 1 7 8 8 10 10 7 3 5 10 6 9 2 9
563 7 1 10 7 9 3 1 6 9 2 6 4 4 10 5
617 6 4 8 2 10 1 5 10 9 10 4 8 2 10 10
481 8 5 1 2 1 4 5 8 4 10 2 10 10 4 3
630 6 7 7 8 8 10 6 5 6 8 9 5 3 2 6
577 4 8 5 8 2 9 6 8 3 10 6 2 9 3 8
559 9 10 3 3 3 3 7 3 8 1 10 1 9 10 5
546 1 1 9 10 9 2 7 8 8 5 9 2 5 6 6
437 5 1 1 1 9 7 6 8 3 4 10 2 9 1 2
534 5 7 6 4 3 9 5 8 10 4 5 1 8 1 7
438 8 1 7 7 6 2 3 1 9 4 2 3 2 4 2
447 4 9 3 3 5 2 3 3 7 3 6 8 3 2 5
662 5 6 5 9 8 6 1 9 10 9 9 10 2 6 9
474 3 2 1 5 1 10 8 1 9 6 5 4 9 3 4
615 1 3 7 10 2 3 9 6 10 3 8 9 10 3 7
655 7 7 4 3 8 9 10 9 1 7 6 9 1 2 8
603 4 4 9 5 10 4 6 9 8 1 7 4 5 7 8
564 1 3 2 7 5 10 8 8 7 6 8 7 5 3 5
519 5 8 7 3 2 3 6 10 10 6 3 7 5 6 4
611 7 6 7 3 2 7 5 6 3 7 8 6 10 9 7
572 5 7 5 8 8 10 4 6 2 6 7 9 3 2 2
25
573 5 4 7 2 9 6 4 1 3 3 8 3 9 8 10
608 9 3 7 7 4 7 6 5 9 4 2 8 2 3 7
443 7 7 10 6 3 2 1 1 2 2 2 3 9 2 9
528 4 6 6 1 6 10 2 5 2 9 6 6 1 8 10
482 5 1 2 4 2 6 7 4 2 10 7 8 1 9 4
683 6 6 10 3 8 8 9 10 10 9 10 7 2 2 2
405 2 2 9 8 3 3 4 10 6 1 1 2 7 5 4
398 2 9 1 7 5 3 2 2 8 10 1 5 9 5 1
535 5 1 8 4 3 9 10 1 3 10 6 2 4 2 6
570 6 4 1 9 4 3 8 4 2 3 8 1 8 10 10
500 1 3 6 7 4 8 6 6 5 4 9 4 9 3 3
542 4 10 2 7 8 2 4 7 4 10 10 8 1 3 3
495 8 1 9 4 4 6 1 10 2 6 10 2 6 4 3
436 6 9 2 3 6 10 1 3 3 8 6 1 9 2 4
601 2 8 5 5 5 10 8 9 9 9 6 2 9 8 3
577 2 4 5 8 3 1 7 1 10 9 7 6 8 6 9
538 8 2 2 8 9 3 8 4 10 5 3 6 3 10 1
512 3 4 4 1 9 7 8 1 2 3 6 2 10 8 8
497 9 10 5 3 3 3 7 3 1 1 1 6 10 10 4
571 9 7 9 6 10 3 7 4 7 5 2 1 3 8 5
546 4 3 9 9 1 5 2 1 9 4 10 9 3 7 4
681 10 4 8 3 2 10 1 6 8 7 9 6 8 9 9
731 9 9 8 8 9 2 10 1 9 3 3 9 2 10 8
485 9 5 1 10 3 4 4 1 4 9 1 6 1 7 3
553 8 4 3 9 9 7 3 5 9 2 4 5 10 10 1
25
574 3 1 8 10 8 7 8 8 7 6 4 2 7 7 3
579 2 5 10 1 6 6 10 1 1 3 8 5 5 10 8
407 5 1 2 5 1 2 6 3 8 1 6 2 1 7 5
494 3 2 5 6 6 8 10 3 4 5 3 3 2 7 4
622 8 4 9 2 5 4 5 3 4 5 10 7 4 4 9
413 4 4 5 1 2 10 6 1 6 1 4 1 9 3 4
669 4 7 7 5 9 6 7 8 8 2 6 10 5 5 9
416 4 3 3 7 6 2 5 8 7 4 4 1 4 8 2
592 1 3 6 4 8 8 8 8 10 10 8 7 2 5 2
628 9 3 7 4 6 2 4 8 1 1 10 10 4 6 10
455 1 3 1 10 6 3 5 4 8 2 6 8 2 2 3
456 9 1 4 3 4 3 6 3 10 4 2 1 6 6 4
541 7 1 8 6 5 3 9 6 5 9 3 7 8 1 3
546 5 7 1 10 6 1 6 1 7 7 9 6 3 4 6
584 3 8 7 7 8 8 7 1 4 8 4 4 1 2 9
503 7 2 4 2 8 10 6 7 2 8 2 2 10 9 4
483 6 3 5 2 1 3 3 7 9 10 3 9 10 2 4
457 5 3 4 2 3 3 2 4 10 4 3 4 6 4 10
498 1 8 4 2 2 6 3 10 4 7 7 8 6 1 8
433 4 6 2 4 3 3 6 2 6 2 10 2 8 2 1
429 10 3 4 8 4 3 1 5 3 1 2 4 5 8 3
502 2 8 8 9 3 4 7 5 8 6 8 1 1 3 3
483 5 1 2 4 6 6 2 3 5 9 8 5 5 6 5
544 7 2 2 6 6 9 6 1 4 9 7 7 10 4 4
522 6 1 5 8 9 5 8 1 5 7 4 5 9 2 2
25
465 7 2 6 7 1 3 4 2 8 6 8 6 8 1 1
625 9 7 10 4 8 6 9 3 4 7 1 2 1 10 7
481 1 1 4 3 10 10 1 5 8 3 4 8 4 4 6
451 9 8 2 7 2 2 5 10 4 4 4 4 9 1 1
590 2 10 8 5 3 2 9 3 9 10 7 5 6 9 2
634 10 9 1 10 6 4 7 10 8 10 7 1 9 7 4
528 7 10 3 8 1 5 9 5 1 2 3 9 3 5 5
537 9 1 7 3 1 2 2 5 10 1 9 7 4 5 10
505 2 9 3 7 9 5 7 3 7 7 2 6 9 2 3
506 1 5 7 2 7 9 2 8 1 6 2 5 8 9 9
499 4 5 7 8 1 1 8 5 7 2 3 6 3 6 7
561 6 7 8 10 7 2 9 8 3 4 10 1 6 4 2
478 3 5 3 1 4 1 10 10 3 8 8 1 1 8 8
405 7 3 3 1 10 6 9 2 2 2 1 2 1 2 1
572 9 10 7 10 2 3 3 10 1 9 2 8 3 2 10
674 9 1 5 5 5 4 7 9 6 3 8 8 9 7 10
580 8 5 6 10 10 8 6 5 1 4 3 6 9 3 2
716 6 3 6 10 8 9 9 9 9 2 10 6 5 8 8
607 8 6 7 10 6 7 2 6 1 2 7 10 1 8 6
589 9 7 8 2 10 5 3 5 7 2 9 1 4 1 8
630 4 5 6 8 7 4 1 8 10 10 10 7 7 9 6
485 10 3 5 7 2 4 3 7 1 5 3 3 5 1 10
393 7 2 2 3 2 1 3 8 5 3 4 3 6 2 8
486 5 9 6 2 6 4 5 9 9 4 2 4 6 1 7
436 9 2 3 6 2 5 2 1 7 5 6 3 5 7 2
25
413 1 10 5 9 3 7 3 3 1 1 2 1 9 2 7
435 2 6 5 3 2 3 10 5 6 6 3 3 2 2 5
563 6 9 7 5 3 7 10 6 4 3 5 4 3 5 3
537 7 1 1 7 9 5 3 5 7 7 9 2 5 8 4
621 1 8 7 6 7 3 7 7 5 1 7 9 6 10 9
454 2 2 5 9 3 8 7 8 1 2 1 5 1 9 5
671 6 7 7 10 10 4 10 4 2 2 10 7 1 8 4
450 9 2 8 7 8 6 3 2 5 9 1 3 3 2 1
630 7 7 2 8 6 9 10 1 1 8 10 3 7 8 3
608 6 6 9 2 1 5 6 1 4 10 8 10 2 1 10
603 3 8 9 9 8 3 3 5 9 4 8 8 1 9 6
564 1 10 2 4 8 7 9 8 7 1 5 10 3 9 2
459 2 4 3 1 4 8 6 7 7 4 3 10 5 6 1
452 1 3 5 4 10 5 1 7 1 9 2 9 1 10 4
498 7 6 5 3 7 7 1 10 9 1 10 5 3 4 1
559 1 1 4 6 8 9 4 6 10 5 9 1 9 7 10
609 3 8 6 10 1 5 10 1 8 9 2 10 6 4 5
563 3 9 8 2 1 3 6 5 3 3 5 8 10 6 10
489 3 3 2 3 5 10 2 8 9 8 6 5 9 5 2
498 1 1 8 5 7 4 2 8 8 2 8 5 8 4 6
507 2 1 1 5 8 7 8 7 1 7 7 6 1 4 10
612 8 3 2 10 2 10 6 5 8 1 8 4 4 5 7
540 7 10 8 2 2 7 10 4 3 6 1 1 5 2 9
534 6 2 6 6 5 5 9 3 1 4 8 4 5 9 4
573 3 4 4 6 5 5 7 4 10 2 7 7 10 8 7
25
466 7 4 5 1 1 10 8 3 8 10 2 1 1 3 5
548 1 4 10 1 5 4 8 4 6 9 4 2 8 9 10
550 1 1 2 5 5 9 6 3 5 6 10 8 4 4 7
435 9 7 2 6 9 3 2 1 6 1 1 1 3 2 9
646 4 2 10 10 8 8 9 2 5 7 6 4 4 9 7
626 8 10 5 3 5 9 10 4 10 1 5 6 4 1 6
497 5 4 3 3 1 10 6 3 1 5 9 3 10 1 7
405 4 5 7 6 5 5 1 5 2 2 1 7 5 4 4
634 10 9 10 7 8 4 8 1 1 1 4 7 5 4 9
692 5 8 10 10 9 9 8 7 5 9 8 7 6 1 5
458 5 7 4 1 3 1 2 4 1 6 7 7 7 10 7
523 6 2 4 2 5 2 9 8 3 6 9 2 2 9 5
575 6 2 8 9 2 1 10 8 6 9 7 1 3 7 8
443 2 7 4 8 4 4 4 7 3 9 2 6 7 5 4
527 6 6 7 8 2 9 3 9 3 4 7 5 6 7 1
423 2 1 1 8 1 10 1 9 6 5 9 1 6 6 2
470 1 7 8 6 1 6 4 4 6 6 8 4 10 3 1
512 2 10 3 3 2 4 7 7 9 1 1 4 4 9 9
563 1 1 6 2 5 9 9 9 3 2 8 5 10 2 9
468 8 5 6 2 8 5 3 10 3 5 8 1 7 2 3
602 6 8 5 7 1 7 9 1 4 9 5 3 8 2 10
359 2 3 2 2 6 5 4 9 2 1 4 7 6 2 2
476 7 8 1 2 8 6 2 3 3 5 9 4 9 7 3
467 10 6 1 6 8 2 8 1 1 2 6 2 4 2 3
509 5 7 2 3 3 3 2 10 7 1 9 10 2 7 7
25
534 10 5 4 9 2 6 3 7 6 3 6 4 4 2 6
625 8 6 9 2 5 9 9 10 3 9 1 8 6 1 6
490 4 6 10 1 6 5 5 4 3 5 5 1 4 9 6
544 8 8 8 6 1 5 4 4 5 8 1 7 9 10 3
499 4 5 3 6 3 2 8 4 4 9 5 9 4 9 3
627 9 10 3 1 10 3 10 5 1 6 6 7 4 10 4
558 9 9 1 1 2 8 3 1 5 6 7 9 2 9 8
614 5 8 10 3 6 8 8 7 6 7 6 7 8 4 3
585 6 9 10 1 8 9 6 9 4 1 6 7 10 6 2
641 4 2 8 3 8 7 9 5 6 7 10 9 6 2 5
538 3 4 7 8 10 7 3 8 5 7 4 1 2 8 8
536 3 1 4 5 10 7 4 2 3 1 5 7 8 5 10
548 7 6 5 7 7 9 6 8 9 6 4 1 6 2 5
534 7 4 8 10 2 4 3 9 4 8 5 4 7 5 8
502 2 10 6 8 1 10 1 3 10 9 4 5 4 5 1
557 10 5 7 10 8 10 2 6 5 6 1 2 10 3 3
630 7 9 3 1 3 9 5 9 4 2 9 10 4 2 10
509 10 1 4 2 3 8 5 2 2 10 5 10 10 2 1
628 3 7 8 6 7 7 10 7 8 4 5 1 2 10 7
453 3 4 10 6 10 2 1 7 3 7 7 4 1 3 5
636 2 7 7 10 7 6 9 2 6 5 8 5 6 7 7
703 7 4 7 6 10 9 7 7 5 3 9 9 5 4 10
497 7 10 6 9 1 4 2 6 1 6 2 9 2 7 3
504 9 8 3 3 5 2 1 4 7 3 7 6 8 6 7
576 2 8 6 3 8 9 5 9 7 8 9 7 1 6 1
25
560 8 3 10 2 5 4 6 2 8 3 3 8 7 7 6
690 9 8 7 8 10 6 7 8 8 10 4 7 2 9 5
650 10 10 9 9 6 8 5 4 1 4 4 7 10 8 4
561 3 1 9 6 7 7 7 8 6 8 1 6 8 4 5
607 1 8 3 5 3 10 10 9 8 6 1 10 1 4 10
592 10 3 9 10 4 2 2 6 1 3 8 4 5 5 10
529 1 5 9 9 1 6 10 6 4 7 6 8 1 2 4
453 4 2 3 10 1 1 9 7 4 8 8 2 7 2 2
415 4 1 2 4 6 6 2 7 8 5 10 2 10 4 1
385 2 2 4 8 8 10 1 7 1 4 1 2 9 3 5
579 6 7 3 4 10 4 5 7 7 8 1 9 9 6 6
535 1 6 5 1 4 7 9 1 9 7 10 8 6 3 3
549 3 5 10 5 10 4 2 5 8 9 9 5 1 10 2
619 7 10 5 10 8 2 3 7 5 3 7 8 5 5 6
586 5 6 8 2 3 8 7 8 8 9 9 6 8 3 3
631 8 4 3 6 2 9 8 1 7 7 6 6 9 9 5
555 6 8 9 5 3 1 9 8 8 9 10 4 1 1 1
696 9 1 5 6 6 10 10 10 9 4 6 10 6 4 5
535 5 2 5 10 4 9 6 6 10 4 7 4 1 4 3
525 8 10 8 5 1 4 4 1 4 10 3 10 9 3 3
460 2 5 3 2 6 6 3 6 2 9 4 1 10 7 9
380 5 5 5 1 10 5 2 4 5 4 3 1 1 5 2
479 3 2 2 5 9 6 1 5 3 5 5 10 6 4 7
611 6 3 5 10 5 2 6 9 9 3 2 5 7 9 10
572 4 2 10 5 5 8 4 1 6 5 9 8 4 9 5
25
436 3 7 6 4 3 10 4 7 2 1 1 3 8 3 8
449 7 6 1 3 9 8 2 5 3 4 3 4 6 8 3
659 10 2 10 10 7 5 8 9 8 1 6 5 7 7 4
601 4 2 7 4 5 5 10 10 7 9 7 9 4 7 4
608 8 5 9 6 1 7 9 7 7 3 2 10 2 7 5
555 8 8 2 2 10 3 6 3 7 8 6 8 7 9 1
613 8 6 4 9 1 7 10 7 9 10 2 4 3 4 7
530 3 5 9 4 3 9 5 3 2 5 5 6 3 2 10
594 3 2 10 2 7 10 7 7 3 10 7 3 7 4 9
494 9 1 2 4 7 9 7 3 5 3 9 1 5 1 2
664 8 1 9 4 9 3 10 9 9 9 10 10 5 6 1
476 3 6 2 10 6 1 4 6 5 4 5 6 9 5 7
658 10 10 7 6 2 3 7 9 7 6 7 3 7 10 8
536 4 9 3 4 8 1 2 9 7 8 7 10 4 4 7
648 10 5 5 5 10 10 6 3 1 7 7 6 8 10 4
599 1 9 7 1 9 7 10 5 9 4 4 9 6 4 7
480 8 1 1 8 10 6 6 1 2 10 5 2 3 9 2
637 5 4 9 2 6 6 9 6 3 2 7 10 3 9 9
500 4 4 7 2 8 9 2 7 8 4 9 2 5 4 5
554 3 3 7 10 5 1 2 7 4 6 9 9 8 3 7
358 6 8 4 4 5 2 3 2 2 1 5 3 1 1 4
573 6 5 4 4 5 9 5 2 3 3 9 9 6 3 5
530 9 5 4 7 1 4 8 2 3 2 1 8 8 3 9
470 5 3 2 8 2 9 2 3 5 10 4 10 10 1 1
602 6 2 6 6 7 10 1 5 7 2 10 1 6 10 10
25
500 5 9 1 5 5 9 5 6 3 4 1 7 7 10 3
545 6 8 10 4 8 5 9 1 1 10 1 4 2 9 3
476 2 1 3 4 9 8 1 3 9 2 6 9 7 3 3
698 10 5 9 10 6 9 3 6 6 10 9 10 9 1 2
561 8 6 2 7 4 1 9 8 7 8 2 9 8 5 3
652 9 10 5 10 1 10 7 10 7 5 8 5 3 4 4
498 5 10 7 6 1 8 2 8 5 3 6 2 5 8 4
461 3 2 5 3 8 5 2 9 2 1 9 7 6 1 8
471 1 10 5 8 4 2 3 5 10 6 1 1 8 5 8
580 7 5 2 6 4 1 9 6 6 10 10 2 6 10 5
543 2 6 2 7 7 5 8 4 3 6 2 8 1 9 10
535 6 4 10 10 2 4 8 9 7 8 1 1 3 1 7
285 1 4 10 2 1 4 2 6 3 1 3 1 1 2 3
679 5 10 1 10 4 10 9 3 9 10 8 7 6 1 7
521 9 10 7 3 3 8 5 8 2 2 8 2 1 5 4
600 9 7 9 7 6 8 5 2 4 3 6 1 5 9 7
539 8 1 6 1 5 6 5 8 9 3 5 5 8 1 7
396 1 6 8 2 1 3 9 10 8 2 2 2 9 1 3
561 4 4 1 8 7 3 2 10 8 9 8 10 1 9 4
466 3 3 5 2 5 10 6 7 9 5 5 1 9 4 1
642 2 8 5 8 2 10 9 3 10 4 8 3 3 10 10
636 6 9 9 6 1 4 9 6 6 10 6 10 8 7 1
393 3 6 9 1 2 2 2 4 6 4 2 7 4 6 1
577 9 3 10 8 5 4 4 5 10 3 1 7 10 1 8
666 4 9 6 10 9 2 10 10 10 9 8 2 4 7 8
25
492 3 1 4 5 6 10 2 6 10 6 3 9 1 7 1
471 1 3 5 1 7 10 9 10 5 4 2 1 3 7 5
694 10 7 9 3 7 10 8 7 8 4 5 8 3 2 6
534 5 6 6 7 3 5 8 10 2 2 4 6 9 1 7
579 3 7 8 8 3 8 1 9 8 6 6 3 5 7 10
494 1 7 10 10 2 5 2 5 4 4 1 10 7 4 5
515 10 6 8 9 3 3 8 5 1 4 2 5 5 5 3
571 7 5 9 5 10 2 9 1 6 6 1 7 9 7 2
531 6 7 8 10 6 8 1 10 3 7 9 1 7 4 1
506 8 10 2 4 6 1 6 4 7 7 2 7 2 5 2
581 10 2 2 7 10 4 7 8 10 4 1 9 4 8 4
716 8 3 9 10 10 6 9 7 3 4 6 10 4 6 10
513 2 5 1 10 2 2 9 6 1 8 4 10 3 10 3
491 9 3 2 1 8 5 4 8 2 5 6 5 3 4 7
496 2 3 7 2 9 2 4 3 9 4 2 10 5 10 6
562 7 4 9 8 2 4 2 7 4 6 7 8 6 4 8
566 4 7 4 8 9 1 1 5 2 3 8 10 5 5 10
588 3 6 5 5 4 7 8 9 7 7 7 7 6 8 2
589 9 2 4 10 8 3 6 1 5 5 3 9 5 4 9
381 1 4 3 3 9 2 1 3 7 7 6 1 1 6 7
390 9 1 3 2 2 4 3 5 2 7 1 4 10 7 3
540 2 7 9 4 4 5 7 8 1 6 9 8 7 1 6
525 7 6 2 5 9 6 5 1 5 8 5 7 4 2 3
638 10 9 10 5 10 8 10 9 2 3 4 4 5 8 2
434 2 5 6 1 3 5 3 6 7 4 9 4 5 5 1
25
568 1 4 8 2 7 5 9 4 7 9 3 9 2 10 4
528 9 3 5 5 9 5 3 3 6 4 3 6 10 3 4
573 6 1 7 4 10 10 5 2 3 3 5 7 3 2 9
644 7 5 5 10 8 6 5 6 8 8 1 8 7 10 8
515 7 6 4 5 6 7 2 9 1 9 4 2 6 7 7
552 7 3 1 7 4 4 5 6 10 3 4 8 4 9 9
485 2 2 10 5 2 7 4 3 5 6 2 3 7 6 8
497 1 5 6 7 8 7 9 9 1 6 4 5 2 4 2
678 6 10 7 9 8 3 9 9 2 7 8 10 6 8 4
525 3 6 6 7 9 4 2 10 7 8 10 6 4 4 2
541 1 8 1 8 8 1 8 6 8 8 8 9 3 5 3
650 6 8 7 4 3 8 6 10 9 2 9 9 10 7 5
523 4 6 7 2 1 1 8 2 6 5 8 9 7 7 3
587 6 3 7 7 6 10 3 8 10 2 7 6 9 1 7
645 8 3 8 9 5 6 10 7 8 1 8 7 8 8 2
557 2 4 7 2 5 4 3 2 8 10 10 8 10 9 7
625 2 4 8 6 5 10 1 5 10 7 10 9 10 8 5
521 4 8 8 5 7 3 6 4 3 6 2 7 3 8 4
631 8 2 4 10 4 3 9 4 6 6 7 6 5 7 8
643 2 6 8 10 6 10 3 2 8 1 9 8 10 4 9
568 4 3 8 9 8 3 3 8 3 7 4 10 8 8 7
607 10 4 2 9 4 10 8 10 5 5 7 6 6 6 2
619 8 6 8 3 8 1 10 7 2 5 7 7 8 8 3
601 1 7 10 8 8 5 3 7 4 10 10 6 9 7 6
622 7 4 10 1 9 9 7 1 3 4 3 10 3 10 7
25
451 10 9 6 3 7 6 4 2 4 10 1 1 5 1 3
616 7 8 7 5 10 5 5 10 6 7 1 9 3 10 3
485 6 1 8 8 1 2 4 1 6 2 7 5 1 4 7
461 4 6 8 1 10 3 7 9 1 10 1 5 5 1 3
649 6 9 10 6 1 7 10 3 10 7 3 6 2 5 6
570 8 2 9 7 3 10 9 3 3 9 2 9 9 2 1
495 7 4 2 1 4 3 6 4 10 8 5 4 8 5 6
446 8 7 4 4 4 4 1 7 1 1 1 7 2 8 6
551 9 7 8 7 2 4 4 8 5 1 7 3 10 10 3
444 3 10 10 1 8 2 1 5 9 5 1 7 1 3 3
539 3 6 8 9 3 5 6 2 8 8 7 5 1 7 2
587 5 4 5 9 3 9 7 9 5 1 2 10 10 8 2
470 9 7 6 4 6 3 1 3 1 2 7 6 5 1 3
638 8 7 5 7 1 9 6 5 10 5 10 7 6 2 4
622 10 3 9 10 8 1 9 4 9 3 3 5 1 7 3
559 3 6 5 2 10 3 9 3 1 5 8 3 1 8 10
478 3 1 5 10 4 3 3 3 2 10 2 10 2 9 8
520 2 1 4 4 9 4 7 10 4 10 3 9 8 6 3
536 2 2 6 6 10 2 5 7 7 7 6 4 8 10 5
564 8 8 6 8 8 7 1 5 1 6 5 10 7 3 3
468 10 6 7 9 1 3 1 9 3 2 3 5 1 2 7
597 10 5 10 3 8 1 9 3 4 2 6 9 3 6 1
583 10 6 10 2 5 7 6 9 4 4 8 3 3 6 2
472 3 10 4 4 5 4 1 5 5 10 9 9 5 3 3
478 4 2 4 7 5 6 8 1 6 1 2 5 1 6 6
25
612 10 10 7 1 5 10 6 10 1 1 4 7 7 9 6
622 5 9 7 5 5 7 5 6 8 2 6 9 4 5 8
593 3 4 10 10 4 8 6 4 2 4 9 7 8 3 7
560 3 7 6 1 10 7 5 5 3 5 5 8 4 3 8
588 9 4 6 3 7 10 7 6 7 10 3 6 2 3 5
598 8 3 9 8 5 2 3 3 9 10 6 7 9 4 4
547 10 2 4 8 7 10 2 2 10 7 1 8 10 2 3
495 4 3 2 4 2 2 4 10 10 9 10 3 6 5 6
570 8 1 8 10 3 4 10 9 4 9 8 1 4 2 5
563 9 3 5 4 5 5 8 9 5 6 6 10 8 3 1
508 5 7 5 9 8 2 4 9 6 7 5 2 1 3 9
609 9 4 3 3 7 7 8 7 10 4 7 7 9 4 3
512 5 10 3 3 9 10 2 2 4 7 5 4 6 1 6
644 6 4 7 7 6 8 6 8 8 9 5 4 6 8 9
420 3 7 6 6 1 7 1 6 3 6 1 5 4 10 1
567 9 3 2 2 9 8 3 9 8 9 3 2 9 7 10
790 10 10 7 10 5 6 8 7 8 4 9 9 2 10 8
545 8 10 3 6 7 2 6 4 4 10 5 6 9 1 3
512 10 2 5 9 8 5 4 8 4 1 5 1 6 10 1
527 4 3 2 2 7 7 5 8 3 3 6 10 1 7 10
593 8 4 8 6 8 7 2 9 4 10 6 8 9 9 1
630 6 3 4 3 4 6 8 2 10 4 10 8 1 1 10
505 4 7 4 6 8 4 3 2 3 10 6 4 7 7 4
388 2 6 1 3 3 1 8 1 1 6 5 5 8 4 5
455 1 1 3 3 7 8 9 1 3 4 1 8 1 7 5
25
605 9 3 8 2 10 1 5 6 3 4 10 1 7 9 10
530 3 3 9 9 3 1 2 7 3 8 8 7 3 6 8
533 7 8 4 10 6 1 1 8 1 8 10 1 10 3 10
520 3 4 5 9 10 7 10 3 3 3 9 1 9 3 1
653 8 6 10 6 8 2 8 10 6 6 8 4 9 6 5
457 5 4 2 10 6 9 2 5 8 3 2 3 3 4 5
565 4 5 4 10 6 9 9 7 8 3 2 6 2 8 4
724 4 8 9 8 9 9 8 8 8 6 7 5 9 6 9
518 1 7 10 1 1 10 2 3 1 10 9 10 7 4 7
585 4 10 9 8 2 4 9 8 10 3 4 4 1 1 7
555 8 3 7 2 7 5 3 9 10 8 2 2 8 9 5
464 1 6 6 5 2 5 9 6 5 7 6 1 5 5 6
662 8 6 5 5 10 6 7 1 1 3 10 7 6 7 9
560 2 6 10 8 8 1 6 4 8 3 6 1 7 8 9
651 5 8 6 10 10 5 10 6 6 9 5 4 2 2 9
606 8 1 2 3 10 10 4 5 9 7 6 9 7 9 5
630 10 3 7 5 7 5 6 1 6 7 8 10 3 7 3
461 3 3 3 10 2 7 4 4 8 1 3 9 5 5 4
536 10 3 5 2 7 8 1 2 2 1 4 10 9 3 8
501 1 8 2 3 7 1 8 6 8 9 7 1 7 5 10
549 7 8 2 5 1 10 5 7 3 10 4 6 1 2 8
595 4 10 10 10 3 4 4 7 7 6 1 10 7 4 5
564 6 1 5 5 1 5 5 3 10 7 10 10 6 4 3
636 4 2 8 6 10 9 8 7 7 10 9 5 1 1 7
394 4 8 2 5 4 3 6 2 7 10 1 3 2 3 2
25
541 10 8 7 10 7 2 4 1 1 2 9 5 4 4 4
550 3 2 1 9 1 9 8 8 2 2 5 7 8 9 9
394 5 8 7 1 2 4 3 8 6 5 3 3 9 1 2
577 10 5 2 8 10 2 9 4 1 4 4 8 7 1 8
432 3 1 4 8 1 2 6 6 4 5 7 4 10 3 2
564 10 9 5 9 3 7 2 5 8 5 4 8 6 3 2
526 7 8 8 5 7 6 8 8 1 5 1 5 10 8 1
602 1 2 3 10 7 7 3 8 1 8 10 10 9 9 8
587 7 10 6 10 10 9 10 4 1 9 2 2 6 4 2
475 10 1 6 4 3 1 6 4 8 10 1 3 4 8 4
434 2 8 9 1 5 5 2 9 4 4 5 1 6 8 4
491 10 6 3 2 6 6 2 9 2 2 6 3 3 1 7
531 3 10 7 2 2 5 3 9 10 4 6 5 8 3 10
714 9 10 8 7 3 8 3 5 9 7 8 9 10 6 7
562 4 2 4 9 7 6 7 4 3 5 9 1 9 8 9
546 7 7 5 2 9 6 7 7 9 9 6 3 1 6 1
554 1 1 1 1 9 8 7 8 9 5 6 10 7 10 2
524 2 4 1 10 6 8 3 7 10 7 2 9 4 10 5
586 3 8 4 5 8 6 7 3 10 10 6 3 10 10 2
538 9 8 5 1 6 4 4 8 6 5 2 5 6 2 8
479 5 2 3 8 5 10 5 6 1 4 1 10 7 7 2
591 4 4 9 5 3 8 10 1 9 4 10 4 2 5 1
503 8 10 3 1 1 3 6 3 5 4 9 2 5 3 6
498 9 1 10 3 6 4 7 1 5 10 1 10 2 2 1
483 9 7 4 1 1 8 4 7 1 8 7 5 8 9 1
25
468 10 1 3 4 3 6 6 9 4 8 2 1 10 2 5
601 6 3 10 10 2 1 9 3 5 1 10 5 3 10 4
640 10 5 2 9 8 6 10 7 3 4 7 8 10 6 2
458 5 7 5 6 5 1 1 5 6 9 2 2 8 8 9
632 9 6 5 4 1 7 10 2 6 9 10 6 6 7 5
654 10 6 7 8 1 9 3 3 7 6 8 10 10 7 3
642 2 6 6 8 10 9 9 10 9 5 3 5 6 8 4
513 8 5 2 1 8 2 10 7 9 7 7 2 5 7 1
549 6 2 7 6 2 5 6 5 3 5 10 6 9 1 7
628 9 6 2 2 8 4 10 6 9 3 7 9 8 4 3
651 8 9 3 2 7 10 2 8 9 7 4 10 5 10 8
514 1 7 6 10 7 10 2 9 7 4 6 5 7 3 1
513 5 10 3 9 8 5 3 7 2 10 1 2 3 7 9
678 9 8 5 6 9 5 5 1 9 6 9 8 8 7 5
612 10 3 4 4 1 8 7 9 1 8 9 6 9 5 6
605 9 8 8 7 9 9 1 3 4 9 5 8 8 1 3
621 5 4 5 8 5 7 10 5 4 7 8 8 7 4 5
660 8 1 6 4 8 9 10 4 9 6 6 5 7 8 6
458 2 3 9 10 7 3 6 8 2 5 2 4 3 6 3
557 1 7 10 8 6 2 8 8 2 7 8 7 8 4 1
546 4 6 7 6 5 5 6 4 6 1 8 8 2 2 7
614 9 8 7 8 9 1 3 8 7 10 6 9 10 2 2
438 1 9 1 6 6 10 1 5 8 8 6 1 6 6 3
663 10 8 1 10 3 4 8 8 7 6 7 6 4 6 9
526 3 4 10 5 6 10 6 4 5 4 1 1 6 7 10
25
521 1 9 10 4 5 6 3 2 3 5 8 3 5 5 7
566 7 7 10 6 4 1 1 10 7 3 5 5 9 10 9
558 1 7 6 5 6 7 6 3 3 10 10 8 6 6 5
537 5 7 1 2 10 7 9 6 1 2 7 3 3 2 10
549 6 10 7 2 5 1 4 5 5 4 7 10 3 7 6
706 10 10 1 1 9 7 8 6 9 5 9 4 8 9 9
630 10 8 3 9 5 7 8 10 6 10 5 9 2 3 3
558 5 10 3 6 4 5 9 10 10 10 3 5 1 4 5
563 3 5 7 1 2 7 9 4 9 5 6 2 5 6 8
585 3 6 7 6 9 10 6 8 7 8 5 2 3 10 2
527 3 2 1 4 4 9 5 9 10 3 4 6 8 10 4
478 2 5 1 2 2 10 8 5 6 10 1 10 2 6 5
516 3 5 9 5 10 5 1 5 1 1 6 10 6 2 8
560 9 3 2 10 3 2 2 2 6 8 6 4 5 9 9
587 4 9 1 2 7 9 7 6 10 8 2 5 3 5 9
658 5 7 9 9 4 1 9 2 9 10 4 10 7 10 5
507 2 1 5 10 3 8 5 1 6 2 5 7 3 2 9
602 4 4 4 9 10 8 5 5 4 7 10 2 6 9 4
532 4 7 4 8 5 3 2 1 4 7 10 8 3 10 3
614 1 8 9 6 6 8 7 5 6 1 10 8 6 6 4
482 2 1 2 7 6 3 4 8 8 8 6 3 3 10 8
643 7 7 5 10 8 7 1 6 2 7 7 8 5 5 10
456 2 6 2 5 2 3 1 1 8 3 8 6 8 6 9
539 3 1 3 2 1 7 9 9 8 9 7 5 9 3 8
494 5 2 3 9 8 9 2 10 2 2 7 6 2 7 2
25
582 4 5 9 3 3 4 9 7 3 6 10 9 7 6 5
645 10 1 10 6 1 5 9 5 6 7 9 7 2 2 9
595 10 9 1 4 5 4 4 10 9 4 9 8 9 6 2
551 8 9 2 2 3 10 2 4 2 10 3 9 9 7 6
539 3 5 7 5 8 3 2 6 4 8 6 9 7 2 8
594 7 10 3 4 3 10 6 10 2 5 10 5 1 8 5
461 2 7 5 3 3 7 3 3 2 7 5 9 9 8 1
388 2 2 4 2 4 10 1 8 6 8 1 7 10 4 2
669 10 8 10 6 1 10 9 7 4 2 8 3 9 5 8
489 5 6 3 1 7 2 7 2 2 8 6 8 6 4 3
494 3 4 4 3 6 1 8 2 5 9 8 2 3 10 6
630 1 6 4 10 7 3 10 7 1 9 8 10 5 8 10
501 4 3 1 5 10 8 3 4 8 8 4 9 7 2 1
635 8 6 10 10 7 1 2 7 9 3 5 9 7 4 6
606 6 5 2 3 5 7 6 4 10 9 9 8 3 3 8
536 6 5 2 1 8 6 10 1 5 6 10 2 4 7 5
651 6 10 7 8 6 4 6 2 9 9 6 10 2 9 4
356 2 1 9 1 10 3 4 7 3 1 1 3 9 1 3
521 9 4 2 10 4 1 10 9 2 2 4 2 7 3 7
693 9 6 1 6 10 8 8 6 10 10 3 8 4 7 10
571 6 7 4 10 2 2 10 6 5 7 5 2 7 9 7
561 7 8 3 8 8 4 4 3 2 1 5 9 2 8 8
561 6 9 4 2 3 10 3 9 9 7 5 9 1 8 2
592 7 1 10 5 4 4 10 5 10 2 8 9 3 4 1
467 1 10 8 5 1 5 1 6 2 6 1 10 2 2 9
25
544 1 7 1 2 7 9 7 8 7 9 10 2 6 7 5
539 10 4 5 8 4 6 5 4 4 6 10 2 9 1 1
619 9 9 8 4 5 4 5 3 1 5 1 9 9 7 10
531 3 4 2 8 9 5 5 4 1 4 4 10 3 10 6
627 10 4 9 3 9 6 2 8 4 9 5 8 4 6 9
638 6 5 7 3 9 10 10 10 3 9 9 1 5 6 3
562 9 3 10 4 4 1 2 2 2 1 4 9 10 8 10
711 8 5 8 1 8 9 10 6 10 2 3 9 5 8 9
623 6 7 8 4 7 7 5 10 6 4 2 9 7 9 6
536 6 5 5 5 2 9 3 6 1 9 9 2 10 6 9
747 8 8 8 6 6 5 10 7 9 4 8 8 8 5 9
663 8 6 10 8 3 2 10 10 5 7 10 7 5 5 6
545 8 8 5 1 1 1 10 4 10 7 5 9 6 1 1
441 2 1 1 3 4 7 8 3 4 6 2 4 4 8 9
508 10 3 8 1 6 3 3 10 6 7 7 5 2 7 1
531 3 8 8 7 4 6 1 3 9 8 6 5 4 2 8
491 3 1 1 8 10 6 5 3 6 3 9 6 7 7 2
396 3 1 2 10 2 8 1 6 4 7 3 2 2 9 3
589 7 4 10 5 1 9 10 5 7 7 4 8 6 5 1
567 4 4 4 8 3 10 4 10 4 10 9 5 4 3 8
655 10 9 4 5 7 8 6 8 8 8 8 1 1 7 6
656 10 8 8 2 9 6 10 5 5 10 1 7 5 9 4
530 6 9 9 4 6 10 2 4 8 5 2 2 5 10 3
590 8 4 5 4 1 7 10 3 9 2 8 6 5 3 3
630 9 7 7 4 2 10 7 9 7 4 10 3 6 8 3
25
361 1 8 1 4 9 2 10 3 1 3 1 3 7 1 1
459 5 1 3 10 7 4 5 3 8 5 5 2 1 8 2
543 8 3 5 6 8 1 9 8 4 1 5 5 4 9 3
529 9 7 8 4 2 6 3 5 9 5 1 5 10 8 3
506 5 6 4 2 6 5 1 1 2 8 9 2 7 9 9
548 5 4 1 9 5 10 4 3 10 2 5 1 5 9 7
569 7 2 5 10 4 10 3 10 4 7 10 4 3 5 3
570 6 8 10 1 5 2 1 8 3 3 7 7 6 8 10
405 3 4 9 1 3 9 3 4 3 3 1 1 5 6 5
471 9 2 1 1 7 3 2 4 5 7 6 4 8 10 3
502 5 3 8 10 1 2 3 5 1 2 10 2 4 8 10
448 4 1 4 9 4 7 1 6 6 9 2 1 9 9 4
533 1 6 10 1 1 5 5 4 5 4 10 10 7 3 8
613 5 6 5 1 3 8 7 2 5 9 9 10 9 1 10
512 10 1 5 9 3 3 7 1 7 2 1 6 3 9 2
385 4 6 5 1 1 5 3 4 4 3 1 1 9 9 7
489 10 5 9 10 6 2 1 4 3 2 8 1 3 5 3
554 8 9 3 2 5 10 1 10 9 6 7 4 10 6 2
516 7 6 4 7 5 5 4 4 3 6 5 3 4 10 3
618 7 4 7 7 8 2 7 8 6 6 5 10 5 7 4
527 9 8 4 1 5 10 6 1 2 7 4 4 9 10 1
660 8 7 2 10 8 8 6 1 2 8 10 5 7 7 9
564 7 3 3 5 4 9 5 8 9 1 3 7 8 8 8
419 2 6 2 9 3 10 4 8 5 5 2 4 1 4 3
441 6 7 2 2 6 8 10 7 1 4 1 1 3 4 5
25
551 5 1 8 8 6 5 6 4 4 7 1 8 9 10 5
543 4 5 9 2 2 2 3 9 10 8 9 8 5 1 7
589 8 1 1 4 10 2 5 4 7 4 8 4 10 10 10
574 9 4 7 6 6 10 4 8 3 4 4 7 1 8 3
558 4 4 8 2 9 6 10 8 1 5 5 6 1 4 6
603 10 6 8 9 3 2 6 3 6 7 6 7 9 5 4
464 2 7 10 4 9 2 4 8 2 4 2 7 3 1 6
471 8 5 1 10 8 3 5 2 2 7 10 3 2 2 1
629 8 9 4 9 10 9 7 1 8 2 6 6 4 2 6
570 10 2 10 3 7 5 1 10 5 4 7 9 3 8 2
464 1 4 1 2 9 5 9 10 1 1 6 9 5 4 1
430 2 5 3 2 4 4 8 3 2 5 1 6 2 9 7
648 10 1 4 3 8 1 10 5 10 4 9 4 4 2 10
519 3 2 8 6 2 8 1 2 8 8 10 6 10 2 3
479 2 9 4 4 5 7 8 3 3 3 4 2 1 5 7
451 1 3 1 6 9 3 9 10 2 8 8 4 5 3 2
602 6 8 4 5 9 9 7 10 7 7 7 4 10 1 3
360 3 1 3 3 8 2 1 9 1 5 3 6 4 6 3
575 8 9 3 2 6 9 8 10 10 10 5 2 2 3 1
504 5 5 5 5 2 6 2 8 5 6 6 5 9 10 6
581 4 9 9 8 4 6 4 8 4 3 5 3 6 3 10
550 10 6 10 4 1 6 5 8 10 7 4 3 2 7 1
540 10 3 2 4 7 9 2 8 4 8 5 2 9 9 7
504 6 1 7 1 7 10 5 1 9 5 2 8 6 3 4
494 2 1 2 2 4 8 8 9 9 9 3 7 7 1 5
25
494 2 10 1 3 3 5 3 6 2 5 6 7 8 10 10
508 1 2 1 8 8 5 7 10 5 8 2 2 10 10 7
542 4 2 4 2 9 8 4 3 7 7 9 3 1 10 7
483 4 1 2 3 1 7 8 10 1 5 7 4 2 9 7
559 6 3 3 8 10 2 7 9 2 8 9 1 7 7 8
603 1 8 5 7 4 6 9 2 9 6 9 4 10 2 8
523 10 5 3 4 10 6 1 2 2 8 6 9 5 3 2
649 2 10 10 5 10 5 4 2 10 6 9 9 5 1 8
529 6 5 10 10 7 7 8 3 2 4 2 2 4 5 4
577 10 8 6 8 2 4 5 8 2 7 10 5 2 3 4
665 2 5 10 1 8 6 10 5 8 7 9 7 5 10 6
487 3 3 7 3 5 8 4 8 5 4 3 9 4 10 2
387 4 3 8 5 1 9 3 1 6 9 1 1 4 2 3
542 6 7 9 9 9 1 4 7 4 9 3 7 5 2 4
576 4 9 9 3 10 5 5 3 4 1 6 9 5 5 4
559 3 8 8 1 8 6 10 10 4 8 2 9 2 10 1
454 4 4 1 3 3 7 3 9 10 10 3 2 9 8 4
582 1 2 10 10 8 9 7 3 9 6 3 1 7 7 5
627 8 10 7 4 2 10 6 6 3 2 1 10 6 10 5
612 8 3 5 6 6 7 8 3 5 1 10 5 7 9 2
552 9 9 4 6 9 4 5 10 4 1 3 10 3 6 2
433 3 4 4 1 4 10 9 1 7 1 1 4 5 5 1
449 5 3 3 9 1 2 1 5 7 3 5 6 5 2 8
531 5 10 1 5 10 1 4 2 2 6 7 10 10 10 4
490 3 5 5 5 6 10 9 4 6 4 1 2 4 2 6
25
646 4 10 10 5 5 10 1 7 8 8 8 5 2 8 9
546 2 9 6 6 2 6 10 5 2 4 6 10 10 1 3
499 4 3 8 8 10 1 9 9 4 3 2 1 8 3 4
559 9 3 7 2 3 3 6 2 7 6 7 9 3 9 4
530 6 6 3 10 9 10 1 2 9 3 4 5 5 4 5
526 9 1 8 5 6 3 2 5 6 7 2 10 3 7 6
616 8 9 3 8 10 2 7 6 8 6 7 4 2 10 3
603 9 9 5 1 7 9 4 4 3 7 7 1 8 6 10
507 6 1 10 2 10 2 6 3 7 4 1 9 5 2 2
477 6 2 8 7 3 4 4 6 3 10 5 4 5 6 1
637 5 3 4 10 10 6 9 4 10 6 10 3 2 9 2
530 2 3 9 1 7 1 6 8 4 9 7 5 5 9 7
515 10 5 10 1 1 4 1 4 10 6 9 4 2 3 6
513 5 5 3 8 5 1 5 6 7 9 8 5 5 5 6
545 10 7 10 4 6 2 4 1 4 10 8 5 10 1 2
514 2 8 4 10 2 4 3 4 10 10 3 9 10 7 4
518 10 4 6 10 2 7 2 1 9 1 2 7 7 9 1
523 6 3 3 6 1 10 6 3 5 1 10 8 8 5 2
584 10 8 10 1 9 1 5 4 2 8 9 9 5 4 3
502 8 5 4 10 3 4 2 1 4 9 5 6 6 7 2
349 3 9 5 2 5 1 1 4 4 5 1 2 4 1 10
528 7 6 2 1 3 4 6 1 10 9 7 2 9 5 7
548 7 5 3 3 6 4 7 8 1 10 9 3 2 4 9
442 8 6 2 2 4 6 6 3 2 7 1 4 10 4 2
565 2 3 1 1 5 10 8 7 5 2 6 6 6 10 10
25
524 4 6 10 2 2 5 5 7 8 6 10 1 3 6 4
604 4 1 7 4 3 8 9 2 5 10 9 5 7 8 9
594 7 4 7 7 9 3 10 7 9 6 5 1 6 9 4
437 5 9 2 8 10 1 4 3 2 4 5 3 3 5 1
540 3 8 5 7 6 5 10 4 1 2 6 2 2 8 10
500 9 9 7 3 3 6 1 6 2 3 5 1 5 7 10
476 4 2 2 10 9 6 7 2 3 2 1 4 8 3 7
570 2 3 4 2 5 8 10 2 4 7 8 9 6 10 2
618 1 8 3 7 1 9 9 4 2 7 10 9 8 6 10
500 10 1 8 9 1 1 7 5 2 4 5 6 1 1 6
514 6 4 2 5 5 7 3 3 2 6 7 6 10 6 4
614 10 5 1 7 7 10 2 1 10 3 8 5 9 8 4
590 10 1 2 9 6 5 1 7 9 10 7 4 10 2 8
494 7 4 10 3 3 3 10 1 3 5 5 4 1 1 2
591 2 6 8 5 9 10 5 3 9 2 5 2 2 7 9
387 1 4 3 2 8 4 1 8 5 4 1 7 1 8 6
741 9 4 10 4 6 8 8 5 10 7 9 7 9 7 7
502 6 10 9 6 2 6 8 8 2 4 2 4 2 2 3
591 1 4 10 7 8 9 7 6 10 5 2 7 6 9 4
451 5 9 2 1 8 8 3 6 4 1 5 8 4 5 1
552 9 3 10 6 4 3 8 7 9 7 1 5 7 4 4
464 3 3 4 2 10 4 4 10 7 9 4 4 10 5 3
579 9 9 4 10 1 2 4 7 9 9 3 6 7 2 8
552 4 9 10 4 6 2 2 7 6 1 8 7 5 8 6
589 9 5 5 5 6 7 2 5 3 8 10 6 9 1 7
25
692 5 8 7 6 8 4 8 2 10 4 10 10 3 2 7
429 5 3 1 6 5 6 5 6 2 8 5 2 3 1 8
583 3 1 7 7 3 8 10 10 10 1 3 9 7 5 6
475 6 2 1 3 10 4 5 8 10 10 8 4 2 2 2
406 3 1 9 3 9 2 2 3 7 5 9 1 3 3 3
505 6 2 4 4 1 5 4 9 2 6 10 5 10 6 7
630 10 3 9 6 7 6 3 10 1 5 8 5 4 10 9
437 5 3 3 7 9 5 5 8 4 3 2 2 1 1 8
556 2 7 8 8 8 2 5 6 10 3 9 2 10 4 6
548 6 6 4 1 5 10 9 3 5 8 7 1 1 3 10
654 8 7 3 5 8 6 6 10 8 4 8 6 6 10 6
437 3 4 5 1 8 7 5 4 3 4 2 3 9 3 4
627 9 7 6 1 9 8 4 8 2 6 7 10 8 2 7
595 6 9 3 10 4 3 5 3 1 6 8 10 2 8 9
554 7 8 3 9 2 8 7 2 6 4 6 7 2 2 4
424 3 6 5 7 1 1 10 3 2 6 5 1 10 9 1
589 8 5 9 5 6 5 6 8 3 1 9 8 6 2 2
596 9 10 1 7 7 1 9 1 1 9 2 10 7 5 6
607 6 8 9 10 1 7 5 10 1 10 6 10 3 7 5
518 5 1 7 2 1 8 10 2 2 5 5 2 3 4 10
510 5 4 1 2 10 3 1 5 1 10 8 9 7 4 7
524 7 2 2 5 1 3 10 1 9 7 9 5 2 4 6
584 7 8 9 1 6 9 6 4 5 7 10 3 3 1 6
664 5 10 6 3 4 10 7 3 9 3 6 3 8 10 9
288 4 6 1 9 1 6 1 3 4 2 1 1 1 5 2
25
514 2 8 2 10 3 4 8 4 1 7 2 8 9 7 5
610 4 5 8 7 6 6 8 1 8 6 9 1 1 5 8
408 8 3 2 3 6 5 2 6 3 5 2 4 3 7 5
518 2 7 10 1 1 4 8 6 3 5 8 4 7 4 6
497 10 7 8 4 2 8 1 3 2 9 2 3 6 8 6
504 9 6 7 1 10 4 4 4 1 9 7 1 10 2 6
598 10 10 4 1 1 8 4 7 10 2 5 6 7 4 9
610 7 8 6 8 1 10 3 9 3 3 6 7 7 7 10
534 5 5 9 7 9 5 5 5 4 5 6 3 5 10 2
545 1 1 3 7 1 6 10 8 7 1 3 10 6 7 9
468 3 1 7 10 6 3 2 7 8 10 1 5 9 6 3
546 10 10 8 7 2 9 1 5 3 3 3 3 10 6 7
493 3 5 8 1 4 4 6 2 6 3 1 9 10 10 3
493 6 7 7 2 4 10 3 4 1 9 3 7 9 6 3
567 3 6 7 5 10 6 5 6 9 5 1 10 3 9 5
491 1 7 1 1 10 6 6 4 1 5 10 8 7 10 1
608 2 10 10 1 7 6 5 8 2 5 8 9 7 10 8
576 10 10 9 1 2 8 4 1 6 1 3 10 4 4 6
546 10 3 9 8 3 2 4 6 3 5 5 6 6 4 7
626 8 9 1 8 5 7 3 4 8 8 6 9 3 5 10
524 9 7 7 1 2 6 6 1 5 3 9 3 9 8 1
499 9 1 2 9 2 5 9 1 1 7 8 1 7 7 4
445 4 4 2 9 1 2 5 7 5 10 9 1 7 4 4
505 6 5 4 3 4 4 8 5 4 2 6 8 1 3 7
642 6 9 10 8 6 6 6 3 6 8 5 6 7 2 8
25
380 7 3 6 9 1 2 1 3 3 4 3 2 3 6 5
618 5 1 8 9 2 10 5 1 9 10 10 3 6 3 8
526 3 1 4 8 7 2 6 6 4 8 8 7 5 6 6
555 7 2 9 7 9 7 7 4 1 3 1 10 1 5 4
599 8 9 6 2 8 5 10 1 3 3 5 8 5 9 3
481 9 2 1 3 3 6 7 3 1 4 7 3 7 1 10
566 4 2 4 5 4 10 8 3 8 7 2 10 4 2 6
443 7 4 1 7 10 1 2 8 3 2 6 2 7 2 9
607 7 5 5 3 7 5 4 4 6 10 10 6 7 7 6
507 8 3 6 7 9 1 4 8 3 5 9 4 5 2 5
523 1 7 4 4 4 3 5 5 9 6 8 10 9 6 3
626 9 3 7 8 5 2 4 4 7 7 7 5 9 9 7
570 7 4 3 2 10 8 4 3 6 3 6 3 5 4 10
493 6 10 2 10 2 5 1 10 4 8 5 4 2 1 10
626 10 4 9 8 7 9 8 5 2 6 2 8 6 2 6
660 10 6 9 1 8 10 7 2 7 9 4 9 9 1 7
496 9 1 2 5 2 3 10 5 6 7 6 2 6 9 2
372 5 1 4 1 1 1 4 10 3 4 8 5 7 1 2
563 7 9 2 8 10 3 4 4 10 8 1 3 1 6 9
442 5 3 7 7 7 2 1 10 4 7 7 1 4 1 7
470 3 7 7 6 8 1 9 4 5 4 4 2 4 3 3
486 2 7 4 3 5 6 9 3 10 10 4 6 7 3 1
502 8 7 1 2 8 3 2 6 9 7 9 1 9 3 5
571 1 9 9 7 4 5 9 2 1 4 2 8 9 6 7
555 2 10 7 6 7 9 9 6 4 5 2 1 4 9 8
25
620 7 10 4 1 10 1 9 5 9 9 5 8 4 7 7
457 7 8 4 6 1 4 9 3 8 6 2 2 1 4 1
616 8 4 8 7 7 8 7 3 3 5 4 3 5 10 9
402 9 10 4 3 1 6 2 3 7 1 1 4 1 3 2
646 3 10 10 2 8 10 10 9 7 7 4 4 1 2 8
456 2 3 1 9 10 7 1 2 2 10 7 6 7 2 2
453 10 4 3 5 4 1 3 10 7 1 1 7 6 5 1
565 6 10 1 8 3 9 6 6 4 6 5 4 5 5 6
653 10 3 9 6 10 7 7 7 3 10 8 5 3 10 2
510 6 6 4 2 1 9 9 10 1 2 7 8 6 6 1
550 3 7 7 5 8 7 4 6 7 7 1 8 7 7 3
593 6 5 5 6 10 10 7 9 3 4 8 9 4 2 2
697 8 10 9 1 9 4 8 8 2 8 10 10 2 3 8
616 10 7 8 5 1 9 7 2 9 1 3 5 2 6 6
518 2 4 2 8 8 9 8 2 8 7 9 1 5 3 3
517 9 3 6 10 1 4 2 7 10 5 2 2 1 9 5
499 7 2 6 1 6 3 7 4 6 7 2 7 10 4 2
505 7 6 8 6 7 8 1 5 1 6 7 1 7 8 2
447 2 10 6 2 9 5 8 5 4 6 2 5 8 2 1
432 3 9 3 1 4 5 2 7 8 10 5 4 6 6 1
573 7 10 6 3 1 8 10 6 2 2 7 4 3 8 3
590 1 8 10 3 2 9 9 8 2 8 4 1 5 9 10
552 3 7 2 2 9 2 7 7 5 9 10 10 4 6 3
596 4 3 10 3 10 4 5 7 7 4 4 9 7 3 8
529 9 4 10 1 10 9 3 8 4 2 10 2 6 1 2
25
595 1 4 7 6 6 10 9 4 7 8 9 4 5 3 5
554 10 3 8 8 7 8 3 7 4 6 8 3 2 4 2
583 10 1 3 10 4 1 8 3 7 10 10 4 7 8 3
485 9 4 2 3 6 5 3 10 4 2 3 8 1 7 3
512 8 9 4 9 1 3 5 4 6 2 2 5 7 5 6
514 10 2 5 9 6 6 3 1 2 7 10 2 1 2 6
635 8 9 5 2 3 7 8 6 9 5 7 3 8 7 7
606 3 5 5 9 10 6 8 3 6 2 1 6 9 7 10
501 3 4 2 7 6 6 6 10 7 6 7 1 5 4 4
538 10 9 6 6 9 6 3 1 9 3 2 2 3 2 6
636 10 10 7 10 1 9 5 3 5 4 1 8 10 2 9
426 7 9 2 4 4 7 2 6 1 10 7 1 1 7 3
463 5 2 10 2 3 8 1 3 9 7 4 5 4 1 5
623 7 3 4 7 7 7 5 1 6 2 8 9 4 4 8
641 3 9 5 7 7 8 9 10 6 6 10 3 7 6 5
537 5 10 6 8 3 7 6 9 1 5 2 3 8 4 9
424 9 6 4 4 5 1 2 2 1 1 1 2 1 8 9
596 7 3 8 8 9 9 3 5 8 4 4 1 3 8 8
567 7 8 9 7 5 1 7 7 5 1 6 4 6 8 4
558 9 2 8 1 10 4 7 7 5 7 1 5 5 8 3
467 1 7 9 5 7 10 4 2 6 2 2 5 7 1 2
540 8 10 2 9 3 2 6 10 8 3 7 1 5 9 3
630 8 6 5 4 2 7 8 1 8 3 10 3 9 10 8
478 1 8 8 10 1 9 1 7 1 5 6 9 4 3 3
491 9 7 5 2 10 7 1 3 2 9 2 3 9 5 4
25
541 3 1 9 8 3 3 4 8 5 1 4 7 8 10 9
606 6 9 6 9 5 8 10 2 3 7 10 1 2 2 4
591 10 4 6 9 1 10 1 8 4 3 7 7 3 2 9
382 6 2 2 7 3 1 6 5 4 7 2 1 3 3 6
494 8 8 6 1 4 2 8 10 7 1 2 1 1 4 8
611 4 2 4 4 4 10 9 10 4 1 1 8 10 9 10
522 8 9 10 7 4 4 3 1 3 8 3 7 5 9 1
619 4 2 8 6 10 9 9 2 3 7 1 8 9 9 6
561 1 6 5 4 7 9 5 2 3 5 10 7 9 3 6
497 2 6 6 8 2 4 9 4 1 9 4 1 7 2 8
454 5 5 4 1 8 5 2 3 7 3 3 1 10 4 10
592 4 5 4 3 7 7 3 9 6 8 7 6 10 8 9
661 9 1 5 7 9 10 7 7 5 3 9 9 5 6 4
488 1 8 4 6 8 6 2 5 6 4 2 5 4 8 8
492 4 7 2 7 8 1 2 9 3 4 4 8 8 6 7
585 7 2 5 5 3 9 4 7 6 10 9 4 4 10 7
624 9 5 5 1 10 8 8 9 5 9 3 8 3 7 4
632 6 2 9 4 10 6 7 6 10 4 4 4 9 1 10
619 8 1 7 10 7 5 7 9 2 5 8 8 2 3 8
639 9 10 6 8 8 9 10 5 2 2 2 1 5 9 9
603 9 1 5 10 8 4 10 3 1 2 8 5 10 7 5
575 7 9 5 9 2 3 3 10 9 6 1 8 6 9 7
515 7 8 2 6 2 1 8 6 2 3 9 1 1 1 10
548 5 8 6 2 4 9 7 10 1 2 6 2 10 10 6
517 9 3 2 1 7 6 7 2 4 7 5 9 9 4 2
25
519 9 2 3 5 8 1 9 10 1 6 1 2 7 1 10
467 6 10 5 1 10 2 5 6 7 3 1 3 1 4 5
498 3 1 9 4 4 7 8 8 10 9 5 1 4 2 1
434 4 8 2 4 1 5 3 10 6 5 7 2 1 9 1
572 4 8 5 7 2 10 2 3 6 8 4 9 3 3 9
613 4 4 3 7 5 9 6 6 4 9 10 6 9 3 8
487 6 2 7 6 2 2 4 7 8 1 5 10 2 9 3
613 8 5 7 5 6 4 9 3 6 7 8 5 9 6 4
462 10 1 1 1 3 4 5 7 2 3 6 6 2 1 7
571 2 10 4 2 8 10 4 4 6 3 9 10 6 2 5
618 8 10 9 10 3 8 8 6 7 7 1 6 5 1 3
547 3 6 10 6 1 5 1 5 3 8 9 10 10 5 6
658 8 5 8 4 6 1 9 7 10 6 6 4 9 9 9
586 2 8 4 6 3 6 7 8 9 9 8 1 5 10 9
423 1 6 3 6 3 7 2 5 2 3 7 9 4 3 4
605 7 9 4 4 1 10 10 6 2 9 1 9 7 2 8
624 3 1 6 9 9 6 8 4 3 4 7 7 7 9 9
718 3 9 10 10 10 6 7 10 4 9 6 9 7 9 8
635 3 5 6 10 9 10 8 3 2 1 5 10 9 2 6
390 10 5 8 3 4 6 2 8 3 1 1 1 5 5 1
649 8 8 3 2 8 8 6 7 5 2 4 8 8 10 10
395 1 5 9 5 1 4 4 4 5 1 4 1 10 4 4
432 4 10 2 7 1 6 3 8 1 9 2 3 1 1 10
552 1 1 10 8 1 9 7 3 10 8 6 5 5 3 4
497 3 10 3 9 7 9 2 8 4 10 2 5 1 6 4
25
564 8 5 5 3 1 10 3 2 2 10 10 5 3 6 7
568 5 3 1 5 8 5 7 6 7 4 7 10 9 3 6
500 6 7 3 3 2 5 9 6 9 10 4 1 6 3 2
621 4 9 6 8 4 1 9 1 6 3 10 9 8 1 7
525 8 1 5 5 3 1 4 8 7 5 7 7 10 8 5
429 1 4 1 4 3 6 3 9 6 1 8 5 4 4 5
582 3 7 9 6 8 5 7 3 3 7 5 8 3 10 3
548 9 2 4 4 7 6 4 3 4 9 6 9 1 8 3
451 4 8 4 2 2 7 1 8 6 1 8 1 5 9 7
589 4 6 2 4 9 7 10 3 2 9 10 5 4 6 3
630 2 4 7 7 7 10 4 5 10 7 4 6 4 6 10
523 1 2 7 9 7 2 9 9 3 3 5 9 1 8 5
615 9 2 8 5 7 9 2 10 6 9 6 5 10 8 3
655 5 10 9 10 9 1 7 9 8 6 6 3 4 10 5
651 2 6 7 7 8 7 5 4 10 1 10 7 7 3 10
535 5 7 7 3 1 7 7 5 10 6 1 10 4 1 3
689 7 6 9 1 10 10 8 3 2 1 6 10 3 8 8
544 10 2 3 9 9 3 8 1 1 9 5 4 5 9 2
509 7 5 7 9 2 10 4 5 3 1 6 7 9 2 1
542 6 9 5 8 3 3 6 3 6 1 4 10 5 6 5
564 3 8 6 9 10 6 5 6 5 10 3 6 10 8 3
565 5 3 9 2 6 1 7 3 1 6 3 9 3 10 10
478 4 7 6 8 3 6 4 5 1 1 3 1 2 10 9
500 2 9 2 2 5 6 10 5 9 2 3 10 6 1 1
489 4 6 4 3 2 7 2 7 2 9 8 4 10 1 7
25
562 6 1 3 10 3 6 1 7 6 10 6 6 9 9 7
434 8 1 9 6 5 1 1 10 7 6 5 2 4 2 3
478 5 7 4 9 1 2 7 8 1 3 3 9 2 7 2
550 3 3 9 8 5 3 3 7 3 7 5 4 9 10 8
533 8 1 1 8 1 8 7 7 2 4 6 10 2 5 7
548 4 8 9 2 6 3 4 7 8 6 4 9 10 4 3
669 7 6 5 3 8 10 8 10 3 8 7 7 5 1 10
631 10 1 8 2 9 9 7 4 5 7 1 6 10 4 8
452 5 8 1 2 8 3 8 9 4 9 3 1 5 10 2
447 7 4 7 4 7 1 1 6 7 4 1 7 9 8 2
559 8 5 7 8 4 1 8 10 1 5 2 4 10 10 4
480 9 1 4 4 7 1 5 10 2 5 2 7 1 9 4
580 8 1 5 6 10 10 8 9 5 2 3 7 9 6 2
505 8 9 3 6 6 1 10 3 2 2 1 4 10 7 2
562 7 3 6 1 9 10 8 6 4 4 2 1 6 2 10
573 6 9 2 10 5 5 5 3 6 2 2 10 6 5 7
557 5 4 9 9 5 5 10 3 1 5 4 1 4 3 10
605 4 1 1 9 9 2 7 4 8 2 10 9 2 7 9
606 9 8 2 7 5 1 6 10 8 3 4 6 10 7 10
537 7 1 9 1 9 3 3 1 8 7 10 1 3 10 7
530 3 3 9 4 10 4 9 3 7 2 2 6 9 5 4
406 2 1 1 2 9 7 2 5 10 8 9 3 5 1 2
469 1 9 7 10 5 1 3 8 9 2 8 6 2 1 3
522 5 10 2 8 1 1 1 4 5 9 6 10 2 6 7
531 6 10 6 2 2 4 10 9 6 2 4 2 4 4 7
25
475 6 6 9 4 3 10 4 2 2 7 3 2 9 6 3
673 10 6 10 7 9 5 1 3 6 4 9 10 8 5 5
672 7 10 9 6 3 10 7 3 9 1 8 3 10 10 6
535 9 3 3 5 8 1 7 8 7 6 1 5 3 2 9
476 2 6 8 7 1 4 8 4 8 4 6 4 3 1 3
455 3 5 10 9 1 2 2 7 4 9 1 10 9 3 1
572 2 3 7 10 9 8 5 1 5 8 10 1 2 7 7
443 7 3 1 2 6 10 2 3 5 2 1 7 10 7 2
560 6 8 10 8 2 2 9 4 9 7 8 1 7 5 2
671 10 3 10 4 10 5 7 1 10 5 10 3 5 10 1
553 2 7 4 9 8 6 10 7 1 4 7 6 10 1 3
473 4 10 6 2 2 3 9 3 2 2 7 5 4 2 4
480 10 5 2 8 7 5 4 1 7 4 1 4 2 1 7
585 8 6 10 9 4 3 1 7 5 8 4 7 6 3 8
487 7 3 4 6 3 6 4 5 10 4 3 4 9 9 2
356 2 4 4 5 1 1 2 7 6 8 4 2 10 9 3
474 5 9 2 5 5 3 4 8 9 5 10 1 3 1 6
474 3 1 2 8 3 1 6 1 3 9 6 3 9 10 7
661 9 6 10 6 9 3 3 1 3 8 10 10 9 10 5
680 10 9 6 5 8 9 8 6 7 6 3 6 6 5 6
596 9 4 7 3 6 5 10 4 6 5 5 8 8 1 2
655 7 8 10 7 6 9 9 6 4 10 10 4 4 5 3
658 10 9 9 10 8 4 5 1 2 8 2 8 7 10 7
510 5 8 6 2 10 5 5 4 2 7 3 6 9 10 2
481 7 1 6 8 2 1 7 1 3 6 4 6 5 5 5
25
508 4 8 1 9 3 1 7 9 5 4 6 9 10 4 3
388 4 3 2 2 2 3 5 2 6 8 1 1 7 2 10
456 5 2 4 1 10 7 6 8 4 7 2 7 4 1 1
591 6 8 1 10 8 4 5 4 4 2 6 10 7 10 5
425 2 10 4 2 2 2 3 7 7 3 6 6 1 9 2
481 7 2 3 2 6 5 5 4 7 5 5 8 1 3 5
622 3 6 6 7 3 4 9 10 7 2 4 10 8 7 8
451 9 3 6 5 1 5 8 5 6 7 3 1 4 1 4
481 6 9 2 9 8 3 3 5 3 3 3 10 2 4 1
547 6 3 6 2 3 8 2 6 7 1 10 8 2 8 8
553 6 10 9 9 6 9 2 3 1 1 4 10 7 4 3
719 6 9 10 8 9 6 10 5 7 3 9 1 9 2 9
487 2 2 10 7 1 10 7 9 2 7 2 5 2 7 4
451 5 7 10 1 8 1 3 2 3 10 2 9 2 5 1
629 3 10 3 8 8 10 6 3 6 10 6 3 7 8 7
547 8 1 1 8 6 8 4 10 3 7 10 6 8 8 2
615 7 4 1 9 3 8 7 10 1 3 10 10 3 10 7
653 10 7 6 1 3 8 10 7 5 7 4 10 10 3 5
458 7 5 1 5 1 8 2 8 7 5 8 2 3 7 3
655 8 9 6 10 7 9 2 1 10 7 8 1 7 9 7
546 6 1 5 7 4 8 9 3 6 7 1 3 8 10 5
521 4 8 7 6 1 3 7 4 2 9 7 7 3 9 3
567 3 5 8 3 9 2 2 7 8 2 10 10 4 4 7
535 2 5 4 10 4 2 5 2 7 3 4 7 6 10 7
565 1 10 6 5 9 7 10 6 3 3 5 10 9 3 1
25
595 3 8 8 8 9 5 4 6 3 8 8 2 5 7 9
555 2 7 10 2 5 6 5 9 1 2 10 7 7 8 5
484 8 7 8 1 6 10 2 1 3 1 9 4 3 2 1
566 1 6 8 9 6 9 4 4 7 4 9 5 3 9 3
527 7 7 1 5 3 10 5 5 4 2 5 4 2 8 7
466 2 6 9 3 1 1 5 8 6 5 2 8 6 5 7
560 7 7 3 5 6 10 9 3 3 10 5 3 10 6 1
490 2 9 1 5 1 3 4 4 5 8 4 10 10 5 9
552 7 9 10 4 2 3 10 4 5 6 1 3 5 10 2
589 4 10 5 8 4 1 1 7 8 9 10 5 10 1 10
580 6 7 2 3 8 6 9 7 4 4 7 4 7 3 9
615 9 8 7 8 8 5 6 7 7 3 2 7 3 7 3
419 4 10 6 1 2 8 1 10 3 4 10 4 3 2 1
525 5 8 1 5 7 4 9 5 4 6 7 3 7 10 2
661 10 5 7 8 1 6 4 4 9 6 7 8 10 9 4
474 8 4 8 9 6 1 5 8 1 8 1 10 7 1 1
432 6 10 1 3 9 2 1 7 4 4 1 3 1 2 9
557 3 4 7 6 7 7 8 2 8 6 2 8 2 1 6
509 4 3 5 4 1 5 9 2 2 5 1 8 10 6 7
662 7 9 8 5 3 9 8 6 9 9 5 7 2 1 7
661 8 10 8 7 7 4 8 10 7 2 4 8 8 4 4
590 8 3 3 4 4 7 2 2 2 10 8 10 3 10 9
554 6 7 6 4 3 2 10 10 10 1 9 4 3 1 3
476 6 9 2 1 8 1 2 5 2 8 7 4 5 1 9
522 10 5 3 5 9 7 2 10 2 10 5 5 5 7 1
