100 20
500 500 500 500 500 500 500 500 500 500 500 500 500 500 500 500 500 500 500 500
10
781 8 7 8 2 10 7 10 4 7 8 3 10 9 6 8 4 6 3 6 9
699 5 7 5 8 1 1 5 2 10 8 2 5 9 7 9 9 8 3 1 8
562 1 1 4 4 9 9 3 2 2 8 6 4 1 2 3 8 2 8 5 9
641 5 4 6 1 4 9 8 4 4 9 4 2 2 7 4 3 9 8 7 3
681 3 9 6 4 5 9 2 8 7 3 10 2 6 4 4 4 9 3 9 6
770 8 2 3 3 5 8 7 8 7 9 4 9 6 8 10 10 4 9 6 3
704 2 6 3 4 1 4 10 5 7 7 4 7 7 2 10 4 8 9 10 10
724 2 3 6 4 7 7 9 5 9 8 3 2 9 1 4 10 9 9 2 7
663 7 5 2 6 7 8 6 5 1 8 10 8 5 2 2 6 1 4 7 8
578 3 3 4 8 1 5 2 1 8 9 1 1 6 7 1 6 8 6 7 1
10
734 10 1 3 7 10 5 2 4 9 9 6 7 2 10 10 2 8 8 5 2
693 6 2 6 6 8 7 1 8 2 5 2 10 5 1 5 9 6 8 2 9
659 7 2 9 8 6 3 1 1 8 1 9 2 1 10 1 9 9 1 5 7
695 6 3 3 10 2 2 5 1 2 9 3 6 6 1 10 10 9 10 9 6
746 4 5 9 4 6 7 6 4 8 5 8 2 7 8 4 4 9 4 9 8
586 10 6 2 4 8 10 2 9 1 3 8 1 1 10 9 3 2 5 4 2
818 4 10 4 6 7 6 8 7 10 5 5 5 9 9 1 9 10 6 3 10
695 6 8 7 5 9 6 10 3 9 2 5 2 5 6 7 8 2 10 3 4
530 3 5 2 1 4 3 8 1 7 5 1 6 9 1 10 2 7 8 6 5
617 5 4 3 9 4 2 2 3 8 10 1 6 2 9 10 5 7 4 4 1
10
679 3 1 7 10 7 9 7 8 1 1 9 4 8 2 1 8 4 5 3 5
637 2 7 9 5 1 7 3 10 3 3 9 9 9 2 3 3 3 10 5 4
669 6 5 6 5 5 6 1 8 3 5 6 5 10 10 1 9 4 6 6 4
596 10 4 3 4 2 4 4 10 1 8 4 5 5 5 9 3 2 5 7 8
689 2 4 7 10 6 3 7 1 4 4 3 10 7 8 10 9 2 9 8 8
684 6 1 9 3 6 3 4 5 5 8 2 6 6 5 1 7 7 4 6 9
772 8 8 7 1 5 9 7 9 2 7 9 9 10 3 5 4 8 9 4 6
600 5 7 2 1 5 2 5 7 8 1 1 2 5 6 8 10 4 5 9 5
621 3 3 4 6 4 2 5 5 6 9 7 8 8 10 8 4 6 2 5 5
621 7 10 4 3 5 4 6 8 7 3 6 10 7 9 9 4 1 4 3 10
10
684 5 5 5 4 5 6 8 6 2 3 9 10 7 8 9 3 6 3 10 4
520 6 9 2 3 1 1 4 2 3 5 3 8 3 5 7 8 1 3 4 10
582 5 4 3 8 10 2 8 1 1 7 2 9 10 8 7 6 1 7 3 3
617 1 8 3 5 2 6 8 8 6 2 3 7 7 5 2 6 7 8 1 7
635 7 1 6 3 10 10 6 6 4 7 5 2 5 3 9 1 7 10 4 1
620 3 1 1 10 1 10 10 1 5 3 2 10 10 7 9 1 7 2 3 2
580 5 1 7 4 2 3 3 6 5 4 3 6 9 1 4 6 6 9 1 6
612 8 5 7 3 3 2 4 1 5 6 10 9 8 1 9 3 5 5 3 6
684 6 5 1 8 1 8 3 8 5 5 2 4 3 6 6 7 9 6 7 10
595 6 10 7 4 8 1 9 6 2 1 5 6 1 3 4 2 3 10 4 10
10
599 8 6 4 4 5 4 7 4 2 1 8 2 2 4 8 2 9 8 5 7
582 2 1 7 7 7 6 2 6 5 9 5 1 1 7 7 1 8 7 2 2
789 9 5 9 8 1 6 8 10 8 6 4 5 10 6 6 10 2 2 5 7
781 10 4 9 6 8 7 9 8 5 9 6 1 3 8 4 5 7 1 8 5
744 2 6 1 2 4 3 7 9 9 9 6 4 5 7 9 10 5 8 9 10
668 5 5 4 5 6 3 6 5 7 9 9 4 9 7 2 2 3 6 9 7
741 9 6 6 3 3 3 7 10 2 10 9 9 6 5 2 5 3 4 10 5
692 10 5 9 7 8 1 9 5 9 2 2 7 2 9 6 2 8 7 7 5
748 3 3 7 8 1 8 6 2 5 4 8 9 9 7 10 7 10 10 2 6
631 5 3 2 4 2 8 2 10 10 7 10 2 8 9 5 4 4 7 1 4
10
784 6 3 8 4 6 4 4 7 7 9 10 1 8 7 8 9 10 8 7 6
647 3 10 4 1 1 8 4 10 6 10 1 2 2 8 2 10 1 2 2 2
695 10 5 5 10 6 2 8 2 5 7 7 2 5 9 7 9 2 10 3 5
581 6 7 8 2 2 9 3 4 5 5 5 5 6 8 9 3 4 2 4 4
714 8 5 6 8 8 5 1 10 3 6 6 6 8 3 4 4 9 6 2 3
665 9 6 5 6 1 3 5 7 5 3 1 3 6 8 1 5 10 9 3 2
824 10 8 5 10 7 3 10 10 6 6 9 8 10 7 4 8 5 4 1 8
708 9 4 4 6 9 1 6 5 3 9 4 10 4 10 2 3 8 7 9 9
572 2 9 6 10 7 5 6 7 1 3 4 2 4 5 1 3 5 4 1 5
757 3 2 5 3 8 10 6 8 7 8 3 9 7 6 3 9 4 8 2 6
10
584 8 4 4 5 8 7 2 5 3 3 6 4 7 4 3 7 5 4 5 4
608 4 6 8 9 5 9 1 8 1 3 7 1 3 1 3 8 1 5 7 5
651 8 5 4 1 6 5 5 4 3 8 9 8 10 5 4 7 1 3 6 9
800 9 2 3 9 9 4 6 3 1 9 10 9 8 6 8 9 7 7 6 3
663 4 8 1 9 6 3 8 8 4 6 4 4 5 7 6 5 6 9 7 5
533 4 1 8 5 10 4 10 6 2 2 3 2 1 3 6 2 5 2 1 9
604 4 2 4 10 5 2 6 4 8 1 7 4 6 3 8 2 5 5 10 5
571 1 6 1 8 1 9 10 2 2 6 9 1 2 1 1 8 4 1 3 3
674 10 8 4 9 3 1 8 6 5 5 6 8 1 3 10 6 2 5 3 6
664 9 1 6 3 7 5 7 6 10 1 6 2 9 4 10 9 1 10 2 4
10
692 9 3 5 10 1 3 6 1 5 6 2 5 4 9 8 10 5 7 8 10
602 6 10 6 4 5 3 10 3 8 6 3 5 2 8 7 1 1 3 6 10
595 7 4 3 3 6 7 8 1 5 6 3 7 1 9 3 3 5 7 2 8
734 2 8 3 10 10 6 2 4 4 3 10 4 4 5 10 9 8 7 6 10
761 5 2 4 10 9 10 7 5 2 6 7 9 2 10 6 6 4 8 7 6
654 1 9 4 6 7 3 7 10 6 5 4 2 2 10 7 7 5 4 1 1
704 8 8 3 3 3 1 5 8 5 8 3 7 8 9 9 8 9 6 3 7
546 7 9 1 3 1 10 2 9 6 5 5 2 2 8 6 2 2 5 4 3
716 1 6 8 6 4 3 3 9 4 9 1 7 2 1 1 3 10 10 10 8
617 3 2 9 4 1 1 3 1 3 10 9 6 4 6 4 7 4 7 5 9
10
566 7 6 1 1 7 7 3 3 2 2 2 8 6 1 8 9 3 1 10 3
696 4 9 1 1 3 2 10 7 8 7 3 10 10 5 9 10 5 5 1 8
767 4 8 8 5 5 3 2 10 6 7 3 7 8 2 10 9 5 2 10 2
729 7 8 1 5 6 6 1 10 9 6 7 4 8 7 10 4 7 4 5 9
673 7 3 2 8 10 8 3 5 10 5 2 5 8 5 6 3 8 7 4 6
726 9 6 6 1 2 9 8 7 5 3 10 7 9 1 2 9 2 2 6 8
736 7 5 10 1 9 6 2 8 8 6 6 9 1 3 8 8 2 7 2 7
675 1 8 8 10 5 7 10 5 1 2 5 9 7 9 1 9 1 6 4 8
881 5 3 7 8 2 7 6 3 9 8 7 10 6 8 5 10 10 9 8 10
672 6 5 3 7 7 6 4 4 4 7 8 4 10 4 4 8 5 4 8 1
10
634 9 2 4 1 7 8 3 6 6 8 4 3 7 10 2 9 1 2 5 1
601 3 1 4 2 7 5 6 8 1 2 4 5 4 5 5 3 10 9 10 1
476 3 8 4 8 3 10 1 5 3 3 2 5 9 6 5 1 2 1 1 1
829 9 1 1 4 10 7 4 3 8 10 5 9 8 8 9 10 9 8 8 10
502 7 3 3 4 10 3 1 5 3 2 9 4 3 5 3 7 4 6 4 2
634 10 3 6 4 8 7 8 5 7 2 7 6 5 6 7 1 5 4 6 2
643 2 7 1 8 1 4 2 9 4 9 6 1 8 9 7 9 5 1 1 4
699 10 5 9 4 1 9 1 7 8 2 2 2 7 9 5 7 4 3 9 1
618 6 3 9 5 9 6 5 2 2 8 8 10 3 3 10 2 2 6 5 5
589 4 6 2 1 10 10 3 2 9 4 5 5 2 2 3 10 1 9 4 8
10
693 4 6 1 5 4 2 10 8 7 6 7 10 2 10 9 2 5 8 5 4
741 10 8 9 8 5 5 2 9 7 6 1 4 3 3 7 6 7 4 4 6
690 9 1 1 7 4 6 9 6 6 2 10 4 8 8 3 10 4 4 4 6
614 8 8 2 9 10 2 2 5 9 3 6 7 4 4 1 7 1 10 4 3
775 6 8 3 9 10 9 9 9 2 7 1 3 6 4 3 8 8 4 4 1
587 1 7 2 1 8 3 10 6 4 8 10 2 4 1 2 6 2 4 9 10
686 7 10 9 3 6 8 1 2 7 5 6 2 10 8 1 2 4 8 9 9
587 9 10 8 1 5 3 1 6 9 3 5 2 1 9 6 3 2 3 6 2
682 7 2 10 1 2 10 7 6 5 2 10 10 3 4 5 2 1 7 10 1
731 4 7 10 9 3 9 5 7 5 5 1 8 1 1 5 5 9 7 3 2
10
656 6 5 1 7 5 5 7 8 9 9 4 8 5 1 4 3 2 4 5 7
941 6 5 8 9 6 10 9 10 9 8 7 5 9 6 3 7 9 1 10 6
707 9 7 5 9 10 3 7 9 3 1 10 10 10 5 3 2 9 1 2 9
578 9 7 5 10 4 6 2 1 1 2 8 8 6 1 5 2 4 6 5 9
644 8 3 8 4 1 2 5 4 3 9 9 2 7 6 2 2 9 7 6 1
671 8 2 10 3 1 10 9 4 2 2 5 4 1 8 8 10 3 5 2 10
781 2 2 10 6 9 7 4 3 8 3 10 3 7 9 8 9 8 6 10 10
668 3 1 9 3 2 10 4 1 8 7 6 7 4 9 2 9 5 2 7 5
640 5 10 6 4 7 9 4 4 2 4 2 8 6 2 7 9 3 1 6 2
729 10 5 4 8 10 8 9 8 8 4 2 1 10 8 7 4 7 10 1 3
10
567 5 7 7 8 9 3 6 5 4 1 3 2 9 5 6 8 1 4 3 8
779 4 10 10 9 9 3 7 8 5 8 6 1 6 3 4 9 6 5 7 2
500 4 2 3 8 6 6 2 7 3 1 3 2 9 6 5 2 6 5 6 9
567 7 2 1 3 2 2 7 1 8 2 2 7 6 6 2 9 8 6 5 8
738 9 7 1 1 7 5 1 7 8 9 3 2 6 4 2 10 9 10 8 5
708 6 3 9 4 9 2 3 7 8 8 1 7 4 8 2 8 1 3 10 1
716 2 5 10 2 5 4 7 10 8 3 7 10 8 8 1 8 5 4 4 7
728 6 4 3 10 6 6 4 10 6 4 6 9 5 1 1 4 8 8 4 7
519 2 1 5 3 1 9 8 4 1 2 2 4 8 9 5 2 10 10 3 1
638 5 4 2 10 5 3 1 9 6 10 3 6 5 10 3 3 6 2 2 1
10
746 7 4 3 7 7 2 7 10 9 6 2 6 8 3 3 7 9 7 6 3
687 10 6 4 7 9 5 5 5 5 3 6 6 4 2 1 9 2 5 8 2
606 1 5 3 4 1 3 3 6 9 5 2 1 6 6 5 9 5 4 9 4
644 9 1 10 6 7 10 1 1 4 1 4 3 6 5 8 8 3 10 8 8
726 7 9 4 9 9 9 8 5 7 9 1 6 3 1 8 4 4 4 3 2
734 8 10 6 7 9 3 9 7 3 3 1 6 3 1 5 10 1 9 9 6
706 1 6 8 4 1 7 3 5 8 7 7 9 8 5 10 9 5 1 7 4
800 5 6 10 7 2 4 9 8 7 5 5 7 9 1 10 6 7 10 7 10
748 5 9 6 4 4 8 2 3 5 4 7 6 6 1 9 8 10 8 6 5
651 8 5 9 4 10 4 3 2 2 6 6 7 10 9 1 10 1 4 3 8
10
659 6 8 3 1 5 10 7 2 9 4 8 1 8 6 1 8 4 7 8 7
668 3 7 9 9 4 8 4 5 2 6 3 5 8 6 7 6 4 3 6 2
665 8 1 7 9 4 2 5 5 8 1 10 10 7 3 5 5 5 8 9 1
723 5 7 8 7 3 4 3 5 10 6 6 2 6 9 5 5 5 6 8 4
667 5 10 1 3 7 10 4 6 4 5 10 5 10 6 9 1 8 9 4 5
672 8 9 2 1 1 10 8 1 3 8 8 9 6 7 9 2 5 3 6 7
736 8 10 7 8 4 1 6 7 8 7 9 10 8 3 3 1 4 1 5 3
548 3 7 1 9 7 3 3 10 9 4 1 1 7 4 3 4 1 9 1 10
573 5 1 6 1 7 9 6 2 5 10 5 6 4 3 6 3 2 2 7 3
720 10 6 8 7 8 5 5 2 1 8 9 9 4 2 7 1 8 1 8 9
10
669 9 4 7 7 2 7 1 9 3 6 5 8 9 10 9 1 2 4 5 2
634 4 6 5 5 10 3 2 4 1 8 10 5 7 3 9 1 8 9 4 6
558 10 7 3 8 10 2 4 6 1 1 9 5 7 6 9 4 3 7 2 7
619 8 4 9 2 9 2 3 1 2 7 4 8 7 7 10 2 6 10 6 5
544 1 10 1 7 7 3 3 2 4 2 7 8 2 7 2 8 4 9 6 1
578 9 1 1 4 3 3 5 9 2 4 3 3 3 7 6 9 5 4 9 1
773 9 7 9 10 4 9 10 8 5 4 9 1 2 3 10 6 1 5 4 8
561 6 4 10 1 8 8 7 4 3 4 7 1 5 8 1 7 1 2 3 6
768 9 3 5 4 5 6 5 7 10 9 5 4 3 6 9 8 3 9 4 9
704 7 5 10 3 3 1 3 6 8 9 3 3 4 1 1 10 8 5 6 2
10
611 6 7 2 5 6 8 2 7 2 4 1 7 8 5 9 7 5 4 6 4
792 9 4 6 1 10 8 10 6 8 8 10 2 3 5 6 4 9 3 10 7
583 8 2 4 4 7 1 2 2 10 3 8 5 2 6 3 6 4 9 5 1
502 3 10 1 6 6 1 3 7 7 1 1 3 2 5 8 1 6 3 7 4
466 3 2 5 1 2 10 7 2 1 2 5 2 1 5 7 8 2 3 1 8
747 8 8 2 5 2 8 5 10 6 9 9 5 10 3 6 7 2 6 8 1
622 1 4 3 6 10 3 1 1 6 5 9 6 3 6 3 8 7 8 7 3
635 4 1 4 4 2 8 3 3 6 8 6 10 1 1 3 9 3 4 4 7
697 5 3 6 4 7 7 2 7 7 9 3 7 4 5 4 2 10 3 7 10
744 9 6 7 8 10 9 5 4 2 6 7 3 9 6 10 4 2 5 8 7
10
749 9 5 2 5 3 3 4 9 10 9 6 9 10 4 6 10 2 7 5 3
601 8 1 5 5 4 6 3 2 1 4 5 3 6 3 2 10 8 7 7 1
632 7 6 4 9 5 1 5 2 4 10 4 1 6 2 5 6 7 4 8 9
601 4 3 7 2 4 6 1 5 3 10 2 7 7 2 2 9 2 3 6 9
660 3 2 8 10 3 3 8 3 9 3 5 3 8 4 7 3 9 8 6 10
647 9 4 1 3 9 3 10 2 4 8 10 4 3 4 7 9 1 7 7 10
617 8 5 4 9 6 6 6 2 4 6 1 3 4 1 2 6 4 9 1 9
701 6 5 6 8 6 8 10 9 4 7 3 5 5 2 5 4 4 2 6 8
689 10 4 2 9 9 3 9 5 6 6 1 3 1 10 2 8 3 10 6 5
619 6 3 8 3 3 9 1 3 1 10 5 2 8 2 7 2 5 4 10 1
10
748 2 8 6 8 2 4 6 8 3 8 5 10 7 5 4 4 8 6 9 7
744 8 2 9 1 3 8 9 1 10 2 9 9 2 8 3 7 9 6 7 3
687 9 8 1 10 9 7 7 7 8 2 5 1 5 7 6 2 5 6 9 9
860 9 1 8 6 9 8 8 5 6 8 5 7 4 2 9 8 8 9 10 1
819 6 5 7 8 5 8 9 10 6 8 6 8 4 5 7 1 8 6 9 9
639 6 9 2 1 2 10 3 1 10 10 10 3 7 4 3 8 1 9 1 10
677 7 10 9 4 10 2 2 4 7 8 2 4 6 1 6 3 9 6 3 2
648 5 2 1 2 6 7 8 10 1 5 6 9 1 7 3 10 4 7 6 4
754 9 8 6 9 3 7 6 8 4 4 1 6 6 6 9 9 4 2 2 4
816 6 6 4 7 3 7 9 2 5 10 6 8 5 8 6 9 7 7 5 9
10
816 10 1 8 2 10 10 10 5 3 7 9 10 4 8 3 5 5 7 8 5
655 5 9 3 1 5 10 4 5 4 7 5 6 1 1 7 5 6 1 9 9
660 9 3 4 1 8 3 2 7 9 4 1 6 8 10 7 4 6 10 8 5
626 4 1 6 3 6 8 10 2 6 3 6 7 1 2 8 8 1 1 9 3
571 5 2 2 9 6 3 4 6 3 7 4 2 9 9 10 1 6 10 1 4
822 10 9 3 10 2 5 7 3 9 8 6 2 9 5 5 10 5 6 5 8
616 8 7 3 2 1 9 8 6 3 1 10 1 1 5 1 9 2 3 7 2
702 9 8 9 3 7 10 1 1 1 5 7 8 10 1 6 7 9 5 4 3
749 2 2 4 8 6 10 4 3 2 8 9 8 5 9 2 10 8 8 4 2
626 9 7 7 9 1 4 1 4 6 6 10 7 6 2 2 2 8 2 1 5
10
636 9 2 1 5 4 6 10 4 1 7 10 6 10 2 8 3 4 2 8 2
687 9 8 7 9 1 5 2 8 3 2 2 8 7 9 5 2 9 1 10 7
702 3 8 10 5 5 4 7 1 6 7 9 5 4 5 2 4 8 2 6 3
690 9 4 5 5 1 9 1 2 3 6 7 8 8 3 9 4 10 1 9 3
738 5 4 2 10 8 5 5 5 9 1 4 10 8 6 5 10 8 6 10 4
683 8 3 9 7 7 4 3 5 1 5 1 4 3 6 10 7 9 6 4 9
828 9 6 2 10 4 10 5 6 10 10 3 7 2 6 10 7 2 7 6 4
760 9 4 10 5 7 7 6 5 1 10 1 7 7 7 1 9 3 10 3 2
572 2 8 2 8 2 1 7 1 4 8 6 6 7 2 10 2 3 10 8 4
615 10 7 9 1 3 2 4 2 4 5 10 9 9 4 9 4 1 8 2 10
10
591 8 5 5 8 4 3 3 10 1 1 10 5 1 9 3 6 2 7 1 3
494 2 2 3 8 1 8 4 3 2 4 5 3 8 10 10 4 4 3 3 3
830 5 10 5 9 8 7 2 9 8 9 2 10 2 9 3 6 8 4 2 10
573 3 9 9 2 1 1 8 8 2 1 9 4 2 3 5 7 1 1 9 7
662 2 6 8 2 8 3 2 8 9 2 7 5 5 5 10 10 3 3 7 3
520 1 1 1 1 9 2 2 4 3 10 10 5 5 3 5 6 7 4 1 9
873 7 6 7 6 9 9 7 7 9 8 1 1 1 1 5 9 10 9 9 2
700 5 9 9 6 6 9 9 6 8 2 10 4 9 10 1 2 1 4 10 8
762 10 6 9 1 9 5 10 5 7 8 2 4 5 2 6 5 7 10 7 10
755 9 9 1 5 1 7 8 6 9 9 7 3 2 9 9 4 9 3 5 6
10
538 2 6 4 1 6 7 5 4 2 2 9 1 10 3 3 3 8 7 6 10
681 8 9 7 9 4 1 7 9 5 5 2 1 10 7 7 2 7 5 5 2
566 3 1 10 3 4 8 4 1 1 7 5 8 7 6 10 5 3 10 2 3
704 10 3 9 8 7 10 7 6 4 5 1 1 8 5 2 9 4 3 2 10
632 6 6 4 5 6 2 6 1 7 8 4 5 2 2 5 6 5 8 1 10
692 8 1 4 4 3 9 9 9 8 2 3 5 6 8 7 5 6 2 6 10
632 1 10 1 10 7 2 4 10 9 8 1 3 7 6 8 3 3 1 4 5
766 9 2 6 9 1 9 8 5 6 8 10 10 2 2 10 2 9 7 2 5
639 4 7 3 10 8 6 5 2 1 4 5 7 8 2 6 7 10 3 3 10
713 5 5 10 4 4 8 3 6 1 5 5 5 10 9 4 8 4 7 10 1
10
685 6 6 2 3 1 6 7 7 3 8 7 7 7 6 5 8 1 10 7 7
827 6 6 8 8 9 9 9 9 9 1 6 3 4 2 2 10 9 10 5 2
689 1 7 9 9 8 7 8 1 6 4 6 4 7 2 8 10 4 4 4 8
653 2 2 10 8 3 2 1 5 1 10 1 8 1 8 3 7 7 8 9 8
745 10 4 6 2 4 3 5 5 7 8 7 6 10 10 2 10 8 5 1 5
697 5 6 3 9 5 7 7 4 3 6 4 10 8 2 2 8 5 7 3 6
699 2 8 6 6 9 2 10 3 6 9 3 6 8 7 1 8 6 2 7 4
613 7 1 3 6 7 4 2 5 9 6 2 1 9 8 5 7 3 6 6 10
716 8 3 9 9 7 3 4 6 1 7 10 2 7 8 10 4 7 6 8 8
839 9 1 7 7 9 10 3 10 4 5 10 10 10 7 8 1 10 10 8 3
10
807 3 2 8 10 4 9 7 3 10 7 3 8 5 6 10 6 7 2 9 4
773 6 4 6 6 8 10 5 1 7 2 7 9 10 1 5 8 9 9 8 9
603 5 1 6 1 2 9 5 10 7 2 1 4 3 3 8 3 6 4 7 10
810 3 3 8 7 2 10 10 9 8 10 6 4 9 6 1 10 1 4 3 10
668 9 7 7 1 5 2 5 5 10 7 4 2 5 5 7 9 6 7 2 4
560 3 4 6 3 6 8 2 4 2 3 3 7 9 7 5 7 4 9 2 2
434 10 1 1 2 2 2 2 6 3 1 1 3 9 6 3 1 7 7 9 4
899 6 10 7 7 8 5 6 9 4 10 7 7 4 6 7 10 5 10 8 3
644 7 10 5 4 7 6 9 3 1 5 8 3 8 5 1 2 6 4 9 10
869 1 10 8 10 2 10 10 5 8 9 4 5 7 7 5 10 8 5 1 8
10
811 8 10 10 5 10 5 8 7 1 2 2 3 7 9 10 10 8 3 8 3
634 3 3 8 5 8 5 1 5 6 1 7 2 2 9 10 9 6 6 6 10
848 2 9 9 1 4 10 5 8 9 8 2 9 7 9 6 10 8 10 1 6
722 9 3 7 9 6 6 2 7 5 6 7 4 2 9 6 6 5 1 7 9
877 6 7 10 8 7 1 9 9 8 8 9 10 9 1 10 6 4 1 10 6
622 5 3 1 6 1 10 7 7 5 7 7 2 2 6 2 4 3 3 5 6
608 9 8 2 2 8 1 2 5 10 6 10 6 8 5 1 5 7 5 1 2
604 9 8 5 8 7 1 7 8 10 1 2 8 1 6 5 1 2 3 1 3
700 4 7 5 4 10 6 8 10 3 1 1 10 3 6 7 8 8 2 6 2
794 7 9 10 9 7 5 8 8 9 9 1 5 9 4 2 7 2 4 2 8
10
700 10 10 9 1 5 10 6 2 5 7 2 1 10 10 8 2 6 9 1 8
764 1 2 1 8 7 7 7 10 10 7 9 10 1 3 5 8 4 2 10 5
594 2 10 8 1 4 9 8 1 4 3 10 7 4 1 8 7 1 4 4 6
653 3 9 9 8 9 10 2 10 1 1 8 6 9 9 3 1 4 2 8 10
638 5 1 2 10 5 8 10 6 6 1 3 1 4 9 5 9 2 9 2 8
648 4 2 4 10 9 5 8 2 8 8 6 3 4 9 7 1 3 8 5 8
722 9 5 5 6 6 5 2 2 6 10 1 9 10 1 4 2 10 8 8 9
683 6 5 10 7 8 9 3 6 9 1 3 3 2 6 2 3 7 9 1 2
715 4 8 8 3 8 1 5 7 10 10 2 9 3 7 5 6 2 10 3 2
728 3 5 9 9 9 4 8 5 7 9 7 6 9 3 1 3 8 1 3 10
10
633 6 7 10 7 6 6 6 1 2 4 2 6 1 4 6 7 8 1 2 8
641 7 1 5 1 2 2 9 10 9 6 1 9 1 5 6 9 2 4 4 7
707 10 6 8 4 4 8 10 4 3 1 3 3 6 1 10 8 9 3 2 5
745 2 5 5 9 3 8 10 4 6 9 1 2 4 9 9 8 7 10 5 3
659 4 2 7 9 3 7 3 1 8 5 8 5 5 10 3 8 3 8 7 10
674 10 10 7 10 5 1 2 5 7 6 7 7 1 10 2 2 4 4 3 3
745 9 6 6 7 5 6 8 8 7 4 1 5 4 3 7 7 6 2 3 3
671 2 5 10 8 4 4 9 7 10 2 4 6 6 8 2 2 5 1 4 4
773 10 9 6 10 9 9 5 1 8 8 8 9 8 8 9 2 1 2 8 10
724 4 5 2 9 5 5 8 3 7 7 5 9 3 7 7 6 6 3 5 3
10
627 8 3 9 10 7 1 1 4 9 9 5 4 6 5 10 2 6 1 1 5
707 7 6 4 3 8 9 5 2 3 7 6 6 4 1 5 7 9 5 4 10
727 3 5 2 5 10 6 10 2 1 5 8 6 8 2 5 8 10 9 10 3
681 9 5 8 7 8 4 3 7 4 7 10 1 2 9 8 4 1 4 4 8
612 4 9 5 7 9 7 2 3 6 7 2 1 7 8 8 2 8 1 5 1
921 8 10 10 10 8 6 5 4 6 7 3 8 4 8 10 8 9 3 10 8
768 9 1 10 5 9 9 10 10 8 8 3 4 5 3 10 5 5 2 1 2
762 8 3 9 5 10 10 7 5 2 4 3 10 1 6 10 6 4 2 10 10
719 3 3 3 4 7 4 8 8 2 8 8 9 9 6 6 5 7 10 6 6
801 10 2 6 7 10 8 8 5 10 6 9 7 8 10 8 2 3 8 9 8
10
744 10 6 10 5 9 7 5 1 9 8 2 1 9 10 5 5 3 10 8 7
701 6 7 9 8 6 9 2 8 2 1 5 3 9 9 6 7 4 8 1 7
745 8 7 4 9 2 8 6 6 7 2 7 1 1 7 10 9 5 4 9 10
655 9 3 1 10 10 1 7 9 9 5 6 4 1 5 2 7 1 2 6 8
625 10 5 6 2 7 4 3 1 5 1 10 3 4 4 1 6 8 7 8 3
756 6 8 4 5 9 9 4 2 6 8 9 2 5 3 9 7 7 4 9 10
688 1 9 10 6 3 4 7 3 5 6 9 6 5 3 1 8 3 3 6 10
599 3 6 4 3 1 6 4 9 4 9 2 6 10 4 1 3 1 9 4 1
706 6 5 6 9 6 8 9 9 7 4 1 6 1 1 7 10 2 7 1 4
811 4 9 10 10 8 5 3 8 7 5 8 10 10 5 8 10 4 1 5 5
10
748 3 10 6 5 10 6 6 5 3 7 5 9 7 4 1 3 10 9 3 8
691 4 7 3 2 3 10 1 3 7 9 2 4 9 2 3 8 10 5 8 3
625 3 4 7 3 9 3 3 6 9 4 5 1 6 1 6 8 4 3 9 1
689 7 2 8 7 7 3 10 10 3 9 1 1 4 3 5 9 3 8 3 4
719 1 10 5 2 1 10 9 1 4 8 5 10 4 4 5 9 7 4 7 9
715 2 6 3 8 2 6 1 4 7 6 10 7 1 9 5 10 9 7 2 9
598 1 4 4 1 9 1 4 5 7 10 8 8 4 2 4 5 4 9 1 9
603 3 8 2 9 10 1 6 4 2 10 8 3 9 7 2 4 1 5 7 6
680 7 7 10 3 10 7 1 8 9 6 7 1 6 2 9 9 2 5 1 5
735 8 7 4 7 3 8 2 5 8 8 2 7 7 4 8 3 8 9 5 2
10
666 2 9 6 8 2 2 9 7 6 3 10 8 7 2 10 1 6 9 1 9
693 5 10 6 5 8 1 2 10 8 10 4 7 8 6 3 1 10 1 3 2
690 6 7 3 4 5 3 10 9 3 5 2 5 9 7 7 9 5 8 4 5
588 5 6 10 10 3 9 6 2 3 2 8 1 7 1 6 5 2 1 1 8
606 1 6 5 5 8 6 10 1 1 5 5 7 4 2 10 1 3 10 9 1
658 7 5 10 1 2 1 8 10 5 6 6 10 10 3 3 1 3 1 7 4
716 10 2 1 9 3 10 8 3 9 6 9 1 9 5 3 9 5 7 3 9
637 1 10 6 8 4 10 4 10 10 3 4 4 2 9 2 4 3 2 2 5
797 10 9 10 7 2 4 5 9 7 3 5 8 5 5 6 6 10 8 4 10
667 4 3 8 1 10 6 3 6 1 6 5 7 6 10 6 8 7 2 9 4
10
636 3 3 7 8 1 7 8 5 5 7 2 4 8 1 1 5 7 1 6 8
564 1 6 5 3 8 6 6 3 2 1 3 6 3 7 2 2 9 6 10 4
516 1 3 4 1 4 3 1 6 2 6 6 9 4 10 10 6 3 9 6 4
761 5 7 5 10 7 2 6 10 10 8 2 2 5 4 8 8 7 2 5 7
648 1 2 7 8 3 6 5 10 1 1 7 8 1 7 10 8 3 10 1 8
700 9 3 9 8 10 2 1 8 6 5 9 1 2 1 3 5 4 7 9 10
681 9 7 1 6 3 5 8 5 1 10 2 9 1 3 8 1 10 10 7 2
757 3 4 5 9 9 9 1 10 6 4 8 1 6 10 6 8 10 2 4 6
726 7 9 5 9 6 3 5 4 6 8 8 1 10 4 10 5 10 4 3 9
729 6 3 2 6 2 10 1 6 10 10 9 7 9 7 4 3 9 5 4 7
10
693 2 5 5 7 6 9 10 4 7 4 5 6 2 7 7 8 6 2 4 9
708 9 10 8 3 5 4 7 10 3 7 10 1 1 5 10 7 2 1 8 3
747 6 5 4 8 10 6 5 10 10 10 7 6 3 4 3 4 3 7 7 1
555 8 7 3 2 10 1 2 2 9 6 8 5 9 3 7 1 9 6 1 1
703 9 4 7 5 10 2 8 3 5 8 1 3 10 3 5 2 7 7 9 5
678 2 8 8 1 2 9 8 4 2 9 4 10 4 6 8 4 2 7 9 8
632 1 2 7 7 2 7 8 2 7 9 1 7 9 5 9 2 2 7 5 3
642 4 4 8 9 9 2 6 6 5 6 10 6 1 9 1 6 1 3 3 3
757 9 8 3 9 2 7 9 1 10 5 4 8 4 9 1 5 7 10 8 9
742 5 3 5 8 10 8 9 10 3 2 1 9 7 10 1 10 6 7 3 6
10
616 1 7 3 1 10 5 1 1 6 5 6 6 4 9 2 9 7 7 10 10
806 8 4 10 2 3 8 9 9 6 3 1 8 5 5 1 10 8 2 9 8
588 3 7 1 10 3 4 2 6 2 2 2 4 10 10 10 5 3 6 8 5
594 2 2 1 2 8 9 3 6 5 3 8 9 1 9 7 4 9 6 6 3
697 6 7 3 3 9 6 5 4 9 7 1 2 7 9 10 5 9 1 9 2
618 8 4 8 9 7 4 4 7 1 1 6 3 6 5 10 1 4 7 6 6
692 3 5 8 9 4 8 10 8 3 3 9 9 1 9 1 1 5 2 5 1
780 9 5 10 10 10 4 2 6 2 10 10 4 5 2 3 7 5 3 5 8
725 5 6 9 3 9 8 7 7 7 3 2 5 9 8 5 5 9 3 9 3
702 3 3 1 5 9 4 10 3 7 1 10 6 9 10 10 7 7 9 9 8
10
659 9 1 10 7 8 2 9 2 5 3 9 6 1 3 5 10 3 3 1 10
674 5 3 1 2 5 8 9 4 9 5 10 4 3 10 9 6 5 9 8 8
729 1 4 5 10 6 10 6 4 7 8 7 7 5 5 2 9 1 7 10 1
699 7 6 3 6 3 5 7 8 4 4 9 6 10 10 3 5 5 6 7 4
640 5 9 5 9 6 8 8 5 1 3 1 7 6 6 8 2 4 10 3 8
669 2 9 2 9 10 7 5 6 2 8 6 8 1 3 9 4 3 4 3 8
616 3 4 2 4 7 10 1 10 9 9 7 1 4 5 5 8 2 1 1 9
530 1 2 1 9 4 4 1 9 6 5 8 9 9 1 3 1 1 8 4 6
765 7 7 7 1 3 9 7 1 7 8 2 10 3 4 3 7 7 5 9 7
567 5 5 5 3 3 3 7 8 1 8 5 5 6 10 4 1 3 4 6 9
10
441 5 10 1 3 5 4 2 2 3 2 6 3 1 2 2 1 9 4 5 6
755 7 8 1 5 2 10 9 1 10 7 9 9 1 8 8 8 3 4 3 1
766 8 1 7 2 7 10 6 8 6 9 9 9 7 3 4 4 6 9 1 4
684 5 6 2 6 7 4 5 10 3 9 8 7 2 8 10 3 8 3 5 2
689 3 2 9 6 6 3 4 2 5 6 2 8 9 4 9 9 8 2 4 9
884 6 7 7 8 8 8 9 7 4 10 4 3 7 3 8 10 9 4 9 6
582 10 1 2 6 1 6 3 3 3 8 6 6 4 7 5 4 3 5 10 10
642 7 3 5 1 6 10 10 6 5 5 2 9 5 8 3 1 3 4 4 7
647 8 10 7 5 1 7 4 2 3 8 2 3 1 3 4 1 8 5 7 1
657 4 2 10 10 10 4 7 4 2 5 4 4 2 6 9 3 3 8 7 4
10
675 1 8 9 8 4 3 8 3 8 6 2 5 2 3 9 10 1 5 7 10
829 8 3 10 7 3 8 5 10 5 4 10 9 10 1 9 8 4 1 9 1
568 9 3 1 9 7 2 5 5 4 3 3 4 8 6 9 2 6 7 6 6
672 8 3 5 8 6 5 1 9 7 5 3 3 8 7 3 5 5 1 6 5
634 3 6 9 1 3 2 10 8 10 7 2 4 8 3 7 2 8 2 2 4
607 5 6 1 10 1 6 8 3 2 4 9 3 8 8 9 3 3 8 7 8
709 8 1 1 2 3 7 10 6 1 8 10 8 10 1 5 6 10 9 6 2
682 3 7 10 9 5 4 4 5 5 8 8 1 8 2 2 9 1 3 2 1
597 7 8 3 9 4 2 1 2 3 7 2 1 7 7 7 2 6 5 10 6
665 5 3 1 6 10 10 9 1 9 6 4 10 5 3 2 4 7 6 2 2
10
644 2 8 4 4 3 4 9 9 10 3 1 9 6 4 4 2 6 3 8 7
537 1 1 5 3 8 1 3 5 9 5 7 5 9 8 6 1 5 6 3 3
582 4 3 8 3 9 1 6 6 10 5 1 1 1 2 10 1 6 7 8 1
691 9 3 10 2 8 2 3 3 2 9 7 3 5 9 8 5 10 1 5 8
509 2 6 7 1 10 1 4 1 8 3 5 2 10 2 7 6 3 5 2 10
570 2 5 3 2 1 7 7 4 2 7 1 9 3 5 3 7 7 4 4 2
704 10 5 5 1 8 2 6 2 6 7 9 1 9 8 6 9 7 7 9 8
655 2 8 2 4 6 2 3 1 4 3 9 9 8 7 10 9 10 7 5 1
889 10 5 2 8 7 6 10 4 7 9 7 10 8 9 7 8 8 1 7 10
686 10 3 4 9 6 9 6 7 7 7 6 2 4 1 7 5 5 7 1 4
10
693 5 1 1 8 7 2 9 4 7 4 9 9 5 3 6 5 7 10 7 6
685 5 5 5 7 9 7 10 1 3 2 3 6 5 9 7 6 6 10 7 3
602 8 1 6 6 10 3 5 6 9 2 5 2 9 1 3 3 1 7 10 9
630 3 1 3 5 8 6 9 3 3 5 8 6 3 6 10 2 10 8 9 1
692 8 6 3 4 9 10 1 1 10 9 4 3 4 7 4 8 6 10 2 8
782 10 1 7 10 4 1 5 9 5 10 4 4 5 9 8 8 6 7 6 2
725 9 7 2 1 5 7 4 8 3 9 9 7 10 6 7 10 7 2 2 3
583 2 5 1 4 5 3 5 2 7 8 8 9 3 2 2 2 8 3 9 8
752 8 9 2 10 10 6 3 10 9 5 8 4 8 9 8 4 4 2 6 7
693 10 5 7 1 4 4 2 4 6 9 9 2 10 2 1 10 7 1 2 9
10
514 2 3 3 2 5 2 7 1 3 8 5 10 6 7 10 5 1 4 1 6
771 10 8 3 9 5 10 6 5 8 1 2 10 10 10 5 6 8 2 3 6
603 1 5 3 2 6 1 8 4 9 7 8 7 8 3 9 1 5 9 10 8
592 1 10 1 2 2 1 5 6 4 6 9 2 8 6 8 8 8 7 4 1
734 7 7 6 8 5 10 5 8 5 4 6 2 10 3 6 6 5 1 5 7
557 1 8 5 2 7 2 8 6 10 6 4 4 3 10 2 2 3 8 4 7
512 1 8 3 8 2 2 5 7 3 2 1 10 6 3 1 6 1 1 2 6
773 7 6 10 8 1 6 9 9 9 5 2 7 1 7 8 1 6 9 6 6
716 9 10 7 3 7 8 8 1 4 10 2 2 2 5 4 10 2 3 6 8
801 6 7 10 4 3 4 2 6 8 8 8 9 6 8 10 2 9 9 8 10
10
537 10 3 1 5 4 1 6 7 5 4 2 1 6 4 5 2 4 5 6 6
744 9 3 3 9 10 10 5 1 7 10 3 8 2 6 7 7 2 6 10 8
719 7 8 2 7 2 6 8 10 9 10 5 2 10 4 4 2 7 1 4 8
618 1 4 4 2 9 5 6 6 8 4 6 3 6 5 8 10 4 3 7 8
756 4 7 6 8 5 5 7 4 2 9 5 10 4 2 3 9 6 8 1 4
708 10 7 4 1 3 8 8 9 7 2 4 1 8 1 7 9 5 3 6 2
620 8 5 4 6 6 2 2 4 3 6 8 5 7 2 4 2 7 7 9 9
826 6 3 5 9 2 10 8 7 3 9 8 5 4 9 10 8 10 7 6 8
834 6 9 6 6 8 7 10 7 10 6 9 3 2 7 4 6 10 3 2 10
613 1 7 7 9 7 1 9 1 1 5 7 8 5 10 9 7 3 9 2 10
10
547 6 1 6 8 3 1 1 10 9 3 1 4 7 4 8 4 3 9 1 9
597 3 2 6 6 9 2 5 1 5 9 10 2 10 1 9 6 3 3 8 1
576 9 8 7 5 6 10 1 1 4 6 3 4 5 4 1 1 2 3 3 7
604 5 1 9 6 5 10 2 6 4 5 3 6 5 9 1 2 3 1 6 6
712 1 10 4 8 2 7 2 2 10 9 7 8 5 7 2 9 1 5 2 10
729 10 9 2 6 10 7 7 5 1 1 8 8 5 8 4 7 7 9 8 4
479 4 2 7 1 4 2 7 4 3 2 1 8 7 1 6 2 2 1 8 10
592 8 3 7 2 10 5 1 8 4 2 1 10 6 8 10 3 7 3 2 7
581 10 8 1 1 1 8 4 4 4 6 6 9 3 7 5 1 3 5 7 3
774 7 7 5 9 1 3 8 1 8 10 10 3 3 7 3 6 10 4 3 1
10
676 1 10 7 3 1 2 6 4 5 8 9 1 1 6 7 8 6 9 5 4
633 10 10 1 2 4 7 7 9 2 8 3 4 5 8 2 3 4 9 3 2
472 4 6 6 1 5 4 3 3 3 1 2 6 10 7 3 8 1 4 1 6
800 4 4 10 10 2 10 7 6 3 8 9 6 1 7 7 7 3 10 5 7
745 7 7 9 8 8 1 10 4 1 10 8 4 5 3 5 4 9 4 8 7
779 6 5 6 10 9 5 1 5 8 8 6 7 9 5 5 8 6 10 1 7
538 1 4 7 5 7 7 2 4 5 2 8 8 4 2 2 3 2 6 9 7
608 9 2 6 2 6 3 10 6 1 8 1 4 10 10 3 4 1 2 9 1
684 7 10 1 9 4 1 7 3 5 7 8 5 8 8 8 5 2 7 6 3
675 10 1 8 2 10 1 3 3 8 7 5 3 6 8 5 5 6 6 10 3
10
644 3 2 1 6 2 2 3 7 7 7 2 10 4 3 8 9 10 7 4 6
714 6 6 7 1 4 8 7 10 4 9 10 7 2 3 9 5 2 7 4 1
665 6 7 10 7 7 1 1 5 2 1 5 8 6 2 3 7 9 4 9 9
839 9 3 9 3 10 10 6 8 10 9 3 1 2 6 10 2 7 9 10 10
721 3 5 9 4 2 6 5 2 8 7 8 7 7 8 7 7 8 7 4 8
752 10 4 4 10 4 8 5 2 4 10 9 1 4 10 9 10 1 10 1 9
657 8 7 4 3 8 2 6 4 7 4 7 7 1 4 3 8 4 6 4 7
550 8 1 2 4 3 6 1 4 2 1 7 2 1 9 3 10 6 9 3 6
710 6 1 6 1 4 7 9 10 4 9 6 8 3 8 2 7 7 6 3 3
732 5 4 6 3 4 4 10 8 10 5 4 10 10 3 8 8 2 5 9 4
10
690 4 9 4 4 3 9 2 2 2 8 5 3 9 6 9 7 8 2 7 6
588 6 4 1 3 1 8 3 2 10 2 6 9 10 4 9 6 2 5 10 8
554 1 9 4 9 9 6 2 4 9 5 7 2 1 4 1 1 1 5 1 6
601 8 4 6 6 4 5 2 7 6 7 8 1 5 7 3 4 5 6 1 5
611 10 6 2 5 2 9 1 10 3 3 10 8 8 5 2 1 5 1 2 2
622 5 9 9 2 10 9 1 1 4 9 3 7 2 3 8 1 6 2 3 3
735 10 6 1 5 7 6 2 9 8 8 10 10 1 6 5 5 3 2 5 5
736 7 7 8 3 3 1 8 5 5 9 9 7 8 4 5 4 8 5 10 6
597 4 3 4 1 2 4 6 3 9 5 8 3 6 8 4 6 4 10 6 2
515 1 8 3 8 4 3 1 1 5 5 3 9 5 10 2 4 1 1 10 5
10
691 8 5 3 8 3 8 10 7 7 7 6 5 2 5 9 2 2 1 10 8
819 9 9 5 10 4 9 8 10 7 7 2 2 1 8 5 10 1 5 4 7
687 7 8 5 9 4 4 9 8 5 5 5 5 9 10 6 2 1 10 5 2
549 6 2 3 7 5 1 1 4 9 9 4 5 1 3 6 4 3 5 1 8
610 8 1 7 6 1 3 10 8 5 3 2 9 6 10 3 1 4 4 9 1
654 8 4 3 3 1 10 8 3 1 10 5 5 5 7 5 2 8 8 6 5
605 5 4 3 8 1 5 6 5 5 7 5 6 8 10 7 6 2 1 1 3
662 6 8 3 4 9 1 6 8 3 4 9 8 5 3 2 10 2 4 6 1
574 2 4 6 4 7 5 7 1 6 1 5 5 6 3 1 6 7 5 8 10
682 4 1 9 3 10 3 9 10 7 1 2 4 2 9 10 10 3 6 9 5
10
810 8 10 6 6 10 10 2 10 10 1 7 7 1 8 4 9 8 4 7 1
756 2 8 10 3 4 6 7 7 9 7 5 3 5 7 10 5 7 5 7 10
665 10 3 3 9 9 5 4 2 10 1 6 5 6 3 2 7 6 3 10 9
702 5 4 2 8 8 9 4 7 2 7 8 9 3 7 3 4 9 5 4 9
767 9 3 10 3 8 10 5 1 9 10 3 7 3 1 8 7 7 4 1 7
731 1 6 3 9 8 9 6 6 6 4 5 8 3 4 10 4 10 1 8 8
825 3 7 9 3 9 4 8 8 10 8 8 10 2 1 7 8 6 8 2 3
613 5 3 6 8 1 6 1 5 1 4 9 3 5 5 6 5 10 10 2 4
685 6 5 2 8 10 4 2 9 9 6 1 4 4 8 8 8 6 6 3 9
732 4 1 2 1 2 10 4 4 10 10 4 5 2 7 7 6 10 6 10 9
10
666 8 2 1 1 9 2 10 6 2 7 4 10 7 6 4 3 8 4 10 7
637 3 4 5 10 9 5 5 5 7 1 2 3 10 1 1 8 9 9 3 5
523 8 5 4 3 8 4 5 1 2 3 10 2 7 3 9 1 5 7 8 4
663 3 6 4 2 7 7 4 5 7 6 4 5 3 5 8 4 8 1 9 4
712 3 9 6 3 1 3 8 2 9 9 5 4 10 9 8 10 8 8 1 5
702 9 7 10 9 1 1 1 8 6 5 4 3 9 8 7 5 4 10 7 9
658 6 7 5 4 10 4 5 7 6 1 7 3 2 10 9 1 10 5 10 9
637 5 4 1 3 5 4 8 7 5 4 8 3 6 7 10 9 3 7 5 6
560 5 6 1 4 9 3 3 2 9 3 2 8 10 4 3 7 2 10 6 9
638 8 5 9 2 3 5 8 1 9 6 5 5 8 10 8 1 2 10 1 7
10
711 7 1 3 6 9 1 2 7 10 8 6 2 5 5 1 6 10 3 10 1
607 7 10 7 3 4 5 5 4 8 2 1 3 3 9 1 4 2 6 10 2
701 8 6 7 9 5 6 10 3 2 3 8 7 10 4 1 7 7 6 1 5
527 6 2 1 3 1 3 6 3 4 7 9 4 10 10 6 1 1 7 9 8
630 6 7 10 1 3 6 4 4 5 5 2 5 8 10 6 5 4 10 2 1
720 4 9 4 8 3 2 10 9 5 8 10 2 6 1 4 8 2 5 10 9
719 9 4 4 4 2 9 6 10 3 6 8 3 8 7 6 6 6 8 6 9
615 4 3 1 4 10 10 1 1 2 7 7 2 8 7 9 7 3 9 10 8
743 8 8 7 7 9 3 9 1 9 4 4 1 7 8 3 3 10 8 6 8
713 2 8 10 8 5 3 2 3 2 10 6 3 2 5 10 10 4 5 7 4
10
706 7 2 2 8 6 7 10 7 4 1 9 1 2 6 6 9 10 4 2 9
606 4 6 2 4 1 1 1 8 9 3 6 6 8 1 8 10 6 8 2 4
539 4 5 4 9 10 1 2 10 1 1 1 10 4 9 1 2 8 4 4 3
567 7 7 8 2 5 3 1 10 4 3 10 1 2 4 5 2 9 3 3 7
689 8 3 5 10 2 4 9 2 2 8 10 5 1 8 8 6 5 7 2 3
588 2 1 7 4 4 1 1 5 2 7 10 7 2 4 6 4 8 7 8 5
612 1 3 3 3 3 9 1 1 8 8 2 10 3 1 9 6 10 3 1 6
696 1 3 10 1 7 6 1 10 9 9 5 7 7 6 7 3 10 6 3 3
642 1 2 8 6 4 3 4 10 1 4 6 1 3 8 6 7 9 5 5 6
783 2 7 6 10 9 7 7 5 7 6 10 2 7 5 1 10 1 10 8 9
10
548 6 7 1 4 3 1 3 4 2 5 5 9 7 3 7 3 4 8 7 2
678 2 3 9 7 6 2 4 3 8 8 5 6 4 8 9 9 3 10 7 4
579 7 6 2 10 7 1 3 8 1 3 10 8 3 1 4 3 3 6 6 5
827 10 9 8 10 3 3 9 9 10 5 6 6 4 6 7 4 9 3 3 8
728 9 6 2 4 9 10 3 6 1 9 10 3 2 9 10 2 9 10 10 5
645 9 6 2 4 3 8 5 6 9 9 1 4 2 5 9 3 5 2 1 2
621 4 8 6 4 7 3 9 2 5 7 3 10 10 1 2 3 4 4 5 8
743 4 4 7 9 8 4 8 4 6 2 10 6 8 7 6 7 8 3 5 5
642 6 10 2 2 6 1 5 2 8 10 8 6 3 7 7 8 4 9 1 8
686 10 4 2 6 4 4 3 5 9 2 7 2 5 10 3 10 10 4 5 6
10
752 2 8 9 7 6 8 9 9 3 6 9 1 9 7 10 3 9 7 1 3
553 8 2 1 4 3 9 1 3 2 7 10 4 7 8 1 3 4 2 9 1
787 4 2 4 6 1 10 7 9 2 8 10 6 10 6 9 10 2 4 8 8
572 3 2 2 9 5 8 3 1 5 1 9 4 5 7 8 4 8 1 5 8
699 2 9 5 8 6 4 10 1 6 8 2 10 5 10 2 4 2 10 5 10
545 2 1 7 8 4 3 2 4 4 6 2 1 7 4 10 6 4 2 10 6
647 4 1 10 9 6 4 2 3 7 5 5 1 8 8 1 4 7 10 10 6
677 3 5 8 7 1 8 8 4 5 7 5 1 9 1 2 2 6 4 10 1
717 9 5 8 7 5 2 9 7 10 2 6 2 5 8 3 6 7 9 5 4
759 10 6 2 9 9 8 3 9 8 1 5 3 6 9 1 4 10 3 6 10
10
594 1 7 9 10 4 6 4 4 8 2 1 1 7 5 8 2 2 6 5 9
559 4 1 3 4 1 2 7 5 5 2 5 8 10 1 7 2 7 10 10 2
666 8 2 5 4 10 1 4 10 9 8 2 4 2 2 9 1 7 10 10 2
602 7 1 2 3 7 3 10 9 3 10 7 2 8 7 3 2 6 2 3 8
672 2 6 7 5 5 7 6 3 4 7 6 9 1 7 3 9 2 1 7 5
667 7 9 3 3 7 1 7 10 4 9 8 7 3 3 6 3 6 4 1 7
466 1 9 3 3 7 5 3 6 2 1 6 3 7 7 7 8 1 1 2 2
529 5 6 4 3 2 5 3 4 9 3 2 3 1 6 3 7 2 3 2 1
747 8 3 8 5 8 8 3 10 5 10 9 4 4 7 2 2 8 9 1 9
706 5 2 7 10 8 9 6 8 7 1 10 2 3 5 3 9 4 2 1 2
10
753 10 6 1 10 7 4 9 7 4 1 10 10 7 5 6 9 5 4 6 5
724 6 10 1 9 5 9 1 10 5 3 4 5 10 4 3 9 8 4 7 4
758 4 4 10 8 5 7 10 7 10 7 9 4 6 3 6 4 4 9 1 3
725 1 4 4 10 9 6 6 8 4 9 6 2 3 6 10 7 2 5 8 3
689 10 2 5 9 4 2 8 3 3 9 7 6 5 1 2 9 4 2 7 10
691 8 5 4 9 4 2 4 10 7 7 7 4 10 5 1 1 6 6 9 1
578 7 5 1 5 5 1 6 7 10 4 1 2 3 7 2 3 9 6 1 10
535 10 2 5 5 2 10 2 10 5 1 3 2 4 6 10 1 1 5 2 3
741 8 6 7 10 3 5 1 4 9 5 7 8 9 6 5 3 7 3 9 9
753 7 5 6 3 5 8 9 2 4 9 9 6 7 6 3 10 2 7 3 8
10
701 8 5 6 9 3 5 3 7 2 8 10 1 7 8 5 3 7 7 1 9
768 9 1 9 1 3 5 9 1 8 5 10 10 7 6 1 10 3 7 9 7
554 5 1 1 9 4 4 9 4 10 1 5 1 4 9 6 9 2 9 1 7
868 7 9 2 3 5 10 6 10 4 10 6 8 8 3 5 10 10 3 2 6
673 9 8 8 9 2 3 3 1 7 5 2 5 7 9 10 4 4 7 8 1
717 3 6 2 7 3 2 9 8 8 5 8 5 5 10 1 8 4 6 10 6
760 7 2 9 6 9 5 10 9 9 1 9 8 10 10 7 1 8 1 4 4
773 2 2 3 7 2 7 9 9 8 9 5 8 10 8 3 7 6 10 2 3
579 5 2 5 8 7 2 7 9 5 1 8 4 1 7 1 3 9 4 3 3
698 2 8 9 4 5 9 1 7 5 8 9 7 6 1 7 6 1 9 7 10
10
700 4 2 1 10 6 6 7 7 5 7 9 10 9 10 4 2 5 1 8 9
757 2 3 6 6 4 10 1 9 9 10 10 3 9 6 7 9 1 1 10 2
492 6 2 1 1 2 3 9 4 8 8 3 2 4 3 5 1 2 7 9 6
473 3 1 2 2 2 4 4 6 9 6 2 2 8 5 5 3 2 5 8 3
734 9 9 5 6 9 8 10 4 1 6 2 6 8 4 5 6 3 2 6 4
694 5 5 5 4 8 2 6 3 8 8 9 4 3 3 9 8 9 6 6 2
597 4 7 7 5 9 1 2 4 2 5 1 4 9 4 8 4 9 9 5 8
666 2 6 9 7 4 2 3 9 4 1 7 7 10 10 7 8 6 6 1 5
592 1 1 3 4 2 9 9 6 8 2 4 3 10 2 4 3 6 7 3 10
612 7 5 9 2 1 7 2 4 2 2 6 7 5 1 4 8 9 3 4 9
10
559 10 3 5 3 3 2 1 10 2 8 8 2 2 5 6 1 5 8 2 2
640 1 7 10 8 9 5 5 1 6 4 10 3 7 2 6 1 10 3 4 1
602 7 1 2 6 9 3 3 5 3 10 1 9 6 7 1 2 7 3 1 9
720 6 4 9 5 1 4 2 10 7 4 3 8 10 10 7 7 9 2 7 1
529 4 9 9 2 2 6 3 3 6 1 5 5 8 7 4 3 7 1 1 4
697 3 7 1 4 2 5 8 9 5 9 2 3 6 2 8 10 5 2 3 8
788 9 6 7 10 8 1 1 2 8 8 1 8 7 2 6 10 9 3 7 1
725 7 6 8 3 4 6 2 6 2 9 9 7 6 4 5 3 6 8 10 9
732 10 6 9 9 9 3 8 5 9 4 7 5 4 5 9 4 1 8 1 5
842 4 9 7 5 8 10 10 9 5 2 8 7 4 2 10 10 10 6 2 10
10
600 1 9 6 2 7 3 4 8 9 3 1 1 7 2 10 1 9 1 9 8
642 8 9 9 1 1 5 6 2 3 6 6 1 8 7 4 10 2 1 9 6
539 5 1 2 5 3 2 1 6 4 3 5 3 9 3 1 10 5 1 5 10
737 4 4 2 9 4 4 10 9 10 1 2 7 4 3 2 10 8 1 6 9
533 8 4 2 4 1 7 3 9 8 1 5 3 6 8 7 2 2 6 6 1
681 9 8 8 8 4 8 1 5 1 8 3 7 7 2 8 1 5 5 6 8
714 5 1 4 5 4 9 4 6 9 3 10 9 6 6 10 8 8 2 6 3
689 4 5 9 1 10 3 5 5 10 2 5 6 6 6 4 9 10 3 3 8
593 3 3 3 3 4 7 6 2 10 2 8 9 7 8 6 5 6 5 3 5
691 8 9 6 1 1 10 1 8 6 2 8 5 9 9 6 7 5 3 2 9
10
658 3 2 7 2 7 7 8 4 3 6 6 10 3 5 3 3 6 6 9 7
753 7 10 7 5 8 1 6 1 2 8 9 10 2 10 3 10 7 6 1 2
729 8 3 10 7 2 9 6 5 6 1 8 5 2 9 4 6 10 6 4 8
785 9 2 7 3 7 8 5 10 9 8 6 7 3 10 3 8 6 5 1 8
756 9 3 6 3 2 8 10 5 3 8 1 8 3 4 4 9 3 5 9 2
654 3 6 3 6 3 9 1 9 8 6 5 2 4 3 4 2 9 5 10 2
814 4 10 6 7 7 10 4 9 8 5 9 6 8 10 2 4 7 8 5 5
634 10 9 8 5 10 1 5 10 3 3 2 6 6 2 2 5 6 3 2 4
726 7 3 3 9 9 3 1 3 9 5 6 6 7 10 6 8 8 10 3 2
706 2 7 8 5 2 2 10 1 10 8 6 7 7 5 6 10 1 1 8 9
10
818 10 8 9 5 4 10 9 3 8 4 4 8 8 3 1 5 9 9 8 3
696 5 5 8 1 9 8 7 4 3 10 4 5 8 5 8 3 7 7 4 1
649 8 8 5 3 7 7 3 3 5 9 4 8 1 8 6 3 5 2 2 6
513 5 6 2 5 10 3 5 5 4 5 1 5 8 3 6 1 5 5 2 4
648 4 3 6 2 2 7 10 3 1 7 1 4 1 1 3 10 7 2 5 8
683 4 7 10 2 2 6 3 5 6 3 9 4 9 6 5 8 6 4 5 2
666 2 6 8 5 2 5 7 2 4 9 1 6 8 7 8 1 10 6 5 2
601 10 10 1 1 1 6 1 3 7 2 6 2 5 10 6 8 5 1 10 1
765 7 9 2 10 5 2 8 7 2 7 8 10 6 5 3 2 10 2 10 8
684 1 3 2 8 1 9 10 7 3 1 3 7 4 2 6 4 9 10 10 1
10
623 8 4 6 2 1 10 1 7 9 1 6 6 10 6 3 6 6 8 1 2
699 2 2 10 6 3 8 5 4 10 4 4 5 4 8 2 6 10 8 5 5
710 3 10 7 8 1 3 5 8 3 7 8 4 10 3 1 9 2 7 9 3
847 10 10 9 6 3 9 10 3 7 7 9 7 4 6 6 3 7 9 7 4
842 1 2 10 10 9 10 5 7 7 5 10 6 7 4 1 6 10 6 7 3
622 7 7 5 2 3 5 2 3 2 10 8 7 4 9 6 8 3 5 2 4
800 3 3 8 10 1 10 8 9 6 9 7 1 2 8 3 5 5 6 8 3
625 3 1 1 3 4 8 9 4 8 9 7 5 7 9 3 4 2 6 4 6
622 1 6 4 2 6 4 3 3 4 7 6 4 9 10 8 4 10 7 6 9
702 6 5 6 10 2 1 9 4 6 7 6 8 1 4 3 5 5 10 9 5
10
832 8 10 6 9 6 10 5 8 7 10 1 1 5 9 5 9 2 5 10 4
655 1 2 3 5 3 7 4 3 8 10 7 3 4 7 9 5 7 9 10 10
751 2 5 2 9 5 8 5 6 6 7 5 5 6 3 5 7 8 8 10 10
548 7 1 4 10 1 4 3 7 2 4 3 7 1 5 4 4 1 10 4 9
730 10 5 9 5 8 3 6 1 10 9 9 7 4 4 7 1 8 3 6 10
709 4 9 6 6 6 6 7 9 8 3 8 1 2 7 3 1 10 4 8 5
730 2 9 7 6 10 7 7 7 5 4 5 4 4 5 1 8 7 3 3 3
481 5 1 4 8 4 5 3 4 10 2 6 4 7 4 3 1 2 6 2 9
695 9 5 10 2 2 5 5 9 8 3 3 2 10 4 5 10 7 9 1 3
574 4 3 1 5 3 4 3 7 4 9 2 6 5 8 8 4 7 2 5 9
10
677 1 6 3 7 1 8 3 3 9 4 10 3 7 9 3 9 7 5 5 7
619 3 8 2 9 3 2 1 3 10 7 9 3 8 4 5 4 5 7 2 2
649 8 4 5 2 8 7 2 5 6 1 7 7 6 4 9 6 10 1 3 3
708 9 10 1 7 5 2 8 4 3 3 10 6 7 8 5 7 8 9 8 8
515 8 1 8 5 3 7 8 2 6 3 1 7 1 4 4 2 2 5 1 3
637 3 1 3 4 7 1 8 4 5 8 8 7 8 1 7 6 2 6 10 5
523 4 2 1 10 7 3 2 7 2 1 8 4 6 3 2 5 2 7 4 5
625 1 1 8 8 1 4 2 5 10 5 6 2 3 6 5 8 3 3 7 1
628 8 7 9 4 7 2 4 7 7 4 7 1 4 2 4 2 5 8 3 8
707 2 5 9 3 9 5 10 6 3 8 2 7 9 5 2 9 3 1 7 4
10
701 9 9 3 9 8 1 1 8 4 4 1 6 7 2 8 7 9 3 3 8
736 8 4 1 4 3 5 10 4 8 2 1 5 10 10 10 10 9 4 9 3
513 7 8 4 3 4 2 6 1 1 1 9 7 1 1 10 7 4 1 1 9
662 8 9 6 10 2 10 2 1 7 5 7 4 7 4 4 1 7 2 3 1
796 10 1 8 9 7 1 10 8 9 7 7 9 6 5 9 8 4 3 5 2
611 10 6 5 8 1 5 10 8 2 8 5 4 1 3 2 1 2 8 1 10
613 5 1 7 2 1 2 3 6 3 10 9 3 8 1 7 8 2 5 6 5
626 8 7 2 4 10 1 1 8 8 7 2 6 5 10 5 7 2 1 6 3
752 6 9 1 7 2 7 10 9 2 7 10 2 8 7 5 4 10 7 3 6
744 1 6 5 7 2 2 8 9 3 6 10 2 2 6 8 10 9 8 6 6
10
625 5 5 5 4 2 5 2 8 6 9 7 4 6 8 10 2 4 10 2 1
749 9 10 5 9 1 1 7 3 6 6 10 9 8 4 2 9 5 3 3 9
715 2 3 7 10 1 8 8 2 1 9 5 4 10 1 2 7 5 5 10 9
609 1 1 4 7 6 8 6 2 8 9 1 6 1 9 7 1 8 2 1 4
809 6 7 6 9 7 7 5 2 7 10 1 9 10 3 4 7 5 7 7 10
615 3 5 5 10 2 6 1 5 3 10 10 4 4 6 9 5 3 6 2 1
735 2 9 3 6 10 8 1 10 8 5 7 4 7 7 3 8 3 6 10 5
762 3 1 9 3 1 8 5 8 6 9 6 2 10 7 3 6 10 8 5 1
661 4 8 2 9 7 8 7 2 9 2 6 4 2 2 6 9 3 5 2 9
693 7 10 2 8 2 10 2 10 1 4 6 5 7 5 4 6 7 4 4 7
10
701 4 3 7 5 8 9 8 4 1 8 6 3 8 10 10 2 5 10 10 2
678 7 10 1 9 8 3 6 6 8 4 8 10 9 9 9 3 1 3 7 7
638 3 9 10 5 6 9 4 4 5 1 5 5 6 7 7 7 5 2 4 3
724 10 10 7 4 1 4 10 7 8 4 5 3 7 8 10 2 6 2 8 9
634 3 1 1 9 2 10 9 4 5 5 2 10 10 9 3 5 2 5 5 8
577 10 6 5 2 9 2 8 5 4 7 6 1 10 8 6 1 1 5 2 7
709 1 6 4 7 5 7 7 9 9 5 7 6 6 9 5 6 10 1 1 9
745 9 4 8 9 4 10 4 2 5 4 5 5 3 7 3 6 3 10 10 6
664 2 4 9 6 8 1 5 4 1 10 3 4 2 8 6 9 4 10 3 2
709 2 8 3 1 4 6 10 8 1 7 8 6 6 9 9 9 10 6 2 6
10
732 10 8 2 1 1 10 6 10 1 8 7 4 2 4 3 6 9 3 5 10
710 3 4 7 2 2 4 3 10 3 9 8 7 6 9 9 2 7 4 10 9
712 9 2 8 6 9 4 2 9 4 7 8 8 8 6 5 4 2 9 10 4
607 4 10 10 7 10 4 3 5 9 1 10 5 6 4 1 3 2 9 2 3
497 9 6 3 4 9 1 1 1 5 2 6 8 1 8 6 2 4 9 2 7
586 1 3 1 9 9 6 3 1 10 9 7 1 2 7 7 3 9 8 1 7
727 6 3 9 3 5 4 8 6 7 9 10 7 7 6 8 5 7 2 1 9
568 8 10 7 3 4 3 8 3 6 5 5 4 1 4 8 3 3 4 3 1
603 9 2 5 1 10 6 1 4 1 6 9 2 8 6 1 4 5 8 10 7
681 10 8 2 5 2 1 3 9 7 10 7 6 5 8 7 1 5 9 4 2
10
713 10 9 9 1 10 5 7 1 7 2 6 6 3 9 1 7 7 7 7 3
780 4 4 9 6 6 5 8 8 3 7 4 10 6 5 6 7 7 3 5 5
638 4 3 9 5 3 2 2 2 7 10 8 4 9 2 5 10 4 9 2 10
679 7 8 9 8 3 7 3 8 2 4 3 3 3 1 9 5 8 6 3 4
773 4 9 8 2 4 9 9 2 8 10 3 10 9 10 5 1 8 6 5 5
600 2 6 5 5 8 9 4 3 7 7 5 4 2 3 2 2 4 2 4 7
733 5 8 3 1 9 10 1 2 10 6 10 10 5 6 8 5 7 10 6 6
744 7 6 2 8 4 4 4 7 10 3 6 8 7 8 8 4 8 10 5 3
610 1 1 8 6 7 4 3 10 8 2 9 6 3 5 8 1 7 6 4 9
657 6 7 3 8 8 6 1 8 7 3 3 9 10 7 9 7 2 2 3 4
10
784 8 8 5 10 7 5 9 6 9 2 1 3 10 2 3 8 9 6 5 10
622 4 10 8 10 1 2 5 6 7 2 6 2 2 8 4 9 1 2 2 6
772 4 9 6 3 3 8 5 10 5 6 8 1 10 10 4 7 9 9 8 8
596 1 8 8 3 1 2 6 8 8 2 4 6 5 7 6 6 4 1 8 5
589 5 4 2 6 2 4 6 10 1 6 8 5 5 10 4 6 3 2 1 6
778 9 4 3 7 2 3 3 10 10 8 4 7 8 10 6 3 8 8 8 6
784 1 7 7 10 8 10 4 4 6 10 9 4 7 6 3 10 1 7 7 10
695 10 7 9 7 8 4 4 3 7 7 4 4 4 4 9 3 4 1 6 2
548 5 5 1 3 1 7 6 3 10 5 6 5 2 9 6 3 5 2 2 4
594 6 4 1 3 5 5 3 5 4 1 5 6 3 5 10 10 9 1 7 5
10
685 2 7 6 5 2 4 5 10 4 5 6 8 9 1 3 4 7 6 6 6
639 3 6 1 7 3 5 6 5 1 5 3 7 10 5 6 6 7 7 8 3
690 8 1 3 4 2 5 8 4 10 7 5 1 8 3 9 9 9 2 3 1
645 2 7 7 10 10 9 2 1 4 2 2 8 3 6 2 9 4 2 9 8
575 10 8 2 1 1 7 5 1 1 6 10 6 5 3 4 7 2 2 8 2
630 5 5 3 3 8 2 9 9 6 6 7 8 6 3 3 1 7 7 1 7
599 3 1 1 6 6 3 3 7 10 4 6 8 7 3 9 7 2 7 2 5
674 5 1 5 7 9 3 7 4 8 6 10 2 5 9 10 2 8 5 7 7
632 5 6 1 10 7 3 5 6 7 5 7 5 5 8 1 6 3 6 5 10
696 6 2 10 7 9 6 10 9 5 4 3 1 1 1 9 7 7 3 2 5
10
677 2 8 5 7 7 5 1 2 9 3 4 6 3 7 3 10 10 3 3 9
810 2 8 10 8 2 5 10 10 7 10 2 9 4 5 4 6 4 1 7 10
675 10 1 8 8 2 6 8 6 7 3 3 1 10 10 2 2 7 6 4 10
719 4 8 9 9 5 9 2 9 2 9 3 3 2 2 1 7 3 1 5 9
678 9 2 7 7 9 6 7 4 1 10 5 8 9 5 9 2 2 2 9 1
740 8 5 10 2 10 4 1 5 6 9 6 8 10 5 5 8 4 5 6 10
669 2 7 10 7 3 5 10 7 9 3 5 5 4 10 4 1 3 4 4 1
559 2 1 4 5 9 2 4 10 6 7 3 3 2 10 10 3 1 10 9 5
670 1 2 9 5 7 5 7 7 9 2 4 4 8 1 4 1 10 5 10 8
754 2 2 6 6 8 8 8 7 9 10 9 7 3 3 10 1 8 1 7 3
10
713 5 7 9 10 4 5 6 7 2 2 7 3 4 3 10 9 6 1 6 6
666 7 3 6 1 9 4 3 4 1 9 3 6 6 5 3 8 10 2 8 8
708 2 7 10 8 2 4 5 7 8 10 6 5 10 7 4 4 4 6 4 8
669 6 7 4 5 4 1 8 4 3 10 4 1 2 6 7 10 3 10 7 2
666 4 7 9 9 3 4 1 5 10 1 7 6 2 2 4 5 7 7 9 1
626 9 10 4 8 3 4 1 9 8 1 3 1 5 6 7 5 5 3 6 7
529 2 6 1 1 3 10 9 3 2 3 5 5 4 4 4 4 5 9 4 10
597 1 4 2 6 5 3 6 6 4 8 10 7 7 6 2 6 3 3 5 10
791 8 7 9 9 8 7 6 5 9 2 8 1 3 9 4 8 9 6 5 3
764 10 3 9 10 3 9 6 2 4 9 8 7 4 2 9 6 2 3 7 10
10
817 10 10 2 10 1 10 7 10 10 2 2 2 7 8 7 9 5 10 2 1
766 1 4 3 4 4 4 3 7 5 10 6 5 8 9 4 10 9 9 9 8
791 9 3 8 8 5 3 2 6 8 8 8 8 7 10 9 10 4 2 8 1
640 9 7 10 3 4 3 2 4 4 2 10 6 10 10 9 5 6 6 3 2
811 10 8 8 5 2 5 10 10 6 1 9 8 10 2 5 7 9 7 4 7
581 1 4 1 9 10 8 7 1 7 1 1 5 2 7 7 9 2 5 10 3
767 7 5 9 7 2 8 2 9 5 6 7 8 4 7 9 7 4 9 9 5
568 7 5 3 10 1 1 6 6 5 1 8 8 5 6 4 4 6 7 1 2
537 7 2 2 3 8 7 8 3 2 3 9 2 7 10 9 1 7 5 1 1
817 9 1 10 2 6 10 8 10 4 8 4 6 8 2 5 8 7 7 8 4
10
820 10 4 5 10 7 2 1 10 9 9 6 3 10 9 8 4 10 1 9 5
697 2 1 8 10 8 10 10 4 4 1 8 3 1 8 8 2 10 7 7 7
675 10 5 7 7 4 7 5 2 2 1 9 8 9 10 3 4 9 10 2 7
816 8 2 10 7 4 2 9 6 10 7 7 5 2 9 5 6 9 5 7 9
703 8 4 10 2 4 9 9 5 2 6 5 10 9 7 8 3 5 10 1 1
717 1 6 6 2 9 9 8 4 9 3 7 9 6 9 4 9 1 2 8 8
598 10 4 7 2 2 2 1 8 1 3 2 3 1 4 10 8 6 9 10 8
764 6 5 1 10 6 10 7 10 9 2 3 4 6 4 9 5 9 8 3 1
609 3 3 8 1 7 7 3 3 2 5 10 1 10 8 1 9 5 9 9 7
675 6 2 7 2 6 2 3 7 5 7 5 2 6 3 9 8 7 6 9 8
10
788 8 3 10 10 9 5 6 1 8 4 9 1 3 10 2 10 5 5 9 9
665 5 8 3 6 2 5 9 2 7 1 5 6 10 8 9 6 6 10 8 6
888 8 3 10 10 7 9 10 9 2 9 8 5 10 7 5 7 3 7 7 1
687 4 7 6 8 2 4 3 10 10 4 6 4 3 2 3 3 6 1 9 3
840 7 3 6 6 10 9 2 7 10 6 5 4 5 7 10 9 8 10 8 7
691 6 7 4 4 3 3 6 9 7 6 6 4 5 2 9 7 3 3 10 6
741 8 10 7 7 4 9 1 3 6 5 5 6 8 7 10 6 5 1 9 9
817 9 6 10 7 10 4 6 8 5 4 9 4 4 8 3 7 6 9 7 10
745 6 9 8 4 10 10 9 3 2 6 9 4 4 3 5 7 7 5 4 1
790 8 5 10 8 8 5 2 9 8 8 5 5 4 6 6 3 9 1 9 4
10
582 4 3 5 4 5 6 3 9 1 10 1 2 4 6 9 3 4 9 6 6
726 10 6 3 6 10 9 7 6 4 8 8 4 2 1 8 6 1 7 2 2
490 2 8 7 5 2 2 2 8 6 3 1 9 7 4 5 2 2 3 1 6
821 10 10 4 6 3 8 10 10 6 5 6 4 6 5 9 3 9 7 2 7
565 4 8 9 5 3 8 4 4 3 4 7 2 1 10 4 3 3 2 5 1
669 1 3 10 7 6 4 7 6 8 6 7 7 10 3 2 1 9 3 3 5
577 6 3 3 3 5 4 7 10 3 5 1 5 2 9 1 8 1 3 9 9
701 1 9 2 1 6 9 9 8 6 7 6 8 10 8 1 10 4 2 1 7
753 4 3 4 7 8 8 5 9 4 10 1 4 10 5 3 6 10 8 1 8
679 8 6 9 4 3 5 6 8 2 4 6 3 4 7 8 2 8 3 8 7
10
599 8 5 2 1 4 5 8 9 2 9 9 8 4 4 1 1 1 10 4 7
723 7 4 10 10 2 5 1 8 6 3 7 7 9 10 1 9 6 3 2 7
743 7 2 7 3 2 9 4 10 7 5 1 10 7 4 4 6 9 5 7 4
629 3 1 2 6 9 9 6 1 1 10 7 5 8 7 5 2 7 8 6 5
789 4 10 10 7 4 8 5 8 9 4 10 4 1 9 5 1 7 4 9 7
692 10 4 2 9 4 7 4 10 4 3 5 8 7 10 10 4 4 3 9 3
647 8 5 1 5 1 8 9 4 4 4 8 9 3 4 3 2 3 7 10 2
675 2 1 6 2 6 7 5 2 8 9 10 7 9 1 3 1 10 8 8 8
611 3 5 10 6 4 4 4 9 5 2 5 1 1 3 6 4 4 8 7 8
606 3 4 6 4 5 3 7 3 10 5 5 3 8 8 3 4 4 9 6 7
10
882 1 9 10 10 7 5 9 5 6 2 8 8 4 10 10 9 9 9 9 6
771 10 5 4 7 1 2 9 6 8 10 5 1 6 6 1 10 8 9 5 2
742 10 5 8 4 9 9 10 4 9 5 1 9 7 2 7 1 10 1 3 3
755 2 10 3 10 7 5 9 3 10 9 6 5 5 3 9 7 4 5 4 4
638 9 9 8 3 4 8 3 4 3 7 7 2 3 4 7 5 4 7 2 8
611 1 9 1 7 5 2 9 5 4 6 7 5 3 4 3 10 1 1 2 5
858 6 9 10 2 5 10 9 10 9 8 2 6 3 4 10 5 6 2 9 1
650 4 6 10 3 5 8 5 5 8 2 2 1 10 10 3 8 5 5 7 6
646 2 8 6 2 4 4 7 2 9 2 10 9 10 10 5 2 9 9 2 6
737 4 7 6 10 6 4 5 9 4 9 2 5 5 7 6 5 8 2 1 4
10
585 4 6 9 9 5 2 6 6 3 7 4 2 2 7 2 2 1 6 4 9
769 8 3 6 8 6 3 10 3 6 6 4 3 5 8 10 9 10 10 6 6
604 7 2 7 7 6 3 4 3 1 10 6 3 10 1 10 5 5 6 1 7
619 7 3 7 1 2 10 6 9 1 2 9 3 3 1 5 6 7 7 1 2
640 3 10 5 2 1 9 2 4 10 6 8 3 7 9 5 6 2 9 3 8
532 1 8 1 1 9 4 6 2 4 5 4 5 5 2 1 9 6 1 8 1
627 3 8 8 6 5 9 5 3 2 8 5 1 9 4 2 3 3 8 4 1
779 9 3 7 4 8 8 4 9 5 4 7 3 3 4 3 6 10 9 9 4
583 2 2 1 3 9 6 9 5 5 3 7 2 3 7 10 9 9 2 2 7
662 6 8 5 8 9 2 5 6 2 8 1 4 7 2 3 2 10 7 8 1
10
817 4 8 3 5 3 8 9 10 6 10 8 6 4 5 7 8 6 6 8 7
563 4 6 9 4 6 6 9 1 1 7 1 8 1 1 9 3 1 4 4 6
665 6 4 3 3 8 6 5 8 10 10 2 6 6 4 5 3 3 4 5 1
607 6 9 7 1 10 6 2 6 1 1 7 5 5 7 1 7 6 5 7 10
772 9 2 4 6 9 6 9 6 3 5 6 7 2 9 9 8 4 7 9 7
683 4 1 6 6 10 3 10 6 1 7 8 9 4 4 10 1 8 6 5 8
592 2 1 3 10 5 2 7 10 6 3 2 9 9 10 9 2 6 8 3 1
855 6 3 10 2 2 10 2 10 5 8 7 10 7 10 10 8 10 6 3 1
798 8 4 9 5 1 10 6 9 7 10 6 1 1 6 1 1 8 8 10 6
594 9 4 5 5 7 4 7 2 8 2 6 3 9 5 5 2 3 9 5 3
10
775 8 7 9 9 7 9 10 5 2 1 7 8 5 10 6 6 6 3 10 2
719 9 10 4 5 1 3 5 2 7 9 7 6 6 1 3 8 5 4 9 10
670 10 1 9 7 5 10 7 3 1 6 8 1 10 9 3 2 7 10 4 2
594 3 6 1 2 9 2 8 8 5 4 6 7 6 4 2 6 10 3 3 3
696 3 10 1 1 5 9 2 9 10 10 6 10 8 1 9 2 4 7 2 3
678 4 5 10 2 8 6 7 8 7 5 6 7 8 1 7 3 1 3 7 7
689 8 9 5 3 7 2 1 6 4 8 10 2 2 9 4 6 8 7 3 4
688 6 2 10 2 6 10 5 4 7 7 8 2 2 9 9 9 4 1 6 3
703 7 5 8 3 10 10 10 8 2 4 6 5 7 10 8 5 2 3 4 8
685 1 1 4 10 5 4 6 7 8 8 8 3 5 4 1 7 9 2 6 7
10
776 4 10 10 9 7 7 6 2 9 6 6 8 8 5 3 8 1 10 6 6
585 8 3 5 2 5 5 3 9 5 1 8 2 4 7 2 7 3 5 6 8
771 6 9 9 4 7 1 4 10 1 10 1 6 10 6 5 9 8 2 8 6
716 7 5 4 8 9 10 10 2 4 4 3 3 2 10 4 7 6 4 9 9
689 7 4 3 2 9 9 3 1 1 5 5 5 1 2 6 10 10 5 10 5
672 2 10 10 4 5 1 1 1 8 5 4 8 2 10 4 10 8 1 8 10
677 1 10 8 7 10 6 2 6 6 2 9 9 7 6 7 3 5 7 4 9
865 8 6 4 8 3 10 9 7 3 10 6 8 6 3 2 10 3 6 9 5
762 9 5 5 7 3 8 6 9 7 8 5 4 4 10 5 2 10 4 7 5
693 4 9 7 4 10 3 7 3 7 8 4 4 5 8 6 6 5 5 5 5
10
697 10 3 9 1 8 1 1 10 8 8 3 9 8 4 1 8 2 8 7 8
660 4 6 8 2 5 3 9 9 5 8 6 7 2 3 5 7 3 7 1 7
753 1 8 1 10 6 8 1 9 9 10 1 10 8 10 7 4 6 4 6 5
638 1 5 8 4 6 8 3 5 4 4 8 5 8 1 3 7 9 10 2 8
599 3 1 7 3 1 2 3 3 5 4 10 6 1 2 8 6 9 10 7 4
658 4 2 2 7 8 3 4 7 6 8 10 6 7 5 9 10 1 10 3 6
663 8 5 9 3 2 2 4 4 7 1 7 4 10 1 9 5 10 7 7 4
693 5 9 7 10 10 6 1 8 2 2 8 6 3 8 3 3 6 10 2 10
721 3 1 8 8 2 8 7 10 4 6 1 7 8 9 1 9 2 4 6 5
732 9 1 7 2 4 10 9 7 3 4 9 3 2 5 5 9 6 9 4 7
10
803 6 8 6 4 10 10 5 8 3 6 5 4 7 3 4 10 9 9 1 8
714 3 3 3 2 6 9 10 4 3 7 5 10 6 3 8 4 10 5 5 5
629 4 2 10 1 9 4 3 7 10 1 7 6 9 9 6 2 2 10 9 8
656 4 5 1 10 10 5 7 1 4 2 7 9 9 6 5 3 9 10 2 4
623 3 7 10 4 2 2 1 2 4 10 4 6 7 5 2 9 4 4 3 8
798 1 1 8 10 2 10 4 10 7 5 7 8 2 6 6 8 9 8 2 9
712 5 10 3 5 3 3 4 10 1 9 6 2 10 6 4 6 7 8 6 7
778 8 5 6 8 9 4 5 9 10 9 3 4 8 6 9 7 1 7 9 9
703 6 8 2 3 9 1 10 4 9 6 8 5 3 8 3 10 5 2 8 1
653 5 5 9 5 7 9 7 1 7 3 2 7 2 7 5 6 1 1 8 9
10
601 8 6 6 1 3 4 6 1 7 10 6 5 9 3 4 1 3 7 5 8
824 8 4 10 9 1 9 7 9 5 6 2 7 1 4 8 10 8 1 5 1
604 4 2 7 2 3 1 3 7 6 7 9 9 4 10 7 6 6 1 3 5
571 7 3 9 2 7 4 6 8 9 4 4 1 4 2 5 1 1 4 6 2
710 1 1 4 9 10 3 7 9 9 10 10 10 7 2 9 5 1 7 1 10
677 3 5 7 7 3 4 1 3 10 3 3 9 3 8 8 7 9 8 8 8
786 10 5 5 5 8 8 9 10 5 7 7 6 2 2 6 6 10 4 3 2
727 9 4 3 3 6 10 7 6 3 5 5 10 9 4 10 5 7 5 3 8
651 3 10 4 2 3 1 6 7 8 7 7 7 8 3 10 5 1 3 8 7
551 1 8 6 5 1 3 3 7 1 1 1 10 5 6 5 1 4 10 8 9
10
525 7 5 7 5 8 6 3 3 1 3 1 1 8 7 7 2 10 2 1 8
605 3 2 10 3 1 1 1 8 3 7 2 1 8 7 6 7 10 3 8 2
552 8 4 1 2 2 3 5 3 6 2 3 2 3 3 6 8 7 7 10 7
718 7 10 8 5 10 2 8 9 6 7 5 6 3 10 8 1 1 8 6 7
622 10 3 2 2 3 10 3 10 5 4 2 6 2 6 3 4 2 8 9 7
672 3 7 7 5 5 7 2 3 1 8 9 5 9 7 6 8 8 2 4 10
718 3 1 10 10 4 3 3 6 10 1 2 9 4 9 8 4 8 10 10 5
727 5 8 3 3 7 2 3 5 7 10 6 8 3 8 2 8 9 7 2 5
921 10 7 8 9 9 10 10 4 7 9 2 10 3 4 7 9 9 4 7 3
663 6 2 8 1 8 3 8 2 8 6 8 8 9 8 5 4 8 4 4 10
10
678 7 4 8 1 5 8 5 10 4 10 8 1 4 2 2 3 5 5 6 3
667 2 8 4 8 4 7 7 6 10 1 10 7 10 7 5 3 6 4 1 4
731 10 7 8 8 4 6 6 8 1 7 9 6 10 7 1 4 4 1 3 4
731 6 3 8 3 6 10 7 8 1 10 3 10 5 1 7 4 4 10 6 6
550 2 6 4 2 6 3 3 1 1 10 7 2 3 9 3 8 6 9 4 7
676 2 9 9 7 2 3 7 2 7 9 2 9 6 7 5 2 4 10 10 1
799 4 5 9 10 8 5 1 10 5 10 5 8 9 10 1 4 4 7 10 2
695 8 4 9 4 10 4 10 4 7 8 6 8 6 10 2 2 1 2 7 6
696 8 1 1 10 1 7 9 6 8 7 1 5 1 7 7 4 5 5 5 6
650 2 10 2 8 3 9 8 2 10 2 5 9 3 3 4 5 3 5 2 10
10
584 5 5 9 9 1 9 2 4 1 5 3 1 5 6 4 2 5 6 1 3
721 4 8 3 8 4 4 8 5 8 4 1 9 9 5 9 7 6 4 4 4
622 1 6 6 7 5 8 2 2 3 9 4 2 10 2 6 6 7 9 3 10
815 9 4 10 10 2 10 5 8 7 6 10 9 6 7 8 9 1 6 3 2
710 10 7 1 6 4 6 10 5 8 3 3 5 10 9 7 5 7 2 9 5
667 7 3 2 4 4 3 8 4 7 6 10 8 8 10 3 9 7 3 1 7
544 7 7 6 2 3 3 5 5 1 4 6 9 10 5 6 2 2 5 4 1
732 6 10 7 1 2 9 8 8 10 4 8 7 8 4 10 6 1 2 8 1
793 1 3 1 9 1 10 3 10 7 10 3 9 1 8 8 7 9 3 8 4
739 9 7 8 3 9 10 8 10 9 5 4 4 1 3 9 3 6 1 2 7
10
650 9 6 2 5 8 7 2 9 2 8 10 6 2 1 7 4 6 6 1 4
720 2 8 10 1 5 3 4 10 4 10 7 6 3 10 4 6 6 7 9 7
685 1 8 8 9 2 2 5 7 4 3 6 10 2 4 8 5 2 6 10 6
668 8 2 4 7 10 2 7 4 9 8 9 10 6 7 8 1 2 2 10 5
586 4 7 3 7 3 6 2 9 9 1 5 5 4 6 8 1 2 7 7 6
718 10 4 6 9 2 7 3 5 9 3 10 9 9 9 2 6 1 4 3 3
598 3 9 3 4 9 4 7 5 1 5 6 6 6 1 7 3 8 9 3 7
720 10 9 4 9 1 1 4 1 4 8 7 10 6 8 2 8 6 2 5 8
718 8 3 6 4 9 1 7 9 3 7 2 10 1 6 9 6 10 7 4 10
608 6 2 7 5 1 3 6 7 7 9 1 5 2 8 5 2 2 8 6 10
10
691 7 10 7 6 6 8 9 8 1 1 10 2 1 6 1 3 7 2 5 1
671 1 6 1 5 4 8 5 10 9 4 10 9 9 2 3 8 4 7 2 4
668 9 10 6 7 3 9 1 5 8 3 3 7 3 7 5 1 5 8 5 1
582 5 5 7 4 5 4 4 3 2 1 7 10 9 10 10 4 8 1 2 2
721 2 8 1 1 9 9 6 6 9 6 6 8 3 4 10 4 8 8 10 4
657 9 1 4 1 5 2 8 4 5 8 10 9 10 9 4 4 4 10 8 5
588 6 10 4 2 6 1 5 8 9 4 2 10 7 1 7 4 3 6 3 6
594 3 4 3 9 3 10 1 3 4 8 5 10 7 7 7 1 4 4 6 1
831 8 7 10 7 8 5 5 4 3 7 8 7 9 5 2 9 10 7 10 7
612 2 3 6 2 7 1 8 8 3 7 4 10 2 5 10 2 6 9 8 10
10
707 8 5 5 5 3 7 1 1 6 6 1 9 7 7 2 10 10 2 9 10
692 2 4 4 8 5 9 4 9 9 3 2 10 4 2 6 7 1 2 10 4
595 3 8 1 6 1 4 3 5 9 6 6 8 10 9 10 4 2 4 7 8
583 1 6 4 1 9 1 7 5 10 10 10 5 5 1 1 3 1 8 5 6
744 1 7 8 7 10 10 10 5 2 6 1 8 9 3 9 8 3 1 7 4
679 1 3 4 9 1 7 2 6 7 8 4 6 8 6 1 10 2 6 5 8
698 1 8 4 4 10 4 10 4 3 2 4 2 7 7 8 9 8 10 10 2
676 6 10 3 8 1 5 7 6 1 3 3 1 10 3 9 10 7 10 8 1
689 5 9 6 4 2 7 2 8 10 6 7 7 5 5 8 2 6 9 3 7
789 2 7 8 9 10 10 5 4 10 7 10 7 5 4 6 5 4 7 9 1
10
703 2 7 5 9 4 4 9 7 4 8 1 10 9 8 8 7 1 6 2 7
664 10 1 5 10 1 1 7 9 7 1 5 8 2 7 4 1 6 9 5 2
645 2 7 6 6 8 2 6 4 8 7 2 9 3 10 2 2 2 8 7 7
678 1 5 10 8 1 1 6 8 8 6 10 4 8 10 4 10 2 3 3 9
615 2 2 6 9 5 8 10 2 3 3 10 3 6 3 4 3 2 3 9 1
579 8 9 5 4 5 3 1 1 4 3 3 8 3 7 6 3 8 3 7 10
643 8 4 9 6 1 8 6 1 3 3 9 5 9 10 1 1 8 5 10 10
833 9 6 4 8 2 8 4 9 3 9 5 3 8 5 4 10 9 3 5 9
693 5 8 8 8 4 4 5 6 5 8 9 6 5 6 4 1 9 2 1 10
796 8 5 4 8 4 8 7 10 5 10 6 2 7 10 5 3 9 1 3 10
10
767 6 7 4 3 4 6 2 10 5 10 3 3 9 1 5 10 6 9 10 5
702 5 2 10 2 6 5 7 5 7 7 4 6 5 10 10 8 4 8 1 5
620 5 1 8 2 1 10 5 6 9 1 4 2 4 9 8 5 6 1 3 7
809 1 4 7 8 4 10 6 7 8 8 7 9 3 6 3 7 5 1 10 9
768 5 4 10 8 2 7 5 2 3 5 9 10 3 6 10 7 9 3 10 1
643 10 4 4 9 2 3 2 3 1 3 8 4 1 6 10 8 8 2 6 5
764 8 9 9 9 3 3 3 10 4 5 8 10 8 2 2 2 10 2 6 8
667 6 9 3 2 2 7 10 7 9 4 8 3 6 3 6 1 6 1 5 10
614 9 8 6 1 2 4 1 9 6 6 1 5 5 5 4 4 8 3 2 9
803 9 7 9 9 9 6 4 7 1 10 6 4 10 10 6 1 9 2 10 6
10
801 7 7 1 9 10 6 9 10 8 5 5 5 3 8 9 4 8 4 9 4
459 8 4 4 2 7 6 5 2 1 1 10 2 3 9 1 1 6 1 4 3
790 7 6 8 6 7 7 9 5 6 5 6 4 6 4 2 4 10 4 10 5
603 2 3 3 3 9 2 5 8 7 6 8 6 9 10 3 5 4 3 3 3
645 1 7 6 8 6 6 9 3 9 5 3 8 8 6 5 5 2 2 1 6
686 10 4 8 2 6 8 4 9 7 1 7 3 6 4 1 3 7 7 7 7
625 9 5 10 4 10 4 1 9 6 1 2 10 4 5 4 2 3 6 7 9
635 10 3 10 5 10 9 3 6 5 4 6 7 7 1 5 5 1 3 1 4
662 10 7 6 2 5 5 4 8 1 2 6 2 6 3 2 10 3 3 10 10
866 10 6 10 8 10 1 5 8 3 9 7 8 5 5 9 9 8 8 7 1
10
657 1 2 4 4 2 10 10 4 2 6 8 8 7 4 7 9 8 3 1 10
677 1 10 10 5 9 9 8 3 5 2 3 5 2 8 10 2 8 3 6 2
410 6 5 2 1 3 2 4 5 1 3 3 2 10 2 4 4 3 5 6 3
711 7 4 4 3 8 8 6 2 7 10 8 6 5 10 1 1 7 3 8 1
715 4 10 5 5 6 9 1 6 1 9 7 2 5 4 8 9 7 1 4 6
610 2 2 7 8 1 9 3 7 1 1 7 3 8 8 5 7 6 4 4 9
647 8 3 5 7 2 3 4 2 6 3 3 7 3 5 5 8 7 8 6 8
713 2 7 1 10 5 6 4 7 8 9 2 2 5 5 7 9 4 8 5 5
739 10 9 7 10 10 3 1 7 4 7 5 5 3 7 6 6 4 3 8 7
820 9 10 7 10 10 9 3 4 9 7 1 2 1 10 8 3 10 10 7 3
10
544 1 5 2 1 10 4 1 2 10 1 7 1 8 3 5 10 10 9 1 1
674 3 2 6 6 8 8 5 8 4 8 3 5 2 6 3 5 3 8 5 2
615 5 2 2 4 7 10 4 9 1 9 1 4 6 9 8 1 2 5 8 4
641 7 1 4 10 1 1 9 4 1 4 1 9 8 8 8 9 5 6 8 7
826 8 8 10 9 8 6 10 6 7 1 10 9 6 3 8 10 2 1 10 7
618 3 4 2 6 2 5 9 1 5 6 2 10 6 2 10 9 3 4 8 3
752 8 10 5 2 9 8 3 9 2 6 2 3 8 7 5 9 7 4 5 9
646 5 4 1 1 7 1 9 9 7 7 10 1 4 9 7 8 2 7 7 3
764 9 7 8 4 2 3 5 5 8 8 1 1 5 5 9 10 8 9 8 9
713 2 8 1 1 7 2 7 4 10 8 3 8 7 5 7 9 5 9 7 8
10
617 10 3 3 5 4 1 2 6 10 8 4 9 5 3 2 6 1 2 5 3
745 10 6 6 7 10 1 1 9 5 5 6 5 3 8 5 5 10 6 9 10
729 7 5 5 4 9 9 1 7 5 5 9 10 4 2 2 3 9 6 10 5
773 4 9 10 8 6 7 3 4 9 4 2 1 8 1 5 8 8 4 10 7
709 9 6 8 6 7 4 9 1 2 8 6 6 2 1 7 10 3 2 6 4
681 1 1 1 4 8 8 9 4 9 9 10 1 5 7 6 6 6 6 7 9
778 5 10 9 7 5 9 8 4 2 5 5 9 1 7 1 8 5 3 9 4
648 9 6 1 5 1 3 1 10 7 1 7 8 2 2 2 9 3 10 9 9
774 5 10 7 5 3 6 10 8 3 10 5 2 8 8 5 10 2 8 4 5
727 7 5 8 9 6 2 6 8 4 3 8 6 1 8 1 4 8 5 5 10
10
819 9 9 10 5 7 9 8 7 2 5 6 3 9 1 10 7 6 10 5 5
685 5 10 10 5 6 9 10 5 5 2 6 5 4 6 8 4 4 8 3 1
649 4 6 9 2 1 1 3 3 9 10 1 9 5 2 1 3 10 8 7 6
711 10 4 9 10 5 5 9 1 4 1 7 9 9 2 3 9 3 2 9 5
753 9 8 7 9 5 3 8 6 4 10 1 2 2 2 3 2 7 6 10 8
762 10 10 9 10 1 5 4 9 2 6 9 2 2 4 7 8 5 9 1 1
681 9 7 7 2 10 8 8 4 8 3 1 6 8 1 2 3 9 9 2 10
769 3 7 5 2 9 10 5 9 9 6 8 6 5 9 5 5 6 8 2 7
677 10 1 9 7 9 2 5 6 4 10 7 3 5 9 5 3 7 1 2 3
561 10 2 10 2 1 6 1 2 7 3 2 10 2 8 6 2 6 5 3 4
10
667 6 6 7 4 10 9 8 2 4 1 6 7 3 2 7 4 8 6 2 8
696 10 2 4 8 9 1 8 8 3 8 5 5 6 5 3 5 3 1 9 2
629 3 10 1 2 7 10 7 2 10 4 1 4 7 5 4 5 3 5 8 4
704 9 4 8 1 9 7 8 5 3 6 8 8 7 10 10 4 6 5 1 3
743 8 9 3 3 3 9 3 10 5 4 2 7 5 7 8 5 9 9 5 9
740 10 6 1 3 6 7 10 8 6 10 9 1 10 3 10 1 5 6 9 3
667 8 6 8 2 7 5 7 2 9 5 2 2 7 2 8 3 7 7 7 5
788 5 1 5 9 3 7 6 3 1 10 9 6 2 6 7 8 7 10 10 3
815 8 9 1 7 8 6 7 2 9 10 5 4 5 6 8 7 8 5 7 1
850 7 5 9 4 8 7 9 5 10 6 10 7 6 3 7 10 8 8 4 7
