100 20
500 500 500 500 500 500 500 500 500 500 500 500 500 500 500 500 500 500 500 500
15
713 7 10 5 3 8 7 7 5 2 4 5 7 4 1 10 2 6 10 1 9
873 10 8 10 6 2 4 8 2 9 1 8 10 8 7 10 10 7 9 1 5
716 6 8 10 7 6 2 9 2 7 6 4 8 4 1 8 5 7 1 2 1
933 5 9 3 5 1 9 9 8 10 7 5 9 8 9 5 2 5 3 9 10
916 9 1 5 10 6 9 8 8 4 9 1 5 7 10 6 9 4 5 7 4
769 1 5 2 4 4 3 3 3 3 3 10 2 7 7 8 7 10 10 8 4
951 5 1 6 4 10 6 9 4 4 9 10 7 3 9 10 9 10 2 1 9
895 8 3 4 7 10 9 8 4 1 8 4 10 4 9 9 3 5 5 10 1
841 10 1 4 5 5 4 6 6 2 5 7 7 10 2 2 10 10 4 9 8
680 6 1 3 8 2 8 10 4 7 3 10 6 1 7 10 3 1 1 2 8
644 4 6 7 4 3 3 10 1 1 10 1 4 8 7 1 3 4 10 5 1
955 2 6 7 10 3 6 10 6 2 8 8 10 9 9 7 8 3 2 6 10
880 2 4 2 7 9 10 8 9 7 2 10 10 2 8 2 5 10 2 6 5
724 4 8 3 1 6 10 6 10 7 2 5 6 4 2 8 1 9 9 7 5
732 5 2 4 5 5 8 5 3 3 8 6 9 4 3 9 4 4 5 10 10
15
838 2 3 1 7 7 3 8 9 4 10 3 9 10 1 2 1 10 8 10 6
834 3 2 5 5 5 9 6 7 5 6 9 6 7 1 5 8 10 3 5 9
738 9 9 8 4 1 1 8 9 1 4 2 8 6 9 4 8 7 10 5 3
802 5 1 2 3 10 10 3 10 2 7 8 7 6 10 8 1 3 5 6 2
624 10 2 9 4 1 1 5 5 1 6 7 4 5 3 4 10 5 8 7 3
789 3 4 5 8 5 5 5 2 5 9 6 10 9 2 6 3 5 8 10 7
636 4 5 4 2 2 4 9 1 1 1 2 7 8 1 6 7 8 10 5 3
832 5 2 7 6 9 9 3 10 4 1 7 4 8 9 10 10 4 3 1 2
731 5 3 4 10 6 1 2 6 6 1 1 5 7 10 10 3 10 6 4 5
722 3 5 9 1 7 10 7 7 6 3 5 4 10 1 7 6 3 4 1 5
691 7 1 10 2 9 2 3 6 4 7 10 5 3 6 1 7 5 3 5 2
801 7 4 7 1 10 5 8 8 8 5 3 9 9 4 6 5 5 5 6 6
748 9 5 5 3 4 9 9 5 3 2 9 2 1 6 9 6 1 10 9 7
684 10 10 3 6 4 4 3 3 1 6 1 5 10 4 1 10 10 4 3 2
712 3 6 2 9 3 9 3 8 7 3 10 1 3 4 6 3 9 1 2 7
15
597 7 2 10 2 4 2 6 9 10 1 3 9 3 2 10 3 2 9 6 6
674 8 4 4 9 5 5 8 2 1 7 5 4 5 1 8 7 2 9 5 2
583 5 2 9 1 2 2 3 7 4 9 1 1 2 9 10 9 1 6 4 1
875 8 8 2 3 9 10 4 7 4 3 3 4 6 9 8 10 2 6 9 9
805 2 3 2 10 7 10 2 9 8 5 7 1 7 10 6 1 6 7 4 2
746 6 8 6 1 10 10 5 5 6 9 7 6 2 3 7 8 5 1 2 3
687 9 9 2 3 1 7 7 1 1 4 2 7 7 6 4 4 5 7 8 8
707 3 6 10 7 3 3 2 5 10 5 1 8 1 8 9 9 10 6 2 3
733 3 3 1 7 8 2 8 7 3 10 9 7 1 3 6 1 2 9 6 4
713 9 6 4 4 4 3 1 3 5 1 1 4 8 10 5 7 9 4 8 9
789 9 10 9 1 9 7 5 1 5 9 5 7 3 8 2 8 2 8 8 8
810 10 1 6 10 6 9 2 2 3 8 6 1 10 5 10 7 6 10 3 3
752 9 3 7 10 3 9 10 2 2 6 2 4 6 1 4 5 10 8 9 4
693 3 4 1 3 2 10 4 8 7 4 3 2 7 9 1 4 9 1 2 5
869 1 3 4 4 10 9 7 9 3 3 10 4 5 6 7 9 6 10 4 5
15
903 8 7 3 6 7 9 8 4 3 6 10 8 1 7 10 9 6 1 7 8
711 4 10 6 5 2 2 4 4 9 7 4 10 7 9 1 4 3 10 4 4
736 2 4 10 2 9 8 8 4 9 10 3 5 1 6 5 4 3 10 3 6
824 5 3 3 6 7 3 2 4 9 4 9 8 7 7 7 4 8 4 7 8
792 8 3 5 7 8 7 9 9 6 5 9 8 1 1 9 4 3 7 6 5
677 9 10 4 1 9 5 4 1 10 10 7 10 5 2 3 3 1 7 3 4
847 10 2 2 9 6 8 2 8 6 8 6 8 5 3 7 5 10 1 9 10
676 10 6 2 5 2 2 8 7 8 2 1 1 4 5 8 6 4 2 7 8
764 2 10 5 1 1 7 10 5 1 1 6 9 2 1 5 9 8 5 10 6
607 1 2 1 8 2 1 7 8 4 8 8 1 5 6 2 1 7 2 3 4
754 3 1 10 9 3 1 4 5 4 7 8 1 6 5 8 10 2 2 7 10
641 8 10 3 2 5 6 1 4 7 1 5 1 4 7 1 4 8 5 8 6
609 1 2 8 1 7 3 5 1 5 4 7 9 5 6 1 3 6 6 2 7
654 9 6 3 7 6 1 1 10 7 9 1 5 4 4 8 3 6 1 4 4
797 10 9 4 10 10 2 2 2 4 7 9 4 5 8 9 5 4 3 2 6
15
708 1 9 9 5 1 1 1 4 2 9 7 1 6 8 2 9 5 2 10 6
736 3 10 6 6 7 9 5 8 1 5 5 3 7 8 3 3 4 3 1 1
829 6 9 4 6 6 5 5 5 1 2 10 1 7 3 7 10 10 4 7 6
617 1 2 3 3 7 8 7 2 8 3 7 4 3 1 1 9 6 3 1 3
881 8 1 8 10 10 3 10 5 7 1 10 10 4 10 10 2 9 6 1 7
671 8 9 5 2 5 1 5 6 6 10 1 10 3 7 1 6 3 4 6 4
680 4 2 4 8 4 4 6 1 3 10 4 9 4 6 5 6 4 5 3 10
650 5 5 4 1 1 1 9 10 5 10 4 5 8 1 5 1 1 6 9 6
706 3 1 9 4 9 3 6 7 1 7 7 6 2 8 6 3 5 10 4 5
919 1 9 10 7 10 7 4 3 4 7 10 2 9 9 2 7 8 4 6 6
639 1 1 3 3 7 5 3 3 3 2 5 1 5 9 10 6 4 2 8 2
575 6 6 2 6 5 4 1 3 7 7 3 6 1 4 1 5 7 6 3 1
598 3 7 10 7 1 6 1 5 5 7 9 3 5 7 3 1 3 2 2 5
843 9 5 8 10 9 10 8 7 9 1 7 2 5 9 8 1 4 6 1 6
610 3 3 1 10 1 5 5 2 1 1 7 8 7 7 1 4 1 8 5 6
15
869 3 7 10 8 7 10 7 2 7 7 4 4 1 10 7 8 6 8 2 10
794 9 6 9 1 7 9 10 9 3 1 2 1 3 10 7 10 5 9 3 4
623 2 6 3 4 2 2 7 9 1 2 3 8 1 3 1 9 10 2 8 3
668 1 7 1 5 4 4 6 8 6 8 9 6 4 7 2 1 2 5 1 2
755 6 10 10 6 1 5 9 10 5 6 5 4 1 10 8 2 7 10 1 6
549 9 1 3 1 10 7 1 4 6 5 1 1 1 2 1 3 8 6 7 3
766 8 9 8 3 1 7 7 9 3 10 10 2 7 3 3 3 5 7 7 7
868 3 8 4 6 1 10 3 7 5 7 9 9 9 7 7 5 3 9 9 6
670 7 2 1 1 4 8 10 3 9 4 2 9 1 6 5 3 1 8 10 8
567 5 10 10 1 5 4 6 1 3 2 3 2 5 6 3 1 8 2 3 5
697 2 3 1 3 7 10 2 2 7 6 9 1 2 9 5 6 1 2 10 6
696 8 7 3 5 9 1 8 2 2 5 5 10 1 6 10 2 5 2 1 8
670 5 7 2 3 2 4 2 3 2 7 9 8 1 2 1 10 10 5 2 10
672 9 6 6 6 3 10 3 7 8 6 2 1 6 3 9 8 2 2 5 5
673 8 2 10 5 1 5 6 2 7 8 9 2 4 3 6 4 7 8 3 5
15
644 3 8 8 2 10 1 5 10 1 9 2 4 1 5 1 3 6 2 6 8
676 5 1 4 7 7 4 7 3 7 10 8 3 2 6 1 5 5 7 2 4
828 3 8 8 3 5 5 10 1 6 7 9 1 6 10 6 8 2 2 9 6
830 10 5 4 10 6 8 3 7 5 6 3 10 5 8 9 6 8 5 6 1
966 2 10 2 5 6 5 9 10 1 9 7 4 10 7 6 9 9 6 1 8
836 5 8 6 1 8 9 5 2 8 3 5 7 7 9 7 9 3 4 9 5
653 4 9 3 10 6 6 1 4 4 1 4 10 4 5 7 6 8 3 1 1
704 1 5 3 7 2 3 7 3 5 7 2 5 1 6 9 7 5 6 8 4
778 8 7 2 2 2 3 9 4 4 6 6 10 9 6 1 10 3 4 8 1
794 4 10 9 3 4 2 9 3 1 6 9 6 8 7 3 2 5 5 10 4
641 1 2 8 2 4 1 5 4 8 7 2 8 7 5 2 9 1 10 4 5
782 7 2 6 3 8 4 6 3 1 7 10 5 9 10 7 1 8 2 1 8
744 9 5 6 7 3 9 3 2 10 5 10 10 3 1 5 10 2 8 5 1
849 7 8 10 10 3 3 8 10 1 6 4 8 4 8 6 10 3 8 7 1
957 4 7 9 3 8 8 4 10 8 7 6 1 7 9 9 9 8 1 5 9
15
749 3 5 9 7 7 10 4 5 7 2 5 3 6 1 6 7 7 9 2 8
566 4 5 1 9 5 8 2 1 2 7 4 1 3 3 2 2 2 4 9 7
739 8 7 3 5 5 9 6 1 4 3 7 2 8 2 9 3 10 5 4 7
615 6 1 7 8 6 2 1 4 3 9 4 2 10 5 1 4 9 3 3 2
749 10 5 7 5 9 7 7 3 3 4 4 2 4 9 1 5 2 10 10 8
794 4 1 9 3 9 10 8 3 5 5 3 8 6 10 6 4 4 10 9 1
795 8 1 7 5 4 1 8 9 6 5 9 5 4 9 8 8 1 10 6 8
766 5 9 3 2 6 5 5 10 8 5 5 4 4 7 8 1 6 1 10 5
614 3 5 2 4 2 7 9 5 1 3 1 8 1 5 7 2 9 4 3 10
710 9 4 9 9 5 5 10 3 1 10 5 8 1 3 1 7 3 5 10 1
826 1 2 5 8 1 7 1 10 6 8 7 9 2 7 8 8 8 3 7 8
689 7 10 9 2 5 9 9 1 3 5 6 7 3 3 7 9 2 10 1 1
943 7 7 4 6 7 8 4 8 6 6 9 9 10 4 9 10 3 6 7 7
824 8 7 8 9 8 1 2 2 8 6 6 6 10 9 9 4 8 9 1 9
616 7 4 2 8 1 5 8 2 2 5 4 6 3 7 2 7 1 3 6 2
15
707 5 7 1 7 4 8 3 8 3 6 10 9 2 7 7 2 5 9 1 2
648 3 6 8 1 3 4 8 8 6 3 5 2 8 1 4 2 8 2 5 10
716 7 5 8 2 6 7 4 8 8 4 6 3 6 3 5 9 2 6 6 8
764 8 9 7 8 10 8 3 4 1 1 10 1 2 9 5 6 1 8 9 1
770 1 10 9 4 10 3 10 3 3 8 1 10 4 2 5 5 3 10 6 9
825 6 7 6 6 10 2 9 2 2 6 3 10 3 7 3 2 10 9 10 8
678 7 1 6 1 4 9 1 7 3 3 10 6 5 10 1 10 4 9 1 8
477 6 6 7 2 2 4 2 4 4 3 6 3 3 1 2 10 3 8 1 4
711 1 2 6 10 10 7 2 6 7 5 1 3 1 6 1 8 5 10 8 8
751 6 2 6 6 5 6 4 2 5 8 4 3 7 10 3 8 8 2 7 1
755 7 2 1 10 2 7 7 6 5 7 4 6 3 2 2 8 9 2 7 9
698 1 7 6 3 5 1 6 3 4 3 4 2 5 8 7 7 9 10 2 7
642 10 4 8 8 8 1 8 6 6 1 2 8 2 1 6 2 3 2 10 10
979 4 8 2 7 2 10 4 10 9 9 10 2 10 7 3 9 10 7 10 3
646 7 2 6 1 4 10 5 10 4 5 2 2 9 7 1 1 8 8 1 3
15
594 7 6 3 4 6 6 3 7 6 2 4 2 5 8 2 5 2 4 2 8
840 9 4 3 10 6 4 8 8 5 5 10 4 7 8 2 6 7 5 6 2
730 4 8 2 3 10 7 4 8 8 5 3 6 2 5 2 6 5 9 7 2
639 4 1 5 2 8 4 9 7 8 6 5 6 6 1 2 1 3 10 2 5
668 3 4 2 1 4 3 3 9 9 1 2 4 10 1 4 10 8 2 8 8
925 9 4 8 5 3 6 10 8 3 9 9 5 6 9 7 9 8 6 4 9
739 3 1 8 9 8 1 2 8 8 3 8 8 6 3 10 2 6 1 8 1
744 2 10 7 9 4 5 10 6 4 1 8 2 5 5 5 5 3 9 3 5
695 7 7 7 4 7 4 7 9 9 3 2 2 4 5 10 2 7 1 1 10
856 3 5 7 10 7 6 10 4 9 3 9 7 9 2 6 6 5 4 9 1
637 1 3 10 2 6 7 1 8 1 5 10 3 1 4 1 3 10 8 9 3
811 2 6 1 6 7 10 9 5 2 5 9 5 1 5 9 4 7 8 2 8
751 4 9 9 8 7 7 5 10 5 3 10 2 1 6 6 4 2 1 8 4
704 4 9 9 2 1 1 2 5 9 3 6 10 2 7 2 6 10 9 9 5
783 7 7 8 6 5 2 6 7 5 1 2 10 2 10 3 9 10 6 7 8
15
770 9 10 3 10 3 1 8 4 2 7 10 2 10 5 3 2 2 3 7 10
908 8 10 3 10 8 4 2 9 3 7 4 7 10 10 1 1 9 10 10 6
775 2 6 8 3 9 5 7 5 5 9 3 1 9 3 7 5 7 7 2 5
667 4 2 2 3 1 9 9 4 8 8 1 5 7 4 7 7 1 4 4 2
685 9 10 7 3 1 10 5 10 6 1 3 4 6 2 3 8 8 1 1 7
664 4 6 5 8 1 6 2 9 8 5 5 2 8 2 8 7 1 6 9 1
721 7 3 6 2 6 9 7 4 1 8 1 2 10 4 4 4 6 10 7 6
793 3 8 7 10 7 9 9 7 9 8 1 1 3 7 7 2 4 3 6 6
801 7 4 6 10 1 3 3 8 3 8 8 7 2 9 10 6 7 5 7 9
668 10 4 10 5 1 5 7 6 2 2 7 7 3 10 1 1 7 9 4 8
750 7 10 6 10 4 2 2 1 2 2 7 5 9 4 8 4 10 1 8 2
850 7 8 7 2 10 8 5 10 5 8 3 7 7 10 1 3 10 5 3 5
816 5 7 6 9 4 8 6 5 10 3 8 5 6 3 6 10 6 9 1 7
753 2 3 3 9 6 2 3 9 6 6 10 7 5 8 1 2 8 8 1 3
717 9 1 8 10 2 3 6 3 10 5 10 8 4 6 9 7 2 6 3 6
15
685 10 5 8 3 6 7 1 7 6 1 10 1 2 1 10 3 5 3 9 9
685 10 1 7 10 6 4 7 3 5 4 5 7 1 3 1 5 4 10 10 2
788 10 1 9 7 2 8 6 4 5 9 8 2 7 7 9 6 4 10 3 8
792 4 3 4 7 3 2 7 9 4 1 10 6 8 4 6 10 10 10 3 2
884 2 10 9 9 4 2 5 10 7 8 3 5 4 5 10 3 10 10 10 10
708 5 4 5 9 7 10 3 4 2 4 8 3 4 1 2 10 9 8 3 4
791 10 9 1 10 3 1 7 2 2 1 3 6 6 7 6 9 8 1 7 10
630 6 7 4 10 1 6 2 1 1 10 3 1 5 4 4 1 8 10 6 2
835 2 5 10 2 10 5 10 10 2 7 7 10 10 5 8 2 1 9 4 6
714 2 4 1 1 3 10 9 5 10 10 1 2 2 8 1 9 1 6 7 6
732 8 10 2 1 8 8 7 2 10 5 2 8 7 5 8 5 5 2 4 2
748 9 7 9 10 3 2 7 9 3 1 7 6 4 8 10 4 8 7 2 1
696 4 5 10 9 7 3 3 10 3 4 7 3 8 2 4 3 10 1 3 2
701 7 3 8 2 2 7 4 3 1 1 10 2 3 7 3 6 8 7 9 7
701 4 9 3 7 10 3 2 1 8 10 1 7 6 2 1 5 7 6 2 7
15
737 8 8 10 6 9 4 9 7 7 2 9 9 1 1 2 3 1 3 10 7
703 3 1 3 3 6 8 7 6 6 3 8 10 8 1 10 3 2 2 2 5
718 9 5 10 7 2 4 10 6 10 6 8 6 3 4 3 6 2 1 5 7
818 1 9 9 9 5 8 2 4 1 9 6 5 6 7 1 10 1 4 10 7
703 1 7 8 1 10 7 5 4 10 5 6 8 3 1 9 4 6 5 2 6
696 5 5 10 8 5 10 1 2 3 3 6 7 9 2 5 7 6 10 1 2
711 7 7 3 9 1 8 8 2 7 4 5 4 4 10 1 3 5 3 3 6
744 3 1 10 7 3 1 6 4 1 5 9 6 10 9 7 6 9 9 2 2
688 5 5 6 9 4 8 3 3 2 6 9 1 4 8 1 5 1 10 6 3
683 3 6 9 7 9 1 7 6 4 2 4 7 9 4 9 2 1 3 6 7
812 7 3 1 4 6 6 9 8 10 5 9 7 2 8 1 8 3 1 8 6
729 7 4 7 4 3 3 4 2 10 10 6 9 2 10 10 2 7 3 3 3
705 4 7 3 9 8 7 5 2 3 1 2 10 6 9 5 5 2 1 5 8
738 5 7 2 10 6 5 10 6 7 6 7 7 4 2 2 2 6 2 2 10
619 8 3 3 3 1 4 8 5 2 10 7 7 2 4 2 9 4 4 3 3
15
613 5 1 7 7 1 1 8 3 9 1 3 2 10 1 3 9 5 9 6 4
668 10 7 10 7 6 9 4 1 4 3 4 5 5 8 6 2 2 7 2 5
732 10 7 8 5 3 9 3 8 5 5 4 7 3 7 10 1 8 6 7 1
755 3 10 3 3 5 7 6 1 1 6 7 7 3 2 1 9 10 9 10 4
855 8 2 3 10 1 6 4 8 10 7 10 6 3 9 7 7 5 4 10 2
781 2 2 2 2 10 1 9 10 8 4 8 5 5 7 4 6 3 6 9 7
794 9 8 3 9 3 7 10 9 8 2 8 8 6 5 8 2 4 10 2 3
716 3 8 9 2 2 10 2 2 2 4 7 7 4 7 6 5 6 2 6 6
636 10 4 2 9 4 9 1 2 8 4 4 7 4 8 9 1 3 2 2 4
869 10 5 2 6 5 10 8 5 8 8 10 9 7 2 5 6 7 1 7 3
661 9 5 2 3 6 5 3 2 1 7 3 9 10 1 6 5 8 10 1 1
575 8 9 6 2 1 1 3 7 3 5 2 4 1 4 10 4 5 5 6 3
807 7 10 4 5 9 9 6 4 8 5 5 2 5 5 10 1 9 5 6 8
625 5 3 7 4 4 1 8 6 6 4 5 7 7 7 8 3 1 5 1 4
784 6 9 2 9 9 6 7 5 4 2 7 7 2 3 7 6 8 2 3 5
15
701 6 1 3 1 8 8 5 1 4 7 4 1 5 8 9 7 1 2 6 3
764 9 10 2 1 10 5 10 3 7 1 7 8 7 2 9 4 1 9 7 8
889 7 5 2 6 10 8 1 9 4 10 10 5 2 3 5 10 5 7 10 7
669 7 4 3 9 2 4 10 5 2 2 3 7 9 1 9 2 9 5 2 7
689 8 8 8 8 1 5 1 4 2 1 10 9 1 2 1 9 8 3 9 4
855 6 2 1 9 9 7 9 6 2 10 10 10 2 8 5 5 5 8 4 3
840 2 3 8 5 8 2 9 7 3 2 7 9 2 10 9 5 9 9 10 1
665 4 1 1 8 10 2 2 7 3 1 5 8 4 1 10 3 7 6 8 6
606 1 5 8 3 2 4 2 3 8 4 8 5 4 3 6 10 1 4 2 3
602 1 4 10 2 4 7 2 10 10 1 10 5 7 2 4 6 2 1 2 2
655 1 8 10 5 8 9 8 6 8 2 4 3 2 3 3 2 6 10 1 5
730 6 7 5 10 8 1 9 3 1 7 2 6 8 10 3 5 1 5 3 1
809 7 10 10 1 7 10 9 3 6 2 2 4 10 4 2 10 7 3 4 3
857 8 6 8 7 6 5 10 6 4 7 1 2 3 8 4 10 8 1 10 7
818 10 9 7 7 6 8 4 3 4 8 6 3 8 10 2 4 1 9 7 10
15
918 1 5 10 10 10 9 8 10 2 4 4 4 6 5 10 7 8 7 6 6
829 5 3 7 8 4 9 9 6 10 2 4 1 9 9 2 6 3 1 7 10
519 2 1 6 3 6 8 1 2 3 3 3 7 4 1 3 4 10 2 5 2
705 8 4 4 1 1 10 4 6 9 7 6 1 4 1 7 6 6 9 7 7
795 2 1 4 9 8 8 6 10 4 3 2 1 9 7 3 5 5 1 7 9
758 8 8 2 8 7 5 1 8 2 5 5 10 5 3 10 7 5 6 3 2
654 3 1 7 7 1 8 1 1 10 8 1 9 7 2 4 4 10 9 10 2
737 1 10 10 7 1 2 2 7 9 9 9 2 2 7 6 6 5 9 5 1
823 7 6 8 6 9 7 7 6 9 8 8 1 4 7 5 2 7 1 5 6
795 4 5 1 7 5 1 7 5 4 8 9 2 4 5 7 9 6 4 6 7
690 10 8 7 8 2 10 1 9 3 4 5 8 9 2 10 2 3 5 1 4
588 7 1 6 6 3 3 2 3 9 10 4 9 4 1 4 4 7 9 1 9
805 6 3 10 4 6 10 7 2 3 5 9 10 9 2 4 8 9 10 3 4
904 3 5 4 5 8 3 8 6 3 10 2 7 9 10 10 6 7 8 7 8
730 1 9 5 2 4 9 5 5 5 2 3 8 4 4 8 6 7 9 9 6
15
799 9 1 5 2 4 9 6 7 10 10 9 4 2 10 9 1 6 8 8 2
663 6 2 2 10 4 3 4 7 10 1 1 1 8 8 2 6 6 5 5 8
823 4 2 4 6 9 9 7 8 4 1 7 2 10 4 4 8 6 2 9 5
708 3 4 5 6 5 10 3 6 4 2 1 6 10 4 7 1 10 10 7 1
477 7 6 7 3 1 5 2 1 7 5 3 3 4 4 1 10 3 3 1 1
583 2 1 2 6 7 2 1 1 4 10 5 9 2 2 8 4 3 8 1 7
850 6 8 10 6 8 2 3 6 10 2 6 8 7 10 10 3 7 8 5 3
781 5 7 5 10 7 5 4 8 10 1 9 4 4 1 3 6 8 2 8 7
777 4 8 2 2 5 2 4 2 4 6 7 6 8 3 9 8 10 9 6 4
635 6 4 8 3 3 6 4 4 8 2 10 2 2 5 8 1 2 10 10 5
672 1 5 1 1 2 8 1 8 7 4 6 4 3 5 4 7 5 2 8 10
856 1 9 9 7 3 9 10 8 6 6 6 3 5 3 6 1 7 10 9 7
824 4 6 8 8 7 6 9 4 7 3 1 10 10 10 10 7 1 8 1 5
807 2 7 5 9 2 1 1 4 8 7 2 8 9 9 5 10 4 4 10 10
849 4 8 7 5 9 1 8 10 6 10 1 7 4 1 9 4 9 10 9 7
15
937 3 4 9 10 2 1 7 10 9 8 8 6 10 8 7 8 6 9 8 8
692 1 6 8 4 8 8 1 3 7 4 4 10 1 9 6 9 3 1 6 3
606 5 8 7 4 6 3 1 4 2 4 1 6 4 8 3 7 5 7 4 9
593 6 9 2 9 3 3 5 3 2 9 5 5 9 5 1 3 1 1 1 2
694 4 3 8 7 3 9 2 5 2 10 5 5 3 7 1 9 7 9 3 2
789 4 7 10 1 9 3 7 6 1 9 6 4 7 2 8 3 10 3 7 10
653 9 3 2 3 3 10 3 7 10 3 10 5 4 7 6 1 2 6 3 6
743 1 10 7 4 10 5 8 10 4 1 5 5 1 8 1 4 2 9 8 2
851 3 9 8 10 3 7 5 1 6 8 3 6 4 8 7 10 5 4 9 5
886 10 7 2 8 7 5 8 5 1 10 10 1 8 6 7 3 9 1 7 8
797 7 9 6 7 10 6 7 7 8 8 1 4 10 4 2 8 1 1 6 7
923 6 9 5 6 6 5 10 2 2 9 3 7 3 10 8 10 5 10 8 4
851 8 3 10 4 7 8 2 9 4 5 10 5 8 10 3 5 2 2 8 9
772 5 7 3 6 9 7 6 7 8 8 5 8 4 3 2 1 6 8 6 2
692 3 1 5 10 10 9 1 1 10 4 9 1 3 1 1 3 9 7 10 1
15
691 10 8 5 8 1 7 4 3 9 6 1 4 10 2 7 3 4 10 4 4
721 7 5 1 8 4 10 4 7 3 1 6 7 4 2 7 4 5 7 7 6
854 9 9 7 6 5 10 3 3 9 9 3 9 7 5 10 5 9 2 7 2
601 6 5 5 6 9 4 1 4 4 1 1 2 8 1 6 7 5 3 9 1
762 6 10 4 3 5 6 9 9 3 9 5 7 1 7 5 9 1 3 3 3
873 4 1 2 4 5 8 1 10 9 9 9 3 9 9 9 5 10 10 1 6
705 10 3 3 5 8 3 2 7 6 9 3 9 5 9 6 5 1 2 4 2
766 6 8 2 8 4 7 3 10 2 7 2 2 5 8 10 9 6 7 1 7
793 7 5 10 5 9 9 8 8 8 5 6 5 1 10 4 1 1 10 9 2
824 8 5 8 7 3 8 9 6 8 10 8 8 3 4 5 8 3 9 2 3
726 3 3 7 4 2 8 3 5 8 5 6 4 2 10 9 5 4 3 9 3
822 2 3 3 8 4 10 5 7 2 6 6 7 7 6 3 4 5 4 9 9
778 5 3 2 8 7 3 7 7 5 10 9 3 6 2 9 4 5 1 1 7
832 3 4 7 1 8 9 3 4 3 7 5 2 6 10 9 8 10 8 1 5
667 5 9 9 8 3 4 4 8 1 7 4 7 4 3 6 2 4 10 7 7
15
825 7 2 4 7 3 10 7 1 3 1 10 6 10 4 7 5 6 5 9 8
875 2 4 7 8 8 5 9 7 10 1 5 8 5 7 2 10 8 4 6 2
770 7 2 2 2 4 7 5 5 6 7 10 5 9 5 7 2 5 2 8 10
829 9 4 6 8 4 6 1 6 9 8 8 4 3 9 3 8 8 10 8 1
641 2 2 1 4 9 1 7 4 9 4 6 8 2 9 1 1 1 7 4 8
679 10 7 5 8 3 4 4 4 5 7 3 2 6 8 1 5 6 2 9 3
653 6 1 1 3 6 6 1 4 2 6 9 1 9 9 9 2 4 9 3 2
786 6 8 6 3 4 6 8 9 4 7 5 4 1 7 5 10 7 5 6 2
746 4 8 8 5 5 5 2 10 9 9 8 9 4 7 3 1 5 4 7 4
1062 6 8 6 6 8 9 6 9 9 10 4 10 9 7 8 8 9 5 7 7
808 4 6 10 9 3 6 8 5 4 5 8 1 7 3 6 8 7 9 5 3
779 5 6 3 9 8 3 5 6 9 9 3 1 10 4 9 5 1 6 8 2
878 1 6 9 8 6 4 9 9 9 10 3 9 6 7 1 6 10 6 3 9
801 10 3 9 9 8 5 10 1 1 1 3 10 7 7 7 2 6 9 6 9
785 9 9 2 1 6 4 10 4 9 6 9 8 3 4 3 8 8 5 5 4
15
533 6 8 5 2 1 2 2 6 9 7 3 1 3 8 2 1 4 4 2 2
638 10 7 1 1 2 8 3 7 4 2 2 7 2 4 7 9 3 3 6 9
673 5 10 1 5 2 1 5 4 9 8 1 3 6 5 3 1 4 10 10 7
844 9 2 10 9 10 8 4 6 4 6 2 2 3 7 6 10 9 9 4 8
793 5 7 1 9 5 2 4 9 7 7 1 8 10 7 9 9 1 9 4 6
703 7 6 6 1 6 5 2 8 8 9 1 6 9 7 2 5 7 6 1 8
882 4 5 9 9 9 7 9 4 9 5 7 10 8 4 2 5 8 4 4 5
842 8 1 8 7 10 3 10 2 6 9 2 3 8 2 8 4 9 9 9 9
940 4 3 3 9 10 8 7 8 4 6 8 7 9 2 8 8 8 2 9 9
761 3 2 3 5 9 8 6 5 1 3 2 2 7 1 6 9 8 9 6 8
646 7 5 6 3 8 2 2 8 10 10 2 9 2 3 5 1 6 3 5 3
855 2 8 9 6 2 6 10 9 4 3 5 8 7 5 9 5 8 5 10 4
736 10 2 4 7 1 10 8 9 10 1 5 7 8 3 6 7 1 6 3 6
691 10 10 2 3 9 3 8 1 3 3 10 1 3 6 3 2 5 5 6 10
641 1 8 10 6 1 5 1 3 8 10 5 1 1 10 9 3 4 5 4 1
15
755 2 2 1 2 10 8 9 2 9 8 3 2 6 1 6 9 6 7 4 1
801 2 5 6 5 6 9 10 10 2 2 10 10 1 8 3 7 5 10 1 2
784 7 6 6 9 3 4 1 2 10 9 7 10 9 7 10 1 6 6 4 7
738 3 4 5 8 9 10 4 1 9 1 3 6 7 8 7 2 5 9 1 7
792 8 8 9 10 8 3 2 6 5 3 6 2 10 6 6 5 5 8 6 3
920 2 5 3 10 8 6 2 2 9 6 5 9 8 7 10 7 8 9 9 10
806 9 1 10 4 8 10 8 3 6 5 8 8 1 5 7 7 3 5 7 3
827 3 7 10 2 1 8 6 6 10 8 9 10 8 5 4 1 10 2 4 9
779 4 2 4 1 9 1 8 8 1 7 8 3 6 6 5 5 8 4 7 7
757 4 10 6 2 4 1 9 9 3 9 8 9 1 3 10 7 1 8 9 4
668 7 10 2 1 4 9 6 9 7 9 10 1 6 2 1 3 1 3 1 5
668 5 1 10 4 9 6 2 7 5 4 4 8 3 2 4 5 8 3 5 5
724 2 3 5 1 2 7 8 7 1 3 2 4 10 5 10 6 4 7 8 9
764 9 3 1 8 5 3 1 2 7 8 7 2 10 3 2 10 10 8 7 9
699 10 1 9 2 3 10 7 2 10 8 5 8 10 6 10 1 2 1 1 6
15
783 4 1 5 2 10 9 10 5 2 6 5 2 6 6 3 7 1 10 9 7
826 1 8 10 8 3 4 6 4 9 1 10 9 7 7 8 2 5 2 8 7
835 6 5 2 6 2 3 5 6 6 8 6 10 9 1 10 6 7 7 10 5
905 3 7 7 7 8 8 4 10 7 8 8 7 6 10 4 4 7 6 3 9
660 1 7 8 8 2 6 3 4 2 8 1 2 6 2 2 10 7 8 5 4
826 6 8 10 7 6 4 4 6 6 4 9 5 1 6 7 8 5 5 9 6
749 5 1 6 6 10 7 9 5 8 5 1 7 4 2 3 2 9 5 8 1
640 1 3 3 5 8 4 2 3 3 3 5 2 3 10 8 2 5 10 7 7
739 3 7 2 4 9 4 3 8 10 8 9 7 3 3 9 6 3 3 6 1
682 10 8 8 5 4 9 4 4 3 9 10 6 1 1 2 2 1 8 8 7
580 10 9 3 1 8 4 7 7 1 6 8 1 3 1 3 1 4 2 5 2
766 4 7 3 1 5 3 1 10 8 10 2 8 9 6 4 10 2 10 9 5
779 8 9 2 10 3 2 6 2 10 5 2 7 6 9 6 8 4 1 9 4
735 10 9 4 6 3 4 9 9 3 6 5 3 8 2 10 5 2 4 5 6
687 5 10 7 1 1 7 1 1 4 1 2 10 3 10 9 9 9 3 4 3
15
641 6 4 3 9 10 1 1 1 5 5 2 10 8 1 8 1 5 2 5 10
656 10 9 9 3 4 9 7 7 8 4 4 6 3 5 2 4 5 8 1 1
750 4 2 9 9 5 3 8 6 7 8 2 5 6 5 3 9 4 5 6 5
854 2 3 7 9 10 8 5 3 8 9 2 4 8 9 6 6 10 8 1 3
671 8 5 2 1 8 1 1 7 6 4 6 5 10 1 1 6 6 1 7 7
848 1 10 7 6 10 7 3 10 1 9 7 9 9 7 2 10 2 5 1 4
714 2 8 2 8 7 6 1 7 8 10 2 7 1 3 10 4 10 1 1 1
743 8 1 7 10 10 6 1 4 7 5 1 9 4 9 7 5 7 4 5 1
619 10 3 2 2 3 6 2 6 7 10 3 1 1 8 5 7 7 4 3 1
678 9 6 2 3 3 1 7 5 5 3 1 7 9 10 4 3 7 10 3 3
792 4 7 1 5 6 10 7 6 5 9 8 4 8 2 1 6 2 7 4 5
660 8 7 7 3 2 6 1 8 10 1 3 3 5 2 7 9 3 2 10 8
786 9 9 2 10 9 2 1 5 10 5 8 4 4 7 2 7 1 9 10 2
554 2 5 9 5 1 8 2 4 10 7 3 7 3 3 1 2 3 3 8 6
799 5 2 8 9 8 5 5 6 10 8 4 3 8 4 3 8 9 9 4 1
15
685 8 7 8 2 2 9 6 5 8 3 4 1 9 3 4 6 5 6 6 1
635 6 7 10 6 3 10 5 4 7 1 1 5 4 7 9 2 9 2 2 1
895 5 8 1 1 8 10 10 6 3 10 1 10 10 7 5 7 7 1 6 2
715 1 10 10 1 3 9 2 9 9 5 1 10 7 7 7 3 2 7 3 6
787 4 4 3 6 3 4 4 7 1 9 7 2 8 6 1 10 5 1 10 6
702 8 4 1 3 10 6 6 8 9 6 1 7 3 6 2 9 2 2 2 9
593 1 7 1 3 3 7 4 1 6 1 9 3 4 5 2 2 2 10 10 5
742 5 5 7 4 7 10 6 3 5 2 1 7 6 9 6 3 1 9 8 4
644 7 1 5 5 6 5 1 4 6 9 5 10 6 4 3 2 3 9 6 8
742 10 10 3 10 1 1 6 5 10 8 1 6 3 9 5 8 7 8 1 4
762 7 2 1 5 2 7 3 8 8 7 6 1 6 7 10 6 8 1 3 10
647 8 9 6 2 1 10 1 5 4 1 8 3 10 7 5 1 4 9 4 5
801 2 9 4 4 6 7 5 4 4 7 3 6 5 10 3 3 8 8 4 9
879 9 10 8 4 8 10 4 10 7 8 8 6 9 5 3 2 10 5 2 8
924 6 1 3 4 10 4 10 10 10 8 8 3 1 10 9 5 9 3 5 5
15
724 10 4 10 5 6 4 6 5 3 3 3 5 10 5 1 8 9 8 2 8
758 5 1 1 8 6 5 2 7 3 3 10 7 5 5 4 9 8 6 4 4
784 6 9 3 10 5 3 7 1 8 4 9 2 8 3 10 3 7 5 9 4
524 7 4 5 1 2 5 2 3 1 3 9 8 1 3 7 2 2 10 9 3
633 5 4 10 2 4 4 3 1 9 8 2 7 2 7 7 2 8 6 7 2
731 8 9 3 10 5 7 7 8 9 2 4 1 9 7 1 1 1 10 7 6
790 8 7 4 8 2 3 9 6 6 4 9 9 6 2 4 1 5 8 9 10
814 1 8 8 10 10 10 2 9 1 1 4 9 5 2 4 8 6 10 10 4
726 5 6 8 7 5 7 10 6 5 2 8 3 2 1 3 1 8 9 8 4
913 9 8 8 5 10 8 8 6 1 6 10 2 7 10 1 7 8 3 6 2
708 6 4 2 4 5 7 5 7 3 7 9 7 1 1 2 9 2 1 8 10
809 1 5 7 7 4 5 5 9 1 10 8 5 8 8 3 6 3 4 10 1
736 4 10 1 3 3 4 2 6 8 8 8 7 1 9 5 5 8 4 5 4
828 3 1 10 8 8 7 9 5 10 7 3 10 10 4 5 4 3 2 8 1
659 10 7 2 3 10 2 2 1 5 7 6 1 3 10 8 3 3 5 5 5
15
743 3 5 3 6 6 7 7 8 4 3 1 5 1 2 10 5 6 10 10 8
644 7 2 7 5 9 1 3 8 1 8 8 10 2 6 1 6 2 3 1 4
701 3 6 3 4 10 10 2 7 6 6 3 10 2 4 3 5 4 10 2 6
829 9 5 6 8 2 3 9 9 6 10 10 8 2 8 10 3 3 6 8 2
715 5 10 9 8 8 8 3 6 3 3 3 6 1 2 5 4 4 10 9 8
801 3 5 10 9 6 3 7 4 5 6 8 3 3 10 2 4 3 6 10 5
732 2 7 10 2 6 2 5 2 10 5 4 2 6 8 6 9 8 2 1 9
642 1 5 2 1 2 10 5 5 4 7 8 3 1 4 9 4 7 7 1 7
868 9 8 6 4 5 10 4 4 10 9 8 3 9 5 1 9 7 6 1 7
806 10 5 1 7 8 3 7 7 7 4 3 1 8 1 7 9 3 8 10 8
661 3 3 8 5 9 10 4 7 5 8 1 9 4 4 1 5 2 7 2 5
812 4 1 7 8 9 2 2 7 1 8 7 5 5 10 3 9 8 6 3 10
739 1 10 1 6 2 6 1 10 9 2 10 5 8 4 6 5 6 1 3 3
815 9 8 5 10 9 8 3 3 7 3 10 10 2 9 3 9 2 3 5 3
903 3 4 10 10 3 5 5 5 9 9 5 5 8 4 9 10 10 1 4 10
15
851 1 7 8 10 8 9 10 9 7 9 1 3 4 3 7 7 3 8 6 8
829 3 2 4 6 7 4 9 4 6 7 8 4 9 2 7 2 7 7 9 6
786 10 6 9 7 9 9 3 5 6 2 9 8 6 1 10 4 4 3 7 8
805 10 4 7 6 7 8 9 7 2 2 5 5 6 6 7 5 8 7 2 9
805 7 3 1 6 2 7 10 4 6 10 6 1 5 4 7 9 1 4 9 10
1054 8 8 10 6 7 2 10 9 9 6 8 8 7 10 8 8 10 8 10 7
952 4 1 10 4 5 6 10 4 6 10 9 5 9 9 10 6 7 8 3 10
730 4 6 5 4 3 9 4 9 9 2 6 7 4 9 1 4 6 8 3 8
814 1 5 5 5 10 1 3 9 8 2 1 8 8 10 5 4 7 9 7 10
670 7 8 1 1 10 4 3 6 5 2 7 4 2 8 4 8 1 4 3 2
890 1 10 2 2 6 10 10 1 9 6 10 10 8 7 4 1 5 2 9 8
770 9 6 8 7 2 2 8 9 1 7 6 8 5 4 2 9 9 2 6 6
775 8 6 2 8 5 5 10 2 8 7 4 1 7 8 4 2 10 2 4 4
711 5 8 10 1 5 2 6 6 5 2 5 2 9 8 3 7 8 3 3 6
860 8 8 4 3 10 8 6 1 2 10 2 4 7 5 9 10 6 10 6 10
15
846 10 8 7 6 5 10 3 6 5 7 5 4 10 9 3 5 10 4 2 3
712 5 5 4 4 10 8 3 7 10 9 4 4 5 1 5 1 1 1 8 9
781 10 7 10 9 6 3 4 1 5 4 10 4 10 6 7 5 3 5 9 3
913 6 5 1 4 7 9 8 6 9 5 7 9 10 1 8 7 8 2 5 10
874 2 1 4 10 7 7 5 8 7 2 4 8 3 8 5 9 9 9 8 7
781 3 7 7 7 2 9 4 8 5 7 10 3 6 1 1 8 6 7 6 2
715 10 1 7 7 6 3 3 7 1 4 9 9 2 1 9 8 10 3 8 1
853 4 2 8 8 9 10 10 5 4 8 1 8 10 8 4 1 7 3 7 5
774 7 6 10 2 5 5 8 3 8 8 10 2 9 7 3 3 4 10 5 7
753 10 8 5 4 8 9 7 5 9 1 1 5 3 9 7 6 6 5 7 1
799 2 10 6 8 3 9 3 7 6 9 8 3 5 7 7 3 3 5 3 4
896 8 8 8 6 7 5 10 10 10 5 3 9 5 4 7 10 7 3 1 8
729 1 9 3 5 9 8 1 6 9 2 3 2 4 10 6 7 5 2 4 3
782 5 6 9 1 5 9 1 5 7 3 10 7 4 8 1 9 7 1 5 6
856 5 7 6 2 9 3 9 6 10 7 3 1 4 10 8 8 4 5 10 8
15
815 9 2 4 1 6 7 8 10 8 1 7 6 8 1 10 8 6 8 10 8
866 1 5 7 9 10 10 8 8 5 6 2 6 10 4 5 3 5 5 6 5
715 2 3 9 1 10 8 7 3 5 1 7 7 7 2 3 3 9 8 5 8
706 5 2 9 4 9 1 7 6 10 2 3 7 4 5 2 2 10 4 7 5
760 4 5 6 10 2 5 7 10 6 7 4 2 2 9 10 1 5 5 10 1
682 5 5 7 5 4 4 2 5 5 2 2 5 8 5 10 1 5 10 10 8
650 6 7 3 3 8 4 8 7 5 2 3 9 5 8 1 5 1 3 1 5
573 1 4 4 10 2 1 10 3 10 1 10 4 2 2 6 4 2 2 4 1
622 5 4 7 1 9 3 2 3 8 5 5 5 1 7 1 2 6 5 10 5
745 4 6 1 5 6 3 2 5 6 7 8 8 7 9 8 5 3 6 3 8
783 5 7 7 10 2 1 7 4 10 8 10 2 8 1 10 6 2 4 7 9
590 4 8 6 5 2 5 8 8 6 4 4 2 6 1 4 1 2 3 6 2
710 9 4 4 1 2 8 1 4 3 10 9 4 6 5 5 1 7 4 7 9
678 2 1 7 2 6 10 10 3 5 5 7 5 3 10 2 2 7 6 1 1
629 8 9 7 9 3 6 1 5 1 5 6 1 2 10 1 9 3 4 1 5
15
792 2 7 5 3 6 2 10 2 3 9 8 8 3 4 6 4 9 3 6 4
704 4 4 4 3 5 4 10 6 7 9 1 6 8 7 1 3 6 3 2 1
702 9 10 6 7 5 7 10 2 1 6 3 1 2 1 5 6 9 9 6 4
657 4 1 10 5 8 6 1 4 8 7 9 10 4 6 4 2 3 8 1 2
829 8 4 6 8 1 8 9 5 1 4 10 3 7 10 1 4 8 6 9 7
670 1 10 6 1 8 5 2 8 1 7 5 10 1 7 8 4 1 5 6 2
710 2 6 6 2 9 2 3 4 10 10 6 5 1 5 10 3 6 7 4 8
860 6 10 6 4 8 4 7 1 6 10 9 8 4 10 6 3 8 1 2 6
749 2 5 7 6 10 6 1 3 5 9 10 9 3 2 7 5 6 2 1 7
735 1 7 3 3 6 3 3 7 2 7 6 3 5 5 1 9 10 10 8 1
645 7 6 7 6 6 5 7 1 6 5 1 9 3 5 7 8 1 9 2 6
958 1 7 10 10 3 10 8 2 10 7 5 10 1 10 6 9 10 5 8 5
831 10 1 9 4 3 10 7 9 9 7 7 3 9 1 8 8 6 2 4 10
729 6 4 6 8 8 8 5 8 9 3 6 4 6 4 1 2 7 6 1 8
665 7 5 2 5 6 5 2 2 2 7 7 1 2 5 8 8 10 6 4 2
15
615 6 7 8 1 3 8 10 4 2 3 1 5 8 3 1 3 6 9 5 4
713 6 3 9 8 7 10 1 6 5 4 10 3 2 8 2 3 2 2 7 6
673 4 5 3 3 10 1 9 2 5 9 3 3 2 4 2 4 8 7 5 3
803 2 10 7 10 1 3 10 7 9 10 7 1 9 6 6 2 5 5 2 2
688 9 3 7 7 2 3 6 5 5 8 2 2 4 6 3 10 4 8 3 10
632 1 5 6 1 1 6 2 8 10 7 4 8 2 9 7 8 2 2 3 2
788 9 6 7 2 4 4 9 9 1 4 7 1 1 7 8 9 9 1 9 3
741 6 7 2 3 10 8 3 1 3 7 7 3 2 2 7 6 8 10 7 7
841 7 3 9 10 8 7 5 4 3 2 9 10 10 9 2 2 5 9 4 5
685 8 8 7 1 9 6 2 10 1 1 9 5 7 4 7 2 2 1 3 8
851 5 1 9 8 10 8 9 10 8 8 2 4 8 1 2 6 9 3 8 5
681 2 5 2 1 2 3 1 9 9 5 9 5 4 9 2 10 2 8 3 8
732 6 8 4 4 5 8 7 3 6 3 5 5 1 7 4 8 4 5 6 9
840 2 4 3 8 9 1 10 1 6 6 8 5 8 7 8 8 7 5 2 1
675 5 6 10 10 3 4 3 3 5 7 6 4 6 8 1 1 10 5 3 5
15
683 2 7 3 4 6 1 10 2 1 9 7 5 5 2 2 9 2 4 4 4
699 9 10 7 10 10 6 5 1 4 7 3 4 2 3 6 6 2 8 5 3
890 8 10 7 4 8 7 5 3 1 5 6 1 10 9 6 4 10 5 10 1
682 10 8 3 7 8 4 4 5 5 3 1 6 2 3 5 10 7 6 3 1
851 9 8 7 10 8 10 9 5 10 1 2 6 4 8 3 10 4 9 5 2
826 6 6 6 10 2 7 2 6 9 5 8 10 4 4 9 9 4 6 10 8
819 10 5 5 9 3 8 9 6 4 7 9 2 8 2 8 4 5 10 4 4
621 2 1 2 8 2 9 5 3 1 1 2 5 4 10 9 3 1 6 2 8
670 5 2 5 10 3 6 2 5 5 10 3 7 5 5 4 5 4 6 7 2
721 10 10 7 5 6 9 10 9 1 3 3 1 6 5 9 1 1 6 1 4
669 5 9 9 7 4 9 3 2 5 5 5 3 5 3 4 5 8 5 3 6
770 10 9 10 4 10 4 5 10 6 8 1 5 8 3 4 1 6 4 5 9
793 2 10 9 6 4 7 5 8 10 4 1 6 4 10 5 10 1 3 2 10
866 10 6 2 3 10 3 10 10 6 7 6 1 10 5 6 7 8 9 2 9
823 8 7 7 4 2 10 3 7 9 2 8 3 9 10 2 4 8 7 7 2
15
848 10 3 3 7 3 8 9 3 10 5 6 5 9 10 1 9 4 7 6 6
736 3 9 5 6 3 4 10 2 7 3 5 2 5 9 6 2 7 5 8 1
747 5 2 1 1 6 7 7 6 1 8 2 3 8 8 2 3 6 4 9 6
706 7 8 10 6 1 5 7 3 1 8 7 3 4 6 6 3 8 7 2 4
759 10 7 5 6 9 2 2 4 2 5 7 3 10 5 3 1 7 10 9 10
993 10 8 10 3 7 6 9 4 3 9 6 4 10 7 10 10 8 3 9 4
813 10 5 6 1 1 7 5 1 4 8 8 10 3 7 6 6 8 6 10 9
660 1 4 7 3 3 1 2 2 6 6 9 10 1 4 6 10 9 5 1 7
600 2 3 1 1 2 8 3 2 8 1 2 5 5 3 8 10 1 5 9 3
962 6 4 8 2 8 4 6 9 3 7 5 4 10 9 10 9 9 10 5 10
837 2 2 3 7 4 10 7 10 4 3 7 10 8 1 8 10 5 9 2 8
552 7 9 9 1 5 6 1 9 2 7 1 3 6 2 1 4 3 1 3 1
704 10 3 2 5 3 3 1 3 6 9 2 10 7 9 8 1 8 8 5 6
659 9 3 1 10 7 4 5 5 6 5 2 6 3 7 1 5 1 6 9 3
794 2 4 1 3 3 10 5 10 3 7 2 5 6 3 8 6 9 10 9 10
15
797 9 6 10 2 7 4 2 5 2 8 7 3 6 10 8 5 5 10 9 9
740 8 6 10 5 2 2 7 8 9 5 7 2 6 8 10 8 2 4 3 4
728 3 4 10 1 8 8 1 8 1 7 10 6 2 7 2 10 2 4 3 7
760 8 9 4 1 7 7 6 1 6 6 1 6 8 10 7 3 7 6 6 2
745 7 1 4 6 6 5 6 8 1 6 4 3 4 3 8 10 2 5 8 7
719 8 2 6 5 7 6 8 5 8 8 2 6 1 4 7 5 8 9 6 3
523 7 8 2 3 4 1 2 7 9 8 7 1 1 1 3 3 2 10 2 7
779 5 6 1 5 9 7 7 8 7 1 1 8 1 8 7 10 5 9 6 2
995 10 10 10 5 5 9 3 8 10 5 9 8 9 6 7 7 7 6 10 8
748 10 5 2 7 7 6 5 3 2 9 2 7 9 2 6 8 5 3 7 5
574 10 6 1 1 3 6 4 3 1 6 10 1 5 1 3 2 6 2 2 9
793 9 2 3 7 5 8 9 8 2 5 3 8 8 4 5 5 7 4 7 7
828 5 7 5 6 7 1 6 1 1 4 6 3 10 6 9 10 9 8 7 6
763 8 6 9 6 3 8 7 6 4 9 2 5 4 8 3 5 3 10 3 8
883 10 10 6 10 10 3 3 8 2 4 8 7 2 6 9 8 10 4 3 7
15
604 1 5 1 6 3 7 1 7 9 4 6 8 4 2 7 3 4 4 3 6
723 2 8 8 6 6 6 1 7 7 6 9 9 10 1 3 1 4 8 6 2
761 7 9 7 3 7 3 7 5 2 3 5 6 7 10 6 4 1 10 7 10
731 7 9 10 7 2 5 1 2 8 7 5 9 8 5 4 8 4 9 2 8
649 5 5 6 3 8 4 2 9 2 2 5 2 2 1 5 10 9 4 3 6
750 4 7 10 5 1 10 5 10 4 2 9 1 2 9 10 2 2 2 10 6
798 3 8 1 4 7 2 2 10 10 2 5 9 6 4 9 3 9 10 10 3
620 1 2 6 9 7 4 1 1 4 10 4 2 1 6 3 1 5 2 7 6
721 2 4 4 5 7 1 7 4 9 5 9 3 4 9 3 3 3 7 10 1
614 6 5 9 2 9 4 6 2 4 3 2 6 7 4 8 1 1 5 7 10
725 1 1 7 2 6 1 3 8 1 2 9 6 10 5 7 9 9 6 1 9
739 7 10 8 9 4 1 3 10 9 8 10 2 5 6 1 4 5 10 2 6
766 1 2 6 1 2 10 6 8 8 1 9 9 7 6 1 9 5 3 8 1
836 4 4 2 6 6 9 7 8 4 5 10 5 10 1 2 2 10 2 9 10
626 9 5 6 5 2 1 7 3 7 3 9 1 2 9 5 3 3 6 5 8
15
770 6 4 2 2 8 5 8 4 8 3 3 4 10 4 4 10 10 2 3 6
690 5 1 6 10 8 7 1 3 6 3 8 9 3 9 6 1 6 6 2 4
537 6 2 2 5 3 4 4 3 4 1 2 2 5 1 6 10 1 6 8 5
827 10 8 10 5 5 6 1 1 5 8 10 3 6 8 4 9 7 3 6 10
970 9 6 4 4 8 9 3 10 9 8 2 8 6 9 5 10 9 7 9 9
669 1 5 2 4 2 7 2 5 5 3 8 6 6 3 5 10 3 1 8 4
685 1 4 9 2 6 10 3 3 6 2 10 2 3 1 10 8 3 2 8 10
815 8 6 9 1 2 8 10 7 6 8 9 7 7 4 1 4 3 1 9 9
782 3 3 9 7 9 6 4 8 10 9 2 1 10 4 10 4 1 3 7 1
809 4 5 10 8 4 6 6 6 8 9 2 2 5 6 8 7 8 10 10 2
587 4 6 9 3 5 2 1 3 1 1 10 1 8 8 6 2 7 2 1 5
831 1 6 10 8 4 9 6 6 9 10 7 9 3 9 1 3 5 6 2 9
753 3 8 9 8 10 8 1 10 6 2 3 9 2 3 9 8 4 7 5 7
734 3 2 4 6 3 4 10 10 9 5 3 5 4 5 5 5 8 3 5 10
618 4 4 1 5 2 4 1 6 10 2 1 8 10 10 8 2 1 9 1 1
15
1024 1 10 8 9 4 7 9 3 7 5 9 9 7 8 9 10 8 6 9 3
736 1 2 9 6 4 2 7 10 8 2 4 7 9 1 4 6 8 8 7 5
825 4 6 2 9 6 7 3 3 7 6 8 8 7 1 7 7 9 6 5 9
869 3 4 6 8 3 10 6 8 9 2 9 4 8 10 2 7 8 5 6 5
670 4 10 4 2 5 3 7 10 7 4 3 10 2 3 1 3 6 2 6 8
646 7 7 9 6 2 3 5 7 10 7 3 6 9 9 1 2 2 2 1 4
654 10 4 10 8 3 8 3 3 4 2 6 4 1 1 10 2 8 4 9 4
816 6 10 7 5 10 7 3 7 8 8 2 7 7 5 1 2 10 2 5 5
903 1 8 7 7 8 7 7 3 6 1 10 5 10 10 4 6 10 4 3 10
625 3 10 5 4 3 5 6 8 3 1 5 6 5 1 5 4 2 5 10 2
775 7 3 9 10 2 1 10 10 6 7 3 1 8 4 4 7 7 6 7 3
841 10 5 7 4 5 7 10 6 6 10 9 6 4 5 1 4 6 9 9 1
829 8 2 1 1 7 8 3 5 7 2 8 8 9 1 6 10 10 4 9 6
647 8 4 4 6 3 1 6 5 2 2 7 2 3 7 2 8 4 8 8 10
803 3 7 3 10 4 10 2 2 9 10 2 3 7 8 1 7 5 5 4 8
15
832 1 3 4 10 10 8 4 10 1 6 2 3 6 7 2 8 7 10 5 3
858 4 5 7 8 8 6 7 9 7 1 5 1 6 8 10 7 5 3 10 2
812 9 4 10 7 1 10 1 8 9 10 6 5 9 1 5 9 7 3 5 7
577 9 3 4 1 4 5 7 2 5 9 6 5 2 2 2 1 9 4 4 5
757 9 10 2 7 7 3 6 7 1 5 3 6 4 8 6 7 5 1 9 1
669 9 2 8 7 7 8 10 6 4 1 3 5 2 2 9 4 3 3 7 3
819 2 9 5 7 6 8 9 6 2 1 7 9 7 5 3 6 7 6 2 10
756 7 4 4 1 8 2 5 3 3 8 4 8 7 7 10 9 6 7 5 1
747 5 4 6 10 5 2 3 5 5 7 1 10 9 7 7 7 3 4 7 3
711 6 1 3 5 9 6 4 9 1 8 2 4 8 5 5 7 4 6 1 6
781 3 5 1 2 10 4 8 2 6 6 5 2 7 4 5 9 10 2 1 10
702 9 7 5 10 9 10 2 3 1 7 1 8 5 8 2 4 1 1 6 1
670 2 1 7 5 10 3 6 3 3 9 2 3 3 6 2 7 1 5 5 9
601 1 1 9 6 1 2 7 1 2 10 10 1 7 1 3 1 10 8 3 1
769 3 1 5 7 6 9 7 6 10 2 5 4 1 10 6 5 1 5 9 4
15
715 1 7 4 1 2 3 10 3 6 9 2 10 8 8 3 10 4 1 1 1
856 8 6 9 2 9 9 10 6 9 9 2 9 5 8 2 3 2 10 8 5
728 6 5 1 6 1 6 2 1 9 10 8 7 4 3 10 6 5 4 5 4
793 3 6 8 6 10 4 7 10 10 6 7 1 5 7 7 3 3 5 4 5
699 3 6 7 7 3 5 6 6 10 2 4 8 3 1 10 6 2 1 7 10
780 4 9 8 3 8 1 10 4 4 2 2 7 3 10 7 9 3 6 5 7
805 5 8 4 2 9 6 6 2 7 5 6 7 10 7 10 1 5 4 6 4
638 3 5 2 4 5 2 7 9 7 2 1 9 2 6 4 1 6 1 8 10
724 6 4 4 8 7 10 5 6 8 10 4 10 1 4 8 7 1 8 1 2
690 4 4 4 1 8 4 6 7 7 1 10 9 2 6 2 4 6 7 3 8
697 10 1 2 9 2 1 5 1 8 2 3 8 10 7 6 4 4 6 8 8
840 7 1 9 8 10 3 9 10 6 3 7 4 10 3 4 5 8 6 7 8
733 9 2 9 8 7 9 7 2 2 6 8 10 2 8 8 2 4 9 1 5
732 7 2 7 2 9 3 3 10 8 9 2 7 4 5 3 9 6 5 7 6
847 3 3 2 9 10 9 3 8 4 8 10 1 8 1 5 8 8 1 3 2
15
812 5 4 3 10 7 2 9 8 8 5 4 8 2 6 7 10 8 4 2 8
703 5 4 6 8 6 6 4 10 3 2 3 8 6 9 9 4 3 3 3 2
712 6 3 5 7 3 5 3 6 7 3 1 6 10 6 2 4 9 5 8 8
522 4 2 3 3 1 3 2 1 1 5 2 10 3 5 5 5 1 5 6 10
646 7 3 5 5 5 2 6 6 7 2 9 1 2 2 5 2 10 10 4 3
696 10 8 7 1 7 1 9 5 4 6 6 8 1 2 2 9 5 4 4 4
889 1 7 8 6 10 8 10 8 3 7 9 10 7 4 10 6 2 4 5 2
810 1 6 10 7 8 1 8 7 1 2 7 2 6 7 1 10 6 4 8 9
666 10 3 7 5 4 3 3 3 7 2 3 3 9 1 10 8 10 5 2 8
501 5 2 2 6 8 2 1 1 1 3 3 1 9 3 2 4 1 1 7 5
779 3 10 2 1 10 9 2 10 4 5 2 3 6 6 1 7 10 1 4 10
797 6 6 4 3 10 2 6 10 5 6 6 3 5 3 9 5 9 2 7 4
702 1 10 5 9 9 4 4 1 1 5 2 6 9 1 6 7 9 2 2 6
790 7 3 8 10 7 1 9 5 10 9 6 5 9 2 10 1 8 3 6 1
623 2 2 10 8 4 7 9 8 6 2 5 2 6 2 10 1 1 7 4 4
15
860 6 6 9 10 5 6 6 8 6 1 5 7 7 4 4 9 6 10 9 3
799 2 1 8 10 10 2 4 7 10 6 2 4 8 6 4 7 8 8 3 4
797 9 2 7 8 8 3 10 1 8 4 8 1 2 9 7 9 5 10 2 5
773 9 5 9 9 10 6 6 7 2 1 7 2 8 8 4 5 2 5 3 5
659 9 7 10 5 3 7 4 8 9 2 9 1 3 1 9 2 5 4 3 5
816 5 7 2 8 6 5 5 5 4 7 9 5 4 5 8 7 7 1 4 5
852 8 2 9 2 8 4 10 8 8 8 9 4 6 5 6 2 9 5 7 9
667 5 5 6 6 7 4 7 4 4 1 4 6 4 10 5 1 5 7 8 1
825 7 3 3 7 4 8 9 8 2 10 6 10 5 10 7 2 4 8 1 6
768 3 7 10 8 3 8 5 9 1 10 7 1 7 6 1 1 8 4 3 2
669 9 8 10 7 3 2 1 2 4 9 4 2 1 10 6 7 3 5 9 5
835 4 9 9 1 9 5 3 3 3 4 7 9 5 9 7 10 5 6 8 7
876 6 5 3 8 9 4 10 4 2 3 6 4 10 10 9 9 3 5 4 4
634 1 10 4 4 3 6 2 8 4 2 2 8 5 7 4 1 3 8 6 6
680 5 4 10 3 10 7 2 6 4 2 2 7 4 2 6 4 6 3 9 10
15
685 1 8 2 2 5 9 1 4 9 6 1 10 7 6 9 7 3 4 1 9
906 2 8 7 10 9 9 3 9 4 6 10 9 8 1 6 9 10 7 1 4
744 9 1 4 3 7 1 4 9 2 7 4 7 8 9 8 6 1 1 8 4
685 3 9 8 6 8 1 4 2 8 3 8 2 4 3 3 1 7 9 9 5
541 8 2 7 3 1 1 2 10 8 2 5 2 2 6 8 2 7 7 2 9
735 5 9 4 2 8 4 2 7 9 8 4 2 7 10 9 4 3 4 1 9
701 1 4 6 6 10 1 6 6 10 2 3 6 9 4 10 3 1 5 3 5
645 6 10 8 5 1 7 9 5 9 6 1 6 7 3 2 3 2 2 6 5
708 6 6 5 6 1 5 7 8 5 9 3 6 1 9 10 3 7 1 2 2
681 3 4 8 2 8 10 9 2 2 8 1 6 3 8 6 2 4 8 2 6
696 3 4 8 6 1 7 8 5 6 8 2 2 10 2 5 8 5 7 1 4
804 3 5 9 9 8 3 7 6 3 6 4 3 3 5 2 8 10 1 8 8
813 10 10 1 1 5 5 10 8 2 9 1 3 4 9 6 3 4 2 9 10
624 8 5 8 1 3 2 8 1 8 7 1 3 2 7 1 9 2 2 7 7
665 4 6 3 2 9 8 6 9 1 8 4 1 2 1 7 4 7 3 1 7
15
587 7 5 1 2 4 3 2 3 2 3 3 10 6 5 2 4 10 2 6 4
653 4 1 10 3 5 2 6 6 8 4 9 7 5 3 4 6 3 3 6 6
679 2 8 6 6 6 6 6 6 4 3 3 7 6 6 2 3 1 2 8 6
707 7 3 2 5 6 7 4 3 8 1 3 1 10 9 9 2 9 9 5 3
749 4 3 3 4 3 3 8 5 6 9 9 4 2 8 1 10 7 6 2 3
863 9 9 3 1 7 6 3 5 6 9 10 10 9 6 6 10 8 6 2 1
859 5 9 1 7 10 3 6 4 9 7 5 5 3 8 4 6 10 6 5 4
704 7 10 3 2 5 6 6 1 1 10 7 10 2 5 2 2 4 8 9 6
659 9 8 2 2 5 8 3 5 3 3 1 2 10 7 2 3 6 4 4 10
661 3 10 5 3 7 5 5 4 6 1 10 3 5 4 2 2 4 7 7 3
771 9 5 10 6 3 10 4 6 6 6 5 1 9 1 8 10 1 6 9 2
731 7 7 2 2 8 7 6 1 8 1 5 9 9 8 1 2 6 8 4 3
748 10 6 1 3 3 8 1 5 7 7 6 5 1 4 8 10 2 9 9 10
726 5 1 3 6 9 8 2 7 3 9 2 3 10 2 8 1 8 5 6 9
839 5 3 8 2 9 10 8 2 2 10 4 5 2 9 5 9 7 3 5 6
15
795 4 1 4 8 10 10 8 2 4 6 6 4 2 1 7 8 8 5 8 3
621 9 6 4 7 2 1 4 5 8 7 3 2 3 2 8 5 4 2 7 7
707 6 10 9 9 3 9 2 10 2 3 8 5 5 3 1 5 5 10 4 5
637 1 4 2 10 6 2 2 3 1 10 8 2 3 1 5 5 2 4 9 8
712 10 9 3 3 3 10 5 4 6 4 1 8 4 6 10 2 7 6 5 10
735 3 9 8 8 7 7 1 5 10 9 8 1 7 4 4 6 3 3 1 7
781 4 1 8 10 10 4 6 10 4 4 4 9 2 9 1 5 7 10 3 2
748 3 8 4 4 9 2 9 7 6 5 1 9 1 9 2 8 10 4 1 5
926 7 3 1 8 10 2 5 5 6 2 7 8 10 8 8 10 6 4 10 3
603 3 7 1 1 6 2 9 9 7 1 7 5 1 1 4 10 2 2 1 7
586 8 9 4 2 6 1 6 2 1 6 1 3 2 3 10 5 4 3 3 6
747 1 4 4 9 3 5 3 1 3 1 1 10 8 7 6 4 9 3 10 8
757 9 4 10 8 2 9 6 4 7 3 2 4 4 4 6 8 10 5 7 8
841 5 5 9 2 9 7 5 9 4 8 5 1 7 8 8 2 4 10 10 10
727 8 2 2 6 9 8 3 3 2 3 7 8 3 6 2 7 9 1 10 1
15
640 5 4 7 5 8 6 2 2 4 7 2 2 4 7 8 3 3 4 6 5
701 9 3 5 6 2 8 8 2 1 7 8 1 1 10 10 5 2 2 8 2
848 9 8 10 8 3 8 9 7 5 1 10 7 6 8 1 5 8 5 5 2
652 3 3 5 8 1 2 6 1 9 7 4 10 8 8 5 4 1 3 3 7
891 7 9 7 3 4 4 5 5 8 10 8 5 8 9 9 3 10 3 6 4
745 8 3 5 1 5 5 9 6 9 8 6 4 4 1 9 4 5 2 10 1
768 2 5 8 4 9 1 7 3 4 10 1 5 10 1 7 6 6 7 9 9
605 6 3 9 3 5 9 2 8 6 7 8 9 1 6 1 2 2 7 1 8
808 1 1 9 4 9 8 8 1 2 10 3 7 5 7 8 5 8 2 5 10
892 6 3 1 7 10 9 1 10 8 7 7 5 7 8 8 8 6 10 5 6
732 10 10 3 1 6 4 1 3 9 4 7 4 7 2 10 8 9 4 2 5
945 5 9 3 6 4 7 2 3 8 9 6 4 9 9 10 10 7 5 9 4
926 5 6 1 7 2 6 10 9 7 10 6 3 8 8 10 1 10 6 10 8
862 3 7 8 3 2 7 10 4 10 1 10 3 3 6 10 10 10 3 5 9
742 9 10 2 4 4 4 6 9 5 8 8 7 2 10 1 6 1 4 1 3
15
703 2 2 6 3 6 5 1 7 9 10 5 3 9 8 9 1 1 5 1 9
809 3 3 4 5 8 3 3 4 10 9 9 1 9 9 4 6 8 7 1 9
751 4 4 7 1 7 7 9 8 8 3 6 7 2 6 7 5 9 10 3 2
838 2 4 3 10 9 3 5 5 7 1 9 8 10 7 5 3 8 5 4 2
587 6 4 2 7 7 3 4 2 1 4 1 3 8 8 10 1 4 5 1 1
841 5 5 8 9 7 10 1 9 4 8 9 4 9 1 7 10 3 1 5 3
660 5 1 3 10 6 8 2 9 3 6 2 1 2 7 10 8 2 7 1 4
778 3 8 4 3 6 7 5 6 4 8 8 1 7 6 4 10 5 6 5 1
728 8 4 10 4 8 5 5 6 5 2 10 10 5 3 3 4 4 6 7 10
616 7 7 2 7 1 9 2 10 8 2 9 1 3 2 5 1 9 1 4 4
616 6 3 3 3 5 9 3 6 7 3 3 10 1 6 5 1 7 9 5 6
856 5 3 5 2 10 10 10 7 5 10 3 5 3 6 9 5 7 8 4 4
848 9 10 7 6 2 10 1 6 6 8 8 3 9 1 10 7 6 6 4 10
694 4 9 10 6 3 2 7 2 2 7 9 4 3 1 8 9 3 3 8 5
678 6 7 8 3 5 1 8 9 6 10 7 1 1 4 2 1 4 3 10 9
15
698 9 4 2 7 6 8 2 6 4 4 5 9 8 2 1 4 3 5 7 7
766 1 6 3 9 9 2 9 3 10 10 3 8 4 4 5 10 3 9 1 3
623 6 9 5 7 1 10 5 1 1 2 1 3 3 10 1 3 7 1 4 4
907 8 10 1 10 6 4 1 8 9 10 8 8 4 10 9 8 1 9 6 5
624 6 2 5 2 8 2 3 8 3 3 5 3 7 5 1 6 4 10 4 10
641 8 7 7 6 6 3 6 1 9 5 2 6 1 7 7 6 5 4 3 3
867 5 8 2 4 7 7 3 5 10 8 10 9 6 7 1 7 9 8 1 6
569 2 2 7 1 9 3 3 9 5 1 2 1 6 2 2 4 5 2 5 8
822 1 3 2 10 4 6 6 10 8 3 3 4 2 10 7 2 8 7 10 10
831 2 7 10 9 7 8 7 2 6 10 10 2 4 2 4 8 7 9 4 6
725 7 6 7 5 10 3 1 5 7 5 9 4 3 2 5 6 7 4 5 6
588 2 6 3 4 1 5 4 3 7 3 2 10 7 6 2 1 3 9 6 7
725 1 6 2 2 9 8 8 2 4 7 7 1 6 1 1 9 7 9 3 4
618 7 4 4 3 5 1 6 7 1 3 3 3 2 10 1 1 8 1 8 2
885 2 8 5 5 10 3 10 5 9 6 1 5 4 8 6 8 9 1 9 4
15
786 1 3 10 8 5 10 4 3 3 7 7 1 7 7 9 9 7 5 2 3
804 7 10 1 6 6 8 1 10 3 8 6 3 10 1 9 5 2 10 9 6
638 3 6 7 6 5 8 8 1 6 1 7 9 1 5 3 2 8 1 1 7
927 8 8 8 9 6 7 5 10 6 6 2 3 6 7 8 8 10 3 7 10
782 3 7 5 3 10 7 7 4 1 3 6 10 7 3 6 8 3 7 3 7
672 6 3 9 4 3 8 2 10 4 4 6 3 3 5 6 8 1 4 8 6
757 5 9 7 2 5 1 6 10 10 1 10 7 10 2 2 8 3 5 8 7
785 3 2 9 3 7 7 10 3 5 4 8 5 8 3 7 2 6 10 8 3
819 2 9 9 4 10 1 9 2 10 9 1 7 7 2 8 7 5 2 8 10
715 4 2 4 5 9 3 10 3 8 3 6 4 4 9 1 9 3 1 4 1
731 2 2 3 1 9 8 5 1 7 10 1 5 8 4 8 1 7 1 6 6
1064 9 6 6 10 6 10 9 9 9 8 10 2 10 6 8 10 4 9 10 4
864 9 6 3 7 7 9 6 3 9 3 9 6 10 8 4 2 8 2 8 1
700 2 4 6 3 7 1 5 9 9 3 3 10 10 3 4 2 7 10 7 8
673 8 5 3 3 5 10 4 1 10 1 9 2 4 7 8 3 6 8 2 7
15
859 6 10 2 1 8 5 7 7 10 5 9 1 4 8 8 4 10 8 5 3
736 4 5 8 10 4 3 10 8 7 1 1 9 5 4 7 8 5 4 2 5
594 2 2 2 7 3 8 4 3 7 2 2 6 6 6 3 2 9 2 1 7
695 2 8 5 4 7 7 6 6 6 4 7 1 3 2 5 3 6 4 9 6
929 7 9 1 9 2 6 10 10 3 6 9 6 5 2 10 3 9 3 10 8
885 7 9 9 10 7 6 8 7 4 3 3 8 10 2 4 2 8 9 10 9
667 8 9 8 2 2 3 10 9 4 1 6 1 9 1 8 1 10 8 1 6
655 5 3 6 2 6 1 4 6 4 2 1 9 8 2 9 6 3 5 10 8
695 4 9 8 9 5 2 2 5 10 3 5 6 6 2 7 8 5 3 1 8
699 9 8 1 1 5 1 10 4 2 2 5 9 1 4 4 8 9 9 8 4
792 3 5 10 5 10 4 7 8 4 2 3 5 10 9 9 4 2 3 7 5
804 1 2 9 5 1 1 7 7 4 8 10 7 8 6 5 4 9 3 8 3
710 6 4 7 8 4 6 4 7 6 9 9 3 2 2 2 1 8 2 7 4
809 5 7 3 1 10 2 5 10 4 8 8 3 4 9 5 7 1 7 10 7
787 4 8 8 7 5 9 8 2 10 9 6 4 3 8 3 5 3 5 1 3
15
574 10 2 2 5 6 7 5 1 3 8 3 6 1 1 7 1 10 9 3 1
672 7 1 8 8 10 9 2 4 4 9 3 3 3 1 10 5 2 10 6 2
687 7 5 6 1 7 4 4 8 9 1 4 7 5 3 10 1 6 8 9 3
700 6 8 4 5 5 8 4 3 7 3 8 3 2 1 7 5 6 10 3 9
772 7 3 8 8 4 7 9 6 6 5 8 7 1 7 9 5 1 3 7 2
894 6 6 10 6 1 4 10 7 10 6 7 7 9 7 3 5 7 10 5 9
764 5 9 7 1 8 4 6 6 6 4 1 9 5 10 6 4 4 5 7 4
796 2 10 6 3 9 3 7 5 9 10 4 3 10 6 1 8 3 6 3 10
860 7 5 8 4 9 4 4 4 3 9 5 5 9 1 10 9 6 9 7 9
713 9 5 6 8 3 7 9 8 5 6 1 9 7 2 3 3 1 2 5 7
787 4 10 1 3 6 1 8 10 9 6 5 2 3 3 8 10 8 1 5 2
790 1 6 6 6 10 4 8 7 7 10 1 2 2 9 5 7 1 4 7 6
725 2 4 5 3 1 10 3 2 1 2 9 1 7 8 8 8 6 5 8 6
808 10 10 3 5 10 9 1 8 10 4 6 4 2 8 8 5 4 8 5 1
773 10 4 9 10 6 7 6 9 2 10 7 1 9 6 5 1 1 9 1 2
15
581 8 6 6 2 7 5 2 3 5 1 8 1 1 4 3 4 7 2 1 9
889 3 10 9 9 10 3 9 9 2 4 8 2 8 6 10 1 10 1 1 10
705 3 7 10 8 5 5 8 3 4 9 4 5 3 5 1 1 4 8 6 10
701 1 2 7 7 9 7 3 8 4 1 10 4 4 5 3 3 5 9 3 8
767 7 9 3 5 5 5 5 2 10 1 10 10 10 6 2 8 3 6 4 6
783 9 10 2 6 4 1 2 9 6 5 8 1 7 4 6 10 4 4 7 7
843 4 3 3 9 1 6 5 6 10 9 10 8 4 5 5 7 9 3 6 10
718 6 7 3 7 1 6 1 1 8 6 4 5 10 6 10 3 8 4 4 10
604 10 5 3 2 2 1 5 10 3 5 1 1 10 5 8 2 6 9 6 3
897 2 8 2 8 9 4 7 8 4 10 1 7 9 3 9 5 9 4 8 8
684 2 1 3 4 4 9 2 5 1 9 3 7 1 8 7 9 4 1 4 7
839 8 6 1 3 1 10 8 10 4 9 8 4 8 7 7 3 5 9 4 9
935 8 6 2 8 1 7 6 3 10 6 6 8 10 10 3 5 10 1 9 10
672 7 2 6 3 5 1 1 8 6 7 6 3 9 8 7 3 2 1 4 7
817 4 3 3 8 4 6 9 9 2 8 5 10 7 5 5 3 5 4 5 5
15
866 3 3 10 8 5 6 10 4 9 9 1 6 8 7 2 6 10 2 9 7
872 9 6 2 9 7 6 7 3 9 4 4 9 9 8 6 2 5 10 6 10
737 7 9 5 7 4 6 7 5 1 9 4 2 4 3 4 10 7 1 4 6
710 4 5 8 4 4 2 7 4 9 7 6 6 7 3 2 9 1 5 8 2
748 5 7 6 1 2 5 9 2 2 10 1 7 7 7 4 9 9 2 3 8
776 6 2 3 1 8 4 10 10 6 8 2 2 2 9 9 8 4 10 1 4
635 6 3 10 5 8 2 2 1 7 5 8 1 5 1 3 2 6 10 7 7
800 3 1 7 8 5 10 2 9 8 4 7 4 10 2 5 5 1 10 10 10
721 4 5 3 9 2 2 10 2 7 4 5 6 5 3 10 1 9 2 3 9
812 2 9 4 9 3 10 9 4 1 5 9 10 1 4 1 5 8 8 5 6
722 4 8 2 3 1 1 5 2 10 7 7 10 9 3 2 4 8 5 8 3
713 1 3 5 5 9 1 8 2 6 8 5 8 6 3 6 9 3 7 4 3
747 5 4 6 9 4 8 5 8 5 1 8 1 8 10 2 1 4 9 4 2
952 4 6 7 9 3 7 7 9 9 6 8 3 4 8 8 10 5 3 10 10
778 10 6 8 8 1 5 9 1 5 2 4 8 9 9 6 7 2 4 8 4
15
738 2 8 3 3 6 7 10 1 3 8 9 9 1 2 1 3 4 8 7 5
718 1 3 2 6 6 9 5 1 4 5 6 9 7 9 1 4 6 10 2 8
724 1 5 8 2 6 7 7 1 9 8 5 10 6 4 2 7 5 8 1 3
804 1 7 3 8 7 9 6 9 2 7 4 9 3 8 4 5 1 9 6 9
548 1 10 7 6 6 7 2 1 10 4 1 4 6 2 1 5 5 4 1 2
656 7 10 7 3 2 1 9 3 1 1 10 6 3 9 3 3 10 6 1 5
922 6 9 2 1 4 5 9 8 9 6 9 6 10 1 9 9 7 4 10 3
688 3 5 9 1 5 8 5 6 3 1 10 4 10 3 10 2 9 8 1 2
749 1 5 8 7 8 6 2 8 4 1 9 6 2 5 6 9 9 7 5 2
689 6 6 2 3 5 4 5 2 5 6 9 6 4 5 10 6 1 9 7 2
782 10 7 4 7 8 4 4 10 10 7 6 5 7 5 4 9 3 5 1 3
705 3 1 4 3 1 2 10 7 9 3 4 8 8 9 6 5 4 10 3 5
749 4 3 2 7 9 7 1 4 2 4 7 2 4 7 10 10 3 3 6 1
737 7 2 4 5 4 5 5 3 4 9 9 1 9 3 5 7 3 4 10 1
812 2 2 1 3 1 10 7 9 10 4 4 7 4 9 10 8 3 6 4 10
15
758 4 9 3 9 3 8 7 1 5 9 8 1 5 6 3 5 9 7 2 2
781 8 7 5 5 6 9 5 6 5 10 1 5 10 1 9 2 9 4 3 2
857 6 5 4 5 3 10 10 1 10 6 7 4 3 10 3 10 10 4 1 3
846 9 1 10 8 1 9 9 3 6 9 7 3 4 10 4 3 10 8 3 8
895 4 9 5 5 5 9 8 4 7 8 9 6 4 5 10 2 3 3 10 9
792 2 10 5 9 8 2 6 5 10 5 10 7 10 5 2 2 6 7 1 2
686 9 3 2 3 2 9 7 6 8 2 6 1 7 7 10 3 1 4 5 7
726 3 6 1 8 3 2 10 8 3 9 5 8 5 3 4 1 6 5 9 5
712 7 2 9 10 3 3 5 8 7 3 7 9 9 1 5 6 5 2 6 6
738 5 3 4 7 2 3 1 10 8 8 4 4 3 9 6 10 3 8 10 3
644 4 9 4 4 4 1 6 6 9 1 6 9 1 8 2 4 4 1 4 1
646 5 7 1 2 4 7 2 10 9 3 7 4 3 3 7 8 4 4 2 7
835 2 9 2 8 5 6 9 10 3 5 7 5 2 10 5 8 3 2 3 5
598 5 8 3 4 1 5 7 6 10 6 5 1 2 4 3 2 6 7 1 8
829 8 4 8 8 5 7 8 8 1 1 3 8 10 5 6 9 9 9 2 10
15
762 3 1 4 2 4 10 3 5 10 7 9 7 6 10 8 1 3 10 6 5
757 2 7 2 6 3 2 10 9 8 1 5 6 7 3 4 2 8 10 10 8
812 5 8 2 8 8 9 4 6 9 7 1 7 8 8 2 8 2 9 3 7
707 10 7 1 9 5 2 3 5 7 4 9 4 1 8 10 9 1 3 3 4
697 5 4 2 6 10 9 4 1 9 1 2 6 1 3 7 6 4 6 9 8
790 6 2 7 6 9 7 1 9 9 9 9 7 10 5 8 5 3 2 1 3
837 7 9 4 4 8 1 9 3 10 8 10 3 5 8 2 3 7 6 7 5
860 10 5 6 10 5 9 1 7 2 7 5 3 8 3 7 7 10 3 8 8
715 10 8 9 9 3 6 4 6 1 3 7 2 3 1 4 8 2 10 9 10
818 8 6 10 2 6 6 3 8 4 2 10 10 10 9 2 2 7 4 7 2
766 8 2 4 7 9 6 9 10 7 2 6 4 5 1 5 7 9 10 4 3
753 10 8 5 7 7 10 1 10 9 4 1 1 7 9 6 1 4 6 8 7
565 1 1 9 2 7 1 10 7 6 3 1 7 2 1 4 2 4 5 9 10
738 2 8 4 8 8 10 7 1 7 3 7 4 1 7 4 8 3 10 1 7
782 4 9 5 5 2 9 1 2 9 4 1 7 9 6 8 9 8 1 7 7
15
723 7 3 6 4 6 6 1 1 6 9 1 2 7 10 6 4 8 6 8 10
547 1 8 1 3 2 3 7 9 2 2 1 10 8 4 1 1 1 2 1 8
801 7 9 6 7 4 3 10 3 6 8 8 9 7 6 5 2 2 5 5 4
835 4 6 8 2 3 7 1 10 6 7 7 10 6 8 6 7 8 2 9 9
749 10 5 5 10 1 4 8 7 9 6 8 4 7 2 3 1 7 5 6 8
560 5 4 3 6 9 1 2 4 3 6 2 1 4 2 3 6 3 5 4 10
772 6 4 9 1 3 8 5 8 8 8 4 10 1 9 9 7 2 7 5 7
820 8 8 5 1 4 1 5 7 6 7 9 10 8 5 7 10 7 5 3 8
587 1 7 2 1 5 10 2 4 9 5 3 9 1 4 2 6 1 4 7 2
767 3 8 1 6 7 2 4 9 6 5 8 8 3 6 3 6 7 3 6 3
829 8 10 10 9 9 2 8 9 4 3 4 8 3 6 1 7 4 2 10 6
594 8 2 3 5 6 1 5 6 2 2 1 9 10 6 6 6 3 2 3 3
675 8 4 8 4 7 3 2 10 5 3 6 1 8 10 1 3 2 4 8 3
917 5 7 5 6 10 10 1 9 5 4 10 9 9 5 9 5 5 1 8 4
768 5 4 4 9 6 7 2 4 8 1 5 8 8 2 9 9 3 8 8 5
15
958 6 2 9 8 7 10 8 8 7 6 7 2 7 7 8 10 7 2 4 8
797 9 6 4 4 2 2 1 10 9 10 10 8 10 8 8 1 5 3 3 6
719 10 3 7 2 1 2 9 8 6 5 9 6 1 9 7 6 3 5 5 3
704 10 8 9 3 6 1 2 7 10 4 2 2 5 8 5 3 8 7 9 9
579 4 3 6 1 5 9 6 3 8 4 7 2 1 2 7 7 1 5 1 1
617 6 4 8 1 8 1 6 2 5 4 10 4 7 7 6 2 2 6 2 4
710 10 5 3 6 1 8 7 1 1 2 4 7 10 9 2 5 6 2 7 6
710 2 3 7 5 3 3 1 6 9 4 8 4 1 5 10 7 9 10 3 8
873 9 10 9 4 9 7 8 3 8 5 7 4 3 10 4 9 8 7 1 9
781 10 7 6 8 8 8 1 8 10 8 9 7 8 1 4 1 5 10 4 4
825 8 10 3 7 10 10 2 2 4 5 10 7 7 1 8 1 10 1 7 10
819 10 7 10 3 2 9 10 1 5 2 10 9 3 7 2 2 10 9 9 5
656 1 7 7 5 6 2 8 7 9 6 2 5 5 1 8 1 2 2 7 9
886 4 9 2 5 10 7 1 1 5 4 7 9 7 8 8 5 9 10 9 7
753 3 2 6 5 2 8 9 4 1 1 3 6 4 9 9 9 9 3 3 5
15
745 3 10 1 9 6 4 1 4 8 6 4 2 6 9 4 7 2 4 8 6
563 1 8 1 3 4 1 2 6 7 3 8 8 1 3 7 6 4 3 5 1
694 4 9 9 7 1 8 8 10 3 1 8 4 3 2 8 4 5 3 5 6
703 1 10 6 7 2 3 1 1 4 8 7 5 2 7 6 7 10 9 2 2
904 8 9 9 5 3 6 9 4 9 9 4 6 9 4 9 6 10 7 6 5
781 1 9 5 9 9 1 1 1 9 8 9 9 8 4 5 2 10 8 1 4
641 4 1 3 5 3 1 6 8 9 6 2 8 5 1 9 5 3 1 8 10
704 7 7 3 4 7 7 10 10 3 10 1 3 1 5 5 2 2 7 2 6
758 2 6 1 5 1 1 8 10 2 3 2 10 9 8 7 7 7 6 4 2
799 6 9 4 6 7 7 9 2 9 2 5 4 3 8 4 7 10 3 4 4
939 9 9 8 4 5 4 9 7 9 9 10 1 8 2 9 10 3 7 7 10
754 1 3 3 7 4 2 4 9 4 6 3 8 3 10 4 10 5 8 1 9
798 8 3 9 7 8 9 3 8 10 1 9 1 8 10 2 9 5 2 1 8
794 10 8 7 4 3 6 6 1 10 4 10 2 9 2 7 9 6 9 4 5
650 4 3 9 1 8 6 1 7 9 8 3 5 4 6 5 1 9 4 7 1
15
741 4 9 8 1 5 8 10 8 8 8 2 6 3 4 4 7 1 6 7 1
666 5 2 6 7 5 8 2 4 3 1 9 2 9 3 7 2 4 1 9 9
809 3 6 1 1 8 2 10 7 9 4 10 4 5 4 10 6 6 2 2 8
719 9 1 6 2 5 10 8 8 6 2 10 5 10 1 2 1 6 6 5 6
866 6 8 8 7 5 10 9 5 5 2 5 2 5 8 5 6 7 8 10 3
782 8 3 3 5 4 5 5 9 9 3 6 2 10 6 1 1 9 5 9 10
700 3 6 5 4 1 6 4 10 5 7 9 7 3 6 7 2 2 6 10 2
674 10 4 2 4 3 10 9 3 2 5 6 8 1 2 9 1 3 7 10 5
601 8 7 3 3 1 2 2 3 2 4 2 9 8 2 1 7 9 1 7 3
856 2 10 8 1 7 6 7 6 3 5 7 8 7 3 8 9 5 9 6 7
679 4 7 6 5 9 1 1 3 3 10 2 6 7 6 7 4 4 5 3 8
550 5 2 5 3 3 5 4 9 8 3 2 6 5 4 2 1 3 4 9 5
703 4 3 8 1 8 1 10 8 1 5 8 3 7 3 1 10 2 2 4 5
702 8 10 5 9 2 5 8 1 1 3 9 9 7 9 1 1 2 3 2 3
850 4 2 7 3 3 6 9 8 4 9 3 10 6 4 9 9 7 2 5 8
15
710 3 9 5 8 2 4 8 5 7 10 1 2 7 2 4 2 5 3 9 6
811 9 6 5 6 5 4 6 5 1 5 9 7 9 8 1 10 2 6 5 8
478 7 5 7 1 3 5 1 6 10 2 4 4 1 5 2 2 1 7 6 6
616 1 2 4 1 5 3 2 10 3 9 8 1 3 9 3 1 1 1 4 10
616 1 1 2 6 6 4 2 2 1 9 1 9 5 7 9 1 6 3 6 7
689 9 3 4 1 1 8 1 8 10 2 7 8 4 10 3 9 6 9 2 7
733 10 1 10 1 6 8 2 8 4 10 7 4 10 5 3 9 1 7 3 9
949 2 8 4 3 9 9 10 9 1 5 7 2 10 7 8 10 7 4 7 3
867 10 1 7 8 9 7 7 7 5 6 10 1 5 10 3 6 6 6 3 9
745 9 8 3 8 7 9 7 9 6 7 5 5 1 2 10 1 2 10 9 2
657 2 3 8 6 9 10 4 10 2 8 1 2 5 6 2 6 4 1 1 3
695 3 7 4 9 4 10 7 6 3 3 2 2 9 6 5 9 1 7 1 2
715 1 7 10 1 2 8 8 6 2 7 1 5 1 7 1 7 9 5 7 3
730 7 4 2 5 8 9 6 2 9 2 2 5 3 6 10 5 5 8 6 7
757 8 2 1 8 7 7 4 2 10 6 7 6 7 7 1 4 3 9 7 8
15
664 7 5 7 4 3 2 4 8 6 6 4 5 10 4 5 1 8 1 5 1
758 9 8 3 2 3 4 1 8 4 6 9 7 7 10 2 10 6 3 2 5
688 9 8 8 1 8 8 6 7 3 7 1 5 6 4 5 4 4 1 1 7
862 8 1 8 10 2 8 6 5 10 5 1 10 5 9 3 9 8 9 10 3
718 10 8 4 1 3 1 10 5 7 5 3 9 1 9 8 4 8 8 4 8
542 6 3 3 4 7 7 1 4 7 5 1 2 5 2 2 1 8 3 8 4
654 4 3 3 1 5 4 2 8 1 6 5 9 6 7 10 1 4 10 7 1
705 3 1 4 8 7 4 4 6 3 1 7 9 7 7 6 1 3 4 8 9
719 3 3 5 8 1 8 7 8 8 3 8 2 6 4 2 6 7 10 4 4
807 6 5 4 2 5 8 8 2 1 5 2 4 9 9 6 2 8 4 10 8
643 1 2 7 10 8 7 5 5 5 3 2 10 2 6 1 1 7 8 2 7
767 10 9 5 8 6 4 3 6 1 6 1 9 9 5 8 7 2 9 7 10
850 4 4 7 8 8 10 7 5 8 1 2 5 9 7 7 7 1 2 8 10
778 3 4 7 8 10 4 9 4 4 10 4 2 9 1 4 7 3 10 4 8
745 1 3 6 3 6 1 4 10 10 1 7 3 5 10 1 1 10 9 6 9
15
700 10 1 10 6 2 8 3 4 7 10 8 4 4 4 5 6 8 2 1 2
756 5 5 1 3 6 2 10 7 10 9 1 1 4 6 8 3 10 2 6 8
828 6 5 2 9 9 3 7 1 6 4 7 4 7 5 9 1 8 6 10 8
818 9 9 10 9 1 7 7 7 2 3 5 8 9 7 8 6 1 8 9 4
795 1 8 8 7 5 7 5 1 1 9 5 9 6 7 9 8 8 2 3 3
578 10 10 6 4 5 1 5 1 5 4 7 8 1 8 2 2 1 6 5 2
778 2 9 5 3 5 2 1 5 4 7 8 3 10 7 7 5 6 1 7 5
678 1 4 3 4 4 8 7 4 6 5 3 5 6 9 4 3 3 10 5 5
710 9 10 1 5 9 1 6 5 1 10 4 2 2 4 10 5 3 9 1 5
713 7 6 5 10 3 2 1 10 8 7 5 1 5 3 2 6 10 10 4 3
709 5 2 1 9 1 10 2 2 1 7 4 8 4 9 10 4 6 10 2 5
830 1 1 7 7 5 10 1 3 4 8 8 3 4 7 8 9 8 10 7 6
568 7 1 2 1 4 6 1 3 2 3 5 5 5 10 10 4 4 2 1 10
840 8 8 9 2 1 3 7 9 4 8 2 6 9 7 7 7 6 3 10 6
820 7 2 8 10 10 8 2 5 4 5 8 3 10 4 3 9 3 2 5 8
15
782 2 1 9 10 3 4 7 4 8 7 9 7 4 2 8 7 5 6 7 7
632 4 3 10 3 4 5 5 10 8 5 2 3 8 4 10 3 3 2 2 1
745 5 2 9 3 6 9 7 5 10 6 4 3 1 10 4 6 5 7 3 4
554 3 6 2 1 3 3 10 5 5 3 3 1 2 9 8 3 1 8 1 7
691 6 7 3 6 9 2 1 3 8 3 7 3 9 8 2 4 6 5 3 7
695 7 10 9 8 9 6 4 4 5 1 1 6 8 6 10 1 1 1 5 3
857 5 9 8 6 10 1 4 9 3 4 10 7 7 8 2 9 6 2 4 3
869 7 6 4 1 8 7 4 8 10 9 4 5 9 5 10 3 10 2 3 8
685 2 4 3 9 5 1 2 2 10 3 8 5 6 3 4 9 9 6 5 6
494 4 5 2 2 7 7 1 1 2 3 5 7 4 5 2 1 1 10 2 10
970 8 9 6 9 5 8 9 8 10 3 10 8 6 9 5 7 7 9 5 7
729 7 2 4 9 2 7 10 10 8 3 2 7 9 3 5 3 1 5 8 3
805 9 10 3 9 5 5 2 9 10 4 3 6 8 6 5 5 3 9 7 4
918 9 1 4 2 6 9 9 4 10 10 5 8 9 4 10 10 7 6 8 6
756 9 3 8 3 4 7 8 5 3 3 10 1 5 6 2 8 7 10 5 3
15
519 6 3 8 1 5 1 2 4 6 8 1 1 6 4 2 4 3 2 5 5
620 6 6 9 2 4 3 7 3 8 5 5 1 2 8 1 7 5 9 1 10
720 1 1 1 8 8 4 1 10 1 7 5 8 6 9 6 5 4 9 2 5
709 2 8 7 5 7 4 3 9 1 8 7 1 3 9 3 1 5 3 5 3
681 3 5 3 4 1 2 8 7 8 10 3 1 2 2 6 10 7 7 9 1
835 6 8 1 2 7 7 9 1 10 7 1 8 10 4 10 4 9 7 7 3
618 9 1 10 3 6 8 10 9 1 5 1 5 5 3 4 5 3 3 3 1
1004 6 6 10 9 10 10 9 9 6 8 5 9 6 10 9 2 5 9 4 4
701 8 10 1 10 1 7 1 3 1 7 8 1 5 4 9 1 10 1 1 8
684 4 9 1 7 7 2 1 5 2 8 8 6 2 4 1 6 3 6 10 7
826 9 8 10 9 2 4 9 9 7 7 1 8 5 9 7 4 8 5 5 3
767 9 1 4 5 10 4 4 8 9 8 3 8 9 6 3 4 3 6 9 3
786 9 5 2 6 10 3 9 8 3 3 3 3 6 5 5 5 9 9 5 7
661 3 3 8 3 3 7 2 6 9 5 4 6 3 4 9 9 2 3 10 4
732 10 10 1 4 6 2 7 7 3 1 1 10 8 8 3 3 5 3 3 10
15
807 3 5 7 8 9 2 2 1 8 10 9 9 1 8 5 9 2 8 8 4
600 5 7 1 4 7 9 5 3 7 4 1 1 9 1 3 8 2 2 1 7
800 8 6 10 6 2 3 10 7 9 9 5 1 3 7 2 10 6 8 4 3
838 7 7 2 2 6 3 4 8 9 8 8 10 7 9 1 8 7 9 2 2
637 10 7 2 5 8 3 7 1 6 1 6 2 1 9 10 2 5 1 2 1
650 4 4 8 3 5 1 6 10 8 1 7 3 5 8 3 8 1 1 5 2
805 6 4 7 2 7 4 6 10 8 4 6 6 8 8 4 7 6 2 5 1
871 6 7 2 7 8 6 1 7 10 9 9 1 10 8 8 1 7 5 2 9
735 4 3 10 2 6 8 8 1 8 1 3 2 10 9 4 3 10 5 2 3
721 4 1 3 9 1 8 6 4 4 2 9 1 2 6 6 8 4 1 10 6
769 6 8 9 7 3 1 3 4 10 9 9 8 1 10 9 2 2 10 8 4
731 7 7 3 3 4 8 9 4 6 3 10 1 8 4 1 9 1 3 1 7
731 5 3 4 4 10 6 6 6 3 7 5 1 6 2 2 7 5 5 7 7
851 10 1 9 4 8 8 7 8 4 5 2 1 5 9 5 10 6 2 8 8
617 4 1 6 1 2 1 3 3 1 7 9 3 8 4 3 10 5 10 2 2
15
726 3 3 10 5 4 3 3 7 8 1 5 3 8 10 8 9 2 1 8 2
720 5 2 7 4 3 4 2 5 10 10 2 5 5 5 5 7 6 9 10 3
596 10 3 10 1 4 2 6 1 4 4 1 7 10 4 3 7 2 3 7 5
847 3 6 9 3 3 3 5 8 9 5 8 2 8 10 9 9 9 7 5 2
681 1 3 3 8 4 7 2 5 4 7 3 3 5 8 8 3 9 8 2 8
706 7 2 10 5 8 2 9 7 6 3 5 9 3 8 4 3 4 5 2 3
754 2 8 2 2 7 7 4 2 7 2 2 9 9 9 7 4 4 5 10 3
780 9 7 4 1 1 10 4 5 10 7 5 10 4 7 8 6 9 8 2 7
809 3 3 7 2 6 2 3 6 10 6 8 2 10 9 7 5 4 1 10 4
798 3 7 6 4 10 7 5 4 5 5 8 8 3 3 6 4 7 10 10 2
678 1 7 6 3 2 6 2 10 2 1 6 5 4 6 3 7 10 6 4 6
685 4 3 4 6 3 6 10 3 10 3 2 7 6 1 10 7 8 5 1 7
887 4 9 9 9 7 9 10 8 9 9 6 3 5 2 2 8 1 9 9 8
859 6 5 9 10 10 4 10 9 4 6 9 8 5 8 5 1 3 4 2 7
648 10 4 10 1 9 2 4 5 1 1 5 1 9 4 10 5 7 3 5 3
15
1022 9 9 8 10 7 6 10 4 1 9 10 9 10 5 3 9 5 3 10 4
941 7 8 9 7 9 4 8 9 5 8 9 7 6 5 3 7 5 6 9 5
685 7 8 6 5 9 6 1 2 5 7 4 3 4 5 5 8 4 5 5 4
768 5 6 10 8 7 7 8 7 3 8 2 1 6 1 10 6 3 7 8 7
798 7 9 4 2 9 6 1 9 9 9 9 3 10 9 9 2 3 3 1 5
762 6 8 10 8 7 5 10 1 3 1 2 7 10 5 8 2 9 9 1 3
747 8 5 3 8 9 8 6 8 10 6 3 10 7 2 9 1 2 10 4 2
624 4 2 9 8 7 2 4 3 4 4 8 6 1 5 3 2 8 3 4 5
881 7 6 2 6 10 6 9 2 10 10 6 4 2 9 4 1 8 9 10 2
775 8 9 5 2 9 9 5 2 1 5 5 10 3 3 3 9 8 8 5 9
763 3 9 8 6 2 3 4 8 4 6 6 6 10 10 4 6 5 5 4 1
763 4 4 9 10 4 5 4 4 3 4 9 9 8 3 8 1 7 2 8 9
938 6 7 7 10 9 9 9 6 9 7 10 4 1 8 1 9 5 10 7 3
702 8 10 5 9 2 6 8 9 2 10 2 5 2 4 6 1 6 1 6 3
833 8 5 5 9 8 9 1 2 5 10 5 9 10 3 6 3 7 8 2 10
15
662 5 1 6 3 5 1 1 10 7 2 8 10 7 7 10 3 5 7 4 3
745 8 9 10 10 6 5 10 5 6 1 3 2 4 1 5 4 6 7 10 5
836 8 3 8 4 8 6 10 1 6 10 6 5 6 7 4 10 2 8 9 2
614 7 3 8 3 8 7 1 3 1 10 6 3 5 3 2 4 3 9 4 8
727 5 10 3 8 1 5 1 7 8 6 6 2 1 1 3 8 10 6 8 6
700 5 9 9 8 6 2 4 5 3 6 7 6 1 6 6 1 2 7 10 9
708 6 1 1 2 9 9 4 4 7 2 1 9 10 6 9 10 1 8 2 4
732 2 8 2 1 9 4 7 9 9 2 8 1 2 3 5 7 8 1 4 5
788 5 4 6 5 1 2 8 8 8 10 9 10 2 7 4 1 8 6 10 5
709 2 1 7 4 2 6 6 10 2 5 3 4 7 4 2 10 9 5 5 1
801 7 7 5 1 9 5 4 8 4 4 10 2 10 8 5 10 1 5 2 8
705 7 5 3 5 5 2 1 3 8 9 3 6 6 7 10 6 2 10 9 3
662 6 2 2 4 1 3 10 6 8 6 6 4 4 7 6 2 2 8 3 9
614 7 3 4 10 4 9 7 4 7 8 1 4 2 2 3 6 6 1 1 4
812 6 4 8 7 2 5 3 1 1 8 7 6 8 5 10 9 6 3 9 6
15
793 3 6 8 10 10 2 7 5 8 6 1 8 7 1 1 9 8 6 9 4
751 8 5 7 2 6 4 5 7 1 5 6 7 9 6 2 4 6 10 10 4
877 9 5 6 10 10 8 9 3 4 2 6 2 6 3 10 8 4 6 10 10
770 9 5 2 10 10 7 2 7 5 7 2 6 10 4 2 8 3 8 4 3
699 7 10 4 1 7 3 4 2 5 4 9 7 6 1 1 10 2 4 9 10
797 5 9 5 4 10 8 5 3 10 3 5 1 4 2 3 8 10 4 5 9
741 9 2 6 2 7 9 5 10 3 1 3 2 4 5 9 9 4 3 8 7
844 9 8 4 4 7 7 8 10 8 6 8 6 4 10 4 7 3 9 4 1
683 9 4 8 2 7 6 10 2 8 5 3 2 5 1 5 7 6 8 2 1
660 9 1 3 9 4 2 8 2 7 2 10 5 10 1 4 3 1 9 6 10
680 2 4 2 4 10 4 1 6 2 7 3 9 2 3 8 10 3 2 10 2
965 9 8 9 9 6 10 4 9 8 7 7 5 7 5 4 10 8 2 8 5
867 10 7 9 4 8 10 10 1 3 9 8 1 5 1 3 8 8 6 10 7
857 7 6 9 2 2 4 6 1 8 9 8 9 4 10 4 10 5 6 9 6
812 1 1 7 10 9 5 8 1 9 7 6 9 6 1 2 8 8 10 8 6
15
816 7 9 2 10 7 10 4 6 10 1 3 6 6 7 1 3 9 10 9 5
728 6 9 1 3 6 7 4 8 1 5 4 6 1 6 6 9 10 10 2 6
664 2 8 9 1 1 5 4 7 7 2 3 8 7 5 10 4 4 4 4 9
850 1 10 8 7 1 8 3 5 2 8 9 7 5 3 9 8 8 6 6 5
661 8 9 2 1 3 7 9 3 4 3 1 2 10 1 2 3 10 10 7 1
963 3 8 5 9 7 6 2 9 7 8 10 2 9 8 6 4 10 10 10 4
892 9 4 9 10 8 10 10 3 2 3 4 6 3 6 2 10 5 7 10 10
754 9 1 5 7 9 4 8 4 5 7 8 2 2 1 4 9 5 8 8 9
798 9 1 7 3 10 6 3 5 4 4 9 4 5 10 5 7 2 7 10 1
897 7 6 7 7 8 8 7 4 9 8 8 6 10 1 10 5 4 9 8 3
622 5 5 4 4 4 5 2 7 1 2 2 8 2 4 1 8 3 4 10 9
678 4 6 8 7 2 3 4 4 1 9 3 8 10 2 1 6 3 7 10 3
665 9 7 8 2 3 3 8 3 3 5 3 2 6 9 2 3 10 9 1 7
997 8 1 7 10 3 4 8 10 4 8 8 6 10 8 9 10 10 2 9 5
818 1 8 10 10 2 5 5 5 5 9 3 8 4 5 6 10 6 3 10 5
15
672 9 3 2 3 4 9 8 1 4 7 5 3 4 9 10 2 1 10 2 3
685 9 9 5 9 4 6 9 2 8 4 6 5 1 8 4 1 6 2 1 3
849 8 10 8 9 10 7 6 4 10 10 3 6 8 4 1 3 2 8 8 3
870 1 6 1 9 5 5 1 7 5 10 8 3 2 9 6 6 6 10 10 10
680 3 7 10 10 3 10 3 3 6 1 9 8 3 1 2 8 7 10 2 4
681 3 7 5 4 5 10 7 6 3 8 6 5 2 3 4 6 1 6 2 7
801 9 1 9 2 5 5 10 9 2 7 7 7 7 2 7 7 8 5 6 2
861 3 6 6 3 6 8 7 8 1 4 10 5 4 9 4 10 8 1 10 3
678 8 3 8 9 2 2 5 9 9 2 9 4 5 5 3 5 4 4 1 9
764 3 5 5 6 8 5 10 1 6 6 3 5 6 6 10 3 3 9 7 9
650 5 6 8 9 4 9 2 5 10 6 1 8 3 1 4 6 1 4 8 8
770 7 10 6 2 1 7 7 3 10 3 7 6 5 7 8 8 6 1 6 3
645 5 10 9 5 1 6 5 4 7 1 7 3 4 4 7 8 1 4 9 2
837 1 8 3 1 7 7 8 10 1 5 10 7 6 9 7 3 3 1 7 5
877 8 10 2 5 2 10 10 8 5 4 8 7 5 8 6 5 5 6 6 8
15
714 2 3 7 5 6 10 10 4 5 9 4 4 6 1 1 10 2 10 1 7
706 4 1 1 9 5 10 4 8 2 10 2 1 4 5 4 10 3 6 2 7
808 2 4 6 4 9 4 6 10 7 8 1 4 7 9 7 5 4 10 5 7
552 5 1 5 10 4 5 2 3 3 2 6 4 5 3 4 6 3 9 1 8
742 7 4 9 2 8 7 10 3 10 1 4 1 5 9 5 5 5 7 2 3
649 7 10 10 2 1 2 2 7 2 9 4 5 8 4 7 2 1 5 10 2
768 6 1 8 3 4 10 8 3 9 1 8 4 4 9 2 10 8 3 7 3
824 10 7 2 9 7 6 7 3 9 10 3 6 3 5 7 4 8 7 2 9
743 4 1 4 1 5 8 7 3 2 4 7 7 4 9 5 10 7 5 1 2
800 9 10 6 2 5 3 3 3 1 8 8 2 7 8 9 7 10 3 1 6
744 4 1 2 7 3 4 7 7 7 1 6 10 1 4 10 8 6 5 10 9
641 5 6 5 3 1 2 9 1 10 9 8 9 5 2 7 3 2 10 2 6
823 5 9 8 3 6 2 2 1 5 8 4 9 10 10 10 3 2 8 10 10
669 9 10 7 1 4 9 2 10 3 7 3 6 1 4 9 4 1 6 9 6
628 7 8 1 2 2 2 4 9 9 9 1 2 2 6 1 6 6 6 5 5
15
856 10 5 6 8 5 8 8 10 2 8 2 8 6 6 3 10 3 2 10 7
556 9 9 10 4 2 5 1 5 3 2 5 4 8 2 1 7 1 3 2 4
826 10 10 2 4 9 6 8 2 1 9 1 6 8 8 3 4 5 10 8 4
900 1 5 2 1 8 10 7 10 9 6 3 1 10 9 6 4 5 9 8 9
774 8 2 8 8 1 5 7 5 2 9 9 8 5 3 6 9 1 8 5 6
754 6 4 3 10 8 1 7 3 10 3 9 6 6 5 4 1 7 5 5 9
641 5 1 1 8 4 2 6 2 1 10 5 6 7 5 8 4 3 9 1 7
532 1 2 2 4 1 3 1 4 8 8 5 3 3 9 1 4 4 2 4 1
650 8 9 9 6 7 2 2 3 5 3 4 4 3 6 10 5 2 10 3 6
755 1 3 5 2 1 1 8 10 6 5 7 5 10 8 6 9 4 3 5 6
635 3 6 1 5 8 3 1 8 2 2 3 4 10 6 3 8 1 4 2 5
868 3 5 9 7 9 5 10 8 1 4 9 2 10 4 10 7 5 6 5 3
638 4 1 8 1 8 3 2 6 6 3 1 5 9 7 2 2 3 8 7 10
831 2 9 2 8 10 1 7 9 1 5 9 9 6 5 9 5 4 4 2 6
708 5 5 5 3 6 3 3 1 4 4 6 10 2 6 6 9 6 6 7 6
15
684 10 10 9 4 8 6 2 5 8 7 1 1 8 5 3 2 5 6 10 1
769 6 6 3 5 2 9 1 2 10 9 2 6 7 10 9 1 3 9 9 10
723 7 6 10 1 4 9 4 7 7 2 10 6 1 8 6 2 4 4 5 10
738 7 7 6 1 2 7 3 9 8 6 10 8 3 10 3 1 2 2 10 7
852 5 2 7 3 2 7 4 10 5 6 6 9 6 9 6 9 6 10 10 1
660 1 6 7 1 9 5 9 4 8 4 1 5 4 1 5 2 10 7 1 8
770 1 3 9 10 10 1 3 5 10 10 5 2 5 6 8 8 6 8 2 5
620 4 5 9 10 8 1 7 3 8 4 1 4 5 4 1 3 7 4 5 1
524 4 5 2 2 1 4 7 4 9 10 2 1 3 3 1 1 3 7 5 3
847 10 10 7 1 10 10 9 3 9 3 8 9 7 4 5 6 7 6 1 9
636 4 1 2 7 2 4 3 8 10 7 3 5 8 3 2 8 4 5 1 8
808 8 9 6 7 7 9 6 5 6 10 7 5 5 1 6 6 2 10 5 4
733 6 9 6 9 1 1 4 6 4 1 5 5 8 7 5 6 7 1 8 6
747 7 2 3 5 2 6 3 4 2 9 10 10 9 4 8 5 4 6 5 2
654 5 6 8 5 1 5 6 2 10 2 8 7 8 9 3 1 3 6 1 10
15
683 8 9 8 5 4 2 3 2 4 9 1 5 9 4 10 2 4 2 6 4
925 6 10 2 2 6 7 10 10 6 10 2 1 8 7 4 10 10 1 6 8
684 9 2 5 10 7 6 1 5 6 6 1 8 2 9 2 5 2 5 8 1
808 6 10 9 2 3 3 10 2 9 9 5 6 3 10 7 5 6 2 6 8
798 2 8 7 9 3 7 6 10 10 5 7 3 2 2 8 6 8 3 2 10
894 10 10 1 7 4 10 9 1 4 4 9 4 10 4 7 10 7 6 7 4
892 8 8 2 1 7 5 3 10 5 7 9 10 8 5 4 10 4 10 10 3
714 5 2 5 7 4 5 3 8 7 6 3 1 5 6 9 3 7 3 7 3
893 7 3 10 5 5 9 6 4 9 10 4 6 8 8 8 10 1 10 7 2
904 8 10 10 6 2 7 10 10 10 9 8 1 5 5 5 4 4 10 8 10
897 1 8 10 9 4 2 6 6 6 5 8 7 8 2 5 9 8 10 10 10
472 5 8 10 1 1 5 3 6 2 1 4 9 6 2 6 3 2 4 2 2
875 4 1 10 10 8 10 4 4 7 7 5 2 7 6 8 8 8 10 3 8
801 9 8 3 3 6 1 6 1 7 6 4 9 8 6 6 5 10 8 4 9
641 2 1 8 2 5 10 9 5 1 1 6 7 7 5 1 1 2 3 9 10
15
716 7 6 7 7 2 5 8 5 9 8 6 4 6 5 7 7 3 2 1 5
859 4 6 4 8 9 10 6 3 7 6 7 7 8 1 9 1 6 8 10 5
871 8 10 5 10 5 1 4 10 7 9 8 1 5 6 4 8 8 3 7 7
799 2 8 1 10 7 1 4 7 5 6 7 4 3 6 9 2 8 2 10 10
827 1 9 2 6 1 7 4 10 9 5 10 2 5 9 7 8 9 2 3 7
847 2 4 9 5 5 10 6 7 9 7 7 4 3 10 3 7 5 7 8 8
741 8 4 7 1 2 1 1 2 10 6 10 10 5 9 4 7 6 6 8 5
610 3 1 6 10 3 4 5 3 2 9 3 1 1 7 5 2 6 8 2 9
673 3 7 7 1 7 10 3 1 1 5 4 5 5 5 9 5 5 3 2 8
904 6 9 7 4 8 10 6 9 10 4 10 10 3 9 8 4 8 3 4 4
760 7 1 9 6 7 1 8 4 5 10 4 3 10 2 8 2 10 8 6 5
717 5 7 7 10 2 2 4 1 9 1 9 1 6 6 8 7 3 10 8 10
687 1 2 1 7 5 2 4 10 3 9 6 2 3 6 10 8 4 1 2 3
732 5 4 7 2 3 10 7 3 8 4 9 7 6 3 1 7 7 4 8 3
924 9 3 8 3 5 9 2 8 4 10 4 7 10 3 10 10 9 9 9 4
15
736 3 3 7 3 7 6 1 6 5 6 5 10 6 5 9 7 10 7 1 7
839 10 9 4 9 7 4 7 2 10 7 4 9 7 1 3 10 5 9 4 9
623 9 6 1 5 3 2 5 7 10 5 3 6 2 2 9 2 7 6 4 7
834 5 8 4 10 7 6 3 6 8 4 8 9 6 4 6 7 8 4 4 8
802 4 6 6 8 8 3 5 4 9 4 5 4 9 3 8 2 9 10 9 8
716 3 1 3 6 9 4 5 6 7 4 7 9 6 7 4 6 1 10 2 3
997 3 6 9 7 8 10 10 7 5 5 8 8 8 10 10 1 10 6 4 2
676 4 10 8 9 2 4 8 1 3 9 1 3 1 7 4 3 7 9 2 8
667 4 5 4 7 1 5 9 6 1 8 7 2 2 2 6 2 5 8 9 2
783 5 2 4 9 6 5 5 8 2 4 6 2 7 2 10 10 6 4 4 8
678 7 7 1 1 10 2 7 3 3 9 3 8 4 9 1 5 5 7 2 1
863 8 9 1 2 9 7 4 8 4 6 3 9 8 9 10 7 5 10 3 8
695 4 8 2 9 9 5 7 4 8 1 3 2 6 8 6 3 2 2 2 8
710 7 3 1 1 2 4 8 4 5 2 5 8 4 1 8 10 8 8 7 6
686 6 6 7 8 4 1 1 7 2 3 9 3 9 7 7 2 5 4 6 5
15
695 8 2 9 5 6 3 6 7 7 2 2 4 8 9 10 2 3 2 8 7
841 7 6 3 8 7 4 5 1 2 1 6 4 9 8 9 5 9 8 10 8
699 4 9 5 7 4 9 6 1 1 10 5 1 1 7 7 4 2 6 7 6
727 3 9 8 6 7 9 6 3 5 1 4 4 5 1 9 2 5 1 10 8
762 9 7 3 5 4 9 1 5 8 3 7 6 1 8 7 6 6 3 6 9
905 8 4 2 10 6 6 9 10 6 3 4 9 8 4 7 10 7 9 3 4
866 4 5 8 10 9 10 10 9 3 4 3 4 6 4 2 8 9 10 4 6
586 7 6 6 3 6 2 3 1 9 3 8 1 2 1 3 2 6 8 7 10
614 9 6 4 6 6 3 7 3 4 2 1 7 7 6 1 4 2 1 7 2
733 3 10 6 6 3 10 7 10 4 10 4 4 2 1 1 8 2 8 2 9
714 9 2 4 7 10 5 5 10 5 5 1 7 1 2 7 10 2 10 3 5
757 3 10 10 10 5 9 3 8 10 9 4 1 1 2 7 3 7 8 1 10
763 1 7 2 5 9 1 4 10 5 6 6 8 3 10 5 4 9 4 4 4
754 9 2 1 5 5 4 4 3 7 8 8 5 5 4 10 10 10 9 1 4
969 5 2 3 3 10 10 7 1 10 9 10 4 8 9 5 10 10 6 2 7
15
690 2 2 3 3 2 6 5 3 5 2 6 9 1 8 5 8 10 10 6 5
702 7 4 10 2 9 6 7 1 6 2 2 1 5 7 2 6 8 2 8 8
641 9 8 6 7 3 4 1 2 3 2 9 4 1 10 8 3 4 6 3 7
758 1 2 8 5 8 3 2 5 1 10 5 7 9 3 5 7 8 9 7 5
766 7 7 10 1 8 5 1 5 8 8 1 1 10 4 6 10 8 8 2 10
781 2 4 1 7 5 10 10 3 9 1 5 6 6 7 7 1 4 2 9 1
976 7 2 6 9 8 10 10 7 8 9 8 10 10 10 7 3 5 9 3 4
788 6 7 6 4 9 1 8 2 10 10 8 7 3 5 10 10 1 3 1 9
532 9 6 10 1 8 2 2 1 2 4 4 1 2 2 6 2 5 7 9 4
759 7 5 5 4 4 5 8 10 2 9 1 8 3 7 5 3 7 6 10 7
760 5 5 4 4 1 6 9 5 3 10 9 8 2 10 2 6 3 2 2 8
830 6 9 4 5 6 8 3 1 9 4 9 10 8 6 7 10 2 2 6 9
871 1 10 7 10 3 9 5 5 1 10 10 6 5 6 9 7 6 9 2 8
683 4 5 3 8 6 7 1 5 4 9 3 5 5 4 8 7 2 10 3 9
699 6 9 1 1 6 5 1 7 1 6 3 10 1 1 9 10 4 2 9 10
15
680 1 2 10 9 2 4 2 5 3 4 8 9 7 8 3 4 2 7 4 10
685 9 5 4 9 3 4 6 5 6 2 4 7 10 2 10 4 5 3 5 4
811 4 5 6 3 5 1 10 1 7 8 8 7 3 9 7 10 8 10 3 4
755 2 6 10 9 10 5 8 2 3 3 4 2 1 3 10 10 4 7 7 1
700 2 7 3 7 4 10 1 9 1 7 2 10 1 2 9 3 1 10 8 10
720 4 1 9 5 10 4 8 5 5 5 10 4 4 2 7 4 3 6 7 3
557 7 1 10 3 3 5 3 2 9 5 4 3 4 5 8 4 5 4 1 2
779 4 9 7 9 9 10 6 3 4 7 5 5 6 4 3 4 4 9 6 3
797 3 8 2 5 7 3 6 2 4 2 1 1 8 9 9 10 9 7 6 7
740 7 9 9 8 1 5 9 1 4 4 5 1 10 3 3 7 5 5 9 9
912 9 7 10 10 10 9 9 8 3 6 1 9 1 6 9 9 5 7 9 5
771 8 2 9 3 7 10 7 3 6 5 8 4 2 1 7 7 10 9 9 4
803 10 8 9 8 1 10 9 3 6 8 5 2 8 6 6 3 7 9 6 2
776 7 4 9 7 1 5 4 9 1 4 9 3 9 5 2 7 10 3 5 5
815 6 9 9 9 5 4 10 2 6 2 7 6 7 5 10 6 7 5 6 1
15
810 7 1 5 10 3 10 9 3 8 3 7 3 8 2 5 9 6 5 7 1
812 2 9 6 4 5 10 10 4 7 7 3 3 3 6 7 9 6 3 3 9
829 10 9 6 6 7 3 4 9 10 3 10 5 6 9 10 1 9 4 1 2
739 1 7 7 2 2 8 9 3 8 9 4 9 7 5 1 3 4 4 9 4
675 7 9 10 1 5 2 5 8 6 7 5 10 6 3 5 4 4 9 3 2
747 8 10 6 2 7 7 1 9 8 7 4 4 3 1 5 10 7 3 1 10
800 3 1 9 7 1 10 7 5 6 9 8 1 3 3 8 10 9 3 6 1
735 5 7 1 2 6 1 1 9 1 5 9 10 2 8 8 1 10 6 9 1
713 9 2 1 8 5 3 8 3 7 9 2 6 3 6 6 8 2 1 6 6
647 6 2 3 7 7 2 4 8 10 6 2 4 9 6 1 2 1 4 4 8
728 9 7 4 5 9 3 2 4 7 5 3 6 4 6 6 9 5 9 7 5
735 9 2 2 5 5 3 10 4 4 4 1 6 10 7 3 3 10 9 2 7
751 4 10 5 5 4 10 4 3 7 10 1 9 2 9 5 2 2 4 5 10
766 6 4 1 5 4 8 2 10 10 10 4 6 4 4 5 9 3 9 5 10
704 5 9 10 1 8 7 4 2 10 3 10 3 2 8 2 6 3 6 6 1
15
725 10 10 2 7 8 3 4 1 3 3 8 7 6 9 1 6 1 10 5 10
768 2 3 3 5 4 3 1 7 7 7 10 2 7 1 10 8 8 8 9 2
727 1 7 5 9 5 3 5 6 6 9 3 4 10 1 7 5 3 5 10 3
706 3 9 5 7 7 9 5 2 1 5 1 6 1 3 10 9 8 3 2 3
902 10 5 6 10 7 5 2 3 10 3 8 6 6 10 8 9 9 9 3 5
770 7 6 1 1 6 1 8 10 6 5 6 8 5 4 8 8 2 7 8 4
778 9 5 5 9 9 6 4 1 2 9 10 10 1 3 10 2 7 7 7 6
705 6 7 1 7 4 5 8 4 9 4 1 7 7 5 1 5 2 3 5 7
757 6 10 3 9 6 7 6 1 2 3 1 4 8 7 4 5 5 2 8 9
802 5 9 8 7 5 6 5 1 5 1 5 4 9 10 10 4 8 4 9 1
792 8 9 3 8 7 4 6 3 7 5 1 2 9 8 6 9 3 10 3 8
711 3 10 2 4 10 6 6 4 2 4 1 4 7 10 2 4 2 10 5 2
801 1 4 1 9 1 8 5 7 7 6 10 6 1 5 3 4 10 8 10 2
765 8 10 9 2 4 6 6 1 9 9 7 7 3 5 6 1 9 3 9 4
751 7 10 4 10 1 8 8 4 10 4 1 4 5 4 6 6 4 8 7 6
15
496 1 2 6 4 2 8 3 2 2 5 4 4 3 1 1 8 4 5 3 7
754 1 9 5 6 10 2 4 3 2 9 7 9 8 1 9 2 4 9 6 8
834 7 10 9 5 9 3 8 8 5 2 1 4 9 5 10 9 9 6 3 3
744 2 3 2 8 4 2 4 9 10 8 7 5 9 4 1 10 1 6 5 1
869 2 9 5 8 8 9 10 9 3 10 5 2 10 6 6 4 1 3 5 6
649 9 2 9 7 7 1 4 8 1 4 6 6 6 4 1 2 3 7 10 5
713 1 8 1 9 5 6 1 5 6 5 3 3 6 9 10 1 5 1 4 6
784 7 3 3 8 10 3 5 10 1 8 9 8 3 4 5 4 6 1 6 10
879 7 10 9 1 7 5 8 9 9 6 3 1 9 2 9 8 10 5 8 5
677 4 10 8 7 4 9 1 8 2 10 6 4 2 4 7 1 2 10 8 4
1000 2 3 9 1 9 5 9 10 9 6 10 8 7 9 7 5 9 9 8 10
682 1 9 2 2 2 2 3 7 5 2 6 7 3 10 5 2 3 7 9 8
627 3 4 3 8 3 3 7 3 8 6 1 5 2 8 4 1 8 10 5 2
848 8 3 1 8 10 9 8 7 2 8 9 1 3 5 5 3 4 10 8 10
681 9 10 4 2 2 3 9 4 10 10 1 6 5 5 1 1 10 4 6 2
15
568 5 1 8 5 2 1 1 9 1 7 2 10 3 9 3 5 9 2 1 2
864 3 8 1 8 9 5 10 10 6 9 5 8 9 2 8 1 2 10 10 4
628 9 10 10 6 1 3 7 1 5 1 6 8 4 8 3 4 1 7 3 5
872 6 8 10 6 6 9 5 2 6 6 6 10 6 7 2 9 10 2 6 2
654 3 2 7 6 1 5 1 5 4 10 10 1 3 3 1 9 8 7 6 4
516 2 5 9 2 2 1 4 2 6 4 2 1 2 5 4 1 9 10 9 6
791 10 2 6 7 4 9 2 6 10 6 7 3 5 9 5 6 8 6 4 4
651 9 10 1 2 3 2 9 3 1 3 1 6 6 6 1 9 1 10 4 7
609 5 7 4 2 2 1 3 1 7 3 7 8 7 8 6 4 2 1 2 4
775 5 3 6 8 2 3 9 6 8 4 3 9 9 6 2 5 4 3 9 5
757 10 1 4 7 10 5 8 8 1 7 6 7 3 6 5 2 4 5 3 4
781 6 9 8 9 9 6 8 1 7 3 5 8 4 4 1 5 4 4 7 3
775 8 4 2 9 10 6 10 5 4 1 5 7 2 9 9 2 6 1 1 1
690 3 5 6 9 1 3 2 5 7 1 5 6 9 6 2 8 9 3 3 7
828 3 7 3 5 5 10 4 6 4 9 9 6 7 9 5 1 1 8 7 3
15
615 7 2 6 7 4 1 2 5 5 5 3 3 9 9 4 6 6 2 2 5
621 6 2 8 7 2 7 8 4 1 10 1 5 6 2 5 1 7 1 2 6
743 5 6 4 1 10 4 8 3 5 3 5 1 5 6 6 7 7 9 7 2
695 6 3 3 6 2 4 4 3 6 3 7 3 5 5 10 4 9 6 9 4
727 4 7 9 6 1 8 3 7 4 8 9 4 10 2 1 7 1 8 9 6
709 5 8 9 5 3 10 2 1 1 3 10 4 2 7 9 5 7 5 8 2
684 8 10 10 8 4 4 7 2 7 1 5 9 1 8 2 5 2 10 2 9
740 2 7 7 2 10 7 1 3 2 1 9 8 4 1 6 9 9 8 1 9
825 1 5 3 7 7 6 10 2 3 10 6 5 3 8 5 2 4 2 9 8
685 10 5 4 8 2 7 9 8 7 1 2 1 2 2 1 9 10 8 1 7
722 2 2 3 9 9 9 2 2 3 3 4 7 6 3 7 4 6 10 10 2
776 7 7 6 6 7 6 7 10 10 10 6 4 10 2 5 2 2 5 2 2
769 6 9 5 8 8 7 3 2 1 10 4 2 9 9 7 5 2 1 3 3
778 1 10 2 3 8 6 7 3 6 4 2 6 9 7 8 3 2 3 7 9
711 6 1 9 1 4 7 2 10 9 3 9 6 8 8 4 7 8 4 1 1
15
636 6 1 10 7 9 5 3 2 2 5 5 10 2 5 9 8 1 3 1 5
783 9 5 7 8 10 6 8 4 3 7 9 3 3 8 1 6 3 2 2 4
694 3 6 3 1 1 2 8 7 4 1 9 7 9 3 7 4 8 9 2 7
722 7 3 6 6 2 1 7 3 3 9 9 7 7 10 9 2 1 3 5 9
942 8 3 3 9 5 8 5 3 9 7 7 9 9 8 8 5 10 8 10 5
740 7 8 6 2 6 10 6 10 2 4 5 9 2 5 4 7 6 5 3 6
670 5 9 7 1 2 4 1 7 3 9 1 2 10 4 7 5 9 1 6 5
912 5 9 5 8 8 3 6 9 7 8 9 10 2 10 4 6 4 1 8 3
616 7 3 10 4 5 1 6 1 1 7 9 8 6 4 2 7 3 9 1 4
634 10 3 7 6 9 4 5 2 8 3 2 1 7 2 3 2 5 5 7 7
642 6 6 10 6 3 1 7 9 10 1 5 8 4 8 9 1 1 7 2 2
847 9 2 6 6 10 1 9 3 7 9 4 6 9 8 1 2 8 8 9 9
603 5 2 1 2 4 3 6 1 8 3 1 2 1 10 8 7 3 4 10 5
631 7 7 4 1 7 3 3 1 2 5 7 7 3 4 6 5 10 9 1 9
835 2 8 7 9 8 5 2 7 10 8 4 7 9 6 6 7 6 4 3 4
15
835 3 1 4 10 6 5 9 6 7 6 7 5 6 5 3 1 10 5 10 1
611 5 3 10 5 10 4 2 3 7 2 6 2 9 4 6 4 1 7 2 8
879 10 9 6 7 8 10 7 3 4 5 8 2 4 7 10 9 3 4 4 3
697 8 5 2 5 4 6 7 4 1 4 4 4 9 6 2 10 4 4 7 2
605 8 1 7 3 9 3 1 8 2 2 9 2 2 10 5 2 1 1 7 8
646 6 10 9 1 4 2 8 7 10 5 5 7 2 3 1 6 4 10 1 5
622 8 4 3 2 8 5 3 2 9 1 7 5 7 1 3 3 2 5 8 8
840 9 8 8 5 3 9 4 10 2 8 4 5 8 4 4 9 2 8 10 10
734 8 4 8 10 10 6 1 5 10 7 6 10 2 3 8 6 5 3 2 6
673 6 10 5 1 10 8 6 10 1 3 2 7 1 8 4 3 4 3 3 6
882 7 1 9 5 7 9 5 9 9 10 6 9 5 6 6 7 9 3 8 2
762 4 2 5 4 5 3 5 5 8 6 3 9 5 7 8 8 1 6 8 9
712 8 1 5 2 1 2 8 7 6 8 7 1 1 10 2 8 6 5 7 6
684 6 3 1 5 3 10 1 1 5 7 3 1 6 6 2 8 6 10 5 10
727 7 7 3 7 4 3 10 2 9 3 9 7 3 2 10 3 6 9 2 5
15
794 5 8 5 6 2 2 2 6 7 4 7 10 4 9 10 7 5 8 9 9
802 8 5 6 2 8 5 5 10 10 2 9 7 8 4 2 7 7 9 2 7
709 9 8 1 6 2 8 2 1 7 8 3 1 8 3 10 10 3 4 6 10
808 6 6 4 3 10 5 2 5 4 7 9 8 5 4 7 5 4 10 10 2
907 6 9 9 7 2 7 9 6 5 3 9 2 10 4 8 4 10 7 10 1
633 9 10 6 1 6 4 1 6 1 3 1 7 6 7 7 8 2 3 3 7
614 7 7 8 8 5 1 4 2 9 2 6 4 2 2 4 9 2 3 4 8
652 10 3 9 9 6 2 1 3 3 3 10 6 3 4 6 8 4 6 2 10
783 9 2 3 4 8 9 7 1 7 3 4 5 9 3 8 5 10 4 4 1
966 6 5 9 7 4 9 8 9 9 9 6 6 9 3 9 4 8 10 7 8
772 6 6 3 10 4 3 4 2 5 8 2 8 7 8 1 9 4 7 8 4
586 10 7 7 3 2 7 2 7 3 1 5 1 4 4 8 3 2 6 8 7
838 4 5 1 9 6 2 8 7 8 6 2 4 10 6 1 6 6 5 9 10
735 9 3 5 5 9 1 3 4 10 9 4 6 1 1 6 8 8 9 10 8
623 1 2 6 10 2 10 10 6 1 1 4 8 4 3 1 1 8 7 3 2
15
609 2 6 10 2 1 3 3 4 3 9 6 4 9 6 5 4 1 1 5 8
771 10 9 1 6 2 9 4 5 8 6 8 8 3 5 5 1 7 9 9 7
786 1 10 8 5 10 9 5 2 10 1 2 7 6 9 5 5 3 9 4 8
813 3 3 8 1 8 6 7 5 10 9 10 10 2 6 10 5 5 3 4 8
738 7 6 7 8 10 3 2 9 9 10 8 10 1 2 4 8 1 9 1 5
606 10 5 4 4 1 5 1 10 4 5 5 3 10 2 1 7 1 9 6 3
892 4 9 6 1 5 2 10 9 5 10 7 2 3 9 10 10 10 5 7 1
822 5 9 8 8 8 7 2 3 3 1 4 5 6 8 10 6 10 3 5 4
733 1 9 9 6 8 9 10 9 2 1 6 6 2 1 10 4 8 5 1 3
767 2 7 1 7 3 6 7 8 3 4 7 4 3 5 6 7 6 8 5 7
720 6 3 3 6 2 3 7 4 9 3 10 4 9 10 5 4 2 9 1 3
773 3 9 2 9 4 4 8 2 6 4 9 3 10 2 1 5 6 3 9 2
752 3 5 9 7 5 4 10 7 8 1 9 5 2 1 9 6 2 4 10 9
860 8 6 10 1 7 9 6 5 10 9 3 6 10 7 7 1 4 8 8 8
696 8 6 7 1 8 8 6 4 2 5 4 3 8 7 3 2 2 6 8 7
15
675 2 7 9 5 6 5 8 7 7 5 3 5 2 6 1 1 8 3 3 6
616 9 1 6 1 2 7 10 6 1 5 5 10 2 8 2 5 1 5 1 1
916 9 10 1 9 8 5 8 10 3 6 7 1 7 6 9 6 8 4 3 10
768 9 5 6 8 5 6 6 1 3 8 2 6 10 6 4 10 3 9 6 3
675 7 10 10 1 1 2 1 3 10 1 8 5 5 5 1 9 7 1 9 4
612 7 5 1 10 1 1 9 3 6 8 1 9 1 5 10 1 5 10 2 1
608 3 3 4 7 9 5 4 2 4 3 10 1 2 6 1 1 5 8 3 6
674 9 7 3 1 8 3 6 3 4 2 9 5 2 2 8 1 8 4 8 3
890 3 2 9 1 7 10 2 6 10 2 7 5 7 10 7 10 6 10 10 9
675 3 3 9 5 4 7 2 1 3 10 1 7 9 2 7 5 8 7 4 2
650 3 5 9 4 1 4 4 9 8 2 1 8 4 4 9 10 5 10 4 4
843 2 1 8 9 10 1 4 6 9 7 4 9 10 6 10 5 2 2 10 4
780 1 8 3 3 2 5 10 9 8 5 6 2 1 9 5 10 8 10 2 4
962 5 8 2 9 4 7 8 3 2 10 9 10 7 7 2 9 10 4 5 9
684 7 6 1 8 1 10 2 7 10 10 2 2 1 2 4 9 4 8 3 9
15
736 9 2 3 7 3 1 5 9 6 4 7 7 9 1 8 3 5 2 10 7
779 4 9 6 3 10 7 3 3 10 9 8 6 2 1 7 6 10 1 2 5
832 7 4 5 10 3 6 3 8 8 7 3 3 8 10 6 10 5 9 9 2
558 9 3 3 2 4 3 10 7 2 3 2 3 2 2 4 1 3 3 10 10
792 10 10 2 5 6 3 6 10 8 5 9 8 1 10 8 4 2 1 2 10
555 9 1 3 2 1 1 6 5 2 1 5 1 3 9 9 2 7 6 3 8
612 1 7 7 7 3 7 5 5 2 5 1 5 6 3 3 4 3 3 5 7
623 10 4 5 6 1 1 2 1 6 9 6 5 5 7 1 2 10 8 5 8
877 5 8 3 7 10 9 7 2 2 8 3 7 10 5 10 6 2 1 8 9
714 5 4 5 9 5 1 6 8 3 2 1 2 3 8 3 10 6 1 9 7
759 3 6 3 8 1 3 2 10 4 7 7 1 2 8 6 7 5 3 8 9
782 6 7 5 3 9 7 9 7 10 8 3 4 3 3 3 7 5 2 2 8
591 5 7 9 4 1 3 1 1 8 5 3 7 1 5 1 10 6 1 9 7
665 6 4 10 10 6 5 3 7 7 6 5 2 3 2 9 1 5 6 3 10
811 7 1 10 3 9 9 3 1 8 7 6 4 10 4 8 7 5 4 10 3
15
842 2 10 3 8 4 7 5 6 4 8 9 6 6 6 4 5 1 10 10 9
711 10 1 9 10 3 7 1 2 6 2 9 6 4 7 2 2 6 8 7 10
786 6 7 3 7 1 9 5 8 2 6 8 4 10 2 8 9 9 9 2 1
748 2 2 4 9 2 3 3 1 1 8 4 5 8 5 9 5 9 8 9 7
805 6 4 1 5 9 10 9 5 8 4 7 4 2 8 1 10 3 5 2 1
896 1 1 2 10 3 6 5 3 10 6 8 9 6 10 4 5 10 10 10 1
687 8 7 3 6 1 8 7 4 7 5 1 5 3 9 4 7 5 2 4 1
598 10 1 6 1 1 8 10 2 1 2 3 4 4 5 6 10 1 8 8 2
821 4 5 8 5 10 8 10 3 10 4 4 5 3 9 4 3 9 6 5 1
823 7 6 10 1 2 4 8 9 10 8 10 9 9 1 4 7 6 2 2 7
780 9 5 1 1 6 6 9 4 4 10 3 2 5 5 9 8 10 7 2 10
898 1 10 2 8 9 9 10 10 4 1 3 1 3 9 10 6 7 9 7 10
692 5 2 3 10 5 6 4 6 10 2 10 3 5 6 8 6 1 1 4 5
745 9 3 5 8 1 3 1 6 5 4 10 4 7 2 7 9 6 5 7 10
851 7 1 9 6 7 9 6 6 1 1 10 2 9 9 7 4 6 3 7 9
15
600 1 2 3 10 1 6 1 4 1 9 8 7 6 2 1 4 1 7 5 5
743 4 4 8 9 9 3 9 10 6 1 2 7 6 3 6 5 5 2 5 10
938 8 4 6 4 8 9 10 3 4 6 5 4 9 10 9 3 9 4 7 6
643 7 3 8 7 6 4 7 4 3 5 2 4 7 2 2 7 7 4 5 2
785 9 3 10 7 2 6 7 2 2 5 10 5 2 6 6 7 5 7 9 10
521 7 3 1 3 7 1 2 7 7 5 4 8 2 2 3 3 4 7 2 1
856 1 6 8 6 8 8 4 2 1 10 6 8 7 4 10 2 7 7 10 8
871 9 8 7 8 3 3 9 5 5 1 9 5 8 9 7 3 10 2 9 2
791 10 8 6 10 3 2 5 6 2 10 3 4 2 2 3 7 9 10 10 10
925 10 6 8 9 10 5 2 8 8 8 5 10 10 2 2 7 9 5 6 9
829 1 4 1 4 10 5 10 1 9 8 6 7 8 3 2 4 10 1 7 8
732 4 1 8 9 2 2 5 10 9 2 10 2 2 7 10 9 2 3 8 1
659 7 3 7 3 5 1 8 3 8 7 6 3 8 3 7 2 9 3 2 6
1001 5 10 4 8 7 8 7 8 5 6 6 9 6 6 10 7 9 2 9 7
775 10 4 8 2 2 4 6 2 8 5 10 6 6 7 10 4 5 7 10 10
15
587 3 2 8 1 5 3 1 1 1 3 5 8 1 8 2 2 6 10 10 8
536 5 6 8 7 1 2 6 7 1 5 7 1 1 1 9 2 1 7 6 2
573 4 6 4 1 4 9 2 4 6 3 5 5 5 3 7 6 1 3 2 6
902 9 1 7 7 10 9 5 7 10 1 10 3 5 5 10 9 6 5 8 3
708 4 2 9 9 8 5 10 8 2 4 8 8 2 2 2 7 4 1 6 1
819 8 9 3 9 3 4 9 5 10 8 2 4 8 1 5 9 9 1 2 10
674 2 7 3 5 5 3 7 3 6 1 1 5 5 7 6 7 8 3 5 8
696 6 10 6 4 3 6 3 2 3 4 9 2 2 6 8 4 10 8 4 10
790 5 6 6 3 9 6 10 10 8 4 4 3 2 7 1 8 2 8 7 5
748 2 6 5 1 7 9 5 8 10 8 1 7 3 6 8 3 6 10 4 1
710 10 3 3 5 9 2 10 4 4 9 9 3 5 3 4 6 2 3 4 6
691 8 4 3 1 2 6 3 10 3 10 4 5 1 8 7 7 4 3 9 1
761 9 6 8 1 10 2 3 10 8 8 6 5 4 2 4 9 9 2 5 8
518 3 2 6 2 10 2 2 2 3 1 6 3 3 4 1 2 8 1 7 2
815 3 5 3 2 8 1 10 3 9 3 3 8 5 9 2 9 7 9 8 2
15
868 7 5 8 4 1 7 10 10 4 8 10 1 7 7 9 6 3 5 8 10
784 5 1 3 5 7 5 9 2 4 9 8 6 1 7 9 6 4 8 9 6
804 2 5 4 4 5 6 5 8 8 4 3 10 7 5 9 10 5 6 6 7
537 5 2 2 7 1 1 1 3 5 5 2 10 7 6 1 2 8 10 3 7
709 10 2 6 8 7 1 4 2 4 5 2 7 10 2 10 10 4 2 1 10
764 6 1 2 5 8 3 8 9 10 7 6 3 1 10 8 2 9 6 2 3
844 5 6 9 7 7 9 5 6 5 7 10 2 7 8 4 7 1 4 5 2
932 5 5 8 9 10 10 10 7 7 2 9 8 7 4 4 7 10 5 1 10
700 6 4 9 10 2 1 4 6 5 6 10 1 6 3 5 10 8 3 1 8
610 5 1 10 7 8 3 1 2 7 5 2 1 4 4 6 6 7 9 6 6
696 10 7 6 6 3 5 6 1 3 10 6 5 3 3 9 6 2 6 6 8
769 8 1 9 1 4 5 3 7 6 9 6 6 5 9 8 6 8 4 9 5
662 4 1 6 3 5 6 1 10 5 1 4 8 8 3 4 7 6 3 4 6
698 3 10 7 2 9 4 10 2 1 2 8 1 7 4 7 2 1 9 4 6
682 3 4 3 2 10 7 2 10 2 4 3 10 4 4 1 4 8 4 2 8
15
698 3 2 6 6 3 1 1 5 5 9 4 5 8 7 7 5 9 5 7 3
771 9 10 10 10 1 6 8 9 9 5 3 1 7 8 1 6 3 2 4 10
758 5 10 6 2 4 8 8 4 9 9 7 7 4 1 3 5 3 4 9 1
712 3 3 3 7 5 1 5 8 1 1 9 6 1 3 8 9 7 2 7 6
754 2 7 3 3 10 5 2 10 9 2 8 7 4 10 2 1 2 1 9 8
701 5 10 3 10 2 2 7 4 7 2 5 4 3 1 7 10 9 7 3 1
739 6 2 4 10 4 3 2 7 3 3 2 9 6 4 8 9 9 3 9 10
843 7 4 8 6 3 1 9 10 7 3 9 9 6 4 5 10 7 2 10 8
653 8 9 8 3 8 1 4 8 8 4 4 7 2 5 8 1 2 10 2 6
817 6 10 1 1 1 10 9 4 7 4 7 3 10 10 9 4 3 7 1 4
875 8 7 1 10 9 5 9 3 1 4 7 6 6 7 4 4 10 4 3 10
713 8 10 7 6 1 6 3 2 5 10 4 9 6 6 4 8 8 2 2 1
878 7 5 6 5 5 4 2 5 10 4 7 5 10 8 10 8 4 5 10 8
843 1 8 9 8 2 8 7 8 3 10 4 1 10 5 5 3 9 5 8 5
694 6 2 8 7 5 8 8 3 4 9 2 2 8 9 2 1 5 3 3 5
15
789 1 3 8 6 5 10 2 7 8 7 6 5 10 1 6 9 5 5 2 10
563 7 8 3 2 2 3 2 10 7 2 8 1 1 5 9 9 1 10 1 4
615 6 3 4 1 4 1 1 6 8 2 4 3 10 8 8 4 3 4 5 4
685 1 6 6 3 6 3 2 4 6 9 9 6 1 9 3 2 6 10 4 7
690 8 1 10 9 2 3 6 5 5 7 10 6 2 5 2 3 8 5 4 10
551 5 2 5 2 1 6 1 2 10 2 3 1 1 7 7 9 1 4 8 4
768 2 6 2 9 4 9 2 1 5 10 8 9 3 1 7 4 8 10 4 8
757 4 9 7 3 8 4 4 6 7 3 10 10 6 1 6 6 2 3 7 8
756 1 1 1 2 6 6 7 9 7 3 8 6 6 7 2 8 8 2 3 1
668 3 8 4 2 3 6 2 9 5 2 1 5 6 8 9 5 10 3 1 9
719 7 1 6 6 6 10 4 2 6 5 6 7 2 1 9 2 9 3 6 7
817 3 10 2 9 6 1 10 9 6 4 4 9 4 6 7 2 4 9 8 4
609 10 7 10 3 7 6 6 8 4 6 2 1 1 6 5 1 1 1 9 7
836 1 7 1 4 9 2 9 7 3 10 2 3 10 8 7 7 3 7 3 3
880 4 9 7 6 3 2 8 5 3 7 4 8 8 10 8 3 9 3 10 9
15
619 6 5 2 2 1 5 5 6 8 10 6 9 1 3 2 5 2 4 6 7
722 4 9 3 7 4 3 1 7 10 4 4 10 6 8 8 2 4 6 6 1
706 6 5 1 3 3 7 4 1 7 6 9 4 3 6 3 6 9 6 6 2
675 1 1 2 7 9 5 3 2 3 4 7 5 8 1 2 4 7 9 9 3
816 6 8 3 10 1 2 2 8 9 4 10 1 6 5 10 10 1 6 10 9
801 7 4 3 3 3 8 8 7 6 10 10 2 4 6 7 6 1 1 9 7
557 9 9 9 2 2 5 8 4 9 1 1 5 1 6 1 8 1 8 4 3
601 9 8 9 5 3 2 9 7 5 7 4 4 6 1 1 1 2 5 5 6
771 2 10 2 3 1 2 6 7 7 7 4 4 6 9 8 4 6 8 9 2
727 5 6 3 7 2 10 3 3 6 7 8 2 5 4 5 1 8 4 7 10
833 10 9 6 3 7 8 4 10 2 9 4 4 2 10 7 10 6 4 2 9
665 1 8 9 3 8 1 5 10 5 6 1 10 6 2 6 6 1 7 5 6
870 6 5 6 9 7 7 8 5 9 5 10 8 6 3 8 5 3 8 7 10
575 6 5 1 3 2 6 7 4 5 5 1 1 2 2 9 8 3 10 2 5
779 3 3 1 7 1 10 2 7 2 10 5 10 10 9 10 5 3 2 3 1
15
676 8 2 3 6 2 8 2 9 4 9 2 4 2 5 8 10 2 10 5 5
765 3 1 3 5 8 3 4 9 3 7 6 4 8 1 7 6 10 1 7 5
630 4 3 6 8 3 3 5 3 4 5 5 6 8 1 9 1 6 3 1 6
858 9 1 1 6 9 8 5 10 10 7 9 8 1 5 10 10 4 7 6 2
736 8 5 4 1 5 1 8 5 8 6 8 2 3 5 3 3 9 3 10 8
775 8 4 6 5 1 5 9 8 3 8 1 8 9 8 3 7 4 8 4 9
823 3 10 6 1 2 9 8 5 6 8 10 9 9 1 4 7 4 1 8 9
950 6 9 5 5 8 8 5 3 1 10 5 8 8 10 6 8 3 9 10 9
709 2 1 2 4 2 10 8 4 6 5 9 2 4 9 1 3 5 5 10 4
812 3 8 10 6 4 10 4 1 6 3 4 9 1 8 8 10 10 4 6 5
681 3 9 4 10 9 1 4 4 2 5 2 7 3 10 1 2 1 9 10 7
732 6 8 8 2 1 3 6 6 5 5 5 6 5 8 5 8 2 9 7 5
895 2 1 3 6 2 2 9 5 10 7 8 10 9 10 6 9 2 7 9 9
638 6 2 3 4 1 6 6 6 10 1 7 8 2 5 6 8 4 4 2 1
829 2 7 2 4 6 8 6 7 7 10 5 4 1 9 6 9 2 3 7 7
