100 10
500 500 500 500 500 500 500 500 500 500
20
354 2 3 7 7 5 5 6 7 9 8
222 2 1 1 6 1 7 9 2 4 2
340 8 3 4 7 6 9 2 6 6 9
324 5 5 8 9 8 3 8 4 4 1
269 7 9 6 2 2 4 6 9 6 1
229 8 7 6 2 3 2 3 4 3 6
284 2 6 1 9 7 7 1 4 3 6
353 2 4 1 9 8 1 8 5 8 8
336 4 7 6 6 8 2 4 7 9 4
324 8 6 5 8 5 7 8 2 2 6
319 9 9 5 2 2 7 9 9 7 1
394 6 8 2 9 1 8 7 9 8 8
255 8 4 4 3 6 7 7 4 2 4
305 4 6 2 3 8 9 8 7 8 1
233 1 6 1 3 4 2 6 5 4 6
350 6 8 4 9 6 5 4 5 7 8
333 9 1 5 9 6 4 5 1 7 9
274 4 7 6 4 9 8 4 3 6 4
294 6 8 8 1 3 7 4 6 7 8
217 1 6 5 1 1 8 4 5 5 6
20
252 5 4 2 5 9 1 7 3 5 3
328 8 9 7 6 4 7 2 9 1 7
250 5 3 5 3 7 9 3 7 3 3
218 1 1 9 3 1 5 6 7 6 1
247 2 7 3 8 6 1 2 1 1 8
250 4 2 1 2 6 8 2 6 9 6
265 3 3 1 8 6 2 6 6 4 2
287 5 4 6 5 7 7 7 1 5 4
364 5 9 9 9 1 8 6 9 9 2
245 1 3 6 2 1 5 6 2 9 8
337 6 9 8 9 3 5 3 6 9 2
234 4 3 5 1 9 8 7 3 3 4
214 1 7 6 3 4 2 2 7 4 4
251 5 4 8 2 8 5 2 5 6 3
270 5 4 2 1 7 6 1 9 6 6
213 9 5 4 2 6 3 1 3 4 2
311 2 7 1 7 2 4 7 9 4 9
292 1 7 8 5 3 3 6 6 6 5
294 6 8 4 5 6 3 4 5 5 8
303 4 8 2 9 5 4 9 8 2 2
20
285 1 1 3 9 7 3 7 4 7 3
256 5 3 8 5 6 5 2 6 3 4
267 9 1 3 3 2 1 9 1 8 9
268 2 3 6 3 5 1 7 9 5 6
300 6 5 8 9 3 5 9 1 1 4
272 4 7 4 6 5 2 3 4 5 6
360 8 8 9 8 7 4 3 6 3 9
366 7 7 2 7 3 9 8 8 9 6
404 5 9 8 8 9 4 9 8 1 9
202 4 3 7 2 6 1 1 7 5 1
324 9 9 8 9 1 2 5 6 6 3
303 1 9 5 8 8 2 1 9 1 6
312 7 3 9 7 9 9 3 5 1 7
257 4 9 4 4 7 1 8 4 3 3
271 5 7 7 4 6 6 3 2 1 8
229 3 1 3 1 8 7 3 7 6 4
337 5 6 9 5 8 8 4 9 8 1
368 4 9 5 9 8 1 5 6 9 5
213 8 4 7 2 7 5 2 5 2 1
240 1 1 8 5 7 6 3 4 5 5
20
339 2 7 6 8 6 2 6 5 5 8
307 1 7 6 8 9 6 2 2 8 3
260 6 7 4 3 6 9 5 2 1 5
234 2 7 7 6 1 2 2 9 4 1
227 2 1 7 1 1 7 9 1 6 5
298 4 8 4 8 6 5 2 6 1 6
222 1 3 1 8 6 4 6 3 4 1
312 8 9 8 7 3 7 4 6 2 4
306 8 5 5 6 4 2 6 8 5 6
266 8 9 5 5 4 3 5 7 1 4
305 5 5 1 7 5 5 2 6 4 9
274 8 9 4 1 3 6 6 1 7 6
284 2 1 9 6 2 8 7 1 5 9
281 4 5 8 6 6 6 1 7 2 8
287 5 6 7 6 6 6 6 5 5 2
312 2 7 7 9 9 2 2 8 2 4
266 1 9 8 4 3 2 1 3 7 8
305 9 2 2 9 6 7 8 6 2 3
339 3 3 9 9 9 8 1 6 3 8
259 2 8 4 2 6 6 2 7 8 4
20
255 7 1 4 5 7 5 4 7 4 3
246 8 2 1 7 4 5 3 3 3 4
293 7 8 6 6 3 7 9 4 4 3
367 5 5 7 8 7 2 7 9 3 9
211 2 4 4 1 9 3 7 6 1 1
258 4 4 1 4 2 1 7 8 5 5
330 3 6 4 9 7 6 5 3 9 3
188 5 1 9 1 1 1 9 2 3 2
251 6 9 8 5 4 2 1 9 1 4
248 6 7 7 2 5 7 5 6 2 4
360 7 9 3 9 1 5 4 8 7 7
262 1 7 1 7 1 9 3 3 7 5
264 4 6 8 5 7 6 6 6 1 2
211 2 2 6 1 2 4 6 5 7 4
217 9 7 1 3 7 6 4 1 2 1
331 6 8 4 4 5 7 8 8 1 9
251 1 3 6 2 2 6 9 2 9 4
327 3 8 7 8 8 9 8 5 3 3
317 3 6 1 7 2 9 7 3 7 7
332 5 5 3 4 6 5 7 6 9 8
20
296 1 5 5 6 8 6 9 6 4 2
228 6 7 3 6 5 7 2 6 1 1
297 5 3 8 5 8 3 1 6 9 7
294 3 8 2 1 7 8 9 2 9 6
299 8 9 7 4 7 3 4 2 6 5
351 6 7 8 8 2 8 9 8 6 1
264 8 7 1 7 5 7 2 4 4 2
194 5 4 6 2 1 2 4 6 6 1
245 9 7 6 2 9 6 7 3 1 2
243 9 8 5 1 3 3 7 1 7 3
253 1 8 3 3 8 5 1 1 5 9
350 6 8 9 9 4 2 6 5 8 6
268 8 6 4 6 3 1 1 9 3 3
244 8 2 4 1 6 3 1 5 3 9
304 5 7 8 6 7 2 1 7 4 9
367 9 3 1 9 9 9 8 9 1 6
230 6 4 7 1 1 7 8 8 1 3
338 9 1 4 8 2 9 6 7 3 8
267 8 4 8 5 3 1 2 9 4 2
173 4 2 2 1 3 2 5 8 1 1
20
211 4 6 3 1 7 8 1 4 4 4
306 7 8 5 6 9 1 3 4 4 8
252 3 7 7 6 1 1 4 3 6 4
195 1 3 2 5 4 4 4 3 3 3
246 7 2 4 5 4 2 6 7 3 1
316 6 8 8 4 6 4 7 8 7 2
266 8 9 3 4 2 7 3 3 8 2
271 2 9 5 3 2 4 8 8 1 7
318 2 2 5 9 8 4 4 6 3 9
190 2 6 5 1 3 6 7 4 1 3
274 9 1 2 8 4 3 7 2 5 2
286 8 1 1 5 6 9 7 3 5 4
290 8 4 6 4 3 5 5 4 7 7
300 9 5 6 9 7 2 3 4 2 5
246 4 9 9 3 8 7 1 5 1 4
252 3 2 4 8 1 7 1 8 6 3
284 5 6 2 6 2 4 9 4 1 9
284 8 3 8 5 4 9 8 3 4 1
322 3 6 1 5 8 1 5 9 9 5
257 4 8 9 1 1 2 6 8 7 4
20
250 5 8 9 6 6 1 5 2 2 2
254 7 4 5 2 1 5 9 5 3 7
257 1 6 9 3 3 3 3 6 8 4
253 7 8 1 4 1 7 5 3 5 7
272 3 7 7 5 5 3 3 3 5 6
192 6 1 1 1 2 7 9 6 3 1
303 1 5 4 9 5 3 8 8 2 6
329 9 2 5 5 1 5 8 6 7 8
249 1 1 4 9 4 4 5 4 3 3
237 6 4 8 4 2 7 1 4 2 8
300 2 2 9 1 8 4 6 6 8 7
276 3 7 3 5 7 7 8 1 3 7
333 4 8 2 8 4 6 6 5 9 6
234 6 1 2 5 3 9 1 6 1 8
337 6 8 5 4 1 8 9 9 5 6
351 8 8 2 6 6 7 1 9 8 9
302 6 7 8 8 6 4 1 1 6 5
294 1 2 6 7 4 1 7 4 8 9
295 7 2 3 6 3 4 8 7 6 2
274 2 4 3 6 6 7 6 4 6 4
20
259 2 8 2 9 6 2 3 3 1 7
272 5 2 3 2 7 2 7 7 4 6
261 4 7 2 4 5 1 2 6 9 5
295 8 2 9 3 6 2 7 9 1 5
263 2 4 8 7 3 4 4 5 3 6
347 1 6 8 7 6 8 1 8 9 8
324 5 8 9 7 1 6 9 5 1 7
319 2 2 8 8 5 2 7 9 6 6
357 4 8 6 5 9 3 8 8 1 9
198 3 5 4 1 1 7 7 2 3 5
249 9 5 3 2 5 4 3 8 4 5
313 8 3 1 4 1 9 9 7 6 9
327 7 5 4 7 6 7 1 6 9 6
245 4 4 9 2 4 1 9 3 5 3
390 5 9 4 9 6 8 7 3 7 8
353 9 3 6 6 6 9 9 1 8 9
256 5 4 3 7 4 6 6 5 5 1
305 4 8 2 7 2 7 5 1 7 9
304 4 5 2 7 6 8 9 4 3 4
223 1 2 2 2 1 9 9 4 9 1
20
315 8 3 4 7 6 4 6 1 8 5
187 7 7 4 1 6 1 2 1 4 2
269 7 5 5 2 3 9 8 2 3 8
343 4 2 1 8 5 8 6 7 5 9
194 4 1 8 1 5 5 4 4 2 4
309 7 3 7 5 3 8 1 6 7 8
311 2 8 7 1 8 7 6 9 6 5
256 7 5 5 3 9 1 1 8 9 1
351 2 8 5 8 5 7 5 6 5 9
232 8 8 1 2 5 7 1 4 2 5
325 8 7 9 9 2 5 4 7 5 2
276 1 1 9 6 8 3 7 2 3 7
240 4 7 1 2 9 7 8 2 1 2
276 5 7 4 4 6 2 4 8 5 5
294 3 9 3 8 2 6 1 7 9 4
266 7 1 7 2 8 8 4 7 2 5
298 9 7 3 8 7 8 4 2 3 5
283 2 1 1 4 6 3 4 7 6 9
327 8 7 4 4 2 7 9 9 5 3
253 8 2 7 3 9 2 4 3 6 1
20
301 3 8 2 5 3 6 2 9 9 5
268 6 9 8 1 9 8 3 6 1 6
255 9 9 8 1 9 2 4 4 2 3
263 2 7 6 3 8 1 2 2 9 6
287 7 5 4 7 2 6 7 7 1 4
252 7 8 1 6 3 2 6 2 3 3
214 2 7 1 2 6 9 4 1 5 5
341 7 9 6 4 6 6 7 6 7 7
302 4 8 5 3 7 3 5 4 5 9
410 8 9 6 7 8 7 9 5 7 7
230 7 7 4 1 1 6 6 5 7 1
300 5 1 6 6 7 8 8 2 9 3
251 2 4 6 7 6 2 2 9 2 4
225 3 1 4 6 2 2 1 9 2 7
271 9 2 2 4 8 2 8 2 9 1
380 8 9 4 7 6 6 6 5 9 7
302 5 7 7 6 2 4 7 1 8 5
198 3 2 1 4 2 1 2 7 2 7
258 7 2 1 6 9 2 2 2 8 2
256 3 8 2 2 3 4 7 5 5 7
20
226 3 1 3 2 3 2 4 6 4 9
286 7 1 7 6 7 1 6 3 9 1
293 7 8 8 6 1 3 2 7 8 3
190 2 6 3 3 5 8 3 3 2 2
302 6 5 4 9 5 5 1 4 3 8
298 4 1 2 3 6 4 8 9 7 5
298 7 9 5 1 3 9 8 4 5 6
344 2 8 3 9 3 7 8 7 9 2
269 9 6 1 1 5 1 5 6 9 5
296 2 5 8 4 5 5 7 5 1 9
266 4 4 1 7 7 5 2 6 7 1
230 1 2 2 8 8 8 4 2 1 1
200 3 1 1 2 3 1 1 8 5 6
188 1 1 1 4 3 4 4 2 4 5
266 3 1 8 7 6 9 1 6 1 5
130 4 3 4 2 3 1 1 3 1 2
331 7 1 5 7 9 1 9 5 5 6
263 8 9 1 1 8 8 1 3 7 7
245 9 7 3 6 2 1 2 3 4 7
298 5 8 2 4 3 3 8 2 9 9
20
228 9 8 2 2 5 5 1 4 2 7
255 9 3 5 4 2 5 8 2 6 4
316 8 6 9 9 3 8 2 5 9 2
284 2 6 5 3 8 6 1 4 8 7
217 2 6 2 2 7 3 6 3 1 6
317 4 7 9 1 9 7 8 7 8 2
318 7 8 5 7 3 5 4 2 8 9
240 2 8 4 4 1 7 8 6 4 2
167 4 1 3 4 4 2 3 3 1 3
362 1 6 4 8 9 6 7 7 9 4
281 6 5 4 4 2 8 4 9 2 6
294 9 8 4 7 7 5 1 4 3 7
315 1 7 9 9 3 4 1 6 8 5
277 4 7 1 6 3 2 1 2 9 8
302 3 8 5 6 6 9 7 8 1 1
250 7 7 1 4 4 7 6 6 1 4
249 3 4 6 4 9 2 9 1 2 3
247 2 1 9 5 5 3 5 5 5 2
277 7 1 8 4 5 3 7 1 5 9
268 2 8 1 9 6 8 1 3 3 5
20
241 9 3 2 4 9 2 8 4 2 2
288 7 5 2 9 1 9 1 2 6 8
275 5 3 3 3 1 7 8 9 5 4
246 4 9 1 4 2 4 9 2 1 8
268 2 3 8 8 3 1 5 7 5 3
329 4 8 9 8 8 8 5 7 2 4
232 7 6 8 1 1 7 5 7 4 2
261 1 4 3 3 8 8 7 3 4 8
254 8 2 6 9 1 8 1 2 1 8
248 3 1 5 3 2 8 9 6 2 7
320 8 3 1 5 4 6 9 9 9 1
282 6 6 1 2 9 9 7 8 1 5
232 8 5 7 4 2 4 3 6 6 1
312 9 3 8 1 7 4 9 6 4 9
299 1 2 5 4 4 8 9 6 6 9
235 2 9 2 8 6 3 3 3 3 1
302 8 7 6 4 8 8 4 9 5 2
331 5 4 9 9 7 3 3 2 8 6
322 4 7 7 9 1 5 6 5 5 7
341 3 8 5 6 3 6 4 9 9 5
20
353 9 2 6 6 9 4 7 9 5 6
277 9 7 3 2 9 3 7 7 3 1
278 6 4 6 2 3 9 8 4 2 8
334 4 4 4 9 8 9 3 7 6 6
234 2 8 3 5 2 3 2 5 6 5
254 3 1 9 6 2 9 1 7 3 4
303 6 4 7 4 1 9 5 7 8 6
280 9 3 5 5 5 4 5 7 5 2
332 4 1 2 9 6 3 9 7 9 4
309 4 2 9 9 2 5 3 6 9 3
236 4 7 1 2 7 5 3 6 1 7
338 9 8 4 6 7 7 1 5 8 8
364 2 9 5 6 8 9 7 6 9 4
312 9 8 2 8 6 9 1 1 4 9
238 5 4 5 3 4 4 3 9 2 3
280 3 5 7 3 1 3 8 8 5 7
261 2 2 3 5 5 3 7 2 7 7
245 7 8 5 3 1 6 3 8 2 4
265 9 4 8 1 5 4 2 4 8 5
241 7 4 7 4 3 6 2 7 1 6
20
250 3 5 1 5 2 9 6 6 3 2
246 6 3 1 3 2 4 7 6 5 6
310 4 9 9 4 3 8 8 9 7 1
334 7 7 2 9 2 5 5 7 5 6
323 4 5 9 8 4 7 5 1 7 7
281 3 8 5 6 9 3 4 1 4 5
244 2 9 1 2 7 2 3 6 6 6
299 9 4 1 6 8 9 1 8 5 3
328 9 5 4 3 5 7 6 3 9 9
255 7 8 1 2 3 1 5 4 4 9
263 1 4 2 4 3 9 8 8 2 6
345 5 5 2 9 1 4 8 8 4 9
276 9 1 3 8 2 8 5 6 2 3
363 7 4 7 8 8 2 7 3 7 8
312 3 2 2 9 2 4 9 8 7 3
314 7 9 7 3 6 4 5 8 3 8
301 4 6 2 6 7 2 9 6 5 5
290 5 6 7 6 4 5 7 2 8 4
387 9 3 2 9 9 1 9 6 5 9
247 2 3 3 2 8 3 4 5 9 4
20
261 8 1 2 5 1 4 4 5 7 8
255 5 5 5 3 4 8 1 3 8 7
412 6 9 7 9 8 8 9 7 2 9
308 9 9 7 2 9 4 6 2 8 3
276 4 8 1 6 4 3 7 1 9 2
254 5 8 5 5 3 3 8 3 3 4
271 3 8 4 4 9 7 1 8 1 6
296 4 1 8 6 6 4 1 9 7 4
304 8 7 6 7 4 4 3 6 3 5
313 6 9 1 8 5 6 9 7 1 4
250 2 4 7 1 3 1 5 6 9 6
301 8 7 9 7 1 2 2 5 2 9
299 4 4 7 2 9 2 8 7 7 4
341 8 1 9 9 6 4 8 3 5 7
267 1 7 8 9 3 8 6 2 1 2
276 5 3 5 6 2 2 4 7 7 4
299 8 2 4 9 4 4 4 9 5 3
301 3 3 7 5 8 4 4 5 7 6
273 2 1 8 8 6 2 7 1 3 7
275 5 4 7 6 5 7 4 3 6 3
20
271 2 8 5 1 1 5 7 6 8 8
359 7 1 8 7 4 6 6 6 7 9
354 8 2 4 8 2 3 9 7 9 6
231 8 3 9 3 3 4 6 5 5 1
279 7 9 5 6 1 8 5 3 8 1
242 4 7 6 4 6 5 1 5 1 5
360 5 5 8 8 4 5 6 8 5 9
285 8 4 7 8 7 4 4 2 3 6
254 9 4 2 1 7 8 7 2 1 8
215 5 2 3 7 2 3 2 1 4 5
166 1 2 1 3 9 4 1 4 3 2
255 4 6 6 5 4 6 5 7 1 4
271 3 3 5 9 7 4 3 1 8 4
266 6 3 6 7 1 8 5 5 4 3
367 5 6 8 6 6 8 9 3 8 6
242 5 5 5 4 7 2 1 2 6 4
282 4 8 7 5 5 3 6 6 5 2
313 9 2 1 9 6 2 7 1 7 8
202 6 2 4 3 3 5 3 5 5 2
336 9 6 6 3 4 6 6 6 9 6
20
309 8 8 2 7 4 3 8 5 1 7
209 8 1 4 2 1 8 8 3 1 4
189 2 3 6 7 1 4 5 4 1 1
303 6 4 9 6 3 8 9 7 6 1
297 8 5 3 8 3 8 5 8 1 2
355 4 6 4 9 7 8 8 2 7 7
244 1 6 2 2 4 5 9 2 2 9
332 4 7 4 8 1 2 4 7 7 8
316 8 9 7 6 5 7 2 9 1 7
216 3 1 5 4 8 2 6 4 2 1
296 9 3 5 6 1 7 2 6 9 5
244 8 5 5 5 6 8 1 3 5 2
152 7 2 2 1 5 2 1 4 1 2
235 4 6 4 2 4 9 6 2 1 9
273 7 5 8 5 3 6 2 6 3 4
349 4 3 4 9 8 8 3 7 9 6
235 2 6 6 4 1 5 6 5 7 2
312 8 1 6 8 6 7 2 4 6 6
293 9 8 1 5 3 5 9 9 1 4
273 2 1 4 5 6 6 2 7 8 6
20
300 4 2 2 6 7 6 8 8 6 1
310 9 8 7 8 1 3 5 9 2 4
262 2 3 4 5 4 2 8 3 9 3
228 2 3 1 3 8 7 5 3 3 5
265 6 4 1 6 1 3 2 8 2 8
302 4 6 8 4 7 2 4 8 6 6
327 6 3 3 9 9 9 5 2 6 5
283 8 4 6 3 1 6 8 6 9 2
316 6 4 1 3 7 6 9 9 5 5
364 2 4 4 9 6 6 9 2 9 9
284 2 7 5 2 2 5 9 8 3 9
254 1 6 9 1 9 4 9 1 7 3
283 5 8 6 1 6 5 4 3 9 6
285 4 3 3 4 6 8 1 8 7 6
337 9 6 3 7 3 4 9 6 8 2
243 2 9 4 6 2 1 6 5 2 5
303 6 2 5 7 2 7 3 8 3 9
359 8 9 6 7 9 5 3 6 6 8
299 7 6 2 5 6 1 7 7 3 8
176 5 1 1 4 3 3 1 2 1 8
20
327 9 1 9 8 6 5 5 6 7 3
294 5 5 9 1 9 5 5 4 5 8
252 7 1 1 6 4 8 5 2 1 6
274 1 8 7 7 9 5 7 1 1 3
258 5 1 1 7 8 9 7 2 3 1
205 8 2 9 3 2 2 3 2 1 8
237 6 1 8 2 7 2 6 8 5 1
212 5 4 6 6 2 4 2 7 1 1
360 8 9 6 8 4 3 6 4 5 8
344 5 9 9 7 7 1 5 2 9 6
248 6 2 3 3 4 7 7 8 1 3
282 2 3 7 2 2 6 8 7 8 4
177 3 8 8 1 1 4 7 1 1 4
411 9 6 5 9 4 7 8 9 6 8
247 3 5 3 3 6 9 2 7 2 6
361 4 9 7 8 9 7 1 2 7 9
312 6 8 8 8 5 1 1 5 9 3
214 3 7 4 1 2 6 2 2 4 7
310 8 6 2 7 9 3 2 4 6 8
269 1 3 8 9 1 6 5 4 5 2
20
245 6 7 9 3 8 6 1 1 1 5
214 5 8 4 4 2 6 1 5 5 1
346 6 6 4 7 8 2 2 9 9 4
311 6 8 4 6 3 8 2 7 3 9
340 4 9 5 9 9 4 6 3 3 5
291 3 2 7 8 8 2 5 7 8 1
308 4 8 1 2 6 5 8 7 8 5
196 4 9 4 2 1 6 1 2 2 5
346 6 9 8 8 2 3 5 7 6 6
342 6 8 7 7 6 2 8 5 9 1
317 7 8 6 4 1 5 8 6 2 9
198 4 6 7 6 1 1 3 3 1 1
399 1 7 9 7 7 2 7 9 8 9
287 3 9 8 6 3 5 6 3 2 8
317 2 1 6 8 5 3 4 9 8 5
297 6 6 5 6 9 5 8 3 3 1
379 1 7 8 6 9 8 9 4 9 6
320 5 7 5 3 3 3 7 8 8 7
281 8 6 2 3 8 1 4 5 5 6
301 6 7 8 6 6 1 1 1 8 8
20
225 7 5 6 3 8 9 2 2 1 4
308 6 9 6 9 6 2 1 7 7 3
290 6 5 6 2 9 3 4 5 6 9
293 4 5 1 9 7 6 6 1 5 3
230 7 4 3 3 7 5 2 3 8 2
230 5 5 4 1 9 9 1 4 2 4
353 6 5 9 7 9 4 3 7 9 5
249 4 7 8 1 2 2 7 9 1 5
290 3 9 3 7 1 3 6 3 8 7
276 9 1 8 5 7 7 1 2 8 3
315 2 4 5 5 6 1 7 5 9 9
320 7 6 9 8 3 1 7 9 2 2
302 6 3 1 7 7 3 8 2 5 6
332 6 6 1 8 5 7 8 4 8 2
261 3 5 8 1 5 9 5 9 4 2
269 4 2 7 8 8 3 1 3 2 6
327 8 9 2 6 6 8 6 5 8 1
312 9 5 1 4 7 7 8 4 4 9
216 3 6 5 5 9 2 2 4 1 3
383 8 4 4 9 7 2 8 5 8 7
20
362 9 5 5 9 2 9 3 7 4 9
264 3 4 5 8 3 6 8 4 2 4
363 5 7 8 9 9 9 1 4 6 9
324 2 2 9 8 9 2 7 3 9 4
301 7 7 2 1 8 9 7 9 2 4
195 5 5 5 3 1 3 5 1 8 1
239 1 7 5 2 2 3 5 1 9 9
325 3 7 3 9 6 8 4 8 3 7
299 7 7 5 5 4 3 9 1 5 5
321 2 6 4 5 6 8 5 6 9 8
310 2 7 9 7 1 1 4 7 4 9
220 4 8 5 3 7 2 5 6 1 1
256 8 7 8 3 2 1 7 2 2 8
313 4 2 5 7 5 8 6 5 7 4
328 8 5 5 2 8 2 9 9 3 9
179 7 4 7 1 2 2 2 4 2 2
298 2 2 6 7 1 2 9 5 5 7
291 7 6 6 2 7 7 8 9 4 1
198 9 1 4 2 1 2 5 4 3 5
296 9 4 3 7 3 8 8 3 6 2
20
273 7 7 8 4 6 2 7 8 3 1
180 1 2 4 1 2 9 2 6 6 1
242 9 2 1 7 4 8 4 3 1 5
348 5 7 7 7 4 1 7 5 6 9
297 5 9 7 6 7 2 4 3 7 3
292 3 2 5 7 4 2 6 8 3 6
234 7 8 5 1 8 7 3 6 1 2
334 6 7 6 6 2 8 4 6 4 9
261 1 9 6 2 9 3 3 7 7 3
317 9 1 4 6 7 8 6 2 4 8
288 7 9 5 3 8 2 5 4 2 7
258 1 7 3 6 2 6 8 3 9 2
225 1 3 8 1 4 2 4 2 4 9
287 8 9 6 6 5 1 9 2 6 1
333 1 7 4 9 7 2 4 6 9 5
257 3 2 7 2 7 3 1 9 8 5
271 1 7 7 3 6 8 8 6 1 3
164 2 1 5 2 1 7 4 2 6 2
209 4 1 6 4 5 4 3 7 1 4
253 2 5 3 6 5 3 9 5 2 3
20
289 2 4 4 9 5 3 5 1 8 7
333 4 7 2 5 9 5 4 6 8 8
310 8 7 3 1 6 3 9 4 7 8
265 1 8 6 7 3 5 8 4 3 3
303 5 2 8 9 6 5 6 6 3 4
263 4 7 3 4 8 4 6 2 7 4
236 2 1 2 1 4 7 7 9 7 3
296 4 9 3 9 3 2 6 7 2 3
329 6 8 6 8 3 5 2 6 7 5
269 9 4 1 1 2 3 8 9 4 5
227 4 8 4 5 1 5 1 6 7 1
327 9 8 4 1 8 7 8 1 7 9
317 5 9 9 6 8 6 2 9 7 1
375 5 6 5 9 7 7 5 8 7 8
279 3 1 3 4 6 6 1 9 8 7
274 6 2 4 9 2 6 3 1 3 9
390 9 8 9 9 8 2 8 7 5 6
232 7 1 5 1 4 6 4 3 5 9
297 6 3 1 9 5 9 8 4 6 1
330 8 2 5 4 9 8 3 9 8 5
20
281 5 1 2 4 4 2 9 7 2 8
181 1 3 7 3 3 3 1 4 2 5
203 4 2 7 3 5 3 2 2 7 2
282 1 8 2 5 9 4 1 9 4 5
313 1 5 8 4 4 1 8 8 6 9
221 3 3 2 2 1 1 7 7 8 1
351 9 2 9 9 9 9 6 3 4 3
213 4 7 4 1 7 5 4 7 3 1
243 1 4 6 2 5 7 8 6 3 2
365 8 3 5 7 9 4 6 7 6 8
269 3 7 6 4 1 8 1 9 4 8
280 9 5 4 6 3 2 8 3 2 7
237 6 1 9 5 7 9 1 1 5 2
256 3 4 9 5 5 7 2 4 8 1
174 2 5 3 4 1 6 3 4 1 2
313 8 4 8 8 6 7 1 2 3 9
208 4 2 2 6 1 3 3 7 1 6
227 2 2 8 2 9 1 8 2 1 7
193 2 2 6 1 9 5 4 3 1 5
297 1 1 8 6 1 7 8 7 4 7
20
292 9 5 5 5 9 1 7 4 6 1
329 3 6 8 6 8 6 8 1 8 4
251 1 4 3 8 5 5 4 9 3 1
300 3 6 5 8 3 7 4 3 9 6
325 3 4 9 2 6 6 9 7 8 6
298 5 4 8 3 1 5 5 5 9 7
282 2 5 6 8 8 4 8 6 3 1
314 4 2 2 6 9 5 8 9 1 8
243 8 9 2 2 7 2 6 7 1 3
271 3 6 4 4 8 1 7 6 6 3
212 1 5 2 3 5 1 8 4 2 4
338 9 7 8 9 2 5 1 4 9 6
299 9 6 7 7 4 9 4 2 7 4
339 7 2 6 8 7 3 1 8 8 7
318 9 7 3 7 2 5 8 2 7 7
245 6 3 6 4 2 9 7 8 1 3
176 2 9 5 1 1 7 2 4 2 3
193 1 3 1 4 2 9 3 5 2 3
231 6 1 2 4 1 9 5 3 6 4
210 1 1 1 1 3 6 6 9 7 3
20
327 7 8 2 2 8 9 4 8 9 6
224 1 3 4 9 2 9 2 1 2 6
244 5 6 1 1 3 3 5 8 9 3
323 6 9 4 6 1 4 6 4 5 9
211 1 2 4 2 5 1 3 9 3 6
310 6 1 2 8 3 9 2 8 7 7
252 1 8 5 5 5 1 1 4 7 6
280 5 8 6 1 6 7 3 3 8 8
288 3 8 8 6 2 6 8 6 2 4
325 3 2 9 9 8 1 7 9 2 6
241 8 7 5 1 3 2 3 1 9 7
238 6 4 3 4 2 7 6 3 7 2
289 6 4 3 1 8 4 2 8 8 6
298 3 4 4 9 9 6 4 1 7 2
302 2 9 8 7 3 8 6 2 3 7
249 4 4 4 1 8 7 2 1 9 6
237 5 2 2 3 1 1 9 6 2 9
300 5 2 8 8 3 8 3 5 5 8
295 6 3 4 8 6 6 4 9 3 1
268 5 5 8 1 5 3 2 8 6 9
20
354 9 1 8 4 8 3 9 9 4 7
255 4 6 2 9 7 6 1 3 3 4
312 7 4 9 2 8 6 9 3 4 7
231 4 6 9 2 7 3 1 6 2 5
330 9 1 4 9 8 9 5 5 4 4
315 7 4 5 8 6 6 8 9 4 1
266 9 3 9 6 7 2 2 1 2 7
324 8 1 5 5 4 5 2 7 9 9
247 8 1 1 3 1 3 9 2 9 3
272 7 2 2 2 4 8 3 6 6 7
286 6 7 7 4 9 5 1 2 5 8
277 2 3 3 8 3 9 8 1 4 4
385 7 8 6 8 7 7 8 4 6 7
256 1 4 5 4 1 7 2 6 9 5
240 9 5 2 2 2 5 7 8 1 5
237 4 5 1 2 3 6 1 7 9 3
297 6 7 1 9 1 5 4 5 9 3
250 4 1 1 3 6 9 1 8 1 8
312 6 4 9 9 9 9 3 1 7 1
273 8 2 7 9 2 6 6 2 3 4
20
348 7 6 8 8 2 9 7 3 8 7
302 3 1 1 6 7 7 9 6 8 3
313 5 4 2 4 3 7 7 7 8 7
267 1 3 4 6 6 4 4 3 5 7
371 5 6 4 7 9 9 8 5 5 7
198 1 2 3 3 4 3 5 5 4 4
290 5 1 8 9 8 4 5 4 6 2
211 3 3 1 4 7 2 4 1 3 5
269 7 7 5 3 9 4 4 3 6 2
314 7 9 1 3 8 5 3 3 9 8
202 5 2 2 1 1 4 7 5 4 4
226 2 7 7 6 6 2 1 2 4 5
317 6 5 1 2 9 9 7 9 6 4
289 4 8 4 3 4 8 5 8 1 8
255 3 3 6 5 5 7 5 8 1 4
320 2 1 6 8 3 7 8 8 5 7
254 3 4 3 3 7 8 4 6 3 5
230 1 2 3 9 2 9 5 1 2 4
328 3 9 4 9 8 5 1 5 7 7
261 3 2 3 5 7 1 9 6 5 2
20
262 7 4 5 1 4 1 8 3 6 9
285 5 1 3 7 5 3 9 1 8 6
326 5 8 5 9 9 2 8 5 2 4
260 9 8 2 3 8 5 8 4 2 1
202 2 3 3 1 5 1 2 8 4 7
354 8 7 6 9 1 1 8 8 4 6
345 5 9 3 9 8 1 9 3 5 5
231 9 4 3 4 2 6 1 5 3 6
187 9 9 8 2 1 2 3 2 2 1
299 7 7 3 4 3 6 8 1 9 4
218 2 1 1 1 9 6 8 2 2 7
334 4 1 9 5 6 7 9 5 8 5
275 7 6 8 4 3 7 2 4 9 4
290 8 6 5 6 3 2 8 3 4 4
374 5 2 4 9 9 8 8 4 6 8
266 9 2 4 1 3 9 7 8 1 7
256 5 4 5 5 1 3 5 4 3 7
359 6 9 7 8 6 6 5 6 7 7
272 3 4 5 7 6 1 7 4 5 3
268 7 5 5 3 3 6 1 8 8 3
20
312 7 4 1 9 8 9 8 3 1 6
273 4 3 2 1 4 6 6 9 8 7
362 5 9 9 6 9 3 6 9 8 2
319 9 4 6 5 3 5 7 9 7 5
344 4 4 7 9 8 5 8 5 4 5
221 2 2 5 3 3 7 1 3 9 4
293 9 1 7 6 2 7 9 3 4 5
319 3 3 8 8 5 9 3 4 6 7
240 5 6 8 1 5 1 2 5 7 6
361 7 9 4 4 7 7 7 9 9 4
320 8 6 3 9 2 7 2 9 4 4
228 2 9 2 7 2 1 5 3 3 4
216 8 1 8 7 4 1 2 1 2 4
298 3 5 6 9 1 7 6 2 9 5
316 5 5 1 4 9 7 4 9 4 8
297 8 7 3 7 3 5 5 6 1 6
341 9 4 3 8 9 8 3 9 3 3
314 8 6 2 9 3 9 4 8 1 4
266 9 7 9 4 4 5 3 4 3 5
316 1 5 6 9 5 8 4 3 7 5
20
264 1 6 1 8 3 9 7 3 4 1
333 5 7 7 8 9 6 6 8 2 2
207 4 5 1 7 2 8 4 4 1 2
221 5 8 1 1 9 3 5 2 8 1
277 7 7 2 2 7 4 4 6 2 7
319 1 7 1 5 9 7 9 8 5 3
278 3 5 3 4 4 7 3 7 8 4
343 7 7 1 9 4 7 4 6 9 6
297 3 8 5 5 6 5 5 1 5 8
222 4 7 9 4 2 8 2 2 5 2
272 6 7 8 4 4 9 2 3 8 1
332 7 2 4 8 9 1 9 8 1 4
195 5 4 1 1 3 3 6 7 1 3
295 4 6 1 7 5 7 9 4 5 4
244 9 9 9 1 1 6 4 7 3 3
258 8 2 9 9 5 1 1 3 5 2
178 3 5 9 3 4 1 2 4 2 2
253 4 5 6 1 7 7 9 3 4 3
315 7 4 9 7 8 3 6 5 7 2
204 1 5 6 6 3 6 5 1 4 1
20
213 2 1 3 1 3 5 9 2 5 8
301 3 5 7 9 5 4 1 7 9 2
298 2 5 2 9 4 5 9 4 9 1
275 5 8 4 2 5 9 9 4 6 2
311 9 1 1 7 2 4 4 8 6 9
282 4 5 3 1 8 7 3 7 8 8
325 5 8 4 5 8 9 2 9 4 6
288 7 3 3 3 9 8 3 8 5 3
279 3 5 5 1 8 9 4 8 3 6
278 4 6 2 8 9 1 2 8 6 2
250 2 6 4 3 5 4 4 6 3 8
288 7 2 7 7 5 2 9 6 1 3
308 9 1 7 2 8 2 9 4 7 5
293 8 9 8 4 2 3 4 4 5 6
259 8 2 5 2 7 6 7 1 4 7
233 4 4 7 1 7 4 4 7 7 1
276 7 1 5 2 6 1 2 7 8 8
304 1 8 1 5 7 6 7 8 7 3
232 5 4 7 3 8 7 1 1 4 7
266 4 4 6 4 7 2 5 1 5 8
20
337 5 4 8 9 6 5 3 6 4 8
292 2 2 4 5 7 6 3 8 8 4
275 4 7 9 3 9 5 5 6 3 1
248 1 7 7 8 1 2 1 7 4 2
312 2 5 7 9 2 7 5 2 7 7
329 3 3 2 7 5 7 8 9 3 8
270 6 9 9 4 5 2 4 3 1 6
278 7 6 1 9 3 1 3 1 7 7
234 2 3 1 6 5 2 6 1 8 2
269 4 6 5 8 3 5 2 5 2 7
261 8 2 7 4 4 5 6 1 7 6
338 8 8 7 6 7 9 7 2 5 5
318 9 7 3 4 9 2 1 3 9 8
286 6 2 9 2 8 3 2 5 7 9
254 2 2 9 4 2 3 6 4 8 6
241 4 2 6 3 8 5 7 6 5 1
249 7 1 7 5 5 3 5 3 4 6
282 8 3 2 7 6 5 9 1 7 1
236 1 8 2 2 7 2 9 2 6 2
298 3 4 1 5 8 7 8 6 6 5
20
363 8 9 6 9 3 9 8 2 7 4
322 9 2 3 7 5 8 3 8 4 6
387 8 4 8 9 6 8 6 4 8 9
333 5 6 4 7 4 1 8 9 1 8
242 1 3 2 4 4 1 6 8 2 6
302 1 9 1 7 6 6 5 5 7 4
270 2 5 8 8 4 7 5 8 1 2
283 1 5 2 2 8 8 7 4 5 9
235 3 6 1 4 6 4 4 3 4 4
325 7 8 9 7 1 6 3 7 3 9
273 3 8 6 1 3 7 7 1 9 7
282 7 4 2 3 5 9 2 9 9 1
264 3 7 2 1 9 8 4 7 4 5
278 6 8 1 3 9 3 5 6 2 6
314 2 9 2 6 4 1 6 9 7 7
308 6 6 9 4 8 7 3 8 1 9
285 6 1 9 2 8 8 6 1 8 5
286 8 1 8 8 5 9 6 4 3 2
259 7 3 6 1 8 1 9 9 3 2
290 4 5 7 1 2 9 9 4 9 4
20
267 1 1 8 4 9 6 9 3 3 6
248 6 7 1 2 5 4 1 5 5 8
194 3 2 8 1 4 8 2 5 2 6
264 3 4 4 5 7 7 1 6 4 8
280 4 1 8 6 4 8 1 9 6 3
211 7 3 3 4 6 3 2 6 1 3
299 8 5 8 7 6 5 5 1 3 6
254 9 7 5 2 2 9 6 4 5 1
194 7 6 1 1 2 1 5 3 6 3
217 1 8 3 1 3 6 1 1 5 9
250 9 3 7 1 8 2 9 4 1 2
367 9 1 9 9 7 6 2 5 7 9
282 3 7 1 4 6 5 8 2 9 4
327 4 9 1 8 8 6 8 8 2 4
295 9 7 6 9 1 1 2 5 3 5
216 2 2 7 2 9 1 9 2 1 3
292 3 9 8 5 5 5 8 5 1 6
153 2 1 2 3 2 4 9 1 3 1
339 7 1 8 9 4 5 6 6 1 9
346 8 8 6 9 6 1 1 4 7 8
20
216 1 2 7 1 9 6 1 9 2 2
278 3 1 6 4 2 6 4 7 4 9
354 7 3 5 7 9 7 3 8 4 8
302 9 6 1 2 9 1 1 9 7 9
315 8 7 7 8 8 2 6 3 5 2
361 9 6 2 7 7 9 8 7 3 7
260 1 8 5 5 9 9 8 1 3 1
308 4 3 5 9 3 9 6 9 5 1
323 6 8 6 4 6 8 9 6 7 3
278 5 5 1 8 3 1 2 3 5 8
258 4 3 9 1 7 9 4 8 8 1
235 4 3 1 8 6 5 6 2 2 1
378 4 8 4 8 8 2 4 9 7 9
270 5 9 6 5 4 2 1 5 8 2
214 4 9 4 1 8 2 3 8 2 2
265 7 6 5 1 4 9 4 9 3 5
293 3 9 5 4 5 7 5 5 4 8
272 7 1 6 9 1 5 4 9 2 3
347 9 2 3 9 9 4 5 6 9 5
266 2 9 5 2 1 8 4 5 7 6
20
362 9 3 8 8 2 5 7 6 9 8
254 8 3 2 3 3 5 2 3 9 6
303 5 1 3 4 7 7 8 5 8 7
185 8 4 4 1 2 7 2 2 3 6
221 3 6 1 4 5 3 2 6 1 6
321 8 2 6 6 8 6 5 6 1 8
282 4 4 3 6 5 7 8 5 6 3
224 6 6 4 1 1 2 3 5 5 7
258 1 1 2 6 5 7 4 3 9 4
189 4 4 1 3 2 5 2 2 4 7
274 2 5 1 7 4 8 1 5 3 8
194 2 2 9 1 3 6 3 6 2 4
266 1 4 1 9 9 1 8 1 2 6
264 2 2 3 7 7 8 1 6 1 6
326 9 8 2 2 8 9 6 4 9 6
378 7 9 5 5 9 8 2 9 7 8
351 1 3 6 9 8 6 6 8 9 2
232 5 3 1 5 9 9 5 3 3 1
307 8 2 6 4 3 6 9 4 7 6
250 3 8 3 7 4 3 2 5 6 2
20
316 5 9 8 1 5 3 4 8 9 7
285 7 6 7 5 3 9 4 5 3 7
272 3 2 9 1 7 3 6 7 8 5
247 4 8 1 9 2 1 3 3 3 6
150 1 1 7 3 4 1 4 3 1 3
196 2 4 3 1 4 2 1 8 9 1
265 2 7 3 1 6 9 6 6 2 7
279 5 9 7 3 7 9 7 5 1 2
241 4 9 8 4 3 1 7 3 2 5
249 9 7 4 2 1 6 6 4 4 6
312 3 3 2 8 3 1 7 3 7 9
184 1 4 5 4 7 2 2 2 2 2
257 7 3 4 5 4 8 3 5 2 7
255 6 1 5 6 2 6 8 2 6 4
222 6 2 1 8 1 5 1 3 7 4
315 1 7 7 5 3 9 9 2 8 5
285 9 1 3 6 7 3 4 5 8 1
239 3 8 2 2 8 9 1 1 5 8
304 8 9 5 4 9 4 4 6 1 7
219 1 1 7 5 3 4 4 3 5 3
20
303 9 6 1 6 9 6 3 8 5 1
273 4 7 4 4 2 9 5 3 3 9
298 4 9 8 7 3 2 8 2 7 2
297 7 7 9 4 5 4 8 4 4 5
340 9 5 3 6 5 7 2 8 8 9
316 8 4 5 7 1 7 8 3 9 3
326 5 9 1 9 6 8 1 8 6 5
243 9 3 6 4 1 1 3 5 4 5
260 6 8 6 6 1 6 5 2 3 6
311 7 2 6 3 9 7 7 6 4 6
278 6 3 2 6 2 1 7 7 4 6
329 3 1 6 3 9 8 9 4 9 9
315 4 3 5 4 8 8 8 2 5 9
319 8 4 5 9 3 8 2 6 7 4
368 3 8 4 4 4 7 9 8 8 8
261 8 2 5 2 3 7 2 9 9 3
232 7 4 4 2 5 4 3 8 6 2
206 9 2 7 1 3 2 8 1 3 3
321 7 6 8 5 8 6 1 9 2 6
309 6 6 6 3 7 7 8 9 4 1
20
302 4 9 3 5 8 9 4 7 6 3
341 5 2 7 8 2 5 9 5 9 8
191 4 1 3 2 3 9 2 7 5 2
146 6 1 4 1 1 5 8 2 1 1
305 2 1 2 7 7 3 6 9 4 8
220 1 9 4 1 5 2 1 8 4 6
195 2 3 2 1 8 7 1 5 3 4
285 2 7 2 6 9 4 4 4 5 6
329 8 8 9 7 3 6 2 8 2 6
234 1 8 3 3 9 4 8 3 4 2
240 9 5 5 3 5 3 3 6 2 5
232 9 7 1 5 6 5 1 1 1 8
262 5 2 2 9 3 3 2 2 6 6
319 7 6 6 5 4 8 1 6 9 9
275 8 3 4 2 6 2 6 8 8 4
227 8 4 3 3 2 6 6 1 1 6
284 3 4 4 4 3 5 7 6 4 8
351 6 7 9 7 6 9 9 1 4 6
235 1 9 7 1 3 6 2 4 2 8
284 9 2 3 8 3 1 4 6 3 7
20
250 1 1 2 8 2 5 5 3 5 5
318 5 5 8 7 2 3 8 8 5 6
278 3 8 2 9 1 1 1 9 9 1
290 4 2 7 6 1 5 9 2 9 7
359 5 2 9 9 4 8 8 3 9 6
229 3 2 4 2 6 8 5 7 3 2
261 5 5 6 4 7 1 9 3 3 3
275 2 3 5 9 5 7 5 1 6 3
283 2 6 5 2 8 2 9 4 9 2
265 4 8 9 4 6 1 1 5 7 4
262 2 3 4 8 4 7 1 7 6 2
266 8 1 6 4 7 2 1 8 1 9
229 1 8 7 1 1 5 9 1 5 5
238 1 1 5 9 3 5 2 5 4 5
300 6 5 7 3 1 5 8 8 7 7
230 7 8 6 2 6 1 9 4 1 1
190 1 8 2 5 9 1 4 1 2 1
249 7 1 8 6 3 4 6 7 3 2
287 7 3 1 9 6 7 6 1 1 9
226 7 3 7 1 1 3 7 9 1 2
20
282 5 8 8 5 2 4 8 3 5 2
292 2 9 1 5 1 9 6 8 8 4
228 5 4 3 7 7 4 3 4 2 1
179 6 1 8 3 8 3 2 4 1 1
275 3 3 4 4 3 4 8 4 9 3
184 1 6 1 2 3 2 3 3 7 3
267 4 7 9 2 7 5 5 8 5 2
311 9 4 8 6 2 7 8 4 6 3
243 2 1 8 5 3 2 9 7 1 5
220 3 1 4 8 2 6 1 8 5 1
322 8 4 7 6 7 1 1 5 7 8
270 8 4 6 4 3 3 7 6 2 7
314 3 6 9 7 9 5 5 5 9 1
238 4 1 5 6 4 9 2 2 1 7
344 1 8 8 9 9 8 1 5 5 7
241 5 3 3 3 4 4 1 5 6 6
271 6 2 8 6 6 7 5 4 1 5
310 3 1 8 6 8 1 9 6 7 5
269 4 7 4 9 1 4 5 2 2 8
232 3 2 4 3 9 6 6 5 1 3
20
320 5 7 1 9 6 7 4 3 7 4
287 1 9 2 9 4 2 4 2 5 8
338 8 5 2 8 3 4 7 7 6 6
289 9 7 8 1 2 8 9 3 8 3
346 2 8 5 8 8 8 5 9 8 2
204 5 4 3 5 1 3 3 5 3 3
311 5 1 8 5 7 3 2 9 6 8
354 8 2 3 4 8 8 7 9 9 6
238 9 4 3 1 3 4 2 5 6 7
215 1 6 2 2 6 4 4 4 3 6
273 6 6 9 1 3 2 5 8 5 5
319 9 7 4 3 7 9 4 1 6 9
287 7 8 1 3 4 4 9 7 3 5
220 6 1 1 6 6 3 2 4 4 3
214 2 4 9 3 3 5 2 7 5 1
197 2 2 5 3 4 7 4 2 1 7
315 4 9 2 8 1 9 7 4 7 5
253 5 7 5 6 7 6 2 1 1 5
293 7 4 7 5 3 1 9 4 8 4
244 1 4 3 3 1 5 7 8 8 1
20
313 3 4 7 9 4 8 3 9 8 1
287 7 3 8 5 5 2 9 2 8 1
301 7 1 6 9 6 3 3 2 9 6
262 9 3 3 7 4 3 1 4 8 3
339 5 4 7 6 3 6 3 9 9 8
291 6 4 2 4 6 6 9 4 2 8
269 6 9 5 8 2 9 6 2 4 1
216 1 5 8 2 9 1 2 2 7 1
224 3 3 8 2 2 9 3 2 1 9
165 3 2 1 2 7 2 1 3 2 6
287 5 6 1 9 5 2 5 4 6 4
372 4 8 5 8 7 6 8 7 6 6
275 2 7 8 6 2 4 4 3 2 8
361 5 6 5 3 8 8 7 9 7 7
348 6 5 6 7 9 1 7 8 9 1
288 8 5 8 1 7 6 5 5 9 3
280 2 7 8 7 2 1 3 2 8 9
268 5 4 2 9 5 1 4 4 2 6
368 6 9 1 4 9 7 6 9 9 6
339 6 5 5 9 9 5 9 3 1 5
20
259 3 1 2 7 3 8 7 6 7 2
267 9 7 3 2 7 2 4 4 4 5
377 9 4 9 9 5 4 6 7 5 7
269 2 1 1 4 8 4 9 1 7 9
302 1 7 9 1 3 7 7 2 9 9
261 6 4 4 3 2 2 9 5 9 2
337 9 7 4 8 5 2 5 8 1 9
231 8 2 5 3 2 8 4 1 5 5
297 6 9 2 6 2 7 5 8 8 1
369 7 7 5 5 9 9 9 6 7 5
279 5 3 9 7 5 7 2 5 5 3
327 1 6 5 9 9 2 9 3 5 4
192 3 5 4 4 1 4 2 5 2 4
301 5 6 9 6 4 1 8 8 4 3
280 1 9 2 3 7 7 3 4 7 8
310 3 5 7 8 3 3 4 5 7 6
266 6 9 6 8 4 4 4 1 1 5
296 6 7 6 6 3 8 4 6 9 2
236 9 2 6 2 5 3 2 4 5 6
250 4 6 6 4 2 3 5 9 3 3
20
351 3 8 1 6 5 6 8 8 9 7
378 2 3 6 9 5 6 6 9 9 7
227 7 4 1 6 1 3 4 2 8 3
273 8 5 3 2 3 4 9 1 6 9
248 4 9 8 4 1 3 4 3 5 4
267 9 6 2 3 5 6 6 4 7 3
229 9 2 9 3 1 5 2 3 4 7
285 5 8 5 2 4 8 7 1 9 7
300 3 7 1 8 7 6 2 9 8 1
236 4 5 1 2 3 8 9 5 4 3
266 9 2 6 2 4 9 6 9 1 5
299 8 2 6 6 4 8 3 3 6 7
217 3 3 2 6 1 1 6 4 8 1
311 8 6 1 5 4 9 3 6 9 6
273 6 1 9 7 2 3 3 1 5 9
287 8 9 8 3 6 9 3 1 7 4
256 6 7 7 8 2 7 2 5 5 1
317 9 3 4 9 4 4 2 8 6 5
311 5 9 9 4 3 7 1 9 8 5
251 4 8 3 6 8 2 5 3 1 3
20
304 9 2 1 6 6 7 6 7 2 7
264 3 9 4 4 9 8 5 2 1 7
343 7 4 9 6 9 4 4 8 4 8
219 7 9 4 3 3 3 2 1 1 9
206 1 6 1 3 5 8 4 6 1 4
308 3 8 6 2 1 6 9 9 1 9
302 4 4 7 8 4 7 5 5 2 5
245 6 8 6 3 7 6 3 4 6 1
270 6 4 3 1 3 9 8 8 1 7
331 1 9 7 7 6 8 3 9 6 3
308 2 6 7 9 6 7 3 1 9 3
326 5 5 1 6 9 5 4 6 8 7
374 2 9 7 9 1 9 7 9 9 4
253 1 1 3 7 8 5 3 4 4 7
304 5 9 3 2 1 7 5 7 9 9
266 1 3 8 4 4 4 5 6 7 3
345 7 6 6 8 2 9 8 8 6 4
361 3 8 4 9 8 5 9 5 7 6
248 3 2 8 7 6 8 2 1 6 1
284 4 1 7 8 5 7 2 6 9 2
20
357 7 2 8 9 8 9 6 5 9 2
290 6 2 6 8 6 9 5 5 3 3
307 4 1 9 1 8 5 7 6 6 9
332 8 9 3 4 5 2 8 3 8 7
334 5 5 2 7 7 4 9 5 9 2
344 5 7 1 9 1 8 8 2 8 7
342 7 2 4 4 9 6 9 6 7 7
288 2 4 5 9 2 5 9 2 6 5
318 6 9 1 9 5 3 8 1 6 3
341 3 7 6 8 9 5 8 1 5 7
276 5 8 1 7 9 5 5 1 6 1
296 7 7 2 6 1 3 7 8 3 8
344 4 4 2 9 2 1 6 9 8 8
242 9 6 1 5 9 3 6 1 3 2
274 2 3 4 7 8 5 2 5 5 6
329 7 7 7 1 8 9 5 4 9 9
277 1 6 3 2 9 6 3 8 2 9
316 3 4 5 5 7 5 6 7 6 9
210 5 8 6 2 6 6 5 1 1 2
342 9 3 7 5 9 5 9 7 4 4
20
265 1 2 1 6 5 6 8 9 6 1
229 1 5 2 2 8 6 4 8 6 1
358 7 8 9 9 8 1 9 5 3 6
254 7 8 3 4 4 2 7 5 2 5
261 5 1 5 9 3 1 3 3 3 6
295 7 3 9 8 5 6 8 1 6 2
297 1 4 7 8 2 1 6 6 7 5
239 5 3 6 2 9 7 2 1 6 6
203 6 3 7 3 4 5 1 1 7 3
228 6 1 1 5 5 7 5 1 6 4
297 4 2 8 9 2 4 5 6 9 3
362 8 8 2 7 8 7 5 9 2 7
316 9 8 7 1 6 4 6 5 6 7
336 2 8 4 6 9 5 1 7 9 6
298 8 5 3 5 2 3 9 2 8 5
265 9 4 3 1 5 6 9 7 3 2
281 9 4 7 7 4 4 2 3 5 7
282 6 2 5 6 7 2 7 8 3 2
283 7 4 7 1 4 7 1 9 9 5
214 5 5 8 3 5 5 2 4 3 2
20
275 4 2 6 5 7 8 7 9 1 1
316 5 3 9 5 7 7 1 7 6 9
244 6 6 3 1 3 2 3 3 9 7
281 4 6 4 2 6 7 3 5 6 7
280 7 4 1 4 7 5 2 8 5 6
235 5 4 4 2 9 4 5 1 9 1
347 3 9 8 6 9 8 6 7 3 6
338 5 4 1 9 6 4 5 8 8 3
249 4 1 7 5 4 3 2 7 9 2
317 7 5 8 6 7 6 9 7 2 1
275 5 4 8 2 2 2 3 6 9 8
244 6 5 9 1 5 6 2 4 4 8
326 8 1 9 6 8 1 6 7 9 2
211 6 1 1 8 2 3 3 5 1 4
272 8 1 9 6 5 9 1 6 5 2
307 1 4 9 8 1 8 8 6 3 6
248 4 8 6 5 5 6 2 4 7 1
231 5 2 7 1 2 7 9 5 5 3
320 5 6 8 8 4 3 2 5 8 7
257 7 1 2 4 6 8 4 3 9 2
20
371 6 9 1 8 5 3 9 8 5 7
258 5 4 8 4 4 3 8 4 5 3
170 3 3 1 3 1 4 2 9 1 3
295 5 2 8 6 7 3 3 7 5 5
330 9 3 2 8 7 9 8 2 2 8
277 4 6 4 4 9 7 6 5 4 2
331 2 3 4 8 4 4 6 5 8 9
325 3 9 8 8 5 9 9 6 2 1
343 5 6 7 9 8 6 6 5 7 3
300 9 5 1 7 9 6 1 9 6 1
327 9 7 1 4 4 1 8 8 8 6
323 8 3 7 7 3 3 8 7 8 4
244 3 7 5 1 6 1 2 1 9 7
325 5 9 3 4 5 5 8 9 3 6
291 6 2 5 3 9 3 8 2 9 6
277 5 2 3 8 9 5 1 8 2 3
267 9 1 2 1 9 6 2 7 4 9
291 8 7 6 8 2 2 6 5 5 2
243 6 1 4 5 8 3 4 2 3 4
264 8 6 1 7 8 6 1 5 2 4
20
231 4 4 5 2 7 6 1 9 3 3
285 3 7 7 8 6 2 5 5 4 4
345 6 5 1 8 5 4 6 8 5 7
274 5 6 8 7 5 1 8 2 7 1
288 9 9 9 5 1 2 4 7 3 5
314 6 6 6 7 6 6 7 6 4 3
253 7 8 2 1 3 5 8 5 4 6
290 4 7 5 4 6 4 5 3 7 8
205 2 4 5 3 1 9 7 1 5 4
292 4 5 1 6 6 6 5 8 4 4
300 2 6 7 9 5 6 2 1 6 6
167 1 9 5 3 6 1 2 1 3 2
316 7 7 9 6 4 6 6 4 6 6
268 2 3 7 6 9 4 4 9 1 4
261 6 4 9 5 1 5 8 2 3 6
276 7 1 8 7 2 2 5 2 2 9
224 3 6 3 5 1 2 3 6 9 2
256 2 2 5 2 8 9 2 9 3 6
252 8 6 5 2 4 4 8 4 7 1
250 1 4 2 1 9 9 6 3 2 7
20
271 3 1 3 6 4 3 2 7 6 9
259 2 2 9 3 5 2 4 7 8 4
360 5 9 9 9 5 8 1 8 5 7
193 4 3 3 1 2 7 1 6 3 6
239 7 2 8 7 3 1 6 1 2 4
198 1 7 1 2 7 4 6 1 6 1
376 4 8 6 6 6 6 7 7 9 7
198 2 5 8 1 2 5 7 4 2 3
379 3 8 4 8 4 8 5 6 9 9
278 1 8 2 3 9 8 3 9 5 2
339 4 5 7 9 9 8 9 5 2 5
376 9 9 6 8 5 7 1 7 8 9
321 6 3 8 2 4 9 9 5 5 9
279 2 8 1 9 1 9 1 6 1 7
272 1 4 3 6 3 7 4 8 3 7
312 7 5 8 6 7 4 7 5 4 5
301 6 1 5 8 5 6 3 6 8 3
332 3 5 9 9 3 3 7 8 5 6
267 5 6 3 1 7 1 8 2 9 7
298 7 9 8 9 3 2 1 5 6 5
20
326 7 5 5 5 5 2 8 3 6 9
232 8 1 6 9 4 9 3 2 1 1
255 3 2 3 7 5 7 7 7 3 2
188 6 1 1 1 3 8 6 2 6 3
248 5 7 7 2 2 7 9 1 6 3
301 1 7 8 3 3 7 8 6 9 5
263 2 6 2 6 5 4 8 2 6 4
196 2 6 3 1 2 6 3 2 9 1
255 4 6 1 6 2 4 1 7 3 9
303 4 8 8 1 6 3 7 5 8 7
235 8 4 5 1 3 5 9 2 3 6
271 5 2 7 8 1 3 6 2 3 6
237 1 1 4 7 7 8 1 2 7 1
311 8 6 8 3 1 9 3 8 6 6
264 7 1 5 4 8 3 7 1 2 9
286 7 3 3 3 6 8 1 3 9 8
275 9 8 9 1 8 4 8 3 3 3
232 4 9 2 5 1 2 2 9 1 4
325 3 5 4 6 5 7 7 6 7 8
294 5 2 6 6 2 5 7 6 3 7
20
306 4 4 8 5 7 1 7 2 9 8
212 1 1 7 6 9 2 1 4 2 3
331 9 8 6 7 4 3 4 7 6 5
223 1 3 6 7 5 5 4 3 2 4
291 9 3 3 5 3 9 6 8 9 1
241 2 2 3 6 5 4 7 4 8 1
290 6 6 6 2 7 4 7 2 8 6
319 6 4 7 1 7 7 4 8 7 8
301 2 6 2 9 6 7 5 3 7 2
208 3 3 3 6 2 4 2 6 3 4
254 3 2 6 4 5 8 3 6 1 6
308 3 8 9 2 1 7 9 9 3 7
315 7 3 2 5 7 9 6 6 1 8
272 8 6 8 7 3 2 3 4 5 5
195 9 7 9 1 6 2 2 1 2 3
269 5 4 5 2 6 6 5 6 5 4
271 5 2 4 2 9 2 5 9 2 9
261 2 8 4 7 6 1 3 4 6 2
316 2 1 6 5 8 2 9 7 5 6
255 6 1 1 4 4 5 5 5 2 9
20
252 6 2 7 8 2 4 4 6 2 2
362 1 8 7 7 3 1 9 9 9 7
300 9 5 2 9 8 2 4 4 6 2
196 6 3 1 1 1 1 8 3 3 5
234 5 7 4 4 1 7 2 5 5 5
207 5 7 9 2 5 1 4 1 5 2
271 4 9 7 2 5 9 1 3 7 7
296 7 7 8 3 7 9 6 8 3 3
260 1 7 3 3 9 8 5 4 2 8
286 6 7 7 3 4 2 1 9 8 5
180 1 5 7 1 9 4 7 1 2 1
313 2 9 1 7 8 7 8 9 2 3
275 8 8 2 9 2 4 3 3 4 2
267 1 3 3 7 5 7 1 7 7 6
295 4 3 5 9 6 8 2 4 1 8
276 1 9 1 4 9 6 7 6 1 5
289 3 9 5 7 5 6 5 3 7 3
226 4 4 5 1 7 4 6 7 2 1
273 8 2 5 9 2 5 2 8 1 6
316 7 1 8 7 4 2 8 3 9 7
20
333 6 9 3 9 9 6 3 1 2 9
225 5 2 3 5 4 3 3 3 7 2
285 2 9 9 2 2 5 6 3 8 9
243 5 8 4 4 1 5 7 2 3 5
221 4 3 4 1 1 2 9 3 5 6
349 4 6 4 9 9 6 8 5 8 3
215 4 4 2 8 5 1 3 6 2 1
306 1 8 7 7 2 1 1 9 4 9
271 4 6 6 5 1 8 7 9 3 1
244 3 5 2 1 8 7 3 1 8 5
309 9 2 6 2 4 5 8 4 5 9
248 4 8 9 6 4 1 6 1 4 2
182 2 5 4 2 6 5 2 7 1 2
348 5 6 8 5 7 4 8 8 6 7
321 4 4 6 3 6 4 9 8 4 9
276 9 5 7 4 2 5 6 7 1 5
230 7 3 4 1 3 1 7 2 2 8
277 2 4 6 6 1 5 9 5 8 3
322 1 6 8 9 7 2 7 9 1 4
245 2 7 5 8 6 1 2 4 2 2
20
225 3 3 6 4 5 5 9 1 2 3
237 5 1 1 6 7 9 2 4 2 6
217 2 4 3 5 2 4 3 1 9 5
191 4 4 8 1 4 2 2 6 3 4
312 9 8 9 4 6 6 6 8 4 3
336 7 7 9 9 7 3 5 3 7 4
339 2 2 5 9 9 4 5 9 7 6
299 7 4 3 4 8 3 4 9 5 7
327 7 8 2 4 7 3 8 7 7 4
292 5 8 8 4 9 1 1 8 4 7
269 5 2 4 4 9 7 6 6 3 3
272 7 6 3 6 7 1 2 7 4 4
320 8 3 3 9 1 9 3 8 4 7
301 2 3 9 7 7 4 6 1 7 7
303 3 1 3 7 6 8 7 7 6 4
322 9 1 3 9 7 8 2 9 2 5
195 2 2 9 1 1 7 3 5 1 8
218 3 5 9 3 6 3 1 1 5 5
328 5 9 4 7 7 8 5 6 7 2
261 4 7 7 2 8 5 3 9 5 1
20
264 5 3 1 3 7 3 9 7 4 5
291 3 9 5 7 3 5 1 3 7 8
359 9 5 6 8 1 6 7 8 7 8
331 8 5 5 8 1 3 2 7 7 8
322 4 3 1 7 7 9 4 6 9 4
216 3 4 2 4 6 3 1 9 4 2
357 1 2 6 9 9 9 5 7 4 7
282 5 5 7 4 5 8 4 3 4 9
330 9 4 5 7 3 7 4 9 7 3
368 9 9 5 8 2 4 9 8 9 1
278 7 1 4 5 4 6 6 7 2 6
204 3 1 1 4 5 2 5 4 2 4
318 8 6 9 7 3 6 3 3 3 9
258 4 6 7 3 6 8 7 2 4 4
242 8 3 7 7 2 2 4 2 7 1
267 2 8 1 5 6 6 4 8 6 1
204 1 1 7 6 4 8 2 2 1 3
390 6 4 6 6 9 9 9 8 6 6
306 5 4 8 5 6 7 7 7 2 6
320 1 1 9 9 6 7 4 9 6 5
20
282 3 4 7 4 6 9 2 7 5 6
313 6 7 7 5 6 8 5 5 3 8
248 1 5 5 2 7 7 7 1 4 6
261 9 7 3 3 7 9 1 2 7 5
239 2 1 4 1 9 8 6 2 7 5
239 5 2 9 2 8 2 2 2 4 8
349 1 8 3 9 9 9 8 1 8 4
286 6 7 6 5 1 8 4 5 6 6
284 5 2 7 1 9 5 2 3 9 9
322 6 8 4 5 9 9 4 5 4 7
278 1 5 2 5 6 8 9 4 1 6
318 6 8 6 6 4 4 5 9 5 4
210 4 1 4 2 6 4 7 5 3 2
257 6 8 2 1 1 2 7 9 9 1
192 3 1 9 3 8 8 3 1 3 2
212 1 3 9 6 5 2 4 6 2 1
285 9 7 4 4 4 1 9 3 2 8
303 1 8 2 4 4 4 6 4 7 9
221 5 3 9 1 2 2 4 5 7 2
325 9 5 7 9 4 6 8 4 5 1
20
378 8 8 6 9 8 3 8 5 4 5
287 3 8 9 9 9 5 2 1 6 2
226 6 1 6 4 4 8 1 2 4 8
285 9 4 4 4 1 5 8 9 3 5
285 6 9 6 1 1 8 5 8 7 5
291 2 8 5 5 2 9 5 6 7 6
355 4 4 8 6 4 7 9 6 5 8
249 6 7 7 1 3 2 9 4 1 8
220 8 1 8 1 5 8 7 4 4 1
302 4 9 3 5 2 4 8 9 8 1
271 3 9 4 3 4 8 7 2 8 5
256 4 7 7 1 1 6 4 6 5 6
300 2 5 8 1 9 5 6 3 9 6
261 1 1 9 4 3 7 8 4 7 5
237 2 8 4 5 7 2 8 1 1 5
238 1 2 6 8 3 2 1 2 9 3
327 7 6 7 9 7 1 7 7 1 6
238 3 3 4 7 4 9 4 2 6 1
197 7 4 7 2 4 4 2 6 1 2
318 9 1 3 8 7 7 4 6 3 7
20
267 3 2 5 7 8 3 2 2 4 9
288 8 6 2 6 2 7 7 1 4 8
320 7 7 1 5 9 9 5 2 7 8
256 3 1 9 6 5 2 1 7 8 3
266 4 4 1 2 7 5 5 3 9 5
360 5 4 8 5 9 2 9 2 9 9
309 7 6 4 7 8 7 1 7 6 3
212 3 1 7 6 1 4 5 4 6 1
217 3 9 4 2 5 3 5 1 9 2
201 1 2 4 6 5 1 3 4 5 3
329 9 3 1 7 9 8 7 6 8 2
251 8 6 5 3 9 5 2 1 4 5
241 9 7 3 1 1 4 5 4 1 9
339 6 8 5 9 1 4 8 7 3 8
318 5 7 5 6 3 7 6 4 5 8
186 1 4 9 1 2 2 2 7 5 2
141 1 1 1 2 4 1 1 3 1 8
347 3 1 1 5 9 8 9 8 5 8
298 9 2 7 4 8 2 9 4 3 6
230 4 5 1 2 4 1 3 8 4 6
20
247 4 9 5 2 5 8 3 3 5 4
322 4 1 6 3 7 6 5 8 9 7
259 5 1 3 5 2 9 1 1 8 9
265 3 6 4 6 9 6 4 3 1 4
219 1 1 7 6 1 1 7 3 9 1
315 9 4 8 2 7 3 7 6 8 6
284 1 8 2 2 6 7 7 8 2 7
194 1 1 8 1 8 6 2 3 2 7
276 8 5 5 5 4 5 7 5 4 1
219 7 4 6 1 8 6 2 7 3 1
280 9 7 8 2 2 8 6 1 7 5
267 9 5 3 6 4 2 6 9 1 1
250 1 2 9 6 2 4 5 4 1 7
314 5 1 3 8 9 9 1 2 8 9
351 3 2 9 4 6 7 9 8 7 9
270 2 2 7 3 4 2 5 1 9 9
272 3 9 6 5 5 7 4 2 2 9
297 6 4 2 4 9 3 3 2 9 8
297 5 3 7 6 3 8 7 4 6 5
334 3 4 9 7 6 9 8 6 8 1
20
287 2 1 5 7 8 5 2 8 6 3
361 6 8 6 7 7 7 8 8 4 4
226 5 3 7 4 3 3 4 1 1 9
373 8 6 8 9 6 3 9 9 8 1
297 3 2 9 4 1 6 7 6 9 8
365 4 3 9 5 9 6 9 9 4 8
246 7 7 9 5 4 1 5 4 3 2
299 7 4 8 4 7 1 8 9 5 3
264 5 3 3 2 5 9 2 7 3 8
261 1 5 8 3 1 2 9 3 5 7
332 6 7 5 5 4 7 9 7 7 4
329 8 4 5 8 8 8 7 2 4 5
287 4 7 7 8 4 4 2 9 3 4
206 7 3 5 3 5 3 7 2 3 2
331 3 1 9 2 9 7 9 9 5 9
254 9 1 7 7 6 4 2 5 5 2
260 2 6 2 2 7 2 8 6 9 1
291 6 6 6 6 1 3 5 5 1 9
346 3 7 8 1 8 9 9 6 9 8
325 3 8 7 8 5 4 7 3 4 9
20
277 1 1 5 4 7 3 9 5 3 9
267 8 2 2 3 9 2 6 6 7 3
230 7 9 6 2 9 1 1 3 8 1
332 2 2 9 8 8 7 4 1 9 7
314 1 7 8 8 2 8 7 2 8 6
316 9 1 1 8 2 1 8 7 6 5
298 7 2 9 4 7 7 6 4 2 8
304 4 8 6 9 4 3 7 7 1 4
308 1 7 3 9 6 7 9 7 4 1
269 1 8 2 7 2 7 2 2 8 5
333 6 4 5 8 4 7 5 6 8 5
303 1 7 2 6 9 8 4 3 7 6
378 9 4 3 9 4 9 9 9 8 1
366 5 9 9 9 1 2 9 6 6 8
266 1 1 5 5 5 6 4 2 8 9
292 4 6 2 6 3 9 4 4 9 4
226 4 2 5 7 2 5 4 8 1 1
240 5 6 2 5 2 2 5 7 1 5
308 8 6 7 8 3 6 8 5 3 4
239 7 2 8 2 5 5 2 4 9 3
20
272 5 5 4 4 2 7 8 8 6 1
341 7 9 2 5 7 4 8 9 7 2
202 7 8 1 1 9 2 3 1 2 2
313 8 6 7 4 6 8 2 8 3 8
234 6 3 1 1 9 1 3 4 9 3
208 8 2 1 2 1 2 7 9 5 1
301 2 5 6 6 2 7 9 1 4 9
291 8 7 6 3 1 8 9 2 3 9
272 6 9 3 7 2 2 8 1 1 9
319 7 8 3 5 5 2 9 2 8 5
296 9 7 5 4 6 5 9 7 1 1
316 9 7 2 1 8 3 7 5 6 9
287 4 6 9 2 8 7 8 1 7 5
326 9 3 9 8 2 2 7 3 3 9
259 6 8 5 3 3 5 5 7 7 1
283 2 8 2 1 8 7 7 7 5 7
300 5 6 1 9 4 3 5 1 5 7
298 6 2 9 4 7 1 4 7 7 4
258 9 6 6 7 3 5 8 3 1 2
286 5 3 5 9 4 6 3 4 9 1
20
293 8 4 3 6 5 7 4 4 5 6
350 1 7 7 9 6 3 8 3 7 7
276 1 4 5 6 9 8 4 1 8 2
195 5 3 3 1 3 8 8 1 5 2
349 9 6 5 4 9 2 6 9 9 6
256 3 3 1 4 4 9 9 2 9 2
288 1 7 5 4 2 5 3 9 8 7
343 9 5 7 7 9 2 5 6 7 6
324 5 7 1 7 5 7 4 1 9 8
326 7 9 9 8 2 8 2 8 2 7
329 3 5 3 4 9 6 9 9 2 8
206 1 5 7 6 3 4 1 4 3 2
286 4 3 1 9 3 8 9 2 3 5
270 3 2 7 6 7 4 2 5 7 3
378 5 1 6 8 9 8 8 3 9 8
292 7 7 1 7 1 7 5 7 2 5
192 9 2 4 2 2 6 8 2 2 2
302 7 9 2 1 9 4 9 9 3 2
313 7 6 7 8 4 1 2 1 6 9
327 6 4 4 4 3 5 9 3 9 9
20
301 5 7 5 5 9 2 7 2 2 7
277 5 5 8 7 3 3 4 4 9 1
289 5 9 6 4 5 8 8 3 4 5
277 9 8 6 2 8 4 3 3 5 7
269 5 9 4 3 3 6 8 1 5 8
249 1 6 8 5 2 3 5 2 7 6
277 1 5 6 6 3 8 5 6 6 2
299 7 4 4 9 2 5 6 7 4 4
281 6 9 7 3 2 5 3 8 4 8
290 6 3 8 4 9 5 4 5 9 2
308 2 1 4 5 7 8 5 4 8 8
281 7 2 4 3 6 1 9 4 3 7
289 3 3 1 8 1 9 9 3 6 4
128 1 1 6 2 2 3 3 3 3 1
332 9 3 9 8 4 4 1 7 3 9
276 6 1 9 5 6 9 3 6 2 5
353 2 3 9 9 7 8 2 7 7 6
349 7 5 6 5 9 9 7 2 9 7
215 8 3 4 1 5 2 3 4 7 2
311 6 2 2 8 8 6 8 1 6 7
20
160 7 3 1 3 1 7 4 4 1 1
239 6 5 4 5 2 9 3 3 4 2
227 3 8 7 2 4 1 6 2 7 1
228 9 5 9 2 6 4 2 1 4 4
262 3 6 2 1 6 4 6 6 5 8
340 2 7 5 7 1 9 9 3 9 8
338 5 7 6 8 4 4 2 7 6 7
251 4 2 3 2 6 1 9 5 5 6
342 9 7 9 1 9 9 9 8 6 3
262 7 9 2 6 9 3 2 3 3 2
231 6 2 9 2 4 8 4 4 2 4
316 1 9 4 7 9 3 5 6 3 7
222 2 8 4 9 4 1 3 1 3 1
268 5 2 5 6 2 9 2 7 3 6
274 6 9 9 9 5 3 3 2 3 1
326 9 8 5 3 6 4 8 3 9 4
270 8 4 1 3 1 7 1 7 5 9
287 5 7 7 3 6 8 2 5 3 8
352 3 9 6 8 2 3 3 8 9 7
246 4 8 9 3 3 2 6 7 3 2
20
248 7 7 8 2 3 2 3 3 7 7
224 7 1 1 2 8 2 3 2 5 8
252 2 2 1 9 1 4 2 3 5 7
367 3 3 9 9 9 9 8 1 9 5
219 1 7 1 1 1 1 6 9 9 1
234 6 2 4 5 4 3 1 1 8 7
309 1 9 9 5 1 4 3 7 5 9
295 5 9 5 3 2 7 4 5 7 6
271 3 2 5 9 4 4 9 1 2 7
251 5 5 2 7 8 7 3 2 3 4
325 3 8 5 9 2 7 7 2 4 9
374 3 1 8 8 7 4 9 9 7 7
218 9 9 1 6 1 6 4 1 1 4
284 5 4 5 8 9 3 8 3 1 2
271 6 1 7 3 8 6 6 1 9 4
268 6 8 4 6 3 2 7 2 5 4
295 7 2 4 7 6 1 4 1 6 9
306 8 3 3 8 4 8 2 7 3 9
245 2 5 6 1 2 8 1 2 9 9
317 8 6 9 9 3 1 5 4 4 7
20
376 6 3 6 8 9 8 7 9 1 9
384 9 4 6 9 6 9 8 7 1 8
258 5 9 5 3 5 5 9 4 1 3
234 1 2 6 4 6 9 1 6 7 3
263 8 4 7 2 3 4 6 1 8 7
230 7 2 3 3 3 4 1 1 8 8
305 5 5 9 3 1 2 9 7 5 9
385 2 6 5 8 9 8 9 7 4 8
244 6 5 7 2 7 1 2 3 4 9
275 9 4 1 1 6 6 6 5 3 9
238 1 1 9 5 2 9 7 5 1 6
197 5 3 3 1 6 4 1 8 2 3
250 3 2 9 3 6 4 7 4 1 8
201 1 8 3 2 5 8 3 5 4 2
349 8 6 1 7 6 5 8 2 8 8
299 5 1 8 5 6 3 5 7 7 4
235 6 2 8 1 1 9 9 4 3 2
272 4 3 4 1 7 1 4 4 8 9
246 5 7 7 5 6 2 6 4 3 2
246 6 9 9 1 9 6 1 6 2 1
20
176 4 1 7 1 1 3 3 1 1 9
304 5 2 7 8 4 5 9 2 1 8
256 8 5 6 1 5 1 9 3 4 7
284 9 6 9 4 3 8 9 4 2 1
315 5 6 8 4 8 2 3 3 9 7
260 3 2 1 7 7 4 7 3 3 5
238 9 5 3 2 2 4 4 5 6 4
218 1 4 4 1 3 3 4 8 8 3
239 6 1 3 1 2 2 9 5 4 9
308 5 2 6 7 7 6 5 9 2 6
243 8 8 3 1 4 6 7 4 4 4
396 8 5 6 6 9 4 8 9 4 9
286 9 5 1 2 9 2 7 2 8 4
235 2 3 3 9 6 5 4 1 2 2
372 8 2 9 7 8 5 8 1 8 9
261 2 2 2 8 1 6 5 5 4 8
259 3 5 2 7 6 1 3 9 5 2
326 8 9 8 2 3 1 8 9 1 9
229 4 1 1 5 5 6 1 8 7 2
233 3 3 1 2 7 5 5 6 8 3
20
273 4 4 4 3 2 4 5 8 8 4
336 8 4 5 8 1 7 4 6 8 8
165 1 4 7 1 4 3 4 7 1 1
307 9 7 8 2 9 4 9 2 6 4
247 7 5 7 1 1 5 7 4 6 3
324 3 7 8 8 4 6 9 5 6 2
238 7 4 3 1 5 6 1 9 5 5
275 2 6 6 3 9 6 8 7 1 3
326 7 2 9 9 4 1 5 4 8 6
344 1 5 4 9 5 3 9 4 5 9
236 4 6 9 3 4 4 6 2 4 5
259 7 4 4 1 9 7 5 6 3 3
273 1 9 6 3 7 3 8 8 1 3
236 8 3 4 4 4 2 4 2 5 7
257 8 1 6 3 4 1 7 9 4 2
214 8 8 4 3 4 3 3 5 2 3
277 7 7 2 8 6 3 9 2 2 2
324 8 9 3 8 9 1 1 7 7 5
240 9 4 7 3 2 6 6 9 1 1
260 3 4 1 6 1 5 8 8 5 2
20
181 2 2 7 1 7 1 3 3 6 2
214 4 2 1 5 3 9 4 5 2 4
314 2 7 6 5 8 3 2 7 8 6
333 6 7 6 5 9 8 8 8 1 6
337 6 5 4 6 9 8 6 9 7 2
317 8 5 6 5 8 8 5 2 9 4
303 8 6 6 3 8 8 5 3 8 5
300 4 5 5 4 2 3 5 4 9 9
162 7 3 5 2 1 5 2 6 1 2
291 5 6 5 7 1 2 9 7 2 4
222 5 4 8 2 7 5 1 6 3 2
255 3 3 8 3 6 6 5 2 9 5
209 4 1 9 1 7 2 2 7 2 4
262 3 1 9 4 7 1 7 2 7 3
314 5 8 8 6 2 6 4 4 6 8
312 9 5 4 2 6 3 9 3 8 7
247 1 3 9 5 6 2 2 9 2 4
256 4 2 8 4 5 1 4 4 3 7
198 4 8 3 4 2 5 2 1 5 2
217 4 1 6 2 1 8 9 9 2 1
20
285 9 7 9 2 2 8 9 3 4 6
226 7 4 5 9 1 7 3 2 1 3
275 5 4 9 5 9 8 4 2 6 1
315 3 1 4 5 8 4 3 8 8 8
311 5 6 8 2 7 2 4 7 8 7
340 7 4 2 7 5 2 8 7 4 8
269 1 7 3 5 9 9 9 3 1 4
284 1 9 2 8 5 4 3 6 4 7
289 6 6 2 5 6 5 9 1 1 8
285 4 3 5 6 8 9 4 3 7 2
336 8 1 3 6 9 8 6 3 6 8
262 7 1 4 1 8 5 2 9 6 6
313 3 4 1 8 7 9 2 7 4 9
297 4 8 8 1 9 8 5 8 2 8
198 5 5 1 4 7 2 2 5 3 2
292 9 7 1 4 8 1 1 8 6 5
317 6 7 5 6 6 3 8 3 8 6
273 1 3 9 5 9 1 4 5 1 7
309 6 8 9 4 8 7 1 8 1 7
287 8 5 4 9 2 6 5 2 5 5
20
261 5 1 5 5 2 9 6 6 2 4
199 1 2 7 2 5 5 6 5 3 1
278 3 4 5 8 1 4 7 7 4 4
226 6 1 4 4 2 3 7 2 2 8
260 7 9 2 6 8 2 1 5 4 4
265 5 6 8 6 3 4 4 7 1 3
322 7 9 7 7 9 3 2 4 6 5
261 5 9 3 4 2 6 2 2 8 8
324 1 8 6 8 7 9 3 7 4 5
219 9 3 4 3 7 1 2 9 1 2
344 9 1 9 9 8 2 7 5 8 3
265 8 4 2 7 5 3 6 7 2 1
264 2 4 3 4 7 7 3 4 6 7
268 4 2 8 9 4 1 3 4 8 3
358 9 9 2 9 7 6 1 9 8 5
221 2 5 2 4 2 1 1 6 5 9
183 2 5 3 3 3 6 1 6 2 4
393 7 3 9 9 6 7 6 8 6 9
330 7 9 3 9 8 2 8 4 7 2
308 3 6 4 9 5 1 5 5 6 5
20
310 5 9 8 2 7 1 7 8 4 5
287 1 8 8 9 9 4 1 4 7 2
292 6 8 2 6 8 8 3 8 4 1
291 6 1 2 5 8 9 3 4 5 7
237 2 2 8 1 9 3 8 2 3 6
361 9 5 1 8 6 6 5 8 5 9
324 6 6 1 9 3 6 9 8 7 2
267 6 3 7 1 5 9 4 5 7 4
235 2 8 3 2 3 6 3 7 7 2
328 4 9 1 5 2 7 9 8 4 6
335 5 9 7 4 9 6 7 3 7 5
262 9 2 2 4 6 4 7 9 3 1
303 1 4 9 7 8 6 3 2 7 8
282 1 8 3 3 6 5 7 1 9 8
293 7 6 5 9 2 9 3 1 8 3
273 1 9 5 4 5 1 4 6 5 5
208 2 1 3 1 5 8 7 7 2 3
275 8 2 2 9 8 6 2 3 1 4
220 8 1 9 1 9 2 3 6 1 5
330 1 9 5 9 4 3 7 1 6 8
20
215 2 1 8 1 2 7 7 5 8 2
148 2 5 1 2 5 4 4 3 1 1
273 9 1 6 5 6 8 5 1 2 6
238 3 3 4 5 2 8 4 7 5 2
249 7 5 1 4 2 7 4 4 4 5
290 1 2 6 6 8 2 3 9 4 5
256 3 4 2 8 3 1 4 3 4 7
266 7 2 6 4 9 9 1 8 4 1
271 7 7 7 4 9 1 7 4 6 1
307 2 2 5 5 9 8 9 3 5 7
278 2 1 1 7 2 5 6 3 9 9
261 7 1 9 6 5 3 7 4 3 4
382 8 9 8 8 4 3 5 5 9 8
253 7 8 4 8 8 2 3 4 1 2
251 8 4 7 4 3 5 2 1 7 4
326 6 6 4 5 7 2 6 7 8 5
187 1 4 1 3 3 2 5 3 2 6
376 9 7 6 8 9 3 8 2 6 7
129 1 1 3 2 2 3 1 4 1 2
199 1 1 3 3 3 5 3 1 7 5
20
266 6 4 1 8 3 8 5 7 1 4
338 2 3 4 7 9 1 9 9 7 5
235 1 4 2 7 1 2 7 4 4 5
249 6 4 8 5 3 9 3 1 1 8
343 8 4 8 7 4 1 7 7 3 9
248 9 9 1 7 3 7 2 1 8 1
292 4 7 9 6 9 1 7 2 5 1
260 4 6 1 3 3 5 4 8 4 6
326 6 2 6 9 5 8 9 6 1 4
259 5 4 7 5 2 3 8 4 2 4
372 7 8 5 7 5 9 8 6 7 6
271 5 1 1 7 5 4 1 5 4 9
274 5 4 5 6 5 7 5 2 7 3
263 6 1 6 7 8 2 2 2 7 3
287 7 2 3 8 7 1 5 4 2 7
350 7 7 5 7 7 3 5 5 7 7
287 3 7 8 4 5 3 7 7 1 6
277 5 9 1 7 5 3 8 1 4 6
345 5 7 8 7 2 1 6 8 9 6
313 1 6 3 8 5 4 8 7 5 4
20
233 7 6 2 2 7 6 3 1 4 4
302 2 2 5 6 4 4 6 8 9 6
255 3 5 1 2 6 4 6 5 8 5
318 9 8 4 7 3 9 1 1 9 6
255 5 7 9 3 4 9 2 3 4 4
270 4 5 7 3 4 7 5 7 2 6
296 7 6 9 5 6 2 5 4 2 8
192 8 2 1 7 3 3 5 1 2 1
297 6 9 6 7 9 8 1 7 1 2
301 3 1 5 7 7 3 2 5 7 8
251 2 5 6 6 5 8 2 1 9 2
236 2 9 7 8 5 4 3 2 2 2
196 5 2 2 1 3 1 8 2 2 6
318 8 3 3 4 9 6 9 7 6 1
343 4 6 4 9 9 8 3 9 5 4
269 1 5 9 5 5 1 4 1 9 6
310 3 6 6 9 4 6 8 5 5 4
165 1 1 7 5 1 5 2 1 7 1
282 5 3 2 9 2 8 3 4 6 7
273 6 1 4 9 4 2 5 3 5 6
20
292 3 9 4 8 1 9 3 8 7 2
306 3 7 7 8 4 8 3 3 9 5
154 5 8 4 4 1 1 1 4 1 1
335 7 8 6 8 5 4 8 1 5 5
314 7 8 2 4 9 4 5 5 4 9
241 9 2 2 2 1 1 2 8 6 7
277 2 1 8 1 7 5 9 8 7 3
232 8 9 1 4 1 2 1 7 3 3
211 4 3 3 6 7 6 3 4 1 1
292 3 8 3 7 3 8 6 3 7 3
334 8 9 1 7 2 4 4 6 8 6
182 4 2 8 3 8 3 3 2 1 3
235 6 7 7 4 2 1 1 9 4 1
316 5 8 2 6 8 7 8 9 5 1
319 6 6 7 9 3 4 2 8 8 3
225 7 7 1 8 1 9 1 3 3 2
299 3 1 3 6 6 8 7 6 6 6
311 4 4 6 9 1 6 3 5 4 9
275 5 6 7 6 1 5 9 8 3 1
245 4 7 9 4 4 4 2 4 9 2
20
294 3 9 1 6 7 5 5 1 8 4
244 4 2 7 6 5 5 2 3 3 8
275 6 4 5 7 9 6 1 2 7 4
225 8 7 5 3 4 6 1 3 5 1
278 4 9 9 4 1 5 7 3 6 3
265 3 4 8 7 7 1 3 3 6 5
273 2 7 2 4 7 6 8 5 4 5
290 9 6 4 3 1 1 2 8 8 8
272 5 9 1 6 5 7 4 5 4 3
291 2 7 8 9 3 6 2 4 4 7
268 6 8 2 5 8 2 4 3 1 6
282 8 2 6 4 4 5 7 7 4 6
280 1 9 4 7 1 3 4 8 5 5
249 9 2 4 8 7 8 1 7 1 1
244 4 7 8 4 1 4 2 2 7 8
316 7 1 8 9 8 1 8 3 6 2
361 4 3 8 9 6 6 9 4 8 7
345 4 5 8 8 8 4 9 1 5 9
212 4 5 7 1 1 4 9 1 3 7
330 7 9 1 6 2 1 9 6 6 6
20
287 5 6 9 1 6 4 8 8 5 4
287 9 4 4 7 7 7 4 6 2 2
310 7 4 7 8 7 5 1 9 3 6
366 9 6 3 1 9 7 8 5 9 9
302 5 4 5 7 4 8 1 9 5 5
268 4 2 3 9 2 6 2 8 2 7
346 7 1 8 3 8 7 9 6 6 7
280 3 6 6 4 2 5 9 7 3 7
296 9 2 4 3 8 7 9 8 3 3
242 1 7 5 5 2 1 6 5 1 8
255 4 8 1 3 5 8 2 1 9 4
297 3 9 3 7 3 2 9 1 5 9
255 9 6 7 2 3 5 7 5 1 6
380 2 7 6 9 6 9 7 8 5 7
300 8 6 8 6 7 8 2 1 1 8
263 4 6 1 2 6 9 7 5 3 6
217 2 6 2 2 6 1 4 3 3 7
331 5 7 8 4 9 7 3 2 7 8
341 2 8 6 7 8 9 5 5 4 8
252 8 1 6 1 8 5 8 1 2 9
20
299 7 8 1 8 3 3 1 8 6 5
283 9 6 6 5 8 2 3 6 4 4
253 4 9 5 3 7 3 4 2 2 9
291 9 6 1 4 5 9 9 3 4 3
278 3 3 2 3 5 1 9 8 6 6
265 7 7 9 1 3 9 9 7 4 1
315 5 1 2 8 8 7 5 3 7 5
298 7 7 4 4 2 3 7 2 8 8
212 2 5 7 2 5 5 2 6 2 4
227 2 4 9 1 2 8 7 3 4 4
280 8 4 1 2 9 1 4 4 6 8
306 2 8 6 9 6 4 7 2 8 2
372 9 5 4 8 5 6 8 7 9 6
290 3 7 4 3 2 8 7 6 5 6
337 9 4 7 6 9 3 4 4 5 8
271 7 1 2 6 4 6 3 6 1 8
257 6 3 3 4 4 4 4 6 3 9
263 4 5 7 6 9 1 9 2 1 3
259 4 5 4 3 3 7 6 4 3 6
192 1 1 8 1 2 9 7 2 1 5
20
318 4 6 3 8 7 6 8 3 9 3
254 6 4 4 9 1 9 1 3 3 5
331 5 6 2 8 1 6 2 9 9 6
317 4 5 4 5 8 6 9 8 5 2
242 7 4 3 2 8 8 7 4 2 2
267 1 1 1 5 7 5 9 6 1 7
226 7 1 3 3 6 8 7 8 1 1
241 1 2 2 8 7 1 6 5 6 1
350 1 9 3 8 6 4 5 8 8 5
246 4 7 1 1 7 4 7 3 9 3
340 7 7 4 9 6 4 1 3 8 8
236 7 5 1 2 8 3 2 2 3 7
337 9 6 4 6 9 7 3 5 4 7
239 6 1 1 5 7 5 9 2 4 1
293 5 3 1 8 6 7 8 1 2 6
236 5 3 6 2 7 7 2 4 2 9
261 8 4 2 2 4 9 1 9 7 3
294 2 7 9 7 9 8 3 6 1 3
285 3 7 6 8 6 5 4 3 6 4
246 8 4 8 2 9 7 2 3 2 5
20
308 1 7 6 7 6 3 8 2 5 8
238 2 3 3 1 3 5 9 4 3 7
312 6 7 9 5 6 9 2 8 8 1
265 5 4 2 6 7 5 4 2 7 5
306 5 4 3 7 7 2 4 6 6 6
291 4 8 6 8 9 4 1 3 6 3
230 4 5 4 6 1 8 7 2 3 3
308 6 5 2 7 9 3 8 5 1 5
339 5 8 6 6 6 3 3 6 8 9
298 7 2 7 4 2 5 9 9 3 5
282 2 1 7 8 1 9 1 8 8 5
307 8 4 8 7 1 1 7 2 8 5
300 4 3 4 8 1 6 6 8 1 7
225 5 4 5 5 6 1 7 2 1 1
249 2 6 5 6 5 1 5 5 4 2
282 4 7 5 5 2 4 3 2 8 7
310 8 5 2 3 9 5 9 5 5 4
265 5 6 4 3 2 2 9 4 9 4
179 1 2 7 3 6 2 6 4 1 1
257 6 7 3 5 4 6 5 6 3 3
20
333 7 7 7 6 8 6 3 9 2 7
283 6 3 3 2 8 7 8 2 9 6
237 8 5 9 3 8 1 1 3 3 3
284 1 3 7 6 1 6 8 5 5 5
304 2 4 4 4 1 1 8 9 7 8
272 7 4 2 1 8 3 7 3 8 6
258 6 8 6 4 4 5 1 9 2 3
221 8 6 3 4 6 5 2 6 2 2
320 3 9 9 5 5 1 9 5 5 6
344 7 2 5 8 4 5 9 4 5 7
268 1 8 4 8 3 5 6 4 3 4
284 4 2 9 9 6 1 6 2 2 8
246 7 8 3 4 2 4 1 8 3 5
319 2 7 5 8 5 1 7 2 9 5
311 9 4 3 8 4 7 2 5 2 9
353 3 2 1 9 7 9 9 4 8 7
239 7 8 8 1 2 1 5 8 4 2
283 9 8 2 4 4 5 5 4 4 7
277 3 9 2 6 5 3 6 5 7 1
340 7 2 3 3 9 4 9 7 8 6
20
324 3 9 3 6 7 4 6 4 8 5
271 8 2 8 5 6 5 5 5 3 2
361 5 1 7 8 4 5 9 6 8 7
213 2 1 7 1 5 8 6 1 7 5
295 8 2 3 9 6 2 2 2 7 8
368 9 2 8 8 5 4 8 6 9 5
342 5 4 4 7 3 2 8 8 9 8
252 4 9 5 1 6 5 8 1 4 6
331 8 5 9 7 8 6 4 9 3 4
237 9 3 5 2 2 2 2 9 1 7
226 3 6 5 2 4 9 4 4 4 4
237 4 4 4 2 5 7 4 2 5 5
193 7 6 1 2 2 5 5 2 4 4
330 2 9 1 9 8 1 9 5 1 8
275 1 9 9 5 4 7 5 4 1 6
254 3 5 8 3 5 2 9 1 3 6
224 7 4 4 2 1 6 6 1 5 6
255 1 7 3 3 9 1 6 4 5 5
270 4 1 6 9 6 6 1 5 6 2
249 7 5 1 7 1 1 5 5 7 2
20
208 1 7 3 1 5 9 4 9 2 2
277 1 4 9 2 5 3 2 9 7 6
231 6 7 6 5 1 1 1 9 1 5
309 6 2 9 6 1 9 6 9 2 7
365 8 5 6 5 4 9 9 7 9 4
254 5 5 3 1 2 7 6 9 1 8
286 8 5 9 5 1 5 8 3 2 8
291 3 5 5 7 9 5 1 6 6 3
334 1 1 6 9 8 3 7 3 6 9
309 2 3 9 8 1 7 2 9 7 5
263 1 5 1 7 3 9 2 4 6 8
309 4 1 4 9 7 3 6 8 6 3
300 2 8 1 4 6 2 8 5 4 8
353 6 1 4 8 9 2 6 4 9 8
362 9 1 9 8 1 4 8 9 9 3
298 8 1 2 9 2 2 4 4 8 8
228 5 5 2 1 5 8 4 7 4 1
237 2 5 8 2 5 8 1 5 9 2
238 1 5 6 2 4 7 4 1 7 9
304 5 2 6 6 5 4 7 8 7 1
20
268 3 3 3 3 9 3 9 2 2 9
255 3 6 2 7 6 5 5 1 2 7
330 4 7 9 4 9 5 9 9 2 4
179 2 1 7 2 3 7 7 4 1 2
272 4 7 2 6 8 4 5 6 3 1
361 8 7 8 4 9 8 8 8 8 3
406 4 5 8 9 6 1 6 9 9 9
274 3 1 5 4 6 3 8 1 8 6
305 3 3 6 9 6 7 9 6 2 4
238 7 2 5 3 4 8 3 8 5 1
260 7 2 1 7 2 7 6 2 7 3
289 4 4 3 8 7 3 5 7 3 2
297 9 8 3 4 4 9 5 5 1 6
287 3 5 2 9 6 8 4 6 6 2
231 3 8 4 1 3 7 3 5 8 4
203 4 5 2 7 1 1 6 2 3 2
229 9 4 1 6 2 2 2 1 3 9
320 7 6 8 8 7 8 3 3 9 1
267 8 6 4 1 4 5 6 8 1 6
206 2 6 3 7 2 1 1 7 1 4
20
295 7 3 3 4 2 8 7 5 6 8
285 1 7 1 6 2 7 4 5 8 5
290 4 8 1 7 9 4 7 3 3 5
363 7 7 9 9 5 5 2 3 9 9
239 6 3 4 7 2 4 2 2 2 6
272 5 2 4 9 8 7 7 1 4 1
301 6 2 5 4 6 2 6 6 8 5
300 2 6 4 4 9 1 2 8 7 6
272 3 7 4 4 2 8 2 7 2 8
278 6 2 8 2 3 2 7 7 7 7
350 7 2 7 2 7 3 8 9 8 8
238 8 2 3 4 7 3 2 1 3 7
241 2 8 2 2 9 3 5 1 2 9
217 7 4 2 2 9 1 1 6 8 1
302 4 9 8 8 5 9 2 8 1 5
173 2 2 5 1 7 4 4 2 3 2
346 3 7 6 8 8 9 4 1 8 6
201 7 4 4 2 6 1 2 7 3 3
232 3 4 4 1 3 5 1 7 7 7
383 6 9 9 8 6 7 3 4 9 8
20
220 1 3 6 6 3 8 4 4 3 2
251 2 9 9 1 5 1 5 4 8 5
318 8 3 8 1 8 5 8 6 4 9
282 4 4 7 8 6 2 8 2 3 6
286 5 9 1 4 8 1 2 6 6 7
301 4 6 8 4 7 5 5 5 7 6
348 3 7 2 7 5 9 9 6 6 5
281 4 8 4 4 2 5 9 7 1 5
313 4 6 5 5 6 7 6 8 7 3
262 8 7 8 3 2 8 1 8 3 6
244 5 7 2 3 1 5 8 2 4 7
344 4 4 3 9 3 2 9 7 5 7
246 9 5 6 3 6 7 8 1 2 2
264 7 2 9 4 4 7 3 3 9 3
306 1 5 9 6 9 4 5 6 1 9
331 5 5 4 6 8 5 8 4 1 9
279 9 8 5 8 2 5 1 5 8 1
223 3 2 9 6 4 9 5 2 3 1
293 3 2 8 8 4 1 3 5 5 8
222 4 4 7 1 3 1 5 4 5 6
20
226 3 1 2 5 1 7 5 3 4 5
292 7 8 7 4 1 9 8 1 2 8
265 1 7 3 1 2 1 2 9 9 8
269 4 8 2 2 4 5 4 9 9 1
295 7 7 2 8 9 6 2 7 4 2
319 4 2 5 8 6 6 7 8 8 3
278 5 2 6 6 4 5 2 3 8 9
347 5 7 6 9 2 1 2 7 8 8
323 5 9 2 6 8 4 9 9 4 2
232 4 9 7 2 1 2 3 4 4 9
366 7 2 1 9 5 7 5 9 8 8
246 2 5 8 4 1 9 4 5 4 4
204 7 1 1 7 1 4 5 7 1 1
303 8 4 1 7 6 6 1 7 6 8
255 8 4 4 6 1 9 1 5 2 5
257 4 1 5 2 2 5 9 7 5 6
319 5 2 8 5 8 5 6 8 5 7
288 1 8 2 4 5 1 6 6 8 5
253 6 7 2 5 7 4 3 2 1 6
292 9 4 2 5 5 8 6 2 9 3
20
316 8 2 7 1 5 4 9 9 9 6
216 3 3 5 4 1 9 3 8 3 2
265 1 1 7 8 4 3 5 6 5 4
301 6 6 9 2 9 4 4 8 9 2
197 2 2 9 4 2 2 4 5 1 5
209 2 1 6 4 4 7 4 5 2 2
314 2 4 8 6 8 6 5 4 6 5
318 2 9 7 9 2 3 9 6 4 5
241 2 2 8 7 8 7 6 1 1 4
254 2 8 8 6 6 9 3 4 3 1
304 6 6 4 9 3 9 1 8 6 1
323 7 1 5 1 7 9 8 9 3 8
197 5 4 4 2 2 5 3 1 8 2
294 7 4 2 6 8 7 7 6 2 2
344 3 8 9 7 7 1 8 5 6 7
356 4 6 7 8 9 9 8 5 7 1
291 5 7 7 2 3 5 8 8 7 5
290 4 3 5 9 2 6 5 7 5 5
275 1 9 9 3 9 2 1 6 9 1
266 1 2 8 2 7 4 6 6 5 7
20
260 2 5 8 7 4 6 2 1 9 2
327 8 4 7 8 3 5 4 7 5 5
294 5 1 3 5 4 5 7 1 8 9
255 5 7 4 4 3 2 5 1 7 5
368 9 4 7 7 7 1 9 9 9 4
350 2 7 2 8 3 7 6 8 8 6
209 9 3 1 3 7 8 4 2 3 2
251 7 5 9 1 3 1 5 3 4 9
286 2 5 2 8 9 5 1 5 5 4
225 3 5 7 2 8 3 2 3 2 7
234 3 4 4 4 8 8 5 3 2 4
335 8 6 6 9 9 4 8 2 6 2
253 8 5 3 1 4 1 9 6 3 6
312 6 3 5 4 2 6 6 9 3 9
256 7 9 6 1 1 1 1 6 8 8
336 5 9 6 7 9 6 7 2 3 8
237 3 6 7 1 7 4 2 4 2 7
286 9 2 5 7 3 4 8 1 2 7
307 8 6 8 5 9 6 4 3 3 7
264 4 7 9 5 6 1 1 7 5 3
20
292 1 1 1 8 7 6 3 2 7 9
306 9 1 5 9 7 6 5 4 1 6
158 1 7 3 2 1 1 7 1 1 4
333 4 2 9 5 7 6 8 7 5 5
325 5 7 9 6 4 8 3 2 6 9
325 7 1 6 2 8 9 1 9 7 9
251 6 1 2 5 1 8 2 6 9 5
260 5 4 5 5 4 1 4 3 2 9
276 9 4 8 3 4 9 2 3 6 8
251 8 2 1 9 5 1 8 3 1 1
258 2 7 1 4 8 8 2 5 9 2
324 1 5 5 5 9 5 4 9 8 4
271 4 9 2 3 5 7 3 9 5 3
300 5 9 9 2 8 1 6 8 1 7
374 1 6 5 8 8 1 8 7 8 9
347 4 9 7 5 9 8 9 9 1 3
294 5 7 1 7 4 4 3 7 7 4
293 2 4 7 8 1 1 4 9 6 5
259 4 4 2 1 5 6 9 8 3 4
254 5 3 5 3 9 3 4 2 4 7
20
269 5 4 3 1 8 8 5 6 1 9
250 5 2 6 8 1 3 7 5 1 4
271 3 2 3 6 7 1 7 1 8 7
322 1 4 8 9 6 1 8 3 4 8
234 6 1 2 2 2 9 4 7 3 7
283 9 8 3 2 7 3 6 2 5 9
301 4 8 1 7 6 2 4 4 7 8
264 5 8 3 9 6 5 4 4 1 3
291 2 5 8 8 6 7 5 1 5 7
184 3 6 4 2 5 2 3 4 3 3
202 4 1 7 6 3 8 6 1 3 1
285 9 1 4 8 3 6 5 3 9 3
234 3 6 2 6 1 2 8 3 1 6
340 9 5 6 8 2 6 5 7 2 8
213 3 4 1 5 8 2 1 1 3 5
260 3 6 7 1 9 5 4 4 6 6
189 8 2 3 1 3 4 3 2 5 4
356 5 6 9 9 4 9 3 7 5 6
221 9 3 2 4 1 8 1 6 5 4
271 6 6 7 5 1 2 8 3 5 6
