100 10
500 500 500 500 500 500 500 500 500 500
25
283 9 3 3 5 10 10 2 9 2 10
349 8 10 8 4 8 6 8 10 9 7
213 2 5 10 2 1 2 4 7 6 2
224 1 2 9 5 2 1 10 5 5 8
195 10 1 2 1 7 6 5 5 5 8
167 3 7 2 4 1 2 1 7 3 6
188 3 3 6 2 1 5 2 6 8 3
302 10 10 8 5 2 8 4 3 8 7
166 2 3 2 5 3 5 2 1 1 4
153 3 2 3 1 10 1 10 1 3 2
221 2 6 3 3 4 3 5 7 5 10
220 5 8 4 6 1 5 2 3 1 7
276 2 9 2 7 2 6 10 7 10 5
264 8 9 3 6 10 5 7 2 2 5
254 4 3 4 7 6 6 4 2 6 7
219 8 6 2 3 10 1 6 8 6 6
275 3 4 5 5 10 7 4 3 7 1
336 9 8 6 7 7 9 10 2 9 3
247 6 8 1 2 9 10 3 3 5 7
272 4 6 8 6 3 7 5 2 4 4
327 8 2 5 7 7 10 6 8 6 9
246 9 8 3 2 1 6 10 9 10 3
263 8 1 4 7 9 6 7 7 4 8
237 1 2 5 5 4 6 5 10 7 2
315 4 6 8 8 4 3 3 10 9 9
25
224 7 4 8 7 2 3 9 1 2 3
286 4 1 7 6 2 9 9 4 10 6
298 10 4 3 6 10 5 10 9 6 2
201 10 1 6 7 1 2 4 2 6 8
286 2 1 3 10 9 8 2 4 9 7
270 5 7 7 1 9 5 7 3 6 10
336 8 6 8 10 2 10 9 2 5 3
219 8 8 3 3 3 1 7 8 5 5
260 2 1 1 10 4 9 6 6 2 6
256 5 1 2 10 10 6 3 1 8 2
291 4 10 8 2 4 7 6 8 2 8
261 1 9 5 7 8 2 6 1 3 10
263 7 2 3 6 4 8 9 2 6 7
213 1 2 4 2 6 7 8 1 3 7
339 1 8 9 6 8 9 2 9 6 7
293 7 10 3 10 4 6 6 6 3 5
278 4 6 3 8 7 5 7 3 10 4
315 9 2 8 7 3 10 8 10 5 5
288 7 7 4 5 9 6 4 8 6 10
211 4 8 3 1 2 2 10 6 9 7
305 2 2 6 8 6 9 10 6 10 2
242 8 6 3 7 2 6 2 5 8 5
235 1 3 4 6 2 6 8 2 7 10
263 10 9 1 4 4 9 5 1 6 8
194 5 2 3 9 6 3 1 2 2 2
25
269 9 4 3 5 5 8 10 6 5 1
341 4 9 9 9 2 10 3 6 8 2
282 1 5 1 10 8 4 5 9 7 10
373 5 7 9 10 8 7 9 7 4 7
267 10 7 5 10 2 2 1 9 8 8
288 6 6 8 2 8 8 4 5 7 9
297 8 5 1 8 10 6 5 4 10 2
284 6 5 7 6 3 9 1 7 6 2
242 2 9 5 3 9 1 2 10 4 8
211 7 2 4 7 2 3 10 3 3 5
378 4 6 8 10 8 10 10 4 3 8
255 6 5 3 7 8 9 6 2 3 2
298 4 6 7 6 5 7 10 2 6 3
219 6 1 3 5 1 7 4 8 10 8
312 6 9 10 9 9 2 4 6 2 3
258 7 1 10 1 9 9 9 2 2 6
281 6 7 9 6 3 4 4 2 8 3
239 2 9 2 3 8 4 4 8 9 6
264 3 6 7 1 5 10 1 5 8 3
247 5 5 6 3 2 9 6 4 8 2
190 2 2 3 3 2 6 9 8 4 4
266 2 3 1 6 6 9 7 9 7 8
208 9 3 2 5 7 3 6 1 6 8
217 9 5 2 4 9 6 2 5 6 2
216 2 4 4 2 1 9 3 9 8 3
25
218 3 10 3 4 3 1 2 10 8 6
268 4 3 7 6 6 7 1 10 7 5
272 4 2 7 5 7 9 7 6 4 2
294 8 7 10 7 4 3 9 1 5 5
213 2 1 1 10 2 3 4 5 10 10
224 5 1 1 6 5 9 9 4 2 5
239 5 4 8 2 7 4 10 2 6 2
291 2 10 1 10 7 4 8 8 2 9
336 6 7 8 8 7 8 2 10 5 7
223 4 6 1 7 1 5 5 10 4 8
228 3 7 4 2 8 3 10 5 3 2
288 4 7 3 9 9 7 10 2 1 5
275 4 6 5 10 1 6 9 3 4 3
201 6 1 5 4 7 3 8 8 1 4
314 7 8 6 8 8 3 8 9 8 7
204 8 3 5 1 4 6 2 3 4 9
380 1 8 8 4 10 10 7 10 9 10
246 4 3 10 2 10 1 10 1 8 2
274 1 1 1 8 8 8 7 10 3 5
243 8 5 3 3 6 6 3 7 8 1
380 3 9 7 10 10 9 6 9 10 1
202 1 5 4 5 5 2 1 2 8 2
260 8 8 4 6 2 4 7 8 8 4
195 5 7 5 8 2 2 4 1 1 3
298 7 5 9 8 6 3 4 10 2 5
25
292 2 5 7 3 6 9 4 5 8 7
226 4 9 5 1 2 7 10 8 1 2
214 10 5 3 1 7 1 10 8 9 2
223 4 8 2 5 1 8 6 5 2 6
255 1 5 10 10 2 1 4 3 4 4
330 8 8 5 10 4 10 9 7 4 4
233 6 3 5 2 1 7 9 7 9 9
255 7 4 10 3 4 7 6 4 4 2
220 8 4 1 1 4 8 1 10 7 7
351 4 9 7 10 7 9 6 6 3 2
256 8 4 3 1 9 10 7 6 1 10
213 5 8 2 3 6 3 8 6 1 2
220 4 3 1 3 9 4 9 3 6 5
199 2 1 1 5 3 4 1 9 10 9
259 4 10 9 2 2 5 10 2 5 10
171 1 4 6 1 2 3 2 2 10 3
331 2 9 10 9 8 5 6 6 1 9
260 1 4 5 6 5 7 7 3 4 6
265 3 5 5 9 7 4 2 3 8 3
254 8 8 7 9 2 2 8 7 3 1
309 5 5 7 8 8 9 8 1 4 5
270 8 2 5 6 7 9 4 6 1 6
245 6 2 9 6 4 6 1 3 3 3
295 6 5 7 8 9 7 2 2 4 9
235 8 7 1 2 5 5 7 10 9 6
25
229 1 5 5 5 6 2 9 10 3 2
309 1 10 5 8 1 9 1 5 8 10
321 3 9 8 5 10 9 5 7 1 9
370 9 9 10 8 10 7 2 10 6 10
266 9 2 8 3 5 8 6 9 1 4
316 10 2 8 5 5 9 8 4 10 10
172 5 1 2 8 2 3 9 4 2 2
303 9 7 2 9 9 5 3 10 6 10
167 6 4 2 1 4 3 10 6 3 6
340 4 7 4 10 10 8 1 10 4 4
225 7 2 3 4 7 9 1 5 8 2
268 9 5 1 5 9 6 10 1 8 3
281 1 8 10 6 7 5 4 4 1 7
310 7 2 5 10 5 10 2 9 4 3
185 2 1 8 5 1 1 3 5 5 1
279 6 7 3 2 6 8 7 8 8 5
253 6 1 2 9 6 2 7 10 7 5
187 10 10 2 1 4 3 2 10 2 7
259 3 1 10 2 8 7 2 6 6 5
222 9 3 8 1 8 3 5 6 1 9
158 9 2 1 2 7 3 3 2 6 5
252 10 9 2 7 6 3 7 2 9 3
340 10 10 5 9 8 9 3 4 3 7
213 7 8 3 2 10 4 7 1 1 7
223 9 4 2 6 9 4 9 3 2 3
25
201 7 10 4 1 6 1 3 6 5 3
270 3 5 6 4 7 8 2 10 4 5
230 10 9 3 2 3 5 9 4 9 3
294 8 5 4 5 7 8 7 9 8 6
234 10 2 1 5 2 5 6 6 10 9
277 9 6 4 5 10 4 4 9 4 8
283 8 4 5 2 7 9 8 9 8 6
305 5 5 9 10 5 4 7 6 3 2
212 5 2 7 6 3 4 2 4 2 9
276 3 5 7 10 8 4 1 6 2 8
279 7 3 6 9 2 2 9 8 10 2
211 6 6 6 2 4 4 7 10 3 2
262 4 3 9 3 4 6 4 9 5 9
294 1 10 3 4 10 8 7 3 3 7
268 8 4 8 6 4 6 5 2 2 8
252 3 7 1 8 2 8 5 2 5 8
334 6 10 9 9 8 1 6 10 3 4
171 1 2 1 1 2 7 6 4 7 7
285 2 3 10 8 10 4 9 1 1 5
235 2 5 7 6 7 1 8 1 5 10
223 1 2 6 2 7 8 2 1 3 9
207 8 9 5 6 8 1 2 3 1 1
202 7 3 3 1 3 10 8 4 4 6
260 1 6 3 4 7 5 6 2 9 9
295 5 1 7 8 10 10 3 7 3 2
25
270 6 10 5 1 9 5 5 8 8 8
236 8 5 2 9 7 2 7 4 2 1
263 5 3 4 6 5 10 8 7 4 2
189 1 10 3 1 3 4 3 3 4 8
291 2 7 7 3 10 10 2 5 4 7
301 9 2 5 8 9 5 6 7 9 8
176 4 4 7 2 4 2 1 4 1 2
199 10 5 1 1 7 5 5 1 6 6
283 1 10 5 8 6 6 6 5 1 10
258 7 9 8 1 6 3 6 7 8 6
253 6 7 3 9 1 7 4 2 5 8
339 5 6 10 7 4 10 10 5 1 5
259 3 9 9 1 10 3 1 3 8 4
314 6 10 3 5 9 9 8 9 3 3
291 10 6 2 8 8 6 10 1 8 10
259 9 8 10 4 1 2 2 2 10 9
269 6 5 3 9 2 1 9 10 9 6
194 4 3 8 2 1 3 8 1 9 2
267 6 5 10 8 3 2 3 5 9 3
277 3 10 9 10 2 3 8 1 2 7
384 3 6 10 10 9 6 2 8 10 8
286 7 10 7 3 2 9 6 1 7 9
321 6 8 8 2 9 10 3 7 4 10
226 2 1 3 2 5 7 4 9 10 8
259 1 2 2 9 6 5 10 5 6 2
25
286 6 9 9 6 9 1 1 5 9 4
235 8 8 5 1 2 5 9 10 8 3
264 7 6 5 1 9 8 4 7 3 9
188 6 2 3 6 3 4 6 4 2 4
282 10 9 2 5 3 10 10 9 5 1
203 2 4 7 2 9 4 3 1 5 2
260 3 3 8 7 2 4 9 2 9 4
354 9 2 8 9 9 9 9 3 7 9
259 1 3 10 2 3 9 4 2 5 9
262 9 3 4 9 7 6 5 4 7 2
246 9 3 8 1 8 7 6 6 3 2
297 6 5 5 7 4 9 8 8 6 9
258 1 2 2 9 10 5 5 1 6 7
296 6 4 9 5 3 9 10 2 2 8
159 7 2 4 1 4 3 3 1 10 6
322 6 7 9 9 6 9 5 2 1 1
231 10 6 7 4 1 1 4 10 5 4
245 2 3 4 10 7 2 2 1 10 8
234 1 2 5 4 6 7 1 7 4 4
176 10 2 2 5 8 1 5 1 1 6
288 3 4 6 7 6 9 4 4 3 8
258 6 5 7 5 9 4 2 4 8 4
300 2 6 4 10 6 6 6 7 6 6
217 8 8 2 7 4 1 4 6 2 7
334 4 4 7 10 1 10 5 10 5 7
25
278 2 10 3 6 6 7 8 3 4 3
227 10 3 2 6 9 4 7 3 4 10
227 3 1 7 6 7 2 3 5 6 6
277 6 8 10 2 7 5 3 7 2 4
224 2 1 3 9 2 4 6 2 10 9
299 8 10 6 6 9 7 2 6 5 1
216 2 10 1 2 2 8 5 4 3 4
237 5 6 10 2 4 3 1 5 9 10
281 5 9 7 4 6 5 8 2 8 10
189 6 5 1 2 1 5 10 1 9 10
259 3 4 3 1 7 10 5 9 7 9
222 1 7 5 1 10 1 3 3 8 8
327 9 2 10 6 4 8 8 8 9 8
360 9 2 10 8 10 10 6 9 2 2
316 2 3 10 9 1 9 7 4 4 8
230 6 4 7 4 6 1 2 4 10 2
286 8 3 8 5 6 10 7 1 2 8
238 6 6 3 10 2 3 5 3 7 8
358 6 5 8 5 8 10 10 5 8 10
303 10 6 8 9 8 4 2 6 6 2
293 1 5 7 4 9 4 8 4 10 6
248 1 2 3 6 3 9 2 5 10 3
253 1 4 6 3 4 6 10 7 10 4
312 8 3 8 7 4 10 1 6 9 5
240 1 3 6 5 3 9 7 9 2 1
25
235 5 10 1 6 1 9 2 5 2 5
308 7 4 10 6 2 9 7 9 3 4
291 9 9 2 4 6 8 7 8 8 3
244 5 6 1 9 2 3 7 3 10 10
234 10 3 2 6 1 8 1 3 10 10
303 1 9 6 9 1 8 10 2 8 5
312 5 9 4 10 7 4 9 5 6 9
253 1 8 3 10 5 2 7 6 6 2
328 10 4 9 5 6 8 7 5 10 6
219 1 1 6 4 3 5 3 10 1 10
257 9 7 2 6 3 9 3 4 6 9
235 7 7 3 4 5 4 7 1 9 3
247 8 6 2 6 9 7 6 1 5 4
284 2 4 10 8 9 3 6 9 2 2
239 8 1 1 9 6 4 9 4 7 3
219 2 1 5 1 7 3 3 10 6 10
277 6 1 3 7 9 9 3 6 3 9
259 3 9 4 9 3 1 5 5 7 1
305 4 10 4 7 3 8 6 10 8 7
192 6 10 4 2 3 1 4 2 8 9
308 2 10 7 5 1 6 7 5 10 8
199 9 4 4 1 6 4 4 8 8 2
195 4 3 5 7 1 2 2 6 4 7
261 1 7 3 5 2 10 10 3 3 2
261 4 10 1 4 1 9 9 10 2 10
25
279 3 9 2 4 9 10 4 2 2 9
278 6 7 9 2 9 6 5 4 1 5
229 8 6 1 3 10 3 7 3 9 8
269 10 5 3 7 8 5 7 5 6 2
242 10 10 2 1 8 1 10 10 9 3
183 5 4 3 3 3 3 5 2 7 6
276 5 6 9 4 10 3 7 1 8 7
203 5 1 8 1 6 3 9 2 3 10
296 6 9 2 5 9 9 3 6 9 1
249 8 3 9 2 7 3 9 6 9 1
308 4 9 7 10 8 6 5 4 1 6
264 8 3 7 10 2 2 9 2 9 8
252 4 4 10 5 2 6 4 7 6 2
204 4 4 2 4 10 4 2 9 3 4
271 5 4 7 6 9 5 8 2 3 6
287 9 4 3 9 3 8 5 2 7 10
282 7 6 3 7 10 7 8 2 5 8
316 4 3 3 8 7 9 4 10 10 3
323 7 9 4 8 4 6 10 7 4 10
336 8 8 6 8 10 9 2 8 2 7
215 7 9 7 1 3 1 10 1 9 1
316 4 10 8 7 4 5 1 7 9 6
282 1 8 5 10 6 4 4 4 1 6
287 3 8 9 4 4 7 2 9 7 4
265 2 4 8 10 1 2 6 2 10 2
25
224 2 2 7 1 9 3 6 8 3 7
254 5 9 7 4 8 3 5 1 3 3
267 4 5 6 9 5 6 5 5 4 4
216 4 2 1 5 6 9 10 1 3 2
192 3 2 2 2 6 5 1 9 3 10
280 10 7 1 4 10 8 10 3 8 8
324 8 10 9 7 5 3 8 10 2 10
258 3 8 3 4 6 7 2 6 10 6
232 7 2 2 4 3 6 6 9 7 5
280 8 7 9 1 5 7 1 8 7 6
224 2 5 8 2 3 3 4 3 10 3
258 9 2 6 8 6 5 4 8 1 2
260 6 1 3 10 7 2 7 10 7 9
208 2 9 4 8 1 2 7 3 3 2
223 4 4 4 1 3 9 6 5 6 5
287 5 8 5 3 9 9 5 2 8 10
296 9 10 1 5 8 10 1 7 10 3
309 3 7 8 10 5 5 1 4 9 9
269 8 2 9 5 3 1 10 9 7 7
278 8 5 7 4 7 8 9 4 2 7
222 8 1 2 4 6 8 4 2 5 10
233 2 3 10 1 6 2 9 4 3 7
224 1 4 8 3 6 2 3 6 6 9
269 1 4 1 8 4 8 6 6 7 8
294 2 4 9 6 10 1 10 10 5 1
25
272 7 9 4 3 2 7 9 6 10 10
348 5 4 9 10 8 10 10 1 1 9
239 10 2 5 5 1 8 1 10 4 7
239 9 8 1 6 6 4 5 2 3 10
295 4 8 4 10 4 9 1 6 4 8
283 6 7 5 4 10 5 6 9 3 2
218 3 1 5 1 9 6 1 4 10 10
274 7 9 3 4 4 10 7 1 9 6
315 6 3 8 9 7 6 7 9 5 10
221 5 2 5 3 8 5 9 3 2 10
267 5 2 10 6 1 10 1 4 5 2
234 6 2 1 8 3 3 9 2 8 9
330 1 2 10 5 7 10 6 6 10 9
227 5 8 1 6 5 5 6 4 5 7
297 6 1 10 4 4 9 9 8 4 6
277 10 1 8 8 3 9 10 2 3 7
283 5 10 4 9 1 8 7 4 2 10
267 6 1 5 10 4 4 3 10 9 1
204 10 4 4 3 3 3 10 10 2 6
270 6 6 9 4 10 3 9 2 1 10
191 5 10 1 4 1 2 8 7 2 2
298 5 7 3 6 2 7 10 9 8 7
236 5 4 5 3 1 9 3 7 6 5
220 3 9 7 1 6 3 10 1 7 1
219 2 8 3 1 2 10 4 2 2 6
25
325 4 10 2 10 3 9 9 4 4 9
173 1 3 3 2 4 5 3 5 8 2
309 1 7 7 6 8 9 8 8 2 7
262 6 7 8 8 6 4 1 3 7 1
230 1 4 2 7 2 6 5 5 8 10
244 6 4 6 5 7 3 2 10 3 3
274 7 9 1 6 8 7 2 6 4 7
329 6 4 8 7 4 8 10 8 9 7
200 1 4 3 5 1 2 6 5 10 10
281 2 9 1 6 7 7 9 7 5 10
287 4 9 9 5 4 4 7 10 3 3
222 3 8 3 2 2 4 4 8 9 6
219 6 8 6 3 6 3 2 8 5 1
202 5 8 5 8 2 2 1 6 2 2
174 8 1 1 2 3 6 5 7 3 7
270 3 6 2 6 5 10 5 3 6 9
249 2 6 6 7 1 2 10 3 9 7
193 8 7 3 1 3 2 8 7 6 4
183 7 3 2 9 3 1 4 3 1 3
280 5 8 9 6 1 3 9 2 10 6
238 3 6 1 8 8 1 8 8 4 7
272 9 2 8 5 9 2 5 6 10 7
289 8 4 5 9 8 3 9 6 6 3
270 2 4 2 9 4 4 8 8 9 3
245 9 8 10 7 2 1 3 9 2 3
25
296 3 10 6 9 1 3 9 2 10 2
310 5 8 10 8 4 7 8 5 4 2
334 5 9 2 8 9 9 2 8 8 7
275 9 1 8 3 3 9 6 6 9 9
287 1 7 4 10 9 2 7 7 3 6
219 4 4 4 3 9 3 10 4 6 5
285 3 9 2 6 8 10 1 4 7 2
229 3 9 3 1 4 9 1 1 7 8
255 5 9 8 1 2 3 10 6 5 10
233 5 2 8 5 9 1 3 8 4 3
253 2 3 9 1 10 4 7 8 4 5
292 4 5 3 8 4 7 3 7 10 6
225 8 4 3 3 8 9 1 2 3 9
219 8 5 9 7 1 2 1 5 5 1
279 4 8 7 9 6 1 3 3 9 5
206 5 7 5 1 6 4 6 3 1 10
318 5 10 9 7 5 4 9 9 3 7
264 5 1 8 4 7 7 5 6 7 1
269 8 9 6 6 10 1 9 3 2 7
231 1 8 4 2 9 4 7 8 5 1
270 10 6 3 6 8 6 8 1 9 1
280 4 6 9 4 1 9 1 9 4 7
180 9 4 1 5 9 1 6 3 2 3
296 9 1 8 7 9 7 7 2 8 6
233 4 10 5 4 5 3 4 2 7 5
25
297 10 1 9 7 7 2 5 10 7 9
333 2 5 9 7 6 10 5 5 8 1
161 1 1 4 5 2 4 1 2 6 2
188 1 1 5 3 1 4 9 1 6 5
229 5 3 8 1 4 8 3 1 6 3
259 4 9 8 9 2 1 4 7 5 2
268 9 2 5 5 7 4 4 8 9 5
250 8 3 8 3 5 9 7 1 4 2
146 1 2 1 3 2 1 5 4 7 6
231 8 1 5 4 2 7 9 8 2 5
232 5 4 6 4 4 4 9 1 3 7
294 6 3 8 10 7 3 3 4 3 9
217 1 2 5 1 3 3 9 8 7 9
299 2 7 8 5 1 9 10 10 5 7
272 8 7 9 3 7 4 10 3 3 9
355 9 9 9 8 10 4 4 1 10 8
190 5 7 9 2 1 2 3 3 4 3
273 7 3 10 8 3 2 2 6 6 9
278 4 10 8 4 3 7 3 4 2 10
233 2 2 4 2 5 10 1 6 7 6
344 2 8 9 3 10 5 9 9 8 10
216 1 3 5 6 2 4 4 5 9 7
214 7 1 3 4 2 5 7 1 10 8
214 10 6 3 4 4 5 7 1 6 3
282 10 9 10 6 3 1 6 6 10 3
25
239 1 4 3 7 8 5 1 2 10 6
225 5 4 2 10 7 1 2 6 2 6
282 2 4 4 4 10 8 7 1 9 3
227 9 2 5 9 4 1 6 7 6 4
264 2 7 2 9 6 6 2 2 5 6
190 4 3 8 4 2 1 4 5 2 7
297 5 3 10 5 4 5 9 10 9 6
251 3 4 10 1 3 9 8 3 5 3
212 1 7 6 2 1 5 2 8 4 10
233 1 4 5 3 7 9 3 5 5 2
292 6 9 7 10 4 3 7 1 7 7
270 8 7 1 9 7 5 1 1 7 10
258 9 5 7 4 1 7 10 5 4 9
236 4 1 2 9 6 6 7 1 2 7
319 4 7 8 10 6 2 8 7 9 3
265 7 9 5 4 3 3 10 3 8 8
366 8 9 10 8 9 4 4 8 8 5
205 10 10 1 3 9 1 3 8 2 7
311 8 3 6 10 1 9 6 8 5 7
326 5 10 8 5 9 3 10 9 10 4
254 9 4 1 3 9 5 9 5 8 5
221 1 9 8 2 1 5 4 1 8 3
268 4 9 7 10 6 1 2 1 3 10
195 8 1 1 3 8 3 5 6 9 1
271 3 5 7 4 9 2 8 6 8 6
25
273 5 7 4 3 9 8 3 4 8 3
292 7 9 5 6 9 8 6 5 3 4
226 9 6 5 6 2 2 6 8 6 4
310 2 4 3 6 7 10 6 8 8 6
203 1 6 3 2 1 3 9 10 5 5
297 5 10 10 4 7 1 9 8 4 8
396 10 8 8 10 5 10 8 4 8 9
198 1 1 3 3 7 7 2 7 1 9
295 9 2 7 6 8 8 9 4 4 6
224 10 4 3 6 7 2 8 10 4 2
296 9 8 3 10 6 2 6 4 7 10
150 8 3 4 2 1 1 9 4 6 3
303 5 9 9 1 7 6 2 8 10 3
220 4 1 7 5 8 5 1 4 2 1
269 4 6 9 2 9 3 5 5 8 4
186 9 10 1 4 3 5 4 5 1 2
286 5 7 10 1 10 8 2 2 10 3
279 8 4 3 5 9 10 1 8 7 8
289 9 5 8 9 3 4 8 9 4 1
161 5 2 1 2 2 2 4 8 5 9
286 3 2 9 2 9 9 1 9 4 6
313 5 10 4 8 6 4 7 6 9 5
261 6 5 5 10 3 3 1 8 7 5
208 8 5 1 3 8 5 8 3 5 3
192 2 4 1 1 5 10 4 3 7 2
25
229 7 8 5 4 7 4 1 4 6 1
233 10 2 9 8 1 3 1 5 4 3
272 5 2 1 9 3 10 5 8 8 7
305 8 5 6 8 6 9 10 7 1 2
355 6 8 8 10 10 8 1 5 8 4
234 8 10 4 1 7 1 3 7 9 10
282 9 10 6 4 5 7 7 3 5 5
228 4 10 1 3 4 4 10 2 9 5
218 3 10 2 5 1 2 3 10 7 1
290 1 8 7 8 7 2 7 1 7 7
306 4 10 1 9 6 8 4 7 4 6
289 3 2 8 7 5 8 4 5 8 7
273 4 4 5 9 9 1 7 7 6 8
242 10 2 7 4 10 2 10 1 9 2
268 4 10 3 8 5 3 9 1 8 2
274 6 2 7 9 8 3 10 5 1 9
200 9 3 4 6 9 1 3 1 1 6
244 9 6 5 4 5 4 3 9 4 2
249 8 1 5 8 9 2 2 7 4 6
259 6 2 5 6 4 10 9 3 3 3
218 3 3 2 6 4 10 1 2 7 5
224 3 7 4 4 8 6 4 1 3 6
326 2 4 10 6 8 3 8 9 8 10
286 6 8 3 10 1 6 9 3 9 7
282 2 2 8 7 9 1 9 9 8 1
25
308 8 8 10 3 1 6 10 7 10 8
258 4 10 6 3 8 1 8 5 5 4
347 9 10 8 8 10 5 4 1 10 6
257 8 2 3 5 7 9 5 6 4 10
234 2 8 7 6 1 8 1 6 1 1
213 5 3 5 2 6 6 1 7 7 4
211 2 7 1 7 2 4 6 1 9 1
264 9 9 5 8 7 2 2 6 4 3
283 4 6 7 9 2 6 4 9 5 6
289 8 2 1 9 7 8 4 5 10 5
276 3 1 10 5 6 3 10 7 8 4
256 9 5 6 3 3 8 3 4 8 7
236 5 6 4 1 6 9 7 8 4 1
296 7 3 7 2 10 10 3 9 6 4
349 3 5 2 10 10 9 8 4 10 9
293 10 7 5 9 4 3 7 4 10 7
242 1 9 7 7 4 1 5 7 4 3
296 9 9 5 4 5 8 10 2 5 7
314 5 3 9 7 7 9 3 8 2 8
189 10 7 3 4 3 3 9 1 1 2
277 1 9 7 8 10 1 6 1 8 3
264 9 5 7 3 9 5 4 2 8 4
325 10 7 10 10 4 3 10 1 10 2
309 7 4 7 9 8 6 5 9 3 9
232 8 8 7 2 2 3 10 2 6 1
25
277 5 9 3 3 9 8 6 3 9 3
328 7 6 8 7 9 6 6 6 8 7
343 4 7 9 9 5 7 10 10 3 10
326 1 2 10 5 7 10 5 10 7 3
297 10 4 7 8 10 4 9 3 5 8
286 7 6 9 8 1 5 1 6 4 9
242 5 1 8 4 2 9 7 7 1 1
282 6 6 6 6 4 10 2 6 5 4
251 1 1 9 3 9 6 2 9 8 2
264 6 1 8 9 1 4 6 3 9 7
339 4 9 9 10 4 7 8 7 1 10
263 1 7 5 3 1 7 9 2 10 10
245 7 8 2 9 1 4 5 6 6 2
376 7 10 10 5 10 8 6 5 9 4
263 7 3 2 7 6 8 5 3 8 10
313 9 9 4 6 5 7 9 3 8 6
193 9 5 2 1 6 3 5 4 4 10
323 8 6 5 7 8 8 3 10 7 10
291 10 10 4 10 10 2 7 2 4 3
232 4 8 8 3 3 2 8 1 5 10
334 3 10 10 4 3 9 9 3 8 3
265 7 9 5 6 8 3 6 2 3 5
265 8 6 2 4 7 5 6 7 10 1
224 3 7 10 3 1 1 6 7 8 4
247 5 5 7 6 6 2 8 1 6 8
25
232 9 5 2 7 6 7 1 7 1 6
312 10 3 5 6 8 7 9 6 9 3
193 7 5 5 5 1 4 4 8 2 2
290 7 5 9 9 1 8 3 6 1 8
294 10 8 9 6 7 7 1 4 4 1
187 8 1 5 3 7 1 7 4 6 7
301 2 9 1 7 8 6 10 7 5 5
223 7 7 7 1 3 4 7 8 3 7
175 9 1 8 1 1 1 5 4 9 7
235 1 1 9 5 1 8 2 7 2 8
234 4 9 7 2 2 6 2 4 6 4
306 8 8 7 9 10 3 2 7 4 1
200 1 6 3 1 5 1 10 10 7 1
286 5 3 3 8 6 8 5 9 3 7
233 10 7 5 3 5 6 2 1 6 7
298 5 2 3 6 2 10 10 10 10 3
178 8 1 1 1 6 10 7 1 2 7
345 5 5 7 10 8 10 8 3 5 7
316 1 8 10 5 5 8 3 10 3 2
184 2 1 4 1 3 6 7 8 3 7
269 5 1 10 8 2 8 9 7 1 3
289 8 7 9 8 4 8 1 7 1 1
318 8 4 1 6 10 10 6 9 9 3
209 9 5 2 2 1 10 5 2 6 4
324 1 9 9 8 5 8 4 3 6 3
25
241 2 3 5 8 3 8 4 3 3 8
292 6 5 5 7 10 7 9 9 3 1
306 2 5 7 7 5 10 10 7 2 5
367 5 7 10 4 9 9 6 9 10 7
305 10 6 4 9 3 8 2 3 8 10
291 7 2 7 9 10 6 6 1 5 4
294 9 2 5 7 8 9 5 5 8 5
335 2 3 7 5 8 7 8 10 10 9
261 7 2 2 8 7 4 10 10 7 3
235 10 4 4 3 8 5 4 2 7 3
229 10 1 2 8 10 3 2 3 7 2
275 10 9 8 7 2 1 4 6 9 8
277 3 10 2 6 3 8 10 4 4 2
141 7 4 2 3 3 1 7 3 1 4
264 10 4 5 8 2 4 9 6 5 3
230 5 8 4 4 7 1 8 2 10 5
153 6 1 3 3 4 1 1 6 2 6
288 7 3 4 10 9 8 6 1 1 6
202 7 3 3 3 3 5 3 9 8 5
264 6 10 9 2 4 5 3 3 6 2
297 4 8 6 5 10 2 10 5 10 6
271 2 4 8 8 2 6 4 10 3 7
266 4 5 10 8 6 3 2 10 1 5
242 6 2 8 6 3 3 8 10 2 8
277 7 3 8 9 5 2 6 5 4 7
25
282 7 4 3 7 7 9 5 5 7 7
248 5 6 2 7 9 6 2 9 1 9
302 6 10 10 4 3 6 9 7 3 7
243 4 10 7 3 1 1 10 8 3 10
247 10 1 10 3 3 4 7 6 8 1
297 2 8 5 9 7 4 4 10 6 1
305 3 4 8 7 7 5 9 2 9 5
271 3 9 3 7 8 4 2 2 4 10
292 1 6 1 9 9 5 8 9 6 2
135 1 1 1 3 3 4 6 1 4 1
259 4 3 5 6 5 6 10 6 6 4
244 7 8 1 6 4 5 6 5 9 8
211 9 7 2 3 6 6 4 7 1 4
280 8 10 7 3 2 10 10 1 3 9
358 8 7 9 6 9 6 6 8 8 9
279 1 8 5 9 6 3 10 2 7 6
283 4 10 4 4 6 3 10 7 8 3
325 8 3 7 10 9 8 3 5 4 4
242 6 10 8 1 5 3 4 7 5 6
390 5 5 9 10 10 10 6 10 4 7
188 4 3 3 2 6 7 2 2 1 6
284 5 9 7 7 8 1 7 4 6 3
289 7 5 5 9 10 2 5 5 6 2
389 9 10 10 8 4 10 8 7 8 5
245 2 2 2 3 5 9 8 8 7 7
25
319 1 3 10 10 7 4 8 8 4 8
224 10 4 1 6 7 4 8 3 3 1
277 5 1 8 9 5 7 4 5 2 4
297 2 3 4 7 7 9 4 9 10 7
332 9 9 8 8 5 3 9 8 6 8
255 3 2 6 6 3 6 4 9 10 2
261 5 10 2 10 1 2 7 9 2 7
246 2 6 2 5 5 9 4 5 2 5
306 7 5 5 7 6 10 4 1 10 6
290 4 7 4 7 7 9 2 6 2 5
231 2 6 8 4 2 4 3 8 2 9
202 7 2 3 5 7 5 1 1 7 2
275 4 1 10 6 1 7 4 8 6 3
201 10 4 1 2 4 6 4 6 6 2
227 1 3 2 4 6 9 5 3 4 1
224 3 2 10 2 4 2 9 9 5 2
268 5 5 4 8 7 6 3 6 3 5
281 7 8 4 9 7 6 2 1 2 9
263 6 6 2 10 7 5 1 1 3 9
270 7 5 7 6 4 5 4 7 5 10
275 2 3 10 3 6 5 9 9 1 7
246 4 4 1 7 8 5 8 8 3 5
276 6 1 10 8 10 2 2 5 7 1
253 4 4 1 6 9 10 2 7 4 5
278 5 4 10 10 1 2 10 4 5 7
25
292 7 5 6 9 8 10 1 3 1 8
279 2 1 7 3 4 10 7 3 9 9
302 8 5 8 9 10 3 7 4 4 5
238 5 8 1 2 9 5 6 6 4 5
235 3 5 9 5 2 6 2 5 4 5
192 5 9 4 1 8 2 6 2 4 1
283 5 2 9 3 5 8 4 7 10 3
307 10 1 10 10 4 7 4 10 4 1
243 9 1 8 1 9 7 3 8 7 4
216 9 6 3 4 5 1 2 7 10 8
286 9 9 8 3 5 6 10 9 3 4
263 5 7 2 6 9 2 3 8 10 7
226 3 5 1 7 4 9 2 2 2 4
277 10 6 7 5 4 4 1 3 10 9
328 5 8 9 7 5 5 9 4 8 5
244 4 5 3 7 2 3 7 8 6 6
236 4 1 10 10 2 3 3 1 2 1
284 2 3 1 10 8 9 7 5 2 4
293 4 8 2 6 3 7 10 4 10 8
295 10 1 8 7 10 3 9 10 2 8
166 2 1 2 1 7 7 4 3 4 7
270 9 7 7 1 4 10 1 9 10 3
161 3 2 3 1 2 3 2 7 10 6
203 5 9 5 2 6 2 2 3 9 3
360 3 5 7 10 5 9 10 7 10 10
25
304 9 2 5 7 7 8 5 10 8 6
326 7 8 5 9 4 6 9 10 8 5
274 3 4 8 6 10 4 6 4 1 5
327 10 7 5 10 4 9 7 8 5 5
190 10 3 4 3 5 1 9 5 7 5
262 1 4 5 9 1 6 7 5 9 1
380 2 10 9 7 9 9 8 1 7 10
205 6 5 1 7 4 1 9 1 8 6
281 10 5 4 7 2 10 7 1 5 10
256 3 8 3 5 3 9 10 3 2 5
253 10 6 3 9 2 8 2 5 2 2
275 10 5 7 6 3 3 7 10 4 10
187 4 2 5 1 1 4 9 2 8 4
211 2 1 5 1 3 9 2 7 10 5
335 1 8 9 7 7 6 1 5 10 7
165 10 2 1 1 5 4 3 4 8 5
209 2 10 9 2 2 4 3 4 3 2
207 6 8 4 1 4 7 6 3 2 2
278 1 5 4 5 2 10 4 9 10 8
247 8 2 7 2 5 9 4 9 4 3
310 4 9 10 4 5 9 9 6 2 2
292 10 6 7 4 6 9 2 7 10 1
297 8 2 7 10 5 5 2 7 8 10
193 9 3 3 2 1 10 7 2 2 9
187 10 2 2 2 5 6 6 5 6 6
25
192 5 1 3 10 5 1 3 3 1 7
195 10 4 1 3 3 9 2 3 5 4
299 10 7 10 1 8 9 4 1 9 3
208 6 5 8 2 4 5 1 2 2 7
307 4 5 7 6 9 4 7 6 9 6
244 2 9 9 3 2 2 8 2 7 1
285 9 8 9 5 1 10 6 1 6 5
323 6 5 10 5 8 10 8 7 5 3
271 10 8 6 4 4 3 8 5 8 8
343 2 5 5 10 5 10 4 8 10 5
221 10 2 3 7 7 4 1 1 10 1
267 6 5 9 9 3 3 1 6 3 6
183 7 2 5 5 7 3 1 3 1 3
182 8 7 3 1 2 5 3 8 1 5
226 9 3 2 10 3 2 3 7 10 3
243 10 9 2 7 1 3 7 4 4 10
310 9 10 9 4 7 5 10 5 3 8
257 4 6 7 3 2 3 10 10 6 7
240 4 9 7 4 1 7 1 5 4 6
321 1 2 5 8 7 10 9 10 6 1
210 3 5 1 6 7 4 3 3 6 4
236 2 5 1 9 8 8 4 1 1 7
238 2 3 6 3 9 1 9 5 7 9
171 4 2 1 2 7 5 5 3 5 6
325 10 10 5 5 9 10 7 1 9 1
25
236 6 5 3 3 7 9 3 4 4 5
301 9 3 10 4 6 10 6 1 7 3
321 5 10 7 4 7 10 9 5 5 6
243 3 8 5 1 4 5 9 9 3 9
322 4 7 8 2 6 8 10 9 9 4
341 4 1 10 6 9 8 10 7 9 8
271 2 6 9 10 2 4 2 5 5 8
300 8 1 6 7 5 10 1 7 9 4
261 6 6 1 2 10 7 2 10 6 8
314 1 8 10 5 5 7 9 5 9 2
266 10 2 6 10 4 4 6 3 9 3
323 6 7 6 10 6 7 8 5 5 9
220 5 8 4 1 10 3 3 3 7 4
291 9 5 8 6 7 5 1 8 9 1
233 10 2 7 2 2 8 5 8 1 7
281 8 9 7 3 10 4 1 2 9 5
283 10 8 2 3 2 10 8 9 10 4
315 4 9 10 9 9 2 9 2 1 2
164 3 9 1 1 3 1 8 9 1 10
215 10 1 10 3 4 1 3 4 2 10
252 7 2 7 6 10 3 8 10 1 4
139 2 2 10 1 2 1 2 2 2 3
319 2 10 10 1 3 9 8 7 5 10
297 7 3 3 10 8 7 10 6 8 1
216 6 10 4 7 3 1 2 3 2 6
25
248 2 3 7 1 9 3 8 4 9 4
287 6 2 5 8 7 5 9 6 10 3
219 6 2 5 4 4 6 1 1 10 4
342 2 7 9 7 9 5 10 4 9 5
237 1 6 9 2 1 8 5 4 6 6
259 10 4 10 7 3 2 10 4 5 3
330 10 9 1 9 9 10 3 9 1 10
310 7 8 10 4 5 8 3 3 6 9
278 3 2 9 7 7 2 1 9 10 6
272 3 5 8 4 5 7 9 4 6 7
230 9 1 3 4 7 6 5 8 9 2
242 7 9 4 3 10 2 5 10 1 1
282 9 5 6 2 10 9 7 1 7 8
220 2 5 4 5 8 5 4 5 3 2
266 1 10 4 8 6 2 4 3 10 1
264 8 2 7 4 9 10 5 3 1 4
226 3 2 9 5 2 3 10 6 1 10
226 5 1 6 10 1 2 4 9 5 4
194 1 2 1 3 2 7 4 8 7 10
312 6 3 4 9 2 8 10 7 9 7
213 9 2 3 7 5 1 9 7 6 1
319 7 9 6 10 8 6 5 3 4 1
375 6 9 9 6 10 8 4 2 10 10
294 7 6 10 4 9 6 2 6 5 9
284 6 4 9 6 5 10 3 1 1 7
25
195 5 7 5 3 8 1 7 1 2 4
254 7 8 6 4 4 2 7 10 5 4
237 10 10 3 4 4 6 7 1 5 2
314 2 10 8 4 8 5 2 7 8 6
294 8 10 3 10 6 6 4 3 9 1
272 4 1 7 8 3 6 4 3 10 7
298 3 2 8 9 6 3 8 8 6 5
233 1 2 10 1 8 5 8 4 3 2
282 3 4 6 6 6 7 4 3 8 7
251 4 7 5 1 9 5 3 5 6 7
253 8 1 8 5 2 5 9 6 7 3
306 4 2 3 10 10 8 9 4 3 4
312 3 4 10 7 10 6 2 9 5 6
240 9 9 2 8 6 2 4 4 8 2
307 4 5 8 10 8 3 4 8 5 9
217 8 10 3 4 6 1 3 7 3 3
265 7 9 1 8 7 4 8 8 2 2
245 4 6 3 4 2 5 7 6 10 3
263 9 3 9 3 3 7 5 4 7 5
215 8 4 8 4 2 1 2 7 6 10
319 10 3 9 9 3 9 5 10 1 5
169 4 8 5 3 1 3 2 1 7 1
235 2 1 2 5 9 5 4 7 8 3
299 10 7 6 2 5 9 8 9 4 6
259 6 2 8 4 6 2 8 5 10 7
25
171 4 5 4 3 3 1 5 8 5 3
278 4 6 10 6 6 1 1 5 9 3
223 10 4 10 1 3 3 7 9 5 3
180 2 1 5 1 5 5 6 9 2 7
240 5 6 4 10 2 4 7 4 1 6
246 3 4 3 2 6 8 6 8 10 8
205 6 2 3 10 4 1 5 6 2 4
209 10 2 8 1 4 7 5 4 2 6
202 7 5 4 4 3 5 5 7 1 6
230 8 6 5 3 3 6 4 3 8 4
188 6 3 10 3 1 1 1 4 2 8
295 2 7 9 9 7 1 8 6 4 9
326 8 6 4 6 9 9 4 10 5 10
273 1 8 4 7 1 8 7 1 10 5
231 7 1 3 4 10 3 2 8 9 4
270 4 2 10 1 8 10 2 1 3 10
314 3 10 7 4 6 6 10 6 8 6
252 3 3 2 3 3 10 3 10 10 5
279 9 10 3 5 7 2 10 5 10 7
220 5 7 7 2 5 3 2 3 5 5
278 6 4 9 9 2 2 9 5 4 6
229 6 10 8 5 1 3 1 8 3 5
243 10 8 3 9 3 1 1 3 9 6
338 2 5 10 8 7 1 9 10 10 4
241 5 8 6 5 6 4 3 2 5 6
25
373 6 10 9 10 7 7 5 6 5 8
280 8 1 1 10 8 7 1 7 9 5
265 7 1 8 10 1 6 7 8 2 2
322 1 7 6 4 4 10 9 9 6 10
265 10 9 4 1 6 4 8 10 6 10
293 5 10 4 5 10 9 2 1 10 1
316 6 7 4 9 5 8 8 8 3 6
190 2 1 7 4 1 1 3 3 9 4
243 9 5 2 10 3 2 4 9 5 10
254 3 8 7 1 4 9 2 4 4 5
258 3 8 5 8 5 6 4 1 6 1
236 7 8 4 2 9 4 4 5 4 4
234 1 10 2 3 2 7 9 2 10 1
219 7 8 1 3 2 9 10 7 1 6
222 1 3 2 7 6 2 4 8 5 5
253 6 10 8 1 4 4 3 5 10 7
306 1 4 4 9 1 9 7 10 10 4
201 6 2 2 1 3 7 8 5 9 7
236 2 3 8 8 1 1 10 6 2 10
255 1 7 10 3 6 1 5 8 5 6
237 9 3 4 4 10 5 10 1 2 5
276 6 6 7 4 1 8 7 2 6 10
226 1 8 8 5 1 2 9 2 5 3
214 4 2 1 10 3 8 2 3 2 2
277 2 4 3 8 4 8 5 8 6 10
25
283 4 10 7 4 6 4 5 5 5 7
234 9 9 10 3 2 5 9 1 1 1
233 1 5 3 2 8 4 7 8 4 9
299 9 1 9 7 5 6 9 10 3 10
214 2 4 1 4 8 2 4 10 8 10
297 1 7 5 7 10 5 7 7 5 8
257 5 7 3 9 5 1 7 7 3 6
263 9 5 7 4 9 1 6 9 3 8
253 7 2 4 9 5 3 10 9 4 8
298 9 4 6 9 4 2 10 9 8 5
243 3 8 1 2 5 10 10 4 1 6
279 9 10 5 10 3 3 3 10 1 1
261 3 9 4 4 4 10 4 3 4 9
245 3 3 6 3 10 10 2 1 1 1
264 1 4 5 6 8 2 1 7 9 8
303 3 9 7 3 10 6 7 6 7 2
225 6 6 2 7 10 1 10 3 2 4
270 10 8 2 1 4 9 8 7 10 8
215 6 2 4 8 5 5 1 2 1 6
329 9 10 9 7 10 4 1 8 5 5
211 1 2 4 3 3 6 7 3 9 9
209 9 2 5 2 8 3 6 4 6 4
302 5 8 10 6 3 6 5 8 5 8
231 3 6 6 1 4 6 4 6 10 4
279 2 9 3 7 8 1 9 2 10 3
25
109 4 4 1 1 2 4 2 2 2 3
290 8 10 7 8 3 2 10 4 1 8
321 1 6 4 9 6 7 9 7 7 3
225 4 1 6 2 2 9 9 10 4 1
309 6 5 10 8 4 5 8 7 5 5
242 5 5 5 1 8 4 1 4 10 9
319 8 7 10 9 8 1 2 7 9 7
318 2 4 5 10 9 10 6 5 2 10
283 9 6 6 5 1 7 9 7 5 8
317 3 6 10 5 6 3 8 9 9 10
277 2 2 10 3 10 8 4 6 5 2
298 7 6 5 6 10 9 2 7 2 2
296 10 9 3 8 9 1 1 10 8 8
281 2 9 2 9 10 3 6 1 10 3
307 5 1 4 10 8 9 2 9 8 3
261 4 8 9 4 3 2 1 8 9 10
276 8 10 3 9 7 3 3 9 1 8
345 10 4 10 6 8 7 2 9 8 9
295 3 2 8 9 5 5 9 2 10 4
315 8 2 8 7 9 7 2 10 4 10
253 9 5 2 6 10 5 4 6 2 7
262 9 8 3 5 1 10 8 2 3 7
300 3 7 8 8 8 3 4 8 4 4
181 9 1 1 6 4 2 7 6 4 3
251 7 2 1 7 4 8 9 5 10 1
25
290 1 7 5 7 4 6 6 6 8 8
227 2 7 8 3 4 7 7 4 1 1
254 10 3 5 4 8 1 10 3 10 7
267 6 4 8 5 6 2 5 10 10 5
274 2 8 8 7 4 3 3 8 2 4
306 4 10 10 9 5 4 5 5 1 5
322 7 7 1 9 9 10 3 10 3 3
267 5 6 8 3 8 6 9 3 3 7
249 9 3 2 7 5 8 9 4 6 1
307 7 5 4 8 6 4 10 7 7 9
285 10 3 6 1 10 10 9 1 9 8
307 4 8 10 3 7 7 2 9 10 2
268 8 5 4 9 1 7 2 9 5 9
209 2 2 2 10 2 4 6 4 4 2
270 6 9 4 9 3 1 7 7 6 7
255 7 8 9 2 9 2 1 6 7 4
288 4 4 5 9 8 7 1 9 1 2
203 3 6 1 7 2 1 2 6 9 5
350 5 3 8 4 9 10 3 10 10 10
192 7 6 2 1 2 5 4 6 9 10
297 10 5 7 6 3 9 1 6 8 5
272 6 2 8 4 8 6 9 8 7 3
250 7 7 5 3 5 2 4 7 10 8
259 5 7 3 9 1 6 5 10 3 2
334 4 3 7 6 9 9 9 8 7 9
25
216 7 1 2 4 2 5 9 9 6 7
245 3 8 6 4 4 1 3 10 6 5
327 3 9 10 8 2 3 10 10 4 8
295 5 6 3 6 1 9 8 8 7 9
247 2 1 4 2 3 8 9 7 10 10
219 1 4 2 7 2 1 1 8 10 10
243 10 3 4 8 4 2 5 2 10 2
147 10 7 1 2 3 1 4 5 1 2
214 7 2 1 8 2 8 2 8 3 3
273 3 10 6 5 2 7 7 3 6 7
339 1 7 10 4 8 7 8 9 7 2
386 3 10 8 9 5 7 10 10 9 10
230 5 7 1 7 4 4 3 8 7 8
250 10 7 7 5 5 1 7 6 10 1
174 2 2 1 4 4 1 10 5 7 2
297 5 1 6 10 7 4 8 6 10 9
251 4 1 10 6 4 1 6 4 10 6
183 9 7 1 3 1 7 2 3 8 3
261 1 5 6 8 4 3 3 8 6 5
350 1 7 10 7 4 10 5 9 7 7
229 6 1 7 4 2 3 9 9 10 1
210 9 6 1 7 1 4 3 8 3 4
308 8 5 9 10 3 5 8 2 4 7
238 2 4 4 3 4 9 5 1 8 9
195 2 4 2 6 1 7 1 7 3 9
25
267 10 4 8 6 4 1 7 7 7 10
346 3 10 9 8 7 8 1 1 10 8
292 6 1 9 6 6 9 2 9 6 1
308 6 8 2 9 9 9 6 3 6 7
235 6 3 6 3 7 5 8 8 1 5
299 3 10 9 6 4 4 10 2 9 5
344 6 9 10 7 6 6 6 2 8 10
232 4 3 7 4 2 5 7 1 9 5
235 2 4 3 8 4 10 2 2 2 1
260 4 7 8 3 7 2 4 6 4 10
190 2 5 7 1 2 4 7 9 2 2
307 8 7 2 5 9 10 7 2 7 9
320 4 1 10 8 10 10 5 1 6 4
243 3 5 7 6 3 4 3 2 8 9
166 1 3 2 5 1 2 6 2 5 3
252 8 5 6 2 7 8 8 1 4 1
284 1 9 4 8 1 6 7 6 4 10
280 8 3 5 2 6 9 10 10 6 4
317 8 3 10 5 6 10 8 4 6 3
244 9 10 1 6 3 9 2 3 2 5
269 5 3 6 10 5 2 8 4 7 10
200 1 6 2 1 5 7 10 8 2 1
194 1 5 3 4 4 2 8 5 5 4
233 5 3 2 7 10 4 4 5 3 9
281 10 5 4 10 6 3 2 9 4 5
25
258 7 5 2 10 7 1 3 6 9 8
336 4 10 10 4 9 4 10 10 5 10
297 4 7 6 6 6 2 10 8 9 5
361 1 7 8 9 5 9 1 7 10 8
235 1 7 3 2 7 6 10 1 8 1
324 10 10 1 9 8 4 8 7 9 10
290 5 5 2 2 10 10 8 9 9 2
226 7 3 8 2 1 9 5 1 7 1
241 4 10 1 8 3 3 2 4 8 9
272 5 6 7 5 3 9 7 5 1 2
282 10 6 5 8 2 10 2 7 3 1
284 9 1 10 10 1 7 5 1 2 9
295 8 9 6 9 5 1 10 10 8 1
246 7 1 3 5 7 8 2 7 10 5
251 2 6 7 6 6 3 5 2 3 7
257 1 4 8 6 3 10 1 2 2 4
280 2 10 1 5 10 10 5 6 3 3
284 8 7 4 5 9 8 2 4 6 2
271 4 8 7 9 2 3 8 4 4 10
324 7 8 7 5 7 9 10 5 3 9
228 3 2 6 6 4 4 7 7 4 5
260 8 9 5 8 6 1 4 1 6 10
218 1 5 1 1 2 8 7 10 8 2
199 4 4 7 4 5 2 5 7 2 2
284 3 5 5 8 6 5 4 3 8 6
25
210 3 1 3 1 7 10 2 5 1 9
304 6 7 2 9 10 6 5 6 3 6
227 6 3 10 4 5 1 5 9 2 4
351 10 5 9 5 7 10 9 9 7 2
307 9 9 9 10 1 7 2 5 6 5
299 2 7 9 5 8 1 8 4 7 10
299 5 7 10 5 3 9 1 8 1 5
217 1 7 6 4 2 3 5 4 3 5
281 3 9 7 4 5 9 3 5 2 4
209 9 2 5 4 3 6 9 2 1 9
367 6 10 9 10 9 3 7 10 9 6
245 4 9 6 3 1 5 3 9 7 2
340 3 6 4 10 10 6 2 9 7 9
213 4 7 2 7 2 3 6 6 5 6
260 9 2 6 9 6 1 6 1 8 9
284 1 5 6 4 4 10 8 3 6 4
302 3 7 3 7 2 10 9 10 9 3
220 1 9 5 5 2 1 7 2 6 10
185 2 2 2 2 8 4 5 5 6 2
242 5 1 4 9 8 3 4 10 4 4
238 9 1 5 4 9 7 7 5 1 10
282 1 5 9 6 6 7 5 5 1 10
266 3 3 5 8 9 2 2 6 10 4
318 9 9 8 9 6 3 3 6 7 7
206 1 6 3 2 3 8 8 5 5 3
25
252 8 1 10 3 3 9 6 3 6 5
268 7 3 8 8 6 3 8 5 6 1
243 4 9 3 5 9 4 5 3 7 2
247 3 5 6 2 8 5 6 9 3 2
299 1 8 5 6 5 6 10 5 10 6
249 3 2 1 4 7 4 8 10 10 7
261 3 6 9 2 1 5 6 8 8 10
211 10 2 5 3 5 1 8 5 8 2
296 7 1 9 4 7 4 8 8 10 6
210 4 4 5 3 1 3 5 8 9 3
218 6 1 4 7 8 1 1 9 5 5
203 5 10 5 2 4 4 7 4 2 3
325 9 3 9 8 4 7 4 7 8 6
210 4 6 3 1 8 5 1 9 3 5
285 4 5 5 6 7 8 6 7 5 3
255 3 10 5 3 5 1 4 9 10 9
284 3 8 6 4 6 10 6 3 7 3
276 6 4 3 6 10 7 1 9 8 8
275 5 5 4 5 5 10 2 6 8 1
248 7 8 3 2 3 5 3 8 8 10
329 1 4 10 5 7 8 5 8 10 4
283 4 10 7 6 3 5 1 9 7 10
185 1 10 2 6 3 1 5 5 4 1
203 4 2 5 2 1 7 7 8 6 4
251 3 7 6 4 5 3 3 6 9 6
25
268 7 7 1 2 7 10 7 9 3 5
230 6 9 1 4 7 7 2 7 2 6
239 3 10 10 2 9 3 1 1 4 3
314 8 7 10 2 10 8 9 1 4 8
276 1 2 4 5 5 10 6 5 5 10
246 10 2 5 7 8 3 9 9 2 4
277 8 9 9 4 8 5 1 6 2 2
330 10 6 9 7 9 10 6 1 3 2
340 8 9 9 4 6 8 10 6 5 7
267 5 7 4 10 6 5 2 2 5 6
210 2 6 5 1 8 3 1 8 5 5
177 7 2 2 2 10 2 2 3 10 2
266 7 1 7 10 6 3 3 7 6 1
226 7 5 2 2 9 10 2 6 1 8
283 4 7 3 6 3 10 4 8 8 3
226 7 10 5 3 2 1 5 10 3 10
232 10 5 2 5 4 9 7 5 3 2
179 4 4 6 4 1 4 6 4 2 3
379 9 6 8 10 10 7 8 8 7 4
190 8 1 1 6 4 1 8 6 5 9
334 2 7 10 8 1 10 7 3 9 5
222 10 1 3 2 9 9 2 1 8 9
243 8 3 10 8 7 1 3 3 3 2
287 9 7 4 8 3 8 7 7 8 2
193 2 4 3 1 8 6 6 7 1 6
25
277 1 4 7 4 9 2 5 10 8 10
143 6 3 8 1 5 1 2 1 3 2
326 1 3 8 10 2 10 8 7 6 4
243 8 10 4 1 4 6 4 9 7 4
175 4 2 7 2 3 1 3 6 6 3
208 5 1 8 2 7 2 7 6 3 5
223 2 6 6 2 4 6 7 4 2 3
293 9 4 9 3 8 8 2 3 8 5
230 7 7 4 1 6 5 2 5 9 9
205 10 1 7 1 7 1 7 8 3 3
305 7 6 4 9 10 7 1 4 8 1
286 2 5 8 5 10 5 2 6 5 9
219 2 3 6 3 10 3 3 9 1 5
335 6 9 7 7 8 10 10 8 2 1
298 2 4 8 4 2 10 9 10 6 2
254 6 5 8 2 1 9 9 5 4 6
311 7 1 10 5 8 10 3 8 7 5
258 2 3 10 5 3 7 4 6 4 7
223 2 6 10 1 2 1 3 4 8 7
241 6 9 2 8 8 3 1 2 6 8
222 4 4 6 1 4 10 3 8 2 1
233 3 7 5 4 9 1 2 4 9 5
270 2 8 10 1 10 6 2 4 4 6
234 4 8 5 6 8 3 5 4 2 4
284 10 3 8 5 5 9 9 4 2 7
25
328 1 5 10 5 9 6 8 3 9 10
315 7 10 2 9 5 7 2 10 8 7
335 7 4 9 10 8 8 4 1 9 3
181 2 1 9 1 2 4 1 10 1 3
283 1 2 7 8 6 7 5 6 4 10
366 10 9 6 9 10 7 8 6 6 6
228 7 4 3 4 8 3 5 9 4 2
302 1 3 10 7 5 6 2 4 9 9
274 5 10 2 8 3 4 10 4 4 8
248 8 4 3 8 4 8 5 3 4 8
240 6 4 4 5 7 3 3 10 8 3
303 8 4 6 9 6 10 3 8 1 4
260 2 1 10 2 6 9 5 9 5 2
277 7 9 8 9 3 2 6 5 2 5
308 10 3 5 5 9 8 10 6 10 6
222 10 7 2 2 7 6 8 4 1 8
264 1 2 9 3 9 10 1 8 4 3
291 4 2 7 8 8 9 2 4 1 6
266 5 2 5 10 6 4 4 5 6 1
344 7 9 6 10 4 10 3 2 7 10
359 9 10 10 3 7 10 7 10 9 1
338 2 1 10 9 9 7 7 6 8 5
288 4 3 5 8 9 7 3 4 6 10
295 10 4 1 10 9 7 4 4 10 3
273 9 2 7 8 1 4 3 7 10 7
25
225 3 5 8 1 4 8 1 6 1 8
214 2 2 2 7 3 8 3 2 4 2
204 7 5 8 5 3 1 9 2 3 4
187 5 4 1 3 3 3 10 1 7 4
310 8 2 10 7 9 5 9 3 7 8
286 8 7 1 10 4 5 1 4 10 10
235 4 7 8 6 2 1 9 4 2 1
175 7 1 5 2 4 1 10 5 3 10
192 2 7 2 6 1 4 2 10 5 1
237 6 5 2 8 1 5 2 2 10 8
269 1 4 5 4 7 8 2 8 6 3
275 8 6 6 5 8 8 2 9 1 10
306 8 8 2 8 6 10 9 2 7 9
258 3 6 7 8 5 3 2 7 1 3
148 3 2 2 3 8 2 3 4 1 1
160 1 1 1 2 2 6 3 3 7 2
362 2 10 7 6 9 10 6 7 6 7
250 6 2 4 4 3 8 9 3 10 1
298 2 9 10 4 4 8 4 6 5 4
219 1 8 4 2 8 1 6 1 8 8
221 7 6 9 3 4 1 2 9 3 6
200 7 4 1 10 5 1 2 10 1 4
196 3 10 3 3 4 1 4 6 8 3
294 9 7 8 7 6 4 9 7 1 3
298 1 10 6 3 10 4 6 6 10 5
25
272 1 7 6 8 1 7 8 1 5 2
240 1 3 6 5 7 2 5 10 10 2
298 7 6 9 8 6 5 2 6 3 8
282 10 1 5 8 10 9 9 3 3 2
235 7 4 4 1 4 9 6 3 6 9
274 2 9 6 1 6 10 3 10 6 4
225 4 9 4 8 5 2 2 3 4 3
287 3 10 3 7 2 7 7 8 10 6
268 5 8 7 3 4 5 9 6 3 10
307 9 10 2 8 9 6 5 10 1 5
335 1 6 9 9 6 8 6 7 1 8
338 4 9 6 3 10 10 6 8 6 7
225 2 4 1 2 4 10 10 9 2 4
334 1 7 10 10 10 5 2 9 5 3
267 1 4 8 9 3 1 6 7 10 3
264 4 2 7 3 10 6 5 4 2 10
299 4 5 7 7 5 6 6 6 7 3
160 1 5 1 3 4 5 2 3 3 6
304 3 10 10 9 9 1 1 7 2 1
231 5 7 8 1 5 1 3 9 8 4
214 3 3 2 7 1 8 1 1 9 2
322 5 5 5 10 6 3 10 4 9 9
276 6 9 9 1 10 3 2 9 6 4
338 10 10 9 10 9 2 5 2 2 10
281 5 7 7 6 10 3 8 2 4 1
25
157 10 1 4 3 2 1 4 9 5 1
282 6 4 7 6 6 3 1 8 10 8
231 4 6 1 4 8 5 7 6 5 2
188 7 8 7 2 1 2 4 9 1 4
237 6 1 4 3 10 8 6 1 6 1
246 3 7 4 5 1 2 9 8 6 8
212 6 5 6 2 5 4 4 1 5 3
403 7 7 10 9 10 10 9 10 1 5
223 1 1 2 8 4 5 3 7 8 10
257 5 2 6 5 2 8 9 7 3 6
210 9 1 6 7 3 5 1 8 3 4
280 1 9 5 10 5 2 6 4 2 10
246 8 1 3 7 10 2 5 1 9 9
297 2 1 10 3 9 7 10 2 7 6
244 5 4 9 2 2 6 10 7 3 6
292 6 5 6 8 10 5 6 2 3 4
282 5 10 4 8 8 2 8 3 8 2
249 6 5 7 4 6 6 9 7 2 2
281 10 2 1 9 10 8 2 1 10 4
328 8 8 6 5 5 9 2 9 9 10
248 5 3 1 10 4 7 7 1 5 10
251 4 10 4 6 6 5 1 1 4 5
242 3 4 7 8 7 3 3 7 1 2
288 5 6 2 5 10 10 10 5 3 4
240 10 7 4 8 5 3 1 5 1 5
25
203 4 2 4 3 6 2 1 4 7 10
324 6 6 8 9 8 6 3 10 6 4
253 9 2 3 7 10 3 7 2 10 4
136 4 1 1 2 3 2 1 9 8 3
293 8 5 3 7 5 10 5 6 9 7
249 3 2 8 5 4 4 2 6 8 9
192 6 10 1 2 9 2 5 3 5 2
277 9 6 6 6 9 7 2 4 6 3
234 3 3 5 7 3 5 2 9 2 2
272 2 8 5 8 2 4 8 5 5 2
319 8 2 10 7 10 7 2 8 5 3
303 6 8 5 5 9 9 7 1 4 10
275 5 1 7 7 6 4 9 2 9 5
237 9 3 5 2 4 6 9 3 10 10
271 3 7 9 5 7 2 6 2 8 3
291 8 9 8 6 3 2 3 7 10 6
226 4 3 2 6 8 3 4 5 8 3
240 7 10 2 1 2 8 1 7 10 6
266 10 6 1 9 7 3 2 8 10 8
286 6 2 4 9 7 10 7 4 2 1
321 3 1 2 10 7 10 1 9 9 9
376 5 10 7 10 9 8 4 6 8 9
224 2 8 4 4 5 4 2 3 5 8
336 3 8 9 7 5 9 2 8 9 2
210 2 9 3 6 4 1 1 5 2 10
25
327 2 7 7 8 5 10 7 2 7 9
260 6 6 5 3 4 6 2 10 9 6
283 9 3 5 6 10 5 8 2 8 3
228 3 4 3 10 7 1 3 8 3 2
109 5 2 3 2 1 1 4 2 2 7
352 1 7 7 10 10 7 6 6 5 8
274 6 10 7 2 4 8 3 10 2 2
279 7 7 1 8 4 9 10 4 6 2
248 2 6 4 4 6 9 1 7 3 9
281 1 3 2 8 9 10 3 5 6 1
219 1 10 5 2 4 3 5 2 6 4
317 10 9 6 9 10 4 2 5 4 8
312 5 8 4 7 9 5 9 5 8 5
247 7 3 1 9 6 4 5 5 7 6
226 2 7 2 8 1 2 6 7 8 4
293 10 7 2 8 9 5 7 3 10 9
213 4 6 1 7 6 1 10 5 6 4
208 2 6 3 3 1 10 4 4 2 1
220 5 5 4 5 2 5 4 5 5 8
200 8 1 2 2 7 6 3 8 7 2
234 9 4 8 1 3 8 3 2 7 8
263 8 7 9 1 2 9 1 2 9 8
274 10 4 5 7 4 5 10 7 3 10
204 4 1 1 8 4 4 3 2 10 9
308 6 8 7 5 9 8 10 6 3 5
25
281 7 1 6 10 6 7 7 4 3 9
236 6 5 7 1 3 8 1 7 10 2
262 9 9 4 3 4 4 8 4 10 2
182 7 9 1 3 4 2 3 9 6 1
275 7 7 1 9 9 8 3 1 4 9
238 10 6 2 1 4 9 7 7 6 2
283 2 4 6 10 7 7 7 2 4 3
310 10 2 10 3 3 10 10 5 8 8
292 8 7 7 10 4 2 9 8 4 1
325 4 7 9 4 5 8 7 7 9 10
270 10 6 1 9 2 8 4 9 2 7
206 9 4 10 2 4 4 1 3 4 6
269 7 3 3 7 8 7 8 1 4 8
257 8 2 9 5 7 2 9 9 7 2
303 6 6 8 4 9 7 8 2 9 7
298 5 1 6 8 9 5 7 5 9 5
335 6 10 7 8 5 7 1 10 6 7
257 1 6 4 5 6 8 8 1 8 4
249 9 1 4 6 5 7 4 9 2 9
322 9 7 5 4 5 10 5 6 10 8
257 6 7 2 5 5 4 10 3 8 7
314 8 8 5 10 8 5 6 8 3 1
273 10 2 7 9 7 2 5 10 5 5
257 5 2 7 8 4 6 9 4 2 1
306 5 10 2 7 5 7 10 5 6 10
25
276 1 7 9 9 5 2 9 5 1 5
240 10 1 8 5 1 7 2 1 10 3
201 6 1 9 3 2 3 2 3 10 1
186 10 4 7 1 7 1 4 1 4 6
309 9 9 9 1 8 9 10 5 5 7
240 7 2 3 1 6 10 5 9 7 4
250 3 3 9 3 10 1 3 8 9 6
322 10 8 1 9 9 10 7 2 2 9
220 2 8 2 4 2 4 7 8 5 2
246 4 5 10 3 3 4 10 7 3 3
243 2 5 1 6 7 8 4 8 6 2
341 10 1 5 9 9 8 6 10 10 10
270 10 2 5 3 3 9 10 2 9 8
258 8 5 2 8 9 4 5 10 5 2
311 10 9 9 2 4 10 9 9 2 4
264 5 5 9 3 2 9 1 9 7 2
280 10 8 8 7 4 3 5 7 3 5
201 9 2 3 3 5 7 7 4 2 3
300 8 10 8 2 4 10 1 8 7 6
221 7 5 6 6 1 3 8 9 1 4
230 9 2 4 7 2 7 4 1 4 9
222 6 1 6 3 5 6 4 2 9 1
214 9 3 1 9 3 1 6 7 7 2
254 1 6 1 9 10 1 9 3 9 7
252 1 9 4 5 5 3 3 6 8 5
25
275 7 9 4 6 5 7 8 8 5 1
266 10 1 6 8 4 9 4 1 3 10
218 2 2 6 2 2 10 6 1 3 8
257 6 4 5 4 4 10 1 5 4 6
229 8 5 5 6 1 3 9 4 6 2
284 9 3 7 3 9 10 3 4 3 5
252 6 5 7 5 9 3 8 3 3 1
250 3 3 6 2 10 4 8 2 9 5
311 6 8 9 2 9 8 2 4 9 8
243 1 1 4 2 10 6 3 7 9 5
270 1 4 8 4 8 8 6 3 5 8
271 4 2 5 8 8 5 8 2 5 3
302 10 9 1 3 9 10 10 7 2 9
234 1 8 4 1 10 8 8 2 4 2
310 10 6 8 7 10 8 3 7 1 5
291 10 7 5 9 7 7 10 2 3 2
254 3 10 3 5 1 10 9 1 6 2
316 1 3 3 10 10 6 6 9 4 9
174 4 9 3 1 2 1 6 8 1 9
249 9 1 8 1 6 8 3 2 5 10
294 6 6 3 9 6 5 3 7 9 9
284 2 9 9 1 9 7 6 1 7 7
291 6 10 3 10 7 1 6 4 5 7
277 3 1 8 8 1 6 5 10 4 7
232 3 7 2 10 1 4 3 3 5 6
25
299 4 6 4 5 8 8 4 10 3 9
216 9 4 6 2 5 4 10 3 4 8
265 1 4 10 4 4 2 10 8 5 5
222 9 2 7 8 3 1 3 7 6 3
273 7 4 7 3 7 9 2 5 6 2
332 1 6 9 9 10 3 8 5 7 5
280 2 9 3 6 9 3 2 8 8 10
371 3 10 10 9 5 7 5 6 9 4
318 10 9 2 9 3 9 6 3 7 9
272 2 2 5 3 7 7 9 9 9 9
249 7 8 7 4 4 6 4 5 2 6
316 4 6 8 10 1 8 7 2 8 9
278 10 8 7 9 4 2 9 2 2 2
214 4 10 2 3 7 3 3 7 1 2
277 2 7 7 9 3 1 6 8 4 8
215 4 4 4 6 5 1 8 4 10 2
246 1 10 4 6 3 7 2 6 1 10
336 8 9 10 10 1 4 6 6 6 9
276 6 4 2 4 10 9 6 5 7 2
253 8 9 10 6 1 2 10 1 2 2
217 8 10 3 4 1 2 5 10 3 9
316 6 10 1 7 9 10 8 5 4 6
263 2 3 1 8 3 10 5 8 4 6
252 3 7 5 7 5 4 9 3 1 4
293 2 9 5 3 8 9 5 3 10 3
25
321 3 9 6 5 10 9 5 3 5 5
272 6 4 2 8 7 6 8 5 5 3
276 7 5 4 6 9 6 9 1 6 4
300 1 3 10 7 9 2 9 9 5 4
269 3 5 3 4 3 9 9 5 8 5
359 10 10 5 9 4 8 10 6 6 7
232 7 4 2 6 6 1 10 9 1 10
271 9 5 9 7 1 10 2 5 1 3
230 3 1 6 4 1 9 9 9 1 8
248 9 1 1 10 9 9 1 5 2 3
199 6 1 6 8 4 1 7 2 1 10
203 9 4 6 6 4 4 2 1 6 1
267 8 2 7 3 4 9 3 4 9 8
291 1 8 6 5 5 9 1 4 9 10
277 5 5 4 6 4 8 1 7 7 8
330 1 10 3 9 7 7 10 3 5 9
247 6 6 8 1 2 4 2 10 10 3
252 8 4 2 1 7 8 7 7 9 3
214 8 2 6 4 1 5 7 7 6 1
260 9 5 3 7 1 8 6 9 2 5
238 5 3 1 8 6 1 9 6 9 6
205 6 1 5 6 2 1 9 9 4 1
312 8 2 4 8 7 8 9 9 7 2
243 6 8 8 1 4 8 1 2 5 3
338 10 5 7 7 3 9 8 10 9 1
25
243 3 5 10 1 9 3 6 4 3 2
264 5 4 6 2 3 9 8 7 9 4
216 7 1 5 9 7 1 4 2 6 3
322 9 4 2 9 10 9 8 10 2 7
300 9 5 6 3 7 9 8 10 5 7
248 1 4 9 3 8 2 9 1 10 2
229 7 3 3 3 6 6 5 7 5 8
267 1 3 6 8 7 8 5 3 3 8
264 4 3 6 10 2 3 9 6 8 6
294 4 7 6 5 9 4 7 6 10 8
299 1 9 10 3 2 9 8 6 5 8
313 9 10 10 10 1 6 1 3 5 10
243 4 2 4 4 8 3 10 8 8 3
216 5 3 7 1 9 5 4 2 7 2
278 4 4 9 4 9 6 6 7 4 7
348 9 7 1 10 5 10 7 9 7 9
263 2 5 8 1 6 6 8 6 5 10
185 1 3 4 5 8 1 2 1 3 8
230 2 9 5 1 2 2 1 10 9 10
344 4 8 9 8 3 10 6 5 8 2
208 6 7 4 2 2 5 2 6 8 6
276 7 1 7 6 9 6 8 1 10 6
286 7 5 9 7 2 3 3 9 10 8
180 6 1 5 3 2 5 10 5 4 1
289 7 8 2 8 8 6 4 5 5 5
25
205 9 2 4 10 1 1 2 7 3 1
190 5 2 10 1 4 2 6 3 3 7
266 2 7 2 7 10 2 2 10 8 8
267 2 6 2 10 5 6 8 3 7 4
297 5 5 1 9 8 10 5 6 8 6
280 8 4 8 6 6 6 4 10 3 8
247 5 8 2 6 9 2 8 1 6 8
332 5 7 7 4 5 10 7 9 10 9
277 5 8 7 9 1 7 1 3 2 6
285 4 5 3 10 5 3 7 9 9 9
193 6 7 1 2 9 1 9 1 7 1
237 1 9 1 8 1 2 5 8 7 2
230 5 3 6 3 5 5 4 8 1 7
271 9 2 4 7 10 5 9 1 6 4
308 10 6 7 5 6 3 7 9 10 8
315 9 9 3 9 6 10 2 10 2 5
269 1 7 5 8 4 3 1 4 10 6
193 3 10 8 1 3 1 1 1 5 7
268 10 4 4 10 6 4 6 3 6 4
293 9 7 9 5 10 1 9 1 9 9
295 9 5 10 2 8 6 4 4 8 10
226 4 9 4 9 1 3 3 2 6 2
260 9 8 3 2 7 9 5 4 7 10
327 6 2 10 8 9 8 4 1 10 6
233 10 7 1 1 5 10 1 10 8 6
25
275 3 6 5 2 9 7 7 4 8 9
222 9 7 2 6 5 4 5 1 2 10
272 4 6 9 6 2 8 9 3 2 7
289 8 2 10 9 3 3 4 10 10 5
260 3 5 3 5 10 5 1 5 10 1
364 6 9 10 6 9 10 8 4 6 9
222 2 3 1 9 9 4 2 2 3 4
235 3 4 7 1 7 5 9 2 4 5
217 8 6 2 5 6 3 1 4 9 5
227 10 8 2 8 3 3 9 7 1 4
236 5 7 6 5 1 3 2 6 9 2
348 2 8 9 10 9 10 6 7 1 1
241 4 3 4 6 3 10 9 1 1 6
293 5 6 6 6 3 9 3 7 8 5
244 3 7 2 3 6 3 10 8 7 9
315 9 8 10 8 5 8 5 3 1 6
261 5 7 9 1 8 5 8 8 4 1
222 8 10 4 3 4 4 10 1 4 1
299 1 7 2 10 9 6 6 1 7 3
274 3 5 10 2 8 6 2 5 6 3
224 5 3 6 6 2 8 1 1 3 10
256 9 8 4 2 4 4 6 9 8 4
242 2 4 6 7 3 4 5 3 9 6
232 2 9 2 6 2 1 10 10 7 2
279 9 6 9 4 9 2 9 1 5 7
25
231 2 10 2 2 6 7 6 3 7 1
331 3 7 10 7 3 9 9 9 1 2
198 6 4 6 2 3 2 9 7 2 5
233 9 5 1 5 7 8 3 4 4 8
231 6 6 9 5 4 4 1 2 1 1
156 9 2 1 2 6 2 3 5 4 5
336 7 5 7 7 10 5 8 10 8 2
268 1 9 2 7 2 5 10 6 8 4
252 10 4 6 5 6 9 2 5 1 9
276 3 8 3 6 7 9 2 1 9 2
267 7 4 10 3 7 2 10 8 6 8
249 2 9 1 6 5 7 9 2 7 2
207 10 10 1 1 4 5 8 9 1 3
337 2 4 9 4 10 10 2 10 8 6
255 5 4 1 7 6 7 2 5 9 1
284 4 8 8 5 10 3 4 1 9 7
300 7 8 3 6 10 6 1 10 8 2
250 7 2 4 7 8 6 1 10 1 5
261 6 8 4 8 2 8 4 8 4 1
318 4 5 9 1 9 10 4 7 10 8
289 7 8 7 10 1 1 9 5 9 3
273 6 2 4 6 3 6 6 10 10 7
180 8 6 2 3 3 1 8 8 6 4
285 5 4 3 9 8 6 4 7 3 6
343 6 3 10 10 8 3 5 7 8 8
25
257 6 2 3 6 10 6 9 1 5 6
269 4 1 3 9 8 7 7 6 6 4
252 9 4 7 8 1 8 6 2 2 2
244 5 9 6 5 7 2 10 2 2 7
228 1 8 2 10 1 5 3 9 3 2
238 9 1 2 9 8 4 8 6 3 4
291 9 9 3 8 2 6 8 3 7 5
253 4 8 1 5 9 6 6 9 1 3
227 1 2 9 1 6 6 3 4 10 5
245 5 4 9 1 10 3 5 9 5 6
299 2 5 8 10 9 3 8 9 2 1
307 10 4 9 10 3 10 3 5 1 5
232 5 9 2 1 1 10 7 5 3 4
208 6 2 1 4 10 3 3 6 2 10
250 3 1 8 3 6 8 3 1 5 8
390 4 9 10 8 9 7 9 10 5 8
191 3 2 9 2 2 2 2 6 9 4
256 2 10 9 7 5 1 3 6 4 4
227 4 8 3 8 6 2 4 1 5 7
251 8 3 8 5 1 5 8 3 7 2
208 7 3 3 6 10 1 1 3 4 5
218 8 3 2 6 4 3 5 7 4 9
197 6 2 6 2 1 2 6 4 10 3
259 3 4 7 5 8 7 8 4 1 3
201 2 7 5 1 6 4 3 6 6 1
25
302 1 2 5 9 5 6 8 8 10 4
281 8 8 2 5 7 4 8 2 10 8
149 2 2 3 2 2 3 1 3 9 6
247 4 4 1 6 3 9 3 2 9 9
219 4 7 1 7 3 7 3 1 8 2
271 7 7 10 1 4 10 1 9 4 7
203 10 10 3 1 1 6 2 3 5 2
324 8 9 10 4 2 8 8 8 7 2
320 2 9 10 10 7 3 10 5 2 1
246 1 2 2 7 10 4 5 5 8 1
269 4 1 7 9 5 6 4 4 5 3
281 10 7 6 10 3 3 4 2 9 3
328 4 8 7 6 7 6 8 7 9 9
297 7 9 6 3 10 6 5 2 7 8
239 9 4 3 8 4 4 4 7 3 4
262 6 6 2 4 2 7 10 9 9 6
201 4 10 1 3 1 7 2 4 6 3
233 1 3 7 6 1 1 9 10 4 5
247 4 1 1 9 5 10 1 5 6 1
178 7 3 1 1 4 7 9 7 2 2
249 1 4 3 4 5 8 6 4 8 1
230 8 5 2 1 7 4 4 10 7 10
297 7 6 9 4 1 10 10 1 7 8
232 1 10 4 4 6 3 5 4 4 1
211 7 6 7 4 5 1 3 7 2 6
25
186 6 10 1 1 8 5 2 2 3 3
317 8 9 3 8 7 9 1 5 9 10
270 6 6 2 8 6 6 9 5 1 8
215 2 7 5 5 1 4 3 2 6 10
296 9 2 10 5 6 6 9 2 8 3
302 5 1 7 9 9 10 1 2 3 4
267 8 5 5 4 10 6 3 6 4 8
290 5 7 5 10 3 3 9 6 5 10
258 8 9 3 7 3 3 5 6 10 6
222 6 4 1 6 6 5 6 7 3 8
184 9 1 1 6 4 1 3 9 9 4
240 9 4 2 6 5 3 9 10 6 7
294 10 3 6 7 6 7 7 8 4 10
309 6 9 8 4 7 8 9 5 3 6
296 7 2 3 9 4 10 1 10 4 9
210 8 3 2 2 3 4 4 10 10 10
271 2 7 10 8 3 2 5 4 4 6
277 3 6 4 10 3 2 6 7 9 6
245 10 5 2 6 6 10 3 2 2 2
206 3 7 1 8 1 3 10 2 7 1
318 9 6 9 2 8 7 1 8 9 10
200 3 5 4 1 3 3 9 8 7 5
265 4 7 5 2 2 10 6 7 9 9
265 5 3 9 3 4 6 7 1 10 4
139 4 1 4 1 7 2 3 3 1 4
25
220 9 5 9 4 5 2 1 6 2 1
254 8 3 4 9 7 5 2 7 4 6
205 7 7 2 9 1 2 5 6 4 2
252 1 9 1 5 5 8 6 6 7 6
225 9 2 5 5 8 4 1 9 6 4
288 4 2 6 9 9 2 8 5 9 2
296 1 7 6 9 10 9 1 3 1 1
199 2 7 3 1 3 4 9 7 4 7
229 5 7 5 7 3 3 1 9 1 7
257 4 8 10 2 2 9 4 2 4 7
225 9 4 9 1 2 5 5 8 2 9
296 5 1 10 10 4 7 3 6 2 4
281 5 2 10 7 1 4 8 9 4 9
281 6 5 5 10 3 2 4 9 10 10
244 2 7 2 3 7 6 10 10 2 1
247 8 5 8 3 7 3 4 3 7 4
287 2 3 5 10 4 3 6 8 10 10
246 6 8 5 8 6 1 4 3 1 5
186 8 5 3 2 4 2 8 3 10 2
271 6 5 10 7 10 4 3 6 1 1
231 7 5 1 6 5 4 8 1 5 10
277 3 2 4 9 9 7 3 3 4 10
196 7 4 1 2 7 2 7 4 8 10
301 1 3 7 6 4 10 7 6 10 1
253 2 8 5 6 8 4 4 1 8 6
25
287 10 4 7 8 2 8 1 9 6 10
280 7 10 4 2 8 4 10 7 7 8
301 3 2 5 4 10 9 10 4 8 7
244 10 10 5 2 2 5 8 5 7 10
211 1 8 5 3 4 3 2 4 6 1
251 3 10 6 4 6 3 9 2 3 8
331 10 5 7 5 7 10 10 3 10 4
260 7 8 7 8 4 2 1 4 6 5
328 8 5 9 9 1 10 8 4 7 5
330 8 3 9 8 5 8 8 7 8 9
310 2 7 5 8 5 10 8 2 3 6
255 5 8 4 9 2 2 7 8 2 10
323 10 3 3 8 10 8 4 9 9 9
193 3 9 3 3 2 1 3 6 6 5
261 10 8 7 2 4 8 1 7 8 1
165 10 2 4 2 6 2 5 3 1 1
283 5 9 8 1 2 9 6 6 9 10
252 10 4 4 5 6 6 9 2 2 6
303 1 9 2 10 4 7 3 10 6 5
267 7 1 8 2 9 8 1 10 7 6
242 1 9 3 7 7 2 10 5 4 1
288 3 8 5 9 3 1 7 10 8 7
254 2 10 2 2 5 9 4 7 7 9
314 4 8 8 7 9 8 1 1 6 1
179 2 8 2 1 2 5 1 8 1 8
25
308 6 10 10 3 2 9 1 3 10 5
270 1 6 7 4 10 5 4 10 6 3
243 2 3 8 6 8 2 7 6 2 8
304 9 5 10 8 3 6 1 5 6 8
303 9 9 9 8 4 5 7 2 1 10
284 10 9 4 7 2 3 8 8 8 8
260 3 4 4 5 6 9 5 2 6 7
296 5 7 5 9 10 5 8 3 4 2
270 8 6 7 5 1 9 8 2 3 6
303 8 6 6 3 4 10 8 10 6 10
230 3 3 10 1 1 5 6 6 9 9
326 8 3 7 10 10 4 10 10 2 5
282 8 9 4 8 5 4 2 8 5 6
258 2 10 6 6 4 4 3 6 4 7
196 6 1 7 4 7 3 2 4 3 1
252 4 8 8 2 10 4 1 1 7 8
295 9 2 9 4 10 8 4 1 6 10
284 9 1 5 10 1 8 1 5 10 5
258 4 6 3 9 2 6 9 2 4 1
370 9 7 10 9 3 10 7 5 10 2
257 4 6 1 9 4 1 9 9 8 3
341 10 5 6 10 10 6 7 6 8 4
281 1 7 3 9 9 6 4 2 8 6
272 1 7 1 7 7 9 6 4 7 8
308 1 3 10 8 7 5 5 7 6 10
25
253 5 4 4 4 4 5 10 8 10 6
220 5 4 6 5 6 3 1 10 1 8
278 7 3 3 7 7 7 9 8 2 4
281 9 9 7 8 9 3 2 1 3 5
320 7 4 10 9 7 2 3 4 10 6
275 6 5 7 4 7 4 6 6 10 7
208 9 1 8 1 3 1 9 9 9 1
274 1 6 4 5 6 7 10 1 7 7
172 9 4 1 4 10 3 2 3 3 2
210 1 7 3 3 2 6 7 3 6 9
329 2 3 9 10 10 3 9 9 7 6
213 8 4 1 2 10 1 9 10 3 6
164 1 4 1 3 6 2 7 1 5 2
332 8 6 8 5 7 8 6 10 8 5
287 10 8 10 6 2 3 4 5 10 9
210 2 7 5 8 4 1 6 1 1 1
296 4 10 6 7 6 1 9 3 10 2
214 1 4 3 7 2 2 4 8 3 9
258 5 9 7 5 1 2 10 2 6 7
283 9 2 9 9 6 2 10 8 1 4
299 10 5 6 7 6 9 10 4 1 2
230 5 3 6 2 6 4 10 10 3 8
280 3 10 3 9 1 5 4 6 9 4
246 5 6 7 9 6 3 1 2 4 4
282 5 6 7 5 6 9 6 1 5 4
25
205 10 2 3 4 6 4 1 2 7 8
231 6 2 6 4 6 4 7 1 8 8
272 1 4 8 10 3 6 3 3 2 9
272 8 7 9 4 9 2 10 1 5 10
272 2 9 1 9 7 9 4 3 1 10
254 7 8 9 4 1 3 1 10 1 10
233 9 1 4 5 8 5 4 7 1 9
271 9 6 7 6 1 3 6 9 9 6
288 9 5 10 6 6 9 7 3 2 2
348 9 8 10 8 8 7 4 10 4 1
237 10 2 4 2 2 10 8 6 5 9
267 5 8 10 4 3 7 3 5 3 2
289 3 3 8 9 2 5 6 7 6 8
292 1 7 5 8 5 10 4 8 2 7
347 3 6 8 10 5 6 5 9 10 7
138 9 1 2 2 4 1 2 5 4 4
218 2 8 6 1 6 7 6 2 1 8
205 6 1 4 3 2 4 6 9 7 1
242 4 7 7 9 5 4 1 1 1 8
230 5 4 2 3 6 9 2 4 8 4
232 1 1 4 10 4 5 3 4 5 5
263 2 1 7 9 4 9 8 4 2 2
322 2 1 6 10 3 10 6 9 7 7
263 4 4 8 3 8 5 10 5 5 7
264 2 7 10 1 9 2 9 10 7 1
25
268 7 8 7 1 8 10 9 1 1 3
232 7 5 4 2 7 2 6 8 8 6
200 10 8 1 2 7 4 1 7 1 8
286 9 6 4 8 6 7 5 1 4 9
278 9 9 5 8 1 5 9 5 5 1
297 8 8 10 3 3 6 10 6 3 6
273 4 9 3 9 1 4 4 10 10 5
235 4 9 2 4 1 5 9 5 5 9
269 2 4 3 10 8 5 4 1 10 2
291 9 5 7 2 7 9 7 2 9 9
266 6 3 4 6 7 6 8 5 9 5
241 4 10 8 1 4 1 9 10 2 2
225 7 10 6 1 7 1 9 4 6 6
321 1 5 9 7 9 7 5 8 6 3
266 10 1 9 10 1 4 9 2 2 2
205 7 1 4 1 9 4 8 4 6 2
256 9 5 7 4 8 3 10 5 2 5
289 1 8 4 10 3 8 3 1 6 8
224 3 5 4 7 2 3 9 7 3 3
205 10 6 1 7 3 3 5 5 4 3
242 9 7 8 2 2 6 1 2 7 6
311 3 6 10 5 7 3 7 10 9 7
268 2 2 7 3 7 9 2 8 7 5
233 8 7 1 2 7 4 9 4 10 1
186 10 2 2 1 6 6 4 8 4 6
25
303 4 5 3 9 8 7 9 9 2 3
199 8 7 1 4 4 4 5 2 1 10
325 10 6 10 3 6 6 4 10 10 9
280 10 5 5 6 3 6 2 10 10 6
205 9 3 3 5 4 4 5 9 2 5
330 8 9 5 8 8 7 10 8 3 7
277 2 3 1 10 5 3 10 6 10 7
213 5 8 8 3 3 2 4 1 1 10
240 6 7 4 5 6 6 1 2 2 9
301 9 4 6 7 6 10 7 5 6 3
281 2 6 1 9 7 10 4 10 1 8
237 6 3 4 5 4 3 9 9 5 8
311 4 8 1 9 4 9 6 5 9 4
348 1 5 8 10 5 9 6 9 5 5
277 1 8 4 10 8 6 6 1 2 4
260 3 7 5 6 4 6 5 2 3 10
294 3 7 4 10 2 6 7 8 6 10
273 9 5 3 5 10 6 8 9 2 7
228 6 5 4 1 7 6 8 5 3 9
211 3 3 3 3 6 6 10 5 3 5
298 6 1 9 8 4 3 9 9 9 9
264 7 9 7 3 6 7 8 3 3 4
255 10 3 7 6 4 1 6 5 10 2
222 5 6 3 4 3 4 9 1 10 9
280 6 10 4 5 6 6 10 7 3 8
25
295 4 5 5 7 8 7 3 6 6 9
301 10 6 8 2 2 10 1 7 10 9
269 10 2 10 9 7 2 3 4 3 10
318 4 6 6 10 2 10 9 2 6 3
236 4 4 10 2 1 1 10 10 8 7
229 3 4 9 1 7 1 6 9 8 4
274 3 8 3 5 9 6 3 3 9 6
259 7 7 1 4 8 4 9 2 8 9
223 7 1 6 2 7 8 1 9 6 2
332 10 3 6 10 9 8 7 3 9 5
231 4 3 4 3 4 8 5 5 10 1
335 7 10 8 7 9 1 9 9 6 6
334 8 8 9 7 1 8 9 8 10 3
202 8 5 2 2 10 2 9 2 2 10
231 8 1 2 9 4 8 2 4 2 9
285 8 7 1 7 8 10 3 9 3 2
294 4 1 10 9 8 4 7 6 7 2
303 4 8 8 2 5 8 6 9 9 8
292 6 8 5 9 8 1 7 7 5 3
198 7 1 2 5 8 4 9 5 1 6
223 3 4 7 4 5 1 10 6 2 10
227 8 3 4 2 5 7 7 2 8 10
236 9 1 3 4 3 7 7 5 9 3
206 7 3 3 4 2 5 6 10 1 9
152 5 1 3 3 1 3 4 4 6 6
25
247 2 2 1 9 7 2 9 9 5 3
230 3 8 4 2 2 8 5 2 7 10
227 1 2 4 9 7 1 5 3 2 8
203 8 7 3 3 3 2 10 8 2 8
288 10 9 4 8 2 6 9 2 10 1
332 8 5 5 8 7 9 9 5 9 7
256 5 6 8 4 1 7 3 6 9 7
323 2 10 2 8 6 10 7 9 4 5
198 2 1 1 6 10 2 1 9 4 6
297 6 10 5 3 5 5 10 8 9 1
262 8 7 8 4 4 5 2 1 9 7
304 2 7 9 6 4 8 9 3 7 6
301 4 9 2 8 6 6 7 9 3 6
270 7 3 5 5 10 8 4 10 4 3
221 8 9 1 8 3 5 1 2 7 4
316 9 4 3 7 8 10 3 10 8 3
295 3 10 5 8 1 8 6 5 4 4
320 5 7 10 3 10 10 2 8 4 1
223 1 6 5 1 4 3 5 8 9 10
256 8 7 4 5 1 7 6 9 3 6
263 5 4 6 7 9 8 2 1 3 5
292 1 5 8 9 4 5 1 5 9 2
264 2 5 1 7 10 7 9 1 4 3
314 4 9 9 9 7 9 3 1 1 5
291 1 10 2 7 1 6 7 8 10 6
25
144 8 4 4 1 1 1 5 1 5 4
276 2 3 9 6 7 4 9 7 2 9
228 8 10 4 2 8 1 10 2 3 6
298 2 10 5 10 2 5 2 7 4 9
361 5 7 8 10 8 8 2 6 9 1
264 8 9 1 4 8 7 8 7 1 8
253 5 2 6 10 1 10 2 3 4 4
313 2 5 10 4 8 6 10 1 7 10
240 3 10 1 10 5 1 3 7 5 5
248 9 3 9 4 4 2 2 4 10 7
304 3 4 5 10 9 1 9 10 7 8
211 4 9 3 6 3 4 9 2 2 1
230 7 3 6 6 3 1 3 9 9 1
241 2 8 6 1 5 9 2 6 8 1
280 3 1 6 8 1 8 5 4 10 9
325 1 5 10 3 8 8 8 8 8 8
293 5 3 5 5 8 8 4 4 10 7
309 5 8 6 5 6 9 2 7 8 10
304 10 8 2 8 9 3 10 7 3 9
244 6 4 3 10 6 4 6 5 1 2
346 2 4 10 8 7 10 10 1 8 3
322 5 9 7 7 6 5 7 5 6 8
253 8 2 1 10 3 10 3 5 4 6
253 8 3 2 2 9 8 1 10 10 7
275 7 8 10 1 7 6 2 10 1 5
25
221 1 7 8 3 2 8 1 5 4 1
166 4 1 1 3 7 1 10 3 2 9
299 9 4 6 8 5 5 8 3 10 9
300 1 10 7 10 2 2 7 9 7 7
293 5 8 5 3 5 9 5 8 6 6
265 10 10 7 3 1 5 1 10 10 2
313 8 3 1 8 10 10 10 8 2 4
227 1 8 5 3 6 2 7 4 7 10
229 2 2 9 1 4 7 3 10 6 2
310 4 2 9 8 9 7 3 2 6 7
291 4 10 5 7 5 2 10 2 9 7
261 2 7 4 5 2 9 7 9 5 6
182 10 8 1 3 1 1 7 3 6 3
301 5 10 1 10 10 7 2 5 3 2
293 3 5 10 5 6 4 5 5 9 9
313 3 1 8 10 4 9 8 5 3 6
317 7 10 7 5 3 9 3 10 5 2
311 3 6 5 6 10 7 3 10 10 1
249 2 4 4 2 4 9 7 6 6 7
232 9 2 9 1 4 5 7 4 9 3
274 3 9 2 6 7 6 9 6 5 4
264 10 9 8 7 1 5 5 1 6 6
234 10 10 1 5 1 6 10 4 3 10
278 8 2 9 9 2 8 1 2 7 10
173 2 5 2 1 5 1 7 10 3 3
25
244 4 1 1 5 9 8 8 3 2 8
258 9 4 4 5 10 3 3 6 5 8
386 9 10 5 10 4 9 9 9 10 9
162 6 2 2 1 1 5 8 5 7 7
202 10 4 6 6 4 2 7 2 2 5
343 9 7 9 8 8 6 7 4 7 10
236 8 8 9 5 1 2 10 1 1 10
235 3 6 7 8 2 3 5 4 2 6
223 4 8 3 2 2 8 3 1 5 9
238 6 5 4 7 6 5 3 10 4 1
273 7 5 9 8 2 1 8 6 10 5
249 7 4 10 1 9 4 3 6 1 6
259 9 4 6 4 7 7 6 6 4 2
279 4 6 8 4 4 7 10 8 6 4
269 9 8 9 5 4 5 6 6 2 2
199 5 8 4 2 5 2 10 2 5 1
181 8 6 4 2 6 1 5 4 3 3
229 6 10 6 2 6 4 1 8 3 6
397 4 10 9 10 6 7 9 9 9 4
256 7 8 2 4 6 9 10 8 2 1
236 5 1 7 1 7 1 6 10 9 10
230 6 3 3 6 5 3 10 1 7 10
277 2 9 3 5 4 8 5 7 9 7
228 1 5 8 3 3 4 4 4 2 9
283 3 7 1 5 8 8 9 10 3 4
25
257 2 3 3 6 9 7 2 10 6 8
236 4 5 6 2 4 8 5 10 3 6
316 8 10 4 9 3 9 10 3 5 10
296 9 6 9 7 4 6 5 3 6 4
221 3 1 1 10 8 5 1 3 3 5
253 6 6 6 1 10 6 4 5 6 3
170 4 2 1 3 9 1 3 6 5 3
234 9 2 8 1 8 7 4 1 4 4
248 3 2 9 1 7 5 10 5 6 10
297 8 8 3 7 6 10 3 3 3 7
304 10 1 1 7 10 9 7 9 9 9
291 10 6 4 5 10 1 10 10 10 2
245 2 7 8 2 6 3 4 9 2 6
255 1 7 9 6 4 1 3 1 10 4
250 8 6 10 1 4 2 5 9 3 9
289 3 10 4 4 10 9 1 1 6 3
229 3 2 8 1 10 1 8 8 3 10
296 5 2 6 7 10 9 1 10 2 9
259 6 3 8 2 8 6 6 7 9 4
206 8 1 1 8 10 3 3 4 2 6
318 4 3 8 2 8 9 5 10 10 6
243 3 3 1 8 5 10 3 1 6 4
245 10 1 9 1 4 6 10 3 9 2
165 9 3 5 1 5 1 1 6 5 8
216 7 6 7 3 1 3 3 2 9 2
25
322 3 9 10 9 2 1 8 3 10 9
228 6 4 3 3 1 7 10 9 2 9
165 3 1 6 3 7 1 4 4 1 10
259 3 9 8 2 2 9 5 2 8 2
270 1 7 4 7 5 4 10 7 8 3
253 5 5 4 3 8 5 9 3 4 8
279 5 8 7 1 8 8 6 6 1 7
227 4 4 6 5 6 2 2 8 8 4
231 2 5 10 1 6 4 3 9 1 7
184 8 1 4 1 1 3 3 9 10 8
161 4 2 2 10 3 1 2 1 2 3
251 5 4 5 1 4 10 8 4 10 3
288 7 7 10 4 7 5 4 4 6 4
339 7 6 3 10 9 8 7 10 4 10
201 8 2 6 2 3 9 3 1 6 4
311 1 4 10 6 9 2 8 10 8 9
350 9 7 8 9 5 9 5 7 4 10
338 1 8 2 9 10 10 4 7 7 3
203 7 8 6 5 4 2 1 8 1 2
246 1 4 4 9 1 6 4 9 5 3
295 7 10 8 1 7 10 8 1 1 5
250 1 4 8 8 6 2 5 10 2 3
336 7 9 8 2 9 10 4 4 7 8
248 5 3 9 3 6 6 6 1 5 2
287 9 9 7 9 1 2 3 6 10 5
25
258 1 4 5 5 6 5 9 1 7 8
213 1 2 5 1 6 7 6 6 7 2
266 4 8 3 10 2 4 5 8 9 1
226 8 9 4 4 2 2 2 6 6 8
292 8 5 9 9 2 4 9 2 3 6
204 3 1 2 4 5 8 6 6 3 5
265 5 8 7 2 10 3 5 10 3 7
264 6 4 4 8 1 9 2 1 9 9
258 2 9 5 2 8 2 7 10 7 9
264 7 4 4 9 8 5 9 4 2 1
246 6 7 6 7 8 2 1 7 5 2
319 4 7 10 6 3 8 3 7 9 1
226 8 5 2 7 8 1 3 3 7 6
203 7 2 2 7 1 5 8 9 2 1
311 10 10 7 4 8 10 1 3 9 5
194 1 3 5 6 2 9 1 3 1 2
193 3 2 5 5 2 2 1 8 6 10
226 1 10 3 9 3 1 6 1 6 5
231 6 2 3 10 2 3 8 4 7 4
241 1 5 7 1 5 9 1 3 5 8
373 1 8 8 7 10 10 2 10 8 6
301 10 10 3 3 5 9 8 6 9 10
297 8 9 7 6 9 4 9 3 5 6
275 4 6 5 8 10 4 4 3 4 3
173 2 4 1 6 4 1 5 9 4 5
25
269 1 5 7 5 2 3 8 6 10 7
310 4 4 8 9 8 5 8 7 4 1
321 6 6 9 4 9 9 9 7 1 8
264 3 10 3 1 9 7 5 4 6 5
149 5 3 4 2 3 1 3 2 6 8
204 8 3 1 5 8 1 9 9 1 6
261 8 7 5 4 4 8 2 7 7 7
218 3 6 2 4 10 7 2 3 2 8
336 1 9 10 6 2 10 3 10 7 8
218 2 6 3 2 2 7 6 2 6 10
313 2 4 8 6 8 3 7 8 9 9
309 5 1 10 7 2 5 9 9 10 8
219 10 6 4 7 1 1 6 5 7 4
237 8 7 4 2 2 6 4 2 9 8
229 10 7 7 2 7 4 8 2 1 3
256 7 6 1 8 10 9 2 4 1 2
269 5 4 4 9 8 1 9 2 10 6
285 4 8 7 3 9 6 6 10 6 2
272 1 6 7 9 5 4 3 7 6 1
365 10 9 8 8 10 7 9 6 9 4
231 6 3 4 7 3 3 3 8 10 1
316 8 5 5 9 10 7 6 4 7 3
318 4 4 5 10 6 6 1 10 7 10
299 6 8 9 7 1 6 10 3 7 1
285 2 1 9 7 4 3 2 9 10 10
25
339 8 9 7 8 10 8 3 10 3 3
315 9 7 10 6 10 10 4 1 1 2
239 1 2 3 8 10 1 6 2 10 10
239 4 4 6 1 9 7 1 5 7 2
249 6 10 4 3 5 5 2 6 8 9
325 3 4 9 6 2 10 10 4 10 8
274 3 3 9 5 9 2 5 8 9 8
220 4 6 3 2 6 4 3 9 8 9
322 3 9 5 4 6 10 3 9 9 7
268 9 8 1 1 10 6 8 8 10 10
272 10 8 10 1 3 5 2 10 8 9
170 10 2 1 2 9 1 7 3 4 3
295 6 5 7 5 8 7 9 7 2 8
210 9 3 8 2 1 8 5 5 1 2
358 6 6 8 9 5 7 9 9 8 5
283 6 9 3 8 2 5 6 10 3 9
291 3 6 2 9 7 7 9 3 4 5
217 3 10 7 3 1 3 9 3 5 2
246 3 9 2 7 8 4 5 3 3 6
290 5 10 1 9 9 2 7 10 7 1
325 1 8 4 10 6 9 4 7 7 5
281 3 9 7 2 2 9 6 8 9 3
217 9 6 7 6 5 2 5 4 1 4
219 4 8 3 4 3 4 10 9 1 1
220 2 3 1 3 8 7 1 9 5 6
25
189 3 5 2 3 9 1 1 6 7 4
257 2 9 9 6 1 5 5 4 1 8
351 5 5 5 8 10 10 8 3 6 9
203 7 5 4 1 6 4 2 1 7 6
119 4 5 1 2 2 1 10 2 1 2
256 7 6 3 2 6 9 5 7 8 7
272 3 7 6 4 2 9 7 6 9 2
273 6 3 10 5 4 8 1 9 6 3
230 10 10 1 4 5 3 6 7 1 10
282 4 4 5 9 1 6 7 3 9 10
346 5 6 10 8 10 7 7 8 3 9
186 3 5 4 2 1 2 3 6 10 7
264 6 9 2 6 7 6 5 8 2 1
269 1 7 10 2 2 9 1 9 5 5
222 9 1 3 4 3 8 1 9 10 4
260 5 6 4 2 9 10 5 6 4 6
203 8 6 2 5 2 4 4 5 7 1
247 10 4 3 4 7 10 4 2 1 5
195 2 1 3 1 2 7 4 8 9 4
325 8 9 10 6 10 3 3 3 10 7
292 8 1 8 8 10 7 6 4 2 5
236 2 4 9 1 5 7 5 2 5 6
196 4 2 3 1 4 10 1 3 3 8
286 5 8 7 7 6 3 1 8 10 5
291 7 9 7 4 5 8 3 7 6 7
25
233 2 3 3 9 10 2 8 1 2 8
321 8 3 9 7 5 6 6 6 8 7
381 3 9 10 8 10 10 7 2 5 5
322 6 8 9 4 9 8 4 5 4 9
233 1 6 6 8 2 7 2 8 1 1
281 4 10 3 6 2 6 9 10 4 3
213 8 2 1 2 10 7 5 9 1 7
234 6 2 4 6 5 4 1 3 9 8
266 7 5 10 9 5 1 5 3 2 10
139 8 1 8 1 3 1 2 2 5 1
318 3 7 2 10 2 9 3 10 8 6
260 7 5 10 4 4 1 1 10 6 8
293 10 10 5 8 5 7 3 7 4 6
249 7 6 8 2 9 5 1 7 4 4
233 1 3 3 7 9 5 9 2 1 8
293 4 8 9 3 3 9 5 7 4 10
361 6 9 10 8 10 10 6 2 3 9
227 8 5 3 10 3 2 6 7 2 4
304 2 8 9 1 7 10 9 8 3 4
247 4 10 2 6 7 4 2 5 4 5
214 3 9 7 5 4 2 3 4 1 6
177 3 2 3 1 8 4 4 2 3 4
293 4 7 6 9 7 6 10 4 3 3
216 5 2 5 4 4 8 1 6 2 5
262 3 5 2 4 10 10 7 7 2 4
25
237 3 8 2 2 9 7 7 8 4 4
195 9 5 6 1 2 2 8 6 2 9
246 3 10 5 2 6 1 9 9 9 2
256 10 8 8 4 7 4 1 3 10 1
258 4 6 8 9 3 2 4 2 1 9
253 5 2 1 5 8 6 10 10 9 1
330 3 3 7 6 8 10 8 9 10 1
207 9 4 6 8 1 1 5 5 1 9
224 4 9 1 1 10 7 4 3 7 5
260 10 10 7 6 2 1 10 7 7 1
214 1 8 4 2 7 5 4 7 1 6
303 10 8 4 10 4 7 7 4 5 2
241 5 7 2 3 10 3 9 9 1 9
301 8 9 5 4 9 5 8 9 7 3
194 1 7 1 6 1 1 7 10 8 1
278 3 8 5 2 5 8 4 7 10 3
259 7 1 10 10 1 2 7 4 5 7
251 1 10 2 8 3 5 4 6 2 3
340 6 10 10 3 4 9 10 6 10 4
324 2 10 9 7 5 2 6 10 9 3
255 10 5 4 4 4 2 10 8 9 6
294 3 8 4 9 9 4 2 2 6 8
281 1 7 9 5 8 4 1 3 6 7
293 7 10 8 6 3 8 6 1 4 5
230 5 10 1 4 10 3 4 1 6 3
25
272 7 5 2 7 5 7 5 10 3 6
254 5 3 9 2 10 4 10 9 1 5
361 4 10 9 10 4 8 3 2 9 9
249 10 2 3 2 5 10 9 10 8 3
277 9 7 4 9 5 4 9 7 1 9
294 9 8 8 10 7 2 2 5 3 3
296 6 6 7 3 4 9 10 2 7 9
180 5 3 3 1 10 3 1 4 4 3
222 5 2 7 4 4 4 2 9 2 6
252 9 7 2 3 5 10 5 1 5 7
354 9 6 9 9 4 9 1 6 8 10
299 7 5 6 10 8 5 8 1 5 6
295 8 1 6 6 9 7 7 7 6 5
278 6 7 10 6 7 7 1 2 2 6
318 5 5 10 9 10 3 6 3 1 10
202 4 7 6 3 6 3 3 1 4 5
234 1 2 3 3 3 9 4 8 8 7
206 2 1 4 5 8 2 8 8 2 3
362 10 5 7 7 9 10 2 9 8 6
259 2 2 3 9 7 5 2 4 10 9
219 7 5 5 1 3 5 8 1 10 1
302 3 7 5 10 9 8 7 2 3 1
233 10 3 2 6 3 7 5 6 3 4
281 3 6 1 9 8 8 3 10 2 6
208 10 3 5 9 6 1 1 4 1 6
25
252 5 6 8 5 3 1 9 9 4 2
303 8 7 5 10 6 3 4 7 4 9
218 9 1 7 2 2 7 2 9 6 9
243 1 1 3 8 3 8 4 9 1 4
274 10 2 2 7 6 8 4 4 9 7
325 2 3 10 10 2 10 7 1 3 10
224 7 1 1 4 8 10 2 1 7 8
185 7 3 1 2 5 7 8 7 1 2
299 4 10 2 3 9 9 9 8 7 5
251 9 4 4 4 10 4 10 6 5 3
264 6 4 5 4 10 3 5 9 7 2
248 10 8 8 1 2 4 3 9 8 5
267 3 9 1 9 7 2 4 5 10 10
252 8 9 2 5 7 6 8 3 3 8
337 9 9 5 6 7 10 8 8 3 3
235 2 5 6 9 1 7 3 2 2 1
227 2 2 6 6 4 2 5 4 6 9
263 5 1 6 5 6 8 5 5 7 2
218 7 7 5 4 2 1 9 7 3 6
309 10 10 9 2 9 7 4 3 3 7
239 6 3 4 7 7 4 1 6 9 4
304 8 6 4 10 9 3 9 4 8 7
259 3 1 10 7 4 6 3 5 1 3
246 1 8 6 4 10 1 3 4 4 5
368 4 5 9 10 8 8 10 4 8 4
25
225 7 10 2 2 5 2 5 10 7 5
228 6 9 1 4 10 4 9 2 1 5
268 4 1 1 8 10 7 6 5 7 8
228 4 7 3 5 3 3 9 1 9 8
231 1 9 5 5 1 2 4 1 10 3
245 9 1 4 5 4 8 7 8 3 9
226 8 8 3 1 4 7 8 6 6 6
293 10 4 2 6 9 9 9 2 10 7
332 7 3 7 8 5 10 10 5 10 7
219 3 6 5 1 4 4 4 7 8 10
206 1 4 3 5 2 6 3 2 8 9
309 2 10 1 8 8 6 9 6 8 6
293 8 8 1 10 5 6 10 6 7 2
278 2 4 10 7 7 1 7 1 9 9
334 1 7 4 8 10 9 5 1 10 5
268 8 8 2 4 1 10 1 10 5 9
282 7 1 10 6 3 8 2 10 8 2
288 8 10 1 5 8 5 10 9 8 6
331 7 7 7 9 10 9 6 2 1 10
294 7 10 7 7 1 9 3 7 3 4
267 5 6 7 6 10 3 1 2 4 7
268 6 5 8 6 1 9 4 2 3 5
248 5 2 9 1 1 8 6 9 9 7
212 1 7 10 1 6 1 2 4 4 9
230 10 4 4 7 1 3 3 9 3 6
25
194 6 4 6 1 3 2 3 5 9 4
243 1 3 4 5 2 6 7 3 8 9
275 8 4 6 7 7 9 5 3 1 2
265 1 10 4 7 6 7 3 7 1 6
209 10 4 3 8 7 2 4 3 3 2
264 7 2 9 3 3 7 3 4 10 3
241 6 4 6 5 6 2 3 8 3 10
336 4 9 8 9 5 7 7 7 5 9
307 1 6 10 8 6 6 1 8 4 9
276 3 7 3 8 9 6 10 4 3 1
220 2 9 3 7 8 1 1 7 2 8
305 7 4 4 9 1 9 7 9 10 7
350 9 4 8 8 8 6 6 10 7 10
265 5 3 2 10 10 1 3 8 9 3
271 3 7 4 9 3 4 4 3 8 8
338 3 8 1 10 9 9 10 4 5 5
208 2 2 2 8 8 5 3 1 5 5
256 5 3 2 8 6 5 4 5 9 7
221 7 3 7 9 3 2 1 1 2 4
270 1 4 1 7 8 8 5 4 10 1
246 2 4 2 6 8 3 7 6 7 9
212 6 5 1 1 8 5 3 2 10 5
307 9 8 5 3 5 9 7 10 8 2
316 2 6 4 10 1 9 4 8 10 10
247 1 5 7 3 10 2 6 9 4 9
25
293 2 5 9 10 1 4 8 2 9 2
228 1 9 1 8 3 2 7 1 10 1
215 7 6 3 1 10 7 4 1 3 1
233 8 1 4 2 10 6 3 8 5 10
243 1 9 6 6 3 4 1 10 4 5
333 3 10 4 4 9 9 8 10 8 3
234 9 1 4 6 1 10 9 4 5 2
274 3 1 4 10 3 6 5 7 4 10
252 6 10 5 7 3 5 8 1 4 2
232 3 3 10 2 9 4 3 5 1 9
271 9 10 6 5 8 2 6 2 3 6
229 2 5 6 5 3 3 7 8 3 1
252 8 6 1 6 10 6 7 4 2 4
298 4 7 10 2 5 10 1 6 3 9
279 8 8 7 4 9 7 4 2 4 2
258 2 8 4 10 1 2 8 8 1 10
183 10 8 1 4 3 1 10 8 3 1
283 4 7 9 8 3 3 4 7 8 6
270 6 4 9 6 3 9 7 4 1 6
260 9 5 1 6 7 8 4 1 10 4
211 5 8 1 3 3 5 8 5 3 7
312 10 7 9 5 9 6 1 6 10 1
303 2 6 4 8 6 7 10 1 9 9
324 4 10 7 9 4 7 8 5 4 8
328 2 6 9 7 9 8 4 8 8 2
25
304 3 7 5 2 7 9 2 9 9 9
201 9 2 2 4 3 3 4 10 6 9
226 8 8 5 7 7 1 1 8 2 3
343 9 10 4 9 5 6 6 6 9 8
246 7 2 4 5 1 4 8 8 10 6
248 7 2 5 7 4 3 3 8 10 3
238 1 7 8 1 6 3 6 7 8 1
317 3 7 10 1 10 9 2 10 10 4
243 1 4 7 5 7 1 10 5 8 2
244 3 10 6 2 1 4 8 5 4 8
272 6 2 8 6 9 2 2 9 7 10
243 6 4 5 5 2 3 7 10 4 9
375 2 4 10 8 9 9 7 9 9 9
272 6 7 6 7 9 2 3 2 8 8
278 5 10 4 9 2 9 8 3 2 2
263 9 10 3 6 5 4 9 4 6 3
271 3 2 4 9 3 8 9 4 8 3
307 4 6 5 3 8 9 9 5 8 4
298 8 8 6 4 8 8 3 1 9 6
353 1 3 8 10 8 8 10 4 6 9
329 8 4 9 10 7 5 9 2 3 7
276 3 7 2 10 3 4 8 6 6 8
294 10 8 10 6 3 4 2 8 7 1
300 2 2 8 9 8 4 8 2 5 9
196 10 6 5 1 2 3 8 2 8 8
25
254 10 2 10 2 5 7 1 6 5 8
319 10 1 7 9 9 9 3 4 7 4
247 3 2 7 6 6 8 1 2 5 1
244 5 6 4 2 9 3 5 9 4 7
253 10 3 2 10 4 1 6 4 10 7
180 2 1 5 2 7 2 7 7 4 1
224 1 2 5 2 6 8 7 8 4 5
232 3 1 9 3 2 8 3 4 5 5
251 7 10 7 7 3 2 10 3 2 3
318 9 4 7 6 6 7 5 9 10 6
312 3 9 5 8 8 5 3 5 6 9
254 2 6 6 9 1 2 4 9 5 7
354 3 9 7 8 9 8 7 1 9 7
327 4 2 4 10 8 9 5 9 4 9
240 4 8 9 4 4 6 1 2 4 2
212 1 8 3 8 3 4 1 2 1 7
233 10 10 4 2 7 2 5 7 7 3
231 3 4 3 10 2 3 2 6 9 5
218 5 6 6 3 8 2 1 8 8 1
253 6 4 5 5 9 3 9 1 5 10
227 4 2 6 3 10 4 3 5 8 3
306 10 10 4 2 7 10 8 2 9 3
259 8 3 9 4 6 3 6 5 8 8
209 10 3 6 2 6 4 4 10 2 6
258 4 8 1 5 6 2 5 10 8 8
25
263 4 7 3 4 3 9 5 6 7 8
341 2 10 6 8 10 9 2 3 4 5
295 5 10 9 10 5 1 8 3 4 5
304 6 9 7 6 3 7 8 6 9 3
254 9 2 2 3 10 9 7 5 6 8
304 8 3 2 10 7 10 10 3 3 6
313 8 10 1 5 7 10 9 5 5 8
241 9 2 10 5 4 3 3 4 5 5
219 1 1 4 3 3 9 6 5 8 4
254 2 8 10 7 3 3 3 9 2 2
249 3 5 2 4 7 9 8 5 4 1
235 8 7 4 2 2 7 10 3 9 6
310 2 9 10 6 9 4 4 8 1 9
256 8 8 4 6 4 5 9 4 3 3
266 6 8 3 6 5 7 4 10 1 3
263 6 8 9 8 2 3 2 8 3 5
222 3 2 5 6 2 3 7 2 10 2
284 1 8 9 1 2 10 9 7 6 5
302 5 3 3 9 10 8 9 10 4 1
272 4 9 2 5 7 4 10 6 9 10
223 7 1 1 4 3 8 7 10 6 2
259 10 3 5 9 9 2 5 3 7 6
261 7 2 10 6 9 4 5 1 5 3
258 6 4 4 8 3 5 5 7 7 1
239 9 9 7 3 7 1 9 1 1 10
25
287 6 8 5 5 5 7 6 8 9 5
312 4 4 5 9 8 7 7 4 8 3
289 8 2 5 8 8 8 6 3 3 10
169 3 7 2 4 3 3 1 2 4 10
202 3 4 2 3 6 5 2 10 6 6
342 8 2 8 10 10 10 3 6 5 1
311 9 10 5 9 4 7 10 4 5 4
297 8 8 8 1 7 3 7 7 10 9
308 10 7 2 6 10 9 1 9 6 6
241 6 2 7 6 7 2 4 8 6 4
295 7 3 6 10 3 5 3 10 10 2
188 5 4 2 3 1 3 10 4 7 8
289 4 10 6 4 3 6 10 5 6 6
278 8 3 3 9 1 7 8 6 7 9
244 6 3 8 4 4 3 5 9 6 7
255 8 3 5 2 3 8 10 8 7 8
179 5 10 3 1 1 4 4 6 3 2
292 4 1 5 9 5 10 8 3 5 5
150 5 3 3 1 7 1 2 5 5 1
265 7 2 8 5 9 9 2 1 3 1
268 7 10 6 4 7 5 7 2 3 4
209 8 4 10 2 7 2 3 4 4 1
300 10 5 8 9 7 8 1 3 1 4
298 5 5 2 6 6 10 10 2 10 9
293 9 3 6 8 5 5 10 7 9 2
25
288 9 6 1 5 2 10 10 9 5 8
259 10 9 7 2 6 5 3 3 8 3
268 3 9 4 9 2 4 4 3 7 8
210 7 2 6 1 3 8 9 3 2 7
352 8 8 9 9 7 8 3 4 3 9
296 8 5 9 8 6 7 6 2 1 1
294 4 9 10 10 8 1 6 5 1 2
227 1 1 3 6 6 8 7 1 2 2
241 1 1 5 4 10 8 2 7 7 2
241 9 10 10 4 2 1 1 8 2 3
245 2 3 1 8 2 6 10 9 6 3
326 6 6 8 8 6 9 7 3 3 8
310 8 10 10 6 8 1 8 2 8 1
242 8 5 6 10 1 5 4 6 2 1
252 9 10 5 5 4 2 7 5 7 3
281 1 8 5 10 2 6 10 8 2 2
222 3 4 4 2 9 2 5 7 8 7
396 6 7 9 10 5 10 9 10 6 3
311 6 2 10 8 9 6 4 3 4 5
227 10 10 7 1 2 6 1 6 5 1
314 8 1 10 6 8 4 6 3 10 10
254 10 4 6 5 5 10 6 1 4 2
229 3 5 5 1 3 8 3 6 5 8
258 6 10 6 5 4 6 4 6 1 9
284 6 8 5 7 1 8 6 7 7 9
25
332 3 8 7 10 5 10 3 3 6 2
326 4 3 8 7 4 9 3 6 9 10
225 3 9 4 8 1 1 5 9 1 8
293 3 3 5 10 4 4 6 6 10 4
224 5 2 7 1 4 6 8 2 7 1
307 1 8 9 6 9 2 7 3 10 10
292 3 10 9 8 2 9 2 3 1 8
186 8 9 2 1 4 2 2 4 8 4
292 8 6 6 10 6 3 9 3 9 2
253 8 7 6 4 3 4 1 10 4 7
303 1 4 8 6 3 10 9 8 2 6
326 8 7 9 9 6 4 5 7 8 5
251 6 2 3 8 6 8 7 1 4 6
287 10 4 9 1 9 4 10 9 9 5
217 1 7 6 7 1 2 7 2 5 7
275 3 7 10 8 3 3 10 5 3 3
217 4 3 3 4 5 4 6 1 10 6
270 3 4 3 10 6 6 2 7 3 10
322 5 4 9 8 9 5 8 5 7 4
301 5 2 5 10 8 4 1 10 7 10
261 2 4 4 5 10 9 6 5 2 8
274 3 8 8 4 8 4 10 4 2 1
273 1 6 7 5 9 10 2 2 3 4
256 10 4 10 7 2 5 1 2 6 1
264 4 4 6 9 2 2 5 1 9 10
25
288 1 9 6 8 4 8 1 6 7 5
309 3 7 9 10 10 2 9 3 2 4
264 4 4 6 9 1 7 7 4 3 9
283 2 3 4 4 4 9 9 10 7 5
224 3 6 2 10 6 1 3 6 5 1
346 7 9 9 7 8 8 6 2 5 6
251 4 8 10 2 2 2 9 4 3 9
206 7 6 2 5 6 1 3 9 3 2
168 2 1 3 2 2 2 8 9 6 4
308 9 9 9 9 5 5 2 5 6 2
333 10 2 10 6 6 10 7 3 9 9
338 10 5 6 9 6 6 8 5 9 6
281 3 3 8 8 5 2 9 5 8 7
336 6 4 10 7 10 7 5 7 3 9
206 1 4 3 8 7 3 1 2 1 4
159 6 6 1 1 4 1 6 4 3 6
307 2 7 9 8 10 3 3 6 7 4
343 5 8 10 8 6 10 5 5 1 9
216 3 3 7 2 6 3 1 5 6 9
222 8 7 7 3 3 1 1 10 2 7
342 2 4 10 8 10 6 3 9 6 7
300 7 10 7 5 6 6 5 7 3 2
254 6 8 8 1 10 2 10 2 2 3
245 6 8 10 3 1 3 10 10 1 6
237 7 2 3 5 8 10 1 8 2 6
25
250 7 5 3 7 5 3 7 2 9 4
261 7 8 1 6 4 8 7 3 8 2
365 9 9 7 10 9 9 4 1 7 7
240 9 1 4 4 6 10 2 8 3 8
278 9 8 4 8 5 10 1 3 1 8
312 1 7 5 8 9 5 3 10 6 3
210 2 1 5 4 10 2 6 6 1 8
249 9 10 8 1 5 1 2 4 10 7
328 10 7 8 9 7 8 1 1 8 3
233 9 2 2 1 9 7 5 4 9 9
240 10 4 3 4 10 2 10 9 4 4
327 9 2 9 10 3 7 5 10 7 8
336 3 8 8 4 6 8 7 10 9 1
305 1 6 7 9 6 6 1 9 3 8
250 1 5 6 3 9 8 5 5 5 2
255 4 2 9 2 1 9 2 9 10 1
253 10 10 3 4 9 2 9 4 2 7
269 8 6 9 1 6 6 2 6 8 10
230 10 4 1 5 6 6 6 7 7 5
291 1 7 9 1 8 9 2 9 10 3
173 5 2 1 3 3 5 2 8 10 1
309 1 10 7 7 9 8 3 8 2 1
265 8 9 10 5 3 1 10 4 8 2
220 6 1 2 7 10 3 2 5 3 9
223 8 2 1 9 8 7 4 3 2 1
25
314 10 4 8 2 9 7 8 3 10 10
312 2 7 8 8 8 2 8 9 3 5
278 7 10 4 10 2 9 1 1 2 5
166 9 3 1 2 3 4 7 2 8 8
291 9 10 1 10 8 1 4 10 8 5
250 8 4 2 3 8 10 9 2 7 4
195 5 3 1 7 7 2 3 4 5 2
214 10 4 1 5 3 6 6 4 6 2
279 9 3 4 1 10 10 7 2 9 3
153 10 1 5 1 4 1 5 2 8 1
193 4 7 2 1 3 9 8 1 1 5
124 4 2 1 3 5 2 1 7 1 5
250 6 1 8 5 10 3 4 2 5 2
356 8 10 9 7 8 7 4 3 9 4
280 4 2 7 3 7 9 7 5 9 2
247 1 9 10 6 2 1 6 6 1 7
230 7 2 5 2 10 2 7 6 8 9
191 8 1 4 6 7 1 1 5 3 7
332 7 4 3 8 10 7 8 10 7 5
268 8 1 9 8 7 6 5 3 3 7
238 9 9 3 4 3 5 8 8 5 1
241 3 2 2 10 9 1 6 10 2 4
188 5 2 4 1 4 5 5 5 3 10
256 8 10 6 4 3 3 6 7 8 7
296 9 9 9 3 7 4 8 1 8 7
25
253 3 10 1 6 5 9 8 5 2 2
252 5 2 7 4 2 9 6 4 6 7
306 10 8 6 6 9 7 10 1 2 10
330 2 2 8 10 10 1 5 10 9 9
388 10 10 5 8 9 9 10 9 6 10
183 9 5 1 3 4 4 10 1 4 1
270 10 8 7 7 7 2 1 7 6 4
269 6 6 9 5 2 10 2 7 5 1
313 4 8 4 7 7 8 5 5 9 10
191 10 4 6 2 1 8 6 1 2 6
296 1 4 8 6 2 10 5 6 6 9
292 7 5 10 3 3 9 4 4 10 5
207 4 2 6 4 10 2 1 4 3 6
260 9 8 5 10 5 1 1 2 8 6
281 9 8 10 1 9 3 3 7 10 7
291 4 8 3 8 2 5 5 5 10 9
216 10 1 9 7 3 1 2 9 2 4
307 4 8 10 8 7 2 5 1 8 3
231 8 4 5 2 2 6 7 5 9 6
344 1 8 4 10 9 7 8 6 8 10
217 4 9 6 5 1 1 9 8 2 2
206 3 7 2 1 8 5 10 3 2 9
307 10 10 10 2 6 8 2 6 5 1
285 1 7 3 8 10 8 2 2 4 7
224 5 9 7 2 4 1 1 10 7 5
25
231 7 9 6 2 7 1 6 7 2 5
198 3 3 6 1 1 6 7 5 10 1
295 7 5 10 5 8 2 5 7 7 4
237 9 1 1 10 4 5 8 3 2 8
245 7 8 3 8 6 2 3 9 6 3
299 1 7 3 10 1 10 7 1 10 4
223 9 7 9 2 1 1 5 10 3 3
175 7 2 9 1 4 1 1 3 5 8
206 5 6 8 1 4 2 5 3 3 7
236 1 1 7 8 4 2 7 10 3 4
313 4 10 3 10 8 4 10 6 1 4
307 8 10 10 8 3 2 9 3 8 6
234 3 8 6 1 10 1 6 6 4 7
241 2 1 8 4 8 9 4 3 1 4
258 5 5 2 4 10 7 8 5 4 4
170 6 6 1 4 4 3 1 6 3 4
249 9 4 8 4 4 6 5 8 1 2
319 10 10 4 6 9 7 2 5 10 9
275 8 1 4 9 1 9 5 7 7 9
290 8 9 2 7 2 9 5 6 6 4
162 5 3 7 1 1 3 4 2 9 1
239 1 7 2 8 3 4 4 5 9 8
326 2 7 9 9 6 7 3 8 3 2
274 3 3 8 1 6 8 8 8 5 4
258 1 5 2 9 4 5 7 6 5 9
25
233 4 7 4 8 8 3 4 2 3 3
351 6 8 9 8 7 8 8 3 9 8
315 8 9 8 8 7 2 7 10 4 10
286 4 3 3 7 4 9 9 10 6 2
193 10 4 3 2 5 5 3 8 1 1
319 6 1 10 8 8 7 8 5 6 5
278 3 7 2 8 5 5 1 7 9 7
229 1 4 8 2 1 2 7 10 9 1
297 2 10 8 8 6 1 7 4 10 5
182 3 10 2 3 4 5 3 2 1 8
320 5 9 5 10 4 5 1 10 7 10
222 1 7 1 8 5 6 4 3 3 1
324 7 7 5 9 9 9 8 2 6 5
248 1 9 7 5 4 6 4 1 4 6
362 7 8 8 10 8 6 9 3 4 10
213 2 2 1 8 5 10 4 4 1 3
262 9 4 4 5 7 6 8 2 6 8
336 8 7 5 8 8 8 8 3 9 7
357 10 3 8 9 9 9 7 8 4 9
314 8 5 10 2 10 7 9 6 8 5
223 5 3 1 3 10 4 9 3 7 8
278 3 9 4 7 9 3 5 6 4 1
307 3 4 3 9 7 7 10 8 6 8
239 8 3 2 7 8 5 1 7 5 5
287 9 8 2 10 1 4 8 9 5 10
25
229 8 1 5 5 7 5 6 1 7 4
297 3 3 8 6 1 9 10 2 10 7
262 9 1 9 1 9 6 2 7 8 9
197 10 1 2 6 5 2 7 2 6 1
224 7 2 2 4 9 5 2 10 7 1
317 7 5 1 9 5 9 6 10 5 10
174 8 2 2 2 5 4 8 9 1 2
308 5 8 2 10 9 8 2 10 3 2
191 10 3 1 1 7 2 9 3 10 2
248 10 10 6 4 10 3 3 6 2 1
256 3 5 10 2 3 10 6 2 3 7
264 4 7 8 6 4 1 6 5 10 9
376 4 8 7 9 5 9 8 7 9 9
186 1 4 4 3 2 5 7 2 3 9
309 5 10 1 8 1 9 8 5 7 9
292 3 6 7 6 5 8 9 1 6 9
262 7 3 2 9 7 6 10 8 1 8
184 9 3 5 5 6 1 5 1 2 7
178 6 1 6 1 1 2 7 2 8 10
336 7 9 10 5 1 10 5 8 4 9
183 6 6 3 1 1 3 5 5 5 8
349 2 10 7 9 7 9 2 6 9 8
285 4 3 3 8 1 7 6 9 9 8
285 2 5 2 10 9 6 10 3 4 9
219 2 3 4 6 3 2 4 7 7 6
