100 15
500 500 500 500 500 500 500 500 500 500 500 500 500 500 500
20
486 4 4 10 4 1 4 8 7 1 5 8 10 9 3 7
532 6 10 8 8 5 6 2 4 8 4 3 1 9 2 3
523 4 9 10 7 9 5 6 6 7 2 2 6 4 8 2
516 5 6 1 7 7 6 1 6 7 9 7 10 3 7 2
532 1 6 1 5 9 7 8 9 2 9 7 8 9 4 5
539 7 9 6 1 8 7 7 10 4 4 4 1 8 6 7
485 1 5 4 6 3 4 5 8 3 2 9 8 9 10 8
505 4 7 2 4 5 3 4 6 2 8 9 10 8 2 8
477 8 7 2 8 5 7 3 7 2 1 10 9 1 5 1
406 6 6 5 8 4 7 1 3 1 2 5 1 6 8 2
567 10 4 10 8 6 8 4 7 5 1 8 2 4 9 10
520 8 8 9 3 8 10 8 2 4 6 4 3 5 6 6
412 4 2 8 4 1 2 4 2 9 3 10 2 5 8 5
456 4 5 4 7 1 6 2 10 6 4 4 7 2 3 8
565 2 10 5 10 9 4 5 5 3 10 3 4 6 5 7
541 9 10 1 10 2 5 3 10 4 2 8 7 3 9 1
563 10 8 6 6 7 5 6 8 6 2 6 7 6 5 7
601 9 2 3 7 4 10 4 3 8 5 8 7 9 4 6
490 1 8 9 8 6 3 3 1 9 6 4 9 6 6 4
590 5 8 6 3 9 2 10 8 8 8 4 1 10 8 6
20
407 3 9 7 6 8 2 2 3 1 10 1 8 3 8 2
502 9 8 3 10 2 4 7 7 6 2 1 9 4 1 4
420 3 1 3 8 2 5 1 4 3 1 8 6 7 10 5
448 8 5 8 2 8 5 2 9 5 6 2 1 3 2 7
563 2 9 6 9 9 8 1 5 3 10 9 4 4 6 10
476 6 10 3 5 4 10 5 1 7 2 4 6 5 6 2
490 10 3 6 8 10 1 5 9 5 3 2 3 7 4 1
491 3 5 8 5 3 9 8 4 9 5 2 7 4 4 8
547 8 8 1 7 4 1 10 9 9 4 5 2 6 2 4
457 2 10 1 9 1 8 9 6 1 5 6 7 2 10 5
477 4 5 2 2 7 3 8 10 8 4 6 5 4 7 7
478 8 4 6 7 10 7 6 3 2 1 1 7 8 4 3
466 5 8 3 5 2 10 1 6 2 9 2 9 6 2 1
500 5 10 10 1 3 5 6 5 4 8 8 1 9 4 1
442 4 1 2 4 3 5 3 6 6 3 10 7 5 4 10
492 2 7 4 1 5 10 8 2 6 6 5 9 7 9 10
555 5 10 1 7 8 7 2 3 5 6 10 10 4 9 5
478 7 10 5 7 2 9 6 3 2 1 9 5 3 4 5
488 2 8 4 2 2 8 7 5 5 9 8 8 3 6 10
443 8 1 1 9 4 1 10 4 4 3 5 8 4 1 7
20
579 7 10 8 6 5 3 10 6 8 2 9 10 2 7 8
450 4 8 7 8 3 5 7 2 3 3 2 9 5 7 8
498 7 4 8 8 2 2 6 9 1 4 10 10 2 7 1
470 8 9 10 2 1 5 2 2 4 9 5 5 2 1 6
382 2 4 10 5 9 3 4 5 1 6 3 5 3 2 5
653 5 9 8 5 8 5 3 5 9 10 10 1 9 7 10
396 1 2 7 9 3 10 1 1 4 7 4 3 1 9 1
363 1 2 3 2 7 2 2 1 6 8 4 10 1 9 6
421 8 3 3 5 9 2 2 3 6 4 9 7 1 6 3
609 9 7 1 7 5 6 1 4 8 9 7 9 9 10 3
512 8 8 6 1 3 4 6 2 6 6 10 8 2 8 9
478 3 2 6 5 2 9 1 4 3 7 8 6 10 6 1
529 9 7 5 8 10 2 2 4 7 5 7 3 1 8 6
387 6 10 1 1 6 4 3 2 2 2 1 1 10 1 9
471 9 5 6 2 8 2 6 5 4 4 6 5 7 10 3
489 9 8 2 10 1 3 4 2 6 4 9 3 3 3 4
446 7 2 1 3 1 2 6 9 1 9 10 8 6 7 3
494 7 3 7 2 5 3 7 1 4 10 5 5 10 4 6
615 10 4 6 4 9 8 2 7 10 8 5 6 6 4 9
379 3 4 4 4 8 6 4 3 3 3 1 6 5 10 4
20
463 10 2 8 5 5 10 2 5 5 1 5 5 5 5 4
494 7 3 1 9 9 6 9 10 1 6 4 2 6 8 3
623 7 4 2 6 10 10 5 8 9 2 6 10 10 9 7
479 5 5 2 5 6 5 7 8 4 7 10 8 2 4 3
576 8 4 3 10 6 4 10 4 10 4 8 6 4 3 10
620 5 10 7 10 4 3 10 6 1 10 5 2 10 7 7
388 8 5 4 1 2 5 9 8 2 5 5 8 1 4 2
541 5 2 9 10 5 7 4 10 5 6 2 6 5 10 2
548 4 9 2 8 3 3 9 8 10 7 7 10 2 1 9
599 8 10 6 7 7 4 6 4 10 8 2 3 6 8 4
502 4 10 7 7 1 1 5 7 5 9 5 3 6 7 5
525 8 10 7 3 6 8 5 8 4 4 2 10 6 2 3
514 4 8 2 1 5 2 10 9 9 6 5 8 9 4 7
366 3 5 2 3 3 9 9 1 3 3 9 7 1 2 3
554 3 6 10 8 10 4 9 6 6 5 2 1 10 10 8
566 5 1 9 10 4 5 3 10 6 3 9 9 6 4 2
538 10 3 4 8 8 8 7 9 3 3 6 5 2 8 10
566 10 8 3 6 7 3 3 1 6 8 7 7 7 10 7
429 6 5 5 2 5 6 3 1 9 3 1 9 10 1 1
559 5 2 1 1 4 10 8 10 6 10 10 5 10 10 7
20
528 8 4 10 9 4 2 3 10 1 7 1 5 8 9 3
470 8 4 10 6 9 6 8 4 2 4 4 2 4 7 3
486 3 1 9 8 7 8 3 2 10 4 1 2 6 1 5
604 7 10 9 8 8 9 5 7 9 1 2 1 4 4 10
510 3 2 2 7 4 9 8 9 1 5 9 6 6 7 5
534 8 4 5 6 7 5 5 9 2 7 9 8 3 3 10
606 6 1 7 10 4 7 5 3 8 9 6 5 10 10 2
356 2 5 3 2 2 4 10 8 3 1 6 1 1 4 9
512 6 10 2 8 10 2 3 5 7 9 3 4 1 10 8
620 10 7 9 3 10 3 5 9 7 9 5 10 4 7 6
625 7 7 4 6 9 9 5 9 6 6 10 1 6 5 6
585 5 6 10 6 7 2 7 1 8 8 9 6 8 9 8
436 5 10 1 4 6 5 2 7 4 1 5 5 9 10 2
475 3 2 6 5 8 10 8 8 3 10 3 6 2 1 4
383 1 1 3 7 7 8 3 4 6 1 1 8 3 9 6
537 6 10 7 10 9 4 10 3 2 4 1 8 6 10 6
500 6 3 8 4 5 3 3 7 5 9 10 5 3 5 3
524 4 1 3 7 7 10 3 8 5 10 2 3 6 5 10
434 2 10 7 4 1 1 3 9 6 6 5 6 2 4 7
344 2 6 2 1 4 6 5 7 6 4 2 7 1 4 5
20
645 6 10 7 9 10 9 1 8 5 2 9 7 9 7 4
484 3 1 5 9 2 6 9 2 6 9 1 6 6 10 9
479 2 2 7 5 6 8 5 10 5 10 2 6 3 6 7
382 1 7 6 8 1 6 3 5 2 2 1 1 10 7 1
563 7 10 10 5 3 2 8 7 8 9 2 3 8 1 7
482 3 5 3 1 6 10 8 10 1 2 8 5 8 3 9
560 10 5 4 6 5 5 3 7 6 8 4 3 9 1 9
495 5 7 3 5 6 1 5 9 7 3 9 4 6 5 2
476 4 9 8 5 7 1 9 1 5 8 7 7 3 9 3
541 6 7 1 4 10 9 3 8 8 3 4 6 8 3 4
468 1 4 9 6 2 10 5 9 1 3 3 5 10 10 1
497 7 9 5 4 3 10 7 2 9 5 4 6 1 7 6
488 7 8 6 6 9 2 1 3 10 4 3 8 5 2 5
531 9 10 1 2 7 6 7 2 7 6 9 1 5 8 3
469 1 4 8 8 5 5 9 4 4 6 1 8 7 3 1
340 2 3 6 2 5 4 4 1 10 6 1 4 2 6 4
585 9 4 1 3 4 10 7 8 9 4 10 9 3 9 8
406 6 4 6 4 9 2 8 8 2 1 1 7 3 7 7
541 7 9 2 2 9 5 10 1 9 9 4 10 6 6 2
546 7 9 7 2 7 9 6 3 9 5 7 1 8 10 3
20
649 9 10 4 9 9 6 6 5 6 4 10 1 6 3 10
444 5 4 3 3 3 2 7 6 8 5 8 8 1 7 9
475 9 3 4 3 3 7 3 10 4 8 7 5 2 8 4
460 3 3 8 5 6 9 4 6 10 4 2 5 1 4 8
465 3 10 3 1 9 4 9 7 3 4 2 10 5 6 8
532 5 2 3 4 8 7 8 1 10 9 9 6 3 5 2
453 4 4 3 1 6 1 1 6 7 10 7 5 8 5 3
451 5 7 9 7 3 4 4 1 1 3 5 1 9 2 3
483 3 7 3 5 1 2 9 8 4 8 10 5 3 10 9
404 6 5 1 4 2 2 7 4 5 2 2 9 10 9 5
426 3 4 7 9 1 7 7 1 8 3 1 6 3 6 1
520 9 4 10 9 5 6 7 7 2 2 1 10 1 10 9
481 7 9 5 1 7 7 3 4 5 8 6 3 4 6 8
604 10 7 4 10 8 1 9 2 8 7 6 1 3 4 10
550 10 3 8 9 2 5 3 3 1 2 10 5 10 8 9
472 6 1 6 4 9 8 3 6 5 1 6 8 6 5 6
560 10 8 7 1 8 5 3 7 10 5 3 1 10 8 5
480 2 8 3 9 6 6 4 6 7 6 1 1 2 1 10
602 1 10 10 5 5 8 10 9 10 2 2 10 10 6 8
396 2 6 6 5 4 8 7 1 3 3 2 4 10 1 1
20
539 8 6 9 1 10 7 7 8 8 3 5 4 4 4 7
473 2 2 4 1 3 10 10 5 4 9 10 5 5 5 4
424 7 9 4 3 4 6 6 3 1 3 5 3 6 5 5
565 3 2 6 5 8 1 8 3 6 9 9 10 10 9 5
469 3 7 4 8 10 1 3 2 1 9 8 3 8 6 2
493 8 3 8 5 2 7 4 2 10 6 3 5 6 4 6
517 1 4 8 8 8 10 3 8 9 5 1 6 4 4 6
560 9 7 8 8 3 7 4 5 3 3 9 4 10 10 2
544 7 1 6 5 8 2 4 1 10 3 9 8 9 6 8
495 4 4 10 2 3 6 5 8 9 3 1 8 9 3 4
471 8 6 3 1 3 7 3 3 3 7 7 6 5 8 10
504 3 1 2 8 5 9 5 7 8 3 6 10 6 4 1
576 6 6 10 6 10 1 10 8 6 1 7 5 5 7 10
695 8 8 10 10 3 9 9 5 9 8 6 8 8 4 3
591 4 10 4 8 2 3 5 7 6 5 10 5 9 4 8
446 7 2 2 9 7 2 2 9 6 1 1 7 10 1 1
572 8 6 2 10 8 6 6 10 6 3 9 8 1 5 5
525 5 6 8 7 2 3 4 6 9 4 2 10 9 1 6
622 5 5 8 5 10 6 5 6 9 10 7 8 4 10 6
476 7 10 2 2 5 8 3 8 10 1 5 4 2 7 7
20
608 10 10 7 10 6 7 1 9 3 3 4 3 10 4 7
523 10 1 7 8 5 1 8 10 4 5 1 9 6 5 10
515 9 10 7 5 5 8 2 4 3 5 5 2 8 9 1
526 1 3 6 10 6 8 3 10 3 4 10 8 3 7 7
488 7 2 7 7 4 5 3 9 6 1 7 2 4 5 10
393 3 4 3 5 9 1 4 7 1 4 3 1 9 2 9
481 2 1 4 9 1 6 8 10 2 3 10 2 10 5 4
493 2 6 10 7 9 2 4 10 3 10 4 5 2 7 2
335 1 2 1 8 8 1 8 6 3 1 2 8 4 3 3
486 3 8 7 2 1 1 6 5 9 10 1 10 8 1 9
483 4 2 6 6 9 7 4 5 5 8 8 8 2 4 3
533 9 1 9 10 9 5 8 2 4 6 4 9 4 3 2
461 9 10 6 5 3 1 1 2 8 7 7 4 1 2 1
582 6 1 6 9 10 2 3 9 6 7 9 6 5 10 9
582 8 3 7 9 8 9 4 1 10 10 9 1 1 5 7
430 8 6 7 2 8 2 8 1 4 3 2 8 9 9 3
550 8 3 1 1 4 5 10 7 10 10 2 4 8 6 10
495 7 4 5 2 10 6 4 5 9 5 1 4 8 2 3
479 7 10 1 1 10 7 7 8 4 4 5 8 4 8 3
582 6 9 9 10 7 5 3 7 7 10 4 7 3 1 4
20
490 6 2 7 8 3 3 6 3 7 8 2 6 6 3 10
567 5 8 8 6 8 7 5 8 2 7 8 2 10 5 1
493 5 3 4 2 4 1 4 7 10 5 7 8 9 4 9
603 7 9 6 8 2 8 10 7 4 7 2 4 9 8 7
545 8 8 6 8 1 5 9 4 6 8 4 2 5 8 3
358 1 3 8 1 7 8 10 1 2 2 6 3 6 5 2
462 9 6 8 1 1 6 5 1 7 1 2 10 10 8 2
544 10 7 1 6 4 2 7 6 5 7 9 10 7 8 4
496 8 3 6 10 9 4 10 5 4 2 8 2 1 5 5
387 1 4 7 1 7 2 6 10 6 1 1 3 7 10 6
537 1 5 4 10 6 9 3 3 7 9 9 3 2 5 3
517 8 8 3 5 10 6 4 4 7 2 1 5 10 10 8
446 4 3 5 4 6 10 8 4 2 2 9 4 6 1 2
343 7 3 4 1 1 7 1 1 4 5 5 4 3 6 7
565 8 3 8 8 8 5 8 5 8 6 9 10 1 8 5
356 4 2 1 1 7 1 10 4 8 1 8 3 2 6 8
548 2 4 9 7 10 8 5 9 4 1 9 1 7 10 6
420 1 6 6 5 6 3 4 2 3 2 7 1 9 5 9
533 6 3 7 7 6 7 8 8 4 7 2 10 8 10 4
636 10 9 9 7 4 2 6 7 6 8 10 1 8 10 7
20
572 1 8 5 7 5 7 3 8 10 5 2 3 10 9 8
569 10 7 6 8 6 5 6 4 7 9 4 9 3 9 1
544 1 9 10 1 3 6 8 4 9 8 8 3 5 6 9
484 9 2 1 6 6 7 2 10 2 2 2 10 10 2 3
435 6 2 2 3 8 1 2 2 7 9 2 9 8 8 4
578 5 9 10 1 7 9 9 5 10 7 3 4 6 10 3
499 5 9 5 4 2 4 8 8 2 9 8 2 10 6 1
526 6 4 4 5 4 8 9 2 8 4 7 8 5 1 10
592 2 7 9 9 8 6 8 9 5 8 2 1 9 3 4
652 4 3 7 8 10 9 9 10 10 5 8 7 6 10 1
552 3 10 3 2 10 8 5 7 9 10 5 2 8 10 2
521 3 1 7 4 4 5 9 10 9 6 5 8 10 7 1
532 1 3 6 6 5 9 1 9 8 5 10 2 9 8 7
428 8 5 6 3 2 2 7 6 4 4 3 8 2 6 9
571 5 6 5 7 5 10 8 6 9 10 1 10 4 3 5
500 3 5 9 4 9 4 10 7 2 2 10 2 6 9 4
610 7 10 8 6 6 6 5 2 10 1 9 2 8 3 10
523 4 8 7 9 9 1 10 3 7 3 9 1 3 4 6
547 6 4 10 4 4 10 9 8 10 6 3 7 2 8 5
590 9 7 6 10 10 10 2 3 5 4 4 2 5 10 4
20
409 1 1 4 8 2 10 2 1 10 3 6 7 5 2 1
490 4 5 5 8 5 7 1 3 8 5 3 10 4 1 10
489 4 5 1 8 8 7 1 8 6 3 6 8 6 2 6
401 4 7 3 2 5 5 10 1 2 9 7 1 2 8 7
565 5 10 10 1 7 3 3 5 5 10 10 2 10 1 1
476 2 7 2 10 1 2 3 9 6 8 1 9 4 6 8
509 7 10 6 6 3 3 5 8 6 3 9 4 1 2 10
710 6 7 9 8 8 9 9 3 9 7 9 10 9 4 4
536 8 3 2 7 1 9 6 9 5 10 7 3 2 3 10
471 5 2 8 5 4 3 7 2 2 7 5 10 6 3 10
460 6 10 3 2 3 3 4 7 4 6 9 9 7 4 2
576 6 6 5 6 6 3 1 6 5 7 8 10 10 5 8
577 10 2 8 8 5 8 7 3 5 2 7 9 7 10 2
481 1 2 7 10 2 4 6 9 5 5 4 10 4 10 3
461 8 3 3 10 1 10 3 7 4 3 4 1 4 8 4
570 9 10 10 2 8 4 8 9 4 5 9 6 5 7 4
472 9 7 4 6 10 1 10 1 1 3 5 4 2 10 8
574 6 3 2 6 2 10 7 6 7 10 10 9 3 3 10
351 3 7 1 3 9 3 7 3 2 2 6 1 4 10 1
406 5 8 8 2 2 7 6 10 1 1 6 1 2 4 4
20
576 3 7 9 6 9 7 6 7 4 4 8 5 10 9 8
579 8 6 2 10 2 8 5 3 9 10 1 5 6 3 4
479 4 8 10 1 2 6 5 7 9 1 3 10 7 3 6
513 9 2 1 3 8 4 8 3 6 2 9 6 10 7 10
527 10 8 2 10 9 1 10 1 3 5 9 3 2 3 9
474 7 2 8 9 10 3 10 4 1 5 3 5 6 2 1
407 4 2 6 2 5 1 7 3 4 3 5 4 7 2 9
516 5 5 5 8 6 6 1 8 6 4 8 10 2 10 3
491 8 1 5 2 9 6 7 7 6 5 7 8 5 7 2
555 8 8 4 7 6 7 5 1 4 6 2 3 8 10 10
528 4 9 1 9 9 1 7 6 8 9 4 5 4 6 7
539 2 5 10 8 10 4 5 4 4 7 2 6 10 1 4
360 1 3 2 8 1 2 10 4 2 7 2 2 4 1 6
470 9 9 1 4 3 1 1 6 6 5 10 5 4 1 3
362 3 8 4 1 9 9 1 5 1 6 3 2 1 4 1
570 10 6 8 8 3 6 1 7 1 10 10 7 3 4 5
547 9 4 6 10 5 8 10 9 4 2 2 7 4 9 10
529 10 7 3 5 8 4 8 5 5 6 3 5 4 8 7
457 1 1 5 9 5 1 3 5 8 2 3 9 10 1 10
449 2 5 7 3 8 7 6 9 6 9 2 2 2 7 4
20
519 2 4 7 5 7 10 9 4 5 7 8 3 5 2 1
575 4 10 8 7 9 9 7 5 8 5 9 1 2 4 8
561 9 6 7 10 7 2 9 3 5 3 1 8 6 1 10
510 4 10 2 8 3 6 2 7 6 2 2 8 8 8 6
433 9 3 5 1 9 4 6 6 7 2 2 1 7 2 9
520 6 7 6 8 7 4 3 10 7 5 6 9 1 4 4
514 8 9 3 4 2 10 2 7 9 7 1 2 8 7 1
418 3 9 1 5 10 3 3 1 6 2 3 7 8 1 2
432 1 9 3 1 1 9 10 2 4 7 2 2 9 10 6
522 7 1 4 4 5 10 6 2 4 10 7 5 9 3 2
584 7 8 5 9 6 9 9 6 10 9 3 4 4 2 1
472 2 2 8 6 2 3 4 3 10 7 4 7 5 5 9
425 1 10 6 3 10 2 6 7 3 1 3 5 9 2 2
414 4 5 2 1 8 10 1 9 4 4 7 1 4 5 8
375 4 6 6 4 8 4 9 3 3 3 3 1 1 4 5
510 4 1 6 2 7 7 6 3 9 2 6 5 10 10 7
451 4 4 1 1 4 3 8 8 4 4 10 7 7 3 9
404 3 1 7 6 4 8 5 2 3 2 10 2 3 1 4
429 3 2 10 1 8 2 6 1 4 9 1 9 10 6 3
542 9 5 10 3 9 4 10 10 2 4 9 1 7 10 2
20
609 8 6 9 9 7 8 8 4 5 10 3 2 6 3 6
554 8 9 5 10 5 7 4 4 2 1 7 6 7 2 4
459 2 7 9 7 1 4 3 4 2 5 9 1 7 5 9
592 9 1 9 6 9 6 9 3 10 4 8 7 6 8 8
475 1 1 7 4 6 8 8 10 4 9 5 4 6 9 3
511 10 10 1 5 2 6 2 8 2 5 4 9 8 4 8
560 6 2 9 9 5 3 10 2 2 8 6 1 10 10 7
346 6 4 8 1 5 4 6 10 3 1 1 1 4 5 2
402 3 1 2 9 10 1 2 4 1 6 8 1 3 4 2
644 3 5 6 10 9 5 4 5 9 7 10 10 7 8 4
400 7 2 3 3 5 1 8 3 2 5 5 4 8 9 6
560 3 8 7 4 2 4 7 8 8 10 8 9 7 4 6
444 2 7 5 9 6 3 8 3 8 3 5 2 2 10 3
533 6 1 2 4 7 9 8 2 10 4 7 6 8 10 2
513 4 7 7 6 9 10 7 1 2 5 6 9 8 5 2
483 4 3 10 4 1 5 4 6 10 9 7 1 3 2 9
450 5 4 3 1 3 7 3 8 10 7 2 7 2 10 8
317 6 4 5 1 1 5 3 3 5 3 2 9 1 1 5
531 1 2 5 9 7 5 6 10 4 7 1 10 10 4 6
456 3 2 5 3 4 4 9 8 6 4 5 2 9 1 8
20
514 4 6 6 4 6 3 9 3 8 2 6 7 10 2 8
446 1 2 3 10 4 7 7 8 10 1 3 5 4 1 5
495 4 5 10 10 8 9 3 3 2 7 1 7 1 7 3
407 1 7 8 1 3 1 3 1 2 4 8 10 10 1 8
600 8 8 7 5 9 7 8 9 8 4 3 2 7 1 7
527 2 8 8 9 1 8 9 4 9 5 1 4 7 6 5
414 10 2 3 2 1 10 1 9 4 9 3 6 1 1 1
377 6 1 9 2 5 9 1 1 3 4 3 3 7 5 2
490 7 1 4 3 9 5 6 9 9 1 7 6 2 7 5
537 4 1 9 9 6 3 3 8 9 7 6 6 4 3 6
515 1 8 9 6 6 6 4 2 5 6 7 5 4 5 9
417 1 4 2 2 9 5 6 4 6 3 4 8 9 8 6
399 1 6 5 2 2 7 8 3 5 2 10 2 7 3 2
469 1 6 2 9 8 7 6 5 4 8 4 9 1 10 2
367 3 1 1 4 10 2 4 2 3 8 1 10 5 4 1
459 3 6 4 9 2 2 2 6 2 2 6 7 8 4 6
478 3 7 9 4 6 1 5 8 9 3 8 9 2 4 3
492 6 5 5 3 8 9 5 2 3 3 9 4 7 9 4
562 9 9 5 7 6 10 6 5 3 1 9 7 4 2 6
507 4 9 5 1 6 6 8 4 7 9 2 9 8 10 3
20
476 8 3 8 1 6 2 9 7 6 6 4 2 4 4 10
545 3 6 5 8 6 7 9 8 9 4 2 5 5 2 5
571 4 8 8 9 6 7 1 6 5 10 7 1 5 4 2
451 4 5 3 9 7 9 5 2 1 3 7 9 4 5 3
375 1 6 9 5 6 4 1 6 2 2 3 10 3 4 2
498 10 2 10 2 7 5 10 6 2 4 6 8 1 9 8
449 10 5 2 2 2 2 2 5 8 8 6 2 2 7 8
457 3 4 6 2 7 9 8 5 1 5 6 7 10 7 2
591 10 9 2 5 6 8 10 7 6 4 4 7 8 10 2
689 10 9 10 7 8 3 4 9 4 9 10 1 9 1 9
500 10 2 4 5 8 7 7 4 2 4 5 5 7 9 10
455 7 1 4 3 2 4 1 2 3 7 10 1 8 6 9
463 2 10 2 2 8 10 10 8 9 2 1 6 3 5 7
499 2 10 3 8 1 2 6 10 10 8 2 4 6 5 3
447 3 4 8 8 4 9 9 1 5 3 4 5 4 2 6
577 9 9 10 10 5 5 6 5 8 7 7 2 1 5 3
480 9 9 5 3 3 3 10 7 9 4 5 1 2 9 5
466 4 2 2 9 5 4 5 3 3 6 4 8 8 8 4
689 9 8 3 1 10 6 9 9 9 10 9 9 9 1 10
415 10 5 7 2 8 4 5 1 1 1 5 7 4 3 4
20
527 7 10 5 3 1 5 6 8 4 6 1 7 9 10 10
485 1 8 10 9 4 2 5 7 4 9 4 4 3 6 1
400 3 5 8 3 2 5 1 10 6 4 5 9 3 1 3
427 4 6 5 7 6 2 5 4 1 1 9 4 6 7 9
598 9 7 6 9 7 7 3 2 10 10 6 5 2 9 7
458 5 9 2 5 10 2 3 3 3 7 10 7 1 10 5
561 10 4 8 10 1 10 1 8 8 7 6 3 3 1 3
523 4 6 4 3 10 8 7 5 9 3 2 5 9 8 7
530 3 4 10 7 9 5 7 3 4 3 8 9 3 2 10
586 10 2 4 9 10 6 8 9 4 4 8 5 5 10 9
492 3 9 1 4 5 4 6 1 5 9 6 4 6 8 9
456 3 4 9 1 5 9 3 4 6 5 2 5 10 5 3
500 10 3 3 9 2 7 4 7 6 2 8 4 2 7 7
577 5 4 6 10 7 6 9 1 10 2 9 9 4 2 8
559 10 8 1 4 4 8 10 5 3 10 9 2 4 8 4
613 5 6 9 8 6 9 1 3 3 7 8 3 10 8 10
421 10 4 2 3 4 4 7 3 7 2 5 1 4 2 10
458 5 1 5 2 6 3 5 4 5 5 10 2 7 3 7
415 3 6 5 2 1 5 4 9 5 6 6 8 5 8 2
587 4 6 6 9 1 10 5 2 5 8 10 4 8 2 4
20
452 6 2 7 9 8 1 6 8 1 1 5 8 1 6 9
443 5 8 6 5 1 3 1 10 7 1 5 7 5 8 3
432 5 2 2 5 9 6 7 9 4 8 2 3 4 2 1
476 1 6 4 5 2 9 8 7 4 9 2 10 5 2 8
396 5 8 2 1 9 5 2 8 1 5 1 8 5 4 1
487 1 7 9 8 9 9 7 7 4 1 8 8 2 1 2
366 3 5 3 1 10 4 4 6 6 2 4 6 3 5 6
496 6 3 9 5 8 6 5 1 6 6 2 5 7 4 10
555 8 10 6 5 6 8 9 6 1 6 6 2 9 7 7
635 6 5 5 10 4 9 10 10 3 8 3 8 10 7 8
366 4 3 1 5 6 5 6 8 1 3 1 8 3 2 8
573 2 3 10 8 4 3 5 4 10 9 10 10 4 6 2
496 2 1 3 4 6 4 2 10 5 7 7 9 8 5 10
335 3 4 3 6 3 1 3 2 3 1 1 10 4 4 7
466 6 3 3 10 10 2 3 9 4 6 2 1 7 1 1
507 7 4 2 1 8 8 9 4 6 7 5 10 5 10 2
483 2 9 5 9 8 4 2 3 4 2 10 7 1 9 10
544 2 6 10 10 6 6 1 3 1 2 9 5 9 10 10
489 4 2 4 6 7 8 10 3 10 5 2 4 9 7 1
652 10 10 7 7 6 3 7 7 10 5 8 1 9 3 6
20
549 7 8 8 9 6 2 3 8 3 3 10 1 7 4 5
430 5 7 4 3 1 3 7 2 1 6 9 8 8 1 5
607 9 8 5 6 7 6 5 8 10 10 3 3 5 2 3
456 1 9 8 7 5 4 4 2 5 3 4 9 4 7 6
449 6 1 7 4 4 4 9 7 7 7 3 3 4 4 8
623 8 10 10 10 3 7 9 6 6 3 8 5 4 4 3
390 1 3 2 7 2 1 2 4 1 5 7 7 7 1 10
508 2 4 6 2 10 5 1 10 7 9 6 10 6 6 5
427 3 5 7 3 7 1 6 3 3 7 3 2 10 10 2
522 7 6 1 4 9 5 10 5 4 3 7 9 9 8 7
433 8 4 2 3 9 3 1 2 4 5 6 9 6 1 6
485 9 3 6 6 7 5 1 5 7 7 4 4 3 5 9
547 7 5 8 10 8 8 2 10 1 5 4 3 7 7 7
399 1 9 2 10 10 3 3 2 2 5 2 4 1 6 10
434 3 5 7 3 1 10 1 4 1 8 2 3 10 10 1
468 10 5 6 1 3 8 10 2 9 5 3 1 1 6 7
599 7 4 8 10 7 8 7 2 3 5 7 10 6 3 10
532 7 7 7 9 3 2 8 3 4 7 7 3 6 5 6
476 2 9 3 10 3 6 4 8 9 1 2 6 3 4 10
557 6 4 2 7 6 5 5 9 10 2 7 10 4 5 7
20
442 3 5 9 10 4 6 5 2 2 5 3 5 4 7 7
464 1 10 1 7 4 3 3 6 10 1 10 6 2 7 8
554 10 6 9 9 6 4 2 8 1 7 2 8 8 1 3
372 6 2 4 2 9 10 4 6 2 1 4 10 2 1 1
506 2 4 1 4 7 9 8 4 9 5 10 1 8 1 2
613 10 9 4 2 7 8 9 7 8 5 9 7 10 9 2
597 6 5 5 9 7 9 9 3 4 5 7 9 5 4 9
469 6 2 2 8 8 2 1 9 5 1 3 2 10 5 6
460 10 10 3 6 2 6 3 4 1 5 3 5 9 3 2
505 3 9 5 3 6 1 4 4 6 9 3 8 8 8 7
448 10 2 1 9 1 5 6 5 2 4 7 5 4 1 3
566 3 6 9 1 7 10 8 6 6 7 7 9 8 2 7
582 7 7 7 4 8 3 2 9 7 9 8 8 8 4 4
406 9 4 5 6 3 2 3 4 5 2 10 2 1 10 2
261 4 4 1 5 1 1 3 4 1 2 5 3 2 6 2
473 6 3 4 1 10 9 6 6 7 5 2 8 4 8 8
464 6 7 5 2 8 9 7 1 2 3 9 1 6 9 6
354 2 10 3 2 1 6 8 2 6 4 1 4 5 4 1
499 4 9 8 2 5 10 8 5 9 1 2 9 7 3 4
527 5 10 4 3 4 8 8 3 7 6 5 8 3 2 9
20
514 8 10 6 3 5 5 5 3 7 8 6 4 1 2 6
564 10 5 2 3 10 6 4 6 6 7 4 2 8 9 10
431 2 1 5 7 3 6 2 5 3 8 7 8 3 3 8
456 10 8 3 1 4 6 2 6 9 7 6 3 1 6 4
652 7 3 7 9 10 10 6 3 8 8 7 3 10 9 7
565 6 10 2 6 5 1 8 3 8 9 7 5 8 3 8
391 5 1 2 4 2 10 5 6 4 1 5 4 10 4 1
508 2 9 1 3 8 2 10 9 10 3 2 2 8 9 8
483 2 6 7 8 6 9 8 6 1 3 8 2 6 2 2
557 4 6 3 4 2 9 10 9 5 10 4 8 8 9 2
377 1 9 6 5 7 6 3 2 6 2 8 1 1 5 1
515 10 5 4 2 2 5 1 10 8 9 2 3 7 7 5
566 7 3 8 8 5 4 9 7 7 2 7 5 10 7 6
412 1 8 10 5 4 8 4 4 2 6 1 7 2 10 3
462 10 6 6 7 2 2 5 9 6 2 4 9 1 1 5
414 1 2 6 3 1 3 7 2 5 10 10 4 4 8 2
448 7 2 4 6 5 10 6 10 2 8 1 7 1 7 3
521 7 7 1 8 10 4 3 9 2 8 6 4 4 10 5
532 6 10 1 8 6 7 5 6 1 4 4 4 6 9 10
532 7 6 4 4 6 8 10 9 4 10 5 1 5 1 5
20
462 10 6 10 1 5 2 1 3 10 1 8 4 7 9 2
407 9 1 8 1 4 3 10 3 3 2 9 10 3 3 4
393 4 9 6 3 2 6 3 5 6 5 1 1 4 5 8
518 4 7 9 4 8 5 3 4 6 4 4 5 8 2 9
423 9 8 4 2 6 3 1 3 4 1 3 2 10 4 1
379 2 3 7 2 8 7 5 5 3 8 2 6 1 5 8
373 1 1 3 5 4 3 4 4 3 2 10 4 7 6 2
407 5 4 7 1 6 3 1 2 3 2 10 2 4 6 10
388 2 9 6 1 2 1 1 9 4 6 5 6 5 8 6
365 2 7 9 3 9 3 6 7 2 1 6 1 2 4 5
475 5 3 9 5 4 2 4 9 6 1 10 2 4 10 5
463 4 7 3 4 7 9 7 1 3 1 8 8 6 1 5
587 8 5 10 8 5 5 9 1 7 9 7 10 2 7 9
672 7 6 7 8 7 8 3 2 5 9 9 10 10 5 9
568 6 9 4 7 9 7 8 7 4 5 3 7 9 6 7
524 7 1 2 8 4 6 1 10 9 1 8 10 7 5 4
453 5 9 3 6 8 3 7 2 2 4 5 10 7 6 1
519 3 5 2 2 3 9 6 2 10 9 10 5 5 3 7
501 6 1 2 8 5 4 5 5 2 9 10 4 5 9 9
584 9 6 10 7 9 7 4 1 10 4 6 1 4 10 6
20
534 6 9 8 5 8 4 5 7 2 4 5 8 8 7 2
529 9 4 2 9 6 8 2 4 8 1 1 5 10 5 3
623 1 8 10 10 8 9 3 10 2 9 9 8 4 10 3
549 6 1 4 9 3 3 9 3 9 10 6 9 6 5 9
417 8 2 4 6 3 5 3 8 1 1 6 5 5 5 7
464 2 3 9 9 3 10 7 1 2 7 4 3 2 3 8
432 5 1 8 5 4 10 1 2 1 2 6 7 6 2 6
623 10 10 9 1 8 3 4 2 10 5 8 8 10 6 7
528 1 7 1 10 2 7 5 2 6 7 6 6 8 8 10
596 5 2 9 10 9 5 6 6 8 4 4 4 9 7 8
482 2 2 3 5 4 5 10 2 6 1 6 6 10 10 10
411 5 1 2 9 4 9 2 1 2 10 4 1 1 8 7
551 5 2 5 7 9 1 9 9 6 8 2 10 9 5 1
523 7 6 2 1 3 6 10 3 7 9 3 4 8 8 10
530 7 5 4 10 6 3 3 5 3 7 9 8 2 6 3
401 1 8 2 2 7 1 1 7 3 6 7 3 9 1 6
466 1 5 6 4 7 6 7 7 8 1 7 4 7 10 5
395 7 1 5 3 3 4 8 2 5 5 6 9 1 4 8
499 6 1 7 10 4 3 4 1 7 3 10 8 3 4 5
405 7 9 3 1 1 9 3 4 2 3 7 2 7 2 5
20
522 6 10 2 5 2 9 7 3 7 3 8 3 7 4 6
410 5 1 1 5 2 10 1 8 3 2 6 5 6 1 10
538 5 6 8 9 2 4 8 2 7 4 10 8 3 8 7
571 6 2 10 4 2 6 8 5 10 8 1 8 10 4 9
470 4 2 10 3 5 3 7 6 3 10 1 4 10 5 5
510 7 10 6 2 4 4 5 1 5 10 8 2 7 8 2
507 5 8 9 9 2 10 5 6 4 2 5 6 3 2 1
593 1 7 5 10 10 6 7 5 10 10 3 5 5 5 5
609 9 10 9 2 5 9 9 10 2 10 8 9 2 1 10
500 7 4 10 4 7 7 1 3 8 1 3 3 10 1 10
496 5 6 3 3 5 4 9 5 10 5 6 1 5 1 6
525 5 9 3 8 6 4 1 9 3 2 10 8 4 8 10
495 7 10 10 2 1 2 9 6 3 10 7 3 3 9 10
312 2 1 4 5 1 7 2 6 1 2 2 9 5 3 6
487 1 3 9 2 7 1 6 7 7 3 10 6 7 9 8
416 2 2 10 8 7 1 4 3 6 4 2 5 5 5 8
481 2 6 9 1 10 10 4 8 4 6 9 10 2 7 1
417 3 5 6 8 3 5 2 2 2 10 10 1 1 6 4
507 8 9 8 6 6 4 8 6 2 10 3 1 3 5 7
494 7 4 9 6 6 9 1 7 7 1 4 4 4 9 6
20
431 8 9 9 5 3 2 9 1 1 2 2 5 6 3 4
506 10 1 6 5 5 9 5 2 4 5 9 8 3 6 9
444 3 6 2 1 10 7 10 7 6 3 7 2 1 5 8
526 2 10 2 2 1 9 2 8 9 8 4 10 10 2 5
480 1 4 6 10 4 1 4 9 3 7 7 8 6 2 6
493 5 9 10 10 4 2 5 1 1 3 2 1 9 1 7
501 7 9 7 3 6 2 2 5 10 2 10 6 3 3 6
479 8 6 5 6 8 8 1 1 4 5 8 4 1 8 3
520 2 2 6 8 1 8 6 1 9 9 3 9 8 1 7
452 9 5 10 2 3 3 9 4 3 3 10 4 4 1 2
499 3 10 10 3 3 2 9 1 4 4 7 3 10 8 9
526 10 7 8 4 4 6 3 10 5 2 8 2 2 9 10
470 6 9 4 4 8 1 10 5 5 3 7 3 5 1 3
545 9 8 5 1 3 7 9 5 10 5 8 8 4 9 2
482 1 8 7 2 6 6 10 6 3 10 1 8 7 4 7
551 3 5 10 5 5 8 6 3 10 6 5 8 4 3 10
436 6 10 1 9 7 4 2 3 1 9 1 6 1 10 9
634 8 8 9 8 9 1 7 4 4 5 10 8 10 9 1
448 2 2 7 5 10 9 6 4 2 4 3 10 4 4 9
583 10 4 8 10 5 8 2 2 8 4 10 3 5 6 5
20
536 8 5 6 8 10 1 1 3 2 8 6 7 10 5 5
422 6 4 1 1 7 3 5 8 7 6 5 3 4 3 4
431 3 4 4 2 7 9 1 2 8 6 5 8 7 2 4
498 9 9 9 4 3 5 2 4 1 3 8 3 7 8 3
409 6 7 6 2 9 4 2 3 1 3 2 8 9 6 7
441 2 6 10 4 2 10 4 4 1 3 10 6 5 1 1
540 8 6 1 6 9 5 9 5 4 1 7 3 9 6 7
473 5 1 10 8 8 2 9 1 1 5 8 1 5 10 8
520 5 6 8 3 8 9 1 7 4 1 8 6 9 1 7
465 9 4 8 7 7 1 7 2 1 3 8 6 4 4 2
504 7 5 4 9 5 10 4 5 4 9 4 7 3 4 2
572 10 7 9 8 4 1 9 8 8 3 8 2 3 4 10
531 5 9 7 8 10 4 5 4 1 7 9 8 5 8 3
600 6 10 5 2 10 6 10 8 2 7 6 9 9 10 10
433 5 4 8 7 1 2 6 5 1 2 5 6 8 2 3
422 10 5 1 3 1 4 1 10 5 9 2 6 3 2 6
517 9 4 4 5 5 8 5 10 2 6 6 1 6 1 4
516 7 1 9 3 8 5 7 1 1 10 4 10 9 7 5
535 1 10 8 10 4 10 4 4 10 5 4 2 5 4 2
497 7 10 4 6 2 10 7 2 2 8 5 2 2 9 3
20
629 8 4 8 6 7 10 9 3 5 7 9 5 8 8 7
575 9 3 4 8 3 2 5 10 6 10 8 9 6 6 2
569 3 10 9 7 10 4 10 6 8 5 3 8 1 8 6
425 4 3 6 5 4 7 2 6 6 10 2 9 1 7 4
508 4 2 6 8 8 7 4 3 7 6 5 3 7 8 1
424 9 3 10 2 2 1 1 9 9 4 1 7 4 6 5
480 2 1 1 8 1 5 6 2 9 6 10 9 1 7 9
385 3 1 1 3 8 3 2 1 6 1 5 6 7 4 10
551 5 7 8 10 7 5 3 6 9 4 8 8 3 1 2
471 5 4 5 6 4 7 7 5 4 10 5 5 1 10 3
491 6 3 9 2 5 10 1 3 1 8 9 3 9 5 6
638 10 9 6 10 8 7 9 10 3 2 5 5 8 10 9
490 4 7 7 4 1 6 7 9 10 4 2 6 6 10 3
528 7 9 7 7 8 7 3 5 1 8 4 3 6 2 2
505 9 3 7 9 4 3 10 5 9 2 4 1 2 6 2
550 7 4 3 4 7 3 3 9 9 10 3 9 7 1 5
521 9 8 6 1 5 7 2 7 9 7 4 4 1 8 10
469 8 1 6 6 2 6 4 4 3 6 6 4 7 1 9
480 9 5 7 4 1 4 5 10 8 5 2 7 1 9 7
451 5 6 1 3 8 8 10 9 2 2 1 9 10 3 3
20
558 6 10 2 7 7 2 1 2 10 7 6 3 8 5 4
570 6 4 9 7 8 8 6 9 4 8 4 2 3 8 7
540 5 10 5 10 1 1 3 7 8 5 2 8 8 8 8
434 5 8 2 7 9 1 7 5 2 2 1 6 8 6 2
508 6 3 7 3 3 3 7 2 10 9 1 8 9 3 6
504 5 10 10 4 9 4 5 1 7 6 2 2 5 8 8
474 5 7 2 9 2 5 4 3 10 7 4 8 3 3 1
418 4 2 4 5 3 9 4 4 5 4 3 9 6 9 3
520 9 10 1 6 4 8 8 6 5 4 1 6 3 2 9
540 5 6 10 7 5 3 8 2 9 5 9 4 1 2 10
545 7 2 9 7 3 4 7 8 6 7 4 2 7 7 5
483 8 4 3 7 3 7 3 2 9 7 1 2 6 2 2
452 7 6 5 2 5 8 2 8 8 5 4 2 3 1 3
389 5 4 3 1 3 4 3 3 7 2 7 7 7 5 8
540 8 3 4 10 3 8 2 9 4 4 2 6 6 9 10
513 7 8 9 10 1 9 10 2 3 3 6 5 2 8 7
495 3 3 9 2 9 6 8 5 10 10 3 5 2 7 10
507 8 3 6 9 6 1 4 9 1 9 5 1 3 6 6
519 3 6 6 6 9 6 5 10 9 5 4 1 2 6 4
489 10 10 8 3 3 7 6 8 6 3 1 2 2 5 4
20
586 7 5 2 10 7 3 1 8 10 4 3 8 10 7 9
441 3 3 4 1 9 8 3 8 9 3 6 10 2 7 3
551 9 9 5 2 8 2 2 9 10 4 9 7 7 1 4
523 10 3 9 5 9 7 5 3 6 5 3 1 4 2 10
605 10 7 4 7 9 6 2 7 8 6 7 9 4 2 3
507 9 8 2 5 2 2 10 7 1 1 8 6 10 5 6
412 5 8 10 2 7 3 9 1 1 5 1 2 5 3 8
562 9 8 7 1 8 8 3 10 9 4 8 10 4 6 4
465 5 9 6 1 3 2 7 5 7 5 2 3 9 4 9
366 5 1 10 2 3 1 1 1 5 5 4 8 4 6 4
548 3 9 7 6 8 6 10 5 6 2 3 4 9 2 6
629 4 8 2 10 6 10 7 9 5 9 4 7 4 9 10
443 9 4 6 5 4 7 9 1 1 2 3 7 3 5 9
491 2 2 1 10 10 9 1 10 7 6 4 7 3 6 1
497 5 5 7 3 2 8 5 8 7 2 5 8 7 6 4
457 4 5 4 1 5 10 10 5 5 5 5 8 3 7 6
385 5 1 4 5 7 1 1 3 6 2 9 3 2 6 7
513 7 10 3 8 3 9 4 1 2 8 3 4 5 5 8
516 4 8 2 5 9 1 6 4 8 9 10 9 1 4 2
457 6 10 3 2 3 3 3 3 3 10 7 1 5 3 9
20
534 7 3 6 8 6 6 2 10 6 5 5 1 5 7 10
593 7 9 7 2 5 2 9 9 9 3 8 10 6 10 9
597 1 9 6 4 9 10 4 7 2 8 10 8 9 7 5
456 2 9 4 7 1 8 2 1 5 3 8 7 3 6 9
471 5 2 6 7 5 8 6 7 2 2 5 9 8 6 4
345 4 4 1 1 3 5 10 2 1 3 3 2 8 5 3
473 1 1 10 6 9 3 3 8 2 4 10 9 5 4 10
434 1 1 2 10 7 9 4 9 1 9 6 3 1 9 5
523 5 2 9 7 9 8 10 7 6 4 1 1 9 6 1
470 4 6 9 1 3 9 2 6 8 7 2 9 3 5 8
459 8 2 7 8 5 9 2 8 8 1 3 2 3 1 2
597 9 8 4 10 3 5 9 3 10 1 6 10 9 5 1
480 2 5 2 2 3 4 4 6 1 8 10 10 10 8 9
385 3 1 5 2 2 6 5 4 1 9 1 6 9 6 10
445 8 7 2 1 6 4 5 7 3 9 5 5 3 1 3
409 9 1 1 5 4 1 10 3 4 4 7 1 8 6 3
591 2 2 5 8 6 7 5 10 8 3 10 10 10 3 2
587 5 6 5 8 10 10 2 8 8 5 2 6 7 5 6
517 4 10 9 2 7 8 8 5 6 2 8 2 5 5 6
456 10 4 2 3 4 5 6 4 9 7 3 4 3 2 2
20
374 3 10 1 9 1 2 2 9 2 5 2 8 2 8 2
403 3 5 7 1 10 2 1 3 4 7 2 5 5 10 6
453 2 9 3 7 6 5 7 6 7 1 2 7 4 8 1
544 9 3 7 9 7 6 6 4 9 7 1 5 1 7 6
580 4 7 9 2 5 10 4 7 9 6 4 8 10 5 10
422 10 2 1 1 8 2 3 3 3 5 4 2 9 6 8
586 8 9 3 8 8 8 9 6 2 3 8 9 5 2 4
477 10 7 4 2 6 10 7 4 4 2 3 8 8 1 5
589 8 8 9 10 2 1 8 6 4 6 6 5 8 6 5
526 10 4 3 7 8 1 8 9 2 6 5 2 5 2 8
502 1 9 7 2 7 4 6 9 8 4 7 9 5 5 5
558 7 5 7 3 1 7 8 8 9 7 3 2 9 4 8
489 3 6 2 10 2 4 9 8 5 7 4 10 2 5 7
383 3 1 2 5 6 3 2 9 1 6 7 5 1 9 5
534 5 4 3 10 7 3 3 10 7 2 10 9 6 7 2
421 8 3 7 10 9 3 1 4 4 1 6 7 1 2 1
519 4 10 4 8 2 4 7 9 10 5 2 3 3 9 6
442 10 1 3 3 9 8 1 2 1 8 4 5 4 10 10
598 9 5 5 10 5 1 4 7 9 10 7 7 2 4 6
586 10 1 6 3 8 5 7 9 10 10 8 7 3 2 3
20
511 7 6 1 8 4 3 7 9 4 8 4 2 8 10 5
432 8 3 2 7 6 2 1 5 7 2 6 6 5 1 2
482 4 9 10 5 8 7 1 7 1 3 6 3 1 6 9
494 4 6 9 4 7 4 4 10 5 4 8 7 2 8 9
519 10 5 3 3 5 2 1 10 10 5 2 9 10 10 5
427 1 8 2 2 1 5 10 4 4 2 10 2 9 6 6
568 2 2 10 6 7 10 7 5 10 10 8 4 3 8 4
421 3 2 4 4 7 1 3 6 9 2 7 2 4 9 5
512 7 5 3 3 4 5 3 5 8 8 4 1 9 6 7
500 3 10 5 9 1 7 1 1 6 8 8 4 4 9 2
641 4 10 8 10 8 8 8 2 8 10 1 9 5 4 10
499 1 3 6 8 8 7 3 8 8 1 3 3 6 9 7
382 2 5 3 4 5 4 7 10 1 7 5 3 2 3 5
589 10 5 1 10 10 4 4 3 1 5 10 9 6 6 10
479 3 9 9 1 7 10 2 9 4 2 4 2 9 4 2
462 9 2 9 1 6 9 8 4 8 6 1 1 4 8 1
440 6 5 3 5 6 8 9 1 1 9 2 2 7 8 4
357 6 5 1 1 2 4 7 8 2 4 3 9 3 3 9
515 9 4 5 9 10 9 3 6 5 4 2 8 3 1 2
552 6 10 2 9 1 8 6 7 5 4 10 3 5 1 6
20
411 1 3 9 1 7 2 3 8 8 5 5 9 4 3 2
493 8 6 10 2 5 9 5 5 1 6 6 2 8 1 4
553 3 7 2 10 9 10 9 10 1 1 6 2 10 2 5
478 5 4 3 10 2 6 2 2 2 6 7 10 10 7 2
486 7 9 4 2 10 6 4 2 6 1 9 8 4 10 6
572 7 7 9 2 3 6 1 7 9 4 8 8 10 5 8
471 4 4 2 2 10 10 7 4 1 6 8 6 6 4 6
566 9 8 10 6 3 7 6 1 5 8 4 2 7 8 9
477 4 6 6 4 3 1 8 4 8 2 10 3 6 5 6
384 6 1 7 3 7 2 10 3 1 5 4 2 5 4 1
567 3 8 9 6 6 8 1 8 5 9 1 2 8 7 10
404 4 2 4 1 9 4 10 5 6 5 1 2 5 10 2
514 10 10 10 3 4 1 6 6 10 2 4 3 2 7 6
470 3 4 5 6 8 2 3 6 3 5 7 7 6 4 8
471 1 6 10 3 9 3 1 7 5 5 5 10 10 8 1
469 7 1 1 4 5 4 7 8 3 10 2 7 10 6 1
543 9 9 10 10 10 7 6 3 2 5 4 2 3 4 4
571 10 10 1 8 4 6 9 5 8 1 10 9 6 1 1
525 10 9 9 1 1 8 4 9 6 3 2 5 10 4 8
484 6 9 9 2 9 6 5 8 5 2 2 8 6 2 2
20
517 9 8 2 8 7 2 5 10 8 3 7 3 2 7 1
574 7 5 10 9 9 9 5 10 2 8 3 3 3 7 4
581 1 5 3 7 5 10 1 5 7 10 10 7 10 4 4
609 8 7 8 10 3 9 3 6 6 1 8 3 7 4 9
454 3 8 1 1 7 7 4 9 2 8 4 9 3 6 10
442 7 1 4 8 5 7 7 2 4 3 6 4 1 7 8
548 6 6 1 8 5 10 7 5 10 9 5 1 1 3 1
594 8 8 9 9 10 4 5 10 4 5 3 7 6 1 2
391 3 6 5 10 5 1 6 3 7 1 3 2 2 7 1
494 6 1 7 5 9 10 2 6 1 6 7 5 6 10 2
427 3 6 10 5 6 3 3 9 3 3 3 1 6 10 1
562 8 9 7 8 4 3 9 6 8 8 1 9 3 7 7
575 4 6 3 9 10 8 4 7 1 8 5 9 10 5 7
469 5 8 1 7 5 6 7 1 3 5 3 3 8 10 2
520 10 7 1 5 4 2 9 5 4 10 3 7 5 1 10
472 2 10 7 5 6 6 6 1 2 5 6 9 7 10 2
434 10 2 5 1 8 1 1 4 2 3 9 4 8 10 8
479 3 8 1 10 6 3 7 6 3 6 6 6 1 9 4
582 10 8 7 4 5 4 9 10 5 3 6 1 8 8 9
584 3 1 9 9 4 10 6 9 3 7 9 8 10 8 1
20
556 9 4 4 7 7 6 8 6 5 7 1 4 7 8 6
531 3 4 7 4 7 9 9 10 3 5 4 6 10 1 2
489 8 8 4 2 9 7 6 2 9 1 3 7 7 2 2
487 4 3 6 6 6 10 3 6 8 4 4 10 4 4 6
441 6 2 1 4 5 1 2 1 8 8 3 3 7 1 10
459 7 5 5 4 5 5 7 2 5 1 10 9 4 4 6
711 5 10 1 10 9 9 6 7 9 10 4 7 9 10 9
499 6 5 7 6 5 2 9 9 4 5 5 5 7 9 6
479 5 4 5 7 2 5 6 5 1 8 7 10 7 2 6
497 6 3 7 5 9 5 10 10 4 2 5 2 9 10 1
561 7 6 5 4 1 8 7 7 5 2 10 6 10 9 7
619 1 9 9 5 7 9 10 10 6 9 8 2 7 3 4
477 1 3 5 6 5 9 3 8 4 6 4 10 7 8 2
465 2 1 10 7 1 2 5 10 9 1 7 2 3 10 8
402 1 3 2 3 7 1 5 3 8 5 7 5 4 9 7
535 5 4 9 5 7 8 8 5 6 7 8 6 2 2 2
370 4 3 2 3 5 6 8 2 4 1 4 3 7 4 6
523 5 8 9 1 10 5 7 5 7 4 10 1 4 8 2
520 6 3 7 4 9 8 6 5 5 1 8 1 7 5 10
471 4 7 7 4 8 9 5 9 2 3 7 2 5 7 2
20
499 7 7 5 2 6 5 8 10 5 3 10 9 4 9 3
453 8 1 7 4 6 9 6 2 7 3 6 3 1 1 9
516 7 8 8 5 1 8 1 9 6 4 6 10 7 1 2
507 8 2 2 1 3 2 5 3 8 9 8 9 10 10 5
511 7 7 10 1 10 1 3 8 4 10 8 5 3 2 5
425 1 2 6 3 2 2 9 8 10 8 4 6 1 2 9
509 3 7 6 7 9 1 7 3 4 6 9 2 9 2 1
523 3 8 2 9 8 3 1 4 5 7 9 8 8 8 5
450 2 1 5 10 10 9 1 7 1 9 1 1 4 10 6
606 9 6 8 5 7 6 6 7 7 9 4 1 9 9 7
544 7 7 6 4 3 5 7 7 7 10 8 8 1 6 2
511 8 1 6 6 8 5 8 9 2 5 3 1 10 3 3
438 1 10 3 9 1 5 6 3 8 3 2 6 4 8 4
452 7 2 10 3 5 3 2 3 8 5 7 4 2 9 5
463 4 6 2 5 6 5 3 10 4 10 7 4 3 1 2
467 7 5 4 4 5 6 4 7 2 2 4 6 7 5 10
431 3 4 7 2 1 8 2 5 4 5 10 2 7 1 10
490 8 8 6 6 10 1 5 2 7 4 5 3 2 8 2
474 7 9 8 3 7 1 2 8 8 5 4 2 3 1 9
555 7 10 2 6 1 6 10 3 7 6 7 4 7 5 8
20
473 5 8 3 8 8 4 7 3 7 5 3 3 1 10 6
485 7 5 10 2 6 8 5 5 7 8 9 1 1 10 2
395 10 5 1 6 1 9 2 2 2 6 4 7 3 2 2
557 4 2 10 9 6 5 1 2 8 6 10 8 5 2 10
552 1 9 1 10 2 5 4 10 8 5 2 10 7 6 9
554 3 9 2 6 8 10 2 6 7 10 8 2 1 5 6
372 4 2 5 4 3 2 4 5 8 1 5 7 2 10 7
490 7 7 3 6 10 9 1 1 6 2 2 4 8 2 8
470 8 4 9 10 7 3 3 7 5 4 4 1 1 3 4
396 7 1 4 1 2 5 4 3 1 6 4 4 9 10 8
497 5 10 3 2 3 7 3 4 8 7 5 5 8 8 5
416 8 4 8 3 3 9 4 4 3 5 3 2 3 1 5
436 2 9 1 6 7 2 8 7 5 4 1 6 5 6 5
478 1 7 2 7 5 6 6 5 2 7 5 8 10 5 5
387 3 7 3 3 7 4 3 8 1 10 3 2 5 9 1
606 9 10 1 8 9 4 9 6 7 8 3 8 6 7 9
482 3 3 1 5 7 2 9 9 5 5 6 9 7 4 6
527 6 5 3 9 4 8 7 3 2 5 5 8 10 5 5
411 1 2 8 1 9 5 8 9 6 4 1 3 5 7 2
365 4 1 9 3 4 2 1 3 4 10 1 3 1 9 6
20
524 10 3 5 1 10 5 7 3 6 4 8 7 9 2 8
528 10 6 4 6 5 3 10 6 5 1 6 10 9 2 6
451 3 5 6 6 8 5 7 6 2 7 9 3 3 9 1
520 9 2 1 10 7 7 8 6 2 9 6 6 3 3 2
563 8 4 3 9 9 6 9 1 9 2 7 9 7 6 1
436 5 8 6 5 3 9 2 7 1 1 5 2 9 8 2
523 6 9 10 9 6 7 6 2 5 2 5 7 4 9 4
512 10 7 9 1 3 6 1 9 9 9 7 2 3 4 1
538 7 2 7 6 6 10 5 8 6 2 10 2 3 4 4
447 9 1 6 9 2 6 7 3 1 2 8 4 2 2 4
445 6 4 8 2 10 8 3 3 5 4 7 8 1 7 2
512 1 7 3 6 8 9 5 2 3 9 7 2 9 5 5
527 7 8 1 5 9 2 1 10 10 6 6 10 3 2 3
356 3 5 4 4 4 5 4 4 4 5 1 7 4 5 3
497 2 7 3 1 2 9 10 9 4 8 5 10 10 7 3
437 1 3 6 4 8 5 9 4 5 8 5 5 1 2 9
531 6 2 3 3 10 4 8 6 5 7 10 3 8 5 8
484 1 7 10 2 6 3 10 5 3 7 7 2 9 2 5
477 9 1 2 6 8 3 6 4 10 2 4 2 10 2 2
461 6 2 10 6 7 7 3 8 6 3 4 2 6 5 1
20
506 10 7 5 2 3 6 2 3 7 3 8 10 5 7 9
542 5 10 9 5 9 2 8 3 5 9 6 2 2 5 7
411 2 4 2 5 5 7 2 6 4 8 3 1 5 1 2
546 4 3 7 6 6 2 9 10 3 10 8 1 6 1 8
615 6 8 8 10 4 7 5 9 7 7 9 5 1 6 6
400 5 5 1 3 9 7 4 2 9 4 3 9 1 8 4
431 2 1 9 3 7 9 5 2 6 2 8 2 2 10 5
470 1 8 5 3 2 8 3 1 9 8 8 6 4 7 3
428 2 6 8 5 5 7 2 5 4 5 5 4 5 4 5
519 6 4 3 4 2 6 6 5 7 8 5 10 10 10 6
482 5 5 5 4 9 3 6 2 4 8 7 9 9 2 1
452 7 2 8 1 6 1 3 6 8 7 6 10 1 3 7
426 9 4 8 5 5 3 10 8 4 2 2 4 2 8 5
521 7 10 3 4 2 3 2 10 2 9 8 4 5 9 10
469 1 4 5 1 5 1 6 6 9 10 9 4 6 1 9
496 4 8 5 5 8 3 9 3 1 7 3 1 10 7 7
569 9 2 5 6 1 3 7 4 8 10 7 4 7 5 10
568 9 4 6 9 9 4 5 8 2 7 4 7 8 6 8
338 10 3 8 1 7 1 2 2 3 7 3 5 1 5 2
513 9 6 2 4 3 5 2 8 7 8 3 10 9 8 3
20
578 8 3 7 5 10 9 8 4 6 3 4 9 9 10 9
451 5 2 8 4 7 6 6 5 6 5 1 2 5 9 10
448 1 6 4 3 7 3 8 10 5 6 9 2 4 10 3
506 9 6 7 6 3 9 3 2 7 5 6 5 1 5 7
496 6 8 4 2 5 6 2 8 10 3 8 7 5 5 2
373 1 5 6 2 6 4 6 9 3 3 2 10 7 4 2
546 6 1 8 10 7 2 7 9 4 1 9 7 4 8 10
508 6 5 7 6 10 6 2 8 1 3 7 1 7 5 7
604 4 2 8 7 9 6 2 7 5 7 9 2 10 10 9
564 10 2 10 4 6 1 7 6 5 9 2 9 9 2 8
430 1 3 6 5 7 4 1 4 8 3 7 6 4 8 5
565 10 8 9 3 4 4 3 3 9 1 8 8 8 7 6
511 10 5 3 4 4 8 6 3 2 1 9 8 7 8 9
693 10 6 9 7 6 10 6 10 6 9 10 8 2 6 8
505 8 3 4 2 3 10 8 9 6 1 6 1 9 3 9
443 10 7 4 6 4 9 10 1 4 1 5 3 1 2 2
436 4 4 5 5 4 3 10 2 7 2 8 5 4 2 10
537 1 2 10 4 9 8 6 7 7 4 10 1 9 10 3
515 8 5 8 8 4 1 9 2 4 4 9 7 7 5 2
401 4 7 1 10 2 5 2 2 5 2 3 1 7 7 2
20
332 4 2 2 3 4 8 7 1 1 3 4 1 3 1 6
457 5 5 4 7 9 6 2 3 7 5 3 5 1 4 9
603 2 6 4 10 3 6 3 9 9 3 7 8 10 2 8
578 1 10 4 6 9 3 9 9 7 9 2 7 8 8 10
537 7 6 1 1 8 9 7 3 9 1 8 10 9 1 3
475 7 8 5 3 9 9 5 2 5 3 4 6 4 6 5
421 6 9 4 5 1 6 7 2 3 1 5 6 1 9 7
510 3 6 5 6 3 4 2 10 8 6 7 9 3 1 4
379 2 2 9 4 6 5 1 6 3 8 3 4 4 9 1
529 4 7 1 10 8 8 5 5 8 5 6 5 1 8 10
512 8 7 1 3 6 8 9 8 4 5 9 6 4 5 3
484 10 1 10 3 9 10 1 1 6 6 6 6 2 4 7
488 5 1 2 1 6 9 1 2 10 10 7 5 9 3 7
488 3 9 4 6 7 2 1 10 5 1 9 8 6 4 8
500 3 5 7 7 1 7 7 2 9 8 8 10 1 6 2
508 4 8 4 10 2 9 4 10 4 1 6 1 2 4 10
486 9 10 9 7 6 5 3 4 1 5 5 1 1 2 10
419 5 6 6 6 4 7 1 7 8 2 2 3 1 4 7
495 7 5 7 7 5 5 5 5 1 10 4 3 3 5 7
498 2 3 8 8 10 1 8 4 5 6 3 2 9 10 3
20
356 9 4 8 2 1 2 2 1 6 5 4 4 1 7 2
472 7 8 4 5 3 2 7 2 6 8 4 9 2 3 5
425 7 6 1 2 7 10 3 1 3 5 7 7 1 6 10
536 3 8 3 8 7 3 9 2 9 3 6 9 8 9 4
660 9 3 9 9 10 5 2 4 6 8 9 8 8 8 7
447 1 5 1 8 4 2 2 8 7 8 6 5 6 8 1
406 1 10 4 2 5 9 3 1 5 2 5 6 9 1 5
413 2 6 4 7 1 6 7 4 1 5 7 10 1 9 9
425 4 7 2 2 1 6 10 10 6 3 1 4 10 1 5
385 2 4 5 5 7 5 1 5 4 4 6 1 1 5 8
573 10 10 3 10 7 6 2 5 4 5 3 3 7 5 4
563 5 10 7 7 10 7 2 1 3 6 8 8 9 6 4
459 1 7 3 7 6 9 1 3 4 7 3 6 6 4 6
534 8 1 6 3 10 4 9 9 4 6 7 4 10 10 3
417 1 4 7 1 2 8 1 9 7 2 5 7 3 4 9
533 10 7 4 10 9 1 2 8 1 10 1 10 2 8 5
480 2 2 1 9 1 4 8 9 6 8 8 7 4 5 5
584 10 6 9 10 1 5 7 9 5 5 2 7 3 3 9
593 9 9 8 6 1 3 10 7 5 4 10 10 8 9 1
630 9 10 2 9 10 1 5 2 10 8 3 8 10 7 6
20
524 5 10 6 6 2 10 2 1 6 10 7 3 5 6 4
589 5 8 8 9 1 10 3 9 6 5 4 7 5 6 8
434 5 3 2 7 5 7 2 7 5 2 1 9 9 8 3
526 10 7 9 7 3 5 7 5 3 6 10 2 3 2 2
559 7 10 4 9 4 9 5 1 7 3 9 8 5 5 6
503 3 4 4 8 8 8 10 6 9 5 4 1 3 5 4
593 10 6 7 9 10 10 1 2 3 2 7 10 7 1 9
499 10 9 2 2 1 4 9 2 1 6 10 2 10 5 8
527 2 9 7 4 9 9 2 4 7 6 10 7 3 3 6
398 1 3 8 3 3 8 3 8 4 1 5 8 4 10 8
580 5 4 8 10 9 4 6 10 5 9 5 6 5 9 2
478 8 4 7 2 6 10 10 2 8 3 6 4 4 6 4
580 9 10 8 2 5 8 5 1 10 9 8 6 3 2 7
418 6 2 1 4 9 1 10 6 7 3 5 1 3 1 8
463 5 7 3 3 9 6 9 3 10 4 2 2 2 7 2
491 10 3 7 5 8 7 5 4 2 6 5 5 4 3 8
507 7 7 8 1 6 3 5 5 4 8 8 5 10 9 4
401 8 9 1 1 5 8 10 6 2 1 3 8 1 1 4
582 8 6 6 4 2 9 8 6 10 5 6 8 5 3 10
473 7 1 10 8 1 2 8 1 8 2 1 10 6 7 6
20
515 7 5 3 1 2 8 6 6 10 9 7 1 9 8 4
387 1 8 4 3 3 5 3 7 3 1 8 2 6 5 3
641 10 10 5 9 5 4 6 5 5 8 8 6 9 6 9
459 2 5 6 8 10 5 4 1 5 5 3 6 6 5 4
559 5 6 6 7 10 3 9 1 6 5 6 8 8 7 7
478 10 4 2 3 4 8 6 9 8 2 7 1 2 9 10
487 5 3 5 5 8 6 6 1 8 5 3 8 3 6 8
487 10 2 4 5 8 4 7 3 5 5 5 1 8 4 4
539 4 5 7 8 1 6 2 10 8 5 10 1 7 1 1
417 1 6 8 1 10 4 2 10 4 5 5 8 2 4 2
406 7 6 9 1 6 2 2 9 5 5 4 4 2 10 5
393 6 1 2 2 2 5 7 2 2 1 6 3 10 9 10
443 4 5 9 3 4 6 7 3 4 2 8 6 5 1 10
457 2 1 7 6 9 10 10 4 2 6 2 1 7 4 2
430 1 2 5 2 1 8 8 7 7 4 9 5 4 4 1
469 8 1 5 3 4 7 9 2 2 1 7 10 8 5 8
460 6 5 1 6 9 5 9 3 7 3 3 6 1 4 9
589 7 4 9 9 7 9 7 3 4 9 4 2 7 4 2
484 6 4 9 5 5 8 10 2 2 4 8 6 2 3 8
545 1 9 6 8 6 9 8 9 7 3 1 9 7 4 1
20
433 7 5 5 5 7 4 2 7 5 6 3 1 2 2 7
569 2 10 3 6 8 9 3 4 10 4 1 8 9 5 10
466 1 9 6 6 2 2 4 9 1 8 4 2 9 6 3
476 2 9 6 4 3 2 3 4 1 6 10 10 10 1 6
556 10 3 5 6 9 4 6 8 5 9 4 10 8 2 3
500 3 1 6 6 5 4 9 8 8 1 5 6 9 8 4
552 2 9 10 8 8 4 7 7 6 9 6 1 3 5 8
455 8 2 10 2 2 5 6 3 3 7 4 3 9 2 8
505 8 5 4 9 1 1 1 6 8 1 7 7 9 7 7
448 1 6 3 3 7 4 6 9 9 2 6 7 1 8 9
398 5 3 5 3 4 2 10 7 6 1 4 7 2 5 9
453 2 5 10 5 3 4 8 3 3 7 5 1 10 9 1
587 5 9 5 8 1 9 3 5 8 4 9 7 9 3 1
462 4 2 2 5 8 2 8 8 9 1 8 10 3 10 5
430 5 9 2 2 7 6 6 6 4 5 9 6 2 7 1
425 7 3 7 8 3 1 9 4 8 1 6 7 1 1 1
564 10 3 9 8 1 5 8 2 5 4 9 8 6 2 10
447 4 2 2 6 3 5 8 4 5 8 2 7 5 5 4
468 1 2 2 5 3 3 7 4 3 9 8 7 9 6 5
473 6 1 2 5 3 9 4 8 5 4 4 2 9 7 7
20
498 7 9 6 7 2 8 4 3 2 5 7 8 2 9 2
553 2 6 9 9 3 6 4 10 8 3 8 10 8 5 2
462 6 1 1 9 9 4 3 10 2 6 5 4 4 9 7
508 7 1 3 5 7 10 1 8 5 4 4 2 7 1 10
496 1 6 2 6 5 6 5 5 7 7 4 6 10 8 5
525 8 10 2 8 6 4 8 7 2 6 6 6 5 8 3
524 2 5 2 8 5 6 5 4 9 3 8 1 10 10 10
360 3 4 2 1 2 4 6 5 9 2 2 4 9 2 5
543 7 1 10 2 8 7 6 3 7 6 10 3 10 7 3
410 5 3 7 3 10 2 3 4 3 4 10 10 1 4 3
305 2 3 1 9 3 1 3 4 1 2 6 7 1 2 1
626 6 10 5 7 7 5 6 9 7 3 9 4 8 7 7
536 10 3 9 8 8 3 2 10 1 10 7 8 2 9 3
581 3 9 8 6 3 8 10 7 7 4 4 4 9 3 7
450 6 2 6 9 9 2 4 7 1 2 8 9 1 9 4
489 6 3 10 6 3 4 8 8 6 3 7 8 1 3 2
479 7 1 6 2 7 3 5 6 10 10 3 2 2 1 8
505 10 5 5 2 9 2 7 5 8 10 3 1 3 5 9
527 9 8 10 3 4 5 3 8 2 5 1 10 10 6 2
560 3 3 4 9 10 8 1 10 5 2 6 7 10 4 6
20
531 4 10 6 2 10 1 9 3 9 8 7 3 7 9 3
606 7 6 3 7 7 8 5 6 9 4 7 5 8 5 5
453 1 4 1 2 2 9 3 8 4 9 7 7 7 5 3
414 10 1 6 2 9 7 2 2 8 3 5 4 1 5 5
615 9 8 8 8 7 10 6 7 1 10 6 2 2 6 9
496 6 1 10 4 1 6 10 9 10 5 4 2 2 4 10
319 6 4 1 1 2 7 6 2 1 3 3 5 1 9 6
581 9 10 6 3 3 7 3 10 4 8 7 2 6 8 7
542 6 8 4 3 5 9 9 10 7 10 1 6 4 10 8
372 2 1 4 1 1 3 3 8 9 8 2 8 6 1 6
488 4 6 8 2 6 9 9 7 1 5 2 7 10 6 8
483 7 4 9 10 2 2 4 3 7 4 7 10 2 5 1
485 4 8 1 4 6 8 7 7 3 3 8 10 4 7 1
526 3 2 8 8 7 7 9 10 6 3 1 9 4 3 6
518 10 5 5 8 3 4 3 6 7 5 2 1 7 2 5
522 8 2 4 10 9 3 5 1 8 2 7 8 9 8 1
436 10 3 6 7 2 5 5 2 5 3 2 5 2 9 10
564 8 4 5 10 10 6 5 4 9 7 1 5 4 8 1
545 4 8 7 3 1 3 1 9 10 10 8 7 1 9 10
554 9 4 4 7 3 5 4 4 7 4 6 7 6 10 10
20
439 4 10 8 4 5 7 7 4 2 4 5 1 2 3 2
392 4 7 4 3 7 9 4 5 3 4 1 9 3 4 2
580 8 10 1 7 3 7 2 9 5 5 5 9 9 8 5
486 7 2 6 5 7 6 8 7 2 3 7 5 9 4 2
546 5 7 6 10 1 6 6 8 6 5 9 4 2 5 3
473 4 3 1 4 9 2 10 8 7 10 1 6 8 3 5
578 9 10 9 6 10 2 10 5 2 2 5 2 10 3 6
612 10 10 6 8 10 5 7 6 3 10 5 7 4 10 3
510 5 2 5 4 5 7 9 2 6 6 5 7 10 10 8
529 8 3 4 7 10 4 10 6 9 3 3 7 5 2 1
527 3 7 2 7 10 4 3 8 7 10 7 2 2 10 5
405 1 7 3 10 4 3 2 7 3 2 3 8 3 10 1
475 6 10 10 2 10 2 3 3 4 4 9 10 4 4 4
563 7 5 9 3 8 6 4 10 5 10 6 10 3 8 6
539 10 8 5 2 3 5 5 7 7 8 6 5 7 1 9
482 10 2 1 3 5 4 9 7 10 7 6 5 4 6 1
425 7 4 1 2 4 9 3 7 5 2 6 7 1 9 7
435 2 5 2 3 3 7 4 1 6 9 6 7 5 1 6
635 7 2 6 5 6 4 5 10 7 10 10 6 9 2 9
536 5 7 6 8 8 10 3 7 10 5 3 3 1 7 9
20
363 7 4 1 3 7 1 7 5 3 9 4 5 1 3 2
586 10 6 1 10 5 5 8 6 4 9 5 8 5 7 8
428 8 9 8 6 8 1 6 10 2 1 1 6 3 9 1
494 1 8 6 4 9 6 9 2 9 5 5 3 7 9 1
489 10 7 9 7 9 10 1 8 1 4 4 1 1 2 1
343 6 6 5 1 1 3 2 1 1 1 8 4 4 3 7
501 4 2 6 10 5 4 8 2 1 10 8 1 2 3 10
625 1 9 10 9 5 10 7 7 8 7 2 5 9 5 6
600 3 2 7 4 10 9 2 3 8 9 10 6 8 8 10
688 8 8 4 9 2 10 4 8 10 4 10 7 9 2 8
432 8 2 4 4 7 4 8 7 5 4 4 3 2 1 9
489 6 8 5 10 5 8 1 7 4 3 2 7 4 10 2
516 1 6 10 4 4 5 7 10 6 8 8 3 2 6 10
554 6 8 7 3 9 8 8 5 2 2 9 6 10 4 6
508 9 3 5 3 8 10 5 3 5 9 4 2 7 7 5
464 2 8 9 6 7 5 6 5 4 5 2 6 2 9 10
505 7 3 1 8 4 9 8 7 9 1 2 10 5 6 1
482 9 7 4 5 4 1 1 5 8 6 1 5 9 3 5
535 5 8 6 9 6 1 6 3 6 8 6 1 4 9 5
516 1 5 10 6 8 2 3 1 9 4 9 2 9 2 7
20
535 8 5 8 6 3 4 8 8 3 1 7 6 10 3 9
429 1 3 1 5 9 3 6 8 8 4 7 7 1 6 5
501 7 1 9 4 3 7 5 3 10 9 3 10 5 10 1
398 10 4 4 2 2 1 2 4 5 2 5 10 4 5 8
456 8 1 5 6 3 6 1 5 3 1 8 10 6 2 9
474 6 3 3 4 3 8 9 4 3 2 6 3 9 3 8
514 5 7 5 5 8 8 2 6 1 8 9 2 5 1 4
460 1 4 2 9 8 2 9 1 4 2 5 1 9 4 9
598 3 9 4 3 9 2 7 6 6 10 8 8 10 8 10
491 3 6 10 7 1 3 5 1 4 1 7 8 9 6 10
550 5 4 1 6 6 5 7 6 10 1 9 5 9 8 8
449 1 8 3 6 5 3 2 3 2 5 3 8 10 1 9
491 3 8 5 8 9 7 4 9 5 4 3 7 5 3 1
561 7 3 7 8 6 10 8 7 3 1 7 4 5 6 8
488 4 8 10 9 3 6 7 1 3 1 8 4 7 1 3
535 4 6 4 9 7 3 2 6 6 8 5 3 6 1 10
428 9 10 2 1 5 1 8 10 5 2 2 6 1 8 5
559 2 7 1 9 9 2 10 10 6 10 5 2 7 3 3
574 2 10 6 10 6 6 10 5 7 1 7 6 8 3 2
552 9 9 4 8 2 1 8 10 4 5 2 2 9 6 7
20
541 3 4 10 8 1 8 9 8 10 9 3 2 1 8 8
566 1 10 1 10 3 6 5 5 2 9 9 5 10 4 3
445 2 8 2 3 8 6 4 10 5 8 4 9 3 1 5
523 4 3 5 5 1 6 6 6 6 10 10 2 8 7 2
510 10 4 9 4 10 8 5 2 7 3 9 6 2 2 2
519 3 6 10 8 1 2 7 8 6 10 4 5 4 7 7
505 10 1 3 10 7 8 2 8 6 6 2 3 3 6 1
584 8 9 4 10 3 7 9 3 9 4 6 7 4 1 1
497 10 10 5 5 9 7 10 3 2 4 1 9 1 2 7
341 1 7 5 2 5 6 10 1 2 3 4 7 1 1 8
424 6 4 3 8 9 2 7 1 6 1 5 2 5 1 4
484 5 2 8 4 10 8 3 7 9 8 3 9 2 10 1
489 1 2 5 9 6 1 5 7 6 8 10 1 3 8 8
292 5 4 1 1 10 2 4 10 2 1 4 2 2 2 1
476 10 2 5 6 2 7 1 3 5 7 4 10 8 8 1
429 7 7 8 1 2 6 6 3 5 5 3 10 1 10 9
437 1 2 8 3 2 9 6 3 4 3 8 6 7 1 8
493 10 1 9 10 1 6 4 3 2 6 5 2 5 3 8
539 1 9 6 3 2 9 10 10 1 5 10 4 8 9 8
573 2 10 10 6 8 10 10 10 8 3 2 5 2 10 8
20
502 7 10 9 8 2 4 9 4 6 1 6 2 4 3 3
558 6 3 10 9 3 10 5 10 5 5 6 2 1 9 7
469 4 7 4 2 5 2 3 8 6 9 5 8 6 5 10
491 5 10 10 3 4 2 1 10 6 8 2 9 4 9 6
534 7 10 8 3 5 8 7 7 7 2 4 3 8 5 3
405 6 5 1 10 4 6 6 10 1 2 1 1 1 6 6
556 5 7 1 3 1 8 8 4 8 6 9 10 5 10 10
405 1 4 3 3 10 9 6 5 2 2 3 4 5 5 6
497 6 1 1 7 3 7 2 2 9 10 4 8 4 4 5
507 9 7 10 1 7 6 9 9 7 6 3 6 2 6 4
396 7 2 6 2 6 3 9 2 8 2 2 5 4 10 7
611 2 4 8 10 8 1 9 2 7 9 8 9 10 8 5
547 4 9 9 8 10 9 5 3 5 1 8 1 5 4 3
476 10 3 8 6 4 5 10 2 4 3 6 1 8 2 2
539 5 2 7 6 6 7 8 6 9 10 7 8 3 2 4
437 1 4 10 8 5 6 6 4 10 1 3 4 4 8 1
390 10 2 1 3 10 3 3 1 6 1 2 7 5 3 4
508 5 9 2 6 1 4 4 4 8 9 5 3 10 7 3
551 2 5 1 9 3 5 1 9 7 8 10 1 9 10 10
549 9 2 9 3 7 1 6 4 9 9 7 8 3 4 7
20
454 1 10 5 7 2 8 8 10 1 4 3 9 6 6 2
540 2 4 2 10 5 8 7 2 5 10 4 3 10 9 4
416 2 5 3 8 7 2 7 6 5 2 4 4 1 7 4
543 10 9 3 1 1 10 3 7 4 9 1 8 10 2 9
550 6 1 8 5 3 9 6 2 9 8 9 9 6 2 6
470 7 4 6 9 2 7 4 5 2 9 2 4 1 8 5
613 5 1 5 10 8 7 3 3 9 6 10 6 8 6 7
593 7 8 6 8 9 5 6 8 1 2 8 6 10 6 7
472 4 7 3 3 8 10 5 2 3 4 7 5 8 2 3
341 3 3 8 4 8 3 1 7 5 2 1 4 4 4 3
522 8 8 10 5 4 1 6 3 10 1 1 9 5 3 10
521 10 8 1 8 6 2 5 7 8 1 6 1 4 6 9
487 8 5 1 9 6 2 4 4 1 5 10 8 2 6 7
430 5 1 1 8 7 3 4 5 4 5 3 10 1 6 8
490 9 9 3 8 8 4 5 7 4 2 1 7 2 3 10
548 3 8 10 7 3 1 10 4 5 10 8 8 4 2 5
510 9 6 6 2 1 5 1 6 3 10 8 10 10 1 5
525 7 9 9 3 10 7 6 10 6 2 2 5 5 2 3
534 8 9 5 7 7 9 1 4 8 1 6 9 3 3 6
477 4 6 5 4 9 3 9 5 5 6 1 2 10 8 2
20
485 5 8 1 7 3 5 3 5 5 5 2 4 10 10 4
456 9 1 2 8 4 3 3 1 6 7 5 4 3 4 9
622 6 8 10 4 10 8 7 6 9 5 3 8 7 10 7
538 9 2 3 5 9 7 1 7 3 7 10 9 4 5 6
452 4 7 5 3 3 6 2 5 1 8 4 8 7 10 4
540 9 7 4 10 7 3 2 6 10 1 4 2 6 7 2
530 3 8 10 6 8 1 9 2 8 8 2 7 7 4 7
560 6 6 10 6 1 1 4 7 9 8 5 1 8 10 7
401 5 8 7 1 2 3 8 1 6 8 1 6 3 8 3
365 1 5 3 3 1 2 4 4 7 3 6 2 7 6 3
543 6 5 3 6 10 9 7 7 2 8 5 4 3 8 10
478 2 7 4 9 2 3 9 5 7 1 6 9 3 3 5
531 6 3 2 8 3 2 7 8 9 10 5 7 6 3 1
415 6 6 5 2 8 2 8 5 9 2 5 7 2 5 1
483 6 2 6 3 7 3 9 6 1 9 9 4 6 3 9
472 5 7 7 3 7 2 2 2 10 9 2 1 5 5 8
577 9 5 10 4 4 8 4 5 10 9 3 7 3 7 6
597 2 10 8 9 5 7 2 8 2 10 7 10 6 4 4
629 8 10 7 9 6 3 6 8 9 6 8 2 6 1 8
399 2 2 6 6 1 2 3 6 5 2 8 7 6 5 1
20
399 1 6 5 1 9 5 10 1 8 3 2 7 1 3 9
556 3 8 1 6 10 9 1 5 6 6 10 6 4 3 9
603 6 5 6 7 5 2 6 9 5 10 10 7 10 7 1
648 6 3 7 10 4 9 7 4 10 4 8 9 9 7 8
670 6 8 9 4 7 8 1 5 8 10 9 8 10 1 9
529 8 6 3 4 2 6 2 6 9 8 4 9 8 9 8
528 4 6 7 4 8 6 6 4 9 3 8 9 6 8 8
488 7 6 9 5 1 1 5 5 1 10 5 3 4 7 10
385 4 3 5 1 7 3 3 6 6 4 4 2 5 6 5
419 3 9 7 4 7 9 7 1 1 7 2 8 4 1 2
515 10 7 5 1 7 10 4 9 5 3 3 7 6 9 1
501 9 3 6 3 4 6 4 10 1 9 4 1 9 3 8
583 10 6 9 8 6 3 2 6 7 5 6 10 3 4 8
552 9 8 2 10 9 8 5 7 7 3 3 10 2 1 2
513 6 4 2 6 7 2 1 8 9 9 6 4 5 9 2
458 2 8 4 3 3 5 5 2 8 6 8 10 3 5 1
624 9 8 1 9 1 3 9 1 4 10 10 10 9 4 8
385 2 2 2 3 10 7 3 6 4 1 1 6 4 9 9
542 3 9 3 10 5 1 1 2 10 5 7 1 8 3 8
499 9 5 6 3 3 4 8 6 5 4 8 7 8 4 2
20
539 10 2 10 6 7 4 1 1 7 9 3 9 8 10 6
506 7 3 3 9 6 9 3 5 4 3 9 5 5 2 2
481 4 2 9 3 9 1 2 3 4 8 9 10 5 8 5
516 1 1 9 6 2 1 7 2 10 9 6 2 9 6 8
522 10 6 7 1 2 4 10 9 5 10 5 6 5 5 6
554 5 7 8 6 3 1 5 1 9 8 8 6 8 3 4
393 4 1 4 1 6 3 8 3 5 1 10 4 9 5 5
462 7 9 4 2 10 3 4 8 3 1 3 8 10 7 1
431 2 2 2 8 2 6 4 7 5 3 5 7 8 9 3
489 2 3 2 6 10 6 3 3 8 2 8 10 4 6 8
449 8 6 5 1 3 6 1 3 6 6 4 6 5 8 9
494 8 8 4 3 6 3 4 10 8 8 2 5 2 6 8
484 6 6 4 1 10 6 1 10 2 2 7 7 10 4 7
399 9 1 3 5 2 7 10 1 2 1 3 1 5 3 6
434 8 6 10 1 4 8 1 1 7 8 3 3 2 2 5
550 10 5 4 10 6 2 6 8 1 3 10 6 8 4 5
466 2 6 9 2 8 10 3 7 7 7 4 1 2 2 9
598 9 5 6 8 3 8 4 2 9 10 7 7 3 2 10
543 2 1 6 10 8 10 8 5 2 3 10 4 7 10 8
452 8 3 6 8 5 6 9 1 7 6 2 4 2 3 2
20
388 1 1 6 6 1 5 10 1 8 6 7 4 1 2 1
468 9 10 4 2 1 2 9 2 7 10 1 5 5 3 1
452 2 7 3 9 4 4 1 3 4 5 5 2 9 2 1
495 6 9 1 6 3 9 2 10 4 6 5 1 2 6 7
523 1 8 8 5 3 7 1 6 9 10 7 4 7 3 1
528 10 9 4 2 10 3 7 10 2 10 5 4 4 5 1
459 2 8 2 9 10 1 5 3 3 9 3 5 3 8 8
439 1 10 5 2 8 3 9 3 10 3 4 7 2 10 7
484 5 5 6 7 10 8 3 8 4 1 3 9 5 8 5
639 6 10 6 10 3 10 5 9 7 6 5 2 9 9 3
631 6 8 3 2 6 10 7 2 10 6 9 8 9 10 9
503 8 8 3 5 9 5 2 4 2 6 10 8 5 8 3
758 9 1 9 10 7 10 7 8 10 8 10 5 10 7 10
466 3 9 9 3 10 5 3 5 1 7 5 3 5 3 9
426 3 4 7 2 6 2 1 2 5 6 1 10 10 10 9
462 2 1 9 1 5 5 7 2 10 6 2 3 10 7 9
462 9 5 9 3 4 2 2 8 5 4 2 10 4 8 3
525 6 7 5 9 5 5 1 9 4 8 10 3 3 1 5
359 5 2 5 3 4 1 8 6 3 9 2 10 1 7 1
664 8 5 4 8 8 7 6 9 7 8 10 3 9 2 8
20
417 3 6 2 2 7 5 5 9 6 2 2 2 8 5 5
412 4 10 7 1 6 7 1 3 4 7 3 1 6 2 6
473 8 4 3 2 3 5 10 9 5 1 8 3 4 3 9
388 5 6 2 5 3 1 5 2 10 4 1 8 4 3 2
625 5 9 9 10 9 8 1 5 5 9 5 5 5 8 8
468 4 1 6 8 1 10 4 5 2 4 9 8 4 10 7
481 4 5 10 8 3 4 5 8 1 4 10 3 4 3 9
599 4 9 8 6 1 6 1 9 9 8 5 1 9 5 10
525 7 8 7 4 1 6 5 6 4 4 10 2 7 4 8
466 1 4 9 5 4 6 4 4 5 2 7 7 8 5 7
530 2 5 5 9 7 1 2 8 2 8 10 10 6 5 6
537 1 5 3 8 8 7 9 9 3 3 10 6 4 10 10
419 3 6 2 8 6 4 1 7 7 2 6 7 2 3 2
439 1 7 10 6 1 7 2 1 6 7 1 6 4 9 4
510 7 6 5 2 2 2 8 3 8 5 2 10 9 9 9
613 2 3 10 9 1 9 9 9 9 6 9 10 3 8 10
533 8 2 5 3 8 4 9 1 5 9 2 9 10 5 8
514 4 9 9 2 4 6 9 5 1 6 5 10 6 4 9
388 6 5 2 2 6 1 4 8 9 3 2 1 6 9 3
444 5 9 9 4 2 8 3 1 4 3 4 1 3 6 8
20
386 4 3 1 1 7 2 1 8 2 10 8 9 1 9 6
589 10 1 6 7 7 8 1 7 2 10 10 8 5 2 9
609 9 10 6 8 6 3 9 4 9 10 2 1 3 5 10
583 7 3 6 10 4 7 10 5 10 8 4 10 2 1 1
477 1 5 5 6 2 8 5 10 9 7 3 1 6 5 6
446 3 9 3 7 1 10 4 2 6 2 6 7 4 9 4
505 3 2 10 8 5 7 10 7 3 2 3 4 10 5 10
456 2 10 5 6 8 3 9 1 3 5 6 8 2 5 10
382 9 8 1 3 1 9 1 2 4 1 4 8 2 5 9
423 8 2 4 6 4 3 1 8 1 7 7 5 1 9 2
536 10 10 3 9 1 6 10 1 4 9 5 1 3 5 2
527 4 5 10 5 2 5 10 4 6 9 5 2 8 7 8
422 10 4 7 1 9 5 2 3 1 3 6 1 6 7 4
507 1 6 1 6 7 10 1 6 6 1 9 7 10 2 6
504 9 6 9 3 1 6 6 7 9 4 4 6 2 5 9
625 9 7 4 8 9 7 8 9 1 3 9 6 8 2 7
414 4 6 8 1 4 1 9 1 9 3 3 4 10 3 3
561 7 9 3 2 1 6 4 10 10 5 10 7 6 10 6
499 9 9 6 1 3 3 9 10 4 5 8 9 1 1 7
520 3 6 9 8 9 2 7 10 2 1 8 8 4 10 5
20
528 7 3 4 6 2 6 3 7 5 5 8 5 10 8 6
462 3 7 9 6 4 4 10 3 5 3 4 9 4 8 4
572 8 6 7 7 8 6 8 10 1 10 2 10 2 1 10
475 2 3 3 8 5 10 9 1 3 4 7 3 7 9 2
477 7 7 4 1 10 1 9 2 4 2 4 9 9 6 9
379 4 7 2 2 8 4 3 2 5 5 5 2 3 3 1
502 9 9 9 5 3 10 4 6 8 3 2 5 3 4 4
517 9 6 5 4 8 6 6 3 7 3 3 10 4 3 7
432 2 6 9 2 1 8 10 9 1 2 2 4 8 2 8
504 7 2 3 6 10 3 8 5 8 1 6 9 5 5 6
522 1 4 6 9 8 8 3 2 6 8 9 3 7 9 3
585 10 2 8 7 3 2 8 7 7 9 6 1 10 10 3
498 6 10 4 7 1 6 2 3 2 1 3 9 9 10 10
557 9 3 5 3 7 7 5 7 10 6 5 5 9 4 7
532 5 6 8 4 10 7 7 9 10 3 1 4 1 10 9
532 3 5 5 4 1 10 6 6 3 2 10 10 10 6 8
504 6 6 7 7 2 4 8 9 8 6 7 2 4 2 1
437 6 2 2 9 3 4 5 1 1 10 4 4 2 3 9
485 10 3 8 8 3 2 10 1 3 1 6 2 6 8 4
511 7 9 2 10 5 4 7 3 3 5 6 6 3 9 9
20
516 5 6 9 1 10 9 10 2 8 3 10 5 3 2 4
342 5 8 3 6 1 10 1 1 4 3 1 1 1 8 6
527 8 4 6 3 4 7 10 5 6 8 5 1 5 3 10
478 6 10 3 5 5 7 9 9 4 3 1 2 8 3 1
580 9 3 5 10 8 5 5 6 6 3 8 2 4 3 9
531 5 1 8 9 10 10 1 10 4 1 2 9 9 2 8
519 10 1 9 6 2 5 3 8 7 8 1 5 9 5 3
449 9 1 6 8 6 1 6 7 1 5 3 9 5 8 2
425 1 3 2 8 1 7 7 1 1 5 8 3 7 9 4
492 7 7 10 4 3 9 5 7 2 1 2 3 9 5 7
503 4 6 4 8 8 4 9 1 10 2 1 6 6 6 9
551 3 6 9 2 6 7 7 8 9 3 5 10 10 10 2
501 8 9 8 3 1 10 8 1 8 5 2 3 7 1 3
509 4 3 2 6 8 2 9 4 8 9 10 3 2 2 4
589 5 9 6 10 8 2 2 9 5 10 6 1 10 4 5
487 1 5 7 6 3 7 4 3 8 6 4 6 9 6 1
549 9 6 3 9 2 7 4 1 1 7 6 6 10 3 9
528 7 9 10 3 10 8 4 8 8 3 6 1 2 10 5
668 7 10 1 10 8 6 9 8 7 6 8 8 9 4 2
494 3 7 6 9 5 4 4 9 3 10 3 2 5 7 7
20
504 5 6 6 2 2 9 8 9 8 9 2 9 1 6 4
503 8 7 10 7 10 4 2 5 1 4 8 1 5 2 5
388 9 7 2 2 9 8 8 1 3 1 6 3 1 3 4
386 4 8 8 1 1 6 1 1 1 10 2 2 4 6 8
447 3 2 4 5 6 2 9 1 6 8 9 8 3 2 8
467 6 2 1 1 2 5 10 3 9 8 7 4 8 3 4
472 6 4 10 6 1 6 7 8 10 1 2 7 3 5 2
434 10 2 4 5 9 4 6 4 3 3 2 6 2 10 9
440 2 6 2 6 9 2 1 6 3 8 1 2 7 4 8
509 7 9 4 5 1 3 6 8 4 7 4 6 9 1 8
593 3 3 9 10 3 4 7 9 10 8 6 2 5 10 4
363 5 4 4 1 3 4 10 4 7 2 8 1 1 3 3
514 1 9 10 5 10 4 8 8 3 7 4 1 8 3 1
561 7 3 3 10 4 4 5 9 4 6 10 7 8 10 5
479 4 7 4 2 7 6 3 6 4 5 7 6 10 5 8
672 2 10 3 10 7 10 6 3 7 10 7 9 9 6 10
456 7 1 4 7 10 6 1 7 4 1 3 7 3 2 10
516 7 6 9 5 6 1 5 8 3 6 10 6 6 9 1
561 10 1 6 5 5 5 9 9 10 9 5 6 2 1 10
516 8 9 9 4 8 7 6 4 3 4 6 8 3 10 4
20
549 8 6 2 4 9 5 8 4 9 5 5 6 8 1 3
656 2 7 9 10 6 10 9 10 7 8 6 5 8 1 2
453 2 5 3 9 8 6 10 8 4 1 1 1 10 10 1
461 2 6 8 8 1 6 3 4 5 1 8 3 9 3 5
499 4 10 8 6 2 10 9 1 5 2 6 10 3 9 2
494 6 7 4 8 10 2 2 6 2 10 2 2 10 1 1
421 5 3 1 7 9 3 10 5 3 1 4 5 5 10 5
496 7 8 3 2 5 8 5 1 4 10 6 2 8 9 4
562 8 9 9 5 7 7 7 5 2 3 8 3 9 2 7
648 8 3 10 10 9 3 3 9 10 3 4 7 8 2 10
447 1 4 6 3 10 4 6 1 3 9 6 4 6 8 8
585 7 3 6 9 6 2 7 3 3 10 7 2 10 5 10
478 2 9 1 2 7 1 7 8 8 3 8 1 10 8 5
448 7 9 3 2 1 7 1 5 2 4 5 3 10 4 10
401 1 2 7 1 1 9 3 7 7 4 1 3 9 6 7
482 2 10 6 7 8 7 8 1 2 3 6 2 4 3 10
513 2 5 3 8 9 10 5 6 10 2 1 7 5 8 7
354 1 4 8 2 3 4 10 4 1 6 4 3 4 6 2
449 1 10 6 1 4 2 9 1 8 4 6 5 6 9 5
614 8 5 8 9 4 4 8 6 8 3 9 1 9 8 5
20
566 3 5 7 9 3 7 9 10 4 8 4 9 6 8 7
513 3 9 9 10 1 1 3 8 3 9 8 10 3 4 3
409 5 3 1 4 7 9 5 6 2 10 2 7 2 6 4
504 9 2 3 8 4 10 9 2 1 3 10 9 2 1 7
382 6 4 1 1 9 3 4 2 5 7 4 8 5 4 5
589 10 8 3 4 8 4 9 8 9 6 5 10 1 10 9
511 3 5 9 10 3 7 5 2 3 4 3 8 7 2 8
417 2 8 9 2 8 7 1 2 5 5 6 9 1 4 4
518 10 2 10 2 5 2 8 10 3 8 8 3 9 5 2
422 4 3 2 6 1 10 8 3 6 4 4 6 5 3 5
456 8 1 4 1 3 7 2 5 9 5 5 3 7 5 10
507 2 7 6 7 6 2 7 10 3 7 8 8 2 2 4
474 6 6 5 1 6 8 6 7 7 5 2 6 3 9 5
558 2 9 5 3 8 10 6 7 6 6 6 6 8 3 4
443 2 3 2 8 2 3 10 5 1 9 6 6 6 6 9
556 3 8 10 10 8 5 5 9 4 3 2 1 8 2 8
599 7 8 7 9 8 2 1 2 4 8 8 3 8 2 10
449 9 10 1 1 1 6 5 4 4 4 9 1 9 3 3
462 3 4 3 8 4 5 6 4 1 2 10 10 5 3 9
365 2 7 6 2 8 5 8 7 1 1 5 9 1 7 5
20
410 7 5 10 6 1 1 2 1 1 2 9 3 6 6 5
481 6 8 5 2 10 6 4 3 8 7 5 4 1 8 6
566 10 4 1 8 5 10 8 4 7 2 10 5 2 8 6
389 8 1 1 1 5 2 6 9 1 8 8 6 3 4 7
522 8 1 2 3 10 1 9 6 8 7 6 1 9 3 7
448 2 2 10 2 2 6 2 8 10 1 2 8 10 10 9
419 7 1 1 7 3 9 3 5 5 6 3 4 4 6 4
409 4 5 8 1 6 6 2 9 8 4 2 2 1 2 8
562 9 10 4 8 10 4 2 6 2 8 8 2 5 5 2
720 10 10 7 7 10 9 9 2 8 8 6 9 10 4 7
426 10 1 1 4 7 6 6 10 1 4 4 10 1 6 10
389 6 7 4 4 2 1 10 5 6 1 2 6 5 5 4
567 1 10 9 8 2 9 5 8 7 4 7 5 5 1 7
535 2 7 10 8 4 2 1 2 6 8 9 10 6 5 4
643 3 8 10 6 7 9 7 2 7 9 9 6 10 2 3
498 2 5 8 2 8 6 3 9 1 8 10 10 6 6 7
445 9 9 9 1 5 6 7 5 6 1 2 5 6 8 1
394 5 1 3 1 6 8 6 5 10 1 6 3 2 5 9
543 7 6 3 8 1 10 8 8 6 1 2 6 9 9 4
570 10 2 2 5 4 8 9 7 10 8 9 4 3 2 10
20
428 8 8 4 2 3 1 7 10 4 2 6 8 2 4 10
529 2 1 1 5 10 3 8 10 4 10 4 10 8 10 10
476 10 4 4 4 5 10 3 6 2 3 3 7 10 2 5
493 5 6 10 9 4 4 10 5 7 3 8 3 1 2 2
463 9 1 8 4 1 8 3 8 5 4 10 9 1 4 2
544 7 4 4 8 2 7 9 1 4 9 10 2 5 2 8
538 5 8 5 3 9 1 10 4 10 6 8 1 5 9 4
502 6 9 6 1 9 9 10 7 10 1 4 4 1 6 7
381 7 1 4 7 2 6 1 2 1 10 5 7 2 1 3
548 8 1 9 5 10 5 2 4 9 7 9 10 3 8 4
451 9 7 7 6 2 3 5 5 4 4 6 1 3 6 1
519 2 1 9 8 7 7 4 7 8 4 4 7 5 3 9
620 10 8 3 10 2 9 3 2 10 10 2 7 9 1 1
529 6 6 3 6 4 5 2 4 6 9 3 10 7 9 6
504 6 10 6 1 5 2 5 5 8 8 6 5 6 9 6
520 10 8 1 9 7 1 5 3 4 3 7 10 5 1 1
393 1 2 10 2 7 10 3 8 1 4 1 5 8 5 6
401 3 7 3 2 1 6 6 1 6 4 6 9 1 10 9
646 8 10 3 6 7 10 9 7 10 9 6 10 3 7 4
585 4 8 2 6 2 10 4 3 8 10 5 6 10 7 5
20
522 5 8 7 5 8 3 1 1 10 8 7 3 8 2 4
511 4 8 2 8 5 8 2 4 4 4 9 10 4 9 10
491 6 8 5 5 5 5 8 7 1 7 6 4 3 7 5
633 9 1 4 7 8 9 10 9 7 8 9 5 6 4 3
476 5 8 4 2 9 2 1 5 8 2 5 2 10 5 5
494 8 7 7 3 5 6 6 3 1 8 3 5 10 2 7
460 8 2 9 7 6 2 5 9 4 1 7 3 4 4 2
536 9 2 6 9 6 8 9 3 10 3 4 10 1 8 2
522 10 10 7 7 4 1 3 6 8 4 5 3 1 4 4
555 2 5 9 9 4 10 5 1 8 9 5 3 7 7 1
461 1 10 1 10 4 3 2 4 6 5 5 5 3 5 4
446 1 2 10 6 2 6 9 10 2 6 2 6 8 8 2
459 3 5 2 10 1 10 2 1 6 9 4 2 2 7 5
530 3 2 10 2 10 9 3 10 5 4 7 8 8 6 5
516 3 5 3 8 4 9 8 4 4 2 10 3 8 1 6
307 2 7 1 1 6 4 3 4 1 2 9 10 2 3 1
457 3 2 3 10 10 9 5 7 2 4 7 4 2 10 1
473 7 2 8 2 4 6 6 6 8 7 9 9 1 8 2
514 8 3 3 5 7 7 8 4 4 6 7 9 4 2 10
413 4 7 5 7 7 1 3 3 6 2 1 2 6 8 1
20
447 2 1 10 7 4 2 10 1 8 7 7 2 3 7 3
507 6 6 2 5 5 8 4 1 7 8 2 7 7 2 7
630 6 5 10 9 6 10 8 9 9 7 2 10 4 10 8
485 10 3 4 8 8 3 2 7 2 7 2 3 4 10 6
448 8 3 6 2 3 6 7 10 2 4 8 2 2 5 4
555 6 1 6 9 10 10 2 5 5 3 10 2 5 4 7
502 1 1 8 10 3 10 1 4 3 10 10 6 2 8 10
571 1 10 8 4 6 8 3 7 6 4 10 4 9 7 8
592 9 9 9 7 1 6 10 1 7 6 7 10 5 4 4
552 7 4 7 8 7 8 1 5 7 5 9 5 1 8 10
629 7 9 8 10 4 10 3 9 1 6 6 3 9 3 6
527 1 5 10 10 3 6 10 2 3 5 4 10 8 4 9
547 7 4 9 8 9 5 10 1 4 8 3 10 2 4 5
491 6 5 3 4 2 9 3 3 9 8 2 1 5 4 9
396 3 1 7 2 5 2 8 5 7 7 8 3 1 7 7
391 7 8 3 4 6 4 9 7 1 3 1 4 2 5 7
599 7 2 3 8 6 7 4 3 6 10 7 10 7 4 10
465 8 5 2 5 9 10 9 2 2 9 2 9 1 3 2
458 6 6 1 5 4 1 6 9 1 3 7 6 7 3 9
525 8 3 6 10 2 5 7 8 1 9 4 10 7 10 1
20
473 2 6 8 8 8 3 9 4 1 4 3 1 10 6 9
394 3 7 6 3 3 1 1 3 9 2 5 10 4 2 7
445 5 4 5 8 1 2 7 7 7 7 2 1 3 4 4
580 10 8 10 1 8 9 2 3 3 9 9 3 7 3 4
568 3 9 7 6 7 7 10 10 1 8 3 7 7 6 6
531 10 5 6 1 9 10 8 5 8 4 1 3 6 9 3
370 1 10 1 8 8 8 2 1 4 4 2 1 2 3 2
512 9 1 8 1 6 2 10 9 3 8 9 9 1 7 7
545 10 1 9 5 6 1 7 9 8 9 1 6 7 7 7
533 5 7 7 4 1 9 9 3 6 4 5 9 9 4 8
370 4 9 4 3 2 8 1 1 4 5 3 8 3 3 2
508 9 3 10 2 2 2 5 5 8 8 6 5 8 5 7
433 3 4 4 3 1 9 1 4 3 7 8 3 9 3 1
620 8 7 2 9 9 7 9 7 10 6 5 7 4 7 1
492 1 8 4 7 5 9 5 5 10 1 4 5 7 3 4
478 6 5 9 8 1 1 8 8 4 5 7 10 2 7 5
476 5 8 6 3 3 4 1 7 10 7 6 2 3 3 4
516 8 7 1 8 3 2 4 2 6 8 1 5 9 6 9
300 3 3 1 1 3 2 3 7 6 6 3 5 1 6 4
513 4 10 5 6 8 10 1 5 5 4 8 4 3 4 7
20
404 4 1 3 7 6 1 5 3 2 5 5 5 8 5 4
417 3 1 2 4 3 4 7 9 9 6 1 9 4 6 8
574 8 6 8 8 8 2 10 4 7 4 3 4 8 8 8
582 5 1 7 8 9 3 10 6 10 7 4 10 10 9 2
471 3 9 9 4 10 6 2 4 7 1 1 6 3 2 10
569 6 2 7 3 7 6 10 9 4 10 7 8 4 5 8
607 10 1 5 8 6 1 7 6 9 10 5 10 8 1 6
590 4 10 8 10 6 9 10 9 5 3 1 2 6 9 6
578 8 10 3 2 6 7 9 2 7 3 9 7 8 9 9
582 9 8 8 9 4 8 1 2 10 10 1 5 1 10 7
462 7 1 4 10 6 8 10 3 1 2 5 1 2 8 8
313 7 1 5 1 4 4 3 1 4 9 2 1 2 1 4
516 10 3 7 9 2 7 7 9 2 4 1 9 6 4 7
442 3 1 6 5 5 5 9 4 4 4 5 10 3 5 10
478 2 2 9 3 9 1 9 9 6 2 10 8 2 8 8
384 8 4 2 2 4 6 2 10 1 6 5 7 1 2 6
387 6 2 1 5 3 6 2 4 5 8 4 4 5 1 1
511 10 7 4 10 4 1 2 3 7 2 8 7 3 9 6
480 7 9 4 4 2 1 1 8 5 10 3 7 6 3 6
476 4 9 5 3 3 2 4 5 10 10 6 8 3 1 3
20
513 2 6 9 6 3 10 3 1 7 9 5 1 7 10 5
405 6 5 2 1 4 10 6 4 2 3 2 2 6 8 10
536 3 7 10 9 3 10 7 5 1 2 8 4 9 8 1
543 5 6 9 6 5 5 10 8 10 4 3 7 5 4 4
563 8 2 3 7 5 8 8 10 3 4 8 4 10 7 3
409 10 3 1 3 9 3 3 4 5 5 4 2 2 1 3
563 7 7 4 9 1 8 5 2 5 3 9 8 5 10 9
447 2 2 2 9 10 4 9 6 4 6 4 6 1 4 5
541 3 5 2 5 8 9 10 7 6 7 7 1 2 10 10
444 3 10 4 8 5 3 2 6 3 1 7 2 2 5 8
520 9 1 7 8 2 8 4 5 5 9 10 1 2 5 6
382 9 1 3 3 6 6 3 1 4 1 1 10 5 6 9
501 8 6 10 5 8 1 8 1 6 9 6 2 6 2 2
550 5 2 10 7 9 7 6 8 4 1 4 6 10 2 4
572 10 9 9 7 9 3 2 10 6 3 1 1 7 8 6
485 5 7 2 4 2 3 9 5 10 3 5 4 9 4 4
377 3 10 2 3 6 5 1 7 3 3 5 1 7 10 1
463 7 3 4 10 1 1 4 3 4 9 10 2 1 8 3
524 6 1 5 7 7 4 9 2 8 8 3 8 3 7 9
339 1 4 5 6 1 1 4 5 2 5 7 2 6 7 2
20
415 8 4 3 7 6 2 1 9 6 1 4 5 2 8 5
576 1 6 7 9 2 9 9 8 8 7 6 8 8 3 1
477 2 1 7 9 7 5 4 5 1 5 2 7 9 3 10
386 4 7 7 2 7 1 8 2 3 3 7 7 4 8 4
566 9 4 6 7 3 8 5 9 7 6 4 2 7 2 3
549 5 3 5 6 7 7 8 7 7 6 9 1 6 2 7
555 8 2 7 1 7 2 10 8 7 6 7 8 8 4 10
451 4 5 3 5 3 9 9 4 1 8 9 10 1 4 2
532 6 2 3 10 1 10 8 3 1 5 10 7 6 6 9
453 2 8 3 7 9 2 1 6 2 2 7 5 8 10 2
382 7 7 2 2 4 5 2 6 6 1 2 1 2 5 9
495 8 8 1 5 8 2 6 5 9 2 3 7 5 1 10
470 9 10 8 4 3 4 6 2 4 3 2 2 8 3 6
513 2 10 10 2 7 5 10 1 3 10 9 3 3 2 5
548 4 3 3 9 2 8 8 9 10 7 3 3 9 9 1
657 9 9 10 7 6 9 3 8 2 6 10 10 10 2 2
554 7 3 7 8 2 9 2 3 6 10 5 6 5 9 10
489 2 8 3 2 1 10 8 5 7 6 1 5 10 10 4
429 5 3 6 5 5 4 6 9 1 4 1 4 9 2 10
568 7 6 6 3 10 2 5 9 10 7 2 6 8 8 8
20
414 1 3 5 8 3 4 5 9 3 4 6 2 2 6 3
477 2 8 9 4 2 8 3 9 4 2 8 7 3 2 10
533 3 4 10 9 3 4 8 5 6 9 9 4 4 1 7
450 8 4 9 1 2 6 6 7 3 2 4 9 4 2 10
397 4 4 5 1 7 1 8 4 5 6 1 2 6 9 8
632 6 8 10 9 1 1 6 9 7 8 10 2 7 1 8
492 1 10 8 3 3 10 9 8 3 6 6 3 5 3 1
493 9 6 3 7 3 1 6 4 2 10 7 10 2 10 1
476 4 8 9 2 8 9 1 1 6 6 6 9 2 10 3
571 4 10 7 7 5 10 3 5 6 9 2 2 9 9 5
440 3 3 7 5 5 1 4 8 10 4 1 3 4 9 5
501 4 8 9 3 5 2 7 9 2 8 8 10 4 6 2
498 10 9 6 4 2 2 1 3 2 8 8 10 8 1 5
544 9 8 3 10 9 10 1 4 3 6 1 10 8 7 1
415 1 5 2 7 8 7 8 7 2 2 4 8 5 6 4
462 3 4 10 2 3 10 3 5 2 10 4 5 6 2 2
539 4 3 4 10 1 10 4 10 7 6 8 9 2 7 3
512 3 3 2 9 4 9 3 9 1 8 9 7 2 10 10
426 6 10 1 3 5 3 3 1 7 1 6 4 7 3 1
479 1 2 8 6 5 3 4 1 10 6 2 7 10 6 6
20
522 10 9 4 9 5 3 7 3 4 3 1 1 9 1 6
454 8 5 4 1 5 3 5 9 7 7 4 6 3 8 5
422 2 7 3 3 1 9 7 5 6 1 6 10 1 9 5
585 5 6 3 9 4 10 4 3 9 9 5 2 9 1 4
502 9 5 8 1 9 3 8 2 1 10 7 2 6 6 4
616 10 10 9 6 7 4 10 3 4 2 10 6 9 6 1
400 2 3 1 2 4 9 6 9 1 6 2 4 8 10 8
522 5 3 4 9 7 5 10 10 1 2 8 5 5 10 6
503 6 1 5 3 4 4 9 10 4 7 6 8 10 7 5
521 8 4 8 9 7 2 1 1 3 7 2 8 8 6 7
637 10 4 10 4 9 7 10 3 8 10 3 6 10 3 1
601 6 2 7 10 2 9 3 1 6 8 7 10 8 8 7
448 3 8 4 5 4 7 2 8 7 8 2 4 1 7 4
446 2 3 3 10 1 4 5 10 2 4 6 3 8 9 6
548 5 4 8 10 3 2 10 1 9 9 7 4 4 5 5
528 3 6 7 6 4 9 8 10 7 2 4 9 4 4 7
428 5 3 4 1 1 10 10 2 10 8 1 8 2 1 8
493 3 5 5 3 10 6 10 7 3 4 5 8 8 1 6
530 8 5 4 4 5 7 5 8 4 6 4 6 7 7 9
459 5 1 5 1 4 10 4 9 9 6 3 2 7 4 7
20
620 9 6 2 4 5 10 8 9 1 10 6 6 10 7 8
493 1 8 2 7 7 7 3 6 6 10 4 5 1 2 9
463 4 4 1 9 5 4 10 3 4 3 7 3 6 9 1
370 3 2 7 2 1 9 4 7 3 4 2 3 5 9 3
358 2 5 1 1 4 3 2 4 9 7 5 9 2 7 1
566 10 9 5 8 1 6 1 1 5 5 3 8 9 8 10
428 5 1 5 2 10 5 6 2 1 7 8 4 4 10 4
609 7 9 3 9 4 10 10 4 8 6 2 9 7 8 4
395 5 2 4 3 3 7 7 3 3 1 9 10 4 7 4
532 5 1 5 6 9 6 3 7 5 4 6 3 10 1 7
543 1 9 4 5 4 3 10 10 6 7 9 7 4 7 9
525 3 6 7 7 9 5 8 8 6 3 6 4 7 1 5
475 6 9 1 3 7 7 9 1 2 7 4 3 10 9 7
512 4 6 10 9 1 6 10 3 7 3 3 10 4 4 7
541 3 10 10 6 7 9 10 1 2 7 5 6 3 6 10
543 4 10 3 6 8 5 9 3 6 3 9 5 9 2 4
492 7 1 5 4 4 3 8 9 10 8 5 9 2 6 6
596 9 8 5 2 3 7 9 9 9 2 7 8 8 2 10
504 2 8 6 4 2 5 5 5 9 8 10 4 1 1 8
477 4 3 10 4 5 2 10 3 10 3 10 4 2 6 4
20
618 9 4 10 9 5 10 4 2 7 7 5 9 6 9 5
518 2 9 1 8 10 5 9 10 8 2 2 1 7 8 7
456 1 8 2 10 4 8 1 5 5 8 4 4 3 4 1
517 9 10 1 4 4 7 4 8 8 3 3 6 6 10 2
544 4 6 2 1 9 10 9 9 2 8 10 3 7 3 4
395 3 3 6 5 9 5 6 4 4 1 6 3 4 7 3
592 3 8 8 4 9 2 6 7 9 10 6 1 10 8 5
508 7 10 1 10 3 5 4 4 4 8 3 4 9 3 1
473 3 4 5 8 2 10 7 8 5 1 3 4 7 4 1
636 10 6 7 8 7 4 5 7 10 9 9 4 2 1 9
490 1 8 7 10 7 4 4 2 5 3 6 4 6 10 5
485 2 1 3 9 5 3 10 8 10 3 2 2 10 5 5
412 4 1 6 1 7 4 7 9 9 4 6 7 1 3 3
436 7 7 5 5 1 4 1 6 3 10 6 6 3 3 1
563 7 9 10 10 7 1 3 7 5 2 8 6 1 5 8
540 4 1 1 7 5 7 5 3 10 8 10 9 4 7 6
371 5 2 1 7 3 2 7 7 5 2 4 5 1 6 6
366 2 1 10 2 8 2 7 2 4 4 6 6 1 1 6
526 9 6 4 2 4 7 10 3 7 8 7 2 2 7 9
516 10 2 5 9 3 9 10 1 2 2 5 9 7 3 1
20
558 3 10 9 9 5 7 5 2 5 7 6 8 1 10 6
499 10 10 8 3 6 2 5 5 3 6 6 1 1 6 10
447 3 9 5 1 10 5 5 5 9 2 7 3 3 1 3
560 10 7 1 6 6 9 7 8 7 9 1 7 1 6 4
491 5 7 7 3 1 7 9 9 4 1 2 7 9 3 8
444 8 4 6 4 5 3 8 1 8 1 5 9 4 10 1
422 2 4 7 1 5 8 10 10 4 2 2 7 7 5 5
639 9 6 8 6 9 2 8 3 10 8 5 5 7 9 8
542 7 4 5 8 10 8 7 1 7 3 8 8 3 6 8
407 9 2 4 4 5 2 4 7 1 4 3 9 2 6 10
523 3 1 9 9 1 3 1 2 4 8 8 9 9 3 9
622 10 8 5 6 8 7 8 5 10 10 4 9 4 9 5
499 10 4 9 8 9 5 1 3 3 10 1 9 2 1 3
624 4 7 5 9 7 7 8 10 6 9 9 5 4 10 9
601 10 10 10 7 4 10 3 6 1 7 6 2 7 7 9
479 10 1 9 3 4 10 8 6 1 4 9 6 5 2 2
635 10 4 10 9 10 10 2 4 8 8 6 4 4 8 1
397 3 4 9 6 4 4 1 4 1 3 6 4 6 4 6
582 4 8 10 2 3 5 6 9 8 10 6 6 9 2 10
352 1 3 6 3 5 2 3 4 2 7 4 6 3 10 4
20
527 3 6 8 9 4 1 2 3 10 7 4 3 7 2 5
511 4 3 10 9 3 2 9 5 5 2 8 6 4 7 8
461 3 3 8 3 7 4 2 9 9 6 8 2 6 5 1
502 4 5 5 7 8 3 8 3 6 8 1 4 9 9 4
405 2 5 2 6 5 1 4 7 9 2 8 2 4 6 1
454 6 10 5 2 3 5 4 8 5 1 8 1 7 1 7
408 3 6 4 1 8 3 4 10 1 5 10 5 1 9 10
507 8 2 8 3 9 5 6 7 3 5 5 10 7 1 6
443 1 1 2 1 8 3 6 9 7 6 8 9 7 9 4
493 2 10 10 7 4 8 7 8 1 7 6 3 5 4 1
392 2 3 1 3 9 8 8 6 3 1 6 4 8 1 1
412 8 8 2 2 2 4 10 10 3 4 1 5 6 3 2
550 10 7 4 8 3 2 9 1 9 8 4 9 3 5 7
475 4 2 4 1 3 5 7 4 6 10 9 6 9 9 4
465 5 10 6 2 1 4 8 6 3 2 3 10 8 6 10
529 6 4 6 6 3 10 2 5 8 1 5 6 10 5 2
512 7 6 3 9 10 4 5 3 6 1 4 6 6 6 4
567 9 5 7 6 10 5 6 2 4 6 6 2 10 6 8
415 4 6 8 4 8 3 6 7 3 8 3 2 1 10 6
429 2 10 2 2 4 2 9 1 8 1 7 6 10 2 3
20
507 6 9 2 9 10 4 4 4 4 7 4 4 3 1 3
517 9 5 5 3 1 6 6 3 7 8 3 3 8 3 9
360 2 1 8 4 8 4 8 7 6 2 2 3 1 9 6
487 1 10 2 1 3 8 8 9 4 7 5 10 7 10 2
450 1 4 9 9 1 5 1 8 3 10 7 6 2 1 6
535 6 8 6 7 7 9 4 2 1 8 7 7 5 3 4
444 6 1 10 6 4 3 2 10 7 1 3 6 2 1 5
503 9 4 6 3 10 1 8 9 4 6 8 4 7 3 2
591 8 10 10 6 5 10 6 3 3 6 3 10 10 2 2
510 2 5 6 8 9 10 4 1 10 2 2 9 5 5 10
357 1 3 3 8 4 6 8 2 7 2 1 1 3 8 6
462 1 6 7 10 7 3 1 3 6 8 2 3 5 8 2
623 5 10 8 8 10 9 9 5 9 6 6 1 6 10 3
605 7 1 2 9 9 4 6 8 9 10 8 7 4 8 3
533 9 1 3 7 5 2 9 3 1 9 6 6 10 3 6
507 7 6 6 4 8 7 2 7 7 5 4 3 9 1 1
525 1 8 7 2 5 3 9 8 10 4 9 7 7 5 8
460 3 1 2 5 4 6 8 9 6 9 3 3 7 4 6
407 2 10 2 3 7 9 8 8 3 6 3 1 1 2 6
527 2 7 7 7 10 2 5 9 4 4 7 2 10 2 7
20
462 9 6 1 1 5 2 4 8 10 2 9 9 2 6 1
531 7 5 1 10 1 5 1 6 1 10 10 5 2 8 10
654 9 10 6 3 7 7 7 3 8 10 10 3 5 10 10
496 7 6 3 8 8 2 6 1 6 7 5 5 7 1 5
553 6 3 2 10 9 1 9 10 2 9 3 6 8 10 4
527 7 1 9 8 8 3 9 8 9 4 1 6 4 6 7
598 5 2 10 10 6 8 3 4 6 3 8 6 9 10 8
445 6 4 1 7 2 2 4 7 1 1 8 3 10 9 5
588 7 4 10 10 5 8 6 5 4 10 7 1 5 10 6
423 1 2 2 6 1 2 3 8 8 10 2 1 10 8 2
469 3 3 10 3 2 10 6 5 8 7 5 3 5 4 5
535 6 3 10 7 6 3 7 10 2 9 1 9 6 9 4
522 9 5 3 8 10 4 8 8 1 5 2 9 5 5 5
549 5 2 2 8 9 9 8 4 7 9 9 4 3 3 4
486 8 2 2 1 6 2 9 10 10 7 4 6 5 6 5
498 6 4 3 8 6 8 7 7 1 2 10 9 1 4 9
340 1 1 1 3 3 5 5 2 8 1 1 8 10 7 3
516 8 4 4 6 2 9 3 8 10 2 4 7 1 8 8
464 4 4 10 9 1 4 5 1 4 3 2 7 9 5 10
639 10 1 6 10 9 10 6 5 10 5 3 4 10 4 8
20
438 6 2 7 2 8 2 3 5 9 7 4 9 3 5 2
427 1 8 9 6 1 6 7 1 3 2 5 4 7 9 3
386 3 10 2 2 4 1 4 4 4 3 5 4 9 1 1
457 7 4 2 1 7 7 1 1 10 8 4 5 8 4 2
581 9 7 10 8 4 9 5 2 6 9 8 3 4 1 5
421 8 2 3 4 5 7 3 1 9 1 1 10 3 10 6
555 4 9 4 10 2 1 3 4 9 1 7 7 10 3 10
565 4 5 6 8 4 8 5 10 7 7 3 7 7 6 4
582 7 9 8 9 8 6 2 5 6 7 6 10 1 2 3
499 1 5 7 6 10 8 9 8 4 4 9 8 2 1 4
412 5 6 8 3 3 10 3 3 5 2 4 2 6 1 5
659 10 10 8 7 10 6 3 8 5 10 3 3 6 9 9
593 9 4 5 4 9 10 3 9 10 7 4 3 2 9 10
439 3 2 5 2 3 4 7 9 5 5 5 3 6 5 10
442 8 2 1 4 9 10 3 9 4 8 1 4 1 7 8
598 10 1 6 10 3 8 9 3 7 6 2 5 10 1 4
424 1 7 2 8 6 10 1 2 3 10 5 4 2 2 4
609 5 7 8 9 3 10 7 9 8 8 5 7 3 9 5
450 4 6 5 3 8 7 2 8 1 3 7 1 9 10 7
654 10 8 5 10 7 8 5 6 10 5 8 8 1 9 9
20
573 9 9 2 5 10 1 3 8 8 6 6 2 6 6 8
556 8 2 1 9 8 7 9 3 9 5 2 1 9 10 5
479 2 3 3 9 2 9 3 9 10 2 4 7 1 8 4
468 3 10 1 1 8 4 5 7 8 6 5 7 5 5 9
431 6 2 2 4 6 3 4 6 6 1 6 6 5 2 7
579 6 7 7 8 5 8 7 4 2 10 5 6 7 1 10
538 2 10 8 4 4 10 10 1 3 8 5 5 10 6 3
522 5 3 2 3 5 4 9 2 8 4 9 10 10 8 7
421 4 3 8 4 8 7 3 3 2 1 5 1 8 9 2
398 2 6 6 1 8 2 2 9 2 1 8 9 5 8 1
499 7 3 7 4 6 5 4 2 7 8 7 2 7 3 5
475 6 5 9 1 3 8 1 6 8 7 1 2 8 3 7
543 8 7 2 9 5 8 9 5 1 8 2 4 5 4 10
453 4 5 9 3 2 3 3 1 2 6 9 8 10 4 7
465 9 8 9 1 2 3 6 7 1 3 6 8 7 1 3
520 5 9 6 4 9 7 4 8 5 6 4 6 2 10 9
423 1 7 1 4 7 9 2 7 9 5 1 4 1 10 10
514 4 10 7 7 9 1 2 3 9 5 10 3 1 1 5
521 1 4 7 4 1 9 7 7 10 7 5 7 9 5 7
404 4 2 8 1 2 3 6 6 8 1 10 6 5 9 3
20
526 2 8 10 5 2 4 6 9 3 10 9 2 4 7 4
554 6 8 2 4 3 5 7 8 6 4 10 5 8 1 9
522 5 2 3 8 10 6 8 3 1 10 5 4 9 3 1
564 8 6 8 4 6 1 10 6 5 10 5 5 7 4 7
392 2 5 1 8 8 7 1 4 2 5 3 4 1 7 10
622 7 10 8 2 9 7 6 2 6 5 7 10 10 10 8
569 10 9 1 10 7 3 6 8 4 4 8 2 7 9 3
538 5 9 6 9 1 7 3 1 6 6 5 8 7 5 2
391 7 1 5 1 2 5 6 3 2 9 5 3 6 2 5
421 3 4 7 1 2 5 2 8 10 9 6 4 3 1 3
603 10 1 1 8 9 8 5 4 10 2 10 2 6 9 10
510 1 7 4 5 6 10 8 8 9 8 3 5 2 6 7
677 10 10 10 10 8 9 7 7 4 3 4 4 9 4 9
494 5 8 2 4 7 8 4 8 1 7 5 3 8 8 3
491 3 10 3 10 2 7 5 2 4 6 2 7 7 10 5
459 1 2 5 6 4 6 5 2 9 4 5 8 10 2 5
674 9 6 8 5 6 5 9 7 8 9 7 7 9 10 8
617 9 8 5 10 9 4 2 8 7 5 7 6 5 4 8
497 1 7 4 10 2 6 5 10 3 9 8 4 1 10 4
489 8 2 4 10 7 9 7 2 2 3 1 7 7 7 2
20
641 1 10 8 9 9 3 8 8 8 9 5 3 8 4 6
508 5 6 8 7 3 3 10 7 2 10 4 10 5 10 2
588 6 6 7 10 2 7 6 7 3 8 7 1 7 10 7
526 2 6 8 9 10 4 4 1 4 10 10 7 3 2 2
514 2 6 2 4 10 8 6 8 1 7 10 6 5 8 8
472 1 10 2 4 9 1 8 5 10 2 5 7 9 1 2
531 7 3 10 3 4 9 2 10 4 7 9 6 5 7 2
642 8 10 2 5 6 8 8 9 7 7 6 10 9 1 6
448 5 2 4 7 8 1 1 5 4 7 4 6 8 3 5
516 3 6 8 6 2 9 3 7 1 6 8 10 10 10 4
594 7 8 4 9 7 4 9 9 8 3 10 6 3 1 1
444 9 6 5 3 2 9 2 10 1 2 1 10 7 3 3
600 6 9 8 9 10 5 10 6 8 1 1 10 5 7 6
560 9 6 5 7 4 1 10 1 4 10 10 10 3 10 6
429 7 6 3 1 6 6 3 2 2 7 9 5 3 2 7
602 10 7 7 10 2 8 4 8 1 7 6 9 5 8 4
472 8 3 2 10 6 2 3 4 6 8 2 7 4 4 1
462 1 3 2 7 2 3 9 4 2 8 6 5 9 1 10
555 9 2 10 9 5 9 9 6 2 7 3 9 1 8 7
476 10 4 4 3 7 2 7 3 1 6 8 2 10 4 4
20
509 2 7 2 3 6 4 10 7 10 9 7 5 3 9 4
568 10 6 10 7 6 1 1 2 10 1 8 10 7 6 9
570 10 6 10 3 9 4 6 8 6 9 6 2 3 9 10
536 8 1 3 7 4 7 8 8 9 9 1 1 4 3 10
494 6 1 2 3 1 4 9 10 8 10 7 2 7 2 1
599 6 7 2 4 7 8 10 9 1 8 9 10 9 6 7
443 5 9 6 2 1 7 8 1 1 6 1 6 8 7 6
496 7 4 9 2 8 4 9 4 1 10 9 8 5 3 5
420 8 6 5 5 10 2 9 2 1 4 2 3 3 1 2
447 6 5 7 3 1 9 3 9 2 1 9 7 4 8 4
408 7 9 2 1 3 9 6 6 1 5 1 5 3 1 5
593 5 10 6 9 4 8 4 10 8 8 7 1 1 8 5
467 3 3 10 8 2 6 2 9 6 4 7 2 5 3 1
472 8 2 2 3 5 4 7 6 2 6 9 8 8 10 7
458 10 7 7 3 7 3 6 4 3 6 6 4 2 5 7
615 10 7 7 4 9 2 6 10 10 7 6 5 6 4 7
447 4 5 6 4 2 4 3 2 4 10 5 3 9 6 6
565 2 9 9 9 5 3 6 8 10 3 3 8 7 2 6
350 3 1 3 6 1 1 2 10 1 8 2 8 7 2 3
626 9 8 2 6 2 2 8 9 10 9 7 6 9 3 7
20
485 8 10 9 1 5 6 10 3 3 5 4 4 7 4 1
435 2 7 1 7 1 1 1 8 10 6 1 10 6 1 1
526 1 7 1 9 5 6 7 9 6 10 2 3 3 6 9
465 1 8 5 10 2 4 5 6 7 9 4 1 3 10 1
318 1 1 3 2 5 1 5 2 3 4 6 9 4 7 3
575 3 1 7 9 6 4 2 10 10 6 6 10 8 10 9
513 2 7 4 1 5 8 6 6 8 7 8 10 6 8 7
589 9 10 5 5 6 7 8 3 5 8 3 3 10 2 6
489 5 9 3 1 7 7 6 8 2 6 8 1 9 10 3
565 6 6 7 7 1 4 6 8 1 10 8 9 9 9 10
485 1 8 9 9 8 7 6 1 8 1 9 1 2 6 2
500 5 6 6 7 5 8 6 2 10 4 8 2 2 9 1
491 10 4 9 5 10 2 6 6 3 5 4 7 5 3 1
446 10 1 6 2 6 4 6 3 2 5 7 9 5 9 10
504 9 7 6 4 7 6 7 6 3 7 1 7 4 3 5
476 2 3 1 1 6 10 9 7 7 9 10 10 1 3 7
439 8 2 8 5 9 5 5 1 1 3 6 10 3 9 3
493 2 9 10 1 9 7 4 3 2 8 4 9 8 9 6
504 9 7 1 2 7 10 4 3 6 7 10 2 5 6 3
398 1 2 6 3 1 5 2 5 7 10 9 4 3 1 3
20
506 7 2 3 7 8 1 7 9 5 1 10 5 9 6 4
550 10 8 1 4 5 1 8 10 5 10 3 10 4 1 8
516 5 10 4 2 8 4 9 3 9 8 7 5 5 1 4
653 7 8 10 6 8 10 6 3 10 8 9 6 2 10 9
466 2 8 4 2 9 10 8 5 2 10 8 10 1 3 3
564 10 6 5 4 10 7 7 10 4 5 2 4 5 7 10
531 10 7 4 9 4 3 8 10 5 4 1 5 8 8 3
487 6 8 2 9 2 6 1 1 6 1 4 9 10 9 1
585 9 4 3 2 1 9 10 9 9 5 10 3 10 2 8
493 2 7 8 7 2 9 2 4 10 4 1 5 5 6 4
671 4 3 8 10 8 10 1 3 7 10 10 8 10 4 4
607 4 10 9 5 8 9 5 6 7 9 6 8 7 5 7
431 2 9 2 4 4 8 4 1 4 2 10 10 1 7 9
423 2 1 7 5 4 1 10 7 7 2 9 7 2 9 2
708 9 6 10 10 1 9 5 6 10 10 8 4 8 9 7
431 2 9 3 6 3 3 9 2 4 9 3 3 2 9 4
546 5 6 2 7 9 4 8 3 3 8 4 7 8 5 10
543 10 6 4 5 9 4 9 9 7 3 5 8 4 5 2
412 6 8 5 2 9 3 3 1 1 6 3 1 10 2 5
532 7 9 6 7 3 7 5 1 9 2 5 6 5 1 8
20
621 3 9 9 5 9 2 2 10 8 9 9 2 7 8 9
572 7 9 6 3 4 2 7 2 8 7 9 8 9 10 8
543 5 3 5 10 7 8 10 2 4 1 10 4 6 7 5
377 4 9 5 1 2 5 4 4 2 5 4 1 4 2 5
454 7 8 5 4 5 6 1 3 3 3 5 8 7 2 5
418 6 3 1 1 3 3 7 8 8 9 5 1 7 10 1
474 6 4 1 4 3 6 9 7 8 1 1 1 10 6 8
488 7 3 2 9 9 10 8 3 9 3 1 1 1 9 2
456 4 7 7 7 8 7 6 6 5 5 3 3 1 7 3
521 6 5 9 4 8 5 9 3 4 5 10 5 4 1 8
473 4 9 4 6 7 1 3 9 2 5 5 7 6 3 5
570 1 7 8 10 10 5 3 7 7 9 3 1 8 1 6
432 3 2 3 2 6 8 5 3 6 4 4 5 9 7 6
509 10 8 3 5 7 7 2 10 3 4 1 9 6 6 8
368 2 2 2 5 2 1 6 9 4 3 6 7 4 6 9
503 5 3 1 3 2 10 10 4 10 10 3 4 6 1 2
503 2 7 7 6 8 8 2 7 8 5 4 5 5 6 1
397 5 2 3 5 4 6 2 1 8 5 3 1 6 5 6
548 4 4 4 9 6 10 8 4 6 3 6 7 9 6 6
564 3 8 7 2 8 9 9 10 7 9 3 2 8 4 1
20
519 4 2 4 10 7 4 10 7 4 2 9 9 8 1 2
417 5 3 7 3 2 7 9 4 1 1 4 3 9 5 3
663 6 10 4 10 8 4 3 9 7 10 6 7 8 9 5
514 7 9 4 4 4 4 1 5 4 10 7 5 4 1 7
452 4 8 2 4 4 2 2 4 2 10 5 7 8 10 8
535 1 3 3 3 10 6 10 8 5 10 9 6 4 4 8
554 8 8 4 2 7 9 9 5 9 8 2 5 5 1 6
486 4 2 6 9 8 1 6 6 10 1 6 2 4 10 6
428 1 6 5 4 1 4 9 7 5 3 2 10 7 5 10
448 2 9 2 4 6 2 4 8 8 8 7 10 1 5 4
529 4 8 2 2 1 4 10 3 7 10 8 8 7 5 6
402 4 2 3 1 9 7 5 8 7 3 4 3 3 8 9
498 6 3 7 9 8 8 5 7 2 1 7 9 5 9 1
513 8 2 6 4 5 3 3 7 6 7 9 3 5 5 10
610 10 10 8 3 2 5 10 10 10 5 5 4 8 4 8
542 10 6 4 1 4 2 6 7 8 3 8 3 10 5 8
508 10 4 7 3 5 8 8 5 6 9 5 5 1 8 2
405 5 6 9 3 3 2 2 1 7 8 1 9 3 8 3
472 4 4 4 5 2 10 4 6 4 9 5 9 4 4 1
590 9 10 7 4 9 10 4 1 7 5 9 6 6 4 1
20
656 3 5 4 8 7 10 6 6 9 10 10 4 10 4 8
392 2 3 3 9 3 4 7 4 3 10 3 3 1 3 3
609 7 3 9 1 8 8 9 10 6 10 8 5 6 5 10
566 10 6 6 10 8 7 5 4 1 4 7 7 6 10 5
330 2 7 4 9 4 1 1 4 2 1 6 2 1 4 5
419 10 8 6 3 9 4 8 1 1 3 1 3 5 10 1
568 3 7 5 6 8 5 3 7 8 9 8 9 7 7 5
558 9 7 5 2 5 4 3 10 3 9 8 7 9 8 9
547 9 2 7 10 9 6 9 1 2 2 8 8 5 10 4
556 9 4 10 3 3 5 5 10 6 10 8 4 2 7 7
474 1 6 5 8 4 1 10 6 6 6 9 8 2 2 6
603 7 6 9 7 8 6 4 9 8 8 9 6 2 10 3
503 7 9 9 4 2 7 7 6 1 3 5 4 8 7 7
448 1 1 7 2 10 1 7 9 6 10 4 3 5 6 2
644 10 7 10 9 8 4 9 1 8 4 8 9 5 4 9
440 4 4 7 10 4 3 6 2 5 3 5 2 3 2 9
446 1 10 9 5 2 2 7 7 1 1 9 2 7 10 9
506 3 7 3 7 2 1 8 8 4 7 7 8 8 5 10
535 3 1 9 8 6 8 1 9 8 5 6 5 7 6 8
486 6 9 6 6 5 3 2 10 3 3 7 3 7 7 2
20
556 7 2 1 9 7 3 2 8 4 7 8 1 10 7 5
453 1 7 7 9 5 5 8 4 1 1 8 5 5 9 7
652 10 1 10 5 7 9 10 8 5 7 9 6 10 4 10
517 1 6 6 3 10 10 1 1 4 10 4 10 8 8 7
477 6 8 2 9 6 1 2 8 6 8 6 5 1 7 4
366 4 1 8 1 9 2 8 2 3 4 8 6 2 4 4
425 7 10 4 5 7 4 10 1 1 8 1 7 1 9 2
398 4 5 4 3 3 4 9 4 1 6 5 8 6 3 2
561 1 10 10 8 8 4 2 8 6 9 7 5 5 1 7
465 1 7 9 1 9 5 4 1 8 10 9 1 3 1 2
521 5 10 1 8 3 4 6 7 8 1 4 7 7 1 10
435 6 10 9 2 1 3 7 1 9 5 1 6 3 10 8
533 3 3 7 5 10 4 10 7 8 10 4 5 6 2 5
566 1 10 6 5 10 5 8 9 10 1 7 2 7 5 5
504 6 9 9 4 5 1 8 8 2 3 8 6 9 4 2
485 6 8 7 9 1 5 5 6 2 6 1 3 10 1 4
382 2 5 2 4 5 4 10 6 1 7 1 2 8 3 7
526 10 6 10 10 1 4 3 4 8 5 3 3 1 3 8
566 7 9 5 8 1 10 10 7 6 4 5 5 1 3 10
385 3 5 3 8 6 5 3 1 2 1 4 7 6 5 5
20
521 9 10 8 2 3 4 2 6 8 9 4 2 2 10 6
507 1 6 5 10 3 5 4 6 8 10 4 10 5 1 2
581 7 9 9 10 2 8 8 4 7 7 2 2 3 8 9
483 10 7 1 8 3 3 6 2 9 4 3 1 8 2 4
509 9 5 3 6 8 6 2 4 1 6 9 9 2 8 7
425 2 8 8 5 3 1 6 1 1 1 7 1 9 8 9
419 3 2 4 7 4 5 4 1 2 9 8 8 2 8 6
526 10 10 5 2 3 9 1 3 8 1 9 5 7 5 8
482 5 6 2 9 8 2 6 8 4 9 1 5 2 7 2
524 9 3 4 3 8 6 7 2 7 7 7 8 5 4 1
586 7 4 6 9 8 6 9 3 7 10 5 10 4 10 2
558 5 3 7 9 8 10 5 6 2 10 9 6 2 1 9
520 2 7 3 8 8 6 6 8 9 5 8 3 3 5 5
583 8 7 8 1 7 3 10 10 9 10 10 7 1 8 7
436 1 9 9 2 2 1 3 4 3 9 2 10 10 10 6
428 1 10 1 4 5 1 1 4 3 6 9 7 10 6 3
401 1 3 4 2 10 4 9 5 6 4 1 8 5 8 10
566 4 9 8 9 5 7 10 2 9 6 3 1 3 7 8
543 7 1 2 10 9 7 3 1 9 9 4 9 3 8 2
460 9 7 7 7 10 6 1 1 1 1 1 2 10 10 6
20
473 3 6 7 7 8 2 3 5 3 7 7 2 5 3 5
430 5 2 1 5 9 10 2 2 4 6 5 8 3 5 6
503 4 4 1 5 9 10 9 10 1 4 7 3 6 8 9
575 10 6 2 6 7 10 1 9 6 7 5 3 8 4 7
438 4 1 4 8 6 10 6 7 2 4 6 2 1 8 9
631 10 10 8 8 5 2 6 9 4 6 10 8 6 8 7
498 6 7 6 4 1 7 2 3 9 3 7 4 5 9 5
442 8 8 7 6 1 10 3 7 2 2 1 3 4 7 5
580 2 8 3 1 7 8 7 7 9 10 9 10 6 9 7
488 1 7 3 10 9 6 9 3 5 4 3 6 3 6 7
535 10 5 4 7 4 9 8 4 5 5 1 4 8 10 1
436 9 8 4 1 3 9 3 4 2 1 9 8 4 10 6
360 1 4 2 7 8 1 6 2 3 2 4 9 4 9 1
588 10 8 4 7 8 9 9 9 2 10 4 5 4 6 5
511 7 4 8 7 2 8 7 6 4 5 6 8 3 6 7
494 3 6 7 3 5 2 3 9 8 3 8 7 5 7 8
499 10 2 4 6 3 6 10 9 9 1 2 1 8 9 5
444 1 10 8 5 6 7 5 7 9 4 2 4 1 6 2
457 4 6 1 2 3 9 1 7 2 8 9 8 3 6 6
391 1 5 1 2 7 7 5 4 4 5 9 4 1 10 8
20
513 10 2 10 9 7 5 9 2 2 3 1 9 9 7 4
567 6 3 8 8 8 2 3 5 9 7 4 7 8 9 7
439 1 4 8 10 10 1 6 8 2 3 1 6 7 5 4
533 1 10 6 8 9 7 6 6 6 6 1 1 7 7 7
542 9 7 8 4 4 2 5 5 10 1 8 10 7 10 3
568 1 3 10 10 9 7 2 1 5 10 6 7 9 8 5
591 9 6 6 9 1 8 4 8 4 2 9 2 10 7 2
499 4 8 1 5 2 7 6 4 8 4 9 2 7 10 6
652 4 10 10 9 8 9 1 4 10 3 10 3 9 10 5
515 4 10 4 9 2 7 4 4 1 10 3 3 6 2 10
573 6 10 7 8 4 3 7 4 8 10 9 4 3 10 4
636 5 4 5 10 7 7 10 3 10 9 2 7 9 1 10
418 1 7 4 3 7 10 2 1 3 1 8 8 5 4 10
311 1 1 9 2 1 1 6 7 2 6 6 7 1 1 5
522 1 9 7 10 7 10 3 1 6 1 5 10 3 4 10
588 7 9 7 6 9 9 3 1 8 6 5 2 7 6 10
455 8 1 4 5 9 4 9 7 5 2 6 4 3 5 7
471 4 8 9 5 9 2 9 5 2 5 3 8 1 4 9
412 3 9 8 7 4 9 1 1 4 2 9 1 2 3 1
630 7 3 8 9 6 8 3 8 9 2 10 7 5 10 9
20
467 4 5 8 4 7 6 8 4 2 4 10 9 1 1 2
600 4 7 6 10 2 8 4 9 10 10 8 3 4 7 2
437 3 2 8 7 9 7 1 5 8 2 6 8 1 5 4
561 6 7 6 3 10 4 10 5 9 3 5 8 9 4 4
493 5 6 8 3 2 7 6 4 9 1 1 10 10 8 6
484 5 1 2 10 2 3 7 10 10 1 5 2 6 2 4
416 5 1 5 5 10 2 1 6 2 2 7 10 5 3 8
507 6 3 1 9 4 8 6 5 6 8 4 10 2 9 10
576 6 5 8 10 3 5 6 9 9 6 5 4 3 8 5
639 9 1 8 3 6 9 10 7 5 10 9 4 9 5 8
530 6 4 3 6 1 9 3 7 9 9 2 8 7 1 1
591 3 10 7 5 10 7 9 7 4 2 10 10 6 7 8
430 2 8 10 2 1 9 3 9 3 2 4 9 5 10 7
522 7 3 3 9 1 7 8 8 8 3 4 2 5 6 6
499 2 5 9 1 3 8 4 4 6 10 8 6 10 7 2
499 10 3 4 7 7 1 10 7 6 5 4 8 3 4 3
485 6 2 5 9 6 4 2 1 2 9 3 1 10 5 7
428 8 6 5 10 3 7 1 6 1 1 2 7 1 4 2
512 7 4 3 4 7 9 2 7 6 10 7 6 1 1 7
559 4 6 5 8 7 7 1 5 5 9 8 1 10 3 2
20
455 7 7 1 3 7 2 4 1 9 6 8 10 1 9 6
497 10 5 7 4 4 5 10 4 1 1 9 5 4 1 8
565 8 2 1 8 7 9 9 1 8 8 8 2 7 8 4
442 2 4 3 4 6 4 2 4 9 2 5 6 8 1 6
456 5 3 3 7 4 9 9 2 5 1 8 4 2 6 5
438 2 4 2 5 9 4 2 1 6 1 10 7 7 4 6
584 8 8 7 4 10 4 5 1 10 3 10 6 5 4 9
465 5 5 2 9 8 3 6 7 1 5 6 9 5 6 3
411 9 1 1 1 10 6 6 10 1 2 4 2 8 5 8
437 1 5 1 1 7 4 4 9 9 8 5 6 1 10 5
574 9 7 9 4 3 10 6 9 10 5 2 2 8 6 6
464 8 6 5 2 10 4 2 1 8 5 1 1 9 9 1
521 4 7 7 9 2 2 3 7 1 9 9 9 5 8 5
546 4 10 1 9 1 10 8 8 7 10 1 10 2 4 9
499 8 5 5 7 9 5 7 1 4 10 1 7 4 5 6
580 9 9 8 10 3 7 8 3 3 6 5 3 5 2 4
508 5 6 6 6 5 3 2 7 5 7 4 8 6 9 5
547 8 3 9 5 9 2 4 1 8 5 9 3 5 8 10
639 9 10 2 10 6 6 4 7 5 1 10 7 10 4 8
445 9 9 5 6 4 1 6 4 1 3 4 5 4 5 3
20
525 9 2 8 7 9 1 5 8 8 3 3 4 7 7 9
574 3 7 2 10 7 1 7 10 9 5 6 10 2 5 10
573 9 2 2 8 6 6 10 8 2 10 5 9 5 9 10
529 3 10 5 5 9 1 8 2 10 4 9 2 9 9 3
566 9 1 9 5 10 5 7 10 5 7 8 1 7 3 5
542 5 9 4 8 4 9 10 4 4 10 1 8 3 1 9
559 7 6 5 10 2 10 9 1 5 3 6 1 7 10 9
496 4 2 2 10 6 8 4 5 9 2 8 1 4 3 7
369 1 6 1 1 9 8 2 5 4 6 3 1 8 2 4
485 2 9 9 5 6 7 1 1 2 10 2 10 7 10 8
520 6 3 2 4 5 9 9 8 2 9 9 6 3 1 9
493 4 9 5 9 5 1 2 8 10 2 4 7 3 4 7
535 8 6 2 6 2 10 2 8 9 4 5 1 9 10 6
419 10 3 2 1 1 9 4 7 1 3 9 2 8 2 3
554 5 9 9 2 6 3 7 7 6 7 8 2 10 4 3
512 7 3 10 10 8 4 2 3 4 6 4 1 1 3 10
627 3 1 7 10 7 8 5 9 1 9 10 3 10 1 10
619 7 5 9 5 8 4 8 3 10 9 10 1 5 2 10
408 4 9 1 3 1 4 4 8 1 1 10 6 4 7 10
677 10 3 4 10 4 7 9 3 10 9 9 1 9 9 6
20
385 5 2 4 5 1 9 7 10 4 1 5 1 1 2 9
487 7 7 2 8 3 4 10 8 3 1 1 8 6 10 8
453 1 5 1 10 10 8 5 2 4 3 10 6 2 7 2
553 9 4 1 7 3 3 5 5 10 3 4 1 10 7 10
525 2 9 7 4 6 10 3 2 8 8 1 9 4 5 9
562 2 4 8 7 9 10 5 3 9 8 4 2 7 9 9
557 6 4 1 6 8 5 10 6 5 6 10 5 7 9 7
492 10 7 9 2 4 5 3 8 6 8 3 5 2 4 10
552 9 6 6 10 9 9 3 2 4 5 1 1 7 10 7
427 3 7 1 5 10 6 1 4 3 7 2 7 4 8 7
506 7 7 3 1 7 8 10 4 1 9 5 5 9 4 1
477 5 8 10 3 8 10 10 4 5 1 4 6 1 7 5
489 5 9 1 8 9 3 2 7 4 5 9 2 1 10 10
452 9 6 6 3 3 7 6 2 6 2 6 10 3 5 5
372 2 6 6 9 1 4 9 1 2 2 3 2 5 6 3
503 5 6 10 8 6 10 8 4 2 2 6 8 1 4 3
570 10 4 1 8 6 3 4 1 5 9 8 6 9 9 4
537 4 9 1 10 6 10 3 6 4 10 4 9 5 3 3
563 8 8 2 4 6 8 9 9 4 6 5 7 9 3 4
461 6 8 7 3 2 1 6 8 8 6 1 4 6 6 5
20
517 9 2 1 5 10 4 6 8 6 4 5 10 9 7 3
586 10 1 9 6 3 9 8 10 6 3 9 1 6 8 3
567 6 9 6 8 6 4 9 1 5 4 9 8 10 6 4
497 8 9 4 8 2 6 10 5 6 4 3 2 2 4 6
545 7 5 10 2 1 1 9 7 8 10 6 5 7 6 5
415 10 10 4 3 1 7 5 5 1 3 4 3 4 5 2
570 8 9 9 8 1 4 2 4 5 2 9 5 8 8 8
466 10 5 8 5 5 3 2 2 1 8 9 8 2 4 3
466 2 3 6 8 6 7 6 4 5 7 6 6 2 2 8
529 2 6 8 3 8 7 8 10 9 3 9 8 2 4 6
511 10 3 7 8 2 10 4 2 10 1 8 4 3 1 3
545 8 1 8 3 9 10 8 4 10 1 10 10 1 6 1
465 8 7 6 3 4 9 7 1 1 2 7 7 4 2 10
469 9 7 6 1 8 6 3 1 2 6 9 6 8 3 1
484 8 7 3 7 8 1 10 4 1 6 5 3 6 6 5
521 1 6 9 8 5 1 2 9 10 7 4 5 5 9 5
567 7 4 9 9 1 10 10 6 10 2 4 4 4 3 4
592 10 3 6 10 10 8 3 5 9 1 1 3 8 8 5
417 1 3 6 8 1 1 10 1 2 9 6 1 3 7 7
564 5 6 2 9 4 8 4 3 10 4 10 5 5 3 2
