100 20
500 500 500 500 500 500 500 500 500 500 500 500 500 500 500 500 500 500 500 500
20
591 10 7 7 2 4 7 6 4 3 9 6 2 3 6 1 2 9 10 8 9
561 4 7 9 6 2 1 4 6 8 9 6 10 1 5 8 7 6 1 6 9
700 9 7 6 9 10 3 5 10 7 7 1 10 9 10 4 10 10 5 4 5
608 6 5 6 4 10 10 5 3 7 8 4 4 3 10 6 10 2 5 7 9
619 2 8 2 10 4 8 4 8 5 3 4 7 5 8 1 5 6 6 3 7
637 9 2 3 10 6 10 10 2 5 8 2 4 6 5 7 5 8 9 5 7
683 6 1 6 7 7 2 5 1 10 9 10 5 8 8 8 9 3 7 10 4
619 6 4 8 4 1 9 10 5 3 8 1 9 7 2 2 1 9 9 8 9
682 2 9 6 10 1 7 4 4 9 1 8 4 7 6 5 6 6 6 10 7
548 7 10 5 9 1 3 1 10 8 7 10 2 4 1 4 1 5 1 7 7
499 4 5 5 6 6 5 3 9 6 3 5 9 9 1 3 6 7 6 1 3
543 10 1 7 3 9 9 8 6 4 4 7 5 2 5 8 1 3 9 8 5
442 8 6 7 2 6 9 3 8 7 10 4 7 3 1 10 9 2 2 10 2
572 5 4 6 10 7 9 10 7 3 1 2 7 2 6 10 3 8 7 6 6
559 1 7 4 9 2 5 8 9 7 7 3 7 2 9 6 1 8 1 9 3
494 3 5 3 2 10 9 9 7 7 2 1 4 6 1 10 7 2 7 9 4
576 5 9 3 4 2 10 7 9 6 3 3 8 2 7 1 1 9 9 3 3
503 6 10 5 1 7 6 3 10 10 9 9 5 5 1 3 1 2 5 1 8
544 4 3 7 7 10 1 8 5 4 5 8 6 7 2 4 5 7 3 3 8
544 7 5 1 4 5 7 9 7 4 10 6 9 9 9 1 9 3 7 2 3
20
596 10 5 10 5 6 8 4 7 5 6 10 10 5 5 3 2 10 2 3 9
501 3 5 10 4 1 2 9 5 8 4 6 6 10 2 9 10 1 2 3 10
405 1 6 1 2 4 1 1 5 1 1 4 6 6 2 4 2 3 8 10 3
567 8 2 1 3 10 6 8 10 3 8 9 4 1 5 10 9 1 10 9 5
424 2 6 4 1 6 1 9 3 8 3 4 2 4 4 9 2 8 4 2 2
638 5 10 9 5 8 6 7 8 9 6 6 5 7 2 3 1 9 8 8 6
526 5 8 4 6 10 9 2 8 7 6 6 3 5 6 1 2 3 3 1 3
565 2 7 9 6 7 5 2 9 7 7 7 6 4 2 8 6 8 5 1 9
406 4 6 9 2 1 7 5 3 10 4 6 4 1 3 4 10 3 3 4 1
572 5 6 6 2 2 8 6 6 2 8 10 7 7 6 10 8 7 9 1 3
695 2 6 4 8 3 4 1 4 10 6 10 2 6 6 2 7 9 9 1 9
579 8 8 1 9 5 2 10 10 8 7 4 5 6 6 4 3 2 2 6 4
560 10 3 10 1 2 1 6 9 7 9 5 8 2 5 7 6 10 1 6 10
551 2 4 8 6 2 8 9 2 5 1 8 4 2 8 8 1 4 8 1 7
463 2 6 6 9 1 4 2 10 3 1 1 1 9 6 1 5 6 3 5 2
589 1 8 7 7 1 6 8 9 7 10 1 5 3 9 1 7 8 2 8 4
523 1 1 3 1 4 7 1 9 3 5 2 4 10 8 9 8 7 10 2 6
539 5 1 8 6 10 6 8 10 6 3 2 6 6 3 4 5 2 7 10 7
474 2 10 6 1 9 1 4 2 5 10 3 3 5 5 6 10 3 10 9 1
491 7 4 8 5 1 2 5 9 3 6 1 8 6 6 7 6 4 6 4 4
20
526 9 1 5 8 6 5 1 6 7 2 3 4 2 5 9 1 7 8 8 2
652 7 5 3 4 6 9 10 10 8 7 8 6 4 8 2 4 4 7 9 5
333 5 8 7 4 3 6 1 1 3 1 1 3 3 5 7 2 4 1 10 2
565 10 2 3 8 3 10 10 4 8 2 8 3 7 4 7 10 1 5 10 2
539 1 8 1 8 5 4 5 9 6 4 3 2 10 3 4 5 8 2 10 5
589 1 4 10 7 3 7 1 3 1 8 9 5 9 9 8 2 5 5 9 2
491 7 10 1 5 3 1 1 5 1 8 9 10 5 8 9 3 2 5 3 4
530 9 9 8 1 4 9 6 9 7 8 2 6 4 5 2 2 3 6 2 7
665 9 5 3 8 8 8 6 6 10 1 7 5 8 5 10 10 9 10 4 4
478 6 9 6 4 4 8 7 4 1 7 2 8 8 9 6 10 3 4 4 2
524 3 7 3 7 8 2 3 7 10 7 9 1 2 2 5 5 9 1 7 2
637 10 7 1 7 10 4 6 9 9 2 8 4 7 6 9 2 10 3 5 8
662 10 2 1 9 6 7 10 6 3 10 4 3 4 4 1 9 9 8 7 10
373 3 5 8 1 7 2 6 5 7 5 1 1 4 7 8 3 1 1 7 3
559 4 3 8 8 10 7 3 10 10 5 6 5 5 1 2 8 2 5 7 4
509 7 2 9 1 2 6 2 9 8 2 9 3 10 2 3 5 1 9 5 5
598 4 7 10 7 3 9 9 2 2 2 9 8 9 8 9 1 1 3 9 9
562 3 5 10 8 7 3 8 7 5 9 5 6 1 4 7 5 5 2 8 7
542 3 3 6 6 4 10 7 4 8 7 2 8 5 5 4 8 6 2 8 2
339 7 4 6 6 7 2 3 2 4 6 2 6 3 1 1 6 6 1 2 1
20
668 7 4 6 8 3 2 6 10 10 4 4 1 8 8 5 7 4 10 5 5
487 4 9 5 1 9 6 10 3 8 5 3 6 1 4 7 10 9 8 2 1
452 8 1 10 4 4 8 4 8 6 6 5 5 1 3 1 5 3 7 3 3
458 7 7 10 5 4 8 1 3 3 7 8 7 2 3 6 7 6 2 9 2
638 9 8 7 7 7 6 10 8 3 6 9 1 7 5 9 1 1 10 3 10
497 2 3 7 5 3 10 2 6 7 2 2 6 1 4 4 9 7 6 4 3
514 4 5 10 3 4 7 3 10 3 7 1 6 1 3 8 5 7 8 6 8
497 3 8 10 7 8 2 10 4 5 3 1 1 1 10 8 8 7 1 4 1
688 2 2 1 10 10 1 6 6 8 3 5 7 8 4 7 1 6 8 8 10
512 9 6 9 10 6 5 5 9 9 1 6 9 1 1 8 7 2 2 7 6
502 2 7 3 9 7 2 9 7 7 2 6 9 1 1 10 7 4 1 4 7
518 7 9 6 2 8 7 2 6 4 4 9 8 6 4 6 4 3 4 3 8
642 5 3 4 2 8 10 6 6 7 3 4 3 3 9 10 8 8 10 10 7
391 1 10 10 3 10 1 8 5 1 4 3 9 8 2 3 4 3 1 2 6
657 6 5 1 5 4 10 4 10 10 1 10 9 5 4 4 1 8 10 4 5
537 1 3 4 3 3 3 3 3 9 6 7 7 6 6 7 4 7 8 5 2
552 9 6 8 2 2 2 4 8 9 4 9 1 7 9 8 1 9 1 5 1
642 6 1 8 6 5 4 8 10 2 10 9 3 9 8 5 8 9 3 6 5
486 10 8 3 4 1 1 9 4 3 10 1 5 4 2 5 2 4 9 3 7
559 6 1 6 8 8 6 9 9 1 3 8 8 3 8 8 2 1 6 4 5
20
580 9 2 1 5 8 4 4 10 8 5 9 4 1 1 7 1 10 7 10 3
431 7 1 10 2 3 2 6 1 9 6 1 1 7 3 8 8 1 7 6 5
596 9 4 10 2 4 4 7 6 7 2 5 1 5 4 1 10 9 9 6 10
496 1 3 7 2 8 6 2 7 5 8 2 3 2 1 2 8 8 7 2 9
384 5 3 8 2 9 2 9 1 1 1 4 1 7 10 4 3 3 1 9 1
514 1 4 9 5 2 4 7 9 5 7 10 6 7 3 5 9 7 2 6 4
458 2 7 2 3 1 4 8 5 1 3 9 3 4 5 7 5 1 8 5 3
507 9 2 6 4 4 8 7 4 3 7 10 4 6 5 9 5 2 1 8 9
577 8 9 7 6 10 9 6 6 10 6 5 4 5 3 8 1 7 1 8 8
590 3 10 3 8 6 8 4 4 7 10 4 2 4 7 4 1 2 6 8 8
574 5 8 8 9 2 10 8 6 2 4 3 8 9 6 6 9 1 4 7 7
626 9 1 4 7 3 3 6 2 1 2 5 10 5 9 10 8 9 9 8 7
588 5 4 2 5 9 3 8 9 7 3 4 7 4 6 9 7 3 7 5 8
455 3 2 7 1 9 10 5 8 5 4 7 2 9 4 7 4 1 6 2 1
635 1 3 8 6 2 9 9 4 4 5 7 9 7 8 4 9 3 10 2 8
664 2 1 8 6 5 6 7 4 10 5 8 6 3 8 3 9 10 2 6 9
565 8 5 5 5 6 2 8 1 10 4 9 9 2 8 9 6 2 3 2 8
553 9 2 2 9 8 9 5 6 5 3 9 2 3 7 6 1 2 9 3 3
534 6 2 8 2 6 5 4 6 5 3 5 6 9 8 3 5 9 2 10 5
469 2 3 9 3 7 4 2 4 5 6 2 10 6 7 4 7 3 3 1 10
20
582 8 1 6 5 10 10 3 1 5 4 1 9 9 6 10 9 7 8 3 4
519 4 10 6 6 1 9 1 1 8 8 3 1 5 7 3 2 4 1 8 8
587 8 4 5 7 1 7 10 7 4 5 1 9 10 6 8 6 3 2 10 8
538 3 7 2 1 5 2 7 8 2 10 9 9 4 10 8 8 1 7 5 3
630 3 7 3 10 2 10 4 9 9 2 7 10 2 5 2 7 5 7 2 6
669 9 3 10 9 9 4 8 1 7 10 3 3 10 8 9 5 4 10 4 8
620 8 7 2 8 3 10 2 4 9 7 10 1 2 4 4 6 9 6 1 4
509 2 2 10 2 3 2 1 7 10 4 3 4 1 3 6 9 2 10 8 7
480 4 5 10 6 1 2 7 1 4 4 2 10 4 3 8 4 7 3 8 8
533 8 3 6 7 8 10 7 4 5 10 7 7 8 1 4 9 8 3 3 1
550 4 3 9 10 5 7 2 8 3 3 7 10 6 7 10 2 1 5 5 6
597 5 5 2 9 2 10 6 7 3 1 7 7 9 1 2 3 10 9 3 8
505 1 7 8 9 2 2 7 1 9 4 9 9 1 5 2 10 1 4 5 2
521 8 2 1 4 1 3 6 7 3 7 6 6 4 7 7 7 4 8 3 7
430 3 6 5 1 2 9 1 6 1 2 3 7 1 6 7 10 3 5 1 10
614 8 9 7 8 3 7 1 7 8 9 2 8 9 6 9 2 4 3 9 8
529 3 10 7 2 2 9 4 8 4 6 4 10 3 7 5 6 2 7 2 8
496 2 6 4 9 6 2 2 1 10 5 2 3 8 4 7 1 1 5 1 2
575 8 10 8 9 5 6 2 7 4 5 6 4 10 1 3 1 5 6 7 6
601 4 5 4 10 3 4 5 6 2 9 5 9 4 4 8 6 3 9 10 6
20
560 10 7 7 2 10 5 3 2 8 4 8 5 3 5 7 4 6 1 10 10
510 6 1 2 7 3 2 6 5 7 5 4 2 2 3 6 4 6 4 4 9
410 2 4 5 2 6 5 3 2 7 5 8 1 2 1 8 1 5 5 8 3
579 2 1 10 9 1 10 3 2 9 7 2 4 8 7 10 1 7 5 1 7
455 3 6 6 3 5 3 3 10 1 1 10 9 3 5 4 10 4 4 2 9
635 10 4 6 8 8 9 7 9 9 7 2 4 7 7 6 9 7 7 1 5
655 3 3 8 10 8 7 4 8 7 2 6 8 5 9 3 1 4 8 6 8
509 2 2 2 2 9 2 4 5 10 5 3 3 8 1 6 9 2 8 7 6
535 5 4 2 3 1 6 8 10 9 2 7 1 7 6 7 1 4 4 5 8
511 5 9 7 2 5 5 2 1 9 10 6 5 6 3 6 9 1 10 5 2
573 10 1 8 5 9 5 2 2 5 4 3 3 7 3 9 9 8 7 8 7
481 6 9 3 7 3 1 8 10 3 5 8 4 4 9 7 4 2 5 1 2
665 10 7 6 10 3 1 1 9 10 5 6 4 4 9 4 9 9 3 9 6
599 2 4 8 1 2 8 4 8 9 4 6 4 10 4 1 6 3 10 10 9
550 10 1 3 9 7 8 7 9 2 3 1 8 6 6 4 9 8 4 8 5
620 7 6 8 3 8 9 10 9 9 2 6 10 8 3 2 8 2 7 9 6
586 1 10 8 9 8 3 7 9 10 3 10 9 6 1 3 9 4 5 3 6
551 1 1 9 9 7 6 4 2 6 1 2 8 10 2 1 6 5 7 7 5
477 5 4 10 1 3 4 3 2 3 4 9 7 1 5 10 5 4 10 5 8
635 9 6 2 8 4 2 4 8 9 4 10 8 2 5 8 3 7 7 5 7
20
590 7 4 9 3 7 2 8 9 7 5 5 9 1 5 8 3 10 8 9 3
494 5 10 2 10 9 8 5 2 2 2 9 8 3 3 5 3 9 1 5 4
514 6 7 3 2 5 4 1 5 2 10 3 5 4 3 1 8 9 7 5 10
538 6 3 2 6 8 1 9 4 5 3 9 8 10 2 7 5 4 7 1 5
435 3 6 6 1 4 3 9 5 1 8 6 3 6 4 2 8 4 8 1 5
568 7 2 7 8 4 4 5 1 1 6 8 9 10 10 5 7 10 1 6 5
425 9 3 2 8 5 1 9 1 10 8 3 3 4 3 5 3 1 1 8 2
544 1 7 3 6 1 5 4 6 8 9 6 9 10 2 4 2 8 2 2 8
542 6 5 7 3 5 10 9 10 7 1 5 3 10 4 6 6 1 4 9 9
476 9 3 1 7 5 4 5 9 4 1 7 6 1 3 9 9 7 1 10 2
504 4 5 6 8 4 8 9 6 3 5 1 9 4 7 4 10 2 9 7 1
641 9 2 9 9 4 3 6 6 10 6 10 4 10 1 5 6 4 7 2 9
665 7 7 10 7 7 1 4 10 9 8 4 5 1 4 4 8 10 9 7 7
509 8 7 3 3 6 6 8 6 1 2 6 8 3 10 10 5 7 1 8 10
530 3 9 10 1 3 7 2 3 7 7 3 3 10 2 2 8 4 3 9 10
576 1 6 6 2 4 4 8 6 6 9 8 1 9 5 8 2 6 3 8 9
495 7 5 8 5 3 9 9 2 4 8 7 1 9 3 4 4 9 1 9 2
565 5 6 10 6 2 3 1 3 8 10 8 4 2 7 4 2 2 3 9 9
556 4 9 7 3 8 9 10 9 7 7 3 10 3 8 3 6 7 1 7 1
678 10 6 4 5 6 1 10 7 9 8 8 4 7 7 7 9 10 10 10 1
20
545 7 8 2 8 7 6 4 9 6 10 6 7 3 7 2 3 7 1 5 3
554 4 3 8 8 1 7 5 5 4 6 7 3 5 3 10 5 9 3 10 4
501 7 10 8 4 1 7 9 4 10 6 2 1 9 3 4 10 2 1 6 4
508 7 10 2 6 1 6 9 2 3 9 5 7 9 5 2 5 2 7 6 3
617 8 6 9 7 4 2 2 5 10 4 2 1 9 8 1 9 6 2 10 9
551 9 4 9 7 5 2 10 10 9 5 1 6 6 3 4 6 1 10 8 1
600 2 8 9 9 7 9 8 5 1 2 10 1 5 10 6 10 1 5 4 8
636 6 7 4 8 4 9 5 9 2 8 5 3 3 3 2 9 9 7 9 9
516 2 8 9 4 5 7 4 9 4 4 3 7 5 3 3 1 8 8 6 5
642 5 3 3 5 4 7 9 10 4 7 6 2 10 10 3 3 6 6 7 9
547 5 5 1 7 10 9 1 6 9 8 5 3 2 3 6 10 5 2 10 5
504 5 7 6 2 6 10 6 6 7 3 5 2 10 2 5 1 8 1 7 8
583 10 5 8 7 2 9 1 2 2 6 10 2 6 10 4 10 4 8 5 4
600 7 8 6 1 2 8 5 2 9 9 1 6 8 9 3 4 6 9 5 8
576 6 8 5 10 2 4 6 3 3 5 9 10 2 8 10 6 4 3 5 6
568 6 9 5 9 9 2 8 6 5 7 6 5 2 4 10 2 7 4 10 6
600 1 3 10 5 9 4 4 6 6 6 6 3 4 7 9 7 10 5 9 2
594 5 7 10 8 10 1 1 7 10 4 7 4 5 4 8 4 8 1 3 5
531 4 5 4 4 2 2 6 5 8 2 6 10 8 5 6 8 3 8 2 8
520 6 1 1 4 6 1 5 1 1 10 8 4 5 9 6 5 8 10 8 1
20
633 9 9 7 5 5 9 2 1 10 3 2 4 7 9 4 1 8 4 10 9
713 8 9 7 6 2 4 6 9 10 7 7 1 6 10 3 8 9 6 8 4
503 5 10 5 2 4 2 5 4 8 1 5 4 2 2 6 6 6 8 8 5
525 2 9 4 10 5 9 7 6 6 8 2 6 1 5 8 10 4 6 2 4
497 3 6 4 5 7 1 6 7 4 9 3 6 6 8 2 3 10 2 5 2
553 1 6 1 6 9 2 9 5 3 9 10 9 9 4 4 4 5 3 8 7
562 6 8 3 5 2 10 7 10 4 3 3 2 3 3 9 4 5 8 4 9
499 6 9 3 6 6 7 5 2 5 4 9 7 2 5 4 5 6 1 1 5
602 3 5 4 3 9 5 10 10 6 6 2 4 2 6 5 10 10 9 2 10
690 6 2 1 9 9 3 9 7 4 6 7 9 7 10 4 1 7 8 9 6
405 5 4 1 3 3 3 7 8 2 7 4 2 2 7 2 8 4 1 9 3
446 10 5 9 3 6 10 9 4 1 2 5 2 4 1 9 9 6 4 9 5
575 2 5 2 8 6 1 4 2 5 9 3 10 5 10 3 5 5 7 7 3
556 2 5 8 3 1 9 3 5 2 3 9 6 10 5 8 3 7 7 7 2
634 9 1 3 10 8 4 3 2 5 5 9 3 9 8 10 3 5 6 5 8
518 9 8 6 10 3 5 8 7 7 8 5 5 1 1 9 9 6 4 2 5
585 3 2 8 7 1 4 2 5 3 10 1 6 5 5 2 3 8 7 8 7
550 8 2 6 3 7 5 9 3 1 5 9 7 5 4 6 6 10 9 6 1
620 2 6 2 7 7 6 7 4 1 8 8 4 7 8 4 7 2 10 7 8
366 7 4 6 5 3 1 3 2 3 8 4 3 7 4 10 9 4 1 2 1
20
589 6 7 8 5 5 10 1 7 9 7 10 3 7 3 3 3 10 3 5 1
552 9 9 7 3 4 1 10 9 1 4 8 7 10 6 10 5 3 4 8 8
458 4 4 2 5 4 2 4 5 5 5 3 9 8 8 9 7 1 3 8 4
687 4 10 7 8 10 10 1 5 6 10 10 4 10 8 3 5 4 6 4 4
534 4 7 1 5 2 1 2 8 9 9 10 7 9 1 9 2 7 1 4 4
625 2 4 8 6 7 7 7 9 6 5 5 10 4 9 1 1 10 6 1 9
444 5 5 3 5 10 10 8 3 4 9 1 9 3 1 6 9 4 1 1 10
526 5 8 9 6 6 1 8 1 3 2 6 3 3 9 1 2 3 4 6 10
458 9 6 2 2 8 5 10 2 4 4 5 9 3 2 5 1 10 1 5 5
637 9 7 6 8 4 8 4 4 2 6 3 5 10 6 8 6 10 7 9 6
577 5 6 5 5 9 6 1 4 5 9 8 10 7 2 1 7 1 7 5 10
540 7 3 7 3 2 7 5 10 2 10 2 2 6 7 6 5 4 9 6 2
552 10 7 1 4 4 6 7 7 8 4 3 4 4 3 9 3 6 8 1 9
694 10 10 4 10 7 10 1 10 2 7 9 4 3 10 9 6 1 9 9 7
457 5 6 10 1 5 9 2 9 1 3 9 6 4 4 5 1 7 5 8 3
455 6 9 7 3 1 8 8 2 10 1 3 4 5 1 6 6 1 2 9 5
537 9 7 7 4 9 5 5 9 7 7 3 2 1 5 2 7 8 5 4 7
497 9 6 1 6 7 9 7 10 5 6 8 4 2 1 3 8 8 2 6 4
593 5 7 9 8 3 6 8 9 9 1 3 4 7 8 2 4 4 4 5 4
667 6 4 9 9 8 7 2 6 8 2 8 5 8 7 6 10 6 8 9 3
20
500 1 2 10 8 5 6 4 4 9 8 5 10 4 6 1 6 5 3 2 1
447 3 3 5 3 5 1 6 7 5 4 5 1 4 2 2 10 10 4 7 1
576 10 7 10 9 1 8 5 3 3 3 10 2 6 8 3 4 2 8 10 2
569 5 1 6 5 3 3 7 5 8 5 2 5 7 9 6 5 4 10 1 7
655 10 9 8 8 4 1 8 6 6 1 2 6 7 9 2 3 10 9 1 10
459 10 7 6 9 3 10 7 1 2 5 1 2 2 8 4 4 3 2 10 2
588 6 4 2 8 4 3 4 8 10 6 2 7 10 7 5 6 7 2 6 3
591 4 5 3 9 9 4 9 1 7 9 6 4 4 2 7 7 8 7 3 5
472 8 3 9 3 3 3 7 9 2 6 5 4 8 3 5 7 4 9 5 2
448 3 10 3 7 5 3 5 4 1 3 1 5 7 4 10 9 8 5 1 3
473 4 4 2 3 8 7 10 3 4 5 2 2 8 5 8 2 5 7 4 3
574 4 10 2 4 5 7 1 8 7 10 3 4 5 2 8 3 8 4 9 10
599 6 4 1 6 3 2 9 6 9 2 3 3 10 6 3 5 8 6 5 9
601 5 4 5 7 5 6 7 7 5 2 6 10 4 8 2 8 9 5 8 4
602 8 2 1 5 3 5 2 7 7 1 5 5 8 10 3 10 8 2 9 7
455 1 5 1 10 10 1 9 5 4 5 2 3 8 1 10 6 6 3 1 1
398 1 2 9 1 9 1 6 7 4 3 7 4 8 4 2 10 3 1 3 6
551 8 2 10 8 8 1 4 1 10 2 9 10 1 3 9 10 9 5 6 1
630 10 4 2 9 2 8 4 7 10 2 7 4 2 8 3 1 10 1 9 9
435 1 1 4 7 7 3 10 5 4 3 1 7 5 3 9 1 4 1 1 7
20
546 10 8 3 2 9 3 9 3 1 9 2 3 6 8 8 3 8 10 8 6
634 1 8 10 5 10 3 7 10 4 4 9 7 1 4 7 7 9 9 8 8
548 6 4 5 5 7 4 4 10 3 8 9 4 5 3 6 7 7 8 3 2
561 6 7 5 10 5 6 6 8 3 4 4 8 7 9 6 4 5 1 10 3
671 10 9 1 10 6 1 9 4 7 6 8 5 10 10 2 2 6 6 10 1
681 9 2 7 10 5 6 2 7 9 4 7 5 5 7 5 9 7 8 9 6
607 2 3 9 3 5 7 10 2 4 2 1 9 10 10 5 5 9 9 7 3
529 5 3 1 9 9 8 4 10 1 3 9 8 4 3 7 3 4 6 7 6
613 7 8 3 8 9 2 4 8 5 4 10 9 10 10 8 4 5 2 8 3
547 6 6 9 2 1 8 8 7 3 9 6 3 4 5 9 6 2 6 10 8
678 8 9 8 10 3 2 5 3 10 5 1 7 5 9 3 10 6 8 8 8
543 1 6 5 3 10 8 6 8 10 9 1 1 9 3 10 3 6 5 6 5
549 2 1 7 2 6 9 10 1 5 2 1 9 9 9 8 5 8 7 9 1
635 4 7 8 2 6 8 10 9 7 2 7 10 1 9 5 9 2 9 6 8
593 4 2 10 3 1 4 5 8 6 5 3 3 9 10 2 6 10 4 9 5
595 2 9 5 1 7 7 2 4 6 6 3 5 10 9 6 5 6 6 7 7
560 7 6 5 8 3 10 6 4 4 7 4 9 3 7 9 10 1 5 8 6
524 4 3 4 4 4 2 1 8 10 5 7 1 1 10 10 9 6 4 6 1
504 2 1 5 6 2 2 3 8 7 5 1 8 7 6 3 8 2 2 3 9
517 2 7 7 3 1 9 5 10 3 10 4 4 6 2 10 3 9 2 7 7
20
539 5 3 1 7 5 7 1 7 7 2 8 7 1 4 1 10 8 7 7 4
592 9 6 3 8 3 10 8 1 10 7 9 2 5 1 6 6 7 7 8 2
574 8 8 5 5 9 10 1 4 2 2 10 8 4 3 9 10 10 7 1 9
549 1 7 5 4 2 9 7 1 6 10 2 2 3 3 10 1 7 6 10 8
585 4 1 8 9 9 9 6 9 3 1 7 3 4 5 4 9 8 2 3 9
513 8 10 2 2 3 4 9 10 8 9 3 1 10 2 2 8 9 2 1 3
446 3 9 7 9 7 3 7 2 9 4 6 6 2 3 2 3 2 3 3 3
503 10 7 2 8 5 6 6 10 2 4 5 9 1 1 2 6 2 6 10 9
611 1 1 4 10 9 1 10 9 1 9 7 5 1 7 3 4 10 4 2 10
529 7 5 8 2 2 8 2 4 4 2 5 5 3 9 2 2 3 10 5 7
523 1 4 3 7 4 9 8 2 1 2 5 6 1 10 2 5 6 5 9 2
431 6 2 2 2 8 4 8 9 1 2 1 9 8 2 7 7 6 5 7 7
595 9 6 9 9 4 8 7 7 3 3 5 7 9 2 8 3 2 10 4 9
507 6 2 8 8 9 9 10 10 4 1 9 7 5 1 5 9 1 1 7 5
467 6 1 10 6 5 4 6 1 4 3 3 8 4 2 7 10 10 1 2 10
466 9 7 3 7 1 4 5 5 7 4 1 4 4 5 7 4 8 2 6 3
519 3 7 9 3 8 10 3 4 2 7 3 10 3 3 5 3 8 9 7 5
637 2 7 2 4 4 6 9 8 7 3 8 2 5 8 2 7 10 10 4 1
537 4 5 1 2 6 4 1 1 5 5 8 7 10 10 2 6 10 2 2 2
618 1 9 4 4 5 3 5 6 7 6 6 10 9 8 7 5 3 4 6 10
20
377 6 4 6 1 4 7 7 1 5 8 2 7 4 9 7 8 3 2 1 1
597 8 4 8 10 3 1 2 2 9 8 8 5 5 4 4 8 3 10 6 2
534 10 6 9 7 3 4 7 10 2 3 4 7 3 10 10 1 8 4 8 1
514 8 5 3 4 1 9 10 10 6 8 5 10 3 3 2 3 5 4 8 6
748 7 10 10 9 7 6 10 6 6 7 9 9 1 5 10 1 9 7 10 10
543 9 3 4 10 8 1 8 5 2 3 9 1 6 5 1 4 8 8 4 3
636 7 6 1 4 3 6 5 5 8 8 9 9 6 8 4 9 2 9 2 10
583 9 1 7 10 8 9 1 6 9 3 3 8 5 1 9 5 10 2 7 4
627 1 2 7 9 9 10 1 10 4 5 5 1 5 8 4 4 10 7 5 5
600 7 9 9 10 8 3 5 4 9 5 6 3 2 3 10 2 5 5 7 8
512 5 10 4 2 4 9 2 6 6 1 8 8 2 6 8 8 6 6 1 8
524 9 6 8 3 7 6 6 6 4 10 1 3 1 10 8 10 9 1 6 6
408 4 10 8 1 3 6 1 2 1 9 2 8 8 5 2 5 3 3 2 5
576 10 6 4 10 10 8 6 1 5 10 10 6 9 2 9 1 9 1 9 2
638 8 2 9 9 8 5 8 6 7 3 9 4 5 6 6 6 2 10 9 2
545 8 1 8 6 5 5 6 1 6 8 4 9 10 2 8 10 8 4 6 1
568 9 7 1 2 10 1 7 2 7 4 9 3 7 2 6 1 10 9 5 4
481 1 10 6 3 1 5 1 4 8 5 7 1 4 1 4 2 7 7 1 9
518 5 2 8 7 4 5 7 9 2 6 6 5 1 9 6 1 2 4 1 10
610 10 10 9 7 9 1 10 2 6 7 6 4 6 2 7 9 9 2 8 10
20
515 6 6 10 1 4 2 4 1 8 9 8 10 8 6 2 3 4 8 4 1
471 5 3 7 2 6 9 10 8 4 3 4 6 8 5 1 7 8 1 6 3
496 3 5 10 5 9 7 9 6 10 8 3 8 5 3 5 1 3 2 7 3
532 4 5 2 1 7 8 2 1 10 6 3 4 6 6 7 10 3 2 9 8
448 4 6 9 6 7 5 2 6 4 5 1 4 1 4 7 10 6 5 5 4
543 5 5 5 7 3 7 2 2 3 1 8 5 4 4 10 4 6 5 10 10
723 10 7 8 10 1 7 6 7 7 1 4 9 10 10 8 2 7 8 2 6
531 10 5 2 4 10 7 10 6 10 5 4 6 4 4 7 7 5 5 6 3
596 9 9 8 7 10 1 3 3 1 9 4 7 2 6 7 2 7 9 8 7
613 1 1 6 7 8 2 8 10 6 6 4 7 1 9 9 3 7 4 6 9
626 3 10 3 6 2 8 3 5 10 2 8 7 10 1 2 4 4 5 9 9
618 4 4 8 10 7 9 5 2 9 6 8 6 4 5 4 1 5 7 2 6
447 10 10 8 2 4 2 3 8 3 3 7 1 4 3 6 1 2 10 1 7
580 5 9 7 9 3 6 8 5 1 1 10 7 7 2 3 1 3 6 5 10
501 8 7 6 7 1 1 5 9 5 7 5 3 2 4 3 9 10 1 8 4
570 9 6 2 6 8 2 2 5 8 3 2 5 6 7 4 3 9 3 4 9
672 8 4 9 10 10 2 5 3 10 7 5 6 4 8 5 8 10 9 5 1
546 4 7 1 3 7 6 10 6 9 6 4 8 4 8 8 3 2 3 5 10
416 6 4 7 2 2 4 8 10 5 5 6 10 1 2 3 9 3 3 6 2
563 7 2 1 2 2 1 2 6 9 3 9 5 10 10 10 3 6 2 3 7
20
640 4 5 7 8 4 8 8 10 2 10 4 4 10 6 5 4 8 5 2 7
484 3 3 4 3 10 7 3 4 5 2 8 8 3 7 4 3 2 9 8 1
548 10 5 3 10 1 4 8 6 8 4 8 7 3 2 6 10 7 3 9 4
621 5 4 2 3 5 9 5 6 5 8 5 5 9 10 6 7 4 8 8 4
614 7 6 4 7 8 6 1 7 2 8 1 5 2 6 6 8 9 10 4 9
519 8 1 9 5 1 3 5 10 6 2 5 7 4 9 9 3 2 6 4 7
543 10 2 3 1 3 6 3 8 9 5 7 9 8 8 1 4 4 1 2 10
565 6 4 1 6 8 9 9 2 9 2 4 3 9 3 3 6 5 8 6 1
458 3 6 6 3 1 4 6 2 8 3 9 6 8 3 7 1 3 1 3 4
455 6 8 9 4 1 2 1 1 1 4 8 8 2 4 9 10 3 5 4 8
669 2 7 10 8 6 1 2 10 7 3 7 10 8 4 5 9 10 7 9 7
590 3 7 10 2 10 3 9 3 7 3 9 3 7 2 5 3 10 9 2 10
534 8 2 1 6 8 2 10 9 1 5 7 5 9 5 9 6 1 7 1 10
504 4 6 2 4 6 4 2 7 9 6 5 9 10 5 10 9 1 4 4 2
472 2 7 5 2 1 4 6 3 5 2 5 10 9 5 1 10 1 7 1 10
429 7 2 4 2 9 4 10 8 5 3 1 1 9 1 6 2 9 6 3 1
357 3 6 7 3 2 6 6 4 4 9 10 5 2 1 3 4 1 1 3 2
557 6 5 7 4 2 7 9 3 9 9 2 9 10 7 10 4 3 7 2 5
620 6 4 9 7 5 5 4 8 6 7 10 2 7 5 4 9 4 10 2 2
669 1 5 1 7 2 9 6 9 6 9 1 6 2 10 5 7 2 10 10 9
20
517 10 9 3 4 9 6 8 5 3 3 1 5 7 10 5 4 1 4 9 5
585 9 2 3 10 5 2 1 10 6 4 5 8 7 7 2 7 8 2 3 7
626 9 10 1 3 7 9 6 4 7 3 8 5 10 2 7 1 9 8 7 8
537 8 7 1 6 9 10 6 7 1 9 4 9 4 2 6 7 10 7 10 2
601 8 6 9 5 5 3 4 10 4 7 3 9 6 6 5 5 6 8 7 10
643 5 7 6 9 5 7 10 10 7 6 8 5 3 6 6 4 4 9 4 6
439 8 2 8 4 7 5 9 10 1 9 2 9 6 6 5 8 3 1 2 1
577 9 3 9 4 9 4 10 4 1 3 9 10 5 5 8 5 10 10 10 2
553 7 9 8 7 9 7 1 8 3 2 10 6 10 4 3 6 3 1 7 4
490 4 8 9 3 1 2 1 3 4 9 10 10 10 4 4 8 9 1 3 4
409 1 2 8 2 2 5 2 9 2 6 10 8 5 2 6 10 4 8 1 1
522 3 4 7 7 7 2 2 4 10 6 3 4 9 1 9 7 2 8 3 6
472 8 7 5 1 4 2 3 8 8 8 7 10 7 1 6 10 9 1 3 4
641 6 3 7 6 2 4 9 8 5 6 10 6 7 5 6 4 8 6 9 5
556 5 6 6 9 9 2 3 2 8 4 2 8 10 6 2 5 1 5 3 7
611 10 7 3 8 1 7 8 10 2 8 10 4 2 9 6 10 4 6 4 10
598 7 1 1 7 7 7 4 6 6 9 5 5 1 10 4 1 5 3 9 8
447 8 8 6 2 2 1 5 6 3 7 6 5 6 9 4 5 6 2 5 1
586 2 9 3 9 4 10 2 2 10 2 1 10 5 10 2 8 6 4 1 9
674 2 8 4 7 8 9 10 4 10 9 8 4 10 9 2 4 5 3 2 6
20
525 9 6 3 1 4 1 10 9 10 6 3 3 7 6 8 1 10 1 1 5
642 1 9 7 8 8 3 8 3 9 8 6 10 10 5 10 5 7 7 4 2
499 10 3 10 3 8 7 6 2 4 5 5 7 1 8 5 1 5 3 8 6
497 5 10 8 9 1 7 1 3 3 5 9 10 1 3 2 4 9 3 2 1
664 9 10 7 10 5 1 8 6 6 5 2 8 2 8 8 3 7 7 9 7
668 8 10 1 10 6 6 9 10 8 3 8 7 2 3 2 10 10 1 10 10
511 3 4 2 6 1 5 9 7 1 9 5 8 7 8 10 5 4 4 9 3
633 4 8 9 6 1 6 9 8 8 10 4 10 9 5 9 1 4 7 8 4
577 10 8 6 1 1 6 5 9 9 2 6 4 10 2 8 3 6 6 8 8
546 10 10 6 5 1 10 1 1 3 5 7 1 6 9 1 1 2 7 7 9
606 7 2 7 2 3 2 1 4 10 5 9 7 9 5 2 10 5 8 6 6
416 10 1 10 1 1 8 5 9 7 2 8 2 6 2 5 1 1 2 8 4
610 6 5 4 8 5 7 7 4 7 1 9 10 5 1 3 9 3 8 10 5
589 1 2 8 1 10 8 8 6 5 6 9 7 3 4 3 4 9 7 9 5
420 8 5 6 1 5 3 10 6 10 4 4 4 8 1 7 3 1 2 2 7
651 7 8 5 2 10 6 10 8 10 7 4 2 9 4 1 10 9 3 6 10
424 4 1 7 1 1 10 9 5 5 2 6 8 10 2 5 4 3 7 5 1
447 8 10 5 4 7 5 5 5 5 1 6 2 1 10 6 7 4 1 1 6
595 6 6 6 9 7 10 9 2 2 7 10 6 3 6 1 4 7 4 8 7
541 9 9 8 2 5 1 2 9 10 6 2 2 6 1 8 10 6 8 1 5
20
532 4 1 9 1 8 8 4 1 3 2 9 9 9 3 6 2 10 5 7 4
622 8 7 8 6 4 9 1 2 10 3 9 3 4 5 7 5 8 10 4 6
521 5 3 10 8 10 2 7 3 7 4 3 7 6 4 9 5 9 4 5 1
612 7 1 6 3 2 8 1 5 8 8 5 8 4 8 3 1 8 6 9 10
443 3 4 6 5 1 1 10 8 4 4 5 2 8 1 6 1 1 1 8 10
437 1 9 1 5 5 3 5 1 3 10 8 5 7 3 10 9 1 6 1 4
438 5 3 1 6 8 8 7 2 4 6 4 5 7 3 2 2 2 2 10 1
615 10 7 9 6 9 3 6 5 5 3 10 6 10 9 3 5 1 8 4 4
497 1 7 1 3 2 7 8 5 2 4 9 4 4 3 4 2 5 10 5 2
558 4 5 6 1 10 10 10 5 10 1 10 8 1 7 10 1 7 5 9 2
533 10 8 6 1 1 4 10 5 10 2 1 3 9 8 1 4 4 6 2 8
450 6 8 9 9 1 7 2 1 3 2 1 2 6 6 1 4 6 1 3 8
541 7 9 6 9 2 6 1 8 1 7 9 8 3 10 1 7 3 1 10 6
610 8 10 6 2 6 1 9 8 7 3 3 1 6 2 9 7 9 9 9 7
559 6 10 8 4 10 1 3 5 8 2 7 4 9 9 5 1 3 3 10 6
654 9 4 1 8 6 9 10 6 4 7 2 10 9 5 6 10 10 8 9 1
585 9 8 2 10 9 6 7 6 10 2 10 3 3 5 3 5 2 2 7 7
633 1 2 4 8 8 5 8 3 9 7 3 8 10 7 10 2 10 6 2 1
588 6 2 1 10 9 2 1 2 6 9 7 10 10 6 3 4 8 1 10 3
550 3 4 9 10 9 9 4 7 3 9 2 6 6 3 6 7 8 1 2 8
20
492 3 10 10 6 2 6 3 3 4 8 8 8 3 3 10 6 5 2 7 4
544 3 10 10 3 6 5 2 3 1 4 10 10 10 5 3 6 10 4 4 4
497 4 1 2 5 8 2 7 3 3 2 1 9 6 9 6 7 10 2 3 8
662 5 5 1 9 5 10 10 7 9 2 7 6 2 10 4 7 7 7 1 6
645 10 3 4 7 6 9 2 5 7 4 1 7 6 10 10 9 3 8 7 8
531 1 5 5 3 1 2 5 4 10 10 9 10 2 8 6 4 4 8 1 2
630 6 7 3 4 8 2 7 5 9 8 9 4 7 7 2 2 9 8 5 4
579 10 10 8 9 3 9 2 1 5 6 5 3 4 10 5 8 6 1 3 8
494 7 6 10 2 3 10 8 4 4 10 6 4 6 1 5 4 5 9 2 6
503 2 3 6 2 3 7 5 8 7 6 9 1 4 3 5 7 3 8 8 4
560 2 5 2 6 4 8 7 6 8 5 4 6 2 2 9 1 7 10 4 6
588 7 8 8 5 8 9 6 2 5 4 4 5 6 5 8 1 7 6 9 10
569 2 3 7 6 3 5 8 1 4 9 2 7 7 9 4 4 10 8 3 1
549 6 8 2 6 7 6 6 8 1 1 1 10 9 1 10 1 9 8 4 6
495 2 10 3 3 4 7 6 1 7 6 5 7 6 6 3 10 3 1 4 10
566 7 7 9 2 5 2 1 6 5 2 5 3 5 4 8 3 10 8 9 10
647 3 6 10 9 9 3 5 4 10 8 1 10 8 9 2 8 8 3 2 5
556 10 9 1 3 8 6 10 1 6 10 7 4 1 6 6 8 4 5 10 9
688 6 6 8 7 6 10 10 6 10 4 2 7 10 3 1 3 10 6 9 6
562 7 6 2 5 9 5 9 3 10 2 3 3 10 3 5 10 1 8 9 5
20
574 5 2 5 7 8 4 9 10 2 3 3 3 9 6 1 2 10 6 8 3
618 9 10 9 9 4 10 2 5 2 4 2 7 9 1 5 2 9 6 9 9
491 8 7 2 3 10 6 4 6 3 7 10 5 8 5 6 6 2 3 2 3
577 6 6 2 9 5 3 8 2 1 3 8 7 5 8 2 1 5 7 9 5
506 10 6 5 7 10 8 8 7 7 4 3 10 4 4 5 1 2 2 3 9
625 1 5 2 8 3 4 2 4 9 1 9 8 6 7 1 10 3 10 1 5
647 4 9 1 8 3 6 10 9 8 4 3 9 9 3 7 7 2 7 9 7
521 9 2 9 9 2 6 10 4 5 5 3 7 1 2 4 8 7 6 4 2
585 10 9 8 4 6 3 8 3 10 3 9 4 6 2 8 7 6 1 9 9
572 7 4 1 10 4 2 7 5 4 2 10 1 9 3 4 5 9 1 6 9
564 4 4 6 4 4 10 8 6 5 4 9 10 6 1 8 8 10 4 9 5
507 3 4 10 6 1 9 9 6 4 5 5 6 4 9 6 4 9 2 5 1
674 8 6 8 8 5 2 8 2 5 6 6 6 3 6 3 5 9 9 10 10
544 8 3 3 3 4 6 2 3 2 8 9 3 7 9 10 3 9 3 3 7
467 1 3 10 1 7 7 1 5 5 6 9 7 8 5 2 9 3 3 9 2
560 4 1 4 7 10 7 3 5 4 6 6 6 8 5 5 2 1 5 8 6
541 2 5 8 5 4 5 4 2 6 10 9 6 7 3 7 10 4 10 2 3
504 2 10 1 2 3 2 2 10 5 2 5 9 5 6 10 9 5 7 1 9
641 9 7 2 10 6 8 6 7 4 2 3 5 10 7 10 4 5 6 10 6
560 1 8 4 3 8 5 4 4 6 5 1 4 5 8 10 8 4 10 9 5
20
572 1 5 2 10 7 10 8 7 6 1 9 7 9 1 7 9 6 3 10 4
596 7 6 4 4 1 7 4 5 9 7 4 2 4 7 10 3 10 8 1 4
451 9 2 7 4 3 1 9 2 2 1 4 1 1 10 10 3 9 1 7 7
467 4 10 10 7 1 4 10 7 3 1 1 10 1 5 6 2 9 2 4 1
513 2 5 1 2 4 5 9 3 4 3 4 2 2 6 5 5 6 9 2 9
524 8 2 5 9 10 9 5 2 1 9 4 1 4 6 7 3 5 5 8 6
554 6 9 2 9 1 1 5 3 6 6 4 10 7 10 6 8 3 3 6 4
602 3 2 4 10 1 2 8 7 5 10 8 3 2 4 2 3 10 6 5 6
505 8 5 3 5 4 6 2 4 2 9 5 7 8 3 8 9 8 3 10 1
618 8 9 5 6 7 4 3 3 2 7 10 5 2 10 9 4 9 3 9 10
534 6 9 1 2 1 8 1 3 4 7 6 6 3 3 3 3 9 7 10 6
523 9 10 2 5 5 7 2 8 1 9 1 1 6 9 10 4 3 7 9 1
605 6 2 7 9 6 6 9 2 7 7 6 4 3 3 9 10 10 4 8 5
545 7 3 8 10 6 3 5 2 6 2 6 2 10 6 9 7 4 1 1 10
479 7 10 7 1 3 8 6 5 1 7 10 6 10 1 1 8 1 1 10 9
601 10 7 7 7 2 1 8 3 10 6 3 5 4 7 7 5 4 3 9 7
598 7 9 6 7 4 5 3 7 3 9 7 4 10 4 10 3 9 2 2 7
440 2 7 6 3 3 4 2 9 2 4 2 9 4 8 8 6 3 1 8 6
485 3 2 7 8 1 3 1 3 6 7 10 6 3 2 4 8 7 4 7 2
538 6 6 7 2 3 1 4 9 2 9 6 6 8 10 4 6 1 9 5 2
20
695 3 6 9 9 6 3 9 3 10 4 7 9 7 9 1 3 3 8 6 9
440 2 3 2 2 10 5 1 8 1 4 1 8 1 7 10 5 7 4 4 10
701 4 2 10 5 2 9 3 9 6 10 7 10 6 9 10 5 8 5 6 9
529 2 4 3 4 9 4 6 5 8 7 5 2 1 2 2 2 7 10 9 5
652 1 3 6 7 7 3 2 8 9 6 5 4 6 7 3 9 9 9 2 8
590 7 7 1 9 1 2 7 10 6 4 7 2 5 8 4 3 3 6 3 10
718 3 8 9 6 8 3 5 2 8 10 5 5 5 10 2 2 10 10 6 4
732 7 3 7 10 2 9 7 4 8 8 9 10 7 9 10 2 3 10 1 10
533 5 2 4 4 4 7 8 2 2 1 3 4 10 3 2 6 8 9 5 6
531 1 7 10 9 4 2 6 1 3 4 4 2 10 2 2 2 8 9 6 2
569 3 3 8 9 3 5 7 3 9 2 1 2 1 1 5 3 8 9 8 8
528 1 4 9 5 8 2 7 3 2 2 2 1 9 4 8 6 9 10 6 2
655 6 3 7 9 8 2 7 9 10 5 3 9 4 10 10 1 6 3 9 8
431 9 6 8 8 9 3 10 4 1 4 3 4 3 2 9 5 3 8 4 2
570 2 7 10 9 6 6 9 5 4 7 4 5 9 2 3 4 2 6 6 8
485 8 10 2 4 4 3 8 4 9 5 8 7 7 3 10 1 3 2 8 2
693 4 10 5 1 8 5 1 7 8 6 2 8 8 8 9 3 10 10 10 7
658 10 6 1 7 4 3 4 8 6 6 10 3 3 6 1 9 5 7 10 10
640 10 6 9 5 5 2 7 9 4 3 6 10 6 9 5 7 7 8 7 3
469 4 2 2 1 6 5 2 9 4 5 5 2 9 4 5 5 6 4 5 5
20
551 8 7 8 6 8 10 9 6 3 7 6 3 6 2 2 3 8 6 8 2
680 7 9 3 8 9 7 10 7 8 5 5 5 10 3 2 10 1 8 8 10
672 1 10 10 5 5 10 2 2 9 7 5 8 8 3 4 7 7 7 8 9
640 6 9 7 8 3 5 9 9 4 3 2 4 3 8 5 10 7 10 4 6
641 9 3 2 4 4 1 4 8 9 7 2 8 10 9 4 2 9 4 1 10
680 4 3 5 9 3 1 1 3 8 7 5 10 8 9 4 2 8 9 1 10
505 10 5 9 5 8 2 4 5 2 6 8 9 5 4 10 4 2 7 4 6
484 1 3 3 2 4 7 7 5 10 3 3 3 9 9 7 9 2 4 5 1
519 2 5 1 5 3 7 3 6 9 4 5 10 9 3 8 1 7 5 1 2
580 8 5 8 2 8 5 10 9 4 7 4 5 10 1 1 6 7 6 2 10
570 7 8 2 6 8 8 9 9 3 3 4 4 6 10 6 1 2 9 8 1
438 8 9 9 7 10 2 2 2 6 3 8 1 3 1 5 9 1 3 3 9
545 10 3 8 10 7 6 5 9 2 3 2 2 6 6 5 2 1 10 4 4
455 6 7 9 6 7 9 1 4 7 1 4 6 6 2 6 10 1 1 5 6
559 4 7 8 9 4 6 4 1 2 8 1 2 4 8 3 8 7 6 5 4
549 10 4 2 2 4 7 5 7 4 3 8 9 3 2 4 5 10 9 4 6
607 6 6 5 8 9 10 3 7 4 3 3 8 10 5 2 6 7 10 3 2
594 7 8 1 7 6 4 7 2 2 2 4 9 9 5 9 6 3 9 8 8
574 9 6 9 10 10 10 8 8 4 10 2 6 1 4 5 2 1 7 8 6
596 4 3 2 7 7 10 6 7 3 9 10 10 8 3 2 5 10 6 6 1
20
532 9 5 9 6 8 3 2 5 8 9 1 5 4 10 8 1 4 1 10 5
515 8 3 7 2 10 10 2 8 8 9 10 1 3 3 2 5 6 4 2 4
507 6 8 10 3 3 7 1 1 4 6 5 7 4 6 3 5 4 5 3 8
563 2 2 5 5 4 4 5 6 6 6 8 8 10 4 9 9 4 6 5 7
625 3 7 7 7 10 10 8 6 8 2 6 2 5 6 5 10 6 4 7 10
612 2 3 8 5 1 1 4 1 1 3 6 2 9 10 7 10 9 10 3 10
606 1 3 3 7 9 3 8 9 5 6 4 8 4 2 10 2 9 9 7 6
541 6 4 7 8 8 8 2 5 3 8 3 5 2 3 8 4 7 8 6 1
702 2 4 4 10 8 7 9 2 4 7 8 5 9 7 8 8 2 9 8 9
452 2 10 8 6 5 2 2 2 4 9 1 8 5 7 6 3 7 2 5 3
623 2 9 7 9 3 1 2 7 2 9 1 7 5 4 2 8 10 6 7 10
450 9 1 6 1 10 4 5 5 2 3 6 4 6 2 4 7 6 8 1 6
551 7 9 3 5 5 8 8 2 2 6 8 6 10 4 6 2 4 5 5 8
623 5 6 7 3 10 7 1 10 8 7 5 6 10 9 3 6 7 7 8 1
606 6 10 3 3 5 9 4 3 8 2 10 1 8 2 10 7 10 6 8 3
495 4 9 9 1 1 7 9 2 9 5 8 8 1 2 8 10 10 3 2 3
525 6 9 10 5 3 9 10 2 6 1 1 9 5 4 3 4 6 1 7 8
507 1 3 1 10 6 2 2 6 9 3 2 3 1 2 6 8 5 10 3 3
661 3 7 7 10 3 2 10 9 8 8 10 4 3 2 1 10 7 1 9 10
599 2 8 9 6 4 6 8 8 10 8 1 3 5 7 1 3 7 2 8 9
20
607 4 8 2 9 6 2 2 5 10 9 5 2 1 4 5 5 5 8 4 6
499 2 9 9 7 8 3 4 10 3 4 5 6 9 1 4 2 4 6 1 1
654 4 1 3 5 2 2 6 2 8 2 7 2 2 9 5 2 8 10 10 9
523 8 5 6 1 5 4 9 5 3 1 1 9 6 9 1 7 7 10 1 5
479 2 7 3 7 10 6 1 7 6 2 3 7 9 9 9 1 4 1 4 1
587 5 2 10 10 6 2 3 9 1 1 10 6 4 7 9 4 1 10 2 5
615 9 7 6 3 10 1 6 8 6 6 9 8 5 6 2 1 5 7 8 9
619 7 7 2 8 1 4 3 4 10 2 8 2 6 3 3 1 8 5 10 7
632 5 3 8 1 7 7 5 5 4 2 9 8 10 7 1 5 4 8 7 10
669 9 8 3 1 1 2 8 4 8 5 8 6 7 10 7 8 9 10 3 7
480 5 1 6 9 4 3 1 9 1 3 4 7 1 5 4 3 6 2 4 10
524 3 3 9 2 5 8 10 8 5 3 7 6 7 5 3 9 1 6 9 8
580 6 2 4 2 1 7 8 9 4 2 8 8 5 9 3 9 6 10 1 6
431 8 8 8 6 7 8 2 3 6 2 1 3 4 3 2 9 4 7 3 2
489 4 2 6 4 4 8 8 2 1 6 8 3 3 1 8 4 9 5 7 5
469 8 6 2 2 8 9 10 1 6 7 5 1 6 1 2 3 3 10 2 2
615 2 3 4 10 5 8 5 10 7 6 6 10 1 10 10 4 8 3 2 1
465 9 3 4 3 3 6 2 2 1 6 1 2 8 9 4 6 2 9 4 6
662 2 8 9 6 4 7 1 3 9 3 9 2 10 4 8 8 8 9 2 7
535 8 1 2 5 5 8 8 4 2 6 7 3 9 1 7 8 10 3 4 8
20
579 4 3 7 3 6 6 1 1 7 8 7 7 5 7 3 10 4 8 10 6
491 4 1 10 2 7 7 5 6 7 10 3 2 1 3 2 7 6 2 9 8
447 5 7 6 6 1 10 10 6 2 1 5 5 9 5 2 7 1 1 4 7
691 4 8 10 10 3 5 3 9 6 2 8 4 7 10 5 5 10 7 3 3
572 5 5 5 2 9 6 5 10 7 7 4 10 4 7 8 3 1 10 10 3
609 2 1 6 5 5 4 2 6 7 9 9 6 2 7 2 6 5 8 7 10
511 9 10 4 5 9 4 3 6 1 7 5 10 10 5 5 2 4 5 2 6
433 3 2 8 4 5 5 7 8 2 3 7 5 4 2 6 7 2 5 7 6
641 6 6 5 10 6 8 4 8 7 4 9 6 8 5 6 2 3 8 8 3
601 6 7 6 8 7 10 10 8 10 1 3 9 3 2 6 6 6 9 4 3
505 6 9 5 1 6 4 6 3 3 3 3 4 10 4 6 10 6 6 5 9
636 7 4 7 8 2 3 1 6 10 7 5 8 9 5 3 2 8 9 3 2
654 5 8 9 3 5 6 5 10 10 4 5 10 1 9 4 5 5 7 10 10
552 6 6 9 1 5 10 9 10 1 4 3 2 4 3 8 9 7 8 9 7
608 2 6 10 4 9 8 8 6 7 8 9 4 4 5 7 3 9 8 3 4
511 10 1 2 5 7 2 7 1 7 6 4 10 10 2 4 4 6 3 3 8
598 1 6 3 5 9 4 9 2 10 10 4 4 10 4 1 2 4 7 8 8
435 4 10 5 6 7 5 6 9 3 7 8 6 2 6 2 7 4 2 1 1
487 5 6 4 5 7 1 2 3 6 5 7 1 4 3 3 9 6 6 1 10
616 1 10 7 6 6 4 9 8 8 3 3 7 6 3 10 8 9 10 5 6
20
639 10 8 9 1 3 3 2 6 5 7 9 9 8 5 8 8 9 7 8 9
592 1 2 6 4 3 8 8 6 5 7 4 10 2 8 10 9 2 10 4 9
558 5 1 8 7 8 4 4 9 5 6 1 6 7 2 5 6 9 9 2 6
537 4 9 6 2 6 5 4 4 6 6 2 4 8 8 6 8 8 2 6 9
569 8 9 3 8 5 3 4 8 5 3 7 1 4 4 6 8 3 7 10 7
602 6 6 8 2 1 6 10 5 5 5 9 7 2 10 6 6 4 10 3 10
528 1 7 3 6 2 10 8 4 10 10 1 8 2 2 8 4 9 3 3 4
575 3 9 10 6 9 9 6 2 5 9 2 1 6 8 3 1 9 7 2 5
635 8 6 10 8 6 8 5 10 8 5 10 8 5 4 8 3 3 6 6 4
600 4 7 8 4 3 3 9 9 7 7 2 3 10 3 7 8 6 7 3 10
578 9 3 4 4 8 2 2 7 4 4 4 9 9 10 10 8 8 6 1 8
626 5 7 9 9 6 7 4 1 10 7 6 3 10 9 4 2 2 4 9 3
638 3 4 10 7 2 2 2 6 5 8 4 2 8 10 2 8 8 8 7 2
429 6 8 3 7 10 6 3 3 2 1 8 8 5 4 1 3 1 1 8 3
544 3 5 2 4 10 4 2 9 5 7 4 4 2 6 4 7 2 10 4 7
723 2 3 9 10 7 5 6 2 10 5 6 8 9 9 5 7 8 6 10 3
567 2 4 4 10 4 7 6 10 2 6 6 5 1 3 2 8 7 3 7 7
629 5 10 9 10 4 10 10 2 4 10 5 5 5 7 5 10 2 10 9 1
590 7 2 7 7 10 3 3 9 10 10 4 3 8 2 5 3 5 4 7 2
590 3 2 2 8 1 6 7 7 6 2 3 1 10 6 9 8 3 9 7 6
20
558 10 2 9 3 3 4 8 10 6 5 6 5 6 10 4 3 3 3 10 7
577 8 9 9 7 1 3 1 7 7 7 1 8 5 7 4 10 9 6 7 4
621 1 1 4 10 9 6 8 2 7 3 9 4 8 8 3 8 1 2 9 9
628 3 5 5 6 7 6 2 1 5 8 7 6 9 10 3 6 3 10 8 6
595 8 5 9 9 1 9 10 6 9 9 5 7 3 4 5 9 1 7 4 8
473 8 6 8 5 1 10 2 7 4 5 2 1 9 5 9 5 4 2 10 2
505 3 9 10 1 1 2 7 6 1 5 6 8 8 8 6 2 10 6 3 3
620 3 5 5 9 10 4 8 2 9 1 1 2 2 10 10 6 7 6 4 9
531 7 3 6 3 1 6 1 6 2 8 4 5 3 5 5 3 9 6 9 10
528 5 6 8 8 4 10 4 2 1 9 10 7 4 5 3 5 2 4 7 4
599 9 2 8 2 5 6 8 4 5 7 3 10 1 8 3 5 8 9 10 5
395 10 3 7 10 5 1 7 4 2 2 4 6 1 4 9 2 1 6 3 2
524 9 7 9 6 5 1 2 2 7 1 2 6 5 2 4 4 8 5 6 10
444 2 10 4 3 2 2 5 1 9 3 6 6 6 4 10 9 6 2 4 1
610 9 6 1 6 9 8 6 10 4 3 9 2 8 1 3 1 10 5 7 10
592 3 3 6 6 3 8 10 4 10 5 3 8 1 4 5 2 5 9 7 5
574 6 2 5 1 8 5 3 6 8 4 10 9 9 8 1 8 8 2 9 6
433 4 1 3 6 7 8 6 3 7 2 1 7 2 7 9 10 2 2 10 1
535 7 1 8 5 9 5 9 9 5 2 10 6 5 10 5 9 2 6 1 3
528 1 2 10 7 10 4 5 9 6 2 9 5 4 1 1 1 8 8 1 4
20
436 1 1 9 3 1 2 3 6 3 1 6 10 1 5 7 7 3 8 7 1
557 2 1 5 4 7 10 5 2 9 8 5 8 3 8 6 6 3 8 2 2
573 10 2 7 7 8 8 1 6 4 7 5 3 6 4 4 5 9 2 10 5
538 3 5 9 8 3 1 6 9 10 1 8 2 6 1 9 10 3 7 3 4
447 2 1 3 4 2 2 4 6 4 9 3 6 2 10 6 2 4 2 3 7
540 2 7 9 7 6 4 1 10 7 6 8 4 8 2 9 1 2 1 6 8
705 10 1 5 10 10 7 4 2 5 10 10 6 6 9 8 4 2 7 7 8
541 10 3 2 7 4 10 7 4 7 2 4 9 9 6 4 9 4 1 5 3
460 2 10 5 2 6 9 7 2 3 8 5 7 10 4 3 4 6 2 9 1
492 6 3 8 2 10 2 4 10 1 6 8 3 2 8 10 2 3 3 7 7
555 4 4 5 4 2 10 3 4 5 4 7 7 4 2 2 6 9 4 10 9
588 2 3 5 9 7 9 10 3 6 3 2 2 3 9 1 3 9 1 2 9
472 10 1 5 8 1 7 7 5 8 4 6 3 1 8 7 2 6 1 1 1
487 5 1 4 1 1 3 1 7 9 2 3 10 7 2 5 9 5 8 8 1
637 8 4 10 9 8 6 8 9 10 4 10 10 1 3 4 10 6 2 9 7
597 7 6 7 9 5 9 1 3 9 9 5 9 10 2 7 8 1 7 8 5
586 3 10 3 7 2 1 10 6 1 8 9 6 2 9 7 8 9 6 8 1
505 6 4 6 7 4 10 5 5 4 9 8 4 2 3 6 2 7 3 2 8
583 7 9 1 10 5 7 5 6 7 1 7 10 7 6 1 10 1 10 6 2
590 9 10 4 5 4 5 6 10 5 10 5 10 2 5 5 5 2 10 5 6
20
607 4 4 8 3 6 3 5 7 10 8 3 10 10 6 7 6 3 2 9 7
537 3 2 5 4 5 6 10 5 7 2 6 7 7 10 9 6 1 4 3 5
528 9 7 9 10 3 1 3 2 5 2 5 9 3 7 2 7 4 4 5 8
579 3 10 8 6 6 9 9 8 6 10 1 3 4 6 5 1 4 7 10 5
532 8 6 10 2 1 3 7 9 2 10 4 9 1 9 9 3 10 6 2 3
543 9 1 3 10 10 5 4 9 10 5 9 6 1 2 3 4 5 2 2 7
566 10 10 3 9 10 9 8 4 9 7 8 9 2 1 3 9 1 3 1 8
458 2 9 8 4 6 3 9 4 1 10 2 4 1 2 7 8 4 9 5 4
563 2 5 7 5 1 3 10 9 7 4 9 10 9 5 7 6 1 4 10 7
666 7 7 5 5 5 10 4 1 10 5 9 7 4 2 8 2 10 6 8 10
546 6 8 1 1 1 9 5 3 7 9 6 1 6 4 5 5 4 8 10 8
405 4 1 10 2 3 6 8 7 3 6 3 9 5 5 2 8 1 9 1 1
541 2 6 5 9 1 7 1 5 9 2 1 7 3 3 10 6 8 6 3 5
430 7 4 2 7 2 7 6 3 5 5 2 5 3 2 2 3 7 3 9 2
605 1 10 4 4 8 1 6 7 9 6 1 4 3 10 2 5 4 7 9 9
495 1 7 2 10 7 9 6 9 6 4 4 2 5 5 8 1 7 2 4 1
511 1 1 10 4 6 6 3 4 10 3 5 9 1 1 5 9 4 6 9 5
603 9 9 6 6 5 9 9 5 3 10 9 1 9 3 5 7 8 6 9 3
567 7 4 1 2 10 10 1 7 9 7 7 5 8 1 3 4 8 1 7 8
596 6 4 9 3 6 5 10 8 1 8 10 1 1 9 10 1 4 10 4 7
20
591 7 9 8 8 5 4 10 4 9 1 8 3 5 5 2 4 10 3 7 3
565 8 6 2 7 8 6 2 1 3 8 4 8 5 6 5 2 10 3 9 3
608 10 10 5 7 5 1 3 9 9 5 1 10 10 2 5 6 4 5 9 7
455 10 5 5 1 5 4 8 5 6 4 8 10 3 9 1 6 2 4 2 4
558 1 7 5 3 8 5 9 6 3 4 1 8 2 10 5 5 3 7 9 7
525 7 9 4 5 7 2 2 8 9 2 3 3 4 3 3 9 8 7 2 8
624 1 9 3 10 5 6 6 10 4 4 9 9 5 5 9 8 9 2 2 9
522 1 7 7 8 4 10 1 6 6 10 4 1 9 5 5 8 4 5 2 3
542 1 7 3 2 3 6 9 8 1 7 7 7 10 7 2 1 6 6 4 9
533 10 10 3 6 2 4 1 4 7 8 5 9 5 9 3 5 2 4 7 1
431 10 7 1 1 1 2 8 5 1 2 8 10 2 5 2 4 5 6 4 8
543 7 4 1 7 10 8 3 5 10 5 3 6 1 9 9 5 5 3 2 8
616 10 6 9 10 10 3 10 7 6 10 5 5 7 9 1 8 8 1 3 2
550 2 3 8 6 5 5 8 2 6 8 6 9 9 7 1 6 3 2 7 4
558 10 2 10 6 7 8 4 5 9 4 1 10 5 9 10 8 6 1 4 8
539 10 5 5 8 2 3 9 7 2 5 5 5 7 1 3 1 8 7 10 5
621 5 1 5 6 9 10 3 3 10 7 5 5 4 4 5 1 4 6 6 10
652 6 1 7 1 8 8 7 9 9 4 9 10 4 1 7 4 10 10 8 10
577 7 1 4 4 5 7 10 5 6 9 2 4 7 10 1 6 2 5 8 10
550 9 9 2 5 8 7 5 9 3 10 7 2 3 2 5 10 4 8 9 7
20
619 5 6 9 4 10 5 1 9 3 3 8 1 4 7 1 6 5 9 9 10
547 9 4 1 9 10 6 8 7 9 9 4 9 8 2 1 4 4 6 1 3
670 6 8 7 10 10 4 4 1 3 8 9 2 9 8 6 4 9 6 6 7
680 10 9 3 5 9 3 9 5 9 7 10 3 7 9 6 4 6 9 5 3
562 1 6 6 6 10 10 8 1 5 4 3 9 5 4 3 8 10 2 9 6
665 1 4 3 6 3 10 2 6 3 8 5 7 10 9 1 10 6 10 6 6
419 9 3 2 9 3 3 9 2 2 7 1 4 5 7 4 2 5 3 1 2
508 9 8 5 5 1 3 6 3 9 7 2 6 5 1 9 2 8 9 2 4
547 2 10 4 2 4 1 5 2 9 8 3 5 9 7 9 1 2 6 9 5
592 6 1 10 8 3 10 4 7 8 4 5 7 4 5 5 9 4 8 2 9
366 8 1 8 5 6 7 1 2 1 4 5 1 8 1 1 10 4 4 4 3
479 10 10 1 6 3 6 6 6 6 9 6 10 3 2 9 5 10 1 1 2
514 5 5 8 1 8 7 5 8 3 10 3 7 1 6 3 4 9 2 5 8
637 5 9 2 8 10 9 10 7 2 2 2 10 3 5 6 4 6 10 10 7
396 7 10 7 2 1 5 2 4 3 1 3 6 6 2 8 6 6 1 1 8
619 5 4 1 10 7 3 2 9 8 4 7 1 4 7 9 7 10 1 7 3
635 8 10 2 4 5 6 8 7 4 4 7 9 7 8 9 4 6 9 2 8
532 2 3 6 5 8 8 8 4 9 9 8 9 2 3 8 7 4 7 4 2
547 8 8 7 5 6 8 1 8 3 8 10 2 4 6 6 8 3 7 9 4
600 3 3 1 3 6 3 7 10 10 7 7 10 2 9 3 3 5 8 4 4
20
482 5 1 5 3 2 6 3 3 9 2 6 1 5 7 10 8 1 4 8 8
592 8 5 9 3 9 9 1 10 3 6 1 7 10 3 5 4 9 9 3 5
527 6 3 5 9 8 5 2 9 2 2 2 10 1 7 8 6 10 2 10 1
563 3 8 5 6 2 3 1 3 8 2 1 5 10 2 8 1 10 5 8 7
621 9 6 1 4 5 2 1 10 10 6 10 10 8 8 3 8 4 7 3 7
500 4 9 5 8 3 10 7 4 7 3 8 9 2 2 1 3 3 2 3 6
495 7 7 1 8 10 2 3 5 5 8 9 5 7 2 10 2 9 2 1 2
603 8 9 6 8 6 3 10 1 8 2 4 7 1 10 5 8 9 8 1 2
533 2 5 10 6 1 1 8 8 7 2 10 1 4 8 10 1 6 1 3 5
521 6 10 10 2 10 3 9 1 2 9 10 4 1 4 8 1 9 10 1 4
594 4 1 10 10 6 8 3 7 2 3 3 5 3 8 1 6 4 7 8 10
499 2 9 10 10 9 6 3 10 2 1 2 2 7 5 1 7 2 6 7 2
521 7 9 5 6 6 1 3 2 7 3 9 8 1 7 5 5 10 1 4 2
681 7 10 9 7 8 6 10 9 8 7 4 3 8 9 8 7 6 7 4 3
562 1 1 5 10 2 4 6 5 1 3 6 3 9 3 8 4 7 4 7 7
479 10 7 7 3 7 1 1 7 9 5 4 7 8 1 7 8 2 6 9 3
623 3 4 10 6 2 3 10 1 5 3 10 2 8 8 7 5 3 7 7 7
539 10 1 3 7 8 4 10 3 5 1 2 7 4 5 5 1 10 6 3 8
399 9 1 10 1 2 1 2 4 3 6 1 5 8 6 1 10 1 9 3 3
432 8 10 2 2 3 8 8 5 10 6 7 4 2 1 8 9 1 3 8 3
20
622 5 2 6 8 1 4 6 7 9 8 1 2 10 8 10 8 4 6 8 3
737 9 3 3 9 4 3 2 9 10 4 7 9 10 10 10 2 6 3 7 9
573 10 6 4 7 9 3 4 6 4 8 10 9 5 5 1 4 9 6 6 1
605 2 5 7 8 6 8 9 1 6 3 7 10 1 9 10 5 6 4 2 7
453 10 6 5 3 7 8 2 2 5 3 7 2 7 4 4 5 4 3 6 2
635 5 10 8 7 7 3 6 1 3 9 6 9 2 3 3 10 10 10 6 10
533 4 4 9 3 6 1 4 9 7 5 1 8 8 9 6 2 1 8 1 4
592 7 2 5 9 5 8 10 6 8 10 3 7 2 5 2 1 1 4 9 7
629 7 2 8 10 8 10 6 2 9 4 10 8 1 5 9 5 6 4 6 4
566 9 10 6 4 1 3 9 5 3 5 9 6 7 3 4 9 5 9 10 5
601 3 1 5 4 1 4 8 10 5 10 2 1 8 9 7 4 7 5 10 8
559 1 8 8 1 3 4 9 9 6 9 10 8 6 4 8 9 10 5 3 4
613 5 6 5 6 6 9 9 7 10 1 3 7 5 5 8 9 4 8 7 8
586 9 2 6 6 3 7 1 1 10 5 6 6 1 9 9 4 6 7 2 6
551 5 8 3 3 4 7 1 10 3 10 9 4 5 5 3 2 2 7 4 6
600 6 4 6 5 9 3 4 2 9 10 2 3 1 4 10 3 10 8 2 9
573 3 6 10 6 9 1 2 1 6 5 7 7 7 3 9 6 3 10 8 5
679 5 8 8 6 3 7 4 7 2 9 6 8 10 9 2 10 5 8 7 9
557 8 5 2 3 10 5 3 8 4 10 4 6 6 6 8 2 5 7 8 6
486 9 9 10 4 6 4 3 2 6 1 2 1 6 3 8 2 9 4 3 4
20
644 1 9 4 9 3 4 2 6 7 8 9 3 9 4 6 3 5 10 1 10
633 10 8 1 4 1 7 10 10 8 6 1 9 3 7 8 7 5 8 5 8
483 8 10 9 3 1 4 6 8 1 2 4 3 8 4 9 5 4 7 8 6
563 1 9 8 7 1 4 1 9 8 3 5 6 5 5 4 7 10 7 3 2
620 2 10 5 7 3 7 7 2 9 4 6 10 2 9 2 1 9 6 1 6
472 9 3 10 1 3 10 10 2 4 9 3 7 1 1 1 3 9 9 3 5
525 9 8 3 5 9 1 1 2 7 10 7 7 5 10 9 7 2 1 8 5
526 10 1 4 4 3 5 6 5 7 8 3 2 1 8 7 8 7 3 4 9
435 6 10 5 1 10 2 8 3 6 3 10 2 1 1 7 5 3 3 8 10
569 6 2 9 7 1 2 8 4 9 1 3 3 7 6 5 5 3 9 10 6
411 9 3 6 6 7 3 2 3 3 7 8 1 4 1 8 5 5 7 1 2
562 4 6 2 3 6 4 6 7 5 8 5 7 9 7 5 2 8 7 4 6
557 1 4 10 3 2 7 8 2 4 1 8 8 8 10 6 6 6 6 3 8
484 4 10 3 3 8 5 5 1 9 9 1 3 8 9 4 7 7 1 5 1
626 7 4 7 7 9 8 1 2 6 10 2 9 7 3 7 5 8 7 9 8
542 9 9 7 5 9 10 9 4 5 9 2 4 5 1 7 1 10 5 3 2
588 2 8 6 7 7 4 9 6 9 9 7 10 3 1 3 5 7 4 3 7
631 7 7 1 3 10 10 10 3 10 5 5 5 9 5 10 9 10 3 8 6
591 7 2 7 10 8 5 3 10 5 5 3 4 7 1 5 8 5 10 3 9
525 2 5 6 2 10 6 1 6 8 8 2 6 5 4 6 5 6 7 8 2
20
598 9 4 7 4 10 3 3 9 5 6 8 4 10 7 4 10 7 1 3 9
629 6 7 7 6 10 9 2 6 9 4 8 4 9 3 5 6 7 9 6 3
626 6 8 9 3 8 2 1 6 4 9 1 5 5 8 4 4 9 9 10 7
570 4 4 5 4 8 9 10 5 6 7 8 9 7 9 1 1 2 2 7 5
593 4 2 3 9 2 2 9 3 10 4 6 7 10 1 10 2 9 1 8 10
615 6 5 1 6 8 2 10 3 8 1 10 8 6 10 5 3 1 9 2 6
591 1 4 2 9 7 3 9 7 4 6 3 2 9 3 1 8 8 8 3 9
686 6 7 4 10 5 4 2 6 10 6 2 5 5 5 3 8 10 8 4 8
540 10 5 8 10 2 6 9 8 2 8 10 8 4 2 3 5 5 2 4 5
470 9 5 7 2 3 1 5 7 10 8 7 5 1 8 9 1 2 2 4 3
623 10 4 5 7 2 1 9 6 3 7 7 7 5 7 9 6 6 8 2 9
650 1 7 1 10 6 8 10 2 9 3 5 4 8 9 7 9 4 9 6 2
507 4 5 1 1 8 6 5 5 8 5 9 5 9 6 1 4 2 3 8 3
588 8 9 4 4 9 5 4 6 9 4 10 8 10 9 9 4 2 4 7 2
634 8 10 9 9 9 9 9 8 3 6 7 5 4 4 8 5 4 10 4 6
559 2 3 10 7 4 7 4 7 9 2 4 10 7 8 4 6 3 6 3 2
488 10 7 4 5 7 10 3 4 6 8 6 5 2 8 7 6 2 1 2 6
621 2 3 2 6 7 10 4 7 7 3 6 3 6 5 5 6 10 7 5 5
455 8 9 8 5 7 9 1 6 5 5 5 4 7 3 5 9 3 1 1 7
649 9 4 2 9 6 1 8 9 8 4 9 3 6 5 10 7 2 8 10 9
20
602 2 7 6 5 2 5 10 8 5 4 9 7 4 5 7 6 6 9 6 8
479 5 5 3 6 2 6 1 1 1 5 7 6 1 7 3 7 9 1 7 8
592 5 1 5 10 2 4 8 10 4 10 1 2 6 6 3 1 9 6 3 2
556 4 10 2 7 4 3 10 7 3 5 7 9 6 7 8 3 8 1 9 4
400 5 4 8 1 1 5 1 3 2 1 1 1 5 7 7 9 8 8 2 4
579 3 3 4 2 8 8 4 7 5 6 8 4 2 4 7 4 9 10 6 9
496 10 6 3 7 3 1 2 4 1 2 3 2 4 5 10 3 9 9 3 2
548 10 6 10 1 1 4 2 9 7 5 3 8 5 7 3 3 8 4 8 8
547 3 5 1 3 2 5 10 5 1 2 3 9 7 9 4 7 9 9 6 3
643 7 8 6 8 1 10 6 8 10 10 8 7 8 7 1 6 1 7 4 2
675 1 6 9 10 8 9 5 3 5 6 5 1 4 7 9 8 6 9 10 9
425 2 3 6 4 1 2 9 3 4 1 10 2 10 1 7 7 3 4 2 8
622 3 4 1 8 6 3 4 8 8 10 10 5 7 7 4 7 6 4 3 5
630 6 4 7 8 4 6 1 5 4 10 2 1 8 2 9 1 10 8 4 10
628 1 10 8 10 9 2 4 7 10 7 8 1 7 8 3 6 1 9 3 1
609 3 5 4 3 9 6 5 10 5 5 8 1 10 10 4 1 3 4 9 7
528 2 3 5 6 10 3 2 9 7 3 3 3 8 3 5 7 6 1 3 8
543 9 9 6 10 4 10 3 2 5 6 4 9 7 9 10 5 6 1 7 1
651 1 10 2 4 9 3 6 10 6 1 8 7 9 6 8 5 4 9 7 7
611 6 9 2 3 5 3 1 9 5 10 6 1 7 7 7 2 6 7 5 10
20
549 3 6 6 7 10 6 6 2 2 7 8 7 9 7 8 10 4 1 5 3
606 8 4 4 5 7 10 1 2 4 7 2 8 10 9 2 7 8 8 7 4
595 8 6 3 7 10 3 7 7 6 3 4 7 8 3 7 5 4 5 8 8
547 10 5 5 8 6 5 5 6 2 3 7 7 1 10 2 5 6 5 2 4
462 1 9 2 2 9 8 9 7 7 10 6 1 1 5 5 4 1 9 2 2
462 1 5 10 6 10 5 3 2 2 3 10 5 3 1 5 6 2 5 9 3
609 8 3 6 6 1 5 3 6 8 8 7 9 5 5 7 9 6 7 5 6
584 8 5 6 9 4 3 6 1 8 9 3 6 7 9 6 10 2 5 1 4
588 3 2 7 6 2 3 2 2 2 4 10 4 3 4 4 8 10 10 9 10
444 1 6 6 6 1 5 4 6 5 1 7 9 7 3 1 7 1 5 2 4
502 10 7 7 6 8 2 4 9 7 6 2 6 5 1 10 4 2 9 3 2
571 7 7 3 8 7 4 7 5 3 9 6 4 6 6 6 7 3 10 9 3
600 2 2 7 9 7 1 1 6 6 6 7 5 4 4 10 10 4 7 5 10
601 9 7 5 10 5 7 9 10 5 1 9 3 6 6 6 7 4 6 4 5
567 3 4 9 3 1 8 4 1 6 8 10 2 10 3 1 2 4 10 7 3
561 2 7 8 10 6 3 8 3 7 5 3 5 10 5 3 3 7 2 3 6
590 5 3 4 2 10 7 4 5 9 5 10 5 7 9 3 6 2 9 4 1
588 8 10 2 6 2 9 3 9 4 9 10 2 5 2 3 9 7 8 8 5
662 3 8 10 10 9 8 6 8 8 7 9 10 3 5 10 8 5 4 2 8
558 5 2 10 10 6 5 10 5 4 8 6 9 3 1 2 9 2 9 1 4
20
502 3 3 1 4 6 7 1 8 10 1 10 9 9 4 5 7 2 4 1 2
552 10 3 1 8 9 1 3 6 9 9 7 3 8 4 6 5 1 10 1 2
538 6 8 5 8 6 7 7 10 2 2 10 7 1 5 2 7 7 3 1 4
551 5 10 3 3 4 2 3 9 8 6 9 9 1 2 6 4 7 8 2 4
488 3 5 4 6 8 2 9 7 4 9 4 8 4 7 9 7 7 4 2 2
550 3 9 9 10 8 4 9 1 1 7 4 9 6 7 4 4 2 2 1 10
537 6 6 2 1 8 8 5 10 5 4 7 7 8 7 8 9 1 6 10 4
444 4 3 5 2 9 6 4 6 5 3 2 5 3 2 1 4 10 3 7 8
567 10 4 9 7 3 9 10 6 5 10 2 7 6 6 3 4 6 4 4 3
497 8 2 2 2 5 5 10 6 3 4 8 2 6 4 8 2 10 2 3 7
552 1 10 6 3 6 3 2 10 10 1 4 10 6 4 10 10 5 3 2 10
576 8 3 8 2 9 6 1 9 9 10 10 2 1 2 4 3 7 9 6 7
549 4 9 8 8 5 9 10 7 5 3 1 4 2 8 5 3 8 1 2 6
565 8 2 5 6 6 5 8 8 10 6 1 10 5 2 6 10 9 2 4 8
608 10 1 1 3 1 3 2 3 10 6 3 7 8 6 7 6 8 8 4 9
486 8 5 6 4 9 6 2 2 7 1 2 8 3 8 10 8 1 8 9 1
535 6 7 3 1 10 4 10 8 10 1 10 4 5 6 2 4 9 2 1 5
572 10 2 9 4 3 8 1 2 3 8 9 4 4 5 6 1 10 8 6 5
572 5 5 10 10 1 8 9 2 10 4 2 4 5 9 8 7 2 2 9 2
558 8 9 4 1 7 4 8 7 5 2 10 9 3 6 10 7 7 7 5 7
20
617 10 6 2 10 3 10 1 3 4 4 4 1 10 2 4 9 8 10 4 4
538 6 1 2 6 3 8 3 10 4 4 3 3 8 6 3 8 6 6 2 9
500 7 10 10 4 8 10 2 1 3 5 3 4 7 5 10 6 10 1 10 3
608 4 4 5 10 8 2 9 1 8 5 5 1 9 10 3 3 1 9 10 2
536 2 1 9 3 3 7 3 5 10 9 8 1 10 9 7 5 2 4 5 2
550 2 10 3 7 4 2 10 7 5 9 3 8 6 6 2 8 2 3 1 8
698 10 4 3 9 1 7 8 7 5 6 6 10 7 4 3 2 9 7 10 8
532 5 7 5 6 2 9 8 2 9 2 4 3 5 9 6 9 5 3 6 2
506 3 1 9 1 5 3 9 1 1 7 10 8 8 2 6 3 6 6 3 10
635 7 8 9 3 7 6 7 10 7 7 7 7 4 9 5 10 7 3 5 8
671 9 8 7 8 8 8 3 8 1 8 10 7 4 5 2 9 7 10 8 4
649 3 6 4 6 2 4 3 5 2 8 7 7 1 9 2 5 10 8 10 8
692 8 10 10 5 1 10 6 5 9 6 6 4 8 8 5 6 8 6 8 10
520 6 6 10 7 2 6 10 1 10 6 1 6 3 2 9 2 1 10 1 9
555 6 4 9 2 7 10 1 7 5 3 7 6 6 4 2 10 8 3 4 10
598 9 2 9 7 7 2 1 3 6 9 9 9 5 4 1 3 4 10 10 4
662 8 7 5 8 3 4 7 9 10 2 7 9 10 10 4 9 1 6 10 4
592 1 2 7 1 10 5 2 8 4 6 2 6 7 10 10 8 5 9 4 6
594 3 2 7 4 7 2 6 7 9 2 9 8 2 5 5 8 8 10 3 6
614 8 5 10 6 10 8 10 3 2 1 9 7 3 9 6 4 3 10 4 7
20
586 10 3 5 8 10 2 8 9 10 3 9 10 8 3 4 1 2 3 3 7
536 1 1 9 7 7 7 10 3 6 7 3 3 5 5 2 3 6 1 4 8
387 8 1 4 6 8 7 5 3 2 8 4 5 3 3 1 9 1 3 4 3
598 3 5 1 8 2 6 6 10 2 4 9 8 4 10 8 7 2 7 5 7
571 6 5 5 9 3 5 6 9 8 3 3 1 7 3 2 3 4 9 5 3
563 1 3 4 9 1 8 5 3 2 8 6 9 9 2 10 2 6 2 8 7
707 1 3 7 8 5 6 6 10 3 10 10 3 1 10 7 3 4 9 10 8
502 2 2 9 7 4 3 2 3 2 4 7 10 10 3 8 4 1 6 9 1
495 5 7 3 6 5 5 4 2 2 1 6 1 10 5 8 2 1 10 8 5
652 3 8 5 4 10 7 6 3 7 3 9 3 4 10 8 5 10 3 6 10
574 6 10 7 9 2 7 5 5 1 1 10 3 6 10 7 10 10 3 4 4
654 6 7 4 6 7 10 2 10 9 8 3 6 10 10 1 5 4 6 4 1
545 5 8 2 1 10 3 4 7 8 9 6 1 7 4 3 5 2 7 2 8
529 4 8 5 2 2 9 10 4 8 7 8 9 1 6 1 10 9 1 7 6
552 1 2 2 9 7 1 3 1 3 9 8 4 1 9 9 9 9 4 10 2
547 6 2 2 5 10 7 3 1 6 10 6 8 2 10 5 1 6 2 3 5
607 7 9 6 2 10 5 7 8 8 5 4 5 2 8 8 1 8 9 2 5
419 10 8 8 4 1 5 10 10 1 7 5 6 1 5 6 3 3 2 10 3
701 1 4 3 8 9 7 10 6 8 2 4 10 5 7 9 9 10 9 1 9
582 9 4 6 3 5 7 4 7 6 8 10 2 7 1 9 5 4 6 5 10
20
575 3 10 6 8 10 8 5 7 4 4 10 6 2 9 6 3 6 1 2 7
421 2 6 5 3 7 4 2 9 2 5 9 8 3 1 5 3 10 1 1 7
664 10 10 2 4 8 2 7 5 9 5 8 5 10 2 8 4 7 9 7 9
608 1 6 4 7 3 1 7 3 5 4 9 10 9 7 1 9 8 7 6 3
526 4 8 2 2 3 3 3 4 8 10 2 10 1 2 7 5 7 10 10 3
678 3 10 7 7 1 7 3 8 9 4 9 2 4 7 4 3 3 7 9 8
514 7 2 1 1 5 7 4 10 6 10 2 1 9 9 3 9 6 1 4 5
566 2 7 4 6 2 8 4 1 1 9 10 10 8 9 7 10 6 8 3 3
652 1 10 10 6 10 8 4 7 10 9 7 7 1 8 1 3 10 8 1 3
535 3 8 10 5 3 9 6 2 4 1 7 4 9 8 2 4 3 2 5 6
557 5 4 9 5 6 10 5 6 6 9 8 5 5 10 8 5 7 2 5 2
440 10 9 7 2 2 6 8 5 1 5 10 10 5 3 6 10 3 1 5 6
569 5 1 7 8 9 8 2 6 1 4 6 7 7 10 8 2 4 6 5 2
638 6 10 3 8 10 6 6 9 6 9 7 5 2 8 6 6 10 2 4 6
574 8 5 5 9 5 8 8 1 6 10 2 2 8 5 8 2 4 9 3 2
590 1 4 1 8 10 2 10 4 2 8 9 3 7 9 1 10 9 3 3 8
487 7 2 1 9 6 3 6 4 5 3 4 10 10 2 1 9 6 1 1 10
493 3 1 9 4 10 10 8 6 4 7 5 4 2 2 10 5 3 6 4 9
589 9 7 9 2 7 6 10 2 10 2 7 5 8 5 10 1 9 8 2 3
535 2 3 8 2 5 7 8 3 7 9 8 8 8 7 4 1 2 7 2 4
20
697 6 3 7 6 10 10 5 3 9 6 4 8 6 10 5 9 9 7 9 5
673 3 3 10 9 10 2 8 2 6 9 9 2 7 5 1 6 7 8 4 7
601 7 10 6 10 1 10 2 3 9 4 9 8 6 1 10 4 6 2 8 6
611 6 3 9 9 6 3 1 10 10 7 8 1 5 5 10 1 5 4 1 7
610 9 10 4 7 8 6 9 2 3 1 2 8 9 7 4 10 7 7 4 6
620 10 2 5 7 2 8 3 4 3 4 10 1 7 9 1 5 6 6 5 7
518 10 9 2 5 3 7 9 7 3 5 2 5 5 6 1 9 9 2 10 3
568 5 8 10 1 2 9 5 5 10 10 4 10 1 6 4 8 4 7 9 2
579 3 1 8 6 3 7 3 1 10 4 1 10 9 10 10 8 3 4 6 8
484 5 4 5 3 10 6 10 7 5 3 1 8 1 7 10 10 5 2 7 4
679 4 10 10 7 5 10 2 1 7 8 6 3 4 10 2 4 4 8 6 9
591 7 3 9 9 8 2 10 4 8 1 10 9 6 3 7 1 8 5 6 2
587 2 9 9 4 5 4 2 4 6 10 8 9 9 2 3 4 10 6 5 3
473 5 4 2 8 10 6 10 2 10 9 4 5 2 2 6 6 1 6 4 2
550 10 7 10 8 10 2 4 10 6 3 9 4 1 3 5 8 2 1 5 9
558 1 3 7 3 7 5 2 10 5 2 9 10 1 2 10 7 10 10 2 4
476 5 7 10 2 4 2 4 7 1 3 10 10 10 4 9 10 2 2 2 9
544 5 2 1 6 8 5 2 1 7 5 3 5 9 6 1 10 4 8 3 5
551 4 6 7 10 4 2 10 1 9 1 5 2 8 4 8 1 3 6 2 3
479 8 3 6 3 1 6 3 4 6 7 2 5 8 8 4 2 7 3 3 3
20
591 6 8 10 2 7 4 2 9 3 3 10 6 10 8 7 9 4 7 9 1
640 3 8 8 4 8 6 9 5 10 7 2 7 3 9 8 6 10 3 10 3
508 5 4 1 2 1 2 4 9 4 1 9 8 8 9 5 8 2 2 3 8
590 6 2 6 10 7 8 6 4 2 5 3 10 7 10 2 2 5 7 6 2
608 3 8 5 10 9 7 9 8 4 5 5 6 7 7 4 1 4 8 9 1
470 3 10 10 1 6 5 10 2 1 2 2 4 3 6 3 10 4 10 1 6
489 7 3 5 10 4 5 9 1 2 1 1 3 2 4 3 7 5 8 5 4
466 3 9 10 2 1 8 3 3 9 6 3 6 10 5 5 2 7 2 1 4
524 1 7 8 9 8 7 9 3 6 1 3 3 3 9 2 1 1 2 8 10
617 6 10 2 9 1 1 4 9 9 7 8 3 8 2 8 1 7 3 10 6
664 7 9 5 10 9 4 2 2 9 6 6 5 5 9 10 2 7 7 8 1
535 7 4 4 1 2 6 2 10 6 10 8 6 5 8 7 5 4 3 5 10
534 6 10 7 5 5 7 1 6 1 5 3 6 9 9 3 5 9 1 3 5
508 3 5 4 2 9 2 3 7 7 10 1 7 10 8 9 1 5 1 2 8
671 3 3 5 1 8 6 1 10 8 9 5 2 5 8 10 3 8 10 6 8
479 4 2 6 2 4 1 1 2 4 5 9 6 4 8 1 9 9 5 6 1
359 10 4 8 4 3 1 8 2 2 6 1 1 8 1 5 8 3 4 2 7
708 6 3 3 4 9 7 8 10 8 7 9 3 9 10 4 9 7 4 10 6
614 2 7 6 10 6 8 10 10 9 7 7 9 1 1 6 9 6 4 8 4
559 7 10 1 9 2 10 6 8 8 3 7 10 1 8 3 4 6 1 6 1
20
689 7 5 9 9 8 7 8 5 3 10 5 8 10 9 6 4 5 6 9 7
656 1 2 6 7 5 5 2 2 3 5 3 4 10 10 7 6 10 9 8 5
588 3 7 1 10 10 9 2 10 5 4 5 3 10 1 5 1 7 1 5 8
543 5 6 9 6 9 10 6 9 2 9 4 10 5 3 9 3 9 2 6 4
452 5 4 8 5 10 6 2 3 3 7 9 3 1 6 5 4 4 1 1 8
570 5 5 4 1 4 4 2 6 7 10 6 9 5 8 2 4 6 10 9 3
484 6 2 1 1 8 3 5 1 9 5 3 6 5 8 9 3 3 8 10 2
469 9 9 8 2 10 2 5 7 8 3 1 3 5 5 1 5 2 9 4 3
517 1 8 4 6 10 6 5 10 6 8 3 4 1 1 3 2 3 6 4 6
464 3 8 1 8 6 8 3 1 10 2 4 9 5 1 6 5 7 1 6 3
484 7 10 7 5 6 1 7 7 10 3 2 2 3 2 5 1 9 2 6 4
424 9 2 7 2 6 10 2 2 5 7 7 8 1 3 7 6 3 4 10 2
572 9 7 9 10 9 1 9 7 5 3 6 7 3 2 8 3 6 6 4 10
481 4 8 2 5 7 8 1 9 2 6 1 1 5 8 5 5 10 3 5 3
350 7 5 5 1 2 4 3 1 7 2 8 10 5 2 8 7 3 3 1 3
555 8 6 10 9 10 8 1 1 2 7 2 1 4 6 8 3 9 4 4 5
560 9 10 5 6 1 5 3 9 4 6 6 4 6 8 4 10 4 5 9 4
632 1 4 6 9 3 2 7 8 1 10 8 4 8 8 1 7 6 8 9 4
629 3 5 2 6 5 6 9 7 3 9 3 2 8 10 3 9 6 7 8 9
632 5 8 9 4 6 1 9 9 10 1 7 9 2 4 6 8 7 8 9 9
20
607 8 4 8 3 5 6 8 2 1 9 4 2 10 10 3 10 9 8 5 8
515 4 9 9 2 2 1 4 3 8 10 7 9 7 6 4 2 8 2 9 3
576 5 6 1 10 2 4 7 6 3 9 1 5 5 2 4 3 6 6 6 9
556 5 4 3 6 5 6 9 1 5 8 3 9 7 8 2 4 5 6 2 10
517 8 5 6 1 8 1 2 5 2 10 7 8 9 1 2 6 9 6 6 9
664 9 2 10 3 4 8 7 5 10 1 2 3 9 10 4 10 4 10 9 8
678 3 1 7 5 3 3 2 10 9 1 10 4 9 8 6 1 10 8 8 4
421 2 3 7 6 1 8 10 6 5 10 2 7 5 1 3 10 1 3 5 2
568 6 6 5 2 7 4 8 9 3 10 2 10 9 7 9 3 5 7 10 4
575 5 9 1 1 1 6 7 8 3 10 6 1 5 9 3 8 9 6 8 8
501 9 4 5 10 6 10 4 10 7 3 2 10 5 2 4 5 4 2 3 4
716 3 10 5 9 4 8 8 1 9 9 9 4 10 6 6 4 10 7 8 2
393 5 6 3 1 8 1 8 8 10 9 6 1 1 1 6 1 6 2 5 1
496 2 3 7 8 6 5 9 5 3 1 1 3 8 6 9 2 2 1 7 10
499 8 3 10 4 9 6 3 10 4 4 2 2 8 8 8 7 4 2 2 9
513 4 8 10 2 3 7 6 8 2 8 7 8 10 5 1 6 4 2 5 10
412 10 8 9 9 3 4 3 2 1 1 4 4 2 1 4 5 2 4 6 6
522 9 4 9 10 3 7 4 8 3 1 1 8 1 7 5 8 4 5 10 6
525 2 5 3 9 7 7 2 10 4 9 4 7 3 5 5 4 2 10 2 2
630 5 10 5 6 2 9 2 6 8 1 10 10 5 8 5 1 4 8 4 9
20
556 6 3 7 4 5 5 2 5 7 1 6 3 4 3 7 3 1 10 9 8
567 3 10 7 7 2 10 3 8 1 9 9 6 9 1 7 9 6 5 4 8
557 3 6 7 6 9 2 7 9 4 2 4 3 9 5 9 3 10 7 1 2
459 9 8 7 6 7 7 2 1 2 10 1 6 3 3 6 2 4 1 4 9
520 4 3 9 8 5 5 7 7 2 1 1 4 9 1 6 8 6 1 10 10
616 4 8 4 2 1 7 8 4 8 10 9 10 2 9 3 2 5 10 5 6
468 3 2 2 2 9 8 1 5 7 8 2 5 1 6 5 10 4 5 8 3
550 10 5 6 9 7 4 6 8 3 1 3 9 2 6 4 1 6 4 10 7
587 3 2 7 6 9 10 7 6 9 7 7 8 10 6 9 9 3 1 1 4
573 9 10 5 9 7 8 6 3 4 7 5 1 7 6 7 7 4 6 4 7
576 10 4 3 10 7 4 8 4 6 10 8 1 2 3 2 9 8 2 10 2
575 4 6 6 6 9 4 10 4 9 4 4 5 2 8 10 4 7 1 4 7
466 10 8 7 2 1 2 9 8 2 8 6 3 7 3 6 1 10 3 10 2
497 3 6 6 5 3 3 2 2 3 2 1 1 9 8 3 10 4 7 6 6
540 8 2 7 9 10 9 8 1 2 5 2 7 5 10 8 8 4 5 2 5
580 6 4 1 3 7 10 8 6 7 7 1 2 10 10 1 6 7 10 2 2
685 4 2 6 10 1 5 8 7 8 10 6 2 6 3 3 5 8 8 10 7
504 2 2 4 10 9 2 2 2 10 2 4 5 3 10 8 2 1 5 7 1
515 1 6 6 4 10 9 4 7 2 7 6 8 2 1 10 1 10 6 1 4
394 4 2 4 8 3 4 3 5 5 3 1 10 2 3 7 8 3 3 4 5
20
481 1 4 10 3 5 3 4 1 3 3 1 8 6 5 5 10 7 8 10 1
636 4 10 4 1 3 5 4 3 7 6 1 7 9 9 10 9 3 8 10 10
500 2 10 4 5 1 7 3 7 5 7 5 8 2 10 1 2 1 5 3 4
480 1 10 2 10 6 9 7 4 1 6 6 4 4 1 4 2 3 7 2 4
640 8 7 10 4 5 7 8 3 9 3 10 9 6 6 9 8 10 6 9 3
576 4 3 4 2 7 5 5 10 7 1 5 4 7 5 9 6 7 8 10 5
502 4 3 10 9 6 4 10 6 2 4 1 10 8 1 3 4 5 2 9 4
590 2 9 5 7 8 9 4 3 9 10 3 7 2 5 1 3 5 8 5 4
538 3 7 3 8 1 7 7 8 8 6 9 10 4 5 10 8 4 1 1 6
584 7 5 1 8 5 5 7 6 6 6 3 10 1 3 5 10 4 8 10 8
419 7 3 2 1 1 1 4 3 2 2 2 5 1 2 5 7 6 9 7 7
553 8 8 5 1 3 6 10 10 6 8 5 3 10 2 10 3 4 9 2 3
601 10 1 5 9 1 5 9 10 2 5 7 3 8 8 3 10 8 8 2 5
554 6 2 4 7 4 9 1 7 6 1 10 8 5 2 2 3 2 8 10 1
556 4 2 5 7 10 2 5 5 2 10 2 5 1 8 4 10 10 3 6 9
463 6 1 4 3 6 4 9 8 3 5 8 1 2 8 8 2 1 5 7 4
383 4 2 2 1 3 6 7 2 3 6 3 4 8 1 4 3 7 1 1 7
513 1 6 9 8 3 1 6 5 6 5 4 8 8 9 6 1 2 4 5 2
588 5 3 8 7 10 8 1 1 4 7 5 6 10 9 10 9 2 6 5 6
510 7 1 4 1 1 10 9 8 1 7 1 6 8 8 6 5 4 10 4 4
20
570 4 6 7 6 8 4 9 3 3 9 6 4 9 6 7 8 6 5 3 3
566 5 5 3 1 6 5 5 7 10 7 3 5 2 10 3 5 8 3 8 5
563 8 10 6 4 8 8 6 6 1 8 4 10 9 9 8 7 3 5 1 9
455 4 7 2 5 1 7 10 1 7 1 4 10 2 1 9 1 5 7 1 6
639 9 8 3 9 5 1 8 3 3 5 7 10 6 6 3 8 6 7 6 9
643 5 2 7 6 8 7 7 6 9 4 9 5 9 6 10 7 5 4 9 6
501 1 7 8 5 4 5 1 7 9 4 5 4 3 4 7 2 4 6 8 4
410 10 8 1 2 3 6 3 6 7 2 2 9 10 2 7 5 4 1 5 3
577 2 1 10 9 6 5 1 4 7 7 5 6 10 7 4 10 5 3 5 5
419 5 3 7 3 3 6 1 7 5 8 7 7 4 2 5 3 2 3 3 2
469 4 6 6 4 4 2 8 9 10 3 5 7 5 5 7 1 2 5 1 2
598 4 1 3 8 8 8 2 10 10 10 2 5 4 8 5 3 3 3 9 6
580 3 4 5 9 1 8 10 2 8 2 6 3 4 4 3 5 8 6 6 8
544 3 2 8 8 3 6 7 6 6 8 3 2 1 4 7 2 7 3 8 6
568 5 10 1 9 9 1 9 7 7 5 7 6 9 2 5 4 5 4 4 8
524 10 7 4 2 5 7 1 3 3 2 2 10 2 6 1 1 9 4 8 10
564 4 8 4 2 7 4 2 4 8 6 5 8 9 8 8 3 7 5 1 7
438 6 3 4 1 6 5 10 9 3 1 3 9 7 1 1 5 6 7 1 6
579 6 1 5 1 5 1 9 2 3 10 6 9 7 5 6 10 3 9 10 8
578 8 6 4 9 9 5 10 4 10 1 5 2 3 9 7 4 9 4 4 2
20
625 2 1 1 9 9 2 10 6 6 2 3 7 7 8 3 9 5 7 10 4
617 9 7 6 1 4 9 1 6 6 7 10 8 9 2 8 4 6 9 9 8
414 7 3 6 1 1 3 9 4 3 7 3 4 2 7 8 5 2 5 3 5
512 7 7 3 1 4 4 3 10 8 3 4 1 7 6 2 7 2 8 8 1
522 3 4 7 4 4 6 2 7 8 10 3 10 2 2 9 3 6 8 3 1
532 10 8 3 3 7 5 3 8 4 10 8 1 2 10 9 3 6 6 4 2
643 8 10 8 5 1 4 9 7 6 6 10 5 1 3 6 9 9 8 7 7
657 6 7 2 5 3 5 2 9 8 8 6 9 2 9 1 8 8 7 5 10
664 6 10 2 2 4 10 7 7 8 1 10 5 9 3 6 8 9 7 7 9
587 4 8 1 9 9 2 5 10 5 3 9 1 3 5 8 3 5 10 1 2
497 1 4 1 8 5 6 9 6 8 1 7 9 6 1 7 10 4 1 6 8
653 10 8 6 1 4 10 7 5 8 9 1 8 10 7 4 9 10 6 7 8
400 9 3 3 6 10 1 4 3 4 3 1 2 5 10 10 3 1 1 2 5
558 1 8 3 7 6 5 9 4 5 2 10 7 5 4 10 3 8 8 1 4
701 9 10 2 3 8 8 3 6 9 1 9 9 10 8 3 1 9 8 3 9
520 2 4 7 6 2 3 9 2 2 2 10 1 3 9 5 3 1 10 8 6
516 3 8 2 6 7 2 7 1 2 6 5 3 1 9 10 10 9 4 5 6
515 4 5 8 7 8 2 7 1 7 10 3 4 5 6 3 5 8 3 8 1
592 4 1 5 1 4 1 3 2 6 9 10 7 8 10 3 9 4 9 6 7
584 3 8 9 5 7 1 8 3 7 3 4 3 3 7 9 1 10 7 1 7
20
573 8 2 2 6 2 8 9 10 3 10 4 8 8 6 6 2 4 7 5 1
428 6 5 9 4 2 8 6 4 4 5 2 5 2 5 9 3 6 1 1 5
588 9 5 5 9 10 2 4 4 5 2 2 10 6 9 4 4 6 4 8 6
498 6 4 6 7 8 2 10 5 4 2 9 2 6 7 6 9 1 2 2 4
488 1 8 3 3 6 7 3 4 3 1 5 10 3 6 2 3 4 5 8 9
402 9 5 8 5 6 1 4 9 2 8 4 1 4 4 8 10 1 3 1 7
603 5 10 5 10 8 6 7 4 3 3 9 6 8 4 8 3 8 1 3 9
407 10 8 8 3 2 10 6 6 5 7 2 1 4 1 9 3 3 4 7 4
415 7 4 9 5 1 9 5 8 3 6 1 6 1 3 9 7 7 3 2 2
621 6 7 8 5 6 7 10 4 9 1 8 7 10 8 6 9 3 8 6 3
567 2 4 6 6 8 5 6 9 7 8 5 3 9 1 2 5 3 7 6 7
645 10 9 8 9 4 3 9 6 7 9 1 9 1 5 7 8 4 10 3 8
590 10 9 9 8 7 7 8 2 7 1 1 3 7 4 3 7 8 9 4 1
618 3 1 8 9 10 3 3 6 3 8 2 8 4 10 5 8 7 5 7 8
604 8 1 3 8 5 10 1 7 7 2 9 4 2 10 8 4 6 8 7 3
682 10 7 7 2 7 8 9 10 9 10 9 8 8 4 9 1 4 5 10 7
571 9 4 7 1 4 5 7 4 10 8 2 4 4 7 8 1 7 4 7 6
505 7 10 4 9 9 3 9 4 5 9 1 5 2 7 2 7 4 1 7 2
460 3 10 5 1 1 2 2 1 6 4 2 1 7 5 9 2 9 8 5 4
633 1 10 9 8 4 8 5 5 5 10 7 2 9 10 1 5 8 3 2 1
20
589 6 1 10 1 5 7 6 8 10 4 10 4 10 3 5 1 3 9 1 10
600 3 8 9 8 6 9 3 8 6 6 10 1 9 1 7 1 5 10 4 2
661 7 9 9 7 10 8 7 9 3 10 1 3 3 8 10 7 6 10 10 7
544 7 1 4 10 8 4 1 7 1 8 7 9 3 5 4 2 6 3 7 7
433 4 7 1 6 2 1 6 2 9 1 8 4 1 2 6 8 2 6 5 1
589 9 7 3 3 3 6 9 4 1 4 10 7 8 4 3 10 10 7 3 8
530 3 2 3 4 5 1 1 10 1 1 8 5 1 6 5 1 3 10 9 8
589 4 1 1 9 3 9 3 6 4 7 6 8 8 6 10 6 2 10 4 5
603 8 3 4 4 8 3 3 8 5 7 8 10 4 8 10 4 1 8 4 9
490 6 1 5 4 2 10 1 5 5 1 3 6 10 2 5 6 5 10 1 3
460 10 4 2 9 9 3 5 6 2 4 3 8 1 5 3 2 3 4 8 6
483 5 8 4 10 5 7 5 9 1 7 1 1 7 3 5 10 1 6 10 2
475 2 6 1 10 6 5 4 1 6 1 2 3 8 1 1 9 6 6 3 6
566 8 4 4 7 2 1 2 2 3 2 7 7 8 10 10 4 1 9 8 5
587 2 1 1 9 8 5 1 4 7 4 7 3 8 1 5 4 8 7 10 6
619 4 5 3 2 3 9 9 9 9 5 8 3 4 8 2 4 4 8 2 9
686 3 4 5 7 8 8 4 4 8 1 4 1 10 7 5 4 10 9 10 4
507 4 5 10 10 8 8 5 3 5 4 2 6 7 10 8 3 1 1 9 2
620 8 3 1 6 10 4 3 5 5 8 7 9 9 7 8 7 2 7 8 4
484 7 3 6 2 1 2 1 7 6 5 2 4 1 5 8 9 3 8 9 10
20
447 6 9 7 7 9 2 3 5 7 3 2 9 3 1 3 8 2 7 8 2
503 9 8 4 3 10 3 4 3 3 7 9 3 8 4 6 9 3 8 1 4
522 8 10 7 2 2 2 3 9 7 2 7 2 6 5 4 9 7 4 2 8
522 7 3 4 7 6 6 4 6 5 5 6 1 2 5 9 6 10 2 2 6
514 8 3 5 10 3 3 6 7 3 4 3 4 4 5 10 6 5 1 4 7
468 7 1 3 2 5 4 3 1 5 4 9 3 7 3 8 6 8 4 2 6
631 7 8 1 8 4 4 7 5 7 10 2 9 1 6 8 6 5 10 7 9
389 8 6 6 4 5 2 4 1 1 10 2 2 5 4 10 1 2 4 4 7
666 8 7 8 9 1 10 8 9 6 2 5 9 5 10 9 7 9 4 5 6
674 10 10 9 10 3 9 3 5 8 10 10 2 10 4 5 9 5 1 5 6
569 4 4 2 9 6 7 10 1 4 1 8 6 7 3 9 4 2 9 5 10
654 9 10 5 4 3 5 1 6 6 6 9 8 1 10 7 8 7 6 6 10
577 5 3 10 10 8 5 10 9 1 1 9 7 2 10 1 2 1 10 7 3
580 5 9 5 3 3 6 6 3 5 10 10 6 6 2 1 5 8 9 5 5
659 9 5 1 6 7 4 5 4 10 7 1 5 3 9 9 6 4 10 5 9
565 8 10 3 1 3 4 5 8 10 3 6 5 2 6 3 2 9 9 3 1
411 2 4 3 3 4 4 8 3 4 3 6 1 1 4 4 2 9 4 10 1
529 7 9 8 10 3 10 1 1 4 9 1 10 1 4 2 2 5 9 2 5
481 4 1 1 5 9 4 8 7 9 8 3 9 5 3 9 8 1 2 5 5
606 1 9 7 4 8 9 2 7 8 10 7 6 3 10 10 10 9 3 2 5
20
521 3 9 6 7 2 1 5 8 8 2 5 3 5 6 2 4 2 5 1 7
543 1 8 2 9 6 2 3 2 3 3 9 2 4 2 3 2 9 7 5 8
533 9 8 9 4 6 4 9 1 10 8 10 1 6 1 3 9 3 5 8 1
492 3 3 4 5 9 4 7 9 5 3 1 7 8 2 4 8 5 8 4 6
564 4 6 3 5 8 2 2 3 8 3 5 6 9 10 7 9 2 4 3 9
597 3 10 6 7 10 4 7 7 3 5 3 8 6 7 2 8 9 5 6 6
445 10 6 2 8 9 1 2 7 6 2 3 5 3 6 6 5 2 2 4 4
541 2 8 6 7 7 5 4 7 1 7 7 4 6 2 6 6 3 9 10 2
576 6 10 7 2 1 8 5 6 4 10 3 1 7 10 10 8 4 8 6 5
486 5 2 9 6 7 9 2 5 9 4 8 5 4 10 4 3 1 1 4 1
587 2 9 1 3 1 9 2 10 3 5 10 9 6 10 7 10 9 2 10 3
428 3 1 9 1 5 9 4 8 1 8 5 3 1 1 8 3 2 8 6 6
570 5 8 8 8 10 9 1 5 1 1 8 4 9 6 3 6 6 3 9 8
536 5 2 7 3 8 4 10 6 7 1 8 3 3 5 5 9 10 5 8 3
673 10 10 5 7 6 4 10 9 3 10 9 10 5 9 2 2 6 2 6 9
475 1 2 8 4 5 6 3 2 9 5 4 1 2 9 9 10 5 3 2 2
561 6 6 7 7 9 4 8 8 2 7 4 8 6 7 4 10 8 1 8 4
602 1 8 5 10 9 4 6 10 1 6 3 9 4 7 2 2 5 6 10 10
594 10 9 8 10 4 8 9 7 7 10 4 1 4 6 6 10 6 1 2 8
546 8 4 1 9 8 5 10 5 10 1 8 5 10 8 1 3 4 1 4 2
20
652 10 9 2 7 3 2 9 4 10 8 4 4 10 9 2 5 9 1 9 9
497 5 6 4 2 9 8 9 8 1 10 7 7 2 3 2 9 9 2 3 8
572 9 4 9 6 8 4 9 3 1 3 3 10 1 7 2 2 10 6 5 9
633 10 5 10 2 10 6 4 8 5 6 6 1 7 9 7 7 5 7 7 7
502 10 10 5 1 6 4 1 2 1 6 7 3 9 3 6 2 6 7 8 6
626 4 10 4 3 4 4 4 3 3 6 10 8 8 7 10 8 8 7 6 7
551 5 5 1 7 4 8 5 6 7 8 8 9 2 4 4 1 4 5 10 3
558 1 10 6 8 1 8 9 10 10 8 1 8 5 8 10 2 7 1 1 2
571 5 8 1 4 3 6 10 4 4 7 10 10 4 9 10 10 3 3 7 8
599 7 4 10 9 2 9 4 5 6 9 5 10 5 1 2 9 10 3 4 5
566 1 9 9 2 8 9 4 1 4 6 7 1 5 7 5 7 10 6 6 4
600 3 2 9 1 8 10 10 9 8 1 1 3 7 5 3 1 10 10 8 2
427 10 3 8 2 3 4 1 6 5 2 8 4 10 4 6 5 4 3 1 3
574 8 5 5 10 4 8 4 3 7 10 1 10 1 9 7 7 6 6 3 2
503 2 2 4 4 5 8 4 3 2 5 1 4 10 2 10 3 4 10 8 8
538 1 4 1 2 8 5 5 3 1 9 5 4 10 4 1 3 4 9 9 10
523 4 8 9 1 8 8 1 8 10 1 9 1 3 4 4 5 4 9 6 4
573 4 9 1 9 10 9 9 8 2 5 10 5 7 1 5 9 4 9 4 4
460 10 2 4 7 8 5 3 3 6 2 4 10 7 6 1 5 4 3 6 2
470 2 3 1 7 10 6 5 9 2 8 6 5 6 3 8 2 6 5 6 1
20
471 6 8 8 2 5 8 4 3 2 2 9 6 3 7 6 5 1 7 8 6
510 10 4 9 8 9 4 9 9 7 3 2 2 7 1 2 5 3 8 2 1
666 1 8 8 9 1 3 10 8 9 8 2 6 3 9 3 4 8 5 3 10
590 6 7 3 7 9 9 4 10 6 3 9 2 6 7 3 4 4 9 7 1
434 7 9 8 2 8 2 3 9 7 8 5 9 2 1 7 1 6 6 1 2
623 10 7 2 8 10 5 3 7 7 7 3 2 5 7 6 10 8 7 7 4
680 4 4 3 6 2 6 7 9 8 5 7 9 6 9 7 10 10 3 6 7
644 7 7 5 4 6 1 6 2 9 6 10 7 6 9 7 2 9 8 1 6
572 8 6 6 9 9 1 1 9 10 7 5 3 5 2 6 3 7 3 5 8
487 3 9 2 1 9 4 2 1 9 10 5 9 2 8 9 6 3 5 4 3
671 2 10 10 8 7 6 8 3 4 8 7 10 7 8 7 6 5 3 8 8
500 10 4 4 3 10 10 9 3 6 1 4 2 3 7 1 7 10 6 3 1
622 9 8 2 9 8 7 6 7 2 9 10 5 3 9 5 8 5 2 2 8
444 3 4 6 5 2 10 7 9 3 9 1 4 3 1 1 3 5 2 9 5
507 1 8 2 1 3 3 8 7 10 6 8 9 7 4 10 8 1 7 4 1
581 10 3 6 10 9 3 3 9 5 9 2 3 7 6 8 9 4 2 7 9
655 7 8 7 10 4 8 7 6 5 4 9 8 6 2 9 8 8 6 6 6
560 10 9 2 8 6 1 1 6 9 6 6 3 5 10 7 4 7 2 3 4
567 1 1 10 2 9 6 5 8 1 10 6 8 4 10 5 6 4 8 9 3
508 7 5 5 4 5 1 7 5 7 7 10 7 9 1 3 4 1 7 6 6
20
548 4 8 9 3 4 6 3 6 7 9 2 5 6 4 9 6 7 6 10 6
501 1 1 7 6 5 3 3 10 5 6 8 7 3 2 5 10 7 7 3 4
431 8 7 1 1 1 1 1 8 7 9 4 5 5 6 4 6 4 3 4 4
540 9 5 2 10 1 9 9 10 1 1 9 1 5 1 7 5 4 7 7 8
642 10 9 1 9 5 4 3 6 6 6 10 7 1 6 4 6 9 6 4 9
553 5 2 6 9 6 1 1 2 10 2 9 1 9 2 8 9 10 3 1 7
503 1 10 2 2 5 6 8 4 7 3 6 3 4 10 4 5 8 1 3 4
419 4 5 3 1 5 6 3 2 3 4 1 9 3 3 6 1 6 9 9 2
555 8 8 3 9 2 4 3 10 6 3 3 9 6 4 4 5 3 5 4 7
495 7 3 5 7 1 5 6 1 3 9 10 4 1 5 7 7 9 6 4 2
637 6 7 7 10 7 1 9 2 9 9 4 9 2 9 5 4 3 9 5 2
630 2 8 4 1 4 6 5 8 8 5 3 6 3 8 5 8 10 10 10 5
519 9 7 3 7 7 2 1 3 6 7 9 1 4 3 6 3 2 8 6 7
626 8 9 7 10 9 5 10 5 7 6 7 1 2 9 6 9 4 1 9 9
600 3 4 3 10 10 2 1 9 5 5 6 3 4 3 10 7 5 10 4 3
539 4 3 4 2 1 4 3 8 2 10 8 7 5 6 1 6 4 5 10 6
582 8 7 9 1 9 7 8 3 6 6 1 1 9 10 6 1 8 5 2 7
403 8 4 1 4 10 4 3 4 3 7 4 1 6 3 1 5 1 4 10 1
552 8 5 5 7 4 8 5 10 2 6 4 7 6 3 4 7 4 4 10 10
594 5 4 6 3 7 3 9 10 2 10 10 2 6 3 9 2 10 5 3 10
20
433 2 5 1 3 7 2 9 3 5 2 2 3 7 4 6 4 4 5 9 6
686 3 2 4 9 9 6 5 9 8 7 9 9 2 10 1 8 1 5 10 10
540 1 5 5 1 10 1 10 1 10 5 7 1 3 10 5 1 7 4 1 5
621 1 2 2 9 7 1 5 7 7 1 2 9 8 10 6 9 6 3 10 6
652 5 6 10 10 8 3 7 8 5 7 10 9 8 4 2 4 6 3 9 5
507 10 6 6 9 7 3 10 5 4 1 9 2 3 2 7 9 3 1 4 9
446 10 8 7 8 1 4 3 5 1 3 9 3 2 1 2 7 1 1 7 10
395 1 2 1 1 6 5 4 2 1 2 3 10 4 7 8 9 8 1 6 6
582 7 3 8 3 8 9 2 10 7 4 5 9 9 8 8 2 9 2 1 3
597 10 8 6 10 4 9 7 8 9 9 1 3 7 4 4 2 1 3 2 8
582 1 2 4 5 10 8 7 6 10 9 6 3 1 5 2 3 10 3 1 10
651 1 7 6 9 5 8 2 3 3 6 8 10 10 7 8 1 9 10 1 2
528 1 6 7 2 7 2 7 4 9 5 8 7 7 7 3 8 1 1 10 3
592 5 6 3 6 4 1 8 6 7 6 6 7 5 1 2 3 10 8 3 8
420 2 7 10 3 6 9 7 3 2 7 2 1 2 8 10 5 4 2 5 1
530 5 10 4 9 3 10 3 6 7 5 1 7 3 8 9 9 2 5 5 3
524 5 4 9 3 2 6 9 1 5 6 7 2 4 6 4 1 7 2 6 8
553 1 6 5 2 9 9 8 8 7 5 4 1 5 3 3 4 6 8 2 7
590 9 1 4 10 6 4 2 2 7 4 5 8 2 1 2 5 7 6 10 8
554 2 8 3 8 8 4 5 8 6 6 4 2 1 7 6 2 7 4 4 5
20
602 4 2 8 3 4 4 4 7 1 6 5 7 6 8 7 8 10 8 1 10
565 7 6 3 7 7 5 4 1 8 5 4 1 9 7 6 6 10 5 3 4
493 7 3 9 6 1 2 7 2 5 2 1 2 2 4 5 9 6 9 9 6
504 2 1 9 3 1 5 6 5 1 6 2 9 2 9 4 1 6 9 4 7
625 5 10 2 9 9 4 1 6 5 5 9 8 1 8 8 4 5 10 8 3
621 4 7 5 5 5 4 5 7 8 3 9 6 6 8 6 8 5 8 9 5
433 4 5 2 2 6 8 9 1 5 10 4 2 3 3 4 1 3 8 3 1
603 8 4 8 5 8 4 7 10 6 4 6 3 4 9 2 2 6 1 8 9
610 3 7 3 5 7 2 6 10 1 5 6 6 10 8 1 10 1 10 10 4
431 3 9 6 3 6 7 6 3 3 7 3 10 8 1 3 2 3 3 1 10
497 7 1 8 7 4 7 1 1 5 7 9 2 7 9 3 10 4 1 5 3
448 6 4 3 5 1 3 8 6 1 1 1 10 3 3 3 5 7 2 4 10
489 1 10 10 5 6 4 8 7 3 2 4 8 2 5 5 1 3 9 9 4
618 10 8 1 6 6 9 6 1 6 10 2 2 8 1 10 3 9 10 5 7
600 3 2 10 5 1 6 1 3 8 2 4 4 4 8 5 7 9 8 3 7
544 4 1 10 3 5 9 9 2 5 5 10 9 1 9 4 5 4 8 7 4
680 10 3 9 5 7 10 2 7 8 3 2 2 9 8 9 6 8 10 10 5
534 10 7 4 6 2 1 3 2 1 9 7 9 5 6 5 1 8 9 6 5
518 2 4 6 7 2 3 9 3 6 4 3 3 3 10 10 4 6 4 6 2
567 9 2 7 1 9 5 10 1 7 5 3 8 8 7 3 5 9 2 3 10
20
560 7 3 10 4 9 5 10 4 6 8 2 4 5 9 6 2 8 2 1 7
582 8 1 10 4 6 10 10 7 7 1 6 6 7 9 6 6 4 8 4 3
647 5 9 1 6 1 8 9 3 4 9 4 4 7 9 5 2 9 7 5 6
554 5 10 3 10 10 7 7 10 3 1 6 8 3 5 3 3 8 2 4 2
468 7 1 1 3 7 3 1 4 8 1 4 1 5 6 2 6 7 3 2 5
473 2 8 4 2 10 7 8 7 6 1 3 3 3 4 9 7 5 7 10 1
560 1 10 6 9 4 1 6 6 8 2 9 5 8 3 5 2 2 5 5 2
654 2 2 7 7 1 8 4 7 10 1 6 1 8 6 7 1 8 8 5 7
588 7 5 4 9 8 10 10 9 1 2 7 3 9 10 8 9 2 3 10 2
418 8 3 4 3 4 5 8 5 2 2 3 5 3 2 10 2 4 7 3 10
556 1 5 4 5 3 3 10 9 7 7 4 1 9 5 2 4 2 9 7 4
540 5 9 9 5 5 5 1 5 3 2 8 4 2 6 8 10 9 9 2 5
603 6 6 3 4 8 7 10 9 3 10 4 5 7 5 3 6 7 6 9 5
598 7 10 7 1 8 9 3 8 2 10 8 10 5 4 6 6 10 6 5 7
482 8 2 6 1 5 10 7 5 4 5 1 6 3 5 5 4 7 7 4 6
558 10 8 1 10 1 5 4 4 5 10 9 8 9 7 5 7 4 4 4 1
581 3 3 1 10 6 6 7 10 3 6 1 2 4 9 5 6 5 7 10 1
456 6 5 2 1 4 7 9 4 8 1 2 3 10 1 5 2 2 8 7 6
508 2 1 2 5 9 5 2 8 5 2 1 6 4 1 9 10 4 7 9 7
562 6 1 7 4 3 1 6 2 8 7 1 1 8 6 2 2 9 5 9 10
20
641 2 7 2 6 1 4 6 6 10 7 6 2 5 5 10 2 5 10 3 7
502 7 9 5 1 4 10 2 4 9 7 8 8 1 6 4 10 6 2 8 3
477 8 6 3 2 3 5 9 10 3 4 8 2 3 7 5 1 9 1 10 4
403 6 1 3 4 9 3 5 4 10 1 3 6 5 1 5 2 2 1 5 9
612 10 7 3 10 3 8 4 5 8 9 6 2 8 9 1 3 10 2 3 1
587 1 2 7 8 4 5 1 5 5 3 10 6 1 5 8 4 6 10 1 6
630 7 4 7 9 1 5 6 4 10 3 10 2 8 5 3 3 9 3 10 2
570 3 3 2 8 4 6 5 7 6 4 10 6 10 4 5 1 10 1 4 4
424 4 1 3 4 10 3 1 4 5 3 3 4 1 1 2 8 1 7 8 6
675 7 6 3 10 4 2 6 9 4 7 10 5 7 5 3 2 5 10 8 7
453 1 8 1 2 3 7 10 5 5 2 7 3 8 6 3 3 2 2 4 9
556 6 7 2 10 2 1 10 7 5 3 10 9 1 2 2 3 5 4 10 6
634 5 2 9 7 10 2 10 10 8 7 8 8 6 6 3 8 1 10 4 4
648 7 8 7 4 9 2 6 8 7 2 9 2 7 10 3 7 8 2 10 6
653 7 2 9 7 4 10 2 6 9 6 7 6 10 6 4 1 4 8 7 1
586 6 6 4 7 6 2 4 6 9 4 2 9 6 9 7 5 2 6 6 7
517 4 7 3 8 9 5 3 1 5 1 8 1 10 1 5 8 7 6 6 3
629 9 6 6 8 1 8 6 3 6 3 3 1 9 9 5 4 4 10 10 5
562 9 3 5 3 3 7 4 10 6 10 5 3 4 7 7 8 7 3 4 5
594 10 1 10 7 9 2 4 5 5 1 6 2 7 7 8 8 6 10 5 6
20
581 6 4 10 9 7 3 1 4 9 4 6 10 8 6 6 5 2 6 4 4
603 8 7 9 6 1 7 7 3 7 5 10 9 8 1 4 4 9 1 10 8
690 9 4 4 9 10 7 7 10 5 6 5 6 7 10 7 10 5 10 4 1
460 9 9 4 2 2 2 4 4 8 2 9 4 10 5 2 3 2 2 3 2
582 2 6 4 6 4 4 5 4 10 6 6 9 3 10 10 4 5 3 2 4
586 9 1 4 6 9 8 7 9 1 8 3 4 10 7 9 9 3 5 9 5
451 5 4 4 3 3 9 2 9 7 1 6 8 7 5 1 4 2 1 10 4
556 4 3 7 1 6 2 10 4 4 7 8 9 10 4 1 8 10 8 4 2
695 9 4 2 6 2 2 5 7 5 1 9 9 8 8 3 7 10 7 10 7
672 1 9 10 9 10 10 9 5 7 1 2 4 2 10 8 5 7 9 9 7
556 1 6 2 3 5 3 2 7 9 4 5 5 2 10 9 2 10 6 6 1
647 3 10 9 10 10 3 3 2 7 3 7 9 5 9 9 7 3 4 5 7
646 8 2 10 8 1 4 10 6 8 10 7 5 10 7 2 1 4 4 8 7
557 6 4 7 3 2 8 10 1 5 3 1 4 9 6 7 6 6 10 7 8
646 7 7 4 10 4 4 7 6 3 5 4 1 10 3 3 5 10 8 3 10
633 4 8 2 6 1 10 2 4 4 6 5 4 10 8 7 3 10 5 10 4
521 5 5 2 10 8 10 9 1 8 3 8 5 5 8 6 2 1 3 2 3
555 8 4 4 1 5 3 9 6 3 9 5 9 10 8 10 1 9 3 4 3
614 5 10 9 9 8 9 9 9 7 3 1 5 4 4 4 1 10 3 8 6
584 10 10 1 2 4 9 4 4 10 4 1 8 1 9 4 7 6 6 9 6
20
465 1 8 2 6 9 4 6 7 2 4 1 9 3 1 6 3 5 2 8 10
460 4 3 6 5 9 8 5 4 4 8 1 8 4 8 9 1 4 4 6 2
460 6 10 6 2 6 1 4 5 1 3 3 4 3 9 3 9 9 7 2 5
567 8 3 5 10 5 9 10 2 3 9 8 7 7 7 5 1 5 2 2 8
458 8 4 4 3 9 10 2 2 10 2 9 7 1 3 7 9 5 3 6 2
693 3 9 5 5 10 7 5 9 10 10 1 1 8 1 7 6 7 9 10 9
590 3 3 5 10 3 9 7 5 1 8 3 2 8 9 1 2 5 9 6 3
487 5 10 9 1 1 1 6 3 6 1 2 3 6 10 7 5 4 4 8 3
610 3 10 1 1 7 10 10 7 4 1 10 1 1 7 4 6 10 10 6 9
580 4 8 10 1 5 8 2 8 9 6 6 2 5 10 6 8 1 6 9 8
576 2 10 4 6 1 3 3 1 8 9 1 10 8 10 2 10 3 7 8 5
499 6 4 3 5 10 4 5 2 8 9 2 2 6 1 10 8 10 5 6 2
547 4 10 1 6 3 3 2 8 5 7 5 5 3 10 6 1 1 9 5 2
635 7 10 4 5 8 8 2 8 8 9 3 2 4 8 6 4 7 7 6 6
490 4 10 8 3 2 8 6 9 2 8 10 4 5 4 3 2 7 1 5 6
670 4 3 6 7 2 3 9 5 5 5 1 10 3 10 1 7 10 10 9 6
626 6 5 4 9 2 1 3 6 6 6 6 5 4 7 10 6 5 5 9 7
417 8 6 2 5 4 3 10 8 4 10 1 10 2 8 1 9 3 2 3 1
634 5 9 5 6 7 3 9 2 10 1 10 4 8 8 5 3 9 3 4 4
528 4 8 9 6 6 4 4 2 4 1 7 6 5 8 4 4 6 5 3 6
20
497 10 9 6 3 1 8 10 5 1 4 2 6 7 8 5 1 5 5 8 3
622 6 2 4 5 3 1 7 4 1 7 10 7 6 8 5 8 4 10 10 10
680 7 1 10 6 6 10 9 4 10 10 3 3 10 9 2 7 9 3 4 10
477 3 4 8 3 6 4 2 4 2 4 7 1 1 6 10 3 1 10 5 4
588 3 5 9 4 10 10 7 2 4 8 9 3 4 6 2 3 10 10 3 3
570 4 2 7 3 2 4 2 2 5 5 10 10 10 3 4 2 5 7 8 7
721 10 8 8 7 1 8 7 1 9 2 8 9 1 7 9 8 9 8 8 9
527 2 9 3 3 10 10 3 2 5 6 3 1 2 3 2 3 9 7 4 7
557 10 4 10 7 7 9 1 9 1 4 7 3 1 8 8 6 4 6 6 8
638 5 3 2 7 1 5 8 5 6 1 7 2 9 8 8 6 10 7 10 3
649 4 4 6 10 1 4 7 4 9 7 7 7 10 9 2 4 3 6 5 4
525 1 8 10 3 9 2 2 8 3 5 8 5 8 1 9 9 8 7 4 1
495 9 8 3 7 9 10 5 5 1 2 3 7 5 9 2 10 2 1 8 3
579 5 6 3 9 2 10 8 2 7 6 10 10 7 7 9 4 4 2 7 4
466 1 2 5 4 6 5 9 7 5 3 1 8 4 4 6 9 9 1 6 6
528 5 8 2 10 2 1 1 8 1 5 1 10 2 10 7 8 9 2 5 5
500 7 7 9 3 7 7 5 5 6 1 3 4 6 1 10 6 2 6 7 7
556 6 9 7 1 1 7 3 9 7 1 5 3 10 9 4 9 7 3 4 9
649 1 2 9 9 4 4 2 1 6 9 4 10 9 4 4 3 8 8 10 8
581 10 4 1 3 9 4 6 1 8 10 10 4 6 4 9 10 6 3 10 10
20
536 4 6 4 10 6 4 4 7 6 1 4 1 8 7 8 8 1 6 6 4
433 7 3 6 6 6 5 5 2 5 6 2 8 1 1 1 7 10 4 9 2
598 10 2 3 7 8 10 2 10 7 3 5 9 3 10 2 4 10 5 5 2
631 10 9 7 3 2 3 1 2 10 6 10 8 10 10 1 7 3 5 9 5
586 1 10 7 9 10 8 2 4 5 6 8 2 10 4 8 10 7 7 5 1
719 9 5 7 7 9 8 9 8 8 4 4 7 7 9 2 5 10 3 8 8
557 6 1 6 5 1 3 5 5 2 9 3 4 9 3 3 10 8 8 10 3
620 2 3 5 1 6 5 6 5 8 4 10 5 9 4 6 2 7 5 10 9
674 8 4 5 7 3 7 4 9 7 1 8 2 1 8 3 9 9 8 8 8
547 9 7 1 4 2 2 2 6 1 8 2 10 7 10 9 6 3 5 6 9
570 5 9 3 2 3 6 10 6 10 7 3 3 10 7 6 5 6 6 2 4
629 10 7 7 6 5 7 1 4 7 4 8 3 6 4 1 7 9 7 10 4
637 8 10 6 7 8 2 7 4 6 2 9 1 4 1 1 1 10 7 10 9
450 1 8 2 4 5 4 7 9 4 1 10 2 2 1 8 3 1 7 6 2
594 8 2 1 8 8 6 3 4 7 2 5 9 2 4 2 3 9 3 10 9
651 4 2 10 1 4 2 6 10 9 8 9 9 5 10 5 9 5 8 1 7
308 5 6 1 2 8 8 9 1 2 1 1 2 8 4 6 10 1 1 3 1
555 3 2 9 6 6 8 9 5 3 1 8 2 6 5 10 3 9 7 1 5
495 5 8 7 3 1 1 7 6 2 3 2 10 8 5 1 2 9 5 7 6
579 5 9 10 5 8 9 10 7 8 7 10 8 8 8 1 3 3 1 1 4
20
640 5 6 2 4 4 2 1 2 10 6 10 4 6 9 1 3 5 5 10 9
636 8 6 3 2 10 2 4 6 6 5 6 5 9 9 3 1 6 10 3 7
513 4 1 4 10 10 3 2 1 9 5 10 2 7 2 4 8 2 4 1 6
530 9 9 3 3 8 4 7 6 9 6 3 3 3 1 9 3 7 6 9 6
631 3 8 4 8 6 9 8 1 10 2 9 2 8 7 2 9 5 6 6 5
531 3 1 5 3 1 8 2 9 10 2 6 1 4 1 3 9 6 10 5 4
499 5 2 6 6 5 3 8 9 9 9 9 9 3 5 6 1 2 4 3 2
538 7 10 8 8 1 9 5 6 5 6 5 2 4 6 6 7 4 1 7 5
495 6 7 7 1 8 1 3 4 5 7 10 9 2 6 1 5 5 7 1 7
550 1 7 9 6 3 2 6 4 2 9 5 6 5 9 4 3 2 5 2 10
540 6 2 4 2 9 1 9 1 4 5 1 3 7 10 3 1 7 6 6 10
555 7 3 5 7 8 5 4 6 9 1 1 2 6 7 5 8 7 5 1 10
548 10 2 3 1 7 5 2 7 9 9 2 2 6 3 7 4 8 4 5 10
608 8 7 7 3 2 3 10 1 8 3 9 5 7 9 6 6 5 10 8 5
527 7 9 9 6 2 3 3 7 2 10 4 2 10 5 6 10 1 10 5 3
475 9 5 2 9 6 2 4 3 5 9 3 10 8 4 9 9 4 2 4 3
466 1 6 10 2 10 1 8 2 7 5 6 1 3 4 6 5 6 6 5 2
652 8 6 10 5 9 10 9 9 8 6 1 10 3 6 1 5 4 9 10 9
602 10 8 4 8 2 2 9 4 4 3 4 2 10 9 5 5 4 9 9 4
436 6 3 1 1 6 2 9 10 1 5 2 4 2 7 5 2 9 1 6 8
20
668 10 3 6 9 8 1 8 7 1 1 3 5 10 7 9 3 10 8 8 8
579 6 1 1 5 7 1 6 5 9 9 7 2 10 6 1 2 7 2 6 6
547 1 4 8 3 10 8 4 1 1 4 2 8 9 8 9 6 5 7 3 10
617 8 4 9 8 3 3 5 5 8 3 9 5 1 8 8 3 8 8 5 4
551 7 7 6 8 3 10 2 2 5 7 4 9 3 2 2 3 6 6 2 7
433 9 7 9 1 3 3 7 6 2 9 9 9 1 3 3 3 6 1 1 8
551 10 4 6 9 3 5 2 3 2 8 6 9 10 2 3 4 4 8 2 6
586 4 4 7 3 6 2 5 4 3 1 6 2 9 10 9 9 6 8 10 5
666 7 8 10 7 3 10 3 7 7 9 7 9 10 7 7 10 1 9 10 2
527 9 10 1 6 6 5 7 6 3 9 4 2 1 8 3 8 2 2 8 9
601 7 9 8 2 1 8 9 5 10 2 9 3 6 8 1 3 8 1 4 9
550 5 8 4 8 4 2 5 10 7 9 2 1 6 3 10 5 6 1 9 9
632 3 10 8 1 3 9 1 1 5 8 5 2 8 7 1 5 10 8 8 8
440 9 9 3 2 8 4 2 5 2 2 4 9 1 6 1 10 6 2 10 5
591 8 10 1 10 10 8 2 8 7 8 4 6 1 5 4 9 2 7 2 9
525 1 5 5 10 5 10 5 6 2 3 1 7 6 3 10 5 2 9 2 5
527 3 4 8 1 10 9 7 9 3 10 4 3 7 10 4 9 2 7 2 6
564 4 8 7 3 1 5 6 4 7 4 1 7 10 4 9 10 6 5 4 10
490 2 4 6 1 1 9 3 1 3 5 4 6 4 5 1 6 10 8 2 7
627 2 1 5 3 6 3 7 10 7 5 6 3 7 6 8 10 8 8 8 7
20
545 6 9 2 7 7 2 10 3 3 1 6 3 7 1 2 10 6 9 2 8
626 6 5 8 7 1 2 6 10 6 4 6 3 7 9 3 3 2 9 3 6
523 7 10 2 5 2 4 8 7 5 10 6 6 4 5 10 3 1 5 10 2
557 10 9 7 8 3 4 5 8 3 10 10 7 1 7 7 2 7 1 10 1
676 2 2 8 3 4 1 10 2 9 9 6 3 9 10 3 4 7 7 8 9
444 1 9 7 1 9 10 9 1 2 1 8 3 7 3 2 5 1 3 10 7
405 9 2 8 5 3 4 5 1 7 3 4 1 7 1 6 6 4 5 2 2
503 3 3 6 2 8 1 8 1 9 8 2 7 4 3 2 6 9 2 10 6
674 4 5 6 8 9 4 2 5 7 5 3 6 4 10 6 10 8 8 9 9
490 6 6 1 3 7 10 7 10 10 9 8 10 2 1 10 10 2 1 8 3
673 2 3 1 4 7 8 1 10 10 6 7 8 9 9 2 2 9 8 4 3
571 10 5 3 9 4 10 10 8 8 1 1 1 10 1 4 5 4 10 7 1
596 4 2 7 9 7 9 1 4 4 7 5 4 2 7 8 8 7 10 3 2
477 10 6 4 4 9 6 8 8 8 5 4 6 1 6 6 2 2 2 4 4
541 8 4 6 8 1 5 1 3 3 2 3 1 7 8 6 9 6 8 5 2
489 10 9 9 4 2 2 7 9 1 6 2 7 7 5 4 1 3 2 10 9
592 7 2 7 10 3 6 8 3 6 9 9 2 1 5 5 4 3 10 4 1
625 9 7 7 10 7 6 7 4 2 10 7 8 8 1 3 10 4 7 9 10
638 1 5 1 3 7 1 8 3 7 10 7 2 10 6 1 4 10 9 7 9
554 1 6 1 1 3 10 3 4 5 1 6 9 10 10 10 2 6 5 4 9
20
652 3 6 8 9 6 1 3 2 10 4 4 4 9 7 2 3 10 1 8 7
755 4 7 3 9 2 10 8 3 9 9 6 9 5 8 1 1 6 9 7 9
500 3 2 5 3 5 7 2 1 9 7 4 4 9 5 8 5 1 3 9 5
676 9 10 4 3 2 5 4 5 5 10 3 5 9 10 7 1 10 9 9 8
541 7 8 10 1 6 9 10 2 1 10 1 7 7 4 10 1 5 9 9 8
632 2 5 8 7 1 2 6 2 10 3 7 10 7 5 2 1 8 9 5 9
437 4 3 7 2 3 4 2 4 4 3 3 7 6 6 7 10 2 5 4 9
608 5 2 7 4 9 4 8 7 8 7 3 3 8 5 2 5 9 6 7 3
532 8 1 1 7 7 8 2 5 1 1 7 6 4 2 10 8 8 8 7 10
428 2 5 9 2 9 9 6 5 5 1 2 10 5 2 1 9 3 5 9 5
576 10 6 4 2 2 4 9 10 9 8 1 3 10 5 3 5 5 4 1 9
437 10 3 3 5 6 10 9 1 3 4 6 3 9 4 4 8 3 3 8 1
610 6 9 4 3 8 4 4 6 4 3 7 4 1 8 10 9 6 8 10 8
554 10 5 7 6 9 9 7 3 2 2 7 8 4 10 9 3 5 8 2 1
506 8 2 9 8 7 5 1 8 1 4 2 9 4 7 5 9 5 6 1 8
438 6 4 1 2 4 7 4 9 3 8 5 1 7 6 7 4 1 7 1 1
439 2 1 3 9 4 4 1 3 2 1 10 4 3 1 4 6 4 3 9 6
481 2 1 4 3 5 8 5 10 3 2 3 5 1 5 2 9 9 6 9 4
617 2 1 9 6 10 6 8 10 1 8 7 4 7 9 9 7 6 6 4 6
545 3 7 4 5 5 1 3 6 3 9 5 1 5 9 4 4 7 4 8 4
20
641 9 3 6 8 1 8 10 5 9 3 9 7 9 8 1 4 3 5 10 1
593 9 1 2 7 1 3 3 3 9 5 10 1 5 6 7 2 6 9 6 6
724 9 7 4 4 5 7 7 9 3 7 6 6 8 9 10 9 10 9 7 7
492 3 4 5 5 10 4 4 7 2 9 2 10 7 6 3 9 4 8 1 1
509 2 5 3 10 8 2 1 8 2 1 6 2 5 1 1 3 2 10 3 8
596 8 10 9 6 1 8 7 7 7 9 2 1 5 5 10 4 6 2 6 9
553 7 1 7 5 10 10 2 6 10 4 3 7 6 7 4 10 3 9 4 2
393 2 10 3 3 2 5 9 5 7 2 5 3 1 1 8 3 1 4 5 4
414 8 3 2 3 2 2 2 2 6 2 8 1 5 1 2 2 6 7 4 4
485 9 6 4 4 2 9 3 8 6 3 6 5 1 3 5 6 4 9 8 3
637 5 9 5 10 2 8 1 2 4 2 10 2 6 10 2 7 5 6 3 6
565 5 8 10 2 6 1 2 5 3 10 1 10 8 7 8 4 10 4 3 9
580 10 10 7 2 3 10 4 5 5 4 4 10 4 5 3 9 10 3 9 8
582 4 1 4 5 6 7 4 10 5 5 8 10 8 9 5 3 5 6 2 3
479 1 7 7 2 5 5 5 5 9 2 7 4 1 2 1 4 6 5 9 2
589 9 8 8 2 3 5 3 2 9 8 10 4 7 9 10 3 2 6 9 1
532 3 3 4 6 8 8 6 6 4 5 3 3 9 4 8 1 8 6 9 3
407 1 1 10 7 5 8 1 4 1 6 7 7 6 3 8 10 3 1 5 3
520 9 7 6 5 10 1 8 10 4 8 7 5 2 5 10 3 6 2 7 4
427 10 1 5 5 4 3 8 8 5 4 7 2 4 7 1 9 2 3 1 1
20
575 4 7 6 9 9 5 9 3 3 3 4 10 5 3 8 9 3 5 8 9
473 10 10 9 8 3 2 10 7 2 7 1 10 2 1 1 8 8 2 6 4
585 5 2 8 1 6 7 10 9 8 2 4 9 8 1 8 4 9 10 7 6
637 7 2 2 6 4 9 2 9 8 8 5 4 8 9 10 2 7 1 7 8
536 10 2 7 5 4 1 7 9 9 4 3 7 3 10 9 9 5 1 7 3
568 9 1 10 10 6 3 9 3 2 4 8 6 8 3 6 10 3 8 1 8
523 7 2 3 5 10 6 4 3 4 9 3 5 1 6 6 7 7 9 10 3
326 2 4 3 2 2 2 9 1 5 2 7 8 1 3 1 9 1 4 3 2
511 1 7 2 3 9 8 3 10 5 3 9 8 6 8 1 10 2 4 8 1
432 4 6 10 3 2 9 7 4 1 2 9 7 3 3 8 8 7 1 1 4
537 6 9 2 2 9 4 2 6 7 4 3 9 1 9 9 4 1 9 10 5
484 5 8 10 2 1 9 5 2 3 2 3 8 10 2 7 6 1 6 8 7
583 2 7 2 4 8 1 6 8 3 7 2 8 10 10 10 6 3 7 8 3
532 1 9 1 9 3 9 2 9 4 7 8 8 2 7 6 9 3 1 1 10
545 6 10 9 10 4 10 6 3 2 6 2 6 4 10 5 7 7 4 2 5
534 9 1 4 7 7 10 8 10 10 3 1 7 1 2 7 10 7 5 2 4
571 2 8 2 2 9 7 2 9 3 10 7 8 7 5 8 8 6 3 6 10
524 2 1 6 4 3 2 9 3 6 3 5 8 4 6 3 3 9 2 7 8
491 8 7 5 1 8 5 9 6 8 6 6 1 3 3 8 4 6 4 10 2
407 6 5 5 2 5 4 4 5 2 9 2 7 7 3 2 8 1 2 10 3
20
445 5 7 5 1 2 2 2 1 1 4 1 6 7 6 4 9 5 9 6 3
474 6 4 3 9 2 6 1 6 3 6 4 4 4 2 7 1 4 8 2 2
551 8 4 3 6 4 6 3 1 1 7 10 1 10 3 10 7 7 2 8 10
646 6 1 4 8 9 9 6 8 8 4 7 5 6 4 7 4 10 7 8 5
622 4 1 1 8 7 7 3 8 7 3 3 7 5 9 1 6 2 10 5 10
572 10 8 9 4 9 4 8 9 5 9 8 9 4 9 5 7 5 2 7 5
607 3 3 5 6 7 6 10 3 10 5 3 3 7 7 4 2 10 6 3 5
550 10 8 1 4 5 4 2 7 7 4 7 3 6 10 5 2 2 1 4 8
580 7 9 9 6 4 5 5 4 10 9 1 2 8 9 5 2 1 2 7 9
551 10 3 9 2 10 1 3 4 3 9 6 4 3 6 5 7 8 6 10 9
679 7 1 8 5 7 6 9 2 7 6 10 10 8 7 5 7 4 6 9 8
443 7 6 10 1 8 2 9 7 2 2 3 4 8 4 4 5 3 3 5 9
715 9 4 1 9 4 8 6 7 7 9 6 9 10 9 2 10 9 5 5 5
521 10 1 9 3 8 6 8 6 5 5 9 4 9 8 3 10 9 2 2 1
593 3 8 4 8 4 4 6 6 1 5 1 10 8 6 3 6 10 7 7 4
468 4 8 2 2 2 2 10 10 1 10 3 10 6 3 3 10 6 3 7 8
567 9 4 3 9 6 7 6 5 10 7 2 8 1 2 5 5 5 4 9 3
514 7 8 4 1 9 4 8 6 1 8 8 1 1 2 1 9 9 9 9 5
516 8 6 1 6 1 3 9 2 6 3 2 5 10 5 5 9 1 5 9 7
582 8 1 9 2 7 5 5 5 10 8 3 5 1 10 6 5 4 8 4 4
20
527 9 6 7 3 2 1 8 4 6 1 8 2 10 5 4 6 4 9 1 3
490 10 5 3 6 10 2 5 3 4 3 8 10 1 1 5 6 5 7 4 7
637 4 2 10 2 3 10 9 6 5 3 10 6 7 4 10 5 7 10 10 6
503 10 10 9 9 5 3 4 8 4 3 8 3 1 4 7 4 5 1 1 5
597 2 3 5 7 5 2 7 8 3 9 9 9 3 10 3 6 8 4 9 5
550 4 8 2 7 3 8 3 6 7 9 6 3 6 9 1 7 3 5 6 3
583 1 4 8 7 1 3 6 10 1 4 8 10 10 10 10 10 3 10 1 1
513 2 2 2 3 6 5 2 9 10 8 5 5 9 1 3 4 1 7 8 4
585 8 7 5 7 2 2 6 5 2 8 4 10 8 8 8 4 2 5 9 10
559 7 9 2 6 6 6 10 10 2 2 1 3 1 7 9 9 10 8 4 9
500 10 10 10 2 4 5 7 3 3 3 10 3 2 3 4 3 7 2 10 6
440 6 2 1 3 3 10 4 4 10 5 7 5 3 5 1 4 3 3 3 1
532 6 7 7 4 9 10 6 7 4 4 4 6 6 2 8 3 9 3 4 6
561 4 7 2 10 7 7 1 7 9 7 2 4 3 4 9 10 2 7 5 3
569 10 2 5 5 3 3 10 6 4 6 9 9 8 4 1 10 9 7 7 2
499 1 4 4 6 9 4 8 5 3 9 10 2 2 1 7 6 3 7 7 3
762 10 8 10 7 10 6 2 4 5 9 7 9 7 8 5 6 10 9 10 10
517 10 9 10 7 4 7 4 2 1 9 6 3 3 2 6 5 8 3 8 9
522 9 2 1 1 6 2 7 6 7 1 3 7 1 8 2 7 6 8 7 4
661 2 1 8 5 5 2 7 8 8 2 9 6 10 5 2 3 9 2 10 9
20
633 9 6 10 8 8 8 1 2 5 8 10 6 8 3 1 6 8 4 9 4
603 4 10 7 10 9 2 10 4 8 2 2 8 6 8 10 5 5 2 2 9
435 6 3 1 1 1 1 9 6 2 4 6 6 6 1 9 4 8 9 6 1
499 2 2 5 4 5 7 1 3 1 2 3 7 10 1 1 5 8 7 9 6
537 5 2 1 8 2 8 5 3 5 7 7 1 10 2 9 8 4 1 9 10
459 9 8 10 1 10 1 5 1 8 9 5 4 9 5 7 4 3 1 9 3
530 9 10 10 7 6 3 4 9 2 2 2 6 8 4 2 8 4 9 9 1
636 1 5 5 6 10 7 6 3 10 2 10 7 6 3 1 6 4 7 6 7
569 2 1 5 10 4 10 5 1 4 8 10 4 2 6 3 1 7 2 8 10
464 7 5 5 4 4 6 3 5 4 1 10 7 5 2 2 2 1 8 9 5
481 1 3 1 3 8 8 6 2 7 1 1 9 3 10 2 3 5 4 7 4
595 5 8 3 7 3 1 5 5 6 10 9 2 10 8 1 5 2 9 3 3
557 1 2 8 5 9 5 1 9 10 1 9 10 1 6 4 4 2 4 7 8
714 4 6 7 7 5 9 4 9 10 9 2 2 7 5 3 10 9 7 8 9
459 2 5 3 2 10 9 7 2 8 3 5 5 6 8 10 4 1 2 7 3
587 4 8 9 8 3 8 4 8 6 4 7 8 7 4 2 1 1 9 6 4
764 3 2 3 10 8 9 8 9 7 9 8 4 10 10 2 3 2 10 4 10
570 4 5 1 3 3 1 4 8 4 4 10 5 9 9 3 6 4 7 9 7
603 1 9 5 3 10 7 8 10 9 5 6 3 10 5 3 5 6 2 9 6
498 8 1 9 5 5 5 2 7 2 4 4 1 7 4 3 1 4 4 8 7
20
680 3 9 4 8 3 4 3 8 7 6 6 4 8 5 1 7 10 4 8 10
457 8 10 3 2 2 9 2 5 5 8 1 10 8 5 10 6 7 2 1 3
501 2 2 10 6 8 2 3 9 5 4 1 10 4 7 8 3 6 2 10 4
607 8 1 4 5 8 1 6 1 5 8 8 1 5 4 7 9 7 9 9 10
593 4 1 3 4 6 5 6 2 7 6 6 3 8 10 10 4 3 5 8 9
563 8 5 4 9 1 2 1 4 6 4 2 2 5 5 5 3 10 4 2 9
643 3 3 8 9 9 7 6 10 1 9 6 9 4 3 1 2 9 10 2 6
564 10 7 10 8 1 8 8 10 4 7 5 4 1 1 6 7 9 6 3 6
518 6 5 2 3 10 1 10 1 5 6 4 6 5 8 5 7 3 4 6 6
475 5 10 6 2 9 3 9 1 9 1 2 1 5 4 2 6 10 1 3 7
489 6 9 8 5 1 5 6 4 6 3 9 2 4 7 10 9 4 1 9 4
413 4 1 3 7 1 3 6 1 5 1 2 8 8 4 5 2 1 6 7 4
743 10 5 1 10 2 8 8 5 7 10 1 5 9 10 8 3 9 10 8 7
625 4 3 8 3 8 3 1 9 10 4 5 9 9 7 3 7 7 7 1 10
592 3 9 1 9 4 9 8 6 5 10 5 7 9 7 8 1 7 1 8 1
370 7 9 8 2 5 5 1 7 9 2 2 1 6 4 7 3 1 1 5 1
476 4 3 8 1 9 9 2 3 7 10 6 4 2 9 10 5 5 1 5 6
481 7 7 9 6 4 4 10 10 6 4 1 9 4 3 9 6 2 3 4 2
503 5 6 4 9 9 6 8 2 1 9 4 10 8 4 10 2 7 4 2 3
527 5 7 7 4 10 10 2 2 7 7 6 9 6 5 3 8 6 1 4 6
20
566 5 9 7 1 9 2 1 9 9 3 6 5 10 5 9 9 3 10 4 6
468 3 2 6 5 6 5 10 4 1 1 2 2 1 9 2 10 8 3 5 4
598 8 4 2 8 3 5 7 6 9 7 1 4 7 4 5 9 6 8 4 6
578 8 9 2 6 10 5 9 2 1 10 9 8 5 7 2 1 10 2 6 10
588 5 2 3 9 3 7 10 10 3 5 6 10 8 4 9 4 4 4 9 8
428 2 8 8 8 3 9 1 4 1 4 9 3 3 1 3 8 1 5 3 4
521 9 10 9 1 6 10 6 3 5 8 4 10 1 5 3 3 9 6 1 5
600 10 6 10 6 10 7 7 5 7 10 2 10 5 4 10 9 5 6 1 8
554 1 7 2 5 8 9 3 8 9 10 6 3 7 4 3 4 5 1 5 9
574 3 2 10 3 5 8 2 3 5 4 4 5 3 5 7 8 9 9 3 8
600 10 5 7 5 4 4 4 3 8 5 2 2 7 7 7 6 10 8 5 3
488 7 6 2 3 2 6 6 4 6 4 8 7 10 1 10 5 8 4 4 4
492 4 7 2 9 2 6 5 4 1 4 1 6 5 10 9 9 2 4 4 2
529 5 2 5 10 4 6 1 8 4 8 3 7 6 3 8 4 1 7 3 10
634 8 5 1 9 8 10 1 10 6 1 3 6 7 4 2 8 5 8 9 8
445 4 8 5 7 10 1 8 10 1 7 7 7 2 6 1 9 1 4 1 1
495 9 3 3 7 7 6 5 2 3 1 4 8 4 6 5 2 5 2 2 10
477 10 6 5 5 9 9 7 7 2 4 1 10 1 2 8 1 2 8 9 5
488 7 9 9 2 8 6 9 3 8 6 9 5 1 5 2 3 4 3 8 3
464 2 9 1 3 5 1 1 1 6 6 6 4 1 1 2 7 7 9 4 3
20
551 1 9 3 8 8 6 7 2 10 2 4 4 1 3 2 9 1 10 5 5
480 9 2 2 8 2 1 3 8 1 5 6 5 4 3 2 7 1 2 10 9
548 7 8 10 6 2 9 7 8 2 1 5 6 2 8 4 7 9 5 5 1
608 6 9 3 10 4 4 9 3 10 1 9 3 4 7 8 10 6 4 9 1
474 3 6 10 5 10 8 2 6 4 7 10 5 3 2 4 9 2 2 3 10
411 8 6 2 7 6 5 4 6 1 6 7 5 2 7 1 1 2 1 3 1
516 2 7 6 6 7 2 3 3 5 5 1 1 1 9 7 10 8 4 9 1
504 8 3 8 5 10 10 7 3 4 7 1 5 10 2 10 1 4 5 9 6
566 6 5 6 6 9 1 3 3 8 10 3 6 6 8 5 2 10 1 7 3
494 4 9 10 6 10 1 9 8 1 2 4 9 7 4 1 4 3 10 1 3
584 10 8 6 7 1 6 7 9 8 1 10 4 6 4 1 6 7 2 1 8
564 4 8 2 9 2 5 1 8 8 4 1 10 9 6 5 3 4 1 3 7
462 4 4 8 4 4 8 6 3 1 8 6 6 10 3 4 7 4 6 1 3
509 10 3 5 7 2 7 6 6 2 10 3 6 1 10 3 7 8 1 7 4
647 9 1 8 7 10 6 10 2 4 10 6 8 4 7 8 5 9 10 7 5
621 9 5 5 5 1 3 4 8 6 10 9 5 6 9 9 8 10 1 8 7
410 2 2 10 7 7 3 8 3 3 5 1 10 3 2 3 5 4 5 3 2
634 6 8 7 8 10 2 6 2 5 8 9 5 3 6 3 9 9 10 1 8
650 1 4 5 4 3 1 8 7 10 6 10 2 10 5 4 1 6 2 10 10
656 4 3 3 8 2 8 5 7 8 10 10 1 9 5 7 10 10 4 1 4
20
625 2 8 10 5 9 10 8 7 9 7 9 10 6 6 10 5 1 1 7 6
675 5 6 9 9 4 2 5 9 9 5 4 9 6 9 3 7 8 7 1 8
629 7 1 5 9 5 9 1 7 9 8 4 5 6 2 8 6 5 10 5 2
583 8 6 5 5 1 9 5 4 8 2 9 10 8 3 5 6 9 5 7 3
561 5 9 2 9 7 2 8 7 2 1 5 5 8 6 10 7 10 1 3 8
619 7 5 2 3 10 5 1 2 7 8 10 1 7 7 7 7 8 6 4 9
620 3 9 3 9 10 1 4 10 6 1 4 2 1 10 3 4 5 7 5 10
430 8 5 2 1 3 8 3 10 2 10 10 1 5 4 9 10 2 2 5 2
647 5 9 2 8 5 3 4 3 9 7 6 7 2 3 5 5 8 8 10 7
509 3 8 8 8 1 6 10 4 3 10 1 4 9 9 9 10 2 3 3 5
503 6 9 6 2 2 10 9 1 9 1 9 6 2 1 2 1 10 7 5 4
590 3 5 9 7 1 3 1 4 8 2 10 10 6 5 9 3 3 10 10 2
417 7 3 1 4 10 1 6 1 1 9 3 9 1 3 4 2 8 8 10 1
596 6 9 10 5 5 7 4 5 5 1 10 2 1 10 2 8 10 3 3 5
568 2 2 8 10 6 9 10 4 7 7 3 7 7 3 9 3 7 2 6 2
725 7 1 1 4 7 9 10 9 8 8 8 4 7 8 3 10 6 10 1 10
569 8 4 5 3 8 2 9 1 8 9 4 2 4 3 9 9 5 8 10 8
661 8 10 9 6 7 8 4 1 9 6 9 7 8 4 10 3 7 8 6 4
501 2 6 5 8 2 5 6 6 2 8 6 2 8 1 8 4 5 8 9 1
532 4 6 10 1 2 9 4 4 6 7 8 9 10 2 10 9 3 5 7 8
20
583 5 4 8 8 4 2 2 9 5 4 1 1 8 4 2 5 10 5 4 7
539 8 9 8 3 3 3 4 3 6 5 5 2 8 4 3 4 6 6 7 10
572 6 4 8 1 4 8 1 4 6 4 6 9 10 5 3 10 8 9 8 4
675 10 3 10 7 10 8 4 3 3 7 9 6 9 10 6 10 3 10 1 7
571 5 2 6 9 5 8 10 1 9 6 9 5 2 5 10 7 4 3 3 4
472 2 2 3 6 8 8 3 9 3 2 8 7 4 7 1 2 1 4 3 1
511 8 2 1 6 1 5 6 1 4 4 9 4 6 7 9 3 10 4 2 1
525 4 2 6 7 6 1 9 7 9 6 4 9 6 4 8 2 1 9 2 3
334 6 5 3 2 5 4 1 1 4 3 6 5 3 2 2 4 3 1 9 6
510 2 4 4 8 2 4 8 1 10 5 4 6 3 5 4 7 3 1 8 7
506 2 9 9 9 7 3 3 6 3 1 5 4 4 8 7 7 10 1 2 3
555 5 5 8 4 9 8 4 10 5 4 9 9 8 7 3 4 3 7 3 2
709 6 4 9 2 7 4 7 3 9 10 9 7 3 8 1 9 6 10 10 10
613 6 3 10 9 1 1 2 4 3 7 4 8 2 7 6 3 10 10 3 6
522 6 3 3 2 2 6 2 3 6 3 8 8 1 8 9 10 4 8 7 7
586 9 2 7 1 9 6 8 8 10 5 5 1 3 10 4 8 7 5 5 5
571 8 9 6 10 1 9 8 3 8 1 7 8 3 6 6 5 5 1 3 8
652 3 9 8 6 5 7 6 9 3 7 10 5 9 6 9 5 10 5 3 10
385 8 2 10 2 7 1 3 3 6 1 10 2 2 3 6 2 1 2 4 4
639 6 4 7 3 3 6 5 8 10 6 5 5 6 8 8 10 1 5 9 10
20
547 10 7 1 7 6 2 5 9 1 8 10 7 1 5 9 5 4 9 2 4
485 2 10 1 5 2 5 1 7 2 2 2 8 5 3 2 8 4 10 6 4
482 8 7 8 5 9 5 8 6 2 2 6 6 3 7 5 10 1 3 7 3
624 7 7 2 6 5 6 6 7 10 5 1 2 7 1 9 9 10 10 4 3
479 4 9 6 1 7 5 3 3 2 9 9 10 7 2 6 4 4 8 5 5
505 10 3 8 5 8 7 8 4 1 3 1 1 6 5 3 8 7 6 10 3
528 3 5 6 6 4 7 6 3 9 1 6 1 7 6 8 2 3 3 7 7
545 4 10 7 7 2 5 9 3 4 4 4 9 1 5 10 2 9 8 7 1
564 7 1 5 10 8 5 2 3 7 6 2 6 6 7 5 7 3 3 2 9
437 6 4 7 4 9 1 3 2 4 7 7 5 6 4 10 3 2 2 3 3
602 7 9 4 4 4 2 6 7 9 5 1 2 9 10 10 3 5 3 6 6
522 8 2 8 2 1 8 4 8 5 10 1 6 4 2 1 3 10 3 5 8
527 1 2 6 8 10 1 5 3 4 6 1 10 10 1 7 5 9 9 1 6
627 6 7 8 3 8 6 7 10 7 6 8 10 6 2 9 4 6 5 6 10
637 7 10 4 8 4 4 8 3 6 4 2 7 9 2 8 1 10 9 6 5
479 1 10 9 10 2 6 5 9 2 5 2 9 2 4 2 3 3 1 10 6
588 7 7 9 8 5 1 3 6 3 8 3 9 3 1 7 7 10 8 2 9
477 1 3 8 4 1 2 5 9 7 7 1 7 4 1 8 1 5 6 4 9
556 3 9 5 1 4 4 6 10 7 7 2 6 9 2 8 1 7 7 8 9
634 7 4 3 8 6 5 8 9 5 10 7 4 1 4 8 2 9 10 6 4
20
627 8 1 6 5 2 8 4 9 3 7 3 4 6 10 7 3 2 9 9 9
498 10 7 4 4 7 9 8 9 4 1 2 5 1 4 6 2 9 6 10 1
500 10 4 10 2 10 1 9 7 6 9 1 6 6 8 9 9 8 4 3 2
639 3 7 6 4 2 10 2 4 9 8 10 7 7 2 4 7 10 7 9 1
736 5 10 9 5 4 6 7 8 10 7 10 4 8 4 8 9 6 10 9 6
566 10 5 9 5 10 8 7 3 9 6 3 4 4 7 7 10 7 7 2 2
450 6 10 3 2 3 8 5 9 8 4 4 7 3 3 10 4 5 2 1 8
683 1 6 8 1 7 10 3 8 9 10 8 8 5 4 4 9 10 4 10 10
561 5 5 7 6 5 2 9 4 3 1 3 1 3 4 7 10 6 10 10 7
586 1 8 9 3 7 3 8 2 2 10 5 7 7 4 6 2 10 10 2 10
644 5 10 5 6 8 10 6 3 10 5 4 5 4 4 5 2 9 5 6 8
488 8 1 6 3 8 1 6 2 1 1 2 7 7 1 9 6 6 8 5 10
335 8 1 2 9 2 1 9 2 6 2 2 6 1 1 9 8 4 1 1 2
787 3 8 9 10 8 6 4 7 7 10 3 8 5 10 10 2 10 9 6 7
496 7 10 10 9 9 1 5 6 5 1 5 7 6 2 5 4 7 1 3 3
457 8 10 4 3 4 10 2 7 3 3 3 10 6 1 8 4 4 5 2 8
524 1 6 2 3 5 3 9 2 10 10 8 3 2 6 2 5 3 9 1 3
569 7 3 8 4 5 5 4 5 5 6 4 6 10 3 7 3 7 6 9 3
580 2 4 3 8 6 6 4 6 2 3 7 4 3 9 9 10 7 8 8 3
550 7 10 8 7 6 6 4 1 10 5 1 3 4 8 5 10 1 10 6 2
20
561 10 9 3 6 5 7 9 7 9 3 2 1 5 6 10 6 1 4 9 7
697 8 4 10 7 6 8 4 7 5 8 4 8 8 3 5 5 10 7 10 8
491 5 6 2 10 1 4 5 4 8 1 4 3 4 1 5 5 7 1 6 6
500 4 3 5 4 10 10 1 10 5 7 6 8 4 6 6 1 1 5 3 4
476 4 1 1 8 9 6 6 1 9 5 1 7 1 1 4 3 5 1 10 5
658 2 3 8 8 3 4 8 9 9 1 8 9 6 10 3 10 10 7 1 4
648 9 10 6 3 1 6 2 8 10 6 10 10 8 5 4 4 4 8 4 9
562 5 6 9 6 4 6 9 10 3 1 8 5 6 10 3 1 6 6 1 4
563 1 7 1 7 5 3 3 9 4 4 4 3 5 6 2 8 6 9 10 3
623 3 6 7 10 10 9 10 6 9 1 5 4 1 5 4 1 10 10 5 1
620 10 3 1 10 7 9 8 1 7 1 10 3 9 1 5 1 6 7 4 9
530 3 1 8 3 3 9 5 6 10 6 6 4 10 6 6 4 3 3 3 2
619 8 2 1 10 3 1 3 3 8 9 8 3 10 6 10 10 3 5 8 3
617 5 1 9 9 1 3 2 2 7 8 5 10 1 9 2 6 10 4 1 8
493 1 5 2 3 10 5 10 10 2 8 10 4 2 7 4 1 6 1 1 4
518 6 9 5 8 3 4 5 3 8 2 1 7 2 8 6 7 4 8 6 3
510 9 10 4 8 4 6 3 8 5 4 1 5 9 6 1 3 1 6 4 4
452 8 6 10 3 3 1 1 2 6 5 8 4 10 5 10 6 1 4 1 3
636 10 10 9 4 9 7 3 8 8 6 8 2 10 7 2 3 5 6 1 10
629 10 2 8 3 1 9 10 7 6 7 5 2 8 5 4 7 10 6 10 6
20
527 4 1 9 6 5 1 5 6 5 7 2 9 6 3 1 10 7 2 4 8
511 4 2 4 8 2 3 9 9 1 3 4 7 9 4 2 8 6 5 4 3
726 1 9 10 6 7 4 2 8 9 10 8 4 9 9 8 5 5 4 6 10
465 2 6 5 4 4 9 1 3 9 7 1 7 6 1 6 4 7 1 9 6
479 2 5 8 2 8 10 1 8 10 3 1 8 9 1 4 5 10 1 2 2
596 5 1 6 8 5 1 3 3 5 10 6 6 4 6 2 8 7 7 7 8
590 3 10 4 2 8 4 10 4 10 5 10 10 7 5 10 9 2 2 3 9
609 10 5 1 10 9 5 1 1 9 2 4 5 10 8 1 4 8 6 7 2
503 6 3 1 2 8 7 10 2 10 4 2 3 5 5 7 5 3 5 10 2
623 7 3 9 3 6 10 8 4 7 9 5 2 7 10 9 4 6 5 6 5
638 1 3 8 5 6 10 4 1 8 5 8 4 9 8 4 7 4 10 5 4
477 5 2 8 8 5 10 1 1 1 7 2 5 2 1 8 4 3 9 10 7
543 10 7 3 4 4 3 3 9 10 6 9 5 9 4 6 4 1 5 2 3
715 8 9 2 7 8 8 7 1 8 7 10 4 7 7 7 9 2 10 10 8
472 5 10 7 1 10 6 3 5 10 1 4 8 4 4 2 1 3 2 9 7
502 3 5 2 1 9 6 7 2 2 2 6 3 2 10 7 5 8 9 3 7
556 8 1 9 9 5 4 3 5 2 1 6 9 8 10 7 7 2 3 2 6
470 9 1 1 5 5 9 5 7 2 1 9 1 6 5 7 3 8 1 2 8
517 9 1 8 4 3 8 10 7 8 8 7 2 5 3 5 1 2 5 2 4
461 10 3 2 7 4 10 4 3 2 7 3 10 7 1 4 9 6 2 2 8
20
523 1 8 6 4 3 2 4 10 8 7 10 7 7 4 9 7 3 1 9 4
511 9 8 10 4 5 7 6 2 1 8 1 8 9 5 3 9 2 10 6 5
475 5 5 5 1 2 10 4 1 6 4 1 10 6 10 2 7 1 7 4 4
642 9 7 7 6 9 3 10 10 8 6 6 5 7 4 6 5 7 6 8 7
608 9 7 8 7 8 1 1 4 4 7 9 1 7 7 2 9 8 6 7 2
487 6 7 7 2 8 6 3 6 9 10 1 4 1 2 8 10 1 4 7 10
578 3 9 5 5 6 1 10 6 8 10 5 6 7 1 10 7 7 5 6 5
512 5 6 5 5 3 1 3 7 4 3 3 6 10 9 1 7 4 4 9 4
671 10 3 7 6 3 1 7 9 2 8 10 10 6 10 7 2 3 8 10 7
546 6 7 9 5 6 5 1 10 9 6 3 6 1 3 6 9 10 3 8 3
634 8 5 1 8 6 7 3 6 4 5 10 9 5 6 1 7 10 8 7 2
500 6 4 7 9 1 5 1 7 5 1 10 2 8 5 2 8 3 5 7 1
574 9 3 1 6 5 1 4 5 10 4 2 3 10 4 10 6 1 5 10 9
506 3 1 1 7 7 1 3 7 2 5 9 3 2 6 9 7 9 4 9 3
449 5 3 8 2 9 3 6 8 1 2 3 3 3 7 7 5 7 3 4 6
463 10 5 10 1 5 6 10 8 8 8 4 3 2 9 8 3 2 1 5 1
522 8 9 4 4 6 7 9 3 10 6 6 4 7 2 3 8 1 3 7 10
573 9 9 5 2 9 8 8 5 8 9 10 10 3 4 6 1 8 9 3 1
577 10 1 3 10 6 6 2 6 9 3 10 7 6 4 4 7 4 8 2 3
710 7 8 3 10 6 5 6 5 5 4 8 2 7 9 2 8 4 7 7 10
20
603 6 6 5 10 7 5 7 10 10 3 3 2 4 4 8 4 6 3 6 5
660 8 4 6 10 5 3 9 1 7 8 6 10 7 10 9 3 4 7 5 7
528 8 9 7 1 8 1 8 7 8 9 2 1 8 2 3 3 9 5 4 7
507 8 10 4 6 10 1 6 3 1 4 7 5 10 2 6 9 5 10 5 1
449 8 7 7 4 5 5 10 2 4 6 2 6 10 3 3 1 1 4 9 1
539 10 8 3 2 9 3 1 1 4 3 3 5 4 10 9 8 4 5 9 8
579 9 10 3 9 9 10 9 3 7 1 3 7 3 7 3 1 4 6 1 5
522 6 7 9 1 9 8 2 5 8 6 10 3 8 1 5 9 5 5 5 6
581 3 2 1 4 4 5 8 3 6 8 7 2 1 8 3 6 10 5 4 8
670 9 3 10 8 8 7 5 8 5 10 8 4 9 3 3 2 5 3 10 9
611 5 10 2 9 9 5 4 2 2 3 8 2 8 1 4 9 9 10 5 8
634 6 5 8 10 4 8 5 6 4 6 9 6 9 7 5 7 7 8 4 2
473 6 2 5 1 2 10 3 9 2 6 1 4 5 6 5 6 3 5 5 8
602 7 8 6 3 9 2 1 9 10 7 9 7 4 6 9 3 5 7 7 4
451 4 7 2 2 5 5 2 1 4 10 1 5 6 2 5 5 4 7 9 4
560 9 9 6 8 4 9 8 3 1 4 10 9 1 9 2 3 4 2 7 7
619 10 8 3 8 4 10 6 2 7 7 4 3 5 4 9 4 7 6 8 7
571 9 3 2 1 8 6 8 9 8 9 2 3 7 5 5 10 4 10 2 5
608 10 6 8 7 6 1 5 5 10 3 10 6 2 10 7 3 3 5 2 4
602 6 2 10 6 4 8 2 8 8 10 6 8 10 3 3 9 6 6 4 4
20
671 9 1 10 4 1 9 8 10 7 2 2 3 9 6 1 5 10 9 7 7
579 7 6 2 9 10 6 5 3 10 2 8 5 3 1 8 5 5 8 7 6
499 5 7 5 1 3 1 7 5 1 7 4 5 10 2 2 5 4 8 5 10
567 1 5 6 5 9 5 1 8 2 4 10 10 5 4 5 10 7 5 1 10
541 2 8 1 7 9 7 10 1 4 7 9 9 3 3 6 8 5 5 10 4
489 4 1 1 3 6 3 9 4 10 8 5 7 2 3 9 1 3 7 2 7
607 1 10 1 9 9 4 6 2 2 6 3 1 10 6 9 8 9 9 7 2
695 6 2 5 8 3 10 6 7 10 5 7 9 6 7 4 9 10 8 4 3
413 1 5 10 7 3 8 6 2 2 9 1 8 2 2 10 6 2 4 8 4
644 1 10 6 8 10 3 5 8 10 10 7 10 2 2 2 3 7 9 10 2
627 4 9 4 9 3 1 5 1 4 7 10 1 3 8 1 4 9 6 10 9
547 10 10 4 7 2 6 9 9 3 5 9 5 3 8 2 2 7 1 6 6
600 3 10 6 7 2 3 8 8 7 5 3 2 6 7 7 10 4 7 1 6
510 2 4 1 10 8 8 5 8 3 5 5 10 10 1 10 1 7 2 10 1
626 10 4 9 8 7 5 4 6 2 1 2 5 6 10 7 10 10 9 7 2
550 3 9 8 10 1 8 3 9 3 8 7 4 6 3 6 2 6 5 5 3
466 4 10 7 1 6 10 6 1 1 5 1 10 4 9 8 5 7 5 1 2
623 6 9 3 4 5 10 10 7 1 3 7 8 9 10 5 5 9 7 5 4
642 4 4 4 7 1 1 5 5 9 8 7 3 5 10 5 10 5 7 8 6
681 7 5 3 10 4 1 2 10 9 7 8 4 4 10 6 7 8 9 7 1
20
660 9 7 7 7 10 9 9 9 6 5 8 8 9 2 5 10 2 9 6 7
663 10 7 5 10 9 3 9 1 6 1 7 10 9 10 5 1 8 4 3 9
538 10 9 8 4 9 8 3 9 3 9 5 6 1 1 9 3 9 4 10 5
507 3 4 7 5 6 2 6 6 2 5 4 9 2 5 1 9 5 10 7 5
543 7 9 2 2 5 1 4 4 10 9 1 6 8 8 2 3 6 3 6 5
584 8 6 9 9 5 10 3 10 5 6 8 3 4 7 2 8 3 7 2 2
436 6 8 4 7 6 2 4 1 3 9 3 5 3 1 10 1 6 4 5 5
430 9 7 10 2 2 3 10 7 4 1 4 2 7 1 8 3 6 1 7 4
428 5 4 8 5 5 4 1 6 7 7 1 7 1 1 5 7 1 1 5 10
520 6 8 8 5 5 6 7 9 2 7 8 9 5 10 2 5 3 5 2 3
481 10 9 5 5 9 10 4 2 5 3 8 4 1 2 3 3 6 1 9 5
543 8 10 7 9 7 3 2 10 8 1 5 10 4 4 2 10 9 2 2 5
566 8 5 6 2 6 8 1 1 6 4 9 4 6 10 9 2 8 5 2 7
539 5 2 3 7 6 9 8 9 7 9 1 6 2 3 10 9 10 1 6 6
651 7 8 8 7 2 5 4 1 9 1 10 3 8 9 1 1 9 10 5 2
535 9 10 3 5 4 5 1 5 9 3 1 9 1 2 10 1 4 8 2 9
510 3 1 8 9 9 7 7 4 5 4 2 1 7 2 5 7 3 4 5 5
382 2 2 4 3 6 2 5 5 7 5 8 7 2 2 6 10 4 1 3 5
664 6 4 1 5 7 9 9 10 10 8 10 3 2 6 1 8 9 5 1 8
670 2 5 4 10 8 3 1 9 9 6 6 9 10 6 10 8 10 8 1 3
20
606 3 1 2 7 1 5 5 5 3 7 8 7 2 10 2 5 1 10 7 8
476 10 2 2 1 9 8 4 3 5 5 3 4 5 7 2 6 6 10 4 2
411 3 6 1 5 9 1 5 1 5 5 4 4 6 6 7 4 3 2 1 5
448 9 6 2 5 10 4 3 5 8 5 4 10 5 2 3 1 3 2 1 4
682 8 8 10 10 10 9 6 3 6 4 6 3 4 5 3 5 10 6 9 6
611 1 3 10 5 1 10 10 7 5 6 6 1 8 7 6 1 9 7 9 5
635 2 2 10 8 6 2 4 5 1 8 8 10 7 10 3 2 2 10 8 4
580 8 9 1 2 9 3 1 9 3 3 10 10 7 6 6 3 2 8 7 7
481 2 4 8 3 9 5 5 10 5 5 1 5 1 2 7 1 5 4 10 8
544 3 1 8 7 6 5 6 4 1 9 10 5 5 3 6 10 2 4 10 10
547 8 7 2 3 10 1 8 9 5 7 4 8 3 1 10 6 10 3 2 10
402 9 2 10 2 4 4 9 3 5 3 9 9 4 1 10 5 9 1 2 1
627 10 2 4 7 6 10 8 7 10 2 10 9 9 2 3 2 8 5 9 1
536 3 9 6 7 6 7 9 4 4 8 5 7 5 2 3 4 7 10 4 1
627 4 10 3 4 2 1 7 10 4 10 2 1 6 10 5 7 10 7 9 5
507 9 6 7 3 2 9 8 9 10 10 2 3 10 1 4 5 1 1 9 3
625 8 3 10 8 6 7 2 10 9 3 2 6 8 1 10 6 5 8 8 7
543 6 8 6 1 9 5 8 3 6 8 9 4 5 10 7 5 8 1 6 3
559 4 9 7 4 3 7 10 10 3 1 7 9 9 5 1 5 4 4 9 5
556 9 4 2 2 2 4 10 6 9 6 5 10 1 10 4 5 2 8 10 4
20
455 5 1 5 2 4 3 2 2 6 7 4 9 7 10 7 6 3 6 2 2
573 3 7 3 7 7 6 7 10 9 10 9 2 4 4 7 7 4 6 3 4
629 9 8 7 10 3 9 5 3 8 6 9 6 1 3 5 10 5 5 5 9
537 3 10 6 4 4 1 7 5 7 4 10 2 9 10 4 4 6 1 4 5
658 10 5 9 7 10 9 8 5 7 6 7 9 3 6 3 9 7 4 5 7
622 4 1 8 7 2 4 10 6 10 7 2 9 4 5 3 5 8 6 6 9
481 9 3 9 5 10 8 5 8 1 7 4 7 8 10 3 8 4 2 3 2
603 10 9 1 6 5 2 3 8 2 6 3 6 6 10 5 5 10 6 8 7
563 2 6 4 6 3 10 3 4 7 8 7 1 8 5 9 9 8 2 1 6
569 1 10 10 9 5 1 10 10 2 8 6 2 4 9 2 8 1 5 1 6
574 7 3 4 6 2 9 10 9 9 3 8 9 5 4 3 8 5 3 6 8
604 6 4 4 10 10 1 10 9 1 8 7 5 6 6 3 10 2 3 10 9
392 2 2 8 2 2 4 6 1 8 4 1 1 6 4 8 7 1 5 6 2
475 1 1 7 3 8 5 9 10 1 10 2 6 2 3 1 1 1 5 8 10
444 3 4 7 10 8 2 6 6 4 1 1 6 1 2 8 1 2 3 6 8
581 1 8 7 9 2 5 2 7 3 10 7 1 9 8 1 5 3 3 2 10
461 3 2 7 5 9 5 7 5 5 8 4 1 4 4 9 7 2 5 2 6
442 1 6 9 1 2 2 8 10 1 3 5 2 5 4 9 5 4 2 4 9
545 2 10 9 3 1 7 6 4 7 5 7 8 4 10 5 5 3 8 6 1
480 6 8 10 1 7 3 7 9 2 3 9 2 9 9 2 5 3 1 3 9
20
511 2 5 9 6 8 10 3 4 4 6 9 7 1 8 5 1 1 7 5 1
522 10 1 6 9 4 5 2 9 8 4 2 5 1 3 6 5 7 6 10 2
611 8 10 7 4 9 3 10 9 3 4 10 4 3 6 9 10 6 4 8 10
495 9 2 5 5 1 9 5 1 6 3 8 4 5 2 1 1 2 9 9 3
577 8 6 10 7 2 7 1 9 4 10 7 3 3 1 5 6 9 6 10 6
563 4 9 3 3 4 10 7 2 9 6 3 2 7 6 3 1 7 9 9 3
583 1 1 4 10 8 10 8 5 5 3 7 3 9 6 8 2 10 3 5 2
354 2 1 2 2 2 6 5 5 2 2 7 2 9 4 6 2 1 2 4 5
600 8 10 9 2 8 4 1 6 7 5 8 4 2 9 10 8 10 5 3 8
542 7 2 9 9 8 7 6 9 3 5 10 8 1 2 6 6 6 5 4 5
656 6 10 9 1 6 2 2 7 8 8 8 9 10 6 4 5 8 6 1 10
616 6 4 10 1 6 5 9 10 3 7 6 6 10 10 4 4 8 7 3 9
593 8 3 8 9 5 3 4 7 1 9 7 7 8 5 9 5 1 9 10 7
595 10 4 9 1 10 9 5 4 1 10 5 1 7 2 1 10 9 9 9 8
500 3 2 2 3 10 4 9 3 1 6 7 2 3 5 5 9 4 9 5 10
571 8 9 8 9 6 5 7 1 9 9 2 1 4 3 9 9 1 7 10 4
587 3 10 9 2 7 8 7 6 4 10 2 4 4 2 3 10 7 8 7 10
588 8 3 3 7 6 8 10 8 6 2 5 3 8 4 2 2 7 7 2 9
615 1 10 6 1 5 6 2 2 5 6 8 9 10 9 4 2 1 8 9 9
564 5 7 10 5 10 2 1 10 1 10 8 5 4 10 9 10 7 5 3 4
20
630 3 3 4 8 1 7 10 9 10 1 5 2 6 7 1 6 7 3 8 5
575 10 7 3 5 9 8 10 4 1 2 8 3 9 9 1 7 4 9 2 2
511 10 9 8 2 3 2 5 3 9 8 9 4 1 6 4 6 9 1 8 2
574 8 8 10 6 6 1 3 9 8 3 2 5 4 8 3 9 3 5 1 10
496 4 5 3 4 4 1 1 2 7 10 10 3 4 3 2 2 4 5 1 10
585 2 9 6 1 8 4 10 7 4 7 3 10 2 6 8 2 6 8 10 10
401 9 5 9 6 4 4 4 2 3 1 7 10 5 7 8 1 3 1 1 3
585 6 8 1 3 7 3 6 5 4 9 3 3 10 10 4 1 3 6 10 5
489 1 5 9 7 3 6 8 5 7 1 1 2 6 6 1 4 5 6 2 2
543 8 3 5 2 7 8 1 9 9 8 4 3 1 10 4 4 6 6 5 3
595 6 10 4 5 10 4 3 4 4 8 10 1 1 6 10 3 8 4 8 8
589 3 3 7 7 5 4 1 8 7 8 10 2 6 4 6 7 1 7 4 9
637 5 8 6 9 5 2 4 8 2 10 5 4 10 9 4 10 5 9 6 2
571 7 7 1 10 8 4 8 8 6 1 3 6 3 8 5 4 7 9 2 3
548 8 9 5 8 6 1 1 1 8 4 7 3 8 6 10 6 4 4 4 8
585 7 9 10 9 3 5 5 9 10 3 7 2 2 7 2 3 1 9 8 1
537 1 1 4 9 9 2 6 2 6 1 2 10 7 5 3 3 7 7 7 2
461 4 5 9 2 10 2 7 3 8 3 3 9 8 4 5 2 1 1 3 8
543 9 4 3 8 3 3 4 2 8 4 3 2 2 6 10 9 3 10 7 6
583 2 5 8 2 8 9 6 7 2 8 7 2 8 4 8 3 4 9 10 5
20
674 10 6 3 6 8 10 7 2 10 5 7 5 10 7 10 8 4 10 3 8
646 2 8 5 10 1 6 3 10 10 9 4 9 1 7 2 2 1 8 10 7
677 10 3 9 4 5 3 6 2 8 10 8 6 8 9 5 3 10 8 6 6
694 9 9 6 9 5 2 10 1 8 10 3 4 10 7 7 6 7 3 8 9
563 1 4 7 10 1 2 3 5 10 3 3 6 8 1 8 8 3 5 10 5
431 7 2 3 4 8 1 9 3 6 1 6 2 2 8 6 3 2 5 6 1
491 1 6 4 6 6 6 8 2 1 1 6 1 1 4 10 6 2 10 9 7
447 1 10 5 7 3 5 10 4 6 2 1 3 5 3 1 3 6 4 9 2
566 1 5 10 9 1 4 10 10 5 7 3 7 3 8 1 4 2 5 4 9
523 1 6 10 8 4 7 2 5 6 4 5 10 4 3 7 2 7 8 2 2
547 8 6 7 4 6 10 10 5 6 10 4 9 7 5 7 6 5 4 5 2
540 2 9 8 8 7 9 7 1 3 6 6 9 3 3 7 4 1 7 3 10
603 6 4 8 8 9 2 4 1 7 8 2 1 10 7 7 5 4 5 10 5
664 9 7 7 9 5 4 3 3 7 9 6 8 9 7 3 7 2 9 9 8
506 10 4 9 5 10 6 7 8 10 9 5 5 4 5 7 5 1 1 6 2
526 6 2 4 9 2 1 5 10 6 3 9 3 8 4 7 4 2 1 2 8
539 8 4 10 9 10 9 6 2 1 5 9 5 5 3 1 8 1 9 2 4
591 2 10 7 9 1 5 5 8 3 7 6 10 10 1 9 10 3 10 3 3
395 1 8 7 3 3 3 1 4 2 3 1 10 7 2 1 8 2 7 5 2
523 2 4 10 4 10 6 9 1 4 2 6 9 4 1 8 3 2 6 7 10
20
513 10 10 10 8 3 1 3 3 3 1 7 5 8 3 2 8 9 8 1 1
531 2 3 9 2 2 4 10 6 9 3 3 5 4 7 1 1 7 7 10 2
546 10 3 10 7 5 4 2 4 10 3 7 8 9 2 1 1 5 2 4 5
653 6 2 3 8 6 2 5 9 8 7 8 9 8 3 10 7 10 3 8 9
685 4 9 9 6 7 10 4 6 7 3 6 2 10 7 6 4 7 9 10 7
634 4 8 5 8 2 9 3 1 9 4 3 9 8 10 9 7 5 3 8 6
503 7 9 6 2 8 8 2 7 6 4 7 7 2 6 4 1 4 1 7 9
481 1 3 4 2 6 8 7 1 5 2 4 9 3 3 5 7 10 3 9 4
523 3 5 2 6 5 10 5 3 2 6 7 5 3 6 7 6 6 6 6 1
587 9 5 7 10 10 3 10 4 1 6 2 5 9 5 1 5 5 6 2 9
551 1 1 2 3 7 7 6 10 5 8 7 3 1 10 7 6 5 8 5 3
510 7 8 8 3 10 2 9 5 4 8 4 7 3 10 10 8 2 5 9 2
694 6 5 6 10 6 3 6 10 5 5 9 5 9 5 3 4 7 2 10 9
570 7 4 8 8 10 4 7 6 10 4 2 3 1 6 5 6 5 8 1 7
519 10 10 9 1 6 10 5 4 5 7 10 7 1 4 7 6 10 5 5 4
592 10 5 10 5 1 9 7 3 8 7 10 9 6 4 2 10 5 6 8 1
650 2 5 6 4 7 10 2 7 10 1 9 7 1 9 4 7 5 8 8 10
454 1 3 1 7 1 8 6 7 2 5 2 10 3 4 3 2 9 1 6 7
464 5 6 2 1 1 8 10 2 3 5 8 10 2 8 4 3 3 3 4 6
511 1 5 3 5 9 4 2 6 4 3 8 8 5 2 10 2 9 6 4 7
20
460 6 6 4 1 6 5 6 9 6 6 8 6 3 2 3 8 10 1 6 4
663 7 7 7 3 1 8 5 2 8 10 7 9 7 10 1 9 3 9 1 10
508 3 1 8 10 5 4 5 5 2 5 4 9 6 6 10 6 2 4 5 3
555 10 5 4 7 2 10 4 5 3 10 3 7 7 7 9 5 4 6 2 3
516 5 7 3 8 2 4 1 6 4 5 4 8 8 1 8 8 2 10 9 3
511 9 2 9 4 7 2 5 8 4 6 9 9 6 1 2 3 3 3 6 10
637 6 6 7 7 9 9 7 4 6 9 8 8 10 5 10 9 5 6 8 2
563 8 8 8 4 9 4 8 5 8 2 3 2 4 1 1 9 9 9 7 2
544 4 3 1 3 2 5 6 9 10 1 1 10 7 7 7 5 2 9 1 6
452 3 6 3 2 9 10 2 2 2 7 2 4 6 4 4 7 9 1 3 6
516 10 3 8 7 7 1 9 6 4 10 9 7 3 1 5 8 6 1 4 6
483 9 5 8 2 1 10 3 7 4 4 4 5 10 4 3 10 2 8 9 3
547 5 5 4 8 7 10 5 4 5 8 8 6 1 1 1 7 4 7 4 8
388 7 2 9 4 3 4 1 3 1 6 4 5 10 3 1 8 3 1 1 5
741 9 1 10 9 3 3 7 2 8 6 5 7 8 10 6 1 9 9 10 7
480 9 8 7 4 8 3 3 4 2 6 1 8 8 4 6 1 1 9 7 5
673 7 5 4 8 9 4 6 3 5 1 7 7 9 8 9 5 9 7 10 3
560 5 3 8 7 7 4 5 2 2 5 4 4 7 9 8 8 7 4 5 9
679 9 1 8 10 5 8 1 3 6 8 4 8 7 8 3 9 5 7 5 9
487 9 8 10 6 10 1 6 4 1 10 5 1 4 1 9 1 5 7 2 7
20
531 4 2 1 8 6 9 5 2 6 3 3 4 6 8 7 1 2 5 7 3
455 3 8 5 1 3 5 3 3 9 9 1 2 2 3 8 6 2 8 9 4
573 9 2 1 4 10 7 6 10 5 3 9 4 7 7 5 2 4 1 4 9
536 7 8 2 4 2 9 3 4 10 7 6 1 7 6 5 6 1 3 9 2
653 5 7 9 8 9 3 4 6 6 7 9 5 9 8 5 6 8 2 8 3
565 5 9 5 7 5 9 6 3 4 4 10 10 10 1 1 2 3 5 2 10
666 2 10 4 10 9 9 8 4 9 10 6 8 7 10 7 9 3 5 2 6
570 6 4 2 5 6 6 3 6 10 2 5 7 8 1 7 2 1 10 8 7
547 2 8 9 6 7 5 7 1 5 3 7 4 9 3 9 2 8 6 4 5
536 5 10 6 8 3 6 5 4 9 6 5 1 2 8 8 6 2 5 9 2
598 4 7 6 2 5 6 5 8 9 4 4 9 6 7 3 8 5 6 8 4
555 8 7 7 1 3 7 10 7 4 9 3 7 5 10 4 4 7 5 3 9
606 6 10 5 9 5 9 10 8 3 7 2 7 1 10 3 4 5 2 8 10
669 10 8 9 4 4 3 10 7 9 2 7 8 7 7 9 5 9 6 2 9
573 8 7 8 4 7 5 2 2 10 1 2 5 9 4 4 5 10 8 6 3
528 9 1 2 8 8 9 5 4 3 3 7 7 6 4 4 7 2 4 8 5
601 8 4 6 3 9 4 5 8 10 1 10 10 1 4 6 4 10 6 6 3
468 5 6 1 3 2 8 8 3 4 1 7 2 9 6 10 3 7 1 2 9
446 4 7 10 1 2 1 1 3 6 9 4 4 10 6 7 4 1 1 9 4
565 4 10 10 7 3 6 3 6 8 5 7 9 1 3 2 5 2 8 2 10
20
594 5 2 9 4 3 5 6 5 9 7 1 6 9 7 9 5 10 2 4 7
461 10 5 10 1 8 9 5 6 4 5 9 10 2 4 9 5 5 4 4 3
552 8 1 7 6 10 1 6 1 8 9 4 3 7 3 4 3 3 6 7 6
629 5 4 6 6 9 9 1 6 10 7 1 3 4 9 7 10 2 10 1 6
435 4 7 1 3 4 9 2 4 2 6 2 2 2 10 8 4 4 8 3 3
638 10 10 10 8 7 9 3 4 1 7 5 5 9 4 10 8 8 8 1 10
526 10 3 6 4 3 1 2 9 10 1 3 7 6 2 5 10 5 9 2 2
463 7 3 1 5 8 4 9 5 2 6 8 7 6 1 8 3 6 1 10 7
566 10 10 2 9 1 9 10 2 4 3 10 9 5 4 1 3 5 5 2 4
585 6 10 2 1 3 8 8 10 7 8 4 8 6 7 5 7 6 4 7 4
557 10 3 5 3 8 4 1 2 10 5 8 8 8 6 4 2 6 2 6 6
496 2 10 6 9 3 2 6 3 5 5 1 8 1 3 4 9 6 1 9 6
596 6 10 3 10 8 9 7 5 9 5 7 4 9 3 2 7 1 6 3 6
661 8 1 8 9 1 10 4 5 7 3 10 6 8 4 5 9 6 7 10 4
474 6 7 8 7 8 1 1 2 3 1 7 10 7 2 10 10 6 7 1 4
570 10 5 9 5 4 2 10 4 6 6 7 8 8 3 3 8 1 5 10 7
601 8 4 6 2 10 8 6 5 10 8 5 9 9 1 10 4 5 10 9 4
589 2 8 10 4 10 5 8 7 4 3 1 10 8 7 2 7 9 6 5 8
452 4 2 6 3 4 10 5 10 2 1 7 4 4 3 9 4 6 1 8 3
489 6 1 2 4 10 7 9 2 2 5 1 10 9 1 8 1 7 6 10 6
20
567 6 10 6 6 4 6 5 10 3 9 1 4 8 7 3 1 7 4 2 8
546 9 7 4 1 2 9 4 8 5 8 1 5 9 1 4 9 6 8 7 10
628 4 7 1 10 5 1 5 6 6 6 8 10 8 7 3 4 5 2 9 7
613 3 10 3 9 9 2 8 1 4 9 3 8 9 7 10 5 3 5 5 8
558 5 10 5 7 4 5 4 5 4 5 7 6 5 4 9 1 7 2 10 6
658 4 2 7 7 9 3 9 7 10 1 7 8 4 6 1 10 8 10 3 2
468 6 6 4 6 2 1 5 3 4 9 10 5 1 3 9 8 3 8 9 1
546 5 7 1 7 6 5 2 1 5 8 9 8 4 6 5 8 3 7 1 7
602 7 6 5 9 10 6 4 1 1 8 8 10 5 5 9 3 10 7 5 5
553 9 3 10 2 10 7 4 5 6 9 10 8 2 5 1 4 1 9 9 5
487 7 9 4 7 4 6 10 1 4 9 4 2 2 7 10 2 1 4 9 6
462 4 2 2 3 2 3 6 2 7 2 7 6 4 10 3 6 1 6 10 1
538 3 5 9 2 1 9 2 4 6 7 5 8 1 6 9 2 7 4 9 10
505 7 3 1 6 7 3 6 6 3 1 9 9 8 3 5 7 5 1 4 9
658 7 4 6 4 6 7 2 5 8 6 6 10 3 9 2 7 5 10 10 8
617 10 9 8 8 9 9 7 1 9 7 1 1 1 5 4 8 8 9 9 3
506 2 1 5 3 2 6 9 5 1 3 9 1 9 6 2 3 7 7 9 1
544 3 6 7 5 3 6 2 9 1 10 5 2 3 6 1 2 6 7 3 9
583 3 9 7 6 5 4 5 5 5 6 7 8 1 6 8 2 3 10 9 7
528 10 10 2 1 2 7 3 4 2 3 9 7 5 2 8 6 10 7 7 9
20
560 1 10 2 7 9 5 7 9 8 1 2 4 8 9 8 4 3 5 7 2
601 9 6 1 4 2 3 1 10 7 8 5 3 2 4 6 8 5 7 10 9
531 1 9 8 5 1 8 10 3 9 7 5 1 1 4 9 9 1 8 8 6
531 9 1 3 9 10 4 9 2 1 6 1 7 2 9 6 1 9 1 8 6
511 1 1 8 2 1 10 3 6 10 2 5 5 8 4 3 6 4 9 1 6
619 1 4 9 10 1 3 9 10 7 4 2 9 9 6 6 9 10 3 2 5
635 8 8 9 10 2 4 3 4 5 7 5 1 1 7 6 4 7 9 8 10
566 6 1 1 5 8 1 5 7 8 3 1 3 6 8 10 8 10 3 4 6
550 9 2 8 2 3 6 4 8 5 5 8 6 7 4 7 5 5 9 7 2
626 8 3 8 9 4 10 9 6 5 3 5 3 7 3 10 8 8 9 2 9
491 4 2 5 4 9 1 8 3 6 1 9 10 6 3 7 9 3 1 8 9
510 8 4 1 7 5 6 7 4 1 8 3 2 8 4 3 1 8 4 7 6
591 10 7 3 6 5 9 10 9 10 1 1 4 10 3 5 4 2 8 5 4
533 3 1 1 6 4 7 8 7 8 3 3 4 6 8 9 1 2 5 8 4
587 1 7 7 4 1 6 8 9 9 3 3 3 2 8 6 4 7 10 3 6
547 10 7 2 5 6 6 5 9 7 1 4 10 4 5 6 2 3 8 3 4
588 5 4 8 4 6 1 4 9 3 5 7 1 5 10 10 6 8 9 7 4
694 3 3 3 8 4 10 3 8 1 3 9 8 10 9 1 6 6 10 7 7
595 5 8 4 1 9 9 3 4 9 7 10 1 5 3 6 1 6 4 10 9
479 8 8 1 4 8 10 7 4 7 9 7 3 7 3 2 8 1 3 3 3
