250 10
1250 1250 1250 1250 1250 1250 1250 1250 1250 1250
15
369 5 4 6 2 3 5 7 7 7 4
365 6 7 9 3 3 4 9 2 5 2
343 6 4 6 8 9 4 5 2 5 2
458 8 6 5 9 9 7 2 8 5 9
256 2 7 1 2 1 4 4 7 1 5
363 6 5 4 8 4 7 4 2 8 3
346 3 9 5 6 6 6 9 2 1 2
345 1 4 4 8 8 1 5 1 8 7
424 3 4 1 1 6 9 9 9 8 5
398 8 8 1 7 1 6 4 4 9 6
376 5 6 4 7 9 2 4 4 4 9
435 5 4 8 3 4 9 5 1 8 9
340 7 5 9 1 4 1 8 1 1 8
385 9 3 9 4 9 4 1 8 4 4
414 8 7 2 1 5 7 5 5 8 6
15
312 1 1 3 3 5 4 3 9 4 9
314 6 4 5 3 3 5 5 7 3 1
380 6 9 3 8 5 5 7 5 4 5
306 7 7 1 9 3 8 5 5 1 1
402 2 9 5 5 9 5 9 4 2 5
308 6 2 5 4 4 8 3 1 6 3
364 6 8 8 8 7 4 2 1 3 8
375 7 8 1 2 9 8 8 1 5 2
418 3 5 4 9 7 5 9 6 3 8
238 3 4 2 8 4 2 4 5 3 2
368 6 5 5 5 2 8 7 9 1 3
290 4 4 6 9 4 7 1 1 3 3
444 3 7 9 8 9 2 9 3 9 4
293 6 5 6 3 5 2 3 1 7 2
318 1 6 1 7 8 6 9 2 2 4
15
304 3 3 6 7 7 8 3 1 2 3
390 9 9 2 2 9 6 9 2 2 3
331 4 7 8 3 3 7 2 2 5 4
360 1 3 8 2 2 9 9 7 3 4
357 6 1 5 7 5 9 8 9 1 2
302 9 1 1 3 7 8 1 5 4 4
360 5 8 1 6 6 4 4 9 6 2
349 4 7 7 4 8 2 4 8 4 1
301 8 4 6 2 1 3 5 2 4 4
359 7 7 6 7 4 6 5 4 1 5
482 9 8 2 8 6 9 9 8 2 8
393 1 9 6 6 3 6 6 4 5 8
414 6 2 8 7 7 8 5 7 7 1
382 7 3 2 7 9 9 8 6 3 2
374 5 3 8 7 5 6 6 4 9 1
15
453 8 6 7 5 7 7 7 9 1 6
305 4 2 4 3 1 4 9 5 2 6
381 7 3 8 6 2 7 7 4 7 3
322 8 4 5 6 1 4 5 3 4 5
266 6 1 1 8 4 6 1 1 4 8
405 9 7 5 3 3 1 6 3 8 8
448 7 8 8 9 5 5 8 4 8 2
327 7 2 2 8 6 6 2 1 6 9
350 6 3 9 6 3 9 6 6 1 3
299 2 3 4 1 9 6 1 1 6 6
344 7 4 3 2 2 8 9 2 1 7
249 6 3 1 7 1 1 6 7 1 6
258 1 7 2 4 2 4 5 7 3 1
422 3 9 7 8 3 6 2 9 5 8
432 5 3 6 9 5 8 6 9 4 8
15
284 2 6 3 2 2 9 1 6 4 1
297 1 3 4 9 2 1 5 5 4 9
449 8 7 2 8 1 6 8 8 6 8
404 8 8 5 2 1 6 4 5 6 9
470 6 7 9 6 6 8 5 4 8 7
422 4 3 4 4 8 5 6 5 9 8
422 5 3 5 9 6 8 4 9 6 7
358 7 5 8 1 6 9 5 2 3 1
347 7 2 4 5 7 5 7 7 2 5
385 6 4 3 6 6 5 9 8 5 4
384 3 3 5 4 7 9 4 8 4 7
282 6 1 7 7 2 3 6 4 3 3
341 9 5 3 5 6 2 8 2 8 1
300 8 1 4 5 4 3 3 6 3 7
322 2 6 3 8 6 9 5 1 4 1
15
324 8 3 3 7 3 7 6 1 5 4
378 6 2 8 8 6 5 1 5 7 8
338 6 2 5 1 5 2 3 8 3 8
320 4 7 1 3 6 7 2 5 2 6
435 8 8 2 5 8 9 8 1 1 9
310 4 4 4 2 1 3 9 5 1 9
441 8 9 6 8 7 4 5 8 3 6
403 7 5 3 1 4 9 9 2 4 9
413 5 9 9 3 4 9 1 9 7 2
323 8 1 8 9 8 3 1 3 4 5
338 5 9 5 8 2 2 4 3 4 6
344 4 6 9 3 6 9 2 4 3 1
413 1 6 8 9 8 4 6 5 6 6
439 5 7 5 6 9 5 8 5 5 5
432 5 5 2 2 5 5 8 8 6 9
15
264 3 5 1 2 7 2 5 1 4 6
439 8 3 1 8 7 9 5 7 7 6
426 6 5 4 5 4 9 7 1 6 9
392 6 8 3 3 6 2 7 6 7 4
345 7 5 1 4 2 5 4 8 7 4
400 9 8 5 2 5 2 9 8 7 1
388 7 1 3 4 5 9 8 8 7 1
259 3 5 6 2 4 3 1 7 2 3
537 8 7 7 2 6 9 9 7 8 7
397 7 1 6 1 8 9 3 2 9 6
445 7 4 7 8 8 9 9 1 5 5
283 3 2 1 4 5 3 9 6 2 3
263 2 3 3 8 1 8 3 9 2 2
294 3 1 8 3 8 1 4 7 5 1
381 4 2 7 7 1 8 5 7 7 6
15
416 1 2 6 7 8 7 9 2 7 8
331 2 1 5 2 6 9 4 2 7 3
436 6 7 5 8 5 8 8 5 7 4
372 9 3 7 7 5 4 4 5 7 2
303 1 7 3 4 3 1 1 6 7 6
291 2 4 5 6 3 3 9 2 4 1
369 2 8 8 2 3 5 3 7 8 3
265 1 5 5 6 6 1 5 5 1 4
419 9 1 9 6 7 5 4 2 7 7
297 1 7 5 1 6 8 3 4 3 1
340 5 1 1 6 6 3 5 8 5 8
439 1 8 5 4 4 5 8 5 9 9
366 2 7 3 7 6 7 7 1 5 6
403 8 8 9 9 9 6 1 1 3 6
168 2 2 1 1 5 2 3 3 2 1
15
319 8 2 7 4 4 1 9 5 2 3
430 3 4 6 9 7 3 7 9 4 9
463 3 3 8 7 7 8 5 9 7 9
395 3 4 8 1 5 9 6 6 5 6
348 9 3 4 2 5 9 1 2 5 5
326 4 4 5 9 6 3 8 2 1 7
350 8 4 6 2 1 6 9 2 4 5
395 8 8 4 1 8 1 3 5 5 9
438 9 1 5 4 2 4 9 9 9 8
401 2 9 4 5 3 1 8 9 6 9
421 4 4 8 8 4 8 9 4 8 4
431 9 6 8 7 7 7 7 4 3 6
399 2 1 9 8 2 9 5 8 9 4
416 8 1 6 6 3 9 8 6 9 3
404 9 2 6 4 3 6 5 5 7 8
15
260 3 3 2 2 2 8 1 9 2 3
365 1 7 7 5 9 2 7 3 6 2
444 2 8 8 9 9 9 5 2 7 3
387 8 3 7 1 2 9 3 3 8 6
299 3 1 5 7 1 3 5 4 9 2
320 4 5 7 7 1 5 8 8 2 1
384 5 9 9 3 5 1 2 5 8 4
319 7 3 4 4 4 2 7 2 9 1
479 7 7 7 2 4 5 9 5 8 8
383 6 5 5 6 6 7 2 3 6 9
408 5 6 8 8 7 5 8 5 5 3
397 2 5 9 8 2 8 9 5 7 2
525 4 6 9 2 8 8 9 9 5 9
321 5 6 4 2 2 8 4 2 2 9
390 3 8 1 5 4 6 8 1 7 8
15
316 5 5 3 7 9 1 2 9 1 5
388 2 7 4 5 8 7 7 1 2 9
317 7 4 3 2 5 7 3 2 6 4
437 7 3 6 6 9 7 5 5 7 6
409 2 5 7 7 9 1 5 9 5 8
377 4 1 9 4 2 3 9 5 5 8
184 1 1 1 7 6 2 6 1 1 1
418 9 1 8 7 3 9 2 7 4 8
422 5 4 6 9 6 6 3 7 8 6
299 8 5 6 4 5 5 3 2 2 1
367 2 6 7 8 5 2 6 5 5 8
424 7 9 5 7 4 8 2 1 6 9
380 5 2 9 3 5 8 4 7 5 4
410 9 1 9 4 8 3 7 8 6 2
437 9 6 3 6 5 4 9 9 5 5
15
380 5 3 7 8 9 3 1 9 4 6
308 2 1 9 1 3 7 7 4 1 5
396 5 7 6 1 1 5 9 1 6 9
431 8 9 3 2 4 6 6 2 9 7
266 5 5 2 7 1 4 3 4 6 3
377 3 5 5 5 8 9 2 2 4 7
309 3 7 2 5 6 2 7 1 7 3
451 7 9 9 1 7 9 3 5 8 3
250 2 2 7 6 6 1 3 9 1 1
386 3 7 6 8 9 1 1 5 7 9
291 6 4 4 3 3 3 1 9 5 2
346 3 8 9 5 2 8 7 4 2 1
286 1 8 4 4 6 1 2 7 5 3
433 7 7 8 5 1 2 4 9 9 8
480 5 9 7 7 9 9 7 9 2 5
15
315 5 3 4 2 9 7 6 4 3 1
356 5 4 9 4 3 5 6 3 3 8
388 7 3 8 2 3 7 5 5 3 8
461 1 7 9 9 7 8 9 4 3 9
276 2 1 2 5 8 6 4 7 2 2
333 4 4 7 2 5 1 1 7 4 8
394 7 8 9 4 3 4 8 6 4 3
347 7 2 8 8 3 1 5 6 4 6
478 5 5 9 5 2 8 5 7 8 9
261 2 1 2 9 8 1 2 8 2 5
327 7 6 6 2 6 1 1 8 4 3
334 7 7 5 5 4 2 1 6 4 6
361 3 4 8 9 5 6 8 7 1 4
309 9 1 3 6 1 7 5 6 4 4
347 1 8 7 6 2 2 9 2 8 2
15
390 4 2 7 9 7 5 3 8 5 8
334 3 5 8 1 4 5 4 5 6 4
274 2 5 7 8 5 1 3 1 4 6
382 4 9 8 7 8 4 5 5 3 3
338 7 9 6 4 6 5 1 6 2 3
285 1 6 1 3 4 6 5 6 3 4
433 8 6 8 7 3 7 5 6 9 1
309 2 5 5 7 2 9 2 3 1 9
463 8 6 6 8 4 8 6 9 9 3
310 2 6 3 7 8 3 2 1 6 7
411 6 7 8 4 4 7 8 7 4 3
376 9 4 9 6 3 3 8 1 6 6
340 7 1 7 1 9 3 3 8 1 5
385 6 2 8 7 4 1 8 6 9 4
368 9 3 4 8 8 5 1 2 7 8
15
322 1 3 8 6 4 2 6 2 8 4
347 2 5 3 5 6 7 4 7 7 1
459 1 9 7 8 7 6 9 1 9 6
335 9 9 1 1 8 2 4 2 3 6
349 1 6 7 6 3 3 6 5 6 6
428 9 2 9 9 9 6 7 1 5 6
349 7 4 8 8 2 4 1 4 3 9
383 8 4 9 5 8 2 5 5 6 2
448 4 6 9 4 4 9 4 9 7 6
361 9 2 9 3 6 4 6 2 5 3
350 3 1 7 4 7 7 4 6 7 2
344 9 2 7 1 1 9 5 4 7 1
386 7 8 1 5 9 1 9 2 4 7
274 1 8 3 3 2 1 2 8 1 9
362 3 4 9 5 9 5 6 4 3 2
15
383 1 4 9 8 5 7 7 3 3 8
398 4 8 3 3 8 4 8 7 3 7
355 6 6 3 3 2 7 5 6 6 5
312 3 7 5 4 4 9 1 4 2 5
355 9 2 5 4 7 4 3 7 3 5
383 9 3 4 2 5 8 2 6 3 9
438 7 5 8 5 4 5 8 4 6 8
322 1 5 8 6 4 2 7 1 5 7
413 8 5 3 4 3 8 6 9 6 4
335 9 2 5 1 1 3 9 8 4 3
347 3 9 1 8 6 8 2 1 5 5
372 5 2 9 3 4 2 2 9 7 9
387 6 8 2 9 1 9 9 3 5 5
357 6 4 9 3 9 5 6 5 1 1
477 6 9 3 7 4 9 6 5 8 9
15
283 2 6 4 1 1 1 9 4 1 8
454 3 3 5 5 5 9 3 9 9 9
317 8 9 3 4 3 3 9 3 2 1
325 1 4 3 4 6 8 3 4 5 5
492 5 4 7 7 7 8 8 9 6 9
378 5 7 6 5 7 9 1 3 4 6
375 7 5 8 8 9 5 1 2 3 7
436 7 2 5 2 6 6 9 4 6 9
394 7 4 4 2 7 9 4 2 5 7
371 7 8 1 8 5 7 4 5 3 5
415 3 5 7 2 3 7 9 1 8 7
314 3 5 3 9 3 2 6 7 1 8
366 7 2 5 6 7 2 5 8 3 9
324 5 3 5 1 7 2 6 2 3 8
411 6 5 8 5 2 7 6 1 8 7
15
393 6 2 8 2 6 8 1 2 9 7
351 8 1 5 4 6 4 9 5 5 2
239 1 1 4 4 7 3 1 6 3 4
354 8 2 5 7 4 8 3 8 3 5
279 9 4 1 9 2 1 5 5 4 4
393 1 4 5 5 7 6 7 9 6 5
428 9 7 4 9 1 9 1 9 5 8
437 8 8 1 1 6 6 7 7 6 9
329 7 2 8 2 8 1 4 5 5 1
378 9 7 1 3 9 3 6 9 2 4
288 4 7 3 4 7 2 3 4 5 2
283 5 1 3 7 6 3 8 2 1 4
435 7 9 5 1 3 5 8 6 8 5
346 1 5 1 2 1 4 6 9 6 9
434 9 5 6 5 9 1 9 9 3 5
15
394 6 2 6 5 7 3 3 2 9 9
334 8 7 4 3 3 7 6 1 1 6
379 4 7 4 7 4 2 5 3 8 8
341 4 4 2 7 7 1 6 8 9 2
341 7 7 5 5 7 4 5 2 4 1
436 8 3 9 6 9 8 8 6 4 2
365 9 4 1 4 8 1 1 5 8 9
414 7 9 8 5 2 5 5 3 7 5
437 9 7 9 2 2 7 6 4 4 7
358 3 9 1 5 6 5 6 5 2 7
277 4 2 6 7 7 3 6 2 1 3
468 7 1 5 4 6 9 7 9 9 6
309 7 1 5 2 2 6 1 5 8 4
370 8 3 7 1 9 2 8 3 6 1
439 4 7 6 4 2 7 3 8 9 8
15
269 1 3 6 2 3 2 6 1 7 3
360 5 5 6 3 6 5 6 5 4 3
291 2 5 6 6 1 1 9 5 2 5
371 9 8 6 8 1 4 6 1 7 3
415 7 6 8 5 2 8 8 2 2 8
411 6 8 9 3 2 9 1 3 7 8
298 7 2 9 4 2 3 4 3 1 8
409 5 9 1 3 4 5 2 9 9 7
348 3 4 5 2 2 3 3 6 9 7
371 9 3 8 2 7 2 9 4 6 2
402 2 5 2 7 7 7 9 6 3 9
435 9 9 4 5 6 7 4 4 5 9
387 8 9 4 3 2 5 6 8 1 8
373 7 9 5 7 6 4 2 1 5 9
260 1 8 2 5 4 3 7 2 3 1
15
437 9 6 2 5 4 8 6 9 3 9
440 4 4 8 9 2 8 7 2 9 9
444 2 8 3 8 9 2 5 8 9 9
360 2 5 5 2 4 3 8 9 3 8
328 5 1 2 6 6 9 8 5 1 2
383 5 2 6 7 9 9 8 3 4 2
425 9 5 7 8 5 5 9 6 6 2
425 8 8 6 2 1 2 7 8 5 9
325 4 7 7 5 1 3 9 5 1 5
322 2 4 3 7 7 8 4 3 3 6
345 9 9 4 7 1 4 8 6 1 1
352 4 4 3 7 8 3 9 7 5 2
358 3 3 9 6 6 2 1 9 3 9
296 6 5 2 3 5 1 7 2 5 3
372 1 6 9 9 8 4 3 4 8 2
15
342 2 3 1 7 3 2 8 3 9 8
265 2 1 1 4 4 1 1 8 8 5
405 2 4 5 2 7 5 9 8 6 5
378 2 9 5 8 2 9 7 9 2 1
498 4 9 5 9 6 8 4 9 8 9
270 4 1 7 7 2 3 1 6 3 6
305 9 5 6 1 8 1 2 3 1 5
385 5 8 9 4 4 7 2 9 3 2
452 4 7 6 6 6 7 3 9 8 7
369 5 5 6 4 6 1 8 5 6 5
355 1 2 7 6 5 1 7 9 8 2
301 2 9 7 8 1 3 2 5 3 5
392 4 1 4 4 8 9 9 5 5 4
474 5 4 9 3 5 8 8 4 8 7
362 8 2 1 8 6 7 6 6 3 6
15
394 3 5 9 2 8 4 7 9 1 4
425 8 7 9 2 2 7 7 8 2 7
317 7 8 4 9 3 1 2 1 4 9
275 1 8 5 3 2 3 1 3 7 5
356 2 4 3 3 3 7 8 3 6 6
325 3 8 6 3 5 2 7 3 7 1
406 1 7 9 1 8 7 3 6 1 9
457 8 6 4 7 7 2 9 2 9 9
333 4 3 9 1 5 7 6 3 2 2
292 7 1 3 8 1 9 1 3 9 1
398 5 7 7 5 9 4 3 4 5 6
432 5 8 6 4 8 1 9 9 4 5
317 4 7 2 4 2 3 1 9 9 1
369 8 3 1 5 2 8 5 8 9 3
461 6 7 8 9 5 9 7 3 8 5
15
372 1 6 7 3 7 2 4 2 8 9
408 4 3 8 9 7 9 1 5 8 5
355 9 4 3 7 4 2 4 8 8 3
408 7 2 9 3 7 8 6 2 2 8
324 3 5 9 1 1 8 1 3 3 7
422 8 7 2 9 8 8 6 2 7 4
306 8 5 1 5 2 4 1 1 8 7
427 5 6 6 9 6 4 8 4 4 8
327 7 1 3 7 4 9 3 1 9 2
465 8 4 4 6 8 8 8 9 7 3
268 7 1 1 6 3 3 6 7 3 3
363 4 7 6 2 9 4 5 4 3 5
277 1 2 9 6 3 3 2 1 5 8
404 4 8 6 9 3 8 7 4 7 3
427 5 5 7 2 4 5 7 8 5 7
15
276 2 8 3 4 5 2 8 3 1 2
293 4 6 1 6 7 7 6 1 2 3
388 3 7 7 1 9 2 2 3 9 7
354 9 7 3 4 3 2 8 1 6 6
310 1 6 3 6 2 5 1 6 9 5
418 6 5 2 7 7 9 9 6 4 4
377 5 7 3 4 6 8 7 7 1 6
361 6 6 4 4 1 9 4 1 8 5
288 3 3 2 9 8 1 7 1 4 4
351 4 7 7 3 7 2 2 4 5 5
382 1 5 7 6 4 3 4 8 5 9
318 7 1 6 5 5 6 4 7 1 5
468 6 9 8 9 6 3 8 7 9 2
290 1 1 7 8 8 1 4 5 7 1
353 3 3 2 9 7 6 2 7 5 6
15
321 7 7 5 6 7 1 1 9 2 2
312 9 5 3 8 5 5 4 5 1 4
329 9 4 3 9 6 5 1 6 6 2
405 8 6 9 2 2 1 9 3 7 7
335 6 6 5 2 4 4 5 1 3 9
421 8 4 6 4 5 9 2 5 4 9
401 2 7 4 4 6 9 3 5 7 7
278 1 1 6 4 7 2 6 5 2 5
405 4 5 6 5 9 6 4 9 4 5
301 2 8 7 6 3 1 1 8 7 1
395 2 6 9 1 8 2 1 8 7 8
368 2 2 6 2 9 9 3 2 7 5
319 3 4 1 4 9 2 8 9 4 1
352 9 3 6 3 8 2 6 4 4 4
314 4 7 7 5 2 4 8 6 1 2
15
386 5 6 4 8 1 3 9 2 8 9
252 1 3 6 2 6 3 6 4 2 2
288 8 4 4 2 2 1 7 3 2 7
475 8 6 3 2 9 6 6 7 8 7
342 7 8 2 3 5 5 8 3 2 4
270 7 2 2 2 5 4 4 4 2 4
319 6 1 2 7 1 6 7 6 7 1
345 7 1 4 6 7 3 7 9 3 4
437 3 4 8 9 4 9 5 4 7 8
254 1 2 4 7 4 1 3 3 8 3
448 8 7 6 7 6 2 9 2 9 8
411 1 7 8 5 2 5 6 6 7 9
233 6 2 6 6 1 6 2 1 3 2
350 1 2 6 4 5 7 8 5 6 2
336 7 3 7 5 7 6 6 2 2 4
15
228 1 9 4 2 1 1 2 2 3 5
313 9 4 1 2 4 4 2 7 2 9
363 6 7 4 8 4 5 7 3 5 5
421 4 6 8 7 8 9 5 1 3 9
419 6 8 1 4 8 4 1 9 6 9
338 7 3 1 6 6 1 8 2 6 8
297 4 2 1 8 1 7 9 8 2 2
393 5 2 8 2 6 5 1 9 6 7
377 2 9 1 9 3 5 8 7 4 7
384 1 5 7 7 2 8 6 7 1 9
348 3 2 8 6 8 3 4 4 9 1
297 7 2 1 7 5 1 4 5 5 7
308 1 1 8 6 8 6 7 3 2 3
409 1 4 2 8 8 3 7 8 9 6
268 9 2 4 7 3 2 5 5 1 2
15
345 6 7 3 1 6 6 5 4 6 1
247 4 1 3 6 1 3 1 8 6 4
323 6 7 1 6 2 8 3 3 5 6
388 8 2 4 1 4 5 2 8 9 6
418 5 5 5 7 5 5 5 7 8 5
312 1 9 4 4 1 9 1 7 3 5
377 3 1 3 3 6 9 6 5 6 6
350 2 1 8 1 2 7 6 8 1 8
361 4 4 7 6 4 1 8 6 3 9
400 1 1 7 8 9 4 7 2 9 9
371 3 3 9 7 5 9 3 9 2 3
310 1 1 8 4 7 3 2 6 1 9
428 6 7 2 8 1 4 8 9 6 9
337 3 1 8 8 1 1 5 9 7 7
300 6 7 3 8 4 1 2 3 3 7
15
258 2 5 3 8 6 1 6 1 5 1
311 3 7 1 3 1 7 4 5 7 4
315 1 2 6 9 9 2 6 1 4 8
547 5 9 8 6 7 8 8 6 9 9
349 9 3 6 2 2 3 2 8 5 7
390 5 6 6 3 9 4 9 4 2 4
353 8 8 5 6 9 2 3 4 3 2
278 7 8 2 9 2 2 1 4 5 2
375 6 2 7 1 6 5 6 4 4 9
445 9 8 3 1 9 6 8 4 2 8
391 8 7 2 1 8 7 7 3 5 5
266 6 1 1 4 5 1 1 6 8 5
400 4 7 8 7 4 9 1 8 4 5
399 5 3 8 8 7 9 9 2 4 3
305 2 9 4 3 5 3 7 1 5 2
15
302 1 6 8 4 6 3 1 1 3 8
388 9 8 1 3 1 9 5 9 7 1
540 9 8 9 7 9 7 8 3 8 8
285 9 3 3 2 4 1 2 4 7 5
389 2 6 8 8 1 7 9 8 3 5
363 7 9 7 8 8 5 3 2 3 2
322 4 2 8 5 1 5 7 8 2 5
357 8 1 7 4 1 4 5 9 7 4
371 9 5 6 2 5 1 8 3 1 9
428 7 9 1 5 8 9 1 5 7 8
486 7 5 9 5 4 8 8 9 8 5
430 8 4 4 1 8 8 8 9 1 8
360 2 7 7 4 4 4 3 6 8 3
327 2 3 2 4 7 4 4 7 7 5
464 8 8 6 2 8 4 9 7 3 9
15
362 4 5 8 9 7 4 5 6 3 3
322 5 2 5 3 6 2 6 1 6 7
311 1 1 3 8 6 3 4 6 3 9
361 4 9 6 5 6 7 4 1 7 1
408 9 7 6 9 3 7 2 4 8 3
383 3 1 6 3 4 6 7 4 8 9
489 7 7 6 5 8 6 7 6 9 5
293 6 3 3 8 2 4 3 3 5 6
418 2 6 5 8 3 8 8 4 9 5
346 2 3 2 7 5 5 8 6 8 1
351 6 2 5 9 4 1 9 1 6 7
380 2 2 5 2 7 9 7 1 6 6
265 7 2 2 8 2 2 3 9 3 2
362 9 2 7 5 6 1 1 8 7 7
365 2 2 6 4 7 5 5 4 8 6
15
352 4 8 5 2 4 9 1 1 8 5
362 4 7 5 4 3 4 7 3 7 4
409 5 7 4 6 3 7 8 5 7 3
382 9 4 8 8 7 5 3 4 3 6
387 2 4 6 8 7 3 4 9 7 7
364 2 4 8 5 1 8 4 8 5 6
390 7 9 3 3 3 5 7 2 6 7
416 8 8 1 5 6 7 7 7 5 3
379 4 5 6 6 2 5 6 8 9 3
427 4 3 5 5 6 9 8 3 8 8
397 6 8 7 7 9 2 2 9 3 7
348 7 2 1 1 2 2 8 5 9 8
328 6 2 6 3 5 5 2 6 5 5
373 2 8 9 7 2 7 4 2 8 3
414 5 9 3 6 6 5 8 9 1 6
15
412 6 9 6 7 4 9 2 3 7 4
441 9 4 9 6 5 7 8 7 5 1
381 9 7 3 9 5 5 4 8 5 2
420 7 2 8 8 6 8 2 2 9 9
465 4 5 8 7 9 9 9 7 2 5
332 4 7 1 4 3 9 1 6 6 5
299 3 2 4 3 5 5 4 6 8 1
423 4 5 9 2 3 6 6 7 6 7
292 3 3 3 6 3 4 6 3 5 4
383 5 5 6 9 2 6 8 9 4 1
360 6 6 8 3 7 1 7 5 2 5
327 4 6 3 6 3 6 2 1 8 7
317 8 2 8 9 2 5 7 4 1 2
378 2 4 4 7 9 9 6 6 1 7
336 8 2 2 3 2 7 1 4 8 6
15
282 5 1 1 8 9 6 2 4 2 6
424 4 6 8 8 5 3 8 3 8 8
441 6 2 9 6 7 8 3 5 6 9
391 2 9 3 7 7 9 5 3 3 6
372 4 3 7 4 3 7 2 4 7 8
444 5 3 7 7 7 4 9 2 9 7
392 2 6 4 5 7 8 1 8 5 9
438 4 5 6 4 7 5 8 7 7 6
422 7 6 6 2 1 6 6 7 9 6
270 4 7 1 8 1 5 7 4 2 3
318 3 5 7 7 6 3 2 5 5 4
375 5 7 9 7 7 4 5 4 2 4
344 2 8 3 5 5 2 3 9 6 5
266 3 6 4 3 3 5 4 5 2 2
409 8 3 8 2 5 6 7 4 9 1
15
291 5 4 8 6 7 2 6 1 1 2
376 3 2 8 4 5 8 8 1 8 2
331 1 5 4 7 1 7 5 1 7 8
448 4 9 3 3 7 7 8 7 4 8
404 9 1 5 9 5 8 1 6 9 6
489 8 3 5 9 6 9 7 7 9 8
306 7 9 3 7 4 2 5 3 1 3
342 3 7 3 5 3 2 8 2 8 4
247 8 1 1 6 3 1 5 7 3 1
429 5 7 8 9 4 2 8 5 6 9
367 9 9 5 1 9 1 1 7 4 3
245 1 5 1 6 7 4 8 1 1 2
330 7 5 1 3 2 7 7 8 2 4
473 6 8 3 7 5 9 6 7 7 9
300 4 3 2 6 1 8 5 7 2 6
15
400 3 1 9 6 6 9 7 2 8 3
316 4 2 5 4 1 9 5 2 3 7
434 8 8 1 2 8 9 5 9 5 2
390 3 2 4 7 9 8 8 6 3 5
372 3 4 7 2 3 5 9 9 2 4
390 7 9 4 1 8 6 2 6 2 9
387 1 2 7 8 5 7 3 2 9 8
292 2 4 9 2 4 2 1 2 8 4
286 6 5 3 6 3 1 8 5 1 4
315 9 2 4 5 4 6 2 4 5 5
432 6 4 3 8 6 7 9 9 4 5
313 4 3 5 5 3 9 3 3 3 6
328 6 2 7 5 9 4 4 4 1 6
328 5 3 2 2 3 9 5 1 9 3
213 6 2 8 4 5 1 2 1 2 1
15
443 6 8 7 3 3 3 9 8 7 6
391 4 6 5 4 2 2 5 6 9 8
401 2 6 6 4 9 1 9 9 7 1
399 3 6 9 2 3 9 6 7 3 5
306 6 7 1 9 2 1 5 9 2 6
259 1 8 2 2 3 3 3 7 2 2
325 2 6 4 7 5 6 7 2 6 2
270 9 3 6 1 6 3 2 3 3 2
268 4 4 7 7 9 5 1 2 2 1
335 6 1 4 4 6 5 3 3 8 5
267 6 1 3 2 1 8 5 1 6 3
392 7 1 6 3 8 6 9 2 3 9
438 4 7 4 8 9 6 6 9 4 6
350 7 1 3 7 5 2 6 2 6 9
330 9 6 1 4 6 8 2 7 1 3
15
363 7 2 7 4 7 6 8 2 2 6
399 1 9 1 2 9 5 5 5 7 7
363 8 2 9 4 6 8 1 5 4 4
373 1 8 8 4 8 5 3 9 1 5
279 3 1 6 3 3 1 4 1 5 8
435 8 7 5 7 1 7 9 8 5 6
315 2 3 2 7 4 6 3 6 4 9
328 6 5 2 3 6 7 3 8 5 1
372 8 1 5 6 2 8 6 7 8 1
224 7 6 2 1 3 2 1 5 2 2
296 9 1 1 3 2 6 4 5 5 3
457 7 9 9 1 9 8 5 2 7 2
403 6 3 7 7 8 5 4 2 5 9
402 1 9 8 9 5 8 3 6 6 4
404 5 1 5 2 1 7 8 7 9 6
15
422 9 8 5 2 9 1 9 3 3 7
452 6 8 7 5 2 9 5 2 8 8
398 9 5 2 4 4 8 5 8 1 9
477 2 6 9 8 6 6 6 6 9 9
229 1 1 7 1 5 4 1 1 4 3
271 3 5 9 6 1 1 4 3 1 8
360 2 8 2 3 7 6 4 1 7 8
397 5 6 8 6 8 3 8 3 4 6
512 4 8 7 3 9 9 7 7 6 9
240 1 2 2 9 5 2 6 1 6 1
364 8 2 6 9 3 9 7 1 3 4
335 6 5 4 8 4 3 1 3 8 6
361 5 2 4 2 9 4 5 9 3 7
362 6 8 8 7 8 7 2 1 2 3
416 8 8 3 9 8 4 5 5 3 7
15
331 1 2 7 3 6 6 6 3 4 7
308 9 6 3 5 1 6 3 2 1 9
398 8 5 2 2 9 4 5 3 9 6
412 4 1 9 5 7 1 7 5 8 8
337 3 5 1 1 3 8 1 6 7 7
319 9 6 1 3 7 7 5 6 1 1
418 5 4 9 1 4 7 8 7 5 3
374 8 5 2 7 8 1 2 9 3 9
425 8 5 4 2 1 9 7 5 8 8
471 5 3 6 7 5 7 9 7 9 6
300 2 1 8 5 9 5 3 7 2 1
370 9 3 5 9 5 2 6 9 3 4
311 6 7 8 9 1 5 2 7 2 2
436 8 5 4 7 5 6 2 9 7 8
478 7 5 8 1 9 6 6 4 9 8
15
294 8 4 8 2 2 1 9 2 2 1
310 3 7 1 7 5 3 6 1 9 2
409 6 7 4 5 4 9 7 5 6 3
317 2 6 1 5 7 8 3 8 3 2
370 7 4 4 8 8 1 6 6 4 6
400 5 8 9 4 1 5 9 4 5 5
320 1 7 5 2 4 4 3 2 9 4
357 8 2 9 3 1 7 5 1 5 7
324 2 8 7 1 4 2 4 1 9 5
340 2 3 8 3 8 4 3 5 2 7
344 5 5 7 6 2 8 2 2 4 7
413 4 5 4 9 7 9 8 4 2 7
357 2 6 5 2 8 2 7 7 6 4
473 9 6 2 3 9 9 6 6 6 7
359 1 6 6 6 5 3 6 7 9 1
15
367 1 3 3 3 7 3 5 9 9 4
457 9 5 8 2 3 9 4 7 9 6
391 9 9 5 9 4 4 6 1 5 5
218 1 4 4 2 3 1 3 3 3 5
394 3 3 7 5 8 4 6 7 5 5
331 9 5 2 6 5 5 1 6 2 7
377 9 8 4 6 1 8 6 2 4 7
383 2 7 4 3 8 8 1 9 8 2
331 9 5 3 2 2 2 5 2 6 8
333 8 3 9 1 7 3 2 3 5 3
400 6 3 6 9 6 2 3 8 6 8
296 2 6 5 9 2 3 6 8 4 1
357 8 4 4 3 4 7 7 1 8 3
353 2 7 9 2 4 4 5 3 4 8
371 7 9 7 6 1 2 6 4 4 8
15
345 7 6 4 5 2 6 1 7 5 5
315 7 7 4 9 4 3 3 2 1 8
341 8 2 6 9 8 1 3 4 8 3
410 3 2 4 3 6 8 9 7 8 3
480 1 9 9 7 3 8 4 7 9 9
447 5 6 8 8 5 5 9 8 3 9
417 4 6 7 2 7 9 8 1 6 5
197 1 3 1 4 9 1 2 1 1 4
223 1 3 4 4 4 1 7 2 5 1
392 5 9 8 5 3 5 1 4 7 9
320 5 3 4 5 7 8 3 7 4 1
351 9 5 9 1 1 4 7 2 4 3
272 7 2 6 1 7 6 2 1 2 2
363 6 8 5 2 5 2 6 5 2 9
252 3 5 3 3 1 5 2 3 2 8
15
407 7 5 9 2 4 2 4 4 8 8
309 3 3 1 4 7 3 7 8 5 3
431 4 7 1 2 9 3 4 9 8 9
326 1 1 3 5 3 3 6 9 9 3
201 3 2 5 2 4 1 3 1 6 1
533 9 9 8 7 7 9 3 7 9 8
292 2 8 7 7 2 2 2 3 5 6
445 6 7 8 6 3 7 3 4 9 8
393 3 7 3 3 4 7 7 6 7 4
433 8 9 5 3 3 1 6 6 9 8
304 1 9 3 6 3 5 5 4 4 3
332 8 1 3 7 6 4 2 7 2 8
462 5 8 9 4 6 5 7 6 9 5
392 4 4 8 8 4 6 5 5 4 9
390 7 2 6 5 3 7 7 6 8 1
15
395 3 8 9 9 4 4 2 6 8 4
414 4 4 7 2 7 6 7 8 7 3
263 2 2 1 9 5 2 9 6 4 1
286 8 5 2 4 3 3 7 1 2 5
413 7 8 9 8 6 1 1 9 2 9
370 5 5 9 8 3 4 3 4 8 6
374 2 7 7 6 1 2 7 8 2 9
295 6 5 8 3 3 1 5 4 2 4
438 7 6 9 5 8 7 1 5 6 7
289 3 2 2 4 7 3 9 4 2 5
388 4 2 1 8 7 9 2 4 8 9
388 6 6 4 9 5 5 4 9 3 6
341 2 3 7 5 7 5 7 1 3 7
320 2 3 1 9 1 5 5 6 9 3
373 5 7 6 9 6 6 8 1 5 2
15
288 4 1 8 8 2 3 6 3 3 4
411 5 6 5 3 9 8 3 6 4 8
222 2 5 2 2 2 6 2 2 4 1
429 6 1 8 1 7 8 3 8 8 5
384 7 3 3 3 9 9 2 9 1 8
365 2 6 9 3 8 3 9 4 2 4
349 7 7 5 5 6 3 3 8 4 3
300 1 5 6 9 3 3 8 2 1 8
302 1 9 2 7 1 6 6 5 3 2
373 8 5 9 4 1 4 9 9 2 2
262 3 9 1 4 1 1 1 3 6 6
434 8 6 7 8 6 2 8 1 9 6
329 6 3 6 2 3 7 3 3 3 7
329 2 7 7 7 4 8 6 1 1 5
488 7 9 9 8 4 3 7 7 7 7
15
396 5 7 1 6 4 7 9 4 5 6
376 3 6 3 5 5 7 2 8 6 7
373 2 1 4 5 3 9 9 7 1 9
224 2 4 2 5 6 4 1 2 1 4
386 8 3 5 4 9 6 2 6 6 6
312 4 7 2 7 4 5 3 4 9 1
314 3 2 8 8 1 4 2 4 6 9
366 8 2 4 5 6 5 2 3 8 9
435 4 9 2 5 4 9 8 8 6 3
282 1 5 7 3 3 3 1 6 8 2
299 5 2 4 4 5 1 8 3 3 5
298 7 4 4 8 4 1 2 3 4 7
348 7 1 3 6 9 3 7 2 6 6
390 2 1 8 6 5 9 5 4 5 7
252 3 1 7 1 3 7 2 1 2 5
15
429 7 7 9 5 5 9 6 3 5 2
261 1 6 2 1 6 4 4 6 2 3
336 2 3 8 5 5 8 5 3 1 8
307 3 1 1 9 3 1 7 8 3 9
287 4 1 6 4 3 2 4 5 8 1
431 6 5 3 6 7 9 5 7 5 6
305 2 9 5 7 1 3 4 7 1 5
340 7 4 1 2 1 8 6 4 9 1
408 2 8 1 3 9 8 4 7 2 9
383 8 5 9 6 3 8 2 1 3 8
379 5 3 8 7 2 7 4 8 8 1
281 7 1 2 1 5 6 2 7 2 3
354 2 9 5 5 6 3 8 4 3 5
482 8 4 9 9 8 3 9 3 8 8
398 6 7 7 7 5 5 1 7 2 9
15
382 5 7 5 9 7 2 9 5 1 7
281 2 3 1 1 8 4 2 2 7 4
509 9 8 9 9 2 7 7 6 8 9
321 7 5 2 9 1 6 1 4 8 5
374 6 1 7 1 7 9 7 1 5 3
470 8 9 9 5 3 5 7 2 9 6
351 4 7 4 4 7 2 4 7 7 1
427 9 1 8 3 9 2 9 5 7 6
374 8 1 5 1 4 4 7 5 9 4
301 7 7 3 2 1 5 5 2 3 7
358 1 5 1 8 6 5 9 9 5 1
286 5 9 6 4 5 3 2 4 2 2
439 9 7 5 1 9 6 6 6 5 3
386 5 3 3 8 9 8 4 2 5 7
310 3 4 9 7 5 5 1 2 8 2
15
437 8 3 3 9 9 9 5 9 4 6
477 5 5 4 9 7 8 9 7 4 9
353 9 3 4 3 5 5 8 9 2 1
347 7 3 4 7 1 9 2 6 4 5
317 7 5 5 5 9 4 3 2 3 2
289 1 4 6 6 5 5 3 1 4 4
423 8 5 3 6 9 5 8 2 6 7
356 5 8 7 4 9 2 6 1 2 5
406 7 1 8 6 5 6 6 9 4 5
323 3 7 9 1 1 3 4 3 4 8
265 4 2 1 5 2 5 6 1 6 3
364 4 9 8 7 1 4 6 3 9 2
371 8 8 8 7 4 6 2 5 3 5
264 5 5 1 9 5 1 5 5 3 3
377 9 8 3 5 9 5 2 7 1 4
15
343 3 8 2 9 1 4 9 7 3 4
370 8 8 3 3 2 5 2 9 4 6
272 6 1 1 1 1 1 8 3 9 4
424 4 7 7 5 5 8 7 7 3 4
397 1 3 3 7 9 7 8 2 9 4
427 6 1 9 6 7 4 6 5 9 7
428 6 8 2 5 9 4 3 9 5 7
380 7 2 1 3 8 4 9 4 6 7
270 8 4 3 7 4 1 1 2 3 8
362 7 9 7 6 2 5 2 8 3 4
395 6 8 9 3 3 1 7 2 6 8
412 7 6 5 8 9 7 1 9 3 5
341 5 9 2 2 9 3 3 2 6 5
263 7 2 9 4 3 1 3 5 4 1
354 1 4 9 6 5 1 9 1 7 7
15
306 1 2 7 7 1 4 8 9 2 3
412 6 3 7 6 8 7 6 9 2 3
378 9 7 1 6 3 8 7 6 2 6
271 3 4 2 2 9 3 7 3 2 3
399 7 6 5 5 5 9 5 1 3 9
382 6 6 4 1 8 1 8 5 7 5
475 9 7 9 2 2 6 7 3 9 7
405 5 6 1 3 9 7 9 2 4 7
363 6 7 6 3 6 5 4 7 5 2
421 7 8 5 5 5 6 3 8 9 4
297 3 6 2 7 4 2 3 1 7 8
352 9 1 3 8 8 9 9 2 2 1
338 1 3 2 5 7 9 6 4 8 1
444 4 9 7 7 7 1 7 8 8 4
314 4 3 4 1 3 7 9 2 1 6
15
270 5 3 5 8 3 3 2 4 3 6
360 7 4 2 8 5 7 6 5 5 2
380 7 4 1 7 1 7 7 8 7 4
339 7 9 4 2 2 3 1 6 6 6
381 5 7 8 9 1 7 4 7 7 2
449 3 7 6 3 8 7 8 2 6 9
407 3 8 6 5 9 8 9 4 3 1
388 7 5 3 8 7 7 5 9 3 2
331 3 7 7 6 5 8 4 2 2 4
430 1 4 8 9 9 7 5 9 8 1
379 3 6 2 8 8 3 6 7 5 6
312 9 1 2 3 6 4 1 5 3 9
422 9 5 9 5 8 4 8 1 7 3
378 1 3 8 9 6 9 3 7 5 2
386 4 9 2 8 6 3 7 1 8 7
15
458 9 5 6 6 9 5 8 3 9 4
365 7 7 8 1 1 8 3 5 5 3
428 7 8 9 5 1 5 3 7 4 9
282 2 7 5 3 5 1 1 2 8 4
309 3 6 8 9 1 2 3 2 5 7
378 4 7 1 2 7 2 7 7 5 9
365 8 5 2 8 3 5 4 5 7 7
338 3 5 6 1 3 2 9 3 7 4
332 9 1 4 3 9 2 3 5 9 1
274 1 3 4 6 5 3 1 8 5 3
330 8 2 4 5 8 8 3 3 5 2
361 7 3 8 3 8 1 5 1 7 5
392 9 2 2 9 6 7 8 4 4 5
490 6 5 7 5 6 9 8 6 9 7
381 7 6 4 3 7 5 7 7 3 5
15
331 9 3 6 5 3 3 7 8 3 2
330 1 5 5 8 2 5 3 7 4 9
267 1 4 2 7 3 1 5 1 8 5
402 6 3 7 6 3 7 6 3 8 6
406 5 3 6 1 2 5 8 3 8 9
316 7 2 3 8 3 3 6 6 5 2
385 5 8 9 1 6 3 5 7 1 7
437 7 6 6 2 5 8 5 9 1 9
229 2 1 3 3 5 1 2 8 2 3
309 7 2 7 3 7 5 7 2 3 1
308 4 7 3 5 7 1 3 8 3 3
457 7 4 8 3 2 9 6 6 9 7
479 8 7 9 7 2 5 5 7 8 8
421 3 9 2 4 6 3 9 8 4 9
361 7 8 3 5 6 1 9 4 7 1
15
320 2 3 7 6 8 2 3 8 2 5
278 5 2 8 7 2 6 1 5 3 3
314 6 5 3 7 2 7 7 5 1 2
313 3 8 1 6 6 3 7 3 1 5
353 3 3 1 3 8 9 5 6 8 2
364 8 5 6 6 7 5 6 3 4 4
300 2 4 5 8 5 6 6 7 1 2
359 5 5 5 6 8 1 1 6 8 6
355 7 8 8 9 6 2 7 3 2 1
374 7 9 5 7 7 4 5 1 6 2
336 4 4 3 8 1 1 7 9 6 4
398 6 6 6 1 5 5 4 9 8 1
426 4 6 9 5 3 6 6 7 7 4
351 1 9 7 3 8 1 5 4 6 5
300 8 2 6 4 2 1 9 7 1 1
15
354 3 1 9 4 4 4 9 9 4 3
384 9 5 6 5 6 5 5 3 7 4
394 3 4 4 4 8 2 9 1 9 8
347 6 8 3 7 5 2 6 2 8 1
377 8 3 7 8 3 3 1 7 9 4
407 7 3 5 5 8 3 9 5 6 7
219 8 1 1 3 1 2 6 1 4 4
330 8 8 4 7 2 2 2 5 8 2
369 4 2 6 5 7 1 7 5 5 9
288 3 5 8 7 6 5 1 5 2 1
452 9 6 9 5 7 2 3 7 9 7
292 4 4 3 9 4 1 1 7 2 8
383 9 8 5 9 5 9 3 1 7 1
208 5 1 1 2 4 1 4 6 3 2
383 7 2 7 6 5 4 2 4 9 8
15
255 3 2 4 4 3 9 1 7 1 3
384 8 7 5 5 9 6 6 4 3 1
460 8 8 3 1 7 8 3 9 5 8
311 4 5 1 3 8 2 4 3 9 4
401 7 9 2 5 1 3 6 4 9 8
421 7 9 6 7 8 6 3 2 3 8
323 8 4 3 2 3 3 7 6 6 3
466 1 4 5 3 9 9 8 7 8 7
343 5 6 1 1 3 2 7 6 7 6
356 2 1 7 9 4 6 9 3 1 9
365 5 2 8 5 5 5 2 6 6 8
427 7 8 5 6 5 9 5 4 3 7
397 4 7 9 7 2 7 7 1 3 8
312 7 2 3 5 2 3 4 1 9 6
380 2 1 8 7 6 9 8 3 7 1
15
357 4 2 1 6 7 8 3 7 3 9
291 5 7 6 1 3 4 6 4 1 1
246 5 7 1 8 1 3 3 4 5 1
422 4 9 9 4 2 9 2 5 8 4
246 6 2 1 5 6 7 1 3 1 5
443 7 5 9 5 9 5 9 1 5 6
408 1 4 4 5 6 8 8 4 6 9
304 6 1 3 6 2 3 6 2 7 7
317 7 2 9 5 5 1 1 8 6 3
393 7 9 1 6 2 4 6 9 9 3
398 6 8 5 8 6 6 5 6 2 7
403 9 2 1 8 3 6 6 8 8 7
383 1 1 5 5 7 9 6 6 4 8
370 7 6 6 6 9 3 4 7 1 5
243 8 1 3 3 2 4 7 2 1 1
15
429 5 5 8 2 6 3 8 9 7 4
470 2 9 3 9 8 6 8 8 8 5
423 8 7 4 1 4 8 4 9 3 8
356 2 9 3 5 9 7 1 7 1 8
298 4 4 4 8 5 3 1 3 9 1
382 3 3 9 9 4 9 6 1 6 5
331 3 6 1 7 8 9 4 9 2 1
436 7 7 8 1 5 7 5 9 6 3
473 8 5 3 3 7 9 8 9 4 8
398 5 5 9 5 8 3 2 3 6 8
347 6 3 9 3 2 1 4 7 6 5
365 3 6 4 4 6 3 8 8 8 1
317 7 2 2 8 5 8 6 1 5 2
322 1 6 2 2 6 5 1 5 8 7
426 4 8 5 1 8 7 5 3 9 4
15
437 5 3 4 6 6 6 8 5 9 7
427 5 6 5 8 9 6 9 8 6 1
255 3 3 8 5 1 9 2 3 1 2
291 4 3 6 4 1 8 3 8 1 4
320 3 5 9 4 4 3 3 4 2 9
360 2 7 3 9 7 3 1 2 8 8
352 3 7 2 1 9 5 1 6 3 8
266 2 1 6 2 1 6 6 2 2 8
274 5 3 3 4 6 1 5 7 3 2
385 6 6 6 6 3 7 9 4 1 8
453 3 7 7 7 8 7 6 9 8 1
465 5 9 7 4 4 7 5 9 5 8
257 2 5 1 3 6 3 1 3 7 3
381 6 4 9 1 2 9 7 5 2 6
287 2 4 9 5 1 5 7 1 4 3
15
292 8 1 7 2 1 7 3 6 2 3
447 5 1 9 1 8 8 4 7 8 7
281 2 4 3 1 1 5 3 9 6 2
315 2 4 2 4 7 2 4 6 9 3
383 3 4 2 2 9 9 6 3 8 5
303 4 4 6 9 6 7 3 4 3 1
353 7 1 4 8 4 7 8 5 1 6
371 5 8 3 9 5 7 3 6 8 2
293 1 5 3 1 5 9 1 9 2 4
418 3 3 4 6 8 5 7 3 9 7
396 7 5 5 9 7 2 2 4 8 8
345 3 4 8 4 8 1 7 3 3 7
421 8 6 2 9 5 9 5 5 3 9
351 9 9 2 2 1 5 2 9 8 1
456 8 5 4 4 9 6 8 3 8 7
15
272 2 1 7 4 3 1 9 4 6 1
330 1 8 6 6 9 3 1 3 9 2
296 2 9 8 4 5 1 6 1 5 1
257 6 4 6 8 1 3 1 3 6 2
303 6 3 4 1 8 7 8 2 1 2
432 5 7 7 9 5 8 4 7 8 3
412 5 7 9 9 6 4 3 3 7 8
346 9 1 3 4 6 3 8 2 9 3
349 9 5 9 9 3 8 2 5 1 4
424 5 4 5 2 5 8 4 9 9 6
254 5 1 3 7 5 4 5 2 1 6
329 1 2 6 8 3 7 7 4 6 4
373 7 5 1 5 9 7 2 4 7 4
347 3 3 6 1 1 7 9 5 4 4
378 4 5 9 5 3 5 5 6 2 7
15
356 6 4 3 7 6 7 5 4 2 8
295 5 3 1 5 3 9 2 4 7 1
428 5 3 5 5 9 5 8 4 6 9
316 9 8 2 1 7 4 1 2 6 4
394 8 1 6 9 8 4 5 3 7 5
404 3 2 8 8 5 5 9 6 5 7
378 3 4 9 9 4 2 7 3 7 8
359 7 3 1 7 9 9 6 3 4 1
304 3 6 8 7 8 2 3 5 2 1
441 5 7 5 8 7 7 7 7 4 7
391 5 5 1 1 8 7 7 7 5 5
384 7 8 5 5 8 6 4 3 1 6
380 5 9 6 8 1 8 6 3 6 2
344 4 1 6 4 2 6 2 3 8 8
315 1 6 3 9 5 9 5 7 2 1
15
493 3 6 9 7 7 7 9 2 8 8
392 1 6 3 2 5 6 7 7 7 5
444 5 9 1 2 6 6 8 9 9 5
371 6 5 5 1 3 5 5 2 9 6
386 9 9 6 2 5 4 2 6 6 3
429 9 6 8 3 5 6 7 7 1 8
291 8 9 5 7 3 4 2 3 3 1
364 6 3 4 4 4 6 9 3 5 6
412 6 6 4 8 9 5 8 1 8 4
406 7 3 7 3 5 7 9 9 1 3
302 1 2 7 5 5 6 4 3 6 3
345 4 6 1 3 7 4 4 1 9 5
326 8 1 6 7 1 3 4 5 3 8
268 3 4 1 9 8 3 1 1 8 2
407 4 4 6 9 5 9 4 2 6 9
15
227 6 5 3 6 1 4 1 2 1 5
359 8 6 6 7 5 1 1 6 7 7
346 1 9 8 7 2 5 6 1 2 8
397 7 4 7 3 9 9 2 4 2 8
284 2 9 1 1 3 2 7 4 6 3
331 4 4 9 8 3 4 2 1 5 9
343 3 6 7 5 3 2 5 3 3 9
239 5 4 1 8 3 7 3 3 2 1
310 4 2 5 6 5 1 1 7 9 5
391 3 7 7 3 3 2 9 8 2 8
413 6 9 7 2 2 6 3 9 3 7
373 3 2 8 3 6 6 3 7 4 8
380 2 6 1 6 6 8 2 3 8 9
289 4 3 8 2 5 2 5 1 1 6
339 1 7 5 6 5 6 1 8 7 3
15
275 4 3 5 4 3 4 2 1 3 7
415 4 7 1 1 9 1 6 9 8 9
417 4 9 8 3 3 9 4 6 2 8
401 5 6 7 8 7 4 9 4 5 2
406 6 7 5 8 2 4 6 8 8 3
310 1 3 4 2 3 3 8 5 3 7
407 6 3 9 2 9 8 4 8 2 5
378 5 9 9 2 1 9 4 4 5 3
397 3 8 5 4 2 9 6 2 6 8
365 8 3 9 8 6 5 2 8 2 5
286 1 1 3 1 5 1 8 7 1 7
271 6 1 2 4 2 3 6 7 3 5
322 7 6 1 2 1 5 7 3 4 6
367 9 3 2 6 5 5 2 4 8 8
294 8 5 4 1 7 5 1 4 1 4
15
357 4 9 2 4 4 2 2 7 9 7
309 5 9 7 4 4 1 5 5 2 3
335 8 2 5 8 5 6 1 2 4 8
393 4 8 4 3 1 2 8 5 9 6
350 4 3 3 5 7 1 4 4 9 6
353 7 1 9 2 9 6 1 2 4 5
417 6 1 4 5 6 8 5 4 8 9
329 3 1 3 1 7 6 3 6 8 3
330 8 9 8 5 6 2 1 2 3 4
317 2 2 7 8 6 4 6 4 1 5
338 5 4 3 8 5 5 1 8 5 5
287 9 2 6 9 9 2 2 2 1 5
329 4 5 5 9 4 1 4 8 6 2
437 8 8 9 4 7 4 8 7 4 2
377 4 4 6 2 2 7 7 3 8 5
15
283 5 6 4 3 1 2 6 2 2 7
298 7 4 8 6 8 2 3 3 1 1
375 1 8 2 2 9 8 4 7 7 1
338 5 1 4 3 2 4 4 8 6 8
338 6 1 9 2 9 1 6 2 5 4
413 8 4 8 3 3 7 3 4 9 8
379 7 6 5 9 3 6 8 3 6 3
380 7 4 2 2 5 9 5 8 3 7
351 1 6 4 9 1 4 5 6 7 7
336 2 6 3 1 2 9 3 8 4 7
349 7 8 7 2 3 7 7 6 1 1
285 1 9 5 9 5 4 1 5 1 5
387 7 6 4 6 5 6 5 2 4 9
348 7 9 3 1 2 7 9 1 2 4
420 6 7 4 4 1 6 5 7 8 9
15
362 6 5 2 2 5 8 7 3 9 1
435 9 7 7 4 7 7 3 7 2 9
445 9 7 1 7 1 8 6 8 8 9
359 7 4 6 2 5 9 6 3 1 7
366 8 2 4 2 9 6 2 2 8 7
372 2 8 7 8 3 9 7 6 1 4
225 6 1 1 8 7 6 1 3 2 1
357 7 2 2 3 3 6 4 7 8 4
327 2 6 8 1 2 1 5 9 3 7
340 6 1 8 3 3 6 5 5 1 7
418 7 1 6 8 8 8 5 4 3 9
420 4 5 6 7 9 4 7 9 6 3
405 7 4 9 8 4 3 7 8 7 2
409 7 3 9 2 8 9 1 8 2 6
302 7 3 6 5 4 7 3 3 2 4
15
424 6 1 7 8 6 4 5 9 5 9
330 2 1 6 5 4 7 6 5 5 4
298 2 5 2 4 8 3 5 3 3 7
414 8 9 8 2 8 4 8 2 7 1
422 9 7 4 7 8 3 9 8 1 6
320 4 7 1 9 3 9 1 5 6 1
371 8 3 2 7 9 3 6 7 1 7
318 6 6 7 8 3 2 5 2 4 5
406 9 3 9 6 4 8 7 4 3 6
331 8 5 8 1 6 3 5 2 4 4
474 8 9 8 6 8 6 9 2 3 9
359 1 9 2 4 9 9 4 8 2 3
437 8 6 4 5 3 9 9 2 9 6
342 4 6 2 4 3 9 6 2 8 2
328 2 4 2 8 6 8 5 9 3 2
15
420 4 1 7 4 4 9 6 8 6 9
457 6 5 9 1 8 9 1 6 9 6
276 9 2 9 7 1 5 2 3 1 3
331 5 3 8 8 5 4 3 5 6 2
335 4 2 9 3 1 7 3 5 4 6
326 8 9 2 5 4 7 2 2 6 1
342 4 1 5 7 6 3 4 9 4 8
280 3 3 2 4 3 4 2 1 6 9
414 7 8 7 1 5 4 7 8 4 5
339 5 2 1 1 7 3 5 5 6 9
385 3 6 5 3 9 8 5 5 3 5
372 7 2 6 7 3 5 1 7 5 9
332 7 5 8 3 1 5 8 3 1 4
371 8 6 2 3 3 1 5 7 6 9
417 5 5 8 8 7 7 8 7 3 4
15
418 7 6 1 3 9 7 9 6 4 6
506 9 8 5 3 6 6 8 7 9 6
247 2 2 4 6 8 6 1 1 4 1
305 3 7 6 1 1 4 1 8 7 1
365 6 8 8 8 1 2 9 1 7 4
309 2 2 3 3 3 1 6 8 5 9
410 3 2 7 9 4 8 7 6 7 4
337 6 2 7 5 9 1 1 9 2 7
333 2 1 9 9 9 5 1 3 2 9
414 4 6 9 4 2 5 7 9 6 4
315 3 3 6 7 2 4 3 4 8 5
421 2 3 4 4 1 9 6 8 9 8
324 1 6 7 4 7 1 6 3 5 3
344 4 6 3 1 5 4 2 6 7 7
290 4 3 7 7 5 2 5 1 3 6
15
416 3 4 9 8 9 8 9 1 5 4
344 5 6 3 5 1 6 2 9 2 9
410 9 1 8 4 2 8 5 4 8 5
442 6 8 8 4 9 1 4 6 5 9
313 3 3 7 3 6 5 3 6 1 7
353 8 2 8 7 2 8 2 3 4 8
433 7 5 8 9 5 8 7 2 9 1
338 2 3 2 9 1 6 6 8 6 4
374 7 3 9 8 4 5 8 9 1 3
366 2 3 6 7 3 5 9 1 5 9
305 1 2 6 6 2 3 7 3 5 7
421 9 5 7 8 9 7 9 7 1 1
420 6 1 9 7 9 8 3 6 5 5
426 5 5 4 4 9 8 8 9 3 2
344 3 9 5 3 5 4 1 3 9 2
15
265 7 2 1 2 3 1 4 6 5 3
281 6 5 4 9 1 5 7 1 2 4
561 7 8 7 3 9 7 9 7 9 8
376 6 6 2 5 5 3 5 9 7 4
378 4 9 7 8 7 3 4 4 8 2
226 4 2 1 1 3 2 2 5 4 6
323 3 6 5 8 2 2 8 4 9 1
341 7 2 3 4 1 4 6 3 9 6
392 8 7 2 3 3 7 6 6 1 9
492 6 6 7 2 8 9 9 4 8 4
344 1 2 2 2 7 7 9 4 7 2
366 3 5 6 2 6 7 7 6 2 4
293 6 5 3 1 7 5 2 7 2 3
382 6 3 9 5 8 1 7 4 4 5
377 6 3 3 4 9 4 3 6 6 9
15
356 4 9 4 4 3 3 4 8 8 3
387 5 4 8 8 1 8 8 4 1 7
566 9 9 8 6 8 7 9 8 7 8
423 8 6 7 5 9 7 2 7 1 7
319 1 5 7 4 2 4 4 7 2 9
385 4 9 3 8 4 7 6 8 6 1
393 8 9 9 9 4 2 8 6 1 2
303 4 6 9 7 2 4 1 1 7 3
482 8 3 7 1 9 7 7 8 4 9
324 3 1 7 6 3 1 6 1 8 8
342 9 6 2 3 1 6 6 8 4 2
288 1 8 8 2 3 3 1 4 8 1
452 7 6 5 1 9 5 8 7 5 7
404 3 2 9 2 1 2 9 9 9 8
433 4 9 9 6 7 5 2 7 5 7
15
335 9 6 2 7 3 5 5 9 3 1
412 7 5 1 8 7 5 9 2 7 7
312 1 7 6 1 6 6 3 8 1 1
412 1 7 7 1 4 8 7 1 9 6
323 4 5 1 5 5 3 9 3 2 6
320 3 2 2 6 7 4 5 7 4 5
265 5 7 3 1 6 1 4 5 3 1
373 2 5 4 4 4 6 3 7 7 8
480 9 5 7 2 7 5 6 9 9 5
332 1 9 6 6 6 3 8 2 2 5
470 9 9 9 8 4 8 7 8 2 3
367 9 5 6 6 3 1 3 8 7 6
307 3 3 8 4 3 1 8 6 1 5
409 1 5 9 8 7 8 9 2 1 9
457 6 9 7 8 3 2 6 9 6 9
15
327 5 2 9 2 3 7 2 6 6 1
399 7 5 6 8 3 8 7 4 3 5
245 3 4 1 5 3 2 9 6 1 1
315 9 1 2 3 3 8 2 7 4 3
382 1 2 2 5 3 9 8 8 6 7
341 7 1 4 1 7 4 2 6 4 8
425 6 8 8 9 7 2 9 5 7 2
414 7 2 9 5 9 3 9 6 2 8
433 7 7 5 5 8 2 7 5 5 9
258 5 3 9 6 5 1 1 2 4 2
337 3 6 5 5 3 5 5 2 8 5
257 3 2 2 5 7 5 1 7 3 2
489 6 6 4 1 4 8 6 9 9 9
442 1 8 5 4 7 5 8 8 7 8
304 1 3 8 2 5 4 3 4 8 1
15
346 7 2 7 3 7 5 8 3 3 4
311 9 1 4 1 9 3 1 5 1 8
379 1 2 6 7 7 9 8 3 4 5
423 2 8 1 4 9 9 5 6 8 3
376 1 4 8 3 5 8 6 8 1 8
376 5 6 2 9 4 7 6 7 6 4
258 2 1 1 1 4 4 3 5 6 7
317 5 2 1 2 4 2 8 5 7 4
318 8 1 2 6 5 9 2 9 1 5
345 2 6 8 5 6 3 7 1 5 4
387 8 4 4 3 3 8 1 9 8 3
294 2 3 9 3 5 4 5 4 2 2
531 9 3 9 8 9 4 8 8 9 8
348 8 9 3 1 5 2 4 6 1 7
386 1 4 5 6 8 4 8 5 9 3
15
399 9 4 2 2 8 6 1 2 9 9
351 4 4 5 4 1 9 9 2 6 3
304 9 2 8 9 1 2 4 1 3 7
321 5 1 4 6 8 2 6 7 5 2
230 1 1 3 8 1 3 3 4 4 7
228 1 8 2 1 2 3 7 2 1 4
364 4 1 8 2 7 7 6 3 5 4
448 4 8 7 6 6 8 6 4 6 7
429 4 9 2 6 5 9 7 4 6 6
512 7 6 9 4 4 6 6 9 9 8
437 3 9 9 2 4 4 8 9 4 6
402 9 1 5 7 9 9 7 3 2 7
365 4 6 1 7 1 9 5 5 5 9
429 8 7 8 2 8 6 7 1 8 4
389 7 6 9 9 6 6 8 2 4 1
15
332 2 9 5 3 5 3 6 8 4 2
363 1 9 9 9 7 4 1 3 8 3
427 6 5 5 7 9 7 8 4 5 3
389 6 4 9 3 1 5 8 5 5 8
394 4 2 6 6 8 4 4 4 8 7
299 5 3 7 6 4 1 9 4 1 3
347 6 6 7 3 8 4 1 4 4 6
371 9 2 6 6 4 9 6 4 7 1
339 5 2 9 4 8 6 3 3 6 2
307 5 4 9 3 1 5 4 4 1 7
310 5 4 3 6 2 7 1 9 4 2
349 5 4 5 5 6 3 1 6 6 8
314 4 5 1 8 9 2 5 1 6 3
310 1 9 2 2 3 3 2 7 9 3
354 8 3 1 8 7 5 9 1 9 1
15
432 8 7 5 3 2 9 8 5 1 9
384 2 8 5 9 4 8 8 5 3 4
458 9 6 4 4 8 8 4 9 3 8
306 7 5 1 2 1 3 1 8 7 7
379 4 7 6 6 3 1 9 5 5 6
349 5 2 4 5 6 9 3 8 5 3
281 9 4 3 3 5 7 1 3 2 3
411 4 8 3 6 9 8 9 3 2 5
350 8 5 9 4 6 1 2 6 6 3
455 5 8 6 8 7 8 7 5 6 6
283 1 3 1 8 4 1 9 3 7 3
400 4 6 2 2 8 8 4 6 4 9
359 1 4 8 3 3 6 7 1 6 6
297 6 6 1 6 9 1 3 1 2 9
404 5 4 5 4 8 6 7 5 3 8
15
350 1 3 7 3 7 7 1 9 1 7
372 8 9 5 6 2 9 6 2 2 4
364 9 3 6 3 8 9 2 5 1 3
321 8 1 2 6 5 5 5 3 3 7
315 7 1 1 9 4 7 7 1 7 3
412 8 8 5 9 5 3 6 8 5 4
450 9 9 9 6 5 2 5 9 8 2
344 9 2 1 5 7 6 7 5 2 6
425 1 1 8 8 8 5 9 8 2 9
398 9 8 9 2 7 3 1 1 9 5
355 7 1 6 5 5 7 7 6 1 5
462 4 5 9 6 5 9 9 5 6 7
284 1 6 4 4 1 7 3 2 5 5
367 7 6 3 1 9 1 2 9 6 5
343 2 8 3 4 4 8 9 7 1 2
15
311 6 5 2 6 4 3 2 9 8 1
359 1 5 7 6 7 5 5 9 1 4
225 2 5 5 9 4 2 2 1 3 2
411 1 6 2 7 9 4 8 7 3 9
298 6 5 7 6 9 2 1 6 2 2
351 6 9 5 6 2 3 3 9 5 3
398 5 6 3 5 5 3 9 9 8 2
380 6 2 6 8 8 6 5 4 8 2
311 9 3 2 2 4 7 5 2 4 3
384 1 7 6 3 6 4 4 6 5 9
425 2 3 8 7 8 8 5 9 8 3
479 6 7 5 9 7 7 6 9 4 8
384 3 2 1 4 9 4 8 8 7 4
290 6 8 3 3 8 1 4 1 5 1
403 5 6 5 3 1 6 9 4 7 6
15
318 5 6 8 4 9 2 1 2 4 3
334 2 3 3 1 2 9 5 7 3 7
446 1 6 9 4 4 6 6 7 8 9
391 7 7 4 3 6 9 7 8 1 2
385 8 9 2 6 9 3 3 7 4 5
328 3 7 1 4 3 2 8 4 5 7
395 5 6 2 4 4 7 8 1 7 9
426 5 9 3 9 6 5 7 9 3 8
464 4 5 1 9 5 9 6 8 9 9
316 1 9 8 5 1 1 4 1 9 4
379 5 4 3 9 9 7 9 2 2 4
386 9 4 6 3 5 6 8 4 5 3
385 1 6 3 8 3 8 9 3 8 4
358 6 7 5 5 4 6 4 6 2 7
300 1 6 2 6 6 3 7 3 5 4
15
246 1 1 4 3 2 6 3 1 5 6
297 9 6 2 4 5 4 7 1 2 2
268 3 7 4 3 5 2 1 9 3 2
407 7 4 1 3 6 5 9 5 7 8
413 1 5 5 6 7 9 4 3 8 7
374 4 7 9 5 9 2 3 5 7 1
263 4 7 1 6 3 1 2 9 4 1
343 8 6 1 8 2 3 9 6 3 3
272 2 1 1 7 1 1 5 4 8 9
319 2 3 2 3 7 3 7 6 2 7
271 3 4 8 1 1 2 5 8 2 3
358 3 1 5 6 9 5 6 6 4 4
360 7 8 2 7 9 6 5 1 6 1
278 6 3 3 9 8 8 1 4 1 2
365 7 1 8 7 2 9 8 5 1 5
15
345 7 4 3 8 7 9 4 4 1 4
317 7 8 5 5 1 5 2 3 2 7
333 6 5 1 8 3 4 4 8 4 6
367 5 2 1 6 5 5 7 6 9 6
452 7 6 5 8 9 9 8 5 3 5
369 8 8 9 9 4 1 7 4 1 5
309 1 9 3 7 6 2 7 6 1 2
305 4 3 6 8 5 4 2 1 6 4
400 6 6 3 9 4 2 4 6 9 9
354 1 9 7 8 1 3 8 9 3 3
371 6 8 3 4 2 6 9 5 6 3
291 1 1 1 2 9 4 4 1 6 8
451 3 2 9 6 9 7 2 9 9 6
406 7 3 7 5 3 5 7 9 8 3
400 6 7 2 7 2 8 9 4 4 6
15
430 9 1 5 8 6 6 9 5 9 2
340 4 3 2 3 1 3 9 9 7 3
399 6 1 9 3 9 8 8 1 2 7
445 3 8 5 6 5 7 7 7 7 7
333 5 4 2 4 6 7 8 1 8 1
396 9 9 8 4 7 2 7 7 2 1
367 8 3 5 8 2 5 6 4 9 4
245 1 9 7 1 1 2 1 1 2 5
322 2 4 4 6 7 7 5 1 1 7
323 2 6 3 2 4 5 5 2 9 5
420 1 8 7 6 5 6 7 6 4 8
350 7 2 6 4 1 1 8 6 8 5
321 4 2 1 9 7 2 1 9 9 3
414 8 3 4 9 5 7 9 6 2 9
409 9 3 9 7 4 6 6 8 2 4
15
322 3 3 2 3 2 6 9 2 4 7
377 2 9 9 5 2 4 4 9 7 2
236 8 2 1 5 5 2 1 4 1 7
314 3 6 5 3 6 1 3 1 5 9
428 9 1 9 2 8 7 8 8 3 3
337 4 1 2 4 8 4 4 2 8 7
289 7 2 2 2 9 5 4 3 2 5
311 3 1 2 1 4 9 7 5 4 3
366 7 6 6 6 7 4 5 2 4 5
323 9 7 2 9 7 5 4 2 4 2
407 4 8 3 9 5 7 6 6 3 7
343 8 2 3 2 6 4 1 4 7 9
415 7 2 2 4 8 7 8 6 7 4
402 3 3 9 9 4 8 9 4 3 7
335 3 1 8 2 3 7 2 7 1 9
15
475 8 5 8 1 6 9 9 1 8 5
298 9 1 1 7 6 3 7 6 1 2
318 8 8 6 2 1 6 1 3 2 7
258 1 4 3 1 1 3 8 3 5 4
389 1 5 8 8 6 3 7 8 6 2
322 9 4 1 2 2 5 8 1 7 3
297 3 1 4 7 1 6 3 1 8 6
398 9 2 3 5 2 7 7 9 3 7
259 9 7 2 6 3 1 2 3 1 6
291 7 5 7 7 2 3 2 7 4 1
331 8 5 5 1 5 2 8 3 1 5
368 6 1 7 2 3 4 5 7 6 8
298 4 2 2 6 1 2 2 5 9 7
401 4 9 9 8 8 7 1 8 4 1
400 1 1 1 2 5 8 9 7 8 7
15
301 6 4 4 7 3 1 9 7 1 2
355 3 5 6 9 6 6 3 1 8 4
337 3 9 5 1 6 7 7 2 1 5
345 6 2 8 2 2 5 3 8 1 8
252 1 1 1 6 9 4 4 7 1 1
394 1 9 4 9 7 3 2 9 7 5
302 2 1 6 5 8 2 6 4 1 8
337 3 8 7 7 7 8 3 2 4 1
472 7 6 8 4 7 7 9 5 5 8
334 9 8 3 8 3 1 3 3 8 3
469 8 2 9 4 5 9 8 8 7 4
499 7 5 9 8 7 9 6 7 5 9
372 3 9 2 5 9 1 5 7 7 4
259 2 7 6 4 1 1 6 1 4 5
257 8 4 1 3 7 1 1 2 7 2
15
362 8 1 1 8 8 7 4 4 7 5
285 1 6 1 9 6 2 9 5 1 4
401 6 5 3 8 9 4 6 4 6 5
373 1 7 8 8 1 3 3 3 8 9
251 4 1 7 9 6 2 1 3 2 5
381 3 7 9 5 9 3 5 1 4 7
266 4 4 1 3 1 1 2 7 9 2
262 2 3 3 2 6 4 4 3 4 2
270 2 6 6 4 5 2 2 1 3 7
388 8 8 4 2 6 2 6 4 9 1
360 7 2 1 5 8 3 6 9 7 3
370 8 3 3 2 4 5 9 3 7 3
360 9 2 9 5 2 5 6 5 2 7
383 1 7 8 1 8 5 9 2 5 4
315 3 3 4 5 1 4 6 9 2 7
15
346 1 7 2 1 2 7 8 5 8 2
386 1 6 5 2 9 7 2 8 4 6
397 6 3 9 8 4 7 7 6 5 4
354 8 8 1 1 3 3 6 6 4 8
361 4 7 7 4 9 2 4 1 3 8
297 3 1 9 7 2 1 2 8 8 2
319 1 3 7 7 3 6 7 2 5 2
338 3 1 3 3 3 6 8 2 6 9
463 8 4 5 7 8 6 9 6 3 8
363 2 9 9 7 9 2 3 4 6 1
479 4 7 7 8 5 3 8 8 9 7
364 7 5 6 8 9 8 2 4 3 3
324 4 7 8 7 5 4 4 5 2 3
386 2 6 8 4 5 9 6 2 8 2
383 5 5 4 2 7 3 5 8 2 9
15
331 1 3 9 9 4 7 3 3 9 1
345 5 2 5 2 9 2 6 7 6 1
289 2 1 2 8 6 3 5 8 3 3
292 2 2 2 5 9 5 5 3 6 2
403 6 5 8 1 8 2 7 5 4 7
434 2 9 6 4 8 4 5 9 3 8
381 8 1 3 8 2 6 7 4 9 7
368 8 9 6 1 1 3 7 3 6 3
323 9 3 7 3 9 2 6 1 2 3
344 6 3 5 3 6 6 7 1 4 6
324 6 9 7 3 8 1 2 5 3 1
360 7 3 7 3 5 2 7 3 9 3
406 8 7 2 2 8 5 8 2 2 9
440 2 9 9 6 8 5 9 8 2 4
378 2 7 8 6 7 7 4 6 1 4
15
463 7 4 8 3 7 6 6 9 9 2
365 6 6 9 9 1 5 8 4 2 4
390 7 6 7 6 2 6 2 5 7 7
313 2 2 4 2 6 7 8 2 5 2
408 1 9 7 2 8 3 7 3 9 4
458 9 6 3 9 9 9 7 6 2 7
267 5 2 1 5 7 9 1 6 1 2
349 7 9 7 9 6 5 2 1 3 4
358 8 6 7 3 2 9 3 2 7 1
337 6 8 2 5 1 7 7 2 6 2
489 9 5 9 5 9 5 5 8 6 6
221 1 6 1 7 5 1 2 4 5 2
296 3 6 6 8 5 2 3 7 1 5
337 3 2 3 8 6 9 8 2 4 2
229 7 3 2 6 2 5 1 4 2 1
15
321 1 1 3 7 1 9 9 9 5 1
432 8 8 9 6 1 4 6 6 8 4
342 2 5 5 4 1 2 7 5 7 7
286 1 1 6 3 4 2 5 8 4 6
391 5 2 6 1 9 6 5 7 3 6
455 6 4 8 7 1 6 8 4 9 9
222 2 7 3 3 3 3 1 3 1 5
304 5 8 6 1 4 2 5 5 2 3
354 4 7 8 3 2 7 3 1 5 7
353 6 3 6 5 8 2 9 1 7 1
421 6 8 5 9 8 5 2 5 8 7
312 1 4 3 4 2 8 2 1 8 7
390 8 5 3 5 5 8 6 1 4 8
400 7 6 3 6 3 9 3 7 8 2
510 8 7 9 2 7 3 9 8 6 9
15
377 8 6 5 9 6 2 6 5 4 4
249 4 5 1 6 1 3 2 7 1 7
306 3 1 6 4 8 1 5 4 5 4
273 7 1 2 1 6 5 5 5 2 1
394 3 9 1 8 4 4 5 8 8 7
338 4 7 8 5 6 2 2 2 3 8
251 6 8 2 3 6 1 3 2 2 3
393 8 9 8 4 1 5 8 3 3 6
424 5 8 8 5 3 5 9 7 6 2
351 5 7 8 1 5 3 1 2 6 8
369 1 5 3 8 9 4 6 5 5 5
311 1 7 3 8 1 2 6 7 6 3
407 6 8 8 8 9 6 6 2 1 5
437 9 5 9 6 4 8 4 4 9 3
363 4 8 2 7 6 1 9 5 7 1
15
352 8 8 7 3 6 2 6 1 4 2
419 4 9 2 1 7 6 2 7 7 9
393 4 3 8 6 1 3 8 7 6 7
410 6 6 9 9 9 5 5 1 7 3
437 3 6 7 3 4 7 7 8 8 6
320 2 2 2 1 7 7 9 4 4 2
378 8 9 3 7 4 4 5 1 9 2
414 6 8 2 7 6 8 7 2 6 5
332 9 7 2 5 4 3 3 9 2 5
345 4 6 7 5 5 8 2 4 5 1
334 9 5 4 1 5 3 5 8 4 1
376 8 4 4 7 3 5 8 1 9 2
413 9 6 7 1 5 8 6 7 3 5
355 9 1 6 9 4 1 5 6 8 3
406 2 2 5 5 7 6 5 6 9 7
15
385 7 5 6 2 6 8 2 7 2 7
445 7 4 7 3 6 2 8 8 7 8
373 4 6 6 8 4 2 9 1 3 9
394 4 2 8 8 2 3 7 5 7 8
397 6 5 6 8 7 7 7 7 3 1
481 5 9 7 9 2 9 6 7 6 8
372 3 9 9 6 3 5 6 6 1 6
302 2 7 5 1 2 2 3 1 5 9
343 8 9 3 3 5 7 2 9 2 2
483 5 5 2 6 9 7 8 9 5 9
380 9 4 8 2 9 4 4 1 2 8
344 5 2 9 6 3 7 1 4 8 2
319 8 8 1 3 4 6 1 4 1 8
395 9 8 1 2 4 8 3 7 1 9
440 9 1 7 9 8 7 3 4 9 8
15
387 8 1 8 1 7 2 3 6 8 6
392 3 5 4 7 8 1 9 9 5 5
412 7 7 3 6 4 2 9 9 3 7
336 2 6 5 1 3 7 7 2 9 2
281 3 8 3 6 1 2 7 2 7 2
235 5 3 9 1 4 2 2 1 2 4
487 7 2 9 5 3 8 5 8 9 9
318 2 9 4 9 2 2 7 9 2 3
250 1 2 4 4 7 1 9 3 2 1
364 1 7 5 5 9 7 8 3 4 2
362 8 8 3 6 9 3 1 7 4 5
319 8 2 3 7 3 8 1 6 4 5
384 2 3 8 3 7 4 9 1 8 7
354 2 1 9 9 3 3 8 6 6 4
423 9 1 7 8 6 7 1 8 8 5
15
431 9 9 4 9 7 4 1 7 9 5
314 9 2 7 8 2 4 4 3 5 4
302 9 8 5 4 2 5 1 8 1 1
456 9 9 7 6 4 7 6 4 9 4
438 3 9 6 3 1 9 9 9 5 5
332 6 6 9 3 5 4 6 3 1 3
342 3 1 9 2 2 5 1 8 7 6
360 2 6 2 2 9 4 3 5 6 9
480 4 6 9 3 4 9 8 3 9 8
335 7 5 1 9 6 2 2 3 8 6
485 9 2 5 8 8 8 9 6 9 6
358 7 9 6 6 5 5 6 2 5 2
318 5 4 3 7 3 5 2 8 7 3
393 6 4 8 2 5 4 4 8 8 3
375 2 2 8 1 6 6 2 7 6 7
15
322 6 4 1 1 9 4 5 3 1 7
318 2 5 7 5 1 9 1 5 3 7
315 2 1 7 3 3 5 6 7 5 4
338 8 7 6 9 4 7 1 4 2 3
325 2 3 2 2 3 3 8 5 8 5
338 1 5 4 2 1 9 4 4 6 8
338 5 5 2 1 8 5 7 5 2 6
359 1 1 1 7 2 9 8 4 8 9
329 4 2 5 8 5 5 3 6 2 7
369 8 7 7 3 1 4 4 4 6 5
475 9 8 6 8 8 7 4 4 7 7
309 6 5 1 7 5 7 3 6 1 3
508 8 7 4 5 9 8 8 9 4 8
434 8 9 5 5 5 9 1 9 5 4
276 6 9 1 5 4 4 1 1 7 2
15
415 1 6 4 4 9 7 6 4 9 5
300 1 8 7 9 2 4 2 9 3 1
367 6 2 3 8 1 9 2 8 6 6
429 9 5 9 4 3 7 5 4 7 4
425 4 1 7 1 8 2 5 9 8 9
302 6 4 1 7 4 1 8 4 2 6
259 4 3 6 9 3 1 4 3 1 5
403 3 3 9 3 6 5 6 6 5 8
279 7 1 1 9 2 5 3 7 5 4
371 4 5 9 6 1 3 1 9 6 7
432 8 8 7 1 9 3 8 6 2 7
359 3 9 2 1 6 1 7 3 5 8
344 4 7 4 2 1 4 4 5 9 4
347 4 8 5 6 9 2 2 4 3 7
395 9 8 3 2 4 2 9 9 5 2
15
420 6 5 8 6 7 5 5 3 6 8
471 9 9 7 6 6 9 5 7 7 3
387 4 7 7 5 3 6 9 1 4 8
399 6 9 9 6 3 8 9 1 4 1
411 9 9 8 5 4 7 1 9 5 1
327 8 2 3 3 2 2 8 5 4 6
365 2 7 3 9 6 4 2 9 4 6
324 3 6 3 1 8 1 1 9 8 3
428 8 5 4 6 4 7 4 5 9 7
313 1 6 1 7 2 2 6 5 6 8
370 3 8 3 2 3 8 8 8 2 3
368 1 4 1 3 8 6 8 4 8 3
487 6 9 5 6 7 9 1 8 9 7
426 9 9 7 4 8 7 4 2 6 2
475 6 7 2 5 7 9 8 6 7 7
15
401 9 8 2 6 5 6 2 7 9 2
324 7 1 4 5 7 3 8 3 7 1
369 8 6 6 5 1 2 9 8 2 4
393 8 4 6 7 7 6 5 9 1 4
348 2 7 4 5 2 9 3 8 3 6
438 5 8 6 3 2 7 8 9 7 4
344 7 1 7 1 8 1 7 6 6 1
362 2 9 4 2 4 5 2 6 8 5
344 6 8 4 3 6 9 5 2 1 4
308 9 1 1 6 1 9 3 4 2 7
311 6 4 4 1 4 6 6 6 1 5
358 6 7 2 7 1 8 9 2 5 2
379 3 5 8 3 7 3 6 8 2 8
413 3 4 6 4 4 9 6 4 9 4
413 6 4 7 6 7 3 5 4 8 7
15
311 3 5 5 9 7 7 2 6 3 1
340 4 1 2 7 5 2 6 4 8 7
331 9 9 4 9 9 2 5 1 3 1
453 6 4 9 4 7 8 6 5 6 7
336 7 6 5 1 7 6 2 4 1 8
376 2 9 6 6 3 5 2 9 6 3
408 1 6 6 7 4 3 8 6 8 7
370 3 7 1 1 4 3 7 7 6 8
344 2 2 6 7 4 5 7 9 7 1
461 8 6 9 2 3 9 3 9 8 3
379 5 5 1 8 4 9 8 8 4 2
281 4 1 9 6 2 2 9 2 1 5
345 3 6 3 9 6 7 3 2 4 9
420 8 7 5 7 3 2 7 6 8 6
403 7 5 1 3 8 8 7 4 9 3
15
432 6 6 5 4 9 8 7 7 4 3
460 8 5 7 7 3 5 7 7 9 6
295 7 5 5 1 1 7 3 4 4 2
381 6 9 5 3 9 3 7 2 6 3
335 8 5 1 2 2 8 4 3 5 8
418 9 9 7 4 1 6 8 5 7 2
465 9 9 9 2 2 7 7 7 4 7
353 6 4 3 9 3 3 4 9 1 9
456 9 3 7 4 9 7 8 4 3 9
424 5 7 4 8 9 9 3 9 5 4
298 6 1 4 7 6 5 7 3 2 2
372 1 9 4 2 9 9 6 1 4 4
332 8 8 1 3 1 4 6 4 3 7
340 4 3 3 2 5 3 4 8 9 4
330 9 8 1 8 1 4 4 8 1 7
15
363 4 5 1 4 4 8 6 9 4 3
401 5 7 5 9 4 5 7 7 7 2
361 3 6 7 2 4 8 5 9 4 1
426 1 6 9 7 5 4 5 6 8 7
381 5 2 9 6 4 5 7 7 2 6
471 5 6 9 4 9 5 9 8 5 6
388 6 2 9 3 9 8 2 1 6 8
458 1 7 7 9 8 8 6 4 8 7
456 9 7 7 9 5 2 2 9 8 8
289 8 8 8 6 2 1 3 5 1 1
353 3 9 2 9 1 6 7 3 7 5
410 1 4 7 5 8 4 9 6 9 3
339 7 2 2 9 3 9 7 3 5 2
385 7 4 4 9 7 5 3 8 5 5
328 6 4 3 3 1 5 6 3 7 7
15
426 9 7 8 4 3 7 8 4 3 6
386 5 7 4 2 9 7 3 6 5 2
445 1 8 4 5 7 8 7 4 9 5
430 7 7 5 2 6 9 3 6 7 4
386 7 1 9 4 8 1 4 9 7 5
330 9 4 3 5 8 3 3 8 3 3
248 7 5 1 2 4 5 1 1 6 1
360 8 8 3 2 2 9 2 4 7 3
283 7 1 3 9 5 3 4 3 5 3
289 4 1 4 5 4 1 7 5 5 4
359 2 9 2 2 4 1 8 9 5 6
366 7 5 4 4 2 5 9 7 2 7
405 6 5 6 4 5 6 7 8 4 6
375 5 8 7 7 8 1 6 1 5 5
371 3 1 5 4 8 8 4 2 9 4
15
364 4 7 2 1 6 5 3 8 3 9
360 6 9 7 5 8 2 3 9 1 2
334 2 3 4 1 7 8 1 2 7 9
292 7 8 1 3 3 2 7 5 4 2
319 1 7 5 3 7 1 4 3 8 2
302 7 3 2 1 3 6 4 3 6 3
389 7 3 7 3 3 2 7 7 9 3
245 2 2 6 4 1 2 7 3 1 4
277 3 1 9 6 2 4 2 5 7 1
381 1 4 3 7 6 9 6 9 6 4
383 7 9 7 6 1 5 9 5 1 6
326 5 3 4 7 3 1 4 6 4 9
403 1 9 3 1 8 9 8 9 2 4
315 3 2 1 1 9 8 2 4 5 6
408 5 4 7 6 2 7 6 6 7 8
15
387 6 5 8 6 1 9 1 5 7 6
330 3 3 5 6 1 7 8 7 1 6
383 3 4 9 2 1 9 2 9 5 7
339 1 1 4 4 6 7 1 6 9 6
322 8 4 6 3 2 3 5 6 5 2
365 3 6 7 2 2 4 2 6 8 7
446 7 6 4 1 7 9 5 7 7 4
377 9 8 2 8 7 3 6 1 3 8
213 8 1 2 3 2 1 4 1 2 4
346 2 9 2 3 2 2 3 9 6 9
367 1 6 8 2 5 9 2 4 8 3
420 9 7 3 5 8 4 8 2 6 5
250 2 1 5 8 1 3 6 2 4 3
372 2 8 8 6 5 6 2 6 1 8
263 6 1 4 2 1 9 3 1 6 2
15
298 2 9 9 9 1 2 3 3 4 4
424 8 9 4 8 9 2 8 1 5 9
495 8 8 3 7 5 6 8 9 9 5
380 5 5 5 6 3 7 7 3 7 4
348 3 8 6 4 2 5 2 8 7 1
313 5 6 1 6 8 5 3 2 4 4
357 7 7 2 2 9 5 3 4 7 3
431 3 1 8 3 8 1 9 8 9 6
358 2 2 9 6 7 9 3 4 2 7
471 8 4 9 5 5 6 8 5 7 7
386 3 4 1 9 5 7 4 4 9 7
364 3 6 5 1 8 2 6 4 6 7
383 9 7 6 8 3 4 3 6 2 8
397 5 8 9 5 4 4 3 1 9 5
368 8 7 4 2 5 1 7 8 1 6
15
352 8 3 9 3 4 7 8 2 2 2
342 2 4 7 6 9 1 4 5 6 5
370 5 9 5 4 8 1 6 4 6 4
442 7 5 4 4 8 8 6 8 4 8
351 9 5 1 7 2 4 9 9 2 5
413 7 8 3 5 7 5 4 8 9 2
437 5 9 9 2 3 9 6 6 2 7
418 9 7 5 6 8 8 4 4 5 2
343 9 2 2 3 1 4 6 3 9 5
190 7 3 3 2 4 2 1 3 1 2
442 1 9 5 1 8 8 5 6 7 7
355 5 5 7 2 8 4 3 1 8 4
373 6 4 5 4 8 2 8 4 5 5
306 6 4 2 8 5 1 6 2 7 5
341 1 3 3 7 7 1 5 9 4 7
15
283 5 6 4 1 3 5 3 7 2 2
340 5 6 8 3 5 1 8 1 6 3
413 8 2 9 6 6 3 1 6 8 9
235 2 3 3 6 9 3 1 1 1 7
405 6 4 9 4 9 6 6 7 2 5
320 5 4 2 2 7 2 7 2 9 1
434 9 2 2 4 4 6 8 5 9 8
345 4 5 7 7 6 2 2 2 7 7
408 4 5 8 6 8 6 2 6 7 4
406 4 9 2 6 4 3 9 2 8 8
369 9 3 6 8 3 1 7 7 6 5
255 5 1 1 6 2 4 3 4 6 3
519 9 9 9 8 7 2 6 6 9 9
356 5 1 5 4 7 2 6 5 7 7
333 1 6 3 4 8 2 3 8 9 1
15
292 4 4 4 6 6 5 5 1 5 2
387 8 2 7 6 3 4 5 5 7 8
363 5 3 7 1 8 5 8 8 3 2
418 9 6 8 7 6 7 4 9 1 3
342 8 2 3 2 6 3 2 8 2 9
383 5 5 5 4 3 8 2 8 3 9
310 1 2 2 7 5 5 5 1 8 8
307 4 4 1 8 3 1 8 5 4 7
310 1 9 1 3 2 6 4 4 5 6
415 9 3 7 3 4 1 6 9 5 8
377 4 3 6 4 6 9 4 5 5 5
394 9 5 7 6 2 2 7 7 7 3
338 2 2 4 2 6 9 3 1 9 5
462 8 8 7 7 5 5 6 6 9 5
377 5 7 8 5 6 7 4 2 1 9
15
381 7 1 1 9 3 8 5 9 3 9
483 8 7 9 4 8 5 9 5 4 8
409 3 2 8 3 4 9 9 4 8 4
347 4 4 4 7 6 6 5 5 3 5
364 5 3 7 7 4 2 4 2 8 8
294 8 2 3 2 9 3 2 4 1 6
352 9 7 5 1 6 7 2 3 2 4
328 2 6 3 4 8 2 7 6 1 7
268 4 3 8 3 5 1 3 8 2 1
341 5 7 9 2 1 1 8 8 3 3
290 9 7 1 7 2 2 2 9 4 2
357 1 4 3 8 3 7 6 9 1 8
348 6 3 4 4 7 7 3 5 2 8
319 3 2 2 1 4 9 1 6 3 9
334 1 3 8 2 1 5 9 2 4 9
15
223 1 2 2 8 4 2 2 7 1 6
394 3 9 9 5 3 8 2 6 4 7
336 2 5 1 1 7 2 3 5 8 8
344 6 3 1 5 3 8 6 8 2 5
377 4 5 4 4 4 5 5 7 8 6
230 7 1 2 9 5 1 5 3 2 2
315 2 8 6 3 9 3 1 2 6 4
424 8 2 7 8 8 6 7 1 6 6
326 2 9 2 6 7 4 3 4 2 7
434 1 7 1 8 9 7 9 5 8 5
394 6 9 1 7 3 7 9 3 8 3
324 4 7 4 8 6 2 6 4 2 6
467 6 4 5 2 9 5 9 9 5 7
429 3 3 8 7 8 6 9 8 2 8
298 7 5 2 7 2 8 5 1 3 3
15
323 3 2 4 2 8 8 2 5 2 7
316 1 2 6 2 5 2 4 1 8 9
299 7 3 1 2 1 1 7 1 7 7
244 2 6 6 5 4 1 5 3 2 2
288 2 5 3 5 3 9 2 1 7 3
476 9 8 4 5 7 7 2 5 8 9
251 1 3 3 5 5 8 4 3 1 1
315 6 3 1 4 4 9 4 3 5 5
333 2 8 2 5 7 8 3 2 1 9
313 1 7 2 5 7 7 8 4 2 1
405 4 8 6 8 3 8 8 2 5 5
396 8 7 5 8 2 1 8 6 7 4
355 1 2 7 3 2 9 8 2 8 5
310 7 5 4 8 7 4 3 4 3 3
276 3 5 3 3 1 2 2 9 5 3
15
337 8 9 9 1 8 1 3 3 3 2
339 7 6 3 2 6 5 2 8 4 4
289 6 3 1 1 6 7 6 2 2 2
321 1 9 2 3 6 2 4 2 6 7
341 2 4 9 6 3 3 5 5 5 4
406 9 5 8 1 9 2 8 3 5 6
318 8 1 1 5 3 2 5 4 8 8
318 8 1 1 6 2 6 4 7 4 8
452 9 9 6 2 5 3 8 4 9 6
381 2 6 6 8 4 6 5 4 3 9
377 9 5 9 7 2 8 1 6 4 4
361 1 9 5 2 1 3 5 7 9 5
315 9 3 5 4 8 1 5 3 4 1
333 7 7 4 4 1 7 5 2 8 2
353 4 8 4 3 4 1 6 5 6 5
15
324 3 7 3 5 2 2 3 7 7 7
412 8 3 9 4 3 6 5 6 9 3
499 4 8 7 2 9 9 1 8 8 9
377 9 6 6 2 5 7 4 9 2 3
286 5 5 3 7 3 1 6 2 4 4
438 7 5 1 2 9 3 9 5 8 7
397 3 7 2 1 8 8 7 4 4 9
399 4 9 2 6 8 5 4 6 4 9
325 3 9 5 9 1 3 1 9 6 3
373 2 4 2 1 8 9 9 6 3 4
342 5 8 2 1 1 9 6 5 6 1
311 6 7 4 9 2 7 1 6 2 3
337 9 6 5 1 7 2 9 2 4 2
297 3 6 8 2 1 4 1 5 6 4
274 4 5 2 6 5 5 6 2 4 1
15
282 5 3 8 8 2 3 6 1 3 4
276 3 4 3 7 6 1 5 3 5 2
384 6 7 7 6 8 2 4 4 7 4
419 2 7 8 1 9 5 7 7 5 4
400 9 2 6 2 7 4 3 9 4 8
353 9 1 5 1 5 3 4 7 9 3
468 7 6 4 2 3 4 9 9 9 7
370 4 6 4 9 2 5 1 9 9 5
323 5 6 3 5 9 5 1 2 1 8
338 3 1 4 1 3 7 6 7 9 2
349 8 8 2 2 1 4 8 1 7 5
418 9 5 8 2 1 9 6 6 8 2
309 2 1 2 5 2 6 6 6 5 6
379 7 9 2 5 5 6 1 7 7 5
349 7 7 9 7 5 3 6 2 3 2
15
342 7 2 2 9 8 1 7 3 7 4
337 8 2 9 2 6 3 2 4 8 3
388 8 9 6 1 4 6 6 9 4 1
341 7 8 1 8 2 4 8 1 4 7
223 2 4 1 9 2 2 6 2 3 4
265 3 3 2 6 1 5 1 9 3 6
297 2 7 2 4 5 4 2 7 4 3
336 5 7 3 9 7 5 3 4 1 8
407 3 5 9 3 3 8 2 9 8 5
386 5 5 4 8 5 4 7 9 2 7
299 6 4 4 3 1 1 5 9 3 5
313 2 9 1 5 1 1 5 9 1 9
360 4 9 5 5 3 7 5 9 3 2
355 4 9 2 5 4 1 7 8 3 7
302 3 7 3 5 8 5 2 1 5 2
15
453 7 7 8 6 2 9 7 7 4 6
434 7 7 6 5 5 8 7 3 8 5
273 4 1 5 5 1 6 1 8 7 1
440 6 5 6 4 7 8 9 5 7 2
352 3 1 3 9 4 2 9 9 6 6
291 7 1 1 3 5 6 6 2 4 3
277 9 1 5 2 2 3 1 9 4 1
458 4 6 9 2 9 6 4 9 6 7
322 3 3 3 7 5 9 6 1 2 8
408 8 3 4 3 8 2 9 4 7 7
316 4 1 7 8 6 2 2 6 5 5
280 6 3 2 1 9 2 1 2 5 6
374 4 4 8 7 3 3 4 9 7 4
341 8 5 4 9 5 7 1 5 1 7
292 2 5 3 6 7 2 1 2 7 7
15
347 8 6 2 4 7 8 2 4 2 6
425 9 8 8 5 9 8 1 5 2 7
405 3 8 4 8 6 1 5 7 6 9
300 2 8 9 9 2 2 3 3 3 5
346 9 6 8 4 6 1 2 6 6 1
368 7 6 7 9 2 3 3 6 5 7
461 3 8 4 8 9 3 7 9 8 8
370 9 7 9 3 2 7 3 4 2 4
361 5 7 4 9 3 2 8 5 9 2
356 7 2 6 8 5 6 7 4 4 2
485 9 8 9 4 8 6 2 9 7 4
268 7 4 6 9 1 3 4 4 2 3
396 5 3 1 7 5 9 2 8 7 8
448 3 9 9 3 5 8 7 8 7 2
382 2 2 5 7 8 8 9 4 2 5
15
359 4 9 3 1 1 2 5 9 4 8
278 1 4 5 9 1 5 2 7 6 1
425 8 8 4 2 2 2 8 7 9 5
370 4 6 2 3 4 4 7 4 8 8
355 2 4 9 3 5 8 1 2 9 4
295 3 1 7 2 2 1 7 4 5 7
466 8 3 4 6 7 6 9 9 5 7
309 9 8 5 7 1 3 4 4 3 3
398 3 9 4 8 8 8 1 4 8 4
344 6 1 7 8 7 5 6 6 3 3
300 9 1 8 7 5 2 2 7 2 4
326 2 7 8 7 3 6 3 3 1 7
301 7 6 4 5 6 2 3 4 5 1
300 8 8 3 3 3 4 3 1 8 1
350 1 3 7 5 4 8 4 6 3 7
15
274 4 1 7 4 2 6 4 3 6 1
382 3 3 4 7 6 9 7 8 4 3
410 1 3 8 3 6 8 6 7 5 8
480 8 5 3 7 6 6 8 9 9 6
399 8 8 9 2 9 1 7 1 2 6
307 2 5 3 5 1 2 7 3 7 6
434 2 9 3 8 7 7 8 4 6 8
512 8 8 8 9 7 4 9 8 8 5
385 8 1 6 3 2 5 7 9 8 1
378 9 6 2 4 1 7 8 3 6 4
374 5 9 7 3 5 1 9 2 4 5
372 2 2 6 3 1 5 9 5 9 5
482 6 1 7 7 8 7 9 4 9 7
333 1 2 4 6 4 7 3 5 8 6
394 3 4 8 1 4 7 2 5 9 7
15
422 4 9 2 6 3 1 9 6 9 9
266 3 1 5 6 5 1 4 4 4 4
384 8 3 6 4 5 1 1 9 7 8
343 2 2 9 2 2 6 1 6 7 9
257 2 7 6 2 3 1 5 2 1 7
415 9 2 3 9 1 6 8 8 7 8
357 6 9 5 8 3 6 6 1 3 4
378 7 1 7 1 6 6 1 8 8 4
387 8 2 7 7 2 7 9 2 6 5
474 4 7 8 2 4 9 6 7 7 7
365 6 2 9 6 8 7 2 1 7 3
360 5 3 2 7 8 4 4 2 9 7
363 9 7 6 1 3 1 5 5 8 4
421 8 4 9 6 3 3 5 9 8 6
384 1 1 5 9 8 2 9 6 8 7
15
382 9 5 4 1 4 9 3 3 5 7
398 9 3 5 2 9 7 2 1 7 8
298 2 4 6 6 2 2 6 5 2 9
246 4 4 1 7 2 2 1 2 5 8
308 2 3 6 7 5 4 1 3 8 5
343 2 2 4 1 5 8 4 1 9 5
376 4 1 2 5 5 8 6 9 9 2
325 2 8 3 7 4 8 5 4 4 1
344 8 1 9 8 2 1 6 2 8 5
356 3 5 6 6 7 2 3 5 4 9
347 4 7 3 7 5 8 1 4 2 8
351 8 1 8 3 2 3 9 9 3 4
349 7 2 7 1 6 3 8 6 2 3
337 4 9 3 9 3 7 3 3 8 1
409 6 8 8 3 2 9 9 5 4 3
15
393 7 5 7 2 5 7 9 4 5 3
364 9 7 7 6 4 2 7 7 1 5
280 6 1 7 2 7 6 2 5 2 1
316 7 4 4 3 5 6 3 5 3 3
336 6 4 4 7 4 3 7 4 6 2
339 5 8 2 9 3 1 5 7 3 6
323 2 2 2 4 6 6 4 7 5 6
385 6 9 8 6 7 6 1 1 6 6
369 8 4 2 1 5 7 4 2 5 9
327 3 1 7 8 2 6 8 2 3 6
376 1 8 6 7 5 4 7 8 5 3
404 4 4 7 8 5 7 4 7 7 5
401 1 7 9 5 2 3 8 7 6 6
369 4 3 5 5 3 1 2 9 8 9
428 8 4 7 7 5 9 2 3 7 8
15
399 9 3 6 6 3 4 5 7 7 6
414 9 3 6 2 2 6 7 8 8 5
488 5 7 9 8 9 8 6 8 4 5
205 1 9 1 6 7 1 1 1 1 3
333 4 1 9 5 8 5 2 1 8 2
320 7 2 4 4 1 3 6 2 4 9
326 4 6 5 1 3 9 1 4 7 1
432 7 4 9 2 6 8 8 9 3 4
305 5 3 6 1 1 7 1 7 5 4
394 6 1 1 9 5 7 4 5 9 9
376 3 9 4 1 6 7 2 8 6 3
432 6 7 9 6 1 6 1 6 8 9
380 1 9 5 8 8 7 1 2 8 4
249 2 4 3 6 1 4 3 4 4 3
423 9 7 2 1 5 9 6 6 9 2
15
333 4 2 7 3 6 9 1 2 4 8
330 7 9 5 3 6 3 2 2 5 4
458 8 7 6 5 6 7 9 6 2 9
339 5 9 8 8 3 4 1 3 5 5
410 2 9 2 7 7 7 4 7 8 4
384 8 5 3 3 7 2 8 7 4 4
354 9 4 5 6 6 6 7 2 5 1
492 6 9 3 1 7 9 9 7 7 6
397 1 9 8 3 3 6 4 8 9 1
335 6 8 2 1 1 1 7 5 9 2
373 6 9 6 1 5 6 5 9 2 1
374 9 2 7 5 4 9 8 2 4 1
335 9 3 9 2 7 2 1 7 4 4
337 2 8 2 7 6 1 3 6 4 8
434 8 6 7 6 7 6 9 1 3 8
15
228 5 2 1 4 3 4 4 7 1 3
406 8 8 8 4 7 4 2 9 6 1
409 3 8 2 8 9 6 2 9 4 7
352 1 3 7 5 6 5 8 7 4 1
402 5 7 7 7 5 4 6 6 8 1
350 3 9 8 5 3 5 5 7 2 3
323 8 4 2 7 1 7 2 7 2 9
331 6 8 5 3 4 3 2 3 8 1
434 8 4 2 8 8 6 8 8 7 4
348 1 4 8 1 3 1 5 9 8 5
353 7 4 2 9 8 4 7 4 5 2
358 3 4 2 4 8 5 8 2 4 9
286 4 2 6 1 6 2 6 3 6 1
356 1 6 4 5 8 4 6 3 3 8
235 8 3 6 2 1 1 1 8 1 3
15
362 8 6 4 2 6 9 4 1 2 7
299 7 3 4 7 5 7 2 6 2 1
328 2 3 4 1 8 5 2 5 6 6
300 3 4 2 9 4 3 7 3 4 7
418 7 8 3 8 6 7 6 9 5 3
210 3 5 5 5 1 1 5 1 1 4
371 6 6 7 1 8 1 1 8 7 5
306 7 2 3 5 9 1 6 2 3 5
396 8 6 9 7 4 4 1 8 8 3
320 7 2 7 9 4 1 3 4 7 4
284 8 1 1 7 8 4 1 5 3 5
325 3 3 3 6 6 6 2 7 5 3
391 3 8 1 3 9 4 3 8 6 8
421 3 6 5 4 8 6 4 9 5 6
410 7 1 8 9 8 5 3 8 2 9
15
431 9 6 7 5 7 1 8 7 9 3
374 2 2 4 2 1 4 8 9 6 9
336 1 1 7 2 9 9 3 4 2 7
446 2 6 5 4 7 3 7 7 9 9
375 3 4 3 2 7 8 6 7 5 6
272 5 2 3 6 9 2 5 4 3 2
389 5 9 5 5 5 4 4 8 3 7
322 7 2 5 4 5 2 3 6 9 2
427 6 4 5 8 8 7 3 8 7 4
411 1 9 4 8 7 2 9 8 6 6
290 1 9 7 1 1 1 8 3 1 6
372 2 7 1 6 1 7 1 9 8 9
309 5 1 6 5 6 6 7 5 1 2
405 3 9 5 9 7 9 2 1 9 3
350 2 8 5 1 1 8 5 5 4 6
15
248 3 4 8 8 2 1 3 4 2 3
354 7 5 9 6 1 3 6 7 1 6
335 2 3 4 7 4 2 5 8 9 2
392 7 8 7 1 6 7 6 5 3 3
333 8 2 5 8 6 1 1 2 8 8
342 8 3 4 1 6 3 7 4 3 5
349 1 4 5 2 7 7 4 7 6 1
307 4 4 1 7 1 5 2 9 9 3
341 6 2 6 3 3 4 9 1 7 4
313 9 2 7 9 1 4 3 3 1 8
383 1 9 7 3 3 9 5 7 4 2
373 1 6 6 5 9 4 4 4 9 3
379 4 4 3 6 7 3 7 1 9 9
322 2 8 8 1 8 1 1 4 3 8
290 5 2 7 8 1 2 4 6 8 1
15
325 6 2 2 8 8 9 2 6 2 3
342 3 5 2 9 7 2 9 6 4 3
228 5 2 1 1 4 3 1 2 8 3
387 1 8 4 2 5 5 5 9 8 2
347 3 3 7 8 9 9 3 4 5 1
281 6 1 4 9 3 4 6 7 1 1
400 9 1 7 1 8 4 3 4 8 8
460 6 6 8 3 8 2 9 9 7 6
314 3 2 4 4 4 8 5 6 7 1
386 7 7 5 8 1 5 8 2 5 6
296 1 3 7 8 3 2 4 9 5 1
384 4 1 6 9 9 2 6 7 9 4
457 4 6 6 7 9 9 5 6 8 4
341 1 7 6 2 4 2 2 7 6 6
281 7 4 4 2 1 8 5 4 2 2
15
326 6 2 3 8 4 9 3 4 3 5
455 7 9 9 3 2 9 8 7 6 2
283 8 2 5 5 4 4 1 2 2 6
324 3 9 1 1 5 1 1 5 7 7
393 5 2 5 2 2 7 6 9 7 8
438 6 3 7 5 9 5 6 8 8 5
349 7 1 3 5 9 9 7 4 3 1
333 8 8 4 9 4 5 4 1 5 3
474 6 5 7 9 7 8 8 3 7 9
281 3 3 6 4 2 6 2 4 1 9
339 5 9 2 7 4 5 2 3 3 9
376 3 8 2 6 2 2 8 8 9 4
403 6 5 9 2 1 6 9 7 2 6
313 2 4 5 7 2 2 7 8 3 6
423 4 6 9 7 4 5 2 6 8 8
15
284 4 1 8 4 3 7 2 2 5 4
358 1 9 9 5 4 8 9 1 1 1
477 6 9 7 6 8 8 3 5 6 7
404 8 3 4 5 2 6 7 8 7 5
546 6 9 6 6 9 6 9 7 9 9
252 9 2 2 2 5 1 8 3 2 2
318 7 7 7 4 8 5 2 4 1 2
422 4 5 8 9 8 6 3 3 7 8
481 8 9 9 8 9 8 4 2 3 8
308 6 5 4 7 6 4 1 8 2 2
295 3 2 5 2 4 5 9 1 3 4
382 6 7 9 3 3 3 3 8 5 5
357 7 6 9 2 5 7 2 3 3 3
240 9 1 3 3 1 1 7 2 3 2
397 8 7 5 1 9 6 1 4 4 9
15
368 6 6 3 4 6 2 3 8 8 5
359 8 8 7 8 6 6 1 6 2 1
274 4 7 1 1 2 5 2 4 6 3
427 8 8 5 5 2 9 3 7 5 9
340 9 2 4 1 6 3 1 8 5 5
328 4 9 8 9 3 2 3 3 7 1
263 8 2 7 2 1 1 6 3 3 3
361 1 4 6 4 5 4 3 9 5 9
216 4 6 5 5 2 4 2 2 1 1
392 7 9 7 7 7 1 6 2 3 7
313 3 3 2 6 8 7 3 4 1 7
231 2 2 4 4 2 5 1 2 6 4
345 7 2 8 5 3 2 6 2 9 5
422 7 7 8 7 7 9 3 1 2 9
337 8 3 7 1 1 8 6 3 4 3
15
388 5 1 2 4 6 8 9 6 6 6
268 2 6 3 9 4 3 2 8 3 2
381 6 8 8 1 4 5 7 7 3 3
374 8 7 5 7 2 1 8 2 8 6
441 1 6 8 3 8 9 8 7 6 2
328 1 1 4 2 7 6 8 6 4 4
390 4 3 2 8 9 4 9 6 3 7
319 1 2 5 7 1 6 6 2 9 5
230 3 4 1 3 3 9 3 1 3 1
336 8 4 8 1 1 2 4 1 7 9
307 7 5 3 4 1 2 5 3 9 3
443 8 1 7 7 6 3 8 6 9 7
352 3 7 6 1 2 4 6 3 8 4
448 6 3 9 3 5 7 4 7 8 8
403 2 3 8 7 9 2 2 8 9 5
15
471 4 8 2 9 8 6 4 8 8 9
340 8 1 7 2 2 1 9 7 1 7
360 2 2 5 7 2 7 7 7 1 9
476 9 9 9 3 8 9 4 5 3 7
358 9 4 6 1 9 4 9 5 1 2
292 1 8 2 2 5 5 5 1 4 4
274 4 5 1 2 2 3 6 5 3 6
341 9 3 7 7 2 1 6 8 1 7
429 7 6 6 2 6 7 1 8 9 4
419 7 7 3 8 9 5 7 1 4 8
359 3 5 9 4 6 7 7 2 4 1
308 9 4 3 4 3 6 1 3 6 5
343 5 6 4 2 7 2 9 3 4 3
355 3 8 3 2 8 5 3 7 3 5
545 2 9 9 8 5 8 6 9 9 9
15
512 3 3 5 5 9 9 9 8 8 8
540 8 8 7 9 9 9 6 5 7 9
275 5 4 5 3 3 2 5 3 5 4
420 9 4 5 8 9 3 4 8 4 7
381 4 8 7 4 4 7 2 3 9 4
432 5 5 7 4 1 6 7 4 9 9
374 5 4 6 7 4 1 9 4 7 4
244 1 7 2 3 1 3 8 5 2 2
268 4 1 6 4 2 7 1 6 1 7
370 2 2 7 4 9 9 5 6 5 1
341 7 7 2 1 1 7 1 8 2 8
306 7 7 1 8 9 2 2 3 6 1
422 8 1 7 6 6 9 5 5 9 3
349 1 9 8 1 1 8 5 2 7 3
280 7 8 1 2 7 3 2 2 3 2
15
452 9 9 8 7 7 4 7 4 4 5
388 8 9 9 1 5 6 1 7 5 1
304 3 3 6 4 4 6 2 9 3 1
339 3 8 6 8 1 4 8 7 5 1
363 2 8 5 1 6 4 8 2 9 2
364 1 8 5 2 5 6 6 4 4 5
340 4 7 1 5 3 3 4 6 7 8
379 4 3 7 1 2 9 5 6 9 3
352 7 7 3 2 2 5 9 1 9 2
361 1 9 2 9 8 1 6 4 5 6
361 7 6 8 2 6 4 1 3 3 8
346 7 1 5 7 3 8 4 5 4 7
363 1 8 9 1 5 8 3 1 7 5
305 1 5 1 8 1 9 1 8 7 2
395 7 5 1 6 8 6 4 5 8 6
15
446 6 3 9 6 6 9 6 6 6 4
343 5 5 7 7 6 1 5 3 3 6
399 5 3 8 9 9 4 2 9 7 4
381 7 6 9 2 6 1 1 4 9 6
329 3 5 4 3 4 6 3 1 6 7
313 3 1 1 3 9 4 6 4 7 5
466 4 6 6 6 8 5 8 8 9 3
301 8 2 1 7 5 1 1 4 7 6
390 6 4 7 1 5 2 9 6 3 8
314 1 9 7 2 1 7 3 3 4 3
270 1 4 5 2 3 8 5 4 2 1
370 3 6 6 4 6 7 3 5 6 5
264 5 1 5 3 4 5 6 2 2 3
396 5 2 4 9 6 8 5 8 6 4
354 6 4 5 4 9 1 6 8 5 2
15
332 3 9 5 2 7 2 6 7 1 4
465 9 4 5 3 6 7 8 1 8 9
286 8 3 3 6 3 1 5 9 4 1
284 4 5 1 7 7 9 2 1 1 6
364 1 4 8 9 1 5 6 3 9 6
393 4 4 5 3 7 2 9 7 3 9
391 4 7 1 4 3 5 8 9 7 3
341 2 4 5 9 7 9 1 6 1 7
365 2 8 4 1 6 7 9 3 6 1
294 2 5 1 5 4 5 4 6 2 6
376 2 6 3 6 8 8 5 8 3 3
355 5 2 6 9 3 9 1 9 3 4
354 9 6 1 5 8 4 7 3 1 7
323 6 3 4 1 4 8 4 4 1 6
408 9 2 8 7 3 9 7 7 5 2
15
341 3 8 1 7 2 3 7 7 1 9
477 6 7 9 8 5 6 5 7 7 8
340 3 6 2 6 2 6 7 8 2 6
454 6 6 8 8 9 3 7 4 6 7
395 9 3 5 8 3 8 7 7 3 6
301 5 2 6 9 6 3 3 5 2 4
472 5 5 7 2 9 6 9 6 5 9
423 6 9 3 5 4 8 9 8 6 1
346 8 7 5 1 7 2 1 8 1 6
362 9 7 6 6 5 6 1 1 5 5
412 5 7 3 5 8 9 1 4 7 8
306 3 3 2 6 6 4 9 5 5 1
459 9 6 9 6 5 4 2 8 8 9
308 8 5 3 8 4 8 1 4 3 1
363 1 6 5 4 1 9 7 4 5 5
15
386 9 5 1 9 8 7 3 8 2 7
364 9 6 5 5 4 2 1 8 8 2
406 5 6 4 4 9 9 3 4 5 5
348 1 4 9 9 2 8 2 8 4 4
294 8 1 2 8 6 4 3 8 2 1
347 7 7 1 7 6 7 5 5 1 4
467 6 5 9 5 8 9 1 6 8 7
327 8 5 2 4 1 4 7 2 7 3
266 6 3 1 2 1 1 9 5 3 3
251 6 5 1 2 1 2 5 7 1 3
251 4 5 2 1 9 2 1 3 3 2
360 8 5 1 5 5 5 5 6 8 3
342 4 5 2 4 2 8 2 6 9 2
338 8 4 8 9 5 5 5 3 2 2
356 7 1 3 9 9 7 6 2 6 3
15
405 4 6 8 1 3 4 2 7 7 9
321 4 8 7 1 5 5 1 3 4 5
312 5 2 6 9 6 1 2 7 2 8
403 4 8 1 4 9 5 4 6 7 6
341 4 3 7 6 5 6 1 3 5 9
240 2 5 1 8 4 2 4 4 4 3
395 4 4 6 9 3 1 6 7 9 9
368 7 9 9 1 4 5 3 2 5 4
441 7 5 1 9 3 7 8 9 7 6
344 7 4 6 3 2 1 3 9 4 7
370 5 8 1 4 6 6 2 4 7 8
335 1 1 3 3 9 5 5 8 6 3
245 5 2 3 2 1 6 3 1 1 9
303 2 7 8 6 6 3 4 2 4 3
281 2 5 8 4 3 1 8 2 6 1
15
305 1 7 1 1 3 4 7 2 5 7
434 9 8 9 5 8 6 7 1 5 4
268 6 3 1 9 2 1 2 6 5 5
488 6 6 8 9 9 2 8 9 6 8
361 5 6 8 4 4 5 1 9 3 7
378 2 5 3 3 7 8 4 8 4 8
359 6 2 6 2 5 7 3 2 8 7
321 8 5 9 4 5 1 5 1 2 4
416 5 7 5 3 7 7 6 1 9 5
321 3 9 1 3 2 6 3 9 4 3
309 1 2 8 4 9 1 1 2 4 9
331 8 7 5 4 9 6 3 2 1 4
427 2 9 9 6 1 5 6 6 7 7
350 2 7 6 1 3 8 1 7 3 7
289 2 3 2 2 4 2 9 4 1 7
15
385 3 9 7 7 3 5 8 7 5 2
292 3 4 3 9 4 4 6 3 3 4
419 4 4 8 2 6 9 9 4 1 9
376 3 7 6 7 3 8 3 7 6 4
388 1 8 8 4 3 8 6 7 1 6
358 2 1 2 5 7 8 3 9 4 8
375 4 7 9 5 2 9 1 3 6 7
343 8 6 7 4 2 1 1 6 8 5
490 6 2 9 7 5 6 9 9 9 7
331 3 2 5 3 7 7 2 9 4 4
317 4 5 8 9 6 2 4 4 6 1
332 2 6 3 9 6 7 5 1 2 7
403 7 2 6 5 8 3 5 8 5 6
363 7 2 5 2 7 1 7 1 8 6
322 6 6 3 6 2 1 6 4 8 5
15
317 8 8 1 1 2 2 6 5 5 5
220 6 2 7 5 2 3 1 3 1 1
461 6 3 6 8 6 8 9 3 9 6
293 2 9 6 2 3 2 8 4 2 2
403 8 9 2 9 7 8 3 6 7 1
293 6 2 1 7 6 4 7 1 3 7
335 7 2 7 6 2 7 5 7 1 4
379 3 7 8 2 7 8 3 1 6 5
395 6 6 5 1 6 7 3 1 7 8
393 2 4 7 8 3 6 7 4 9 4
256 5 4 6 9 1 9 1 2 2 1
223 1 3 6 1 4 2 5 1 2 3
236 3 2 2 5 4 4 3 4 5 2
353 5 9 6 8 1 3 1 5 4 9
425 4 6 1 1 1 8 9 8 9 8
15
334 9 4 2 4 7 5 1 6 1 9
394 3 5 6 1 4 9 8 7 6 3
244 1 2 3 9 5 2 6 5 1 4
338 8 7 6 5 7 1 1 4 3 6
318 1 2 7 3 1 4 7 4 7 4
543 9 8 7 6 9 9 3 8 9 9
367 8 7 6 7 1 4 4 1 4 9
358 4 6 2 1 3 7 2 6 6 9
354 4 3 9 4 1 9 1 5 5 6
302 3 3 6 5 2 7 5 9 3 1
457 8 9 7 7 7 4 6 2 6 9
473 5 6 7 4 9 4 8 8 7 6
375 1 5 8 7 9 1 9 5 1 6
317 1 4 5 5 7 4 9 4 3 2
436 7 7 9 9 4 8 3 5 3 8
15
379 1 6 4 7 5 3 8 5 8 4
384 9 4 3 6 8 8 6 2 4 4
403 9 6 5 8 7 5 4 2 5 7
345 3 5 5 6 2 4 4 7 9 4
361 8 2 4 4 3 4 9 9 4 4
384 2 4 6 5 8 4 5 6 6 6
338 2 4 9 3 2 4 7 1 4 7
395 2 4 6 5 3 5 9 8 6 4
359 9 4 7 7 1 4 1 9 6 3
308 2 1 7 8 2 9 1 9 5 1
358 4 6 3 3 3 9 5 3 4 8
344 2 3 7 5 7 1 1 7 6 7
454 6 6 3 3 3 9 9 9 4 8
344 9 4 5 7 4 7 2 2 8 2
314 9 9 2 8 2 3 7 2 3 1
15
217 2 1 3 1 2 4 2 5 4 4
363 9 6 4 5 8 8 3 6 1 1
360 8 8 1 8 2 2 6 1 9 5
268 2 9 4 3 5 2 1 5 5 1
433 8 9 9 8 4 1 7 6 4 9
368 7 2 5 6 7 9 3 7 3 2
316 9 1 3 3 2 5 1 5 8 4
406 5 7 8 2 9 1 1 3 9 8
404 3 6 8 6 5 9 4 7 3 4
328 5 4 1 4 4 2 6 1 9 7
311 5 2 6 3 8 3 3 1 5 6
405 6 9 5 8 5 4 8 1 3 8
390 4 7 2 4 5 8 5 2 9 6
362 6 3 4 7 8 2 8 4 9 1
323 3 4 4 2 7 9 2 3 6 2
15
355 1 6 9 6 4 8 7 8 1 2
413 8 5 5 1 7 7 1 9 8 4
433 5 7 2 4 8 6 8 5 6 6
395 9 1 3 2 5 6 6 6 5 8
374 4 4 6 2 5 5 2 8 9 4
389 3 9 7 8 1 9 7 1 8 1
279 6 5 7 6 1 4 1 5 6 1
542 8 7 9 6 9 9 3 6 9 8
336 8 3 4 3 5 1 9 3 3 7
393 8 2 4 4 9 8 6 9 2 4
259 9 2 1 7 3 4 1 6 5 2
268 6 1 7 2 4 3 1 1 5 7
326 5 2 4 4 3 1 8 5 9 1
356 2 9 5 3 2 2 9 9 3 5
413 4 8 9 9 3 8 2 3 6 8
15
356 3 6 8 4 6 5 3 8 5 3
342 8 7 3 4 5 2 4 3 9 1
467 8 6 9 8 7 8 5 4 9 2
345 8 6 6 1 5 5 6 4 1 3
342 6 5 1 1 5 8 3 5 2 9
272 1 4 3 4 8 5 5 2 2 3
462 2 9 9 2 9 7 8 3 9 1
258 1 1 7 2 1 6 1 3 6 6
273 6 4 5 1 4 2 2 6 5 1
351 3 5 7 6 2 9 8 8 1 1
421 1 8 8 7 9 9 4 2 9 3
332 1 6 7 3 6 6 4 7 2 3
413 3 6 1 8 8 7 7 7 7 4
342 6 5 7 3 2 1 7 4 4 9
321 3 4 1 3 8 4 4 1 5 9
15
289 5 9 4 2 8 1 4 5 1 1
323 8 2 3 9 4 4 5 1 8 2
465 4 6 8 9 3 7 5 5 9 9
380 5 9 2 8 1 8 6 5 7 3
385 9 8 3 5 3 4 6 9 3 4
373 8 4 8 8 2 5 8 3 6 3
289 2 4 2 4 8 1 4 7 1 8
299 8 1 7 5 4 1 4 5 3 5
394 3 6 3 5 6 6 7 7 4 8
339 2 4 6 7 6 3 4 7 4 7
369 5 4 6 7 1 9 6 5 7 3
435 9 6 8 2 9 9 4 1 6 6
363 5 9 4 9 7 3 3 4 4 7
411 9 4 6 9 5 5 8 1 9 3
379 6 8 1 5 4 4 3 5 7 8
15
443 9 6 7 7 7 8 3 9 3 7
320 3 8 4 3 4 4 3 4 1 8
353 4 6 9 3 2 2 2 6 7 6
315 6 9 4 2 9 2 2 2 3 5
275 7 4 9 3 1 2 1 2 5 4
455 7 6 9 8 5 8 4 3 8 8
317 3 3 9 2 7 6 1 7 1 4
510 7 7 6 5 9 6 9 9 8 4
405 4 6 5 1 5 7 1 9 8 8
439 6 3 8 6 7 5 7 9 7 4
354 7 9 1 4 7 1 3 8 5 5
359 2 9 2 4 6 7 1 9 1 7
399 1 1 8 7 8 4 6 4 7 9
350 4 1 9 4 3 7 7 4 3 4
346 6 4 4 8 8 6 2 4 6 3
15
425 3 7 9 2 3 9 8 6 1 8
312 8 5 1 4 5 6 3 2 5 5
362 5 8 8 6 3 4 1 2 6 9
362 8 5 7 6 3 2 1 6 7 6
322 6 7 1 2 4 6 4 6 2 6
260 4 8 2 2 3 6 2 1 4 2
347 8 2 4 2 1 9 1 3 6 9
386 3 8 8 5 8 7 5 2 3 4
378 8 7 1 5 8 1 4 3 9 7
362 7 4 7 9 7 2 5 7 2 3
300 2 2 6 4 5 3 5 3 4 8
361 1 6 5 1 4 4 8 5 9 4
347 9 7 3 7 2 2 9 2 5 3
313 3 8 4 6 7 1 6 7 1 2
411 4 4 8 7 5 9 8 1 3 9
15
300 5 1 6 5 3 8 8 1 3 1
475 8 9 5 4 9 6 3 6 7 8
416 9 5 9 4 6 5 8 4 6 2
444 6 9 2 6 3 7 8 8 5 6
401 4 2 4 7 6 7 8 6 6 5
360 1 9 2 1 1 5 8 1 7 9
308 7 2 9 9 5 2 1 6 1 5
423 9 4 9 1 4 9 2 3 9 7
433 6 1 9 9 9 9 8 6 3 3
337 9 9 4 3 2 2 1 8 5 3
404 7 4 6 3 7 8 4 6 6 4
358 4 5 4 7 2 6 7 9 5 3
411 6 9 8 4 4 4 8 2 5 8
423 8 7 1 2 3 9 8 4 8 6
386 5 2 7 2 3 4 9 5 6 7
15
590 9 9 9 5 9 5 8 9 9 8
347 7 5 2 2 3 9 4 8 3 5
354 4 4 1 8 1 9 5 5 6 8
353 5 4 2 3 3 6 6 3 7 6
313 4 1 3 7 3 4 7 7 5 4
348 2 7 9 9 4 6 3 7 2 2
253 1 6 1 2 6 3 3 5 3 3
393 6 9 4 4 8 1 4 4 9 5
280 1 5 6 3 4 1 4 6 5 3
340 1 1 7 8 8 8 3 7 3 3
377 1 9 1 8 5 7 4 8 8 2
390 9 6 6 6 4 2 2 3 8 8
363 3 4 7 7 7 3 8 2 4 8
378 7 1 8 3 9 2 3 7 7 4
369 6 1 2 5 7 5 8 6 7 5
15
290 5 1 5 9 3 1 5 1 9 4
363 3 9 3 8 5 1 7 4 4 9
386 3 8 6 9 4 1 4 8 5 9
420 9 7 6 6 2 7 7 9 6 1
466 4 6 3 5 8 8 9 3 7 8
371 8 3 7 9 2 3 9 3 5 4
351 9 6 4 6 8 1 2 5 4 6
439 7 4 5 9 1 8 9 4 6 9
349 7 7 2 4 1 9 8 4 1 6
442 8 3 6 9 9 7 5 6 7 6
352 7 6 6 2 2 1 6 8 5 5
312 3 9 2 1 1 6 7 3 5 2
383 7 7 7 6 4 5 9 1 4 3
378 4 9 1 8 4 5 9 9 3 2
460 7 6 8 8 9 5 3 9 4 8
15
435 8 5 9 9 8 7 1 9 6 3
398 7 5 1 8 5 9 3 6 4 9
455 5 6 6 2 7 7 4 7 8 9
385 6 9 1 5 2 7 7 9 4 2
432 6 8 1 1 5 9 4 8 8 7
292 8 9 9 8 2 2 3 1 2 2
316 5 3 3 8 1 8 3 3 9 3
401 5 7 7 2 2 1 7 6 8 8
368 1 7 4 8 9 9 2 4 6 3
522 1 8 7 3 9 8 9 5 9 8
396 9 6 2 3 3 9 6 5 4 7
341 7 8 2 9 6 6 2 4 4 2
362 5 5 5 4 4 8 5 1 9 4
307 1 4 9 9 7 1 1 2 9 1
270 4 1 1 8 5 2 7 1 9 1
15
371 6 3 6 7 6 2 7 4 9 1
405 9 7 6 6 5 9 4 3 1 9
401 1 9 7 2 1 4 7 3 7 9
332 1 8 3 9 1 3 4 2 9 8
282 3 4 8 4 2 1 6 4 5 2
357 7 7 9 1 1 6 2 3 8 4
364 2 3 9 4 8 6 2 5 7 5
400 3 7 1 2 1 8 7 8 7 8
350 2 5 5 6 7 1 3 7 9 2
384 2 7 1 5 8 8 9 9 2 1
405 5 5 1 3 6 7 9 9 8 1
369 5 9 9 7 2 9 1 3 6 2
362 6 1 5 9 5 8 7 2 6 5
343 7 5 7 4 7 3 7 1 5 2
354 9 4 1 3 9 6 4 7 1 5
15
399 7 4 1 5 4 7 4 9 7 6
386 6 2 9 1 6 2 4 9 3 8
403 4 3 9 3 1 8 7 9 3 8
394 4 9 6 9 9 9 2 2 5 4
378 7 4 1 9 5 6 3 6 4 9
417 5 7 1 8 8 6 7 2 6 8
352 1 3 4 4 9 4 3 2 9 8
375 9 7 5 4 3 5 6 6 6 1
445 1 5 7 4 6 9 8 6 8 4
371 7 6 9 6 5 1 6 1 7 4
291 8 1 2 2 6 3 1 5 3 7
350 5 1 4 4 6 6 9 1 8 1
444 9 2 3 6 6 8 7 8 8 6
339 4 3 6 2 4 3 9 3 3 7
488 7 8 6 9 5 9 8 4 7 5
15
365 1 9 1 3 1 4 9 6 4 9
358 2 6 3 8 7 1 1 8 6 8
340 2 2 5 8 3 7 2 9 7 3
417 3 6 3 8 2 8 5 7 9 6
364 8 5 6 7 4 5 1 6 6 4
336 7 1 4 9 1 4 1 5 9 7
349 3 3 9 8 5 4 5 4 7 4
373 9 1 6 1 4 5 7 6 7 2
451 9 2 3 3 6 8 7 6 8 7
426 8 7 7 1 9 7 2 7 3 7
336 8 4 1 3 4 6 9 9 3 1
388 7 7 3 1 4 5 5 3 6 8
362 8 5 1 9 6 3 9 9 2 1
496 8 5 6 7 6 9 5 5 8 9
368 8 1 4 6 7 3 4 3 9 8
15
499 7 7 6 2 1 9 9 9 9 8
379 4 3 5 2 9 8 6 2 4 8
371 1 5 5 9 6 6 5 6 3 9
283 1 8 1 4 5 6 1 7 6 1
354 3 5 7 2 2 8 3 6 5 7
320 1 7 2 1 6 3 8 4 7 2
382 5 1 6 4 6 8 4 9 7 3
387 5 7 8 9 7 2 5 2 8 2
368 4 9 2 2 9 5 4 3 3 9
371 1 6 6 6 1 7 1 9 8 5
322 2 3 2 2 7 7 1 9 4 7
367 6 6 1 9 5 5 9 1 8 2
278 7 2 5 5 7 5 1 4 2 3
407 5 5 4 3 8 4 2 9 7 7
390 7 5 4 8 1 7 5 5 9 6
15
295 4 9 7 9 2 1 2 3 7 1
298 1 3 4 4 8 5 2 7 3 3
458 7 2 7 5 7 8 4 9 6 9
409 2 1 8 2 5 8 9 7 6 4
356 9 1 2 4 9 3 2 5 8 6
251 2 3 9 5 6 4 1 1 2 4
327 8 2 2 4 5 9 5 1 6 2
357 8 7 8 3 4 5 1 3 2 8
316 9 1 5 9 5 1 4 5 3 5
286 2 6 9 8 3 3 2 8 3 1
322 3 5 6 3 8 3 9 3 1 3
374 7 3 7 4 3 8 4 6 2 8
339 3 5 6 9 4 3 3 5 8 3
465 7 5 7 3 9 7 7 4 7 8
406 5 8 8 1 4 5 3 9 5 6
15
343 6 6 2 2 8 4 2 4 8 3
291 2 8 3 2 1 1 3 1 6 9
301 7 7 1 3 1 1 3 6 6 6
341 4 1 9 7 3 2 4 4 7 6
376 3 6 4 1 5 7 4 5 8 4
421 9 4 3 4 9 6 1 8 7 8
412 8 7 4 2 7 3 4 7 9 4
406 9 9 6 7 7 1 3 4 8 3
426 6 7 6 5 7 8 8 1 6 3
358 4 7 2 1 6 8 8 5 4 2
354 2 2 7 8 8 7 7 4 2 4
330 4 1 7 8 4 4 7 6 2 7
374 2 7 2 7 9 5 9 4 2 5
375 3 1 5 8 9 7 9 5 3 4
320 1 9 5 7 5 3 1 1 9 4
15
271 2 7 1 4 1 1 7 7 5 1
344 1 6 3 7 9 2 3 4 8 5
320 2 6 7 5 6 3 5 3 6 1
218 1 1 5 8 4 2 3 8 1 2
446 7 4 6 2 6 8 7 8 6 4
310 1 5 6 3 2 8 4 4 1 9
370 1 8 2 4 5 8 1 9 9 1
395 3 7 7 2 9 7 7 7 4 1
417 6 9 8 5 9 4 5 2 3 6
260 1 3 2 9 3 6 4 1 7 2
382 9 1 5 1 5 9 5 1 9 4
386 4 5 3 3 6 5 3 4 9 7
343 9 2 9 7 8 5 6 1 1 3
377 7 6 6 9 6 3 3 8 5 3
306 3 1 8 2 2 4 7 6 1 8
15
434 7 8 3 3 8 8 7 7 4 5
375 1 4 8 9 2 7 7 5 6 5
416 8 1 5 8 5 7 8 9 9 1
399 2 8 8 3 7 1 4 6 8 7
337 1 2 1 8 7 3 3 5 7 9
281 3 4 8 9 4 3 3 7 1 2
381 7 6 7 2 2 6 4 5 8 4
438 6 1 5 7 4 3 8 8 9 8
481 9 2 5 6 8 9 8 6 7 8
397 8 1 6 9 5 8 6 5 2 8
240 2 5 1 9 6 2 6 1 4 1
370 8 1 3 8 4 4 6 8 6 7
404 5 8 8 4 7 3 7 7 5 3
414 9 2 9 1 7 4 5 8 8 2
303 3 3 5 2 6 2 5 6 3 5
15
284 4 7 1 4 3 1 2 4 9 3
291 3 7 4 1 4 1 8 4 3 3
266 6 3 4 4 1 3 1 3 8 4
339 9 9 5 8 3 1 1 6 1 7
356 4 7 7 9 9 1 5 9 1 4
308 8 6 5 4 2 7 4 4 1 1
390 6 5 6 1 9 4 9 3 1 9
333 9 3 1 7 3 3 9 5 3 7
377 1 6 6 7 9 8 5 4 3 5
356 7 7 6 5 5 2 7 1 8 3
327 2 5 3 6 7 3 9 1 3 6
363 1 7 6 1 8 6 7 2 6 2
366 5 5 9 3 8 6 2 1 4 7
258 1 7 1 9 3 6 2 5 5 1
310 4 1 4 4 4 4 1 9 7 6
15
427 3 8 8 5 6 9 3 5 8 4
392 1 8 7 9 5 4 5 1 9 8
256 4 6 6 6 1 4 5 2 1 4
421 3 7 6 7 8 1 9 1 8 8
442 1 8 9 8 5 6 7 8 7 3
334 4 3 5 8 5 3 9 3 2 8
366 1 3 5 1 9 6 6 4 6 7
407 5 1 5 7 6 9 9 7 4 3
408 7 7 5 1 5 3 8 8 3 7
484 9 7 8 6 3 9 7 9 4 6
359 3 1 4 9 4 4 6 9 2 9
464 8 6 9 9 6 8 6 6 2 8
343 7 2 3 2 7 9 1 9 3 2
342 1 1 9 5 8 5 2 9 1 6
348 8 7 4 9 1 3 6 4 7 4
15
378 4 5 4 9 3 1 5 5 9 9
392 5 8 6 3 7 3 4 5 2 9
266 3 8 1 7 1 4 1 7 1 6
352 8 6 5 7 8 3 1 7 1 6
320 3 5 9 2 4 2 7 7 3 1
392 8 4 6 1 9 8 3 4 7 3
383 6 6 1 6 7 6 6 5 1 9
417 8 1 1 6 5 7 9 8 8 6
422 8 5 4 2 9 9 7 3 3 7
413 4 3 7 9 5 2 9 9 8 2
492 4 5 6 5 9 4 8 9 8 9
391 1 4 6 9 7 2 8 5 6 8
387 3 3 1 8 8 7 4 9 6 5
400 4 7 8 2 9 7 3 4 4 4
400 7 7 9 8 6 1 5 6 2 8
15
434 7 7 5 3 9 6 2 6 7 6
432 7 9 7 3 8 3 4 3 7 7
187 2 2 3 4 5 3 2 3 1 3
419 8 7 9 5 8 5 5 1 6 6
429 6 8 1 6 9 9 2 6 7 5
264 4 1 3 1 4 6 1 5 5 5
313 6 2 2 7 4 3 7 4 6 4
437 6 9 4 8 4 5 9 8 4 7
336 6 7 2 4 2 2 5 5 4 9
326 4 7 7 9 1 7 2 2 7 2
374 8 6 1 8 6 8 7 1 7 1
415 1 6 8 3 1 8 8 3 9 7
357 7 6 6 6 5 1 4 7 7 3
312 7 2 6 3 5 1 5 4 5 6
323 3 9 2 3 4 7 7 1 6 1
15
376 6 3 6 3 8 4 4 9 7 3
325 2 6 5 3 4 7 8 3 4 2
400 6 9 5 9 8 8 6 2 1 5
378 5 8 7 7 8 1 4 6 8 1
360 7 2 1 8 6 5 9 7 2 7
324 1 9 7 7 6 5 7 2 3 1
423 9 3 9 6 9 7 4 4 8 1
356 4 1 6 6 4 9 7 5 6 1
421 9 9 4 5 5 1 7 2 8 8
372 2 7 1 4 4 6 8 8 1 8
263 1 5 1 1 3 2 2 9 2 9
330 6 6 1 7 4 3 4 4 4 7
273 1 7 2 3 1 2 3 8 5 5
470 5 8 9 6 4 7 4 6 7 8
410 3 9 9 5 9 4 7 4 5 1
15
388 5 5 5 5 8 4 9 3 6 3
299 7 4 2 5 5 4 9 3 1 1
354 9 4 9 7 3 1 5 4 8 1
278 5 1 2 3 6 5 4 5 6 1
348 3 9 1 3 3 8 4 1 9 6
375 9 2 4 1 5 9 1 9 2 9
365 1 5 9 4 3 8 1 2 7 9
314 8 2 5 2 8 3 5 1 1 9
317 1 5 5 4 1 1 9 3 8 5
375 7 2 2 9 9 4 7 9 4 4
358 5 3 3 2 4 6 8 4 6 4
406 6 4 8 9 9 2 2 5 7 7
355 6 9 1 8 5 2 9 4 2 6
505 8 1 4 9 8 9 8 6 9 8
450 6 6 3 9 7 8 8 6 9 3
15
506 8 3 8 4 9 9 8 6 7 8
302 1 4 7 7 3 6 2 4 4 5
320 1 3 9 9 9 3 1 2 3 8
380 8 3 9 9 5 6 1 3 5 9
418 6 3 9 3 9 5 2 5 7 6
450 1 6 7 2 4 7 8 7 8 8
390 2 9 9 8 4 6 8 4 1 5
283 2 6 1 3 3 1 6 3 8 3
346 2 6 4 2 1 6 8 4 7 4
407 6 7 6 4 8 7 1 4 9 2
258 3 1 1 4 7 3 1 7 2 7
314 6 6 2 1 5 2 7 5 2 4
393 9 3 7 9 6 2 3 7 3 9
301 6 2 2 2 2 9 1 1 9 6
391 9 2 3 6 6 5 7 7 4 8
15
342 8 5 1 3 5 2 7 6 4 6
377 9 8 3 6 3 3 6 4 7 6
353 1 2 7 9 3 1 5 7 9 8
424 5 8 7 4 9 7 4 8 4 4
354 6 2 9 5 4 7 6 1 1 7
442 8 2 7 9 6 9 7 9 5 3
394 2 5 8 3 3 8 3 8 7 7
316 9 2 2 3 2 1 7 9 7 1
356 7 1 6 2 6 3 6 4 9 2
345 1 1 8 5 4 7 8 5 7 2
310 5 5 5 4 6 3 2 3 4 5
250 5 1 7 6 6 1 1 2 5 1
294 2 5 6 7 5 6 6 1 4 2
389 3 8 7 5 5 2 4 6 7 6
349 9 4 3 9 5 4 5 8 4 3
15
459 9 9 5 4 7 4 5 6 7 9
303 5 4 3 7 2 3 2 6 8 2
382 1 2 6 6 9 3 6 5 9 7
425 6 8 9 5 3 2 8 6 8 5
355 8 6 6 6 4 4 1 5 4 8
325 8 7 2 3 4 2 1 7 6 5
451 4 6 8 8 9 9 7 2 3 7
342 6 5 6 9 7 5 3 7 3 2
351 7 2 4 3 4 8 8 1 1 8
404 4 8 7 3 4 9 7 1 3 7
274 8 5 5 2 1 3 5 5 2 3
277 2 1 1 3 6 6 3 7 4 5
418 2 9 9 8 8 2 3 2 9 8
458 9 9 1 6 1 5 9 8 7 7
238 2 7 2 3 3 1 2 5 5 1
15
327 1 2 1 7 2 7 8 7 8 2
359 7 6 4 8 8 1 3 7 4 7
357 5 7 3 8 4 2 5 5 6 6
370 3 7 8 7 9 1 4 1 7 4
403 6 5 9 7 4 8 4 7 4 4
342 2 3 7 2 7 3 4 5 9 1
236 3 1 1 7 2 4 6 1 6 1
406 3 5 8 1 5 5 7 5 5 8
352 2 7 2 1 2 7 6 4 6 9
400 5 4 9 2 6 6 1 4 9 7
273 2 4 3 3 8 8 3 6 1 1
318 6 5 4 2 4 4 9 3 2 3
281 5 6 8 8 5 4 2 1 1 3
287 5 6 4 4 3 5 8 1 3 1
368 2 7 5 5 2 4 8 1 5 9
15
331 6 4 6 8 4 7 7 1 1 6
339 2 6 9 7 6 1 9 5 2 1
317 3 7 4 1 5 2 3 5 4 8
272 6 2 2 9 7 1 4 3 5 4
365 8 2 9 3 1 6 2 1 7 9
480 8 4 9 4 9 3 4 6 9 9
440 7 4 9 1 5 4 6 6 7 7
315 8 4 4 3 2 9 1 1 3 9
415 7 6 3 3 4 7 2 7 7 8
379 8 8 1 3 4 5 5 9 2 6
345 9 4 6 3 2 1 5 6 6 4
360 6 2 8 1 1 6 1 6 9 8
376 5 3 3 1 8 7 9 6 5 1
413 9 4 3 1 9 9 3 2 6 8
349 7 2 6 4 2 3 7 1 7 7
15
445 5 8 9 8 5 8 6 6 8 2
445 6 7 3 8 8 7 3 8 5 9
305 8 7 2 6 8 2 4 4 1 2
312 2 8 4 5 5 2 6 7 3 2
321 4 3 5 3 5 5 1 1 9 5
475 5 9 6 3 3 6 9 4 9 8
298 2 3 7 9 7 3 4 2 3 6
338 8 5 3 2 3 4 5 4 7 5
509 9 3 9 6 8 9 9 9 2 7
428 9 6 4 2 7 8 4 6 8 2
494 1 7 8 9 7 8 9 9 6 7
283 3 6 5 3 1 2 9 1 4 4
448 3 7 6 1 7 6 9 7 8 3
360 4 1 9 5 7 3 9 6 3 5
358 9 8 3 1 1 8 2 8 5 2
15
375 8 8 6 8 4 7 4 5 1 6
311 5 9 5 5 3 6 2 2 3 4
447 8 9 9 8 5 7 3 1 8 7
357 7 9 2 2 9 7 1 4 4 3
458 8 7 7 7 6 6 9 9 4 3
403 5 8 5 3 6 3 2 9 9 6
352 6 8 7 2 8 2 1 8 4 4
351 8 3 8 2 1 3 5 5 9 1
295 3 6 9 7 4 3 2 2 1 8
283 7 8 9 1 7 1 1 2 1 3
285 2 4 2 6 4 3 2 7 7 2
356 4 5 1 8 8 3 6 7 6 2
418 4 7 8 1 9 9 6 5 3 4
254 2 5 1 4 2 6 8 2 1 4
411 9 1 6 2 9 7 8 8 5 1
15
419 5 6 2 5 5 8 9 6 5 6
413 3 2 7 9 4 9 7 8 4 7
367 5 1 5 9 2 5 8 2 9 6
383 9 3 1 6 6 6 5 1 9 7
368 1 9 3 6 9 1 8 8 4 4
313 5 1 2 5 7 6 4 5 7 2
362 7 1 9 3 7 3 2 9 3 7
427 6 2 6 3 7 6 9 9 2 9
397 7 9 3 3 1 2 8 2 7 9
381 5 6 5 4 2 6 9 2 8 3
353 7 2 7 7 1 8 1 7 1 9
310 4 3 1 4 1 8 6 2 2 9
355 3 4 4 9 2 8 9 1 7 2
284 2 1 1 7 9 2 2 4 6 7
414 5 9 5 7 3 7 9 6 6 3
15
221 1 3 2 1 6 3 1 4 3 6
387 8 9 6 5 3 4 9 3 6 1
416 2 5 6 7 2 9 4 9 8 5
288 5 3 1 8 3 6 9 3 2 4
352 5 1 1 1 5 9 8 6 2 8
352 2 9 5 9 6 1 3 5 4 7
379 5 9 8 7 2 4 3 1 9 6
317 3 2 6 9 3 5 6 7 3 4
295 9 7 4 2 7 6 1 1 2 1
304 4 8 3 2 8 2 1 7 1 4
230 9 1 3 1 6 2 5 4 1 1
352 9 4 3 6 7 7 6 3 6 1
332 3 8 1 1 4 5 6 1 8 6
438 3 9 9 1 7 7 4 8 4 7
310 2 1 9 7 5 1 4 7 1 9
15
354 4 8 8 2 7 3 1 7 7 2
398 6 3 4 7 1 5 5 9 9 8
336 9 8 2 3 5 4 1 7 3 4
416 5 6 9 9 5 1 6 2 9 8
382 9 5 4 9 1 8 6 7 1 7
388 9 3 6 3 5 3 3 5 8 8
369 4 4 7 6 7 3 2 7 5 9
369 8 2 3 6 7 9 5 8 2 2
416 4 5 6 3 5 9 2 8 9 4
235 1 6 2 9 6 1 2 6 2 1
400 2 7 7 9 5 9 2 4 8 3
392 2 5 6 4 7 9 3 2 5 8
415 4 2 2 7 9 9 7 2 8 6
407 3 5 9 5 9 2 8 8 7 1
425 6 8 5 3 9 5 4 7 5 7
15
387 1 9 7 8 2 5 9 3 3 9
400 5 8 3 7 7 7 3 7 6 3
278 1 8 1 3 3 1 4 6 7 1
331 1 9 3 1 9 5 5 8 2 2
417 8 4 7 2 9 6 4 1 9 5
401 7 7 2 1 7 3 9 2 4 9
420 8 1 9 8 5 6 7 7 3 6
263 3 7 1 4 2 3 4 7 3 3
308 3 6 4 9 9 5 1 2 4 2
313 9 2 4 9 1 9 1 1 5 7
193 3 2 2 1 3 8 1 2 1 2
416 9 3 1 4 8 9 7 9 7 1
398 4 9 2 9 4 7 7 4 2 8
360 2 3 8 3 7 3 4 6 4 7
268 7 3 2 3 5 4 4 3 2 4
15
343 7 9 8 3 5 2 1 4 8 1
299 1 6 1 7 8 2 2 1 7 6
377 7 2 9 3 1 6 4 6 4 9
494 7 8 9 8 3 6 4 8 7 9
264 2 2 1 1 6 3 6 3 6 4
308 1 1 9 4 6 4 1 6 7 2
367 5 1 1 3 8 8 9 5 6 3
433 5 4 4 2 9 9 6 5 8 5
372 4 9 4 8 2 9 8 2 1 6
261 5 4 4 2 8 1 5 4 1 1
309 1 9 1 3 5 5 3 4 5 4
282 4 3 2 9 6 6 3 3 2 5
415 2 6 8 1 6 9 2 4 7 7
193 7 1 1 3 4 3 2 1 2 3
357 4 3 8 9 7 3 4 7 1 9
15
457 4 9 9 4 5 4 7 5 7 8
436 8 8 5 3 9 6 4 6 4 7
323 9 2 8 8 1 5 3 7 4 1
391 8 6 3 8 8 7 7 5 3 3
359 4 8 5 4 2 8 4 5 4 4
335 5 2 6 3 2 2 5 6 5 8
336 4 4 2 5 5 7 6 2 6 5
355 4 1 9 4 2 4 9 9 5 2
362 4 5 8 2 1 7 8 2 2 8
365 4 3 9 3 4 2 2 7 9 5
298 1 7 7 4 1 5 2 6 3 4
488 5 9 4 9 8 7 9 5 5 9
417 2 4 6 9 7 6 4 8 8 7
448 5 7 9 8 4 6 2 9 6 8
307 3 4 2 2 4 4 4 3 8 4
15
353 6 2 3 2 8 5 2 2 8 9
476 9 7 8 5 1 9 9 2 5 9
333 4 2 3 9 4 6 7 4 7 4
437 7 5 9 4 1 5 7 7 9 5
385 7 5 8 4 2 7 2 2 8 6
375 1 3 3 7 8 4 8 1 8 9
344 2 7 8 4 3 8 3 7 3 1
336 9 1 4 6 6 4 2 6 8 1
286 9 6 1 5 1 2 6 1 6 5
538 7 9 9 5 7 6 9 9 6 6
445 9 7 3 7 6 1 9 6 7 7
452 4 8 3 2 5 7 8 6 6 9
324 7 2 9 9 2 4 1 2 8 5
391 1 9 8 2 5 4 4 5 5 8
328 9 5 2 3 8 4 1 7 3 4
15
370 3 9 2 7 9 3 5 4 8 2
382 6 9 1 5 9 4 4 7 6 3
370 4 4 3 3 1 4 8 9 9 5
315 1 2 8 2 1 7 6 1 7 5
352 9 5 4 9 3 6 6 7 1 4
343 4 5 6 5 6 4 1 5 3 8
387 6 5 6 7 4 4 7 1 5 9
282 3 2 3 7 4 1 4 8 6 4
422 9 9 4 1 3 4 4 9 8 4
272 8 1 1 8 6 7 1 6 2 1
400 6 8 2 9 1 8 8 6 7 1
298 4 6 4 5 7 6 4 1 4 1
408 1 9 9 8 3 1 9 9 8 2
355 8 3 5 3 6 4 4 8 3 5
310 1 4 2 7 5 6 1 3 5 8
15
428 1 4 7 5 6 6 9 6 9 3
365 2 7 7 2 8 4 6 9 1 3
292 4 1 4 4 4 8 3 6 2 6
404 5 6 7 1 3 7 8 6 5 5
472 9 9 7 4 6 9 7 3 9 2
284 1 9 4 9 2 1 5 1 6 5
427 2 4 8 2 4 9 9 6 8 3
279 4 5 8 6 2 3 5 2 3 4
365 1 3 1 9 9 5 8 4 8 4
361 2 2 7 8 7 8 1 8 8 2
371 7 9 3 2 2 1 3 6 8 9
464 5 9 7 9 5 7 8 4 4 8
355 3 4 5 5 8 3 1 3 8 8
264 6 4 8 7 5 2 2 3 1 3
247 4 1 7 4 7 2 3 5 1 2
15
398 8 9 8 4 6 6 7 4 3 2
283 9 2 5 6 2 2 4 4 6 2
265 6 1 2 7 3 3 6 5 5 1
342 1 7 5 7 3 7 4 4 5 5
383 5 2 7 1 2 8 8 7 4 7
275 3 7 9 1 3 1 4 4 3 3
338 1 9 8 7 1 5 1 3 5 8
276 2 3 4 7 3 3 4 2 5 7
246 8 1 9 3 3 3 3 1 2 3
317 8 1 2 4 4 7 5 4 5 3
403 8 3 4 3 1 7 4 8 9 7
318 5 2 1 3 2 4 6 2 8 9
363 8 3 6 7 6 1 5 7 8 3
384 3 6 9 1 8 6 2 3 5 9
414 4 9 3 9 6 4 6 8 4 9
15
273 2 8 3 8 2 6 4 2 3 1
346 4 5 9 7 4 4 5 7 1 5
376 3 7 8 4 9 4 4 4 8 2
316 2 8 2 4 3 7 3 6 6 3
397 1 3 7 1 6 8 7 6 5 8
377 1 2 4 5 4 8 4 6 9 6
345 6 7 1 6 9 9 3 1 7 1
497 5 7 9 4 6 7 7 3 9 8
383 4 6 4 1 3 3 9 7 7 7
366 5 5 2 9 5 3 9 9 4 3
348 2 9 9 7 6 6 1 7 1 3
364 6 2 4 7 2 6 5 9 3 9
366 3 8 8 5 2 7 2 1 8 4
409 8 3 3 6 3 3 7 8 8 9
393 1 4 7 5 4 8 9 8 3 5
15
386 5 6 3 9 2 2 8 7 8 5
356 6 3 6 8 3 9 2 4 5 7
369 8 6 8 1 2 1 6 6 6 5
297 8 1 8 6 1 5 4 4 2 4
428 2 5 4 3 1 8 8 8 7 9
320 7 9 3 2 1 5 4 1 5 4
363 2 7 6 9 2 7 1 1 7 9
422 1 8 7 2 5 7 9 9 4 3
330 9 6 9 2 5 1 2 2 4 7
315 7 6 1 9 8 4 5 1 2 6
434 9 4 8 3 1 9 5 2 8 7
278 4 3 3 3 1 5 2 1 8 6
288 7 5 1 1 4 3 5 3 2 6
398 2 3 8 6 3 8 5 8 5 6
364 7 3 5 9 8 3 3 9 4 4
15
389 8 7 6 5 4 4 9 5 3 4
508 6 6 7 8 9 8 6 6 7 7
313 5 9 3 6 2 3 5 2 6 2
267 2 5 9 6 1 1 7 3 4 1
399 7 7 7 3 1 7 2 8 9 1
249 2 2 8 2 8 4 2 4 1 1
416 2 7 6 7 7 9 4 4 3 8
345 3 1 1 5 2 8 9 1 8 9
329 7 5 7 6 4 5 7 3 1 3
393 4 7 7 1 2 4 6 5 5 9
337 2 4 6 4 8 7 1 1 5 8
331 5 5 5 8 3 2 5 6 4 7
352 8 3 5 9 8 1 2 8 5 6
273 1 9 4 1 4 7 3 1 2 3
365 5 6 2 9 9 3 2 6 4 8
15
354 9 8 5 9 2 4 2 7 3 3
357 2 2 9 1 5 7 1 3 9 8
431 9 7 9 9 8 5 7 1 3 4
292 7 1 2 5 2 5 4 3 7 3
266 2 8 1 2 5 1 6 3 4 3
377 4 1 1 8 5 8 9 7 2 7
356 6 5 4 8 6 6 6 6 4 2
450 4 8 6 8 6 8 5 8 2 8
359 5 5 3 4 4 6 2 7 3 9
307 2 2 5 9 5 2 5 1 9 3
323 8 2 1 7 5 6 3 8 4 3
335 6 7 7 6 7 1 4 6 3 2
520 8 8 7 4 9 7 9 9 3 9
471 5 5 8 7 5 8 4 6 8 9
343 3 7 5 5 5 3 8 5 1 6
15
409 5 6 2 8 6 7 3 7 9 4
319 6 6 1 6 4 2 4 4 7 4
379 5 8 1 8 6 3 6 9 1 8
342 7 7 2 9 9 2 3 3 5 3
312 2 1 2 2 1 9 4 8 7 3
380 5 6 8 1 3 4 5 2 7 7
324 8 4 1 9 6 1 2 9 3 6
316 4 6 8 7 1 4 4 2 6 3
317 5 6 6 6 5 7 4 1 3 3
363 7 6 8 8 1 4 6 1 5 6
435 8 1 6 2 3 9 3 7 9 9
313 3 7 2 7 3 1 5 5 5 5
273 5 4 6 6 1 3 9 3 2 1
424 7 9 5 1 3 6 4 9 6 6
396 7 1 6 5 5 2 9 7 5 9
15
427 9 5 7 4 5 4 8 8 5 4
428 8 3 1 7 8 9 8 6 4 7
422 3 5 6 1 8 4 2 9 9 8
388 9 7 2 6 7 6 8 4 1 7
458 6 5 5 7 9 7 7 9 4 6
300 6 9 4 3 1 2 9 3 3 1
298 7 3 2 5 4 1 9 6 3 3
372 9 1 8 1 1 9 5 8 1 8
299 9 2 8 9 1 5 7 4 1 2
388 7 4 8 8 7 9 1 6 1 5
404 4 4 2 7 9 2 8 3 9 7
280 5 1 3 1 2 4 5 3 9 2
198 2 1 1 2 2 3 1 7 1 7
389 2 5 8 9 7 5 1 5 7 8
378 2 4 7 6 8 5 5 7 7 3
15
321 6 8 6 2 5 3 5 1 5 2
255 1 2 1 5 8 5 6 1 5 2
355 4 7 3 1 1 1 9 5 5 8
301 9 5 5 8 2 3 2 3 7 1
332 3 5 9 5 1 2 3 8 5 6
414 5 2 8 9 1 9 3 9 8 7
370 6 9 5 2 7 2 4 2 5 8
313 3 8 7 1 3 4 2 2 6 6
315 6 8 3 7 2 6 1 2 4 5
458 2 8 9 9 2 7 8 9 7 5
235 3 2 4 2 1 7 3 5 4 1
322 3 5 9 5 4 2 2 6 1 7
473 7 8 7 1 2 8 7 6 9 7
419 7 9 7 3 7 8 4 3 2 8
345 8 8 4 5 1 3 6 3 6 5
15
360 8 6 3 3 6 2 6 6 4 5
350 6 4 1 4 2 3 8 9 7 4
342 6 6 7 8 3 9 2 1 3 5
445 4 1 9 1 3 9 5 8 8 8
318 3 4 2 6 1 6 9 7 2 6
350 6 3 6 5 5 2 5 9 2 6
310 2 5 6 9 2 2 5 1 9 3
315 4 9 4 8 3 2 6 5 5 1
280 1 1 4 4 7 2 2 8 6 3
423 4 8 8 8 7 5 8 6 6 2
411 2 4 9 7 7 1 4 6 9 7
433 8 1 6 3 5 7 9 6 5 8
398 7 5 1 6 7 8 7 6 4 6
235 5 6 2 2 1 4 3 8 1 1
315 3 3 5 5 4 4 6 4 6 2
15
323 7 6 4 3 4 3 4 6 4 3
327 9 4 5 7 2 5 4 3 1 7
443 6 6 5 8 6 2 8 6 8 7
477 6 4 9 7 9 2 9 2 8 9
341 8 1 7 8 6 2 4 6 6 4
395 5 2 5 8 1 5 8 6 7 8
310 7 2 4 4 9 8 1 2 4 2
266 8 7 1 8 2 2 1 6 5 1
435 6 9 9 7 6 5 6 3 1 9
400 3 5 2 4 8 5 4 9 6 7
238 5 1 6 7 5 1 2 7 2 1
237 6 2 2 6 9 2 1 2 3 2
401 3 4 8 1 5 7 9 1 7 7
376 8 8 1 2 7 4 4 2 7 6
423 6 7 5 9 1 8 8 5 3 8
15
325 2 5 6 9 4 4 9 5 4 1
404 5 8 7 5 4 9 6 7 3 3
472 8 3 9 8 9 8 7 8 1 8
369 9 4 7 1 1 5 4 3 9 5
451 8 3 9 1 4 9 9 5 4 6
335 4 5 4 9 6 7 3 5 6 2
305 7 3 7 5 2 4 4 4 7 1
392 1 8 4 3 8 5 5 2 9 7
358 8 1 9 3 9 2 3 9 1 7
387 4 5 1 8 6 7 9 8 5 1
279 4 2 4 3 2 7 2 2 3 9
244 1 1 7 7 1 5 4 5 3 2
324 4 8 1 9 3 2 5 9 5 4
458 9 9 5 1 4 9 9 7 5 3
320 3 9 9 4 6 5 2 2 5 1
15
411 3 6 8 7 4 8 6 4 6 4
409 8 4 7 7 4 2 6 6 6 7
438 8 8 7 7 9 8 6 7 4 1
371 5 1 3 1 8 6 2 7 9 7
243 3 1 9 6 2 4 1 3 2 3
350 5 3 7 4 4 5 1 6 8 4
393 7 6 8 4 1 6 3 6 9 3
377 7 3 5 8 7 5 9 4 4 3
462 9 9 8 1 1 8 9 8 2 7
334 3 4 1 4 5 8 4 7 7 3
436 5 7 3 8 8 3 9 9 3 8
349 8 9 2 1 2 9 1 9 1 4
458 5 2 6 5 8 9 5 8 7 6
300 1 4 8 6 5 7 1 6 5 1
252 6 6 4 3 5 1 1 4 3 2
15
334 5 6 9 6 2 2 2 5 3 8
312 9 1 7 6 7 1 4 5 3 2
393 8 5 6 5 5 3 8 5 8 3
405 4 7 2 9 8 6 8 5 6 4
344 3 3 9 7 6 1 1 6 6 8
433 7 9 7 3 6 2 8 7 3 7
342 5 5 8 4 5 7 9 1 1 1
263 2 6 5 6 4 2 4 1 6 1
284 4 2 8 5 1 5 1 3 9 1
357 4 9 1 1 2 6 5 8 5 5
332 4 2 1 5 8 4 3 4 7 7
360 2 8 5 7 4 6 6 2 6 6
428 5 5 8 7 5 7 8 6 5 5
274 6 8 1 4 6 1 2 1 8 1
297 5 3 6 9 4 7 3 3 3 1
15
451 9 5 8 7 4 8 9 3 9 3
280 1 2 3 9 7 3 8 3 4 2
340 3 7 1 5 8 2 1 6 6 7
352 9 2 1 7 6 2 9 2 8 5
346 9 1 3 8 9 2 4 6 9 1
498 7 2 9 7 8 4 9 7 9 7
378 1 7 4 2 2 5 9 4 8 6
403 8 9 3 1 9 2 2 9 9 1
374 8 6 1 7 3 7 2 9 5 7
381 5 7 8 4 9 6 1 2 4 7
446 8 9 8 7 7 2 9 3 6 5
337 7 4 3 2 7 2 7 1 9 2
402 9 7 9 9 1 5 8 8 1 4
436 5 8 4 5 7 6 3 9 6 7
477 9 9 7 2 4 7 9 2 7 9
15
274 9 1 3 4 1 7 5 2 5 2
325 6 1 2 8 6 7 8 2 1 6
377 2 6 8 1 9 6 7 4 2 3
408 3 9 7 6 3 3 6 7 7 6
465 6 3 8 8 5 8 9 1 9 8
342 3 9 5 1 2 9 2 4 7 1
337 2 8 6 1 6 5 8 7 1 1
240 1 8 2 2 5 1 1 7 2 5
312 2 8 3 6 2 9 5 2 4 3
441 5 5 4 8 8 2 9 4 9 9
331 7 8 3 6 8 7 2 1 4 2
371 3 7 2 8 6 1 5 5 6 9
471 5 2 9 5 9 7 7 8 6 6
344 8 7 8 6 7 5 3 1 4 2
260 8 1 1 6 1 8 4 1 1 5
15
314 5 3 2 4 9 8 1 9 1 4
398 7 2 6 3 9 9 3 5 3 8
472 8 8 6 7 7 6 9 8 6 1
338 7 1 5 8 4 6 6 3 7 1
377 8 3 5 2 5 5 4 2 8 8
371 3 9 8 3 7 3 1 9 2 6
359 3 9 7 8 1 1 2 8 9 3
239 1 7 6 6 7 1 3 3 1 2
288 8 2 5 4 1 5 2 7 5 1
368 7 4 3 9 5 6 5 4 6 5
403 7 9 9 9 2 6 7 3 6 1
492 4 6 8 5 6 9 4 8 9 9
301 4 1 8 6 2 1 7 1 3 9
274 3 5 6 1 1 2 1 6 4 7
330 2 4 6 3 8 4 2 5 4 8
15
225 6 4 1 8 2 1 4 4 4 1
411 3 5 7 7 2 8 5 4 7 9
369 7 4 5 3 7 1 5 9 7 2
517 8 9 9 7 7 9 8 1 5 9
337 8 6 3 3 6 3 7 2 3 7
348 3 7 5 1 3 8 4 6 3 6
425 9 7 7 4 2 5 9 1 9 4
435 5 6 9 7 7 5 1 9 6 6
335 2 2 2 6 9 5 5 6 2 7
379 6 8 6 4 9 4 3 2 4 6
273 4 4 7 2 8 2 4 4 1 1
401 6 8 5 2 6 7 1 5 5 7
450 5 9 5 5 3 5 8 7 9 4
337 2 3 7 8 9 5 4 9 3 1
345 7 8 3 8 4 6 1 5 6 3
15
337 7 5 9 2 5 5 7 1 3 2
391 5 8 6 1 7 6 4 4 1 9
339 6 5 4 4 2 2 3 3 9 6
308 1 8 5 2 8 3 2 7 3 4
239 2 2 4 3 5 2 2 2 5 3
441 8 8 2 6 5 6 7 7 3 9
380 2 2 8 2 1 5 6 5 9 8
322 6 4 8 1 1 5 5 2 8 1
453 5 9 2 3 6 9 8 4 6 9
370 2 4 5 8 9 9 2 2 9 1
280 1 3 4 1 6 3 4 2 5 5
304 7 1 1 8 8 4 4 3 4 5
297 5 3 2 7 1 1 7 6 5 4
384 4 6 7 8 4 4 7 5 5 7
303 6 2 1 9 8 6 3 7 2 2
15
271 1 1 8 3 2 5 1 3 2 9
406 1 8 9 3 8 9 7 3 5 1
289 2 3 5 4 1 7 1 9 2 6
449 8 8 8 8 7 6 2 8 8 3
355 9 6 1 2 9 2 6 1 5 5
338 3 4 8 6 4 4 7 9 1 3
372 2 1 5 9 7 2 8 8 8 2
359 7 4 4 7 5 5 4 7 6 4
348 4 8 2 4 8 6 7 5 2 1
360 6 1 2 8 5 6 4 3 8 8
370 4 5 3 4 9 6 4 8 6 3
438 7 8 3 7 9 3 8 6 6 6
319 7 5 5 7 5 4 2 7 4 2
278 2 8 9 5 2 1 3 1 6 2
352 7 2 4 5 8 2 7 1 4 9
15
346 9 8 6 1 6 7 1 3 1 6
381 8 8 8 7 1 7 7 9 1 1
304 1 5 6 6 2 4 4 7 1 6
426 9 5 9 2 5 7 3 5 7 5
390 7 5 6 3 1 8 5 5 8 4
363 9 6 4 8 1 8 7 8 1 3
351 9 3 2 3 5 1 3 9 9 5
367 1 7 8 2 3 6 4 5 7 6
334 7 4 6 2 2 9 2 8 2 2
433 5 7 7 4 9 7 9 9 1 1
462 7 6 7 5 8 1 8 8 4 9
280 5 6 7 7 4 2 3 2 6 1
301 2 8 7 4 1 2 9 2 3 2
300 2 4 9 7 3 4 5 6 1 3
353 4 1 2 7 5 9 5 7 4 5
15
424 6 1 3 8 9 8 7 8 8 1
304 4 5 3 9 4 9 2 4 3 2
393 5 3 3 5 6 9 2 9 8 5
313 6 4 6 8 1 6 6 5 1 2
436 6 2 7 9 8 6 1 8 7 9
337 2 6 1 5 2 4 6 3 9 8
393 9 4 8 7 9 4 1 7 4 3
421 9 8 5 6 8 3 6 2 8 3
363 3 1 6 9 8 4 4 2 9 6
431 9 5 7 4 9 9 1 1 8 5
413 6 6 7 3 9 6 4 3 7 4
460 7 6 8 7 3 8 6 9 6 6
245 2 4 1 8 2 9 1 4 1 4
401 8 7 8 7 7 1 7 2 5 6
396 9 6 2 6 1 7 7 6 9 2
15
302 6 5 7 1 7 2 1 1 6 4
329 1 7 2 6 7 8 7 4 2 3
417 8 8 3 9 8 6 8 7 2 3
330 1 5 7 2 5 5 1 5 4 8
349 5 2 4 9 5 8 7 5 4 4
311 8 9 4 3 4 6 1 7 2 1
426 7 9 5 3 7 4 8 9 2 5
385 4 2 4 4 7 8 9 6 5 4
378 7 1 1 8 1 8 6 5 8 9
369 9 5 1 3 2 5 9 7 4 6
327 3 1 8 4 8 1 8 4 5 2
350 5 4 4 8 1 5 4 9 7 5
452 6 7 8 2 3 4 7 7 8 6
392 8 5 4 2 6 3 6 9 4 5
347 1 4 1 5 6 7 8 1 8 6
15
337 4 5 1 1 6 7 4 4 7 4
274 2 8 1 6 4 6 2 5 3 3
381 2 2 3 7 9 8 9 8 6 1
356 2 6 4 6 3 3 7 9 1 9
218 5 2 1 7 6 1 5 2 1 2
377 4 9 7 8 7 1 7 1 9 2
422 2 9 9 6 2 5 7 7 3 8
350 3 2 4 8 2 5 5 9 5 6
280 4 6 4 9 4 4 2 2 1 5
347 9 8 8 1 6 1 7 2 1 5
240 1 1 4 1 1 7 2 5 7 1
246 1 4 4 3 6 2 1 9 1 2
291 4 4 5 3 5 4 7 4 2 1
331 6 8 5 1 4 5 3 2 4 7
397 8 9 4 7 8 9 1 2 4 7
15
328 3 3 4 6 6 5 9 5 1 3
325 1 6 9 1 6 5 5 1 2 5
343 5 7 9 2 8 1 1 8 1 6
328 1 6 3 1 3 2 4 7 7 8
396 5 8 6 8 8 2 8 9 3 1
319 3 8 8 6 9 1 1 8 1 1
274 1 2 4 5 6 2 7 4 2 4
411 2 8 2 5 9 5 1 6 9 9
421 8 7 6 7 5 7 1 9 9 2
285 4 3 7 3 1 3 1 6 7 5
382 3 3 6 4 5 1 4 7 9 8
465 6 5 9 3 5 7 4 7 7 8
375 6 1 3 6 3 6 7 7 9 4
304 1 9 4 4 3 7 1 8 3 3
295 2 1 4 8 5 5 8 7 1 2
15
409 8 4 3 9 7 3 9 1 7 9
278 8 4 4 8 1 6 6 5 1 1
338 5 5 7 1 3 8 2 5 5 5
347 3 6 1 6 3 6 6 7 2 7
318 5 1 5 8 4 2 3 3 8 6
387 2 1 8 5 6 1 7 7 9 6
286 2 1 2 8 2 3 6 2 7 8
339 8 6 7 1 8 4 1 5 1 6
331 4 9 4 5 4 1 3 4 3 9
339 6 3 8 9 6 2 7 6 1 3
240 3 5 2 5 5 7 2 3 1 1
467 9 6 4 5 7 6 6 4 9 7
303 3 3 5 6 5 2 8 3 8 1
301 7 9 3 4 1 1 2 4 8 3
282 2 3 3 4 3 4 2 4 9 2
15
415 8 2 1 6 6 9 9 4 6 7
295 3 3 6 5 2 3 8 5 4 2
345 9 9 2 2 6 3 4 8 1 4
413 9 7 4 5 9 6 5 6 5 2
369 2 8 4 2 4 9 1 1 9 9
320 3 5 4 3 6 7 2 6 2 4
466 9 4 8 9 9 8 7 3 8 4
407 1 4 7 2 6 2 9 9 9 3
415 3 5 8 9 6 4 2 4 9 9
326 2 5 4 6 6 2 6 5 2 8
310 4 2 9 9 4 5 2 2 4 4
334 4 1 3 5 2 8 2 7 6 6
358 5 3 8 6 3 3 5 9 8 1
393 5 8 1 1 6 6 1 5 9 8
362 3 3 8 5 3 6 5 7 6 3
15
287 7 6 2 9 5 1 2 1 5 6
382 8 7 9 2 2 3 2 7 8 3
372 1 3 4 4 1 8 6 9 5 7
366 3 6 6 6 5 6 4 1 6 7
500 1 5 9 9 9 6 7 8 7 9
466 9 5 9 1 9 8 3 8 5 4
335 4 7 4 1 7 5 1 1 7 8
455 6 8 7 5 8 8 6 5 6 4
413 6 4 8 4 6 7 9 7 4 2
361 9 4 9 1 8 1 5 3 8 2
355 2 7 1 6 5 7 9 1 8 3
292 3 1 1 6 3 5 6 5 4 6
429 8 8 8 7 5 7 5 8 1 7
420 4 9 9 7 4 7 4 9 4 4
396 9 3 8 5 3 8 7 7 1 4
15
433 1 5 9 8 9 6 7 6 7 5
356 5 4 4 3 5 7 2 2 8 6
368 4 1 8 8 4 4 9 3 2 9
301 8 1 3 9 6 4 1 5 2 7
408 5 5 9 5 7 3 8 4 5 7
285 3 1 4 7 7 3 5 3 2 8
365 7 1 4 7 7 9 5 5 4 5
310 4 1 2 2 6 1 6 8 7 2
405 5 6 1 7 6 5 4 8 5 9
421 6 6 3 9 3 6 6 7 6 9
469 6 6 9 9 8 8 4 9 5 3
370 9 7 1 3 3 5 3 6 4 8
459 7 8 9 1 5 9 8 5 1 9
391 2 3 6 1 2 6 9 8 6 7
412 9 3 8 1 5 7 4 7 6 5
15
465 6 7 7 2 4 9 8 6 6 6
352 4 2 3 5 8 2 4 5 8 8
353 4 5 8 1 1 2 5 8 8 4
310 5 2 3 2 1 9 4 3 3 9
396 9 2 6 1 9 2 3 5 9 8
345 8 4 7 1 9 1 5 2 3 8
373 3 4 6 3 3 5 9 6 1 9
402 9 6 4 3 9 3 7 9 4 2
408 7 1 8 7 9 5 1 9 8 2
328 3 6 2 3 1 9 8 4 6 2
262 5 3 6 2 2 8 1 3 2 3
422 5 2 4 1 7 9 4 8 6 7
248 3 2 2 2 1 5 6 4 3 4
348 4 1 2 6 6 6 5 7 7 3
346 2 6 8 7 3 7 5 1 6 2
15
423 7 6 2 7 7 5 6 2 8 9
318 8 6 1 4 9 2 4 2 3 5
438 9 5 5 7 9 5 4 9 8 2
438 2 9 3 8 9 6 6 3 8 6
314 1 3 8 4 4 6 6 1 6 4
381 5 1 9 5 2 1 9 8 4 9
456 9 6 2 4 6 8 5 8 5 8
358 9 9 5 1 4 1 9 1 6 3
393 5 8 5 8 5 6 2 8 4 8
396 7 7 1 9 8 8 1 6 5 8
395 2 9 9 7 5 8 2 6 5 3
327 7 6 6 7 1 8 3 5 3 2
278 2 3 9 6 4 1 1 2 4 7
355 8 8 1 5 2 9 6 4 1 7
296 7 6 5 5 2 5 2 7 1 3
15
323 9 6 2 2 6 4 4 2 2 8
286 6 2 3 9 6 8 1 8 2 1
333 8 8 1 7 4 2 4 3 7 4
408 9 8 9 3 5 6 5 2 2 8
434 7 6 1 4 9 9 2 7 9 6
376 5 7 5 1 4 4 7 2 8 4
355 7 4 2 5 2 7 7 5 7 2
377 7 6 9 2 2 2 5 9 8 1
255 2 9 2 8 3 3 1 5 1 3
373 4 9 7 7 3 7 5 1 7 3
359 6 9 6 1 6 7 2 7 1 5
379 4 7 7 6 2 4 4 8 9 1
389 8 4 1 7 8 9 9 1 1 8
417 4 1 9 9 6 4 8 6 5 9
397 8 4 2 5 5 1 9 6 7 9
15
311 9 1 3 1 2 9 6 2 1 6
298 7 6 2 6 1 4 3 1 9 1
314 1 9 9 7 7 1 1 2 4 4
325 5 3 9 1 6 7 2 6 1 5
392 2 4 2 6 9 6 4 9 6 6
362 4 8 4 4 4 9 1 4 9 3
399 3 9 6 6 7 7 8 4 2 3
255 5 2 1 1 5 2 1 1 6 9
389 8 2 8 4 9 2 8 7 4 2
295 3 3 7 2 7 4 2 6 2 4
399 5 8 6 9 8 1 2 7 7 4
363 6 3 7 3 5 5 8 5 3 5
327 1 8 2 1 1 7 8 7 2 4
379 3 3 3 9 3 5 4 7 9 8
394 9 1 4 6 8 8 2 6 9 3
15
296 5 6 4 3 4 6 3 3 1 6
368 5 4 4 6 3 6 7 5 3 7
383 9 9 3 7 2 7 6 1 7 5
408 5 6 1 7 9 7 6 7 8 1
375 9 7 9 6 3 5 7 2 5 2
424 9 3 4 8 4 6 7 5 8 8
396 9 5 5 5 2 9 3 9 6 2
497 9 9 4 6 5 5 5 8 9 8
376 4 9 8 8 7 3 1 6 4 4
433 9 9 7 2 9 3 4 3 7 7
385 6 3 9 3 1 1 8 2 8 9
388 6 1 3 4 7 9 8 7 4 3
341 1 8 5 9 8 5 4 3 3 4
276 4 2 1 2 4 4 6 2 4 7
466 6 6 7 5 3 5 9 6 9 6
15
379 3 5 5 8 4 8 1 8 4 9
285 3 1 5 3 7 1 9 6 3 1
429 4 9 9 1 4 6 5 6 6 8
294 1 2 7 3 4 4 3 3 6 6
340 5 3 8 9 6 1 4 4 4 8
292 8 1 1 3 4 3 5 1 9 2
322 2 6 5 2 6 4 9 4 2 4
277 3 5 3 4 1 3 6 4 6 1
362 6 4 1 5 7 7 7 1 4 8
419 5 3 6 5 4 6 6 9 6 7
410 7 6 6 5 1 6 8 1 9 7
300 3 5 9 8 7 1 2 4 3 3
400 2 9 6 3 1 4 4 9 6 8
375 5 9 9 4 5 8 2 6 1 4
402 3 5 8 5 4 6 3 5 7 8
15
447 9 3 6 7 3 2 8 9 9 6
366 6 8 8 7 8 2 3 7 3 3
350 4 9 4 4 6 1 6 6 8 1
376 7 5 2 3 9 9 2 5 8 1
402 7 3 1 8 8 2 5 8 7 9
415 8 6 1 1 9 3 9 9 2 9
362 9 3 5 5 5 8 3 7 3 4
306 5 9 2 3 2 7 2 4 4 2
396 2 5 8 9 9 5 2 6 9 2
255 1 4 8 6 2 1 3 1 8 2
493 6 8 9 8 5 4 9 6 8 8
315 6 7 2 3 6 4 5 2 5 1
372 4 6 9 9 8 2 3 7 5 1
329 1 4 3 8 5 7 5 6 3 7
312 8 4 2 5 6 8 3 2 6 1
15
336 8 8 6 3 4 1 5 4 5 1
268 2 9 5 6 5 7 3 1 1 1
411 3 2 5 4 8 6 8 7 8 4
364 8 9 1 3 1 7 4 8 6 3
334 8 1 4 8 8 3 4 2 5 7
411 9 5 7 2 7 9 3 2 3 9
377 9 8 4 1 4 3 3 5 5 7
402 7 3 6 7 6 4 6 5 7 5
362 9 7 6 7 7 2 7 1 5 2
216 5 1 9 1 3 2 2 3 1 1
336 3 4 7 1 5 6 5 2 3 8
389 7 3 8 5 8 2 2 3 7 9
373 4 5 4 2 9 7 4 7 5 2
426 5 3 7 9 5 8 5 3 7 9
299 3 2 8 2 7 2 2 6 3 4
15
316 6 4 7 9 4 2 5 6 3 1
434 7 2 7 3 9 7 8 6 2 7
295 2 6 1 3 1 9 1 4 9 2
403 4 9 7 9 6 2 9 9 2 3
369 4 9 7 2 9 3 1 5 8 2
398 8 4 4 9 8 7 1 3 8 6
323 2 2 8 3 3 4 9 2 1 8
438 8 8 3 1 7 9 3 9 3 7
433 2 1 9 6 9 5 7 7 8 7
328 4 6 5 3 1 3 7 2 6 8
304 6 2 5 3 3 8 3 9 1 3
404 8 1 6 3 5 7 3 7 6 9
355 9 4 5 2 5 6 2 1 6 6
338 8 8 9 5 6 3 3 4 1 3
414 3 5 5 1 7 2 3 8 9 9
15
401 1 1 9 9 7 2 6 8 8 5
334 5 6 3 2 4 4 1 1 9 7
310 7 1 6 3 4 6 4 1 4 5
399 2 3 6 6 9 3 9 2 6 9
425 7 5 6 1 9 8 5 3 4 9
325 2 4 8 1 6 6 2 4 7 2
300 3 9 2 1 3 2 4 1 9 4
310 5 1 4 2 4 2 4 8 4 6
331 4 2 6 3 3 7 2 1 9 6
332 5 4 9 2 1 2 5 6 5 6
354 2 3 8 9 5 6 3 7 3 7
372 3 1 7 4 8 4 3 3 9 9
335 4 4 5 7 2 9 5 3 5 4
423 7 8 4 2 9 2 9 1 4 9
322 6 1 4 9 2 8 5 5 7 1
15
375 6 9 3 2 9 4 7 2 3 6
233 2 2 2 2 2 2 5 2 9 2
412 2 9 2 6 4 9 4 3 9 8
292 5 2 1 3 4 3 8 1 4 7
319 5 5 4 3 7 5 2 4 5 3
380 7 9 6 8 3 9 2 4 2 6
393 6 9 8 1 7 4 1 5 8 4
333 3 8 2 6 5 9 2 5 3 4
347 7 8 1 3 8 6 3 4 6 1
458 8 9 9 5 4 7 1 6 6 8
379 5 3 7 1 8 3 8 7 5 2
343 2 5 9 8 2 8 3 5 5 2
321 7 3 5 6 4 7 1 4 2 8
335 7 3 1 2 5 5 5 5 3 8
333 1 8 7 7 1 2 4 2 8 7
15
431 7 9 4 7 7 1 6 6 6 9
343 2 1 9 1 6 9 1 4 4 6
384 2 6 5 1 3 7 7 4 7 5
344 5 3 5 5 1 3 8 7 5 6
390 8 5 7 6 6 1 4 7 6 5
228 1 3 6 8 1 1 5 1 5 3
298 3 2 6 1 2 2 8 9 6 1
342 8 7 6 4 4 6 5 4 4 1
392 8 5 8 4 6 7 3 6 3 5
349 9 1 3 4 5 3 7 2 8 5
305 8 3 4 2 1 3 5 4 4 7
364 6 2 9 5 9 2 4 2 8 4
430 7 3 9 9 5 8 5 5 9 2
377 2 5 8 8 4 4 9 4 5 5
362 6 2 4 5 6 8 4 6 2 9
15
420 5 5 6 9 8 7 8 4 3 6
317 9 5 1 5 6 2 1 1 9 5
245 4 1 5 9 3 4 1 8 2 1
402 7 5 6 5 9 9 8 2 1 3
315 3 9 3 1 3 4 5 1 4 9
341 2 7 8 5 8 6 3 1 7 1
335 2 8 2 2 4 7 1 8 8 3
406 8 2 9 9 1 2 8 9 8 3
279 7 4 1 3 1 5 6 2 8 1
375 8 3 4 3 9 7 3 3 6 6
313 2 4 1 3 9 1 7 7 6 2
424 4 8 5 2 9 8 1 8 6 5
375 9 2 4 3 5 7 7 8 5 3
364 2 4 7 8 6 4 9 3 9 1
460 9 9 5 9 2 7 5 7 4 9
15
334 1 8 1 2 4 2 5 2 9 9
311 3 2 3 8 5 7 6 4 1 8
326 2 5 1 9 5 4 9 3 6 2
294 2 5 5 2 1 4 4 1 6 9
496 6 9 4 3 9 8 8 3 8 8
287 1 6 7 8 2 8 2 2 2 3
346 5 9 5 8 6 3 7 2 1 6
331 7 9 4 8 3 9 4 2 3 1
351 4 7 8 7 9 6 3 1 5 1
405 5 1 5 1 9 7 4 9 2 9
366 2 4 1 6 6 6 8 6 2 8
440 8 9 9 9 4 3 4 7 6 4
378 8 7 4 8 5 8 2 2 9 3
483 6 9 8 6 4 8 7 3 8 6
443 3 4 6 6 8 8 3 7 6 9
15
373 8 2 2 5 1 9 3 9 7 4
311 1 2 4 3 3 7 5 5 4 8
354 3 2 2 8 7 5 4 9 4 8
408 5 2 8 6 8 6 3 8 3 8
379 5 5 6 5 4 7 6 9 3 4
410 7 7 6 7 8 1 8 7 3 4
392 3 3 8 4 3 7 7 1 9 6
355 2 7 5 4 4 6 1 7 9 2
313 6 5 9 2 4 3 1 1 9 3
447 5 8 2 4 6 9 7 7 5 7
397 3 7 5 7 4 7 7 1 7 6
428 4 5 3 5 9 8 9 3 5 7
368 9 7 3 3 3 5 8 1 8 3
363 7 2 8 3 4 3 6 8 7 3
270 9 1 7 7 8 2 6 1 1 1
15
263 2 1 5 9 1 3 7 2 6 2
380 2 7 7 8 3 2 9 7 4 6
329 1 2 2 9 5 2 9 9 1 9
457 9 9 1 1 7 9 9 9 5 1
277 6 2 9 3 3 3 4 4 2 1
310 1 4 9 6 1 7 3 1 4 8
320 7 1 9 1 5 5 8 1 2 5
407 8 6 6 3 9 4 5 5 9 1
420 9 8 4 2 9 7 2 4 4 8
273 5 4 7 4 1 3 4 4 3 2
316 5 5 4 2 8 1 9 6 1 2
227 5 1 2 5 1 2 6 3 2 5
424 1 9 7 7 5 9 8 4 7 1
416 8 7 4 5 6 8 9 3 5 2
374 3 6 9 9 7 6 1 3 6 5
15
314 7 5 1 6 5 1 6 9 1 4
398 4 7 9 1 4 5 7 5 5 5
368 1 2 8 6 9 8 8 1 8 1
334 7 2 7 1 3 6 2 2 8 5
348 6 4 5 6 8 1 2 5 6 8
388 5 5 9 2 3 3 4 8 7 6
372 6 5 2 9 9 8 4 7 2 3
392 7 5 4 4 8 2 4 8 7 5
361 5 8 8 4 1 2 8 5 5 3
309 1 5 7 8 5 3 7 2 6 2
230 1 1 1 5 1 3 9 1 2 6
329 9 6 8 6 3 7 4 2 2 2
397 4 6 8 4 8 6 1 3 9 4
300 7 6 8 1 1 9 2 1 5 1
225 1 1 2 7 5 3 4 9 2 1
15
415 9 8 5 6 1 7 5 6 4 7
496 8 7 9 1 2 5 5 9 9 9
299 4 7 1 6 1 8 5 2 5 4
447 9 7 6 7 5 8 4 6 3 9
321 2 4 8 1 2 6 1 3 9 6
359 9 8 8 3 2 4 1 3 6 7
411 9 1 5 1 2 9 5 4 9 8
264 2 2 1 4 7 8 4 2 4 1
390 6 8 1 2 8 9 5 9 2 2
391 9 9 9 1 5 5 7 1 2 4
293 4 8 2 6 1 6 6 7 1 3
402 6 4 6 4 6 3 4 5 8 8
321 8 8 1 3 2 1 9 4 4 4
389 8 2 4 8 9 1 3 8 7 5
340 8 3 9 8 4 1 5 2 6 4
15
304 4 5 8 2 4 6 2 4 1 6
363 3 6 3 5 8 3 4 8 3 7
308 2 1 1 3 7 1 8 1 6 9
422 5 8 7 3 5 6 6 4 8 6
435 6 8 1 7 8 8 9 6 7 3
355 9 5 7 9 8 3 1 1 3 8
367 2 8 7 6 3 3 8 8 1 6
409 1 8 7 4 5 7 8 3 6 5
361 4 5 2 6 4 6 9 4 9 2
354 6 3 5 1 6 7 1 9 2 6
437 1 6 5 1 9 3 7 5 9 9
364 4 6 5 9 9 2 1 2 8 7
373 3 1 4 3 5 7 7 9 8 3
354 4 7 5 7 7 5 5 5 2 4
440 8 1 7 5 9 6 6 5 7 6
15
365 7 2 3 1 4 2 6 8 9 4
390 8 6 2 4 6 8 7 4 4 3
482 4 9 3 6 8 9 9 5 6 8
370 8 6 1 1 2 6 7 2 5 9
291 5 7 2 2 6 2 4 1 3 7
341 4 7 3 2 7 9 5 1 5 2
359 3 2 8 8 2 4 9 5 5 4
270 3 1 3 6 6 3 3 7 5 1
360 7 1 3 6 8 8 3 5 6 2
411 5 1 8 6 9 9 3 8 4 6
399 6 9 4 1 5 5 6 3 5 9
319 8 3 6 8 3 1 1 7 3 9
404 8 8 4 9 4 6 1 1 8 8
427 8 8 4 1 6 4 4 3 8 9
435 1 8 9 5 9 8 9 4 2 6
15
326 7 5 2 8 2 3 5 9 1 5
420 5 9 3 4 6 6 3 7 8 7
361 8 6 2 5 7 4 9 2 3 6
293 3 7 2 8 2 1 4 7 8 2
257 4 1 8 7 2 9 2 1 2 1
343 9 5 2 2 1 7 4 3 7 6
399 9 8 3 1 6 4 3 1 8 8
339 7 9 8 5 2 1 2 1 4 9
385 4 2 2 9 8 8 5 8 5 4
312 2 8 3 7 1 7 2 8 4 2
363 4 4 5 3 7 5 7 3 6 6
440 6 5 6 5 8 4 7 4 6 9
366 5 3 1 8 8 3 5 9 8 4
203 2 2 3 4 1 2 2 9 2 2
326 2 8 5 5 1 5 3 8 1 6
15
358 5 2 7 5 7 6 5 8 2 3
375 1 6 3 8 9 4 4 6 5 6
423 6 7 2 3 8 4 8 9 8 1
444 9 8 8 8 4 9 2 8 7 1
332 9 5 4 5 7 5 4 4 4 1
304 6 2 5 3 4 6 4 4 1 7
454 6 2 9 8 4 5 6 5 9 8
337 5 9 1 2 2 6 7 6 4 4
272 3 6 3 4 8 2 5 2 2 2
281 2 8 6 6 6 1 4 4 3 1
441 5 5 1 6 5 5 9 7 8 8
309 2 8 3 9 3 7 4 1 3 5
388 3 9 1 1 9 7 2 4 6 9
335 6 2 5 3 4 1 2 9 5 7
282 1 6 7 1 3 4 1 9 2 2
15
384 5 8 6 5 3 5 9 2 8 2
423 4 9 1 4 8 5 7 7 8 3
456 5 8 5 8 5 3 7 5 8 9
367 5 6 2 8 7 8 5 2 6 2
416 9 2 8 9 6 9 1 1 8 6
420 6 6 3 6 6 6 6 7 5 8
314 6 3 5 4 3 7 5 3 4 4
367 6 9 8 4 2 7 7 2 4 1
362 3 2 9 4 7 1 4 8 3 8
339 4 9 1 7 4 4 2 5 6 6
357 4 5 5 4 8 2 8 8 4 2
257 6 4 4 1 4 4 6 1 2 2
329 8 3 7 8 3 3 7 6 1 5
254 5 3 3 1 1 2 3 3 4 7
237 1 1 2 5 4 6 6 1 1 7
15
421 6 9 4 9 3 3 7 5 8 7
324 1 5 4 2 5 6 5 4 7 1
304 9 1 5 5 4 2 5 7 1 4
356 3 5 6 9 9 7 1 5 3 4
414 8 8 2 6 2 5 7 3 8 9
388 8 7 3 9 1 6 3 6 8 5
247 1 8 6 4 4 1 2 5 2 1
331 8 8 1 8 2 6 2 1 4 8
453 6 8 8 5 8 4 7 9 5 5
430 7 1 9 3 4 8 5 8 4 9
420 8 7 3 2 3 5 4 9 9 6
314 6 1 1 6 8 6 2 9 4 4
253 4 3 4 4 2 4 1 3 3 6
254 4 1 1 5 3 3 3 7 5 2
313 4 9 1 2 5 2 5 7 5 3
15
375 3 8 5 3 7 4 2 7 6 4
444 9 9 4 9 6 7 5 3 7 6
298 4 8 3 3 6 3 4 3 3 2
424 7 2 7 7 9 5 6 5 5 8
332 1 1 2 5 2 8 7 7 6 7
431 7 9 2 6 8 7 1 8 9 4
456 2 7 8 1 4 3 8 8 9 7
285 3 4 3 1 1 7 5 4 7 1
420 9 4 9 1 8 8 5 2 7 4
355 5 9 5 6 1 2 3 8 5 5
416 8 7 6 7 7 8 7 2 4 3
363 5 9 2 6 1 7 4 6 7 3
346 2 6 9 1 4 7 4 4 5 3
353 9 9 2 5 1 5 3 1 7 8
294 6 1 3 4 5 3 4 9 1 4
15
329 6 4 2 4 8 7 1 9 2 5
343 6 8 9 5 2 5 8 3 3 1
297 1 1 1 2 2 7 8 4 9 1
377 1 9 6 1 9 3 1 4 8 6
448 6 8 6 3 8 8 7 5 5 3
402 3 4 2 6 7 3 9 9 7 7
344 7 9 3 5 2 3 2 8 2 7
355 7 8 2 5 9 1 9 3 2 5
338 5 9 4 1 6 1 6 9 4 1
395 8 3 9 3 2 9 3 8 1 8
460 9 6 1 9 8 9 2 7 6 8
303 6 4 7 7 3 1 3 5 2 6
276 1 7 1 6 7 5 5 2 3 1
441 7 2 9 9 4 5 5 6 7 9
269 1 7 2 5 1 2 7 6 5 2
15
346 5 7 4 6 6 3 8 6 1 3
248 2 5 2 3 2 1 5 9 3 1
245 1 1 1 9 4 3 6 8 2 3
372 6 3 4 2 6 2 5 3 9 7
251 9 2 1 9 2 1 6 7 1 3
360 9 1 1 3 6 4 8 3 5 8
278 2 5 6 2 2 4 4 1 9 1
401 4 9 5 4 7 7 3 6 4 7
381 2 6 3 6 8 8 4 9 4 3
363 8 7 1 8 3 1 6 9 6 5
438 6 6 2 3 4 9 8 4 9 7
382 4 2 7 5 5 6 7 6 3 6
278 5 2 8 2 2 3 2 2 7 3
258 5 3 2 8 9 1 1 4 4 4
309 2 5 3 2 1 9 4 3 4 7
15
218 3 2 1 4 9 1 2 3 4 3
473 6 7 7 1 5 7 3 9 7 9
310 8 6 8 4 2 3 1 4 7 2
395 9 5 9 7 3 9 1 4 5 5
327 1 1 1 4 9 2 3 7 9 7
457 4 6 9 4 6 4 8 7 4 9
237 1 7 2 3 1 1 1 7 4 6
334 4 4 1 7 4 7 3 1 7 7
343 9 9 4 2 7 2 1 9 1 6
309 6 6 7 7 6 7 2 4 1 2
473 1 3 3 9 9 9 7 7 9 8
342 8 7 3 9 8 4 1 3 1 7
311 1 4 3 5 2 4 3 9 7 3
319 9 4 4 4 3 8 4 2 1 6
392 1 3 5 3 8 1 9 6 9 6
