100 25
500 500 500 500 500 500 500 500 500 500 500 500 500 500 500 500 500 500 500 500 500 500 500 500 500
15
694 1 4 3 2 10 1 2 1 6 9 7 3 6 1 2 6 5 5 10 7 5 6 1 4 6
687 4 5 7 7 1 9 4 2 2 7 10 3 6 5 9 2 4 3 1 10 4 2 2 4 9
668 5 8 8 1 9 6 5 9 10 1 8 1 5 1 5 3 8 1 1 5 7 4 7 5 6
786 1 1 5 3 9 9 7 3 3 7 5 10 8 8 4 8 1 2 10 10 7 3 10 3 3
589 8 1 5 4 4 7 1 7 6 4 2 9 7 4 2 6 7 2 8 3 3 4 6 5 4
720 3 10 3 7 10 5 10 6 7 4 2 8 3 10 3 5 6 6 2 6 5 6 7 6 3
801 1 5 10 3 9 4 2 5 1 10 4 5 6 6 8 10 6 4 5 6 6 5 2 9 9
758 7 8 3 7 10 8 4 6 9 8 10 10 7 2 5 4 4 1 2 7 5 1 5 3 8
607 7 10 10 7 5 4 1 6 4 1 3 3 3 7 8 2 9 2 7 8 1 8 3 4 6
726 2 5 5 7 8 2 6 3 10 6 1 4 10 1 10 8 10 4 5 4 2 10 10 3 6
664 2 6 5 1 10 2 3 6 6 4 4 8 2 9 7 2 1 4 7 10 8 3 8 4 4
737 9 2 8 7 6 10 1 8 5 3 8 5 10 1 3 2 3 4 10 4 9 7 4 6 10
842 8 7 5 6 9 2 4 5 5 5 5 8 4 9 4 8 3 4 1 10 8 6 7 10 6
644 3 2 9 7 3 3 8 2 4 5 9 4 1 1 6 9 10 2 1 4 3 8 5 3 10
815 9 2 10 2 7 10 9 8 2 9 4 4 1 10 8 6 6 7 7 2 8 4 4 1 7
15
827 9 3 3 1 3 10 9 7 10 8 7 10 2 7 4 6 4 5 9 4 5 8 8 10 6
644 8 10 1 7 9 7 7 5 2 5 2 1 6 2 3 4 8 2 2 5 2 10 7 2 10
883 6 9 5 10 2 10 3 5 2 10 7 9 7 6 2 5 10 5 6 7 8 5 3 9 7
807 3 10 4 1 8 7 5 6 7 9 1 9 3 6 8 3 4 10 10 2 7 5 6 7 3
744 7 6 8 10 1 5 4 3 9 4 9 8 10 8 9 4 7 1 2 7 4 4 10 8 1
695 6 9 9 5 4 5 9 8 9 10 2 1 8 10 6 9 8 1 2 2 6 10 3 2 2
788 8 3 3 6 4 9 2 3 7 8 4 7 9 7 2 8 7 9 8 5 4 8 1 4 9
610 8 5 10 6 6 6 5 2 10 1 2 7 9 6 4 1 1 9 7 9 2 3 2 1 8
794 6 10 4 1 5 9 1 10 8 7 2 8 8 8 7 10 8 2 4 6 2 5 9 2 9
742 7 3 10 6 5 5 10 9 7 2 10 2 2 4 10 7 8 5 8 4 1 6 8 6 7
693 2 10 10 4 2 2 8 3 4 10 1 4 3 9 10 7 9 2 10 1 7 6 8 2 6
761 6 2 7 9 3 8 1 2 5 2 6 6 6 9 8 8 7 9 5 10 3 6 7 5 6
737 9 10 4 9 3 8 10 7 2 2 5 3 7 10 5 5 6 7 5 6 6 10 2 3 9
844 4 7 1 5 6 7 4 7 8 10 2 6 7 8 8 8 7 7 7 9 7 6 4 6 4
653 8 3 7 1 3 1 3 6 6 9 6 7 3 2 8 5 7 1 1 10 2 7 10 2 2
15
772 8 7 6 2 6 8 7 8 2 9 8 7 7 6 3 8 7 3 7 1 7 5 3 2 4
823 4 7 9 1 8 7 7 6 3 9 3 1 4 10 5 9 2 9 8 8 4 8 1 9 2
568 9 2 2 2 10 3 5 7 10 1 1 5 1 1 3 3 5 8 6 3 2 5 6 7 7
708 1 9 6 5 6 2 3 2 5 5 6 7 3 5 5 8 6 5 9 6 7 6 5 1 6
683 8 9 1 9 7 6 2 6 5 8 4 9 1 10 1 2 1 6 3 1 2 10 5 9 7
746 10 2 2 10 7 7 8 2 4 4 5 6 6 8 6 8 1 10 1 2 9 10 7 3 10
615 2 1 6 5 3 9 8 2 10 9 10 3 9 7 4 2 3 6 3 1 2 2 2 10 9
582 3 7 1 3 9 7 10 4 4 2 5 5 10 5 3 2 2 2 2 9 4 2 5 6 1
527 10 7 6 4 1 4 3 3 6 4 2 2 2 6 3 10 3 4 3 5 1 3 10 2 1
677 8 1 8 7 7 2 9 1 6 2 2 7 2 7 1 6 1 10 5 5 8 6 6 7 2
715 8 10 3 4 3 10 10 6 10 2 2 10 9 9 2 6 3 2 4 10 5 8 3 7 4
816 5 6 9 1 10 9 6 6 5 9 4 10 7 3 5 1 1 8 7 1 10 7 2 5 10
647 7 5 3 8 1 2 9 3 8 5 6 3 8 7 9 3 5 4 7 2 3 9 8 5 9
821 8 3 7 4 6 6 5 5 9 4 8 9 10 8 4 10 5 8 10 4 5 4 6 2 2
733 4 2 2 2 7 9 3 8 10 6 3 3 7 1 5 10 7 5 8 3 10 3 4 3 6
15
759 10 7 7 1 10 5 2 4 6 4 5 3 10 2 8 3 10 9 1 6 3 3 3 8 2
858 4 5 8 9 10 8 8 10 6 7 8 9 10 6 3 2 8 7 2 1 6 10 8 5 7
640 7 4 1 3 3 1 2 1 5 7 6 7 6 4 9 10 1 6 6 4 2 5 3 6 8
710 10 9 3 6 3 3 6 3 1 3 4 7 4 6 2 6 6 3 8 10 3 6 6 7 5
710 9 10 6 4 3 10 3 6 3 1 9 6 7 10 9 7 4 1 10 5 1 7 4 9 7
711 6 8 3 9 5 5 9 3 4 6 3 8 8 6 2 8 4 8 1 4 1 8 3 9 5
703 2 7 2 4 4 6 7 1 7 6 9 9 7 1 8 3 1 5 9 7 9 10 4 2 1
851 9 10 8 6 9 6 10 5 3 3 9 10 4 4 4 9 2 9 6 6 9 3 5 5 3
926 7 4 4 5 10 8 9 6 7 2 6 7 5 5 2 7 9 7 8 9 9 6 5 8 10
644 5 6 10 3 5 7 4 6 10 1 4 5 7 4 2 8 5 10 6 1 7 3 1 2 6
770 4 7 9 7 7 9 1 9 4 2 9 8 7 1 2 3 4 9 10 6 2 1 9 6 5
689 3 2 10 8 10 4 9 3 1 2 2 1 6 3 10 5 9 4 6 8 3 8 3 1 4
756 10 5 5 6 7 10 3 9 5 7 1 4 6 9 5 7 5 7 1 6 3 1 1 10 8
728 6 8 3 8 9 6 9 2 8 3 5 5 1 4 3 3 8 4 3 9 5 9 4 4 7
687 9 4 7 9 2 3 10 5 10 4 3 10 2 6 1 2 10 6 10 2 6 10 1 3 3
15
793 4 1 7 7 2 5 6 9 5 6 6 10 5 6 9 8 4 6 10 5 10 2 8 4 10
697 3 2 3 5 2 7 2 8 10 8 6 9 7 7 5 4 8 1 1 6 7 8 1 1 4
722 8 9 2 8 5 7 8 9 9 2 7 7 4 6 10 5 3 8 6 1 5 8 10 5 5
762 6 4 9 8 9 4 10 3 6 2 1 7 2 8 7 8 8 5 9 4 7 2 10 9 9
608 3 2 2 4 3 6 2 5 6 7 10 1 7 7 5 2 4 6 5 5 2 9 2 7 9
679 6 9 1 10 10 3 1 2 7 1 9 9 8 6 8 4 6 4 1 2 10 3 1 1 8
792 8 10 9 4 3 8 7 9 6 8 4 4 3 8 10 2 3 5 7 5 6 10 6 7 2
661 9 6 9 4 5 1 2 8 7 3 3 1 7 1 5 10 8 4 9 1 7 10 7 1 8
680 4 5 9 9 1 7 9 5 9 1 6 1 2 5 1 4 6 9 9 6 6 1 2 9 4
701 4 3 8 5 4 3 2 5 5 6 5 2 8 10 3 8 2 8 1 7 2 8 5 7 3
641 6 1 7 6 4 7 4 4 4 4 2 4 7 1 4 5 2 2 8 7 5 4 7 6 3
742 6 6 6 8 6 10 10 1 4 4 1 6 4 6 6 9 5 10 10 2 1 3 10 5 7
745 9 7 6 3 2 4 1 4 3 7 7 10 7 3 5 2 9 5 3 8 6 4 7 6 6
753 1 9 3 10 2 7 8 7 5 8 10 6 9 4 6 7 4 5 5 1 9 4 5 8 1
729 10 4 3 3 6 5 3 8 6 5 9 1 5 5 4 2 2 8 5 1 9 6 5 10 6
15
701 5 4 9 8 8 10 8 7 2 2 4 4 7 6 1 8 6 10 6 2 1 2 1 7 1
805 6 10 1 5 9 8 6 1 2 5 8 6 1 2 7 4 6 10 4 8 7 2 8 5 3
706 2 10 4 3 3 8 7 5 3 3 1 1 9 10 1 8 10 5 3 7 2 5 10 9 2
739 1 7 2 6 2 2 6 9 4 4 7 9 9 2 8 4 7 9 7 8 9 3 3 3 9
642 5 7 7 7 4 4 9 2 6 1 3 3 3 9 1 5 1 8 6 10 8 2 2 1 9
911 9 10 1 1 5 5 7 6 8 6 10 10 9 2 3 6 9 10 10 9 7 1 5 7 10
734 8 4 3 5 1 1 2 10 10 4 10 6 1 4 2 8 10 7 8 4 9 4 1 3 10
616 9 5 7 7 3 7 5 6 6 2 3 1 1 6 7 3 10 8 6 2 2 8 7 3 6
709 3 10 5 7 4 6 8 1 3 6 8 6 4 9 1 5 5 4 8 7 1 6 7 4 2
791 2 1 10 5 3 9 6 7 5 6 10 6 3 3 3 10 4 5 6 8 4 6 9 5 7
726 4 5 5 1 1 4 2 10 10 10 3 6 9 7 10 3 3 5 10 1 10 3 4 9 3
696 8 6 5 8 4 1 9 4 3 8 7 8 6 7 6 4 5 3 2 3 10 8 2 4 10
766 9 3 4 7 1 6 1 9 10 5 6 6 7 2 5 9 9 10 3 1 6 3 6 10 9
554 5 6 2 1 3 5 5 3 8 1 2 1 9 5 9 8 10 1 1 1 8 5 5 5 6
581 1 8 7 3 1 5 7 1 1 5 7 1 8 6 7 9 4 3 2 4 8 2 6 6 7
15
646 3 7 5 5 3 6 4 5 3 2 7 8 3 9 4 7 4 6 6 6 2 3 8 4 7
808 10 2 4 5 8 8 1 8 5 6 9 1 1 8 6 8 2 8 2 9 9 4 5 9 4
655 2 9 2 7 7 2 7 4 2 6 3 2 2 5 10 6 4 3 6 8 6 6 8 3 9
840 8 7 4 9 6 7 3 7 5 9 7 5 3 7 2 6 8 10 2 4 9 3 10 7 4
730 5 5 5 4 1 10 2 9 1 4 5 8 3 6 8 5 1 3 10 10 9 7 1 7 3
771 5 10 2 8 9 9 9 8 10 4 9 3 9 10 10 3 2 1 10 6 5 9 7 4 5
658 8 6 2 2 2 8 3 3 7 7 2 10 8 2 6 1 9 2 4 1 6 3 10 7 8
751 4 8 8 10 6 3 7 2 9 3 3 6 6 7 4 10 4 4 9 7 6 8 10 2 6
680 3 4 6 7 10 9 9 1 7 1 6 9 1 9 6 4 4 2 7 4 1 10 1 5 2
723 4 6 5 8 8 9 10 5 2 2 5 5 10 8 3 9 2 2 2 5 9 9 7 4 1
624 6 4 3 1 6 9 6 1 9 1 1 7 10 9 4 9 9 2 8 4 5 7 4 3 2
720 7 5 4 3 6 4 8 5 5 5 7 1 6 9 5 5 3 9 6 4 6 10 8 1 3
662 9 7 5 2 6 4 2 9 5 2 6 10 10 4 6 2 3 4 5 1 2 8 7 6 3
628 8 10 6 5 7 4 9 7 6 4 2 2 8 3 10 1 3 7 4 2 9 4 2 3 9
682 7 10 10 2 1 5 6 3 8 3 4 3 3 3 3 10 10 8 3 1 7 9 1 9 8
15
720 1 9 10 9 4 2 3 8 1 3 4 7 9 6 3 10 6 5 7 3 3 5 9 2 10
695 8 9 4 1 7 2 9 4 9 3 7 3 1 2 3 8 7 2 9 8 6 7 5 8 8
624 1 2 2 2 6 4 7 3 10 4 9 1 8 7 9 2 3 7 10 1 1 7 5 8 4
719 1 4 5 6 5 6 6 7 2 5 3 3 7 7 4 4 10 8 3 3 9 6 6 8 9
784 6 6 6 5 3 10 8 7 8 1 10 10 1 6 7 7 3 5 4 9 9 6 1 1 1
702 1 6 4 7 4 2 1 2 6 5 10 5 3 10 1 10 3 10 3 10 4 3 5 1 10
659 9 6 8 6 5 1 7 10 3 1 5 10 4 2 8 10 6 1 4 4 3 7 5 3 8
815 6 10 5 6 1 4 4 4 1 9 7 8 2 1 3 10 7 10 5 6 6 7 5 6 10
866 8 8 8 3 6 6 10 9 9 9 9 6 1 6 9 4 9 1 10 8 7 9 3 1 6
631 6 7 8 10 6 1 7 4 8 5 1 6 7 8 5 8 1 2 2 2 3 3 6 8 4
635 4 6 10 8 4 4 9 2 2 2 10 1 10 5 5 2 1 8 4 6 4 7 4 2 8
668 5 2 2 4 9 1 10 2 8 2 8 1 3 10 3 7 8 6 2 8 4 4 3 6 7
830 2 8 4 9 10 2 9 7 1 5 10 5 10 6 2 2 5 10 8 10 3 3 1 5 9
633 7 3 8 8 3 2 10 5 5 10 5 7 4 3 1 4 4 3 5 5 2 8 3 1 9
680 9 7 9 2 1 7 6 10 2 8 5 1 1 7 3 2 2 7 8 5 4 2 7 9 4
15
731 5 5 2 2 4 6 4 7 10 2 6 4 5 4 3 10 6 8 2 7 9 5 4 7 1
694 2 7 2 5 3 4 10 3 1 8 10 1 7 1 2 2 7 1 7 9 9 2 6 8 7
884 2 6 2 7 8 7 8 10 7 9 1 9 9 4 7 1 3 10 8 3 8 9 6 9 10
697 6 5 8 9 5 3 9 4 7 4 10 10 2 7 9 10 4 1 3 3 3 6 9 7 9
727 2 9 9 1 1 9 4 6 4 3 6 1 8 4 6 8 2 3 10 6 8 9 4 9 6
747 8 7 7 7 2 4 7 5 7 10 8 6 10 2 9 8 2 5 3 7 3 1 10 6 6
660 2 5 1 3 4 3 3 4 8 7 2 7 10 6 5 4 5 6 4 7 10 5 1 2 6
870 9 4 5 10 4 10 4 8 3 9 8 4 9 7 4 4 3 9 8 6 6 8 1 8 6
933 4 3 3 4 8 8 3 9 1 10 9 6 7 5 10 10 10 9 3 7 6 2 10 9 9
701 6 5 7 1 7 5 5 7 4 9 10 1 2 1 3 5 5 7 10 3 4 5 7 6 3
635 2 5 6 1 4 1 10 8 1 9 7 1 8 3 4 3 5 1 4 1 7 9 2 4 9
805 2 9 7 10 10 8 7 3 4 2 2 9 3 2 9 5 4 8 7 8 9 7 1 2 1
865 4 3 1 5 6 8 5 2 3 7 10 6 10 8 5 7 4 6 10 7 8 4 6 10 8
623 2 2 1 2 3 2 10 3 9 1 5 2 9 6 9 9 5 5 9 2 4 6 10 8 4
695 3 9 8 3 6 9 5 8 5 7 4 6 2 8 6 5 1 9 10 2 3 5 2 4 8
15
614 4 9 6 1 6 1 4 9 4 2 10 6 2 6 2 1 5 1 1 6 6 3 8 8 4
588 1 10 4 4 8 5 1 7 8 3 1 3 3 5 2 10 3 8 2 1 4 6 4 5 3
770 7 5 6 6 9 8 6 7 4 9 8 3 6 6 1 9 4 8 9 1 1 9 4 2 9
863 9 6 2 3 9 1 7 2 2 6 2 8 3 10 2 7 7 7 10 10 9 10 2 6 9
712 8 5 3 7 3 4 4 10 9 1 2 7 7 1 1 5 8 5 4 4 9 5 10 9 7
622 8 1 9 3 3 4 9 8 3 3 8 3 8 2 5 2 8 4 1 8 4 10 5 2 7
782 1 6 1 2 10 8 6 6 8 8 8 2 5 5 5 6 8 7 4 9 2 3 5 8 8
878 3 8 6 8 9 7 9 10 9 8 10 5 3 8 9 7 6 6 6 2 5 3 10 7 3
662 5 10 5 9 10 6 2 5 10 7 5 1 4 4 3 6 7 3 6 2 1 2 3 6 9
772 8 10 1 9 1 8 10 9 4 10 7 8 3 3 7 1 6 5 4 5 4 5 5 9 3
816 8 9 6 8 1 1 9 8 3 10 1 2 8 9 2 4 4 7 7 9 9 9 5 3 8
616 10 5 3 1 9 4 3 4 1 1 10 2 1 10 4 8 7 8 1 1 1 5 6 3 4
490 1 8 2 1 2 8 1 4 8 5 2 3 3 1 1 3 9 1 1 5 2 7 10 2 3
643 4 2 4 8 2 8 2 8 5 1 1 1 2 8 3 2 2 9 5 10 7 4 9 5 5
778 8 4 10 1 6 10 8 4 7 10 7 10 6 5 8 8 5 1 1 6 1 3 5 7 7
15
587 4 1 10 4 2 1 4 4 8 3 2 5 6 7 10 5 8 6 1 4 5 3 3 9 7
844 10 5 10 3 9 7 1 3 8 2 3 9 1 8 10 3 7 7 6 10 8 10 1 7 1
687 2 1 9 5 7 4 6 9 5 8 10 4 4 3 9 5 1 2 10 6 4 1 2 9 4
917 8 3 5 8 6 4 10 1 10 7 10 8 10 9 4 10 7 10 4 4 8 8 10 10 2
785 8 9 1 8 9 7 5 3 8 3 6 5 5 5 2 6 4 10 2 7 7 5 4 7 7
624 6 2 7 6 2 8 2 6 10 5 4 10 3 5 8 5 6 8 4 1 3 1 4 7 6
831 8 7 10 8 7 8 3 4 4 1 4 7 9 6 6 6 10 10 5 9 5 8 2 10 2
630 6 7 2 5 5 3 4 3 3 2 7 4 9 4 6 6 9 1 8 3 8 4 7 2 7
666 1 1 9 4 2 9 10 1 5 1 2 3 8 6 9 3 10 10 7 6 8 2 3 4 3
732 8 4 10 7 3 9 2 8 1 1 1 10 9 7 5 10 1 8 5 2 4 10 5 3 4
724 2 8 3 4 3 9 9 1 10 8 2 8 4 5 9 10 3 6 9 4 4 1 6 6 10
754 4 10 4 8 5 5 3 1 9 5 4 10 8 10 1 9 7 6 8 8 9 1 4 1 4
843 4 4 10 4 6 6 7 7 7 7 3 4 1 4 7 6 10 6 5 10 6 8 1 9 4
780 5 5 7 3 2 6 2 5 9 7 9 9 2 7 3 10 10 2 6 6 8 6 10 2 7
855 9 5 8 10 10 9 8 10 3 6 7 1 7 1 4 1 8 9 1 5 8 9 3 5 8
15
742 2 5 1 4 8 1 4 9 7 1 8 10 6 8 1 9 7 7 9 6 5 2 5 3 4
789 2 1 10 2 7 9 1 6 8 7 1 7 5 5 2 9 7 10 5 1 5 7 5 9 3
619 2 9 3 4 3 4 2 9 3 1 6 1 4 9 7 3 10 9 4 1 3 7 4 2 6
805 8 5 10 3 5 9 1 9 1 10 4 1 8 8 9 9 9 6 5 4 5 6 9 2 1
834 4 6 8 5 2 7 6 4 7 9 1 8 3 9 5 10 1 9 9 3 8 7 7 8 3
638 1 1 1 8 1 2 2 1 9 4 9 5 5 10 1 4 5 7 5 6 8 2 10 9 2
810 7 1 9 2 7 4 2 6 3 9 4 10 5 1 8 10 7 4 4 5 4 9 2 7 8
743 6 3 1 1 10 9 5 3 6 8 6 1 9 2 5 8 8 9 4 5 2 10 5 1 6
793 5 10 8 7 8 9 1 8 7 7 4 4 10 5 3 7 4 5 1 5 6 3 4 4 8
613 4 9 3 4 5 1 9 1 8 4 1 6 9 8 2 5 2 3 10 6 3 8 7 8 4
814 3 9 3 10 4 6 7 5 1 9 5 7 9 7 10 3 6 5 1 10 10 7 10 2 6
713 5 6 9 6 2 6 8 4 6 1 6 8 2 1 1 3 4 10 9 2 5 10 8 6 7
791 7 4 9 7 3 8 1 10 6 1 4 2 1 4 10 6 7 9 1 8 9 2 5 10 6
687 4 1 2 4 10 5 4 6 3 1 9 5 1 8 9 10 4 8 3 3 2 8 1 7 1
647 8 3 6 9 9 8 7 1 10 2 7 9 3 1 6 1 2 9 1 2 3 4 9 9 3
15
891 6 8 10 7 4 10 8 5 9 3 9 10 4 2 6 7 1 3 8 8 8 10 7 10 3
766 7 2 4 1 6 3 10 6 1 2 9 9 8 8 4 2 9 6 2 9 3 10 8 7 2
738 4 2 1 8 6 3 6 10 7 10 10 1 7 9 9 5 8 8 4 8 1 2 3 1 3
819 2 3 1 2 5 5 9 3 5 8 8 2 3 8 5 9 7 10 2 3 9 9 7 10 10
769 6 9 1 2 10 2 9 9 4 2 2 5 5 10 8 6 8 8 1 4 5 9 7 5 10
674 10 3 4 8 4 3 1 9 7 4 8 5 5 5 3 1 9 7 4 3 8 10 2 1 1
847 1 7 7 5 10 8 2 9 2 2 6 4 4 4 5 9 10 3 7 10 5 6 8 5 8
763 4 8 10 1 9 3 6 1 10 7 8 8 8 6 8 7 6 4 9 6 3 9 7 1 5
899 10 8 5 10 1 8 5 10 7 5 6 8 4 8 5 10 8 7 10 7 9 2 8 4 3
806 1 1 6 3 10 10 2 9 8 4 3 1 1 2 2 10 6 9 5 6 8 9 6 6 10
768 3 7 7 8 10 2 5 5 8 9 6 8 8 2 2 9 5 6 3 2 2 5 3 7 5
728 8 6 2 4 6 3 10 7 3 10 7 6 2 8 9 1 6 10 8 1 7 3 8 3 1
629 6 10 4 4 1 1 3 3 7 10 8 4 4 9 6 1 7 4 6 2 9 3 7 5 1
735 5 8 1 3 3 2 5 10 3 7 5 8 2 5 10 6 3 2 3 5 9 5 10 10 6
627 5 7 6 1 7 2 4 4 10 6 6 7 9 2 7 6 3 5 6 5 2 3 7 1 5
15
719 7 8 3 9 6 5 3 2 9 5 9 1 9 7 10 9 9 1 6 10 1 5 4 1 8
690 5 2 10 3 10 3 5 5 10 2 5 4 1 6 7 5 7 8 8 4 3 9 4 8 6
717 5 8 10 10 5 6 3 6 2 2 6 6 10 9 3 7 10 10 2 1 1 10 1 6 4
864 4 4 4 10 3 10 7 6 6 9 7 10 2 4 8 6 7 5 7 5 10 2 5 9 10
553 9 9 10 4 10 1 8 2 9 2 7 1 8 7 10 2 3 2 3 4 3 5 5 2 1
932 7 5 9 2 7 8 9 7 9 6 4 6 4 3 1 9 6 10 7 10 10 10 3 4 5
553 3 4 10 7 4 1 8 5 8 4 7 3 5 8 3 3 2 1 7 1 5 5 6 4 8
715 7 6 10 3 3 5 2 4 9 9 6 3 10 4 5 5 3 1 9 7 4 7 7 6 2
614 1 1 8 7 6 2 4 4 5 2 2 9 9 4 5 5 4 1 5 9 7 1 2 1 1
726 2 1 3 10 4 8 3 1 8 8 4 5 10 9 9 6 8 3 6 8 1 5 3 9 10
857 1 6 3 6 10 9 1 9 10 4 10 9 7 2 3 8 3 6 7 7 8 2 9 8 3
740 6 5 3 1 8 5 9 10 7 3 3 3 10 4 8 3 6 7 6 1 10 4 2 10 6
817 3 10 1 7 1 1 8 2 3 8 2 4 10 7 9 7 9 6 8 8 9 7 7 7 7
569 3 5 6 9 2 3 3 3 9 4 1 6 1 4 3 3 8 3 2 2 3 9 9 6 9
798 8 3 8 3 9 10 6 3 6 6 4 8 9 9 9 2 5 5 6 5 6 5 10 4 9
15
667 1 5 7 3 2 8 8 9 7 4 8 7 6 3 4 7 1 7 9 10 2 3 2 3 2
699 3 7 7 3 2 7 6 8 1 3 8 4 4 8 9 2 6 8 6 1 5 10 5 10 4
861 10 8 1 3 7 4 5 7 7 8 8 6 6 5 9 8 5 9 9 8 3 7 6 7 5
789 10 6 8 8 1 7 1 3 8 7 3 7 6 4 4 8 4 10 10 7 9 4 2 1 2
686 4 5 7 9 7 6 6 2 10 9 6 6 9 9 8 7 7 1 3 1 1 4 4 3 10
840 6 8 1 8 1 9 6 6 1 9 8 1 5 3 8 9 8 10 4 5 1 8 9 6 7
833 5 9 7 8 2 5 10 8 4 10 6 6 1 6 8 3 3 9 10 5 4 8 7 5 9
703 2 7 3 7 10 6 5 7 7 3 6 2 10 9 8 7 7 4 5 7 1 4 1 6 5
754 5 8 1 10 9 4 8 10 10 2 7 9 7 4 8 5 3 3 2 5 2 2 9 9 9
767 3 9 4 10 8 6 7 3 10 4 9 4 5 9 8 2 10 4 2 2 10 1 8 4 6
870 9 4 3 8 3 3 10 7 7 10 8 4 9 8 1 5 6 9 3 10 6 9 6 3 7
618 8 2 7 1 3 9 1 3 1 7 6 5 1 9 1 1 2 8 5 2 9 3 3 6 1
658 6 10 3 6 3 5 6 10 5 7 6 3 6 6 2 2 8 2 6 2 9 3 5 2 8
712 7 3 7 3 2 9 2 2 7 4 9 9 10 9 5 2 4 10 5 6 4 7 8 1 5
523 4 6 1 2 2 1 6 6 1 2 8 4 3 6 8 8 2 2 5 4 5 2 2 2 7
15
640 8 4 2 8 7 5 1 7 5 3 9 1 1 2 10 2 1 7 3 6 1 8 10 4 2
691 1 2 7 6 3 1 9 5 4 6 3 4 10 10 6 2 10 8 7 1 10 3 8 1 2
704 10 3 9 9 3 10 1 4 10 1 10 9 8 3 1 7 1 3 1 9 6 3 8 7 10
543 2 9 9 4 6 7 2 3 6 6 1 3 2 10 9 1 3 2 5 5 1 2 6 5 9
732 7 9 9 6 7 4 3 10 2 6 7 4 4 2 7 1 1 3 3 1 8 8 8 10 3
736 3 10 7 7 1 2 3 1 10 7 6 8 1 5 4 9 6 8 4 7 7 3 5 7 1
721 6 7 8 4 9 6 1 1 1 7 8 4 4 7 2 3 4 6 9 3 10 7 4 1 3
685 3 7 5 10 2 3 6 8 10 5 4 2 9 4 3 8 6 9 6 3 1 7 5 9 7
767 9 9 4 6 2 2 10 5 6 10 9 5 3 3 4 3 10 4 4 5 9 8 3 7 7
773 6 9 7 5 8 10 7 8 10 5 3 5 9 9 8 5 7 6 2 2 8 2 8 8 9
717 8 3 3 4 10 8 9 5 10 5 7 1 1 2 9 7 8 4 1 6 4 5 4 9 4
737 3 9 10 10 5 7 10 6 6 10 4 1 5 9 7 7 3 3 8 2 4 9 6 7 5
777 5 7 3 3 5 5 10 5 7 2 10 9 2 7 9 8 10 5 6 4 9 8 2 10 4
708 4 7 3 2 5 9 8 5 7 7 8 1 7 2 8 9 9 4 3 3 1 9 3 4 4
592 8 10 4 2 10 1 3 2 2 4 2 7 1 3 7 2 4 8 3 2 1 10 5 7 8
15
628 7 10 10 10 1 8 1 1 3 4 3 4 7 1 6 7 1 2 7 5 4 3 10 9 9
897 5 8 9 4 10 10 4 7 8 5 6 9 7 2 2 9 10 5 6 6 3 9 6 6 4
829 9 1 8 6 8 7 1 3 6 6 1 4 7 2 7 6 9 7 10 10 3 8 3 3 8
842 8 8 4 9 3 3 9 6 1 10 10 7 1 4 4 3 6 3 5 9 9 1 8 10 7
873 8 4 2 10 7 10 10 7 10 5 9 1 7 6 9 1 10 6 1 10 6 8 3 10 4
702 10 2 7 10 6 7 10 7 10 3 3 6 10 7 8 5 5 8 8 2 4 4 6 2 2
832 5 2 10 8 9 10 2 2 9 4 3 7 8 6 5 5 10 7 9 10 5 1 2 1 4
692 4 2 2 9 2 7 1 7 10 7 6 1 7 5 6 5 8 2 3 4 10 5 4 1 7
584 7 7 2 5 1 9 6 5 3 5 5 8 1 10 4 1 10 4 8 2 2 5 8 1 5
831 5 8 4 3 7 8 7 6 5 10 2 10 4 3 7 1 2 10 8 4 8 3 3 7 10
597 3 7 8 3 5 1 3 2 4 8 3 3 4 6 8 9 8 4 5 1 3 1 1 8 4
800 3 1 8 8 1 9 4 4 6 7 8 5 4 8 9 9 4 6 8 4 8 1 10 7 5
701 4 3 9 6 10 5 1 3 6 1 6 9 6 3 8 5 3 5 6 3 2 7 6 8 4
678 8 9 10 5 5 1 3 2 3 4 2 3 8 2 8 5 6 2 7 8 2 10 8 8 10
726 5 6 2 1 9 6 6 10 9 7 4 1 3 6 6 3 8 4 8 10 1 3 7 3 7
15
849 5 2 1 10 7 9 4 9 6 6 4 5 4 8 5 2 7 4 9 10 10 3 2 7 6
661 1 10 1 4 4 9 7 4 4 3 1 10 1 2 4 7 2 6 1 5 10 9 1 9 8
735 10 10 10 2 2 2 10 7 1 7 4 3 1 8 8 2 10 8 10 8 3 4 8 5 6
693 1 5 7 2 1 7 5 3 6 4 9 8 2 8 10 2 6 4 8 4 7 8 10 10 9
748 9 6 2 6 3 4 2 10 10 9 1 2 10 1 5 6 9 4 4 2 10 2 10 4 6
795 9 7 9 4 5 10 4 1 3 7 5 5 7 8 5 10 3 6 5 6 6 2 9 2 5
714 9 9 8 4 6 9 5 5 1 6 3 6 5 8 4 10 5 2 8 2 5 8 7 1 8
643 1 6 1 1 4 5 1 8 9 6 6 4 5 10 2 7 1 3 7 3 10 6 1 6 1
676 1 9 2 1 9 5 10 8 5 10 5 1 10 7 8 8 1 1 1 4 4 5 5 9 4
595 10 5 5 5 4 7 8 2 6 5 3 2 4 7 7 3 5 1 3 8 1 8 1 5 5
788 1 8 8 2 8 6 1 9 7 8 1 4 2 5 2 2 6 9 10 10 2 7 10 7 8
767 9 6 5 8 5 3 4 10 2 6 1 10 7 3 5 1 9 10 3 10 8 1 8 2 5
694 1 7 8 8 1 6 2 9 4 2 3 10 10 9 9 5 7 9 3 3 2 8 8 4 3
546 2 2 7 3 2 3 2 4 2 6 3 2 10 10 1 1 4 3 1 10 8 1 2 5 6
880 10 2 1 2 8 6 6 6 6 8 4 8 10 1 7 8 6 7 8 4 6 8 7 9 10
15
816 5 5 5 8 9 6 6 4 4 10 10 3 4 9 8 7 1 10 1 6 3 1 6 9 10
941 9 4 7 3 10 1 9 10 2 7 9 9 8 10 9 2 7 9 9 10 6 2 1 8 8
715 7 10 6 1 7 6 10 8 3 3 5 6 7 3 7 4 7 2 6 1 8 9 9 8 3
891 7 9 3 10 7 7 7 4 1 10 10 4 8 6 1 9 9 5 9 2 8 5 3 8 8
663 1 1 10 3 6 1 8 1 4 6 10 9 4 3 7 6 2 3 6 8 1 4 4 2 5
578 3 8 10 6 4 8 3 1 4 1 3 2 4 7 8 7 3 2 10 5 3 4 2 7 10
651 6 9 8 4 5 9 9 8 5 4 4 1 1 4 10 10 5 2 1 1 10 2 3 7 6
799 9 9 5 9 7 6 8 9 6 6 1 10 3 2 5 9 10 2 4 1 8 3 7 1 8
692 9 4 7 10 2 6 2 5 9 1 3 4 7 9 3 4 3 8 2 10 9 6 9 3 7
521 1 6 6 8 2 9 1 7 9 1 1 7 5 9 1 1 3 1 7 1 6 6 6 5 7
736 9 9 10 4 3 3 6 4 3 5 10 9 9 2 4 9 6 2 7 8 2 4 10 5 5
917 10 9 1 10 4 7 1 7 4 8 8 9 10 2 3 4 5 10 10 4 6 10 6 10 8
745 4 2 7 8 9 3 9 6 9 1 8 1 10 6 5 6 6 8 6 3 9 5 3 1 4
765 7 4 7 8 4 6 7 7 3 10 4 8 6 5 6 7 2 4 2 10 2 1 3 6 2
756 1 5 5 10 4 2 7 10 2 7 1 7 8 2 5 6 10 6 10 8 1 8 8 3 2
15
803 2 8 7 1 7 5 3 8 2 9 1 10 7 8 8 10 7 1 7 10 3 10 3 1 4
687 7 2 6 4 3 2 7 6 7 9 3 2 8 6 3 4 4 3 7 7 3 2 10 9 5
727 9 1 9 7 5 5 9 4 1 9 3 1 4 6 5 9 5 8 9 1 3 9 10 6 6
520 9 7 1 2 3 2 2 4 10 8 1 8 3 10 6 5 2 1 8 1 1 10 7 3 1
657 2 5 1 4 2 8 4 8 8 2 7 5 3 6 4 9 9 8 7 9 4 1 2 1 5
653 10 8 10 3 5 2 4 5 9 2 10 9 3 7 6 3 3 5 6 1 6 4 10 5 7
714 10 9 10 8 7 3 2 3 1 8 3 2 8 5 3 1 8 7 2 3 3 6 9 5 2
662 2 1 6 8 1 3 6 5 2 6 10 7 4 3 3 8 3 7 3 2 6 2 3 7 6
640 10 1 5 1 2 4 10 6 1 1 4 5 2 6 2 6 3 3 6 8 7 2 7 9 6
659 6 8 4 1 4 1 2 8 8 4 10 1 9 3 3 4 8 8 6 8 4 3 2 2 10
827 9 4 3 4 10 5 5 4 4 10 5 9 10 3 5 4 8 9 1 7 1 5 6 9 2
743 4 6 10 2 8 8 5 2 8 4 5 2 7 9 2 9 6 9 3 2 5 6 9 6 8
707 3 2 8 2 8 7 4 10 3 6 3 6 2 9 9 6 2 3 4 3 5 6 9 4 8
870 4 10 6 7 8 6 8 8 10 9 3 2 10 3 2 10 7 5 5 9 5 8 5 6 3
804 2 8 6 8 9 2 8 4 6 3 9 6 6 3 7 1 10 10 9 5 7 5 4 5 2
15
721 5 6 5 1 6 6 10 5 6 5 2 9 3 6 9 2 5 5 2 6 9 5 3 9 1
648 2 7 7 1 6 4 10 6 8 10 4 3 10 1 1 10 4 2 6 1 9 3 2 1 10
740 7 10 3 1 6 6 9 6 7 8 10 5 4 3 3 8 10 1 8 3 6 2 4 4 6
771 4 6 4 2 8 10 3 7 1 3 4 2 3 8 4 7 10 5 4 8 9 3 10 8 6
745 9 6 9 6 10 8 10 3 1 5 4 6 1 3 8 5 10 8 3 2 4 8 3 3 10
567 2 6 8 3 3 1 6 4 1 7 9 3 1 4 7 7 8 5 6 3 1 1 5 2 8
695 1 5 4 7 5 9 4 5 1 2 9 4 8 3 2 2 7 8 1 6 8 2 2 3 5
762 8 3 4 7 6 7 9 4 3 7 8 3 4 7 4 10 4 7 8 7 2 4 4 4 7
741 6 7 2 7 4 2 7 8 8 10 6 4 10 4 4 9 7 2 9 3 7 2 6 6 1
669 6 10 8 10 1 10 3 3 10 8 7 2 8 2 3 2 6 1 3 5 2 1 5 8 4
678 2 10 1 8 3 3 1 5 9 4 8 10 5 9 10 4 10 8 6 1 1 3 9 4 9
648 1 6 9 10 8 4 9 1 8 1 5 1 4 10 6 6 5 1 8 9 5 1 1 1 5
635 2 10 6 2 7 2 2 10 4 2 6 4 5 4 1 3 5 6 2 9 6 3 3 3 9
644 8 2 5 1 6 8 6 6 1 10 6 3 3 7 1 7 1 2 3 6 4 2 10 2 6
671 10 6 9 3 9 3 4 5 4 1 2 2 10 5 9 6 9 7 2 8 3 4 1 5 6
15
705 5 4 8 6 1 4 5 1 5 7 7 9 10 7 2 3 1 3 8 7 8 10 6 9 9
689 10 9 4 6 3 10 8 3 1 4 2 3 1 4 5 6 9 2 10 4 8 8 7 1 9
619 9 5 3 5 2 6 5 9 9 2 3 6 5 1 7 1 9 7 6 4 3 2 8 4 8
529 8 2 3 1 6 3 1 2 3 1 8 4 9 9 1 2 2 2 6 3 10 4 4 2 4
662 5 2 4 2 1 7 9 10 8 1 4 3 4 3 9 10 10 7 6 6 2 7 3 9 1
988 1 9 5 10 9 6 3 4 1 10 10 10 3 7 8 10 7 9 1 10 7 3 10 7 5
841 5 7 1 4 8 2 4 6 8 7 6 7 10 6 10 9 4 7 7 7 8 9 5 1 4
679 1 3 5 6 8 5 4 7 5 6 2 2 2 2 5 4 1 6 10 5 1 9 10 6 8
690 3 10 3 6 7 1 8 9 7 6 1 3 8 8 7 3 1 7 2 5 5 10 4 3 6
649 10 8 10 1 4 6 9 2 9 2 3 5 9 4 3 2 9 6 8 6 6 2 1 8 3
807 5 7 2 7 3 4 6 7 7 9 8 5 7 10 7 9 8 3 5 7 10 6 4 1 4
709 7 7 6 3 8 3 4 2 9 2 7 10 5 2 2 5 8 10 7 3 2 2 4 2 8
594 10 2 6 3 5 4 10 6 1 3 9 1 1 5 9 4 7 8 1 2 1 3 2 7 1
679 3 5 10 8 4 5 9 10 5 3 7 6 5 2 6 1 10 3 2 3 9 5 4 2 2
798 10 6 7 6 1 10 9 6 3 3 1 2 2 9 9 6 9 10 9 10 7 10 8 2 2
15
787 3 7 6 5 6 8 6 9 4 10 8 6 2 9 1 3 1 6 10 8 8 1 7 5 4
663 9 5 1 5 2 1 6 5 4 8 6 5 8 5 6 2 1 8 8 8 1 10 2 6 9
801 4 4 7 4 3 4 7 5 1 7 7 8 5 4 3 10 10 10 5 5 3 6 8 4 8
680 10 5 3 10 7 8 10 5 2 7 5 2 5 3 3 2 3 9 4 4 1 6 5 4 3
580 7 9 8 3 1 1 2 2 9 9 5 8 1 1 1 3 2 3 10 3 4 1 8 4 3
673 8 8 8 3 9 10 5 8 3 7 2 2 8 1 5 1 1 9 1 1 8 1 3 6 10
700 2 3 8 4 1 1 1 6 7 10 6 8 9 10 2 1 6 3 6 8 7 3 9 3 9
778 1 1 2 3 8 8 9 6 6 7 9 2 7 7 6 3 4 3 3 7 7 3 9 9 10
688 3 5 6 4 9 3 3 6 10 2 1 7 2 4 10 4 1 6 6 9 8 7 5 1 3
820 10 4 8 10 4 7 3 4 5 10 3 7 7 3 7 7 10 10 5 4 1 9 6 5 6
858 3 9 6 3 6 8 9 6 3 10 6 1 8 8 10 3 10 6 10 8 7 9 2 9 6
682 2 8 8 4 8 2 9 9 2 1 3 6 6 1 6 5 9 4 1 8 10 1 9 5 3
829 2 4 2 3 8 3 6 4 3 1 9 4 9 5 6 8 4 4 9 9 10 10 10 7 9
958 3 4 10 4 9 7 10 9 9 3 10 8 8 4 6 7 4 8 7 10 10 7 10 10 10
741 6 2 5 10 6 5 1 9 8 9 1 9 10 8 6 7 2 2 4 2 8 4 7 10 3
15
749 8 3 10 7 8 3 3 9 4 10 2 9 10 4 5 7 3 7 7 2 3 6 4 3 8
724 4 5 3 3 6 7 10 7 1 7 1 9 4 5 2 4 10 6 2 6 1 6 1 7 10
732 1 8 2 3 4 6 4 1 9 9 10 7 4 2 10 7 5 2 6 6 2 8 9 4 7
714 5 7 3 2 6 2 1 3 6 9 10 1 8 1 8 5 10 10 6 8 2 2 8 2 7
690 3 3 3 1 8 10 4 6 4 6 3 7 3 3 6 4 1 7 2 9 3 5 7 8 8
696 3 7 10 5 6 9 1 7 2 5 3 4 9 3 6 9 9 1 2 3 4 2 1 9 9
786 2 5 7 3 2 8 9 4 1 6 10 9 10 7 4 8 10 9 7 2 3 7 3 5 6
753 1 2 9 9 2 8 7 1 9 6 3 7 9 2 7 3 9 10 7 1 4 9 7 7 3
738 4 1 10 6 3 6 8 5 1 3 3 1 7 9 8 8 8 1 8 9 10 8 10 3 2
677 4 2 6 4 3 2 10 8 8 4 1 10 1 9 6 6 9 2 2 9 6 5 2 10 2
763 9 8 5 4 4 8 5 6 9 3 6 1 9 8 10 2 7 8 9 6 10 2 10 5 6
679 6 3 3 4 3 8 9 8 6 4 10 6 3 8 1 6 6 2 4 6 7 1 6 9 2
722 1 10 9 10 9 1 9 3 9 3 5 10 1 4 3 10 7 1 8 2 8 1 5 9 5
787 7 7 8 6 5 7 3 7 2 6 7 8 2 3 3 2 4 7 5 9 10 7 3 2 7
692 4 9 1 2 1 6 4 8 8 3 8 9 3 4 5 6 5 9 4 1 5 4 3 10 4
15
843 10 3 10 6 3 5 10 10 3 10 9 6 4 1 5 6 10 3 10 10 1 4 9 10 6
580 2 6 7 9 3 6 1 3 10 4 8 2 2 7 4 9 3 3 4 3 1 6 3 4 10
760 2 3 4 5 8 5 1 3 4 10 7 3 7 3 7 5 3 2 10 8 5 4 7 10 7
586 5 10 2 2 4 4 3 1 2 6 1 5 10 10 5 2 5 3 2 1 10 7 9 9 2
788 8 7 5 2 5 4 5 9 5 10 5 10 6 3 1 3 5 9 5 1 5 3 2 10 10
815 5 7 7 1 1 10 10 8 9 6 8 5 8 8 8 8 10 5 1 8 10 2 4 9 6
739 7 10 10 2 3 9 9 6 4 9 5 2 8 10 2 4 2 1 1 10 6 6 4 9 9
852 1 10 1 10 7 9 5 9 10 8 3 8 9 8 6 6 5 3 2 10 5 3 5 5 7
756 6 10 5 9 9 6 9 7 6 5 3 3 5 10 4 3 5 10 1 1 9 3 10 2 2
794 4 2 7 10 7 2 1 5 9 9 9 7 8 2 4 7 2 4 1 5 10 8 3 5 7
553 1 5 4 9 1 4 3 9 4 4 1 5 4 6 4 3 9 1 3 3 3 6 2 3 8
734 3 2 9 2 8 3 8 9 10 10 1 7 8 6 6 7 5 2 2 1 7 7 5 9 9
839 5 1 6 6 9 6 10 2 4 6 5 8 6 9 9 8 5 8 6 10 5 10 2 4 5
691 2 2 1 1 7 3 10 5 7 4 2 8 4 10 6 6 3 3 10 8 5 9 9 6 6
500 3 6 8 4 5 3 6 3 2 2 2 9 8 1 2 5 2 4 7 3 1 3 4 3 9
15
669 5 5 2 8 5 6 9 1 2 7 1 9 8 3 10 3 7 6 7 7 1 1 4 1 8
787 9 2 7 9 4 1 7 7 4 1 7 6 10 4 9 6 7 3 3 7 10 9 7 9 8
838 5 2 3 2 1 9 10 3 4 10 10 5 9 10 1 3 6 5 6 10 7 10 8 3 9
660 1 7 1 1 7 6 6 2 3 7 7 1 6 10 1 10 8 7 1 4 1 3 8 1 5
716 4 2 5 2 8 5 4 2 9 2 1 4 1 8 10 5 10 10 9 7 4 1 7 6 8
777 5 10 8 9 4 1 1 8 4 4 5 2 5 1 5 5 7 10 7 10 9 10 4 5 3
807 3 1 7 7 9 10 10 9 10 6 1 3 1 5 3 8 4 10 3 10 2 4 6 1 9
931 7 1 10 10 4 10 8 10 5 9 8 7 10 4 5 8 4 5 9 5 6 10 2 6 6
760 5 8 1 5 10 9 6 2 1 5 1 1 6 1 6 1 7 10 1 9 4 10 7 2 9
684 3 3 9 3 2 9 9 9 7 10 7 9 1 4 4 2 8 7 8 1 2 1 9 6 1
633 7 2 10 4 6 8 1 1 2 2 10 10 1 10 2 2 7 1 5 1 5 8 5 3 6
786 8 9 9 6 5 2 6 10 5 8 5 6 8 2 4 8 4 7 10 8 4 6 1 3 2
528 4 6 2 7 4 2 3 5 1 4 10 7 5 6 3 1 2 2 6 1 4 2 6 8 6
677 3 9 9 3 3 6 7 10 4 9 1 8 10 10 1 3 2 1 7 6 7 9 3 1 7
684 4 9 8 1 9 10 4 10 6 6 6 8 3 4 4 1 1 3 7 2 4 8 4 8 7
15
776 10 6 9 1 7 6 8 7 2 5 4 10 6 7 8 8 10 2 10 1 7 10 6 1 8
761 5 6 7 1 8 10 3 5 1 9 9 1 7 6 4 5 5 9 2 1 6 3 4 9 5
769 2 5 5 3 7 5 2 6 10 10 4 8 8 6 5 4 1 3 10 7 2 4 1 10 10
608 5 5 9 5 9 10 8 2 2 1 2 2 2 6 8 7 3 1 4 5 2 8 5 7 3
663 7 6 6 7 4 9 2 2 8 1 3 4 7 9 10 1 9 5 8 6 3 2 9 8 3
624 2 1 2 5 6 3 8 1 2 2 7 10 3 1 7 8 4 3 3 7 8 5 1 4 2
818 7 8 9 9 4 3 7 10 6 10 2 5 2 4 1 7 10 2 10 4 5 5 10 4 9
792 9 3 1 7 10 1 3 6 6 3 9 7 4 1 10 6 8 6 8 3 7 9 1 10 6
948 8 9 9 8 2 8 6 6 1 2 8 9 10 6 7 9 8 9 6 8 9 9 8 8 4
666 9 10 5 3 3 7 10 6 10 2 5 3 4 7 1 2 5 7 8 6 2 8 4 4 7
744 7 4 4 2 9 4 2 4 1 9 4 7 2 4 6 1 8 3 2 9 10 2 2 3 7
873 8 9 1 10 10 3 7 9 6 2 3 9 5 3 10 8 5 9 8 9 7 7 4 1 3
611 4 2 10 2 2 10 8 7 2 7 1 10 2 7 7 5 5 3 4 1 5 1 1 6 6
743 7 2 3 4 3 10 10 5 7 10 8 5 1 2 1 4 4 7 2 8 3 4 7 5 8
634 4 3 1 2 5 2 10 4 2 6 1 10 1 8 3 5 7 3 4 7 3 4 9 10 5
15
866 7 10 1 3 6 7 10 6 6 4 8 9 6 4 1 5 5 10 10 8 8 6 9 1 4
816 7 2 1 5 4 9 8 7 2 10 7 10 2 9 9 4 2 7 9 5 8 2 3 9 5
736 7 3 10 8 10 3 9 4 4 10 8 8 5 7 9 3 2 1 1 6 3 5 5 2 7
657 3 10 1 3 3 10 9 8 1 6 7 3 5 1 10 7 2 3 1 4 5 1 8 4 8
770 8 10 1 2 9 7 1 10 8 8 9 8 4 8 10 8 3 8 2 1 1 2 1 2 8
826 1 4 5 4 3 5 5 9 7 5 10 10 3 8 9 6 3 9 5 10 8 7 6 2 8
878 8 2 6 5 7 1 8 6 6 10 7 9 9 6 3 7 10 9 9 7 4 9 1 9 3
762 6 2 8 7 2 5 10 9 2 7 7 7 4 10 5 8 9 8 6 2 5 5 3 7 10
650 6 2 4 6 7 3 2 1 9 7 6 9 2 4 3 3 3 5 7 7 9 2 1 1 4
705 3 7 10 3 1 6 4 2 8 2 10 9 7 10 2 10 1 6 7 8 1 4 10 7 4
712 4 4 8 3 4 4 3 4 5 4 9 8 3 3 5 3 2 5 1 9 9 7 4 6 6
805 10 5 7 6 7 6 8 6 8 1 7 5 8 8 4 4 6 9 7 6 7 5 8 10 9
790 5 8 9 4 10 5 9 3 10 9 3 6 7 3 3 6 6 4 8 3 7 4 7 10 5
689 8 1 9 3 10 8 10 10 3 4 9 1 8 1 4 1 8 3 4 2 6 7 3 8 5
663 8 6 9 2 4 4 8 2 6 1 10 2 8 10 9 3 7 6 6 1 9 1 4 4 4
15
627 7 2 4 1 4 5 9 4 10 3 5 3 6 1 5 7 5 10 2 8 2 2 2 6 9
834 9 2 7 9 6 8 6 4 4 10 7 8 10 4 10 3 4 10 6 3 4 2 9 4 7
790 9 2 5 5 8 4 3 3 2 7 8 10 4 10 9 3 6 7 8 4 7 7 5 7 8
749 1 2 4 6 10 2 2 8 9 1 7 9 4 3 1 6 9 4 2 5 10 10 6 10 2
671 1 2 9 1 10 1 9 2 2 9 7 10 2 1 3 7 2 6 7 4 2 4 10 5 6
740 8 6 10 8 4 4 4 6 3 5 10 7 5 1 1 10 1 2 7 8 1 7 8 1 7
788 10 8 8 5 2 8 4 1 3 6 9 4 6 9 1 9 9 8 6 7 1 8 7 2 10
715 3 2 7 6 4 8 3 6 6 6 5 10 6 3 1 7 6 8 6 8 1 2 7 3 7
809 3 6 10 2 10 6 2 4 1 2 1 9 1 1 1 10 2 9 10 10 7 5 1 9 1
701 1 4 6 7 7 6 7 5 3 4 1 8 2 10 2 9 1 3 7 7 2 3 1 10 9
785 1 7 2 8 7 6 10 1 6 7 5 8 7 1 10 7 10 8 4 2 4 6 2 7 6
743 8 4 7 5 9 5 8 4 1 9 1 10 1 6 5 6 1 4 4 9 3 5 3 5 6
781 4 7 3 4 1 9 8 9 4 9 10 1 3 8 9 6 8 9 2 7 5 1 7 2 4
809 2 8 8 9 2 5 10 2 10 8 5 7 1 4 4 2 10 9 5 8 8 8 2 9 9
573 8 8 9 6 2 1 2 7 2 3 1 5 1 5 6 1 5 2 5 10 4 7 2 5 4
15
825 8 8 10 4 1 5 4 5 4 9 9 10 6 9 1 5 8 7 10 6 3 7 2 7 3
762 7 6 4 10 7 3 5 8 8 9 6 10 4 4 9 1 3 4 9 3 7 8 5 5 7
746 10 6 1 6 7 5 10 3 5 4 1 7 5 3 7 7 4 2 5 10 6 7 9 1 8
700 1 10 4 1 4 1 1 10 10 10 7 8 3 4 1 6 7 2 10 4 1 10 9 5 5
708 9 2 9 2 4 2 9 7 5 9 10 2 3 10 3 1 2 10 2 10 2 5 4 5 7
609 7 5 4 7 2 1 2 6 3 6 2 4 8 9 10 2 6 4 7 5 1 4 1 4 7
600 2 1 6 4 3 1 8 4 5 1 7 6 2 2 9 7 6 7 8 4 1 7 2 5 2
767 9 4 5 4 8 8 9 6 4 5 8 9 8 5 5 7 6 6 6 9 1 4 6 2 5
675 10 8 1 7 3 8 5 1 10 4 10 1 6 3 7 7 3 1 5 5 3 7 3 9 5
747 10 8 9 1 1 7 4 10 4 7 2 4 4 6 10 7 9 9 7 3 8 7 5 2 5
764 9 6 4 9 4 1 2 10 6 9 3 8 7 4 6 7 3 8 2 8 4 5 3 8 2
743 7 3 9 2 5 8 5 10 9 6 5 2 1 9 1 8 2 4 7 9 9 2 5 10 10
594 9 2 4 6 6 7 5 1 3 1 10 2 7 7 1 8 3 5 7 3 2 2 4 1 7
605 6 7 7 6 6 2 3 9 8 1 9 2 5 9 9 3 7 1 9 1 1 3 7 9 7
783 8 2 3 7 10 8 4 6 3 4 6 3 10 5 2 8 7 9 7 4 3 9 4 2 6
15
830 10 6 4 7 10 8 9 2 4 3 2 7 5 10 5 10 6 7 7 2 6 6 7 5 9
590 1 8 10 3 2 7 3 1 6 1 10 1 10 6 7 6 6 8 1 2 5 5 1 7 6
748 4 3 3 2 10 6 7 9 9 9 5 9 2 1 3 4 8 5 10 2 1 6 7 3 5
625 9 9 1 9 2 3 3 2 6 2 10 7 1 6 3 8 5 7 3 1 5 9 2 1 2
636 7 4 2 9 5 6 5 6 6 3 6 7 5 7 3 2 3 5 6 1 5 6 2 9 1
654 4 6 1 3 2 3 2 5 10 9 7 3 8 10 5 3 2 4 3 2 10 9 4 4 1
758 9 3 7 1 1 9 7 9 8 5 4 6 4 3 1 10 10 4 2 5 5 3 10 10 3
637 6 1 8 3 3 6 9 2 6 2 4 3 4 7 7 8 9 3 8 6 3 4 2 6 3
768 7 1 9 9 1 8 2 7 4 5 4 10 6 1 10 6 10 1 9 4 3 10 8 5 4
726 6 1 8 4 10 6 7 6 5 2 6 5 2 9 8 9 10 10 1 2 1 8 10 2 3
670 7 3 5 3 2 8 4 6 2 4 9 4 4 1 9 5 4 5 3 5 10 1 5 5 3
860 7 9 10 4 2 7 6 7 10 6 4 6 7 10 7 10 6 6 2 8 10 3 2 9 6
834 10 9 2 7 9 7 2 1 6 10 2 6 2 5 8 8 7 5 9 4 8 9 9 1 4
854 8 10 10 1 8 10 6 6 2 5 9 5 2 7 4 9 4 9 5 5 10 6 9 4 10
787 10 6 8 8 3 6 5 3 3 10 5 10 1 5 7 2 3 9 4 9 10 7 1 3 1
15
679 4 7 10 5 1 2 1 6 1 3 3 4 9 10 3 7 4 8 10 4 9 10 2 5 9
797 1 6 10 7 6 9 8 1 10 7 10 7 6 4 4 9 2 4 3 9 2 10 6 2 5
631 6 4 4 2 8 3 4 8 5 3 5 7 4 3 6 5 1 1 9 4 6 3 4 8 3
729 9 5 7 6 1 5 2 6 4 4 8 4 2 2 2 10 5 5 7 8 6 10 5 10 2
679 10 9 5 6 2 8 4 4 8 8 5 3 10 10 2 10 4 2 9 4 6 2 3 1 6
682 6 5 6 1 10 9 2 3 3 2 6 8 10 2 6 7 2 3 2 6 4 7 6 7 2
596 7 7 1 4 3 2 2 5 5 1 8 7 4 6 3 5 2 8 4 6 3 5 5 9 10
820 4 10 10 9 5 8 10 2 10 10 5 2 5 1 7 10 9 3 10 4 4 3 4 1 8
843 5 3 6 8 5 2 9 6 10 7 7 7 3 8 4 7 4 10 6 5 10 2 9 7 8
673 6 4 4 10 2 1 10 10 4 1 1 9 8 6 4 6 5 5 2 7 4 5 4 4 7
707 6 5 8 4 8 7 5 10 10 3 5 2 3 2 1 5 7 2 2 5 7 10 7 3 4
744 2 7 8 3 2 3 10 6 10 1 10 1 9 4 6 9 1 10 9 10 5 8 5 1 4
673 7 1 9 10 5 6 2 8 2 6 2 5 7 2 2 9 5 3 6 2 4 7 6 6 2
791 5 6 2 10 3 3 5 9 5 8 5 3 4 9 3 9 10 1 3 7 10 2 3 7 6
683 9 4 2 2 2 8 3 3 8 3 4 3 3 10 7 2 10 6 10 2 10 7 5 5 8
15
741 9 10 5 9 10 7 2 2 9 2 7 6 6 5 1 6 2 8 4 6 1 4 3 9 8
760 10 6 9 2 7 2 5 10 1 1 7 2 10 1 5 6 1 7 6 10 9 6 4 7 6
800 5 4 10 9 7 2 2 7 3 7 2 9 2 4 4 5 3 10 7 8 5 10 6 1 7
717 9 2 6 5 6 5 5 4 2 10 3 4 3 9 6 6 8 8 2 5 1 1 9 10 7
745 6 3 7 6 1 10 5 3 10 4 4 4 5 9 1 8 5 9 8 9 6 9 2 7 7
535 3 5 8 7 6 2 4 10 2 8 3 1 3 1 8 6 1 2 4 2 1 1 5 4 1
734 4 2 6 9 1 6 8 1 1 7 10 8 4 1 1 8 2 4 2 9 10 4 1 6 10
839 6 9 2 7 7 9 10 3 1 8 5 1 7 8 1 10 10 6 6 4 8 9 7 6 4
703 4 10 7 3 6 1 10 4 1 5 10 10 6 5 5 1 10 7 2 2 10 6 5 5 1
567 4 3 9 6 5 5 7 10 3 3 3 4 9 10 1 1 1 1 4 4 5 5 3 2 7
747 8 9 9 3 10 1 7 8 9 8 5 1 7 3 1 10 1 6 7 8 6 1 4 8 2
679 10 5 9 8 2 7 9 1 1 8 4 5 10 8 9 3 3 8 1 1 9 3 7 3 2
862 7 4 4 3 3 3 1 8 7 6 8 10 9 1 10 10 6 10 2 8 10 8 10 7 5
701 6 6 5 10 9 9 10 7 9 6 2 4 6 7 1 1 1 4 2 2 10 10 3 3 3
639 9 3 8 6 2 4 5 5 4 2 3 2 8 10 9 7 10 3 1 5 5 6 8 2 6
15
816 8 9 2 8 4 9 5 8 9 7 2 2 10 3 3 8 10 10 4 5 3 7 1 6 1
626 4 1 9 7 10 8 9 1 7 8 2 4 7 5 7 3 3 4 1 1 1 9 6 6 3
887 5 6 6 6 10 8 6 2 3 6 4 5 8 6 3 8 4 8 9 9 10 8 8 2 2
599 4 7 7 9 1 2 7 10 10 2 8 2 1 7 8 4 9 5 9 3 1 3 9 2 9
713 3 3 7 3 2 1 2 5 6 10 6 2 2 7 7 8 8 8 6 8 3 4 5 2 2
779 10 6 1 3 3 3 6 7 4 5 5 8 6 3 8 4 10 4 7 10 10 3 6 2 2
803 8 4 10 8 10 8 6 1 4 5 6 9 8 6 7 4 8 9 4 5 2 4 9 5 8
642 5 6 1 2 1 7 2 4 7 1 8 7 2 10 5 2 5 4 9 5 6 6 3 10 2
702 4 3 6 10 2 7 8 6 3 7 9 2 8 5 1 4 10 1 1 2 4 8 5 9 6
700 2 4 2 4 6 9 8 2 10 6 2 3 5 5 5 5 3 7 3 7 7 2 3 7 6
673 8 3 5 8 4 5 10 4 2 2 8 6 2 9 2 4 8 9 7 2 2 1 7 6 7
538 10 1 4 7 1 1 10 5 5 7 1 3 1 3 3 7 1 2 9 7 2 2 10 2 4
698 7 8 4 3 8 5 2 4 2 1 3 9 10 8 3 9 4 10 3 3 9 4 2 2 2
840 3 10 6 2 10 5 5 9 3 4 9 8 4 10 2 4 5 10 9 9 5 3 6 8 1
618 5 9 8 7 6 5 9 10 3 6 1 1 3 3 3 1 6 3 7 5 2 3 7 2 6
15
818 2 8 8 6 6 3 6 6 5 6 8 8 9 10 6 5 4 3 5 9 9 6 3 5 6
699 8 2 6 9 4 2 4 8 6 2 4 4 1 9 7 7 7 6 5 6 9 2 4 10 9
667 8 8 1 9 1 10 5 2 6 1 5 5 9 3 10 7 2 2 4 3 8 4 9 8 9
583 8 7 9 9 5 2 6 1 3 2 6 9 4 1 7 5 1 2 7 5 4 3 3 6 8
840 1 3 8 2 5 9 7 8 7 4 7 10 8 8 6 7 1 8 8 10 10 10 5 3 6
784 3 1 2 3 8 4 10 10 2 10 9 1 9 7 3 2 1 6 8 10 7 9 1 4 5
691 1 1 3 9 1 2 2 1 2 9 1 10 8 3 7 5 7 10 8 2 1 6 3 8 7
713 10 4 8 5 4 3 1 4 8 3 4 6 1 6 1 4 5 10 8 7 10 9 8 1 7
731 5 9 4 2 9 6 4 3 2 6 6 8 5 6 1 4 4 9 6 3 1 9 7 3 6
802 9 2 8 7 3 8 3 7 6 4 10 3 4 3 4 8 3 8 6 7 10 6 6 4 2
648 9 2 2 3 7 1 7 5 7 8 7 1 7 1 10 1 3 7 3 6 3 10 3 4 6
779 1 8 3 10 6 6 3 4 5 9 3 9 8 8 9 2 4 10 1 4 2 4 9 8 6
687 9 5 10 8 4 5 3 8 1 2 10 9 1 4 3 5 4 5 8 3 1 5 1 4 3
742 3 7 3 2 2 5 4 10 7 1 4 8 2 9 10 2 9 5 4 8 9 6 9 6 4
730 8 9 2 9 3 1 10 6 5 6 9 9 2 2 5 1 8 7 7 3 8 4 9 1 4
15
609 6 3 10 7 6 1 10 7 7 1 9 3 1 6 4 4 8 3 6 2 7 10 3 1 4
820 3 4 4 5 5 7 9 10 10 6 5 3 7 3 9 7 5 3 6 5 9 9 3 7 9
641 6 4 7 4 6 7 4 5 1 7 3 3 5 10 9 7 3 5 7 2 1 9 8 4 3
836 1 8 6 9 10 8 4 5 4 3 6 3 10 10 2 3 3 9 1 9 7 10 6 9 7
747 3 9 2 7 8 1 10 5 9 6 8 7 9 10 9 2 6 8 5 2 1 5 2 6 7
723 10 9 8 3 3 8 5 6 1 6 7 2 3 6 3 1 3 8 1 9 4 8 4 5 7
815 7 10 8 2 5 8 7 1 1 8 9 8 8 1 8 8 1 6 10 1 8 4 10 6 5
851 2 7 9 4 10 9 10 7 6 6 7 3 7 4 8 10 2 6 7 8 8 2 4 3 3
738 3 3 5 9 7 5 4 10 3 1 8 5 1 9 4 6 6 6 4 5 9 3 4 3 1
651 10 7 1 1 1 3 6 8 5 1 8 10 9 7 6 8 7 2 10 2 1 6 5 10 7
855 10 7 9 5 10 5 4 10 9 4 2 3 1 1 9 9 10 9 3 1 9 10 2 6 3
932 5 4 8 6 3 7 10 5 10 9 8 2 8 10 10 9 9 10 10 9 10 7 7 1 8
871 5 7 5 4 8 6 9 10 2 3 6 9 10 4 3 10 7 10 1 9 10 1 7 4 8
714 6 9 7 2 9 5 10 9 4 5 9 2 7 7 1 9 9 1 5 4 2 1 1 3 9
703 9 9 2 5 3 3 9 7 1 2 7 8 2 10 6 3 7 4 1 6 7 1 8 10 10
15
722 3 8 5 4 2 5 8 3 7 1 4 5 9 7 9 7 9 10 5 3 6 5 8 3 3
789 4 8 1 9 10 5 5 4 6 3 6 7 2 3 9 1 1 9 5 9 7 4 7 10 10
719 9 10 4 4 8 5 10 8 2 1 5 4 4 7 4 9 7 4 6 6 1 6 1 6 1
590 9 7 7 2 2 3 6 6 9 2 3 8 8 3 4 3 4 3 3 4 10 10 5 2 4
718 2 9 5 2 9 5 9 6 3 9 1 4 2 3 10 2 7 5 2 6 10 8 5 4 3
700 5 8 3 10 3 8 8 7 1 6 2 3 8 10 6 2 6 4 4 2 8 8 1 8 8
754 7 9 9 3 6 10 6 5 7 2 2 5 1 2 7 7 10 4 7 3 10 8 8 3 10
647 8 8 5 5 2 2 1 10 3 8 3 7 1 4 1 3 10 5 2 8 2 1 9 9 7
856 9 10 7 7 1 8 4 3 10 9 4 7 6 1 1 10 8 5 3 7 9 8 4 6 9
662 3 6 1 5 10 3 8 2 4 8 3 8 1 10 7 10 2 6 6 1 1 2 10 6 5
713 10 2 4 2 4 1 10 3 1 5 2 10 8 2 7 7 6 8 7 3 10 7 7 5 9
823 8 6 2 2 9 1 6 7 10 10 8 5 10 1 5 4 7 8 2 2 6 8 8 7 4
761 3 4 5 5 9 2 1 9 8 4 10 1 3 1 7 5 5 7 1 7 10 5 8 2 5
736 9 6 8 3 3 7 5 10 9 10 4 2 2 5 6 10 2 6 4 3 6 6 6 7 1
817 7 7 7 2 10 4 10 4 1 3 9 7 7 6 10 4 4 8 3 4 4 10 8 10 7
15
766 5 1 10 9 8 3 3 6 2 3 6 6 9 5 10 6 1 8 1 7 3 8 9 7 4
827 2 6 8 6 6 8 8 4 7 1 8 9 7 1 7 10 8 3 8 5 10 8 7 4 2
653 8 1 5 8 3 9 6 7 6 6 9 4 7 2 1 2 2 8 2 3 4 4 8 3 8
757 1 4 4 9 7 8 4 3 7 4 4 3 4 6 5 9 1 9 9 8 9 2 8 3 6
591 7 5 4 7 9 2 2 4 7 3 3 2 7 2 3 6 9 3 3 2 2 6 3 9 5
799 8 6 9 9 5 7 8 6 8 4 5 10 1 8 2 4 3 5 9 5 6 9 1 6 7
836 1 3 8 9 1 8 8 7 4 9 8 9 7 7 5 10 3 1 4 9 9 3 2 9 6
771 5 8 3 1 6 10 4 10 5 4 6 6 3 2 4 4 10 7 7 2 10 4 3 4 4
841 7 2 7 8 5 10 9 8 8 5 4 4 3 9 10 10 10 5 3 3 10 5 6 7 7
677 4 3 1 2 3 6 8 5 5 6 10 4 2 3 1 2 1 9 2 6 8 10 4 9 5
658 1 1 6 7 5 6 6 4 10 4 9 10 9 10 3 2 2 5 3 5 9 2 2 3 9
787 6 9 6 9 8 9 8 3 2 2 9 3 10 7 7 10 1 10 9 4 1 3 7 6 1
800 8 5 4 4 9 9 1 3 3 4 4 9 2 6 8 4 5 8 3 10 4 9 9 7 6
873 5 7 9 2 9 10 1 8 10 2 2 4 4 6 3 8 7 10 10 8 8 5 7 3 5
745 8 10 4 3 5 2 7 7 8 5 7 8 8 10 9 8 10 10 5 6 3 1 4 1 3
15
587 1 9 7 2 4 9 3 1 2 4 2 3 6 9 1 2 1 7 2 8 4 2 1 10 3
825 6 8 10 8 9 3 8 10 1 4 6 2 1 9 9 5 8 4 8 5 10 9 6 1 7
742 10 7 4 9 3 3 8 4 2 8 6 7 4 5 10 8 1 4 1 8 4 6 4 1 9
666 1 6 10 4 2 8 9 4 5 3 7 2 1 3 10 2 9 4 4 10 1 4 1 10 9
686 2 10 5 7 6 3 5 5 1 4 8 8 2 6 2 1 5 4 8 8 9 4 7 3 9
862 10 3 8 2 6 5 8 8 7 8 10 9 6 6 4 8 3 7 1 5 10 5 9 3 4
734 8 10 2 7 5 5 5 8 6 1 3 2 8 2 9 5 5 3 9 9 9 6 9 3 2
730 6 7 1 4 4 4 10 7 8 1 5 4 10 2 2 7 5 10 6 4 6 6 8 4 9
622 10 2 7 4 7 3 2 7 5 5 1 3 4 5 1 4 7 4 1 6 3 4 6 8 1
822 10 5 8 10 9 8 7 8 9 2 2 7 9 9 9 4 4 4 7 10 7 8 2 6 6
690 8 5 5 6 8 5 5 8 7 3 7 1 6 6 5 4 4 1 2 1 10 10 7 4 9
571 9 3 3 1 8 7 7 3 8 3 2 2 4 1 6 2 4 8 2 4 5 7 3 2 8
660 8 3 4 6 4 5 4 10 3 3 10 1 5 3 5 3 10 4 3 4 7 6 7 6 2
773 7 10 10 8 7 6 6 5 5 6 7 5 3 3 3 9 6 1 5 8 2 2 9 8 10
865 3 5 10 7 3 4 3 10 8 3 10 8 2 2 8 4 4 10 5 10 10 8 5 8 9
15
830 8 10 7 7 8 5 8 10 6 9 9 8 5 1 7 9 7 2 3 5 2 10 4 1 3
679 1 1 8 8 6 10 4 4 1 4 2 4 10 1 4 6 8 5 8 4 5 4 6 10 3
711 10 7 5 10 4 7 7 1 8 6 10 3 1 4 8 9 3 3 6 6 3 7 8 4 1
694 9 8 8 1 4 9 8 8 3 7 8 3 6 8 8 5 3 1 6 5 6 8 2 2 5
863 1 5 2 6 7 1 2 5 8 5 8 6 3 7 5 7 6 10 5 7 9 9 10 7 6
697 2 3 10 3 4 1 8 1 8 8 3 8 6 8 5 2 4 10 1 7 6 7 3 5 10
643 8 6 9 8 3 8 4 3 3 1 7 9 6 1 8 2 3 2 4 2 8 4 5 8 5
670 2 6 10 4 2 1 10 6 5 9 10 2 5 2 6 2 5 5 3 9 4 5 5 7 3
757 3 5 2 10 6 10 2 4 6 10 3 4 4 10 9 5 2 6 1 9 1 10 6 6 2
735 2 9 9 4 10 4 1 2 4 1 1 6 8 8 8 10 5 10 9 8 9 1 2 1 2
607 3 9 4 3 7 5 9 2 5 7 8 8 3 8 6 5 1 2 4 7 1 4 8 1 4
749 6 6 10 10 8 7 1 10 5 5 10 5 4 1 5 9 6 2 7 7 2 2 1 7 5
772 1 7 9 4 8 6 2 9 7 8 1 10 10 9 2 9 1 6 6 3 7 6 10 4 1
730 8 6 4 5 1 7 6 8 7 7 8 3 10 10 4 1 3 10 8 9 7 5 1 3 3
852 2 9 8 10 8 9 2 1 9 9 10 7 1 2 9 9 4 5 8 5 8 8 7 4 3
15
679 1 2 8 9 3 8 10 9 8 4 2 9 10 1 3 2 1 6 4 5 7 3 2 8 6
684 10 1 8 6 3 7 6 1 7 4 6 4 5 6 10 8 2 4 7 6 3 3 3 8 9
700 7 5 4 10 3 2 5 8 4 2 6 5 9 3 4 2 10 6 3 10 3 7 4 9 2
746 3 7 8 7 8 1 6 6 2 9 10 2 6 2 8 2 3 6 1 9 4 7 7 8 5
699 3 10 6 8 3 4 5 7 3 5 6 6 2 2 2 3 8 10 6 8 1 4 7 2 4
588 1 1 9 6 3 1 1 3 7 5 9 3 10 2 6 3 4 10 3 1 10 4 4 2 3
773 2 10 3 5 10 9 6 4 10 9 7 1 10 7 3 6 1 10 2 2 1 8 9 4 4
694 8 2 4 8 2 3 1 9 4 1 3 6 7 8 2 10 4 5 2 10 5 1 3 9 3
653 8 7 1 2 1 6 5 5 2 6 4 7 8 4 9 4 10 1 4 10 4 6 10 1 7
669 10 3 7 3 3 1 6 9 3 9 2 2 1 2 3 6 8 7 1 3 9 8 6 9 4
804 10 2 8 9 7 9 3 6 5 9 8 5 2 7 9 5 1 4 10 4 7 8 6 8 4
802 6 6 8 7 6 5 9 4 3 2 7 1 8 7 9 10 1 7 2 10 10 6 1 10 1
693 9 7 8 4 6 7 4 8 10 2 5 3 3 9 9 7 4 6 1 4 1 6 8 3 8
721 9 6 2 2 4 3 4 10 3 4 2 6 5 8 1 9 4 8 7 4 4 6 8 5 10
543 8 2 1 8 1 7 3 10 1 1 1 2 8 1 6 7 2 7 1 7 2 6 3 3 9
15
758 9 5 1 2 5 2 5 8 9 4 8 8 6 9 4 1 9 7 10 6 9 9 4 1 3
833 6 2 2 7 6 8 1 6 10 8 9 4 9 2 2 5 9 7 8 4 10 5 7 4 7
753 1 4 8 5 9 3 9 3 1 3 7 7 8 6 9 7 10 7 6 4 3 5 7 8 9
713 4 1 4 5 6 4 6 7 8 8 2 3 3 9 8 5 6 1 7 10 1 5 6 7 4
803 2 10 5 5 3 9 7 8 9 3 9 8 8 8 5 6 9 8 1 10 1 5 1 5 7
832 2 2 9 4 8 10 6 6 5 10 4 9 2 4 10 4 8 8 4 7 3 7 5 7 4
766 6 8 7 8 8 1 5 2 7 6 5 6 4 5 8 5 2 7 7 4 3 9 2 10 10
806 9 7 2 8 10 8 7 7 7 9 10 2 7 1 9 1 3 7 10 3 7 3 10 2 1
816 7 10 5 10 9 3 9 3 7 7 10 4 6 9 8 10 7 2 2 7 1 6 8 9 6
653 4 8 4 8 1 1 3 3 8 1 6 5 7 4 3 9 2 6 5 1 8 8 6 9 6
805 8 8 8 10 9 2 3 6 9 8 1 1 1 9 9 10 10 9 2 6 6 3 7 5 5
750 7 3 4 2 6 1 10 7 8 4 5 7 2 8 3 7 10 5 4 6 4 4 6 10 10
694 1 3 5 1 1 3 7 2 5 8 9 6 6 9 3 4 9 9 4 8 3 2 2 9 10
716 10 1 5 2 9 2 4 8 10 6 7 9 3 1 5 7 1 4 10 2 1 8 1 8 6
756 6 7 3 6 9 8 4 9 6 4 2 1 8 5 7 1 8 8 9 7 3 6 7 5 8
15
688 2 2 2 10 7 9 9 8 8 2 6 1 1 5 6 4 4 9 2 5 8 2 9 6 2
740 9 1 2 7 7 10 8 10 3 9 4 3 2 2 2 3 7 5 9 8 9 2 4 1 1
644 7 1 1 7 1 5 5 10 3 2 3 9 8 4 6 7 2 4 6 3 3 9 2 10 4
804 10 10 8 9 5 6 8 7 7 4 10 9 1 10 4 4 10 2 9 2 7 2 4 6 4
700 8 3 7 1 5 8 8 10 2 4 3 8 10 9 8 8 2 3 9 2 6 2 3 9 5
765 9 2 9 4 3 3 8 5 4 7 10 8 3 8 10 9 9 6 8 1 5 10 4 1 7
746 4 7 1 3 10 2 5 4 4 9 10 9 7 3 7 2 3 2 1 9 6 4 3 8 5
730 2 3 4 10 8 1 10 4 4 2 9 5 10 8 4 7 7 5 2 1 6 9 4 9 7
798 10 2 10 5 4 9 6 6 9 7 10 8 2 8 9 2 4 4 8 6 3 7 8 7 2
671 1 3 10 9 4 9 4 5 6 2 1 2 8 5 5 2 2 6 3 9 7 9 2 7 1
861 10 1 3 9 9 9 6 4 3 10 1 2 8 6 8 10 1 3 7 5 7 9 9 9 10
677 5 3 9 9 3 2 7 1 1 1 8 4 6 3 3 8 8 6 8 7 2 9 5 8 2
751 9 6 10 8 9 6 1 7 10 2 6 2 6 2 5 7 5 6 6 6 9 2 2 6 3
525 4 3 4 10 1 9 2 6 3 1 7 2 5 1 8 5 2 4 4 3 3 1 4 3 5
764 3 9 7 5 5 5 2 5 7 7 9 9 2 2 8 10 6 1 4 10 6 3 5 1 7
15
718 8 5 2 2 1 2 7 5 5 10 8 6 7 3 4 9 4 7 9 1 6 3 2 3 8
704 6 5 4 7 10 5 5 6 7 9 2 3 5 7 2 5 3 2 7 7 3 7 1 4 5
560 9 5 3 2 9 1 8 3 9 9 2 7 3 3 3 6 2 1 5 2 3 7 1 6 1
608 7 6 9 5 8 2 8 3 2 5 2 7 4 8 4 4 10 1 6 3 3 2 7 5 3
775 8 6 2 5 5 4 2 4 1 4 6 7 4 2 5 10 3 10 6 7 8 7 3 4 6
625 10 5 7 2 5 6 2 7 8 3 4 3 8 4 4 7 1 2 6 1 9 9 6 4 6
734 4 4 1 8 7 4 1 2 1 1 10 10 1 10 6 6 8 10 6 8 1 2 2 6 5
714 7 1 4 6 3 5 6 7 5 4 7 8 2 9 4 5 9 9 6 5 3 10 1 1 9
759 8 5 1 2 7 7 9 1 2 2 10 3 9 3 5 9 8 6 10 4 7 1 3 6 4
800 8 4 3 5 4 5 8 10 1 10 3 6 9 10 4 7 1 6 4 4 10 4 8 2 5
600 10 9 6 2 1 5 10 3 8 6 5 3 4 5 2 2 8 3 4 5 7 4 5 6 1
770 7 9 4 10 8 3 3 1 5 7 9 6 3 5 1 7 6 1 5 9 8 5 7 4 2
780 1 4 8 4 7 8 1 8 2 6 6 4 8 3 7 10 4 6 10 4 4 7 1 8 10
665 1 6 4 4 10 2 5 8 6 4 10 6 7 10 5 10 6 2 3 3 2 5 5 3 10
737 3 4 7 10 6 7 8 5 8 2 10 3 2 8 4 5 8 4 10 2 5 10 7 2 9
15
716 10 1 6 9 8 9 3 9 9 2 4 2 1 8 3 5 10 10 4 1 3 7 5 2 7
763 3 8 3 10 8 1 6 1 7 8 9 8 4 3 2 6 6 4 2 4 6 6 3 6 7
700 4 9 5 7 8 2 9 10 7 6 2 10 4 8 10 2 2 3 9 1 8 8 10 2 3
624 7 3 7 7 4 1 8 8 10 3 9 4 6 7 1 4 1 2 3 5 8 1 1 5 5
541 5 3 5 5 9 10 3 1 6 1 1 8 5 7 8 4 8 1 1 2 3 1 3 6 8
676 8 10 10 4 1 6 7 3 8 8 3 1 1 8 3 9 1 3 4 6 3 7 4 10 6
804 1 7 5 1 7 1 6 9 10 7 10 5 9 5 1 4 10 10 4 5 9 7 8 6 7
772 8 8 5 10 2 9 7 8 7 4 8 7 4 1 3 7 2 5 10 9 3 8 4 4 3
726 3 1 5 7 10 8 7 3 4 6 9 4 9 1 3 4 10 5 5 1 7 2 5 7 9
735 7 2 2 10 4 5 2 1 7 9 7 6 3 6 4 3 5 5 5 10 7 5 2 5 10
701 2 4 6 3 2 9 10 2 3 6 7 1 1 3 10 10 2 5 4 10 7 3 9 1 10
843 1 3 8 1 5 10 2 7 9 9 3 9 8 7 8 3 3 10 8 10 4 6 5 8 10
771 10 5 10 10 10 3 9 6 7 3 1 5 6 1 6 2 5 7 9 6 8 4 10 9 5
544 4 7 3 1 7 3 2 6 7 2 7 2 9 5 6 3 3 1 8 5 2 1 4 2 4
767 8 8 3 5 3 2 10 10 7 10 1 1 2 4 7 7 8 8 2 2 8 5 6 6 8
15
647 8 9 3 6 1 2 6 8 8 1 10 3 4 2 9 1 9 1 1 2 9 6 10 10 4
816 8 2 9 6 10 9 3 5 10 7 9 10 10 8 9 1 3 4 8 7 5 4 3 1 4
786 8 3 3 3 1 10 5 6 9 9 6 7 7 8 6 2 1 8 2 10 8 4 5 7 8
796 5 6 9 6 8 2 10 2 2 10 6 9 7 4 5 2 8 1 5 7 8 3 8 7 7
694 2 2 3 3 5 9 6 3 5 1 7 3 8 9 7 2 10 7 7 8 1 5 6 4 2
700 1 6 2 5 9 6 10 3 4 3 6 7 4 3 6 2 5 2 4 5 10 8 5 3 5
659 6 6 9 1 3 2 5 4 3 1 1 1 10 5 1 9 5 6 7 8 10 2 1 6 3
860 1 7 9 8 10 10 4 4 4 10 4 1 5 4 8 5 9 9 8 2 5 7 6 10 8
588 7 7 2 8 8 8 6 1 10 2 9 4 1 2 10 8 3 5 3 4 1 1 2 2 7
677 4 10 3 8 9 6 2 5 10 2 7 9 5 6 1 10 8 3 3 5 2 1 2 8 2
657 7 4 4 4 5 1 2 10 9 4 4 10 8 8 8 3 9 6 4 6 2 4 1 1 3
781 9 6 7 4 9 8 3 8 5 7 7 4 1 1 7 4 8 10 1 4 3 3 2 2 10
678 1 7 6 10 10 1 5 5 3 9 4 2 3 8 8 7 6 2 1 1 2 7 6 8 2
828 1 9 3 6 8 2 9 8 2 10 1 9 7 10 8 2 10 4 10 4 3 9 7 6 9
754 7 5 2 6 4 10 8 8 5 8 4 7 8 7 6 6 9 1 3 4 4 5 7 4 3
15
747 5 3 2 9 2 3 1 7 2 1 10 10 1 6 10 7 2 3 9 6 9 1 10 7 9
742 9 2 7 9 7 1 6 3 6 1 10 8 1 1 3 2 9 6 1 10 9 4 8 8 9
711 9 9 8 5 1 1 10 1 9 2 4 8 9 3 10 7 8 5 2 6 9 1 8 2 8
981 5 1 3 3 7 7 8 10 8 10 10 4 10 5 1 9 8 8 5 10 9 6 8 9 9
721 7 10 1 6 5 10 6 1 3 7 1 7 7 8 10 2 6 2 8 7 3 6 3 3 2
737 6 6 6 3 3 1 1 5 5 7 10 7 3 3 5 10 6 2 6 9 2 9 10 7 3
736 10 7 6 1 9 5 7 6 7 2 6 8 9 3 1 5 10 8 7 8 1 2 1 4 9
629 3 2 8 7 9 5 3 1 9 4 4 1 5 7 9 1 8 6 2 4 2 6 7 7 8
607 5 1 5 5 5 1 10 4 10 1 3 4 4 1 8 6 1 8 2 5 7 5 9 7 10
626 1 2 9 2 4 9 4 2 5 4 7 10 7 9 8 6 6 1 5 1 5 1 8 7 1
706 2 2 4 7 2 9 6 7 5 3 10 10 1 6 9 1 5 3 9 4 2 9 4 9 7
684 1 2 1 8 4 7 7 4 1 2 10 10 5 1 4 4 5 2 2 8 8 4 5 10 1
680 5 3 4 2 1 8 6 1 9 5 1 1 8 10 8 3 8 10 5 3 9 2 7 7 5
712 10 7 3 6 1 3 4 10 1 2 2 10 3 10 2 6 1 9 10 2 8 4 5 7 4
695 6 4 9 9 6 10 4 10 9 4 6 4 10 1 8 2 2 1 5 4 8 1 2 7 1
15
569 2 10 7 7 4 3 6 9 4 2 1 6 8 5 6 1 1 8 5 3 1 6 5 10 2
847 3 1 5 5 3 9 9 6 3 7 7 3 8 9 10 10 10 6 2 6 5 7 9 7 3
847 4 8 1 2 10 6 3 10 4 10 9 6 9 5 7 3 9 7 2 9 3 9 5 8 5
596 8 6 6 5 1 4 6 2 1 8 2 5 5 7 1 6 1 4 2 5 9 8 7 5 1
820 8 5 9 9 6 6 8 10 5 5 3 10 8 5 1 7 7 6 6 5 4 1 5 5 8
693 4 6 10 8 5 8 1 2 3 4 3 6 5 8 6 8 5 4 6 10 2 9 1 5 5
796 5 6 9 8 7 1 10 8 8 6 5 10 7 2 7 8 2 5 1 8 2 10 2 10 8
660 5 1 10 8 1 5 7 8 3 1 3 6 9 2 2 4 5 6 7 4 6 2 10 4 7
896 6 7 4 7 6 9 8 4 3 8 8 1 9 9 10 7 5 7 10 5 4 10 5 10 2
780 2 1 9 10 1 2 7 10 5 4 6 6 1 5 1 3 9 7 10 8 4 5 8 8 10
759 7 2 5 2 10 4 10 10 7 2 8 6 5 2 4 9 9 3 9 10 2 3 9 4 9
735 6 9 5 6 4 6 9 9 6 4 2 6 1 1 10 3 5 6 4 9 5 5 3 10 8
936 2 3 8 10 3 9 4 3 3 10 10 4 8 5 5 10 9 6 9 3 9 10 5 8 7
810 3 8 2 4 8 1 4 8 9 3 8 6 10 7 2 9 5 9 10 10 4 1 4 7 6
818 2 6 5 10 4 2 1 2 6 7 6 10 3 5 8 8 2 10 8 10 4 9 8 8 9
15
830 10 1 3 8 8 10 8 7 4 5 1 10 7 3 2 7 8 8 10 6 3 9 7 7 2
616 3 8 10 4 1 1 2 6 5 4 7 1 5 3 5 7 4 10 1 2 9 5 3 6 5
648 7 4 9 2 1 2 6 3 8 6 2 2 2 2 7 1 8 10 9 8 2 2 5 8 2
570 3 3 8 2 4 3 3 7 7 3 4 2 5 9 1 1 2 9 10 4 4 8 6 4 5
805 8 8 8 9 2 2 10 10 6 7 9 7 9 3 7 5 5 10 2 6 3 7 4 10 6
808 6 8 4 7 10 6 3 6 8 7 9 2 5 4 4 8 4 3 8 7 8 10 8 2 6
798 10 9 10 8 9 3 9 7 3 10 8 8 1 5 8 1 9 2 1 2 2 9 9 2 5
774 3 6 9 4 3 4 9 9 2 7 8 5 7 4 2 9 8 1 6 10 9 3 4 9 3
787 3 8 5 2 10 9 7 2 4 9 9 2 2 8 8 3 8 10 1 7 4 6 4 2 1
817 1 3 6 9 9 2 10 10 7 10 7 9 6 8 7 9 3 1 2 10 8 3 1 4 9
763 3 1 9 8 7 4 10 7 6 10 4 9 2 2 3 10 5 7 4 1 3 8 5 6 4
814 2 2 6 8 8 7 4 1 10 9 9 5 8 10 5 4 1 8 8 6 5 1 9 7 1
870 10 7 8 9 6 9 10 10 3 3 9 5 7 2 2 6 3 6 9 8 6 8 4 7 4
871 5 5 10 1 5 5 9 3 3 4 10 6 5 7 10 3 4 10 9 9 7 9 9 9 9
676 10 4 9 9 3 4 9 4 5 4 3 8 1 9 3 6 10 1 7 6 5 2 7 1 5
15
682 10 3 4 5 5 1 5 8 3 5 7 4 2 6 10 7 6 1 7 4 2 9 5 4 5
750 3 9 8 2 3 7 8 2 6 5 8 3 8 9 7 5 8 2 9 9 8 4 2 3 4
760 1 1 7 3 8 3 6 2 5 10 7 7 10 3 2 8 3 7 5 7 6 6 1 5 1
671 6 9 4 4 4 3 2 6 2 2 1 2 9 6 6 9 7 10 6 1 8 8 3 2 7
739 2 4 3 2 6 6 4 4 5 7 3 6 7 3 9 4 6 8 6 5 5 10 2 5 3
792 10 6 8 3 6 1 10 7 1 9 9 5 1 6 6 9 2 9 3 8 8 2 10 1 9
638 1 6 7 1 10 5 7 9 9 6 1 3 7 9 10 3 1 4 1 4 3 8 9 4 7
698 3 6 3 2 4 9 2 3 4 6 3 6 6 4 4 8 9 7 4 3 10 4 10 5 2
767 8 10 10 7 5 3 1 8 10 9 3 6 6 3 10 10 2 4 6 5 6 5 6 9 1
750 8 6 4 8 10 8 5 1 4 2 6 3 3 2 1 8 8 4 3 8 6 8 6 8 7
651 1 6 9 10 3 6 5 6 10 8 5 3 4 5 1 8 1 5 5 1 3 1 2 6 10
623 4 1 3 1 3 8 4 7 3 2 6 5 9 3 9 4 2 6 8 5 5 4 2 8 7
796 5 5 5 5 5 8 10 8 7 5 10 10 8 7 1 5 1 1 6 7 5 9 1 10 9
738 9 6 6 1 8 3 5 8 1 7 10 1 4 3 7 7 3 7 3 4 6 8 1 5 4
781 5 9 6 2 8 5 7 8 8 7 2 1 9 5 6 8 1 6 7 5 9 3 9 7 7
15
831 5 8 8 5 9 8 7 6 9 6 8 4 9 2 3 3 9 9 1 4 9 9 6 2 5
697 3 3 3 4 10 1 8 7 8 2 1 2 3 10 7 6 6 9 4 6 10 2 7 2 6
783 4 5 8 5 8 6 8 4 8 6 8 5 6 10 7 10 4 6 9 2 2 10 1 1 5
754 7 8 7 8 3 6 10 9 3 3 4 10 2 8 4 3 9 5 2 10 6 5 4 4 3
829 4 5 1 10 4 1 4 6 4 9 8 7 4 5 5 9 5 10 4 4 9 5 2 10 3
675 9 3 5 5 7 10 1 2 7 1 5 2 8 10 10 1 8 9 8 1 2 10 2 1 5
785 5 9 6 9 7 1 8 5 2 7 8 5 1 1 8 7 9 2 3 10 5 5 3 4 9
729 9 9 2 6 6 1 3 9 6 6 4 2 8 10 3 10 4 6 9 8 1 6 7 2 7
717 9 5 5 2 2 9 4 7 9 3 10 4 5 2 10 1 7 9 8 9 1 5 6 3 7
740 6 1 5 7 10 10 5 3 10 2 4 10 8 3 7 4 3 2 8 10 1 3 3 8 6
858 10 9 9 8 10 2 8 8 8 1 8 10 1 7 3 5 10 10 3 7 2 10 4 4 4
629 9 3 10 2 4 5 2 4 6 10 8 2 4 10 1 3 1 7 1 3 6 7 6 2 1
637 1 1 3 1 8 2 8 1 4 6 7 3 7 5 2 9 7 1 6 6 7 8 1 8 6
627 1 2 7 9 7 5 4 2 1 1 2 9 8 9 1 8 8 1 2 9 2 1 6 9 9
907 10 9 9 4 10 10 2 8 9 7 2 6 1 10 2 6 10 8 3 7 4 10 6 6 1
15
692 2 7 3 3 7 4 10 6 6 3 9 6 2 10 4 3 7 9 1 8 3 7 7 1 5
835 9 7 1 4 2 10 7 8 6 10 6 5 7 10 8 8 5 10 2 6 3 9 4 9 4
794 8 1 2 9 10 2 8 10 3 4 10 7 3 1 7 9 6 5 7 3 3 6 8 5 1
845 1 8 9 9 10 6 6 5 6 5 8 10 9 7 8 5 5 4 4 9 5 2 6 5 6
715 9 4 2 4 4 5 2 7 2 8 4 2 7 10 10 5 6 10 10 3 6 1 7 5 1
795 9 3 5 3 5 4 5 1 7 7 5 5 6 9 8 2 8 7 4 9 6 9 2 10 2
815 2 2 3 10 5 10 7 4 1 7 3 2 9 9 10 8 5 4 10 3 6 10 1 8 10
763 2 7 3 9 6 4 9 5 1 3 6 9 8 3 10 8 5 4 9 5 3 4 8 9 8
841 4 8 3 7 6 6 7 9 2 9 6 10 6 10 9 10 8 8 1 6 2 6 8 1 10
687 8 4 8 6 2 7 9 4 7 4 9 6 6 8 5 1 1 2 8 10 3 6 9 3 10
715 2 7 5 9 5 1 8 9 8 7 5 6 7 4 5 8 6 4 1 1 5 6 6 10 3
763 10 1 6 4 9 9 7 4 5 5 10 4 9 1 8 3 3 10 5 2 3 10 8 5 4
756 2 9 1 9 6 8 5 2 1 6 6 8 6 2 4 6 8 3 9 8 2 3 9 1 10
786 6 9 8 5 3 7 5 8 1 5 9 3 4 3 3 5 4 10 10 8 9 1 1 5 4
787 3 3 4 2 3 8 10 3 6 7 9 7 6 9 8 2 1 7 7 5 8 10 3 9 5
15
728 5 8 3 7 6 10 4 2 2 9 7 2 5 7 10 4 9 6 9 2 3 7 4 2 8
644 5 1 2 8 5 1 2 2 3 2 8 9 4 6 9 9 5 8 6 2 7 2 3 5 3
676 2 7 2 3 2 6 5 8 10 8 8 2 4 3 4 3 5 10 4 1 4 10 9 7 8
621 10 7 3 2 7 2 4 8 7 2 1 1 5 1 6 9 2 7 3 4 4 7 6 6 3
897 6 4 9 3 10 9 4 4 2 10 9 10 3 4 3 9 9 3 2 5 7 3 5 10 10
713 6 9 5 5 1 10 6 2 10 8 8 8 2 5 6 2 7 2 10 3 2 2 8 10 6
937 5 8 4 6 5 10 10 5 3 8 10 8 8 9 10 9 7 7 1 9 1 10 2 9 5
886 1 6 2 5 8 1 10 8 2 10 7 4 4 4 7 10 9 9 4 10 6 4 4 3 9
768 2 9 2 6 10 5 4 3 2 5 6 6 10 6 8 7 5 1 10 2 6 10 8 10 5
711 10 9 7 2 7 5 1 4 5 1 3 10 4 8 1 5 9 5 8 3 7 6 2 9 4
770 1 7 6 7 5 10 6 7 6 4 3 7 5 9 9 5 9 1 10 7 8 3 6 5 1
778 4 9 2 6 7 1 8 10 1 7 9 4 5 4 10 8 1 5 4 7 10 1 6 10 3
841 3 7 10 4 9 9 1 2 3 8 5 5 6 1 6 5 7 7 6 7 9 3 7 8 2
677 5 2 2 6 5 1 6 1 6 9 1 10 8 1 10 7 3 10 5 2 1 3 2 4 8
779 4 4 2 9 3 5 7 9 8 7 3 1 9 2 6 7 10 8 8 1 7 7 7 6 3
15
637 10 1 1 2 4 3 8 2 2 3 4 1 4 7 1 9 5 9 4 9 3 1 5 9 7
851 10 8 7 9 3 10 3 5 3 4 10 1 4 6 4 3 8 8 2 10 10 6 3 8 6
597 6 9 3 9 3 9 7 2 7 2 3 2 2 3 4 5 9 3 7 5 2 9 5 6 2
852 10 5 6 10 5 7 2 3 3 8 2 6 1 7 6 9 2 10 7 4 7 8 3 8 6
696 2 1 5 4 2 10 7 6 8 6 4 1 4 9 1 8 5 6 5 3 5 7 8 7 8
732 8 2 8 4 5 10 10 5 5 7 1 1 2 2 5 10 10 2 6 8 5 1 7 1 1
713 1 6 4 5 5 2 9 1 4 9 2 10 6 5 10 3 9 1 2 8 6 3 6 6 7
769 5 8 3 2 7 2 5 6 9 8 8 9 9 5 10 6 2 3 5 7 6 8 5 2 9
752 7 8 5 3 1 8 9 8 8 2 8 4 1 8 5 6 9 10 9 3 4 4 5 7 9
682 10 8 7 9 3 2 5 2 8 5 4 5 3 7 2 9 4 4 3 10 10 1 9 3 2
732 6 3 7 5 1 1 4 1 9 7 4 4 8 4 9 10 5 6 7 4 10 8 6 9 8
788 4 7 3 9 5 2 1 5 5 8 5 1 9 10 1 9 9 7 8 6 5 6 10 5 4
704 6 3 6 10 4 2 8 7 4 3 4 9 2 7 5 4 10 3 5 2 9 8 6 7 3
670 9 5 6 3 10 4 3 8 10 3 5 2 5 10 4 5 4 5 6 3 6 9 7 1 3
753 1 5 6 2 9 4 6 2 7 8 1 10 9 5 6 1 4 2 10 8 8 10 5 5 3
15
863 4 2 2 7 9 8 8 9 10 3 1 6 6 5 5 9 10 6 10 5 10 6 5 7 3
897 5 4 7 9 8 9 4 9 7 8 4 2 9 7 7 7 7 10 10 2 10 3 10 6 7
702 9 1 5 6 6 7 3 3 7 9 1 1 4 1 1 7 2 10 2 6 9 8 1 9 4
816 10 5 4 2 5 9 4 10 1 5 2 6 3 10 8 10 7 5 9 8 2 8 3 8 5
628 2 10 2 5 1 5 9 7 1 5 4 3 3 10 3 8 5 9 10 2 5 2 1 2 10
721 8 8 2 2 3 9 10 7 5 2 1 7 9 5 8 5 3 8 9 5 3 10 4 3 3
658 1 1 3 3 6 4 4 2 2 9 5 7 2 4 4 6 3 4 10 1 4 1 10 10 10
628 6 2 4 2 4 9 5 3 3 6 3 8 3 4 3 6 2 3 6 7 9 1 1 8 7
845 9 9 5 9 8 4 3 10 8 3 3 8 1 4 10 7 9 8 3 5 7 1 9 10 4
681 7 6 7 4 9 2 7 4 4 6 3 8 1 9 10 10 1 3 5 1 2 9 3 8 1
805 5 2 5 9 9 9 9 2 4 3 9 10 8 3 9 8 5 2 3 9 10 1 10 6 5
769 6 3 3 2 4 4 6 1 7 9 8 6 4 5 6 7 7 2 4 6 10 9 8 7 5
750 1 3 3 10 5 9 3 9 9 9 5 2 8 8 2 6 4 6 9 1 5 1 1 10 5
571 5 5 8 5 4 3 1 3 9 2 10 4 2 3 9 1 2 4 9 4 2 3 4 8 10
690 6 7 1 3 2 1 6 7 7 10 6 9 9 1 8 3 1 6 5 7 2 6 1 3 6
15
730 2 5 6 10 5 5 6 8 2 6 4 5 5 5 9 4 8 1 7 9 8 6 1 3 1
825 7 2 2 3 9 7 4 4 8 10 7 3 8 6 5 9 4 2 9 7 8 5 5 9 10
776 3 7 3 9 9 6 9 1 3 10 6 5 2 8 7 9 5 4 7 4 2 7 9 5 3
693 10 6 6 9 4 5 1 3 4 10 6 1 4 5 3 8 6 6 1 5 4 3 3 4 7
523 10 4 4 5 3 1 7 2 3 4 6 9 5 3 6 3 2 2 5 4 4 2 9 2 10
587 2 4 8 7 1 1 5 2 8 10 9 2 3 5 9 2 1 4 8 4 3 10 1 2 10
763 7 9 3 3 5 5 7 5 1 9 3 3 1 4 9 2 5 10 4 9 9 4 4 7 6
727 8 7 10 2 7 9 4 8 1 2 4 10 7 8 1 10 3 4 8 2 4 4 6 7 4
802 4 7 3 6 4 6 7 8 5 4 10 5 8 2 6 2 5 9 8 10 2 10 1 10 7
711 8 2 1 1 1 4 7 10 2 3 6 3 5 1 4 4 9 10 5 10 6 8 10 2 7
775 7 3 3 10 2 7 1 10 3 6 7 9 10 4 2 7 5 9 2 5 3 8 3 7 8
756 9 2 2 7 5 5 9 5 9 2 8 10 1 9 1 5 7 5 6 2 9 7 2 7 8
684 4 7 7 6 6 8 2 7 6 2 8 1 1 10 8 1 9 7 3 6 8 5 2 2 4
651 7 1 2 6 6 3 10 2 5 2 7 1 6 2 4 9 4 6 8 2 9 10 8 2 9
725 10 8 3 5 2 2 3 6 8 7 8 4 10 4 10 1 4 2 9 8 8 7 7 4 5
15
679 4 1 2 4 5 4 5 8 6 9 3 7 10 7 6 2 9 6 2 3 3 3 1 5 1
743 3 9 3 5 5 2 10 9 9 3 2 3 10 8 3 2 6 8 10 10 7 8 9 1 2
565 6 10 5 5 3 5 4 7 4 1 8 5 1 8 1 7 1 1 7 3 6 7 6 5 5
706 5 8 5 8 4 5 6 3 2 4 5 9 8 1 1 3 6 10 3 2 7 7 4 1 8
792 8 4 4 10 8 9 7 10 3 6 7 3 9 6 6 1 5 7 3 10 1 4 7 8 10
667 7 8 8 10 1 5 1 2 9 7 6 7 7 2 3 7 4 4 6 4 1 2 5 6 3
857 1 5 8 8 10 3 1 10 3 5 8 3 8 10 1 3 9 10 8 8 8 10 10 3 4
712 3 10 7 2 6 5 5 5 2 2 10 1 3 10 10 7 6 1 10 5 9 1 9 3 6
736 9 9 6 7 6 4 3 2 7 4 10 6 5 6 6 1 6 6 9 10 5 7 7 1 2
691 3 6 10 5 4 3 4 6 9 7 2 4 8 1 1 4 4 8 8 6 8 1 4 10 6
595 8 4 6 9 2 3 9 2 6 8 10 7 2 2 7 2 4 4 1 3 3 2 5 4 1
710 10 4 7 7 9 5 1 3 6 5 3 5 10 4 8 7 9 8 3 1 2 7 3 5 3
652 5 1 2 2 10 4 6 9 10 4 6 4 8 2 2 6 4 4 6 3 9 7 2 2 9
735 1 4 4 8 7 1 2 2 9 5 7 10 1 1 2 7 7 2 3 10 7 8 7 9 9
669 7 4 5 9 4 9 5 2 10 4 4 7 5 5 6 5 6 10 6 3 1 1 9 3 10
15
772 6 3 8 6 6 6 1 4 2 5 4 5 7 4 3 10 6 6 6 9 7 10 2 7 8
712 5 3 7 10 2 7 1 9 3 2 10 5 2 4 4 5 9 5 6 2 1 6 6 10 9
692 3 5 7 5 9 8 7 3 2 1 9 6 5 8 2 2 7 3 6 2 6 6 7 5 2
736 10 7 7 4 6 3 7 1 4 9 1 7 1 7 8 5 10 4 1 9 5 10 3 2 6
840 6 6 6 7 5 1 9 5 6 2 4 8 5 6 9 9 8 8 5 8 9 10 3 3 4
846 4 6 10 3 3 8 5 6 8 10 10 8 10 10 1 10 2 1 4 7 9 4 8 2 6
765 8 6 4 5 1 8 4 6 6 5 9 7 2 9 8 9 7 5 8 10 4 2 7 6 2
706 8 4 10 6 10 5 2 3 8 6 4 8 4 6 1 10 2 4 9 3 6 1 3 6 6
780 6 3 4 1 8 10 6 10 9 7 8 10 4 2 8 1 2 3 8 6 3 5 9 9 4
627 2 3 5 1 4 6 3 6 1 7 10 5 6 10 6 1 4 1 9 3 4 6 3 4 6
585 4 2 5 3 2 6 9 8 1 1 4 3 4 10 10 2 6 3 10 7 2 4 6 6 4
859 9 10 9 10 7 8 1 8 6 6 3 6 1 3 7 9 10 4 8 3 10 10 9 5 5
752 9 9 5 7 3 2 4 8 5 9 3 1 8 5 8 5 6 9 2 2 9 8 2 9 3
739 9 8 10 10 5 10 3 2 3 6 6 5 4 4 2 2 5 8 2 6 1 9 6 9 2
621 3 8 9 7 2 3 1 3 7 6 2 1 2 3 4 7 4 10 4 4 5 7 8 3 4
15
850 9 8 1 6 10 6 4 10 6 9 2 8 6 5 6 9 6 6 9 3 3 6 5 7 5
596 5 6 1 3 1 9 4 4 8 3 5 1 7 8 1 1 7 1 5 2 5 9 9 10 6
638 5 6 2 8 2 5 6 4 9 7 1 6 4 3 6 1 1 8 5 5 8 5 9 5 9
725 10 7 2 2 4 7 7 8 6 5 7 4 10 7 5 9 4 6 9 2 4 5 5 4 10
735 2 5 4 1 10 9 5 2 1 1 7 7 9 5 2 4 7 5 6 8 9 2 6 1 9
651 1 4 9 4 7 6 9 4 1 3 4 3 3 9 9 8 6 3 5 8 3 5 1 7 10
832 4 2 5 2 7 7 6 10 10 9 6 4 9 10 9 9 5 3 7 3 7 8 10 1 4
830 1 7 8 6 9 7 6 6 8 7 9 1 5 3 10 6 5 5 4 4 8 1 9 10 9
715 5 2 9 3 9 4 9 7 3 6 1 7 9 7 7 5 6 4 8 2 7 3 5 4 4
660 3 5 8 4 3 7 1 9 8 4 2 5 9 4 2 10 1 10 3 2 1 5 6 4 6
683 6 1 5 6 1 9 4 4 5 3 8 8 4 6 3 8 3 6 10 1 5 10 5 4 8
577 2 7 3 8 8 10 9 6 9 2 5 2 3 9 6 7 4 2 1 3 3 1 5 4 2
753 4 5 3 9 7 4 4 6 5 3 4 6 3 3 8 6 10 5 9 5 8 7 6 2 5
698 6 3 10 1 7 7 8 5 5 4 6 4 7 10 6 2 2 8 1 5 6 10 3 7 1
901 1 9 4 10 6 7 8 10 8 6 9 10 4 6 2 8 6 2 8 10 4 9 8 3 3
15
699 8 1 10 6 1 7 1 5 10 5 3 9 10 7 1 3 2 3 9 4 7 6 8 6 1
648 10 5 6 7 3 6 3 7 2 10 3 3 6 9 2 3 1 2 5 6 1 7 6 7 5
727 5 1 1 2 7 8 9 3 4 3 4 9 3 2 9 4 9 6 4 6 9 3 9 3 9
650 2 6 6 10 3 6 1 4 1 5 8 3 6 1 10 7 9 1 6 2 6 4 5 1 5
558 3 5 9 5 1 8 4 2 5 8 4 1 1 8 9 1 7 2 9 3 3 8 4 2 2
785 2 1 4 8 8 9 10 7 3 2 3 10 5 3 7 8 3 10 8 1 9 6 1 5 1
639 7 7 4 3 5 3 2 1 3 7 2 9 7 7 2 4 1 4 5 10 8 2 8 2 8
583 9 4 1 3 2 2 8 2 7 8 7 5 6 4 7 4 7 3 2 1 5 5 7 6 10
847 5 4 8 6 2 1 1 6 5 8 6 9 5 1 10 9 9 7 8 8 5 9 2 10 3
583 9 9 8 7 1 10 3 1 10 7 5 1 10 2 3 6 2 1 5 4 3 4 7 1 8
778 7 3 2 6 9 4 10 1 7 10 3 1 5 9 7 2 8 5 7 6 7 3 6 10 4
806 10 5 9 8 6 8 8 5 5 2 5 3 2 7 6 7 2 4 9 9 9 8 3 8 5
738 9 6 4 10 10 1 5 10 9 5 4 4 7 4 6 3 8 8 10 4 8 1 4 1 3
803 5 6 9 5 1 3 1 10 4 1 8 5 10 7 1 8 10 9 8 5 9 6 3 7 9
738 2 4 4 7 8 9 9 2 4 1 5 3 5 1 7 7 6 10 4 9 6 2 9 9 2
15
556 6 7 3 1 4 1 9 5 9 5 1 6 10 3 3 7 1 7 2 2 2 9 2 4 4
563 1 8 10 2 5 4 1 4 1 5 1 4 3 1 7 8 5 5 5 1 2 5 6 7 2
738 4 8 6 2 3 6 4 7 9 1 4 9 8 5 9 10 2 9 1 4 4 10 7 8 3
828 9 4 4 6 1 10 1 7 4 9 1 10 10 3 2 10 9 2 2 10 10 9 9 8 1
798 4 5 8 1 6 6 5 6 5 6 2 7 7 4 2 8 10 4 4 7 9 10 5 10 3
654 9 2 8 6 7 3 6 7 7 9 2 2 6 7 10 2 3 7 5 3 2 2 6 9 2
663 4 1 7 8 7 4 3 5 4 3 2 1 10 4 2 7 1 9 7 5 7 9 8 2 7
633 9 8 2 4 6 7 3 1 8 5 5 3 2 6 6 3 5 2 7 7 8 4 2 2 6
634 3 5 8 4 2 4 4 9 4 3 5 8 2 4 2 10 7 8 4 9 3 1 4 2 1
668 8 6 2 9 2 6 3 8 5 1 5 8 2 6 6 2 2 9 6 6 10 5 9 2 4
693 10 5 4 9 10 10 3 10 5 7 3 2 6 3 3 5 3 6 4 1 3 3 6 4 10
641 8 10 10 10 2 8 1 10 3 3 5 9 7 2 4 1 3 3 4 1 9 6 1 4 9
622 6 9 9 6 4 4 5 4 2 3 2 9 10 9 9 3 2 4 3 3 3 4 4 7 2
788 6 2 3 1 3 8 2 3 7 5 8 5 9 7 6 7 9 8 5 8 6 9 9 10 3
740 8 1 6 9 5 7 8 7 9 8 2 3 8 1 3 4 6 5 7 7 7 5 5 5 6
15
724 1 8 1 6 9 6 1 5 3 9 2 3 6 9 4 1 8 7 8 3 6 2 9 1 1
796 5 5 1 7 6 9 9 5 1 10 5 7 8 8 8 3 5 9 2 6 1 5 4 9 1
770 10 10 5 1 7 8 2 5 9 9 8 5 4 4 3 5 1 5 8 4 9 5 7 6 10
769 5 1 10 10 5 9 3 3 8 4 5 7 1 2 9 5 3 6 4 8 7 1 8 6 10
652 4 4 8 5 5 2 10 7 7 6 2 1 8 4 1 9 4 8 4 1 3 2 8 5 7
615 7 3 9 5 3 2 5 2 5 5 2 4 6 1 6 10 5 5 2 6 8 3 5 3 6
657 1 1 1 8 1 5 3 4 1 3 2 4 9 7 5 8 9 1 5 9 2 5 10 8 8
732 1 8 9 10 7 2 10 3 6 5 3 6 1 8 10 5 7 7 7 4 7 9 3 7 1
790 2 7 2 3 9 2 9 6 6 4 9 8 6 8 2 10 9 2 2 9 5 10 9 10 6
698 7 3 9 8 2 6 10 10 10 10 4 8 4 4 8 5 3 3 6 1 2 9 1 4 9
820 5 9 8 6 7 3 2 9 9 9 10 1 3 7 9 4 5 1 9 8 5 10 4 4 6
773 6 1 4 7 9 5 4 8 6 7 4 4 10 7 3 3 8 9 3 4 5 3 9 2 3
820 10 9 6 6 9 4 4 3 5 3 3 8 8 8 7 9 4 9 8 1 7 9 10 5 2
699 10 1 5 6 10 6 8 3 9 2 1 4 5 4 9 3 8 6 2 5 10 5 1 7 5
947 2 5 6 9 9 7 2 2 10 9 10 4 6 10 2 8 2 10 10 10 10 2 6 5 5
15
746 3 6 8 1 8 10 6 5 5 4 7 7 10 7 10 10 3 5 3 2 6 1 7 1 3
783 8 9 7 1 4 4 7 1 3 8 8 4 1 1 2 10 10 1 9 9 10 8 8 4 9
771 1 7 3 8 6 7 5 6 2 6 3 8 7 8 8 3 10 3 8 4 4 10 4 4 9
787 3 1 9 7 7 3 3 8 4 3 9 7 7 7 7 6 10 5 6 5 3 5 6 8 2
653 7 3 3 9 3 5 10 6 6 4 10 6 4 3 1 4 1 5 10 2 9 3 7 6 6
681 10 4 7 1 6 10 6 7 9 1 2 9 4 9 7 2 5 2 5 6 10 5 8 6 6
781 8 7 1 2 9 2 10 8 4 1 9 7 10 5 3 10 8 4 10 9 7 5 2 5 3
665 6 2 1 10 3 3 6 2 1 10 6 9 9 9 3 2 8 3 1 9 4 6 6 2 2
830 6 6 2 3 7 8 7 4 10 9 6 10 10 9 6 8 1 7 4 7 8 1 7 9 3
674 10 4 9 2 1 6 8 3 3 4 8 9 5 10 7 1 7 5 5 7 7 4 1 1 9
750 2 5 2 1 7 7 10 8 6 5 4 7 3 2 1 10 2 3 5 10 5 8 8 7 10
816 3 10 4 4 4 7 8 9 9 9 6 4 9 9 9 3 7 1 10 9 8 2 2 5 1
605 10 6 5 4 5 8 5 10 1 2 3 1 7 2 1 2 4 4 3 4 7 1 8 3 9
649 10 10 6 9 6 4 5 6 7 7 2 1 3 8 1 2 8 5 1 5 2 8 3 8 3
666 2 10 10 1 7 8 9 4 9 1 3 4 9 7 6 1 7 1 7 6 6 2 4 9 2
15
699 6 10 4 7 8 3 1 1 4 5 1 8 10 6 10 4 1 3 5 10 4 1 4 6 6
731 7 4 10 3 2 1 9 8 3 5 5 6 4 2 10 9 7 8 2 2 8 2 5 5 7
719 5 1 1 3 10 4 4 7 1 6 4 3 7 9 3 4 8 4 3 8 6 4 4 2 9
870 9 10 7 3 8 1 9 8 10 1 9 4 5 7 8 9 4 10 7 7 10 10 8 5 10
673 6 9 1 6 10 1 7 3 3 8 2 8 9 4 6 1 5 2 6 6 10 1 6 3 7
856 8 7 6 3 2 4 5 9 10 4 8 10 10 9 4 8 8 8 10 10 1 2 4 9 2
680 4 5 6 3 8 3 5 1 7 2 3 4 8 6 3 6 7 2 7 3 9 5 10 6 4
711 10 7 1 4 1 8 6 7 8 4 3 2 4 4 7 8 4 10 9 10 4 3 5 4 8
730 3 3 4 9 2 5 8 6 8 7 9 6 4 10 3 1 7 7 6 6 7 3 6 10 1
634 2 6 9 10 3 5 1 5 10 4 8 4 1 2 2 9 7 3 3 6 9 1 1 4 3
849 7 8 7 7 10 4 9 7 9 3 7 3 2 3 4 8 10 6 3 10 9 5 3 9 1
685 4 4 10 10 1 2 6 4 3 9 5 3 1 5 10 3 4 2 4 7 8 7 7 10 7
597 5 5 3 1 2 6 5 1 1 9 4 3 1 5 3 1 6 9 5 4 2 10 4 7 4
894 5 10 5 3 6 7 2 9 1 9 10 5 3 5 9 8 9 6 9 6 2 10 4 8 7
878 1 5 7 10 10 10 9 10 6 3 9 10 7 6 7 10 8 5 5 8 5 3 2 4 2
15
641 9 3 4 1 2 5 9 10 4 4 5 1 7 8 8 1 4 8 5 1 6 6 9 5 10
862 5 4 1 7 6 9 7 8 8 6 10 10 2 1 3 9 8 7 8 7 5 4 8 4 3
741 9 9 3 7 3 1 6 2 9 4 7 8 5 3 1 4 10 2 8 9 5 5 7 7 1
815 1 8 7 10 10 4 3 6 8 6 6 10 10 8 3 6 2 4 1 6 7 2 6 8 5
846 10 3 5 4 9 9 8 7 5 5 5 5 2 6 9 6 8 10 8 5 1 3 10 6 8
692 7 5 2 5 5 9 9 7 5 9 1 3 9 4 10 9 5 3 5 2 7 6 6 2 3
864 8 2 7 10 5 8 1 6 9 1 10 10 8 1 4 10 3 2 7 10 8 9 9 8 5
752 10 2 3 7 6 9 2 4 6 10 5 4 9 3 7 4 9 6 5 2 7 3 9 5 1
683 1 9 10 10 1 6 3 4 3 7 5 2 3 9 10 5 8 3 6 7 7 1 9 2 7
681 6 10 8 2 3 4 2 6 5 3 7 5 10 8 2 6 6 9 6 2 9 8 2 3 5
672 2 2 10 1 1 7 1 5 4 3 10 1 5 7 2 4 8 9 1 10 3 8 3 7 3
705 4 9 3 9 8 1 6 2 1 10 8 4 4 1 5 10 4 5 3 2 4 9 3 1 9
618 7 1 2 2 6 1 1 5 4 10 8 5 8 1 6 4 7 4 1 7 1 5 5 4 1
709 6 3 5 8 5 4 5 5 6 8 10 9 10 10 7 5 1 1 6 1 5 1 8 3 7
690 4 2 10 10 2 7 2 7 4 4 1 7 4 2 3 6 2 8 1 9 4 1 9 6 8
15
735 1 5 3 10 9 9 9 4 9 4 5 2 2 5 1 4 4 7 8 1 8 4 4 9 2
656 8 5 3 9 4 2 7 4 6 4 5 10 3 3 2 10 3 4 5 5 5 7 3 1 10
775 5 3 1 7 7 5 2 10 1 1 6 9 7 8 8 2 4 7 9 3 10 8 7 10 9
779 5 8 8 4 9 2 10 5 6 7 4 4 4 10 2 6 5 8 10 7 5 1 10 10 3
696 6 8 3 9 2 3 3 10 7 2 1 9 10 2 3 3 4 7 9 7 4 7 3 10 9
635 1 5 6 9 10 5 7 9 7 1 7 1 9 6 8 2 1 6 2 1 8 2 7 8 5
885 9 1 3 1 5 10 9 9 10 7 10 4 4 4 10 10 4 9 5 10 7 5 1 6 10
853 2 9 9 8 8 5 4 9 6 7 6 7 9 1 2 1 6 6 5 10 5 6 7 8 2
618 6 4 5 4 4 9 5 8 1 3 2 2 3 4 10 3 7 9 10 3 1 2 1 3 10
775 1 6 10 7 7 2 10 8 10 9 4 6 2 3 4 6 8 5 7 3 8 7 7 8 2
810 4 3 6 10 6 8 4 10 9 2 10 2 2 2 1 10 8 8 9 2 7 7 8 1 8
722 4 1 10 1 6 4 3 10 9 1 4 10 1 3 1 7 9 9 2 3 7 9 1 5 6
731 9 7 10 8 10 6 2 3 4 4 1 9 1 8 7 9 2 8 8 5 5 2 1 2 5
694 7 10 1 6 1 5 9 2 2 6 7 6 7 4 4 1 1 1 9 8 10 10 10 5 1
666 6 9 9 6 6 10 6 8 6 3 2 2 6 3 10 2 1 1 6 9 1 6 2 7 6
15
751 4 3 6 4 5 10 4 3 10 3 1 1 3 4 10 4 10 8 1 9 5 9 4 8 7
664 4 8 5 9 1 5 3 1 9 4 8 4 1 1 6 10 1 5 3 8 10 1 5 4 10
860 8 5 4 5 8 5 8 2 8 5 8 7 3 3 3 8 10 7 6 7 4 10 5 6 5
726 7 3 10 7 10 6 4 7 7 4 6 10 1 4 10 6 1 2 10 1 1 4 3 10 1
801 1 3 5 8 2 10 7 6 7 7 6 9 6 6 8 8 2 5 6 10 5 5 7 5 9
716 1 8 8 8 2 3 9 10 7 8 8 2 10 3 8 1 5 5 9 5 10 4 3 2 8
570 10 4 8 5 1 10 4 4 6 5 2 1 9 2 8 2 1 1 5 6 4 10 10 3 6
708 1 6 10 6 3 3 4 2 1 6 3 10 9 4 6 7 9 1 10 2 9 5 2 4 10
555 2 5 5 8 2 1 3 10 5 2 4 6 2 4 2 1 5 2 6 3 4 9 10 3 8
733 10 1 5 10 5 7 4 8 1 6 9 5 5 6 1 7 8 4 7 1 4 10 3 2 2
617 1 3 8 3 7 5 5 1 7 5 6 1 8 7 7 2 1 9 7 1 5 1 6 7 4
899 4 7 6 4 2 6 5 5 7 10 6 10 10 8 6 8 10 9 6 5 5 4 4 10 9
674 6 3 1 5 5 1 5 2 7 5 7 7 3 1 8 4 7 3 10 3 9 4 2 9 10
942 4 9 8 4 5 9 4 8 10 9 10 5 3 6 3 9 10 10 2 8 6 7 3 10 2
800 2 1 4 9 10 7 10 4 9 2 5 10 1 6 8 6 6 7 4 10 9 3 10 1 8
15
859 2 10 7 9 6 10 8 8 9 3 1 2 8 5 10 7 8 8 7 9 6 7 6 4 2
779 7 4 10 10 2 5 1 10 1 8 5 5 3 10 10 10 2 6 8 3 10 5 3 3 10
765 7 7 2 6 6 1 6 1 1 3 9 8 10 7 1 5 9 3 9 9 10 9 5 3 2
786 8 3 5 10 6 3 5 10 9 5 9 7 5 8 4 2 5 8 9 4 3 2 9 7 2
780 7 10 9 5 8 4 5 3 7 7 7 10 1 1 5 3 5 4 3 7 9 9 4 2 7
727 9 5 9 9 6 10 6 7 6 8 8 4 7 7 6 2 1 2 5 5 5 2 8 7 2
841 10 10 4 1 9 2 6 3 3 7 9 5 6 9 3 7 10 2 9 6 7 7 9 3 10
783 5 7 2 9 5 8 8 9 4 1 6 10 6 8 6 10 10 10 7 1 6 6 1 6 2
750 9 7 7 8 5 6 6 7 9 5 5 8 3 5 4 3 5 6 3 10 5 6 1 3 1
670 6 2 7 8 2 2 5 1 1 5 3 4 7 4 10 6 1 8 3 7 2 10 9 10 4
652 8 1 7 3 6 6 10 6 7 4 4 4 5 2 4 7 3 1 3 10 1 4 2 10 9
583 4 4 3 7 5 1 9 1 5 4 5 8 7 10 10 4 7 3 6 3 4 2 4 1 8
765 5 5 1 1 2 8 4 10 7 2 10 4 10 4 4 6 7 10 10 8 2 9 8 7 4
870 9 6 2 7 6 5 4 3 7 8 7 6 8 4 9 6 4 3 10 10 6 9 3 8 6
663 4 3 4 5 7 5 4 8 4 5 10 7 9 4 10 1 6 3 5 3 5 7 3 2 6
15
646 7 2 5 2 4 8 9 2 7 2 9 9 9 7 5 1 8 7 6 4 1 5 6 5 4
790 2 9 7 9 7 8 3 7 3 1 6 10 1 9 4 7 7 2 6 7 6 4 1 10 7
741 6 2 3 1 1 9 6 4 5 8 6 9 7 2 10 8 5 7 7 6 8 6 3 3 4
863 10 3 5 6 8 5 5 9 8 8 7 2 2 1 10 4 6 6 5 9 6 3 9 10 7
724 9 2 4 3 9 7 6 6 10 7 4 4 3 4 2 3 5 2 5 4 7 9 2 8 7
573 3 5 3 7 7 8 2 9 4 1 5 4 2 1 5 2 6 8 4 1 1 6 1 8 4
746 3 8 5 4 8 3 6 6 6 6 4 6 4 6 5 3 3 7 6 5 7 9 3 7 9
627 10 7 9 3 4 3 6 3 10 7 3 6 1 5 5 4 5 2 6 3 3 10 4 5 3
661 5 3 3 5 10 5 8 6 7 9 8 2 4 9 5 6 3 1 1 3 2 10 6 1 4
515 4 3 5 2 2 2 4 4 3 2 3 2 8 3 4 4 5 10 1 6 2 6 2 2 10
638 8 3 7 4 7 2 2 1 9 3 5 1 3 4 9 10 10 3 7 1 3 10 4 6 9
761 10 8 4 5 10 10 6 3 7 9 1 10 3 8 3 4 8 8 4 2 7 6 1 1 3
787 1 2 9 8 8 10 8 3 6 4 8 8 6 6 5 1 9 3 3 10 9 6 8 4 5
756 6 3 2 4 8 2 1 9 10 7 10 6 9 7 10 6 7 2 4 4 5 1 3 9 10
572 8 4 5 7 7 2 4 4 5 3 1 4 2 9 5 5 4 5 6 6 1 5 6 3 6
15
686 7 2 3 5 2 9 1 10 5 2 2 10 4 3 3 9 5 2 4 9 4 9 4 9 4
704 7 4 7 6 1 1 10 5 9 4 3 10 1 4 4 6 5 2 8 4 7 10 7 9 5
675 3 2 2 3 10 6 3 3 3 5 9 3 2 10 4 3 1 3 8 5 6 10 1 9 1
700 4 6 7 4 8 3 10 8 6 8 6 4 2 1 3 3 6 4 6 1 7 4 1 10 6
675 3 4 7 1 3 6 3 5 10 9 5 9 6 8 2 2 5 5 9 5 10 1 3 1 1
756 9 9 8 5 5 8 4 9 9 10 2 3 8 5 1 5 5 6 2 5 3 8 10 3 8
694 4 6 4 3 9 10 2 3 1 10 9 1 8 5 6 4 2 1 8 3 10 4 7 1 5
805 6 7 4 10 10 2 1 8 8 5 6 2 3 10 6 2 4 10 10 7 1 10 3 4 9
652 7 4 6 1 3 4 7 4 7 5 7 6 4 4 1 3 4 8 4 10 1 8 5 4 2
655 10 6 9 3 5 1 7 2 5 1 7 4 9 6 8 1 6 1 10 5 2 10 6 9 5
820 3 7 10 8 7 10 3 5 8 9 8 9 4 5 8 10 2 4 6 2 5 1 10 4 1
857 8 2 8 10 1 9 9 3 4 10 4 8 9 10 8 4 7 6 4 6 10 9 8 7 9
884 5 5 5 10 8 7 7 7 5 8 10 7 9 1 6 7 5 10 9 4 3 8 8 3 5
697 6 5 4 10 1 9 1 7 8 10 5 1 1 5 4 9 4 1 7 5 6 5 6 3 4
813 5 9 5 10 7 10 2 9 2 6 1 8 7 8 6 10 7 6 3 7 3 4 2 2 8
15
626 7 5 8 3 3 1 7 1 5 7 8 9 9 3 1 1 7 1 3 8 5 3 5 6 8
645 6 5 4 1 7 6 4 8 1 9 10 9 7 2 8 1 4 2 2 3 2 2 6 1 1
630 4 9 1 5 3 6 8 10 1 6 3 4 1 3 9 5 7 3 7 4 9 1 3 1 6
736 5 8 5 10 10 1 3 6 7 10 4 5 5 7 7 6 9 1 3 2 2 8 7 1 10
780 10 4 10 3 4 8 10 1 6 10 1 8 3 2 1 9 6 1 3 8 7 9 2 3 10
852 5 7 3 8 7 2 5 4 2 9 6 9 4 7 8 8 8 10 4 8 2 10 1 10 8
688 10 2 6 10 6 1 3 10 10 6 4 10 2 9 6 4 5 5 2 6 1 6 1 9 2
728 4 3 4 7 4 1 7 8 1 10 9 10 2 4 9 10 8 4 2 7 1 4 6 4 2
658 7 10 6 4 2 6 7 9 7 4 6 3 6 6 1 10 4 4 4 9 1 1 9 6 10
713 5 1 3 5 8 6 7 5 9 2 8 3 4 9 1 4 3 8 7 6 4 2 7 8 3
693 1 7 4 10 1 8 7 9 5 2 8 3 8 5 3 9 6 3 6 9 7 1 6 6 1
695 9 7 5 5 1 2 8 9 2 5 10 7 6 8 8 1 6 9 7 1 3 8 4 10 8
715 1 7 7 10 5 2 5 8 5 4 1 6 4 3 4 10 8 5 9 7 4 4 7 5 3
853 9 1 9 1 7 10 2 2 8 9 3 9 8 5 5 1 9 8 7 9 9 3 10 5 5
671 10 3 8 7 2 2 8 10 10 1 8 4 7 4 7 4 8 3 4 2 9 7 10 7 10
15
639 1 1 5 3 6 4 6 6 7 4 9 1 4 9 2 5 10 5 10 2 1 9 5 6 3
621 1 1 9 2 2 10 8 5 8 7 4 1 1 4 7 2 10 5 2 4 7 9 8 2 1
736 5 5 10 5 5 1 10 9 5 10 3 4 8 2 8 4 4 10 2 1 4 10 7 7 3
832 5 7 4 3 9 4 9 6 4 9 8 1 10 2 9 3 10 10 9 5 3 5 8 8 5
790 8 7 4 9 3 8 5 6 3 5 4 10 1 5 9 6 7 8 9 5 10 3 3 4 5
716 7 5 1 1 3 9 3 6 8 6 6 7 9 3 7 4 9 6 6 10 6 2 5 3 4
773 7 3 9 5 8 10 1 3 7 8 2 2 3 3 9 10 2 8 8 1 7 2 3 6 3
717 6 2 5 3 9 6 4 3 6 10 10 3 10 1 8 3 3 9 3 2 6 4 2 4 9
728 2 3 7 5 8 10 4 6 2 4 6 5 1 1 3 4 6 5 6 7 9 2 8 4 7
714 8 6 10 5 4 6 7 6 1 9 2 8 8 1 2 1 2 2 9 5 10 5 8 6 3
771 4 3 2 3 2 5 5 6 3 7 3 10 6 5 4 4 10 7 8 8 10 2 1 6 2
823 9 3 7 9 8 1 7 1 9 2 8 6 4 6 6 2 6 3 8 10 8 9 8 10 6
796 9 6 5 3 1 8 8 4 10 5 8 8 6 3 10 1 6 10 4 10 7 6 3 7 4
711 5 3 8 9 10 2 4 4 2 4 3 9 4 3 10 5 4 2 5 5 9 1 9 4 10
816 5 10 9 9 2 10 7 5 9 7 2 5 4 6 9 7 7 8 7 3 5 7 6 3 6
15
799 4 9 2 3 10 1 7 1 10 8 4 3 8 9 10 3 3 8 3 9 8 7 1 4 9
637 10 4 8 4 10 7 7 7 6 3 1 4 6 1 5 4 1 5 10 3 1 3 2 6 2
748 3 7 10 2 9 8 5 3 10 2 8 10 2 1 6 2 2 6 9 8 2 5 6 4 7
768 3 5 9 9 10 10 10 10 7 5 5 2 9 4 4 10 1 1 1 1 8 5 8 9 5
874 4 8 7 6 7 4 7 10 5 10 4 3 5 10 2 9 3 10 7 8 4 5 2 10 1
740 6 1 9 6 9 7 2 1 6 3 6 6 3 5 4 8 8 5 2 8 2 10 6 8 2
735 8 6 6 1 6 5 10 10 10 3 2 9 6 10 10 5 2 6 5 4 6 4 7 1 10
708 5 10 1 3 2 9 6 5 5 2 4 1 5 3 2 5 8 6 5 10 3 8 4 7 9
717 2 8 3 8 1 6 10 5 8 4 1 2 6 6 6 3 8 7 10 9 8 4 9 9 6
719 7 3 7 8 6 3 6 7 1 8 9 7 4 2 6 2 2 1 4 7 3 7 4 10 9
665 5 9 1 5 2 10 4 8 2 1 2 9 2 2 1 8 1 3 8 9 10 5 2 4 1
705 8 9 7 2 8 3 9 9 9 7 4 2 1 4 4 4 6 2 3 5 3 6 9 7 2
571 5 7 7 4 5 10 10 2 2 3 2 2 2 8 9 1 2 8 10 2 3 4 6 1 6
819 4 6 10 4 5 5 4 7 5 6 7 6 10 3 10 3 7 10 10 7 3 5 3 3 6
764 5 3 4 3 4 9 8 8 4 9 4 2 4 1 6 5 2 8 2 9 8 5 6 8 9
15
654 2 2 3 6 1 10 9 4 10 5 4 4 4 1 2 8 2 2 5 7 8 4 10 5 4
842 4 5 9 10 7 7 5 4 5 10 7 7 7 8 3 7 10 8 5 2 6 2 10 1 7
640 3 10 9 3 10 3 3 5 5 3 3 1 5 6 10 3 3 4 8 3 2 3 9 7 3
623 10 2 7 9 1 2 3 8 1 9 2 3 5 4 6 2 6 3 2 3 7 2 8 2 2
856 8 6 8 9 2 1 2 9 2 8 7 6 9 10 2 3 7 10 1 4 9 8 9 8 8
853 6 3 7 2 10 3 7 3 5 6 3 9 10 9 5 2 8 8 9 10 7 2 9 5 3
690 8 2 9 4 3 3 2 2 10 9 8 4 9 2 5 10 7 8 1 2 6 3 2 9 3
694 3 3 4 8 5 1 7 9 4 10 4 2 10 5 3 6 2 6 3 9 8 2 7 4 2
714 8 2 8 9 10 7 3 5 10 4 1 4 7 8 5 1 6 4 7 7 1 8 4 4 3
815 5 5 3 2 7 2 4 4 9 10 8 8 1 6 7 10 3 10 7 1 5 9 3 6 4
603 2 5 8 2 6 5 3 10 7 6 7 2 4 7 6 3 3 1 4 4 10 2 1 5 4
688 8 8 2 9 3 7 1 2 1 5 6 1 6 3 5 10 7 8 8 3 3 1 2 10 4
626 5 5 2 2 3 5 2 9 4 1 8 6 1 5 7 2 8 3 8 10 2 2 6 7 9
754 6 8 4 7 1 3 6 3 4 10 10 6 7 1 7 9 5 1 2 9 2 6 8 6 6
913 7 9 8 1 10 5 1 9 7 9 5 4 10 1 8 7 9 5 8 8 6 9 10 7 9
15
776 9 7 5 10 3 8 10 10 10 5 4 7 7 5 7 9 1 9 9 4 2 4 4 10 5
752 7 4 4 2 5 3 5 4 7 9 8 3 10 5 2 6 4 8 10 4 5 10 3 7 7
829 4 9 8 3 9 10 1 5 9 9 5 5 3 7 4 9 10 9 8 2 9 3 5 1 8
950 8 3 5 10 6 6 9 10 6 9 3 10 2 7 5 10 2 8 5 4 10 8 7 10 9
761 8 10 4 10 5 1 2 8 2 2 1 7 10 9 8 8 8 4 3 5 6 3 5 10 9
705 3 10 6 5 3 10 3 1 4 5 2 5 2 8 7 4 9 2 1 5 5 9 5 9 10
730 2 10 1 3 2 10 5 4 7 10 1 9 10 6 9 1 5 8 4 5 10 3 10 2 8
696 1 6 7 2 5 7 7 1 1 10 3 5 3 7 2 7 4 10 9 2 3 8 3 4 5
759 7 8 7 7 4 6 1 4 6 10 10 9 5 4 3 1 8 3 3 2 10 6 7 5 3
817 3 8 7 7 5 4 6 3 7 9 9 7 9 3 2 6 10 6 3 8 5 9 1 6 1
875 5 2 6 10 4 10 1 4 5 9 5 9 3 10 6 2 10 5 1 9 10 6 4 6 7
754 4 2 8 6 6 2 3 7 2 9 10 4 3 10 2 10 2 9 6 4 8 2 2 1 4
628 5 6 3 8 6 1 10 9 7 7 4 5 5 9 1 2 1 8 1 4 7 1 5 5 1
968 8 7 6 8 9 9 3 10 2 8 10 10 7 5 10 9 4 9 9 6 10 3 3 4 8
743 5 10 3 1 2 9 3 10 6 1 7 8 6 6 8 1 9 7 2 8 6 3 8 7 6
15
676 7 3 6 2 1 8 2 9 7 2 4 3 10 8 8 2 10 1 4 8 5 2 9 10 4
779 6 9 6 2 10 6 8 7 3 10 1 2 2 8 5 2 9 5 3 9 1 9 7 8 9
740 3 8 9 8 10 5 1 7 7 9 7 8 8 4 6 4 1 4 9 1 3 7 6 5 7
619 1 9 5 3 2 8 10 5 2 8 1 5 3 1 4 2 7 1 5 7 3 10 3 1 7
748 1 10 5 6 8 8 8 9 5 8 7 5 7 6 8 4 3 6 2 5 4 6 5 7 2
719 2 7 6 6 5 2 8 2 7 6 5 5 9 7 5 6 8 9 4 2 4 6 4 5 4
816 5 2 9 7 4 10 9 1 8 8 8 2 9 7 3 7 6 10 2 6 4 7 3 5 9
834 6 9 1 7 9 3 9 4 6 8 6 5 2 2 2 10 4 7 10 9 5 8 10 3 5
685 10 10 1 7 9 3 5 4 5 5 1 6 8 7 5 5 4 5 4 1 9 6 3 3 8
695 10 10 5 2 8 5 2 6 4 2 4 8 10 9 4 5 7 1 1 5 5 2 6 8 5
910 5 9 5 6 9 7 1 8 1 9 9 9 6 6 2 2 9 9 7 5 6 7 10 6 7
781 10 5 8 5 9 1 5 8 2 5 7 4 10 9 2 4 7 6 8 10 2 3 9 10 2
736 8 1 9 2 3 6 7 5 10 9 3 4 4 5 3 7 5 7 2 4 10 6 9 10 8
866 7 2 7 10 7 6 3 3 3 8 10 9 7 1 5 7 4 6 8 7 4 8 9 7 1
655 2 2 3 1 4 6 10 6 4 4 6 9 1 7 3 7 6 1 7 6 3 8 10 4 4
15
702 3 5 6 2 6 6 2 2 6 6 10 9 3 7 10 1 1 6 4 10 4 3 8 7 6
734 6 10 7 10 3 2 4 8 8 6 3 4 2 6 4 10 6 5 8 6 1 8 8 10 5
652 3 4 6 5 9 1 7 5 10 5 2 5 4 3 5 1 7 1 10 4 4 8 9 8 4
629 5 9 1 2 5 3 6 6 9 4 5 2 2 4 4 6 10 1 3 8 4 10 10 3 8
806 4 7 10 10 6 9 5 3 5 2 9 10 2 1 9 7 4 6 1 10 10 6 1 6 7
712 3 5 6 2 6 7 2 2 4 6 10 7 10 3 10 10 3 2 4 8 3 2 10 5 4
714 9 7 9 4 6 4 10 3 10 1 5 8 10 5 1 6 7 2 4 9 6 5 6 1 5
579 2 6 10 3 2 3 10 7 6 9 5 1 7 7 6 7 1 3 4 4 5 1 2 1 9
777 4 3 6 9 8 5 1 4 5 5 2 10 2 6 3 9 6 10 5 9 2 8 1 7 1
676 7 4 1 2 3 10 3 1 7 6 1 4 2 6 7 9 2 10 8 5 4 2 3 1 8
771 8 2 1 6 1 5 9 7 3 3 9 9 4 6 5 10 3 8 6 9 9 3 2 3 10
860 5 6 10 3 5 9 4 9 6 8 3 4 10 7 5 9 5 6 1 10 8 6 10 5 10
752 1 1 3 4 9 10 1 5 9 6 4 5 2 8 4 5 10 6 6 3 4 9 6 7 10
735 6 5 7 5 9 4 8 6 2 8 2 1 4 3 5 1 9 6 9 6 1 6 4 4 10
742 9 10 5 8 7 5 3 1 2 7 5 3 5 5 7 5 9 5 5 5 10 1 6 6 6
15
748 5 4 1 4 9 6 6 8 5 2 5 1 7 3 3 9 6 6 6 10 5 2 3 7 5
607 3 1 5 8 10 2 4 3 2 2 10 6 2 5 10 9 5 1 5 1 1 7 8 2 4
700 7 1 5 5 7 4 7 1 2 1 10 6 3 3 8 4 3 9 7 10 1 2 6 8 7
733 2 3 1 6 10 9 7 8 10 3 4 8 8 7 5 1 5 6 4 2 6 8 5 9 8
773 8 7 1 8 1 3 1 8 9 1 9 6 10 2 6 6 7 8 5 7 6 9 9 5 8
718 9 4 7 9 9 2 8 9 3 7 1 4 2 10 1 10 4 1 4 3 9 9 4 5 4
618 7 1 9 9 7 5 3 8 10 8 3 6 6 1 6 2 7 2 2 1 2 10 10 1 2
691 5 10 4 7 10 5 10 3 4 8 3 2 1 7 8 1 2 10 7 8 1 1 5 4 1
708 5 3 5 4 5 6 5 4 3 8 1 4 8 6 8 8 3 6 6 7 2 5 7 6 2
962 6 8 7 6 9 9 8 7 3 10 5 3 1 7 1 4 6 10 10 10 10 8 5 8 3
814 1 5 4 8 9 1 5 1 9 4 4 6 6 4 9 10 8 6 4 8 9 7 1 6 8
702 9 4 1 10 5 5 4 8 9 1 6 3 8 3 5 6 2 1 4 9 6 7 6 4 6
850 4 9 8 3 8 8 3 5 7 8 5 10 3 5 9 5 3 5 8 9 8 3 2 10 4
701 10 3 7 8 2 9 3 1 1 2 7 6 9 4 2 9 3 8 8 8 3 3 3 8 5
774 2 6 4 3 10 5 2 8 8 9 2 4 9 1 6 5 4 7 3 7 9 9 10 4 2
15
748 1 7 8 9 4 1 5 8 8 6 3 9 3 1 8 9 2 6 8 6 7 3 5 4 8
830 1 2 9 9 6 3 5 4 4 6 10 3 2 5 1 10 10 4 6 7 7 8 3 6 10
600 1 9 7 2 7 3 2 2 6 1 2 9 8 10 2 10 8 1 5 1 3 9 4 8 2
640 7 8 1 9 1 3 2 5 8 3 9 7 7 7 2 2 8 2 8 4 5 6 5 2 1
725 4 8 10 9 5 6 7 9 2 7 4 4 1 2 2 10 3 6 6 3 5 5 7 5 2
792 8 8 7 6 3 6 7 1 7 5 3 10 10 7 2 8 2 3 7 10 10 6 2 8 1
636 1 8 7 3 7 7 1 3 6 8 2 1 9 5 2 6 1 8 5 3 1 5 9 4 10
849 9 6 9 4 9 2 2 10 9 9 8 2 3 10 8 6 9 7 5 5 4 5 5 5 8
798 9 6 3 8 7 2 5 6 7 2 5 10 4 9 7 9 4 10 8 5 8 1 3 1 4
809 8 7 9 4 8 2 4 1 1 9 5 10 8 3 1 2 7 5 3 5 10 8 2 9 4
605 4 8 7 10 1 3 7 9 5 9 2 2 1 7 3 3 1 2 9 2 4 8 10 9 4
639 5 8 4 10 1 3 8 5 7 1 9 8 2 3 2 1 5 5 7 5 8 5 2 1 4
707 7 10 2 5 10 8 10 6 5 1 1 6 8 4 4 9 5 7 1 2 9 2 2 6 3
953 9 5 10 10 10 10 7 9 7 10 9 4 4 10 2 2 9 7 10 8 2 4 9 2 10
624 4 2 9 6 6 1 1 8 5 2 5 9 7 2 3 9 3 3 4 1 5 6 5 2 5
15
701 1 4 10 2 4 1 1 8 3 6 9 6 8 2 2 5 6 9 3 7 2 9 5 5 9
727 7 7 3 3 2 2 2 10 5 8 1 7 10 10 9 6 3 6 4 2 8 9 1 7 7
707 10 10 5 5 8 8 3 4 7 6 6 7 9 10 2 6 6 4 4 3 2 1 10 2 9
807 4 7 6 7 6 3 9 5 8 7 6 4 1 8 4 5 10 10 4 7 5 9 9 1 8
561 2 6 9 1 4 4 9 5 1 2 7 2 4 5 10 6 2 1 3 4 8 3 10 1 5
624 1 7 6 2 9 5 7 5 9 3 1 1 10 6 3 3 3 8 3 9 8 2 6 2 1
772 3 7 2 7 5 4 9 8 5 3 7 5 6 1 4 10 6 7 2 4 6 10 10 8 8
717 4 1 9 8 2 10 5 8 2 3 2 6 4 7 2 6 6 1 3 8 9 9 7 4 6
780 10 2 5 9 4 9 10 10 7 4 6 7 9 9 10 4 8 4 2 9 3 6 4 1 6
619 5 7 3 5 2 4 3 1 5 5 6 9 3 2 5 4 2 6 5 8 7 1 4 10 3
639 2 5 8 9 2 1 3 2 9 7 3 1 10 6 4 2 10 3 4 7 8 5 2 8 3
886 7 5 7 2 6 2 7 7 9 7 5 9 6 5 9 10 10 9 3 5 9 5 4 10 7
625 1 4 4 5 4 2 6 5 3 1 7 6 5 8 8 7 8 8 1 8 1 7 2 6 8
643 5 9 2 8 3 1 10 1 2 7 1 5 5 5 9 7 4 8 2 3 8 1 7 1 5
602 7 3 2 8 1 7 2 4 5 1 7 3 5 9 8 3 3 9 10 5 1 4 4 3 3
15
642 1 3 10 1 8 5 7 1 9 6 2 6 6 2 2 7 3 6 8 1 10 4 6 3 5
824 10 9 6 6 7 9 6 3 5 7 8 6 2 6 6 5 10 9 5 6 4 1 10 5 4
755 3 5 7 9 10 5 8 2 8 8 5 8 2 1 2 9 8 6 2 3 1 2 10 2 8
743 8 1 3 2 2 9 6 10 9 7 9 1 8 1 3 2 1 10 4 10 2 9 8 3 9
964 4 9 9 8 9 8 7 7 3 8 10 10 9 1 7 9 6 5 10 10 6 4 4 3 2
682 1 10 8 3 3 4 7 8 2 2 1 4 1 2 6 10 3 10 6 9 3 10 5 1 4
741 2 9 7 6 9 4 7 1 7 7 2 8 2 4 9 10 3 2 9 6 3 1 4 10 6
789 5 2 9 10 6 10 3 5 4 6 7 3 4 3 3 9 10 6 5 4 6 1 3 1 8
741 5 5 7 6 10 6 8 3 3 2 5 1 1 4 2 10 6 4 4 7 6 2 9 8 6
780 1 9 10 10 5 4 3 8 2 8 4 1 3 4 1 10 5 7 4 7 6 6 1 10 2
689 10 6 6 1 2 1 8 6 5 4 1 7 9 2 10 6 6 9 5 8 10 4 1 1 6
918 8 2 10 5 8 4 10 10 5 8 5 4 1 6 3 10 5 8 10 9 7 6 9 3 9
738 8 6 10 1 10 10 7 1 10 1 5 3 2 9 8 5 1 6 8 8 10 3 2 8 7
709 4 2 7 7 10 2 10 5 2 6 9 5 1 5 7 1 6 3 4 8 6 2 3 5 2
694 3 6 9 5 5 3 7 6 10 10 5 5 4 4 2 9 8 2 9 6 3 4 4 1 2
15
928 5 4 2 9 9 10 10 9 8 6 8 5 8 3 6 8 9 9 4 7 9 7 2 2 1
730 1 2 9 6 8 1 1 6 1 9 1 5 2 2 3 10 1 9 2 5 1 10 1 10 6
729 2 6 9 5 8 5 4 5 7 1 3 3 10 9 5 10 10 3 4 2 5 7 4 8 5
700 6 4 9 4 2 10 3 6 4 10 6 2 10 3 3 8 4 9 1 1 2 6 9 1 4
693 1 1 10 4 2 9 4 3 4 4 3 2 1 4 8 5 7 5 10 4 8 4 8 5 9
697 5 4 4 9 2 4 10 4 9 8 5 2 3 1 8 5 7 9 5 4 4 2 6 6 2
799 5 1 5 6 4 10 7 5 4 8 3 10 6 10 10 4 10 6 10 8 6 4 1 1 7
736 9 1 5 5 1 6 1 1 3 8 7 9 4 5 5 8 3 10 3 8 5 1 2 8 2
785 6 2 9 2 4 9 1 9 5 9 3 3 10 7 8 7 7 2 7 6 9 8 8 3 7
900 5 9 10 5 8 7 6 10 2 5 8 8 5 8 6 4 5 9 7 6 4 10 6 10 7
725 7 8 1 6 6 1 7 7 10 7 4 10 7 10 4 9 1 10 5 3 3 6 4 1 4
621 7 2 4 1 7 5 1 2 9 5 1 7 2 8 3 3 10 6 4 7 2 3 9 5 1
659 9 9 1 10 7 5 7 2 9 2 8 6 7 2 1 10 7 2 3 2 2 4 3 8 8
791 7 1 2 9 6 5 2 10 6 1 9 9 2 3 7 6 6 4 5 10 4 4 7 8 6
793 1 8 8 6 9 8 2 7 4 8 3 5 4 4 2 9 4 9 7 6 1 2 3 6 8
15
692 2 4 10 7 1 9 1 4 5 3 1 7 7 1 9 3 8 10 2 4 5 10 4 3 9
740 1 1 8 5 7 1 4 9 1 8 10 9 8 5 7 1 1 4 7 5 3 6 8 10 2
762 9 6 6 4 5 6 7 8 8 8 3 10 5 1 8 5 2 7 7 6 8 1 5 5 7
573 4 8 5 3 2 10 9 4 5 4 4 1 6 10 4 7 4 3 6 3 2 3 10 5 3
716 1 5 4 1 9 1 8 3 10 5 8 7 6 6 2 4 7 4 6 5 9 10 7 3 10
779 9 7 10 6 4 8 4 2 9 6 4 10 7 10 8 9 3 1 4 10 5 8 6 5 10
615 6 1 10 2 8 4 9 3 7 6 5 2 3 3 1 2 1 3 1 9 7 7 1 4 4
750 3 4 5 2 8 5 6 1 1 10 4 10 10 8 10 2 5 7 6 10 2 5 3 1 4
894 10 7 7 5 6 5 3 1 8 10 8 9 10 8 6 8 6 9 4 10 5 6 2 4 1
664 6 5 3 1 8 4 6 4 1 3 10 4 8 10 7 7 3 6 1 10 1 8 2 4 1
702 2 5 1 4 10 7 2 4 6 4 9 8 2 6 5 10 5 1 5 4 5 8 8 2 9
725 1 1 7 5 1 6 5 6 2 5 4 8 9 4 4 8 7 5 5 10 1 10 2 4 7
695 2 7 7 7 1 3 9 3 1 7 7 6 6 1 3 10 3 1 2 9 9 4 10 1 2
849 10 5 4 2 4 4 5 2 9 7 2 9 4 2 2 4 9 10 9 8 10 8 7 2 10
759 1 4 4 8 2 3 3 1 5 2 4 7 5 8 10 10 9 6 7 8 7 8 9 4 5
15
787 1 10 8 5 6 1 9 5 3 10 6 10 10 8 2 4 4 4 9 8 10 2 4 1 3
568 3 5 1 5 1 3 9 3 8 1 4 2 6 8 2 5 8 1 6 8 2 9 10 8 4
768 8 1 4 10 5 8 2 2 10 6 10 10 8 2 4 10 1 9 2 8 4 1 9 4 1
780 7 10 2 6 10 1 8 8 1 2 3 9 8 7 2 8 10 3 2 6 6 5 10 6 4
789 5 2 10 2 5 4 1 2 3 10 10 9 7 10 5 6 1 8 2 9 7 6 3 2 5
856 9 5 9 7 4 3 10 6 2 10 5 8 2 8 3 8 10 7 8 9 2 2 6 9 1
814 7 8 3 1 9 2 2 10 9 8 5 8 8 2 6 1 7 1 6 10 4 10 8 5 7
770 5 5 1 7 8 9 5 8 3 10 7 10 2 9 7 3 1 7 2 2 4 3 6 9 2
677 5 2 3 1 5 8 5 4 5 8 8 4 8 1 4 4 9 3 2 2 6 10 5 4 4
873 1 9 2 8 5 6 5 8 4 10 8 8 8 3 9 7 4 4 2 8 8 6 6 4 8
755 3 1 3 2 7 8 2 4 10 8 10 6 2 8 8 10 10 2 5 2 9 4 10 3 9
691 9 4 10 1 3 2 8 5 2 8 8 7 7 3 4 3 9 2 6 3 5 8 10 1 4
988 5 4 9 2 6 7 7 10 4 5 10 8 6 2 7 7 9 6 9 10 10 9 2 10 7
563 4 1 3 1 9 4 8 8 6 6 1 9 5 10 4 3 4 1 9 1 2 1 6 5 10
637 10 3 2 9 5 5 4 1 8 2 7 2 9 4 9 3 6 1 5 10 5 1 9 6 5
15
599 6 8 3 3 3 10 3 10 6 3 5 5 4 2 7 3 5 2 6 6 3 3 6 3 2
734 1 9 2 3 1 10 7 8 2 10 9 9 7 3 8 2 3 4 6 9 3 6 10 6 2
732 3 5 1 5 10 4 5 2 10 7 2 8 2 1 1 10 5 5 8 4 10 10 5 3 4
838 9 9 10 10 8 9 8 7 6 8 8 1 5 9 5 7 5 6 5 3 4 9 3 3 9
775 2 4 6 7 6 9 8 5 10 3 7 2 3 2 3 9 9 6 5 6 8 3 8 6 2
742 3 5 6 7 2 2 5 4 7 8 5 3 4 5 10 10 5 9 8 8 6 4 2 6 10
681 2 9 2 10 3 6 10 1 1 1 2 5 9 4 9 7 5 2 6 9 5 10 6 6 6
676 4 2 10 9 8 4 10 6 8 3 8 8 7 2 10 2 3 7 5 1 8 1 1 5 6
631 2 1 9 5 5 3 6 5 4 3 4 5 9 8 5 5 2 8 5 1 4 8 6 9 10
612 3 3 2 4 1 4 6 3 1 6 7 7 5 7 4 8 9 9 8 1 1 2 8 3 10
767 10 5 5 10 6 5 1 10 1 7 3 4 2 4 9 6 2 7 10 10 1 3 8 3 4
677 2 9 8 8 4 6 7 3 8 3 7 8 2 2 3 7 3 2 10 4 5 9 1 6 6
949 1 3 8 1 9 5 9 5 7 7 10 9 8 2 5 4 10 10 7 9 7 5 1 10 9
692 2 4 2 2 4 7 6 2 8 2 8 8 4 6 3 9 2 4 7 8 8 1 8 9 10
747 4 8 5 7 9 2 6 8 10 1 5 8 1 8 1 10 6 8 1 1 1 9 10 10 9
15
717 10 4 6 10 2 5 2 3 2 8 3 9 7 10 4 7 2 3 6 3 4 8 5 9 7
754 2 3 6 8 9 5 1 10 6 7 8 4 6 7 7 10 10 2 4 4 8 2 8 1 1
552 1 1 10 2 2 1 9 1 9 7 10 2 10 4 3 9 2 2 10 2 1 7 7 3 1
689 5 5 6 4 5 2 10 8 7 2 5 4 5 2 4 4 3 6 5 7 4 5 9 9 4
814 4 4 1 5 8 6 3 1 4 10 3 5 8 3 4 9 10 5 10 8 6 7 7 1 2
800 4 10 8 6 2 7 8 4 4 9 2 9 10 5 10 1 10 10 8 2 9 2 2 1 6
851 1 6 4 8 8 8 6 9 6 8 5 10 1 2 6 10 1 5 7 4 10 5 8 1 7
772 9 8 6 7 8 9 8 5 6 2 6 6 6 8 3 6 4 4 10 8 1 1 8 10 8
800 8 9 7 8 7 3 1 7 7 2 2 7 3 2 1 6 9 8 10 7 6 7 10 9 6
689 7 3 3 9 5 1 9 6 4 1 1 10 10 10 6 5 7 9 8 2 1 3 9 10 3
671 3 2 6 1 4 6 6 9 1 6 4 6 10 5 5 6 5 4 5 5 2 3 4 6 9
801 10 8 8 9 10 1 1 4 6 9 1 5 9 6 10 3 5 6 1 9 9 7 8 3 10
616 8 3 5 3 4 3 5 3 1 3 2 9 10 8 8 5 1 5 9 5 2 8 5 3 7
870 8 1 4 8 9 6 1 10 6 9 10 1 4 2 2 7 2 9 3 10 7 8 10 7 4
769 1 1 7 10 4 10 9 3 10 7 8 7 7 3 5 2 5 7 7 8 1 6 10 4 9
15
656 9 10 5 9 4 2 7 8 5 2 4 4 8 6 5 5 10 3 8 1 3 2 10 3 3
609 3 8 9 1 1 7 7 3 4 5 2 6 8 7 7 4 1 6 3 10 3 3 3 3 8
713 1 3 10 10 2 6 4 3 2 3 6 3 1 5 1 7 3 7 8 3 7 5 10 9 7
752 10 4 7 6 9 3 3 2 8 6 5 6 5 7 8 2 7 10 2 3 9 8 5 5 7
702 6 5 4 2 6 2 1 2 6 6 1 8 7 10 1 7 8 3 4 10 2 3 7 8 7
652 5 7 1 9 6 7 9 3 4 5 5 1 4 1 7 4 1 1 5 9 7 5 4 1 5
670 5 5 4 4 1 7 3 10 6 8 1 2 5 4 8 1 3 8 1 5 10 7 9 6 7
751 1 2 2 6 4 9 7 4 6 6 3 4 9 9 7 6 10 3 1 9 7 6 7 9 8
779 5 5 5 3 2 9 4 7 3 9 9 9 4 10 9 1 10 9 7 5 6 8 3 1 1
834 5 9 6 5 2 3 1 9 8 10 3 9 8 5 9 10 2 10 1 5 8 2 5 7 5
819 4 6 9 5 2 7 7 2 7 6 8 7 9 4 10 7 7 4 9 10 2 10 8 4 1
831 3 9 8 9 7 9 7 9 1 6 5 9 10 4 7 1 3 4 10 10 4 1 4 4 4
796 5 3 5 4 10 2 9 4 9 10 7 3 5 8 9 9 5 2 1 9 3 4 7 10 3
650 1 6 2 3 6 5 9 1 2 5 7 4 4 10 2 10 8 4 2 6 8 4 1 2 3
740 4 4 8 4 3 9 9 2 1 7 4 4 8 7 4 6 6 7 4 3 9 5 10 4 10
15
597 2 4 3 1 1 2 1 4 6 4 8 1 3 1 4 10 7 2 6 5 4 10 9 8 10
756 1 7 2 6 9 5 8 3 4 7 10 8 3 2 8 6 6 8 4 3 8 1 5 7 5
645 4 6 3 8 2 4 1 2 8 7 1 10 9 3 9 5 6 1 5 7 4 8 5 2 8
697 7 8 8 6 9 5 7 8 5 9 1 8 6 6 8 2 9 5 2 1 1 6 10 2 9
706 5 1 7 6 10 1 3 6 9 2 1 8 5 6 6 5 7 5 4 7 5 7 8 6 9
717 1 6 2 7 9 1 8 5 7 9 3 10 10 6 1 2 5 9 4 2 8 1 5 7 5
701 9 3 6 10 8 6 2 4 10 4 10 4 10 8 6 2 4 9 2 1 1 3 6 10 4
803 4 5 7 1 8 8 4 5 4 4 10 3 5 5 8 3 8 10 10 5 6 9 3 4 10
694 3 7 5 4 5 5 6 4 2 7 7 10 9 6 1 7 6 1 4 2 5 5 5 5 8
897 4 7 6 4 10 8 7 9 9 10 10 7 4 9 8 9 1 7 1 7 5 5 4 5 4
772 5 6 9 6 4 6 4 8 9 8 4 8 8 8 9 1 8 7 5 2 7 1 1 6 4
701 8 7 10 7 1 6 5 8 5 5 4 8 10 8 1 9 1 4 10 8 2 1 1 5 4
716 4 2 7 10 2 2 4 1 9 8 9 1 3 5 7 9 8 1 9 10 2 6 9 1 3
717 1 2 3 7 10 7 2 1 7 5 2 7 2 9 8 6 8 5 2 4 5 10 6 2 2
818 2 7 10 3 7 5 8 7 6 7 8 1 10 5 7 9 4 2 6 1 8 10 10 9 5
15
767 8 6 9 7 5 10 2 7 2 1 3 9 8 4 8 10 7 3 1 4 3 6 3 10 9
661 1 5 7 4 4 3 3 4 3 5 6 9 8 1 2 8 8 3 6 3 8 7 10 3 4
702 4 2 10 8 7 2 8 3 7 7 6 4 10 1 8 8 4 2 4 4 3 7 7 1 5
831 6 10 4 7 3 9 7 10 2 9 5 4 8 8 5 9 1 8 7 9 4 5 4 8 3
686 4 10 1 8 3 9 5 5 5 1 1 7 2 1 7 3 4 10 5 7 8 9 10 1 10
620 4 1 6 3 6 3 7 9 7 2 5 8 10 10 1 2 5 3 9 5 2 5 6 7 5
752 2 5 4 7 7 10 6 7 10 6 8 3 9 10 10 3 9 6 5 2 1 6 10 7 5
842 4 5 7 2 1 9 4 8 3 8 6 4 7 3 10 7 5 7 7 7 8 7 5 7 6
792 9 1 3 2 10 7 9 10 9 1 6 6 1 1 9 7 4 10 4 9 6 2 9 9 8
592 7 1 3 4 2 6 5 4 9 1 1 9 2 5 5 2 5 7 10 1 3 8 4 5 4
806 6 5 3 9 10 6 10 9 8 3 2 8 10 4 2 7 3 9 7 3 5 10 7 6 7
715 6 9 8 8 2 8 5 10 5 4 8 9 5 3 2 7 4 4 3 10 4 1 5 3 2
607 7 8 4 6 9 3 6 6 6 3 3 2 6 2 9 2 2 4 3 4 1 4 5 9 4
766 4 1 5 4 6 4 1 7 2 1 1 9 9 8 7 2 8 4 7 6 10 10 10 9 6
764 2 10 5 8 2 2 2 10 9 9 4 9 5 4 7 9 9 4 3 4 9 3 7 2 10
15
766 6 1 8 1 7 9 3 7 1 7 1 10 1 4 1 7 6 4 8 6 10 8 8 6 7
683 5 7 4 4 1 6 5 8 8 7 4 5 7 10 6 6 3 6 1 4 2 9 5 8 1
812 3 10 6 4 7 3 6 9 5 10 8 7 9 10 7 2 7 4 6 5 4 8 1 4 4
641 5 5 8 3 2 2 8 2 4 3 3 5 4 3 10 5 5 7 8 6 10 2 2 7 10
669 2 7 10 10 4 9 1 2 10 2 7 3 2 8 1 4 8 1 9 8 6 7 6 5 5
628 2 6 1 1 2 4 9 1 10 10 2 3 3 4 2 7 4 4 4 8 8 9 5 1 5
599 4 4 1 10 1 6 2 5 2 6 6 2 1 5 7 6 9 9 2 2 6 5 1 2 5
841 6 6 7 1 10 9 10 5 4 2 9 7 7 9 9 2 5 9 3 9 6 6 4 8 7
863 4 8 4 9 6 10 7 8 10 1 5 7 4 10 6 5 6 10 5 8 10 5 9 1 6
816 3 9 10 7 4 10 5 1 5 5 9 1 3 5 9 8 8 10 2 5 9 2 1 9 6
750 10 3 5 7 4 3 9 8 6 6 4 6 10 6 10 1 10 10 6 4 3 3 10 8 2
688 4 8 5 1 9 2 9 2 3 2 9 10 1 10 7 4 10 9 5 3 5 2 3 2 3
861 4 7 6 4 8 4 5 6 10 9 8 8 4 3 2 5 9 6 8 6 3 10 2 10 10
768 7 4 8 1 10 8 4 5 10 6 3 8 1 9 5 7 8 1 6 9 7 1 3 4 9
730 7 6 10 2 10 4 5 7 3 7 1 3 1 5 6 6 7 9 3 5 2 4 6 3 1
15
743 4 1 6 6 4 5 6 10 10 6 9 4 5 5 9 1 5 2 9 5 5 9 7 8 8
605 9 6 7 7 9 3 5 5 7 4 8 3 6 7 8 5 1 3 5 1 5 1 8 1 10
861 10 5 3 7 7 2 3 9 4 10 10 5 7 3 9 10 3 3 6 9 3 6 9 1 9
938 8 8 3 6 9 8 10 8 8 4 4 7 4 9 8 8 9 6 10 10 8 1 2 7 4
601 3 1 6 6 1 4 3 7 8 2 2 6 2 10 9 9 6 3 1 7 6 6 7 2 4
726 9 5 8 6 2 1 9 3 6 2 5 4 6 1 6 4 6 7 9 8 6 8 3 9 6
729 1 3 9 7 6 2 8 6 9 6 10 4 6 1 7 4 7 4 6 7 8 6 3 3 6
771 4 3 2 6 3 5 9 10 4 5 4 10 8 1 1 10 8 7 8 3 4 6 1 8 2
604 2 9 9 4 6 3 3 10 5 4 1 6 2 4 6 3 10 7 8 1 2 2 2 5 10
756 2 1 1 7 5 10 6 5 7 1 2 5 2 4 9 8 10 5 8 6 9 10 4 1 7
600 3 4 3 1 4 10 10 10 10 3 6 10 3 4 3 1 1 3 4 8 2 3 9 2 7
731 4 8 1 8 2 9 10 2 1 5 1 2 10 10 4 2 9 5 9 3 9 9 1 8 6
806 2 7 3 8 9 10 3 10 7 3 4 8 2 5 6 8 3 5 6 2 8 8 5 10 9
720 8 6 7 1 1 7 8 8 4 8 7 3 8 7 10 4 5 5 5 4 4 9 10 9 7
823 9 10 7 9 5 6 3 4 1 3 2 5 5 10 10 5 9 7 1 8 5 7 9 10 3
15
642 4 6 7 1 5 1 10 3 3 6 5 1 2 7 10 7 7 5 7 1 10 1 6 6 1
745 7 9 6 6 3 2 8 5 1 10 6 2 6 6 5 7 5 5 2 4 4 8 10 4 4
760 5 5 4 10 9 8 8 5 5 5 3 1 1 1 7 4 10 7 4 5 1 5 2 9 10
541 5 1 9 10 2 3 4 1 3 3 1 4 1 6 3 2 2 2 5 9 5 4 3 9 1
755 2 1 3 9 7 4 2 2 7 10 2 1 5 1 10 5 9 7 5 3 9 9 2 3 10
862 9 10 3 9 4 10 6 1 1 8 10 5 9 7 3 4 8 4 7 9 8 8 8 9 7
608 4 9 10 1 5 4 9 2 4 2 6 5 2 4 3 3 1 6 1 9 5 3 6 6 9
843 5 3 4 6 5 6 3 10 6 9 9 10 8 4 3 2 9 10 5 7 3 3 9 6 9
708 4 6 2 6 6 2 8 4 4 7 1 5 3 6 6 4 3 9 4 8 9 6 10 7 2
738 4 9 10 1 4 4 4 10 8 9 4 4 1 9 6 8 6 7 5 3 3 8 9 5 8
742 5 9 6 4 1 5 2 6 10 2 5 5 6 9 3 8 10 2 10 10 5 7 3 4 6
851 10 5 2 9 1 8 3 10 6 5 8 6 10 7 3 10 4 8 4 8 8 2 9 7 4
812 3 1 8 6 8 1 5 7 2 5 7 8 1 9 9 10 10 8 9 4 1 6 5 9 5
747 4 10 8 7 6 2 7 5 2 4 5 2 8 5 9 4 9 2 7 9 10 6 2 6 7
674 6 3 3 5 3 8 3 10 10 6 1 10 9 3 7 4 7 4 5 2 2 7 6 9 2
15
781 9 9 4 1 9 2 4 3 9 5 4 1 4 1 10 6 8 7 1 8 10 10 10 7 6
689 9 7 7 3 7 6 2 4 1 2 2 6 3 7 8 5 2 9 5 4 5 9 9 2 6
668 3 5 1 9 7 9 5 5 7 6 9 4 3 10 2 2 9 3 9 5 1 4 2 5 1
604 5 7 9 8 4 4 7 9 10 4 7 1 1 3 1 3 1 6 2 4 5 10 1 2 5
781 2 9 7 9 8 9 9 1 10 2 5 3 6 2 2 1 6 8 6 6 9 8 6 6 10
707 4 1 3 2 9 8 2 6 2 7 8 5 1 2 7 8 6 1 9 8 4 3 9 1 5
721 8 7 10 10 7 3 9 7 5 3 8 9 7 1 5 3 2 5 5 2 4 5 4 6 8
705 6 8 3 10 10 7 1 1 4 8 1 5 6 10 3 7 1 9 8 1 1 7 7 2 9
693 7 3 9 1 2 1 3 8 8 7 9 4 1 5 7 7 1 10 10 7 5 1 7 3 5
844 3 1 8 5 10 7 3 3 10 8 6 6 4 3 1 10 7 6 7 3 5 10 10 7 8
886 2 3 7 3 4 8 10 6 2 6 5 5 5 9 5 10 10 10 7 6 10 7 2 10 1
745 9 7 5 4 9 4 3 8 10 4 3 3 1 3 8 4 5 6 6 9 6 6 2 9 2
748 2 7 9 6 7 1 6 10 4 9 7 3 5 1 7 5 6 4 4 10 1 7 7 1 4
699 8 3 2 6 7 4 9 6 4 4 7 8 9 5 4 2 5 2 5 7 5 7 1 2 7
738 1 2 3 9 6 7 3 9 5 5 10 2 4 7 3 5 8 2 5 6 6 2 9 10 4
15
816 9 4 7 3 8 2 9 3 3 2 3 7 1 4 10 6 4 9 8 9 8 7 6 4 10
723 10 4 1 10 4 10 8 4 2 6 2 10 8 5 3 4 3 6 10 2 5 4 9 5 10
723 2 8 10 6 4 4 6 8 5 5 6 7 6 4 6 6 1 2 10 9 3 10 1 9 10
768 5 2 8 5 10 8 3 10 8 1 4 4 7 6 9 2 1 8 9 2 7 7 6 9 8
792 5 4 3 1 6 3 1 3 8 8 6 10 9 4 7 9 2 9 7 8 2 7 7 2 4
726 8 4 7 3 6 1 1 5 2 5 2 3 2 2 7 8 3 9 8 8 7 10 4 1 7
691 10 5 3 10 4 4 10 4 9 8 4 3 2 9 7 6 4 3 9 6 3 9 3 5 3
690 2 10 7 6 3 4 2 3 9 2 5 3 7 4 8 10 10 7 3 9 6 3 3 5 7
726 2 3 9 6 3 1 2 7 6 7 6 1 3 6 4 7 5 9 4 8 4 4 5 6 4
773 5 4 3 5 4 9 3 4 9 8 9 3 7 9 2 8 4 7 5 4 4 8 3 7 10
736 6 6 6 10 2 10 6 7 2 5 7 2 5 4 4 7 8 2 3 10 1 5 9 4 2
763 5 5 3 3 10 2 6 7 3 7 9 2 6 10 9 6 3 7 8 1 6 8 2 3 4
740 6 6 5 6 3 10 8 4 6 4 6 8 4 7 4 8 5 2 1 5 6 6 9 8 7
791 10 5 1 8 6 5 1 4 3 6 8 8 2 6 9 5 1 4 6 9 8 4 8 4 2
778 10 10 8 10 10 6 4 6 6 9 2 7 9 2 9 10 3 2 2 4 4 4 6 6 4
15
831 9 1 2 9 7 4 2 10 1 8 7 10 1 10 4 6 4 6 9 10 6 9 1 5 1
736 1 3 9 5 4 6 1 3 4 7 9 6 1 3 2 9 2 8 10 6 2 5 4 6 10
760 5 3 7 10 5 10 4 9 7 8 4 1 4 1 5 2 3 4 6 7 10 9 7 7 3
633 5 2 1 6 1 6 6 5 6 2 2 2 9 7 7 2 4 9 4 5 5 9 3 10 6
646 3 4 6 2 1 8 4 3 7 3 10 10 5 5 3 2 8 5 10 3 8 1 10 2 8
663 4 3 7 10 4 8 8 6 9 4 4 1 1 8 1 8 6 4 4 10 3 2 4 9 2
774 6 3 10 4 2 7 7 9 4 9 7 5 6 2 2 10 10 7 8 1 7 3 8 6 1
747 4 9 2 3 5 7 3 4 10 10 5 3 8 6 3 2 10 6 8 7 3 7 1 6 6
674 7 8 2 7 9 3 2 3 7 4 2 8 3 8 8 9 2 2 7 1 7 5 7 3 2
680 5 3 3 9 6 10 10 9 8 5 4 2 10 4 5 4 3 5 3 4 1 1 3 9 7
641 6 3 10 1 1 3 4 2 4 9 3 7 3 8 9 7 6 5 10 8 2 3 2 1 1
661 9 5 10 2 4 8 10 7 5 1 8 6 1 6 1 1 9 6 4 2 7 3 3 10 4
819 3 3 8 2 9 10 8 6 3 5 6 3 9 5 2 6 10 4 8 3 5 6 10 7 9
728 3 5 10 7 3 5 2 1 8 2 9 8 4 10 9 2 10 7 9 3 7 9 2 4 8
758 7 3 10 2 9 10 3 4 4 2 10 1 8 5 7 7 7 1 5 8 3 10 8 3 7
15
771 3 6 2 9 9 2 10 2 8 1 9 3 8 2 9 9 10 3 4 9 6 8 2 7 9
759 6 8 10 2 4 5 4 10 9 10 2 9 8 2 6 4 9 1 6 10 6 1 5 1 2
805 5 2 1 3 7 2 10 8 1 10 10 7 6 2 9 7 9 2 8 1 10 2 10 5 2
849 9 4 8 2 8 3 2 10 10 9 3 4 7 6 2 8 7 10 7 5 9 7 10 1 6
821 7 2 9 2 1 5 8 8 3 9 1 6 1 6 3 9 1 10 8 8 8 6 9 9 2
800 7 5 3 9 9 8 8 6 3 5 2 8 9 3 5 4 7 5 8 8 4 8 1 8 6
761 1 4 6 9 8 2 1 2 3 8 8 9 6 6 6 3 7 5 2 6 9 7 2 9 1
785 9 3 5 9 1 9 8 2 1 1 4 10 1 9 10 2 10 10 6 9 9 2 8 6 6
722 1 3 4 8 10 2 10 9 3 4 3 3 2 1 10 7 5 7 8 6 3 4 6 9 6
655 10 5 2 1 3 2 10 4 4 10 2 1 6 6 6 5 5 9 5 4 9 5 1 2 7
723 2 5 6 7 2 9 7 7 6 3 2 9 1 1 7 10 10 2 6 3 10 10 6 3 7
752 8 9 3 9 3 10 2 9 3 5 5 3 4 2 6 9 2 4 8 5 3 2 4 10 9
626 3 10 2 9 10 1 8 1 9 2 2 5 6 1 3 1 7 9 3 1 6 5 6 6 6
571 5 4 4 8 1 5 6 7 7 3 1 2 3 4 8 1 2 4 6 4 5 2 7 9 9
796 9 9 2 4 5 3 4 9 2 10 4 9 4 1 2 2 5 8 7 9 1 9 4 8 6
15
689 9 8 8 2 9 8 6 3 10 1 8 6 3 1 10 1 5 1 10 8 4 8 1 7 10
682 2 6 3 6 8 3 10 3 6 1 9 8 7 1 7 2 1 4 9 8 5 3 2 7 6
722 7 4 3 10 1 2 7 4 1 2 9 5 7 3 1 3 10 7 2 4 10 9 6 3 10
693 3 1 8 2 7 2 7 5 6 4 9 8 10 9 10 7 3 5 4 6 5 4 7 2 9
703 9 6 2 4 6 7 2 7 8 1 10 2 8 6 7 1 4 3 3 10 7 3 6 8 9
811 9 9 3 9 4 8 9 5 8 9 8 8 7 1 1 5 9 8 1 4 4 3 10 3 10
697 3 2 2 9 4 10 1 3 7 7 1 8 3 2 5 1 6 2 8 2 10 10 6 10 10
743 10 5 9 8 3 5 3 3 3 8 5 5 4 1 8 3 5 9 4 9 1 3 6 8 8
550 3 7 6 10 9 4 5 1 10 2 1 1 6 4 7 1 3 7 5 2 2 10 6 2 1
780 10 2 10 7 10 8 9 10 3 4 5 9 4 1 4 7 6 2 10 5 2 7 7 4 6
602 4 4 10 4 2 10 7 5 10 5 1 2 6 5 7 1 10 3 3 4 5 2 6 10 3
793 4 10 2 3 8 9 2 10 6 9 7 7 6 5 3 7 4 5 2 8 8 2 9 4 4
652 6 1 2 3 4 1 3 10 1 7 5 9 4 10 9 2 10 3 4 5 4 9 3 7 4
698 3 3 9 1 6 7 8 8 3 1 10 2 9 1 6 9 2 9 5 10 3 9 1 2 2
674 4 7 4 8 8 5 7 9 4 1 5 9 8 10 3 6 2 4 1 1 8 3 3 8 9
15
708 6 3 5 5 8 8 9 3 9 5 3 6 10 9 9 2 4 1 4 10 2 2 10 5 7
712 7 9 6 9 3 6 1 9 5 5 8 5 6 4 8 8 5 5 1 3 2 5 5 1 8
746 9 7 9 1 3 2 7 4 3 7 5 9 2 7 3 9 3 7 1 6 10 4 3 8 5
798 4 4 10 9 2 2 5 7 7 10 10 4 5 6 2 4 1 7 4 7 10 10 1 8 8
680 4 10 2 1 1 1 6 8 10 2 1 8 5 3 3 6 3 6 8 8 6 9 5 8 5
775 8 7 9 7 6 2 8 2 8 3 10 8 7 4 3 7 9 6 3 4 3 9 2 8 9
886 3 8 4 9 1 6 9 3 6 9 4 10 6 9 7 6 8 8 1 9 8 10 6 2 10
569 1 1 10 5 5 8 8 8 10 4 4 1 5 7 1 1 4 3 5 3 5 1 2 2 9
652 8 5 9 8 1 7 5 1 4 9 4 5 6 3 1 9 4 2 3 3 4 3 1 8 7
657 10 2 10 1 6 4 9 3 1 8 3 1 4 5 4 3 10 8 4 6 4 4 9 4 1
646 1 8 1 4 8 2 8 9 4 3 9 8 10 5 6 6 4 6 4 3 1 1 4 5 2
758 6 5 10 1 7 4 10 2 7 10 4 4 1 7 9 9 6 4 5 7 10 5 4 2 7
843 9 8 6 6 10 3 5 10 3 3 6 9 6 10 10 9 2 7 8 1 8 8 8 3 5
861 4 6 7 10 9 3 1 8 7 7 5 5 6 6 9 8 3 8 5 8 6 8 5 9 7
732 6 9 2 10 7 5 2 4 2 10 3 2 1 7 4 2 7 4 8 8 2 4 10 1 9
15
908 5 10 4 7 5 9 9 5 4 9 4 4 7 9 3 10 4 10 7 9 7 10 2 10 7
716 10 2 5 3 5 10 9 2 2 4 10 3 10 4 2 4 3 8 8 5 6 1 9 8 5
627 9 5 8 5 2 8 6 1 8 2 2 5 10 6 2 1 1 6 4 6 8 6 10 6 8
701 2 4 1 7 8 8 5 2 2 3 6 2 4 7 3 10 5 8 6 5 3 3 1 10 7
743 9 2 7 6 1 6 6 10 3 1 2 7 9 8 10 10 10 7 6 4 2 9 1 7 4
752 8 5 1 2 9 6 8 9 6 5 1 5 8 5 10 2 4 7 9 7 4 10 2 4 7
711 5 3 1 4 6 10 8 6 6 9 6 2 3 9 10 3 5 4 9 2 8 1 5 7 9
862 4 1 5 4 9 6 4 3 6 9 10 7 3 9 4 7 2 9 10 7 6 6 8 7 5
681 2 5 1 2 3 4 9 5 2 7 8 7 4 10 4 2 7 8 10 7 4 3 5 4 8
751 7 2 2 3 5 1 5 2 5 8 3 1 8 2 10 4 8 7 9 10 5 9 6 6 4
689 1 2 6 8 2 5 8 6 6 8 7 6 10 9 9 1 4 5 6 3 5 8 4 2 10
650 9 7 5 4 5 10 6 1 5 5 3 2 4 3 7 5 1 2 7 8 10 8 1 1 10
581 1 5 3 4 4 10 4 4 6 2 3 4 9 10 8 10 3 4 1 3 3 1 5 10 10
700 2 10 1 8 7 9 10 2 3 4 10 3 8 1 6 4 6 1 9 6 8 6 6 3 2
799 10 1 9 2 10 3 7 9 4 9 6 2 1 7 5 5 6 5 10 10 1 2 7 5 2
15
835 9 10 10 10 9 6 5 6 3 8 3 2 2 3 6 10 1 7 2 5 8 9 2 7 1
769 9 6 10 7 5 8 9 7 2 3 10 8 1 4 5 8 3 2 8 6 1 10 1 6 3
765 2 3 1 5 4 10 3 7 4 8 9 4 5 2 6 7 3 9 2 10 5 3 1 7 3
582 1 7 8 3 1 3 4 10 6 5 1 10 1 3 3 2 10 7 1 3 5 5 1 3 5
780 10 10 1 4 6 2 8 4 10 7 9 3 10 3 5 7 10 8 2 2 6 7 8 8 9
692 2 3 3 1 6 10 4 5 7 8 3 8 4 6 3 4 4 4 1 10 1 7 1 7 3
776 8 6 9 6 10 6 10 1 3 2 5 3 2 7 4 8 4 2 1 10 9 8 6 7 4
595 9 4 6 2 4 1 2 6 8 3 3 9 6 8 2 1 1 3 7 7 6 10 2 9 1
752 6 3 2 8 1 7 1 10 7 9 10 4 9 8 8 2 9 4 5 7 6 6 4 6 4
657 8 3 4 1 9 4 3 3 5 10 10 1 9 9 2 4 7 9 3 2 2 3 4 3 8
762 3 7 9 1 5 5 8 6 8 7 2 8 9 1 3 5 7 7 3 10 7 7 6 2 6
597 3 3 4 5 7 4 3 10 6 2 9 6 3 7 8 3 3 2 1 1 5 7 2 5 7
786 7 10 1 10 6 7 8 9 3 9 1 9 9 4 8 6 4 8 2 2 6 8 2 3 4
908 7 6 3 3 10 10 10 6 9 10 8 4 4 9 7 10 1 5 2 9 8 1 5 6 7
807 7 6 6 4 5 5 7 1 9 3 6 2 10 8 2 7 9 10 7 8 8 9 7 7 6
