100 20
500 500 500 500 500 500 500 500 500 500 500 500 500 500 500 500 500 500 500 500
10
568 10 4 8 4 6 4 10 2 9 6 1 6 7 7 6 6 4 9 10 9
419 3 6 6 9 7 3 2 8 6 3 8 7 2 2 8 3 3 9 7 8
316 2 1 4 1 2 5 1 5 6 10 6 9 10 7 10 1 8 3 5 2
417 4 6 4 8 2 7 2 9 7 7 8 1 8 10 10 2 4 8 4 1
424 7 1 1 5 10 2 3 7 2 4 7 5 2 7 7 10 8 4 7 9
425 6 10 9 6 6 2 2 8 2 2 9 5 10 2 5 9 7 5 3 1
601 6 8 8 8 10 10 4 10 3 2 9 2 8 8 9 4 10 5 10 7
430 7 3 8 7 1 3 8 10 5 8 1 8 3 4 1 4 9 5 5 5
394 1 1 2 9 9 2 6 6 10 4 6 4 1 7 3 2 6 6 9 2
409 2 6 6 9 5 10 5 1 4 1 4 2 1 10 2 7 4 10 4 2
10
557 10 5 3 6 10 1 8 9 1 1 4 10 8 7 10 5 10 10 8 4
529 1 6 10 10 10 3 7 10 7 3 4 9 7 10 5 7 4 7 9 3
493 7 9 8 5 6 9 1 9 1 2 6 8 2 6 1 6 7 7 4 9
375 2 2 3 7 10 7 2 2 4 6 10 1 4 8 7 2 1 7 3 1
476 7 4 8 2 10 10 4 2 2 4 6 6 6 3 1 4 9 10 7 1
408 2 7 1 2 8 1 3 8 6 1 3 6 7 1 6 3 8 8 1 7
536 9 3 4 5 10 10 4 1 10 2 8 9 6 2 2 5 6 7 7 9
404 5 7 5 6 5 7 2 2 7 8 10 4 6 7 4 1 8 7 4 7
448 1 7 4 4 8 1 7 1 9 4 3 10 10 1 1 6 7 3 9 6
482 6 4 8 10 7 1 6 9 3 10 8 6 1 6 3 7 9 3 7 10
10
462 9 6 2 1 2 10 4 6 5 10 7 8 3 7 9 4 2 10 3 8
491 6 4 8 10 4 2 7 9 5 9 5 1 7 8 10 9 8 2 4 5
459 6 6 4 3 10 1 9 4 3 8 9 5 7 8 2 2 2 1 1 3
453 4 9 2 8 5 2 7 2 3 3 4 4 10 10 9 3 10 7 1 7
518 6 10 2 8 10 2 5 4 10 9 3 2 8 2 2 7 2 7 10 3
448 7 6 9 1 7 3 5 1 6 1 3 7 5 10 7 7 4 9 1 3
528 4 4 5 9 10 10 9 5 5 3 5 9 8 5 2 1 7 2 10 4
553 10 10 9 9 1 5 8 6 6 7 5 2 3 6 2 9 9 1 4 9
582 10 9 2 4 8 10 5 2 5 4 8 7 5 9 6 9 1 5 2 4
576 1 6 7 6 10 6 6 8 10 1 5 7 10 5 8 9 9 7 4 9
10
455 3 3 7 3 8 10 1 6 4 7 1 7 4 10 9 8 7 10 5 7
465 1 6 4 10 2 9 6 6 9 6 1 10 3 4 1 7 5 5 2 5
405 2 5 3 7 1 7 4 9 5 5 4 1 2 2 4 4 9 9 7 8
342 7 2 2 4 5 5 1 8 1 5 3 5 1 10 1 4 6 6 4 8
385 3 5 2 9 4 8 2 2 3 7 3 1 8 6 3 6 6 6 8 8
462 7 4 4 7 8 10 5 7 4 7 10 9 4 3 3 4 8 2 2 6
498 4 10 10 10 3 2 8 7 9 7 6 8 3 7 3 1 2 8 6 2
405 8 3 8 5 4 1 1 3 6 9 2 5 7 6 6 8 6 9 2 8
492 7 2 7 8 7 2 6 4 7 4 6 10 8 9 6 9 3 5 8 7
513 7 8 6 4 7 4 5 6 10 5 2 10 2 3 2 4 6 8 3 10
10
422 2 5 7 7 9 7 3 4 2 4 6 4 8 7 8 7 6 3 6 5
540 7 6 4 10 10 8 1 3 9 7 5 10 2 3 2 8 4 9 9 1
516 6 4 7 9 1 10 7 5 5 1 9 6 6 6 4 8 10 9 10 4
420 1 9 5 8 9 2 1 10 1 9 2 7 2 8 1 8 3 5 10 4
556 3 8 8 8 4 9 7 9 1 3 10 9 9 9 8 7 10 4 10 4
344 1 1 3 5 10 6 4 6 1 4 3 3 4 7 1 3 5 5 5 2
513 9 10 9 6 1 9 2 10 2 7 10 3 9 6 8 3 2 3 10 9
381 3 4 4 2 5 1 7 2 2 5 2 10 1 2 5 6 7 10 6 5
359 1 6 7 2 1 5 1 4 8 5 5 6 6 9 8 2 3 8 8 6
457 7 5 5 6 6 3 3 3 6 6 10 5 4 9 1 10 4 4 1 8
10
499 2 4 10 4 5 4 9 2 8 3 8 10 5 8 6 7 6 5 8 8
536 3 10 8 6 6 9 7 9 3 10 10 8 8 5 6 1 8 3 9 7
496 10 6 8 9 3 3 9 10 8 10 4 2 10 2 7 7 5 4 3 4
467 10 1 5 2 10 1 3 8 7 5 9 6 4 5 7 4 5 8 3 5
381 1 10 9 4 8 4 1 6 1 3 10 7 3 7 2 2 4 8 3 3
505 7 8 9 4 9 2 9 2 4 5 2 3 1 2 9 3 4 2 10 10
571 1 6 6 6 7 6 9 8 10 5 7 7 5 10 7 6 10 1 8 1
546 7 4 9 1 7 8 10 8 6 4 8 8 10 3 3 4 9 6 1 3
353 1 2 5 8 4 6 2 6 2 8 9 6 4 1 8 2 2 8 7 4
543 9 3 2 3 9 9 8 10 8 6 8 1 2 8 3 7 1 8 6 5
10
472 3 7 10 1 6 7 5 9 10 1 1 9 2 10 1 4 1 6 9 6
435 4 6 3 6 4 5 1 5 8 1 4 8 7 10 5 2 10 2 5 3
493 7 9 6 8 7 7 3 1 10 3 10 6 7 9 2 1 5 2 10 6
271 1 2 6 4 5 1 4 2 2 2 6 5 2 2 4 3 3 5 4 9
390 2 6 8 3 1 8 3 2 9 2 5 10 1 7 4 4 6 5 8 2
539 4 9 8 6 2 6 8 10 10 8 6 10 4 6 10 9 6 1 3 8
479 5 9 10 2 3 9 3 9 8 2 8 6 3 3 4 3 10 6 10 8
433 7 2 4 5 5 3 5 5 8 2 6 10 10 6 7 6 3 7 1 2
499 10 10 10 8 10 6 3 6 4 8 6 2 1 3 1 4 3 9 6 10
504 5 3 4 10 9 1 10 9 2 4 5 7 9 1 6 5 8 2 10 2
10
377 6 2 9 2 4 1 2 8 9 8 6 3 9 10 4 6 6 9 2 4
521 5 3 5 3 9 5 8 9 8 9 7 6 2 9 3 2 9 5 10 2
575 4 8 10 3 10 10 8 7 7 10 10 8 2 4 1 2 9 9 7 3
503 6 3 2 3 4 9 4 7 4 7 4 8 10 2 9 7 9 8 4 9
619 6 10 8 10 7 10 8 6 4 4 10 8 6 6 3 8 8 6 5 3
551 10 8 5 9 2 3 10 8 1 8 5 7 5 7 2 7 7 3 10 6
545 10 10 10 5 5 5 8 4 10 4 2 5 8 8 10 1 4 7 1 6
476 3 1 8 10 10 7 4 4 9 1 7 9 8 6 10 5 10 4 6 4
338 2 1 2 10 2 8 6 9 5 1 4 2 3 9 7 1 3 2 3 8
523 8 8 4 4 8 2 7 5 3 5 7 8 6 4 9 1 3 10 9 9
10
358 6 3 9 1 6 6 2 1 2 2 5 3 5 8 5 2 9 8 4 4
461 9 6 7 9 8 2 1 5 10 10 5 2 1 3 1 4 4 8 7 7
521 5 10 6 2 10 5 6 5 6 10 8 7 1 3 8 3 6 7 3 1
459 7 3 1 9 9 3 7 2 1 5 10 6 7 10 1 8 1 5 8 10
398 1 8 2 4 3 3 7 4 4 4 3 4 1 6 3 9 7 5 3 6
368 3 4 6 1 3 2 7 10 3 10 1 4 5 4 4 4 6 7 5 3
397 5 3 6 4 3 9 3 9 9 6 3 7 5 7 6 4 2 6 4 1
381 1 6 4 3 10 3 8 5 5 7 3 3 6 4 2 2 3 5 2 1
567 9 10 7 2 5 5 8 8 10 8 8 10 4 6 7 9 1 5 3 1
483 8 6 2 6 7 1 7 4 8 2 4 6 9 4 6 9 3 3 6 5
10
360 9 4 9 6 2 4 4 1 3 9 3 1 7 8 1 8 1 4 2 2
368 2 6 4 10 5 1 2 5 8 5 1 3 8 10 1 6 3 4 2 6
350 9 2 8 8 3 1 3 2 5 6 1 1 2 1 2 1 6 9 9 6
415 9 1 5 4 4 6 4 10 9 2 5 6 5 6 3 4 7 1 7 2
474 3 5 8 8 5 9 8 2 3 10 8 6 2 7 2 6 4 10 10 7
494 4 6 3 5 5 7 8 4 4 6 8 1 4 6 6 9 1 10 9 2
430 1 10 2 10 8 3 3 2 6 9 5 7 8 5 1 2 3 9 8 10
459 9 2 6 8 4 5 1 8 9 2 7 8 7 3 3 9 10 4 9 5
466 4 1 1 4 10 8 8 1 1 6 5 8 4 8 5 4 6 9 7 8
412 1 2 2 7 3 10 7 7 6 9 1 8 6 6 6 1 5 1 8 7
10
401 3 7 5 5 1 6 4 10 5 6 5 3 10 6 1 7 9 2 8 5
495 4 6 5 3 6 6 9 7 6 7 5 3 4 2 7 8 7 7 1 1
513 7 6 9 2 5 5 10 2 1 7 7 3 5 10 5 9 10 1 1 8
571 5 10 3 2 7 6 3 10 9 4 6 8 7 10 4 8 8 2 5 9
434 2 4 1 8 8 1 3 5 10 2 6 9 3 8 2 5 3 5 9 4
541 9 9 6 5 2 1 6 10 8 7 1 10 7 7 3 2 6 5 9 10
454 4 10 2 2 2 1 7 4 6 4 6 6 10 8 1 9 2 5 3 7
493 4 6 5 10 5 8 10 10 2 6 5 1 2 5 2 6 2 7 3 8
488 6 3 6 4 1 8 8 10 2 5 8 6 4 3 5 8 10 9 6 9
538 8 6 1 8 5 6 4 9 5 10 8 7 2 9 7 1 8 8 9 10
10
404 8 3 3 6 1 10 7 5 2 2 7 4 10 8 1 1 10 5 6 4
483 2 10 10 6 1 8 10 7 8 6 2 4 3 5 9 3 6 2 9 2
608 6 2 9 10 7 10 9 9 6 2 6 10 7 6 10 5 6 7 9 1
407 1 7 2 9 4 3 10 8 1 3 9 1 5 5 8 1 4 7 3 4
511 1 3 7 1 10 2 10 9 7 6 3 10 10 1 3 3 9 9 8 9
424 3 3 5 3 9 8 3 8 9 10 3 1 1 4 4 9 4 8 8 3
531 6 8 4 3 4 4 10 6 5 9 6 10 2 6 5 3 9 6 5 3
407 7 7 7 7 3 1 7 7 2 2 7 10 1 1 4 5 7 2 1 7
456 2 3 6 10 1 8 7 10 6 1 9 10 1 4 4 9 8 4 4 9
466 10 6 7 7 6 5 6 2 6 3 2 6 5 5 6 2 3 5 5 4
10
363 1 3 5 6 9 9 1 4 5 4 5 4 1 2 4 4 3 10 4 9
462 8 5 2 8 1 10 3 6 2 7 1 9 10 10 7 10 6 4 10 1
446 2 9 5 1 6 4 3 10 6 10 9 6 7 4 3 9 5 10 9 2
475 1 2 10 7 7 2 10 1 7 10 9 8 3 8 9 1 9 9 3 10
494 1 7 3 10 9 4 9 5 3 3 4 7 6 4 9 10 5 6 4 4
435 8 9 9 4 6 2 3 1 10 4 3 9 6 5 4 1 2 8 2 2
474 7 7 5 1 8 8 2 1 7 7 5 9 10 6 10 3 7 1 1 10
477 2 7 6 7 4 7 3 8 3 6 1 10 9 2 6 9 10 2 5 9
441 8 9 6 6 1 9 4 3 8 9 7 1 5 1 7 6 8 5 4 2
429 10 7 7 4 3 10 2 8 7 10 3 8 4 3 3 2 2 7 1 5
10
521 5 9 10 1 9 6 9 6 9 3 3 2 5 8 8 1 5 5 1 1
474 5 4 4 9 2 1 9 3 4 4 2 6 10 10 4 6 10 8 3 7
501 3 9 3 5 9 3 10 9 2 8 7 3 8 6 2 6 10 1 2 6
467 3 8 10 3 9 8 5 5 5 9 8 2 5 1 1 9 4 10 9 1
458 5 1 9 5 9 8 7 5 9 5 10 6 8 8 3 7 1 4 2 5
489 6 7 6 7 9 1 2 9 5 8 6 9 9 5 3 2 5 10 2 10
572 8 7 8 3 9 10 9 10 5 8 8 3 2 3 3 1 9 7 2 2
464 9 5 6 9 4 4 4 4 5 9 10 7 9 2 6 3 1 5 8 4
362 4 2 3 4 4 3 3 1 1 3 7 7 8 2 9 9 3 5 4 10
422 1 9 5 1 7 2 5 1 9 7 3 1 4 10 5 5 7 2 1 4
10
440 2 6 3 3 1 5 5 3 10 7 5 10 8 7 7 2 2 10 5 9
413 6 1 6 6 5 10 2 5 5 1 4 1 8 8 8 9 9 5 4 10
365 5 8 10 2 3 3 2 5 3 1 10 8 10 9 1 5 8 6 2 3
441 8 2 8 3 1 8 8 6 7 2 9 10 6 5 5 3 8 8 1 1
498 7 1 1 9 9 1 3 6 10 10 1 4 8 9 9 7 10 9 1 5
590 7 4 2 7 10 4 8 2 7 3 3 8 6 8 10 10 9 3 5 5
366 4 1 1 6 1 2 7 8 4 6 3 7 5 7 1 3 9 7 10 9
428 5 10 6 8 5 8 3 7 2 9 3 3 2 1 8 10 3 3 1 8
490 9 6 4 10 6 4 1 9 5 1 1 2 1 6 10 9 9 5 9 8
471 2 8 9 4 8 2 8 5 7 5 7 6 10 9 2 9 3 7 3 6
10
555 9 10 9 4 9 7 7 7 2 9 4 9 4 4 2 3 8 10 3 10
468 4 8 7 10 5 4 5 3 7 9 3 3 6 6 3 9 2 1 5 9
541 5 8 2 7 9 10 4 8 8 3 8 10 3 6 2 4 9 4 3 5
432 2 8 9 7 2 3 5 6 9 9 7 1 1 1 6 8 10 4 1 2
496 2 9 2 5 8 4 9 1 1 1 3 4 10 1 9 10 10 9 4 8
456 9 1 10 10 4 10 2 7 7 5 3 2 3 4 5 4 6 2 6 10
423 3 4 8 9 9 4 5 10 1 5 4 2 4 1 10 4 10 9 1 2
528 10 3 1 7 10 5 9 9 9 7 3 3 6 5 4 5 5 1 9 2
346 3 2 3 9 2 3 5 1 8 2 3 3 2 6 4 6 10 1 7 5
521 6 10 1 1 9 6 5 6 4 3 9 4 2 2 4 6 3 3 8 10
10
546 9 7 10 3 4 9 10 4 9 8 7 2 4 1 6 2 3 3 10 9
466 8 1 5 1 1 8 9 2 7 8 1 4 10 10 9 1 3 6 5 6
526 8 1 3 5 9 5 10 1 10 3 9 6 5 1 7 8 5 2 9 1
540 6 10 8 1 9 5 4 9 6 2 7 10 10 10 9 1 6 6 1 2
405 8 4 4 7 3 2 7 4 3 4 10 6 1 4 10 1 2 9 5 3
428 7 5 3 7 3 9 4 5 5 1 4 4 6 3 5 7 1 10 2 2
415 10 4 8 5 3 8 1 1 9 6 5 2 8 4 3 2 3 4 3 8
440 5 8 4 6 7 4 5 7 8 5 5 10 4 10 2 2 1 3 2 1
567 9 9 3 2 8 9 3 4 5 5 10 6 1 7 7 10 5 6 7 1
386 1 7 8 9 5 5 4 4 1 5 3 2 6 7 8 2 8 2 4 6
10
471 10 7 7 8 1 8 1 3 7 9 3 5 10 2 1 5 8 9 8 8
497 5 10 2 5 8 4 3 1 10 7 3 7 8 2 10 5 4 7 10 1
453 6 3 5 2 1 10 7 5 8 5 7 10 10 10 6 1 4 4 7 8
559 9 10 4 8 8 1 10 10 5 2 5 1 2 9 5 8 3 3 6 7
465 6 9 5 2 5 2 9 5 7 4 3 2 5 6 1 4 3 9 4 8
469 6 5 10 1 6 2 8 4 3 3 2 6 10 10 8 1 3 6 7 8
580 9 5 2 8 9 5 7 6 10 10 6 10 8 3 3 2 3 8 9 10
463 5 1 8 5 10 2 9 7 4 9 3 3 10 3 9 5 4 6 4 8
537 7 2 10 1 10 10 3 1 5 4 9 10 4 7 8 8 10 9 6 3
480 2 6 4 10 1 3 10 7 8 9 10 7 4 9 4 8 8 2 9 7
10
509 8 8 1 2 1 6 2 6 10 10 2 8 5 9 7 8 7 1 5 7
493 2 9 7 4 8 7 1 8 8 7 7 5 9 10 4 4 5 9 7 1
514 6 8 5 5 5 10 8 5 3 7 4 10 7 10 6 6 4 5 1 3
552 9 3 9 2 9 10 3 5 10 3 5 8 1 9 9 7 6 7 1 3
612 8 9 6 7 8 10 10 4 3 3 6 8 4 10 10 1 1 6 7 10
461 10 3 9 9 6 10 3 9 4 10 8 3 2 1 4 1 5 4 7 10
618 5 6 5 4 10 10 6 10 8 8 9 8 2 9 9 9 10 5 3 4
349 3 4 1 6 3 3 6 1 8 10 5 3 1 6 3 2 1 7 1 6
442 4 6 9 1 3 10 5 1 1 8 6 10 3 2 9 2 6 3 4 6
467 10 3 4 5 4 2 10 5 1 6 7 6 5 6 7 6 10 7 4 4
10
367 3 3 8 8 5 8 2 1 4 4 10 7 10 1 5 3 6 10 2 10
597 4 3 5 9 10 9 8 4 9 6 2 5 7 10 9 6 8 3 6 10
491 8 8 3 9 8 1 3 9 3 6 9 6 4 5 6 6 2 3 8 8
545 5 8 5 8 6 9 6 6 7 3 9 5 6 8 9 10 3 9 3 4
329 2 7 7 2 1 5 1 4 3 3 5 9 6 3 6 4 9 6 9 1
502 10 8 2 7 4 1 8 7 2 9 4 7 8 1 4 7 9 9 1 4
477 8 2 6 7 7 7 4 1 9 9 4 10 7 2 1 5 8 5 1 3
458 3 3 7 3 1 7 10 3 10 5 7 2 8 8 1 1 9 8 8 6
601 10 7 10 9 9 7 10 8 8 10 3 3 7 7 1 7 8 9 5 5
414 6 2 4 5 5 7 4 1 10 1 1 5 4 6 1 8 7 9 4 5
10
454 6 5 8 10 7 8 3 1 4 2 9 8 3 3 1 7 10 8 6 2
414 9 2 2 5 2 4 1 6 4 5 4 3 7 9 6 3 9 6 8 6
465 3 10 10 7 7 8 1 4 4 10 4 4 10 2 10 7 9 9 3 3
407 2 3 2 3 8 4 5 9 2 4 10 4 6 7 9 1 2 2 8 7
536 7 7 10 10 10 4 2 7 1 9 9 10 1 10 10 3 2 7 7 2
498 10 2 7 9 4 3 5 4 9 9 8 5 6 2 10 7 6 2 7 5
427 1 10 4 8 3 3 3 4 9 10 4 5 8 7 4 4 9 8 10 3
526 1 9 8 1 5 9 6 7 6 9 1 4 10 10 4 8 6 10 9 5
534 10 9 4 7 1 9 7 2 2 5 6 10 9 10 7 2 9 6 5 3
458 1 4 8 6 6 8 7 9 10 7 6 3 9 6 3 1 1 8 2 8
10
473 8 4 2 2 3 10 8 4 7 1 9 5 2 10 2 8 5 6 6 6
356 3 1 7 5 3 9 3 8 9 7 8 3 3 1 2 7 1 3 7 10
443 9 4 10 8 1 8 8 9 2 3 5 8 5 7 2 6 3 6 2 1
604 5 10 1 9 10 9 8 10 8 2 4 5 10 7 5 8 1 6 9 8
479 8 1 1 3 2 7 7 5 9 7 4 5 6 4 9 10 1 2 10 10
391 9 1 1 5 2 1 10 8 7 7 3 10 2 7 2 2 1 2 3 1
456 10 1 9 2 5 6 9 2 5 1 1 8 4 7 6 10 2 2 2 3
454 5 1 4 4 5 8 6 1 3 2 2 9 10 4 10 9 5 2 8 6
445 5 5 8 9 2 9 3 1 5 5 5 2 7 10 8 9 9 4 10 6
506 9 1 10 3 4 9 6 2 2 7 10 4 9 10 9 7 10 5 2 5
10
516 10 9 1 10 10 2 2 6 6 10 4 4 7 7 8 2 3 3 2 8
419 8 2 7 2 8 3 10 3 2 7 2 6 1 2 1 2 5 9 10 3
383 1 6 6 10 3 4 1 7 5 10 6 1 7 8 3 2 10 6 5 6
454 3 7 8 10 4 6 1 5 7 9 4 5 1 8 5 4 10 2 7 7
490 9 2 10 4 3 2 6 9 4 10 9 9 10 1 8 6 7 1 10 9
508 5 6 5 1 10 1 9 4 1 1 4 9 10 9 5 4 4 10 5 9
482 7 1 3 8 1 6 10 10 10 5 4 9 3 8 5 2 7 9 2 9
449 5 2 4 4 8 5 7 7 3 1 1 9 9 1 5 3 5 6 1 5
478 1 9 5 6 1 4 7 7 3 4 7 9 8 9 6 5 6 9 10 10
431 5 7 4 5 5 8 1 2 3 10 9 6 1 3 8 1 8 4 5 7
10
460 4 4 2 7 6 7 10 2 9 1 3 7 5 3 4 4 2 10 3 7
578 7 10 4 2 5 5 7 1 9 10 3 3 3 9 10 10 5 1 10 4
479 7 5 10 3 3 9 4 1 6 7 8 9 5 9 9 8 2 4 8 9
452 10 8 2 9 5 6 1 3 9 9 5 10 10 3 4 2 1 6 4 5
528 2 1 6 8 8 1 10 4 8 10 2 8 10 10 9 6 10 6 5 1
422 2 3 7 9 5 9 1 5 8 3 6 3 3 5 7 7 7 8 3 1
405 1 2 9 10 10 6 6 1 1 7 5 3 8 1 5 4 5 1 7 5
536 9 2 1 6 9 9 10 2 9 1 7 5 4 1 1 8 4 4 10 3
460 9 6 3 6 3 9 7 6 3 7 7 1 7 8 3 1 9 5 5 3
487 8 6 2 7 8 3 7 7 1 1 2 1 8 3 8 10 5 8 1 6
10
439 10 5 7 4 5 7 1 4 7 7 5 10 1 2 9 1 2 7 8 2
431 2 2 1 10 4 6 8 2 9 4 2 1 10 7 2 10 9 8 3 8
449 6 7 1 1 5 2 10 6 2 3 6 4 9 9 1 7 10 3 1 2
598 10 5 10 10 5 8 4 10 9 7 9 6 1 1 10 9 10 8 3 5
437 4 10 5 8 6 5 7 9 5 2 2 2 3 1 4 1 4 10 1 8
512 6 5 4 9 8 7 8 7 5 7 9 3 10 4 3 5 6 10 9 5
509 10 2 5 3 10 2 4 9 10 1 8 2 9 7 10 8 4 3 5 4
441 2 4 10 1 8 7 6 2 8 10 9 3 7 9 4 8 3 8 4 1
397 1 5 9 3 2 2 5 4 5 9 1 8 6 6 9 7 10 3 2 4
416 5 4 4 2 2 2 8 7 3 3 9 8 6 4 4 2 8 1 8 4
10
577 6 10 7 10 6 10 8 6 10 2 1 3 7 2 6 5 9 1 1 8
492 5 3 3 7 8 8 9 5 1 4 9 1 2 4 6 5 8 2 7 5
452 10 5 9 2 3 7 7 1 3 9 7 2 4 6 4 9 1 9 3 6
532 6 6 8 6 7 3 5 8 10 3 3 5 4 5 6 4 6 5 9 9
472 2 8 9 3 10 9 3 5 1 10 3 8 10 1 4 1 4 7 8 10
441 7 5 4 2 1 2 2 6 10 9 7 6 4 2 9 4 6 10 7 7
407 5 7 5 8 1 4 1 7 6 8 10 3 8 4 8 10 6 5 4 3
554 6 9 10 5 7 10 2 2 9 4 6 2 1 8 9 10 8 5 6 3
449 9 4 1 4 4 8 2 9 8 2 1 8 2 3 6 6 8 7 4 10
549 5 10 10 3 7 7 2 7 4 3 7 6 8 9 9 7 10 7 8 9
10
516 7 7 5 6 7 7 7 8 1 5 5 5 5 7 1 3 1 10 10 9
353 4 1 8 5 2 4 9 5 2 7 4 1 2 10 6 5 2 1 8 3
417 2 7 6 4 3 6 3 3 8 5 7 2 4 9 4 6 7 3 9 2
461 4 4 9 3 5 9 5 8 1 1 5 1 9 9 9 8 7 7 3 4
644 10 6 8 4 10 10 9 6 6 10 5 9 5 10 3 4 10 8 10 5
406 4 5 10 5 9 3 5 1 4 1 8 7 6 7 1 4 3 4 4 7
521 7 9 9 3 4 9 7 1 3 7 5 5 8 2 8 6 5 9 8 6
571 10 6 8 1 5 6 10 10 10 6 1 6 3 2 10 9 8 8 1 7
427 3 3 2 8 1 6 9 8 4 7 10 7 5 3 9 2 4 8 4 3
501 9 6 4 5 7 5 3 2 7 7 5 3 10 10 8 8 1 9 5 3
10
421 10 5 6 1 3 10 3 1 3 5 8 7 7 1 8 3 7 6 2 2
536 7 4 10 6 4 10 10 3 6 3 3 2 7 5 6 8 9 10 5 10
555 6 5 1 9 3 8 5 5 10 1 1 4 8 9 10 7 10 5 10 8
503 1 8 1 1 6 7 8 2 10 1 7 7 3 4 8 2 9 8 9 8
479 8 7 2 4 4 6 4 1 7 3 8 7 4 10 3 7 6 10 1 8
523 10 2 3 5 8 4 10 3 4 6 7 3 2 8 10 8 1 10 4 6
553 1 10 10 3 10 5 8 9 3 10 3 10 1 1 9 9 7 1 2 1
452 5 10 1 8 3 3 8 1 6 6 4 7 7 6 5 1 10 9 3 6
371 4 3 8 3 3 9 1 9 6 1 5 1 2 7 7 10 5 5 4 4
345 4 2 7 6 3 10 2 9 5 5 6 1 8 1 1 9 1 2 4 10
10
472 9 7 8 2 2 7 10 3 1 2 2 9 10 5 5 1 4 5 2 1
446 5 1 5 9 5 6 6 9 1 5 3 8 8 3 7 8 9 2 8 7
625 10 10 6 8 4 9 10 9 1 5 8 4 2 9 7 7 4 10 8 3
432 7 2 1 6 10 5 4 2 6 5 2 1 6 10 1 2 4 4 7 9
446 4 5 7 9 4 3 4 5 2 7 7 7 10 3 10 2 8 5 9 10
340 2 1 5 4 6 1 7 7 1 4 10 7 2 1 4 2 9 9 2 4
407 9 8 5 1 7 4 2 5 1 9 1 2 5 5 8 4 3 1 8 6
456 6 5 3 2 10 1 4 9 9 1 3 2 10 3 1 7 4 1 8 8
313 3 3 1 2 4 6 1 5 5 1 1 3 6 1 1 4 10 7 10 9
333 2 3 2 1 4 5 1 2 5 3 10 2 6 5 7 6 7 10 1 8
10
566 10 7 2 8 6 4 8 4 5 8 10 6 8 10 5 6 3 10 2 4
401 5 5 10 6 1 5 5 7 1 3 5 1 5 5 8 10 10 3 9 4
423 2 8 10 3 3 8 8 6 7 3 2 4 2 5 5 2 7 3 3 2
473 1 4 9 3 3 9 8 2 10 8 2 3 1 10 7 5 10 4 1 3
374 5 1 7 8 2 6 1 5 6 4 2 10 8 7 5 4 7 5 3 10
434 3 3 9 6 5 5 7 1 4 8 8 5 10 4 8 9 1 10 7 1
526 5 10 6 9 2 8 8 8 6 7 5 4 8 2 9 7 4 3 8 4
365 2 5 8 5 9 1 1 1 4 7 5 1 3 8 5 10 9 3 2 4
498 4 9 4 9 7 3 6 9 3 9 5 6 8 3 4 7 8 4 8 2
486 10 7 9 7 2 7 4 4 9 4 9 5 9 8 4 1 5 2 10 4
10
487 7 10 8 4 4 9 7 10 1 7 2 6 9 6 2 4 5 2 4 8
503 10 7 4 5 2 8 10 5 1 9 4 3 10 3 5 8 1 7 7 10
531 10 7 9 8 8 9 2 3 3 8 1 1 6 6 5 8 4 9 9 6
327 3 5 9 8 1 7 1 5 4 8 2 3 3 8 5 2 10 2 1 2
456 10 5 5 2 6 4 2 5 5 9 6 7 5 1 1 6 9 2 9 1
528 10 6 7 1 8 2 9 1 9 10 6 8 5 8 2 4 7 7 4 10
442 8 4 9 9 6 3 8 10 2 1 7 1 3 8 4 10 1 3 5 6
479 2 10 3 3 1 9 4 5 10 9 4 10 10 2 9 4 2 8 10 1
520 6 6 3 2 1 10 9 9 2 9 10 7 9 6 6 6 6 9 7 4
454 1 10 2 6 9 3 6 1 7 8 3 2 10 3 7 6 6 2 9 3
10
563 5 9 8 4 7 6 2 9 10 4 5 2 10 8 10 7 10 8 10 10
503 3 5 6 4 5 8 8 6 2 10 6 2 8 10 7 7 9 10 10 3
525 4 5 4 4 4 5 8 10 6 8 4 10 9 1 10 6 4 9 8 4
427 5 2 7 3 5 6 2 4 3 10 2 3 5 5 10 9 8 3 10 2
383 1 3 10 7 3 5 3 10 10 8 7 1 4 9 6 6 2 6 1 10
512 2 9 10 6 2 4 7 8 7 8 6 8 3 2 10 10 2 9 7 9
460 3 5 4 7 4 4 7 9 8 8 9 2 10 6 10 7 2 5 2 10
464 1 4 4 4 9 9 6 2 9 2 10 4 5 2 3 1 10 7 5 9
496 8 4 10 6 6 3 8 2 3 10 8 6 3 8 9 1 10 8 9 10
499 5 8 3 6 9 6 5 2 8 3 8 3 6 6 2 3 7 3 2 8
10
525 9 4 7 10 2 10 10 6 1 3 2 5 8 6 7 6 6 1 10 7
447 1 4 8 1 7 8 10 1 9 10 6 3 9 7 3 3 2 2 8 6
403 7 4 1 1 4 4 4 5 10 6 10 1 2 10 2 4 6 5 10 8
488 5 8 3 4 8 6 5 5 10 4 7 6 8 6 10 1 3 6 4 8
624 10 8 10 9 7 5 9 8 3 7 4 10 6 5 2 7 10 10 7 8
546 8 10 3 3 6 5 9 3 1 2 9 5 7 9 10 8 6 3 5 1
562 7 7 3 1 10 9 6 5 10 9 1 1 4 4 7 10 8 6 3 1
481 10 8 2 9 1 3 5 8 10 8 6 10 4 1 7 6 6 10 3 3
454 1 9 2 9 5 4 6 10 1 10 9 8 9 9 4 8 3 3 7 4
449 6 1 10 8 9 8 6 1 5 1 10 1 9 7 10 2 5 1 9 7
10
499 5 5 1 9 7 3 8 6 10 10 10 9 10 8 5 2 3 2 7 5
354 1 4 3 2 3 5 3 3 4 9 3 10 5 3 3 8 1 10 9 8
492 2 8 7 10 3 10 8 1 8 7 6 3 7 2 10 6 9 6 2 8
436 2 4 9 1 8 8 1 9 7 7 8 3 6 2 6 8 10 2 8 3
562 3 10 6 1 5 4 10 2 8 10 3 4 8 8 2 8 10 2 10 9
485 2 10 10 7 8 4 7 2 5 6 7 4 9 8 7 5 6 8 7 2
456 9 6 9 3 7 5 1 10 6 8 8 4 4 3 6 6 9 2 7 9
427 1 6 7 1 2 5 1 7 9 2 3 1 8 10 10 6 10 9 7 4
444 9 6 9 5 8 6 3 5 2 2 2 7 3 10 4 6 5 6 5 1
561 10 9 6 4 10 8 4 6 7 2 2 8 9 9 2 4 9 2 5 8
10
417 3 8 6 3 3 8 3 4 4 7 9 10 4 8 3 2 6 1 2 2
567 10 10 10 9 4 9 3 7 3 5 10 8 1 8 4 9 4 7 7 8
508 8 2 8 3 10 7 3 6 8 3 8 5 2 5 1 7 9 7 9 7
452 3 7 6 5 6 9 3 3 7 1 2 9 10 7 10 2 2 1 10 2
457 2 9 9 3 2 2 10 9 9 7 7 1 9 9 4 5 5 1 3 2
418 6 4 6 8 6 8 3 4 4 6 8 1 8 1 1 3 6 9 9 7
412 7 7 8 5 2 5 7 1 3 1 6 5 6 5 3 5 1 7 2 9
435 5 10 9 7 2 4 2 1 9 6 4 4 8 2 6 5 1 9 5 8
442 1 8 2 10 5 8 6 1 7 10 1 3 4 7 6 10 2 4 7 7
502 4 9 6 9 10 2 3 8 4 7 10 4 1 10 5 7 7 5 7 8
10
441 1 5 6 4 4 5 6 1 4 7 6 10 1 6 8 5 9 4 5 4
534 10 5 10 1 9 9 5 5 6 10 10 9 4 1 4 4 6 8 1 1
533 8 3 5 7 9 7 10 9 10 4 5 2 4 5 4 2 2 7 2 4
533 9 8 4 8 7 4 7 2 4 4 9 5 2 4 6 1 5 6 10 9
475 10 5 8 1 6 9 8 7 3 8 3 1 4 7 2 2 2 10 3 8
534 10 9 10 2 8 1 10 5 1 2 9 4 7 1 7 10 5 6 8 5
484 5 7 3 3 5 9 6 2 5 1 3 7 3 10 4 10 8 6 4 9
479 8 5 9 9 2 8 2 4 10 10 5 7 6 10 5 5 9 9 2 4
418 2 3 9 10 6 5 2 3 8 6 2 1 8 7 6 7 2 4 10 4
431 5 1 4 6 5 9 7 2 1 7 2 9 3 10 8 5 3 8 5 6
10
579 7 9 6 4 6 10 8 6 5 1 7 9 8 1 7 3 5 10 10 5
387 7 7 10 9 2 4 2 6 5 3 5 1 4 10 3 4 1 10 8 8
634 6 10 9 9 6 10 10 10 10 7 2 3 6 3 6 3 4 10 3 9
439 9 2 2 5 6 3 7 8 1 9 5 7 6 1 1 1 8 2 6 6
514 10 2 3 1 9 7 10 3 10 2 4 2 3 1 9 5 7 6 2 5
364 9 1 5 3 7 2 5 4 1 3 9 1 2 1 4 5 4 2 2 6
466 1 1 5 4 10 8 8 4 9 6 7 7 5 10 8 7 3 6 1 5
472 9 1 5 10 5 10 7 2 4 9 2 1 9 5 7 8 3 4 1 3
513 3 3 6 10 4 10 8 9 7 3 1 7 8 9 10 5 10 7 2 4
337 2 2 2 3 3 5 4 2 10 7 1 2 8 8 5 1 9 2 4 8
10
456 4 10 8 7 6 3 5 7 1 2 3 5 10 2 7 9 3 2 10 9
403 1 3 2 4 8 3 1 6 5 10 4 10 5 10 5 8 7 2 1 5
413 8 6 7 6 6 5 4 5 1 2 4 1 7 2 7 2 8 5 1 4
572 10 10 8 5 9 3 6 4 1 7 2 8 7 9 9 2 5 7 9 4
567 5 8 6 2 7 10 10 7 7 6 4 8 2 8 3 6 2 4 5 4
448 10 6 4 7 4 9 1 7 2 4 8 6 2 10 4 4 8 5 3 9
528 5 8 4 5 4 2 10 10 10 7 6 10 10 3 5 8 1 10 5 8
433 8 8 10 6 2 4 3 5 3 5 3 10 1 7 1 10 3 6 7 1
539 6 3 10 2 7 5 10 4 2 10 7 5 6 7 9 6 9 3 9 6
442 2 2 4 2 8 3 3 10 10 6 6 1 3 6 6 9 5 3 9 6
10
424 1 6 6 4 8 8 5 5 2 5 6 5 5 4 2 9 10 3 8 6
336 1 3 2 3 1 7 4 2 10 9 8 5 8 1 10 4 4 1 3 2
479 2 10 9 9 1 8 8 4 6 2 5 1 5 3 1 9 7 9 4 3
517 6 8 4 6 6 5 9 8 5 3 5 6 7 4 2 5 3 8 4 6
464 5 4 4 1 5 10 1 8 6 5 8 10 6 4 8 10 8 3 9 3
330 4 1 5 4 6 1 2 9 5 7 10 5 1 2 5 1 3 6 4 1
590 6 8 3 10 9 9 6 10 3 9 4 10 5 5 6 4 4 4 7 7
440 6 8 7 8 1 6 4 1 3 5 9 3 10 6 7 5 10 3 8 5
399 9 1 1 5 1 5 2 7 7 6 9 1 9 6 6 7 3 2 4 9
415 8 5 3 7 2 6 2 10 5 4 4 8 2 5 3 4 1 1 6 4
10
338 1 5 7 5 6 4 1 4 1 8 6 2 7 2 10 4 5 10 9 7
577 8 10 4 7 5 5 5 8 9 7 8 2 1 8 7 10 4 6 4 7
525 1 10 10 3 3 6 10 5 10 4 2 8 10 8 4 7 9 7 5 7
502 6 2 6 8 10 5 6 7 10 3 5 3 4 9 4 10 6 7 1 10
545 9 4 8 2 6 6 10 7 5 10 9 6 8 6 9 3 7 6 2 8
509 10 2 10 2 8 5 4 1 6 10 8 6 3 4 6 10 4 9 6 4
431 8 2 2 10 2 3 3 8 9 3 3 8 6 3 9 9 1 1 9 3
523 3 5 2 4 5 10 7 10 9 8 10 3 2 4 10 10 1 9 2 10
554 10 10 6 1 9 1 8 8 4 6 1 8 6 2 2 7 1 6 5 8
477 2 7 6 7 9 1 3 9 7 8 1 2 6 6 3 9 8 8 9 6
10
457 10 8 4 5 3 3 3 4 2 6 8 5 3 4 8 7 2 3 6 3
541 9 8 1 10 4 1 8 1 8 6 10 8 5 1 7 5 10 10 6 8
551 9 6 8 3 7 5 10 10 8 2 9 5 2 1 7 1 9 10 10 2
413 2 10 9 1 2 9 6 7 7 1 4 6 8 1 4 1 3 2 5 6
361 1 8 8 3 2 5 5 2 2 9 3 8 10 2 5 2 8 6 4 6
414 1 10 10 8 8 1 3 8 1 4 8 4 7 5 10 2 9 4 1 8
416 1 5 3 8 6 9 1 10 3 3 2 3 8 10 9 9 7 6 6 1
459 4 3 10 4 7 2 8 2 9 10 5 4 4 6 3 10 5 1 5 4
399 2 5 7 1 4 5 1 7 2 6 3 9 9 4 9 6 9 3 8 8
500 7 4 5 1 7 10 9 2 2 9 9 6 7 6 1 8 5 1 6 5
10
348 6 7 5 7 2 1 1 3 3 7 8 3 7 8 10 2 10 2 4 5
360 9 1 2 1 1 3 8 5 2 6 4 1 1 1 4 10 9 3 5 8
378 1 4 2 10 5 2 6 1 7 9 8 2 9 3 8 3 1 4 6 1
526 4 10 8 6 10 6 8 4 3 10 3 3 6 5 5 4 2 6 5 5
558 5 5 5 6 9 7 7 6 5 1 5 9 3 5 9 5 3 9 10 2
379 1 8 1 5 3 6 1 9 6 4 5 7 1 7 4 10 5 1 3 9
442 8 2 5 2 2 3 9 6 3 10 2 3 4 2 8 4 2 10 8 10
577 8 9 5 10 6 9 7 10 2 10 3 9 1 3 10 9 4 8 10 2
444 7 1 6 4 4 4 7 7 8 3 9 2 9 4 6 9 6 5 5 10
434 1 5 4 10 2 9 7 9 1 6 4 1 9 2 4 10 8 9 6 4
10
508 10 2 4 2 5 5 9 7 9 1 4 7 2 6 8 2 3 4 9 1
520 4 6 6 4 6 9 7 4 3 6 7 8 10 9 2 9 3 5 9 9
475 4 5 4 5 3 8 7 4 8 7 4 4 7 4 7 7 7 6 10 3
471 3 9 10 6 1 5 9 8 4 10 5 2 4 5 8 5 9 1 7 6
421 2 7 2 6 7 2 1 9 4 3 7 9 9 1 5 10 5 10 5 8
423 5 10 4 9 2 3 2 2 5 3 9 7 3 6 6 6 7 10 4 3
439 10 6 10 3 9 1 3 5 3 2 3 2 8 1 9 2 1 7 8 5
558 10 10 6 10 3 6 8 7 5 6 6 8 4 8 3 5 6 4 9 3
440 4 3 5 7 3 5 7 6 9 8 9 7 3 8 6 4 7 9 2 8
325 2 2 7 3 4 9 1 7 1 1 3 5 10 3 4 5 5 10 8 8
10
322 2 4 1 8 2 4 3 6 1 3 7 6 3 4 4 8 7 2 7 4
583 8 10 7 1 10 6 6 7 9 3 8 1 7 7 8 3 9 2 1 7
492 8 5 3 7 2 3 10 8 3 4 7 9 5 8 4 2 1 2 9 8
470 10 2 2 4 1 1 5 10 7 9 5 8 9 2 6 8 9 7 7 10
461 7 1 7 7 5 5 8 5 7 4 2 5 10 8 4 4 8 10 6 9
600 9 10 1 9 10 6 9 3 5 10 1 9 4 1 9 3 3 1 1 9
489 8 10 9 9 1 4 6 10 7 2 8 1 7 1 5 3 8 10 8 9
420 10 10 7 9 4 3 2 5 4 8 6 9 9 2 2 1 3 4 1 10
489 9 3 9 5 4 10 4 2 8 4 4 6 4 5 3 6 9 8 4 3
465 7 10 9 4 3 10 6 6 10 2 7 3 2 4 1 2 7 5 4 4
10
392 1 6 9 9 5 1 5 10 6 2 5 5 6 1 4 3 7 2 9 2
483 8 5 3 1 4 5 5 9 2 8 2 4 5 10 9 9 8 6 10 3
448 1 6 6 10 5 9 4 8 6 6 3 4 1 2 7 4 6 9 3 2
470 6 1 4 9 8 6 9 5 7 8 4 6 10 10 5 3 5 2 5 4
504 10 4 7 8 5 5 3 5 3 2 4 7 6 10 8 5 7 2 7 8
474 5 10 7 1 5 4 5 1 1 10 10 8 5 8 4 10 10 1 6 5
452 4 9 8 1 6 10 3 2 3 3 6 6 9 10 4 3 5 6 8 5
417 4 4 9 7 4 5 4 7 1 8 2 8 8 6 1 4 1 7 7 9
478 9 7 8 6 7 5 6 2 3 10 8 5 4 8 2 6 6 1 1 8
478 5 6 6 10 5 4 10 5 9 3 7 4 9 1 3 6 4 2 9 4
10
490 7 2 8 7 3 8 10 10 7 9 5 1 7 5 6 2 3 1 5 1
405 1 4 5 10 5 10 4 1 5 5 5 6 7 4 2 6 3 6 7 10
409 6 4 10 6 9 1 6 2 1 2 4 7 8 4 5 4 7 2 5 7
405 4 4 10 1 5 5 1 4 10 4 10 2 2 5 4 4 7 4 5 7
600 10 7 6 10 8 7 10 3 7 7 6 5 6 10 5 7 6 5 5 10
596 8 9 7 3 7 3 9 3 10 6 9 10 2 7 9 6 2 7 8 4
583 9 4 3 10 2 10 10 2 8 10 2 9 2 10 4 7 2 10 10 8
519 5 7 6 2 8 2 7 4 10 3 3 6 6 4 9 6 10 4 5 1
443 1 4 1 6 5 5 10 2 2 7 4 9 4 4 6 4 3 6 5 10
449 7 1 8 6 5 5 5 10 9 5 9 6 10 3 6 4 10 5 3 5
10
596 7 7 4 10 6 9 10 9 5 3 5 4 10 10 10 10 1 8 9 6
612 10 7 6 8 10 7 2 10 9 4 9 7 8 10 6 5 8 3 3 10
450 3 3 8 7 9 5 8 1 2 3 3 9 9 8 3 4 3 4 5 7
478 10 10 9 2 7 5 1 10 1 3 1 9 2 1 8 2 9 6 3 2
429 9 6 3 1 2 10 4 3 5 7 3 5 2 3 1 6 9 6 1 6
556 7 9 6 5 6 4 9 2 7 9 6 8 6 9 2 9 2 3 9 2
481 9 5 7 1 10 3 5 6 1 1 2 4 6 5 2 10 4 8 10 8
562 7 9 10 8 2 10 9 8 10 9 1 10 9 8 1 2 5 10 8 4
457 3 2 9 7 7 10 2 9 9 4 7 8 6 1 6 7 6 7 6 3
424 5 4 2 2 3 7 7 5 10 10 6 3 2 2 8 5 3 4 7 4
10
478 5 8 5 6 5 9 7 2 10 2 1 9 1 3 5 2 7 4 5 7
452 9 6 10 3 2 7 3 7 7 10 5 9 8 2 8 9 2 2 7 2
383 9 2 10 2 4 2 4 1 8 5 8 1 4 4 8 2 6 8 8 10
606 9 10 6 10 9 6 4 9 8 2 8 6 1 3 8 1 8 10 9 8
373 1 2 9 10 4 6 8 1 9 9 8 1 10 9 4 4 1 8 2 1
458 5 3 4 4 9 6 5 1 7 10 5 10 2 5 4 10 4 6 1 7
466 4 9 10 7 2 1 6 1 9 10 10 6 10 9 8 5 6 2 5 1
362 5 2 8 10 3 3 3 8 2 10 9 2 3 2 6 4 4 8 8 8
478 3 3 6 5 10 10 4 2 8 3 9 9 4 2 8 7 4 6 2 8
507 7 8 4 8 10 6 8 5 1 6 8 6 1 9 1 1 7 2 8 4
10
437 4 3 2 7 8 1 2 10 2 3 4 9 10 6 7 8 6 10 10 4
384 1 10 1 3 3 5 1 2 4 5 1 6 9 9 2 3 9 8 6 9
438 3 3 4 3 9 9 1 2 10 5 1 4 7 6 8 3 8 10 10 5
347 9 1 2 1 5 4 1 1 5 3 4 1 9 6 8 4 2 2 8 9
342 7 1 1 7 5 5 1 4 2 8 3 8 1 7 5 10 1 4 4 2
492 2 3 9 10 3 2 8 8 10 9 2 6 3 3 10 10 6 5 4 4
349 5 3 6 1 5 1 6 5 8 2 1 6 6 2 1 3 4 5 4 8
547 7 7 5 4 9 9 5 8 5 3 3 10 3 4 4 5 4 5 10 5
508 10 4 4 10 8 10 1 4 6 1 7 2 9 10 3 6 6 3 5 7
433 6 9 6 1 3 2 3 9 6 5 3 5 3 10 9 6 9 5 1 6
10
569 5 7 7 8 8 10 7 2 10 1 2 4 2 9 1 8 9 7 9 2
566 5 9 3 10 6 10 9 8 5 9 3 2 6 6 8 8 3 3 4 1
557 9 9 6 7 10 2 2 1 9 10 9 1 10 9 7 9 10 6 1 5
461 7 4 6 6 6 4 7 5 10 6 4 3 4 1 6 3 8 3 1 9
369 7 3 9 8 2 9 1 5 2 8 9 2 4 6 8 5 4 6 2 1
557 10 9 9 5 8 5 6 4 3 4 8 9 6 2 6 9 8 2 3 7
528 6 6 5 3 8 8 4 1 5 10 10 6 10 7 8 5 10 9 2 7
505 4 6 3 8 3 9 10 1 10 4 10 2 9 1 5 10 8 2 4 1
534 3 4 7 10 7 6 9 10 6 1 10 5 5 3 3 9 9 6 5 10
411 7 1 2 3 8 5 6 10 2 9 6 5 2 10 3 2 3 9 6 3
10
487 10 2 9 7 10 9 7 4 6 7 2 1 2 4 5 4 1 3 6 9
491 5 8 9 6 7 1 5 8 2 10 10 9 8 6 4 8 2 10 7 8
546 10 10 9 7 7 1 8 2 7 2 1 2 10 5 1 5 9 9 3 5
385 6 3 1 1 4 7 3 5 8 4 1 1 8 7 4 1 6 8 2 10
457 6 6 10 6 5 10 10 4 1 9 4 1 5 9 1 3 2 9 4 1
452 7 1 6 3 5 3 6 8 6 3 7 7 7 9 7 4 3 10 7 9
372 3 9 10 9 3 3 1 4 4 2 7 2 2 1 2 3 9 4 5 6
382 6 5 1 2 3 8 5 1 3 8 2 1 1 10 7 4 5 1 4 7
417 6 3 5 7 5 8 1 4 5 2 1 4 8 10 4 10 4 4 9 4
492 5 8 5 4 9 8 6 9 8 2 7 7 8 1 1 1 10 5 4 3
10
441 6 1 1 6 5 5 5 10 8 7 2 8 9 5 5 7 5 7 9 5
425 7 2 5 7 1 2 3 1 10 8 9 9 8 7 9 6 6 2 8 6
445 4 6 8 3 4 5 5 3 3 7 3 5 10 5 9 2 2 7 9 10
399 4 4 2 2 4 4 4 3 2 10 1 5 5 9 9 8 7 8 3 1
398 5 6 2 6 2 6 8 1 4 4 1 3 2 2 4 4 5 2 8 6
425 5 2 9 8 2 6 5 10 5 8 3 8 9 1 6 2 3 2 7 7
430 1 3 9 1 3 3 5 6 9 10 9 4 1 4 8 8 8 9 6 6
466 7 1 5 1 3 8 6 8 4 4 9 9 3 10 8 10 10 6 2 6
416 3 10 2 6 2 4 3 8 9 4 2 5 9 9 3 1 4 5 4 3
372 2 7 2 5 1 1 5 7 1 9 5 3 10 1 7 10 4 5 7 1
10
536 7 9 3 10 5 6 8 7 1 5 2 2 5 7 6 4 8 6 8 5
470 3 3 4 8 10 3 7 8 5 7 3 2 3 4 10 8 6 7 1 1
510 9 10 4 10 4 6 1 3 9 2 7 9 9 5 2 10 7 7 6 7
486 10 3 1 2 4 1 6 10 1 8 8 10 6 7 7 4 9 1 10 5
408 7 1 5 2 7 5 5 4 8 5 2 3 4 5 5 3 7 3 1 9
505 6 2 9 2 4 7 10 7 3 10 8 1 10 8 4 7 9 4 7 10
458 6 2 4 9 4 4 9 6 2 2 9 9 8 6 1 5 4 10 5 3
500 9 5 3 10 4 4 4 3 6 10 7 3 6 10 10 4 10 10 8 1
515 5 8 9 9 8 4 6 5 3 3 4 9 5 4 1 9 8 3 10 3
532 7 7 8 3 6 10 8 3 8 5 3 2 4 3 7 8 8 8 6 6
10
439 4 8 1 1 10 1 8 5 5 3 4 2 3 9 1 7 8 8 1 3
371 9 2 3 4 3 1 1 7 5 5 10 1 1 8 9 6 7 10 1 8
480 1 10 9 6 2 3 1 3 8 9 1 8 10 7 8 10 10 10 10 3
479 6 10 7 7 2 3 7 4 2 9 10 9 10 2 7 6 3 5 5 2
449 8 7 6 3 6 5 5 4 7 4 4 3 3 1 10 1 1 10 5 3
395 2 1 9 4 7 10 4 3 9 6 2 3 4 2 7 4 5 8 8 5
391 4 4 9 2 1 1 7 1 8 8 3 1 9 10 5 7 6 6 1 6
468 6 7 9 6 6 4 4 3 3 1 7 3 9 10 4 8 5 8 8 10
403 1 10 1 3 8 2 1 1 7 5 6 10 3 6 3 6 6 5 8 1
416 4 10 3 1 7 2 1 4 7 8 7 3 10 1 8 3 4 3 3 7
10
497 4 9 9 6 8 3 8 1 6 8 9 5 6 3 4 5 5 6 9 1
599 7 3 2 5 7 7 10 7 9 5 1 7 10 7 9 9 2 8 6 4
500 8 4 1 8 9 8 6 6 2 4 6 4 4 9 7 7 4 7 3 10
504 2 2 2 8 6 7 10 3 4 9 3 5 10 5 9 5 9 9 9 7
369 8 4 4 4 5 6 2 2 2 9 2 2 2 4 8 10 2 2 6 3
474 10 6 2 1 4 4 3 4 10 7 6 5 1 6 4 10 1 10 1 9
450 8 5 7 4 3 5 7 4 1 6 4 5 6 1 8 9 7 3 8 9
487 6 5 8 5 4 8 6 3 4 6 6 10 1 9 3 9 9 10 3 4
497 8 8 9 2 5 1 9 10 4 2 4 9 4 1 9 5 4 10 4 1
405 2 4 2 10 1 1 8 5 4 7 9 5 5 8 1 10 9 10 7 5
10
387 5 5 7 4 1 2 1 10 7 7 5 3 7 7 8 10 10 9 2 9
431 10 9 4 4 3 9 2 9 2 6 2 1 3 2 4 1 6 6 8 10
395 6 1 2 3 7 2 9 5 1 1 10 3 3 3 2 7 8 1 2 9
412 6 1 5 2 5 1 5 9 9 3 5 2 4 10 1 8 10 5 1 4
439 5 5 4 10 9 3 1 3 7 8 9 3 10 7 8 1 7 1 10 1
474 2 5 5 8 7 2 10 4 4 6 5 8 3 1 9 8 6 9 9 6
521 9 6 7 9 9 10 1 10 4 6 4 6 4 6 1 5 6 3 7 4
482 7 4 9 6 3 4 7 10 2 8 7 9 8 5 8 5 1 2 9 1
402 4 1 1 8 4 2 10 4 2 7 10 1 5 2 5 6 7 2 6 3
293 7 1 1 2 3 1 1 1 4 7 2 1 2 5 7 10 1 10 7 1
10
404 1 4 4 9 6 2 8 5 5 5 9 6 3 2 1 2 1 6 9 10
469 4 8 3 3 9 10 3 2 3 6 5 3 10 9 6 5 4 9 6 9
562 9 5 2 6 8 4 10 10 2 1 7 1 3 9 7 2 5 6 9 10
476 4 9 1 6 10 6 4 1 7 9 1 3 7 6 6 10 9 3 1 1
497 4 10 9 5 3 10 7 9 1 6 8 9 8 4 4 5 5 3 10 8
397 6 2 5 3 1 2 5 9 1 7 10 6 2 9 9 9 4 9 5 8
457 8 7 8 6 7 1 4 10 1 6 2 2 10 6 7 1 7 9 7 5
453 5 2 9 8 9 2 6 5 8 6 5 6 2 9 3 4 5 8 3 10
474 7 9 7 2 9 1 8 1 5 6 5 5 1 10 3 2 4 1 7 5
310 3 1 5 6 4 7 2 4 4 8 4 2 6 10 4 3 6 3 4 2
10
542 10 9 1 4 7 3 6 2 8 2 6 8 1 10 4 1 4 9 7 2
435 4 6 7 9 3 5 3 10 8 2 3 10 3 6 5 1 8 6 2 1
393 5 1 3 6 2 8 1 6 7 3 1 4 9 8 8 8 3 4 4 10
555 3 9 1 7 9 1 9 1 9 1 9 10 9 6 10 8 2 10 9 2
517 10 1 8 5 8 9 6 5 8 1 3 5 4 6 7 8 2 6 8 7
540 8 3 10 2 3 6 7 1 8 4 6 10 1 3 8 9 10 5 7 9
508 2 7 5 8 3 6 9 9 10 9 5 6 8 7 2 4 6 1 5 2
473 3 3 3 9 7 7 4 9 6 8 2 4 10 4 8 9 1 8 7 7
566 8 4 2 8 4 5 10 9 6 7 7 10 10 5 4 8 10 3 4 8
369 4 2 9 3 3 2 8 4 5 2 6 7 7 7 1 6 10 3 1 4
10
451 6 4 5 7 3 4 9 7 1 5 6 7 2 7 6 4 9 3 2 6
595 9 6 9 5 10 9 10 10 9 1 2 5 3 2 5 10 6 5 7 1
527 9 6 7 7 3 9 4 9 5 3 1 8 10 1 4 4 9 10 10 3
491 10 5 10 9 5 5 5 1 8 2 4 7 1 10 1 6 8 10 1 10
394 8 8 1 7 3 6 1 10 4 5 4 9 3 10 2 2 3 3 2 1
441 4 4 10 8 9 7 2 5 6 3 9 2 8 2 2 10 4 9 9 10
576 9 9 2 9 3 4 5 8 10 9 8 6 5 9 10 3 9 9 5 8
432 7 6 5 7 5 8 1 3 3 9 2 2 10 10 6 10 3 6 9 2
531 4 10 7 1 7 10 6 9 9 4 8 4 1 8 3 3 10 2 8 2
370 1 8 6 1 1 4 2 8 5 6 10 3 4 4 4 1 6 5 10 5
10
457 7 6 2 9 6 4 3 3 9 8 1 1 5 10 5 10 8 2 3 8
457 9 9 7 7 2 2 2 2 8 2 7 7 9 3 7 6 8 4 6 3
453 4 7 4 1 10 9 6 2 3 3 1 4 2 3 3 2 5 6 7 10
415 1 5 3 10 6 8 5 2 1 4 3 2 7 10 2 8 9 9 8 2
570 10 3 6 9 7 9 1 9 10 10 5 6 9 10 5 9 3 7 7 7
520 9 6 6 5 7 8 6 2 2 10 7 1 8 5 9 9 9 1 5 4
504 9 6 1 4 6 7 9 7 9 5 7 4 2 4 9 1 2 10 1 3
529 9 2 9 8 8 5 6 9 6 6 1 10 1 3 9 9 8 4 9 7
490 8 8 4 1 8 3 4 1 9 8 4 10 3 4 4 5 3 1 4 6
460 1 6 3 9 10 7 9 4 7 4 6 2 7 1 4 3 4 7 1 5
10
485 7 10 6 1 3 8 5 9 5 1 9 6 5 4 9 3 9 9 3 4
469 6 1 6 1 6 10 5 8 7 2 6 10 1 1 2 5 7 7 6 9
569 10 7 3 8 6 10 3 9 5 10 2 10 10 7 3 3 7 6 6 3
507 4 8 1 10 5 5 1 10 10 2 3 10 5 1 9 10 3 10 3 10
476 8 2 9 5 8 2 2 3 10 7 3 5 7 7 10 9 9 7 6 1
440 3 4 5 1 9 7 1 9 6 8 10 2 1 8 4 6 10 10 3 1
515 8 6 8 9 8 9 9 4 7 8 1 1 6 4 9 3 3 10 2 3
490 4 6 7 1 9 7 5 6 4 1 8 10 5 7 8 4 4 10 10 4
525 9 3 6 5 10 4 9 5 1 6 8 3 10 2 8 8 2 4 8 1
533 3 9 10 1 5 9 5 4 4 2 10 10 5 3 6 8 10 2 9 6
10
440 5 4 3 4 8 4 1 3 9 8 4 8 2 2 2 5 7 10 3 8
405 1 3 10 9 5 10 4 7 8 2 6 1 5 5 8 1 10 7 1 5
512 5 9 8 6 9 9 4 1 4 8 7 4 7 2 10 7 1 1 7 9
386 7 3 4 10 1 2 5 5 3 5 2 3 8 2 2 10 1 4 10 6
496 6 3 7 1 3 7 10 8 9 8 3 10 10 7 9 4 3 2 3 7
506 6 4 6 6 5 7 6 3 9 1 5 1 4 7 10 9 8 10 3 9
508 8 10 10 1 7 2 7 2 1 9 4 6 10 8 6 9 3 2 6 10
383 1 2 3 8 9 5 2 9 4 5 1 2 9 3 4 10 8 2 3 1
606 1 10 6 4 10 9 10 8 10 1 4 6 4 7 6 6 9 6 1 2
507 7 6 10 2 9 8 7 5 6 3 8 2 5 10 4 8 2 5 6 8
10
599 10 4 1 9 1 8 10 5 10 2 8 2 8 9 10 6 8 8 5 9
520 2 9 2 9 6 3 8 7 8 10 3 1 2 9 6 10 6 7 6 5
510 7 6 5 8 8 10 6 2 2 7 6 3 3 7 1 7 9 6 2 4
347 1 6 5 4 1 2 9 1 8 1 4 3 1 4 7 4 1 2 3 4
398 2 4 5 9 5 1 5 2 3 5 4 6 6 10 5 5 2 9 4 4
404 4 4 6 4 3 6 4 7 3 1 5 5 3 1 5 9 2 6 5 9
495 6 10 1 8 3 4 1 9 5 1 2 10 2 7 8 8 8 6 8 3
411 6 2 6 1 1 2 8 6 10 5 8 10 4 1 2 5 1 9 7 1
559 10 10 3 2 3 8 8 5 4 10 6 1 2 9 6 9 3 10 6 4
414 3 4 5 4 4 2 3 8 7 6 10 6 7 5 9 2 9 8 9 2
10
524 3 10 6 6 6 7 10 4 8 3 10 2 5 1 1 8 7 6 8 1
503 8 5 8 7 8 5 3 10 9 1 8 3 6 5 8 9 7 5 3 6
388 4 5 6 1 6 4 1 5 3 5 9 1 10 6 4 6 9 2 9 5
455 2 2 6 7 4 1 9 9 7 7 1 5 8 8 2 8 2 1 10 10
566 9 10 1 10 1 8 10 4 8 6 8 7 8 5 3 5 10 3 9 8
532 10 4 4 7 9 2 5 2 3 9 7 9 10 10 9 8 2 4 8 4
398 5 4 4 1 6 7 5 2 8 8 10 1 4 2 2 10 5 8 5 2
437 8 5 5 9 1 3 7 2 6 2 9 1 6 7 3 6 8 10 1 1
451 4 2 9 8 6 9 7 1 7 10 10 1 4 9 2 4 2 9 9 9
455 10 1 1 6 6 7 4 5 1 3 5 5 8 9 8 6 10 4 6 7
10
410 6 5 1 5 8 2 2 4 1 4 5 5 10 1 2 8 8 9 7 5
435 4 8 3 7 4 8 4 9 2 1 2 2 6 9 6 1 8 10 2 10
445 7 4 4 7 2 6 7 2 1 5 2 9 5 1 4 10 10 2 5 4
531 9 8 7 7 9 9 2 8 7 3 6 9 3 2 8 7 7 8 2 5
429 3 5 6 10 3 2 8 4 9 5 5 2 4 5 5 8 2 7 5 1
433 9 1 6 8 2 5 1 8 6 1 9 8 8 3 5 9 9 3 2 4
425 2 6 1 9 7 2 1 7 8 3 9 9 6 10 1 4 4 7 10 6
363 4 5 3 1 1 5 3 8 9 3 8 6 10 9 1 4 8 4 3 2
663 10 10 9 7 8 9 7 3 8 7 1 10 10 9 10 1 5 7 5 6
551 8 5 6 2 7 6 10 1 6 3 9 6 1 6 5 10 8 8 4 9
10
500 9 7 3 9 4 7 3 5 5 6 8 3 1 9 5 2 9 7 8 7
475 3 6 8 5 3 2 9 7 2 2 5 10 9 9 2 7 2 6 10 10
502 9 2 10 7 6 4 5 8 9 4 9 2 3 9 8 2 6 8 10 9
530 8 4 5 1 10 3 6 8 7 9 5 9 6 4 7 5 1 4 8 1
403 8 1 6 5 6 1 2 7 1 7 1 10 3 8 6 10 5 4 4 3
478 10 6 5 9 1 9 5 4 5 9 5 9 3 4 3 5 1 4 8 3
464 3 5 6 7 10 2 2 5 5 2 6 6 3 9 6 9 10 7 2 6
310 1 1 7 1 1 9 2 5 1 10 8 1 8 4 7 5 7 4 7 10
429 10 4 7 6 3 2 5 8 8 8 5 2 10 6 8 2 2 7 10 2
461 4 9 5 8 5 4 6 5 3 6 7 10 1 6 1 6 5 5 8 10
10
461 3 6 3 6 3 10 6 8 2 6 7 10 8 10 7 5 5 3 7 4
507 5 7 5 3 7 9 4 1 9 9 5 2 7 1 6 10 6 8 9 7
506 10 10 3 4 5 9 4 5 6 6 1 2 5 2 6 8 9 1 7 2
504 9 7 9 6 3 2 10 9 3 2 3 10 1 7 7 2 2 1 7 1
460 3 5 5 10 7 7 8 3 1 4 10 2 2 3 4 10 1 5 4 10
348 3 9 7 4 1 1 1 1 3 1 5 3 10 5 1 10 10 7 3 1
489 7 10 3 4 10 2 4 3 5 8 8 2 1 8 10 7 5 8 4 1
585 10 5 3 10 8 4 5 7 9 10 10 7 10 5 7 7 7 10 8 6
519 1 10 2 6 7 3 10 3 10 6 8 9 6 1 9 10 4 9 1 3
378 3 6 5 2 1 6 5 1 5 9 6 5 4 7 5 2 10 10 7 3
10
463 6 6 3 6 8 9 3 3 8 10 2 5 1 5 4 3 3 1 5 1
503 7 7 8 3 3 9 6 10 1 7 7 7 9 6 10 10 4 9 1 6
371 1 1 7 8 7 1 2 7 4 7 1 10 5 7 3 4 6 2 10 5
513 4 10 5 10 6 3 3 6 5 6 1 2 8 4 10 9 7 7 9 9
513 7 8 5 9 4 9 9 3 10 9 4 3 2 2 6 5 4 7 3 10
517 7 7 10 7 7 2 7 1 10 9 10 7 10 3 7 7 5 2 7 10
476 8 2 1 5 5 9 2 5 6 9 4 9 7 8 8 7 6 3 6 10
511 9 6 9 10 6 10 2 9 1 10 9 6 4 9 10 8 8 1 5 7
537 9 9 6 7 2 10 9 3 3 2 10 5 4 7 6 3 10 4 3 6
386 2 4 5 2 5 3 6 1 6 7 5 5 9 6 6 7 10 3 5 7
10
514 10 4 9 10 8 8 4 7 4 1 2 1 10 10 6 8 9 2 8 9
499 7 9 1 4 6 8 2 10 2 7 3 4 10 3 9 6 8 7 1 7
451 3 8 3 9 7 2 2 1 5 6 10 8 4 9 9 4 5 10 2 7
604 9 6 3 7 8 7 7 3 8 4 9 6 5 7 10 8 7 1 7 7
500 10 5 6 1 10 3 7 5 3 4 9 1 3 10 3 3 5 6 10 9
440 3 5 1 1 9 3 6 9 8 10 2 5 8 1 6 2 3 4 8 8
480 4 5 7 10 7 9 6 5 4 10 10 2 4 9 5 3 8 4 8 9
450 3 9 10 9 8 1 5 6 3 10 5 1 7 3 10 3 6 4 7 4
462 9 4 3 9 7 9 3 3 8 9 8 9 1 3 1 4 7 6 9 1
427 4 3 10 8 3 2 5 6 4 9 10 5 8 5 8 8 3 9 10 7
10
453 10 5 4 6 3 2 3 3 7 6 8 8 7 10 7 3 10 4 6 8
417 10 7 3 4 3 3 3 9 3 10 6 2 1 7 10 4 1 4 4 9
561 2 8 7 10 8 7 10 7 7 9 6 3 10 7 1 4 5 5 10 3
336 1 4 2 7 1 6 2 8 6 5 2 3 1 2 1 2 9 6 9 10
515 9 4 7 6 5 5 10 1 3 9 7 8 7 7 10 1 1 4 5 4
466 4 5 6 6 3 2 8 3 3 9 2 7 2 8 9 10 2 1 8 5
487 6 3 3 9 8 3 10 5 4 6 6 5 10 2 7 1 5 10 8 3
328 1 10 3 2 5 3 3 1 7 6 1 1 4 3 1 9 1 2 5 9
376 2 2 3 5 5 10 3 2 6 8 10 3 5 2 4 10 7 2 3 8
432 7 3 4 8 3 5 10 3 9 1 7 4 2 10 2 3 3 1 2 10
10
459 8 8 8 10 5 4 3 4 6 7 8 3 1 6 6 8 10 2 1 6
487 4 2 7 2 10 8 8 10 1 3 8 10 3 2 10 9 2 4 2 1
457 4 6 6 5 1 2 7 7 6 4 7 4 4 8 3 10 9 4 3 5
377 1 7 10 9 6 5 2 1 7 9 8 10 8 5 1 6 1 5 3 6
440 3 10 9 4 9 2 1 6 2 10 3 9 6 5 7 2 2 5 9 1
532 9 7 8 3 5 4 4 1 10 7 4 9 10 3 6 5 9 10 2 7
495 5 8 5 8 9 7 3 4 3 4 8 8 3 2 8 5 6 3 5 1
557 9 6 7 5 4 9 3 10 10 8 2 8 9 10 9 9 4 1 8 6
379 2 8 9 3 1 4 4 8 3 7 10 7 3 4 9 7 8 2 2 7
429 2 4 3 6 6 6 4 9 6 3 2 6 2 3 10 5 9 1 1 5
10
398 3 4 8 8 5 9 6 2 2 8 5 8 5 2 4 4 1 7 8 9
458 4 7 10 7 3 3 7 4 4 5 9 8 7 3 9 10 5 9 2 1
463 8 1 7 5 9 9 3 6 3 5 1 10 8 5 3 5 6 2 7 7
448 7 9 4 4 3 9 5 2 7 9 9 9 3 10 2 2 5 2 2 3
554 10 10 4 7 1 10 6 8 6 5 1 9 9 3 3 8 10 4 1 10
571 4 9 6 3 4 10 10 10 2 3 10 7 9 2 5 9 7 6 6 7
474 9 10 7 7 4 8 6 2 2 4 1 3 3 2 7 1 4 5 8 9
468 9 1 9 8 3 5 6 3 9 9 2 5 2 4 5 4 6 9 9 7
371 1 2 6 5 4 3 8 4 1 4 1 6 2 4 6 5 6 5 8 10
416 6 5 5 2 3 9 5 7 1 2 3 7 10 9 4 3 4 10 6 7
10
435 8 3 1 3 10 8 1 9 5 6 10 2 4 4 10 2 3 4 5 5
447 5 3 8 1 5 3 9 8 6 9 9 5 7 4 7 4 1 7 6 4
562 9 9 6 4 8 6 10 10 1 5 8 4 4 8 7 1 4 7 10 6
576 10 6 8 7 7 7 10 8 9 5 8 10 10 10 6 5 1 1 3 2
575 9 6 1 1 10 7 8 2 1 3 1 6 5 9 7 4 7 6 9 8
424 4 3 9 8 7 3 2 10 5 3 9 9 10 4 8 8 3 9 5 5
576 7 5 3 10 10 9 8 9 9 8 8 2 9 9 2 7 4 6 8 6
565 6 9 6 3 8 5 7 3 9 4 1 5 3 7 10 7 7 2 4 7
576 10 5 2 8 10 8 9 1 6 9 5 6 4 3 9 6 8 10 3 5
492 5 8 4 9 6 9 2 1 10 4 9 9 6 6 3 5 9 1 2 9
10
461 6 4 6 7 7 6 3 7 7 10 6 3 6 3 10 8 10 9 4 3
479 10 9 4 1 2 2 3 1 5 8 6 8 8 9 5 8 3 5 6 7
417 3 5 6 1 1 7 2 1 9 9 10 8 4 9 7 8 9 1 1 7
411 7 3 5 3 3 2 4 4 8 2 2 2 3 5 10 3 10 8 9 8
425 4 9 2 3 1 4 6 9 3 1 3 4 9 6 3 9 5 8 1 5
609 8 9 9 10 6 10 8 6 9 4 10 4 6 6 5 3 10 2 2 5
394 3 8 1 1 6 3 3 4 9 1 5 8 3 3 6 8 6 2 1 2
462 5 7 8 6 7 8 5 6 5 3 5 1 6 6 8 5 5 3 3 2
397 10 2 3 6 3 8 5 2 2 5 7 4 7 9 2 7 6 1 2 9
582 4 9 3 6 10 5 6 1 10 1 5 8 2 10 9 4 8 9 10 3
10
357 1 3 6 2 7 4 1 6 2 5 5 2 10 3 7 7 10 9 3 10
452 5 1 4 2 6 7 9 1 8 8 4 10 3 7 3 2 6 1 2 10
484 5 6 10 8 10 9 6 2 3 5 6 4 7 2 9 1 3 7 9 3
485 10 6 8 2 5 1 2 8 5 10 2 8 6 2 8 7 2 4 7 10
462 3 9 7 8 3 6 4 10 5 3 5 5 9 5 10 2 4 9 1 10
504 1 7 1 8 10 9 9 2 5 5 3 2 4 7 5 5 10 9 5 4
518 3 2 10 9 4 7 8 8 8 9 9 5 4 8 9 9 7 8 9 6
394 10 3 3 3 1 1 10 8 1 7 10 2 4 2 3 2 7 8 3 5
455 5 7 6 4 4 7 4 4 2 9 1 3 9 9 6 10 9 5 4 8
574 4 8 5 7 10 4 10 4 4 4 3 5 6 7 4 8 6 5 5 10
10
498 10 5 5 4 9 3 1 10 9 7 4 4 1 1 6 10 9 4 7 8
426 4 6 10 3 4 5 10 7 1 1 5 2 3 10 8 1 1 4 5 8
405 5 7 4 7 5 6 5 3 6 2 3 5 8 2 2 1 6 1 2 10
404 4 7 10 3 1 1 8 3 5 2 10 7 9 6 4 6 5 6 5 1
459 6 6 6 2 6 3 8 10 8 2 5 4 3 6 4 2 1 4 9 10
503 9 8 6 2 3 6 5 8 7 4 7 5 2 4 2 10 1 4 3 9
480 10 8 6 8 1 4 5 10 10 10 4 1 8 10 1 5 6 2 10 1
483 6 8 8 8 9 4 2 7 6 7 5 5 8 6 2 5 6 5 7 6
496 7 7 7 1 5 9 4 5 2 1 3 8 5 2 8 1 7 4 10 8
521 5 10 6 3 6 7 9 7 1 7 9 6 8 8 2 7 1 5 5 5
10
448 5 1 2 6 4 6 5 3 10 3 9 8 5 1 10 3 2 7 8 9
473 1 10 6 1 7 7 2 6 5 5 2 10 2 8 5 8 4 2 10 5
344 1 5 7 6 3 8 6 8 2 6 4 3 4 6 6 2 8 1 1 2
421 5 1 5 3 5 5 2 9 8 9 2 4 9 3 4 10 7 4 6 7
552 6 9 7 6 7 6 5 10 5 4 7 6 3 10 4 9 9 1 6 8
571 10 10 2 8 6 2 7 10 4 9 6 9 10 8 3 4 4 6 4 4
554 8 6 9 4 2 10 10 7 5 4 4 8 3 1 6 10 5 9 10 4
428 7 8 7 5 1 6 5 2 10 9 7 1 5 3 9 5 3 4 4 1
639 9 7 6 9 7 9 10 10 9 9 1 2 6 7 2 10 8 5 9 7
450 6 4 4 2 4 3 6 1 4 10 3 4 8 10 10 8 7 2 4 2
10
377 2 6 3 7 3 1 5 3 4 2 7 1 10 9 6 9 9 5 2 3
479 8 2 5 1 5 5 8 8 10 10 8 5 5 1 3 9 3 2 2 7
507 3 1 8 5 9 6 9 9 6 4 9 6 2 4 6 7 7 8 7 2
375 8 3 3 6 1 3 7 3 3 1 3 9 5 4 1 3 10 4 2 8
372 3 6 6 4 6 2 1 9 4 7 2 7 2 4 6 5 8 10 3 9
605 4 4 6 3 9 7 9 8 9 8 7 8 4 10 7 8 9 5 10 4
505 10 6 7 10 1 5 10 3 8 7 7 3 6 10 3 2 10 4 10 6
446 1 4 2 2 10 4 3 6 6 10 7 7 8 1 10 6 3 5 8 8
438 4 4 7 9 10 1 2 5 3 8 4 8 1 7 8 5 2 10 8 3
492 7 1 3 10 3 9 9 7 8 10 4 1 3 3 8 3 1 4 7 7
10
474 8 1 9 3 7 7 7 1 4 8 4 5 8 7 6 8 4 2 5 6
305 2 1 8 10 2 4 3 10 1 7 6 7 8 2 1 6 9 2 6 6
404 7 4 2 3 4 2 1 9 9 7 10 3 1 4 8 10 2 1 4 9
406 5 2 1 2 8 6 3 4 4 4 1 7 10 4 8 10 2 4 2 2
494 4 9 8 3 7 7 3 8 9 3 5 5 1 7 10 1 6 3 9 4
457 5 5 10 2 5 5 6 7 9 9 3 1 7 4 10 2 4 8 2 1
413 3 4 2 10 6 6 1 5 1 7 1 9 3 9 6 6 3 3 9 5
487 6 3 7 9 4 4 9 3 4 5 5 8 9 9 6 9 5 3 1 6
385 5 7 3 1 1 4 3 8 6 1 1 4 7 9 2 1 1 8 9 9
335 7 5 2 9 4 1 2 5 2 6 7 1 8 6 4 5 1 6 9 1
10
654 3 10 6 1 8 9 8 7 9 7 4 10 6 4 10 9 10 6 8 5
450 5 10 6 2 7 10 4 2 3 6 2 4 3 4 1 4 4 2 6 2
398 1 5 3 3 4 5 5 6 10 6 6 4 9 3 6 9 6 10 3 3
573 8 2 9 2 6 7 10 10 10 9 6 4 4 1 8 10 10 6 3 6
487 3 5 2 4 5 9 5 9 5 10 6 5 9 9 9 6 3 6 8 5
544 8 10 2 4 2 7 7 6 8 4 6 8 5 9 2 4 10 8 2 5
507 6 2 6 9 10 8 2 2 7 6 5 4 3 9 9 8 2 5 10 7
439 8 1 7 3 9 3 3 10 3 4 9 9 6 6 1 4 4 5 4 3
453 4 1 1 10 6 10 4 9 4 1 6 4 1 3 7 9 10 4 8 7
515 8 1 10 10 2 8 5 4 10 8 9 5 1 10 5 5 9 9 5 8
10
522 9 1 5 6 6 9 6 10 8 4 9 5 9 9 8 4 6 10 3 8
510 4 6 2 2 10 9 7 4 5 4 8 6 2 5 1 6 4 7 10 3
622 7 10 10 9 5 4 10 4 9 2 1 7 3 7 4 7 10 6 10 3
568 7 1 5 4 9 9 10 5 10 8 7 4 8 10 6 6 7 7 2 4
561 10 8 5 8 8 2 7 1 10 1 4 7 9 9 6 10 3 10 6 7
514 10 4 4 4 4 4 9 9 7 6 6 1 7 10 3 4 9 7 1 6
461 8 2 5 4 8 10 5 3 6 4 4 5 4 10 3 5 2 8 5 3
583 2 10 10 8 5 9 10 8 6 5 6 10 1 5 2 1 8 6 8 7
483 5 10 9 9 3 2 6 5 7 1 3 10 3 10 2 5 4 5 3 7
429 6 4 3 4 7 2 3 5 6 5 6 1 7 3 8 3 4 6 8 9
10
298 1 1 1 1 1 2 3 7 7 6 10 6 2 8 6 4 5 7 8 3
436 9 3 4 1 4 9 3 4 3 8 4 2 2 7 6 7 8 6 6 4
482 9 6 9 2 7 1 3 9 6 1 4 2 7 8 5 10 3 10 4 1
428 3 4 6 8 1 3 10 1 8 9 3 1 8 3 8 5 5 2 9 1
519 5 10 3 5 9 10 7 1 9 3 8 6 6 3 2 7 1 2 1 7
376 6 4 4 4 9 4 4 2 3 3 5 2 6 10 1 4 5 6 1 10
487 2 1 7 9 9 7 3 8 6 10 10 9 7 1 6 8 9 10 6 8
372 8 7 3 2 1 3 1 4 10 8 7 2 7 2 3 3 1 9 9 7
532 7 9 7 7 10 5 7 4 2 5 6 10 8 2 9 3 2 3 3 5
399 3 3 5 3 7 5 3 9 4 1 4 5 5 3 10 3 9 4 7 9
10
470 2 10 10 1 2 5 4 10 3 6 6 9 4 8 8 10 2 10 1 5
478 1 8 2 3 2 8 2 8 8 10 1 10 8 3 8 8 10 2 4 6
500 6 4 4 5 8 7 4 3 2 5 10 6 5 10 2 10 9 9 4 2
447 4 7 1 10 7 8 2 2 5 7 9 7 8 2 3 4 8 4 7 9
433 4 2 6 6 1 7 9 9 3 4 8 2 2 1 5 10 6 5 9 5
481 8 1 7 6 6 4 10 10 2 6 9 5 3 9 3 7 3 6 9 3
460 6 2 4 6 3 8 2 8 8 4 10 8 3 5 9 9 3 9 3 1
516 5 10 1 8 10 2 10 5 1 3 4 3 6 5 6 10 8 9 2 1
389 1 5 9 9 6 7 7 6 1 5 5 6 10 6 6 1 6 3 1 5
462 10 1 6 7 10 4 4 9 5 6 6 6 9 1 4 9 2 2 7 3
10
434 1 7 2 5 3 5 6 10 7 2 9 1 3 4 6 4 7 5 1 10
512 2 10 6 10 5 6 8 8 1 8 9 6 7 3 2 9 7 7 7 8
329 1 2 8 6 4 3 1 3 8 3 2 3 2 10 8 8 8 7 3 2
534 9 7 1 10 1 10 10 5 2 8 7 3 1 7 8 10 10 8 2 1
504 2 4 7 4 8 10 9 3 4 5 9 3 4 7 8 9 1 2 10 8
451 5 2 5 3 8 5 10 4 4 9 4 3 1 7 4 4 4 8 5 10
379 10 4 1 2 1 2 3 3 8 6 4 7 5 7 4 3 10 8 2 1
505 6 10 8 4 7 6 3 3 5 10 3 1 9 6 9 1 9 6 5 10
522 4 8 9 7 2 1 7 6 6 2 10 4 3 9 5 9 9 8 9 10
437 2 4 9 7 1 5 8 4 10 7 2 5 1 5 7 3 1 6 7 5
10
335 1 3 1 8 2 1 2 2 10 9 7 8 9 7 1 6 5 3 2 3
496 10 1 4 3 8 3 2 6 8 10 5 5 5 7 7 4 7 6 10 10
455 4 4 3 10 6 4 8 2 8 7 3 9 9 9 2 9 4 8 1 4
361 4 8 10 6 2 3 2 1 1 9 1 1 4 10 1 7 4 5 6 10
436 4 5 6 3 1 7 10 6 1 4 8 2 2 6 1 8 7 9 1 5
494 10 6 3 2 5 4 7 5 7 9 5 9 3 2 3 6 7 2 2 8
484 6 7 8 5 6 10 3 2 8 1 10 9 5 8 2 3 7 7 5 5
391 1 2 10 7 10 10 2 5 8 5 1 1 6 6 1 10 5 4 4 4
466 7 9 8 5 9 1 1 1 3 9 2 7 6 4 5 6 9 2 6 10
482 5 3 1 4 1 10 7 10 8 4 8 5 8 1 7 7 6 9 9 7
10
406 6 3 5 10 5 1 6 5 6 10 9 3 9 1 5 9 5 1 7 6
428 1 6 2 10 8 1 7 6 7 3 6 5 6 5 2 8 2 2 4 6
532 5 9 9 7 6 9 3 9 7 2 7 3 3 6 4 8 7 9 7 3
389 8 7 4 2 1 9 7 2 6 3 7 2 5 5 1 2 2 8 3 1
485 5 5 2 1 7 5 4 8 8 1 1 8 8 8 3 10 6 3 7 5
484 8 3 8 3 8 5 1 3 9 7 6 10 1 8 4 9 1 1 5 10
465 6 3 9 7 2 4 10 6 8 9 4 4 1 6 5 5 1 1 4 5
616 10 10 2 3 9 5 7 8 6 10 9 3 10 6 10 9 1 10 6 2
478 4 3 2 8 1 7 10 3 7 2 10 7 8 2 3 6 8 10 8 3
471 3 2 1 3 8 4 9 2 3 2 5 9 6 9 10 5 8 4 2 10
10
485 10 2 3 4 6 1 8 10 8 1 9 5 2 5 5 8 8 3 9 1
380 6 8 1 8 1 3 8 2 6 9 7 2 7 5 2 4 2 1 2 9
446 4 1 8 9 5 5 5 7 4 1 7 1 10 2 8 10 10 7 3 5
421 5 9 2 5 1 7 5 6 2 4 3 8 9 10 2 8 9 2 2 3
410 6 4 4 3 1 2 10 2 3 2 5 8 9 9 1 10 2 4 7 8
445 5 3 5 5 8 9 3 1 5 2 6 3 6 8 7 4 7 3 4 8
432 3 2 4 6 3 5 6 7 9 6 10 9 6 6 2 1 7 9 7 7
256 1 3 9 6 2 1 1 5 1 1 1 7 4 1 1 2 4 8 2 5
368 1 1 2 7 4 8 4 7 4 4 9 2 6 2 6 6 6 8 1 7
529 4 10 9 2 9 7 2 8 7 10 9 5 8 6 10 5 9 8 6 9
10
516 5 10 5 7 5 9 5 7 6 5 1 10 9 7 4 4 1 6 1 6
502 10 9 1 2 7 1 6 8 3 10 9 4 10 10 6 1 1 5 10 10
455 9 8 3 1 8 10 1 9 6 2 9 3 6 1 2 3 3 2 8 10
382 6 4 1 10 3 5 6 5 2 5 6 3 6 5 7 3 1 10 8 1
480 9 1 3 3 7 6 5 6 6 5 5 5 10 10 10 4 1 3 3 6
616 10 10 2 1 4 8 10 9 9 6 1 4 10 2 10 9 6 10 5 2
491 2 10 8 4 7 10 6 6 3 7 10 5 10 9 4 5 5 5 5 8
493 3 10 3 4 6 1 7 3 8 1 8 7 4 3 10 7 3 6 10 3
569 8 7 9 7 5 8 10 7 3 4 4 3 10 9 8 8 4 4 9 1
581 9 7 6 6 3 10 9 7 10 6 7 8 10 1 2 10 8 6 6 5
10
547 9 5 3 1 1 5 10 4 10 9 9 4 2 6 6 7 10 1 5 9
458 6 7 5 2 1 1 10 7 9 4 2 2 10 6 10 3 2 1 6 9
397 1 2 6 3 9 5 4 3 7 3 2 4 6 3 8 4 6 7 6 1
614 7 6 4 10 10 6 10 7 3 1 5 9 4 9 3 8 9 10 4 5
531 6 10 10 7 5 6 10 8 10 5 6 9 3 3 2 4 6 3 1 8
462 1 6 7 8 1 8 8 1 7 1 3 10 1 9 2 7 2 6 10 7
444 10 1 2 10 5 3 2 3 7 8 9 10 3 1 8 5 7 5 9 7
455 1 10 7 9 8 1 2 7 7 9 4 5 3 1 8 5 9 2 6 5
319 3 4 1 5 3 7 2 9 1 5 6 4 10 1 4 8 3 9 2 2
595 8 7 8 5 9 4 6 9 10 9 4 6 1 4 8 8 10 9 2 2
10
452 1 4 6 3 7 5 9 2 6 8 2 8 6 6 9 5 4 10 1 5
533 9 2 3 6 6 7 6 8 8 5 4 8 10 1 8 3 8 9 1 8
457 1 10 7 2 10 4 5 10 3 9 8 8 5 4 2 1 8 5 3 3
455 2 4 4 8 4 7 9 3 10 3 8 9 2 4 5 1 2 10 3 5
541 9 9 5 10 4 9 7 10 2 1 8 10 3 4 5 8 4 2 8 8
313 3 2 6 2 6 1 2 2 9 4 2 2 10 10 2 2 4 2 2 4
468 3 1 3 1 9 8 5 1 7 2 4 5 6 10 5 4 2 9 9 8
588 10 10 9 3 7 10 8 7 7 7 4 5 7 10 4 3 3 8 7 4
376 1 6 4 1 2 9 3 4 5 7 5 4 1 10 6 1 3 9 9 10
428 3 4 9 6 10 2 1 8 4 9 1 8 10 7 1 8 1 9 9 5
10
480 3 7 10 1 5 10 7 6 10 6 9 6 10 3 3 3 1 2 7 9
433 9 8 9 6 7 9 2 1 6 8 2 2 4 3 6 3 1 6 6 5
440 4 9 5 8 6 2 6 6 1 3 8 7 6 9 4 3 4 3 7 1
340 2 4 2 3 1 9 2 9 3 8 9 3 2 5 7 5 3 8 9 5
520 9 7 8 3 5 5 8 4 5 9 8 9 5 3 9 5 3 4 8 1
527 10 7 10 1 9 6 9 3 5 10 5 1 6 1 7 4 1 6 2 5
449 10 9 6 8 1 6 3 5 1 2 6 5 3 1 3 8 2 7 8 7
556 9 8 8 2 10 9 7 4 1 5 2 1 10 9 7 7 8 5 3 8
442 1 4 10 4 2 5 7 1 2 8 5 10 6 7 10 9 5 2 7 6
347 5 4 8 9 6 3 1 3 6 1 2 3 9 10 5 1 6 5 3 5
10
435 1 6 4 9 1 7 5 4 6 4 2 6 4 8 7 8 8 9 3 4
343 3 1 8 9 7 7 2 4 1 4 1 1 7 1 7 9 4 8 6 10
532 8 10 3 6 3 8 9 3 4 7 3 9 3 10 7 3 4 3 5 5
443 4 4 7 7 3 8 2 9 9 2 10 6 1 1 2 3 10 9 10 9
604 8 6 10 10 8 7 7 8 7 10 2 5 2 2 6 10 6 7 7 6
334 3 1 7 9 2 4 3 6 8 2 3 3 3 8 4 7 6 10 3 2
553 7 9 3 2 7 8 8 5 8 7 1 9 3 4 5 2 8 8 7 6
478 8 9 6 3 9 4 3 9 1 10 5 6 3 5 5 3 8 7 9 7
475 6 2 5 5 6 5 6 10 9 7 2 8 6 5 1 6 6 5 8 3
495 3 8 5 2 7 4 7 3 7 1 4 3 9 2 9 8 10 1 9 10
10
515 8 6 6 8 5 2 7 8 7 3 9 9 8 2 8 8 1 1 10 9
429 1 7 5 4 9 3 1 7 9 5 8 6 7 8 8 10 3 7 4 4
564 9 8 6 7 7 5 7 7 7 6 9 6 9 1 10 3 3 3 4 3
454 9 5 9 5 1 1 10 1 7 8 3 2 2 9 10 10 1 3 6 4
504 7 7 5 7 9 3 4 2 10 9 10 7 4 5 7 9 7 2 7 3
424 4 8 10 1 4 7 2 8 5 6 7 7 8 10 1 5 6 1 1 10
479 8 10 5 8 10 1 2 4 1 3 5 9 4 4 9 8 8 4 3 6
416 5 6 5 5 3 5 4 3 9 1 6 8 2 8 6 1 9 9 5 5
441 8 4 6 8 2 10 7 1 4 9 4 2 1 1 6 10 10 8 5 1
439 6 3 3 3 9 6 3 7 7 3 8 1 3 10 1 4 2 9 4 1
10
522 6 4 10 4 8 10 4 7 5 3 4 8 2 5 8 6 9 8 8 10
408 4 7 7 6 10 3 2 1 3 9 5 8 6 7 2 7 1 1 5 6
363 4 2 5 4 8 10 2 10 2 10 2 3 3 10 1 2 3 2 6 6
534 10 7 2 1 1 6 9 6 10 5 10 8 6 2 7 7 6 8 7 4
512 7 8 8 5 7 2 6 6 4 3 3 7 4 1 7 10 10 5 8 3
319 4 1 2 4 1 5 4 6 4 9 5 9 7 2 2 5 7 1 3 8
419 7 5 3 1 1 10 3 8 5 4 3 2 8 3 1 6 9 2 6 4
502 7 5 1 2 9 2 6 6 9 9 8 9 6 10 1 3 5 1 8 4
563 10 8 4 6 10 9 7 7 3 10 6 9 2 6 5 5 7 3 4 1
472 3 2 3 8 7 2 9 7 8 3 2 4 3 1 7 5 9 7 4 5
10
444 6 1 6 4 8 8 3 3 8 5 10 9 8 2 5 6 8 9 7 1
472 4 1 10 6 1 10 7 8 10 3 1 9 8 7 1 3 8 9 8 1
397 1 3 5 1 9 9 4 2 5 5 2 3 5 5 8 1 2 4 5 4
437 5 4 6 5 10 3 3 8 6 3 3 4 6 8 8 2 5 2 2 3
477 10 1 6 7 8 2 2 5 8 5 10 2 3 6 5 4 9 10 6 10
362 8 1 4 1 4 2 3 6 4 7 6 4 1 9 3 4 2 2 5 5
464 10 1 5 9 9 8 5 5 7 2 3 1 9 3 7 9 3 3 4 2
580 6 5 9 3 10 6 6 8 10 5 4 4 9 6 5 10 3 10 7 3
402 6 10 8 1 8 3 1 3 1 4 6 1 3 7 4 3 2 8 1 10
489 2 4 3 9 7 8 9 10 1 5 9 7 9 2 9 8 5 1 8 5
10
497 7 4 9 6 5 7 7 8 10 4 9 6 2 6 2 3 4 10 8 7
472 8 7 9 10 1 4 7 9 5 7 4 6 3 5 3 2 10 7 4 10
494 5 4 4 8 7 6 7 7 9 1 1 10 1 3 6 1 9 10 8 2
428 5 5 9 4 7 6 1 8 10 8 3 2 7 10 10 7 2 1 2 4
361 4 1 4 6 7 5 2 2 6 6 10 2 5 3 10 9 1 9 5 1
434 7 9 10 7 4 3 2 4 2 9 6 5 3 9 7 10 4 6 3 4
382 2 10 6 5 6 2 2 6 2 10 5 9 7 8 6 1 1 1 8 9
445 7 4 6 10 8 9 3 9 5 2 3 2 7 7 4 4 4 6 2 6
372 5 5 8 3 7 2 3 4 1 5 2 8 6 7 2 4 8 5 2 8
477 1 8 9 5 8 9 7 4 6 2 1 1 1 8 9 4 6 3 5 5
10
581 4 9 5 2 8 10 10 1 7 5 2 8 10 6 4 4 10 3 7 4
502 7 10 10 9 2 3 10 5 1 5 6 2 9 10 6 5 5 3 9 3
504 4 2 10 7 9 10 9 6 5 8 8 9 7 5 2 1 4 6 9 9
366 2 4 7 10 3 6 2 4 2 8 9 7 4 6 6 2 2 6 5 4
393 4 2 9 7 3 5 4 3 6 1 2 9 1 6 8 2 10 3 2 6
430 7 5 8 10 4 8 7 5 4 2 3 2 2 5 6 7 4 1 3 4
414 9 3 9 2 7 1 7 7 1 5 1 10 2 6 5 4 4 2 5 6
574 3 8 6 7 9 9 6 9 6 9 7 7 5 6 1 9 7 7 3 6
491 5 6 2 3 10 3 1 3 9 9 8 6 8 4 5 3 6 10 9 8
480 7 4 2 1 5 6 5 9 4 8 5 10 2 3 6 4 7 7 7 10
10
370 2 5 5 10 2 3 5 8 6 5 5 6 3 2 5 9 4 3 3 2
441 2 5 7 4 7 5 8 8 1 4 9 5 2 4 6 7 5 1 8 1
509 7 6 1 2 7 8 8 2 10 7 7 7 2 6 9 6 1 4 4 3
519 6 10 3 9 4 8 3 2 2 8 8 9 7 5 7 5 9 6 5 5
488 2 6 2 9 9 5 8 5 8 1 8 6 7 5 7 1 10 5 7 3
479 6 8 4 10 1 9 3 6 9 8 7 10 5 6 4 5 1 10 10 4
424 4 8 2 10 1 5 3 10 6 8 7 8 2 3 7 8 2 6 8 2
395 2 4 4 6 5 2 3 6 10 9 3 6 10 1 5 8 7 4 3 3
434 2 5 6 9 6 9 6 10 1 2 1 1 5 6 1 1 7 10 10 7
566 7 6 10 10 5 8 8 9 9 2 9 7 1 7 5 1 10 4 9 8
10
467 5 7 7 4 6 7 2 7 8 5 7 9 3 1 5 1 6 3 9 6
450 5 7 1 7 10 4 5 1 7 2 6 5 10 4 2 4 9 10 5 1
476 8 9 4 4 4 3 8 4 10 1 6 8 2 1 7 1 8 9 1 4
431 2 10 9 3 2 3 8 6 1 5 1 8 7 3 8 9 6 2 4 4
469 5 10 1 4 3 5 4 6 1 6 4 7 3 4 8 6 10 2 9 1
544 5 7 10 4 4 7 8 7 7 8 5 4 9 3 3 9 10 5 9 3
422 7 2 7 10 5 9 1 9 7 6 5 6 8 8 3 5 2 8 8 3
431 3 8 5 6 3 3 10 3 4 3 3 7 3 1 4 7 7 8 4 5
548 7 1 8 6 9 10 10 6 6 8 2 8 9 6 5 1 10 10 8 1
433 2 9 2 3 6 4 7 1 9 1 1 2 7 9 2 6 8 3 7 7
10
548 6 8 4 3 4 10 2 10 10 8 4 8 8 9 7 8 1 1 10 4
343 2 2 4 6 2 6 5 3 1 3 9 3 10 4 10 1 6 6 2 2
540 8 9 5 3 9 7 8 5 2 5 10 3 7 2 6 2 10 10 7 9
531 3 6 4 10 8 7 9 7 3 7 5 2 9 9 3 9 4 1 3 10
659 7 8 8 7 10 10 4 10 10 2 6 7 7 1 10 8 10 9 8 4
427 3 3 1 3 7 5 2 8 1 8 3 10 8 5 1 5 10 2 9 9
500 9 5 8 6 4 2 5 5 10 4 5 6 1 9 9 8 1 8 4 8
519 7 10 10 1 5 5 2 6 6 9 5 8 3 3 7 9 10 6 6 7
436 10 4 2 2 1 7 3 5 1 4 7 4 6 5 2 10 10 3 10 3
436 4 9 4 6 1 7 6 7 1 10 10 9 4 9 4 7 1 6 1 5
