250 10
1250 1250 1250 1250 1250 1250 1250 1250 1250 1250
15
323 2 7 7 2 7 3 7 7 4 7
214 7 4 2 3 2 1 3 1 5 4
296 9 6 4 1 8 5 2 2 9 1
344 8 9 3 4 9 2 9 4 4 3
306 9 6 1 5 6 4 8 6 1 3
257 2 1 6 6 3 8 6 2 3 6
267 6 6 5 1 8 1 8 3 1 2
272 3 5 3 1 7 2 7 2 6 7
291 4 7 6 5 8 4 4 1 1 4
418 8 9 1 8 6 9 7 1 9 6
364 5 4 4 4 8 8 8 6 3 9
285 1 8 3 8 2 8 2 8 4 5
314 8 2 2 7 2 7 4 5 1 9
340 8 9 5 3 6 6 8 3 4 1
239 3 2 8 3 3 5 4 2 4 6
15
288 8 4 4 5 8 2 8 3 2 2
325 6 4 4 9 6 1 5 6 7 9
367 8 9 3 8 4 2 9 9 9 7
275 1 3 3 2 4 7 2 5 8 9
331 9 7 8 9 5 2 8 7 1 1
397 5 6 7 9 8 7 8 7 3 8
238 8 2 1 1 5 3 4 3 9 2
363 8 7 6 7 2 9 2 2 9 5
390 3 9 4 6 9 4 6 1 9 9
286 4 1 8 3 9 3 4 8 4 6
353 7 9 3 4 3 6 8 9 7 6
234 7 6 2 2 2 1 5 1 3 6
314 2 7 1 6 2 6 9 8 9 8
336 3 8 6 1 5 9 5 6 6 5
286 8 7 1 6 5 2 6 4 9 1
15
311 8 6 2 9 2 8 7 4 3 1
329 6 4 5 3 7 8 2 2 7 5
321 4 6 3 9 1 9 5 7 3 7
373 2 8 3 8 9 5 8 5 8 8
326 6 2 3 9 4 9 2 1 4 8
294 2 9 3 7 4 3 4 7 4 7
368 9 7 9 3 4 8 3 5 3 5
191 1 1 2 9 6 4 1 2 7 1
321 5 5 1 4 7 8 8 1 2 5
324 4 6 8 7 5 3 6 2 7 7
304 7 2 2 2 7 3 7 5 3 9
316 7 4 4 7 3 8 4 9 8 2
328 2 4 2 9 9 3 9 2 3 9
303 6 5 4 6 7 3 2 2 7 4
297 2 7 5 5 5 4 3 2 5 8
15
242 2 1 3 9 4 3 4 4 8 8
312 4 3 6 8 5 7 5 3 4 5
315 3 5 3 5 6 9 8 6 2 4
298 1 9 4 7 4 5 2 7 2 5
340 6 6 2 1 5 5 9 9 5 8
308 2 2 7 8 9 8 6 5 7 3
279 7 1 7 5 6 6 8 1 1 4
286 5 8 4 7 3 7 1 1 4 2
293 4 8 9 2 4 6 6 6 6 1
395 7 7 8 7 4 8 5 1 8 8
341 4 8 5 6 5 7 2 4 1 6
352 9 9 9 1 9 3 2 2 4 4
340 8 6 6 9 8 1 7 1 1 7
355 6 9 7 3 7 5 7 5 6 2
287 5 2 4 9 7 7 6 4 8 2
15
326 7 2 4 7 5 9 9 5 8 3
254 1 7 9 2 3 5 6 2 7 3
291 3 5 8 7 1 5 8 8 8 7
279 2 3 9 6 3 2 6 9 8 7
224 1 2 3 4 2 8 8 9 2 3
300 1 4 8 9 1 8 7 8 9 6
274 1 9 2 3 1 5 5 5 9 8
368 9 4 8 5 7 6 5 7 1 7
227 1 7 8 5 5 1 5 3 1 2
401 8 7 8 7 5 9 8 3 3 8
260 5 2 8 1 1 9 7 1 6 6
271 5 6 1 5 2 8 8 9 5 1
229 1 3 7 9 7 2 2 5 9 1
309 8 2 9 2 6 4 6 6 8 3
433 6 9 7 8 8 9 6 7 6 6
15
364 9 9 9 2 9 3 5 6 4 3
335 5 8 2 5 3 8 7 7 1 6
299 2 8 8 9 2 8 1 3 4 4
347 8 4 7 4 4 7 3 6 6 7
277 2 3 7 6 5 1 8 5 9 9
182 2 2 3 3 3 5 7 7 5 1
388 4 8 7 7 6 8 8 1 8 8
254 8 2 2 1 7 3 5 4 4 4
296 7 9 4 7 2 6 2 2 1 3
377 9 8 5 4 4 8 6 4 1 7
267 5 7 5 7 2 2 5 7 1 6
242 9 5 5 3 3 1 2 3 5 4
323 2 8 2 4 6 4 6 2 4 9
385 7 7 9 6 8 1 5 3 4 9
354 7 9 3 7 8 1 9 8 8 3
15
370 9 5 1 8 9 5 7 8 9 3
317 4 6 5 8 8 2 3 9 4 3
393 8 9 8 7 9 5 2 5 9 1
303 6 4 3 2 4 8 7 1 4 7
284 5 6 6 5 7 3 2 6 3 3
343 6 9 2 3 2 7 5 6 9 9
236 3 1 9 3 7 3 6 9 2 1
260 2 4 3 2 6 3 8 4 5 6
326 3 4 5 1 9 7 5 6 8 5
270 3 9 4 7 3 3 7 5 5 3
341 2 7 5 9 8 1 6 8 1 9
288 5 3 3 6 9 3 8 5 8 1
298 2 8 5 1 4 6 7 3 6 8
293 7 6 2 4 6 5 4 5 3 3
309 9 9 3 5 4 1 3 6 1 5
15
242 1 2 3 8 5 1 9 9 4 8
374 8 3 2 2 8 9 2 4 7 9
323 8 5 6 8 1 6 6 5 2 8
279 6 3 5 9 5 5 6 7 6 2
315 5 5 3 6 9 7 2 7 2 3
271 1 9 5 7 3 2 8 9 7 4
330 1 6 9 5 9 4 8 3 8 4
406 9 8 7 9 6 8 2 9 2 2
276 2 3 4 1 4 8 5 7 7 7
304 1 7 1 6 7 6 2 9 5 4
286 8 5 5 8 6 2 7 1 2 4
265 2 4 7 1 2 8 7 2 9 4
221 5 3 9 1 1 2 1 4 2 8
275 9 3 2 7 2 8 4 2 4 4
370 5 7 8 2 8 5 3 8 5 8
15
241 4 5 4 1 1 7 3 8 6 3
325 8 8 4 7 1 6 5 4 1 7
323 6 7 7 4 6 3 3 4 2 7
345 3 5 9 5 9 5 8 2 6 6
348 9 5 5 4 8 8 6 7 2 2
325 9 4 7 1 5 8 6 1 1 7
279 4 1 1 2 9 5 4 2 7 6
287 3 9 6 2 7 1 7 9 6 3
325 6 7 4 9 4 8 8 2 1 3
312 3 6 6 4 8 4 5 6 6 6
332 4 2 6 1 7 9 1 2 5 9
354 4 3 8 2 8 9 4 7 4 7
333 6 7 7 2 6 5 5 9 1 3
328 7 5 3 3 6 7 4 9 4 3
311 9 6 7 6 3 5 1 4 3 3
15
228 2 2 7 3 8 3 3 2 9 2
427 9 9 4 7 8 9 2 4 2 7
301 2 8 8 2 3 3 7 8 4 9
250 5 1 4 4 2 6 6 2 5 8
405 5 4 7 9 7 8 4 6 6 9
317 7 6 9 1 3 1 5 7 4 8
348 7 5 5 9 5 8 1 9 9 2
376 3 5 9 3 8 9 9 7 7 7
327 7 2 1 1 7 9 1 6 8 8
288 2 8 4 4 8 4 2 9 7 1
317 4 3 5 5 7 3 8 3 4 9
386 8 8 1 8 5 9 7 2 6 5
348 6 5 5 9 5 3 7 9 1 8
237 7 3 9 4 1 3 1 7 5 1
345 6 7 8 1 6 7 3 1 5 6
15
345 6 4 9 3 7 6 6 7 9 6
274 1 6 1 4 7 2 3 9 2 7
350 6 6 1 2 9 8 5 3 9 6
259 2 5 1 5 7 4 9 7 1 2
276 5 5 1 6 3 9 4 2 5 3
361 1 7 9 8 3 9 6 5 2 8
171 1 3 8 8 1 2 1 9 4 1
343 3 1 5 6 9 8 4 3 9 8
287 1 9 9 4 4 4 4 5 8 2
329 4 6 6 6 4 6 6 3 6 8
214 5 3 2 5 3 3 7 7 1 2
388 8 9 7 1 5 9 6 4 9 6
358 9 6 6 5 5 3 2 5 7 8
328 9 6 2 6 3 4 3 7 8 7
284 3 1 3 1 5 8 9 7 6 9
15
327 5 4 3 5 6 8 9 1 7 5
343 7 5 4 9 8 1 5 8 1 7
306 6 5 8 4 2 5 5 9 8 4
245 2 2 9 2 8 4 3 2 8 4
398 8 5 5 8 8 4 2 6 5 9
332 5 6 4 3 6 8 3 1 5 8
260 9 6 6 5 3 1 9 2 8 1
328 3 5 3 8 8 2 6 5 9 8
336 9 4 4 7 5 6 8 3 3 4
263 1 6 5 5 6 5 2 7 8 2
330 1 8 2 9 4 8 7 3 1 9
382 5 9 8 9 5 6 2 8 5 6
298 7 2 6 1 7 7 2 4 4 6
332 5 8 7 2 3 3 9 7 4 9
328 5 6 4 8 6 6 3 4 3 4
15
265 5 4 6 3 5 4 6 9 2 4
345 9 8 6 2 6 4 9 2 3 6
286 8 6 1 1 7 3 2 5 6 4
159 1 2 3 3 2 6 3 7 2 1
234 8 2 6 9 4 3 2 3 2 1
320 2 4 1 5 7 7 8 7 4 8
202 1 1 7 7 8 1 1 5 1 3
251 6 3 2 2 5 1 1 6 5 9
289 4 7 6 8 1 2 8 2 8 7
267 3 9 9 2 1 7 7 2 4 3
346 6 7 2 9 7 2 5 5 6 7
314 7 3 5 8 6 5 6 4 5 4
283 1 7 4 6 4 2 8 5 4 8
334 7 3 7 6 8 4 5 8 8 4
288 8 5 3 4 1 6 8 2 6 5
15
310 7 2 8 4 2 8 8 8 8 4
251 2 5 4 5 1 3 7 1 7 8
285 5 2 4 4 6 3 7 2 3 8
315 1 9 4 7 5 8 8 6 1 3
259 7 4 1 7 7 1 7 8 2 2
288 4 2 1 8 3 5 5 7 9 8
214 3 4 4 2 5 1 4 9 4 3
249 7 2 1 4 1 4 4 2 4 9
241 2 5 9 2 3 1 3 2 6 7
254 2 3 2 7 3 3 7 4 7 9
284 9 2 8 7 6 2 3 6 8 1
269 2 4 9 3 7 5 1 1 5 5
337 8 3 9 3 8 3 1 8 7 7
324 3 3 7 5 7 9 5 6 5 6
399 9 6 9 5 9 5 6 1 8 7
15
239 9 2 2 2 2 2 3 8 8 4
335 6 6 6 7 7 6 6 1 5 4
373 9 6 5 8 1 7 4 8 2 9
413 6 5 7 2 9 7 9 8 6 9
222 6 1 3 3 3 4 7 9 2 3
310 1 9 5 5 4 5 2 3 9 9
176 4 1 2 3 4 2 1 4 8 1
329 6 3 5 6 8 7 4 4 2 5
290 7 5 4 4 8 1 5 7 3 4
289 6 6 7 2 7 3 3 4 3 2
252 2 5 4 4 3 9 8 3 6 2
421 8 1 7 8 9 9 4 8 6 9
209 4 5 2 1 2 2 5 6 3 3
225 5 2 6 1 2 9 1 7 2 1
342 5 8 1 8 6 3 5 6 3 7
15
374 1 9 5 7 4 8 5 7 7 9
333 5 2 9 9 6 5 1 3 2 9
321 2 7 1 8 6 6 6 8 8 4
325 7 6 7 7 6 3 3 4 9 3
281 8 1 4 5 5 7 6 3 9 1
301 7 1 2 7 3 5 2 6 5 9
347 5 6 1 7 6 9 2 8 1 5
371 9 4 3 9 6 6 5 3 7 9
379 8 9 2 5 8 6 2 1 6 6
239 1 2 5 8 5 5 6 9 5 3
301 7 2 5 1 7 5 1 9 8 5
298 7 5 7 4 2 8 9 5 6 3
355 6 9 6 4 6 4 7 2 5 8
359 7 2 8 7 8 8 9 3 3 6
304 6 2 6 3 9 3 7 1 3 8
15
304 6 5 6 9 7 6 3 6 3 1
354 3 8 6 4 8 3 4 7 6 7
307 8 4 7 7 1 6 2 3 3 7
282 8 4 4 2 6 6 4 4 9 1
193 5 1 1 4 1 8 3 3 5 1
316 9 5 2 2 5 5 8 8 6 4
292 7 2 8 7 5 5 7 8 8 1
317 5 3 3 8 6 5 7 6 3 8
205 2 6 1 2 4 1 5 7 2 3
304 8 8 4 9 5 2 7 3 3 2
277 4 4 3 2 6 5 4 1 1 9
288 1 9 6 2 1 9 9 2 5 4
307 9 3 9 5 7 1 7 2 3 6
326 6 9 6 7 9 3 1 4 1 2
246 4 9 8 3 2 5 3 2 4 1
15
289 5 6 3 7 3 2 8 3 3 9
296 3 4 5 9 6 8 5 3 8 1
285 1 5 8 7 5 3 8 1 9 5
324 1 7 6 6 5 9 8 2 8 3
233 5 1 6 6 5 3 4 9 7 2
260 4 6 4 8 2 1 3 4 6 6
407 4 8 1 8 8 8 1 9 8 8
289 4 6 2 5 4 2 1 8 8 8
265 2 6 7 1 5 4 2 9 3 3
229 6 2 5 3 1 3 9 3 6 5
434 6 9 7 1 9 9 4 6 8 9
324 3 8 9 4 3 5 8 7 1 8
285 4 5 4 7 2 4 2 1 4 9
286 3 6 4 3 9 4 3 9 1 2
260 1 2 9 5 9 4 9 5 6 2
15
312 4 1 1 9 8 4 3 9 1 8
306 9 2 3 8 6 5 8 9 6 2
268 8 4 4 5 2 3 4 3 5 7
335 8 6 3 9 7 2 9 4 5 3
222 7 1 3 3 1 9 1 7 2 3
414 3 8 6 9 9 8 6 7 5 6
366 5 6 6 7 9 5 4 9 7 3
153 3 1 1 5 1 2 8 2 7 3
256 7 5 4 2 1 6 3 8 2 3
243 3 8 7 5 3 1 7 3 9 1
294 2 6 5 1 8 3 8 4 4 5
259 2 2 1 3 3 7 9 2 9 7
234 6 7 1 5 1 3 2 4 2 5
256 5 6 2 2 5 1 5 8 1 6
329 4 5 8 5 5 4 4 8 5 9
15
351 7 8 2 4 4 9 6 6 4 3
209 5 6 2 3 1 3 5 2 1 5
349 6 1 9 9 9 5 3 7 5 5
331 6 2 8 5 5 5 6 6 7 8
318 6 5 8 9 6 1 3 7 3 6
245 3 1 3 9 4 1 9 2 9 9
292 1 1 5 8 6 7 4 1 7 8
257 7 8 5 2 2 2 5 4 1 2
285 2 6 1 6 2 2 9 6 9 9
293 6 2 3 4 5 4 9 1 5 9
312 6 5 8 1 8 6 9 2 6 1
332 9 9 1 8 2 6 7 2 8 2
306 6 1 7 6 8 3 3 5 7 7
251 7 9 4 4 1 2 1 4 3 2
303 7 4 8 3 9 4 1 4 2 1
15
346 2 6 9 8 5 6 9 8 2 6
319 9 2 1 6 6 9 6 2 2 5
193 1 7 6 1 2 3 4 6 8 1
368 9 7 6 5 6 8 4 3 4 4
306 3 5 9 6 6 3 1 9 4 5
315 2 8 9 1 6 5 4 5 9 6
248 6 1 3 6 5 8 1 1 8 3
363 6 2 6 8 8 5 8 7 9 6
279 7 5 5 1 6 3 2 9 7 2
341 8 1 2 1 9 8 8 9 5 5
405 9 6 8 9 9 1 7 6 2 9
314 7 8 2 4 4 8 8 1 3 3
339 9 3 5 1 4 9 9 7 6 6
276 1 2 3 4 8 9 7 7 4 4
304 5 7 3 7 2 6 8 7 9 3
15
258 1 6 7 8 6 3 2 6 7 1
248 1 2 3 5 9 5 1 8 4 2
304 2 6 1 1 8 4 9 9 5 7
367 2 5 9 9 4 9 6 4 5 8
336 2 6 3 4 8 7 6 8 3 7
267 4 1 6 1 8 5 4 7 1 5
367 7 4 3 1 8 8 9 6 9 7
336 6 6 9 9 6 3 3 5 2 5
313 3 2 8 9 9 3 8 8 7 3
282 3 6 6 4 2 8 1 7 3 5
280 4 7 1 2 1 7 9 8 7 6
249 2 9 2 1 1 3 3 6 1 7
380 4 9 4 7 9 4 7 6 1 9
279 6 1 4 9 4 4 1 6 4 6
256 2 2 7 2 7 9 3 1 8 1
15
268 1 4 1 7 5 8 9 5 6 2
252 8 8 1 4 2 3 6 8 1 1
347 7 4 5 3 4 7 2 9 4 9
323 3 5 1 9 8 2 6 7 9 8
215 2 2 4 8 3 3 7 8 6 3
320 4 6 9 2 4 6 3 7 2 8
292 6 1 2 9 8 1 3 8 8 7
372 8 7 2 8 7 3 4 6 5 7
206 1 3 8 6 1 3 1 1 2 7
348 9 6 4 8 9 1 1 5 1 5
244 4 3 3 1 5 7 2 4 8 3
251 7 1 2 8 1 4 9 2 8 5
190 2 6 2 2 4 1 1 3 7 3
301 9 4 1 9 2 8 6 1 4 3
282 1 6 8 2 6 2 8 3 8 7
15
280 5 4 9 5 6 1 2 5 5 7
213 1 1 4 7 6 1 7 5 9 2
199 7 1 3 9 3 2 5 4 1 1
248 2 7 4 4 4 6 2 1 1 2
250 8 4 3 9 4 1 4 7 6 2
322 6 2 1 4 8 9 3 3 4 8
241 7 1 4 2 7 2 9 2 1 3
307 4 1 4 2 9 2 6 9 9 8
330 4 8 6 8 4 6 9 7 8 1
270 1 7 5 4 4 8 7 3 6 3
230 6 3 4 8 4 2 3 8 8 1
300 5 9 4 7 9 3 1 1 1 2
313 4 4 4 3 6 8 1 6 3 6
355 4 7 4 4 6 9 6 5 8 6
227 7 3 9 8 1 1 1 7 1 2
15
360 8 8 8 3 5 1 7 1 6 9
254 2 7 8 1 5 1 5 5 5 3
353 8 7 9 3 3 6 8 8 2 7
283 8 3 9 9 2 5 2 3 1 5
225 1 3 4 2 7 4 2 8 6 1
299 8 2 8 7 3 9 5 1 2 4
316 3 1 2 9 5 9 8 1 8 9
288 3 7 7 3 2 8 6 8 2 3
313 8 5 8 6 5 5 6 7 7 1
287 4 2 9 7 6 2 3 8 2 5
273 8 5 4 4 3 7 6 4 4 2
206 5 4 8 7 1 2 1 7 2 2
299 2 8 3 9 6 1 7 7 6 6
260 1 7 1 5 3 1 5 8 5 9
295 7 5 2 8 7 3 6 8 5 2
15
347 7 6 5 2 5 8 9 2 8 7
346 9 7 3 7 2 2 1 9 5 9
274 7 9 3 8 1 3 8 7 1 1
264 6 5 2 2 4 3 3 4 7 5
279 7 1 7 7 4 8 2 8 2 2
253 6 1 3 4 8 3 1 3 2 4
355 2 7 7 7 7 5 2 8 2 9
365 9 6 4 2 9 9 8 7 2 1
321 9 4 9 1 5 6 1 8 7 2
369 9 9 1 2 5 8 2 1 7 9
373 4 3 3 8 8 9 9 7 8 6
327 3 7 2 2 7 7 8 4 8 6
381 9 7 9 7 3 7 7 7 4 6
256 2 2 7 2 1 4 5 8 9 8
306 9 7 6 3 1 8 2 3 9 1
15
298 5 8 4 1 7 7 1 3 4 2
328 3 7 9 5 2 9 3 4 6 6
276 2 8 2 1 3 5 2 7 3 9
239 5 6 6 2 2 3 2 2 5 6
189 2 3 3 1 4 1 5 6 6 5
246 5 2 1 8 3 6 8 4 8 1
238 3 3 4 2 4 6 7 9 1 1
305 5 3 7 5 6 8 6 6 2 3
295 1 8 4 7 5 5 4 3 6 5
318 1 8 6 1 8 8 2 8 7 1
214 4 2 8 3 3 2 3 9 7 2
378 5 8 4 7 7 9 6 2 7 6
301 7 7 2 1 6 3 5 5 4 5
317 3 1 8 7 8 8 5 3 7 5
288 4 2 9 9 5 6 7 2 6 3
15
355 1 9 6 2 9 9 2 3 4 7
302 5 5 6 9 8 3 5 4 9 1
248 5 2 7 6 1 3 7 1 6 7
148 1 1 6 2 2 3 6 7 7 1
376 4 8 7 2 9 5 8 8 4 8
344 2 6 9 3 9 5 3 6 3 9
333 6 7 8 9 1 7 2 1 1 8
280 1 6 2 4 6 8 9 6 4 3
256 3 5 1 5 3 6 9 7 1 5
250 2 2 3 2 3 5 6 4 7 9
335 4 9 7 7 4 8 3 7 6 3
258 2 9 3 7 7 2 7 1 7 1
352 8 7 7 9 2 3 4 7 1 8
357 4 7 5 6 9 5 2 1 2 9
360 5 4 3 6 8 6 7 5 3 8
15
200 2 2 6 2 1 5 3 8 8 2
327 5 9 5 3 5 4 5 4 8 6
255 3 4 3 3 9 4 1 2 2 4
310 6 3 3 3 7 4 6 9 2 7
426 6 6 8 8 9 7 3 9 5 8
165 5 1 3 1 1 1 5 4 5 5
303 7 8 1 2 4 4 8 1 6 5
325 7 6 8 2 7 3 5 9 3 5
221 7 6 1 2 4 3 2 1 2 1
197 2 2 1 1 4 2 3 3 9 7
317 1 9 2 8 5 6 1 8 4 6
313 3 8 7 7 4 7 7 3 9 3
262 6 3 7 5 2 3 2 4 1 7
350 8 9 5 3 1 8 5 2 3 8
339 7 7 5 7 2 7 2 4 8 7
15
341 8 8 3 9 2 8 2 6 5 4
351 6 6 9 9 3 8 6 9 1 5
342 4 4 2 8 7 9 1 8 1 7
274 5 4 2 1 1 6 7 2 5 9
353 2 9 3 4 7 8 2 9 3 7
359 3 6 5 9 8 6 3 7 2 6
270 7 8 8 8 2 1 2 1 1 5
319 9 8 1 8 4 5 1 3 2 5
337 2 9 7 8 6 3 2 7 5 6
358 9 4 9 9 7 4 7 2 1 5
312 6 6 2 5 5 7 1 8 9 2
309 6 2 8 9 9 6 3 1 5 3
439 9 9 6 4 8 5 7 6 3 9
345 4 5 2 7 5 9 1 9 5 9
244 8 4 5 3 2 2 8 9 4 2
15
315 5 9 8 8 2 1 8 3 8 5
290 1 5 5 2 8 3 5 3 9 7
261 8 2 9 9 3 2 2 4 6 3
352 4 7 2 9 5 3 9 8 7 9
379 5 7 5 9 6 7 8 6 3 7
272 3 3 7 2 6 3 8 4 3 8
312 6 3 9 2 7 2 5 3 4 9
329 3 7 8 7 5 4 4 9 9 4
281 8 3 7 1 6 4 7 1 8 4
342 8 8 4 3 4 5 8 4 4 6
306 5 9 6 9 4 2 2 1 3 4
276 9 7 5 2 1 1 9 9 2 5
308 3 9 8 2 1 3 4 7 4 8
264 2 7 4 6 4 8 7 3 3 1
367 7 9 5 8 3 3 3 4 8 9
15
284 2 2 9 9 3 6 8 3 6 8
304 5 3 4 4 8 6 8 7 3 2
303 2 8 8 2 3 6 1 7 6 8
210 3 4 8 8 1 5 2 4 1 2
264 6 1 4 4 5 7 9 9 4 1
318 8 3 1 2 9 8 4 9 2 3
325 7 3 6 5 7 5 8 9 2 5
236 4 6 7 2 5 1 9 2 5 1
307 4 8 5 1 6 8 5 3 3 3
311 8 9 8 2 2 4 7 3 4 5
352 6 8 4 9 6 4 7 7 5 3
280 3 6 8 1 2 6 2 8 2 5
263 8 1 3 3 5 8 7 4 4 1
370 6 4 3 8 8 7 8 9 7 5
342 5 1 3 3 7 9 8 4 7 8
15
361 4 7 9 7 9 8 3 5 9 1
221 6 1 4 3 2 7 6 1 1 4
295 2 8 2 2 5 2 4 9 5 8
323 7 2 5 9 7 7 8 1 1 4
209 2 2 6 3 4 2 6 4 1 4
212 1 5 1 5 1 8 3 3 2 3
288 2 2 2 6 7 5 6 6 5 7
243 8 1 1 7 3 1 3 6 1 6
309 7 4 2 9 5 1 2 6 5 8
315 8 5 6 2 4 7 8 7 7 3
232 1 5 4 1 3 4 7 1 8 7
241 1 9 1 9 4 2 2 7 2 2
311 9 5 9 2 3 1 9 9 2 7
335 1 4 4 6 9 7 4 5 3 7
356 6 6 3 8 4 9 5 2 9 7
15
224 1 3 8 5 5 5 1 7 2 1
308 3 7 9 1 8 4 4 4 7 2
152 3 1 3 9 1 3 4 1 1 3
246 3 3 2 3 8 3 9 8 3 2
216 3 7 1 4 2 5 9 3 3 2
289 5 9 7 1 3 1 5 8 3 5
265 8 5 6 8 6 2 2 4 1 1
308 8 5 2 7 6 5 2 6 6 1
284 9 1 3 2 5 8 3 8 8 1
396 7 4 4 8 8 9 6 8 4 8
302 5 3 5 3 6 3 7 2 4 9
358 7 8 3 5 6 8 4 7 1 4
392 9 9 1 7 2 8 4 8 7 8
286 1 1 8 9 7 6 8 9 2 2
315 2 7 9 1 1 9 2 6 8 8
15
261 1 3 4 9 8 1 1 8 5 6
369 6 5 5 8 5 9 1 3 5 8
345 1 8 9 8 6 3 9 3 9 6
358 8 9 3 3 9 2 6 4 1 7
379 5 4 9 5 7 9 6 8 1 6
291 5 4 1 9 4 6 1 7 2 7
367 8 9 6 5 9 3 4 8 3 3
304 3 8 3 4 6 5 5 6 9 2
334 2 9 3 8 6 6 6 8 3 6
231 1 2 2 5 6 6 4 1 1 5
207 3 2 6 2 4 2 3 9 1 4
224 3 5 2 5 2 4 2 5 8 4
303 4 3 1 9 8 4 2 3 6 9
348 1 6 8 6 9 4 5 5 9 9
324 9 2 5 1 9 3 4 6 4 8
15
226 6 1 3 4 2 1 8 9 9 4
328 3 4 5 2 5 7 7 9 7 9
419 8 8 8 7 9 9 2 3 3 5
294 1 9 2 4 4 4 3 4 1 9
331 2 8 9 9 9 7 3 5 1 1
195 1 1 3 9 8 2 9 2 1 1
242 7 1 4 3 2 9 9 4 1 3
301 9 5 4 6 4 3 3 1 6 7
279 1 6 7 5 3 9 5 7 6 3
280 1 5 2 7 6 8 5 4 9 4
404 7 5 9 6 5 9 9 4 8 8
299 5 9 8 3 5 5 7 1 6 2
298 6 8 6 2 3 3 8 8 9 2
283 6 7 5 1 8 1 4 6 6 3
367 7 9 5 8 9 1 8 9 5 1
15
270 3 4 3 3 5 2 6 9 6 7
397 9 9 5 5 6 4 7 6 3 8
341 6 5 8 4 6 8 4 8 9 3
359 6 7 8 5 4 5 9 5 7 6
317 9 2 9 9 2 6 1 8 9 4
256 6 3 3 2 3 6 9 6 8 2
314 7 5 8 3 2 3 9 1 3 9
294 7 8 2 3 5 3 6 1 4 4
288 1 1 5 8 5 7 6 7 1 7
275 7 7 5 2 1 4 3 4 2 8
360 8 9 7 6 3 8 7 2 2 5
330 9 2 9 5 2 5 8 5 4 8
263 8 1 9 2 6 3 2 8 8 2
326 2 6 9 7 7 2 5 8 2 7
321 5 9 8 7 2 8 4 3 5 3
15
186 1 1 2 3 2 7 1 6 7 3
375 7 7 5 3 4 6 6 9 8 8
316 4 2 8 6 7 8 5 7 4 3
271 1 8 2 2 6 5 4 6 8 3
295 4 8 3 6 2 3 5 7 3 8
410 7 7 9 8 9 6 4 2 8 6
302 6 5 2 5 8 3 3 2 4 6
288 2 1 8 3 8 9 5 9 4 3
327 9 5 4 4 2 9 4 8 4 4
249 3 4 6 4 9 1 1 6 8 1
339 2 6 2 9 9 8 8 6 8 3
300 5 5 8 2 4 9 9 5 7 2
326 8 7 8 5 3 7 9 1 6 1
299 6 7 9 7 1 3 7 7 9 3
296 7 4 2 7 4 2 1 5 1 9
15
236 6 5 2 1 2 3 3 1 3 8
274 5 2 9 7 8 5 5 2 1 2
244 8 3 9 3 1 3 4 3 9 2
340 3 9 4 6 6 3 3 9 4 9
289 2 2 3 9 7 8 9 1 8 5
193 2 1 1 1 2 4 4 2 7 8
306 6 5 8 7 8 3 6 4 7 2
356 8 1 4 9 6 8 9 8 7 5
224 2 5 1 5 1 5 5 3 7 6
307 9 9 3 1 7 1 3 4 9 3
299 3 4 9 5 3 9 7 7 9 1
405 8 3 9 8 9 5 1 5 6 9
354 4 4 7 6 8 7 5 1 7 8
385 9 7 6 9 8 5 3 2 4 5
347 9 5 7 6 3 4 9 6 1 9
15
264 2 2 6 6 5 2 6 5 9 8
333 8 7 2 5 3 8 1 5 3 6
393 3 8 3 8 9 7 1 8 8 6
287 3 6 6 4 6 7 8 9 2 1
277 8 2 8 2 5 6 5 2 6 2
333 3 8 1 1 7 6 6 8 2 7
285 3 9 8 7 4 2 2 5 7 4
296 9 6 1 7 3 5 6 1 1 4
289 2 5 1 6 3 8 5 8 8 7
344 5 9 4 1 4 7 3 6 5 7
392 8 7 5 5 8 6 9 1 7 7
379 5 7 6 7 8 1 9 7 6 9
298 6 9 8 2 3 2 4 4 4 6
249 2 7 1 7 2 7 3 8 1 1
267 5 7 7 3 1 1 6 3 9 7
15
306 9 6 6 4 1 7 5 8 3 4
256 9 7 4 5 1 1 1 1 8 3
288 8 6 2 5 2 1 4 7 7 7
301 9 6 3 5 5 3 8 8 7 2
253 2 8 6 2 2 4 5 2 3 4
273 7 7 3 3 8 1 4 3 6 2
299 6 2 8 3 9 9 7 2 3 1
252 8 1 1 9 3 3 3 6 5 4
256 2 7 2 7 4 2 6 9 6 4
342 8 4 3 8 7 5 5 9 9 4
336 7 3 3 3 7 2 7 9 7 9
187 3 4 1 3 1 5 1 6 2 3
274 5 8 2 8 1 3 9 1 3 6
253 2 5 4 3 6 6 4 1 5 3
343 8 2 8 5 9 8 2 7 1 3
15
238 7 1 7 3 2 1 8 9 9 4
330 7 3 7 9 1 9 4 1 5 9
299 6 3 7 5 4 8 4 1 5 5
289 3 5 7 1 8 5 2 6 5 2
287 7 2 8 7 5 3 5 5 4 4
391 7 7 6 5 6 7 2 7 8 8
375 2 9 6 6 8 9 3 4 3 6
310 9 9 3 8 2 1 3 4 8 4
294 1 7 5 5 7 1 7 5 5 6
252 1 5 5 3 8 1 4 6 3 6
272 4 8 2 4 2 2 7 3 2 9
287 2 5 1 5 4 7 3 7 4 6
283 2 4 8 3 9 2 4 6 3 7
355 6 8 5 8 5 6 1 5 9 6
342 5 8 8 6 3 1 7 6 3 9
15
295 9 4 3 3 2 9 7 3 6 4
336 3 6 1 7 6 4 2 9 4 9
387 4 8 6 9 6 9 5 4 9 4
304 5 1 8 8 3 6 7 7 8 8
208 5 3 2 5 2 3 5 5 3 4
374 9 6 4 4 5 7 6 3 5 9
314 5 2 6 5 4 5 8 7 5 8
295 2 9 3 2 3 8 6 4 2 5
297 4 7 3 1 6 7 4 1 8 6
287 3 2 7 3 7 3 1 5 9 8
256 8 3 3 3 7 2 4 2 4 2
343 6 5 4 6 9 5 1 4 4 7
195 1 1 4 2 3 2 8 2 9 8
385 9 7 5 5 8 6 6 9 5 5
263 1 5 9 9 3 2 9 9 3 4
15
257 2 6 4 9 4 5 2 1 5 4
333 5 2 5 8 9 6 2 6 7 4
306 3 5 9 7 6 9 6 5 3 1
217 2 5 1 5 1 5 9 6 7 4
337 5 8 3 2 7 9 7 5 8 2
286 2 7 1 6 9 2 1 8 2 4
318 6 4 9 3 8 5 2 2 3 5
385 5 4 2 5 8 8 9 7 5 9
396 8 8 8 6 2 9 3 6 2 8
405 6 7 1 8 8 7 7 8 1 9
295 3 5 9 5 4 6 8 8 2 4
329 8 3 6 8 3 8 7 4 9 5
334 7 3 9 4 3 5 2 9 5 8
256 6 1 4 3 3 5 8 2 8 8
254 2 8 4 1 3 7 5 3 4 1
15
256 7 2 6 3 8 5 3 1 3 1
378 4 9 7 8 7 5 6 3 6 7
302 7 3 6 6 5 3 6 1 8 8
312 3 1 8 2 8 8 9 8 1 5
288 3 4 2 4 1 8 5 8 3 9
248 6 3 9 6 1 5 7 7 4 1
188 2 1 3 1 1 1 2 7 5 9
305 4 2 1 5 2 9 9 8 6 8
346 7 5 7 2 9 3 3 4 9 8
318 6 8 2 5 6 6 8 6 7 1
236 6 1 3 5 3 7 2 3 7 1
177 4 1 3 1 5 1 2 4 1 5
316 5 6 5 7 8 1 5 9 3 3
345 9 9 5 2 1 9 3 4 9 3
263 6 7 3 7 3 2 8 5 4 3
15
340 5 4 9 7 4 3 3 6 9 9
303 3 6 3 2 3 9 3 5 2 9
312 7 6 3 6 4 7 1 5 4 5
304 3 9 9 5 4 1 9 5 5 4
274 8 3 7 2 3 5 3 9 5 3
338 5 8 1 7 8 3 5 1 9 8
236 1 1 4 2 8 3 6 5 6 5
261 6 3 9 2 3 4 4 8 5 4
410 5 9 2 8 9 8 3 6 5 7
236 7 4 4 2 6 3 3 4 4 1
274 6 4 6 1 6 3 4 3 2 5
270 1 7 2 9 5 8 5 1 4 1
283 5 8 7 7 3 4 9 1 5 1
314 3 3 7 2 7 5 9 2 5 8
339 6 3 8 4 5 9 7 8 2 6
15
307 1 7 6 4 9 3 4 2 4 5
329 2 6 5 9 7 8 9 8 7 1
342 9 7 3 2 6 9 1 4 3 5
230 2 5 2 7 4 6 5 2 4 1
298 3 5 2 9 7 5 1 9 1 3
310 3 5 6 2 9 1 4 8 2 7
327 7 1 7 9 6 4 5 2 7 9
322 6 9 4 8 2 3 5 6 7 7
238 6 1 4 4 4 5 7 2 2 3
321 3 8 1 7 3 9 6 5 9 6
266 2 4 7 5 4 1 9 4 9 9
341 8 4 3 6 6 9 3 5 7 2
231 4 1 2 1 5 8 5 6 8 3
415 3 9 9 9 5 6 8 9 8 9
293 4 4 5 2 7 2 4 3 5 8
15
341 7 9 3 7 6 2 9 6 3 5
418 4 8 7 1 9 9 9 5 9 9
344 4 9 1 9 8 1 5 1 9 7
329 7 8 6 4 8 4 3 2 5 2
355 6 4 6 8 8 1 9 4 7 9
274 1 6 1 6 4 6 3 4 9 5
257 6 5 6 5 1 3 4 8 3 6
290 4 3 2 4 2 8 5 9 3 9
265 5 9 3 4 2 4 9 2 1 4
332 7 5 1 8 6 4 5 3 9 6
354 2 6 9 8 7 5 2 9 4 9
341 5 3 7 4 7 9 4 9 8 2
364 6 5 5 4 7 9 5 4 6 5
319 4 4 5 9 7 3 8 3 6 6
348 8 2 4 8 7 9 4 6 9 3
15
322 6 1 7 9 8 7 8 2 7 1
298 6 3 2 3 9 5 9 4 1 3
283 5 7 1 7 5 4 3 1 6 5
372 6 6 3 2 9 9 9 4 3 4
389 9 6 8 6 8 8 3 9 5 3
368 6 3 9 9 7 4 9 7 7 7
285 9 5 5 5 3 4 4 7 1 3
263 5 4 4 4 2 9 2 1 4 4
320 7 1 9 1 9 8 1 9 3 1
354 7 8 3 1 6 8 4 2 5 6
192 3 4 3 3 1 4 8 5 3 1
248 8 5 1 6 5 3 4 1 1 2
332 9 2 4 1 3 8 9 8 6 6
261 1 2 5 7 8 9 2 3 3 2
302 2 2 6 3 9 3 4 8 3 9
15
360 6 6 3 7 7 7 3 3 5 6
303 9 3 4 5 2 7 1 3 1 9
265 8 1 2 7 6 2 7 3 2 7
240 7 5 3 8 1 5 6 3 6 1
177 2 3 3 2 2 5 5 5 1 1
330 8 2 3 1 7 8 1 8 2 6
295 5 7 1 4 8 2 9 6 6 1
292 1 5 7 9 2 8 4 2 2 6
249 9 1 8 9 1 1 7 9 1 2
210 3 7 3 1 2 3 2 7 2 3
300 8 1 6 5 5 3 9 3 7 9
296 9 5 7 1 2 5 9 2 2 4
197 1 2 4 2 5 1 7 7 9 2
316 2 6 7 6 7 4 2 1 7 7
356 2 2 5 9 9 7 5 6 9 7
15
211 3 2 4 6 4 5 3 1 8 1
287 5 2 4 7 4 7 4 7 5 5
188 1 2 7 5 3 4 9 3 4 1
280 9 9 5 1 2 2 9 4 1 3
229 3 3 3 1 5 9 2 4 5 2
276 6 2 3 5 6 2 5 5 5 9
368 3 8 4 6 9 4 5 9 1 8
330 6 9 3 2 5 3 4 7 1 7
302 1 7 6 4 3 6 3 5 9 9
386 8 6 8 6 6 6 9 7 2 5
275 3 4 8 7 1 5 4 7 4 8
377 9 5 5 2 9 7 7 3 5 5
208 1 6 3 6 4 4 4 5 2 1
306 6 2 7 2 7 6 3 3 4 7
231 2 7 2 5 1 6 4 2 7 3
15
303 8 7 9 4 1 2 5 4 9 5
339 8 7 1 5 8 8 6 5 1 1
234 8 2 3 9 1 2 2 3 4 4
339 7 7 5 6 3 9 6 8 8 2
296 3 6 2 7 1 8 3 6 8 8
285 4 7 2 5 4 6 6 2 6 4
285 5 3 5 8 6 3 3 7 6 4
346 4 4 7 8 5 9 3 9 7 5
274 6 6 8 1 1 4 6 8 9 4
298 4 3 7 8 9 5 6 5 3 1
274 1 6 3 4 8 4 9 2 5 4
244 5 2 7 8 5 2 5 7 6 1
267 9 1 8 9 1 3 1 3 5 6
338 4 7 2 7 7 6 2 3 3 7
315 1 7 4 3 7 8 8 4 5 5
15
230 9 3 2 1 2 2 6 2 3 5
337 5 8 3 7 7 2 8 4 9 4
299 9 2 2 7 3 7 2 6 4 4
289 9 2 7 3 6 2 1 4 9 4
369 2 9 7 4 9 8 3 9 3 3
276 8 3 8 3 2 3 3 4 6 7
246 2 7 6 3 2 4 4 7 7 2
250 3 2 4 1 9 2 8 7 6 5
248 1 3 7 6 7 8 2 1 9 1
217 2 2 2 1 2 8 5 5 5 6
276 4 2 8 2 3 8 4 7 6 4
344 9 5 3 6 2 6 9 4 7 9
326 6 3 5 6 8 6 5 1 6 6
350 2 6 5 8 9 3 7 6 9 9
295 4 4 6 6 7 1 5 8 3 6
15
221 5 1 3 6 5 2 1 7 1 6
305 5 4 2 4 1 8 5 8 3 8
396 6 8 9 5 3 9 3 3 9 9
261 5 6 5 5 1 6 2 5 5 3
403 4 9 8 5 9 8 4 4 8 5
268 2 8 6 6 6 1 3 5 9 2
314 6 6 4 9 4 7 4 3 7 2
403 1 8 6 9 9 5 8 6 9 8
290 1 4 8 7 7 5 7 8 4 2
315 2 4 7 3 9 4 3 9 1 6
234 2 1 7 5 3 7 6 9 1 4
389 9 6 3 9 7 4 9 4 9 6
293 5 9 4 9 3 5 7 1 3 1
222 1 2 8 9 6 2 7 7 4 1
277 9 8 1 1 6 1 5 1 7 4
15
270 8 3 2 7 5 5 4 2 1 2
222 3 4 5 1 7 3 4 6 1 2
242 6 2 5 4 3 6 4 2 2 5
246 3 2 1 5 6 4 9 2 5 5
314 9 6 3 7 3 2 8 7 9 4
341 2 6 1 4 9 8 7 8 7 5
324 7 1 4 9 1 8 6 8 8 7
359 9 7 9 4 1 8 1 6 6 8
312 8 5 8 4 5 5 1 3 6 4
376 9 1 4 8 9 6 4 3 8 7
299 4 9 9 4 7 2 3 7 1 1
228 7 4 2 4 4 1 4 6 7 2
381 6 9 4 2 9 8 7 9 1 4
339 5 5 2 1 9 4 8 7 6 9
277 9 1 9 4 2 2 1 7 4 8
15
338 8 3 8 7 4 6 5 8 2 5
252 6 2 2 7 1 8 8 5 5 3
350 2 3 9 9 2 8 7 9 7 9
205 2 1 5 1 2 2 9 3 8 8
277 7 2 1 3 3 8 9 7 5 5
281 4 5 7 4 7 2 1 6 4 6
298 3 6 4 9 6 1 9 2 8 6
195 3 1 3 3 5 6 4 3 2 2
304 3 3 7 8 8 7 2 4 5 4
244 6 1 5 4 3 9 8 2 2 2
314 6 7 8 5 6 4 4 8 4 2
165 1 4 2 3 2 1 5 1 2 7
424 6 8 7 9 9 6 6 3 2 9
310 3 6 2 6 4 8 2 8 1 6
322 5 5 2 3 3 8 7 6 5 9
15
380 5 9 1 7 7 6 5 5 4 9
329 6 3 8 8 9 4 9 9 7 2
313 5 9 1 8 5 2 3 7 3 6
215 2 2 2 2 6 3 9 5 4 3
234 2 1 8 4 9 2 1 6 1 3
333 7 6 9 1 6 2 4 6 2 9
424 8 6 9 1 7 8 5 7 5 9
309 6 6 4 6 6 2 5 5 3 7
300 6 5 7 5 2 6 1 7 3 5
255 5 2 1 2 6 5 9 5 1 5
321 8 3 1 4 6 4 3 5 2 9
297 5 8 8 4 2 6 5 9 2 3
293 1 2 5 9 7 1 6 7 6 9
359 9 1 8 3 3 9 6 9 8 7
268 3 5 7 9 5 1 6 6 6 4
15
306 7 9 3 2 3 7 8 6 6 2
356 7 5 3 3 9 5 7 7 4 8
289 1 7 9 2 4 7 6 7 4 2
280 5 8 3 9 3 1 9 7 3 4
326 8 5 6 2 5 5 5 1 6 6
359 9 3 9 7 1 8 2 5 4 9
289 6 7 3 1 6 3 2 1 1 7
355 7 7 8 2 4 8 1 3 5 7
316 5 6 2 6 5 8 6 8 9 1
287 7 8 6 9 3 2 8 3 3 2
339 8 5 8 1 2 5 1 9 7 8
319 2 7 9 2 6 9 3 2 8 2
243 3 7 4 2 1 1 3 4 2 9
311 4 1 8 3 9 9 7 4 5 1
248 4 1 4 5 4 9 6 1 2 2
15
254 5 1 7 8 1 1 6 9 9 8
280 7 2 6 4 5 1 4 6 5 8
258 1 8 3 7 4 2 1 3 5 7
213 4 3 8 6 1 1 7 5 1 6
341 5 4 8 1 9 5 9 4 5 8
379 5 4 7 7 6 9 6 7 7 8
183 2 2 3 1 4 5 3 2 7 1
340 1 7 5 9 8 6 6 4 9 3
272 4 3 7 3 5 5 6 3 1 7
243 2 6 7 4 3 4 1 8 8 3
289 2 3 6 4 5 9 3 4 3 7
234 2 3 6 1 3 7 8 1 6 3
293 5 4 5 9 3 5 5 5 8 5
337 8 9 4 8 2 9 2 7 2 3
281 4 8 4 1 1 5 3 4 4 9
15
355 9 8 1 7 8 2 3 2 8 6
236 3 7 5 1 4 6 1 2 5 2
235 3 2 1 3 8 6 3 2 9 1
402 5 9 6 1 8 8 4 9 4 9
282 2 9 4 4 7 2 8 6 9 1
324 2 5 9 8 8 8 8 3 5 1
228 3 1 2 3 2 7 5 7 6 4
330 7 1 2 3 8 6 4 8 3 9
251 7 3 4 5 4 6 4 2 4 2
282 7 3 6 1 5 5 5 4 1 6
317 2 6 8 9 9 3 9 1 1 5
362 8 5 9 4 3 3 4 9 8 9
388 9 8 3 4 8 2 1 4 7 9
277 9 1 6 1 5 5 7 7 2 3
337 8 1 7 8 4 6 3 6 9 8
15
262 3 3 3 8 6 6 1 3 3 3
249 6 4 5 1 5 2 2 8 7 4
176 3 2 1 2 3 3 6 3 1 4
333 6 1 5 4 9 4 8 8 7 9
221 1 8 4 3 6 2 4 1 7 1
382 9 8 9 8 4 9 5 1 2 4
261 1 4 3 7 6 8 4 7 6 1
262 2 1 3 7 9 2 5 2 4 8
347 6 4 8 7 1 9 8 6 6 6
366 8 7 2 7 5 1 6 9 9 9
325 9 2 4 4 6 5 8 4 9 7
345 4 6 2 8 9 1 2 5 9 9
325 2 8 9 5 4 2 6 4 6 8
344 3 4 7 7 9 5 1 4 6 7
301 5 3 8 7 4 5 6 8 5 4
15
331 5 5 2 7 6 6 7 6 8 7
310 6 5 7 3 3 9 4 3 4 3
297 1 5 9 3 6 5 7 6 5 5
253 1 3 4 4 5 3 8 2 1 9
363 9 6 3 4 8 7 6 1 4 4
306 2 5 7 7 4 2 6 6 9 9
363 6 5 7 6 9 2 5 9 7 6
328 9 8 2 3 4 1 4 7 7 6
315 4 5 1 9 5 7 3 8 2 6
312 4 5 8 9 3 8 8 8 7 2
299 4 3 5 5 6 3 2 1 8 9
397 9 6 8 6 6 8 8 6 2 5
303 2 3 5 8 4 3 8 7 8 9
339 2 9 6 1 6 9 4 8 7 2
345 6 2 2 9 5 9 9 4 6 8
15
254 7 7 6 2 2 4 2 2 3 1
267 2 7 6 8 1 3 4 1 5 9
229 4 1 1 7 2 7 1 4 2 7
269 3 9 4 6 3 1 6 1 3 6
391 4 9 9 6 8 6 3 3 6 8
348 3 7 9 5 9 8 3 4 9 2
300 5 6 9 2 7 3 9 8 5 1
286 4 7 5 8 4 3 7 9 3 3
325 3 9 7 4 4 4 2 6 1 8
352 4 4 9 2 5 9 2 6 9 7
321 8 6 3 8 8 2 8 1 1 6
257 1 4 6 9 9 1 7 3 6 1
246 4 5 9 6 3 2 5 9 1 3
225 4 4 4 2 6 2 1 6 2 2
266 1 6 5 5 5 9 4 1 2 2
15
387 9 6 2 7 4 7 8 6 6 9
365 3 5 7 7 9 9 9 3 6 5
385 8 9 4 4 3 8 5 2 9 7
239 8 3 2 4 3 3 5 1 4 3
372 9 9 2 6 8 5 5 2 9 3
275 1 9 7 4 5 4 3 3 7 3
391 7 8 4 1 8 8 1 7 9 6
243 2 3 6 6 4 6 3 4 8 1
384 9 6 5 4 9 9 8 5 1 4
268 1 8 6 9 4 1 9 6 2 2
221 1 4 4 9 1 7 8 6 5 1
259 5 4 5 6 1 4 6 9 4 5
283 7 2 2 5 3 8 2 2 7 6
407 3 6 8 8 9 8 6 6 4 7
317 6 4 2 3 9 5 3 6 4 4
15
306 7 1 5 4 8 1 5 5 5 8
263 4 5 7 6 3 1 2 2 9 6
316 7 9 5 4 6 1 3 6 1 4
355 8 9 2 3 4 5 9 1 9 7
250 3 8 7 5 3 4 2 2 7 2
300 6 4 1 8 7 7 6 1 5 2
266 7 2 9 7 2 7 2 1 8 2
317 7 8 6 7 1 7 2 3 5 5
299 8 2 5 5 6 6 1 5 7 3
279 5 9 2 3 3 5 4 4 4 4
224 4 2 2 2 5 7 5 3 2 4
375 9 7 2 5 9 3 9 1 5 9
289 3 9 4 3 5 5 2 1 8 4
234 3 2 4 7 2 9 3 1 7 2
248 9 8 2 3 2 2 4 4 9 1
15
374 9 9 4 6 8 2 7 5 3 4
280 6 1 2 5 7 1 2 8 6 8
329 6 2 8 4 7 9 5 2 5 5
266 5 7 6 6 1 6 4 7 8 1
283 6 6 9 1 4 3 4 3 8 5
267 5 2 5 1 9 1 7 6 8 3
199 8 1 3 2 5 1 4 5 3 1
273 1 7 6 3 6 3 4 6 9 2
249 5 2 3 6 9 1 5 6 6 3
254 2 4 8 5 1 2 7 2 6 9
290 2 3 1 4 9 9 2 5 1 4
274 7 2 5 2 9 2 3 1 9 5
339 8 6 1 8 7 6 1 4 4 5
358 9 9 4 9 5 6 8 4 8 1
253 1 3 6 8 5 8 4 5 1 1
15
311 3 8 7 1 3 6 7 9 4 7
368 8 6 6 4 8 8 4 4 4 3
222 2 2 7 9 5 1 7 7 3 1
413 7 8 4 7 7 7 9 8 9 7
294 1 5 4 5 4 9 5 5 8 6
314 9 2 6 2 4 9 9 4 5 2
254 7 8 1 1 1 1 4 8 9 5
295 3 7 2 4 9 6 3 4 2 1
330 7 2 9 6 7 9 5 3 5 3
269 9 6 8 3 4 1 1 4 9 2
253 9 5 5 2 2 1 5 8 9 1
268 3 1 6 7 7 5 1 2 5 6
191 2 5 3 5 4 2 2 6 2 2
334 5 9 6 6 5 4 9 6 7 3
265 6 1 1 9 1 6 9 8 8 5
15
295 2 8 4 9 8 1 4 3 3 4
319 7 7 6 4 3 7 8 3 5 2
317 9 2 8 2 1 8 9 7 5 6
257 2 7 6 9 5 2 2 5 3 3
373 1 9 4 7 9 7 6 5 5 8
345 2 3 1 8 8 7 6 8 6 8
344 6 8 7 5 6 5 9 8 4 2
402 8 9 6 5 8 7 1 3 3 8
280 3 1 6 5 2 7 8 5 3 8
299 5 7 3 6 4 4 5 6 4 5
279 3 5 5 9 1 4 8 5 6 7
243 1 2 4 8 2 2 7 2 7 9
257 4 2 7 7 3 2 8 7 1 7
334 1 8 9 4 8 6 5 9 8 3
331 8 4 5 2 9 1 3 4 3 8
15
382 6 4 4 9 8 6 7 6 5 9
342 6 5 9 8 4 9 4 7 4 1
274 4 3 4 9 6 2 5 5 3 6
258 9 4 6 1 1 1 3 9 6 4
276 6 1 8 2 4 4 3 2 8 9
316 6 6 5 3 6 8 5 7 1 1
311 4 7 3 6 4 9 1 3 4 5
397 2 9 1 4 9 8 9 7 7 7
429 4 8 3 9 8 9 3 7 9 8
315 4 3 3 6 9 6 4 7 2 4
347 4 6 6 4 3 9 9 4 2 9
367 9 5 8 3 7 5 2 5 2 7
335 6 6 6 7 8 4 4 5 6 3
269 7 4 9 2 2 2 4 3 4 8
230 9 1 1 2 1 4 7 4 5 5
15
340 4 9 5 1 5 4 5 7 9 6
323 5 1 2 6 9 9 2 4 5 7
330 8 5 1 8 5 4 8 7 8 5
283 7 3 3 5 4 2 3 3 1 9
284 9 2 8 7 4 8 1 3 6 1
279 9 1 4 4 8 3 3 8 6 3
284 4 3 9 3 2 6 1 9 4 7
287 2 6 8 4 9 4 5 2 3 3
227 6 3 8 1 2 1 4 8 3 3
252 1 5 2 6 4 2 1 9 5 9
332 2 7 1 5 8 7 9 5 6 4
178 1 1 2 2 2 5 7 9 1 3
251 9 4 7 1 2 2 4 1 9 3
408 8 8 8 7 9 6 4 6 3 5
372 7 6 9 1 2 8 8 8 6 9
15
219 8 2 6 5 1 1 9 4 4 4
383 9 4 8 1 8 8 9 8 4 5
281 8 5 2 3 2 7 7 6 1 5
263 2 8 4 5 6 3 1 3 8 1
298 6 5 5 2 4 5 1 4 5 9
214 1 9 4 6 3 1 3 4 1 3
164 1 2 4 1 4 2 3 6 7 1
270 1 6 7 8 4 5 3 2 4 4
351 1 9 2 2 7 7 5 4 9 9
252 2 2 6 6 5 1 9 8 9 4
183 2 1 5 3 1 4 3 3 5 6
311 6 9 8 2 3 1 7 7 1 8
282 1 3 2 9 9 6 8 9 2 2
322 4 6 2 1 5 9 5 4 2 7
322 9 5 8 2 9 2 6 4 1 3
15
219 3 3 5 1 7 3 8 7 4 1
238 5 2 2 1 4 4 4 7 4 6
319 9 9 5 4 6 1 2 7 6 3
393 5 9 6 7 9 3 8 8 9 5
318 5 8 9 4 3 4 7 8 9 3
234 2 8 3 3 2 4 2 7 5 3
366 4 5 6 9 7 4 5 8 9 7
238 3 4 2 7 3 4 6 2 3 7
397 3 9 9 8 8 4 4 8 8 8
276 3 6 1 2 7 5 3 8 9 3
348 8 3 7 2 4 7 6 3 8 8
317 3 3 6 9 3 9 9 9 3 4
241 5 1 5 7 1 8 6 6 7 2
206 2 2 1 5 1 7 2 3 6 7
189 3 2 9 8 3 1 8 3 1 1
15
365 9 9 7 4 5 2 9 7 6 5
354 5 5 6 2 8 7 7 7 9 5
260 4 6 8 1 5 4 6 4 1 3
340 4 6 8 9 3 5 9 6 1 8
301 6 3 5 7 6 3 2 4 9 5
325 7 7 8 1 9 1 6 7 1 4
338 9 5 9 2 8 1 7 3 6 5
338 9 5 9 2 9 1 8 4 4 5
353 9 3 3 1 9 6 6 8 8 7
187 2 4 2 2 4 2 1 5 7 4
421 9 9 9 6 7 8 7 9 9 2
366 5 4 9 5 8 9 6 3 6 6
265 1 5 6 3 9 1 3 6 1 5
365 8 9 5 4 2 5 7 2 7 9
243 2 1 4 6 1 6 8 2 5 9
15
297 2 5 6 8 7 3 9 1 8 4
378 4 7 9 9 3 7 3 8 5 8
312 7 2 5 7 8 7 3 5 3 2
235 1 5 7 1 1 7 7 2 5 4
276 5 4 3 1 8 3 9 4 3 3
329 8 6 5 4 8 1 5 1 2 7
238 2 4 3 7 2 9 3 1 8 1
324 6 6 3 5 4 4 7 3 4 9
183 2 3 2 1 1 3 2 3 5 6
212 2 4 2 3 1 1 2 4 3 9
399 8 9 8 9 6 8 8 2 6 1
351 5 7 4 5 8 2 1 8 9 7
284 8 4 3 8 9 1 3 1 1 3
361 8 3 5 5 6 7 7 9 2 9
281 7 6 3 1 3 9 7 3 2 2
15
301 5 2 5 5 9 9 3 1 4 1
325 4 7 2 3 7 9 7 1 3 3
302 8 6 2 8 5 6 6 8 3 1
342 7 8 8 7 2 9 5 2 2 5
311 6 8 6 8 5 1 2 6 8 5
291 8 3 7 5 2 8 1 4 8 4
288 4 2 2 5 3 6 7 5 9 9
334 9 5 2 6 5 1 8 6 5 9
392 4 9 6 8 6 5 5 6 3 9
276 5 2 7 9 5 4 1 8 4 4
246 2 5 4 9 4 5 3 4 4 1
348 6 6 6 6 6 8 3 8 8 1
313 1 9 1 2 9 2 1 7 1 8
318 1 8 4 7 5 3 9 5 8 8
221 9 4 3 7 1 3 1 1 1 4
15
407 9 9 7 8 8 5 3 8 3 3
305 2 5 2 8 5 8 6 2 7 6
184 2 7 2 2 1 4 1 1 4 4
246 8 5 3 4 1 3 4 2 6 6
250 1 6 5 4 2 9 3 1 3 3
263 5 2 9 3 5 1 8 9 4 5
209 1 6 2 8 1 5 2 4 6 1
187 1 7 9 1 2 1 7 6 4 1
226 2 3 4 5 2 9 6 3 5 3
288 2 6 1 6 7 3 1 9 9 5
323 1 5 5 4 5 5 9 5 8 9
396 5 6 6 3 9 9 1 7 5 8
233 4 1 1 7 1 8 1 8 1 5
253 5 1 6 4 6 3 9 4 2 4
261 5 3 9 2 5 3 9 7 3 2
15
288 3 3 7 3 8 8 4 8 3 1
302 4 6 4 3 8 3 5 9 2 5
375 6 7 3 4 9 5 6 2 9 9
348 8 5 9 3 9 3 3 3 1 7
429 9 8 5 5 8 7 8 5 9 7
262 2 1 2 1 7 7 5 6 2 6
356 2 7 5 9 9 4 6 2 5 7
241 2 6 8 3 2 2 2 2 8 8
275 4 3 9 5 4 4 3 6 5 7
306 9 4 1 2 5 3 7 9 6 6
282 2 4 8 4 2 8 1 3 4 8
370 5 9 2 9 8 9 1 6 2 1
248 4 3 4 2 1 9 5 9 4 2
378 9 8 5 1 6 9 6 9 4 1
389 8 3 8 3 9 8 5 9 2 5
15
285 5 4 9 5 5 1 2 5 2 8
336 7 5 4 8 2 4 9 9 7 9
264 7 1 4 8 5 2 5 3 3 7
293 8 2 2 5 4 8 8 2 5 3
383 9 6 1 7 8 8 9 4 8 5
168 7 1 6 1 1 1 2 2 4 2
248 2 3 3 1 7 4 9 7 2 6
296 7 6 9 4 4 3 2 2 7 6
326 8 9 2 8 4 1 1 1 9 9
328 2 7 6 6 4 9 3 4 4 5
246 4 2 1 1 3 9 2 4 8 5
342 1 9 9 8 3 3 7 7 4 8
278 8 2 4 6 4 5 1 3 1 6
357 8 8 8 8 9 1 1 1 5 5
304 6 2 8 8 1 6 1 5 5 9
15
341 2 4 6 7 9 7 8 4 7 5
309 6 5 5 5 4 6 1 3 2 8
340 3 7 1 4 4 9 9 7 8 7
253 7 5 4 2 3 3 3 5 3 5
238 9 1 2 8 4 1 9 6 5 1
402 5 9 7 3 9 9 4 4 8 5
329 2 3 6 8 9 6 3 2 7 6
323 6 7 5 4 2 8 6 3 8 7
369 1 8 9 5 9 6 8 1 9 6
303 5 5 8 5 3 2 7 6 9 7
298 2 5 4 9 9 1 2 8 2 7
286 7 9 1 7 5 2 5 3 4 2
276 3 9 4 5 5 2 7 7 5 3
179 1 2 7 5 1 5 4 8 3 2
335 8 8 8 3 4 2 9 9 3 4
15
305 2 2 7 5 7 6 7 6 5 7
254 6 2 2 5 9 1 5 4 1 4
262 6 4 4 9 5 2 9 7 2 2
262 3 4 9 2 1 4 4 6 3 9
364 7 4 8 2 9 7 4 2 4 8
276 5 7 3 2 6 5 4 6 6 2
314 3 8 8 8 4 5 2 8 6 3
270 2 5 5 5 6 3 2 8 3 7
218 1 5 4 2 3 6 6 8 3 1
463 6 9 8 4 8 9 9 6 5 9
330 2 7 7 9 3 6 1 7 7 6
326 7 8 2 2 5 5 6 2 7 6
236 9 1 5 5 1 2 9 9 9 3
283 3 7 7 4 3 1 6 5 8 8
289 8 6 7 2 1 1 8 1 6 8
15
248 1 1 9 7 5 8 2 9 1 1
301 5 1 9 7 1 8 3 2 9 7
291 5 6 2 7 9 4 2 5 2 1
298 8 2 7 6 1 7 9 7 3 4
313 8 6 1 3 4 7 3 3 3 6
381 7 9 6 8 6 4 7 3 5 5
304 7 1 8 9 9 3 7 2 1 5
362 1 7 9 6 4 9 8 8 2 8
278 2 4 7 9 8 7 2 6 1 1
285 9 4 3 2 9 1 6 5 7 1
265 4 5 1 7 7 2 2 3 3 4
285 7 6 5 6 3 1 6 8 1 7
261 6 3 2 1 6 7 2 3 2 5
406 8 9 9 9 2 6 9 1 3 9
297 5 3 3 9 2 7 5 8 6 7
15
294 1 6 4 4 8 4 8 4 1 6
412 5 9 9 8 8 4 4 7 6 7
315 3 6 3 4 7 7 6 6 9 2
324 7 2 9 4 9 3 1 2 2 7
260 2 6 2 3 1 6 6 6 8 6
357 3 9 7 9 8 4 1 4 8 6
316 1 8 4 8 3 8 3 1 4 8
371 8 9 2 4 4 4 6 6 7 9
335 9 1 3 9 4 9 6 7 1 6
266 1 7 6 3 2 7 4 1 8 5
203 8 3 3 8 1 1 3 1 5 1
363 8 7 5 9 3 8 7 3 6 4
296 7 2 4 6 9 5 1 8 4 3
156 6 1 4 3 1 1 3 4 2 3
286 3 4 4 1 6 5 8 2 8 7
15
290 9 2 5 8 6 2 5 5 5 2
263 9 1 6 5 4 4 4 3 6 4
325 7 7 4 5 7 2 3 7 7 6
324 9 6 7 8 1 3 4 8 8 5
188 4 1 2 2 3 5 2 1 7 5
355 5 8 8 1 9 4 5 4 8 5
258 4 2 4 4 3 3 4 8 6 9
287 8 3 1 8 2 5 1 6 6 8
284 2 2 3 5 6 7 6 8 2 8
349 5 1 4 9 8 3 8 8 9 9
334 8 9 5 4 5 4 7 6 3 3
308 2 9 8 4 5 1 2 3 2 8
311 6 6 7 5 2 6 9 5 1 6
296 7 1 5 4 6 5 9 3 8 7
321 6 2 5 5 8 7 9 1 1 7
15
403 4 4 7 9 8 9 8 5 4 9
350 5 9 1 2 8 4 5 1 7 8
273 9 2 1 5 6 4 6 1 5 4
296 3 6 5 8 7 1 9 3 7 4
177 2 2 3 2 2 4 9 1 9 2
197 1 1 3 4 5 2 3 6 6 6
282 1 4 4 9 9 5 8 4 9 2
303 7 7 3 3 8 6 5 4 3 1
234 1 1 5 6 7 2 4 7 5 6
298 4 9 7 3 1 5 8 2 7 6
327 8 3 4 1 1 9 1 9 8 9
311 5 5 2 4 6 9 9 7 6 1
388 3 8 6 1 8 8 8 9 8 8
338 8 8 1 6 9 7 1 1 4 2
295 8 8 6 5 1 2 6 4 9 5
15
252 3 9 3 5 2 4 1 1 5 3
228 3 2 9 3 2 5 2 3 5 4
368 9 8 8 6 4 2 8 4 6 9
267 5 1 8 3 7 5 6 5 5 2
243 1 2 7 5 2 8 1 9 2 6
295 8 6 5 6 3 3 7 6 7 2
321 5 3 9 5 4 5 7 6 3 7
196 2 2 4 7 5 2 1 5 5 1
322 1 6 5 9 9 2 3 9 4 7
384 9 8 4 5 6 8 3 1 4 5
333 4 7 1 7 6 5 2 6 2 8
266 8 3 7 7 2 1 6 6 2 5
254 3 1 7 8 4 8 7 4 1 1
370 9 5 1 5 9 5 7 1 2 9
303 3 4 5 2 5 9 5 3 9 7
15
246 4 5 3 2 4 3 3 3 1 7
259 4 7 2 7 1 2 7 1 1 9
277 6 6 4 5 5 4 4 3 6 1
381 8 2 5 9 6 8 6 2 9 8
267 9 2 4 7 4 1 7 9 2 3
253 3 7 8 6 1 4 5 5 5 3
259 2 1 1 2 4 9 8 9 5 7
250 4 4 2 2 8 4 7 6 1 3
347 5 6 8 1 5 7 3 5 7 9
221 5 1 1 7 1 7 6 4 4 4
229 5 7 2 1 2 4 3 7 2 4
426 8 6 9 3 8 8 8 7 9 7
282 8 2 2 9 7 2 6 8 3 4
373 6 4 6 5 9 6 3 8 9 6
230 1 2 1 1 6 4 3 5 4 7
15
256 3 4 5 6 2 5 7 8 6 3
324 2 4 8 7 8 8 7 7 4 1
241 3 8 8 2 3 1 2 9 4 2
290 1 9 5 5 6 5 4 3 6 3
231 2 1 1 3 9 7 3 4 1 3
231 6 4 6 8 1 3 4 6 3 2
323 3 8 3 4 3 7 6 9 6 8
211 8 3 4 2 1 1 2 8 2 4
310 8 1 6 1 6 4 5 4 6 8
266 8 8 2 4 1 3 9 7 1 2
317 6 5 9 2 2 9 7 9 6 4
321 9 5 7 3 7 6 1 5 1 1
270 5 3 6 2 3 2 7 8 2 8
262 7 2 2 7 5 4 3 6 5 4
217 3 8 4 1 3 4 6 4 1 1
15
261 7 2 8 6 3 4 7 5 5 4
321 8 4 3 9 2 5 1 8 7 7
313 6 4 7 7 1 6 3 4 6 9
295 5 6 1 6 3 4 5 1 5 8
336 6 7 6 2 8 5 6 2 8 3
250 3 3 6 6 5 2 2 3 4 6
257 1 5 2 2 8 6 6 4 9 3
291 2 2 8 8 4 7 6 6 8 5
278 8 3 1 9 4 1 1 5 2 9
368 4 9 9 2 7 1 2 8 8 9
346 4 5 7 3 6 6 6 9 4 7
247 5 1 1 3 8 1 6 9 7 5
256 4 1 4 3 1 9 4 8 2 8
338 6 3 9 7 7 3 7 9 3 7
308 6 3 5 7 9 5 5 1 3 2
15
297 2 3 6 4 8 9 3 3 1 3
352 7 6 7 1 5 7 7 9 1 8
249 1 4 4 8 7 3 6 8 7 1
244 6 5 2 4 1 4 7 8 5 3
310 3 3 6 6 5 4 8 8 1 9
314 1 5 7 4 5 8 5 1 1 9
395 3 5 8 9 9 8 7 6 8 6
335 7 8 9 4 2 9 6 4 3 1
289 2 2 3 6 8 5 2 4 3 8
258 3 2 4 1 7 8 9 7 2 2
298 1 6 8 2 7 6 6 3 3 4
286 4 1 5 8 1 9 3 4 5 9
306 4 8 7 4 4 8 6 4 8 1
292 1 3 3 7 7 8 4 8 3 5
298 7 6 6 4 4 3 4 6 6 6
15
322 8 5 1 9 2 6 3 9 4 5
355 4 1 9 2 9 6 9 8 1 9
287 3 1 9 6 8 9 6 4 1 1
234 1 5 5 7 1 8 9 2 5 3
356 8 5 8 1 5 7 9 5 2 9
236 1 8 3 9 1 2 8 3 3 4
288 6 6 1 2 7 2 7 7 7 5
304 3 5 9 8 5 6 5 4 9 4
273 2 1 7 7 6 2 1 7 6 9
358 6 5 2 6 5 8 7 7 2 9
311 4 8 5 3 2 8 7 8 9 1
282 2 6 7 9 5 1 3 2 3 8
323 4 7 7 3 9 4 6 6 3 4
340 3 8 4 4 8 6 6 2 4 6
311 9 2 9 8 8 1 7 4 3 5
15
365 7 9 5 2 8 2 1 8 8 8
348 9 7 2 4 8 7 5 3 6 1
245 1 5 8 5 5 4 5 6 4 2
350 2 7 7 4 5 6 8 3 9 8
335 8 6 8 8 3 5 9 1 6 4
342 8 9 3 4 3 2 8 6 4 8
290 1 7 5 2 6 1 1 8 9 9
391 6 4 9 3 8 9 3 4 1 9
316 9 5 5 1 6 1 1 6 5 7
408 8 9 8 6 8 3 4 9 8 4
306 5 4 1 1 8 8 2 3 5 5
267 2 4 8 4 7 4 6 5 7 1
286 6 3 7 5 9 2 3 1 1 4
240 4 4 3 1 3 6 6 7 4 2
233 6 3 8 7 1 2 8 6 4 1
15
277 6 7 1 2 8 2 4 2 4 3
326 1 9 9 5 7 9 2 7 2 1
340 2 8 5 3 6 6 6 5 1 9
283 6 5 3 2 4 4 6 9 2 7
270 4 4 6 4 8 5 2 2 6 1
342 8 1 9 1 7 9 9 5 2 5
257 7 1 2 4 7 4 7 9 2 2
311 3 9 9 1 9 4 1 2 3 2
250 3 3 1 4 1 6 6 5 5 8
324 2 9 3 5 3 6 3 8 8 6
254 8 2 5 9 2 8 1 6 2 1
257 4 6 1 7 2 5 5 4 8 4
242 1 7 9 2 2 3 3 7 2 4
263 7 3 9 1 1 3 3 6 7 8
229 4 4 3 7 1 6 4 6 7 1
15
289 7 4 4 1 4 8 3 4 8 2
405 9 6 9 9 7 5 1 9 8 6
385 8 7 6 4 8 5 1 6 8 7
266 1 4 7 1 8 1 8 9 4 5
333 3 8 8 6 5 5 5 8 3 5
364 7 8 1 7 4 5 4 5 7 9
287 3 8 5 2 6 1 9 8 1 6
242 7 3 2 6 3 1 8 8 1 3
203 6 2 3 6 2 3 3 1 3 2
340 9 9 9 1 1 9 4 6 6 1
317 6 3 9 2 2 9 8 1 5 9
274 4 4 1 5 8 4 5 1 5 4
291 6 1 2 4 9 1 7 5 9 7
308 8 4 4 9 1 4 2 6 5 7
256 9 2 4 8 3 5 6 1 1 4
15
346 4 4 6 8 9 8 9 7 2 2
283 4 6 3 5 4 6 3 4 4 6
388 9 9 3 3 7 6 1 6 1 9
290 1 4 1 7 5 8 9 7 7 3
365 4 9 4 7 7 5 5 9 5 7
266 6 3 9 4 6 4 7 4 2 1
323 5 8 3 9 7 6 7 6 1 2
230 5 3 2 3 5 1 8 3 6 6
350 8 9 6 8 3 1 6 6 8 8
321 9 6 2 1 3 7 1 6 5 7
253 2 9 4 6 4 3 1 7 2 2
335 8 9 1 8 3 7 5 3 7 2
339 7 2 6 6 9 1 9 8 5 9
335 7 4 7 5 5 3 3 8 6 8
336 7 8 3 3 9 5 1 4 1 3
15
228 2 5 3 3 7 4 1 4 8 1
397 8 7 7 8 9 9 6 2 2 3
281 6 7 5 5 3 3 8 1 8 3
308 3 2 7 7 4 6 8 9 6 8
304 5 5 5 3 5 7 8 6 4 3
410 5 7 9 8 6 9 8 5 6 6
248 1 2 7 1 4 5 9 2 8 7
241 3 5 6 5 3 3 8 4 2 4
394 6 9 7 4 9 4 6 4 9 5
170 3 2 6 3 2 2 7 7 3 2
239 2 9 2 4 2 4 3 1 4 3
308 6 4 5 9 1 7 3 1 3 9
348 3 9 7 1 8 6 4 3 8 4
352 4 4 8 3 8 6 3 8 9 6
377 9 8 1 5 3 7 3 5 8 8
15
374 7 7 1 6 8 9 4 6 2 6
187 3 2 6 4 1 3 3 1 7 6
366 7 6 9 6 7 7 8 5 4 4
289 7 3 3 4 8 5 9 3 2 3
312 7 5 2 6 7 5 9 8 1 1
359 9 7 3 6 1 8 7 7 7 8
302 2 5 7 6 3 6 6 6 9 7
284 9 3 6 1 1 6 3 5 2 7
346 4 9 8 7 7 3 8 7 4 2
298 7 4 6 6 9 3 1 4 2 1
211 1 8 3 2 2 2 9 2 9 3
300 6 4 8 2 4 9 5 1 2 4
240 2 2 5 7 2 6 5 5 3 6
322 7 8 5 8 1 4 8 5 6 4
290 9 9 1 8 3 5 5 1 5 1
15
359 8 5 5 2 9 6 5 4 3 8
300 5 9 9 5 7 2 1 1 2 2
379 9 4 9 1 7 7 8 3 1 7
327 4 6 9 4 8 2 4 5 1 7
327 8 7 5 2 8 3 8 7 9 1
302 5 4 2 5 3 7 8 4 1 9
299 5 5 2 3 8 4 8 5 9 3
382 7 7 3 3 8 6 8 8 2 6
303 3 6 9 8 1 4 4 8 2 9
326 7 5 4 1 4 7 9 9 8 3
317 6 3 6 7 6 5 2 3 8 5
407 9 7 6 4 6 8 3 4 9 7
318 8 8 1 1 4 5 8 9 6 3
267 2 8 5 7 1 5 2 4 8 3
337 4 6 8 4 4 9 9 6 1 6
15
268 8 1 3 4 6 8 5 1 8 2
363 9 2 7 8 7 5 9 5 2 6
246 3 4 3 6 1 8 1 8 2 5
340 2 8 6 3 9 7 5 8 1 4
300 3 4 7 6 7 4 8 8 9 1
232 6 3 6 8 5 1 3 3 3 2
318 4 4 1 3 8 9 3 8 4 3
252 6 6 4 4 3 5 1 8 8 1
359 6 7 1 8 6 5 6 5 7 9
334 2 9 1 8 6 9 3 3 3 6
270 9 2 6 4 5 2 2 4 2 5
382 8 7 6 9 6 7 7 9 8 1
250 1 4 3 7 4 2 4 7 4 8
259 3 5 2 7 4 5 5 2 5 5
385 5 8 8 9 9 5 6 5 7 3
15
228 1 7 1 1 4 2 1 6 9 6
327 4 1 9 9 9 8 6 2 2 3
265 1 3 7 7 3 6 4 7 9 6
431 8 5 9 8 8 7 7 7 3 9
295 8 2 1 1 7 9 7 5 5 1
357 6 8 3 6 7 1 7 6 5 8
336 8 3 8 4 5 5 6 9 9 6
280 3 6 7 8 2 1 3 7 8 8
225 5 1 1 9 5 2 1 9 2 5
250 6 6 1 2 8 2 1 4 9 1
356 9 1 8 7 1 9 8 7 8 9
306 6 5 5 2 9 6 4 5 3 2
336 9 4 9 9 5 5 4 3 2 3
291 4 2 4 8 8 9 6 3 8 1
367 6 8 5 9 9 2 2 6 2 7
15
262 2 8 1 7 4 2 7 1 8 7
307 2 9 2 4 5 7 6 6 8 2
451 7 9 2 8 9 9 2 8 1 9
329 6 8 9 1 2 3 8 9 5 9
364 9 3 8 2 8 4 9 7 6 7
291 7 4 2 4 9 2 4 8 6 3
281 2 1 8 8 8 5 2 3 7 5
301 4 7 8 2 4 8 1 1 6 5
301 6 6 3 1 8 1 9 1 8 7
220 1 6 2 4 1 1 1 7 9 8
284 7 3 1 5 5 3 1 7 8 5
316 8 4 5 4 3 6 8 6 3 7
258 1 2 9 7 9 1 6 5 9 3
295 2 9 6 4 6 1 5 4 8 4
270 2 1 7 9 5 9 1 5 3 5
15
297 7 3 7 3 2 9 2 6 5 6
201 7 6 4 1 1 1 3 4 1 4
302 7 5 7 4 4 4 5 3 7 5
334 7 7 3 3 5 9 1 1 1 7
252 1 3 7 4 3 6 6 2 9 5
273 1 1 3 8 9 2 3 8 7 7
321 5 9 4 8 2 1 6 4 5 8
209 6 1 1 1 4 6 1 7 2 1
407 8 9 9 9 5 8 6 3 5 3
307 4 3 1 6 8 7 7 2 6 5
268 3 7 2 5 8 1 7 4 3 3
302 6 3 5 6 3 1 5 7 8 9
281 8 3 9 6 2 7 2 8 8 1
325 8 6 4 6 2 6 1 5 3 7
246 3 1 3 4 6 7 1 7 6 4
15
193 1 3 3 1 6 3 3 3 3 2
271 4 9 2 8 3 2 7 2 9 3
271 6 3 9 6 6 1 8 9 3 2
251 1 8 7 4 2 5 8 9 4 1
296 4 3 7 2 9 3 4 4 8 7
323 2 1 9 6 7 9 3 8 1 7
350 5 9 9 9 6 6 5 3 8 1
328 6 9 1 5 8 2 1 7 3 6
328 2 6 9 8 6 5 8 2 8 6
334 3 6 4 4 7 9 8 3 1 7
315 8 6 8 1 8 2 9 1 6 4
225 2 1 3 2 6 8 4 7 3 2
237 3 5 8 4 1 6 5 6 7 1
289 5 1 3 8 1 9 2 1 4 9
310 2 1 7 9 8 6 4 7 2 7
15
348 8 7 3 8 5 3 2 1 8 9
303 2 4 4 5 4 8 1 9 5 8
356 4 8 6 6 2 7 8 7 5 9
339 9 9 9 9 2 3 3 1 9 3
322 7 7 1 6 2 9 3 3 3 7
205 4 1 1 3 1 5 7 1 7 6
354 3 9 8 6 7 7 2 8 5 4
335 5 5 9 8 9 3 1 7 5 3
241 1 9 5 6 4 2 5 5 3 1
281 5 6 1 1 2 6 1 8 4 8
307 4 3 1 6 8 4 2 3 6 9
342 2 8 4 7 8 4 6 6 9 7
313 7 6 6 5 6 2 7 3 1 5
340 6 6 9 8 1 9 7 9 8 3
355 8 6 5 1 5 5 5 8 2 8
15
279 5 5 3 7 2 4 7 1 9 7
304 6 7 1 2 6 8 6 5 9 1
314 4 6 9 8 5 5 3 7 6 2
327 1 7 3 2 9 9 6 2 3 5
292 3 9 2 3 5 6 6 5 6 4
287 7 6 2 9 2 6 5 6 2 1
306 8 1 1 8 8 2 2 6 7 6
296 9 8 7 1 1 1 9 7 4 5
357 1 9 6 7 8 2 8 9 3 9
297 7 2 8 1 2 9 1 6 5 8
341 3 9 8 5 8 5 1 9 1 2
348 2 3 7 8 5 8 9 2 7 9
251 8 6 6 1 2 2 8 6 2 4
304 1 7 2 8 5 7 4 2 9 7
324 3 6 5 7 9 6 3 5 2 2
15
343 5 6 6 8 4 6 5 5 2 9
233 6 5 3 2 2 2 7 7 4 5
315 4 5 1 9 7 2 5 7 7 6
293 8 2 2 8 7 3 5 4 3 4
411 9 9 9 6 5 6 9 5 6 5
343 9 6 4 9 2 4 4 6 5 9
301 3 9 3 7 2 7 4 5 5 3
330 8 3 5 2 9 1 5 5 6 8
229 4 2 3 9 1 7 5 7 7 2
327 3 7 2 9 9 6 5 9 9 1
386 7 8 8 1 5 8 8 6 6 5
282 5 6 2 6 4 6 1 3 3 4
344 1 9 1 4 6 7 7 2 6 9
293 1 3 7 8 5 5 9 2 9 6
314 9 6 7 5 4 4 8 3 6 3
15
287 7 3 2 7 5 6 9 6 2 1
251 3 2 1 1 7 3 4 2 4 9
320 6 1 1 6 9 5 8 4 5 8
231 7 2 6 5 6 2 2 3 6 1
289 3 5 8 2 8 5 7 2 8 3
228 5 8 9 2 2 2 8 2 2 1
194 3 5 7 1 2 1 6 2 4 3
220 1 2 1 3 8 8 4 2 6 1
324 9 1 3 9 8 8 8 1 2 1
336 7 4 3 1 9 4 9 8 2 7
265 8 6 6 3 3 1 4 4 9 4
384 1 9 5 9 5 8 9 8 1 8
320 8 5 9 5 4 8 1 5 2 3
347 2 9 9 4 8 2 1 9 1 7
270 2 9 2 1 5 2 2 3 2 9
15
370 5 8 6 5 7 5 3 4 8 9
349 4 8 2 8 8 6 9 6 7 2
403 7 7 2 6 5 9 7 3 8 9
322 8 2 6 3 6 3 6 7 7 8
374 7 8 9 5 4 4 7 4 8 7
342 1 8 5 5 3 8 6 2 7 9
316 2 5 5 7 7 7 1 7 7 4
388 5 7 1 9 9 4 8 9 7 6
343 9 3 1 6 5 9 2 3 5 7
278 7 1 9 3 4 6 1 4 4 5
304 7 7 5 2 8 5 2 1 9 1
349 6 8 5 5 2 9 8 7 6 5
312 7 8 5 7 2 6 5 4 6 3
361 7 2 3 7 8 6 9 7 5 9
285 7 3 4 5 3 8 4 5 2 4
15
285 3 6 5 7 6 5 9 3 8 2
233 4 4 1 5 2 3 4 9 7 3
229 4 3 9 2 3 6 3 3 4 1
196 4 2 3 7 2 1 6 6 8 3
291 7 4 8 8 1 6 6 1 2 6
297 4 8 2 8 1 6 9 1 3 5
263 4 5 8 9 7 2 3 2 4 2
277 6 9 6 6 4 1 8 7 1 1
245 6 2 3 9 5 2 5 2 9 4
372 7 6 5 6 9 6 1 8 8 3
345 6 4 9 6 4 9 6 3 1 6
208 2 7 2 7 2 3 1 5 4 3
325 7 9 8 5 3 1 3 9 9 6
367 9 4 1 4 9 6 1 6 9 7
232 5 2 9 4 1 6 8 2 1 5
15
373 9 7 7 4 5 6 3 2 1 8
289 8 2 3 7 5 4 3 9 3 4
266 6 7 5 6 1 3 9 5 1 4
396 6 6 8 3 8 7 2 6 7 8
259 1 4 1 2 4 6 4 4 6 9
285 5 9 4 3 3 4 9 6 5 3
244 7 5 7 2 2 2 5 8 3 4
316 5 9 7 2 1 5 2 7 8 5
250 8 5 3 2 1 1 6 5 1 7
445 6 9 9 4 9 9 2 3 3 9
222 8 4 3 2 2 2 9 2 3 4
405 7 9 3 8 4 9 5 8 7 6
329 6 7 1 3 4 8 4 5 8 6
351 7 5 6 4 5 5 7 5 4 9
310 5 5 6 6 5 9 7 1 1 3
15
160 2 1 9 2 2 2 1 2 5 3
233 3 3 2 6 8 4 1 1 3 3
279 5 7 5 8 4 2 6 5 5 1
383 8 5 8 3 5 8 1 2 6 9
300 9 6 4 6 2 5 4 8 1 5
340 7 1 1 3 7 9 8 7 1 8
282 9 7 3 1 2 4 5 3 7 3
388 9 6 6 8 7 7 9 9 7 2
288 1 5 2 5 5 3 7 8 7 8
373 6 9 9 1 2 9 7 3 1 9
389 7 6 3 5 7 9 7 8 5 7
360 9 5 6 8 2 6 3 6 9 9
361 7 8 2 3 9 7 2 9 2 2
308 7 1 4 5 4 5 7 9 2 9
309 6 6 1 5 5 7 8 9 7 2
15
267 4 7 2 9 7 5 1 1 4 1
303 3 6 5 2 8 4 8 8 6 2
300 7 9 4 3 3 6 7 3 9 2
316 6 5 3 8 6 2 3 9 2 6
321 7 1 5 4 8 2 3 9 7 8
341 8 2 5 8 9 2 8 6 3 7
281 3 3 1 7 4 3 9 6 8 9
236 1 1 8 4 6 9 7 1 7 1
229 5 3 1 1 1 4 8 5 7 8
357 6 8 2 4 9 1 1 6 8 8
353 6 6 4 2 8 8 2 4 3 5
217 2 5 5 6 1 1 4 2 2 8
295 8 5 5 6 1 1 6 8 8 8
407 6 9 4 5 9 7 7 6 7 7
373 7 3 5 7 7 9 9 9 3 4
15
313 4 8 2 9 1 4 1 7 1 9
289 9 6 3 3 6 2 1 3 1 5
261 6 5 4 1 1 7 3 8 2 3
430 7 8 8 5 9 4 8 9 8 7
328 3 3 6 5 6 7 5 9 7 8
362 7 8 4 9 6 2 4 1 9 8
432 9 7 5 9 9 7 1 2 8 7
269 2 6 5 2 2 6 1 5 1 8
340 1 2 8 9 5 9 2 6 4 9
333 2 8 4 2 4 8 8 6 7 8
291 6 4 8 4 5 2 7 8 5 6
353 9 1 1 6 8 7 6 2 8 7
298 7 9 6 5 1 4 8 9 2 3
313 7 6 6 8 6 3 7 4 6 2
294 8 1 8 6 8 5 5 5 2 1
15
340 1 8 6 8 4 9 5 5 6 4
317 5 5 7 8 1 9 9 4 9 3
298 3 1 3 8 3 5 9 7 8 9
294 4 4 7 7 3 4 9 3 8 7
326 9 8 4 5 2 8 1 8 8 1
237 9 1 4 1 2 7 3 2 3 3
268 5 5 7 7 4 2 1 7 2 3
249 5 2 4 5 4 5 2 1 4 7
333 6 8 5 4 4 7 1 9 9 3
278 8 6 4 9 1 1 3 4 7 5
217 2 1 2 8 7 1 9 5 6 1
219 5 6 4 2 3 4 3 1 1 2
380 2 9 5 3 9 9 3 9 7 5
245 1 3 6 9 5 4 8 7 7 2
324 5 5 3 3 9 4 2 4 5 8
15
307 3 3 4 9 9 6 2 3 4 6
363 9 5 7 7 6 5 6 8 9 5
344 5 7 6 3 8 4 6 4 1 6
200 5 2 1 2 7 1 7 2 6 3
349 5 9 2 9 9 6 1 3 8 2
316 4 5 7 5 5 4 4 8 4 7
282 4 4 9 1 5 6 7 7 6 1
428 9 7 3 4 7 8 6 5 9 9
223 4 7 1 4 2 5 3 6 7 1
287 9 6 3 4 3 3 7 1 5 6
323 8 7 2 7 5 8 4 6 7 1
316 8 9 4 5 5 1 9 8 8 2
275 5 5 5 3 4 6 3 8 2 2
341 6 9 4 2 2 5 7 5 6 9
265 3 8 4 6 4 2 4 4 2 5
15
301 4 8 7 8 4 8 6 1 1 2
383 5 9 4 9 8 5 7 6 7 3
306 5 5 5 7 7 2 2 8 4 7
321 7 5 6 3 4 8 7 2 6 4
315 6 7 2 4 5 1 9 9 4 6
254 8 1 3 1 6 8 8 6 2 1
298 4 2 7 3 9 3 6 8 7 6
274 2 9 4 1 5 9 5 5 2 1
316 7 8 2 1 7 3 8 9 2 3
281 6 7 7 5 6 3 6 2 2 1
301 9 4 1 2 6 3 5 8 5 7
269 4 6 4 8 1 6 5 3 3 5
300 6 7 4 1 3 8 9 5 8 3
300 6 4 4 5 9 2 1 2 7 4
300 1 7 8 3 8 2 6 7 1 6
15
307 5 8 2 8 1 3 5 5 9 7
241 2 2 4 3 2 6 2 1 9 8
312 1 7 7 7 5 5 5 1 5 9
296 4 1 5 9 4 9 2 6 3 6
351 7 7 6 3 3 9 5 2 4 8
346 9 5 9 4 7 6 6 4 4 2
333 8 4 6 1 4 9 8 5 9 4
229 5 4 7 6 4 2 5 1 3 1
236 7 3 2 5 1 1 5 1 4 8
380 9 9 7 3 2 6 4 3 6 8
220 1 1 3 5 6 4 2 6 6 4
340 8 9 1 5 9 1 9 9 6 3
277 5 6 4 1 2 5 1 6 1 7
327 5 8 7 5 7 5 9 5 8 1
254 1 6 3 4 2 9 4 9 1 2
15
350 7 4 8 9 4 7 5 3 2 9
294 3 1 6 1 6 8 4 7 3 8
212 2 6 9 3 2 2 9 7 2 1
323 4 4 4 1 9 2 7 6 4 9
266 3 8 2 2 2 5 3 3 8 8
309 5 6 8 8 5 4 3 5 8 1
264 3 3 5 9 7 6 4 2 7 2
330 5 1 6 6 9 5 4 6 6 9
328 5 8 8 5 3 7 4 1 9 4
221 4 3 9 1 3 5 3 5 5 1
299 5 8 3 1 2 7 4 4 2 6
188 2 2 6 1 4 1 1 4 1 8
244 3 1 5 8 4 1 7 3 5 8
338 2 8 7 9 9 4 2 7 1 4
321 7 1 6 8 7 6 7 4 6 6
15
160 1 2 3 3 4 3 1 1 9 3
307 7 1 1 9 5 3 7 9 3 8
349 7 3 1 6 8 9 6 8 9 3
369 2 6 3 7 7 9 1 7 7 9
343 5 9 5 6 7 2 3 7 3 8
209 1 4 1 4 4 5 7 3 5 2
344 9 9 1 8 6 7 3 2 8 1
341 3 7 3 8 6 6 7 9 2 6
355 8 8 1 5 4 6 8 1 2 8
209 4 2 3 5 1 6 5 5 5 3
294 8 1 4 6 4 9 3 1 8 4
351 8 6 9 8 4 5 2 7 8 3
302 2 4 4 9 6 4 2 5 9 7
263 1 1 2 2 6 7 2 8 8 8
277 7 3 6 6 2 3 2 8 6 7
15
247 6 2 5 3 5 4 3 5 1 6
268 8 2 1 3 8 3 9 3 9 1
225 2 1 5 6 5 8 3 8 4 1
243 5 4 4 2 3 7 5 6 2 1
341 8 8 4 9 7 6 1 3 1 3
343 5 6 5 4 9 9 1 7 5 1
290 3 2 7 3 7 5 8 6 3 6
286 4 1 9 6 9 6 1 1 5 2
294 6 6 6 3 1 8 1 3 1 6
409 8 6 4 8 8 6 3 9 9 7
255 1 3 9 6 6 5 3 6 7 2
331 4 5 9 8 5 6 2 4 5 7
354 4 5 1 7 9 4 9 7 8 8
321 6 6 1 3 7 2 4 6 5 9
256 1 3 4 5 8 6 1 6 6 1
15
398 9 7 6 8 3 7 2 7 4 8
366 2 9 4 9 8 3 1 7 9 8
257 1 5 5 3 3 6 3 7 5 5
314 4 5 4 1 7 8 4 4 1 8
259 7 4 1 5 1 4 8 2 2 9
308 9 8 1 4 3 8 4 4 4 2
330 8 6 1 4 9 6 7 4 7 2
292 2 9 8 6 6 3 1 4 9 3
282 1 8 2 6 6 1 3 7 4 6
329 6 3 8 7 2 9 7 3 3 6
263 4 2 3 6 8 8 1 2 3 3
305 3 8 7 2 5 9 1 9 4 1
313 5 5 7 2 1 7 7 8 4 9
313 3 9 3 2 5 3 1 3 5 9
338 5 8 2 3 3 9 3 5 9 5
15
347 5 7 4 5 9 1 9 4 6 9
337 5 7 4 3 9 6 1 6 6 4
375 8 9 7 6 3 6 5 5 8 6
360 6 8 9 3 4 8 6 1 5 8
230 6 4 5 2 4 4 6 6 3 1
347 9 8 3 7 6 7 5 1 5 3
272 6 2 5 3 2 8 7 7 7 5
372 7 9 9 9 1 6 6 8 4 6
241 2 3 1 9 9 4 9 4 1 1
333 9 3 6 4 6 8 1 1 6 4
352 6 9 6 9 7 6 3 7 5 1
293 9 2 3 4 7 3 5 9 3 4
279 8 1 6 7 9 1 2 9 3 1
275 1 9 5 6 1 1 2 9 6 7
188 8 2 2 4 2 3 9 2 3 1
15
242 2 3 5 5 8 1 8 2 3 3
303 9 3 3 2 8 3 6 4 4 6
361 7 9 9 6 7 4 6 4 2 2
257 2 4 2 9 8 3 7 3 8 3
345 8 9 3 3 4 3 1 8 5 7
285 5 6 2 6 5 2 7 9 7 3
295 6 3 1 8 5 6 8 5 8 5
329 2 9 3 1 2 9 7 4 9 9
407 6 9 3 7 9 6 7 7 4 5
294 4 1 7 2 6 7 1 5 3 9
373 4 9 1 9 9 6 7 4 5 4
343 3 7 9 1 6 2 9 9 7 9
325 8 6 8 9 6 1 6 4 5 4
283 7 3 2 1 5 3 8 4 8 8
332 4 8 2 9 2 4 9 5 5 8
15
345 4 4 8 6 7 9 6 4 8 3
295 8 4 3 9 7 4 1 4 7 1
143 2 3 1 2 1 1 3 4 7 2
261 1 2 7 2 5 9 7 5 3 3
367 6 7 8 4 9 4 8 3 9 3
376 8 7 9 1 9 4 1 4 1 7
325 2 4 9 9 6 8 6 3 4 4
207 2 5 6 3 1 7 2 5 4 1
333 1 1 6 9 7 9 7 9 8 5
309 7 9 6 3 3 2 7 4 6 5
275 4 6 1 4 3 9 7 5 7 3
329 7 8 1 2 6 7 8 4 6 2
276 1 3 9 4 3 5 5 4 8 8
360 7 7 7 5 5 8 1 8 8 5
316 7 6 7 9 2 4 2 7 4 5
15
346 6 4 4 9 8 8 2 2 8 3
339 7 2 9 5 2 7 8 7 6 9
249 5 7 1 3 5 4 1 1 1 3
233 1 5 3 5 5 5 7 2 3 4
308 8 3 3 5 4 4 9 5 2 8
360 1 9 7 8 6 7 9 1 7 6
342 7 9 8 1 3 4 4 2 7 8
279 7 1 9 9 4 1 2 3 1 7
330 4 9 1 7 5 9 8 8 1 3
322 5 6 7 3 5 8 4 3 5 4
392 4 9 4 8 6 8 1 9 1 8
309 8 7 7 6 5 5 5 3 4 2
301 1 7 6 5 5 6 5 3 4 8
318 7 2 2 5 9 7 4 3 8 3
292 8 2 8 4 1 6 7 1 8 8
15
217 2 4 1 8 5 4 3 9 4 1
263 7 2 5 7 4 4 8 9 1 2
286 7 2 9 2 7 7 4 3 6 1
266 7 8 4 1 3 2 3 8 5 1
341 4 5 3 8 9 5 9 8 8 2
313 9 1 8 5 9 1 1 6 1 7
280 3 3 5 3 5 9 1 9 8 4
277 4 2 8 5 6 6 7 1 2 6
352 7 9 3 4 4 7 6 2 9 5
263 1 2 9 2 7 5 6 8 3 5
270 8 8 2 9 2 4 4 3 1 1
280 6 3 9 2 9 2 3 2 5 5
245 4 3 6 3 7 1 2 9 5 4
356 9 3 5 6 5 5 6 1 9 9
197 1 2 2 1 4 5 8 2 8 4
15
332 3 9 5 5 4 9 9 1 8 2
290 8 1 9 9 3 3 1 4 7 6
298 5 5 7 5 3 9 2 9 7 2
242 2 7 2 4 4 1 1 4 2 6
332 4 9 8 5 5 5 9 1 9 3
262 4 8 4 2 9 1 5 2 7 1
306 2 3 2 6 5 9 1 6 2 9
224 2 2 1 8 3 2 6 6 8 6
297 4 2 1 1 9 7 9 8 8 2
224 3 1 1 7 8 4 5 5 2 3
354 9 4 6 6 7 4 1 4 5 8
278 4 4 7 9 5 4 6 6 1 4
290 4 8 5 6 7 1 3 3 6 3
289 8 3 7 3 7 2 7 4 8 2
260 4 6 4 1 5 4 7 9 1 1
15
271 5 9 2 1 2 3 5 9 1 5
357 8 4 3 4 9 9 4 5 9 4
275 7 3 3 8 3 1 9 4 9 8
335 9 2 8 9 6 8 7 3 2 1
336 9 6 3 7 4 5 8 1 8 4
343 5 2 9 7 4 5 8 7 9 8
277 6 3 8 3 6 2 3 7 9 3
319 5 6 6 6 4 2 4 9 7 7
363 7 8 9 2 6 6 5 5 3 5
366 9 6 6 3 5 3 6 6 8 8
301 1 3 9 7 5 7 1 4 6 7
283 6 1 8 5 9 1 8 1 7 3
284 1 1 9 7 3 9 2 6 3 8
330 6 3 6 2 6 6 9 1 8 8
290 2 8 5 4 9 5 1 2 7 1
15
253 7 2 5 5 6 3 3 2 6 1
237 8 2 7 4 2 5 3 4 4 1
370 1 7 5 8 9 7 8 5 6 7
360 8 8 7 2 3 8 6 4 7 5
359 7 9 5 2 8 5 3 9 6 4
368 8 9 9 5 4 7 9 9 2 3
300 2 4 3 1 9 9 9 1 8 3
310 4 3 7 7 6 3 5 5 2 9
275 4 6 6 2 3 8 9 5 2 3
256 6 6 2 5 4 5 1 1 2 2
349 6 6 7 9 9 6 3 5 6 1
277 7 1 6 8 3 6 7 4 3 6
308 3 4 3 7 4 7 2 4 4 9
380 8 3 9 8 7 8 5 4 9 4
326 6 5 6 1 5 9 6 5 3 5
15
265 7 4 2 4 6 4 5 4 3 1
231 6 1 6 7 4 1 7 8 5 1
266 5 3 1 5 6 1 8 6 3 9
346 9 8 1 1 1 7 8 6 5 9
318 8 5 4 9 5 1 7 8 6 4
298 5 3 5 6 5 3 2 5 9 9
258 8 2 5 7 2 7 8 5 6 1
323 4 7 7 8 1 8 1 7 4 6
273 1 9 2 3 4 4 4 1 8 8
361 9 2 3 1 9 5 6 9 4 8
377 7 9 9 9 7 3 5 4 2 6
405 6 8 9 9 9 9 9 1 1 1
383 1 9 7 8 9 6 1 2 7 9
286 6 9 8 1 3 4 2 5 4 3
307 7 7 7 6 4 7 5 3 2 1
15
405 4 9 7 6 6 8 6 9 8 5
411 9 9 4 4 4 8 4 7 8 8
331 1 5 4 9 8 8 5 6 1 4
281 3 5 8 9 2 7 4 5 5 4
306 7 6 5 5 2 3 7 6 4 9
286 4 4 8 3 8 2 5 4 2 6
336 7 8 2 9 5 3 3 4 9 4
369 9 7 1 4 7 9 5 9 5 3
328 6 6 4 4 8 7 5 8 4 1
290 7 2 2 5 2 6 3 7 6 7
347 3 8 9 1 5 7 1 4 7 9
243 5 8 5 2 4 1 4 4 6 3
309 1 2 5 2 9 6 5 5 7 9
334 7 7 2 8 1 8 1 7 4 7
376 9 8 4 1 7 6 8 8 1 7
15
260 4 8 6 4 4 1 6 1 9 4
327 7 4 8 5 2 8 6 2 4 7
280 8 2 9 8 3 3 5 3 3 5
318 8 5 7 7 6 1 5 7 6 5
299 9 3 3 3 2 6 1 6 3 9
345 4 8 6 3 9 2 7 7 7 6
272 3 8 2 5 4 5 5 9 4 2
321 4 7 8 1 9 8 4 4 2 2
260 6 3 3 7 6 1 9 3 7 4
372 4 8 7 4 9 8 5 6 6 3
367 6 8 7 8 2 7 8 5 6 8
270 9 2 5 1 2 8 2 5 3 4
216 7 2 4 3 4 2 2 1 9 4
225 4 2 3 9 3 6 1 2 4 1
322 1 9 5 9 7 2 9 9 4 4
15
276 5 3 5 6 2 3 4 6 9 9
298 5 2 3 8 8 3 4 4 2 9
307 1 1 7 7 7 8 2 4 7 6
304 5 4 8 5 4 5 6 5 3 6
264 4 4 3 6 5 1 4 5 9 7
236 3 5 8 4 5 1 2 8 4 1
244 3 5 3 2 6 6 5 4 7 1
318 4 8 5 8 4 4 8 7 4 4
401 1 9 5 4 8 9 9 6 8 8
411 8 6 8 3 7 8 9 8 5 6
329 6 6 8 2 2 7 7 8 3 8
242 5 7 3 1 4 6 1 7 1 1
409 8 9 8 7 4 6 6 5 9 8
291 6 3 2 3 6 7 3 7 3 3
379 9 8 5 7 4 9 4 6 3 5
15
276 3 1 1 8 4 5 6 9 6 8
372 8 9 9 3 1 6 6 8 3 9
236 3 1 2 7 5 7 3 2 2 5
251 9 1 8 6 4 3 7 5 4 1
313 4 7 3 4 6 9 2 9 3 1
223 5 2 9 9 1 5 2 6 3 1
270 3 1 7 1 6 6 2 6 4 7
401 9 8 4 5 4 8 4 8 4 7
310 7 7 1 1 7 1 2 8 6 6
309 5 6 7 8 5 4 6 6 4 4
219 1 2 3 6 2 6 8 4 7 4
367 7 6 7 9 4 5 6 5 8 9
356 7 3 7 6 4 9 5 9 9 6
254 1 5 6 9 7 2 7 9 3 1
387 9 9 1 1 6 7 9 9 5 6
15
276 8 9 5 3 4 3 6 3 4 1
288 7 3 4 7 6 1 4 7 3 7
306 8 4 5 4 7 2 1 8 3 7
342 8 8 3 3 3 6 5 6 1 7
328 6 2 7 8 8 4 7 8 6 3
296 2 6 5 1 9 9 6 7 2 1
275 6 6 2 3 3 6 4 9 1 4
346 1 6 5 9 3 8 4 7 8 8
359 4 9 8 8 4 8 1 5 7 4
398 9 7 5 5 8 9 2 1 3 7
288 5 7 3 4 8 2 5 9 8 1
408 8 7 5 3 9 2 7 7 8 9
217 6 2 6 6 2 4 5 7 2 1
322 1 4 1 4 8 7 8 9 7 9
347 2 6 5 5 9 6 5 6 6 8
15
352 8 9 8 4 3 9 1 8 3 2
307 1 8 2 5 6 6 4 1 2 7
367 3 9 6 2 4 6 9 9 8 9
282 4 4 2 4 8 3 9 5 3 4
261 1 8 9 3 2 6 1 7 1 2
308 9 9 1 5 1 6 9 9 2 1
281 4 7 4 6 4 2 3 5 4 8
307 3 3 6 1 5 9 6 6 4 7
339 1 7 8 9 3 6 8 9 3 6
353 5 8 8 1 5 4 5 6 9 9
199 1 7 2 8 2 5 5 1 3 1
391 7 9 4 3 7 8 2 2 5 8
344 5 5 1 4 6 7 9 8 5 7
282 7 9 2 6 5 3 4 1 9 1
366 3 7 5 6 6 7 6 1 9 9
15
394 8 8 3 1 8 7 5 3 6 8
317 1 9 8 1 9 4 6 3 5 4
293 9 4 8 1 8 1 4 9 3 3
317 5 9 3 5 4 4 4 3 4 6
214 2 1 5 8 1 1 5 7 8 9
349 9 2 4 8 2 9 9 4 8 6
262 3 5 2 2 5 8 7 9 3 1
186 3 2 5 7 1 3 2 1 4 4
305 3 9 9 5 7 5 2 2 5 1
321 5 4 7 9 9 3 1 8 8 1
259 6 5 3 9 6 1 8 8 2 1
272 1 7 3 4 5 3 9 5 7 4
307 9 3 1 5 4 4 3 5 9 7
253 4 8 1 2 2 1 5 3 8 9
196 1 1 7 4 1 4 1 7 5 5
15
241 5 2 3 4 5 2 2 8 8 5
298 4 4 9 7 4 5 3 9 9 4
296 5 5 8 3 4 8 2 6 6 2
301 1 9 2 6 3 9 4 4 6 3
345 8 1 9 9 3 8 1 6 5 7
261 3 2 3 6 8 2 6 5 9 4
285 5 4 8 3 8 5 9 1 5 2
252 2 2 9 7 9 4 1 5 4 1
245 4 2 9 1 6 1 8 6 5 6
251 4 7 9 4 2 2 5 9 7 2
325 7 3 3 7 7 4 5 9 7 6
280 9 4 1 4 1 5 7 3 8 7
306 6 9 9 4 1 9 2 5 6 1
305 5 8 5 1 2 9 3 9 3 4
319 3 6 7 3 6 7 9 1 1 8
15
319 5 8 5 8 2 5 8 6 2 7
283 6 1 4 3 5 5 4 8 8 5
338 4 6 3 9 9 3 3 8 5 6
368 2 9 2 8 5 6 7 8 1 9
288 1 4 7 3 7 6 9 6 5 4
282 2 7 2 9 2 3 3 4 2 9
292 3 8 5 5 1 4 1 5 8 9
228 4 5 4 3 1 5 7 6 7 3
285 4 5 7 6 8 2 7 5 3 2
356 1 6 7 2 9 6 5 6 6 8
322 6 5 1 7 6 1 7 3 8 9
232 8 3 3 1 2 7 9 4 1 2
329 3 8 1 4 8 6 5 5 9 5
390 6 4 8 8 9 9 4 6 2 7
258 9 5 4 4 1 1 5 2 1 7
15
241 6 1 1 8 2 5 5 4 4 4
345 8 5 1 9 3 7 9 2 5 7
370 7 8 5 7 4 9 9 3 5 3
273 5 5 1 2 4 9 8 7 4 1
267 7 2 3 8 2 1 2 6 9 8
197 3 1 3 4 4 1 8 1 2 8
280 4 6 3 7 2 1 6 6 8 8
355 5 9 5 6 5 7 3 2 3 8
331 8 2 9 4 7 7 2 8 5 4
271 7 8 6 1 4 2 5 8 5 2
253 6 7 9 7 1 1 4 5 2 1
298 8 4 5 1 3 5 2 6 3 9
275 4 6 1 2 1 5 4 8 6 8
299 6 3 5 3 7 7 7 5 9 2
313 7 5 1 1 7 9 5 6 1 2
15
302 7 2 3 6 9 1 7 3 8 6
425 9 9 5 9 8 5 9 5 8 4
331 9 5 5 4 8 2 5 1 4 8
425 9 7 9 9 6 9 7 3 1 7
244 1 5 1 6 5 5 9 2 5 2
250 2 1 4 4 6 5 2 2 8 6
360 6 8 2 8 6 6 3 5 3 6
250 7 1 2 8 1 2 7 5 8 9
332 9 7 6 4 1 3 4 5 9 7
270 3 3 5 1 2 9 2 8 2 7
355 6 8 2 9 3 4 8 7 7 9
333 3 9 4 7 7 7 4 6 2 2
320 4 1 4 2 6 7 8 8 5 9
326 7 1 9 7 3 3 9 9 8 8
344 4 8 5 9 8 4 6 9 2 1
15
282 1 4 5 4 3 7 9 8 9 4
250 4 2 5 2 5 5 7 8 2 3
384 8 8 5 5 2 5 8 7 7 9
309 4 4 7 3 2 9 4 2 5 9
286 7 6 2 3 2 6 6 9 6 2
280 4 3 3 7 2 8 8 8 5 4
301 6 7 2 6 4 1 4 9 6 7
384 7 8 7 7 6 9 9 6 6 3
263 5 1 2 4 7 8 2 5 5 2
252 5 1 2 5 5 4 1 1 8 7
372 3 9 6 4 9 6 6 7 2 7
403 3 6 8 9 8 8 1 9 9 8
269 9 2 8 7 1 3 5 4 8 5
314 7 4 1 6 6 9 3 4 8 4
318 6 4 6 2 8 9 2 6 8 2
15
345 2 8 9 1 4 8 9 6 8 6
237 6 2 9 3 6 2 5 1 5 3
346 9 9 3 4 1 8 4 4 3 5
315 6 3 8 7 9 2 8 4 9 1
229 5 2 1 1 5 6 2 5 3 5
236 3 1 7 1 6 4 4 6 5 4
298 4 9 1 5 2 9 5 5 7 2
355 5 9 5 7 8 7 7 2 2 3
268 1 7 7 7 7 1 2 3 2 6
313 8 2 5 9 8 3 3 2 5 5
273 8 2 3 8 2 2 2 9 7 6
298 5 2 2 5 9 1 7 6 1 8
261 4 2 3 6 6 6 6 4 4 5
299 4 9 5 2 9 2 9 7 5 1
285 1 5 4 8 9 6 6 3 1 3
15
358 1 8 8 6 9 6 9 8 2 4
274 8 2 9 9 1 5 4 9 3 2
325 8 4 6 1 9 2 2 3 8 7
326 7 2 2 2 5 8 4 9 9 7
274 5 2 8 1 7 1 5 8 6 7
266 7 4 5 1 1 8 4 3 1 5
386 7 4 2 5 9 8 5 8 7 9
338 4 1 7 4 7 9 7 8 7 6
212 1 5 3 6 2 4 3 3 1 6
328 8 4 5 6 3 1 8 7 6 9
247 5 1 6 5 1 9 9 2 7 1
190 2 6 3 3 1 1 4 4 7 4
328 9 5 4 7 5 6 9 3 7 4
312 4 9 9 7 2 4 8 4 6 5
223 2 6 7 8 2 1 8 7 8 1
15
308 8 8 7 8 1 4 3 9 2 2
344 5 8 7 5 1 8 6 7 2 7
336 5 6 6 1 7 7 2 8 4 7
300 2 5 7 9 1 7 6 9 1 5
261 3 7 5 3 2 4 9 8 9 2
289 1 6 9 8 6 5 9 4 5 2
350 9 3 9 9 2 9 9 6 1 5
302 8 6 5 5 8 3 8 1 3 1
272 9 8 4 1 5 3 2 2 2 2
266 3 8 6 6 6 3 4 2 6 1
402 1 9 5 2 8 9 8 6 7 9
366 9 6 8 3 3 8 6 4 7 8
313 8 7 5 5 3 3 2 7 4 6
346 9 9 4 6 4 5 1 1 3 6
170 1 1 2 7 1 2 7 3 6 6
15
284 6 4 8 7 6 2 8 5 8 1
271 1 1 6 4 2 9 5 4 2 9
301 7 1 4 1 8 7 2 7 6 5
236 3 1 6 8 1 5 1 3 8 6
216 1 2 1 3 1 8 1 2 4 7
312 9 1 6 2 3 7 8 8 5 7
210 4 2 9 2 3 1 8 4 6 5
336 6 9 2 4 5 2 6 8 1 7
272 1 8 6 2 3 2 8 2 8 7
249 5 3 3 3 4 8 2 1 8 4
309 3 9 4 6 5 1 4 2 8 8
331 9 5 9 7 4 7 6 1 9 1
345 5 2 2 7 8 7 3 8 6 8
303 5 2 3 9 8 9 1 5 6 2
283 4 5 6 8 1 6 1 5 1 9
15
316 6 1 1 6 9 5 2 7 2 9
348 9 5 4 2 7 8 9 4 3 5
288 2 8 6 3 2 8 5 1 3 5
297 3 2 6 8 6 5 1 4 8 8
379 5 6 1 6 6 7 6 8 5 9
317 7 6 5 6 5 6 1 3 1 6
229 2 3 1 4 5 4 1 8 3 7
255 4 1 1 9 3 9 9 9 2 1
250 4 2 1 4 8 4 4 4 4 5
253 4 1 6 5 6 5 8 8 6 2
421 6 8 6 9 8 9 4 9 4 4
362 8 1 3 7 7 8 7 8 5 6
233 1 4 7 2 3 4 3 4 3 8
311 5 6 2 5 8 8 2 2 2 3
325 8 4 7 3 9 5 7 3 4 3
15
296 1 4 6 5 7 5 4 2 4 9
348 9 5 6 4 7 6 4 6 8 4
324 9 3 5 5 4 4 7 3 5 9
265 4 1 3 2 6 5 7 7 9 5
327 8 5 1 3 3 5 2 6 9 9
277 4 7 2 5 4 4 5 9 8 2
355 7 9 1 2 8 7 5 8 4 1
231 9 3 1 6 2 1 7 2 5 3
378 7 9 6 8 6 3 5 8 1 6
266 2 9 8 8 1 7 1 7 2 1
285 1 4 7 2 5 9 4 8 5 4
288 7 5 6 2 8 2 1 7 8 3
243 1 5 5 1 1 8 7 5 6 3
284 7 5 6 6 5 2 8 4 6 3
257 2 4 2 7 1 9 6 3 7 6
15
226 7 1 6 2 7 1 3 2 7 2
416 9 5 4 9 9 8 2 7 1 6
334 1 9 6 7 4 7 3 7 7 7
386 7 4 4 8 8 8 9 8 7 5
308 6 2 6 6 9 8 2 1 8 3
265 2 3 7 2 7 4 3 5 5 4
305 5 7 5 5 4 8 4 4 4 1
338 7 2 8 1 9 1 4 8 9 9
376 8 5 8 5 3 9 3 7 4 7
291 2 3 9 3 6 8 9 8 2 3
214 4 1 3 5 7 3 2 2 8 2
193 2 3 1 1 3 6 2 8 1 1
208 5 5 4 5 3 1 2 1 5 3
262 7 5 1 9 2 5 6 1 6 2
328 1 4 5 7 9 8 8 7 1 5
15
303 8 3 2 5 7 5 4 5 5 4
237 4 7 5 7 3 1 1 4 3 4
312 3 3 7 7 6 4 2 8 9 8
315 1 5 8 5 8 3 9 4 3 9
231 1 1 6 1 4 7 4 3 7 6
243 2 8 7 7 3 3 5 3 2 2
309 2 9 8 8 7 3 2 7 3 3
235 4 7 6 6 4 1 3 4 1 3
327 7 9 3 5 5 5 8 8 3 1
350 9 9 4 6 3 3 3 9 5 6
220 4 1 7 6 3 2 8 9 4 1
276 4 2 9 7 4 4 9 8 8 1
269 6 5 5 1 8 5 8 3 1 1
275 3 7 7 7 5 5 1 9 2 1
310 8 4 3 5 2 6 5 3 9 7
15
331 3 9 8 5 2 7 7 1 8 8
327 2 7 4 9 8 3 8 5 5 5
232 2 1 5 3 6 4 8 8 2 3
395 5 8 2 8 8 9 6 5 3 6
187 4 1 4 1 3 5 3 3 9 3
382 5 8 6 6 7 5 4 7 3 8
375 7 4 6 4 8 9 3 7 7 6
246 1 8 1 6 2 6 7 7 5 2
360 7 8 2 6 6 9 3 6 8 1
297 8 5 6 7 6 5 7 1 2 2
317 3 7 3 9 5 5 2 3 7 6
315 4 5 8 7 5 6 6 2 9 4
304 8 8 9 7 2 1 2 4 6 5
229 4 2 5 8 4 3 7 6 4 2
387 3 7 5 3 7 8 5 5 8 9
15
404 9 8 5 8 7 5 1 8 7 5
279 1 8 5 5 2 7 2 5 5 5
155 2 1 1 4 2 4 4 9 2 2
296 8 4 2 6 6 4 8 1 1 6
234 2 8 1 4 3 2 1 5 7 3
306 4 8 9 5 2 2 2 7 5 8
231 4 1 4 3 3 4 8 6 7 6
231 3 5 2 5 5 3 1 5 9 3
317 8 9 4 8 7 4 2 1 2 2
348 4 3 6 8 9 9 8 5 9 2
237 2 1 9 1 4 6 7 9 7 2
345 5 6 6 9 7 7 2 7 2 4
342 9 1 9 2 8 9 1 3 2 6
349 7 8 8 1 2 7 8 8 6 5
266 7 4 5 9 1 4 9 6 8 2
15
359 9 6 9 4 7 3 1 8 7 4
304 1 8 5 4 4 9 5 5 9 2
371 9 8 1 6 5 7 3 2 4 9
377 7 8 7 5 7 3 8 8 6 5
274 5 2 4 3 1 8 7 9 5 7
326 3 5 8 3 4 9 7 6 7 6
302 7 5 2 6 9 5 5 1 4 3
250 9 5 3 5 4 2 7 5 4 1
381 7 7 9 3 8 8 1 5 4 6
251 1 3 4 8 9 1 9 2 8 2
328 6 2 5 9 5 3 6 8 9 9
241 4 1 1 1 9 6 4 5 9 2
329 7 1 3 6 7 8 2 4 5 6
190 3 2 2 9 1 4 7 8 7 1
346 3 7 5 4 7 1 6 9 7 9
15
340 6 6 8 2 3 9 1 7 1 6
357 5 6 6 9 6 2 8 7 7 8
333 2 8 6 5 9 9 1 4 3 3
270 4 6 6 8 7 3 5 1 8 1
293 4 7 3 1 5 6 1 3 7 7
269 2 3 9 7 5 2 3 8 3 7
245 3 2 3 9 2 1 6 5 7 9
278 6 3 1 3 2 7 6 3 9 9
296 4 4 3 6 5 8 1 4 6 6
244 5 4 7 2 5 3 5 5 4 2
266 6 6 2 6 2 4 1 2 2 6
284 7 5 6 7 3 8 1 4 2 2
349 2 9 8 2 8 7 1 4 4 6
349 9 4 3 6 1 8 3 9 1 9
135 3 2 1 1 2 1 2 4 7 3
15
260 7 5 6 9 1 5 5 2 3 1
269 5 3 4 7 3 4 3 8 1 7
299 3 4 9 7 6 2 9 9 1 7
364 8 3 9 4 1 8 5 9 5 9
299 4 5 1 6 7 5 5 6 7 4
239 1 4 9 7 4 4 1 8 4 2
272 1 9 2 8 1 1 2 5 7 8
286 1 6 7 9 6 2 8 3 3 6
281 9 4 1 9 1 9 5 3 1 1
263 2 1 1 8 3 6 2 9 6 7
377 4 9 8 2 9 2 7 6 1 9
275 8 2 2 1 1 8 8 5 1 8
341 7 5 8 4 7 8 3 7 3 2
249 2 5 1 4 7 4 2 6 2 5
277 8 2 3 7 2 9 1 6 5 1
15
377 5 9 2 3 7 7 9 9 4 7
305 6 1 7 7 5 4 7 5 7 8
265 3 2 1 2 6 4 8 3 4 8
301 6 1 4 3 8 6 3 6 6 5
300 9 8 2 3 6 1 7 8 5 1
261 9 2 3 2 7 6 3 4 1 1
253 1 6 6 8 3 1 5 1 7 9
304 2 5 9 6 9 2 8 3 5 4
396 5 7 8 8 4 9 8 9 1 6
317 1 7 5 8 1 8 2 8 1 9
256 7 5 2 1 7 3 5 7 3 2
255 8 1 9 1 1 3 4 7 8 5
183 4 1 6 1 2 2 9 2 2 6
305 1 9 2 6 9 5 6 4 7 3
356 8 6 9 1 7 9 1 2 4 5
15
398 5 8 3 7 8 8 6 9 9 5
193 4 1 8 1 1 3 6 1 8 3
307 9 6 5 2 2 3 6 1 9 9
275 2 7 7 2 2 5 1 3 7 9
303 9 6 1 6 8 1 5 6 3 4
286 6 6 7 3 4 6 2 3 5 3
345 2 8 2 4 6 6 8 8 4 9
365 8 3 5 1 8 9 1 4 7 9
217 3 2 7 2 8 1 5 5 2 3
279 1 6 4 8 9 3 7 5 1 2
222 3 6 5 1 2 4 1 7 1 3
348 7 7 5 9 6 7 7 7 4 1
365 6 9 4 3 4 8 1 4 4 8
217 2 1 2 7 3 8 2 5 3 3
282 7 3 4 5 4 5 6 6 3 3
15
236 3 1 1 6 2 6 7 1 4 9
269 9 1 6 8 1 7 4 7 6 3
309 5 5 8 5 3 7 2 3 6 5
279 4 2 1 1 7 7 1 3 5 9
284 4 3 6 5 2 6 8 5 1 8
294 8 6 8 1 5 1 3 3 4 5
276 8 2 8 2 9 3 2 5 1 3
355 8 2 1 1 6 8 5 7 9 9
184 1 2 6 2 4 5 2 7 6 1
252 6 1 2 1 3 7 7 2 5 8
303 4 2 6 6 6 8 2 9 4 3
331 7 4 1 1 6 7 4 9 9 5
294 7 9 5 4 4 1 2 5 8 2
340 2 6 6 8 8 7 9 5 6 3
243 2 1 7 5 5 5 9 9 3 4
15
299 6 4 4 7 9 2 6 1 5 6
278 6 8 1 5 1 5 1 3 1 6
291 4 6 1 4 6 2 3 8 5 9
256 3 8 5 4 1 6 1 9 4 2
263 5 6 2 1 7 6 4 2 7 1
298 3 9 5 4 4 1 4 3 7 9
237 5 3 7 9 2 3 3 7 5 1
260 9 1 1 4 2 5 1 2 9 7
303 5 7 2 8 6 4 6 1 1 6
260 4 7 3 4 1 2 1 6 8 9
175 1 6 1 1 3 2 4 4 1 4
239 2 5 6 2 9 4 5 1 5 1
305 7 8 7 7 6 1 1 2 1 6
314 6 9 3 1 1 4 3 3 8 9
346 3 8 8 9 8 5 7 2 5 2
15
283 5 2 4 3 4 4 8 5 8 9
339 2 6 4 6 9 4 7 5 9 5
283 1 4 5 5 9 5 8 3 1 4
239 1 4 6 8 7 2 3 2 7 1
284 5 7 4 1 6 5 6 8 1 3
338 1 9 8 2 5 8 6 5 6 5
243 2 1 3 2 2 6 2 6 5 9
330 6 6 4 2 7 6 3 8 7 5
317 4 8 4 4 5 7 6 8 4 1
301 8 4 1 2 9 6 2 4 4 4
209 1 5 9 1 3 4 1 2 2 4
300 5 2 9 5 6 8 9 5 1 3
301 6 2 8 5 9 4 1 2 5 6
277 5 7 7 2 2 2 3 3 1 9
265 4 9 1 1 5 3 7 1 6 4
15
241 1 7 5 4 3 2 4 5 1 6
307 5 9 6 2 7 3 8 1 8 2
220 1 2 3 3 6 1 4 8 3 7
261 7 3 1 5 7 1 6 1 7 5
211 8 2 3 2 1 5 1 5 7 1
222 4 3 7 3 2 3 9 4 4 4
316 2 6 7 3 5 8 6 6 4 4
353 7 5 5 9 5 8 8 8 8 1
277 3 3 7 9 6 2 2 5 8 7
235 3 2 8 8 1 5 7 9 3 2
297 9 5 6 4 2 3 6 1 8 7
361 7 3 2 6 7 7 8 8 3 7
251 4 5 7 5 5 2 4 2 9 1
288 3 6 9 9 5 5 3 9 3 1
316 9 1 5 8 2 8 7 5 1 6
15
299 9 3 1 3 9 2 2 9 9 2
390 8 5 4 9 8 5 8 7 6 8
340 9 9 2 3 5 4 1 4 5 8
294 1 8 3 9 6 2 6 6 9 3
292 2 3 4 5 3 9 8 8 6 5
286 2 2 3 6 7 9 1 1 1 9
335 6 8 9 3 1 9 8 7 3 5
357 6 8 8 1 7 5 2 3 9 8
391 9 8 6 6 5 4 9 3 8 7
291 5 6 1 5 2 7 5 2 4 9
330 2 9 3 2 8 6 5 6 3 7
263 1 5 7 3 6 7 6 9 3 1
379 9 9 2 1 4 9 9 9 1 7
286 4 1 5 2 7 7 4 6 7 4
322 7 3 3 4 3 8 1 8 3 8
15
256 4 7 4 7 4 2 4 6 4 1
367 6 8 6 1 7 5 3 3 7 9
288 6 4 3 1 1 8 2 9 1 8
371 5 9 1 4 5 6 8 4 8 8
279 1 7 8 3 3 5 6 6 8 5
364 9 8 3 3 7 2 9 3 9 8
170 1 1 3 5 1 2 1 6 1 8
291 4 5 7 8 5 5 8 1 3 5
241 2 6 7 5 2 2 2 3 7 7
384 9 9 8 3 6 5 7 3 9 6
307 6 2 5 4 9 8 6 1 6 1
277 4 8 9 1 2 2 3 8 8 6
281 5 3 7 1 7 1 2 8 8 7
184 3 4 4 3 1 5 3 3 3 1
435 8 7 9 9 9 1 8 6 9 9
15
310 8 5 8 6 2 5 6 6 7 4
310 5 2 5 2 3 9 7 6 7 9
306 1 3 5 5 9 5 4 7 9 5
278 1 5 5 7 3 9 9 7 7 1
367 9 6 6 7 6 9 3 1 7 4
244 3 3 7 8 6 3 2 6 4 3
360 3 7 9 3 5 9 4 9 9 6
308 9 4 2 3 9 2 2 2 6 5
370 7 9 5 1 8 8 3 2 1 6
284 2 4 8 1 5 5 8 9 1 8
323 3 1 5 7 9 7 8 3 2 7
181 5 3 4 4 1 2 1 4 7 3
193 7 3 3 1 1 1 5 1 5 6
333 7 6 1 2 7 3 5 7 1 8
358 9 6 8 4 4 7 7 7 2 6
15
379 6 4 1 3 7 9 9 9 3 9
370 6 7 7 4 9 9 2 3 6 2
385 6 7 9 7 5 6 7 6 3 8
323 5 8 3 9 2 8 1 9 9 2
311 1 7 9 6 4 9 3 9 2 1
255 3 4 5 3 5 3 5 1 5 7
391 6 5 6 9 8 8 2 9 3 6
410 5 7 6 4 9 8 8 9 9 7
319 7 5 4 7 6 8 2 9 4 1
286 2 4 9 3 7 6 7 2 4 5
275 4 1 1 4 7 6 9 2 8 6
228 2 6 1 4 3 5 1 1 4 4
411 7 9 6 8 7 6 8 6 5 7
281 4 7 6 1 7 6 4 8 2 1
279 6 5 6 5 2 6 3 6 5 3
15
271 8 2 4 8 2 2 2 6 8 8
357 8 6 5 1 8 5 8 4 3 6
346 1 3 8 2 8 9 1 9 8 9
373 3 8 8 8 8 9 3 7 3 1
343 3 9 1 6 9 7 2 3 5 6
312 8 9 3 1 1 7 3 6 5 6
335 5 8 1 7 8 8 4 4 5 3
302 9 3 7 7 5 3 4 8 1 5
234 6 8 3 2 2 2 3 2 6 1
337 6 6 5 5 9 7 1 2 7 2
299 6 6 3 8 4 2 4 3 3 8
305 3 3 1 5 7 8 2 8 7 5
153 5 2 4 2 1 2 1 4 7 1
276 5 8 9 1 3 4 4 2 6 2
309 5 4 8 5 9 5 5 4 4 2
15
269 7 3 3 3 7 2 2 7 1 4
296 7 6 9 2 1 3 4 1 7 9
314 6 1 9 8 7 1 4 9 4 6
237 4 1 9 2 3 2 2 7 1 7
248 4 4 9 6 2 6 2 4 4 3
296 9 7 3 6 4 2 1 7 3 4
323 4 3 6 1 9 8 3 8 6 5
301 9 7 3 5 1 3 6 1 9 8
265 5 5 3 7 1 9 6 3 1 4
184 2 1 1 8 1 1 7 1 1 9
270 3 2 2 3 3 9 8 3 4 7
284 4 1 1 9 2 8 6 4 2 8
369 8 4 2 9 8 7 2 8 6 5
337 4 7 2 8 6 3 9 4 6 8
322 6 3 9 9 5 3 7 3 9 6
15
149 1 1 4 8 1 1 2 6 3 3
277 3 3 1 6 6 5 8 7 7 6
240 8 4 8 2 1 4 4 9 2 1
235 1 2 5 5 7 2 1 7 8 6
307 3 3 9 9 3 4 9 5 9 9
329 1 9 9 6 2 9 8 9 8 1
298 3 8 5 8 8 1 6 8 4 2
300 2 5 1 8 6 4 7 6 9 7
245 4 2 4 7 2 1 8 3 7 9
378 9 9 7 2 8 2 9 4 4 7
277 3 6 2 6 2 6 8 4 6 5
179 3 2 8 6 2 1 2 3 8 1
301 7 7 2 5 1 9 5 2 9 3
308 7 7 5 5 7 3 2 9 6 1
208 6 1 3 2 1 5 7 1 8 5
15
317 7 4 6 4 7 4 1 9 5 3
282 6 5 5 7 8 4 2 2 2 1
209 3 1 8 6 2 4 4 1 6 4
373 9 5 3 1 7 6 5 7 2 9
296 4 2 8 2 9 3 2 7 5 8
231 6 3 3 6 1 9 4 1 4 2
339 9 5 5 7 6 4 1 9 3 3
352 3 8 7 6 4 8 1 5 8 6
281 6 3 1 4 2 8 3 1 8 8
212 1 1 4 4 6 1 4 5 9 6
409 6 8 8 7 5 9 2 7 1 8
378 7 8 4 7 6 7 4 5 2 7
301 4 4 5 8 1 8 8 2 5 6
337 7 3 7 9 2 9 5 5 9 6
281 2 8 8 1 6 3 7 1 9 2
15
199 1 2 6 1 4 5 1 3 7 3
354 6 6 8 4 5 7 4 8 3 7
206 6 5 5 3 3 1 2 4 3 2
344 9 3 9 9 1 5 3 8 2 8
317 9 4 8 8 5 6 6 1 4 3
247 1 1 9 9 2 6 6 1 4 7
346 6 4 8 4 6 5 3 5 5 8
301 9 9 7 4 1 4 4 4 5 4
249 3 7 1 2 6 2 6 9 2 3
292 6 2 3 9 1 7 8 1 8 7
345 3 9 7 1 4 5 8 9 1 9
299 9 6 8 1 1 4 1 6 8 5
296 7 2 9 2 2 8 9 6 8 3
392 8 8 3 6 5 9 4 3 9 5
270 3 8 4 7 3 3 1 8 5 2
15
266 5 6 3 7 6 1 5 1 8 3
357 6 2 8 9 9 9 5 8 6 2
300 1 9 4 6 9 1 1 1 5 5
337 2 9 8 3 5 9 2 4 1 7
262 1 8 1 1 7 5 4 4 4 3
331 5 7 3 3 6 4 1 9 2 8
311 7 2 9 1 5 9 1 9 1 3
365 9 6 2 2 7 8 1 3 8 7
366 6 8 9 5 8 2 7 1 5 9
328 6 3 9 8 6 5 4 1 2 9
226 1 5 2 3 5 4 5 1 4 6
250 5 8 5 8 1 2 4 1 1 3
318 7 6 6 4 5 8 1 8 2 3
290 1 5 5 6 8 5 3 1 2 5
315 9 9 2 1 6 5 2 2 4 4
15
292 7 6 1 9 6 4 5 7 3 2
302 9 1 4 9 2 6 6 8 3 5
229 3 5 5 6 4 2 1 1 4 4
327 6 8 4 2 6 1 7 2 2 9
323 8 7 7 9 7 3 3 2 3 1
265 8 2 3 4 7 7 1 1 1 2
282 6 8 1 4 6 2 9 6 4 2
283 9 5 8 1 5 2 4 5 9 2
260 3 2 5 6 3 5 5 3 9 8
240 7 1 5 1 8 2 4 8 2 2
344 4 9 9 8 5 6 1 4 1 6
281 1 2 4 3 5 8 2 3 2 9
222 5 2 6 5 7 1 2 2 5 2
399 9 6 9 5 9 7 8 9 7 1
319 4 9 6 3 6 3 5 6 5 6
15
302 5 7 7 6 8 1 7 4 3 3
234 1 1 7 6 7 1 3 7 2 6
300 5 7 3 1 9 5 8 5 4 2
208 3 3 8 5 2 2 3 9 2 2
450 8 5 4 7 9 9 9 6 6 9
359 9 3 4 7 6 7 1 4 9 7
338 9 4 9 2 4 8 6 6 7 2
381 6 7 4 9 4 9 6 5 2 7
275 1 8 2 5 1 5 7 3 9 9
358 8 4 5 2 8 9 6 8 7 2
385 9 3 9 9 6 7 4 9 2 6
349 8 9 1 4 4 3 4 7 6 8
289 1 6 9 1 7 3 4 7 8 4
278 1 3 3 9 8 1 6 2 6 7
283 7 1 2 6 6 4 7 8 1 4
15
328 4 4 7 6 3 7 9 7 9 6
234 3 5 5 2 1 6 2 9 2 2
372 8 7 5 9 6 8 1 4 3 5
331 9 9 1 1 2 2 9 5 7 8
248 1 1 3 3 3 8 7 4 3 8
314 2 8 1 4 8 3 1 7 9 7
323 4 1 7 5 6 7 2 8 9 7
296 6 5 9 7 1 8 3 5 7 1
242 1 7 1 1 4 4 4 7 8 6
250 3 4 7 2 1 8 3 7 5 4
205 1 6 5 9 1 1 6 3 7 2
232 5 3 3 7 3 5 2 1 3 4
366 9 9 8 7 9 2 4 4 1 3
278 9 1 1 5 2 8 3 4 8 4
300 2 2 7 6 3 5 1 9 9 9
15
269 6 3 2 8 3 9 8 1 6 1
290 3 1 1 3 7 8 8 7 3 7
278 3 6 8 5 1 6 5 2 4 6
286 2 2 3 9 7 7 1 4 5 5
342 4 7 1 8 9 4 3 1 9 6
399 8 6 9 5 6 8 5 9 3 7
346 6 2 2 7 9 9 9 7 1 4
283 5 7 2 8 3 4 7 6 9 3
293 3 6 8 4 3 8 3 3 5 5
344 3 7 4 8 6 8 9 5 8 4
322 1 8 1 5 9 5 7 1 6 5
278 8 4 3 1 6 1 7 6 8 5
334 1 9 8 7 3 4 8 7 6 7
245 2 2 3 5 9 2 7 2 5 6
312 5 3 6 1 9 5 1 1 3 8
15
336 8 7 2 1 6 3 1 7 6 9
390 9 9 9 8 8 4 9 2 8 1
294 1 7 9 8 4 5 5 6 3 4
355 5 9 7 5 7 1 6 6 9 6
379 4 9 6 6 8 5 6 7 1 6
224 1 2 9 5 2 3 9 5 9 6
299 3 5 2 2 9 5 7 2 3 7
321 5 6 3 8 3 4 5 1 5 9
305 8 2 6 1 4 5 6 4 4 9
294 2 5 5 2 4 4 9 4 5 9
270 4 4 4 4 5 7 3 7 8 1
355 4 8 8 5 4 9 1 7 6 6
373 5 5 8 2 8 7 6 8 8 6
313 9 9 7 7 1 7 3 1 9 1
267 4 7 6 9 6 1 7 7 2 1
15
324 7 1 6 2 8 5 6 8 7 7
311 7 7 5 8 2 1 4 3 2 8
351 8 1 7 6 7 7 7 6 9 4
358 4 8 8 6 8 5 9 7 7 4
324 9 3 5 5 3 5 6 7 6 7
263 2 7 2 3 5 2 7 6 2 8
400 7 3 6 4 9 9 1 7 5 8
334 7 7 5 6 5 8 9 4 1 3
264 7 3 3 8 3 6 3 8 5 1
257 2 2 8 8 8 2 2 2 9 5
223 6 7 5 1 1 4 3 7 1 1
328 5 6 3 8 6 4 6 2 5 6
347 5 8 1 2 8 9 4 6 4 3
266 1 2 5 2 8 6 1 2 2 9
217 7 1 1 2 5 1 7 2 4 5
15
214 2 3 6 2 4 4 4 6 4 2
212 2 3 8 3 2 3 8 2 1 7
233 8 2 2 5 3 5 9 1 5 1
313 2 7 7 8 5 4 7 8 8 3
276 6 1 9 2 2 9 2 8 6 5
307 4 5 4 1 9 4 2 2 5 8
351 7 8 4 8 8 2 4 6 7 4
276 5 4 9 9 3 1 4 5 9 6
333 2 5 4 8 8 8 8 9 6 4
311 4 9 5 2 7 3 1 7 5 5
321 2 4 7 9 8 6 1 1 4 6
354 9 6 4 5 5 8 3 4 5 6
387 8 3 5 3 9 9 8 9 5 6
293 1 9 7 8 4 4 8 5 9 3
387 3 6 3 9 8 8 2 7 7 9
15
310 8 8 3 4 4 2 6 5 9 5
276 2 3 2 8 4 9 4 8 6 4
379 2 9 8 9 8 9 3 7 7 1
300 3 1 6 7 4 9 1 8 9 7
384 7 7 6 7 5 9 1 1 7 8
212 5 4 6 9 2 1 6 3 8 1
262 8 2 5 2 4 1 4 7 3 9
301 7 9 3 1 2 7 9 1 8 4
237 1 3 3 9 2 7 3 4 9 2
265 1 4 6 1 4 7 1 8 3 5
286 3 2 5 6 8 7 8 1 3 4
316 5 3 3 3 9 1 2 8 4 9
299 8 4 4 2 1 7 1 5 8 8
338 3 8 5 9 3 6 2 6 9 8
335 2 3 5 4 8 8 8 7 9 8
15
255 1 2 4 5 5 3 7 4 8 7
303 9 5 6 1 6 1 5 4 8 4
257 3 3 6 2 6 6 7 3 3 4
401 3 7 6 9 7 9 8 2 7 8
310 6 1 9 3 4 8 4 8 2 8
325 5 8 5 6 6 1 6 7 4 6
154 1 1 1 3 4 2 2 6 2 3
322 8 5 3 4 4 9 3 6 5 5
336 2 6 8 2 5 9 2 6 6 9
354 8 3 4 1 6 6 9 7 7 9
289 5 1 5 4 8 5 7 9 1 3
370 9 9 6 6 8 5 2 3 1 5
294 8 7 3 6 1 7 1 1 2 7
298 5 7 1 9 4 2 5 5 1 8
312 2 3 1 5 8 9 5 7 8 4
15
322 2 8 8 7 9 5 6 1 5 2
281 5 1 4 5 3 7 4 4 6 9
347 8 5 2 6 5 4 1 5 6 9
440 2 9 8 9 9 9 6 3 4 8
230 2 5 2 5 3 4 7 9 8 3
252 2 6 9 3 2 3 7 7 5 4
368 8 5 1 6 8 5 5 5 8 9
273 1 7 5 8 2 2 3 9 9 8
361 8 9 3 9 6 4 5 5 6 5
359 8 5 7 2 9 8 3 7 9 2
364 7 6 7 6 8 7 4 9 7 2
283 5 2 2 4 4 6 1 7 2 8
329 6 8 7 3 3 7 7 7 8 1
337 5 6 6 7 6 1 6 5 7 8
288 5 2 7 1 9 1 6 1 6 7
15
311 3 7 8 8 9 2 1 1 5 3
324 7 3 5 8 7 2 2 2 3 9
355 6 8 3 5 4 6 2 7 1 8
306 9 6 6 9 4 5 5 6 1 1
403 8 7 7 3 7 8 9 5 5 6
418 9 8 7 1 9 8 7 4 2 6
320 3 4 4 1 8 4 8 8 7 8
301 1 9 5 5 3 8 6 4 5 4
237 4 1 4 4 8 3 6 6 9 2
326 2 9 9 6 3 3 6 2 7 9
215 4 2 4 2 6 4 3 8 7 1
263 4 1 2 3 7 6 1 5 2 6
238 4 6 3 8 1 3 8 8 9 2
238 3 1 9 5 1 5 8 5 4 7
398 8 5 8 5 8 6 8 3 1 8
15
369 4 9 9 3 7 4 5 8 3 6
243 6 1 8 4 3 3 2 6 3 4
344 3 1 6 4 8 8 8 5 9 9
278 8 7 5 7 2 2 6 1 5 3
306 7 7 1 4 9 4 1 1 7 2
225 1 1 1 2 2 9 8 5 2 8
425 9 9 2 2 9 9 8 9 1 7
275 1 3 1 3 6 9 7 6 5 4
310 1 6 2 7 7 9 7 1 1 5
283 7 8 5 4 3 3 4 2 7 4
234 7 1 7 1 2 7 4 8 1 2
315 5 3 5 9 6 7 7 5 7 4
286 8 9 3 3 4 3 4 5 8 1
310 3 7 2 6 4 6 2 5 4 7
252 2 4 5 9 6 3 4 9 7 1
15
305 7 2 2 4 8 3 6 7 5 6
368 9 6 8 6 4 7 5 2 5 6
407 9 8 5 7 2 8 7 9 3 8
325 8 3 7 5 2 4 4 8 3 9
277 3 8 1 7 9 2 3 1 5 4
329 7 2 9 7 5 5 9 3 7 6
361 7 5 5 9 3 9 8 4 7 7
239 4 4 4 4 7 1 5 3 6 3
315 4 3 7 5 6 3 6 7 9 7
342 2 9 8 4 4 9 8 6 6 5
325 5 9 8 4 4 5 5 1 4 4
303 8 2 7 5 8 2 9 9 6 2
349 5 9 6 5 6 8 6 2 2 4
218 7 4 1 1 1 7 5 3 2 2
283 1 3 2 7 9 9 5 1 4 4
15
366 5 9 7 4 1 9 2 8 1 8
330 7 8 4 8 3 7 1 2 5 3
276 2 1 6 2 8 9 2 9 3 2
255 7 7 8 1 4 1 5 3 6 2
288 6 5 8 2 5 1 7 5 6 4
263 3 3 7 2 6 6 4 5 5 4
304 1 9 7 7 7 2 1 5 6 6
246 1 7 8 5 1 5 7 3 8 1
251 3 5 7 2 5 2 2 3 3 7
295 6 9 3 1 1 3 5 3 7 7
210 3 2 3 6 3 5 2 5 6 2
334 8 6 1 6 9 1 7 5 5 4
332 4 8 2 6 7 3 5 8 9 7
290 3 4 1 4 1 9 8 4 1 9
323 4 8 7 1 6 3 6 2 4 8
15
357 8 8 5 3 3 6 4 5 4 9
355 8 9 5 4 9 3 4 2 4 5
250 2 3 2 5 1 8 8 3 2 7
322 2 7 9 5 8 3 6 9 7 4
237 4 9 1 4 4 1 7 2 6 2
315 6 5 4 3 9 1 1 4 6 9
293 4 7 8 6 1 2 8 8 1 7
261 3 1 3 2 8 4 7 2 6 7
264 3 1 7 2 9 1 4 3 7 6
244 1 7 3 3 3 2 5 5 6 8
375 8 9 1 9 5 9 3 4 9 3
212 4 7 4 4 2 2 1 4 9 2
349 1 7 7 8 6 4 8 7 5 9
334 7 8 6 7 6 6 6 4 6 1
352 9 8 4 1 4 7 5 7 3 6
15
253 5 4 6 5 5 4 9 2 8 1
357 8 8 6 9 1 7 2 9 7 6
210 8 1 6 4 3 2 4 1 2 3
286 5 8 5 8 1 3 1 5 5 5
343 7 6 5 3 5 8 1 4 8 5
390 7 9 9 8 7 5 7 2 4 6
327 9 3 7 3 8 6 3 9 3 3
242 4 8 4 3 1 4 1 8 2 2
259 1 9 3 4 3 4 7 1 5 6
316 9 4 8 1 5 2 8 3 1 7
263 2 4 4 4 4 2 3 2 7 9
431 4 8 6 9 8 9 5 9 2 9
268 5 4 7 4 3 3 2 6 9 4
252 3 6 3 8 2 6 5 3 9 1
325 3 2 9 5 6 4 6 7 6 9
15
210 2 3 5 2 2 1 6 5 7 8
288 5 1 5 7 6 6 2 8 6 4
302 1 3 8 7 2 9 6 6 7 8
237 1 8 9 5 2 1 1 3 4 5
216 3 2 8 3 7 3 1 5 1 2
382 1 9 7 7 9 7 2 4 3 7
263 3 3 8 7 6 1 8 8 9 1
150 6 2 4 1 2 1 1 5 6 1
280 4 4 4 3 8 3 1 4 7 7
339 7 8 3 6 2 4 9 5 9 7
307 1 4 8 8 9 3 6 9 7 4
303 6 9 9 2 3 7 9 2 1 2
219 4 2 4 4 2 4 7 8 7 1
263 3 3 9 3 3 6 8 7 2 3
274 5 4 4 4 1 5 7 8 1 6
15
285 6 4 9 1 4 1 1 2 8 9
246 3 5 1 7 5 1 9 3 7 5
247 7 4 2 2 2 7 8 1 7 2
255 2 6 6 4 2 6 5 6 8 3
354 4 7 6 6 9 8 5 1 3 5
378 9 7 8 9 7 1 3 4 3 7
268 5 4 8 3 9 1 5 3 9 2
358 7 9 2 9 2 9 8 4 7 2
240 6 8 2 3 4 1 7 2 4 2
322 7 9 2 3 5 1 3 9 9 5
342 8 3 9 4 8 6 7 6 1 4
262 2 5 1 6 4 4 3 8 5 7
290 6 7 4 7 3 7 5 1 7 3
279 1 1 4 2 8 7 1 3 4 8
248 4 4 8 6 2 2 8 3 3 5
15
352 3 6 8 5 7 4 4 9 5 9
346 7 7 2 8 2 5 5 9 9 8
348 8 5 9 6 7 6 4 7 2 4
353 2 9 2 9 6 8 2 3 6 7
301 6 1 3 9 8 3 5 9 2 6
294 2 9 1 1 5 7 8 7 2 4
242 4 9 6 3 4 4 1 4 1 1
279 4 3 3 2 8 7 2 7 9 1
251 2 3 3 5 9 4 5 2 9 2
347 6 2 4 5 8 8 2 1 9 8
384 7 7 7 7 6 6 8 3 2 8
327 5 4 1 2 4 9 8 6 9 7
328 3 9 2 5 1 9 4 7 4 8
327 8 1 7 8 7 1 9 3 3 9
375 6 9 4 2 5 9 9 5 9 6
15
315 4 1 6 5 6 8 4 7 2 7
189 1 3 1 7 3 4 8 5 8 1
375 7 7 6 7 4 9 8 7 4 3
307 4 4 8 3 8 5 3 8 6 2
337 3 5 7 4 9 5 5 2 7 7
293 1 7 8 1 9 2 8 6 9 1
255 3 4 5 1 4 8 5 2 1 4
296 2 3 1 7 8 5 3 5 2 8
348 1 6 9 7 6 9 5 2 2 6
346 3 8 2 2 9 6 1 4 4 7
344 8 6 4 2 3 4 3 9 9 8
318 4 8 8 2 6 1 7 6 8 5
236 1 5 9 3 1 6 3 3 6 6
422 9 6 6 6 9 5 9 5 1 8
259 4 5 6 1 2 5 5 5 7 5
15
256 1 2 9 7 3 7 2 1 6 7
294 1 9 5 6 4 6 5 5 3 5
232 1 5 2 6 8 2 2 5 1 2
301 8 3 4 2 4 9 7 5 6 3
242 4 3 4 3 5 1 3 8 3 7
298 7 6 1 8 2 8 5 5 6 1
289 5 7 5 1 2 6 7 7 6 5
328 3 4 9 1 6 2 9 9 9 9
299 9 6 1 8 5 5 2 4 2 3
300 2 9 2 8 2 5 5 4 1 9
342 4 1 4 4 8 9 1 5 7 9
250 5 3 7 9 1 1 1 4 3 9
378 6 8 6 6 8 9 4 8 3 2
346 1 6 4 4 9 7 4 9 4 7
245 1 1 6 6 7 1 6 6 6 5
15
364 8 8 7 5 1 4 7 8 7 9
294 9 4 7 2 1 3 4 1 7 8
386 8 8 6 5 6 6 6 7 7 4
310 8 5 5 1 5 3 4 4 4 8
348 8 5 5 5 7 4 2 5 9 5
384 7 5 3 6 6 9 4 7 8 8
389 8 8 5 7 2 9 7 6 3 6
326 1 3 8 4 7 6 6 7 7 7
350 2 6 9 8 9 3 4 8 8 6
346 8 9 9 7 6 2 2 8 9 2
289 2 6 8 1 6 2 9 2 8 9
237 3 1 8 2 7 4 6 4 2 3
323 6 6 1 7 5 6 9 8 2 6
323 1 7 2 5 4 9 3 3 9 7
392 6 9 6 3 9 8 7 4 6 4
15
347 9 3 6 8 5 8 8 5 1 5
345 4 3 3 1 8 8 9 2 9 8
241 1 2 1 4 5 8 1 1 9 7
294 3 5 3 1 5 3 9 7 9 9
324 1 4 7 4 6 9 7 1 8 7
277 1 6 7 5 8 7 7 4 1 1
298 4 7 6 4 4 9 3 3 3 4
232 1 8 1 2 4 4 5 2 4 4
260 2 1 5 8 6 6 5 4 1 6
366 6 5 1 6 9 9 6 3 2 5
303 5 5 1 2 6 7 4 5 4 8
367 9 9 2 7 7 8 7 3 4 1
317 2 8 8 1 6 9 6 2 5 2
335 1 9 6 7 6 6 9 1 8 5
350 8 2 2 9 7 8 7 2 9 5
15
309 7 6 6 9 9 1 2 3 3 3
357 7 8 1 6 8 4 6 5 5 6
340 5 8 1 4 5 5 3 8 7 9
277 8 5 5 8 2 4 8 4 1 1
274 7 2 8 3 5 1 9 6 5 7
250 7 1 5 2 2 6 1 5 7 4
293 3 2 9 2 9 5 4 7 9 4
240 2 4 5 9 4 1 7 9 1 4
334 3 3 9 6 5 8 8 9 7 7
247 7 6 3 4 2 2 4 2 6 5
321 7 5 6 7 6 8 4 3 7 1
290 2 9 1 6 6 1 4 5 7 8
384 6 3 9 3 8 9 6 5 1 9
300 8 5 5 3 9 3 2 3 1 3
230 4 6 1 2 5 1 3 3 3 7
15
250 4 4 4 4 3 3 9 1 1 8
245 5 3 1 9 7 1 6 5 9 2
298 7 5 4 5 4 5 1 6 7 3
427 9 2 9 9 8 9 6 8 7 6
153 5 2 2 3 2 1 1 9 2 1
287 3 6 3 2 6 7 6 6 4 3
266 2 2 3 7 5 7 7 3 3 6
248 9 7 3 4 2 1 3 5 1 4
278 3 4 8 3 2 4 7 6 8 8
248 6 6 4 1 3 2 2 4 1 5
304 9 4 1 7 5 6 5 2 2 3
286 2 9 2 4 5 9 7 2 1 1
314 9 2 2 6 8 6 5 5 4 4
327 4 3 5 7 8 5 8 1 2 9
245 2 7 1 1 5 6 7 2 2 3
15
340 5 8 9 5 5 7 3 2 6 5
343 8 7 8 1 2 7 1 6 7 6
235 9 1 9 2 6 1 5 1 8 2
260 7 8 6 5 2 2 5 3 8 1
303 7 9 9 2 1 3 4 6 1 4
354 6 2 4 6 9 4 8 3 9 8
292 3 5 8 7 7 3 9 5 4 3
214 3 6 7 5 1 4 5 5 2 2
356 6 8 2 5 5 9 2 1 8 8
288 9 6 3 2 6 3 6 5 7 1
318 4 4 2 9 7 4 7 3 9 6
286 6 5 4 6 3 9 1 6 4 2
379 7 2 4 3 9 9 3 8 1 9
236 1 2 3 8 3 5 8 4 4 7
330 3 4 4 9 1 8 4 9 5 9
15
389 6 6 7 6 8 8 1 6 6 7
323 7 3 1 9 8 5 2 7 2 7
358 7 8 1 5 9 5 3 6 1 6
333 5 6 1 8 2 8 8 6 4 8
329 5 6 4 1 9 5 4 7 8 4
322 8 7 5 2 9 1 2 1 3 7
343 9 7 2 4 7 2 3 3 8 7
222 1 3 2 2 4 7 3 1 2 5
326 3 1 9 8 8 7 5 9 2 4
261 1 5 4 3 1 7 7 3 2 9
229 3 5 1 5 5 6 5 4 3 1
272 7 7 3 2 6 4 5 8 2 1
340 7 9 4 1 8 3 7 9 4 2
279 1 2 9 6 4 8 3 9 1 6
394 2 5 6 8 9 6 7 9 7 8
15
417 9 6 6 7 4 9 2 8 8 9
323 5 3 9 8 9 4 4 3 1 6
253 7 6 1 6 2 6 6 5 6 1
349 3 4 8 9 6 9 3 2 4 7
398 8 6 1 5 7 7 8 7 8 8
306 4 6 8 4 1 8 6 9 9 5
337 9 8 6 1 3 7 3 1 7 5
364 9 6 9 9 6 7 1 8 5 2
270 1 3 4 2 6 3 3 9 8 9
261 1 6 2 6 1 9 9 6 1 4
267 1 5 8 1 6 4 7 7 3 5
267 3 6 6 9 4 2 7 8 7 2
313 7 6 9 6 4 6 4 6 8 1
274 7 2 5 8 4 2 8 3 4 7
368 9 9 1 3 6 2 5 6 3 9
15
288 2 5 4 6 2 6 6 1 9 8
219 3 1 9 7 4 1 7 6 8 1
308 3 9 2 9 4 4 1 1 6 6
243 4 1 9 9 1 6 7 5 2 4
267 7 2 8 1 6 5 7 6 8 1
283 2 7 4 2 5 8 1 9 3 4
304 9 5 4 6 3 7 3 7 2 4
280 7 6 2 8 1 5 7 2 5 4
231 9 2 4 9 3 2 3 4 9 1
300 2 8 4 3 4 6 8 1 4 7
279 6 6 4 1 2 8 8 2 2 3
348 1 9 8 4 6 3 7 5 8 8
240 6 4 1 1 4 3 3 9 1 4
277 6 6 7 2 1 5 3 2 2 8
357 2 9 3 6 4 8 9 7 6 9
15
300 2 3 4 4 9 9 8 1 7 3
276 7 6 8 2 1 5 3 3 8 5
345 9 3 7 2 6 9 5 3 8 3
260 2 7 7 1 5 7 6 1 1 3
322 8 5 2 7 9 5 3 1 5 4
298 1 8 2 3 9 5 6 7 7 3
274 5 8 2 5 2 5 2 7 5 5
222 6 2 4 1 7 2 9 3 7 1
200 1 6 9 6 4 1 1 2 4 2
316 5 2 2 1 5 8 9 9 7 8
231 4 1 2 2 4 4 7 9 3 5
348 8 3 4 7 9 5 6 9 9 2
338 5 4 9 2 5 9 5 4 7 5
257 5 5 1 2 6 7 4 7 2 2
273 2 1 4 5 9 5 6 7 7 5
15
345 9 5 2 3 6 8 2 4 3 7
299 1 8 9 9 3 5 6 7 3 5
310 2 2 6 3 9 4 3 6 2 9
201 4 3 2 4 1 2 7 6 5 4
370 8 7 7 9 2 9 4 8 9 3
184 2 4 3 6 5 1 4 4 3 1
348 2 9 3 9 8 3 6 4 1 7
342 5 9 6 4 4 8 1 4 9 3
410 9 5 2 8 8 6 2 8 8 8
259 5 3 8 5 9 3 8 1 1 1
267 1 5 9 6 1 6 3 1 2 7
252 3 2 4 9 2 2 2 9 9 7
257 6 2 6 4 6 1 5 1 7 7
266 3 3 5 2 7 4 1 1 4 7
355 8 4 8 8 4 9 5 4 7 5
15
266 2 8 3 6 7 1 3 2 3 4
364 4 9 7 7 8 2 5 2 9 8
327 3 8 8 7 2 8 6 5 3 6
262 8 5 1 3 2 8 4 3 1 2
311 8 5 4 8 4 2 4 1 9 6
322 4 2 2 8 7 7 8 4 4 6
305 8 4 7 6 4 4 9 6 7 4
412 9 3 8 1 7 8 8 7 8 9
280 3 2 5 2 7 5 5 7 4 8
235 2 2 5 6 5 3 1 9 9 5
288 3 9 9 3 7 1 8 5 5 2
333 8 8 7 1 3 9 8 3 8 2
175 1 3 5 1 4 1 8 6 8 2
211 1 2 4 2 4 2 8 4 2 7
279 3 1 3 3 9 2 5 1 8 9
15
306 5 6 1 9 7 4 9 4 1 2
294 7 1 2 6 8 4 8 8 5 4
264 7 2 1 7 7 3 4 5 6 3
265 4 8 8 7 2 2 2 7 4 3
272 1 2 1 3 5 5 9 8 7 9
311 8 7 6 6 8 3 1 2 4 1
354 9 6 9 8 6 2 7 9 9 2
340 1 3 2 3 9 9 2 7 7 8
269 5 2 6 9 2 2 1 7 9 6
204 2 3 4 4 3 1 8 9 4 3
277 4 7 2 2 1 4 6 4 8 8
292 4 7 8 8 3 2 4 1 6 5
341 2 8 7 5 8 6 3 9 5 4
276 4 1 6 3 9 3 8 2 7 7
263 2 8 5 3 6 1 2 4 4 5
15
271 4 2 7 4 8 7 4 1 8 2
300 8 1 7 1 6 9 8 7 8 1
323 4 6 4 2 9 3 5 2 8 9
320 7 7 1 4 1 9 1 5 8 7
398 8 8 8 7 8 7 8 3 3 4
329 8 2 1 8 2 9 2 6 7 7
311 3 6 1 7 1 7 7 8 5 8
305 5 8 3 7 1 2 6 9 4 8
260 8 4 1 3 3 4 1 2 4 7
289 6 2 3 1 6 7 4 7 1 5
203 2 3 1 7 1 2 7 5 5 7
292 2 6 6 1 8 7 1 6 6 3
304 7 7 6 1 1 7 7 6 4 6
259 2 1 8 6 8 1 6 9 8 5
332 3 7 3 7 9 5 2 1 2 7
15
208 1 2 1 5 6 1 9 7 5 4
254 1 9 4 8 3 2 2 7 3 5
340 6 6 4 7 2 9 3 3 1 8
287 2 6 4 4 9 1 5 5 8 6
385 4 9 8 3 8 8 7 1 1 7
214 2 3 4 8 2 3 4 9 3 3
222 7 2 8 2 5 2 6 1 3 3
318 3 8 8 7 1 8 7 3 4 5
200 5 3 1 3 4 1 3 1 3 6
313 8 2 8 2 3 8 8 1 4 8
357 3 9 9 7 5 6 8 3 6 4
240 4 2 7 9 1 5 4 6 6 4
294 3 7 5 8 5 4 6 1 6 6
355 9 8 8 5 1 5 5 3 3 9
349 8 3 3 6 7 9 4 1 2 6
15
241 1 7 6 2 2 5 8 8 3 1
347 4 6 3 6 9 8 6 9 8 3
336 8 6 7 1 8 1 7 1 8 8
336 1 2 7 3 8 9 7 5 6 9
366 7 3 6 1 7 8 7 4 5 8
389 7 4 6 9 8 8 2 9 6 5
278 3 5 8 9 4 7 2 3 8 2
431 7 9 7 5 6 9 5 7 6 9
287 6 1 3 8 6 2 7 3 5 8
209 5 1 8 4 4 3 6 5 4 1
307 8 5 8 4 4 2 6 5 1 7
280 6 1 3 7 5 8 3 6 9 3
277 8 6 9 6 2 2 1 4 3 2
202 2 5 3 1 1 9 2 3 3 3
363 9 4 5 6 7 9 5 8 3 1
15
386 9 9 3 3 6 6 9 5 2 8
276 3 2 8 8 4 9 6 1 1 4
158 1 5 4 7 2 1 4 2 4 1
279 5 9 7 1 1 1 4 5 7 7
298 4 9 3 5 3 4 9 1 2 6
314 3 7 3 3 4 4 9 6 5 9
273 7 1 1 1 8 7 5 3 6 5
302 3 7 2 9 5 3 2 7 4 6
264 9 6 1 5 3 1 1 2 3 7
203 1 2 2 3 6 4 4 4 9 3
356 6 8 7 7 8 6 8 1 1 4
328 9 8 4 5 7 1 9 6 4 2
308 5 8 3 8 7 3 9 2 3 3
299 8 3 7 5 5 1 4 4 2 7
307 8 1 7 5 7 3 3 5 9 6
15
258 6 1 8 9 5 3 2 3 2 3
357 4 2 6 6 7 8 6 7 6 9
347 9 3 7 4 6 2 8 9 5 9
281 6 4 5 3 5 4 1 6 8 5
221 1 2 5 8 8 3 4 3 8 1
315 4 7 3 4 3 7 8 7 9 4
351 6 9 4 1 5 1 8 9 3 9
258 5 6 2 1 4 2 8 4 6 5
315 7 8 3 2 7 8 4 1 2 2
373 5 9 1 9 6 4 2 6 8 9
313 9 4 9 6 1 3 1 8 6 6
299 3 9 6 3 9 1 7 7 7 1
351 8 4 6 9 1 4 5 9 6 9
330 6 6 6 3 2 7 9 9 3 8
303 1 1 4 8 8 9 9 5 8 3
15
295 4 6 4 6 5 2 5 7 4 5
311 4 8 1 4 5 5 5 9 5 6
231 1 4 3 7 2 1 1 7 5 9
272 2 7 9 1 9 3 1 5 3 1
338 7 6 4 6 4 2 7 7 7 8
317 7 8 5 8 4 2 1 9 5 3
362 9 7 5 8 4 1 8 5 9 7
258 5 8 5 4 2 4 1 3 5 4
243 2 2 2 9 8 4 3 2 9 2
368 5 2 5 9 7 9 8 5 7 6
340 6 8 4 4 1 8 5 5 9 7
219 4 5 7 6 3 1 8 2 1 3
355 9 4 7 6 8 7 2 8 5 3
280 8 2 6 9 1 9 6 2 4 3
406 9 7 8 1 9 7 8 4 7 6
15
224 5 4 1 9 7 1 1 2 1 3
304 2 3 5 4 8 4 4 7 9 9
266 1 1 3 1 7 8 1 8 4 6
334 9 3 5 9 3 6 7 1 6 7
320 9 8 9 4 3 1 5 5 3 5
303 6 6 8 3 9 1 8 6 2 1
245 3 4 1 5 5 5 2 1 4 7
204 3 2 3 2 1 3 9 4 1 6
296 8 1 5 1 2 8 5 4 1 9
305 2 4 7 7 8 2 7 6 2 7
250 6 2 1 6 2 5 4 6 3 6
345 7 7 6 2 2 8 8 5 7 6
217 6 3 6 3 1 3 3 4 1 3
421 4 9 7 9 6 9 8 9 3 8
271 6 9 8 1 2 4 4 6 9 1
15
222 8 4 5 1 4 1 2 9 7 1
300 4 3 8 1 9 2 5 1 3 8
312 8 5 5 5 1 9 3 5 8 4
322 4 8 8 3 7 6 8 2 3 4
227 1 6 7 3 1 6 2 3 1 3
365 7 9 5 2 5 7 5 6 8 5
378 5 8 8 1 9 4 2 5 7 8
337 5 2 4 4 8 9 9 6 7 5
332 5 8 4 4 8 7 5 7 3 1
283 3 7 7 3 9 1 3 4 5 4
312 6 3 5 8 5 9 2 7 8 3
307 1 2 3 6 8 8 4 9 9 4
325 4 7 5 6 7 3 4 6 6 5
359 9 6 1 1 6 8 8 4 7 8
231 1 9 3 1 4 1 3 6 5 3
15
385 8 8 5 8 7 6 6 8 8 4
225 3 4 6 2 2 9 2 3 1 3
391 8 6 6 3 6 9 4 5 9 6
323 2 5 1 4 5 9 5 8 6 8
326 9 5 5 9 4 2 5 5 9 5
279 2 5 4 4 4 6 5 4 9 5
294 7 4 3 7 1 6 9 3 9 5
259 8 7 1 1 3 2 7 2 9 5
310 4 7 2 1 9 4 2 6 2 7
251 7 2 3 2 4 7 7 7 1 1
282 3 1 7 8 2 9 7 8 6 3
283 1 4 1 5 8 3 7 4 5 8
265 3 6 7 5 3 4 2 4 8 5
282 3 3 8 5 1 7 6 7 8 5
320 7 6 4 1 7 3 4 5 3 9
15
258 4 5 2 8 5 6 7 6 3 1
247 2 1 2 3 7 2 8 4 8 7
236 4 1 8 6 6 2 4 4 2 3
169 2 2 4 6 3 2 8 1 7 1
188 1 1 8 9 4 2 1 2 7 1
299 3 6 1 6 9 4 5 9 8 3
317 7 4 5 4 5 4 5 2 6 8
290 5 7 2 1 2 3 5 6 7 8
272 8 1 8 2 5 6 1 5 9 3
229 4 1 2 3 3 7 5 9 3 3
290 5 1 8 1 9 7 5 1 7 4
249 2 3 6 9 4 6 8 1 4 3
356 2 7 7 8 9 8 2 7 9 1
240 1 7 4 2 1 8 4 3 8 3
256 1 6 1 4 7 3 5 2 2 5
15
171 1 8 3 1 1 1 5 5 4 1
335 4 3 6 6 9 5 2 4 1 8
304 4 9 7 8 1 9 2 7 2 2
305 6 5 1 4 7 9 8 2 5 3
220 2 8 1 2 2 5 2 3 3 2
288 5 6 2 4 1 8 8 2 1 7
331 8 5 9 1 8 4 7 6 5 2
362 9 9 4 9 8 2 4 9 1 3
299 9 9 8 5 4 2 1 5 1 2
281 9 2 7 3 5 1 7 9 1 4
214 1 1 6 7 7 1 6 1 5 4
394 9 9 7 8 4 7 3 6 4 4
272 8 9 3 2 7 1 2 1 9 1
269 2 2 4 6 1 8 7 1 7 9
307 4 9 2 9 1 8 3 1 6 6
15
378 6 6 5 5 8 4 8 5 3 9
165 5 2 3 1 3 3 5 2 6 1
320 3 7 6 5 2 6 3 6 1 9
354 6 9 8 2 4 5 4 7 7 5
326 9 5 3 4 2 9 2 6 9 3
207 8 3 8 1 1 1 4 4 3 4
343 3 3 7 9 9 7 1 2 2 8
306 7 5 8 6 2 5 4 5 3 7
327 5 9 5 1 5 3 1 7 8 7
270 2 6 4 2 4 5 3 9 8 6
328 5 4 9 1 3 8 5 8 6 6
321 4 5 5 5 7 6 7 6 5 5
214 3 2 1 9 3 3 5 4 7 3
330 7 6 6 9 4 1 1 5 6 8
210 5 1 5 4 1 6 3 2 1 4
15
228 5 2 3 7 1 2 6 8 5 5
289 9 5 3 1 1 7 1 2 6 6
202 4 3 8 6 1 2 2 4 1 4
310 6 3 1 7 9 3 1 7 5 6
241 1 3 1 4 8 8 5 3 3 2
286 7 3 8 1 2 4 3 8 4 8
347 3 7 9 8 7 1 9 7 1 8
307 7 4 5 9 2 8 1 5 5 6
377 4 9 9 3 6 6 4 3 8 7
285 5 5 4 4 5 3 1 2 1 9
259 2 4 2 3 8 3 1 5 1 8
321 1 7 9 7 4 8 4 4 3 5
328 2 9 3 6 9 3 7 8 1 5
208 2 2 7 1 3 6 5 4 7 1
244 7 7 5 2 1 1 2 7 6 3
15
253 9 8 6 4 3 3 1 1 1 1
328 3 5 1 7 9 4 5 8 1 7
302 8 1 4 4 6 4 6 7 6 6
299 4 4 5 6 7 4 5 1 7 6
170 1 1 4 6 1 1 4 9 2 6
188 1 3 4 2 2 1 8 1 5 7
295 9 6 6 1 7 1 3 6 3 4
247 2 9 3 5 3 3 3 8 6 3
223 9 1 4 1 6 2 9 3 2 1
226 2 3 5 2 4 7 1 6 9 3
393 6 9 6 2 8 9 1 9 1 4
315 8 9 4 9 1 5 6 4 1 4
278 3 8 7 5 2 5 6 3 3 6
304 8 7 7 2 6 3 5 5 6 2
412 7 6 9 8 6 4 9 8 6 9
15
293 3 7 8 7 3 6 6 3 4 5
285 5 1 3 7 1 8 7 5 9 9
167 3 1 8 6 1 1 7 4 1 1
248 1 2 5 2 1 7 7 8 4 7
266 7 2 3 5 3 8 3 7 8 2
292 2 2 2 6 8 9 5 7 7 1
292 1 4 7 9 9 1 3 7 2 7
214 9 5 1 3 1 1 6 6 3 2
335 9 6 8 2 7 4 4 2 4 5
343 8 8 3 2 8 2 8 2 2 7
330 9 2 7 1 7 5 9 7 9 3
283 8 2 7 5 2 8 7 6 4 2
291 6 7 4 9 7 1 5 8 7 1
296 2 5 9 6 9 6 7 2 1 2
261 1 7 1 8 4 2 2 9 2 7
15
283 5 8 3 8 4 3 2 2 7 5
249 7 4 3 4 4 2 6 9 3 3
277 3 5 9 7 6 4 5 1 4 3
263 8 3 1 7 2 7 2 4 8 1
291 6 6 3 2 3 1 4 5 8 9
296 9 6 9 1 7 1 5 8 2 1
258 6 7 7 8 3 1 2 4 9 2
239 5 1 9 3 4 5 1 4 5 5
266 8 4 4 6 1 5 5 4 9 3
261 1 5 4 5 5 9 4 4 3 3
358 6 9 1 3 9 6 9 6 8 2
300 6 7 9 1 3 9 9 3 7 1
276 1 3 8 3 3 5 7 7 9 7
350 9 2 8 2 5 7 5 5 4 9
303 6 6 9 7 3 7 4 3 2 1
15
258 7 4 7 2 1 5 6 9 1 3
307 6 5 2 6 5 2 7 9 2 8
340 7 6 3 8 8 3 1 3 3 9
221 6 1 1 2 3 8 6 4 9 2
259 4 4 9 4 8 1 2 4 6 2
289 9 1 9 1 8 6 6 3 5 2
348 6 9 7 1 6 3 6 8 6 4
333 6 3 7 9 9 2 8 2 5 7
388 8 7 4 7 7 2 9 9 9 7
329 8 1 7 9 8 1 5 8 7 7
262 4 3 5 4 4 1 8 8 4 6
225 2 7 5 1 3 1 4 1 2 6
323 9 9 5 9 2 3 6 7 2 2
363 9 6 4 6 7 7 7 3 9 1
230 2 3 2 6 4 8 1 7 2 2
15
354 1 9 8 6 5 8 8 6 6 5
281 2 6 4 6 2 5 3 4 4 8
309 6 5 7 9 2 1 4 8 6 7
278 3 9 3 2 7 1 2 9 3 5
247 4 2 7 3 3 1 2 9 8 6
235 1 5 1 1 9 2 2 8 7 3
267 6 1 4 6 5 8 3 5 2 3
309 5 9 3 8 2 5 7 9 8 2
330 2 9 7 1 2 9 5 1 7 8
303 1 7 2 7 2 8 9 2 6 7
306 1 5 1 1 9 7 1 8 1 9
347 8 2 3 5 9 8 6 1 4 7
310 2 8 8 2 7 1 5 3 9 6
243 7 4 6 1 2 4 5 3 9 2
318 8 8 1 7 6 6 1 3 2 3
15
307 8 4 1 7 6 7 1 8 9 2
262 6 5 5 3 5 3 6 2 9 2
371 4 7 8 2 5 7 7 9 3 9
233 6 2 5 8 4 6 3 1 1 1
290 9 3 5 8 4 1 5 2 7 6
339 9 5 5 3 2 7 6 5 3 9
258 5 7 4 4 5 2 4 5 2 3
382 6 8 5 4 4 9 9 5 4 9
344 5 5 5 3 9 6 1 5 8 8
386 8 6 3 1 9 6 3 6 9 9
276 6 4 3 8 2 2 3 3 8 7
237 9 1 5 7 3 2 9 4 6 2
351 4 5 4 1 9 7 9 1 2 8
175 2 1 4 1 3 5 2 1 6 3
248 1 1 4 1 3 7 4 9 7 8
15
292 6 1 7 8 3 8 9 9 2 4
293 4 6 2 4 8 2 5 3 2 6
207 2 2 5 2 2 5 5 8 2 3
356 6 8 7 1 7 9 5 4 4 3
359 7 8 9 2 6 3 9 4 1 8
273 4 5 5 1 8 3 1 8 6 4
178 1 1 9 4 2 4 5 2 1 3
422 4 4 5 7 8 9 9 9 9 9
337 7 2 7 5 8 5 6 6 4 5
322 8 3 1 3 9 5 4 2 3 9
341 6 7 3 1 8 3 9 1 7 8
240 1 7 1 4 7 5 4 9 1 1
265 1 6 1 9 6 3 3 1 9 5
256 2 8 6 8 1 4 2 7 8 1
323 8 2 6 6 7 7 3 7 7 2
15
282 8 5 1 5 2 3 7 5 9 4
304 2 5 1 3 8 4 8 1 9 8
371 6 7 4 7 8 6 6 8 6 4
329 7 9 9 5 1 6 2 7 4 5
277 6 2 6 7 8 2 7 7 2 1
278 7 4 3 6 6 5 1 7 9 1
280 7 2 3 1 6 4 9 3 5 5
330 3 1 7 2 9 9 4 2 1 9
298 4 5 2 6 8 5 9 3 5 4
349 5 5 1 7 6 7 4 5 4 9
320 6 9 6 6 2 1 9 5 9 5
244 3 3 2 3 1 8 8 4 7 7
282 4 7 6 2 6 4 2 3 3 3
318 7 3 3 1 8 7 1 1 9 6
406 6 9 3 4 8 8 6 3 9 6
15
281 8 2 7 3 6 3 9 5 2 4
291 2 2 3 8 5 7 3 4 9 8
400 7 6 9 3 5 8 6 8 8 8
370 9 9 6 9 1 7 2 5 6 7
237 7 1 2 4 5 1 7 2 1 8
326 6 2 8 3 5 9 2 2 2 7
260 2 1 4 3 5 9 8 3 8 6
387 9 1 9 9 9 6 9 6 9 5
227 4 1 4 3 1 4 9 7 9 4
361 7 5 8 4 4 9 6 4 6 7
342 6 4 8 1 7 9 3 7 1 7
372 9 2 5 3 5 9 9 8 8 8
369 9 3 7 4 7 9 6 5 7 6
325 4 7 2 7 2 7 8 9 4 6
321 4 5 8 2 7 3 2 8 4 7
15
361 8 9 8 2 8 7 2 8 1 2
349 8 9 2 4 4 4 4 7 5 8
318 7 7 9 1 1 5 1 7 8 7
302 3 7 9 1 7 8 2 5 2 2
219 9 2 5 1 2 2 6 2 1 3
231 1 6 8 4 3 4 7 3 6 1
303 7 2 7 4 1 6 2 9 3 9
321 5 3 3 6 9 7 4 4 6 4
303 3 5 1 3 9 1 8 6 9 8
398 7 8 8 7 8 4 3 4 9 6
243 5 6 1 6 6 2 1 5 7 2
399 8 9 1 9 9 5 7 8 4 3
293 5 2 1 6 8 6 9 5 6 2
266 4 7 1 9 2 4 1 6 9 2
258 4 5 4 6 2 5 7 7 5 2
15
338 8 7 5 9 4 6 8 2 2 2
258 3 8 3 1 6 2 3 3 6 5
307 1 3 7 6 8 7 4 9 6 4
331 9 3 8 9 8 2 5 8 4 3
399 5 4 6 9 9 8 4 2 7 8
307 5 4 8 9 6 4 4 3 6 3
273 3 7 2 5 2 3 6 2 7 7
264 2 4 5 5 9 5 4 1 3 3
233 2 2 3 6 6 5 4 2 6 5
292 3 7 9 7 4 3 1 6 8 2
253 7 1 4 1 1 9 1 1 7 8
269 5 3 7 3 2 2 5 1 8 9
303 3 7 4 9 4 4 1 1 4 7
332 2 7 6 4 9 3 8 2 8 8
288 3 2 6 6 9 4 9 1 3 5
15
342 7 5 5 9 5 9 7 3 9 1
305 8 3 7 3 4 6 9 5 2 3
282 8 5 6 3 2 1 8 6 8 4
211 8 1 4 9 4 2 1 1 2 2
304 6 4 6 9 3 3 4 7 9 6
200 3 2 7 1 6 3 3 1 5 1
335 9 7 2 8 9 1 5 2 4 5
284 2 3 6 2 4 9 4 1 9 7
296 5 6 2 2 8 3 6 6 7 3
253 3 3 6 2 6 5 1 2 7 4
375 7 1 5 9 7 9 9 4 3 7
318 4 7 3 3 3 5 5 8 3 8
237 4 3 7 1 6 1 7 7 2 5
299 4 7 9 4 3 7 8 4 7 1
200 4 5 3 1 1 3 7 7 9 1
15
279 3 5 9 1 8 5 2 3 1 5
278 8 2 1 5 2 7 1 6 4 8
280 5 2 9 4 3 9 9 6 6 1
325 9 3 4 6 3 5 9 4 5 8
325 6 8 2 6 4 7 4 5 4 5
315 6 1 6 5 8 6 7 7 5 3
232 7 3 5 1 3 1 4 6 6 3
326 8 2 8 6 6 4 2 1 5 7
357 9 5 3 3 8 4 7 9 9 6
302 1 9 3 7 7 3 2 9 3 3
301 7 9 1 2 2 3 5 4 1 9
197 2 1 6 7 2 4 1 9 6 2
204 1 9 1 1 2 4 9 3 7 1
328 8 3 9 1 7 2 8 4 2 9
306 2 4 6 3 9 3 5 2 4 8
15
343 8 5 1 9 5 3 9 8 7 5
311 7 8 1 9 4 4 2 2 2 4
282 9 8 1 7 2 3 6 9 1 1
236 7 2 7 8 2 1 7 4 3 4
341 3 9 5 9 4 5 6 8 3 5
356 6 4 5 6 4 7 7 8 4 9
308 6 8 2 1 4 7 4 8 7 3
295 4 2 3 8 4 9 2 7 1 5
267 6 3 6 6 1 5 7 5 2 7
272 9 5 7 5 5 2 4 6 4 1
269 4 9 5 1 2 2 3 3 2 7
357 9 1 7 3 8 8 5 1 5 9
348 6 6 8 7 4 8 5 9 9 2
270 4 2 5 4 3 6 1 8 9 5
349 4 8 9 6 5 7 7 8 6 4
15
235 6 2 1 2 4 2 1 5 1 8
342 3 8 8 9 2 8 4 2 5 7
362 8 1 9 4 9 8 7 1 1 8
364 7 4 9 4 9 6 9 1 3 6
354 1 6 2 2 8 9 5 8 9 8
286 2 2 9 7 2 5 5 9 8 8
335 9 6 7 9 7 2 6 4 3 4
316 3 5 7 6 9 3 1 6 7 6
275 4 5 1 7 6 2 3 1 6 6
309 3 7 1 6 2 8 3 7 9 5
356 7 7 3 7 9 5 9 8 5 2
333 7 8 3 5 9 5 3 2 7 1
388 6 6 8 4 8 9 4 4 1 7
266 2 1 6 6 8 6 1 2 2 5
277 8 6 1 4 9 3 3 1 8 1
15
306 7 7 2 5 4 7 7 3 8 2
368 7 5 8 9 6 3 9 4 7 8
342 9 7 2 6 3 8 9 1 2 4
196 2 3 7 1 3 2 7 3 5 4
270 3 5 4 2 9 4 8 7 3 1
371 8 4 8 5 5 9 3 4 2 9
306 7 5 5 4 1 4 7 7 1 8
293 7 4 6 7 3 6 9 5 3 2
289 5 9 4 7 5 1 1 4 2 5
424 9 8 1 4 8 9 9 2 3 9
266 2 7 6 1 7 7 5 1 3 1
245 5 6 7 2 1 7 8 2 1 3
374 9 8 6 2 7 5 6 6 4 4
294 1 6 1 8 7 5 3 5 6 6
334 7 1 9 6 5 8 5 1 2 8
15
331 4 9 8 3 1 7 3 2 6 9
291 3 7 9 3 8 1 6 5 1 4
308 6 1 5 9 2 9 5 2 4 7
320 7 9 1 8 4 2 8 7 8 2
318 6 7 7 8 2 9 3 2 5 4
202 2 3 3 9 3 1 1 7 5 2
370 6 4 6 9 4 7 8 9 2 9
369 8 2 4 3 6 9 9 9 7 8
357 5 6 9 8 4 7 3 6 9 4
272 1 7 3 8 9 5 2 2 8 1
237 5 2 6 6 4 3 3 7 1 3
346 6 1 6 2 9 8 5 6 4 7
281 8 7 3 1 2 3 2 1 2 8
302 8 4 4 4 5 5 6 6 4 4
366 8 6 1 4 7 5 5 7 6 7
15
376 9 4 8 9 8 6 4 9 9 2
318 6 8 5 8 1 4 7 4 4 8
284 6 4 7 2 5 1 8 7 3 8
337 8 5 6 5 3 4 4 9 3 9
290 3 7 5 5 3 6 5 1 9 4
291 5 2 2 6 1 8 9 8 6 6
220 8 4 8 6 1 2 8 1 5 1
348 8 6 3 5 7 9 6 4 6 1
292 1 6 7 7 6 3 8 3 5 6
397 8 4 6 1 9 6 8 7 9 8
369 9 6 5 5 9 5 2 4 2 6
313 3 3 3 9 9 7 4 5 5 2
373 5 8 5 9 7 7 6 6 8 3
372 5 8 6 5 9 3 9 5 7 7
301 7 5 8 2 1 8 9 8 4 3
15
236 2 4 9 3 5 2 2 6 7 4
277 4 3 2 9 6 5 9 3 9 4
293 2 5 6 7 6 1 7 6 3 7
403 4 8 6 4 9 8 2 3 8 7
295 5 8 6 5 6 3 6 7 2 2
400 5 8 9 2 7 7 4 8 9 7
307 7 7 2 5 1 7 4 4 2 7
362 8 6 5 3 6 9 7 4 4 5
349 2 9 7 3 7 7 7 4 7 4
350 9 5 5 6 2 5 3 9 9 7
291 7 8 8 1 2 6 3 4 5 2
339 9 6 1 9 1 8 5 9 5 5
380 1 9 6 9 5 9 8 8 4 6
354 8 1 4 8 9 5 5 1 6 8
349 4 9 8 8 5 7 7 1 1 3
15
296 1 1 2 2 9 8 4 4 4 8
308 7 5 7 3 2 7 2 3 4 7
357 7 6 8 8 3 8 6 9 4 4
233 3 4 2 6 2 3 2 4 3 9
286 6 3 6 8 3 4 9 6 8 3
274 9 8 2 2 3 4 8 5 1 2
202 1 2 2 3 6 5 9 1 2 4
366 9 9 9 1 4 5 5 5 3 8
326 1 7 6 4 7 3 9 9 9 5
368 3 8 8 3 5 8 8 7 6 7
257 1 6 9 2 4 4 9 1 1 4
286 2 6 5 7 6 6 5 4 7 1
328 3 2 7 4 8 7 5 1 6 9
331 7 9 5 2 2 7 1 1 9 8
276 1 8 4 1 7 6 2 8 7 1
15
277 8 5 6 1 6 1 9 6 6 2
252 3 7 4 1 6 3 7 8 8 1
260 7 4 5 3 2 4 7 2 2 6
299 1 8 3 7 4 7 7 5 9 4
355 6 9 9 4 2 7 9 4 4 7
293 6 2 7 8 2 7 4 9 1 6
325 4 7 6 8 7 3 7 2 1 5
292 5 1 1 1 7 7 9 5 9 6
343 5 9 5 6 5 9 2 5 7 3
339 8 3 7 3 9 1 5 4 8 9
291 6 6 8 3 1 7 8 6 2 2
340 1 8 7 9 6 3 1 1 9 9
358 9 9 4 3 6 3 9 7 7 4
406 7 6 3 8 9 4 5 9 9 9
343 4 7 1 6 7 6 9 9 4 6
15
288 7 3 3 5 4 4 5 6 4 8
287 7 3 4 8 7 1 2 9 5 4
291 6 4 4 7 1 5 9 9 2 7
411 5 9 1 6 9 9 7 6 2 7
297 7 5 5 3 8 2 6 2 6 4
310 8 4 1 7 3 4 3 8 6 7
378 9 4 7 5 9 3 4 4 8 9
303 4 3 3 2 3 9 6 8 7 9
283 3 1 8 2 8 4 9 8 6 4
222 1 8 2 6 4 2 7 1 3 4
352 5 5 6 4 6 8 3 9 7 6
286 1 2 5 7 2 8 5 9 4 8
302 3 4 7 7 1 5 8 2 8 9
257 2 9 1 5 2 4 9 3 5 6
327 3 9 6 1 8 2 9 3 8 6
15
336 7 1 4 1 6 9 7 5 8 7
394 9 7 2 3 5 9 6 5 2 8
283 2 7 1 4 3 7 9 3 8 4
339 7 6 7 2 2 8 6 4 6 8
226 1 2 4 9 7 1 3 2 7 4
341 7 6 1 8 3 4 8 7 8 7
332 6 5 6 3 7 6 3 2 6 7
262 9 2 9 2 1 7 1 4 2 2
181 2 1 4 9 2 3 3 1 3 5
295 9 4 2 1 8 2 2 1 3 7
239 7 7 1 8 1 2 7 2 7 2
351 9 5 4 9 5 7 4 2 2 6
329 7 3 7 8 8 4 8 8 6 3
273 5 4 2 7 3 5 3 7 8 4
315 9 5 8 3 4 7 5 1 6 2
15
261 3 6 7 4 7 3 5 1 3 4
290 5 7 7 1 1 8 2 2 2 6
323 4 1 5 6 9 7 5 3 4 7
307 4 6 2 2 5 9 7 9 3 4
351 6 8 6 1 4 9 9 9 4 2
227 1 4 1 2 6 2 6 5 7 5
330 9 3 6 2 4 7 8 7 2 5
276 8 3 1 4 1 8 9 3 4 4
185 6 1 3 1 1 3 8 4 3 3
316 8 8 2 2 6 2 6 9 7 3
290 4 8 3 6 5 2 4 3 5 5
295 6 9 4 5 4 2 7 6 6 3
314 4 6 5 4 7 6 1 6 8 3
222 2 1 6 3 5 2 2 9 5 7
341 9 1 4 6 5 7 4 5 7 8
15
315 6 9 1 6 7 2 5 4 9 4
291 1 7 4 8 2 3 7 9 1 8
356 9 9 3 9 1 9 6 1 7 3
240 4 2 4 8 2 8 2 3 9 1
353 8 3 7 7 7 1 9 4 8 9
232 5 1 7 6 3 2 8 9 4 2
316 3 7 8 3 7 4 3 2 9 4
287 3 7 3 6 1 1 9 8 3 9
342 8 5 5 8 7 7 7 5 9 1
362 8 6 3 4 6 9 6 8 1 4
262 2 3 9 5 3 5 6 5 2 8
214 2 4 9 2 2 2 5 4 2 7
302 6 3 3 2 1 9 6 9 9 7
268 3 7 3 7 6 1 7 8 1 3
246 2 3 3 2 4 8 2 3 6 5
15
259 6 5 3 2 1 4 4 5 8 5
275 1 1 3 9 7 9 9 9 2 1
329 6 5 3 9 9 2 3 5 8 4
365 4 8 3 2 8 9 7 9 6 2
305 2 6 3 8 2 8 9 5 9 7
165 2 2 2 8 1 2 9 5 7 2
322 9 3 4 1 9 2 8 9 6 4
352 8 6 4 5 2 8 7 9 3 7
322 6 6 6 7 7 5 2 4 4 2
272 5 1 9 7 2 8 2 3 7 5
332 2 5 5 9 9 4 1 1 8 7
268 1 7 8 7 1 5 5 7 8 3
244 6 5 4 5 4 3 2 7 1 1
386 5 4 6 8 8 9 8 3 9 8
230 8 2 6 2 3 3 1 3 2 6
15
362 7 6 3 8 9 7 7 2 6 4
249 1 2 9 5 5 6 2 3 8 5
347 6 8 3 8 5 4 4 3 6 9
199 4 2 1 8 2 1 8 1 2 6
263 4 2 2 9 4 4 1 8 2 6
236 7 2 3 6 3 4 9 6 7 2
279 7 4 3 4 1 6 8 9 4 4
161 1 2 3 2 1 5 2 5 7 3
322 9 9 4 6 3 2 5 8 4 3
315 2 6 7 7 3 8 4 6 3 7
287 1 3 8 3 7 5 6 7 2 5
262 4 3 6 3 2 4 9 6 5 6
242 6 3 3 2 3 3 1 3 6 7
266 7 5 8 3 2 3 2 2 5 4
398 8 3 3 9 7 9 1 8 7 7
15
241 1 2 8 8 5 2 4 2 8 4
271 8 1 8 1 6 3 7 3 2 5
280 4 9 5 7 4 3 1 6 4 2
293 2 4 7 7 5 4 8 5 4 5
235 5 7 2 6 3 2 3 4 5 1
429 9 9 5 6 9 3 6 6 9 7
368 9 2 2 3 8 9 2 9 3 6
340 7 2 7 6 5 6 6 6 7 7
284 9 2 6 5 2 7 4 1 1 6
341 6 7 3 9 5 8 5 7 9 1
379 5 9 4 6 8 3 4 4 2 9
328 6 2 4 4 6 9 3 5 4 8
284 3 6 8 2 5 5 1 1 4 7
269 9 1 4 9 2 8 6 1 2 4
320 3 6 8 8 9 3 9 5 7 3
15
338 7 3 8 6 5 6 6 6 4 7
313 9 8 5 8 1 3 6 4 1 6
210 1 5 4 3 6 1 7 1 1 3
388 4 9 4 4 7 9 3 4 5 7
322 6 2 2 9 2 9 4 9 6 7
366 4 7 9 7 9 6 4 9 2 3
355 4 4 2 8 7 9 9 6 4 6
363 8 8 1 2 9 6 3 6 2 4
254 1 6 2 2 8 3 5 2 6 6
277 2 4 5 5 8 3 5 2 4 6
344 7 9 3 9 2 7 8 1 9 5
313 2 9 6 6 5 8 4 3 3 3
257 2 1 7 7 5 9 2 2 9 2
198 1 4 8 7 1 2 8 9 3 1
360 3 9 3 9 5 3 9 3 7 9
15
277 4 4 4 1 3 5 4 9 8 7
307 9 3 4 6 4 3 5 8 1 8
228 3 2 6 7 3 7 2 1 6 2
382 4 8 7 1 8 9 3 2 6 8
356 9 1 9 3 6 8 5 5 5 6
313 8 6 2 8 8 1 2 1 3 7
270 3 2 6 5 5 1 8 8 6 9
307 9 3 5 2 8 9 1 4 4 1
269 2 6 7 8 4 3 5 7 5 3
257 3 3 9 7 5 2 2 1 3 6
313 9 2 6 6 4 7 8 6 9 2
279 2 3 5 6 7 5 6 7 1 6
300 2 7 5 3 6 7 9 1 4 4
366 9 1 7 5 6 6 4 8 9 8
283 7 6 1 8 2 6 7 3 5 3
15
164 2 2 2 3 2 1 4 3 1 7
254 1 3 8 3 5 3 7 6 2 7
350 7 7 8 8 7 4 5 5 1 2
289 7 3 7 2 2 8 6 7 4 3
289 5 8 2 4 6 4 2 7 6 2
290 7 4 9 3 5 5 8 1 2 5
290 6 5 1 2 5 6 3 8 7 4
409 6 7 7 6 8 9 7 5 2 6
269 6 7 2 2 5 5 4 3 6 1
333 5 7 8 2 5 6 8 2 9 5
343 5 9 4 2 8 5 1 5 1 7
237 1 9 4 5 2 4 8 8 5 1
399 5 9 3 3 8 7 6 1 5 9
344 7 3 6 8 8 5 4 8 8 3
304 2 5 7 7 2 4 3 8 9 8
15
325 1 8 5 1 6 6 5 6 9 8
310 9 2 8 6 5 2 4 7 9 4
302 9 9 1 1 1 3 4 7 1 8
290 7 2 2 2 7 6 9 9 9 3
299 1 5 5 6 7 7 1 8 7 5
383 9 7 7 8 4 9 3 2 1 7
252 6 3 6 1 2 5 7 6 1 5
270 4 7 1 6 5 2 6 3 6 6
302 8 2 6 1 3 6 8 1 6 9
253 3 9 6 8 6 1 3 4 1 1
288 6 1 6 2 9 2 8 8 5 6
392 9 9 6 7 7 5 2 9 1 5
376 7 7 6 5 7 4 9 9 7 6
284 6 8 9 6 2 3 1 5 2 2
253 7 2 4 1 6 1 6 6 5 7
15
199 1 2 3 2 3 4 4 8 9 3
208 1 1 2 5 1 6 6 7 6 6
280 3 3 1 8 3 7 8 3 5 8
279 6 2 2 5 2 9 7 2 2 7
268 6 8 3 2 1 6 5 5 6 2
291 2 5 7 9 5 1 6 4 9 8
321 4 9 8 6 6 7 2 5 7 1
356 6 9 9 8 3 9 7 1 6 2
293 3 6 5 4 9 1 9 6 6 5
211 2 1 1 6 8 5 4 2 3 3
321 7 2 9 4 7 6 8 2 5 4
369 5 8 9 4 8 8 9 9 1 1
245 3 3 8 6 2 3 2 9 4 4
297 7 3 1 5 5 4 4 8 6 7
296 4 3 1 2 9 7 3 7 9 2
15
326 1 9 4 1 9 9 7 8 3 1
299 7 1 7 8 1 6 9 5 8 8
311 9 4 5 9 3 4 7 8 3 5
266 5 5 4 8 2 2 2 7 9 4
240 3 7 2 6 3 4 2 4 9 3
316 8 8 9 2 3 3 5 6 8 4
354 4 4 9 1 9 8 9 2 2 6
323 3 9 5 5 8 8 3 1 4 3
288 5 1 6 4 5 8 8 6 5 3
306 7 6 4 3 3 4 5 6 5 7
342 9 9 1 2 2 5 7 5 9 6
324 9 1 5 3 6 7 7 7 3 6
341 4 5 3 7 9 6 6 5 1 5
311 9 1 4 9 7 6 4 1 1 6
280 4 6 4 8 7 3 3 3 5 3
