100 10
500 500 500 500 500 500 500 500 500 500
15
298 7 2 3 5 3 9 2 3 8 5
235 6 8 1 3 9 3 3 1 1 3
134 5 2 4 1 4 1 1 1 2 2
158 5 2 3 3 3 1 1 3 2 2
334 5 5 8 5 1 9 7 5 1 5
289 2 7 2 2 1 8 1 7 9 2
302 5 4 1 8 5 7 3 3 2 5
286 3 9 2 4 1 7 1 3 6 3
359 7 5 4 7 9 7 5 5 3 1
244 2 2 5 2 8 5 3 8 1 2
243 3 6 6 3 1 4 4 2 4 1
352 9 8 6 4 7 7 7 3 1 3
408 2 8 5 9 6 3 1 9 9 9
300 6 3 9 3 2 9 6 2 3 4
356 1 5 2 7 5 8 7 8 8 5
15
253 9 2 3 3 6 3 8 2 4 7
350 9 6 1 3 2 7 3 8 6 8
383 5 4 5 9 3 8 4 7 9 7
295 6 3 1 5 4 8 9 6 1 6
296 5 1 6 5 7 6 7 2 6 3
332 8 7 4 2 1 8 8 5 7 2
316 5 1 9 7 2 6 4 8 6 2
271 9 1 7 3 4 1 5 9 3 2
380 5 4 5 8 6 8 8 4 3 9
409 7 7 6 8 1 8 8 6 4 4
334 7 3 4 6 8 6 2 9 6 2
224 8 1 1 4 3 3 9 1 5 6
414 7 8 6 9 8 3 4 7 6 7
282 6 3 9 4 6 5 7 1 5 1
279 5 3 4 5 2 3 5 7 3 9
15
375 6 8 4 2 8 9 3 8 4 4
262 3 7 9 1 4 1 7 1 9 7
339 3 6 8 8 8 4 5 2 3 3
309 9 4 7 4 3 5 4 4 7 6
438 4 9 7 8 5 8 7 6 2 8
327 1 6 6 7 7 8 8 1 3 2
323 6 4 5 7 8 7 5 5 3 1
187 7 5 2 1 4 1 3 1 5 2
323 4 9 2 7 8 3 5 1 9 7
267 5 5 4 4 9 4 4 1 3 3
310 9 1 3 8 2 9 7 2 7 3
273 6 3 8 8 3 2 4 2 1 8
308 9 7 4 4 3 2 5 7 6 2
348 6 2 8 8 7 4 7 4 7 7
329 5 5 1 9 1 7 5 6 2 8
15
286 4 5 3 4 4 6 4 3 5 6
205 9 1 4 3 4 2 1 1 7 3
382 7 3 8 8 4 6 3 8 6 8
366 6 7 4 7 1 7 6 8 1 6
369 5 5 2 9 7 8 8 6 5 3
241 3 2 5 1 5 7 5 5 3 3
422 4 6 7 9 4 8 8 7 6 5
281 7 5 7 4 2 2 7 2 1 9
279 4 5 1 8 4 3 8 5 4 2
317 4 2 8 5 8 6 5 3 2 9
286 2 2 1 2 6 9 9 7 2 9
291 1 8 8 1 8 3 8 7 1 3
378 3 8 6 2 6 9 2 7 5 8
363 7 1 9 1 8 7 7 9 9 4
354 6 8 4 8 4 3 7 7 1 6
15
341 3 2 8 6 5 8 9 5 8 3
303 6 5 5 6 6 3 8 3 8 3
296 5 2 4 3 9 6 8 4 3 5
297 5 2 6 3 4 6 1 7 7 3
193 7 1 9 1 2 1 4 2 5 1
247 2 8 1 2 1 7 2 4 1 7
286 7 4 8 1 7 1 6 4 3 9
417 2 9 4 8 7 5 8 9 4 9
380 6 5 9 5 2 8 8 8 5 1
262 3 3 6 4 5 4 5 3 3 7
327 8 7 9 1 1 5 8 5 7 6
346 1 8 1 4 5 9 2 9 4 6
260 7 1 4 1 5 3 5 9 3 5
419 5 7 8 6 3 9 8 5 8 9
261 4 4 7 3 4 1 3 4 7 6
15
357 3 3 5 9 5 8 4 5 8 5
378 7 8 3 6 8 1 6 9 3 9
320 8 6 2 6 1 7 7 2 3 6
294 9 1 2 9 4 4 2 9 1 3
399 8 8 8 2 8 5 4 9 6 6
305 9 7 4 9 2 2 5 1 7 3
334 8 6 7 5 4 7 7 1 5 4
345 3 2 8 5 6 9 5 1 8 8
310 5 7 4 6 2 9 1 1 3 2
255 5 2 4 5 5 3 3 8 1 3
272 6 1 9 5 2 5 4 2 7 6
370 7 8 5 3 3 9 3 5 6 8
201 2 3 6 3 3 1 4 4 2 6
314 3 1 5 9 9 6 4 5 4 4
399 8 8 4 7 6 5 7 8 9 1
15
301 4 7 6 1 9 6 1 2 5 9
414 6 6 8 5 3 6 7 9 8 7
223 8 1 2 3 3 4 6 2 8 4
323 5 8 9 9 2 1 4 3 4 6
272 6 5 5 3 3 4 7 6 2 4
378 5 8 9 9 1 5 1 7 1 6
304 1 6 1 4 7 8 9 6 1 3
260 5 5 2 3 6 7 5 1 7 3
345 9 8 7 2 5 8 8 1 9 2
227 1 1 2 3 1 7 8 4 4 4
223 2 2 4 3 1 4 6 6 3 2
343 5 9 8 8 2 1 2 8 3 5
332 4 5 9 7 9 1 5 6 4 2
217 1 3 1 5 1 7 2 1 9 2
278 7 9 1 3 1 7 1 2 4 6
15
197 5 1 8 1 4 1 2 4 3 7
366 8 8 7 4 7 5 4 3 9 7
318 8 7 5 9 3 4 2 2 2 5
361 1 6 9 6 5 7 1 9 4 5
213 5 2 3 2 3 3 6 1 6 8
360 3 9 8 2 4 3 6 9 9 6
288 2 4 8 1 3 5 8 6 6 9
306 8 1 3 1 3 9 3 7 7 7
313 4 3 3 6 6 3 5 6 7 8
405 1 5 6 8 9 7 5 8 8 4
352 8 2 7 9 4 9 6 2 3 4
390 8 3 3 9 7 7 5 8 6 9
362 8 5 4 4 5 9 6 6 2 7
332 3 8 2 8 2 2 7 9 7 1
323 5 8 1 4 5 8 6 4 4 2
15
386 2 7 9 9 8 5 9 3 4 5
240 2 1 8 5 5 2 2 5 3 3
322 4 6 7 1 4 9 3 5 6 6
228 6 2 4 4 4 5 4 1 6 1
309 5 3 7 6 1 6 4 1 9 7
348 6 9 3 7 7 1 6 7 2 5
385 8 6 8 7 4 7 8 1 9 4
348 9 9 7 5 2 3 6 3 6 6
337 3 6 6 9 9 5 5 2 2 4
295 3 1 7 7 8 5 4 3 5 4
374 7 8 2 7 3 9 3 2 9 4
366 5 7 9 7 5 5 5 3 7 4
361 5 2 7 2 7 8 7 9 5 9
349 5 1 9 8 4 7 2 6 9 6
347 9 1 8 7 4 9 4 1 4 9
15
326 6 9 7 9 3 1 6 3 1 1
268 6 3 6 7 1 1 1 7 6 1
414 7 4 7 7 8 9 2 8 8 5
262 2 8 3 6 5 4 3 1 2 4
240 2 5 6 3 3 2 6 8 1 1
425 2 6 9 8 9 9 6 6 9 2
413 6 8 4 2 5 9 8 9 9 8
320 2 6 6 4 8 5 1 8 4 3
401 9 9 9 6 1 6 2 8 1 4
307 8 6 5 5 1 2 1 7 7 3
347 8 5 3 8 3 6 9 2 6 4
235 6 4 7 1 4 5 6 1 1 6
249 8 3 3 6 1 2 2 5 6 1
405 2 9 8 9 2 7 2 9 6 1
293 1 3 9 4 3 8 1 5 5 1
15
367 8 3 8 6 8 8 6 3 3 8
333 8 4 7 1 4 9 1 8 5 5
332 4 9 7 7 5 3 2 3 9 3
338 1 6 3 4 2 8 9 9 7 3
217 1 7 3 1 1 3 9 2 7 5
347 1 9 1 6 2 8 3 6 9 5
282 1 1 1 5 6 9 9 2 8 9
322 1 8 6 8 9 3 6 1 3 4
300 7 7 4 7 4 1 1 6 6 5
293 6 9 9 1 4 5 2 4 2 2
305 9 7 4 6 6 1 9 1 1 8
343 4 7 7 9 4 1 6 9 5 2
354 7 4 5 8 9 2 4 9 1 6
334 4 9 2 2 5 5 4 9 8 1
315 2 9 2 3 8 7 7 1 3 9
15
303 4 5 4 4 3 3 5 9 5 8
300 1 4 4 7 4 5 7 7 5 5
351 9 4 1 9 4 5 9 9 4 2
246 4 3 8 1 2 6 3 5 3 5
230 1 1 4 5 5 6 8 4 1 4
360 8 6 7 2 8 3 4 8 9 4
302 6 7 3 5 8 4 2 2 2 8
292 2 1 4 9 5 4 6 7 6 3
347 9 5 4 5 1 8 5 7 4 2
345 4 2 9 7 2 7 8 1 7 8
317 7 1 2 3 3 9 5 9 5 7
399 8 2 9 8 6 9 2 6 2 8
282 5 6 5 2 6 5 8 4 3 4
300 7 4 6 4 7 6 4 1 6 2
362 9 5 2 8 5 7 4 6 1 9
15
332 9 6 8 2 8 3 9 5 5 5
285 3 2 6 7 6 7 7 1 2 5
240 3 6 7 2 2 1 9 1 5 9
413 7 9 3 8 2 7 5 9 6 8
384 7 2 6 7 7 9 8 7 5 4
324 2 8 9 1 3 5 7 7 8 4
189 3 2 6 1 7 3 3 4 3 1
301 8 1 4 2 6 9 3 5 6 2
241 1 2 9 2 8 3 3 5 6 3
284 4 1 6 7 3 1 1 8 6 6
358 8 3 4 8 1 5 9 7 3 9
288 7 5 3 1 7 5 9 3 8 1
306 1 7 8 4 2 4 1 5 9 7
280 7 5 3 3 4 6 2 4 8 1
360 1 8 8 2 6 6 2 6 9 7
15
380 8 9 8 3 1 8 4 3 7 9
266 2 1 6 4 8 8 3 2 7 1
327 6 4 7 2 3 8 4 8 4 3
313 5 5 9 3 8 2 9 4 5 2
381 9 6 2 6 9 8 7 7 8 1
300 3 4 8 6 2 4 9 4 5 4
319 2 5 1 9 9 5 4 6 3 1
318 5 5 5 1 2 7 8 8 8 3
269 8 3 2 4 3 9 2 1 3 4
252 8 2 9 5 3 1 2 1 1 9
286 2 3 8 1 8 6 9 4 5 4
281 3 3 5 2 3 7 8 4 4 7
424 7 6 9 8 7 6 4 7 8 4
267 6 5 4 2 1 2 3 9 4 9
283 1 9 2 3 4 9 2 4 1 4
15
413 6 8 6 5 8 9 3 5 6 5
298 2 9 3 7 1 3 9 1 9 6
349 8 8 8 2 5 5 7 7 4 3
202 4 1 5 7 4 2 2 1 2 3
319 9 4 8 5 9 5 1 6 2 1
319 8 6 1 7 4 7 2 2 7 7
301 9 2 6 5 1 9 3 1 6 6
334 1 6 6 9 9 2 8 9 1 3
327 1 9 2 6 9 5 3 6 3 2
296 9 9 1 1 8 5 5 2 4 2
274 3 1 9 6 3 3 6 7 5 3
285 2 6 3 3 3 3 1 8 9 7
361 5 7 6 9 4 4 3 6 3 9
280 8 3 1 7 5 7 2 2 2 4
350 5 8 9 7 2 3 2 8 8 1
15
235 1 3 3 5 8 6 3 2 1 4
377 4 6 9 7 9 7 2 1 5 8
393 8 8 6 6 3 6 7 5 9 4
361 2 8 4 4 9 8 2 8 4 1
389 8 7 2 8 2 4 9 9 7 3
328 5 3 8 1 9 7 3 6 8 4
348 5 6 3 9 8 5 5 1 3 8
346 9 9 9 4 2 2 3 1 6 9
274 7 1 4 2 4 7 4 9 3 2
264 8 4 5 4 3 1 1 2 9 5
303 5 4 4 1 4 8 7 9 1 6
344 5 6 9 9 2 7 2 2 5 1
372 5 6 6 8 8 8 1 5 3 2
378 4 9 7 5 8 2 9 6 6 7
350 9 8 9 5 4 7 4 1 4 1
15
397 6 9 6 6 6 5 6 8 4 2
266 9 2 6 4 5 3 6 4 2 6
235 6 1 2 3 1 7 7 1 9 5
299 8 1 9 6 3 1 1 5 9 6
354 1 9 7 9 1 5 4 5 2 5
369 6 3 9 6 8 6 5 7 9 4
356 9 4 4 2 3 8 9 9 4 4
310 9 5 9 3 4 2 1 9 2 3
328 9 6 1 6 5 6 7 5 3 6
388 9 4 9 9 3 6 5 5 6 6
332 4 8 7 2 6 8 8 3 1 7
370 3 7 4 8 8 1 3 9 7 7
347 3 9 4 1 8 9 2 6 4 3
255 8 5 1 5 3 1 6 2 9 4
276 1 5 2 7 7 3 1 3 8 8
15
273 5 3 6 2 4 1 7 6 8 5
382 9 7 7 6 6 3 3 4 9 7
246 4 3 1 4 2 8 3 4 2 6
362 6 5 1 4 7 9 3 7 7 9
341 4 3 9 8 1 6 1 7 4 5
348 7 1 4 9 8 1 5 9 7 9
396 8 9 9 5 7 3 7 8 3 7
421 9 9 9 2 9 8 8 5 9 3
347 8 7 1 9 9 2 3 3 5 8
249 2 4 9 2 3 2 5 3 8 3
321 6 5 9 2 7 5 1 7 4 4
286 2 5 4 2 7 5 1 8 8 6
228 1 1 7 4 3 2 3 6 4 4
320 9 6 1 4 5 3 6 7 5 6
345 7 5 8 4 8 6 8 5 3 4
15
351 1 9 9 7 6 1 8 8 6 1
309 9 7 4 3 3 5 7 3 6 1
289 3 5 4 2 2 5 8 6 8 4
256 4 5 9 2 1 6 7 2 1 2
374 9 9 8 5 7 5 7 1 4 5
290 6 7 3 4 1 6 6 5 3 4
241 2 4 5 6 1 4 1 1 9 5
313 5 2 4 6 2 5 4 6 7 8
310 3 6 4 1 9 6 2 7 7 8
386 2 4 8 8 7 8 4 3 9 8
309 4 6 2 2 7 6 5 8 2 7
384 9 7 7 8 3 5 7 4 5 5
325 8 2 9 9 1 2 5 5 5 8
317 4 4 9 8 2 1 4 5 8 5
249 1 5 4 1 3 3 7 7 5 5
15
283 7 4 2 4 3 2 3 9 9 5
322 1 7 6 4 4 1 8 6 8 9
278 5 1 4 3 4 6 4 5 8 4
309 7 5 1 6 1 3 8 7 7 4
280 9 4 5 5 2 2 8 1 4 9
399 8 7 8 9 9 5 1 7 4 3
388 5 2 9 7 9 7 6 9 4 6
324 2 7 3 7 1 4 2 8 7 8
348 2 8 8 8 7 1 5 6 3 7
297 5 1 4 6 8 5 5 7 4 3
272 6 5 4 1 1 4 9 9 3 1
270 2 6 8 3 4 2 3 9 1 3
362 4 7 8 6 3 5 2 9 3 5
351 8 4 8 4 3 9 8 2 3 6
359 6 7 5 4 6 4 5 9 2 7
15
327 9 1 8 7 8 4 7 2 2 8
300 1 3 2 9 1 3 7 7 7 7
318 1 1 5 3 9 8 5 7 9 9
339 6 2 9 4 2 6 7 7 9 4
359 8 9 9 4 7 1 3 5 7 4
208 5 2 7 3 1 3 5 2 1 5
201 5 1 4 7 7 1 2 1 3 1
302 2 3 8 3 6 1 9 8 8 5
306 1 7 3 8 5 5 3 4 5 1
235 6 2 7 2 8 2 5 3 2 8
364 9 9 3 5 1 6 7 6 8 1
366 9 5 2 5 9 6 9 6 2 6
383 7 4 1 7 9 7 4 9 8 6
281 7 6 5 7 3 2 4 1 6 6
267 7 1 5 8 2 3 2 3 8 6
15
196 1 1 2 2 7 1 9 6 2 7
372 2 8 6 5 6 6 7 9 1 7
240 5 7 3 2 4 7 1 2 2 1
308 4 3 5 7 8 6 3 4 1 3
375 7 7 4 3 1 8 2 9 8 7
375 9 6 1 9 9 8 2 2 8 4
232 5 3 2 2 5 1 8 6 3 7
378 8 9 3 3 1 7 9 6 8 7
184 3 1 3 4 1 1 1 7 4 5
285 1 8 4 2 4 4 6 7 2 4
256 6 2 1 6 7 4 9 3 4 2
246 9 3 4 2 8 3 6 1 5 3
322 6 3 9 8 2 5 1 2 7 9
169 1 1 2 3 5 2 1 8 1 1
260 7 6 5 6 1 2 8 2 2 4
15
347 1 8 5 9 7 3 2 4 5 7
267 3 3 4 1 8 5 8 1 7 9
303 9 6 5 3 1 6 5 3 1 5
239 6 2 3 3 1 6 2 7 3 2
284 1 6 5 1 7 8 3 5 4 2
344 8 8 7 5 3 1 9 8 7 1
387 6 6 8 9 4 7 8 1 1 8
306 5 8 5 2 4 5 4 6 1 5
292 5 2 5 7 9 3 4 2 9 4
233 5 3 1 2 2 6 1 6 4 7
421 8 8 8 9 1 7 4 9 7 1
310 8 9 1 2 9 7 5 1 1 5
358 1 7 5 1 5 9 7 8 7 4
283 1 4 9 2 6 5 5 5 2 7
278 2 5 3 6 4 2 9 6 3 6
15
376 7 6 2 9 3 8 7 4 2 8
302 8 3 6 6 1 7 1 5 2 3
319 8 4 3 3 7 7 7 5 3 4
366 8 8 2 6 4 7 4 1 7 9
368 2 7 5 6 5 6 6 8 8 6
235 3 2 3 7 2 1 7 3 8 2
312 9 7 4 5 4 3 9 5 1 4
255 1 3 4 6 9 1 5 3 7 7
347 1 6 5 9 9 3 3 7 4 7
319 5 3 5 8 9 4 3 8 1 1
464 8 9 9 6 8 7 6 8 8 8
391 6 7 4 9 6 6 9 1 8 9
378 8 9 5 7 8 7 1 1 4 8
199 2 4 3 1 1 4 1 3 9 2
304 7 2 4 3 7 8 2 3 4 8
15
262 7 1 1 2 9 7 6 4 2 9
370 4 6 6 9 8 7 2 2 4 8
376 5 9 5 2 4 6 8 7 9 4
272 2 7 4 3 4 1 6 8 7 3
195 2 1 1 1 4 1 2 9 8 6
413 9 7 3 4 8 8 9 5 9 8
313 6 8 2 2 7 7 6 2 3 9
258 5 3 3 3 6 3 1 8 7 5
320 7 4 4 4 8 2 7 8 2 8
332 4 3 4 6 5 8 6 3 9 7
251 2 7 2 1 2 6 8 4 2 3
307 7 2 1 6 9 7 7 5 5 2
358 8 8 1 9 9 2 3 6 1 9
426 1 9 8 5 9 7 6 6 8 7
230 4 1 1 5 8 4 4 1 8 3
15
220 1 3 5 4 8 3 1 4 1 4
214 9 2 1 2 1 3 7 1 7 5
251 1 1 2 1 5 8 6 7 5 9
391 1 6 9 9 7 5 9 5 9 5
244 4 1 8 1 7 1 1 9 2 6
341 3 4 2 3 9 9 5 7 9 2
308 7 3 9 5 7 4 1 4 3 4
309 9 3 9 8 7 5 3 1 3 2
339 4 7 7 8 5 3 4 6 2 5
334 4 8 9 4 3 7 4 1 4 5
330 3 6 5 5 5 3 3 9 6 9
291 5 4 2 9 2 6 2 2 3 5
347 4 1 6 8 7 8 7 5 7 2
280 9 3 8 5 7 2 6 3 2 3
374 9 4 7 7 6 8 7 3 5 1
15
297 5 5 7 4 8 2 5 5 2 7
242 2 6 1 8 5 2 4 4 4 1
384 4 9 5 3 7 8 6 3 7 9
359 9 8 1 7 1 4 5 5 7 8
306 5 5 9 2 3 6 5 2 9 1
324 1 7 4 8 5 1 9 4 5 7
288 9 4 1 2 3 8 5 2 3 8
231 6 1 9 4 2 4 3 1 3 3
283 2 1 8 5 9 4 3 8 2 1
350 6 7 1 2 6 8 7 6 7 9
326 6 6 5 3 5 5 8 1 9 7
342 8 9 2 1 7 5 5 8 7 3
308 5 3 5 2 1 8 8 4 6 9
266 1 5 8 1 9 4 1 3 6 9
328 3 6 7 9 5 1 5 5 6 7
15
376 6 9 6 3 8 9 6 6 1 3
251 8 3 1 3 3 8 9 1 6 2
281 9 5 3 7 4 1 2 4 5 4
295 4 9 5 3 2 3 2 6 4 5
315 3 6 5 8 5 2 9 2 9 2
326 7 3 6 6 6 9 7 1 7 1
408 6 9 8 5 3 6 2 9 5 7
314 3 8 3 9 1 3 9 4 3 7
410 9 6 7 7 5 8 4 5 9 1
362 9 9 3 7 9 3 4 6 8 1
309 7 8 1 5 5 4 3 5 8 1
314 8 3 4 2 8 5 7 9 2 8
393 1 9 3 7 7 9 2 9 6 3
407 5 9 3 6 9 9 5 9 1 4
292 1 7 1 3 4 6 4 7 3 6
15
264 4 7 3 7 1 1 7 2 7 1
316 6 3 3 3 5 6 4 9 7 4
246 1 2 6 8 8 2 6 1 2 7
426 8 9 6 7 8 7 1 3 6 9
272 3 1 5 5 5 4 7 8 1 4
390 5 7 8 4 5 7 7 8 7 6
330 8 6 2 5 3 1 6 7 9 8
315 2 7 6 8 2 4 7 3 4 6
340 5 1 9 8 4 5 6 2 9 8
235 6 2 4 4 1 1 8 8 2 3
256 2 3 8 9 2 1 1 4 4 1
384 9 8 8 4 9 6 8 3 3 6
270 9 3 9 6 1 2 8 1 4 2
209 7 3 1 1 6 4 1 1 7 7
299 3 5 9 5 9 4 3 3 2 4
15
355 1 6 5 9 6 4 8 5 9 2
369 3 8 2 8 2 9 5 6 4 3
390 8 9 5 7 8 5 7 3 9 5
314 4 8 6 6 7 3 6 3 5 3
322 9 2 5 8 3 4 1 7 5 2
256 6 6 2 1 6 1 4 5 9 8
354 6 3 3 6 9 5 8 5 9 7
270 3 1 4 6 5 6 3 4 2 9
295 8 4 4 8 7 3 2 3 6 4
294 6 7 7 6 9 3 1 1 1 5
277 2 7 4 9 2 3 9 1 2 1
352 6 1 7 8 4 8 3 7 6 7
408 3 6 7 5 8 5 9 9 8 9
238 6 2 6 3 3 2 4 4 8 6
279 7 2 2 6 7 4 3 6 5 3
15
280 2 6 8 3 5 7 2 1 2 5
217 2 1 1 2 7 7 7 3 8 2
293 7 2 2 2 9 8 4 8 1 2
235 1 3 3 3 2 7 1 4 7 6
272 1 2 2 3 1 8 2 9 5 9
342 2 8 9 8 1 8 8 1 1 2
266 5 4 8 8 2 2 4 2 3 5
298 3 6 3 6 5 6 3 4 8 2
378 4 4 9 4 8 7 7 8 4 9
257 3 2 6 1 2 4 9 9 6 5
265 6 3 2 7 2 9 1 2 1 4
405 9 6 5 9 9 3 3 9 1 9
395 9 7 9 3 7 9 1 4 4 9
351 3 3 8 4 9 8 6 8 7 3
328 1 9 3 7 7 6 1 2 4 6
15
332 5 9 7 4 8 2 8 6 5 1
345 2 8 7 8 9 1 1 8 4 2
202 2 1 5 4 2 1 4 5 5 3
384 5 5 1 7 4 7 9 8 6 9
260 6 1 3 3 5 2 4 7 7 5
388 4 6 8 5 9 8 5 5 9 4
263 6 5 7 2 9 3 6 1 3 6
399 9 3 2 9 9 5 8 6 9 8
242 3 9 1 1 9 6 3 1 1 1
297 1 4 3 2 3 7 5 9 9 5
347 9 3 4 8 9 2 9 7 2 9
275 4 2 8 5 1 6 7 4 5 4
352 7 7 7 1 9 9 1 4 7 5
287 1 9 5 4 3 2 7 1 6 9
374 9 8 2 8 1 7 7 9 2 2
15
356 1 4 6 4 7 9 7 5 9 6
231 5 4 3 6 1 1 3 3 7 4
273 1 4 7 3 5 4 7 9 1 1
303 4 5 7 4 4 6 3 3 2 7
302 4 3 3 3 1 7 6 7 5 8
284 8 3 5 9 4 2 3 1 8 1
320 3 8 5 9 9 2 7 2 1 7
311 8 7 2 1 8 3 3 6 7 7
411 6 7 1 7 5 8 9 7 8 8
347 3 6 5 8 2 7 8 4 3 8
327 9 2 3 8 1 4 3 9 1 9
273 5 1 6 1 4 9 2 2 7 5
387 3 8 6 8 9 7 4 5 1 4
353 5 7 8 9 4 6 5 3 2 1
260 7 9 2 1 8 1 6 1 5 3
15
283 1 6 1 5 2 5 1 8 4 7
242 6 1 9 1 3 3 1 7 8 1
274 4 9 3 1 7 2 3 4 6 6
308 4 7 7 1 2 6 6 7 6 4
370 6 6 3 9 2 8 3 7 8 2
343 4 3 9 2 8 6 7 9 4 8
321 6 9 8 2 2 8 4 1 2 4
349 7 9 7 6 5 1 9 4 5 7
262 5 2 9 6 1 3 1 1 7 9
433 9 8 5 9 7 9 5 3 6 8
334 1 7 2 7 8 3 6 8 7 7
376 7 2 9 4 1 9 7 9 1 9
226 4 3 3 2 3 3 3 9 1 4
259 3 7 3 3 5 2 7 3 6 1
319 9 6 3 7 1 1 7 7 5 5
15
349 8 2 2 9 7 2 3 8 8 9
335 2 5 4 8 5 7 3 4 3 8
260 6 1 1 9 3 2 5 4 5 6
353 3 8 6 6 3 3 9 8 8 5
341 2 9 9 5 8 5 2 3 1 9
343 9 8 1 2 8 5 5 5 6 6
237 1 9 7 2 1 1 3 1 8 1
225 1 3 1 8 1 3 3 2 9 3
343 7 9 5 3 5 4 1 6 8 5
356 9 2 7 9 8 2 3 3 9 8
241 8 1 4 1 4 3 9 5 5 8
264 1 8 6 3 4 3 6 2 8 1
308 1 1 1 9 1 9 5 6 6 4
362 6 5 1 9 7 9 8 2 9 2
343 8 7 7 5 3 2 4 4 7 8
15
229 7 4 1 1 8 4 3 2 5 2
313 5 8 9 1 4 3 4 6 1 9
344 4 1 9 8 5 4 4 6 6 9
285 2 2 6 2 8 2 8 8 9 3
300 7 3 7 4 5 2 4 9 4 5
302 9 7 7 1 9 4 2 3 2 4
303 8 2 8 4 3 3 4 7 2 6
386 1 7 2 9 4 9 9 8 4 1
237 8 4 2 1 7 1 3 5 3 6
329 4 7 4 2 8 4 2 9 7 3
258 2 1 9 4 8 4 3 1 5 7
345 1 6 4 4 9 9 3 2 9 7
304 1 7 5 1 1 7 4 7 8 9
323 4 7 6 4 8 8 2 3 2 5
285 1 8 5 1 3 3 7 7 7 7
15
391 6 5 9 4 6 6 6 7 9 4
288 3 1 5 3 5 7 1 8 9 5
227 3 7 5 6 1 1 5 3 1 1
266 2 1 4 5 6 6 5 3 2 7
320 7 1 4 9 4 4 5 2 9 7
331 6 6 8 1 5 4 8 4 8 8
314 2 8 2 4 7 8 2 1 9 5
215 8 3 1 1 6 4 4 2 9 1
355 7 3 2 9 7 9 1 6 5 3
381 7 7 5 8 5 3 9 7 5 7
251 6 1 3 1 2 8 2 7 3 9
411 1 8 3 9 8 8 7 7 4 5
320 6 7 1 4 2 8 7 3 4 5
427 9 6 8 9 5 9 2 4 9 4
271 1 1 6 1 8 7 4 6 6 6
15
294 2 8 3 5 2 1 8 7 6 5
401 8 1 6 9 7 8 8 5 8 8
286 2 3 7 1 8 5 2 7 6 7
317 8 3 8 6 3 8 1 1 5 4
303 1 8 3 1 8 8 1 2 8 8
394 6 4 5 3 6 9 8 9 5 9
309 5 6 9 6 9 1 6 2 1 3
353 2 9 1 8 6 6 5 5 7 1
313 6 2 5 5 2 8 7 4 6 4
346 6 4 8 5 9 9 3 2 8 3
347 4 8 8 6 8 6 8 1 3 2
318 7 4 4 8 7 3 1 5 2 6
296 2 1 8 9 7 4 1 8 5 1
319 3 6 9 5 4 2 6 8 6 3
267 7 9 4 3 3 3 5 1 3 1
15
401 3 9 9 2 6 8 5 6 7 7
343 7 4 6 9 9 3 1 4 2 6
396 7 7 8 8 8 9 9 1 1 1
335 9 1 8 5 4 6 1 6 7 4
313 4 9 2 3 1 2 8 9 7 8
385 9 8 5 4 4 7 4 9 3 8
209 1 3 4 1 9 1 3 6 3 4
316 2 7 5 2 5 5 3 7 4 9
378 7 5 7 9 4 3 9 7 6 6
350 6 2 4 4 9 9 5 2 9 8
313 4 5 2 1 9 4 8 5 9 8
256 3 3 1 2 7 8 6 1 7 8
320 8 1 8 6 4 9 5 3 1 6
250 2 1 8 3 5 6 4 3 2 4
271 3 2 1 5 1 7 3 5 9 9
15
393 5 9 1 7 5 7 5 9 4 7
289 8 4 4 4 7 2 9 6 3 6
334 3 1 4 8 5 6 8 5 9 6
237 4 2 2 3 4 5 3 6 5 6
305 2 9 9 3 8 1 7 7 1 2
358 2 9 2 4 3 7 3 9 7 8
292 5 2 8 9 4 4 9 2 4 1
266 6 5 4 1 6 6 5 2 1 7
352 6 9 3 8 4 2 2 8 4 9
274 1 3 9 2 7 4 1 6 4 9
338 5 6 2 7 8 1 6 5 8 8
317 9 8 2 7 2 3 5 3 6 4
312 4 9 1 1 9 5 3 3 9 9
272 5 3 6 8 6 2 2 3 3 2
328 5 4 8 7 6 7 1 2 4 4
15
265 4 4 6 2 1 4 2 6 7 6
342 7 3 4 6 6 6 5 5 6 6
247 7 4 2 2 9 1 1 6 3 8
380 4 1 8 7 6 7 6 8 7 6
364 6 9 1 6 5 7 4 2 8 7
296 9 1 1 7 6 9 1 3 8 2
376 2 5 5 9 1 9 8 6 9 1
307 3 7 4 8 1 6 1 1 6 3
311 3 6 9 3 1 5 4 4 8 9
321 3 9 8 2 1 5 3 9 6 1
335 6 3 6 9 7 1 5 9 4 7
317 9 7 6 5 5 2 3 8 2 1
257 7 2 4 4 4 3 4 2 9 8
331 1 7 4 2 6 9 8 8 6 1
233 1 1 4 4 1 4 6 8 5 2
15
398 7 9 7 5 8 5 8 8 4 4
238 3 1 2 7 3 3 6 2 9 3
290 7 2 5 2 7 4 6 7 8 6
250 2 7 2 5 3 2 7 5 1 6
274 8 9 4 1 1 2 2 6 3 8
317 5 2 3 9 3 8 3 8 4 2
433 9 7 5 8 3 7 8 6 9 5
283 4 6 8 5 9 3 1 1 3 2
281 5 4 1 8 3 5 3 7 4 2
351 4 6 3 4 6 9 1 6 5 8
365 3 9 7 6 1 7 6 5 2 5
233 7 1 6 4 1 4 6 3 7 1
255 1 5 2 1 9 4 9 6 3 1
361 8 7 7 3 8 6 8 3 9 2
404 9 3 9 7 5 9 1 8 7 1
15
336 9 2 1 9 4 4 5 5 8 9
395 4 6 4 6 4 8 6 9 9 9
338 7 2 3 8 5 9 1 2 7 6
375 8 3 2 8 8 7 9 6 4 6
310 1 7 2 8 5 4 7 6 6 3
330 8 1 3 6 6 9 4 3 9 6
322 5 9 1 4 9 3 2 9 7 2
206 2 1 2 6 1 3 2 6 2 6
318 6 8 3 7 6 1 1 6 6 7
378 7 1 6 5 3 9 2 8 9 9
268 1 4 4 6 6 8 8 1 2 2
276 3 3 2 5 6 6 8 4 6 3
233 3 2 7 9 3 1 4 2 3 1
391 7 7 7 3 8 6 7 8 7 5
263 8 1 1 7 4 3 1 7 5 6
15
242 6 1 5 7 7 2 7 1 4 2
314 6 4 6 5 4 4 7 7 7 2
339 6 7 7 3 7 2 8 9 3 4
394 5 9 5 6 5 7 8 7 5 4
339 3 7 1 7 7 8 7 5 4 1
312 4 7 6 3 6 6 3 6 2 2
343 9 9 3 8 4 6 4 4 1 3
347 9 1 8 6 9 9 5 2 5 6
341 8 6 5 4 6 9 8 1 5 5
252 5 4 6 4 1 3 8 1 8 2
410 9 7 5 9 7 7 7 3 6 6
340 4 4 8 1 9 8 1 7 4 9
291 4 2 6 2 8 6 9 8 3 4
350 6 9 1 6 7 4 1 7 5 6
409 6 6 6 9 9 4 2 9 5 6
15
316 9 4 4 5 8 3 8 2 5 8
398 7 6 6 6 9 5 2 8 6 9
270 5 2 4 2 9 7 1 7 1 7
298 3 8 8 5 3 1 6 7 1 3
276 1 4 7 8 7 2 3 3 4 2
304 9 3 7 2 5 3 3 9 8 5
350 8 3 7 9 9 2 8 4 8 5
367 6 5 8 6 5 5 2 9 5 4
293 6 5 4 7 1 6 2 2 6 4
309 3 5 6 6 6 3 7 5 3 3
341 6 3 6 6 2 6 2 9 6 3
320 3 6 8 5 6 3 9 2 5 7
339 4 6 2 6 9 7 1 8 3 4
332 5 8 8 7 6 2 3 1 9 5
224 1 3 8 1 1 3 1 5 9 7
15
371 5 8 3 9 3 8 5 4 4 3
312 9 2 1 8 4 8 4 3 3 5
330 5 3 4 6 8 7 9 6 1 6
255 3 6 1 1 6 1 3 8 4 7
339 7 4 5 4 5 7 2 8 2 6
302 5 1 3 6 4 7 8 6 8 3
292 7 1 4 1 5 9 9 6 3 5
310 9 9 1 1 6 2 9 7 7 5
340 4 7 4 7 5 6 2 5 5 3
417 8 8 3 9 6 8 7 3 8 4
267 5 1 9 2 5 3 7 8 3 5
184 8 1 1 1 1 2 4 1 9 6
360 3 9 9 1 6 8 7 4 2 9
368 3 8 4 5 8 8 7 5 3 5
350 1 9 9 8 7 1 4 4 6 2
15
283 1 1 9 5 2 1 6 6 8 9
223 5 5 3 2 1 1 4 2 4 9
297 7 9 2 3 9 3 8 3 2 6
306 9 6 8 2 3 1 9 5 4 6
303 3 8 8 2 3 4 7 3 6 6
353 1 8 9 7 7 2 3 7 6 1
357 8 2 3 9 5 4 7 7 8 6
374 5 3 4 5 7 9 8 5 7 8
323 8 2 6 2 7 7 1 9 5 3
333 1 7 9 9 1 5 8 4 6 1
338 3 2 2 5 7 9 5 9 9 4
233 8 4 2 2 1 1 1 8 1 7
309 9 3 5 2 7 8 7 2 3 8
300 8 4 3 2 6 9 4 6 2 4
417 7 8 5 4 6 9 4 9 4 8
15
394 3 6 8 9 5 5 3 9 7 6
302 2 4 7 1 9 7 1 5 8 8
391 2 5 7 9 9 8 7 1 7 8
298 6 9 1 2 2 4 1 6 9 6
267 2 3 2 8 1 2 9 5 1 8
345 3 5 9 5 1 8 3 6 3 8
280 1 7 9 3 2 2 3 4 7 5
330 4 1 3 6 5 8 2 9 2 8
334 4 8 2 2 1 7 9 8 3 9
323 1 9 2 7 4 3 3 8 4 9
368 6 5 4 5 4 9 1 9 9 2
368 4 9 9 4 4 9 2 4 5 2
423 4 9 9 7 9 6 2 9 2 9
231 2 5 1 4 2 4 3 2 8 6
234 1 6 1 3 2 3 5 5 6 5
15
346 1 7 6 9 1 6 9 5 2 1
258 6 7 3 1 4 4 2 7 1 1
384 6 8 8 4 8 8 6 3 9 1
357 8 8 5 4 1 7 5 6 7 2
251 6 2 2 5 3 8 4 1 1 4
374 8 9 3 3 1 8 6 6 8 6
305 3 7 8 3 7 2 2 5 1 8
424 3 5 7 8 3 9 7 5 9 9
349 4 8 7 3 7 7 6 8 3 1
278 1 9 1 3 6 2 4 9 6 1
384 3 1 9 7 9 8 1 7 9 7
296 4 1 1 3 4 9 9 6 7 5
357 6 9 9 3 1 9 1 3 7 2
303 1 5 5 9 7 3 8 4 6 2
458 6 8 7 9 3 9 6 8 1 9
15
342 7 6 3 5 4 1 9 7 9 9
320 3 4 9 1 8 9 6 3 4 9
305 3 9 6 1 6 4 4 6 5 4
260 3 3 4 4 8 2 7 7 1 7
265 5 2 5 1 5 4 9 8 4 1
341 6 9 6 6 2 5 3 3 9 4
246 4 5 9 4 3 2 6 1 2 1
334 7 3 6 9 2 8 1 2 9 1
319 5 8 6 6 1 5 6 2 7 1
300 9 3 4 2 2 9 5 4 7 6
317 5 2 4 5 7 6 5 7 1 8
285 2 6 3 6 8 4 4 1 4 9
284 5 1 4 3 1 8 6 9 6 4
353 6 5 3 8 5 5 5 5 7 9
209 1 1 6 1 7 2 6 2 5 8
15
364 4 9 2 9 6 5 2 6 7 3
422 8 6 7 8 8 9 3 2 6 8
310 9 9 7 2 5 2 6 3 3 3
311 9 3 4 3 5 9 1 6 6 2
337 5 5 1 7 2 8 8 4 5 6
302 9 5 7 3 4 4 7 2 5 2
287 8 2 7 1 6 6 4 4 9 1
344 2 9 6 5 9 3 9 4 7 4
261 4 8 4 2 6 1 8 2 7 2
255 8 3 7 3 5 3 3 4 5 2
349 9 8 3 8 3 7 1 2 5 4
261 6 2 2 7 9 3 1 3 7 2
288 2 6 4 2 2 2 6 9 7 6
321 6 9 6 4 7 2 6 5 7 1
332 3 4 2 8 8 4 3 5 9 6
15
395 7 5 3 3 8 7 9 9 9 8
353 4 3 6 5 4 7 5 8 9 4
278 3 5 2 4 5 5 8 7 6 1
365 6 5 9 2 5 9 5 4 9 5
241 2 1 3 7 3 3 6 5 6 1
317 5 6 8 4 3 6 3 2 8 6
267 2 6 3 5 7 7 2 1 2 4
203 4 1 4 3 3 6 4 3 3 1
383 7 5 3 4 7 9 6 9 9 2
335 3 7 6 3 9 4 7 7 9 1
304 1 9 8 4 6 1 9 2 7 5
368 2 2 9 9 5 8 3 7 3 6
353 5 5 4 8 7 9 1 4 6 4
386 2 9 4 5 3 6 4 9 9 5
255 2 3 3 7 2 1 3 6 4 8
15
316 5 4 8 4 2 7 9 5 5 3
226 7 2 4 3 2 1 4 6 6 6
255 1 6 8 4 2 1 2 8 1 2
290 1 1 8 5 6 4 9 5 9 1
347 8 9 1 2 8 9 1 1 6 8
349 5 5 6 9 3 2 6 6 8 5
261 8 1 8 3 9 2 3 4 7 4
356 5 9 5 2 8 4 8 8 3 9
323 3 1 7 3 9 9 5 3 5 9
345 5 1 8 9 2 5 2 9 5 4
281 1 2 5 2 4 9 8 1 7 7
299 2 4 6 1 2 9 2 6 9 5
330 8 1 6 5 6 6 3 7 6 9
349 5 3 9 8 7 6 7 5 6 2
346 1 9 2 4 9 7 1 6 5 5
15
264 4 7 1 5 7 2 9 2 3 2
301 1 3 9 2 5 8 1 5 2 9
271 6 7 5 1 3 1 8 6 5 3
340 1 7 4 2 6 8 3 7 8 8
394 8 8 7 7 6 7 5 1 5 9
255 9 1 2 9 4 1 5 6 5 1
306 2 2 5 8 6 1 7 7 7 4
267 7 8 1 3 6 1 6 2 5 6
280 5 3 1 3 7 6 2 5 6 7
266 8 5 1 1 5 5 7 4 9 2
357 1 6 9 3 9 7 7 5 7 4
357 5 7 8 3 3 9 2 5 3 5
298 5 4 5 7 6 3 9 5 2 4
340 2 6 3 7 2 9 1 6 9 4
226 8 1 8 2 2 1 6 6 5 2
15
267 3 1 5 6 2 9 1 2 2 6
285 1 3 8 5 4 8 9 2 6 1
318 9 8 5 1 5 5 2 6 3 7
278 1 7 8 1 6 3 7 2 8 6
347 6 8 7 8 2 5 4 2 6 1
244 4 2 9 2 3 6 1 4 1 3
347 6 6 7 9 3 3 5 4 6 4
402 7 7 5 8 2 7 7 4 7 8
376 9 7 8 3 9 6 1 7 4 5
341 5 7 5 2 7 4 3 9 4 6
374 4 7 4 9 6 6 3 6 1 7
352 3 8 9 7 5 2 2 5 9 2
335 4 5 8 9 3 3 6 5 8 3
368 8 7 3 5 8 6 6 7 4 4
258 6 4 1 1 6 2 7 9 7 5
15
370 8 3 7 6 6 8 1 8 6 2
310 4 8 7 1 7 3 4 5 4 5
310 1 4 8 9 1 4 2 8 3 2
372 4 1 8 9 2 7 4 8 5 8
345 2 8 9 2 5 8 9 1 2 9
309 7 3 7 6 7 3 9 3 1 9
279 8 3 1 8 3 3 2 4 7 2
372 8 5 3 9 5 5 4 9 4 7
357 7 1 7 8 1 8 3 4 9 7
432 5 9 9 9 5 8 7 5 1 7
303 6 1 9 1 7 4 9 5 9 3
327 8 8 1 2 5 7 8 2 9 6
394 8 9 3 5 6 9 1 7 6 2
268 6 2 1 8 7 6 3 4 1 1
334 8 5 6 8 3 2 3 8 1 7
15
210 2 2 4 4 8 3 8 1 3 3
304 7 4 3 3 8 8 1 5 6 3
333 2 6 6 7 4 6 2 5 6 8
376 9 9 7 9 1 2 6 6 5 6
366 6 8 1 8 8 4 9 6 5 3
367 6 5 9 6 9 7 4 5 1 6
397 9 6 3 9 5 8 7 4 5 9
250 4 1 7 6 8 2 1 5 5 1
321 6 6 7 5 5 7 2 1 7 1
280 1 5 6 5 2 7 5 2 7 5
282 9 6 2 6 5 2 6 3 3 1
256 2 8 3 3 3 3 8 4 7 2
363 8 6 6 7 8 5 8 5 5 3
300 5 3 9 2 4 7 5 6 1 4
309 9 2 6 5 6 3 8 4 5 6
15
351 4 7 4 5 3 7 3 4 8 7
307 4 6 7 3 8 5 8 4 2 2
438 8 9 6 8 4 6 8 7 6 6
417 8 3 7 4 8 8 5 9 7 9
324 8 9 5 2 6 2 7 5 4 6
335 3 7 7 3 1 5 6 5 8 7
314 3 6 2 5 8 9 1 4 8 2
348 9 2 7 7 9 3 7 8 4 4
376 3 7 6 9 4 5 7 6 7 1
401 4 9 9 9 2 5 5 4 8 2
321 7 1 6 2 7 6 7 6 9 4
301 4 1 8 6 6 2 5 7 6 7
275 2 6 1 1 3 8 8 4 6 5
307 7 8 4 1 4 7 8 3 1 6
252 7 3 6 3 2 5 7 1 1 4
15
296 5 9 3 2 2 1 8 6 6 5
316 5 7 7 2 9 4 3 7 2 2
274 5 2 2 8 8 1 4 5 4 6
229 4 2 2 2 2 3 4 8 3 5
251 7 1 4 4 8 2 7 3 5 8
401 5 9 8 5 7 6 7 3 8 9
285 3 4 7 7 1 3 6 7 2 4
323 8 4 3 1 6 9 1 8 8 1
301 7 8 2 5 2 1 5 6 8 4
345 8 7 8 9 3 3 1 6 1 4
412 8 6 7 3 8 8 7 9 7 6
243 2 1 3 1 7 4 5 9 5 4
360 7 9 5 9 9 4 7 1 4 4
268 6 7 5 4 2 2 3 4 6 5
396 8 9 9 3 7 5 4 6 3 8
15
381 1 6 8 7 3 8 5 6 6 8
233 7 8 3 1 2 1 3 1 8 3
433 6 5 9 7 7 7 7 4 9 9
369 9 8 4 9 2 2 9 5 8 3
285 1 3 8 5 4 9 6 1 4 2
255 2 2 3 5 4 3 4 6 7 3
337 1 8 2 5 4 8 9 3 8 6
342 9 3 1 9 3 6 7 7 5 6
350 4 6 2 9 1 7 3 5 9 5
311 1 7 9 4 4 3 9 4 4 6
370 2 4 9 6 2 8 8 4 6 9
335 5 3 6 9 9 5 3 3 6 5
340 6 7 6 4 1 6 7 6 2 6
284 4 4 5 2 4 1 8 7 6 8
362 8 9 4 5 1 7 4 8 1 2
15
410 7 4 7 6 8 9 7 7 4 5
296 1 7 7 2 5 3 8 7 1 6
403 9 4 8 1 9 9 2 9 9 4
241 4 1 1 9 3 5 5 1 4 5
273 5 2 3 7 3 5 4 5 3 4
300 2 9 7 6 1 1 2 6 1 6
277 8 7 7 1 7 1 1 3 8 7
323 2 9 1 9 2 7 2 2 7 1
400 6 8 6 3 4 8 8 7 8 7
200 3 3 7 1 3 4 9 1 4 2
254 1 1 8 1 5 4 1 9 5 8
336 2 9 1 8 5 5 7 3 6 8
250 3 7 6 2 1 2 2 4 3 7
383 1 9 3 7 5 7 3 6 9 8
318 7 9 1 3 6 5 2 7 8 3
15
370 7 7 7 8 2 3 8 5 1 9
223 2 7 6 3 3 1 8 1 6 1
370 7 9 6 9 9 2 2 9 1 1
333 1 8 4 9 8 8 2 1 3 4
206 1 3 4 6 2 1 6 3 5 2
344 3 8 6 6 2 8 5 4 1 6
347 8 6 2 5 6 9 9 1 7 3
373 6 8 9 2 5 8 8 6 2 1
376 2 5 8 5 8 9 2 8 6 7
234 4 1 1 1 6 5 7 8 5 1
330 3 8 5 7 1 2 7 7 5 5
353 2 2 9 1 9 7 5 7 9 9
296 8 6 9 1 1 2 5 4 8 5
360 7 2 6 9 7 8 4 1 4 8
274 3 2 5 2 7 8 4 4 1 9
15
296 8 2 8 3 1 5 1 8 7 2
331 9 2 9 3 7 7 8 5 4 4
318 5 9 1 2 7 5 3 6 5 4
392 3 8 4 7 2 9 3 9 5 7
375 9 9 5 7 4 3 6 6 7 5
339 3 2 5 8 7 5 5 6 9 8
390 9 9 1 9 9 1 7 9 4 1
348 5 7 5 9 6 2 9 5 6 5
209 1 2 1 5 1 2 4 8 1 6
367 9 9 6 7 8 2 6 2 6 6
318 6 3 6 2 9 8 5 2 7 5
234 4 2 6 1 1 4 9 6 2 3
303 1 6 9 4 1 3 1 5 9 8
359 7 9 3 2 6 5 1 6 9 7
262 2 3 1 2 4 8 8 6 4 3
15
255 5 3 8 1 3 2 6 9 3 5
380 3 7 9 9 3 7 4 4 3 6
398 5 5 8 4 8 9 6 6 6 5
433 6 7 5 9 2 9 9 8 5 3
342 6 4 9 3 8 5 3 5 5 9
228 1 7 4 1 4 1 6 2 8 9
257 6 2 5 9 5 1 5 3 6 2
292 2 6 1 1 3 7 9 8 3 9
311 7 2 2 9 7 9 1 1 1 4
309 4 4 2 9 3 6 1 8 4 2
406 8 8 4 7 7 9 7 2 4 8
317 3 5 2 5 2 7 1 9 8 3
329 5 5 4 7 7 2 2 9 9 1
289 2 2 7 5 6 5 9 3 3 4
290 7 1 2 7 2 4 2 9 5 7
15
264 4 8 2 5 4 1 2 2 6 6
273 5 1 4 6 5 4 4 3 6 6
294 6 2 7 5 3 9 9 1 1 3
357 4 1 7 9 6 6 8 6 6 6
287 2 7 1 6 5 6 3 2 7 4
343 3 8 1 6 7 9 7 1 8 2
269 8 9 4 3 7 1 2 4 2 3
331 8 7 5 3 5 8 1 2 6 9
379 8 9 7 9 3 2 4 8 1 4
310 8 5 5 6 2 2 8 7 3 2
250 5 1 3 7 1 4 4 5 3 4
266 8 2 1 8 1 7 1 2 3 8
335 9 8 1 2 5 9 2 3 9 1
341 9 7 7 3 1 7 2 3 7 7
338 8 6 8 2 2 7 3 1 8 8
15
285 6 5 5 7 5 1 7 1 6 2
257 1 1 3 3 1 9 1 7 8 7
201 1 6 2 1 5 3 1 6 1 2
256 3 4 3 2 2 7 6 6 1 5
229 2 3 6 2 1 5 4 4 4 1
401 9 2 9 9 6 6 5 6 8 2
329 4 8 5 8 3 6 1 4 1 3
283 3 5 2 6 9 1 5 2 8 7
394 8 1 9 9 2 9 1 6 7 6
389 4 8 9 4 9 6 9 8 6 2
372 6 8 9 4 2 3 6 7 8 5
224 8 1 4 3 7 2 4 2 8 4
326 7 1 8 9 4 2 6 9 4 2
299 3 4 8 6 4 1 9 4 6 9
279 7 9 1 2 6 1 6 5 8 3
15
313 2 5 1 3 4 9 6 4 9 9
317 5 3 5 5 5 6 1 8 7 3
378 7 7 1 8 9 5 4 6 8 8
371 5 6 8 1 6 9 1 9 9 6
265 2 5 8 1 6 2 7 5 5 5
283 7 7 5 4 3 2 5 2 3 7
396 5 4 8 9 9 6 6 4 4 9
219 2 2 2 1 3 3 1 9 7 4
379 2 5 4 9 9 3 8 9 9 2
250 5 4 5 4 6 2 5 2 4 5
368 4 7 6 4 8 8 8 5 6 2
296 3 1 9 2 5 8 4 5 8 6
275 2 5 6 1 1 4 7 9 2 6
276 6 5 4 3 6 5 8 4 1 1
227 9 1 1 3 3 4 3 3 3 8
15
276 2 2 6 5 6 3 3 9 1 8
295 4 3 3 9 9 2 2 4 3 6
323 9 4 8 6 3 8 1 2 4 2
286 8 2 7 5 7 1 4 6 5 2
320 9 7 6 5 7 1 7 8 1 1
351 1 9 1 9 1 9 3 3 6 3
332 6 6 6 5 5 6 9 1 6 6
466 1 9 5 9 8 9 8 7 9 6
247 1 3 1 5 4 6 6 3 9 3
346 4 2 7 6 2 9 5 7 7 2
405 4 9 8 5 4 8 2 5 6 8
299 5 2 4 7 6 7 2 6 2 6
338 7 1 9 2 9 7 6 6 3 9
207 3 5 4 2 3 1 4 1 7 5
336 2 4 4 5 3 4 9 7 9 9
15
257 2 9 5 4 9 1 4 3 1 1
333 8 6 4 3 9 4 6 7 8 4
302 6 1 6 9 2 3 9 2 9 5
291 5 2 8 7 5 5 2 3 1 8
238 5 2 7 5 4 1 4 3 6 5
378 4 6 7 9 7 5 5 5 8 5
288 1 9 2 1 8 3 9 6 5 1
319 9 1 8 5 2 6 6 4 3 9
285 8 4 8 4 4 2 6 3 5 6
338 8 1 6 9 5 8 1 3 5 2
357 2 8 5 2 5 8 8 8 6 7
349 5 4 8 3 1 7 9 9 8 4
310 4 2 3 1 7 9 8 7 2 7
363 3 9 1 7 5 8 2 4 4 7
321 2 5 4 5 1 7 5 7 6 6
15
340 6 2 7 9 4 5 9 2 8 3
329 7 7 2 7 1 2 8 6 3 8
265 2 3 4 6 5 2 5 3 5 9
375 2 7 4 9 8 3 2 9 4 7
360 9 6 3 4 6 7 7 5 5 7
299 2 1 8 5 6 9 5 4 1 3
229 2 4 9 4 4 2 5 2 5 2
393 3 8 2 7 7 6 1 9 9 6
232 4 2 6 4 6 2 8 1 2 3
361 8 8 9 2 8 3 7 3 7 9
282 1 4 4 1 8 2 8 6 7 9
303 9 4 1 7 9 3 9 2 7 5
178 4 2 2 2 5 2 5 2 3 2
237 4 1 4 8 5 2 3 3 4 4
318 1 9 9 1 4 7 1 2 9 9
15
275 1 4 3 8 9 1 7 5 2 3
305 8 2 3 6 2 3 9 9 6 4
301 1 3 7 1 8 9 4 9 2 5
355 3 6 5 7 2 6 8 7 3 7
295 1 2 9 3 2 9 5 6 1 5
327 7 3 8 7 5 2 6 6 6 4
236 1 4 1 4 9 8 5 1 3 2
304 8 3 1 3 7 7 5 4 7 7
334 7 3 9 8 5 4 7 2 7 3
381 7 7 2 8 9 2 7 9 3 8
260 6 1 9 4 3 4 2 1 8 5
218 9 1 1 2 1 1 6 7 6 3
325 6 9 9 5 2 2 3 8 2 1
318 6 8 3 9 5 4 3 3 4 1
298 7 3 1 5 5 7 7 5 6 5
15
342 7 5 9 7 3 4 4 7 5 2
257 4 5 1 3 9 6 8 1 7 1
227 1 8 2 1 4 4 2 3 4 4
381 7 7 9 7 4 6 7 2 6 6
259 4 4 1 4 8 3 9 7 4 1
361 6 5 9 6 2 6 5 8 4 6
292 2 1 8 5 1 5 1 8 7 8
286 6 1 9 6 2 6 4 3 3 5
352 9 8 2 6 7 9 5 2 5 1
339 4 6 4 8 3 8 1 6 6 2
189 1 2 4 7 1 3 5 1 1 1
262 2 3 4 9 3 2 2 4 1 9
367 9 9 4 4 7 4 2 6 9 5
317 2 7 7 8 3 4 8 4 3 2
267 4 7 5 2 4 2 2 7 5 1
15
379 6 5 7 7 8 7 6 8 4 3
296 5 1 6 4 5 7 1 6 4 6
319 4 2 3 9 4 8 3 6 7 3
299 5 7 5 2 8 4 7 4 4 4
245 1 6 1 1 6 5 8 1 8 5
365 3 3 8 2 9 8 4 7 9 9
353 6 9 1 1 3 9 3 8 4 8
306 8 5 6 3 1 8 6 1 3 6
376 7 1 7 8 8 9 7 3 9 6
321 5 9 5 1 3 7 4 3 8 3
255 7 1 4 1 3 6 6 3 9 3
276 6 5 3 1 2 9 7 4 3 2
420 8 9 3 9 3 9 9 6 6 3
311 7 4 6 5 1 5 8 6 6 4
326 1 3 1 9 1 6 8 8 7 5
15
255 8 6 6 4 4 2 4 2 4 3
327 8 1 4 1 8 7 2 8 8 9
273 3 3 4 6 2 6 9 2 1 9
297 7 5 1 5 5 7 3 3 5 6
402 9 3 9 8 9 9 5 7 1 1
349 5 2 9 8 6 5 8 5 1 6
289 9 5 2 6 5 6 4 2 6 2
278 6 1 9 1 2 6 5 4 8 8
383 4 7 6 8 1 8 3 7 7 2
346 6 7 5 8 3 6 4 3 2 9
233 1 5 3 1 6 5 2 4 3 5
260 7 3 7 5 8 2 8 2 1 4
374 2 6 5 7 4 9 6 8 2 7
302 9 4 2 6 7 1 8 2 9 9
296 6 7 9 3 9 2 3 3 4 4
15
302 3 9 8 5 4 1 9 2 6 2
245 2 2 2 8 8 1 6 4 3 4
323 9 4 3 9 1 2 6 5 5 5
322 4 7 2 3 2 2 9 9 6 9
361 4 9 7 5 8 5 4 7 2 5
353 9 4 5 9 5 7 2 4 2 3
299 2 8 7 2 1 8 2 5 1 6
277 7 3 5 3 4 3 9 8 5 2
316 6 7 7 5 2 5 3 4 5 1
229 2 1 4 3 3 5 8 4 4 7
321 1 1 8 5 1 9 1 9 6 5
378 4 9 6 4 6 4 1 9 8 7
401 3 5 9 3 9 7 9 7 5 9
380 9 4 9 9 9 4 4 1 8 9
368 5 7 9 6 5 5 6 8 1 3
15
307 7 1 5 5 3 6 2 8 2 6
242 6 4 7 5 8 1 4 1 3 4
294 7 8 7 2 6 5 2 1 2 7
381 5 9 5 1 6 9 5 8 7 3
288 4 2 1 9 5 1 2 9 4 9
290 8 7 4 5 4 2 5 2 2 6
255 9 3 1 3 2 4 5 8 3 3
361 1 5 7 5 9 9 4 3 8 6
331 8 8 9 1 6 4 3 5 5 6
274 2 2 3 4 5 7 9 2 3 9
328 8 1 2 6 8 8 2 7 1 7
285 7 1 8 6 1 1 8 6 6 7
265 4 2 1 8 7 5 4 1 5 7
191 4 4 2 4 1 1 4 7 2 1
369 8 9 2 5 5 5 8 8 2 9
15
285 4 6 4 4 9 2 4 1 8 6
399 2 7 6 9 5 8 5 8 3 2
299 6 1 2 5 1 8 2 4 9 9
327 4 4 5 8 7 4 3 9 2 2
251 4 6 4 1 5 5 3 3 8 2
287 3 6 9 2 2 5 6 4 2 3
371 5 8 3 7 5 5 9 7 3 9
243 5 4 3 1 5 3 3 7 4 3
410 9 7 7 9 5 5 5 6 1 7
356 7 7 5 1 7 9 9 4 4 3
337 1 6 6 6 8 3 5 6 6 8
349 8 9 4 4 1 9 2 4 4 4
353 5 8 7 3 6 8 4 4 3 9
263 3 4 4 4 6 2 2 7 8 5
226 6 1 4 3 2 6 5 2 8 1
15
298 1 9 6 5 4 3 6 4 4 1
260 1 5 5 1 8 3 7 4 6 5
302 2 6 5 1 5 7 2 3 6 9
269 8 7 3 2 3 2 3 3 5 6
318 5 8 4 4 6 3 2 7 8 5
326 3 5 4 1 9 7 6 5 8 5
346 2 4 5 8 3 9 1 3 8 7
237 3 2 4 4 2 4 2 8 8 1
396 9 9 9 8 2 5 4 5 3 3
359 6 7 8 7 2 6 4 3 4 5
399 8 7 7 4 8 8 3 3 8 6
276 8 1 7 4 6 1 2 7 7 5
258 9 3 2 3 5 8 5 3 1 2
244 1 4 3 2 9 2 8 8 1 2
371 3 7 4 9 5 8 7 6 1 5
15
379 3 9 4 4 9 8 2 7 4 5
304 3 2 9 4 1 3 8 7 8 6
347 5 6 5 5 2 9 7 3 7 8
305 6 4 5 4 3 5 5 7 5 4
357 1 6 6 9 7 8 1 3 8 2
427 6 5 5 5 9 9 9 9 7 5
319 7 4 2 4 4 9 7 2 2 8
387 4 9 4 7 3 8 7 3 6 9
317 1 6 4 8 6 1 8 7 6 6
338 4 2 7 8 2 9 3 5 5 5
378 6 7 9 4 8 7 1 5 8 4
333 9 6 1 4 4 9 2 1 8 7
419 8 8 5 8 7 4 4 9 9 6
304 4 5 7 1 7 8 4 2 5 9
342 9 4 5 5 5 4 8 6 2 7
15
309 4 1 2 8 7 6 8 3 6 8
296 2 7 5 5 9 2 2 1 8 5
343 8 9 1 5 7 8 1 1 9 4
288 5 4 4 2 2 2 4 8 9 9
290 3 4 2 8 2 4 6 9 2 3
340 5 5 8 1 8 8 9 4 7 1
294 6 3 5 5 2 8 1 9 1 2
220 4 8 3 1 1 2 6 3 2 4
284 4 3 1 1 5 8 4 9 7 4
320 2 5 3 3 7 6 6 8 4 5
289 7 4 6 1 3 5 7 5 6 5
274 1 8 3 9 2 1 1 2 5 9
271 2 3 8 7 8 1 3 2 6 7
339 7 8 3 8 9 3 4 2 5 8
313 4 4 6 4 5 9 3 2 4 6
15
400 6 9 8 7 2 6 6 8 6 4
336 6 9 6 4 3 2 6 7 8 1
286 7 5 1 5 8 6 4 1 4 8
287 4 2 4 4 3 4 9 9 3 5
378 5 7 3 7 9 9 6 6 2 5
296 1 8 3 6 1 5 9 3 6 3
381 4 9 3 6 1 9 4 6 7 6
332 5 9 8 3 1 8 6 2 1 6
362 6 4 9 8 5 4 4 5 7 4
345 6 9 9 4 3 1 7 7 4 5
316 8 2 4 3 9 4 8 6 5 6
279 5 4 5 4 1 4 6 6 8 2
352 6 8 6 6 4 2 2 7 5 9
284 4 6 5 2 2 7 5 2 9 2
337 8 8 4 1 5 6 1 5 8 6
15
295 2 7 2 6 4 4 6 2 9 4
351 7 6 9 1 3 7 1 9 7 7
436 6 8 9 7 6 3 9 9 9 9
384 6 8 4 9 2 7 5 2 8 5
359 9 9 2 4 9 1 3 8 8 5
364 6 3 1 7 8 9 4 8 5 5
384 9 3 7 7 9 6 2 7 5 7
401 7 9 2 7 4 8 3 8 9 4
325 9 2 7 8 6 5 8 2 4 1
305 4 3 6 9 5 3 7 4 5 2
287 6 3 4 3 6 4 8 9 2 4
268 3 2 2 4 5 6 7 4 5 7
342 2 4 6 4 8 4 5 9 7 6
317 5 9 9 2 1 2 5 6 9 1
371 5 5 9 8 1 7 5 6 5 7
15
329 4 6 6 9 1 8 3 1 4 2
385 1 4 8 8 5 9 9 7 3 7
197 1 2 6 1 3 6 7 2 1 3
359 8 8 3 9 3 4 3 7 3 6
152 7 1 3 1 6 1 2 1 4 2
294 9 2 7 2 4 6 7 2 6 9
208 3 1 3 1 3 4 5 8 1 5
300 2 6 3 3 1 7 9 2 5 9
354 4 3 7 6 7 9 3 3 6 8
359 7 1 7 4 9 4 6 9 6 8
249 1 7 3 2 2 3 3 2 7 8
332 1 6 6 4 3 8 7 7 4 6
237 5 5 4 6 1 3 1 3 1 7
303 7 4 1 6 7 7 7 2 8 2
343 8 3 3 4 3 9 9 8 1 8
15
437 4 9 4 7 9 9 7 7 9 5
238 1 1 7 2 7 7 5 1 1 5
307 8 2 7 1 7 7 3 6 3 4
314 7 3 9 1 6 9 3 2 4 5
224 1 1 6 6 5 5 6 1 2 3
243 2 9 2 2 1 1 5 6 5 1
412 5 9 7 9 8 8 9 4 2 2
256 7 5 3 1 2 5 2 7 1 9
213 4 3 1 2 7 3 3 2 6 3
378 9 4 7 5 9 7 1 8 4 2
367 7 5 2 4 7 5 7 8 8 8
326 2 3 7 3 8 8 6 8 3 1
390 3 3 9 9 5 4 9 9 3 8
345 2 6 6 7 3 4 9 4 9 5
287 2 5 9 6 9 1 1 2 7 3
15
289 9 6 8 4 2 2 3 3 6 3
282 1 7 5 3 6 8 6 2 4 3
359 7 8 2 8 1 5 3 6 6 4
425 7 7 9 4 6 8 6 7 7 7
286 4 5 6 2 9 1 9 6 5 1
243 2 4 2 4 2 8 4 4 2 5
398 5 3 6 8 9 8 7 4 6 7
398 7 1 8 8 8 6 9 7 9 6
286 4 7 1 6 6 2 4 5 2 9
326 9 2 8 8 7 1 7 1 4 9
335 2 3 7 6 6 9 2 4 2 9
332 4 5 9 2 5 6 2 9 1 9
260 1 2 6 9 5 1 3 4 5 4
318 7 6 3 3 1 8 6 6 2 6
290 5 3 2 2 4 9 9 5 4 3
15
284 5 1 9 9 6 2 8 3 1 3
358 1 6 6 6 1 8 1 7 9 6
264 9 5 5 2 3 1 2 5 3 9
329 7 1 7 4 3 4 4 9 9 8
179 2 3 1 5 4 2 2 1 4 5
364 6 8 8 3 8 4 3 7 4 4
255 3 2 1 9 1 8 1 1 1 4
385 7 7 5 9 4 8 7 1 2 6
247 1 3 8 1 9 2 7 4 7 2
219 6 4 5 4 2 4 3 1 1 3
380 4 8 4 8 1 8 2 5 9 5
247 2 3 7 2 5 4 2 5 4 3
385 4 9 8 7 2 5 9 3 6 6
301 7 5 8 1 7 6 4 3 5 3
271 8 1 3 6 8 2 5 5 2 6
15
304 7 2 5 7 6 5 3 3 5 4
322 6 5 9 4 2 4 9 8 5 1
427 8 5 5 9 3 6 6 8 9 8
285 7 8 4 6 6 1 6 1 4 6
344 6 4 7 7 4 4 9 7 6 2
259 4 2 5 4 3 4 5 7 4 4
365 8 4 7 8 8 7 5 4 2 1
344 8 8 5 1 3 6 6 8 4 9
254 7 1 2 7 3 5 3 5 7 1
247 2 3 3 1 5 6 4 7 3 2
333 8 1 3 9 4 2 7 8 8 7
370 8 4 5 6 4 7 3 7 7 6
211 1 1 5 1 7 2 8 2 9 6
309 6 1 3 9 7 6 9 5 1 3
322 9 8 2 9 4 1 6 3 4 2
15
270 5 1 3 8 6 2 6 5 5 6
241 2 6 2 8 2 3 2 5 1 2
199 1 5 3 1 1 5 2 1 4 8
303 8 1 7 2 6 5 9 7 4 6
330 7 8 1 4 7 6 7 8 1 4
379 8 8 5 6 3 3 4 7 5 9
345 9 3 3 5 9 8 5 1 6 9
215 7 6 1 4 3 3 2 2 4 1
303 2 3 8 2 4 8 3 8 8 1
323 4 7 2 7 5 4 7 3 5 5
316 3 8 6 2 9 7 1 2 5 4
297 4 3 7 9 7 2 4 2 3 7
352 4 6 5 7 2 8 4 4 7 6
309 5 1 7 3 3 9 3 4 7 8
284 7 3 5 5 4 3 4 4 4 9
15
250 1 1 1 8 8 3 3 6 7 4
257 8 2 7 1 5 5 1 6 3 3
279 4 2 3 7 5 7 5 3 8 2
273 5 8 2 6 4 1 8 1 4 3
351 5 8 2 3 8 9 1 6 5 4
200 3 3 7 1 2 1 2 5 6 3
240 3 1 5 7 4 4 2 2 6 6
296 8 3 3 5 8 4 8 3 4 9
359 4 5 7 5 6 4 7 9 7 2
290 3 7 3 6 7 1 7 3 6 6
348 2 7 4 8 5 8 6 3 5 5
289 5 1 9 7 6 3 3 5 7 3
307 7 9 3 2 1 5 6 3 7 8
312 5 6 6 1 1 5 5 9 5 3
280 1 9 9 3 2 2 2 6 3 3
15
380 8 6 3 2 5 6 7 9 9 7
265 9 6 2 5 1 4 1 3 7 1
384 8 7 8 8 9 5 1 4 8 2
345 3 7 5 7 9 4 8 3 7 5
278 4 4 9 3 2 3 4 8 4 1
251 3 2 1 1 1 6 9 5 9 8
288 5 3 2 3 4 8 2 8 7 3
318 5 9 2 2 8 1 5 6 8 9
310 3 7 2 8 3 9 3 1 2 7
257 1 3 2 7 6 5 9 4 1 2
380 2 7 7 8 6 8 3 8 1 1
324 6 3 3 9 9 2 3 9 1 7
320 8 4 7 8 2 2 7 4 3 8
391 6 3 9 7 9 7 4 8 2 9
296 8 6 9 2 2 5 8 2 7 2
15
320 7 8 1 4 8 3 8 7 5 3
376 6 8 6 4 5 5 7 8 5 4
364 3 2 8 4 3 8 8 9 6 7
338 9 7 3 5 5 2 5 8 3 6
263 2 3 4 4 4 1 6 9 5 7
339 9 7 4 5 6 2 2 4 8 8
292 2 1 4 8 9 4 9 3 7 2
340 6 9 7 7 3 1 7 3 9 5
436 3 7 9 8 6 5 1 9 9 8
249 3 8 5 4 1 4 4 1 6 1
241 3 6 1 5 2 1 1 5 9 7
327 4 8 9 9 6 1 5 2 6 2
366 1 5 8 8 3 9 8 2 8 1
249 5 5 5 2 8 4 5 1 4 4
348 8 5 9 7 5 3 2 2 7 9
15
347 1 9 2 3 3 9 5 7 9 3
334 9 8 3 2 6 9 2 2 6 5
390 6 7 3 9 8 5 4 8 1 8
351 3 9 7 1 5 4 7 5 8 9
355 7 9 3 8 3 8 2 2 4 2
321 5 8 4 7 7 5 7 3 2 3
411 9 9 4 7 9 1 7 6 8 8
410 7 4 6 8 8 6 2 8 8 8
286 2 2 8 6 3 7 3 1 9 3
280 7 8 3 4 3 2 7 1 4 9
386 9 8 9 8 9 2 3 5 2 6
312 1 1 8 5 3 6 3 9 7 5
325 9 5 1 4 9 2 9 4 8 9
399 2 6 9 7 1 8 8 9 3 6
363 3 2 6 9 6 9 6 5 3 9
15
284 7 6 7 6 2 1 7 2 7 2
340 7 8 4 5 2 8 2 5 4 3
393 5 6 5 5 5 7 9 9 6 9
352 2 6 5 7 5 2 6 9 5 8
361 8 7 3 7 3 5 1 7 6 7
249 3 7 4 3 4 3 5 3 6 3
295 3 2 7 1 4 9 2 5 8 3
279 4 6 5 5 2 1 1 9 4 5
306 4 3 9 7 5 1 8 1 6 9
304 3 7 4 3 9 3 6 7 2 7
273 3 5 1 5 3 8 1 5 8 1
248 1 2 3 4 8 3 2 6 8 7
302 6 1 2 7 7 2 6 7 6 6
407 4 9 2 7 5 5 9 7 7 9
330 9 2 3 7 8 8 5 1 1 8
15
329 5 7 4 5 3 1 6 9 9 8
304 4 7 5 7 2 7 1 4 2 4
369 9 6 8 6 4 4 2 7 1 9
343 5 7 1 8 9 6 1 4 8 5
352 7 5 2 8 5 9 5 1 1 9
352 9 6 7 2 9 7 3 4 1 6
332 8 4 1 8 6 8 2 1 7 4
275 4 2 3 2 6 4 4 7 9 9
202 2 2 3 1 9 1 6 3 9 2
366 4 6 4 9 3 4 4 8 4 7
405 5 6 6 7 7 6 7 9 5 3
394 2 5 7 6 8 9 7 8 2 8
315 8 1 6 3 6 7 3 9 1 9
200 1 3 1 2 4 3 4 5 1 7
348 9 4 9 9 2 4 8 2 7 4
15
368 3 9 1 4 3 9 9 8 9 3
334 8 2 3 4 8 7 2 9 5 3
282 7 4 8 1 6 6 4 4 2 1
329 6 5 6 7 4 8 3 4 3 2
368 8 1 7 7 7 9 6 5 5 6
287 5 1 7 2 7 5 7 5 8 5
294 6 5 9 3 4 3 4 3 3 9
349 3 6 9 2 5 7 4 7 7 8
210 2 1 1 7 2 4 1 3 5 7
347 4 9 5 4 6 5 6 6 4 6
261 8 2 7 4 3 5 1 1 6 7
222 8 3 8 1 3 2 8 1 1 8
254 8 6 1 4 6 4 1 3 1 5
344 5 8 9 7 1 1 3 6 9 3
247 3 8 7 1 1 4 1 3 8 2
15
290 9 6 8 1 1 2 9 5 7 3
437 3 8 9 7 3 9 6 8 7 8
355 6 5 1 9 2 9 1 9 3 5
381 5 2 5 9 5 9 3 8 5 8
354 9 4 6 5 5 5 4 8 4 5
390 7 8 9 9 4 6 7 3 3 4
296 9 5 2 8 2 4 3 3 6 1
323 6 5 6 2 8 8 8 4 2 1
318 5 3 3 3 1 6 7 9 9 6
333 6 2 8 9 3 2 8 6 6 2
293 7 3 3 9 1 4 3 4 2 7
348 9 4 3 7 7 8 1 5 4 4
314 7 4 6 5 9 4 1 1 8 9
289 1 5 9 5 2 6 7 4 1 4
328 3 4 2 7 5 6 8 9 5 1
15
323 2 6 8 3 8 8 7 1 6 4
293 4 3 5 3 4 7 5 2 5 8
251 6 1 7 5 3 1 9 4 2 7
372 9 5 3 6 1 6 7 8 7 7
316 9 6 3 4 1 7 4 5 3 8
275 3 4 4 8 4 2 1 2 8 9
322 9 3 8 5 9 1 6 6 2 5
340 1 8 4 8 9 1 5 8 6 6
328 6 4 2 4 5 9 4 8 7 4
240 1 3 9 3 9 6 1 1 4 2
237 5 2 1 6 6 2 3 1 3 9
345 9 5 3 2 8 9 4 8 3 1
376 8 9 6 2 9 5 7 5 9 2
348 2 8 7 6 3 4 4 4 9 7
339 1 8 2 9 8 4 4 3 5 8
15
363 6 4 4 9 7 4 8 9 2 6
313 9 7 8 2 2 4 4 7 6 2
313 2 1 9 3 9 2 8 9 8 4
290 9 2 4 7 1 3 6 5 2 7
294 4 2 7 8 8 1 6 2 8 2
338 9 5 2 6 8 7 9 1 5 3
332 1 3 1 8 2 8 7 4 8 9
278 2 1 7 7 8 5 9 3 2 2
302 6 3 7 1 6 6 7 5 6 5
379 7 5 9 4 4 9 1 5 6 6
239 3 3 5 1 2 4 5 6 6 7
371 2 4 7 4 9 9 8 6 8 5
251 8 2 6 1 8 1 9 4 7 4
332 8 9 8 1 9 3 2 9 1 1
298 3 4 5 3 8 7 1 4 8 7
15
313 7 2 9 2 6 9 8 1 5 5
296 4 2 1 5 9 8 5 7 4 2
428 4 9 9 9 8 5 4 9 1 7
331 3 8 8 4 7 4 7 4 5 4
288 7 2 9 3 1 3 2 6 9 5
267 8 7 1 6 1 3 7 3 3 3
443 9 2 9 9 7 6 8 9 7 5
374 7 5 8 6 8 7 7 5 2 3
350 8 5 3 3 8 4 6 6 9 8
346 3 6 6 7 1 3 4 8 9 8
332 5 4 2 5 6 8 5 3 7 7
420 9 4 7 6 6 9 8 6 8 9
339 3 2 9 8 2 5 5 8 9 1
310 8 6 3 2 2 7 7 6 6 3
345 5 3 8 7 6 5 5 5 7 8
15
313 1 6 9 6 3 6 4 2 6 3
381 3 6 6 9 2 6 8 6 5 6
305 9 4 6 2 8 4 7 2 7 9
302 7 2 7 2 7 3 4 8 6 6
342 1 6 9 1 6 9 2 9 5 6
274 5 9 9 1 6 2 1 2 3 5
364 9 6 1 8 3 7 5 8 1 9
276 4 3 5 3 9 8 1 2 3 4
349 8 1 5 8 3 9 2 4 6 8
358 8 9 2 8 7 4 1 5 8 2
244 4 4 5 1 7 1 8 6 4 4
216 4 3 1 6 8 1 8 1 3 1
275 9 6 2 3 4 5 6 3 1 2
307 4 3 2 7 7 7 5 4 4 8
260 1 7 9 3 9 3 8 1 1 2
