100 15
500 500 500 500 500 500 500 500 500 500 500 500 500 500 500
15
416 9 8 4 2 1 3 3 2 8 1 4 4 6 7 9
432 8 4 2 7 4 8 6 6 2 8 4 7 1 8 4
506 8 8 6 4 3 8 8 5 5 8 6 2 8 2 9
414 8 8 1 2 3 6 7 2 9 8 3 4 2 2 7
428 4 2 6 2 1 8 3 9 9 7 2 6 3 9 1
425 6 1 3 7 5 9 5 6 4 8 6 4 2 2 9
461 1 1 6 7 2 9 9 6 4 9 7 6 8 2 5
497 7 8 9 1 4 6 6 3 6 6 6 7 2 9 4
380 7 7 5 2 8 8 2 1 2 3 8 3 2 2 5
404 3 8 3 4 2 3 4 3 8 6 4 1 9 3 9
415 4 6 9 1 5 2 3 9 7 8 1 2 9 1 8
484 1 6 4 3 5 6 7 6 8 6 9 3 8 4 9
360 9 1 8 4 1 3 1 6 5 3 2 5 9 6 1
381 2 7 1 9 1 7 5 3 3 9 7 9 4 3 6
467 5 6 8 6 6 6 8 3 9 3 2 2 3 7 4
15
313 3 6 2 2 4 2 4 2 2 2 4 5 7 4 7
392 1 8 7 1 5 4 5 9 1 5 8 7 3 1 4
377 5 3 5 6 2 1 7 3 6 4 5 1 1 7 4
500 6 3 8 7 9 3 5 2 7 8 5 8 4 6 5
383 8 6 3 2 4 2 1 1 7 2 7 5 9 8 4
360 3 5 6 4 1 4 4 6 2 9 1 1 7 3 7
413 4 3 3 7 8 7 9 4 9 3 4 5 6 3 3
475 6 2 6 1 8 7 7 8 2 9 7 9 1 6 2
421 9 9 5 6 2 3 8 5 5 1 9 4 2 3 6
421 8 7 2 7 4 5 2 8 1 6 6 5 7 9 5
383 3 8 7 3 1 9 4 4 5 1 6 4 3 8 2
359 1 2 2 9 8 4 5 9 7 5 4 6 5 3 4
530 6 1 8 9 6 9 9 9 2 8 7 2 7 4 8
398 3 4 7 7 4 1 3 9 5 4 1 2 6 7 7
532 4 9 8 3 5 6 7 6 9 6 3 5 9 6 7
15
349 3 2 1 1 7 4 6 2 1 5 6 5 1 9 3
480 7 6 6 5 7 9 1 9 5 5 7 3 9 9 1
243 6 1 2 2 1 2 1 6 3 8 2 3 6 3 1
454 6 6 2 9 9 2 4 2 7 3 6 7 7 7 7
416 9 9 2 8 2 4 2 9 8 4 8 3 3 4 5
455 8 1 6 1 5 7 6 9 6 4 9 1 6 9 3
427 8 7 7 5 7 5 8 3 1 6 4 8 2 2 4
422 6 8 9 8 3 6 2 8 4 4 5 3 7 7 3
417 2 3 4 7 5 8 5 2 1 8 9 3 9 9 2
435 9 6 9 9 7 8 7 9 4 3 1 2 2 4 4
396 7 6 2 1 1 8 9 3 3 3 5 2 3 3 7
387 3 8 1 4 2 4 5 1 6 6 3 8 4 5 7
414 6 5 1 7 2 6 4 1 1 7 9 1 6 5 9
393 2 3 7 3 6 4 4 4 4 6 9 6 9 1 3
293 2 1 4 4 4 4 4 3 2 1 9 8 3 2 2
15
553 7 8 2 4 8 8 5 8 9 9 9 2 3 7 7
482 7 7 5 3 9 5 3 7 8 4 7 6 7 9 3
363 5 6 3 7 2 2 3 6 7 3 8 2 7 4 5
468 9 2 4 6 2 3 3 3 9 9 9 2 8 3 8
436 1 5 4 6 7 3 8 2 2 5 9 1 9 9 2
424 5 2 9 2 6 9 5 1 4 5 9 3 8 1 5
430 7 4 5 6 8 3 3 8 5 6 7 6 7 3 5
476 4 5 7 7 9 5 8 6 5 3 4 7 4 8 7
441 7 2 5 5 9 2 7 6 6 2 7 3 7 2 7
402 8 1 2 7 6 6 8 6 9 6 4 2 2 1 1
320 1 5 2 5 2 2 6 7 2 4 1 8 1 9 3
476 9 5 5 4 3 9 7 6 6 9 7 3 4 3 3
470 8 7 5 4 7 9 9 9 7 2 1 6 7 4 2
344 3 1 4 2 5 8 6 9 1 4 2 6 2 4 2
381 1 7 8 2 5 2 5 7 9 7 4 3 5 1 1
15
389 3 1 1 7 8 8 4 1 8 8 2 1 5 7 7
413 4 2 4 3 9 8 2 5 4 7 5 9 2 7 5
377 4 3 2 6 3 2 7 5 8 6 4 7 9 5 3
425 2 6 5 7 3 3 8 8 7 8 4 5 6 6 2
392 5 4 2 7 8 4 5 7 1 1 5 7 7 4 9
448 8 5 5 3 6 5 8 1 2 5 1 1 9 9 9
362 3 5 8 6 2 1 3 4 2 3 2 6 8 5 8
467 7 8 2 5 4 9 8 6 8 7 1 9 2 5 8
401 2 8 3 5 7 6 3 8 8 9 3 6 1 1 8
367 8 3 6 8 9 6 4 2 2 5 2 4 6 2 5
371 4 8 6 5 3 7 3 4 1 2 7 9 5 2 1
372 7 4 3 8 9 3 3 3 1 2 2 9 1 9 5
350 5 2 2 9 5 6 2 6 3 1 6 9 1 5 4
413 6 5 5 4 4 4 6 9 5 8 2 3 5 5 5
412 7 7 1 8 6 2 4 1 9 6 2 8 4 5 9
15
416 4 8 5 5 2 3 6 2 5 8 7 7 2 4 4
380 7 4 9 1 5 7 3 4 1 3 5 7 3 1 4
361 9 6 3 3 2 7 1 7 2 8 4 6 9 2 3
403 8 5 1 5 6 2 9 9 8 3 4 1 2 6 4
483 8 5 5 2 6 6 1 6 7 5 8 8 8 9 3
431 6 4 3 9 3 8 6 4 4 9 5 7 8 3 4
363 2 5 5 8 7 6 2 7 3 4 7 8 9 3 1
367 2 5 3 9 3 3 4 5 6 9 6 1 1 1 7
445 9 2 5 8 3 9 9 1 5 7 4 2 5 9 1
393 5 6 4 8 1 3 1 3 9 8 3 3 9 3 7
376 4 5 1 1 7 1 7 9 7 1 2 1 5 5 9
370 1 9 3 6 9 1 2 2 6 2 1 7 1 7 8
440 3 7 7 1 1 9 2 4 9 5 7 8 7 5 6
430 8 5 4 4 7 6 4 6 9 5 4 2 4 3 9
439 8 7 4 2 8 6 2 6 5 9 6 9 5 1 5
15
406 6 3 5 4 4 4 2 4 7 9 7 7 2 1 6
444 9 4 3 3 7 3 6 2 7 8 6 1 8 4 6
317 1 3 6 9 1 1 5 8 2 4 3 5 2 7 2
443 4 6 6 4 9 7 2 2 8 7 6 1 9 2 7
367 4 1 3 7 6 7 6 3 8 2 1 6 3 2 6
481 8 1 8 5 9 1 7 2 7 6 1 9 6 5 7
495 8 6 1 4 8 8 6 9 7 1 3 5 9 9 8
404 2 1 6 3 5 6 3 9 4 8 5 6 9 1 8
290 1 1 2 5 2 7 6 3 1 4 1 2 7 3 7
472 8 3 7 3 9 8 3 6 7 6 1 7 1 5 7
383 3 5 5 7 2 8 1 1 5 8 1 9 9 3 7
377 6 9 4 9 5 7 1 8 6 5 1 5 3 2 2
356 3 7 3 7 6 3 4 5 2 8 2 4 9 2 8
452 9 7 9 9 6 8 1 5 2 3 6 3 8 5 7
414 5 6 3 8 7 6 3 7 4 5 4 9 7 3 4
15
280 1 7 1 5 2 3 5 6 3 6 2 2 6 1 5
481 5 2 2 3 9 5 8 9 6 9 7 1 7 8 5
429 9 8 7 5 5 3 1 3 6 5 9 3 5 7 2
435 2 7 7 3 5 6 5 5 1 5 7 2 6 6 9
444 5 5 4 6 6 3 8 8 4 8 6 8 4 3 6
373 4 8 3 8 1 4 2 6 7 4 7 3 3 5 5
500 4 4 4 4 6 4 7 6 2 7 9 5 3 9 9
314 7 3 1 9 6 3 1 7 4 7 3 3 2 3 3
497 6 8 5 2 4 7 5 5 9 1 8 9 6 6 6
392 8 3 1 5 4 4 4 9 2 5 3 5 9 6 8
547 8 4 3 5 7 4 7 8 8 8 7 4 7 7 8
525 9 5 6 6 4 1 5 1 9 9 4 8 4 9 7
417 9 7 9 6 3 3 4 2 1 1 5 5 1 6 5
478 7 9 8 1 2 9 5 2 6 6 9 1 7 4 9
487 4 6 8 4 4 7 7 8 6 7 7 2 9 2 4
15
437 6 5 6 5 4 1 1 4 9 3 9 5 5 7 6
438 4 1 6 3 8 3 7 2 6 6 4 4 8 4 8
425 9 1 6 9 1 9 8 4 4 1 7 5 3 5 6
457 4 8 7 4 8 8 7 4 3 3 4 9 3 2 6
375 3 4 2 1 5 1 5 8 5 9 9 5 2 1 5
362 4 5 1 4 1 4 7 8 8 2 6 1 9 3 8
400 6 1 3 7 6 1 7 6 9 3 8 9 4 1 5
316 3 3 3 1 4 6 1 2 1 4 7 3 3 5 4
389 8 5 1 8 9 6 7 5 7 1 3 4 6 2 1
465 3 4 5 1 8 6 6 6 1 4 9 1 4 9 9
369 5 5 5 2 1 5 6 4 2 2 9 8 7 1 5
442 2 6 9 6 3 6 1 9 7 5 8 9 4 2 4
382 3 7 2 9 2 5 5 9 5 8 6 6 7 2 3
405 1 7 7 4 1 5 3 3 7 6 8 2 4 2 7
404 2 2 5 8 4 8 9 1 9 5 2 5 4 3 8
15
525 6 6 2 6 9 6 9 8 6 7 6 5 9 7 9
436 1 2 8 8 9 9 7 6 1 8 7 1 3 4 4
384 8 3 6 4 1 2 9 8 3 7 1 6 7 2 3
379 2 8 6 8 3 5 3 7 2 5 6 8 7 2 6
427 3 4 4 6 8 6 6 4 9 8 1 1 9 9 3
492 9 4 9 1 5 8 3 1 5 9 4 7 8 8 2
491 8 1 6 8 9 3 5 4 7 9 3 3 9 7 6
426 3 1 5 9 4 2 9 1 2 9 7 1 8 7 2
491 6 9 8 4 1 5 9 6 7 7 3 4 4 9 1
562 9 2 9 1 6 1 9 9 6 9 5 9 2 9 7
365 1 2 9 2 1 9 7 1 8 3 1 8 3 3 5
440 5 9 6 7 4 3 9 2 8 8 1 1 9 5 1
485 9 4 4 6 3 9 9 1 4 7 1 8 6 8 4
422 3 7 3 9 9 4 7 9 7 2 6 5 2 1 7
378 5 6 7 4 2 4 7 2 3 4 2 8 1 5 3
15
390 3 2 7 6 5 4 5 1 4 5 4 6 4 5 7
440 1 9 4 3 7 7 8 5 9 8 7 2 8 3 1
506 4 5 9 3 6 3 9 2 8 3 2 9 5 9 6
493 7 6 4 1 1 5 8 5 7 4 9 6 8 5 7
387 8 1 6 5 7 7 1 4 5 5 6 2 5 2 9
470 9 3 6 9 6 7 2 6 4 5 8 6 5 8 1
482 3 3 5 3 7 8 8 1 8 9 8 3 4 7 4
454 6 1 2 6 9 6 6 7 5 9 2 4 4 5 7
386 5 5 1 5 1 6 8 2 6 6 5 8 2 1 9
439 1 5 8 3 4 3 9 5 5 3 5 7 2 8 3
421 5 9 2 3 7 6 9 3 6 2 3 9 2 7 5
429 5 7 6 1 8 1 5 7 2 9 7 1 2 6 6
388 4 6 1 2 4 7 8 4 5 5 5 2 8 3 6
432 6 9 3 4 7 9 8 5 5 7 2 1 5 3 3
441 1 7 9 5 3 1 4 7 8 7 1 2 5 7 9
15
432 3 8 4 9 1 3 4 8 8 6 5 8 6 8 4
368 1 4 4 4 6 6 4 2 6 1 4 4 6 6 5
416 4 2 8 9 3 4 2 1 9 6 4 3 4 9 5
514 6 6 7 8 9 2 9 9 1 9 6 7 3 7 3
316 2 6 1 5 3 3 9 4 1 2 2 2 8 4 4
330 1 3 5 3 3 3 4 1 4 1 5 8 6 7 5
456 2 4 3 4 6 3 7 5 9 8 1 7 1 9 7
445 4 8 5 3 4 6 4 6 3 9 4 9 6 2 9
472 2 5 3 8 5 6 8 4 9 4 7 9 9 3 5
409 9 8 7 3 8 2 4 4 8 4 1 8 3 2 1
498 8 9 2 9 6 9 3 5 9 6 5 4 2 9 9
418 7 2 8 6 6 6 9 7 2 6 2 3 2 1 2
388 6 2 1 1 9 4 9 6 2 3 7 4 4 9 1
331 8 9 4 1 3 7 1 6 2 2 1 9 3 4 2
336 1 2 7 7 9 6 5 1 1 7 1 3 8 3 1
15
384 8 3 5 3 1 7 7 4 3 7 2 4 5 6 3
349 5 2 5 3 7 6 4 6 4 1 7 5 5 2 2
469 5 1 9 9 4 5 8 6 3 7 7 1 3 9 2
448 4 7 7 9 3 1 3 5 5 8 6 5 4 2 9
386 6 9 2 5 5 5 3 1 3 7 5 6 1 9 2
412 3 1 8 5 7 5 3 6 5 8 4 4 2 3 9
436 4 4 5 9 3 4 9 3 9 6 4 3 5 5 6
492 7 7 8 3 8 4 8 4 5 5 1 9 6 4 6
571 8 4 5 5 6 7 9 5 9 9 8 5 2 8 5
499 5 2 4 4 7 8 7 3 5 7 9 7 4 6 6
343 3 1 2 6 6 4 8 2 5 1 5 7 4 8 1
349 6 6 2 4 1 2 7 1 4 1 3 8 7 6 2
409 9 6 2 6 6 6 4 1 2 9 8 3 9 3 2
402 2 1 2 3 6 4 6 5 8 3 9 3 6 6 3
276 2 4 3 2 1 7 3 3 9 2 1 8 5 3 2
15
422 8 5 2 9 5 1 1 5 7 4 7 6 6 8 7
374 4 4 2 6 1 7 5 3 5 4 4 4 5 3 8
444 7 2 6 9 1 7 9 3 8 4 5 2 1 3 8
398 2 2 2 3 3 5 8 5 7 8 5 9 6 6 1
510 6 7 7 3 7 7 5 7 9 7 2 9 4 7 7
427 7 3 6 5 9 9 4 8 5 9 3 7 8 1 1
429 6 3 5 1 3 2 1 8 7 8 8 1 8 7 8
424 1 3 2 6 7 3 5 5 7 7 2 9 8 7 7
353 9 1 6 4 1 6 4 1 2 4 8 2 8 1 6
368 3 1 7 9 1 1 2 2 9 4 6 5 3 5 2
355 9 1 1 7 9 4 1 1 4 8 2 9 4 2 3
422 7 6 5 2 4 3 2 2 2 7 6 5 3 9 9
415 2 6 6 9 4 7 6 3 6 3 3 9 8 5 4
438 7 4 5 5 7 1 5 1 9 1 6 6 8 6 7
405 2 6 3 6 6 8 4 6 8 2 5 9 9 6 2
15
399 6 7 8 2 3 2 5 9 1 9 4 1 7 3 5
355 4 6 2 9 8 1 3 2 3 4 2 5 3 9 4
354 5 7 5 8 5 2 1 5 2 6 6 7 5 6 1
295 7 2 9 2 6 2 1 1 3 1 3 3 4 1 7
341 5 5 2 3 1 3 3 3 5 1 9 3 9 3 8
401 8 9 4 9 2 9 2 4 1 7 4 4 8 2 8
444 7 5 7 9 7 6 7 7 5 6 3 3 8 1 2
440 7 6 3 4 6 5 5 5 2 6 4 8 6 2 9
523 9 6 6 1 9 5 6 9 9 5 9 7 3 3 5
438 8 5 4 9 2 1 1 3 7 7 8 8 8 7 4
367 7 1 8 8 1 1 3 9 5 2 6 5 4 2 8
516 6 4 5 1 2 8 9 4 6 9 9 6 5 9 2
430 2 6 6 1 8 7 9 4 1 9 4 2 4 5 4
319 3 9 1 5 1 9 7 9 1 1 1 4 5 6 1
403 7 7 2 9 3 2 2 8 3 6 9 6 8 3 5
15
532 2 4 7 9 6 1 9 8 1 6 9 9 6 9 8
424 7 7 6 2 6 5 3 5 7 3 8 1 9 3 8
472 1 9 8 8 9 2 6 5 9 8 2 1 5 6 3
412 2 7 6 9 4 5 1 8 9 5 3 3 8 4 9
415 3 9 6 6 8 9 1 8 4 9 3 6 9 2 3
410 6 2 9 3 7 3 3 5 3 7 3 1 5 8 3
422 6 5 1 8 3 7 5 5 9 6 5 5 7 2 6
333 3 5 2 3 4 4 7 2 8 3 1 5 2 7 1
449 8 7 6 4 8 3 3 2 9 4 2 5 1 7 5
360 2 9 9 2 6 2 2 3 3 2 4 5 4 7 1
367 5 6 8 5 1 9 1 1 4 1 3 4 7 9 5
387 8 5 6 5 2 2 4 8 5 3 2 4 2 9 6
433 1 4 9 1 7 1 7 4 7 8 6 3 1 4 5
481 6 8 8 7 9 3 3 7 6 8 7 2 1 4 6
467 6 3 8 1 8 5 2 9 9 6 1 5 4 3 9
15
389 2 6 2 2 7 3 2 6 8 7 6 6 4 8 1
425 2 5 5 1 6 8 9 8 3 3 7 1 1 9 5
460 5 5 2 9 6 9 5 8 7 6 1 5 3 6 8
417 2 6 5 6 1 5 5 8 6 8 2 4 9 6 6
343 2 3 2 5 1 2 4 2 9 2 6 8 4 8 5
347 3 3 9 5 9 7 5 4 2 4 2 4 2 2 2
427 5 6 2 7 8 4 4 7 7 8 7 4 1 2 3
379 7 5 4 8 4 6 3 8 8 4 7 7 1 1 2
469 7 6 6 8 6 3 6 1 3 7 8 5 1 4 6
317 7 5 5 7 1 7 2 8 3 1 4 3 5 1 2
430 5 5 3 3 3 5 7 6 7 6 5 6 9 3 5
379 5 6 1 6 7 8 3 8 4 1 1 6 8 5 8
392 5 1 2 4 6 1 9 9 1 7 1 7 4 7 5
371 8 3 9 2 9 6 1 3 4 2 3 2 2 1 7
497 5 7 9 9 3 4 4 2 7 9 3 5 1 9 5
15
379 1 2 6 5 4 1 8 1 3 4 8 3 2 9 4
421 1 8 6 4 5 7 4 2 4 4 3 9 4 6 7
461 3 5 5 4 8 2 8 8 5 9 3 4 4 9 3
414 1 2 6 6 4 8 2 9 1 2 3 8 9 8 9
467 1 5 8 1 9 2 3 2 7 9 8 5 1 9 4
479 5 4 1 8 6 4 6 5 9 8 8 4 3 4 7
427 5 9 4 1 2 9 1 2 3 8 6 2 8 6 8
432 6 4 7 7 5 2 7 5 4 7 7 5 6 1 2
363 1 4 5 8 3 7 1 6 8 1 3 4 8 5 9
439 3 5 9 7 3 7 8 8 6 3 4 2 6 5 4
311 3 5 2 9 7 2 1 4 1 3 3 1 5 9 6
364 6 7 2 1 6 9 5 9 1 3 3 5 4 3 6
426 4 2 3 4 6 7 8 1 6 7 2 2 8 5 6
368 5 8 8 6 5 6 7 5 4 2 2 2 5 1 5
473 9 9 5 1 6 7 6 7 9 4 3 2 6 2 9
15
431 2 7 8 1 7 5 1 1 9 6 2 5 3 9 7
455 9 3 4 5 3 9 8 6 5 5 7 1 5 8 1
376 8 9 3 2 6 3 6 2 8 2 5 7 3 4 1
275 4 4 1 5 3 2 3 5 1 1 4 4 6 5 3
359 9 5 4 3 4 5 4 9 7 3 4 1 3 3 3
444 5 6 3 1 8 1 1 8 5 8 8 7 9 4 7
375 3 5 7 9 3 1 9 3 6 5 1 2 3 1 9
443 7 7 1 2 4 8 4 6 5 6 6 6 9 5 7
402 5 1 6 3 2 6 5 6 5 6 2 6 6 7 2
409 3 8 9 1 2 3 3 1 9 3 6 4 6 1 8
418 6 8 8 8 3 1 6 3 4 5 2 4 9 4 5
436 5 3 8 8 8 6 1 7 5 4 7 6 6 3 8
388 1 8 1 5 6 7 9 5 4 6 7 5 9 1 3
447 5 1 7 2 3 2 4 7 9 8 2 3 8 8 8
381 6 2 3 2 1 7 5 4 7 3 7 3 4 6 8
15
333 2 3 9 6 4 3 4 5 1 2 1 3 1 5 8
438 4 4 8 8 3 3 4 9 7 9 1 1 9 7 7
389 7 8 1 5 1 8 7 8 1 2 8 7 6 3 2
519 7 4 6 8 8 9 6 7 8 2 4 2 5 9 7
409 8 6 8 2 5 1 2 7 2 5 5 2 8 5 7
403 6 7 4 9 6 4 4 9 7 6 6 1 8 1 2
390 3 2 3 4 6 6 6 6 3 1 4 8 9 5 5
386 1 7 3 6 5 4 8 1 4 6 7 4 9 3 6
332 2 9 1 9 9 1 1 8 7 1 7 3 6 4 3
380 7 5 3 1 3 1 7 4 8 3 6 1 6 1 9
433 6 3 6 3 5 9 1 7 1 5 3 7 8 9 5
403 3 4 5 9 3 8 5 8 4 8 2 2 9 7 4
401 5 9 3 8 4 8 1 4 1 4 6 6 8 4 7
452 8 9 4 3 4 3 5 9 1 8 7 2 2 7 5
479 7 5 1 1 8 4 8 3 5 7 9 7 4 8 1
15
407 5 2 6 2 6 3 3 7 5 6 3 8 5 8 5
509 4 8 7 8 5 4 8 9 1 7 6 6 5 4 9
426 9 4 6 2 2 6 3 3 3 3 4 9 3 8 7
345 4 3 1 5 3 7 5 1 3 2 3 5 9 4 8
442 9 6 6 9 2 8 6 9 2 7 1 6 9 6 3
389 4 7 6 2 7 6 1 9 5 6 5 7 6 3 3
475 5 2 9 7 5 8 9 1 1 1 8 7 3 6 9
407 7 4 5 1 4 8 9 2 5 6 4 9 5 3 1
455 5 1 2 7 5 3 2 2 7 9 9 9 1 8 6
387 1 3 5 3 2 7 4 8 7 8 5 2 4 6 5
277 3 2 7 9 2 2 7 2 3 1 3 2 4 2 1
461 3 9 8 9 6 5 5 1 7 1 8 9 1 2 8
390 2 3 1 3 5 6 9 6 4 2 2 2 8 9 9
301 1 9 2 1 3 9 2 2 2 8 2 2 7 4 1
446 8 1 3 7 7 7 8 8 2 8 4 8 2 4 5
15
384 6 7 1 4 4 9 2 5 1 3 6 4 8 9 3
429 1 7 7 5 3 3 5 6 9 7 6 2 8 6 3
389 2 3 4 3 4 1 3 9 2 7 3 8 9 8 9
475 4 8 8 2 4 8 7 8 9 1 9 2 6 8 2
462 8 7 4 2 7 4 5 4 4 7 7 3 8 6 8
378 8 8 2 3 1 4 3 6 2 3 7 1 8 6 8
319 8 3 9 1 1 3 3 6 7 1 2 3 8 1 4
375 4 8 2 3 1 7 6 9 5 8 3 2 1 8 2
466 2 6 8 4 8 2 7 1 9 4 8 4 4 2 7
512 8 5 8 4 3 8 6 1 5 9 7 6 4 4 6
349 6 1 3 4 6 2 5 9 3 4 1 4 6 7 5
412 4 5 3 7 1 9 1 5 8 5 8 4 7 6 3
428 3 9 3 8 2 9 7 3 6 5 8 3 2 1 7
388 1 8 3 4 3 1 6 2 9 8 5 1 9 3 3
447 2 1 9 7 7 3 1 5 7 8 4 9 9 6 4
15
392 3 3 1 3 2 2 5 2 7 3 7 9 3 8 9
427 1 6 7 1 2 8 2 6 7 9 9 4 8 2 6
359 2 2 8 2 6 4 3 8 6 2 1 8 7 6 1
508 2 5 8 7 8 8 4 7 8 7 7 7 3 4 9
458 8 1 5 2 1 5 3 6 8 8 8 9 3 1 7
539 8 5 8 8 1 9 4 8 7 9 8 4 4 5 9
443 2 2 8 4 7 9 9 9 8 6 3 7 6 2 1
337 4 5 2 4 2 3 7 3 3 4 2 6 1 4 4
435 2 5 6 9 6 9 2 5 8 2 2 7 1 9 8
409 3 4 8 8 1 1 6 5 8 4 4 8 9 3 3
361 1 3 6 3 3 8 5 5 9 1 6 6 2 4 3
413 8 4 5 7 3 9 2 6 4 2 6 5 2 2 8
366 4 1 7 2 1 1 7 3 5 6 5 4 4 5 6
345 1 9 3 9 5 1 7 2 6 2 5 8 2 3 3
448 3 8 4 6 7 8 7 2 3 3 6 6 1 9 7
15
368 3 1 6 4 1 4 1 7 6 3 7 8 2 5 9
435 5 5 2 9 1 9 7 6 7 8 5 5 6 5 2
467 4 5 7 6 8 3 9 4 1 1 5 3 7 9 7
554 8 8 8 9 5 3 6 8 8 9 4 7 4 9 5
389 3 6 3 4 8 7 3 6 3 8 6 5 8 4 1
367 1 2 4 8 5 2 5 6 8 4 5 6 5 5 3
501 9 8 8 5 8 3 2 2 7 9 6 9 8 3 4
418 2 6 9 5 1 1 2 2 8 8 4 5 4 5 9
473 3 5 4 5 4 6 2 1 6 8 9 4 4 9 9
382 1 5 8 3 9 9 7 1 7 2 1 1 6 2 6
421 6 9 3 4 5 5 4 3 7 7 4 2 7 3 7
508 9 9 1 8 5 9 8 4 8 6 3 6 2 5 7
406 2 1 9 1 2 7 7 4 1 9 1 8 2 6 3
429 9 6 2 1 8 3 7 9 3 6 1 6 2 5 4
455 4 4 4 7 6 1 4 5 9 3 9 2 7 8 6
15
379 1 6 1 9 7 4 5 5 9 6 9 1 4 1 4
470 8 7 9 7 8 8 7 3 1 7 7 4 8 3 1
446 8 5 7 4 3 8 3 3 9 9 3 2 7 7 2
443 7 6 9 7 5 6 2 2 5 9 3 1 7 4 9
439 2 8 7 4 3 3 7 3 3 4 4 7 8 9 3
476 4 9 7 1 5 8 5 1 7 5 7 8 7 2 5
410 2 5 1 6 6 3 6 9 2 8 4 4 7 5 7
402 6 6 7 2 1 2 5 8 9 1 9 4 6 5 1
404 9 4 6 4 4 2 9 7 3 3 3 5 7 4 2
450 3 4 5 4 8 6 3 1 7 9 8 9 8 3 1
408 8 1 3 5 2 6 5 1 9 6 3 3 6 9 6
489 9 9 7 6 8 2 3 2 9 7 1 7 9 7 7
397 6 4 4 3 5 7 9 4 8 1 2 1 9 2 7
384 3 9 3 3 9 1 7 9 3 5 2 6 4 1 9
353 4 7 8 9 2 2 8 6 2 1 2 8 5 2 3
15
445 4 5 9 9 8 8 1 7 9 3 8 1 5 1 6
422 3 4 9 1 6 3 3 5 5 1 7 5 3 8 8
385 3 4 8 2 7 3 1 2 1 1 8 9 1 6 5
407 3 3 5 3 4 8 8 4 2 1 5 9 8 6 6
357 1 5 1 2 3 9 7 4 5 6 1 5 3 3 7
420 5 5 3 3 9 9 6 9 9 4 2 5 4 2 6
475 9 4 2 8 9 3 8 9 8 7 2 5 7 2 4
441 8 2 6 7 8 3 2 1 7 4 9 6 7 6 6
333 7 1 1 7 4 6 4 3 7 1 5 2 3 4 3
332 4 6 4 4 1 5 3 7 6 6 4 1 6 1 4
381 3 1 5 4 2 7 7 3 1 3 7 8 8 9 1
354 1 3 3 1 2 9 2 5 8 3 9 9 7 1 4
406 7 8 2 7 7 1 4 7 8 3 3 4 3 8 4
352 4 4 1 8 6 4 3 4 8 4 8 4 5 1 5
362 1 7 6 6 1 9 6 8 5 2 5 6 7 3 1
15
446 4 5 5 5 4 9 6 9 9 5 2 3 9 7 3
470 6 1 8 2 4 1 5 8 7 3 5 4 7 9 7
511 2 6 8 4 7 3 6 3 9 4 8 6 6 4 9
366 5 8 8 8 1 4 2 5 3 6 3 2 7 3 4
419 9 9 2 4 6 6 6 5 2 2 5 7 9 3 4
344 1 2 7 4 5 6 1 2 4 6 3 5 4 1 8
449 7 4 6 4 9 8 1 9 8 8 7 5 2 2 1
480 9 5 9 4 3 7 7 9 4 3 4 4 1 7 9
496 1 2 9 6 9 3 6 5 6 3 7 7 3 9 8
468 7 3 9 6 6 9 6 7 9 4 3 1 5 2 9
396 6 3 5 3 3 9 1 4 6 3 5 7 2 7 3
354 4 6 2 3 2 2 1 7 6 2 4 9 6 7 4
496 3 5 7 4 8 7 1 1 6 9 7 5 8 9 9
403 8 5 6 7 4 5 2 1 3 2 4 4 9 4 9
430 1 9 4 9 4 8 1 4 9 6 7 8 3 9 1
15
359 8 2 5 1 4 4 8 3 1 2 7 4 6 2 4
398 3 1 5 5 8 2 5 5 4 3 9 1 3 5 6
389 2 6 6 5 4 4 8 2 6 4 4 8 2 3 6
465 8 2 8 5 1 9 4 5 1 7 7 1 3 7 8
430 1 8 9 7 6 7 7 1 1 7 2 7 5 7 1
385 5 1 4 7 3 3 8 1 4 4 9 4 3 4 2
461 9 1 9 8 1 9 2 2 3 6 8 5 6 1 9
410 9 4 5 1 3 3 2 3 6 5 3 7 8 4 8
375 3 7 2 2 3 7 4 7 9 4 8 1 7 1 4
462 2 8 8 6 7 5 5 5 4 8 7 4 9 4 4
438 9 9 5 4 8 4 5 7 5 3 6 7 5 2 6
386 3 9 1 8 9 8 4 6 2 7 2 2 6 5 4
457 2 2 9 5 9 5 3 6 7 9 1 8 9 8 2
358 6 5 3 1 6 3 4 1 2 4 7 1 1 2 9
351 3 3 1 9 9 2 7 3 1 4 4 6 2 6 7
15
397 8 3 3 2 1 9 1 5 4 6 9 8 5 5 6
388 5 8 6 7 5 7 1 5 2 3 7 9 5 1 6
383 7 2 4 5 5 2 9 9 1 5 5 8 1 2 2
526 6 4 9 9 5 9 6 2 8 1 9 7 3 5 9
419 6 4 8 2 1 5 8 3 4 3 7 4 4 5 2
470 8 1 9 1 7 6 3 7 4 5 7 7 7 8 5
363 8 2 9 4 3 2 8 5 5 1 3 1 6 5 2
458 6 1 5 2 7 2 1 8 9 6 6 9 1 6 7
332 5 5 7 1 1 7 4 2 1 7 2 8 1 2 1
449 8 3 4 6 8 7 6 8 6 3 4 2 1 8 7
494 2 8 1 5 3 9 9 3 6 9 9 2 6 6 9
411 8 5 6 8 2 1 3 3 7 1 9 6 1 5 7
386 5 3 1 7 8 7 3 1 6 6 8 2 4 5 1
484 8 3 8 7 8 8 3 9 7 4 6 4 2 4 4
406 1 6 8 4 6 1 2 5 7 8 7 6 2 2 2
15
345 1 2 5 1 9 4 2 2 9 3 2 2 1 5 6
487 6 3 6 9 2 4 9 9 8 6 6 7 7 3 4
458 5 5 9 2 4 6 3 2 2 8 8 9 2 6 7
341 5 6 3 7 6 4 1 7 1 4 1 9 7 8 2
469 7 8 5 6 3 9 6 6 3 9 6 8 3 1 5
370 8 4 5 2 2 5 7 8 6 4 3 2 6 1 3
412 8 6 2 9 6 3 2 7 9 7 4 7 8 3 4
369 5 7 4 4 2 2 2 5 2 4 5 4 2 9 7
384 5 7 2 7 1 4 9 4 2 6 9 4 5 1 3
399 1 5 9 4 5 4 1 6 9 6 1 1 4 7 9
367 8 6 4 7 3 2 5 4 8 2 4 5 7 6 1
368 1 1 1 6 9 8 8 4 4 7 6 5 5 2 3
411 4 1 1 5 8 4 8 4 7 7 1 3 9 9 3
398 9 9 4 6 8 6 2 3 4 6 2 8 3 1 2
373 5 3 3 9 9 4 2 3 9 6 4 3 8 4 1
15
322 7 3 4 7 4 5 3 1 4 1 8 6 3 2 2
338 3 3 8 5 8 1 2 1 2 3 5 5 1 4 4
374 5 2 8 5 1 3 3 2 6 1 9 6 9 2 8
375 3 4 2 5 7 3 9 4 6 7 1 2 4 8 2
363 3 7 6 1 7 7 7 8 1 4 1 5 7 1 6
423 9 2 5 9 9 1 6 3 3 2 6 9 1 2 5
471 7 6 8 5 3 7 2 4 3 7 5 8 8 8 4
350 6 8 8 5 1 7 1 9 2 2 1 6 3 7 4
464 1 8 9 4 4 9 1 6 6 7 5 7 9 7 6
450 3 4 9 3 6 1 6 1 4 5 6 7 9 2 8
496 3 9 3 1 6 6 3 9 5 8 7 9 7 6 9
461 2 9 5 3 4 6 6 6 3 4 8 7 9 5 8
424 3 2 9 3 5 2 7 5 6 1 8 3 3 4 9
405 9 2 1 6 5 3 5 9 4 3 9 4 9 2 8
418 4 5 9 9 3 9 9 2 5 2 6 9 7 1 1
15
370 7 5 1 4 9 4 1 3 9 3 6 4 5 2 6
357 9 3 4 1 2 6 2 2 3 2 2 6 2 7 9
400 6 1 2 1 6 6 2 2 3 9 8 5 5 3 6
511 5 5 8 9 5 9 4 5 6 4 8 7 9 4 8
430 3 3 1 7 5 8 6 8 5 9 9 4 7 8 1
525 7 8 9 4 5 1 2 5 9 4 9 4 7 7 9
482 9 6 8 2 2 8 6 8 6 3 2 2 7 8 7
373 2 9 3 8 6 5 4 6 4 4 3 4 2 7 1
496 8 7 4 8 4 7 3 8 7 9 5 7 2 2 8
431 4 9 4 6 7 2 7 8 3 9 6 7 5 2 2
440 9 4 4 4 7 1 1 6 3 4 9 6 8 3 9
457 2 1 8 5 4 3 9 4 4 8 2 3 8 7 7
453 5 8 6 8 5 1 5 6 3 3 9 1 4 9 6
429 8 5 3 4 1 2 4 3 9 7 3 7 7 8 4
304 4 7 1 6 1 8 4 5 3 3 4 2 1 7 1
15
312 4 7 1 6 8 1 3 8 1 6 2 5 3 6 1
343 8 5 4 8 2 4 1 2 1 6 1 9 7 7 3
402 4 1 3 5 6 8 6 3 4 3 5 2 4 6 7
411 8 2 5 9 5 6 7 8 6 5 5 2 2 1 6
380 4 2 3 8 6 3 7 2 9 8 1 2 7 3 5
451 6 3 9 2 2 1 2 4 9 4 8 8 1 9 3
446 9 1 8 5 6 3 3 5 2 9 3 9 1 7 5
440 6 4 8 3 7 9 4 9 4 2 2 4 9 9 5
453 2 5 4 5 7 9 9 3 3 7 3 5 7 8 7
510 5 5 8 9 4 6 7 7 7 5 1 8 9 9 3
374 1 2 5 3 4 7 4 9 2 1 9 1 9 5 7
392 7 3 4 7 3 4 4 1 7 2 3 9 3 8 2
421 3 3 8 5 3 6 9 4 1 6 1 1 1 5 9
355 1 3 1 4 8 6 4 2 9 6 5 1 7 3 2
458 9 1 1 6 5 9 4 9 6 5 5 4 2 9 6
15
453 4 6 8 7 1 5 6 6 6 5 7 5 3 1 7
538 3 6 5 8 7 7 9 5 9 7 6 8 9 9 5
374 1 4 9 2 4 9 5 3 3 5 6 7 4 1 3
401 4 3 9 5 7 8 4 8 6 1 5 9 1 3 2
514 9 8 7 2 9 8 7 4 6 7 8 2 4 3 1
506 2 5 4 3 7 7 6 2 4 7 9 8 9 9 9
415 1 2 8 4 8 1 4 2 7 7 3 7 7 7 6
363 4 5 1 9 6 7 3 9 6 4 4 8 6 5 1
465 5 5 5 4 6 7 5 4 4 4 8 6 6 6 5
495 9 2 5 6 7 3 6 9 9 9 5 1 9 3 5
353 6 9 7 2 1 9 1 1 5 2 2 3 3 3 8
379 6 6 4 4 2 8 6 4 5 4 2 1 9 9 2
401 3 3 3 7 9 2 9 5 2 7 6 5 9 1 4
450 6 6 7 3 6 5 5 2 6 6 7 9 3 3 1
466 1 9 2 9 6 2 9 7 8 4 4 1 4 8 8
15
470 8 1 4 8 6 8 7 6 3 6 7 4 5 8 2
328 6 5 2 1 3 7 4 9 3 5 3 3 8 6 1
355 7 3 3 1 5 1 9 1 2 8 3 5 8 3 3
434 2 8 5 3 6 6 7 7 8 2 2 9 3 4 6
442 7 5 7 2 3 2 5 7 6 3 1 9 5 7 7
431 5 5 9 6 4 5 3 3 1 7 3 6 4 9 4
381 4 4 5 6 3 4 2 5 4 6 4 9 6 5 2
396 4 1 7 5 3 1 1 5 2 4 8 1 4 9 9
308 2 7 4 5 1 7 3 7 4 1 5 1 3 4 6
363 6 3 7 7 4 3 2 2 1 5 6 7 7 1 3
509 4 8 9 5 5 5 2 5 6 6 9 7 5 7 9
477 4 6 6 9 8 7 7 7 9 6 4 9 6 5 1
386 9 8 2 3 2 3 6 8 5 3 1 7 6 7 3
489 8 4 2 1 5 9 8 7 3 9 8 3 3 5 5
420 7 2 4 1 2 7 1 3 9 8 7 4 8 5 5
15
276 1 4 1 5 6 7 4 6 2 4 2 3 6 2 1
421 7 8 4 7 4 3 7 4 2 3 6 2 2 9 3
363 9 1 9 9 5 2 3 1 6 1 1 1 2 7 3
395 1 1 6 4 1 6 8 4 9 1 6 7 6 4 5
433 2 2 2 2 1 4 9 8 6 7 5 9 9 2 8
296 2 3 1 7 8 4 1 3 3 5 1 8 1 8 3
404 9 1 6 1 5 7 7 8 6 3 1 1 2 4 5
550 8 8 9 9 9 3 9 2 7 7 8 9 2 1 6
398 4 2 8 5 7 3 2 5 6 4 3 2 6 9 6
465 8 2 5 3 2 9 7 1 9 5 4 8 8 3 6
418 4 9 9 1 5 8 4 5 4 2 1 6 7 8 6
376 2 8 2 5 2 6 2 3 3 8 1 9 7 8 7
392 1 7 1 9 3 1 7 9 2 8 7 6 4 4 4
409 1 5 1 5 9 5 1 8 8 1 8 9 4 8 4
488 9 8 2 2 8 5 9 8 8 4 3 3 5 7 5
15
340 1 6 4 8 7 4 5 9 2 3 4 8 7 3 1
451 3 7 9 4 2 2 5 4 9 6 7 9 5 2 6
365 2 1 3 5 6 2 7 4 4 5 2 9 7 1 9
301 1 7 2 2 3 1 3 5 5 2 5 1 5 7 7
424 6 9 2 1 2 9 2 4 7 4 9 6 7 1 9
369 4 2 3 1 3 9 6 7 5 3 5 2 4 3 6
353 4 9 5 2 8 3 2 8 3 5 1 3 3 4 5
453 4 6 9 7 1 1 2 8 3 9 9 6 2 1 8
343 5 4 5 8 5 2 2 5 1 4 1 5 1 8 7
429 9 7 2 3 3 2 6 9 3 3 5 4 4 5 9
349 4 4 4 1 8 4 5 2 1 1 8 5 5 6 5
476 4 8 5 5 5 6 2 3 9 6 3 7 9 7 8
452 1 3 7 7 6 9 3 5 7 9 5 7 4 3 7
364 3 1 6 8 1 8 4 7 5 2 4 6 7 4 8
474 8 7 7 5 3 4 4 7 3 4 8 8 6 7 2
15
367 9 1 1 8 2 4 2 9 2 6 6 1 4 9 5
439 1 8 6 6 2 9 9 6 4 7 9 3 4 2 2
502 9 4 6 8 8 4 4 2 5 9 2 1 8 8 9
280 5 2 1 3 4 6 2 2 2 1 5 1 3 1 8
434 2 1 7 2 8 2 8 2 5 9 7 5 4 1 8
456 9 1 4 6 6 6 5 5 2 8 1 9 5 8 9
405 6 9 1 3 3 5 9 3 4 3 7 7 6 6 3
452 4 7 9 3 9 6 1 7 5 3 7 9 7 5 5
406 9 8 7 6 4 4 2 3 8 5 3 2 6 2 5
324 3 3 6 4 9 4 2 7 2 2 7 4 7 1 1
353 8 4 1 1 2 4 2 6 6 3 5 5 8 6 3
431 2 2 8 3 9 5 3 2 8 5 2 8 1 9 3
420 2 5 8 5 7 3 3 6 7 8 1 6 1 8 1
349 3 1 3 4 2 7 3 6 8 6 7 1 4 4 2
433 6 7 8 7 9 6 1 6 2 4 6 8 3 3 3
15
503 8 8 6 9 4 7 1 5 1 9 9 6 5 7 9
511 6 9 7 9 1 7 8 7 4 6 2 5 5 7 8
399 2 1 5 4 5 2 8 2 4 7 6 7 6 3 3
420 7 5 9 3 8 5 3 6 6 7 3 4 3 1 6
477 9 1 7 7 2 9 5 8 6 2 7 6 6 7 8
515 7 1 4 4 8 9 8 9 1 8 9 8 9 6 5
369 3 8 3 2 8 5 2 8 5 5 3 5 4 6 1
349 3 5 6 2 1 2 4 3 9 1 6 2 2 6 4
482 3 1 6 9 9 1 6 5 3 8 8 8 2 3 9
503 5 8 9 3 4 4 8 7 7 2 9 6 4 8 2
365 4 8 1 5 1 8 5 6 7 2 7 2 2 3 9
455 6 6 5 1 3 3 6 3 9 5 2 4 7 9 5
502 9 6 8 8 6 4 6 2 2 3 9 7 6 7 4
332 2 9 4 1 1 8 1 5 4 1 4 3 7 8 7
416 5 1 1 4 3 9 8 5 8 2 2 9 9 9 4
15
470 8 1 7 7 1 5 9 8 8 5 8 6 2 5 4
366 7 6 4 3 8 5 8 2 1 1 1 9 5 3 6
424 9 4 8 4 2 5 4 3 7 1 4 3 4 6 5
514 3 8 8 9 9 8 4 8 2 7 9 7 4 8 1
434 3 6 9 9 8 6 7 2 9 1 3 9 1 7 1
364 2 1 6 5 5 1 8 3 8 1 8 3 3 2 4
443 4 8 6 8 9 3 8 1 4 2 6 1 6 8 2
406 2 3 7 9 9 3 9 3 4 2 1 2 5 5 8
413 2 9 5 1 7 7 9 9 4 3 8 1 3 5 1
552 5 8 5 9 6 6 7 5 8 9 3 9 9 8 7
488 2 7 9 7 6 9 7 2 5 5 8 3 2 7 7
467 7 3 1 4 5 3 7 8 6 6 9 7 7 8 3
387 8 4 4 2 2 8 9 6 2 9 3 7 2 1 1
502 9 5 6 5 5 9 7 7 6 4 4 5 3 7 6
390 1 9 6 8 5 2 8 9 2 3 6 3 8 5 3
15
443 9 8 3 2 6 8 4 9 7 4 3 7 1 2 9
418 5 8 6 5 3 2 8 6 1 6 7 1 3 7 5
438 6 6 8 6 6 5 6 1 2 8 2 5 9 2 6
444 7 7 8 6 3 6 1 7 7 8 1 9 5 6 1
379 5 6 7 4 4 9 5 6 6 3 1 3 4 2 7
381 1 5 2 9 5 6 7 5 4 9 6 8 2 1 4
380 8 6 5 8 2 1 5 9 3 7 8 3 1 1 3
379 5 6 8 3 9 4 3 2 5 5 4 2 5 1 6
412 4 2 1 5 6 8 6 7 6 9 2 2 6 9 4
514 6 7 2 4 5 6 6 9 3 9 9 8 4 7 5
367 1 3 9 1 1 3 4 5 7 5 2 2 7 9 1
452 7 3 6 2 3 4 3 9 6 5 9 7 4 5 8
448 9 7 6 8 4 3 5 6 5 8 3 2 5 7 2
423 8 4 1 8 9 6 1 5 7 4 9 4 2 3 9
411 4 7 6 5 8 3 8 8 1 6 2 9 3 4 3
15
335 2 1 5 9 4 8 1 3 9 3 1 8 4 5 5
405 3 9 2 5 9 1 8 8 5 3 6 6 2 4 1
449 6 5 4 4 1 2 6 9 8 6 6 2 6 6 5
404 2 9 3 1 8 1 9 4 1 6 4 4 3 9 4
401 7 4 2 3 4 4 7 8 3 4 7 2 6 3 8
466 8 9 3 7 5 6 4 3 9 3 4 7 3 9 8
352 6 9 2 1 6 9 1 8 3 2 6 1 7 4 5
354 2 6 4 3 7 7 4 1 1 9 2 9 9 2 2
338 1 9 1 2 2 2 6 1 3 5 3 8 9 9 1
401 6 3 5 3 7 6 3 3 1 7 3 5 8 9 2
380 6 3 6 5 2 9 5 1 5 9 1 2 6 4 5
444 9 8 7 1 2 7 3 7 3 1 5 7 2 8 6
367 4 9 6 3 1 2 9 1 1 1 5 4 6 9 1
335 6 6 1 9 8 3 4 1 5 2 7 4 1 2 2
466 9 6 2 9 1 3 8 4 6 9 4 6 9 7 2
15
369 7 3 8 2 1 7 4 4 6 3 2 1 2 5 9
508 6 4 3 3 9 3 9 8 8 6 9 3 8 3 6
552 7 7 8 6 9 5 7 9 7 1 9 5 5 6 5
420 4 2 2 4 7 8 9 6 1 3 8 1 8 9 3
492 7 5 2 5 8 8 8 5 2 9 6 7 2 9 4
441 9 5 2 1 3 3 9 2 4 3 8 9 6 9 2
389 4 1 7 8 7 3 2 4 7 6 5 5 1 2 6
369 2 1 4 2 7 5 1 9 5 6 5 2 9 6 8
351 9 2 3 3 5 1 2 2 9 9 2 1 6 3 6
457 6 8 1 2 8 2 5 9 9 2 7 1 5 9 8
444 8 3 9 8 6 3 3 3 5 6 5 8 6 5 2
546 4 5 7 8 7 2 9 8 6 8 9 5 4 5 9
445 4 2 7 6 7 1 4 6 3 7 8 4 6 7 2
401 2 3 3 2 8 5 3 7 6 4 9 5 7 4 3
437 8 4 8 7 5 6 3 1 2 6 1 6 6 6 8
15
466 4 1 8 8 2 8 7 3 7 5 4 4 1 6 7
499 5 6 7 3 5 9 8 6 3 1 8 9 3 5 7
381 4 1 1 5 4 6 5 7 8 6 3 6 2 8 1
401 3 1 7 5 6 9 3 9 7 6 1 7 3 9 1
381 7 1 1 3 7 5 2 1 8 4 9 4 4 4 6
415 8 6 4 4 5 1 5 2 8 9 7 4 1 3 3
447 6 4 6 9 1 9 6 4 4 8 6 7 4 1 5
457 5 5 5 1 3 4 7 3 3 9 3 4 9 9 8
378 1 1 2 5 5 3 1 7 8 4 6 7 3 8 5
392 2 6 4 4 8 2 2 8 2 2 7 9 3 5 8
424 1 5 1 4 2 2 8 9 3 9 6 7 6 9 7
488 5 4 4 2 9 2 9 5 2 6 8 7 2 9 6
361 6 2 7 1 3 5 1 5 7 1 1 7 7 6 4
355 7 1 1 9 2 7 8 1 4 4 1 3 8 5 2
426 4 2 3 7 3 7 8 9 6 4 8 5 1 2 5
15
397 4 6 3 5 3 8 8 4 3 6 5 1 2 4 3
404 7 4 2 4 8 2 7 8 1 8 1 7 6 1 6
435 9 1 3 3 9 5 5 6 7 5 2 5 5 2 8
411 9 6 8 2 5 4 2 8 9 5 5 6 6 1 1
393 5 2 6 7 6 5 6 7 1 3 5 4 2 3 9
464 4 1 9 1 6 2 9 5 4 6 8 3 4 7 5
459 7 7 9 4 3 5 8 5 8 8 5 1 8 1 3
444 2 8 3 2 3 3 5 8 7 9 4 9 3 7 7
421 7 1 6 2 8 9 2 5 2 2 6 9 3 8 6
452 1 8 6 7 1 6 9 8 7 1 2 2 8 9 9
371 4 7 4 8 9 4 1 9 2 5 5 2 9 3 7
298 1 2 6 1 3 3 1 9 7 1 1 3 7 2 9
352 5 1 2 1 5 5 7 1 6 5 2 2 2 8 4
551 5 8 7 1 6 9 8 7 9 9 3 2 4 7 6
313 1 6 3 5 1 9 1 2 6 4 1 6 2 7 4
15
398 2 2 7 7 9 8 2 7 3 6 1 2 5 8 7
458 1 6 9 2 3 1 3 9 4 9 3 8 1 9 7
537 8 6 7 5 9 9 1 6 8 9 8 5 2 6 5
448 1 6 8 8 6 6 4 9 8 5 3 1 8 5 6
415 6 8 6 7 9 8 5 6 6 1 5 2 6 3 3
385 9 2 7 4 4 1 1 1 1 5 4 2 3 7 8
521 9 7 8 4 8 3 7 7 7 6 3 5 4 2 9
270 2 3 1 4 7 1 3 2 8 5 5 4 6 1 1
416 6 2 8 4 8 7 1 8 2 1 2 9 3 6 9
397 4 4 8 2 9 1 3 9 1 2 8 9 8 4 1
467 4 6 9 4 2 9 3 7 4 8 7 8 3 4 3
490 6 3 8 1 8 9 4 8 9 1 4 7 5 8 8
403 6 4 1 1 4 9 8 5 2 5 4 5 4 3 9
386 1 8 4 1 9 2 2 8 9 7 2 5 7 2 4
362 3 8 2 8 8 3 2 5 1 8 1 7 3 9 2
15
439 1 9 6 4 9 3 5 8 7 3 7 2 8 4 6
326 1 7 7 8 8 4 3 6 5 2 1 1 7 1 6
396 6 5 5 9 7 5 8 1 1 1 1 8 4 3 9
496 9 8 6 7 9 7 4 9 2 8 3 6 4 5 8
421 4 9 7 8 5 9 2 4 2 7 7 1 8 1 7
402 2 8 9 9 1 9 1 8 3 2 7 4 7 4 2
488 8 7 3 5 3 8 9 7 4 8 3 1 9 9 8
384 7 8 2 8 7 7 5 1 2 7 3 2 6 2 2
395 7 4 2 1 1 5 7 6 6 4 6 5 3 2 8
407 6 2 9 9 7 4 6 8 4 2 1 6 3 4 6
394 7 7 4 6 6 1 9 1 3 1 1 3 8 7 3
402 2 6 7 2 3 4 7 5 1 3 6 7 5 7 5
476 8 1 5 1 9 3 2 8 9 8 6 8 8 2 5
444 8 6 7 8 3 2 8 2 3 8 4 4 2 1 9
430 4 1 4 4 4 4 8 2 9 6 2 9 5 9 2
15
340 7 3 5 2 1 1 7 5 2 4 3 3 5 2 9
425 8 4 5 7 5 1 2 5 1 9 5 2 8 7 5
458 7 9 1 8 5 8 1 4 6 3 9 9 4 8 4
440 2 2 6 3 7 8 9 7 6 7 5 1 8 6 2
446 4 3 8 7 1 6 5 2 8 6 8 8 6 5 4
440 4 4 5 6 7 7 3 2 6 7 6 1 5 8 7
422 9 1 2 7 5 3 8 2 9 6 6 3 1 3 5
445 1 9 8 6 5 9 2 2 4 6 9 6 1 3 6
414 8 9 7 4 9 5 2 9 2 1 5 1 4 3 7
320 9 9 5 4 2 5 5 1 1 1 4 4 1 3 2
439 3 3 4 5 7 8 4 1 7 8 8 5 1 6 3
365 8 8 7 5 3 2 5 3 4 1 2 5 6 4 3
434 2 3 5 5 6 4 6 7 2 7 2 9 5 6 7
537 2 9 5 7 9 9 6 5 2 8 9 7 8 4 8
412 7 8 7 4 9 4 3 3 1 1 5 1 6 7 7
15
528 6 5 8 1 9 4 3 8 9 5 4 7 2 8 9
528 7 9 3 2 9 9 7 3 4 3 9 6 9 6 7
385 2 5 9 6 6 5 1 2 2 2 6 7 4 4 5
463 2 2 9 3 2 6 7 1 8 8 5 5 7 4 5
524 3 1 9 7 9 1 2 7 9 8 9 9 8 9 4
486 4 6 8 3 7 4 4 3 8 9 8 4 3 5 3
359 2 5 6 3 7 8 3 9 1 1 5 2 2 4 6
529 1 9 7 6 8 1 7 4 8 8 8 8 1 8 9
507 5 1 4 8 7 2 7 2 9 8 7 4 3 8 9
348 1 6 4 1 5 2 5 2 3 9 3 2 3 8 4
435 5 8 8 8 6 1 5 9 1 9 2 9 3 3 5
426 8 3 3 4 4 1 8 8 4 6 9 3 2 3 6
441 5 3 5 2 5 4 3 6 9 7 2 5 8 8 8
378 6 6 2 1 9 8 1 8 3 5 1 1 5 9 2
492 1 5 8 8 7 8 8 9 3 3 8 9 4 4 6
15
350 4 5 6 2 3 2 5 6 1 7 6 5 2 6 1
303 2 5 3 2 3 9 6 2 3 5 2 2 3 2 3
482 4 4 2 2 3 5 9 6 7 9 8 7 6 7 2
412 8 6 1 8 9 3 1 2 8 9 7 1 6 6 3
409 3 9 3 9 1 3 8 1 7 1 8 3 6 7 6
408 6 8 3 4 1 3 4 1 5 5 9 1 9 7 7
337 3 4 3 8 5 5 5 7 6 1 3 5 7 3 5
504 5 9 9 9 8 6 5 5 2 5 8 8 3 4 9
431 5 7 6 6 4 3 5 7 8 6 5 5 5 3 1
390 5 4 6 7 4 3 6 6 7 4 4 1 4 4 2
411 7 7 2 9 6 3 4 6 3 3 5 8 3 5 7
515 4 7 6 8 7 3 4 6 2 8 8 4 7 8 8
477 1 6 9 3 5 5 8 7 1 8 7 6 1 7 8
307 7 6 4 3 1 7 1 9 5 1 3 6 3 4 2
365 2 4 1 7 7 1 5 6 7 5 2 3 8 8 5
15
457 2 4 1 6 9 2 2 7 9 9 7 7 6 8 3
347 1 7 1 1 3 2 4 9 9 2 4 1 4 8 6
462 6 5 9 8 5 5 6 6 4 5 1 6 9 9 1
509 9 2 9 6 3 1 8 3 3 9 4 8 8 9 6
508 8 3 2 1 2 3 9 7 8 8 5 5 7 9 7
420 3 7 5 6 6 2 3 3 4 8 5 2 6 7 5
409 4 5 6 3 6 8 8 1 1 5 7 5 9 1 6
444 7 7 7 4 1 1 4 1 8 6 6 3 2 8 5
430 9 6 5 4 2 2 9 1 4 4 1 4 5 6 8
501 5 8 9 7 3 9 9 7 4 5 6 2 5 1 9
502 8 9 4 7 4 9 3 9 9 6 7 8 3 4 6
520 1 9 9 6 3 5 7 6 9 8 9 2 2 8 6
525 6 7 7 4 6 8 8 3 7 6 2 4 9 8 6
425 2 5 5 3 6 5 2 4 9 2 9 8 7 6 7
394 4 6 6 3 4 4 6 8 6 7 2 4 6 5 2
15
402 5 1 4 3 1 9 4 8 6 5 3 5 1 4 9
362 8 4 3 9 3 1 3 5 8 6 1 2 6 5 1
481 8 4 8 9 8 4 9 3 3 3 6 3 4 4 5
345 3 3 4 1 6 3 4 5 1 3 9 7 1 5 4
381 6 6 8 4 5 4 1 3 4 5 7 1 1 6 1
412 1 3 7 3 2 4 4 1 9 5 7 8 8 7 3
445 6 7 7 4 4 6 4 9 8 4 4 9 5 2 3
468 3 8 4 8 9 6 4 9 2 6 8 2 2 6 7
434 8 9 7 9 3 1 1 8 5 1 5 1 3 9 8
388 5 9 5 8 7 2 3 9 2 4 1 4 5 8 1
397 9 9 1 6 6 6 5 6 3 2 2 2 6 8 4
422 2 5 5 3 8 9 4 2 7 6 4 1 5 8 4
468 7 8 3 9 5 6 7 1 7 7 9 3 4 3 4
376 4 4 4 7 9 3 3 1 6 3 5 1 5 3 6
388 8 4 1 3 6 5 3 1 4 3 9 9 4 3 8
15
412 4 9 2 8 9 6 9 6 3 2 4 6 7 3 5
435 7 6 8 8 1 5 3 2 7 5 4 6 7 3 5
433 1 2 9 2 4 5 5 6 5 7 3 7 7 6 9
474 6 5 4 6 5 2 7 6 9 4 4 9 1 9 2
482 5 3 4 7 8 6 5 9 5 5 9 9 3 9 4
421 7 4 9 2 4 3 8 2 5 6 8 4 7 2 2
352 4 9 5 4 6 1 2 6 9 1 1 3 5 6 1
519 9 9 4 6 7 2 7 9 8 9 7 4 9 2 5
452 2 3 3 1 4 5 5 9 9 4 8 5 3 7 9
410 3 7 1 6 8 1 8 8 9 3 3 4 5 9 3
407 1 1 1 8 8 8 6 2 5 8 3 5 9 2 8
449 5 8 7 3 8 9 6 4 8 1 9 4 5 1 4
320 3 6 1 7 8 7 3 1 2 2 2 3 8 7 2
398 7 1 1 2 3 2 9 7 3 5 1 5 3 8 9
416 3 2 4 3 1 6 8 6 7 4 2 9 2 8 8
15
432 5 3 4 6 2 5 6 1 2 2 8 4 9 9 8
417 1 8 9 4 8 1 2 9 6 1 5 9 3 6 1
422 3 1 8 8 7 9 4 9 5 4 1 3 5 5 8
340 6 2 5 7 6 2 1 7 2 2 8 3 4 2 5
430 4 6 6 4 3 8 3 2 8 7 3 9 4 8 4
468 2 9 3 9 4 3 9 7 5 7 3 6 6 9 7
313 3 1 1 5 2 1 6 5 5 3 1 8 2 4 5
428 1 4 5 8 9 7 6 1 1 5 8 6 9 7 4
400 2 1 9 8 8 1 2 9 1 9 9 5 1 2 2
423 9 9 3 4 3 1 4 2 7 7 2 9 6 7 6
398 1 8 8 9 1 9 4 5 7 4 8 4 9 2 2
415 2 2 7 4 5 7 1 8 9 9 8 1 2 7 1
364 3 3 9 1 2 1 1 9 3 7 6 5 4 5 5
317 4 4 2 8 1 7 2 9 3 3 7 3 8 2 1
422 8 6 7 7 4 4 5 3 1 1 2 3 9 8 8
15
337 2 1 1 5 9 4 8 4 7 6 1 3 4 4 4
443 1 9 8 1 2 2 7 9 6 8 1 8 9 9 1
352 6 8 7 2 6 1 2 8 7 3 3 2 5 1 5
403 4 3 7 1 9 4 1 1 3 4 7 8 8 9 2
430 9 9 2 6 2 6 5 8 8 8 9 1 2 2 4
407 9 9 3 5 5 7 5 3 1 6 8 5 3 3 2
483 3 3 8 4 7 8 4 5 7 8 8 4 6 5 5
429 8 8 2 4 9 3 8 3 8 2 1 4 5 1 9
435 3 3 4 1 8 2 5 5 7 5 7 7 9 4 8
460 6 8 2 3 5 3 7 6 5 7 4 5 6 6 6
314 2 1 3 6 4 2 6 7 2 3 1 7 6 2 8
452 9 3 2 6 6 5 4 8 5 9 6 3 7 9 3
352 7 5 6 2 2 1 7 3 6 4 1 2 8 5 1
372 3 8 5 3 3 1 3 9 4 4 8 3 8 1 6
385 6 3 1 4 7 1 6 4 5 8 2 5 8 7 3
15
370 2 3 2 6 7 5 7 4 7 6 2 1 7 1 5
480 6 8 6 5 2 5 9 3 8 8 5 3 6 9 1
381 6 7 4 5 2 6 3 2 6 5 2 6 4 9 4
440 9 3 4 3 5 5 5 8 2 9 7 8 5 2 4
473 9 8 4 9 6 9 8 6 4 7 2 7 7 1 2
352 3 8 1 6 8 2 8 5 3 2 3 9 9 4 2
427 9 8 3 9 8 6 6 4 2 3 6 4 7 6 2
512 1 4 9 7 3 9 9 7 8 3 9 5 6 2 8
337 7 3 2 7 3 5 1 1 5 9 2 6 3 4 1
448 2 7 3 9 2 8 7 6 2 7 7 3 2 8 5
380 1 8 1 5 2 2 2 5 6 6 6 8 8 5 5
424 7 5 8 5 4 6 6 4 2 6 5 1 3 2 6
479 6 2 5 1 7 7 5 6 8 3 8 8 2 6 9
454 8 5 9 8 5 8 1 1 9 3 3 5 3 5 6
379 6 5 1 3 1 1 9 4 3 3 7 6 7 7 4
15
375 2 1 6 8 7 9 4 2 4 4 6 2 7 1 5
436 5 8 3 5 9 4 2 1 3 9 8 7 6 3 4
477 4 8 4 9 7 8 1 4 9 6 7 8 7 5 4
596 8 2 8 6 5 9 7 6 8 6 6 7 8 9 8
435 6 8 8 6 1 4 2 7 9 6 1 9 6 5 3
392 4 9 1 2 8 6 1 9 2 3 8 9 3 9 2
404 9 9 2 1 6 9 5 9 5 5 1 5 1 5 1
424 1 2 1 3 1 6 5 5 9 4 9 8 7 4 9
358 8 5 4 6 6 1 3 7 4 2 6 2 6 3 7
373 4 6 4 7 3 4 1 9 5 3 6 2 9 8 2
413 5 6 9 4 3 3 1 4 4 9 8 2 2 4 8
360 2 7 8 1 5 1 6 7 3 1 5 2 8 1 7
447 1 7 1 1 8 7 3 6 7 8 8 9 7 2 9
420 5 7 2 2 2 6 7 8 7 2 1 5 2 7 9
516 8 4 7 4 3 8 4 9 6 9 4 3 8 5 9
15
443 7 7 4 7 6 3 5 1 6 4 6 9 1 1 8
419 7 9 9 7 1 2 5 4 7 7 2 9 6 1 4
430 7 1 9 9 1 1 5 5 1 4 3 5 7 7 8
400 5 9 5 9 4 3 9 5 2 4 1 5 9 8 1
402 4 1 5 3 7 9 6 2 7 7 1 3 9 4 6
354 2 4 4 2 8 7 1 6 2 6 7 7 4 1 2
437 9 4 6 7 9 5 3 2 4 8 2 6 8 2 5
473 3 5 6 7 2 5 2 4 4 9 7 7 5 8 8
341 6 8 4 1 2 9 3 8 6 5 2 5 3 2 1
364 1 5 3 7 5 2 6 2 6 5 1 1 5 5 7
475 3 8 2 3 5 6 8 9 9 2 9 7 1 6 3
509 9 8 5 3 3 7 5 3 3 9 8 6 2 9 7
390 6 1 1 9 5 5 2 9 9 6 7 5 6 2 3
522 8 7 9 4 8 8 5 6 6 3 8 1 5 8 5
401 3 2 4 1 1 5 5 9 9 2 7 2 8 2 9
15
351 6 1 1 9 1 7 7 3 1 4 4 6 8 3 5
406 7 3 3 2 3 3 4 1 8 9 6 6 1 3 7
436 9 8 1 6 7 1 4 2 7 7 4 7 3 6 4
481 7 5 9 7 7 5 2 9 2 9 8 6 9 5 2
412 1 8 9 1 9 2 1 9 1 7 2 9 1 7 5
428 8 6 7 3 6 9 4 5 3 7 7 5 7 3 1
449 8 6 6 9 9 7 3 4 8 3 1 5 2 7 3
471 2 5 5 2 9 6 5 7 1 7 5 9 3 8 6
393 5 8 3 3 9 9 7 5 3 3 4 5 6 6 1
493 5 1 7 6 7 8 4 5 3 7 4 6 8 9 9
437 9 6 3 4 3 3 2 3 2 5 6 7 9 6 9
416 4 1 4 8 4 4 8 6 9 5 1 7 9 2 7
399 3 7 4 8 2 4 5 7 1 6 4 8 4 9 2
368 5 7 5 3 2 7 7 1 2 7 1 2 2 5 7
459 1 1 7 8 7 5 8 8 1 4 8 9 5 6 9
15
368 4 5 1 4 1 7 6 7 3 5 5 2 5 8 5
414 8 1 4 7 4 1 9 7 4 2 2 7 8 7 4
478 7 5 7 5 8 7 3 4 8 4 6 4 1 8 5
440 8 2 6 2 1 9 8 2 8 5 9 6 4 4 1
435 4 8 3 2 1 1 7 9 7 3 7 2 8 7 9
346 1 9 7 7 1 4 1 1 5 5 2 8 6 4 8
448 8 7 2 1 8 9 8 7 4 3 4 5 9 6 6
327 6 1 3 3 4 8 1 5 1 5 6 1 7 4 8
429 4 2 5 3 1 8 9 7 9 3 5 5 4 4 3
427 2 7 3 2 7 1 6 9 4 6 6 9 9 8 4
341 6 4 2 4 4 1 9 4 5 4 4 6 2 4 1
359 7 5 3 4 5 9 6 8 4 1 4 2 3 3 1
381 9 1 7 7 5 5 1 6 9 8 1 5 5 1 3
405 6 4 2 6 2 8 2 8 3 8 5 2 7 8 6
412 3 9 7 1 3 5 9 1 1 2 3 4 6 8 9
15
362 3 2 7 7 1 3 3 3 7 8 2 1 5 4 9
431 6 9 1 8 9 2 3 4 3 9 1 8 4 7 5
464 2 9 6 8 7 7 6 6 4 2 1 8 9 8 8
388 4 5 4 4 9 2 2 2 4 9 7 3 4 5 1
414 4 8 2 9 6 5 3 5 8 4 7 8 7 3 5
438 6 4 9 2 3 1 9 5 8 3 1 8 7 2 4
499 8 7 9 6 9 4 7 1 8 2 5 3 2 5 5
391 3 5 9 4 2 5 8 3 3 9 2 3 3 1 8
454 6 7 7 3 8 7 9 8 7 1 2 5 4 8 2
427 3 4 2 2 5 3 9 7 9 5 1 5 8 7 5
423 1 6 2 8 5 4 3 7 4 8 9 6 9 9 2
346 1 3 3 4 7 4 1 4 7 4 8 7 2 3 6
485 1 6 6 8 1 8 7 7 7 2 8 8 2 8 8
336 1 4 3 8 1 5 6 7 4 1 5 6 1 8 4
508 2 2 6 1 3 7 9 8 3 8 8 5 8 7 7
15
418 4 6 9 6 5 5 5 2 3 2 8 2 7 4 4
475 3 4 9 9 6 6 8 3 8 5 3 7 1 4 3
330 5 2 9 5 3 3 2 2 3 8 5 1 1 1 2
424 5 5 8 2 9 4 8 7 4 2 1 3 3 9 4
419 6 9 5 5 4 7 4 1 4 5 5 3 7 5 5
363 9 3 1 8 3 9 1 7 3 7 4 3 3 4 3
520 1 3 3 8 5 9 9 4 2 8 8 9 6 9 9
391 6 4 9 2 7 2 3 9 5 2 3 3 7 3 3
296 1 1 2 1 3 7 5 7 1 4 7 4 4 5 1
423 1 4 8 3 8 8 2 5 7 1 8 9 7 6 3
320 4 4 2 4 6 1 7 8 5 3 4 4 2 2 2
387 5 4 8 3 5 9 4 7 7 3 4 6 4 1 1
491 9 6 5 1 9 5 9 2 3 4 7 6 6 1 9
464 7 7 8 7 7 3 6 2 3 3 8 5 2 6 2
499 8 6 7 5 7 2 5 5 7 4 4 3 7 8 7
15
428 7 5 8 9 6 1 6 4 5 6 1 6 7 4 5
490 8 4 1 8 4 4 9 6 5 9 3 7 7 6 9
360 1 5 9 3 3 3 7 8 1 7 2 6 8 2 2
319 2 5 5 1 8 9 1 4 5 3 7 1 4 4 1
436 5 7 3 4 6 8 4 3 9 6 7 7 5 2 2
324 2 1 4 5 1 5 4 2 1 9 5 5 2 3 6
412 9 1 8 1 8 4 9 4 3 5 7 4 3 1 1
455 9 4 3 7 9 4 4 3 7 8 5 7 9 8 1
385 9 1 1 4 7 9 7 2 2 6 6 2 1 4 1
514 9 6 9 4 6 8 8 1 7 7 1 5 1 9 2
482 4 9 9 7 3 6 6 9 9 4 2 5 2 8 1
498 4 9 9 1 8 2 7 2 3 8 6 9 2 3 7
422 8 1 2 8 8 9 8 9 5 6 1 9 7 3 2
430 5 7 9 1 7 1 4 7 3 6 6 6 5 2 9
466 3 5 8 9 6 4 9 4 2 9 3 5 6 2 6
15
454 9 1 4 7 3 3 2 1 5 8 7 8 8 8 4
314 2 1 2 4 4 5 4 9 7 4 1 1 1 1 8
434 7 7 4 4 7 4 1 7 4 8 9 5 1 9 2
459 6 9 9 5 5 3 5 3 1 3 7 5 5 6 7
316 3 2 3 1 4 1 8 9 7 2 2 1 1 3 2
374 1 7 1 6 3 8 7 6 2 6 7 8 6 3 4
454 3 1 5 8 8 5 7 3 7 8 8 5 4 3 3
456 5 6 7 9 4 9 7 4 4 9 8 1 3 3 3
501 6 1 7 1 5 9 6 4 9 8 7 9 5 2 7
316 1 3 2 5 8 4 8 2 2 2 3 3 5 9 1
462 6 3 8 6 6 1 5 6 3 8 7 7 8 1 6
340 2 4 1 6 5 8 2 5 2 8 6 6 1 4 1
407 2 3 7 5 4 1 3 4 7 3 8 8 8 6 7
343 8 1 4 9 6 7 4 3 1 4 1 6 7 3 5
466 7 7 4 1 4 9 7 8 7 1 6 4 4 4 8
15
484 3 8 7 1 9 8 2 1 6 6 5 6 4 8 7
420 9 1 2 4 9 6 3 7 5 6 3 6 6 4 4
351 1 8 4 9 7 3 5 7 3 1 7 5 5 1 7
463 2 7 6 8 1 5 5 8 4 6 9 5 3 5 7
306 7 2 7 7 5 8 1 8 2 2 1 7 4 1 3
409 1 2 3 7 3 4 6 3 3 8 7 7 4 9 1
562 5 9 6 7 7 9 8 9 8 6 7 8 1 9 5
364 9 3 4 1 2 9 3 9 7 4 4 3 6 2 1
356 2 6 2 4 7 4 1 1 4 7 1 3 6 9 8
450 8 4 9 8 2 3 1 1 9 7 9 2 8 3 5
474 2 6 6 6 8 1 7 4 9 1 9 9 6 6 4
494 7 7 5 1 8 4 8 7 4 5 5 7 8 5 5
506 5 5 5 4 7 9 5 8 8 8 3 7 7 8 7
376 3 5 1 5 6 4 7 5 5 3 1 9 2 6 8
487 7 5 1 9 1 5 9 4 9 9 2 3 7 8 6
15
386 3 3 1 2 7 2 5 6 9 4 8 4 3 6 6
438 8 7 2 8 3 1 4 2 3 6 2 8 8 9 9
396 2 4 4 9 4 7 5 9 3 8 4 8 7 4 1
481 2 9 8 6 3 3 7 7 5 7 1 7 5 9 9
552 3 4 9 3 8 7 8 5 7 7 5 5 8 9 4
291 2 8 6 7 2 7 4 2 1 1 4 4 7 3 2
374 6 6 5 7 2 1 2 1 3 9 6 6 9 2 2
417 6 1 1 5 5 8 7 5 6 4 7 4 9 7 2
412 3 7 6 8 8 9 1 7 5 3 7 7 7 1 3
337 3 9 3 5 7 8 1 1 1 4 6 8 3 3 4
323 2 2 1 7 8 7 8 6 3 1 1 5 8 2 2
504 6 2 8 9 2 7 6 7 8 6 7 7 8 4 4
437 6 7 4 8 3 7 9 3 5 9 3 1 2 2 9
381 3 1 2 6 7 8 4 3 8 6 5 6 1 3 5
453 8 7 7 9 1 4 3 2 9 9 2 5 1 5 7
15
456 7 7 7 8 8 4 6 2 5 3 5 8 1 5 1
407 2 1 8 9 4 1 2 4 9 2 6 2 8 9 8
386 6 4 1 4 8 9 2 9 2 8 3 7 4 4 4
447 3 1 6 4 8 1 4 6 9 9 3 7 6 8 5
358 6 5 4 5 2 6 6 1 6 4 1 1 7 6 1
385 8 6 5 1 5 2 3 2 3 5 1 9 9 2 8
436 9 9 7 7 3 6 6 1 2 6 5 9 3 5 3
377 4 5 6 2 1 3 7 4 5 8 4 1 4 2 6
394 6 7 1 5 6 3 5 6 4 7 7 7 5 3 3
491 2 6 5 7 9 3 9 9 8 1 7 5 3 5 6
398 9 4 4 2 4 9 4 9 3 7 1 5 1 7 1
361 6 4 3 4 4 3 5 1 1 3 8 7 7 4 4
495 5 3 9 9 6 2 1 8 8 4 4 8 8 9 8
413 8 4 3 3 3 9 4 3 2 4 7 6 5 6 6
377 6 6 4 3 6 3 3 8 6 2 2 2 9 8 4
15
460 3 8 3 9 6 2 5 5 8 8 9 3 6 8 1
410 8 4 2 2 1 9 3 2 3 6 4 4 1 8 9
452 6 3 7 2 9 4 6 9 1 6 2 6 6 9 5
394 2 3 8 4 4 8 3 3 3 4 8 8 8 3 6
437 4 7 7 8 2 8 4 8 5 4 2 4 2 6 7
601 9 9 4 9 7 7 8 8 7 7 9 8 5 8 4
395 7 4 9 4 6 7 3 4 7 2 4 1 4 2 2
384 8 1 7 7 1 2 7 8 3 7 1 1 1 3 5
473 8 4 4 1 2 5 9 9 7 7 5 8 4 6 2
488 7 9 8 2 8 3 4 6 1 6 8 2 8 4 8
514 3 6 7 4 5 7 9 6 1 9 6 9 1 7 5
325 1 4 7 9 2 7 9 6 1 4 3 1 8 1 1
454 3 5 3 2 1 9 5 7 4 5 9 9 6 6 5
461 4 9 5 8 9 8 4 6 2 4 9 3 6 3 8
389 9 8 1 7 2 4 8 2 3 3 3 9 1 2 6
15
437 3 3 8 1 3 4 8 6 2 7 5 5 1 7 8
568 9 6 5 2 7 7 9 5 7 9 7 8 7 6 5
450 1 2 9 3 9 8 2 2 9 6 5 3 9 8 5
414 3 5 7 1 2 1 4 2 9 2 8 9 8 4 7
479 8 1 5 1 1 2 9 7 3 8 5 9 7 8 9
495 7 8 2 5 8 8 4 9 9 3 8 8 5 2 8
396 8 6 1 6 7 2 1 5 7 9 6 1 7 9 1
487 5 7 6 3 9 1 9 8 7 3 7 9 8 3 7
403 5 6 6 1 2 7 7 6 9 1 2 7 4 1 7
479 1 5 6 2 8 9 8 9 6 8 5 8 7 1 2
384 9 2 8 2 6 1 6 9 3 3 5 4 2 3 2
404 2 4 6 6 1 6 5 6 6 1 8 3 1 5 8
407 7 5 2 4 3 9 1 9 2 4 3 6 1 9 9
346 3 6 5 8 1 3 2 4 6 4 7 1 7 1 9
394 5 1 9 9 4 8 2 1 3 3 6 2 4 4 5
15
301 2 3 7 8 5 2 3 3 7 2 3 4 7 3 1
392 7 1 3 8 1 9 7 7 1 5 5 1 6 6 5
427 6 5 7 5 8 6 3 1 4 1 2 7 1 7 8
431 3 7 8 3 8 9 3 9 2 1 5 7 3 5 4
452 4 2 9 4 1 2 9 1 2 5 8 4 6 5 7
397 8 9 7 9 1 4 6 2 1 5 1 1 4 7 5
366 1 5 2 6 5 4 5 2 5 5 9 7 4 1 2
417 6 2 5 4 7 8 6 4 6 3 5 7 2 2 7
391 4 7 4 9 2 6 6 9 4 6 2 1 7 7 2
349 1 4 5 5 3 4 7 9 4 2 1 7 3 7 3
392 5 6 2 5 7 3 1 3 1 8 5 5 8 7 7
461 2 2 5 8 1 7 6 1 3 9 8 7 7 8 7
412 6 8 2 4 2 4 5 1 9 9 2 3 8 7 3
399 4 4 4 5 4 7 9 9 1 1 7 6 7 6 2
406 8 4 8 6 2 9 1 9 5 4 6 8 1 4 3
15
438 7 2 9 3 4 8 9 2 2 6 1 8 1 5 8
404 1 5 3 7 2 7 3 6 4 5 6 5 9 8 8
471 2 7 9 9 3 8 6 8 9 6 1 9 8 6 1
402 4 8 7 2 8 8 8 5 3 1 2 4 7 4 3
401 1 2 8 8 7 2 8 3 3 8 4 7 6 5 2
445 1 8 5 8 8 2 9 7 5 1 8 9 2 3 8
491 8 7 9 4 3 1 3 6 3 4 6 9 8 8 8
416 4 9 5 9 8 7 1 7 5 1 7 8 1 3 6
468 4 8 8 3 8 3 7 6 9 3 5 4 5 5 2
417 7 8 3 9 4 4 8 6 4 1 7 4 5 4 8
464 7 6 9 3 2 5 3 6 4 8 7 7 5 3 8
493 6 2 3 9 7 3 7 9 6 6 5 3 7 8 9
486 1 8 8 2 1 7 5 5 6 8 8 6 5 7 6
348 2 7 1 9 4 8 6 6 3 6 3 3 9 1 6
342 5 2 6 3 4 3 4 6 6 4 3 4 8 1 6
15
301 8 1 1 7 8 3 7 9 1 1 4 1 2 1 2
464 2 2 5 9 6 1 9 7 9 6 8 7 6 2 3
466 7 9 3 7 4 1 9 4 4 3 8 1 9 7 8
304 2 4 9 1 4 3 4 2 2 1 3 3 6 2 4
435 9 7 2 9 3 3 3 8 5 9 8 9 9 2 2
329 5 9 6 5 2 2 6 5 5 1 1 1 6 2 6
493 6 1 7 8 8 9 2 8 8 5 7 9 9 6 5
426 9 7 5 7 5 4 2 8 5 4 1 4 3 8 6
399 8 1 2 4 3 5 5 4 8 8 2 7 6 4 2
455 6 6 5 2 9 3 9 3 7 1 9 3 6 3 5
372 4 1 7 3 4 9 1 2 6 7 7 2 8 4 3
462 8 3 9 9 9 2 6 7 5 4 2 6 2 5 2
469 5 8 2 4 7 3 9 1 2 8 3 9 8 7 6
413 1 8 5 2 6 5 8 8 7 6 5 8 2 1 3
442 9 9 1 4 8 9 5 6 5 6 6 6 3 2 5
15
509 9 6 8 7 6 3 7 5 7 4 6 8 3 4 7
438 3 7 2 1 8 5 9 5 8 4 3 1 5 4 8
388 1 7 7 9 1 4 7 1 5 1 6 6 6 8 4
373 1 1 4 9 3 9 2 4 6 5 6 1 3 9 3
348 3 5 4 7 4 8 1 3 5 5 2 9 5 7 3
422 2 3 4 1 9 6 9 5 9 7 2 2 4 4 2
418 7 5 7 7 5 1 6 5 6 4 4 2 4 4 5
421 9 4 6 5 2 4 8 7 3 4 6 6 6 5 1
352 2 4 4 3 4 3 8 4 3 7 2 5 6 3 3
392 1 7 6 3 1 8 5 7 9 6 7 7 4 2 1
406 3 9 6 6 5 8 4 7 2 7 4 1 7 1 6
348 1 5 6 5 7 3 1 7 6 2 4 3 9 4 4
395 2 6 4 2 2 2 6 7 5 1 9 6 1 9 1
463 7 1 3 7 7 6 9 1 3 8 4 8 7 6 5
395 4 2 5 6 9 2 1 6 7 8 3 5 7 3 4
15
459 4 7 9 4 7 6 9 2 7 5 4 2 3 7 2
454 9 3 5 6 3 6 4 5 5 3 8 7 7 3 8
496 5 5 6 5 5 6 3 8 8 6 8 7 8 9 4
452 4 7 1 3 1 4 9 7 9 5 8 8 4 3 4
429 1 4 8 4 6 4 3 8 4 7 9 2 7 6 2
518 5 9 5 6 5 3 9 7 6 8 4 8 9 8 7
419 9 7 2 9 7 1 6 3 2 3 6 2 4 6 6
506 6 4 9 5 2 8 6 9 6 5 8 5 9 3 5
401 5 4 1 9 5 8 5 6 2 7 4 6 5 3 6
433 2 1 8 7 6 5 3 7 8 9 2 7 4 4 5
504 8 5 1 7 5 7 6 8 2 7 9 8 7 3 9
355 2 4 6 5 2 3 5 7 9 3 1 3 6 2 6
461 1 3 6 9 7 6 9 3 3 4 9 8 8 6 2
411 4 3 2 2 8 7 1 1 4 9 8 4 6 7 2
405 5 2 6 1 1 2 6 5 8 5 9 3 7 1 9
15
466 8 1 2 2 6 8 9 6 1 8 6 2 7 9 2
498 5 8 1 7 8 7 8 2 5 9 1 8 7 5 9
448 9 5 8 1 1 7 1 5 9 9 6 3 9 4 2
527 8 3 7 4 9 6 7 7 4 6 7 6 5 6 8
514 7 5 4 2 9 2 8 7 3 8 8 9 8 3 9
467 5 9 1 9 2 3 9 6 5 7 3 9 5 8 7
474 1 4 2 5 9 7 8 9 4 7 6 9 9 6 8
462 9 3 2 9 5 8 5 9 7 6 3 9 9 4 2
313 8 7 5 3 3 4 5 5 4 2 2 1 5 2 1
403 7 1 4 1 7 7 1 4 9 6 2 5 5 7 6
402 1 6 2 8 5 5 9 7 6 4 1 9 9 3 4
498 5 9 7 9 4 9 2 9 6 3 5 5 4 7 8
401 8 8 3 7 1 8 2 6 9 5 8 6 9 2 1
433 8 4 4 5 2 2 3 8 4 4 9 8 9 6 7
460 4 5 8 9 9 4 6 2 6 7 7 3 2 5 1
15
370 2 6 2 6 6 3 6 2 2 7 5 1 7 8 6
373 7 9 1 9 4 1 3 1 5 1 9 7 6 5 3
433 9 6 6 3 8 2 2 3 9 1 4 8 6 7 4
376 1 8 5 2 9 2 9 5 2 5 1 6 3 3 2
411 5 2 1 1 6 6 9 4 1 8 8 7 3 2 8
458 9 6 5 2 1 1 6 7 8 1 8 9 2 9 1
295 2 3 5 7 3 1 3 9 2 8 2 1 5 2 1
455 6 1 8 9 2 8 9 2 3 3 7 3 5 5 7
371 4 3 3 7 3 6 3 9 4 2 5 1 9 8 7
384 9 6 7 3 2 3 5 8 3 2 8 3 2 3 1
399 4 5 5 5 1 5 6 6 4 5 3 8 4 6 7
447 8 3 9 3 8 9 7 2 7 2 5 8 8 2 1
353 3 6 2 5 5 4 5 7 5 6 1 1 7 2 6
280 7 1 3 8 5 5 3 5 4 1 1 1 1 2 3
509 7 8 9 4 9 9 3 8 1 7 9 8 6 3 2
15
334 1 8 4 8 6 2 3 5 9 1 4 1 1 1 5
346 6 2 1 7 6 6 2 6 7 6 1 5 6 3 4
439 1 6 4 6 6 8 2 6 8 6 9 6 3 7 4
437 4 9 8 6 6 4 4 1 6 1 6 9 2 1 8
450 5 7 9 4 7 8 6 9 6 3 2 8 5 2 2
456 2 7 7 9 3 7 1 3 6 8 5 3 4 6 9
298 6 2 2 1 5 1 6 2 1 2 3 4 9 9 1
451 5 7 2 7 3 9 9 6 2 6 5 7 4 4 7
357 6 9 5 4 7 3 1 3 3 2 1 4 6 9 4
398 6 4 3 2 5 2 3 7 4 8 8 4 9 2 5
477 6 3 6 9 1 8 8 5 5 9 1 5 6 5 7
424 1 9 3 6 2 1 9 1 2 8 6 2 8 4 9
477 5 1 9 9 1 4 6 9 9 7 6 4 5 2 9
379 8 1 6 1 8 5 5 5 1 2 1 3 1 9 8
430 3 8 7 4 2 2 9 3 1 8 2 2 2 8 7
15
428 5 6 9 7 3 3 7 2 2 1 6 1 6 8 6
290 3 4 3 5 1 5 2 1 8 2 4 7 6 5 1
394 6 6 2 7 8 2 8 5 6 2 5 7 2 5 4
365 4 9 4 6 7 1 6 5 3 1 9 6 9 1 3
417 8 4 7 8 6 7 5 6 7 1 9 5 5 1 2
410 4 9 2 1 8 9 3 5 4 3 8 4 2 5 7
437 4 7 5 3 8 8 7 6 1 1 3 8 5 8 8
415 2 4 3 1 9 5 8 9 5 4 9 3 7 3 5
445 7 1 2 9 1 5 7 5 3 5 7 2 6 9 8
404 4 4 5 2 8 5 9 6 2 7 2 2 9 3 5
431 4 7 6 3 1 9 1 8 3 6 6 9 7 6 5
404 1 2 7 5 7 8 1 8 6 4 6 2 8 2 9
263 4 2 3 1 2 3 2 1 8 2 1 8 1 4 5
348 1 6 9 8 9 7 1 5 1 2 1 5 3 4 7
355 3 5 6 7 3 2 8 1 2 5 2 9 9 1 3
15
488 9 8 8 5 1 3 5 8 9 6 4 5 2 1 9
397 5 1 6 6 8 4 5 4 5 8 5 6 6 1 1
450 4 5 7 2 6 7 8 7 5 9 2 1 3 3 6
472 6 2 7 3 7 8 3 8 5 8 3 9 9 9 2
346 5 5 4 4 2 4 1 9 3 1 9 4 8 1 9
438 3 8 2 4 8 4 9 3 7 6 7 9 7 4 1
339 1 9 1 2 2 8 3 4 1 3 5 4 5 9 6
461 8 4 9 4 3 7 3 6 5 3 9 6 2 2 9
492 2 9 5 9 6 6 3 3 9 9 9 7 3 4 9
456 8 9 8 8 3 9 3 1 6 6 2 2 6 9 6
390 3 2 3 3 5 1 5 7 8 6 8 1 5 6 1
405 5 2 3 5 8 5 1 4 6 3 4 4 9 9 9
481 7 9 6 3 7 7 9 7 2 1 4 4 2 8 6
365 3 3 6 4 3 4 4 6 7 4 3 8 6 1 3
442 6 3 8 8 1 6 5 9 7 4 3 5 8 4 4
15
367 1 9 6 4 3 4 7 2 1 1 4 8 2 7 6
402 6 8 2 7 5 9 4 2 9 8 2 5 1 1 8
471 8 6 8 6 1 7 5 8 7 2 3 9 8 6 6
405 9 5 4 2 9 1 4 2 2 5 3 6 8 9 6
416 3 1 2 3 9 6 4 5 3 8 6 9 5 9 4
407 3 6 3 8 3 9 4 5 4 6 6 9 7 2 6
312 4 2 2 7 6 7 3 1 3 6 5 4 6 1 4
435 4 8 9 7 7 9 1 3 6 1 4 2 6 5 9
457 5 6 6 9 5 9 3 4 8 4 2 8 3 6 8
319 3 1 5 3 6 2 2 7 4 5 4 7 4 5 2
383 5 7 5 9 8 3 2 2 9 1 1 8 2 9 2
422 6 8 1 6 5 3 7 8 7 7 5 4 3 6 1
397 5 3 2 8 2 5 6 6 8 6 8 7 3 1 5
290 2 3 2 3 4 9 7 2 1 3 1 8 1 3 4
456 5 8 8 1 9 9 2 1 1 7 2 7 8 6 6
15
310 2 4 4 1 6 8 4 4 7 1 3 4 1 1 7
412 4 6 7 5 8 1 8 2 6 9 2 5 3 1 2
490 7 3 8 6 4 7 7 1 7 8 5 8 7 2 9
539 9 7 8 7 8 6 9 1 7 6 6 2 8 2 9
408 5 2 2 8 8 7 5 1 2 5 7 4 9 8 3
423 7 2 2 9 2 9 4 9 5 7 2 8 2 7 7
457 8 3 9 8 6 4 4 3 3 4 6 3 7 9 2
498 5 8 3 6 3 6 7 8 9 4 6 6 2 7 7
483 6 4 8 9 9 9 8 3 8 2 1 5 6 7 7
458 9 2 4 1 5 5 5 9 8 1 3 8 8 6 8
535 4 5 8 4 9 2 9 1 6 7 7 3 9 9 5
435 8 1 9 2 6 5 5 3 2 7 6 2 5 2 5
475 5 7 3 8 9 3 7 3 4 7 7 4 9 8 3
370 1 3 5 7 4 5 5 9 7 3 5 5 7 7 1
449 3 1 7 5 2 5 8 7 3 9 3 3 3 9 9
15
419 4 2 3 8 4 9 9 4 2 2 1 8 7 9 8
461 4 8 4 3 8 6 4 5 8 6 1 3 7 9 5
407 7 6 7 2 7 3 2 2 7 3 7 8 3 7 2
418 9 7 9 8 2 2 4 4 1 3 4 9 9 5 6
542 7 5 8 9 8 9 8 7 8 4 8 4 7 7 2
473 5 8 3 9 8 5 3 9 2 9 6 2 3 9 5
443 4 2 7 5 7 1 9 7 3 6 6 2 8 8 3
399 1 4 2 4 8 1 3 1 9 9 4 9 5 8 2
503 7 9 4 3 6 7 9 5 9 4 7 4 3 7 2
397 9 4 8 6 1 4 8 6 1 6 1 5 3 1 5
504 9 5 5 9 8 3 7 6 4 8 9 5 3 2 5
472 8 4 9 1 2 2 6 4 8 1 9 9 6 3 5
362 5 2 1 7 1 6 7 3 8 4 3 4 1 7 6
438 3 1 9 3 6 9 5 6 6 8 4 2 7 5 3
448 8 9 5 8 7 3 7 8 5 5 2 7 8 1 2
15
489 9 9 4 3 6 7 8 6 9 8 2 2 3 4 2
372 6 1 7 7 8 1 1 1 3 1 9 2 2 8 5
389 7 8 3 9 3 6 4 3 8 4 5 7 1 1 3
402 7 6 1 7 7 7 5 4 5 6 3 5 3 1 5
436 8 4 3 5 4 3 9 8 1 5 4 9 6 6 8
253 3 4 5 3 1 3 4 2 4 1 5 3 1 4 1
489 6 6 7 4 3 2 9 7 9 5 7 3 6 1 6
429 2 3 8 8 2 2 7 9 8 8 5 5 4 3 1
506 9 5 2 9 8 3 6 7 8 5 8 9 7 9 3
423 3 1 6 3 3 3 5 6 6 8 5 8 3 2 8
384 2 4 1 9 9 4 3 3 3 5 4 6 9 8 9
487 8 1 9 9 3 6 2 7 9 7 4 7 9 4 6
450 7 7 6 9 7 9 4 2 1 7 4 7 4 7 4
388 4 5 9 1 2 4 7 2 1 1 6 3 6 6 9
485 9 6 2 7 8 7 8 9 2 9 5 9 3 1 9
15
352 2 8 8 6 4 1 6 6 5 1 4 7 3 2 3
408 8 6 9 1 8 1 5 9 1 9 2 6 3 1 5
494 4 9 9 9 9 7 6 9 7 2 9 2 4 4 5
480 5 5 1 4 5 8 6 6 3 6 8 7 9 9 6
430 9 5 6 6 6 1 6 9 6 2 8 2 1 3 6
432 7 9 5 8 3 5 6 1 7 5 4 3 8 5 7
299 7 8 5 8 2 2 4 4 1 1 1 4 2 6 2
446 7 7 8 5 1 9 5 3 6 5 7 4 6 5 4
353 6 1 1 9 6 5 3 7 6 2 2 4 9 4 9
457 8 4 9 6 2 7 9 2 2 4 9 9 2 3 2
462 8 4 2 9 7 8 1 4 4 7 9 6 6 8 8
375 6 3 5 9 1 7 6 2 1 9 7 7 8 1 2
431 9 8 8 9 8 7 3 1 2 3 6 8 3 4 3
322 2 2 5 3 7 6 3 6 1 3 6 3 5 7 2
504 9 5 9 8 4 2 8 9 6 3 2 8 4 3 8
15
457 9 6 7 5 6 8 7 7 1 4 3 6 2 8 3
471 7 4 1 6 7 8 3 9 1 4 9 9 6 8 7
397 1 7 2 5 3 9 2 6 7 8 7 6 6 3 4
460 7 9 6 9 4 3 4 7 9 5 7 2 2 4 7
424 4 7 7 7 2 8 3 6 8 9 5 6 5 3 1
451 7 9 5 1 5 3 6 2 3 5 6 8 1 3 9
500 9 5 6 5 4 6 6 7 9 5 8 6 4 2 4
474 7 6 8 6 4 5 7 4 8 5 5 3 2 9 3
470 7 8 9 5 7 6 1 4 5 7 7 5 7 1 9
420 5 4 8 5 5 2 3 3 3 8 7 7 3 6 2
514 8 8 7 6 7 4 6 4 1 8 5 7 9 6 8
446 4 6 9 5 7 8 7 1 3 5 5 5 6 3 2
448 5 7 3 1 6 9 5 7 9 7 1 8 1 7 4
413 1 8 3 8 7 3 4 7 9 3 6 6 5 2 8
460 2 7 7 1 5 5 2 5 6 9 9 7 4 6 3
15
473 8 1 1 4 8 8 6 4 8 4 9 2 9 9 6
452 2 2 7 6 7 9 6 5 5 5 8 8 6 3 5
475 1 3 7 5 9 5 8 3 6 5 2 7 7 9 9
441 9 8 5 5 6 3 7 3 2 4 4 5 1 6 9
394 6 2 2 6 6 1 1 2 8 8 8 7 5 1 9
456 8 7 4 6 1 2 9 7 5 4 3 5 9 7 7
400 5 8 3 6 9 1 8 1 2 2 1 7 2 5 9
606 5 8 8 9 7 5 9 6 4 9 9 8 9 9 5
441 2 4 8 6 5 9 4 5 5 4 2 5 7 5 8
489 8 7 5 7 7 1 7 2 6 7 9 3 9 3 6
349 4 7 2 2 1 3 2 5 4 5 6 8 1 7 7
446 6 4 7 3 9 1 6 6 5 7 3 9 9 4 5
385 3 8 3 7 4 6 5 7 7 1 1 3 8 5 8
340 1 6 5 5 2 7 6 5 3 1 8 2 5 4 2
471 2 6 6 8 4 6 7 4 2 7 9 5 8 4 6
15
319 3 1 5 5 3 5 5 5 4 6 1 5 1 2 4
464 3 9 7 8 6 2 3 7 6 3 8 7 1 5 6
429 9 3 2 6 9 6 2 9 9 2 2 7 9 4 7
538 6 5 7 7 2 8 8 4 6 3 9 9 5 5 9
387 8 6 4 4 4 7 4 7 6 1 4 8 6 3 2
407 4 3 2 3 4 7 9 5 2 6 2 6 3 6 6
334 3 4 9 9 6 5 1 7 4 4 5 1 1 2 1
374 3 1 8 7 8 5 4 5 4 3 6 3 8 1 1
468 7 9 7 6 9 3 2 8 9 1 5 8 4 6 2
416 4 6 6 8 5 4 5 3 5 5 6 6 1 2 7
331 8 2 6 2 5 3 6 4 3 3 1 7 3 3 1
430 8 8 4 7 9 6 5 1 6 3 1 6 8 8 2
480 4 9 7 1 7 7 9 9 9 2 1 1 3 8 4
474 4 9 7 6 4 3 3 6 6 7 5 8 6 7 3
395 2 8 1 5 8 1 7 2 5 2 4 9 4 5 6
15
432 3 4 4 5 6 8 2 5 9 8 6 4 9 6 2
393 2 6 3 2 9 2 4 5 4 9 3 2 6 7 3
357 3 7 3 5 7 3 1 3 5 7 5 4 9 4 5
469 3 3 7 9 8 8 5 6 7 2 9 5 3 7 4
377 2 3 1 1 7 4 7 5 5 2 9 5 7 6 1
484 9 2 7 9 7 5 5 9 6 5 3 2 9 3 8
427 5 1 7 3 4 4 5 7 5 8 5 3 4 1 8
426 3 9 3 6 1 9 4 8 4 7 3 6 1 8 5
303 5 4 1 1 2 8 3 5 9 1 1 4 6 3 7
447 3 9 1 5 6 5 8 2 3 6 4 9 7 7 9
460 5 4 3 5 5 5 8 2 9 8 6 5 2 7 2
442 8 4 7 3 2 1 5 8 9 5 3 8 1 8 6
295 6 2 2 6 1 5 1 7 2 5 2 5 1 9 2
550 7 2 8 1 6 7 9 1 8 6 7 4 9 7 8
426 2 5 3 2 2 6 2 5 7 8 5 1 5 9 9
15
461 7 3 7 5 4 7 8 5 5 8 5 4 4 2 3
434 4 4 7 8 9 1 4 5 6 3 5 2 1 7 7
468 1 5 7 5 6 6 7 4 4 9 2 3 4 9 6
424 6 7 2 6 1 3 5 1 8 5 8 9 3 7 4
446 1 8 8 5 3 2 8 6 5 5 7 7 2 4 9
429 1 7 5 4 4 3 7 1 1 8 8 9 3 5 5
419 1 1 4 5 6 4 4 6 9 8 7 4 4 2 7
439 3 5 1 8 7 5 7 9 8 9 4 3 3 4 2
406 7 8 4 4 7 4 4 5 7 1 6 6 8 3 6
398 4 5 6 8 5 1 4 5 6 4 7 3 3 7 2
375 6 7 8 6 2 4 2 5 6 1 4 3 1 5 5
458 7 2 9 3 2 5 4 4 7 7 6 1 4 8 8
394 8 8 1 3 7 9 3 6 1 1 9 4 8 1 7
383 3 7 8 8 8 3 1 5 4 4 8 4 1 5 1
522 3 3 9 1 8 8 9 1 8 7 4 6 1 6 6
15
384 7 9 1 3 9 3 2 8 6 5 5 7 2 3 4
381 9 7 6 2 9 6 1 5 3 7 3 5 3 1 1
290 3 1 4 1 3 8 1 8 2 2 1 4 5 7 6
417 6 4 4 5 8 3 9 3 1 3 8 3 2 6 8
451 4 6 3 6 8 1 2 8 9 6 5 6 9 4 8
382 4 4 9 8 4 6 3 2 2 5 3 8 1 6 3
511 8 7 8 3 3 8 7 2 6 8 7 3 6 6 1
412 7 7 3 7 5 7 3 6 4 5 1 8 7 2 7
376 5 8 3 6 4 3 7 9 3 1 8 6 4 6 1
422 7 6 2 4 6 8 1 8 9 9 1 9 6 5 5
373 5 1 1 2 9 1 2 7 5 8 8 2 7 4 7
517 8 7 2 9 9 9 8 7 2 7 5 4 1 7 8
396 9 8 2 4 5 4 7 8 2 2 2 3 2 7 8
509 4 8 7 4 5 5 9 9 1 6 7 2 6 8 7
380 2 9 6 5 2 6 9 3 9 3 2 1 6 3 5
15
361 9 4 1 9 3 7 5 4 7 8 1 4 6 1 4
449 9 2 3 4 2 3 5 9 4 6 6 4 9 8 9
463 8 9 1 8 6 3 8 3 5 3 7 2 1 9 8
491 8 8 4 8 9 6 6 7 8 1 8 5 6 7 3
433 2 7 1 8 9 9 9 3 7 9 9 2 4 1 1
405 5 3 5 8 3 7 9 2 1 6 7 9 9 3 2
381 1 9 9 3 5 1 3 9 3 2 6 4 2 1 6
391 8 4 5 8 2 2 6 4 2 9 4 3 8 2 5
349 5 2 1 7 5 6 8 6 1 5 1 2 6 6 3
370 2 6 4 4 7 6 4 4 3 5 8 7 1 3 1
490 7 7 5 1 8 9 8 9 8 1 4 6 9 6 5
415 6 6 8 8 1 1 9 8 5 4 4 8 2 2 5
357 1 6 2 5 9 2 3 8 4 2 8 1 2 6 8
348 7 4 5 3 7 5 8 1 8 4 1 1 5 1 1
403 5 3 4 8 6 6 4 6 3 9 6 4 1 3 6
15
392 4 8 5 3 4 6 7 2 5 1 6 2 8 4 7
355 5 7 3 3 1 1 7 3 7 8 5 4 3 3 2
325 7 3 3 5 1 7 2 6 3 9 2 1 3 5 1
429 4 5 1 8 6 9 7 6 5 5 6 7 4 6 3
415 2 6 9 5 6 1 9 7 2 7 1 6 9 5 1
349 8 1 4 4 5 2 2 4 1 5 3 3 2 5 9
423 9 8 6 3 3 5 3 5 3 7 9 1 4 2 6
515 9 5 8 8 2 8 6 3 7 2 8 7 5 3 8
511 2 5 9 2 3 9 7 5 7 9 8 6 3 9 4
391 2 2 4 2 4 8 1 2 8 8 8 3 8 3 6
400 2 7 9 7 7 6 6 9 9 1 1 3 9 2 4
543 4 5 9 4 7 9 7 8 7 4 8 4 6 7 4
354 3 6 4 2 5 8 1 9 1 6 7 2 6 7 2
389 5 8 5 8 9 3 3 1 6 1 5 3 4 3 7
337 1 2 5 1 3 7 4 7 4 1 4 1 8 6 8
15
419 8 1 3 7 6 8 7 3 5 2 3 4 7 5 7
381 3 3 4 1 7 3 8 7 4 3 1 8 1 3 6
452 7 9 8 1 8 9 6 4 5 5 4 7 7 3 2
341 2 4 1 6 7 2 2 9 3 6 5 1 3 3 7
446 3 5 6 1 4 9 8 7 3 7 5 7 2 3 8
433 3 4 9 6 4 6 5 3 3 6 8 6 3 3 8
452 7 3 9 3 4 9 6 5 3 5 1 8 3 8 3
380 1 4 7 8 8 2 6 2 4 8 2 4 7 2 2
357 5 5 5 4 8 1 5 5 1 8 2 3 1 1 5
493 4 6 6 6 6 9 3 9 4 4 5 9 9 7 6
394 9 5 6 5 7 6 3 2 4 1 9 5 3 5 1
488 6 5 7 2 2 4 3 7 9 4 7 7 8 9 8
449 5 2 5 1 6 7 9 9 6 8 2 3 5 5 7
373 1 6 2 6 3 6 6 7 4 3 1 9 2 7 4
439 3 2 4 4 9 7 1 9 7 6 7 9 4 5 5
15
423 5 6 4 1 8 5 1 6 5 6 9 3 9 4 8
378 2 1 3 4 4 6 3 7 3 9 4 9 1 5 4
489 8 2 9 5 3 5 7 7 4 7 5 7 7 1 9
315 7 3 3 1 5 4 1 4 2 1 9 5 5 1 7
346 4 8 4 7 1 1 1 1 4 6 3 7 2 8 4
409 5 3 4 9 1 3 5 8 6 8 6 4 2 5 7
454 6 2 1 8 6 2 2 5 7 7 8 5 1 9 8
424 5 5 4 4 9 5 3 1 9 7 3 8 1 4 7
344 6 5 1 9 6 4 2 7 8 3 5 6 9 1 1
398 4 6 5 9 1 4 1 7 9 1 8 4 4 8 1
464 9 1 4 8 7 2 9 9 2 2 8 3 9 9 1
516 3 5 8 9 2 7 7 4 6 9 7 9 1 6 5
306 3 6 6 2 4 6 6 1 1 1 3 5 1 2 1
529 8 8 8 3 7 6 5 8 8 6 5 5 2 6 5
508 9 8 3 9 4 6 6 5 4 5 7 6 4 8 9
15
410 5 3 6 1 7 4 2 4 8 9 1 3 5 7 7
444 2 6 5 8 5 7 9 1 4 4 1 7 6 8 7
446 4 4 8 3 5 8 3 7 4 1 8 8 3 6 8
474 5 7 6 3 8 1 6 3 2 4 9 7 5 8 5
351 9 1 1 6 8 3 1 6 7 7 5 2 7 4 3
379 1 9 6 3 5 5 3 5 8 7 2 6 5 2 1
475 9 2 6 7 9 5 7 9 6 5 5 9 4 4 2
364 1 9 1 4 6 1 9 9 5 4 4 1 2 4 8
334 3 1 1 2 5 6 7 4 6 6 1 6 1 3 8
411 4 5 7 6 1 8 7 5 7 5 5 2 6 5 1
400 6 9 3 2 3 5 9 3 8 6 3 4 3 2 5
349 2 7 3 8 1 7 1 8 2 3 7 8 6 4 4
483 9 1 6 4 9 7 6 5 6 9 5 9 2 4 2
489 6 9 5 8 2 1 9 1 8 2 9 6 9 9 6
366 4 8 6 7 5 1 3 3 6 2 4 3 6 3 4
15
360 3 2 2 7 4 3 9 5 4 8 2 5 9 1 7
293 8 5 2 3 3 1 6 1 4 1 2 7 2 3 3
400 3 8 4 4 3 2 4 8 9 8 3 7 1 5 1
396 6 4 6 1 9 6 1 8 3 5 3 2 5 3 8
529 9 9 2 7 5 1 8 7 9 7 9 2 4 3 9
529 6 8 7 9 8 1 7 6 6 5 4 6 9 6 7
462 8 6 1 4 4 1 6 3 5 8 4 3 7 8 9
398 5 1 8 4 3 2 2 1 7 3 7 9 3 5 7
415 5 8 7 7 5 4 5 5 3 2 8 5 8 2 5
451 7 2 9 6 5 6 2 7 9 4 6 4 9 5 6
465 3 3 7 5 8 8 5 7 1 8 9 6 4 4 5
427 5 8 3 6 3 3 4 8 8 6 9 5 9 1 2
477 8 2 8 7 4 9 3 4 6 6 1 8 8 8 7
481 6 5 2 2 3 9 9 8 3 9 6 1 7 8 6
371 3 4 3 9 2 2 5 1 5 6 7 6 5 3 6
15
424 5 6 9 9 6 9 1 6 4 6 5 2 3 6 1
381 4 9 9 3 2 3 3 7 8 9 3 2 1 1 4
351 6 7 1 4 6 6 5 3 4 7 2 1 8 2 6
400 7 1 4 4 2 2 9 1 5 8 4 3 6 8 1
358 2 2 7 7 5 2 1 3 8 3 5 2 6 2 7
365 1 7 8 3 4 8 7 3 7 4 1 2 9 2 4
281 8 4 1 6 5 4 1 5 1 4 2 8 4 1 4
358 1 8 5 8 7 3 1 4 4 4 1 8 6 9 2
432 6 7 4 6 9 1 5 2 5 1 9 4 5 9 1
409 8 8 2 1 3 6 9 2 7 3 6 2 8 3 5
479 5 6 3 7 5 3 6 8 6 8 9 8 1 6 4
433 5 1 8 4 7 5 3 4 9 8 1 5 9 7 2
351 3 6 3 1 5 3 7 5 6 3 8 6 9 1 2
486 7 1 2 4 4 8 5 4 8 9 8 7 5 8 2
320 9 7 3 7 2 2 5 6 1 2 2 6 4 3 4
15
342 6 7 1 6 4 6 1 5 5 3 5 4 3 8 4
362 8 7 6 5 1 3 1 5 6 5 4 6 1 5 3
430 7 4 8 6 4 2 4 6 2 9 5 8 1 2 6
364 3 2 1 7 5 4 6 8 3 5 7 2 6 6 5
384 5 3 4 7 4 2 9 8 3 8 2 9 5 1 5
456 9 1 7 1 8 2 8 6 6 3 8 4 6 3 6
442 3 3 4 6 1 8 1 7 7 9 8 6 1 8 9
397 1 4 4 9 6 6 4 4 3 4 6 3 2 6 9
402 4 2 3 8 1 6 6 6 1 8 5 8 2 5 4
308 4 3 7 9 4 6 2 9 4 3 2 2 4 1 3
437 9 4 7 9 3 3 2 6 7 6 1 5 2 5 9
545 8 2 2 5 4 7 8 8 8 7 9 9 9 9 6
435 9 3 4 1 6 5 7 1 8 6 9 3 5 1 5
293 6 9 1 7 3 2 5 8 5 1 2 4 5 3 1
486 7 8 3 9 9 4 8 4 2 4 8 4 4 4 7
15
400 8 3 3 5 7 4 1 8 4 6 4 2 4 5 8
442 8 6 1 8 9 7 3 3 9 1 5 2 4 9 8
312 3 4 1 5 3 6 1 9 2 6 5 2 9 5 4
365 1 3 2 4 2 2 6 3 8 6 8 3 6 1 9
497 8 1 6 1 7 9 4 8 2 8 9 1 9 8 9
424 6 8 7 2 3 3 8 7 4 2 9 3 6 3 6
523 9 9 9 8 1 2 7 5 9 6 5 3 8 6 7
405 7 8 5 1 8 2 4 1 4 3 3 3 7 8 4
373 1 1 6 2 6 9 1 6 1 7 5 1 7 5 6
443 4 8 8 6 4 6 6 8 6 5 1 7 3 5 1
426 1 9 8 5 5 5 2 5 8 1 6 3 4 8 8
350 1 1 9 7 7 6 3 2 3 4 2 5 7 2 6
281 2 2 7 1 1 3 3 3 7 4 3 7 2 2 1
376 3 6 7 2 7 8 4 7 3 4 2 1 3 3 6
427 7 5 4 8 1 5 8 6 5 6 2 8 4 3 5
15
392 2 7 8 2 2 6 5 7 3 3 6 3 1 7 3
404 4 8 8 8 3 1 1 4 7 9 1 6 3 7 5
505 9 5 8 4 5 1 3 3 9 8 6 9 5 7 1
455 2 7 2 9 7 5 7 6 6 8 4 1 4 4 9
456 7 8 5 8 6 7 7 9 1 2 8 8 2 1 9
426 6 2 8 2 6 8 5 3 7 3 8 4 8 3 1
401 7 2 9 1 4 5 1 2 2 7 7 6 7 3 6
442 1 3 6 3 9 3 6 8 7 6 3 9 7 1 6
365 4 6 8 8 5 2 8 6 2 1 1 4 3 4 3
486 6 2 9 7 3 5 8 5 9 9 1 4 3 7 4
429 9 9 5 9 4 7 5 2 1 7 6 1 6 3 8
476 6 4 7 8 5 7 7 4 7 1 8 9 3 5 6
454 5 2 7 4 7 8 4 6 8 3 3 4 9 6 8
413 7 7 2 4 7 4 1 7 5 1 6 8 2 8 6
476 4 5 9 9 6 5 9 7 4 9 4 1 6 2 6
