100 25
500 500 500 500 500 500 500 500 500 500 500 500 500 500 500 500 500 500 500 500 500 500 500 500 500
15
770 5 3 9 3 2 3 5 10 7 3 7 5 9 9 3 3 1 9 6 5 6 7 2 7 1
1024 8 7 1 10 9 2 9 7 10 10 5 8 9 10 5 4 8 9 3 8 2 5 8 3 9
656 10 7 8 1 8 2 5 1 2 7 1 5 4 1 5 9 4 1 3 4 6 4 3 9 2
746 6 5 9 4 4 7 1 5 6 10 1 5 5 1 9 7 6 1 1 1 5 5 10 8 10
918 4 6 6 6 6 8 6 9 2 10 9 7 8 4 5 9 8 9 5 1 7 9 1 3 8
909 7 7 7 10 10 7 1 2 6 9 8 1 10 1 10 10 2 9 6 2 6 2 6 10 4
767 6 10 6 1 4 4 5 9 1 7 3 2 9 3 4 9 2 7 7 3 10 8 4 3 9
744 10 6 7 9 8 4 2 3 3 1 7 4 1 7 5 5 8 4 10 6 7 6 7 1 7
740 3 3 2 1 4 10 2 4 7 9 4 8 6 1 10 1 4 4 1 4 1 4 4 10 10
713 4 10 9 8 6 6 5 6 8 3 9 3 1 5 5 5 6 9 1 6 3 7 1 2 9
697 3 10 7 2 2 6 6 3 4 4 7 5 5 1 10 3 1 3 9 9 5 5 7 4 6
855 10 4 2 7 2 1 8 9 7 5 6 3 1 4 8 10 9 6 9 1 10 10 8 10 4
929 7 2 7 9 5 8 3 9 8 9 6 3 6 2 2 4 7 9 10 6 7 1 8 9 4
886 2 10 2 3 6 4 1 10 6 7 7 6 8 7 7 10 8 8 5 6 9 8 7 5 1
705 3 4 2 5 3 5 3 7 6 10 9 4 4 1 6 5 5 5 5 1 1 6 10 4 4
15
897 10 5 10 3 9 7 6 10 8 7 8 10 2 2 4 2 9 3 10 3 2 6 5 5 10
890 4 2 10 5 3 5 10 5 6 7 4 9 1 9 6 5 2 6 9 9 10 9 3 4 9
803 10 7 2 9 7 4 5 6 9 2 4 2 6 1 1 8 9 7 6 9 3 9 7 6 5
805 8 9 5 10 1 8 2 8 6 4 7 4 7 7 8 2 5 8 10 3 3 1 2 9 8
623 7 7 10 9 3 4 1 7 3 5 5 8 1 5 4 2 6 4 4 2 3 6 4 2 8
811 5 2 10 6 8 5 2 7 2 7 1 6 5 10 5 7 1 4 3 6 10 10 10 9 5
706 6 3 1 3 2 5 7 5 10 7 9 4 2 1 3 5 6 6 7 4 1 1 10 6 7
832 6 10 9 4 3 4 4 6 2 7 4 8 6 10 5 7 2 5 9 10 6 3 9 9 6
823 9 7 4 8 1 7 8 1 6 7 1 1 8 5 6 10 6 7 1 8 3 10 4 9 7
659 4 4 3 4 8 2 3 9 10 6 3 1 2 1 6 9 4 1 2 6 10 10 2 4 1
801 1 5 7 6 5 7 10 5 2 2 7 4 7 3 8 8 8 10 1 3 3 4 6 8 10
781 2 4 4 2 1 10 6 6 8 4 8 5 1 2 9 5 8 5 8 6 4 10 4 8 7
949 2 10 2 8 8 5 2 6 5 9 4 6 9 3 10 5 7 5 6 9 8 5 6 7 5
924 5 4 4 8 2 8 6 7 3 6 10 4 10 9 10 1 6 9 8 4 7 7 6 6 9
913 10 9 5 7 8 9 6 10 1 5 8 7 10 3 10 10 5 2 1 6 5 4 7 6 9
15
722 4 2 2 9 8 8 5 3 9 2 2 4 1 7 5 2 1 8 8 8 5 10 9 3 8
832 5 9 8 1 1 2 9 3 3 9 6 5 4 8 7 7 8 5 4 7 3 4 10 8 9
1037 3 7 7 9 8 3 9 5 9 2 10 6 10 10 8 8 8 9 3 2 10 7 8 8 10
884 7 5 7 1 7 10 4 8 7 8 8 5 10 2 4 2 10 1 9 4 2 3 1 6 10
877 3 5 4 9 7 3 10 9 4 1 4 3 10 8 6 5 6 3 5 4 9 3 8 10 10
698 10 2 5 6 4 6 6 5 3 5 6 8 3 3 3 6 2 7 2 7 10 3 3 3 3
712 9 10 6 9 1 6 5 4 2 2 1 6 6 10 3 5 1 10 5 3 8 3 2 3 3
787 10 5 2 9 2 10 3 8 10 5 5 9 8 6 1 10 2 3 6 1 4 6 1 4 4
897 4 10 8 4 4 9 9 4 10 8 10 6 2 1 8 4 4 6 8 6 9 2 9 5 9
794 7 4 6 5 10 9 2 6 1 9 1 2 3 4 9 9 4 5 2 6 10 5 8 4 10
787 2 4 8 7 2 10 5 2 9 4 4 5 3 10 10 3 10 2 9 7 2 5 8 9 2
675 4 2 6 4 4 4 2 7 4 7 3 6 3 1 3 1 6 5 5 5 10 10 1 9 4
791 9 6 10 5 3 9 6 1 8 9 6 10 8 6 5 1 4 1 9 6 1 10 1 1 8
740 5 8 7 6 8 3 1 9 8 1 1 5 2 10 3 8 4 8 3 4 10 2 1 9 4
924 5 7 2 4 9 9 9 7 6 7 8 2 7 4 9 6 1 5 8 8 7 5 8 9 9
15
812 5 5 3 9 3 3 1 7 10 3 5 4 4 6 6 9 7 7 10 2 7 9 10 2 5
785 2 4 3 5 4 6 3 3 3 10 1 5 7 4 6 7 3 8 9 6 1 2 8 6 7
874 10 8 7 2 5 3 5 4 10 8 8 2 5 10 4 10 1 9 2 1 10 9 8 7 6
836 8 7 9 8 6 8 10 5 3 9 10 2 9 10 2 1 6 5 7 3 5 8 7 4 1
779 2 9 9 3 3 8 8 3 7 9 4 9 1 7 3 3 2 3 10 6 4 7 5 7 9
932 8 6 3 5 10 4 5 4 8 4 10 9 5 5 3 10 4 9 8 3 1 7 10 5 8
798 6 9 2 7 5 1 1 1 5 8 7 6 5 6 10 8 7 4 8 3 1 3 2 10 2
851 4 8 8 10 6 2 7 4 5 7 10 8 1 3 2 10 8 8 7 6 5 3 3 7 2
907 7 5 7 9 7 10 9 5 3 6 2 8 6 10 5 5 3 9 3 8 6 10 8 2 7
823 7 1 5 3 4 7 3 9 9 5 4 6 2 9 6 5 6 8 7 3 6 9 3 10 4
638 3 9 4 5 2 10 6 9 2 2 1 5 1 1 9 9 1 3 9 6 4 7 8 6 4
548 2 5 7 10 5 2 1 1 2 3 1 5 10 4 1 6 2 1 8 5 1 10 1 2 1
611 6 5 3 5 3 4 1 9 3 2 3 2 1 5 6 8 9 1 8 6 5 1 4 9 3
712 8 2 2 4 8 9 8 9 1 6 3 2 4 9 6 8 7 1 1 8 6 10 3 2 9
859 4 9 8 8 2 5 7 9 2 10 8 3 9 2 4 4 10 1 9 9 1 4 9 6 7
15
827 3 7 6 6 6 2 9 10 4 5 8 6 8 5 4 10 5 3 4 5 10 7 6 10 4
833 2 7 8 6 9 8 2 2 9 4 7 6 1 8 8 3 5 5 7 8 9 9 3 10 5
704 5 7 5 6 8 5 3 9 2 3 9 2 3 8 1 4 5 4 5 3 8 1 9 10 4
849 3 5 7 10 10 6 5 8 7 10 8 5 8 8 3 10 3 9 4 2 1 1 7 1 8
703 8 1 4 2 3 1 5 5 7 2 8 6 6 1 6 6 3 5 7 3 5 8 9 8 1
923 4 9 7 10 8 2 10 5 3 4 2 5 6 7 10 3 6 5 10 3 9 10 2 7 10
774 10 5 6 3 4 3 6 8 8 5 2 7 4 5 9 6 2 8 8 6 5 3 10 7 1
794 1 5 10 5 4 9 7 6 2 8 1 4 10 4 7 2 7 6 9 9 5 3 3 3 5
890 8 5 10 5 5 3 5 8 2 10 2 7 9 1 10 10 5 6 2 7 6 6 5 9 3
880 4 9 3 3 10 5 6 8 7 6 10 4 2 10 3 1 6 6 10 5 9 3 6 5 6
732 10 7 2 6 1 7 1 9 2 7 10 3 5 3 5 4 2 9 5 6 1 7 5 8 4
746 8 6 7 3 3 8 1 4 9 8 2 3 2 9 2 8 2 7 5 1 7 9 8 3 8
736 3 1 6 3 4 5 5 5 9 8 2 4 5 1 1 7 5 2 9 8 10 8 3 2 10
730 3 7 8 7 5 5 10 9 6 7 10 1 1 6 4 1 4 8 2 2 9 3 1 3 5
746 1 8 2 3 3 9 6 3 4 8 6 9 6 7 3 9 2 5 7 4 5 9 8 7 3
15
952 9 7 6 4 8 6 9 4 4 2 3 1 7 5 6 8 10 10 9 5 8 8 9 7 9
669 4 6 2 8 6 2 6 3 8 2 7 1 2 6 7 5 1 5 4 3 6 2 9 9 3
1024 9 4 2 3 9 1 9 1 7 7 8 9 5 8 7 4 10 9 6 10 8 6 2 5 8
524 8 5 10 1 2 7 2 5 7 1 6 5 6 3 1 2 3 2 5 4 1 9 6 2 2
753 6 5 3 3 10 9 6 7 1 9 1 1 10 8 3 1 8 8 1 4 4 8 10 7 3
798 8 9 7 6 7 2 5 1 8 3 10 10 4 2 10 3 6 2 2 3 6 9 9 3 8
735 1 3 9 5 5 7 8 8 2 5 5 5 8 7 5 9 8 1 7 2 8 1 4 6 4
888 6 4 7 9 8 3 10 9 4 7 9 8 7 5 3 2 3 1 8 8 1 8 10 6 10
755 8 2 3 10 2 5 5 1 8 5 7 4 2 5 2 4 5 8 3 7 6 3 7 7 1
662 3 3 7 9 6 9 3 5 6 1 2 7 7 4 8 3 6 1 1 1 2 2 7 4 6
715 8 2 2 1 2 4 7 1 1 6 8 2 10 9 7 1 3 7 7 6 5 7 9 1 6
918 9 9 3 10 9 3 6 9 3 3 10 1 6 4 5 7 10 10 8 1 3 1 6 10 9
767 1 4 8 2 7 1 4 2 3 7 2 8 3 9 4 5 4 7 9 6 2 9 6 9 3
833 5 8 10 2 3 4 9 5 3 9 8 2 8 5 7 6 6 7 8 5 2 5 7 4 6
909 10 10 5 3 10 10 4 10 7 10 1 5 8 7 10 7 4 3 8 7 9 2 9 1 1
15
807 6 5 1 3 10 10 9 10 8 10 1 3 1 6 9 10 1 7 2 8 8 8 8 1 4
754 5 1 4 7 9 7 3 7 10 3 2 1 7 3 1 7 8 3 7 6 4 7 5 4 9
922 3 1 4 6 4 10 7 8 8 6 6 10 8 3 1 7 3 7 9 9 5 8 3 9 1
855 8 8 1 3 4 8 6 9 7 3 7 9 10 10 5 1 5 10 3 1 4 4 9 7 7
879 5 9 10 9 8 7 10 4 3 8 5 10 4 5 8 2 8 4 1 4 10 5 5 10 7
769 9 8 2 5 3 8 8 7 1 8 1 9 3 9 3 1 6 2 7 10 4 9 2 5 10
877 10 8 5 1 4 6 7 1 8 2 10 10 2 8 7 7 3 5 10 6 7 8 9 9 6
765 3 10 4 5 7 6 6 3 5 5 4 7 1 7 6 6 8 7 5 4 4 7 4 1 9
740 1 8 10 5 1 10 4 6 2 4 4 5 10 1 3 3 6 5 10 8 6 5 4 4 7
864 8 2 3 4 7 6 1 3 8 3 4 10 1 9 6 8 5 9 8 3 7 5 2 9 8
853 8 5 8 3 7 6 10 8 5 5 3 9 4 1 5 10 4 5 2 10 5 1 1 10 7
823 9 3 9 3 10 1 10 6 8 9 2 2 8 1 7 10 3 2 5 5 7 5 6 8 8
562 3 3 7 7 4 1 4 2 1 6 1 2 4 1 6 1 4 1 9 3 4 3 1 5 7
835 7 9 8 9 8 4 7 10 4 5 6 4 7 1 3 10 5 2 8 6 10 3 1 9 1
695 9 6 5 3 1 1 6 1 2 9 5 2 8 6 5 8 4 6 2 10 8 10 2 1 1
15
601 3 8 1 1 6 8 1 7 3 7 4 7 1 4 4 9 6 1 3 3 4 8 8 3 4
679 2 7 8 1 1 9 4 7 2 3 5 1 3 9 3 3 10 4 10 7 2 8 3 8 3
693 3 5 5 2 7 5 6 4 8 2 8 9 2 8 5 4 1 10 4 3 3 7 6 3 3
854 2 5 7 10 5 9 3 5 1 2 8 9 10 6 6 8 8 3 8 4 2 7 1 6 7
889 4 1 9 4 4 10 10 7 9 8 9 1 5 5 10 10 2 10 3 8 4 7 2 7 10
713 2 4 6 7 1 5 6 5 1 1 7 7 3 5 6 7 10 6 9 4 5 6 2 1 8
896 8 1 6 6 9 9 3 9 6 9 4 8 8 7 5 5 6 9 1 9 1 10 8 8 2
780 10 2 5 9 4 1 8 5 5 4 3 10 1 1 7 7 4 3 9 6 7 9 7 6 1
1130 2 6 9 1 10 5 9 1 1 10 9 9 9 10 9 8 6 8 9 10 10 4 9 5 10
855 3 2 5 6 6 2 9 7 2 10 10 4 8 4 7 2 5 8 1 10 9 9 1 1 10
782 7 8 4 4 9 5 6 6 5 8 8 1 7 7 6 3 1 2 9 9 1 6 9 8 1
838 1 6 8 2 1 9 1 8 6 9 2 4 9 5 8 10 10 6 2 2 10 10 8 3 3
701 6 6 3 4 5 1 6 6 2 5 2 3 10 1 10 5 3 5 10 5 1 7 10 4 4
882 7 6 9 10 4 1 8 10 1 10 5 9 1 4 2 6 8 2 5 10 10 4 9 9 7
705 10 7 4 1 6 9 6 8 8 2 8 3 5 2 3 5 1 5 7 6 3 3 8 7 7
15
873 3 9 9 7 5 4 4 2 10 8 9 7 3 10 1 7 6 4 1 6 9 2 9 7 10
823 9 10 3 2 4 3 10 10 5 3 7 2 4 1 9 9 9 8 8 2 4 9 9 4 2
966 10 10 2 6 3 4 8 6 3 5 8 10 5 10 7 8 10 10 4 10 10 1 5 3 2
850 5 9 8 9 7 10 10 5 3 10 3 3 1 9 9 8 2 8 4 5 8 3 4 4 5
783 8 2 3 1 4 10 7 5 5 2 9 9 3 9 1 6 7 4 5 8 3 6 6 4 6
905 6 3 5 2 5 9 1 6 4 10 10 6 8 5 5 9 10 3 10 3 1 6 2 9 5
858 8 8 9 10 5 7 9 7 3 1 3 6 6 8 6 10 6 6 7 2 5 2 7 7 6
795 2 1 10 2 9 9 4 9 9 6 9 1 4 2 1 2 9 1 7 7 5 10 4 10 10
973 10 10 10 1 7 9 8 7 6 7 5 9 10 2 9 10 9 1 2 9 7 9 6 9 2
823 4 10 5 5 4 2 6 9 10 10 5 9 3 3 5 4 10 2 1 5 5 9 8 10 6
922 9 9 9 2 5 6 1 7 4 7 7 10 10 5 10 6 7 9 1 8 10 9 8 1 3
624 1 2 8 6 8 3 8 9 7 2 4 2 6 4 2 6 6 4 1 2 1 4 10 1 7
862 5 6 7 7 3 2 8 10 7 3 5 7 3 1 6 10 9 3 10 10 1 9 10 4 7
852 1 5 7 3 6 7 6 7 9 1 5 3 10 10 8 10 9 5 9 9 7 2 1 1 4
784 3 3 9 10 10 5 5 9 2 2 4 8 3 8 7 8 2 7 2 5 2 9 9 8 5
15
704 7 4 4 5 3 2 4 3 9 4 10 1 4 8 6 3 3 4 7 7 2 9 4 8 2
694 2 9 6 9 2 2 9 3 2 1 8 5 2 3 5 5 4 3 9 9 3 2 6 7 5
896 9 8 10 2 7 6 1 6 3 6 4 7 7 5 10 1 6 9 1 10 10 1 3 9 7
681 10 1 3 1 3 1 10 8 9 6 3 4 8 5 4 1 4 7 2 9 1 8 3 5 2
854 8 9 5 9 2 8 6 2 1 10 10 3 10 6 10 6 8 7 7 2 1 8 1 3 1
731 1 7 2 8 8 4 2 6 10 4 1 2 6 2 6 6 3 2 8 10 6 7 3 1 8
700 4 7 1 1 5 10 3 2 8 7 7 4 3 1 1 4 1 4 8 3 5 3 3 9 7
742 10 10 6 5 3 1 4 3 7 5 2 3 10 7 1 8 8 5 1 6 10 4 1 6 2
879 7 4 9 7 1 4 2 10 9 6 10 10 10 6 4 8 4 7 2 2 6 10 6 7 7
812 5 1 9 6 1 9 9 4 4 8 10 1 2 3 9 10 1 4 10 4 7 9 3 2 10
859 3 8 3 4 6 6 9 8 5 6 5 3 8 3 6 3 8 4 5 10 6 3 2 6 10
673 9 10 6 9 4 2 8 4 6 1 2 6 6 8 3 2 6 3 8 2 2 5 10 6 2
954 10 1 9 10 6 9 8 10 6 9 10 10 9 6 4 7 9 1 2 5 6 9 4 1 5
724 9 1 1 2 3 10 8 3 2 8 6 1 3 1 10 6 1 7 5 4 9 3 4 9 5
604 2 9 8 3 3 6 3 10 10 5 1 9 2 2 3 2 9 3 4 1 6 5 2 5 1
15
653 1 6 10 1 5 8 8 10 7 5 7 3 1 8 3 8 3 4 5 2 2 3 7 10 5
726 1 9 7 3 3 9 6 9 1 1 10 4 4 3 5 8 8 1 6 8 9 8 9 3 6
783 7 8 10 2 5 4 6 1 2 10 8 3 6 8 3 2 6 6 2 5 7 3 10 8 6
733 6 10 7 1 5 3 2 10 8 3 1 5 9 8 4 7 10 9 1 4 3 4 3 4 7
617 1 8 6 5 5 7 7 5 3 7 6 3 10 3 1 6 2 5 2 3 1 10 10 1 4
749 3 5 3 8 7 4 6 3 6 7 2 10 8 1 3 5 2 6 10 2 2 4 7 4 6
804 10 8 3 6 4 10 7 10 4 7 7 4 1 5 3 4 9 10 7 3 5 7 3 3 4
740 4 1 3 9 1 5 3 10 2 5 9 6 9 9 1 7 5 4 5 3 3 1 7 4 3
869 4 7 5 9 2 2 3 6 2 10 9 10 1 8 9 3 8 5 2 7 9 3 4 3 7
866 3 10 3 3 5 9 6 7 8 5 4 3 6 5 8 7 10 10 6 6 3 7 1 10 1
825 6 6 3 1 7 4 8 2 4 9 10 10 1 6 7 7 2 3 2 6 9 4 5 3 6
741 3 9 1 5 5 7 9 1 8 3 4 1 6 10 2 3 9 8 5 2 7 5 9 9 5
782 7 9 9 6 8 4 1 9 3 5 8 10 4 4 8 1 4 5 3 9 2 10 3 3 10
920 6 5 6 7 10 10 9 6 10 4 4 2 4 4 2 8 9 6 10 1 8 2 1 10 10
920 7 1 7 2 6 5 4 4 6 9 7 7 9 9 3 8 3 4 10 3 7 8 10 8 5
15
892 2 10 2 2 9 7 6 6 3 3 3 8 6 8 6 4 8 7 4 7 8 7 6 8 8
828 6 7 3 1 9 6 2 2 3 7 8 9 9 2 3 9 2 6 3 2 5 7 4 9 8
613 2 8 3 6 9 4 4 5 1 9 2 8 2 2 2 5 3 2 4 3 5 2 1 6 6
845 2 1 5 6 8 8 4 7 4 2 10 8 9 7 5 9 4 7 10 2 4 8 5 8 5
892 3 2 8 2 10 7 4 10 5 8 7 5 9 9 10 5 2 5 9 6 1 4 8 10 8
789 1 3 1 6 1 9 2 2 6 6 7 8 6 1 8 2 5 3 8 8 4 6 10 5 10
887 9 10 2 5 5 3 3 1 2 5 7 1 4 5 5 7 10 10 9 8 6 6 8 9 6
759 5 7 6 4 4 3 5 3 3 6 10 3 2 4 8 2 4 9 3 10 3 4 7 8 6
860 9 10 2 10 5 10 9 8 3 5 7 3 7 10 6 8 5 5 7 6 5 4 2 1 7
675 10 10 1 1 7 5 3 6 3 5 5 1 2 6 3 8 9 1 5 5 2 7 6 5 9
781 10 10 4 4 10 3 2 7 9 9 9 1 7 2 9 3 2 2 2 7 2 2 1 9 9
587 6 2 2 5 3 4 8 3 8 2 1 1 4 2 6 8 1 6 1 8 8 7 10 2 3
716 9 7 2 1 9 5 3 5 6 2 7 4 1 6 9 1 1 7 3 5 9 7 10 4 7
783 8 1 7 4 10 8 5 8 5 10 6 3 7 4 2 8 2 7 6 4 4 8 2 1 2
811 2 3 5 2 8 5 8 8 1 7 9 6 7 7 8 4 5 9 4 5 6 9 10 1 2
15
806 5 9 10 7 3 10 3 1 8 8 8 1 9 8 2 8 5 4 5 2 10 6 8 1 10
553 2 2 6 7 2 5 3 3 4 7 6 4 6 8 5 1 1 1 1 9 5 5 2 2 1
730 9 4 4 4 3 9 10 8 5 3 3 2 10 3 5 9 1 3 6 9 1 6 9 4 7
683 1 1 8 4 2 9 10 6 7 1 2 1 9 4 1 10 5 7 2 9 5 8 6 8 1
751 10 5 1 4 6 2 3 2 5 9 1 2 5 9 7 2 8 5 7 6 5 5 7 1 7
809 5 8 8 3 9 1 9 3 6 6 2 6 3 4 9 8 3 8 5 4 4 6 7 8 6
962 6 1 5 5 8 3 10 4 7 5 9 10 8 1 3 7 2 8 10 6 10 7 1 2 7
814 9 2 1 1 2 8 5 4 9 7 5 4 8 4 5 7 3 4 7 5 9 4 8 8 3
649 5 5 9 3 7 5 6 10 2 1 2 6 4 7 7 9 3 5 1 4 7 7 4 1 4
881 9 7 8 10 6 9 1 10 4 7 10 4 8 9 6 9 4 4 6 7 4 7 1 4 9
863 1 8 5 4 10 7 4 4 3 8 8 4 9 4 8 6 4 9 8 5 4 5 5 4 8
790 8 1 4 5 4 9 4 5 5 9 4 8 4 5 2 10 10 5 8 2 3 1 3 4 6
788 7 2 3 8 5 5 8 6 5 5 7 4 2 8 10 6 2 1 5 9 5 7 5 3 10
865 10 10 7 9 10 3 6 7 3 8 10 8 3 2 7 4 5 7 2 10 4 8 4 2 5
829 3 7 1 1 7 8 2 9 10 6 9 5 5 3 6 4 2 8 10 4 8 3 4 6 2
15
724 2 7 1 5 5 6 9 6 1 8 4 3 2 5 4 6 8 8 7 2 3 5 1 8 10
934 6 6 7 5 6 3 4 9 4 3 4 8 9 9 2 4 10 8 10 10 9 1 2 10 8
658 6 2 7 7 1 5 5 5 4 4 7 2 2 4 10 8 8 1 1 1 10 4 7 5 4
859 9 3 6 5 5 10 10 2 8 2 9 10 9 2 9 5 2 9 1 8 7 2 9 6 2
652 1 5 9 10 10 4 4 10 1 6 2 1 1 5 10 3 4 5 4 2 10 3 5 2 1
837 6 4 6 4 10 1 9 6 7 10 2 4 3 6 9 1 6 8 3 8 7 3 9 4 6
812 1 1 4 5 9 5 9 3 8 3 4 10 4 3 5 4 3 9 6 2 6 10 6 3 7
784 1 6 1 9 8 2 6 5 4 10 2 5 2 4 3 2 4 5 7 8 5 7 7 4 7
730 5 5 10 8 9 7 5 9 4 2 5 7 7 2 2 1 3 1 7 8 3 5 9 3 4
808 9 3 7 4 10 9 3 6 3 2 8 9 1 8 6 9 6 1 4 7 7 10 1 7 6
815 9 10 10 5 6 4 10 9 4 1 7 2 6 4 8 10 2 8 7 2 8 8 6 5 4
798 3 7 9 7 3 5 6 2 4 10 2 7 3 2 1 3 9 6 7 3 9 4 5 8 2
668 6 8 6 2 9 4 4 6 2 1 2 1 9 1 6 6 9 3 3 4 5 9 6 2 2
810 4 3 4 9 9 2 6 9 2 2 8 5 4 10 6 9 3 5 1 10 10 8 9 9 4
761 6 2 6 9 1 4 5 2 6 8 5 1 7 7 9 4 9 2 3 10 1 2 7 4 3
15
824 7 9 4 5 5 1 9 8 4 10 10 6 1 2 3 6 6 5 3 7 5 10 9 8 3
956 6 9 9 4 6 3 9 7 1 9 1 8 8 9 1 6 10 6 3 10 10 6 9 4 9
793 9 9 10 9 2 9 3 5 7 7 8 1 2 7 6 1 2 7 7 10 5 7 6 2 10
882 3 10 6 4 3 4 9 3 10 7 9 7 6 6 3 2 5 6 9 8 7 3 1 2 6
888 8 6 10 10 7 3 1 10 1 7 5 2 9 2 9 7 9 5 9 8 5 3 5 6 5
868 3 4 8 2 10 7 9 10 4 1 8 1 8 2 9 3 7 8 4 9 9 5 5 8 10
848 9 4 8 1 5 8 6 8 4 9 3 3 8 7 3 4 8 7 10 6 3 7 5 7 2
949 2 3 6 9 10 8 6 5 10 7 6 4 3 7 9 9 6 1 3 10 10 1 9 7 8
703 7 6 10 4 5 9 5 8 9 2 7 3 3 4 5 1 1 10 5 1 10 3 7 2 6
842 5 7 1 7 7 9 5 6 7 9 6 7 10 4 7 3 7 1 2 7 4 2 1 10 6
1103 3 8 5 7 9 9 6 10 10 10 9 10 7 9 9 6 10 7 9 6 7 6 10 2 4
920 10 4 5 1 10 7 10 10 6 1 8 2 9 10 3 4 9 7 6 7 9 1 9 9 1
772 2 8 1 3 6 5 5 1 10 7 9 8 2 3 5 1 2 6 4 8 6 1 1 8 10
734 6 8 1 4 3 9 1 7 5 1 6 1 3 7 8 7 5 5 5 7 10 6 4 6 8
836 10 6 4 7 9 9 10 8 5 3 5 1 1 3 8 5 3 8 7 7 8 10 5 6 5
15
851 3 3 3 8 3 8 5 3 7 1 7 1 10 5 9 6 4 6 8 6 7 5 5 10 8
885 5 6 8 3 6 7 3 8 4 9 4 8 5 10 5 2 1 10 10 5 8 7 6 8 5
875 5 8 9 10 1 9 6 8 3 10 10 6 1 10 7 3 10 4 1 7 10 10 7 1 7
819 3 4 9 7 8 6 3 5 3 1 6 8 4 3 8 6 9 7 3 2 7 2 10 7 7
897 8 10 8 10 9 5 5 8 4 9 4 2 2 10 9 2 5 5 10 7 9 3 10 1 1
949 4 3 6 6 1 4 10 3 10 1 3 5 9 9 7 7 10 9 10 9 8 6 10 7 1
931 10 9 8 9 5 3 4 6 6 8 10 7 10 7 4 1 8 5 5 6 6 8 6 6 3
814 3 7 6 5 10 1 7 1 7 8 7 6 2 3 2 10 10 4 4 10 1 1 1 4 6
739 1 10 3 3 6 8 10 8 8 8 4 3 5 6 4 2 5 4 1 10 5 6 7 8 4
854 6 1 1 4 2 9 10 3 8 10 8 9 8 1 6 6 4 10 5 6 4 8 1 5 1
722 1 2 3 2 6 5 1 8 4 5 2 2 2 3 9 6 10 5 9 9 4 7 10 9 2
686 6 6 3 5 8 2 7 1 5 10 7 2 2 6 2 5 6 3 9 2 1 4 6 3 8
754 9 7 8 8 6 10 1 9 4 10 2 3 4 3 3 1 4 3 5 7 5 6 5 10 9
929 7 6 10 3 9 10 9 3 2 7 6 1 5 4 7 9 9 7 5 8 8 10 9 6 6
850 10 9 9 1 7 8 8 9 5 4 8 9 5 9 8 9 2 1 8 4 2 10 10 4 7
15
902 7 6 3 10 8 3 7 3 1 8 10 6 9 6 4 1 6 8 8 2 1 4 4 10 8
859 7 4 10 5 6 3 6 3 6 9 6 4 9 4 5 5 8 3 8 9 7 4 3 3 7
750 1 3 4 2 1 10 1 5 3 6 7 5 9 1 10 4 8 2 1 7 8 4 3 9 8
599 7 3 7 9 1 2 5 2 5 6 2 5 3 1 5 1 5 2 6 1 3 3 2 10 1
953 10 3 9 9 10 1 3 5 3 5 2 10 9 10 5 2 5 8 9 5 9 6 8 3 8
806 8 3 10 2 8 8 6 2 3 5 3 5 10 4 2 10 9 1 6 8 9 3 10 2 2
861 10 9 1 3 1 10 8 1 5 9 6 6 6 4 4 4 9 7 9 6 6 1 9 9 2
752 6 6 8 4 1 8 6 6 2 1 8 4 3 5 10 3 10 4 3 2 10 1 6 3 8
811 4 8 10 2 10 1 5 1 4 8 9 6 4 3 9 9 4 4 3 1 8 9 2 8 6
771 9 3 10 3 10 4 8 10 2 4 10 4 5 5 2 8 3 8 5 4 7 7 1 10 1
834 10 8 6 10 2 1 10 6 9 3 6 10 10 10 5 7 4 5 4 1 1 8 1 4 3
701 4 7 3 8 1 5 7 7 8 9 3 1 4 3 10 7 5 3 1 7 5 9 2 7 7
924 8 3 3 7 6 5 3 5 10 10 10 2 9 6 5 6 7 1 8 8 6 5 7 5 5
606 5 10 8 2 3 9 7 4 3 5 4 1 2 2 1 7 8 7 1 3 6 3 6 7 4
853 8 8 2 9 5 5 4 4 1 1 10 10 10 2 8 8 1 6 5 6 8 6 7 5 9
15
721 1 2 7 6 7 10 5 5 7 8 6 6 2 3 4 2 2 1 2 7 8 9 10 6 8
801 3 2 8 9 10 5 4 8 2 1 4 4 8 1 7 3 10 4 4 7 9 9 9 1 1
744 10 3 5 1 4 1 2 7 4 9 4 6 2 10 9 3 8 1 6 4 6 1 9 4 7
877 3 6 4 6 3 2 6 8 7 8 8 7 8 4 10 3 9 6 4 1 5 3 9 5 8
695 10 1 4 9 3 3 4 10 4 1 5 9 4 6 1 1 7 3 1 3 6 7 3 6 8
845 4 10 9 3 4 6 1 7 5 7 3 4 6 5 9 9 10 3 9 9 3 5 9 3 3
916 8 10 6 8 10 8 5 2 7 9 6 8 6 10 2 9 3 1 8 9 1 8 6 10 6
709 9 6 10 8 1 3 4 7 8 7 3 2 5 4 4 10 8 5 3 8 2 5 6 3 4
778 4 1 7 10 7 2 7 4 1 6 10 1 10 4 7 1 7 1 5 2 10 1 5 4 3
758 1 1 7 9 2 10 5 5 5 3 6 5 8 8 10 6 1 3 7 5 10 2 5 5 5
730 3 4 10 8 2 7 10 10 6 2 6 2 2 4 5 9 1 10 3 9 7 1 2 10 7
905 5 1 10 9 5 9 8 4 5 8 7 7 8 9 8 7 1 5 5 8 3 3 8 4 8
848 10 10 5 2 8 6 8 3 1 4 2 2 5 10 4 9 3 9 4 7 10 9 7 10 6
713 7 2 4 5 3 2 2 7 7 6 9 8 1 3 7 1 2 7 10 7 1 7 3 2 7
671 5 6 1 9 5 2 3 2 2 10 4 2 4 6 6 2 5 2 4 4 8 8 2 7 6
15
780 1 3 7 10 1 2 1 8 9 9 3 1 5 10 5 4 5 6 5 8 8 10 1 6 2
848 9 1 10 1 9 2 9 7 2 9 9 9 6 4 4 1 5 6 10 2 6 3 6 1 4
737 7 3 8 7 6 10 8 7 9 4 7 3 9 4 2 1 3 8 4 1 10 3 1 3 1
767 6 3 3 9 10 1 1 1 5 4 7 7 3 1 7 9 8 2 7 6 3 8 9 5 3
834 2 6 6 5 7 7 2 1 10 4 3 9 6 8 8 2 8 1 6 5 2 10 3 8 9
688 6 1 5 1 10 6 2 9 1 5 8 5 4 9 1 4 2 6 5 6 4 7 3 4 8
771 7 6 4 3 6 9 4 5 9 8 3 1 6 4 4 7 7 8 7 6 5 1 9 5 1
759 3 1 9 4 8 7 5 6 2 4 7 9 4 7 10 8 2 2 3 4 8 10 2 3 6
753 2 6 5 7 5 9 4 2 8 2 3 6 2 1 9 8 9 5 2 7 2 8 8 5 10
851 1 7 2 10 2 6 9 1 4 8 8 8 7 8 6 1 1 9 3 5 4 10 7 10 6
760 7 5 4 3 6 1 4 6 5 5 7 10 4 3 3 2 2 9 7 2 3 9 4 1 9
740 4 2 4 3 5 3 4 5 8 6 4 5 2 5 10 3 5 6 7 5 7 3 1 3 8
675 7 8 8 1 5 10 1 3 6 2 1 9 10 4 3 2 3 5 5 2 5 2 8 4 8
905 7 4 3 6 8 5 9 4 3 3 6 7 9 4 10 5 8 7 7 1 9 8 1 8 7
1043 8 10 6 4 1 10 8 8 4 7 9 9 8 10 10 4 9 7 9 7 7 3 7 7 6
15
770 9 5 10 9 9 10 5 1 1 5 1 10 3 9 3 4 9 3 4 6 5 7 3 3 2
875 7 4 4 4 10 8 6 7 1 10 8 4 9 1 2 5 10 5 5 5 7 8 7 1 5
715 10 1 4 4 5 5 7 7 1 4 8 5 4 1 3 3 8 5 8 5 2 5 5 7 7
702 1 10 8 2 3 9 3 7 9 5 2 3 10 2 7 2 6 2 5 4 2 2 9 7 7
711 10 2 10 2 1 4 8 1 1 4 1 10 2 3 4 4 5 1 6 7 7 4 4 8 10
797 6 10 8 10 1 2 5 2 5 4 2 7 6 5 7 8 4 5 7 8 8 2 7 10 3
668 9 5 8 6 7 10 3 8 5 1 6 10 2 3 7 4 2 10 1 4 1 6 2 1 4
729 7 8 8 2 5 10 4 10 6 3 1 10 9 5 5 2 8 9 2 3 2 4 3 1 2
832 9 6 2 7 4 1 4 4 7 9 7 7 9 9 8 6 2 6 2 3 2 10 10 8 9
878 5 2 7 7 7 6 8 2 10 3 2 3 2 8 7 7 8 9 1 5 10 9 4 9 10
603 4 8 8 10 1 4 10 2 4 6 6 1 3 10 6 4 3 8 2 2 1 5 4 5 3
898 7 8 7 5 1 7 5 7 10 7 7 5 8 4 6 10 2 10 7 6 3 4 9 3 10
730 7 4 2 2 6 4 1 8 8 3 5 1 2 9 3 8 4 7 10 8 9 3 7 4 2
712 1 8 7 3 2 9 10 1 10 1 5 3 6 8 5 7 9 2 3 7 9 5 2 3 4
732 10 5 10 3 4 2 4 8 1 10 5 5 7 1 3 4 9 3 4 10 2 2 4 1 3
15
783 2 7 9 5 9 7 4 8 2 6 2 4 3 1 6 6 7 8 8 5 10 1 5 3 6
762 1 2 8 4 7 9 7 6 7 7 8 8 1 10 3 2 9 2 5 2 1 5 4 4 8
927 9 5 3 10 10 2 3 5 6 3 8 10 7 4 6 10 3 2 5 9 3 7 9 8 7
854 8 9 2 7 2 2 7 1 10 6 6 3 3 4 8 8 9 6 7 9 6 3 6 8 6
899 7 4 5 5 8 1 7 2 6 10 3 3 8 8 6 6 10 7 6 8 6 1 7 7 5
812 10 9 2 5 6 5 1 9 9 4 7 7 8 10 4 4 1 4 2 4 9 4 2 4 5
809 2 8 10 4 7 9 8 1 3 4 9 9 6 5 7 1 7 1 2 9 8 7 2 3 4
771 6 1 7 6 4 9 10 1 1 2 6 6 10 5 4 1 7 8 9 1 2 8 7 2 9
823 5 10 1 10 9 4 3 10 6 8 6 4 8 7 1 4 7 1 5 8 1 4 3 4 6
889 9 2 3 1 9 5 1 3 4 8 8 3 9 7 10 8 9 3 2 5 10 2 5 3 8
823 8 10 9 7 1 6 1 7 10 8 8 4 5 6 8 5 6 3 6 4 3 7 3 10 2
839 4 8 6 7 1 1 5 10 7 9 10 4 4 2 9 3 4 6 6 8 2 4 4 9 6
736 4 8 1 7 1 3 6 5 2 4 3 5 8 5 9 2 10 5 1 10 4 3 9 2 7
859 7 5 8 4 10 5 1 1 4 9 10 5 7 9 6 10 2 6 2 2 8 5 6 6 3
749 8 9 8 4 5 7 2 5 4 5 9 3 3 9 1 10 4 9 8 8 1 2 6 2 2
15
727 9 10 4 1 4 4 4 3 1 6 6 2 8 2 6 5 3 1 7 7 10 4 4 7 3
813 9 1 10 1 5 6 9 2 5 1 7 7 5 7 7 3 8 10 4 8 5 8 5 6 5
813 2 9 1 6 9 8 10 4 2 9 2 8 8 2 6 7 1 8 1 9 4 6 3 2 9
887 9 4 2 3 4 6 4 10 4 3 7 10 7 8 9 10 1 6 7 5 9 10 5 2 10
872 7 1 4 8 2 8 9 8 6 9 10 4 5 4 2 2 10 8 7 1 8 2 5 3 2
865 4 5 8 5 6 6 1 8 1 7 8 9 10 8 5 1 9 3 6 8 4 9 1 9 2
820 1 4 2 9 1 7 5 10 5 8 8 4 10 8 3 8 2 10 4 2 8 10 5 1 7
891 5 1 1 3 10 4 8 2 4 7 10 6 10 1 8 7 4 6 10 4 7 3 5 1 6
738 2 6 7 7 4 3 1 10 5 3 5 1 2 4 4 5 6 3 10 10 7 5 4 8 8
886 5 10 10 7 8 10 9 9 10 2 9 3 2 7 7 10 2 7 9 7 5 1 4 6 2
716 8 1 5 10 8 10 1 7 4 2 2 8 3 7 2 8 4 3 7 9 1 8 4 1 5
810 10 6 3 7 6 6 9 4 10 2 7 6 4 4 10 4 1 4 4 6 7 7 10 3 9
823 8 8 10 5 2 9 5 8 6 10 4 3 9 3 2 3 6 10 2 3 7 9 4 9 2
738 4 9 1 5 6 4 9 8 6 7 2 1 5 7 8 4 4 8 7 6 5 1 6 2 6
906 5 8 9 7 8 3 9 5 2 9 9 5 7 5 6 2 8 8 7 1 7 10 9 2 10
15
1022 8 7 10 5 9 9 10 7 8 5 9 6 8 8 4 4 10 2 8 10 10 6 8 6 1
703 2 3 2 3 5 8 4 3 9 8 5 7 6 1 9 10 2 3 1 4 1 7 1 6 5
679 10 1 6 3 1 1 1 9 9 8 3 3 10 4 1 3 5 2 1 4 7 3 10 5 5
898 7 5 6 10 9 7 5 9 10 9 10 5 1 2 4 10 3 10 3 7 2 1 2 10 8
975 7 9 8 5 6 9 7 9 9 9 10 10 4 8 5 5 6 10 5 4 5 2 10 3 3
801 3 6 10 10 5 6 4 3 8 6 9 2 5 9 4 2 2 10 4 6 3 3 1 8 10
781 2 6 10 8 5 5 10 2 1 2 9 5 2 10 9 5 5 5 6 9 9 7 2 6 5
962 9 2 2 8 8 3 7 4 7 5 9 6 8 1 9 1 2 7 7 8 9 4 10 5 9
790 5 8 3 3 9 5 10 9 7 1 10 3 1 4 8 3 9 6 3 5 8 5 9 1 1
647 5 6 3 9 2 3 7 6 6 5 2 1 2 5 5 6 5 2 3 9 6 6 4 5 4
835 3 1 8 1 1 8 6 10 6 8 10 6 6 8 6 10 5 5 6 10 4 1 2 5 7
760 6 1 5 5 5 1 2 3 8 10 1 5 3 8 2 10 10 1 4 7 8 3 10 4 3
643 2 4 4 2 8 10 1 4 7 2 10 4 7 2 5 7 2 1 8 1 1 6 4 9 2
838 6 6 9 7 4 1 10 8 1 2 7 7 9 7 5 5 8 4 7 6 1 2 8 8 5
711 1 10 4 6 2 1 10 5 6 1 5 6 5 3 5 4 8 2 5 4 8 3 6 2 7
15
816 4 10 1 1 3 1 8 1 10 1 6 8 10 1 9 1 4 6 5 4 6 3 6 9 9
904 2 4 8 5 1 5 9 9 7 8 7 10 9 8 1 9 8 8 4 9 3 5 8 4 3
738 5 8 9 2 9 8 10 4 2 8 5 4 4 5 10 1 1 8 3 4 3 3 5 4 3
818 5 4 1 1 8 7 8 8 4 10 1 4 7 7 6 5 10 1 7 4 10 5 3 3 4
658 2 3 7 3 7 5 3 2 5 3 5 3 3 7 10 7 4 2 9 1 9 3 10 5 1
992 10 5 7 9 8 2 6 7 2 5 10 3 9 6 8 6 2 10 8 9 8 8 4 9 7
821 5 8 8 9 2 4 9 4 8 2 8 8 8 1 7 7 9 7 2 5 3 9 3 3 5
704 3 1 3 1 5 4 8 10 5 3 4 2 3 3 7 10 6 1 5 6 8 6 5 2 6
903 1 8 8 3 8 9 10 1 8 10 10 10 1 4 2 7 6 8 9 9 3 7 2 2 2
700 1 10 5 7 3 10 6 10 10 4 3 1 2 7 5 9 3 2 7 1 8 5 8 6 1
704 2 5 9 1 7 6 8 5 1 8 1 10 8 6 3 9 2 4 8 2 9 1 4 1 1
856 1 10 2 6 7 9 6 1 1 1 10 8 6 6 4 6 5 8 10 9 10 2 3 10 3
736 3 1 8 10 7 7 5 3 4 2 9 3 6 2 9 7 6 10 2 3 2 10 6 2 2
799 3 10 5 3 2 8 8 5 6 5 5 1 3 9 8 10 8 6 8 3 7 7 9 6 5
628 2 4 9 1 2 5 4 7 2 6 1 7 3 7 10 4 5 10 3 1 1 1 5 3 3
15
895 4 1 9 4 1 10 8 5 1 7 7 7 5 3 8 10 9 7 5 7 10 2 2 9 4
781 1 4 4 10 1 3 7 3 4 1 1 5 5 7 7 7 8 9 10 5 3 9 9 5 9
737 10 1 1 5 2 2 9 4 6 5 1 1 10 3 4 7 7 7 3 4 4 9 5 1 7
834 9 10 3 8 7 1 10 10 2 6 1 9 4 10 2 7 9 2 7 6 8 1 10 1 7
829 1 4 7 2 8 8 3 3 8 7 1 7 7 2 6 5 5 8 3 6 10 7 4 7 7
742 3 3 1 8 9 4 1 5 1 1 3 6 9 6 1 4 3 4 9 7 9 2 3 8 8
759 6 2 3 1 9 2 1 9 8 2 6 6 4 10 8 8 1 5 9 4 2 10 6 3 10
692 1 6 7 10 9 3 4 5 9 8 2 8 7 3 1 2 3 8 1 2 3 3 2 5 3
730 3 3 6 9 7 7 4 2 1 6 7 4 7 8 8 9 2 6 4 2 1 1 6 5 4
757 1 4 7 7 9 1 6 10 9 8 3 2 7 4 1 5 3 9 7 7 10 1 1 1 2
786 3 4 1 5 8 2 6 3 4 2 8 2 5 6 6 6 4 5 9 1 4 10 10 10 7
692 4 2 4 4 8 9 8 6 8 1 3 6 5 5 5 1 6 1 9 2 4 6 7 1 2
891 7 2 4 5 4 8 9 6 2 10 10 7 8 7 7 3 6 6 1 1 10 6 5 3 6
831 4 4 1 1 6 1 5 8 10 5 5 7 2 9 6 1 10 10 9 4 2 2 2 2 10
907 7 1 10 2 3 7 8 9 7 10 8 6 5 10 5 4 9 8 1 6 8 9 8 6 2
15
745 10 9 5 6 10 1 10 4 4 2 7 5 3 2 3 10 2 3 9 1 2 7 5 8 7
773 8 10 8 2 10 10 4 9 1 8 9 2 6 3 5 4 8 1 5 5 4 6 8 2 4
783 7 1 6 4 3 7 9 2 10 3 6 2 1 4 8 6 3 10 8 10 1 4 6 4 4
747 8 4 9 5 7 5 8 4 8 7 5 6 4 7 9 8 4 2 4 1 3 7 4 2 7
757 9 1 4 3 2 5 6 6 1 7 5 1 8 10 5 10 10 1 7 6 6 3 5 1 7
876 10 3 10 5 5 6 6 7 6 9 5 9 2 10 1 5 9 10 1 2 5 6 9 4 10
612 3 6 3 3 2 6 8 8 4 3 1 1 6 4 10 2 5 1 3 8 8 5 9 2 2
932 9 1 7 8 10 4 5 4 9 5 6 7 8 3 10 8 6 1 8 8 1 9 9 10 3
833 9 7 9 1 6 10 7 3 4 4 6 2 2 3 9 5 10 5 7 7 3 6 7 7 9
872 5 7 5 9 7 1 5 2 9 8 4 9 6 1 5 6 6 4 8 1 10 2 10 5 2
798 6 2 7 4 6 5 4 7 9 3 8 7 6 1 6 8 3 8 10 3 3 2 4 5 6
795 5 6 10 5 2 1 10 8 1 6 4 8 4 8 5 2 5 10 6 3 8 3 2 8 5
740 8 5 10 1 7 9 6 2 10 6 2 3 3 5 1 8 5 4 7 4 8 5 10 1 4
792 3 8 10 8 1 9 9 3 2 6 10 2 6 8 10 4 5 3 9 10 3 9 2 4 7
791 8 8 8 1 2 8 10 5 1 3 9 5 6 7 5 7 2 3 10 6 1 4 1 10 10
15
903 6 7 10 5 9 2 2 5 6 2 6 10 10 3 8 4 8 5 6 10 2 1 2 4 10
664 3 7 4 3 10 5 9 1 5 1 7 6 1 2 6 1 7 5 1 2 1 8 10 1 9
800 10 7 10 6 7 4 4 6 4 7 3 8 7 9 5 3 2 10 3 10 1 1 6 4 4
838 3 8 2 6 5 7 6 4 9 7 10 8 4 9 6 8 5 6 4 3 2 2 10 7 7
817 6 5 3 10 4 5 8 1 8 10 1 2 4 3 9 2 7 3 2 10 5 4 10 8 6
930 8 3 1 4 10 1 2 4 3 5 5 9 10 10 7 3 7 1 10 10 7 10 10 9 2
807 1 6 9 3 8 4 6 3 6 7 2 10 7 3 7 3 6 2 3 4 6 9 5 10 3
980 9 8 5 1 3 7 7 8 9 4 2 8 9 8 8 10 10 10 5 5 10 5 6 7 4
757 10 7 9 4 5 8 8 1 2 8 4 7 1 5 10 7 2 6 3 3 2 10 4 6 6
738 10 2 9 3 9 4 7 7 8 8 3 5 6 6 2 3 4 2 8 4 2 4 1 1 2
798 8 4 4 10 1 3 1 4 9 9 7 4 5 3 5 6 1 4 9 10 8 4 7 2 6
803 4 5 4 4 4 2 7 8 7 10 7 5 3 1 5 4 5 3 4 4 10 9 10 5 4
758 6 3 9 8 4 5 7 3 2 5 2 8 1 3 3 10 7 4 6 9 6 10 1 9 2
700 9 9 8 7 9 3 1 2 2 3 2 3 2 3 6 5 5 10 7 4 1 7 10 2 9
598 1 7 5 9 1 10 4 1 2 3 10 4 7 5 1 6 2 3 4 4 2 5 9 9 2
15
921 9 7 2 6 6 4 5 9 3 6 1 9 6 2 7 8 9 10 6 5 10 5 10 9 5
883 3 10 6 6 6 10 8 2 3 7 6 4 7 7 1 9 10 10 2 5 6 8 2 3 7
831 5 6 10 5 2 10 5 5 7 5 9 2 8 9 5 3 1 7 2 7 8 10 1 9 5
845 3 9 8 1 5 10 10 6 3 7 2 3 9 9 6 3 1 8 9 8 8 8 9 7 7
671 5 3 9 6 1 1 9 10 2 9 1 9 2 7 2 9 1 4 9 2 2 10 1 9 6
706 2 6 2 7 1 6 8 10 1 9 3 3 5 1 5 5 3 6 3 10 2 4 6 10 1
687 3 8 10 4 9 8 4 7 4 9 2 5 2 4 5 9 3 2 3 5 4 3 8 1 8
722 10 6 5 1 2 2 2 9 7 10 3 3 5 6 10 2 3 3 8 2 2 5 4 4 10
595 3 2 4 9 2 9 3 4 2 3 6 1 2 1 4 4 2 5 10 6 3 3 2 9 6
855 8 7 3 8 6 6 2 8 6 8 3 4 7 2 9 8 1 4 10 8 6 3 8 7 4
791 7 4 9 6 3 4 9 3 2 10 2 8 10 4 10 1 4 6 6 8 1 10 6 3 5
888 9 10 8 10 7 9 10 4 1 2 4 7 7 10 4 10 7 7 8 8 2 5 8 7 5
822 10 8 6 10 1 1 6 8 10 1 5 4 10 1 1 8 10 2 6 7 7 4 2 4 5
860 6 2 4 1 9 5 8 10 3 9 7 9 1 9 4 10 3 7 6 8 9 7 6 1 7
957 6 4 1 7 5 2 10 7 7 8 6 8 8 6 8 2 9 10 3 4 6 3 5 9 2
15
873 9 9 10 2 7 7 9 4 10 8 1 4 6 6 7 6 4 2 7 8 10 5 3 6 6
549 6 7 4 8 8 10 3 6 1 7 1 6 3 2 3 6 1 5 2 1 4 2 5 2 1
672 1 2 8 4 2 3 4 4 6 2 8 1 10 9 10 6 1 2 1 7 7 8 9 3 1
776 5 7 6 3 9 6 8 3 8 1 3 2 2 8 5 1 5 3 7 9 9 9 7 9 3
853 3 8 8 4 3 10 7 8 8 5 10 4 10 5 7 6 10 5 10 4 6 3 4 2 2
703 4 3 6 2 4 1 4 3 5 7 3 1 8 3 8 10 4 9 5 3 2 7 7 7 8
752 4 4 9 10 4 9 6 8 6 5 2 7 6 1 3 2 9 1 6 6 2 10 7 3 3
817 8 8 5 8 7 2 4 4 5 4 1 5 4 8 7 9 5 3 8 6 9 4 5 8 9
781 2 10 5 5 5 6 9 2 6 6 6 5 6 3 6 4 10 1 5 9 8 3 9 3 3
690 7 1 5 7 3 7 7 9 7 2 2 6 3 7 10 7 3 5 8 2 5 8 6 1 2
781 7 7 4 6 10 5 3 4 8 4 8 9 2 10 2 3 7 6 6 8 1 5 9 4 2
846 7 7 1 4 8 2 5 5 1 1 8 4 10 10 1 3 6 10 9 9 9 8 9 2 5
810 3 10 1 4 3 1 3 3 5 9 6 4 4 10 6 10 2 10 3 3 6 10 4 6 10
874 8 9 9 2 5 6 2 4 3 3 9 10 10 2 6 4 10 7 7 1 5 9 1 9 2
799 4 3 2 8 1 7 6 6 4 9 7 3 5 2 10 7 5 7 2 10 8 9 6 5 2
15
703 2 5 2 3 10 1 3 8 1 1 7 9 4 6 3 4 1 1 9 3 8 10 6 7 2
880 6 1 9 3 7 10 10 10 9 2 2 5 3 6 9 8 8 7 9 4 7 9 8 8 8
855 6 9 3 4 4 8 5 9 1 9 9 9 1 1 10 2 9 10 3 3 2 7 9 9 6
803 3 1 4 6 9 4 7 4 10 6 6 1 5 8 3 4 7 9 4 10 3 5 6 8 1
879 2 2 8 4 4 6 8 3 10 8 10 1 4 7 6 2 10 3 3 7 8 7 4 10 9
839 8 1 5 4 10 9 10 1 9 6 9 8 3 1 5 3 10 7 4 4 4 9 5 4 6
793 2 8 6 2 7 8 1 9 3 10 10 9 5 8 1 2 7 10 5 4 1 8 6 4 5
708 10 9 5 1 6 7 2 8 3 6 2 1 7 7 10 1 5 8 3 2 4 9 10 8 5
942 2 9 3 8 8 10 1 5 4 9 6 9 5 9 6 6 9 6 3 8 6 6 9 10 10
815 7 6 2 4 2 3 1 3 1 6 1 9 7 7 8 3 8 8 10 5 4 10 5 3 7
735 5 1 2 10 6 7 1 10 5 5 9 2 7 5 8 3 4 6 1 8 4 4 7 1 7
660 5 4 8 5 3 3 5 7 2 2 4 6 8 6 4 1 1 1 8 6 9 1 4 2 2
655 2 1 9 5 6 1 5 9 5 1 2 8 3 6 2 5 4 10 1 1 10 10 1 6 4
739 1 10 9 1 2 10 3 9 3 2 9 3 4 8 9 3 4 8 8 4 5 9 5 6 7
785 1 2 4 7 3 7 1 2 7 4 8 3 10 5 8 7 7 8 8 9 3 1 1 3 2
15
903 7 1 7 9 5 5 8 3 1 10 3 7 8 7 6 5 6 2 10 8 9 8 9 7 5
789 8 5 4 1 10 10 2 4 1 1 5 7 6 8 3 8 9 1 10 9 9 10 9 3 1
800 4 1 7 3 6 1 7 10 10 5 7 2 8 9 6 7 2 3 1 5 10 4 9 9 3
837 10 6 2 6 1 7 10 6 5 1 4 5 5 8 5 8 2 8 6 9 9 9 5 4 7
781 7 10 10 8 6 1 4 10 6 3 8 2 5 8 10 1 1 8 4 10 6 2 4 3 10
769 1 5 9 7 8 7 8 8 10 6 10 1 3 5 5 6 1 3 7 2 6 2 10 8 4
919 5 2 5 3 7 6 1 8 8 7 10 6 8 2 6 3 3 4 10 8 6 9 8 4 8
791 6 6 3 4 4 5 7 7 5 10 7 4 3 10 2 7 6 5 2 6 2 3 4 6 8
907 4 7 4 7 8 9 7 9 1 9 6 8 6 4 5 9 1 8 9 5 4 8 5 8 3
985 8 3 9 10 8 1 10 8 3 3 3 6 10 5 2 7 8 8 7 9 7 2 2 10 9
842 1 4 5 3 6 4 3 9 2 10 1 8 1 10 8 9 6 4 9 5 7 5 5 9 4
740 8 4 1 2 5 10 2 9 9 1 2 6 10 4 8 2 6 1 7 8 1 6 1 4 10
761 10 7 7 1 9 8 8 2 8 6 10 2 3 6 1 3 1 8 1 3 5 1 3 9 9
934 6 9 7 9 8 5 10 5 7 7 8 3 6 2 7 8 10 3 4 8 10 8 8 7 5
771 8 1 1 3 7 4 4 10 3 9 3 2 6 5 6 10 4 4 6 8 6 8 6 4 3
15
835 9 6 2 10 10 7 2 3 3 5 8 9 5 8 5 2 5 2 7 8 10 5 5 5 2
690 5 9 6 3 10 7 3 6 4 1 4 3 3 10 8 3 6 5 1 7 3 2 1 6 6
904 6 7 8 9 4 5 10 2 8 6 4 10 10 7 1 8 1 8 1 4 10 6 1 10 6
805 1 2 9 10 9 10 4 4 10 5 4 5 5 7 1 8 1 3 5 8 8 4 10 1 3
806 7 3 1 2 3 1 4 5 9 6 6 5 5 9 2 4 2 6 8 5 4 7 6 10 10
809 7 3 5 8 8 1 2 5 2 10 6 5 8 8 8 9 2 5 1 8 3 3 5 5 10
674 8 3 9 4 2 1 3 2 2 4 6 2 10 3 7 1 6 8 6 9 3 3 4 1 4
661 5 1 10 9 6 8 8 4 4 1 4 5 2 6 7 10 1 4 2 7 3 9 4 1 5
819 2 8 8 8 1 2 6 4 9 2 4 9 9 1 7 3 10 9 2 7 1 8 4 9 9
670 10 3 7 3 2 4 3 4 6 1 3 4 6 6 3 2 8 6 1 6 3 8 9 7 8
803 8 7 3 8 1 10 7 3 1 10 1 9 8 2 6 9 9 4 1 5 5 4 7 6 4
822 7 3 4 7 2 6 10 8 10 6 1 8 8 8 4 2 8 9 9 4 4 1 8 2 1
760 5 3 9 6 6 8 1 5 10 1 6 8 9 9 5 6 1 7 4 3 6 3 1 3 9
862 1 7 6 5 9 4 10 2 9 3 6 9 9 6 4 1 6 8 5 6 5 6 8 3 9
960 2 8 9 4 10 6 3 2 6 5 6 4 10 9 8 9 10 10 10 8 4 6 10 2 7
15
792 9 1 2 1 3 8 9 7 4 7 4 4 6 4 8 4 3 10 10 7 2 3 3 9 3
795 5 7 1 6 10 7 6 8 6 7 1 7 2 10 5 3 2 1 10 1 6 9 8 6 10
794 9 6 7 9 6 7 4 3 4 3 3 1 9 10 3 1 8 6 3 6 8 3 9 2 5
888 1 6 10 2 9 10 4 7 10 6 7 10 3 3 8 8 1 7 9 7 4 5 9 1 10
739 3 7 3 8 2 8 7 6 8 9 1 5 2 9 9 1 7 1 9 10 5 1 5 1 3
799 2 7 7 3 2 7 4 6 1 10 7 1 10 1 2 3 7 4 9 8 8 3 9 2 4
706 8 6 6 4 9 6 6 6 2 2 5 8 4 3 1 1 5 1 10 9 3 6 6 2 3
740 8 2 5 1 5 4 6 1 2 9 2 6 1 4 3 10 8 4 3 7 7 8 9 2 9
695 3 10 2 8 4 1 7 7 3 2 2 5 10 4 1 5 5 7 1 3 4 3 3 9 8
885 7 9 8 8 5 2 8 1 7 8 1 9 6 9 3 10 7 1 10 9 8 8 4 8 5
799 3 9 5 1 2 6 6 6 7 5 2 3 7 6 6 8 8 10 2 4 7 3 7 10 6
848 5 1 10 2 4 7 5 10 4 7 9 3 2 7 8 1 8 7 9 7 8 5 2 4 6
573 4 1 9 4 5 6 3 7 2 3 2 2 2 7 6 7 1 3 10 10 3 1 1 4 3
811 9 9 8 9 7 4 6 1 10 1 6 8 6 4 7 1 1 2 9 10 8 1 10 1 1
837 3 9 1 6 7 9 8 10 2 4 6 6 9 7 7 7 2 6 1 8 9 7 7 1 10
15
755 5 6 4 10 10 2 5 9 8 9 1 9 3 1 2 8 5 3 1 1 6 5 8 8 7
826 7 7 2 2 2 1 9 5 9 10 7 6 3 9 5 8 10 1 1 6 5 6 9 6 9
705 9 8 8 6 5 5 6 8 5 1 9 7 10 2 5 1 6 4 3 4 3 1 5 5 3
726 9 4 2 7 7 4 3 6 5 4 7 7 6 8 1 2 2 5 5 8 1 6 10 4 3
838 10 4 5 3 8 6 1 9 2 3 5 4 6 5 8 10 10 4 6 8 2 1 6 7 6
868 10 9 8 8 2 10 2 8 5 4 3 9 8 3 9 1 7 8 2 4 9 3 5 7 3
767 5 9 3 2 5 2 6 7 7 5 6 5 8 2 4 2 4 8 5 10 6 4 2 8 2
854 5 3 4 8 3 6 4 3 9 4 9 3 10 7 5 6 6 5 7 5 2 9 6 6 7
1005 2 8 5 3 7 3 9 8 6 9 9 9 6 5 10 9 10 7 5 10 5 10 5 4 5
873 3 5 3 10 3 9 2 10 9 10 3 3 9 8 10 3 7 3 1 10 6 10 7 3 4
710 1 2 7 7 2 4 9 2 5 3 3 10 3 3 3 9 6 2 1 8 9 10 6 2 5
776 7 3 1 9 3 4 9 10 6 6 3 6 8 3 5 1 4 3 2 4 8 2 7 7 10
652 6 6 6 8 2 6 3 4 4 2 1 1 6 8 3 3 2 4 9 4 10 8 10 8 3
918 9 7 10 5 4 3 2 7 10 8 3 4 9 4 2 9 9 8 6 6 10 4 7 2 2
799 8 4 8 9 2 6 8 10 5 9 4 4 10 2 10 3 5 5 6 1 3 3 3 4 6
15
858 5 5 6 7 6 6 4 3 3 4 7 9 7 1 6 10 7 7 6 8 4 8 2 3 4
930 8 4 7 1 8 7 10 8 10 8 7 6 10 3 6 6 3 7 4 9 4 9 7 7 9
844 9 3 9 5 8 6 1 3 8 9 9 4 10 8 5 6 5 3 2 8 2 10 1 10 4
1013 7 8 6 3 10 7 8 5 4 10 6 7 9 8 9 1 9 4 8 8 10 10 3 4 3
718 5 9 10 9 4 4 7 9 10 5 9 1 2 2 4 7 3 1 1 10 3 5 1 8 9
757 7 6 6 4 4 1 10 1 3 7 8 7 5 8 4 6 4 6 4 6 3 2 7 2 1
643 5 1 10 2 5 8 3 5 9 6 1 2 4 4 8 5 5 7 1 4 1 3 1 9 9
883 3 9 4 9 7 5 7 6 1 10 3 6 9 9 8 1 8 3 2 10 9 8 7 3 7
735 2 7 5 6 5 7 5 8 6 9 1 1 4 1 2 2 4 9 7 9 6 3 6 6 5
670 5 2 1 2 10 8 2 6 2 7 5 8 3 2 7 1 1 6 5 2 3 2 10 6 2
692 2 2 7 8 7 7 8 4 1 8 7 3 2 4 2 10 3 2 10 2 2 1 5 8 2
952 9 8 10 3 9 8 7 3 4 1 6 1 9 10 8 6 6 9 9 10 9 5 10 8 5
790 7 1 4 8 6 3 1 7 6 10 9 9 4 6 3 1 4 2 6 5 3 6 1 7 8
732 1 7 7 7 10 8 9 10 2 1 8 6 3 3 6 8 6 1 7 7 6 3 7 6 1
855 5 2 10 7 4 3 2 2 7 3 6 4 8 2 8 4 9 9 10 5 2 4 5 5 10
15
750 2 9 3 5 7 10 6 9 8 9 1 4 7 6 5 9 6 7 3 1 3 7 1 7 3
725 4 8 10 8 3 8 6 10 6 2 8 5 10 4 2 3 4 1 4 1 6 8 1 8 4
701 8 5 6 1 5 4 6 3 9 2 10 4 2 6 2 1 2 5 9 8 2 9 9 1 4
768 10 5 6 4 10 10 3 7 7 4 3 1 8 8 3 1 7 1 9 10 5 2 7 9 2
834 7 9 8 5 10 5 5 9 5 5 7 9 4 4 1 2 9 7 2 2 2 10 10 10 7
894 6 3 7 8 4 4 10 1 7 7 6 9 3 9 2 3 7 9 2 8 10 10 5 10 1
605 4 1 7 9 9 3 10 9 4 8 8 2 1 8 1 3 1 1 4 1 7 5 5 1 3
835 6 4 6 2 2 3 10 1 1 9 10 9 6 1 9 7 3 4 8 7 4 1 7 8 8
789 9 7 2 1 9 3 8 10 6 8 1 7 7 4 2 4 7 7 3 4 6 4 3 1 4
912 10 10 3 10 9 7 10 8 7 6 3 6 1 8 6 9 6 10 5 2 7 9 5 5 10
810 10 10 2 5 7 4 5 2 9 6 5 10 1 6 7 10 6 1 2 2 7 10 7 10 7
781 9 3 2 9 5 5 2 1 4 6 4 8 7 7 2 1 5 6 10 2 10 2 2 3 1
814 5 6 8 2 9 2 7 1 2 10 2 9 3 6 7 7 8 1 7 5 9 5 7 9 2
698 6 6 1 7 1 4 2 3 8 5 1 4 3 2 2 4 7 2 6 7 8 10 4 3 7
763 1 1 6 8 6 4 3 6 8 2 4 6 10 1 8 2 5 3 4 6 3 7 10 5 8
15
652 8 8 6 3 9 8 4 3 3 2 1 1 3 5 6 2 3 3 6 4 5 2 10 3 10
879 1 3 7 6 5 2 3 5 2 10 6 7 10 9 5 1 1 8 3 9 8 3 5 10 5
870 1 1 1 5 9 4 6 7 8 9 8 8 5 1 10 2 9 6 7 6 4 8 1 1 1
665 6 10 3 3 3 7 4 7 6 3 7 3 1 2 2 4 8 8 3 8 6 10 3 10 1
850 7 2 1 2 7 4 5 1 5 2 4 6 10 7 7 4 9 10 6 5 4 9 2 1 10
903 5 9 1 5 1 7 8 2 7 9 8 9 7 1 3 8 10 4 2 7 5 1 9 10 7
861 5 9 8 7 1 5 7 4 7 6 2 10 8 4 9 5 8 4 6 4 5 7 6 2 10
757 7 6 4 7 8 5 4 3 7 6 10 1 2 5 1 6 2 4 8 5 7 4 4 6 8
717 9 4 1 10 4 4 1 2 7 8 7 4 2 2 9 2 1 7 6 1 5 10 3 8 3
912 7 5 8 1 8 8 4 7 9 5 3 6 8 7 10 10 10 2 6 8 8 7 6 2 2
823 4 2 2 6 2 1 8 10 4 7 3 7 6 1 8 10 7 9 5 10 6 3 4 4 3
764 5 8 5 5 9 2 9 7 9 6 6 5 2 6 4 10 1 1 3 10 3 10 9 8 4
776 8 6 6 8 8 3 10 8 8 6 7 4 9 8 3 1 2 2 3 6 5 7 6 10 2
656 4 7 2 2 4 7 3 5 6 10 3 3 1 7 10 3 1 5 8 5 1 6 1 4 1
751 6 6 3 6 2 9 8 8 9 4 1 8 8 10 7 10 3 8 3 3 6 1 6 1 2
15
780 7 9 5 1 7 3 7 1 2 7 7 3 3 7 5 5 8 10 1 1 5 1 9 9 8
1012 5 3 8 10 5 1 10 3 8 4 5 9 8 9 10 3 10 8 1 6 9 6 5 9 9
823 10 5 1 5 3 8 2 9 9 9 7 8 9 3 3 1 7 8 4 8 3 3 6 3 1
841 6 3 3 7 1 2 10 10 4 1 9 4 10 10 10 7 7 4 10 8 5 5 8 3 2
913 10 5 2 5 8 7 1 5 6 5 8 4 10 3 9 10 9 6 10 6 1 9 6 1 10
843 6 10 7 2 3 2 8 8 1 9 4 6 4 6 2 8 9 9 4 9 8 7 6 7 5
924 7 10 1 10 8 8 8 5 5 5 5 6 10 10 9 2 5 8 3 6 5 6 1 7 4
812 5 9 1 4 2 4 5 5 10 2 10 2 10 2 8 10 3 3 9 5 10 10 10 7 4
669 4 10 6 7 10 4 6 6 3 2 2 3 2 7 4 1 5 7 3 5 6 7 7 6 3
738 2 9 1 4 5 1 6 4 3 6 7 8 2 4 4 9 9 5 5 2 5 10 4 9 4
651 7 10 1 2 5 9 2 4 6 7 2 8 4 2 3 3 3 9 2 1 2 5 10 2 7
713 6 7 9 4 3 5 2 2 1 5 2 10 6 9 8 4 4 3 4 8 5 4 7 1 1
867 9 3 1 9 1 2 9 3 8 8 4 8 8 3 8 2 3 10 5 5 10 1 6 9 3
805 10 2 1 5 2 4 6 6 9 9 4 3 2 7 10 4 7 2 9 2 6 7 9 4 10
754 6 1 6 9 10 6 5 4 2 3 8 2 4 2 6 8 2 8 9 1 1 3 4 10 4
15
592 2 5 6 3 5 9 1 3 10 4 7 4 2 2 2 1 5 8 6 2 3 7 1 2 2
826 8 9 3 5 5 8 4 3 10 3 8 1 3 4 2 8 5 5 10 7 7 7 6 7 8
685 5 10 6 10 6 3 9 3 9 7 2 7 4 8 10 7 1 1 3 1 1 9 2 2 4
779 4 3 1 6 3 8 10 7 9 1 6 3 3 7 10 7 5 8 1 10 6 5 3 1 8
911 5 2 1 3 10 6 9 6 9 3 4 3 4 1 10 3 10 8 7 10 10 10 1 7 10
841 3 3 9 4 5 9 7 5 10 5 7 10 6 8 4 7 6 2 4 6 5 3 3 3 9
679 9 5 9 4 5 9 5 2 5 7 1 2 5 2 2 10 1 1 7 9 2 3 7 5 8
821 3 8 9 9 1 7 4 5 8 8 5 10 2 9 6 1 1 9 7 7 5 2 6 5 10
667 5 8 3 9 2 2 10 8 2 1 7 8 9 6 8 3 3 2 4 4 6 9 4 1 1
902 10 4 6 5 6 8 2 6 7 8 3 3 10 3 10 3 6 8 4 9 9 1 4 7 4
846 9 2 10 3 4 8 7 10 2 5 8 5 7 7 1 3 6 8 4 5 10 4 3 5 10
846 4 7 2 4 9 4 2 6 7 1 7 10 4 5 1 10 7 8 2 9 1 9 9 7 10
704 5 3 9 7 8 7 5 4 7 1 2 2 2 10 2 7 9 9 1 6 2 4 1 2 7
793 9 7 2 2 4 8 1 10 9 10 2 9 1 8 1 2 9 2 7 6 7 3 6 4 1
791 1 6 8 5 6 7 5 2 3 1 4 7 4 2 3 4 8 9 6 7 8 3 9 4 6
15
743 1 3 5 2 7 3 9 1 5 7 9 3 9 9 4 5 10 3 5 7 2 7 10 1 1
761 9 10 3 7 2 3 9 7 4 2 1 6 3 8 2 7 6 9 2 6 9 1 4 8 2
772 3 8 7 5 10 7 4 9 9 2 10 5 3 2 1 4 9 1 8 7 7 2 1 7 1
731 5 8 7 10 1 6 5 9 4 10 1 2 6 4 5 5 6 3 4 4 9 8 2 1 7
761 7 9 7 10 1 4 4 8 5 3 4 10 4 2 8 3 1 1 5 3 8 9 6 9 9
874 8 7 8 4 9 8 5 6 5 5 4 7 8 2 9 3 8 2 4 8 6 9 7 6 9
904 1 9 7 3 4 10 6 7 8 6 9 10 10 6 3 8 1 9 9 9 2 9 5 3 3
740 8 8 7 1 1 7 10 3 3 2 7 3 3 5 3 8 10 3 6 8 5 8 3 7 4
776 9 4 8 3 5 10 6 2 4 6 1 8 2 7 10 7 4 5 3 9 8 7 3 1 6
931 7 2 5 7 9 6 7 10 5 7 4 5 9 6 5 10 7 2 3 9 10 5 7 1 8
772 5 7 3 3 2 10 5 3 9 6 5 7 8 10 7 10 6 6 1 6 1 6 10 2 3
989 4 8 3 5 2 3 9 9 7 8 10 8 3 10 4 5 10 10 8 10 2 8 10 10 5
779 5 8 6 7 9 4 5 2 10 2 4 7 3 10 4 2 9 4 9 2 2 9 6 10 1
727 3 3 7 10 5 10 4 9 3 1 3 3 5 3 8 9 4 3 2 7 5 6 5 10 7
893 3 4 6 9 10 5 4 5 10 5 3 7 6 4 9 1 6 2 6 10 9 10 4 5 4
15
810 6 7 7 7 10 3 2 7 6 4 8 7 3 6 3 10 4 9 5 5 2 7 7 8 5
774 2 3 4 7 10 3 7 10 3 2 6 2 10 1 3 4 6 4 4 7 3 5 9 9 10
793 2 7 5 3 4 2 7 7 4 7 9 5 7 3 6 1 2 4 8 7 9 10 9 4 1
710 10 4 1 9 10 8 8 1 7 3 4 6 4 10 3 4 9 1 7 2 3 1 3 2 3
874 8 5 2 9 4 6 10 8 2 7 9 7 4 3 3 5 4 10 7 6 7 6 1 7 2
743 9 8 10 2 9 5 5 5 4 4 7 1 3 3 10 2 10 10 3 2 2 9 2 1 4
674 2 9 8 1 7 10 10 6 3 5 1 6 10 1 5 2 6 5 2 5 4 3 7 2 4
851 8 1 1 6 5 7 1 5 7 10 8 9 3 7 4 6 2 3 4 9 7 7 7 8 8
791 8 10 6 6 5 2 5 3 9 3 1 6 10 1 4 7 6 6 10 4 4 6 5 7 4
712 3 8 10 10 3 1 3 2 9 8 10 4 6 8 9 2 1 3 5 1 4 5 4 4 8
719 2 4 4 8 2 5 5 7 5 1 2 2 5 5 1 4 10 6 9 8 6 3 6 7 10
898 9 5 7 9 7 9 2 5 10 2 10 5 8 5 2 6 5 6 6 4 10 4 10 2 4
722 3 6 7 4 7 7 2 6 4 2 5 5 2 10 1 3 9 2 3 9 6 4 7 5 6
774 8 5 9 3 2 1 5 7 6 3 10 9 7 9 3 8 6 1 3 9 1 10 6 3 4
771 7 9 1 7 4 2 1 10 4 5 4 4 7 7 10 10 1 4 10 7 8 3 10 5 1
15
798 4 5 6 5 6 4 2 2 8 2 5 5 7 10 2 9 9 8 7 10 1 4 8 7 3
921 10 6 2 1 5 10 5 8 1 3 9 10 7 8 1 6 4 6 10 10 9 6 6 4 10
711 1 2 1 7 2 9 2 7 6 9 4 8 1 8 4 7 7 6 1 5 9 1 4 4 3
957 2 10 9 6 2 5 9 7 10 2 8 10 9 10 8 10 3 7 10 2 10 2 10 2 8
820 1 7 3 3 6 9 10 4 4 5 10 6 7 7 7 7 3 2 7 6 4 4 2 10 7
808 3 5 9 2 6 10 9 3 1 9 8 1 5 3 9 7 5 2 8 1 8 7 3 6 9
957 7 7 3 10 1 3 7 5 9 10 7 10 1 10 7 7 10 7 4 4 6 3 10 6 4
722 4 9 10 3 2 1 2 4 10 6 10 1 4 1 1 4 4 8 9 7 1 7 7 4 6
808 7 6 3 10 4 1 5 6 6 9 3 2 7 8 4 3 6 6 5 5 8 6 5 3 7
831 5 8 10 8 1 9 3 10 1 10 1 6 4 7 9 4 5 5 8 10 1 5 2 9 7
725 1 9 3 10 1 1 10 5 4 5 1 1 10 5 3 3 9 5 6 8 3 4 9 5 1
644 2 5 8 6 8 2 2 4 6 3 6 2 1 10 9 1 10 2 4 2 6 6 7 7 3
738 7 7 8 3 4 4 2 6 5 8 4 6 2 6 4 9 9 7 4 1 1 4 4 2 8
711 7 5 6 2 4 4 4 1 10 8 4 2 1 4 1 5 1 7 10 6 1 2 6 8 9
719 9 5 2 9 5 4 5 3 2 2 1 5 10 3 1 10 5 7 3 10 3 2 10 4 4
15
718 4 7 7 2 3 9 7 3 9 6 1 6 3 8 10 1 7 2 4 1 5 1 9 4 6
904 6 6 3 3 7 3 3 2 10 8 4 9 8 8 8 6 2 4 9 7 9 1 8 9 5
792 1 7 7 4 5 8 8 3 1 6 10 9 9 8 2 8 2 6 3 2 4 10 9 9 6
739 8 2 3 8 5 8 4 5 10 4 5 9 1 6 1 3 10 3 5 5 9 3 1 1 4
822 5 2 2 4 6 4 4 9 1 9 10 10 4 8 9 2 6 2 5 6 2 8 6 7 9
764 7 7 4 6 2 4 9 8 5 1 8 1 4 1 10 6 10 6 3 9 2 10 5 9 8
853 1 1 8 9 1 1 1 8 2 7 5 9 2 4 5 10 7 10 6 7 10 2 3 7 8
834 2 2 10 6 9 9 3 5 10 7 1 2 9 8 1 4 9 6 4 2 9 1 2 8 4
842 2 8 9 3 9 8 3 7 6 6 10 9 5 4 2 5 9 7 7 3 1 5 6 6 4
837 10 10 1 4 10 3 8 5 7 9 7 2 8 7 5 9 3 5 5 7 1 9 8 10 4
755 1 6 10 1 7 1 1 10 9 10 7 5 7 8 5 2 1 5 3 9 5 4 1 1 9
927 7 1 1 8 5 3 2 7 3 7 10 4 7 7 8 10 6 10 6 3 10 5 2 1 6
785 8 2 6 6 5 3 3 5 4 7 5 8 8 2 1 8 10 7 1 8 5 8 3 3 7
853 1 1 3 2 10 7 7 7 9 10 3 1 8 7 5 1 6 10 6 4 9 4 3 7 2
696 4 10 9 7 4 5 5 5 10 1 8 8 4 3 9 9 6 1 5 3 1 3 8 1 6
15
919 1 1 8 9 5 5 10 1 7 10 5 8 8 2 9 7 9 7 10 1 6 6 7 5 2
847 6 1 10 3 5 10 3 6 5 10 10 3 9 7 2 3 4 7 8 9 4 2 8 4 4
695 1 8 8 4 7 3 8 4 3 8 6 1 8 1 4 1 4 6 1 8 6 5 5 3 3
827 4 8 9 3 2 4 5 5 6 4 6 8 7 4 5 8 7 10 8 2 3 8 5 5 7
780 6 10 3 1 7 10 7 5 6 6 3 1 1 6 9 4 4 2 10 10 10 2 2 7 7
774 6 7 8 9 1 2 2 8 5 10 7 10 1 5 4 6 2 5 4 1 9 8 1 9 4
884 6 4 10 1 8 5 9 9 7 2 3 6 8 2 9 8 7 8 2 10 7 7 8 9 1
736 3 6 3 9 1 6 1 4 3 6 1 1 4 2 2 10 9 5 5 9 9 3 10 7 4
750 8 10 10 5 10 1 10 5 1 3 5 10 1 6 9 10 4 6 10 1 2 4 2 4 2
829 4 6 4 6 2 8 9 6 1 3 9 8 1 2 9 10 5 7 7 10 1 10 6 10 4
886 8 2 5 9 9 7 8 1 4 6 4 2 8 10 9 3 9 3 2 9 9 5 5 7 8
671 1 2 8 4 6 2 4 6 1 3 7 8 2 10 2 2 7 8 6 1 4 3 5 6 6
694 1 1 2 2 8 7 2 3 3 1 2 5 10 2 5 9 6 6 5 9 2 5 3 3 2
809 2 4 4 7 3 7 7 7 10 4 1 9 10 4 3 8 10 2 7 6 4 10 5 5 1
843 1 9 6 7 6 8 3 2 4 4 9 2 3 10 2 8 9 7 10 6 6 6 3 7 5
15
897 2 1 3 10 7 4 4 10 5 2 7 8 4 2 4 6 8 2 9 9 9 2 3 9 8
654 7 1 8 1 9 2 5 1 1 4 5 8 9 9 4 3 2 1 8 3 3 6 1 2 8
734 5 6 5 1 8 1 6 4 4 3 8 6 2 10 5 10 5 6 3 8 7 4 5 1 1
822 3 9 2 9 9 2 9 2 4 7 1 3 9 2 7 6 10 9 6 6 5 4 6 2 2
725 10 9 7 1 5 3 5 7 2 9 4 4 10 3 1 2 4 8 2 2 5 9 3 5 3
714 4 3 5 7 1 5 2 10 10 1 3 2 3 8 9 4 2 5 7 10 8 7 6 9 2
842 4 3 3 4 7 10 9 10 3 9 3 1 10 3 6 7 5 8 10 4 5 8 3 2 4
826 10 4 2 2 7 2 9 4 1 7 9 5 10 8 5 7 6 2 2 8 7 6 1 2 3
673 5 2 2 1 3 3 4 8 8 3 2 3 7 3 2 7 2 5 9 7 4 7 5 2 6
753 7 4 3 6 6 8 6 6 3 1 9 2 4 5 2 7 8 6 3 1 7 6 8 6 6
711 9 4 7 3 7 3 4 8 4 1 1 10 1 10 4 5 4 2 7 5 5 1 10 7 6
616 10 1 9 5 1 10 2 5 2 5 9 4 2 2 7 8 2 5 1 5 2 1 8 9 1
878 1 3 3 2 2 6 10 2 7 9 5 4 7 8 6 6 10 3 8 5 10 8 4 4 6
701 7 5 3 9 5 7 6 7 6 7 6 5 1 5 2 6 5 6 2 1 4 7 1 2 3
745 9 5 6 3 5 4 4 8 10 6 3 3 9 4 3 2 9 4 2 2 6 4 3 1 10
15
677 5 3 1 8 2 9 3 1 1 3 2 8 7 10 2 6 4 8 4 1 3 9 8 4 4
664 7 5 10 7 8 10 2 6 6 1 1 6 9 2 5 4 3 1 9 2 4 7 3 8 1
1005 9 9 10 10 2 6 5 10 8 10 5 2 7 6 9 8 3 8 9 10 7 2 7 9 4
750 2 10 3 3 3 6 7 8 10 10 1 1 10 4 3 7 7 3 2 8 2 2 3 5 10
1049 6 7 2 8 8 6 5 7 7 10 7 9 7 10 9 6 6 8 4 4 6 9 3 10 10
710 8 2 6 1 8 3 3 1 3 6 5 4 1 3 5 4 8 5 4 8 2 4 7 5 6
780 5 2 6 8 4 4 3 6 9 4 1 6 9 7 10 9 5 5 3 6 8 8 1 3 1
916 5 10 10 2 8 9 8 3 9 9 6 8 8 9 3 9 5 4 4 8 7 10 1 3 5
799 1 3 10 10 3 7 5 1 4 5 1 5 9 10 5 5 8 8 3 8 3 6 6 10 5
822 8 8 4 8 5 10 4 1 4 3 2 8 5 3 9 9 8 2 7 6 3 10 1 5 9
889 9 4 1 4 2 2 7 10 8 8 10 6 10 10 2 1 9 7 5 10 5 2 6 3 5
842 2 7 10 1 1 3 9 4 10 4 8 7 5 6 8 7 7 6 7 8 7 3 4 4 7
894 3 1 3 5 1 10 9 2 7 7 6 7 10 5 2 7 6 2 6 5 10 3 7 10 7
841 7 10 3 9 3 6 10 6 8 4 5 3 1 2 6 9 1 4 10 8 7 10 3 7 8
733 7 1 1 8 4 9 1 10 3 6 2 6 4 3 3 10 6 6 6 6 6 4 2 3 9
15
827 4 2 6 3 10 10 3 1 5 3 6 8 2 1 2 2 9 10 7 8 6 8 8 3 4
715 7 5 5 4 1 7 7 3 3 7 9 1 2 10 3 9 9 10 1 3 4 1 3 3 4
674 7 7 1 4 6 5 2 2 6 3 1 5 1 6 10 7 8 3 1 4 7 5 4 8 10
697 5 9 5 1 1 8 4 3 9 4 7 6 10 2 2 1 7 2 4 6 2 7 8 6 1
806 6 1 5 3 10 3 8 6 3 1 4 9 8 7 4 7 6 8 3 2 6 10 2 5 3
874 3 9 9 2 3 10 1 10 5 1 2 6 4 4 9 5 9 6 8 10 8 10 8 9 8
793 4 7 5 8 2 6 10 4 3 5 6 4 9 3 10 7 5 3 2 8 8 2 3 6 1
914 7 2 7 1 10 1 8 2 7 3 7 8 10 1 1 8 8 7 4 9 8 10 4 10 4
822 8 2 7 5 9 10 1 4 2 2 10 10 6 7 9 4 8 5 3 2 4 10 10 6 6
781 7 4 10 8 9 8 6 1 5 6 8 4 2 5 4 5 4 8 4 2 5 3 7 7 3
750 5 2 2 3 1 6 5 3 5 2 10 7 2 5 7 10 8 5 6 10 2 3 5 3 9
687 1 6 7 4 2 1 9 2 3 10 1 8 4 2 4 3 2 1 9 9 5 2 7 1 6
775 3 6 7 1 3 2 2 7 3 1 3 3 8 6 5 3 10 7 9 10 10 4 4 5 10
818 6 7 10 1 5 5 1 2 3 10 6 5 2 10 7 10 5 6 8 6 7 3 9 6 2
759 8 6 1 6 7 3 5 7 7 8 1 8 7 7 10 10 7 4 3 1 1 10 7 2 1
15
791 7 3 10 7 5 4 8 9 4 2 3 9 6 10 5 4 1 8 8 8 8 1 3 3 5
816 2 3 4 5 8 5 8 6 1 3 9 8 1 4 9 1 3 8 6 5 9 8 4 9 4
787 8 2 7 1 2 7 5 10 2 10 1 8 8 2 1 7 7 5 8 10 1 10 6 10 1
872 3 5 3 9 9 4 9 7 6 9 1 4 2 3 7 8 5 10 7 3 9 5 4 6 9
664 10 9 4 4 5 8 7 1 2 7 9 1 1 7 4 1 2 9 3 2 5 2 6 6 7
804 1 1 7 10 10 1 9 5 10 4 9 1 9 1 10 1 7 1 5 4 1 8 7 4 9
757 6 5 10 7 3 8 8 5 2 8 4 7 3 7 6 1 3 2 8 9 6 4 2 3 4
831 1 10 2 7 3 9 9 8 1 1 2 5 9 6 10 5 7 5 4 9 7 4 6 10 6
936 6 8 3 2 5 5 5 7 10 8 3 4 9 8 6 2 10 10 9 7 5 2 8 5 3
684 7 8 7 5 2 3 4 1 1 2 5 2 1 3 10 2 1 9 10 9 1 1 6 3 10
636 7 3 2 10 1 8 8 2 1 3 4 4 3 6 3 3 4 4 5 2 6 6 2 7 3
816 10 5 8 8 3 4 8 3 8 7 3 7 1 4 6 1 4 3 2 8 10 8 10 7 6
597 2 1 7 4 9 5 2 4 5 1 8 1 1 10 5 7 7 2 5 1 5 7 3 1 2
779 6 3 1 4 2 8 9 5 4 4 9 8 6 7 9 7 2 5 6 5 5 6 7 4 1
820 5 4 6 10 7 5 1 3 3 2 10 10 7 5 4 7 9 3 9 2 3 8 5 2 2
15
852 5 6 2 10 8 3 3 3 5 5 7 10 4 10 1 5 3 8 6 7 7 10 9 7 5
718 7 1 5 5 7 7 5 9 4 4 2 4 4 2 4 8 1 4 8 6 9 6 8 7 2
870 6 5 6 3 2 7 8 4 7 9 1 9 7 10 1 5 6 2 10 8 8 6 8 3 10
857 5 4 8 1 10 7 6 7 5 8 2 8 4 5 10 5 10 3 7 9 4 7 5 2 3
975 9 3 2 10 8 5 1 1 9 5 8 10 1 6 5 9 8 8 2 7 10 9 5 8 7
665 9 2 2 1 10 4 4 5 3 10 9 8 1 1 2 2 2 2 1 8 2 8 10 9 1
783 2 6 5 3 3 8 5 2 4 2 2 6 10 6 1 8 10 8 7 4 7 3 1 10 7
750 10 9 8 1 2 3 3 3 6 1 1 2 10 5 6 7 6 7 7 9 4 8 10 1 8
792 2 1 9 7 2 1 7 5 4 1 1 10 9 9 9 8 3 7 6 3 7 2 6 9 9
765 3 2 9 10 2 1 4 3 2 5 5 9 3 7 10 8 8 8 7 2 2 4 6 10 4
916 6 8 7 9 9 3 2 9 1 6 6 6 8 5 6 6 10 1 10 10 3 7 2 9 8
619 2 6 2 1 2 2 10 5 5 5 3 6 3 3 7 2 3 6 7 3 3 8 3 10 2
741 5 10 9 2 2 3 3 2 6 4 6 1 1 8 8 7 5 8 7 2 5 5 10 9 5
718 3 4 3 10 9 8 1 4 5 2 4 2 4 7 2 8 2 1 6 5 10 9 2 7 9
826 7 7 6 1 5 2 8 1 10 10 1 6 8 3 5 5 7 5 5 4 9 9 3 4 1
15
865 1 2 6 10 7 3 6 9 3 8 3 9 6 5 3 5 5 10 2 8 7 8 3 2 8
766 10 7 2 8 4 6 4 6 6 9 5 6 3 8 3 1 6 3 4 8 7 9 3 9 3
714 3 9 10 8 3 3 5 6 4 4 3 7 2 2 6 9 8 10 2 7 1 7 4 5 5
667 1 3 1 4 1 1 2 9 7 9 4 3 6 10 8 1 1 5 1 8 4 5 9 3 1
639 8 2 8 5 2 5 10 3 1 1 10 5 4 2 1 3 6 5 7 9 3 8 7 1 1
809 6 3 6 8 8 7 2 5 3 5 4 6 8 6 4 6 9 4 1 5 8 1 1 6 9
836 7 9 10 8 4 7 6 1 7 1 8 7 2 8 6 2 8 4 6 8 10 6 3 1 4
705 6 3 8 2 1 2 2 1 5 4 7 7 2 5 7 7 9 8 5 2 6 9 10 7 3
879 7 5 10 3 4 9 1 3 2 9 3 10 5 1 7 5 10 4 8 10 3 7 10 6 7
906 7 5 2 3 4 3 10 9 8 9 6 8 3 5 6 9 2 6 8 6 3 1 9 7 9
978 5 1 1 3 8 9 9 5 7 10 6 2 10 10 8 2 6 4 10 9 6 9 9 7 5
825 5 8 7 6 3 9 1 4 3 5 3 9 6 9 7 8 1 7 5 5 5 9 3 5 9
782 3 3 2 10 7 5 7 10 6 9 2 6 1 3 7 3 4 1 7 4 9 6 10 9 8
735 7 3 5 6 9 3 5 10 9 5 7 4 9 1 1 2 3 2 1 8 7 3 10 8 3
759 6 5 4 5 5 2 10 7 10 9 4 2 4 6 6 5 6 1 3 5 7 10 9 9 5
15
825 4 3 7 4 1 6 7 9 5 2 4 8 9 2 10 4 5 5 9 8 1 2 5 9 5
855 7 2 4 6 5 9 1 9 7 10 4 4 2 8 6 1 8 10 3 8 1 4 9 7 8
702 4 4 2 6 3 9 5 2 3 2 3 8 1 6 4 4 3 10 5 8 7 3 7 7 4
846 5 5 6 10 9 1 7 1 4 9 9 8 4 3 1 2 7 6 9 5 3 9 1 1 10
555 6 10 3 1 9 5 3 9 1 3 1 4 2 10 1 2 3 1 3 1 7 9 7 9 3
887 3 9 7 7 8 5 10 3 7 8 4 8 9 3 2 6 7 1 2 9 9 1 8 6 10
706 1 2 10 7 9 10 10 3 3 10 9 4 3 2 7 5 2 2 3 7 2 3 5 3 1
860 8 4 6 7 4 9 1 6 5 9 8 9 2 4 10 10 7 5 5 7 7 8 2 2 3
845 7 6 7 10 2 4 1 10 9 4 5 3 6 9 2 8 6 9 8 9 3 4 7 4 9
800 10 10 7 4 8 7 10 8 8 3 8 3 3 8 6 8 5 6 7 7 2 2 2 1 5
946 10 8 2 5 9 7 2 4 5 10 7 8 10 3 10 10 3 8 3 3 7 8 8 6 2
811 5 7 2 9 3 10 10 7 5 5 3 8 6 8 10 5 1 6 1 3 10 3 3 7 4
942 8 1 6 8 9 9 7 1 10 4 9 10 6 5 7 9 2 3 10 3 9 3 6 8 2
769 8 4 4 7 2 6 5 4 2 4 10 9 1 7 6 5 8 9 4 1 2 4 1 6 5
850 10 6 8 5 8 1 9 8 3 7 7 4 2 9 4 3 1 10 3 2 7 8 10 5 10
15
801 3 7 2 10 3 7 5 9 5 9 9 5 2 3 9 2 3 5 4 4 2 9 10 8 5
689 4 2 8 3 7 8 6 3 5 5 9 9 1 7 6 1 5 3 5 1 2 7 7 6 3
564 7 9 6 4 2 4 3 6 4 6 1 3 4 2 2 2 10 3 4 9 2 1 2 4 1
922 6 4 1 3 8 8 3 7 9 10 5 6 8 5 5 6 1 9 8 10 5 4 6 6 4
752 3 3 10 8 7 4 8 9 7 10 5 3 4 10 5 1 8 2 5 2 2 6 7 5 1
857 2 9 3 8 5 9 2 8 9 6 1 7 6 7 5 9 5 6 10 5 8 4 3 1 9
961 6 8 8 1 3 3 10 6 10 5 7 10 6 1 6 10 8 10 10 2 10 5 6 3 3
842 2 1 9 3 4 10 8 8 8 7 8 3 3 1 9 7 8 1 7 9 9 9 3 9 5
751 4 8 5 1 10 5 3 2 1 8 3 7 7 4 8 6 7 1 1 1 8 6 7 8 3
854 8 5 5 9 6 6 2 10 7 7 2 5 7 3 9 7 8 1 10 3 9 4 2 4 5
677 5 6 3 4 9 2 3 3 8 2 2 5 2 7 5 10 2 4 1 9 8 1 5 9 6
749 2 9 9 9 7 1 9 5 1 2 6 2 6 9 9 9 4 4 4 8 10 7 1 1 5
655 4 10 3 5 5 1 6 4 8 6 2 4 4 9 3 6 7 3 1 6 5 8 9 2 3
734 1 7 4 7 8 8 5 2 2 6 3 5 1 6 8 7 5 10 2 1 9 6 2 1 10
792 5 4 1 2 7 5 7 4 8 6 5 5 5 7 5 1 4 5 7 7 10 7 10 3 2
15
801 5 2 1 9 3 7 6 5 9 8 9 8 9 7 1 3 1 5 2 1 7 10 1 2 5
841 5 3 4 10 6 5 5 2 7 8 10 8 3 7 8 1 4 3 6 7 7 9 9 1 7
857 6 5 1 1 7 9 4 2 5 9 5 9 2 4 1 8 10 10 6 6 3 5 2 2 7
832 8 3 8 7 7 10 1 4 9 4 7 6 10 8 6 10 10 4 3 5 4 4 9 3 1
853 7 2 10 2 1 1 8 4 6 9 2 10 9 1 6 7 9 9 4 8 1 3 7 5 2
774 6 9 8 3 8 8 9 2 5 1 4 5 9 1 10 3 4 4 5 1 8 8 8 4 7
730 7 6 4 3 2 6 4 4 1 4 9 7 2 4 6 3 10 8 4 2 8 5 2 5 3
654 7 2 2 2 6 6 1 3 8 4 6 3 2 1 7 4 7 6 3 7 6 3 4 1 7
754 5 2 3 10 2 9 6 3 7 4 5 8 2 2 5 1 5 4 8 3 2 7 10 4 8
971 6 9 4 4 8 9 4 5 5 9 4 8 7 4 10 5 9 8 9 4 9 7 1 1 3
887 4 4 7 4 3 10 4 5 7 8 8 8 7 4 4 10 8 2 6 7 10 7 3 1 10
696 8 3 6 1 6 7 8 2 2 6 5 4 10 1 1 5 3 3 6 5 6 5 2 6 10
771 4 10 10 2 9 6 8 10 5 4 8 3 1 2 1 4 10 4 7 5 3 10 1 10 4
753 7 3 2 1 5 6 4 7 2 6 6 5 4 9 7 3 3 4 1 9 9 6 5 2 9
897 4 10 5 6 5 7 3 8 4 1 4 8 10 10 6 5 10 8 6 3 8 6 4 5 8
15
859 6 5 6 2 6 6 6 2 7 6 10 8 10 5 5 6 2 4 7 7 5 4 5 2 7
673 7 6 10 7 6 4 1 2 4 7 6 4 7 9 1 5 4 10 1 3 1 10 3 2 6
735 2 9 9 6 2 6 8 1 4 4 1 4 6 2 6 5 2 7 6 10 8 6 2 5 7
790 6 4 3 2 6 10 5 7 4 8 8 4 2 3 8 3 2 4 10 5 9 2 8 7 8
911 8 5 9 5 10 6 3 7 10 4 6 7 9 6 4 5 8 6 9 10 1 3 8 6 1
740 7 4 2 3 8 1 1 5 5 3 8 4 6 5 4 10 4 2 10 6 3 8 8 1 9
902 8 8 2 7 7 9 1 10 7 1 9 8 10 4 9 5 9 4 1 6 7 10 6 6 1
815 6 4 8 5 2 4 6 5 6 7 10 8 5 5 8 1 8 4 4 3 8 8 3 3 9
863 9 3 7 7 3 5 5 9 8 9 10 3 5 5 1 8 10 4 5 4 8 1 5 1 6
857 9 3 9 10 9 10 4 10 3 1 9 5 5 8 10 6 5 8 5 1 3 5 6 2 8
809 7 1 4 7 7 6 5 7 8 5 7 8 4 1 1 8 6 9 4 5 6 9 5 8 3
881 7 9 9 1 5 8 3 10 8 4 10 1 9 8 9 7 1 10 7 5 4 4 1 8 8
814 2 10 5 4 10 10 5 9 2 5 9 8 1 7 5 2 6 8 7 6 4 10 3 7 1
820 5 1 8 10 9 2 6 5 3 3 2 2 4 10 5 5 8 8 1 6 9 4 3 6 9
780 1 6 8 10 7 8 2 4 3 3 8 8 5 3 8 8 2 5 2 8 2 4 9 7 3
15
911 8 7 6 4 9 5 7 6 2 8 10 4 10 7 9 5 7 5 5 3 7 7 9 3 3
803 3 5 1 6 9 4 2 4 5 9 5 3 10 6 4 7 5 3 6 1 7 7 8 4 2
555 9 4 7 1 1 8 5 6 2 1 1 4 2 6 5 2 8 7 1 1 2 10 5 4 5
716 6 8 3 8 3 3 4 4 8 4 5 3 2 5 3 1 9 4 6 8 7 7 10 5 6
918 9 8 8 6 10 8 8 6 5 4 9 10 5 4 5 7 3 5 9 4 1 1 7 9 7
763 10 10 5 6 6 5 4 10 4 1 5 1 10 1 10 6 1 4 5 8 4 7 3 7 7
796 2 8 4 3 1 1 9 2 4 6 7 9 3 10 3 5 7 1 8 8 5 8 6 10 10
840 2 8 1 6 10 3 3 1 6 6 10 8 5 2 10 5 6 5 6 2 10 3 4 5 6
861 1 3 3 4 1 5 2 9 9 7 1 7 10 5 8 8 10 7 6 3 4 9 8 5 2
717 6 10 3 5 1 4 1 3 3 8 4 7 7 4 2 6 1 3 10 3 10 10 8 7 1
715 3 7 6 8 10 9 2 3 8 9 2 2 4 2 5 7 2 2 9 10 2 5 2 1 8
967 9 9 3 10 9 10 7 4 3 8 7 9 1 5 9 10 7 5 4 8 8 7 3 5 8
626 1 7 9 5 5 3 10 2 6 8 6 7 3 1 2 4 6 2 5 3 4 4 1 3 3
777 10 6 4 7 4 2 1 2 9 7 10 9 1 4 5 2 4 4 10 6 2 8 4 5 4
972 6 8 3 5 10 8 7 4 9 10 1 9 8 1 10 3 10 2 10 4 7 10 3 5 3
15
781 4 7 4 8 4 2 1 4 1 6 8 9 6 1 6 2 9 3 10 7 1 9 6 8 7
861 5 2 10 3 10 5 2 3 5 6 10 3 8 4 7 10 6 1 3 8 7 5 9 4 10
946 7 8 6 8 10 2 3 10 10 6 3 10 6 8 7 7 4 2 9 4 10 1 5 6 8
712 8 4 3 3 5 6 1 1 8 2 5 4 8 10 1 9 1 6 5 2 4 10 6 3 10
868 6 5 4 6 5 4 2 7 7 6 7 9 8 10 4 5 7 7 8 3 8 7 1 7 1
853 1 2 2 6 10 2 6 3 4 7 6 9 2 7 9 7 9 2 9 8 7 3 4 8 4
834 7 6 1 1 8 3 3 10 6 10 5 8 9 7 3 2 4 9 5 3 6 2 1 1 9
598 10 3 7 3 2 5 2 9 10 2 7 5 4 4 9 9 5 2 2 1 2 6 4 2 3
848 6 9 9 5 6 9 1 7 3 10 7 1 1 2 9 1 7 9 3 8 10 1 10 6 7
847 10 10 10 3 4 5 10 8 10 9 1 1 6 9 8 4 2 8 8 10 2 2 5 4 7
809 10 6 5 7 1 9 3 7 7 5 6 10 10 3 9 4 1 8 3 3 4 7 4 6 5
670 7 7 2 3 8 1 9 10 8 1 4 4 3 1 1 10 4 9 2 6 3 7 6 8 1
819 8 1 4 9 1 6 3 5 8 3 3 10 8 3 10 7 3 7 3 9 8 4 6 3 6
730 5 2 10 6 5 3 5 3 9 8 1 7 6 1 5 3 4 6 1 5 1 6 4 5 7
765 10 9 7 10 2 9 3 8 1 4 8 7 7 4 8 1 3 2 2 1 5 3 8 8 9
15
763 7 10 1 9 5 9 5 10 4 8 8 3 1 8 3 8 5 5 10 3 3 3 1 6 4
885 10 3 6 10 9 1 7 4 6 3 2 3 9 4 10 7 10 5 8 3 1 10 2 10 8
928 10 7 10 2 6 4 7 7 1 9 10 7 7 5 4 9 7 10 7 1 4 4 6 3 7
878 7 10 5 3 4 1 7 4 2 8 9 2 8 7 8 9 1 10 6 8 4 8 6 2 10
724 2 5 1 7 3 6 6 5 8 2 7 7 2 8 4 1 10 8 3 5 5 1 3 7 3
796 3 6 9 7 9 1 4 8 3 7 3 7 9 6 2 4 5 2 3 2 7 6 5 10 9
828 10 7 5 6 6 10 2 5 10 7 2 9 6 9 5 3 5 2 7 5 8 1 3 1 4
796 1 10 6 7 9 3 6 7 3 5 5 2 5 9 10 7 3 1 6 9 5 4 3 8 8
806 2 10 3 2 1 6 8 4 8 1 10 6 7 7 7 7 5 10 8 4 8 4 6 2 4
850 1 7 8 6 10 2 7 9 3 6 6 9 2 7 9 3 6 3 3 9 7 6 9 10 6
774 10 8 2 1 2 8 2 2 6 5 5 4 1 4 6 4 10 8 6 6 5 3 4 9 4
848 1 6 2 8 6 2 6 10 7 6 1 7 2 2 10 8 9 6 6 9 5 9 6 4 8
999 4 3 2 4 9 6 6 3 10 8 8 9 9 2 7 10 7 9 5 7 9 5 6 7 4
748 5 9 6 7 9 9 1 2 5 8 9 8 8 9 1 4 1 2 2 5 1 9 9 1 1
722 2 2 5 8 2 2 5 7 8 7 3 2 4 3 9 9 8 2 4 7 1 4 5 9 2
15
825 1 3 3 4 8 1 3 9 10 4 9 2 6 8 6 5 9 3 7 2 9 9 1 7 8
769 6 7 6 3 9 10 7 5 8 10 1 3 6 9 1 4 4 2 5 9 2 5 9 3 4
797 6 3 3 8 9 2 1 1 8 3 3 5 8 2 3 3 6 10 5 2 9 6 7 9 5
951 9 2 5 6 1 6 9 5 9 8 9 3 10 10 2 2 5 7 10 6 4 5 8 7 9
890 2 5 7 6 5 5 2 3 7 2 10 8 7 8 8 1 5 9 5 9 10 5 1 4 7
752 8 6 8 6 7 7 7 2 10 5 8 3 3 2 1 9 2 9 5 4 4 6 3 5 7
827 7 1 10 4 10 2 2 6 6 3 5 1 10 4 9 8 5 8 3 6 6 9 9 1 8
546 9 1 10 2 5 7 7 7 2 1 4 5 1 4 6 2 4 5 1 1 1 10 8 9 2
741 5 9 6 6 2 1 3 8 5 10 6 2 3 4 6 4 9 8 1 6 8 9 6 2 1
680 7 2 8 2 6 1 6 8 8 3 8 3 1 10 10 6 2 1 6 8 3 8 6 3 6
841 1 8 8 10 4 2 1 10 9 7 10 6 10 5 7 10 3 1 10 6 1 1 5 1 7
763 10 10 10 6 1 9 5 9 1 3 3 4 2 1 5 4 7 7 4 8 10 2 10 4 8
665 2 5 5 4 5 8 4 10 9 6 5 2 4 4 7 9 6 1 4 4 8 6 5 2 1
708 4 1 5 1 2 10 8 7 6 2 2 5 8 6 8 2 7 5 9 2 5 7 8 8 2
903 3 4 8 10 8 10 4 10 3 10 5 10 3 10 4 1 5 9 10 6 3 9 2 6 4
15
729 8 9 9 5 8 4 7 7 1 8 2 3 6 1 6 2 3 4 9 3 7 5 2 5 3
884 4 2 6 9 6 2 4 10 3 7 10 8 8 5 5 6 9 4 1 1 10 6 9 9 5
746 4 5 8 1 10 4 2 10 6 5 10 1 1 3 9 1 7 3 1 3 8 6 10 6 7
659 3 9 10 8 1 1 2 3 9 2 1 9 2 7 2 5 1 1 5 9 10 9 3 8 4
804 5 7 1 2 8 10 10 5 2 10 7 2 6 3 5 4 4 3 5 7 9 2 6 5 4
694 2 3 7 5 7 1 6 2 4 5 7 7 4 1 4 4 9 6 5 3 4 5 5 5 4
812 2 5 7 7 9 7 9 7 10 2 1 4 2 9 9 9 6 6 4 5 10 2 9 2 2
661 6 3 5 7 2 3 8 3 2 2 2 7 1 7 4 9 1 10 4 7 9 4 7 1 2
801 8 5 6 3 8 6 7 9 3 1 4 5 8 8 2 10 7 2 7 1 9 8 9 8 10
815 10 9 2 3 10 7 9 6 3 2 5 8 6 1 6 6 3 3 6 8 10 7 10 5 6
659 7 1 9 6 2 1 3 1 1 6 3 6 2 10 4 4 9 9 5 4 5 3 1 4 4
730 7 4 3 2 4 1 2 8 2 7 3 2 6 6 2 6 10 10 10 4 1 8 5 4 9
975 9 3 10 6 10 2 10 7 1 8 8 6 4 4 5 9 9 8 10 5 7 8 6 4 4
1031 2 10 10 9 3 7 10 9 8 7 4 3 8 6 8 7 8 8 10 5 9 6 8 5 9
780 1 8 9 5 3 1 10 7 5 5 1 9 10 10 9 8 3 3 1 7 8 1 6 2 7
15
820 8 3 1 2 8 7 3 2 8 2 10 9 8 7 5 4 8 4 2 4 6 5 2 8 8
718 10 8 9 4 4 9 9 6 5 1 3 3 1 2 7 9 10 8 2 3 5 4 6 1 3
820 2 2 6 2 1 10 10 6 8 1 10 8 2 10 4 5 4 6 9 9 6 6 7 2 10
789 4 10 2 7 9 8 2 10 4 2 10 2 4 5 4 1 4 10 4 5 9 5 3 9 10
803 2 7 4 1 8 6 4 7 3 10 3 3 4 4 6 9 9 3 5 5 5 8 4 6 10
828 8 7 7 5 6 9 7 2 7 1 6 6 8 2 5 8 3 2 9 7 3 6 6 10 8
902 1 1 10 9 5 6 5 5 5 8 5 7 2 8 7 6 8 9 5 7 10 8 2 4 10
683 10 2 3 1 5 9 2 2 2 8 3 1 2 3 9 2 7 4 3 5 3 2 7 8 10
837 3 3 4 9 8 10 8 8 4 1 4 4 5 4 8 7 10 10 4 2 2 1 3 9 10
693 4 8 1 7 6 5 9 1 2 3 1 2 7 10 8 1 3 10 2 8 1 2 6 8 7
706 1 5 5 4 1 10 3 10 7 5 9 1 5 6 3 3 1 9 3 3 1 5 9 9 6
745 2 7 2 1 3 5 8 5 6 2 3 1 9 5 5 7 9 3 3 4 6 9 10 9 5
824 5 7 4 7 9 10 8 5 4 6 3 10 5 5 4 1 9 8 1 5 8 3 3 2 7
884 4 3 4 5 8 5 2 10 3 8 1 10 9 8 10 5 2 10 2 9 5 3 7 8 7
783 4 6 7 6 8 5 1 6 6 1 1 9 9 4 6 1 8 6 10 5 4 5 2 5 3
15
776 4 1 4 2 9 7 2 7 7 10 4 9 2 6 9 5 5 1 3 2 9 1 4 3 6
803 8 1 3 8 4 1 8 2 4 6 8 9 7 10 1 6 1 5 4 8 5 6 2 6 5
817 9 7 1 6 4 8 3 4 8 10 8 9 6 4 7 4 6 3 6 5 4 3 2 2 1
763 3 6 10 10 5 7 9 1 10 1 7 2 7 8 2 3 2 4 7 4 9 6 10 2 2
704 1 5 9 10 4 1 5 9 4 10 3 5 3 9 1 1 7 9 4 5 4 6 9 2 3
745 9 8 9 7 4 1 8 4 8 9 5 2 6 4 10 1 1 1 10 2 4 6 9 7 7
843 2 3 2 10 9 8 7 9 5 8 5 3 7 4 5 10 5 7 1 3 9 5 3 9 4
900 3 5 2 1 10 6 5 9 4 9 2 9 8 8 1 5 2 10 1 8 9 9 7 9 9
939 10 6 8 9 1 8 5 7 7 7 9 9 7 1 7 9 5 3 9 7 6 9 8 2 7
779 4 3 6 9 7 9 3 7 5 9 1 6 10 3 10 2 5 1 3 8 1 6 9 2 9
945 5 3 9 5 8 1 9 6 10 4 2 10 10 10 4 5 1 6 8 7 8 4 5 6 10
655 3 2 9 3 1 7 7 10 9 3 5 4 10 6 3 4 3 1 4 2 3 3 10 3 8
900 6 3 8 5 1 2 9 2 10 4 8 6 5 6 9 10 7 3 10 3 9 7 7 6 8
774 6 1 1 4 7 8 10 8 8 3 1 10 3 1 5 8 1 3 8 8 4 7 9 8 8
845 10 5 1 6 3 2 7 6 7 7 3 5 10 2 3 7 5 9 9 6 3 1 8 4 7
15
773 6 3 7 9 9 9 6 5 7 10 5 5 6 1 3 1 2 8 2 3 2 8 2 3 5
759 7 3 5 10 1 8 2 2 1 3 10 9 10 3 8 4 2 4 1 5 9 2 10 1 7
803 4 7 5 1 3 8 4 10 2 3 3 10 5 7 6 6 10 9 10 4 5 5 5 8 1
672 1 10 3 1 6 6 4 8 4 6 7 4 2 8 2 1 5 5 6 1 6 5 5 3 5
826 4 3 10 8 6 3 10 4 4 8 2 3 4 9 4 4 8 1 9 7 10 4 2 10 7
723 6 8 7 6 9 1 1 6 7 10 10 2 4 1 1 1 1 7 8 8 4 3 7 4 3
780 2 4 4 9 3 7 4 4 8 7 9 8 2 1 5 4 5 1 5 6 4 3 2 8 10
971 1 3 5 9 7 6 6 5 7 10 8 2 10 1 8 8 2 5 10 9 3 6 9 9 9
734 8 5 9 8 4 6 4 10 1 5 5 6 4 9 5 6 5 4 7 7 1 7 2 1 2
771 4 2 2 6 8 1 4 5 5 10 10 6 5 7 10 6 3 5 7 1 4 10 2 1 1
821 10 4 1 10 5 2 3 9 7 10 10 7 1 7 5 1 2 9 1 10 7 5 6 5 1
896 3 5 2 6 5 5 7 8 6 2 3 10 1 2 10 8 9 1 9 10 9 9 8 9 7
686 2 6 4 3 1 8 7 3 3 2 7 2 7 5 7 3 6 5 5 9 6 4 5 2 1
841 9 7 2 9 6 2 10 6 1 8 9 2 5 8 5 2 10 5 1 8 8 10 9 4 3
796 4 4 4 9 5 5 1 5 4 6 7 2 8 4 8 8 3 9 7 8 2 3 1 8 10
15
743 2 9 2 2 1 5 1 7 4 9 9 8 9 5 4 5 5 6 5 8 3 3 10 3 1
927 9 2 8 6 1 3 8 4 9 8 4 10 6 6 4 10 4 9 5 2 10 1 3 6 8
704 9 3 5 5 5 4 10 1 7 5 3 2 4 1 7 5 7 1 2 10 7 8 4 5 6
558 5 4 8 10 3 9 4 1 1 8 5 1 2 5 2 8 3 7 1 3 1 1 8 3 3
927 7 10 2 10 10 3 2 6 4 5 10 3 8 1 10 1 8 8 6 9 6 9 6 2 4
921 8 3 1 5 9 6 7 3 5 10 6 3 8 8 8 4 7 1 2 4 10 6 6 9 9
837 9 6 7 3 9 8 8 7 7 5 2 10 7 1 10 7 4 3 2 10 5 9 10 3 2
742 10 2 8 6 2 4 3 4 1 9 1 8 5 5 7 8 8 3 2 8 2 4 3 6 9
800 1 2 9 9 7 5 2 1 4 10 4 10 8 5 7 10 10 1 6 5 1 9 4 1 6
953 9 7 8 9 4 6 10 6 9 3 9 4 1 7 9 10 5 5 10 7 6 7 9 8 4
719 9 2 2 8 9 3 5 5 2 10 3 5 3 4 3 1 2 1 6 1 6 6 3 4 10
778 6 5 10 7 6 3 10 6 5 6 1 4 1 10 9 4 9 6 5 4 5 2 2 2 10
1058 10 10 7 10 9 5 3 4 9 6 9 8 6 9 7 10 7 4 8 3 7 4 9 7 10
711 5 10 8 6 9 5 4 1 6 5 2 4 7 5 1 3 4 5 2 5 4 1 7 3 9
759 8 2 5 2 4 1 6 4 3 7 6 8 6 6 8 5 1 8 2 5 6 1 5 4 10
15
901 4 10 6 9 4 5 9 6 9 10 7 2 3 3 4 3 9 10 2 8 10 8 3 2 3
745 6 8 3 9 9 5 3 7 3 1 7 5 6 4 1 8 10 2 4 6 7 8 6 7 4
748 1 2 4 10 7 10 8 6 9 9 1 4 2 5 3 6 1 2 6 7 7 8 2 5 1
836 6 4 4 4 8 5 7 1 9 3 2 9 9 7 8 1 9 2 5 2 7 10 8 3 4
645 1 6 9 7 5 2 3 6 4 1 1 1 3 9 1 3 5 10 2 9 10 4 1 1 6
805 2 2 9 6 10 9 10 7 1 5 2 9 1 9 8 3 10 1 7 5 8 2 2 1 8
738 6 2 9 4 9 3 1 1 4 7 9 5 8 1 2 9 2 2 7 4 8 4 10 1 7
758 2 5 5 2 7 6 9 10 10 10 5 6 2 10 2 3 8 1 5 6 2 5 3 4 2
787 3 4 9 4 6 9 4 2 6 7 9 9 8 9 5 1 8 4 2 3 4 10 2 1 5
905 4 9 9 3 4 2 7 4 6 9 8 1 10 4 2 5 9 10 6 6 2 8 9 9 8
760 8 3 3 6 9 9 3 9 1 2 4 6 10 1 8 10 5 6 2 4 6 5 4 7 5
817 3 7 10 6 2 4 7 2 6 10 9 10 8 4 2 6 5 6 3 4 10 6 8 1 4
831 10 6 2 10 4 1 5 7 8 7 6 7 1 5 4 9 9 4 8 8 3 9 3 8 3
795 7 7 8 10 5 6 3 7 10 1 1 7 5 5 8 6 10 1 5 7 5 6 3 4 8
979 10 7 8 7 7 7 7 6 4 3 10 9 8 4 8 3 3 7 9 1 10 5 7 10 9
15
770 2 10 4 5 4 1 6 6 1 1 10 8 7 3 2 2 5 2 8 5 10 5 9 1 8
844 4 9 3 7 10 8 9 7 1 3 9 2 8 9 8 8 3 9 5 5 5 7 10 2 4
948 6 2 9 8 2 6 8 4 9 3 6 3 10 8 5 10 10 8 4 7 8 9 6 7 4
860 6 6 5 3 4 6 9 2 10 9 2 7 9 3 4 5 3 8 10 2 1 6 4 3 10
914 9 10 3 7 7 1 7 1 10 7 2 8 9 10 1 9 5 7 4 9 10 6 3 3 4
785 9 1 7 9 3 6 10 8 5 8 3 7 8 1 4 8 5 5 1 2 7 5 3 10 4
898 6 6 5 1 10 10 1 6 9 9 8 8 7 7 5 3 10 2 3 8 6 1 6 1 7
740 7 2 3 8 9 4 9 3 5 6 8 3 1 6 9 6 10 2 3 6 2 8 6 3 5
792 10 9 6 7 2 9 1 7 2 10 2 7 8 3 7 6 8 5 3 7 3 2 7 4 6
736 1 9 2 5 1 1 5 7 5 6 10 8 5 9 4 10 4 2 8 5 4 7 3 6 6
604 8 9 5 5 6 10 6 3 1 1 2 1 3 10 2 6 3 6 5 5 5 7 2 1 1
638 1 3 8 3 1 2 3 8 6 1 8 6 2 5 10 7 9 1 2 3 3 5 8 5 5
790 3 8 2 1 3 3 5 9 9 5 3 3 7 4 8 1 9 4 5 9 2 5 9 9 6
779 10 5 6 9 7 8 10 4 4 7 4 2 7 8 7 8 3 1 3 6 2 3 6 4 7
762 1 9 3 8 9 1 1 10 2 4 7 1 2 8 7 6 5 3 10 5 4 4 2 9 8
15
690 3 1 9 2 4 10 1 3 1 9 4 10 4 4 1 5 7 7 7 1 2 3 7 8 4
701 5 10 8 5 4 3 3 4 4 2 4 7 8 2 5 2 9 3 4 7 2 7 2 6 2
909 7 4 7 2 9 2 9 9 9 10 8 9 2 4 5 6 5 2 4 7 8 3 10 7 5
802 5 9 4 3 5 2 5 4 10 7 1 4 3 7 10 6 10 6 5 2 1 10 6 9 5
703 5 3 1 2 6 9 2 8 3 1 1 10 3 9 1 9 6 7 5 9 1 2 9 7 4
880 6 2 5 10 5 8 2 9 1 9 7 8 8 6 5 8 1 9 10 6 4 2 7 3 2
836 4 4 6 1 8 9 1 1 10 4 7 8 2 10 3 3 9 9 7 3 5 10 7 10 5
917 1 7 6 7 8 4 8 10 4 1 9 7 9 6 3 10 10 7 7 4 9 3 10 1 10
729 7 1 5 10 6 1 1 9 3 4 1 5 8 6 1 5 6 10 2 9 2 7 5 4 6
766 8 6 9 8 1 5 8 9 10 4 7 6 5 5 9 2 1 8 5 2 9 4 9 1 4
741 5 3 4 10 9 4 5 8 7 6 6 8 5 3 4 10 5 6 2 1 2 9 3 2 5
794 2 3 6 1 9 9 8 5 8 9 2 7 4 2 4 1 1 8 10 3 7 10 7 4 7
774 9 6 6 2 3 3 8 2 6 6 4 4 6 1 4 8 8 7 9 5 6 4 1 6 2
611 4 9 3 8 4 6 10 2 4 4 8 1 1 10 1 9 1 7 3 1 6 6 4 3 2
771 4 10 3 1 3 7 3 10 3 9 2 1 8 4 8 7 1 3 10 10 9 4 3 7 9
15
753 4 3 9 7 10 5 2 2 10 8 2 3 5 10 7 1 1 3 2 4 5 8 8 9 4
715 1 9 3 9 2 5 10 5 7 8 5 2 7 3 5 7 6 1 1 9 4 8 10 1 7
764 9 2 2 8 4 8 9 3 5 10 2 7 2 5 5 8 6 6 3 4 8 7 3 2 1
650 7 7 4 7 4 4 5 3 3 7 3 9 8 5 4 10 3 2 2 6 1 3 2 2 2
735 9 7 4 6 4 9 7 2 9 8 3 2 2 2 4 4 2 7 7 7 4 1 1 10 2
595 4 2 2 2 10 1 4 2 3 1 7 2 8 3 10 8 1 6 5 5 3 4 1 2 2
839 1 8 10 1 2 10 4 4 1 8 8 6 5 6 1 9 2 9 10 10 8 4 10 6 3
763 3 3 1 9 9 7 1 1 9 4 1 10 7 4 10 3 7 1 3 4 9 7 1 3 4
728 4 7 6 4 1 10 3 10 6 3 10 10 3 5 1 8 6 4 2 8 4 1 5 5 5
560 9 6 6 3 2 3 1 8 6 2 5 7 1 2 3 7 2 6 2 1 2 9 2 4 3
764 8 1 6 7 8 8 10 7 5 9 8 7 1 6 6 5 1 7 1 5 1 5 1 8 4
734 5 9 4 8 9 9 3 5 8 4 3 6 6 6 2 7 2 3 7 5 1 3 4 7 4
834 4 2 2 6 7 8 10 9 5 8 5 8 1 4 8 10 6 7 10 4 5 6 2 2 3
681 5 8 6 4 8 9 5 10 2 4 3 1 1 4 6 10 8 2 6 2 9 7 10 2 4
889 1 10 7 2 8 4 5 4 5 7 7 2 7 4 1 10 10 10 9 10 1 7 4 7 4
15
920 7 9 6 5 4 10 7 3 10 8 8 5 10 8 1 2 5 6 2 8 10 7 2 10 9
905 8 4 4 10 4 5 4 2 5 5 7 7 4 9 4 10 7 9 6 1 10 5 9 10 7
770 10 3 7 3 7 1 2 8 6 5 10 6 8 6 5 4 3 1 9 1 9 3 8 9 1
883 2 7 7 7 4 5 7 9 9 8 3 5 4 5 7 9 3 6 6 10 7 5 6 1 7
734 8 2 9 5 2 7 3 8 4 1 1 6 5 4 1 2 9 9 2 7 8 8 9 3 6
751 7 3 5 8 1 1 10 8 1 4 1 4 3 10 6 6 5 4 9 6 4 7 10 6 6
703 3 6 7 7 5 1 4 1 4 7 2 5 9 5 9 8 6 6 3 1 3 6 1 5 5
795 3 4 4 6 1 9 5 5 1 7 5 7 8 8 9 4 6 1 6 10 5 5 4 10 6
824 5 6 3 1 5 5 1 2 9 3 7 5 6 4 10 1 2 10 6 9 8 1 4 10 3
715 2 8 9 6 3 4 7 5 1 8 4 10 7 3 3 1 1 9 6 4 7 2 6 1 2
736 4 6 7 5 4 2 6 3 6 1 6 5 1 6 2 3 7 2 10 9 7 10 5 2 9
750 1 7 9 4 4 9 10 4 8 10 8 7 5 2 5 3 1 4 5 6 4 8 6 8 3
854 4 6 9 1 10 8 2 7 10 4 8 6 10 6 7 8 1 6 6 3 2 10 2 10 2
912 3 3 9 9 2 8 3 10 3 8 4 6 9 4 9 1 10 1 9 6 10 7 8 7 9
597 2 2 10 5 4 1 3 7 5 2 3 3 1 6 2 5 4 6 6 1 10 7 5 1 6
15
910 9 4 1 1 4 2 7 2 9 10 9 2 8 8 6 10 7 6 9 4 9 10 10 6 2
763 2 6 1 7 6 4 6 2 3 10 1 9 8 7 2 1 10 4 1 4 6 8 3 9 1
823 8 10 1 2 4 9 1 10 4 10 10 10 6 8 3 1 2 2 4 1 8 3 7 6 10
803 2 8 10 4 2 7 4 8 3 3 8 4 4 5 6 5 10 7 6 5 9 10 1 3 6
682 4 10 10 3 8 2 4 5 4 2 2 4 1 1 5 2 4 4 6 4 10 8 9 10 9
694 10 5 10 7 7 1 4 6 1 3 1 6 6 2 1 3 9 2 6 8 6 5 9 8 1
804 10 6 1 7 9 1 9 5 8 5 6 7 4 7 2 3 8 5 7 2 2 8 2 4 5
765 9 3 3 9 5 6 7 1 2 1 3 2 8 3 3 7 7 8 3 8 7 4 10 5 10
798 4 5 8 8 7 1 1 6 9 2 10 8 3 8 9 7 3 7 6 5 1 9 5 7 6
631 1 10 8 1 3 4 1 6 1 7 2 10 3 2 2 6 1 9 9 6 1 1 1 1 8
750 7 3 8 5 9 2 4 7 2 1 2 8 6 2 7 6 6 3 2 6 7 10 10 10 4
881 3 7 1 9 7 5 6 2 8 5 3 6 9 6 4 10 10 7 1 5 5 10 2 5 9
817 6 10 9 6 10 1 3 5 1 7 7 5 9 5 9 10 2 7 5 9 2 6 2 6 3
822 1 9 7 8 5 8 1 5 3 1 9 9 9 7 4 10 2 8 2 3 9 4 8 10 1
733 9 9 9 10 9 8 5 3 1 4 1 3 5 7 5 8 3 4 7 8 3 2 6 2 2
15
658 1 9 2 10 5 1 6 3 3 3 7 1 3 7 3 6 1 2 8 3 5 9 5 9 6
693 5 3 2 4 1 5 7 6 2 3 9 7 6 2 2 2 4 5 8 4 9 10 4 3 2
953 3 4 2 6 7 9 8 10 7 2 10 10 8 4 6 9 7 5 3 8 8 2 6 9 6
731 6 4 2 10 9 1 1 7 4 3 4 3 1 7 8 6 5 3 9 9 5 1 5 10 5
821 9 3 8 9 6 1 2 9 2 9 7 3 2 4 10 1 9 2 9 2 10 10 4 3 5
847 8 3 8 4 6 9 9 2 4 9 8 4 2 1 8 9 7 9 2 5 7 9 9 1 8
815 2 2 5 7 2 4 3 2 1 6 1 7 10 4 4 10 5 5 7 10 6 2 5 7 6
924 9 1 5 8 3 7 9 5 9 7 7 6 4 10 8 7 10 1 10 7 6 6 2 2 8
961 10 6 8 4 7 7 4 7 9 5 9 8 9 2 9 3 9 9 9 7 2 10 7 4 1
864 2 8 9 1 10 7 2 3 4 3 6 4 9 9 2 1 9 10 9 10 5 7 5 6 4
768 5 1 4 6 10 8 4 4 9 8 8 2 2 7 1 4 4 10 3 6 3 8 2 10 2
815 2 8 2 3 10 1 6 7 4 2 5 4 8 9 8 2 1 10 9 2 7 6 10 3 5
822 7 1 2 1 9 2 7 7 4 8 6 6 5 3 1 3 3 9 10 10 10 9 6 3 1
758 10 5 5 5 9 4 7 1 5 1 4 9 10 2 3 5 1 2 5 9 4 3 7 3 4
822 10 2 6 5 5 2 2 9 2 4 2 9 3 10 2 8 8 6 9 3 10 4 8 9 3
15
608 5 2 2 5 1 1 4 9 8 1 9 2 2 7 7 1 6 2 3 8 3 7 8 5 1
828 8 5 3 10 8 10 9 4 5 4 6 9 2 6 1 9 10 2 6 2 6 1 4 7 4
798 4 6 4 4 7 8 7 5 5 4 6 5 9 2 3 6 8 6 3 5 9 4 10 7 2
948 9 10 8 5 7 9 4 1 9 2 10 7 5 10 10 4 10 4 8 7 6 5 8 2 2
865 6 3 1 7 8 7 10 7 4 4 4 2 10 2 10 8 7 7 2 8 7 4 4 10 6
775 3 2 9 2 2 8 7 5 4 8 8 3 3 5 5 2 9 7 10 1 5 2 8 9 1
764 7 5 5 5 2 9 5 1 2 7 6 1 3 9 5 7 10 8 4 9 5 8 1 2 6
702 5 9 3 4 1 5 3 1 1 3 8 7 3 6 6 5 1 10 10 5 6 8 10 2 5
932 5 6 7 8 2 9 4 9 8 9 10 7 9 10 1 6 7 7 1 7 1 7 9 9 6
862 10 10 6 10 8 8 10 2 10 2 4 3 2 9 1 8 10 8 2 9 6 5 10 7 2
868 9 1 8 5 2 7 10 8 8 5 9 9 4 9 8 8 4 8 2 2 2 9 8 1 9
778 8 6 8 10 5 9 7 8 5 9 7 6 3 1 2 6 1 9 4 9 4 5 4 5 2
815 2 7 2 2 10 3 2 2 9 10 4 5 5 3 6 9 7 2 3 9 9 3 6 2 8
779 2 2 9 3 9 2 2 1 10 9 1 8 1 1 2 5 5 9 6 4 8 9 9 2 6
917 1 5 3 9 8 3 10 3 7 8 4 4 10 4 9 4 8 10 1 6 7 9 10 5 3
15
777 4 4 2 4 9 6 6 10 5 3 4 2 2 3 8 3 4 3 2 8 10 7 7 9 10
906 3 9 9 1 10 3 1 7 5 5 6 3 6 7 4 8 7 9 5 9 5 9 6 10 9
818 4 10 2 7 1 1 1 5 10 10 3 3 8 3 8 9 8 10 3 8 2 3 3 6 5
782 2 2 1 7 3 2 6 6 1 9 9 5 7 6 3 6 6 7 7 2 7 3 3 4 8
790 6 7 4 2 6 4 6 6 7 2 2 5 9 8 7 10 9 4 3 6 9 5 5 5 1
994 1 9 6 9 10 2 6 2 3 6 6 10 6 10 7 4 5 9 10 7 7 3 7 7 8
698 6 2 5 10 7 2 2 1 2 1 1 2 3 8 8 10 9 2 1 10 6 1 3 6 7
809 1 8 8 6 7 10 9 7 1 1 10 4 10 8 7 5 4 3 9 3 4 3 7 2 6
851 9 10 10 7 7 7 1 1 2 4 3 4 6 10 10 9 6 9 2 6 8 7 3 8 5
725 5 8 10 5 2 8 8 10 3 5 8 8 5 10 4 7 1 5 1 3 6 3 6 1 8
780 8 8 7 10 3 4 4 7 9 4 4 10 3 7 9 9 10 6 3 1 6 3 4 3 1
842 7 4 9 6 10 6 9 3 2 5 6 8 8 4 3 10 10 5 5 4 2 6 4 6 8
737 7 4 10 7 1 4 6 10 4 1 1 2 4 10 8 6 9 7 3 9 2 3 2 6 7
831 9 8 10 4 4 2 3 2 2 10 10 5 10 10 6 7 7 1 5 3 2 7 2 6 9
827 7 7 8 10 2 5 10 7 2 9 2 8 5 7 2 7 3 3 9 6 5 6 10 3 4
15
707 8 4 5 9 6 5 4 1 7 3 7 3 4 9 3 9 5 4 7 6 1 5 1 3 2
658 1 9 10 5 3 1 1 9 1 10 3 2 1 5 8 6 7 8 2 6 4 1 2 4 2
756 5 9 6 7 2 7 6 6 5 5 10 4 9 8 2 1 3 8 6 2 1 8 2 8 7
763 6 5 9 8 6 4 2 6 1 10 1 4 6 4 7 2 3 6 5 6 5 2 5 8 9
748 8 7 3 6 10 6 7 1 1 4 6 3 7 2 4 4 2 5 7 6 10 1 3 7 7
740 4 3 5 8 5 2 9 1 10 3 1 2 3 6 8 3 7 5 4 9 8 2 4 5 1
839 3 6 5 5 10 10 9 7 2 7 1 6 5 7 10 9 5 8 9 2 6 1 6 2 6
845 5 6 2 9 10 7 6 4 10 1 9 5 7 9 8 3 5 4 2 10 1 6 9 8 6
739 8 9 3 2 7 2 6 10 8 5 7 1 2 7 3 5 9 4 1 2 8 2 8 9 3
738 6 1 4 5 3 8 6 10 7 2 4 2 9 5 4 2 9 4 1 7 7 3 5 6 2
801 4 8 9 7 6 6 10 10 2 1 5 10 5 3 3 9 8 2 8 8 7 6 7 2 4
814 2 7 9 7 1 6 5 1 7 6 4 3 8 4 7 4 9 3 9 4 10 1 3 9 1
708 8 2 8 2 10 6 4 3 5 1 7 8 2 9 4 3 1 4 7 2 4 2 3 5 6
773 8 9 10 6 9 1 6 6 5 10 6 3 3 10 4 1 3 7 5 9 4 1 1 2 7
786 5 9 4 6 1 4 7 9 1 3 2 9 10 7 9 3 3 3 10 9 8 8 5 5 2
15
838 3 2 4 7 6 7 9 7 10 1 4 5 9 2 3 8 8 5 9 5 5 5 2 3 9
814 10 8 7 5 3 8 7 4 7 3 10 1 2 5 6 10 9 2 7 4 7 6 2 4 9
964 6 10 3 4 10 5 3 10 6 4 9 9 10 7 3 2 10 2 9 6 10 5 8 5 1
846 3 10 8 8 8 8 4 6 5 8 3 2 8 7 8 8 5 4 7 7 4 8 6 1 8
803 10 4 8 3 1 8 9 10 9 3 1 2 1 10 6 7 8 6 6 7 3 3 10 10 10
802 7 1 6 8 2 7 8 6 1 6 8 3 8 5 4 2 2 9 10 7 2 10 6 5 3
809 6 8 9 8 4 6 6 3 4 7 7 4 9 2 9 3 6 6 7 6 7 6 1 1 4
859 5 1 5 9 7 1 6 8 6 7 1 6 3 9 5 9 3 10 3 9 9 10 7 10 3
800 8 3 9 10 8 4 6 6 5 9 5 1 2 2 7 5 2 1 10 9 1 5 10 2 10
990 8 3 6 7 1 6 3 7 2 3 6 5 7 10 10 6 9 7 9 7 10 4 9 9 9
838 4 4 9 3 2 10 3 3 7 1 8 6 8 2 7 7 10 5 9 5 6 9 6 8 7
884 9 6 6 8 5 9 1 6 7 7 9 3 1 8 5 5 8 7 9 6 8 7 2 6 1
778 4 1 6 3 6 4 6 1 2 9 10 7 6 2 5 10 7 2 4 5 5 1 4 9 10
785 6 6 10 8 8 7 5 4 8 4 2 5 8 6 5 10 4 2 5 9 3 3 9 10 3
842 5 9 9 7 6 6 8 10 6 1 7 8 2 3 4 10 10 8 4 4 4 9 9 9 8
15
834 1 7 10 3 9 9 8 8 10 4 7 9 1 1 9 3 5 3 10 5 3 6 9 2 4
671 2 9 6 1 8 7 9 4 9 6 1 7 2 4 7 9 1 8 3 2 2 6 3 10 2
845 1 1 4 5 2 8 4 7 10 8 3 8 10 7 1 8 9 2 9 8 2 9 10 5 1
836 8 7 2 4 4 1 9 2 9 8 8 10 6 10 4 3 2 3 8 3 4 10 4 4 6
937 1 3 8 8 5 5 1 6 6 1 7 10 8 1 1 6 7 9 6 6 10 10 9 8 9
766 1 9 10 9 4 2 10 8 1 3 5 1 6 1 9 9 9 10 1 7 9 3 3 8 1
1008 10 1 3 10 7 4 8 10 6 7 4 10 3 4 2 9 9 9 7 10 3 5 3 6 10
857 9 9 10 7 10 5 8 6 3 7 7 9 4 5 3 7 10 2 5 6 3 5 2 9 4
795 6 4 7 8 9 4 5 6 8 2 3 4 2 5 2 8 4 6 8 9 9 1 5 2 7
915 1 1 1 10 3 8 2 6 6 10 9 9 6 2 7 8 9 6 7 6 10 4 2 3 6
805 9 3 8 5 8 3 3 1 9 3 9 7 8 7 5 3 7 6 3 2 4 2 4 8 2
724 7 10 4 4 5 3 2 10 10 2 6 2 2 3 8 3 5 6 8 8 5 7 3 10 1
881 10 3 9 3 8 1 4 8 6 6 6 4 8 1 5 8 6 7 6 5 2 10 9 9 6
842 10 3 6 2 5 4 4 6 5 9 6 5 7 9 6 2 7 8 2 8 5 9 7 2 2
936 9 8 6 4 8 1 1 4 5 10 10 8 10 3 7 8 9 3 5 1 9 7 4 10 8
15
843 1 2 1 7 5 8 4 4 9 9 6 7 5 6 10 9 6 5 2 2 4 7 7 4 4
834 6 10 7 5 10 6 1 8 4 6 2 6 3 7 6 10 6 7 6 6 7 5 9 8 5
828 2 9 3 9 1 9 1 9 9 9 6 2 10 10 5 6 7 2 2 8 8 5 1 5 7
802 8 7 6 8 8 10 6 4 4 9 6 2 1 10 8 3 2 2 8 4 8 2 1 1 9
911 10 3 3 3 7 10 3 10 4 10 4 5 8 9 5 9 4 8 4 8 9 8 6 1 6
948 5 5 9 9 9 9 9 2 8 9 1 8 9 4 6 8 7 4 6 8 5 7 8 9 1
628 4 4 5 1 1 9 2 10 4 3 4 4 8 3 1 5 1 2 3 7 7 10 7 9 6
763 8 10 1 5 8 10 7 8 8 4 7 10 2 2 4 2 5 1 1 7 7 4 2 1 10
857 1 3 9 5 1 3 9 5 8 7 8 6 10 9 3 7 10 7 2 2 8 3 4 2 4
718 2 3 5 3 4 6 2 8 3 5 6 6 4 1 6 7 7 1 7 8 2 6 1 5 7
932 7 1 6 9 5 1 6 10 4 9 10 10 4 9 8 7 8 6 4 4 9 10 7 6 3
859 2 2 4 6 9 3 7 6 5 8 7 8 4 7 3 9 2 10 4 2 5 9 9 6 6
758 1 5 3 6 9 9 6 9 9 3 2 2 10 5 4 4 2 2 6 9 4 1 9 10 8
778 8 6 7 9 2 6 8 6 9 2 6 4 1 3 10 5 9 5 6 2 6 3 5 5 3
645 4 8 8 9 1 9 4 3 7 2 1 9 3 2 5 10 5 2 4 6 4 10 2 3 6
15
735 9 10 1 2 9 9 8 2 3 9 7 2 3 5 5 2 4 5 6 6 7 1 7 2 6
756 5 6 8 8 3 7 5 2 10 2 3 7 4 7 9 4 3 5 8 3 1 6 10 6 6
735 5 6 10 7 7 10 4 5 3 7 10 6 1 3 9 8 3 5 1 4 6 6 7 1 2
884 6 8 6 7 8 6 6 2 10 5 7 4 3 2 10 7 10 5 9 4 6 4 6 8 4
791 5 3 3 10 4 2 2 6 9 10 6 1 5 6 1 7 1 3 10 8 5 1 10 8 2
761 10 2 6 1 10 6 3 2 5 10 2 1 2 3 7 4 3 5 4 4 10 9 3 9 5
662 9 3 2 8 4 3 9 3 2 4 5 2 6 1 3 2 7 4 5 4 2 9 1 9 7
977 3 9 3 9 5 5 9 8 5 4 5 7 10 9 7 2 3 6 8 10 9 7 10 10 5
794 7 4 4 1 7 9 2 7 3 1 7 8 8 8 10 3 7 3 7 7 1 10 8 3 9
740 10 8 10 8 1 9 5 2 8 7 8 5 9 7 1 2 1 3 5 4 2 1 4 6 3
848 1 5 1 3 7 10 9 4 2 8 5 8 8 5 2 8 9 7 5 2 8 4 3 5 8
647 1 10 5 7 3 3 8 6 6 9 6 1 7 3 1 3 2 3 3 1 1 1 2 9 7
892 8 3 1 9 3 10 4 7 1 8 4 8 8 1 1 5 8 8 3 6 9 5 5 10 10
671 4 10 10 6 6 3 6 9 4 9 1 2 4 3 2 5 3 5 6 3 8 6 9 5 1
692 9 6 9 4 8 8 7 5 10 1 4 9 3 9 2 3 4 1 3 5 6 1 3 4 2
15
701 7 9 3 7 5 7 3 1 10 3 4 5 7 2 6 2 3 3 1 5 5 4 6 5 7
834 1 5 9 9 2 1 7 8 10 10 3 10 7 10 2 7 1 3 7 8 7 7 6 7 2
778 5 8 7 10 5 8 4 4 6 1 8 4 5 9 5 10 6 3 8 5 7 10 4 7 3
782 2 7 7 2 2 1 4 2 4 9 10 9 1 4 5 10 10 3 5 10 6 3 10 3 2
960 10 3 10 9 10 9 6 10 8 6 2 7 10 6 10 9 5 9 9 1 1 7 7 4 1
730 5 8 5 7 3 7 4 2 6 8 2 10 7 7 4 4 4 3 7 2 2 5 6 7 4
787 3 8 8 6 10 4 9 1 6 3 9 5 8 9 3 3 10 6 2 1 8 2 4 5 1
678 6 1 2 3 4 3 1 4 8 6 1 9 6 10 9 10 1 1 1 6 3 5 2 8 2
905 9 6 9 6 8 10 2 2 4 1 6 7 8 4 10 10 10 7 2 4 9 1 2 5 8
945 10 10 2 7 8 6 8 3 5 5 10 1 10 8 8 4 4 7 1 10 8 9 4 5 6
797 5 3 9 2 8 7 6 2 5 10 8 4 4 4 2 3 3 9 6 4 9 5 10 4 3
868 1 6 8 1 8 9 10 8 7 10 7 2 3 8 1 5 9 8 2 4 8 10 6 6 10
828 4 4 9 7 9 1 4 9 4 7 9 1 2 8 7 4 5 10 9 5 1 2 5 7 10
706 5 1 6 5 2 1 7 4 8 2 4 7 4 3 5 10 6 3 7 2 3 8 5 2 7
854 10 1 4 8 5 8 2 2 2 5 4 8 2 8 8 5 10 10 6 4 8 10 2 3 4
15
902 9 4 2 9 3 10 9 5 3 10 8 3 7 1 5 9 5 8 5 9 9 2 6 8 4
945 6 1 9 10 10 2 2 5 5 5 9 8 1 3 9 2 10 9 7 5 9 3 7 2 10
649 3 3 3 7 5 6 8 10 1 8 7 1 2 10 1 2 2 2 2 9 8 6 5 3 7
787 5 3 9 6 8 8 4 5 10 2 5 1 2 6 10 9 3 4 8 10 6 10 6 3 5
772 9 10 9 4 8 10 4 8 7 4 5 6 6 1 10 5 2 7 3 4 7 10 6 3 3
773 2 6 10 2 5 10 9 9 1 2 9 1 9 3 6 1 5 3 9 10 8 10 5 8 4
577 3 8 2 6 2 10 1 3 3 7 1 5 5 3 4 4 5 1 3 5 1 6 6 5 4
805 5 6 10 10 1 8 3 10 4 1 9 6 1 10 2 8 10 6 1 4 10 10 6 3 8
614 2 5 5 1 1 7 3 6 5 10 7 2 3 3 9 6 2 7 1 5 4 8 1 3 2
872 5 1 4 8 6 1 9 4 4 9 9 7 7 4 3 6 9 3 10 10 1 2 7 4 7
845 4 4 10 8 6 7 1 4 6 10 3 6 4 2 4 7 7 7 10 8 2 8 5 10 5
987 10 8 2 6 1 1 7 1 6 10 9 10 10 5 5 10 7 8 10 4 6 8 5 8 6
616 4 6 4 6 4 5 6 8 5 2 3 6 3 8 6 7 4 1 2 2 8 1 8 1 7
888 3 7 6 6 5 1 7 9 1 8 6 10 1 10 7 3 6 10 4 8 9 4 9 3 5
698 3 3 4 3 7 3 6 8 5 4 1 5 9 3 5 4 1 2 1 9 9 9 8 6 2
15
820 5 9 3 8 3 5 5 8 1 6 1 9 5 10 9 8 6 1 6 6 8 2 10 6 6
786 1 4 8 3 4 6 9 9 9 9 1 3 8 6 1 8 9 6 4 1 2 6 10 8 7
777 7 5 1 6 3 5 7 1 5 6 2 9 6 10 8 10 2 5 8 7 2 10 2 7 4
795 1 3 8 2 7 10 5 9 5 6 3 3 7 10 3 7 8 6 5 6 3 8 2 9 7
666 2 9 2 10 1 6 8 7 2 6 5 1 1 9 7 2 5 1 3 7 7 9 5 1 10
789 1 7 3 3 9 6 1 6 10 7 2 5 9 2 3 10 2 8 6 1 4 10 10 8 7
643 1 1 5 2 4 7 2 10 6 7 4 2 6 4 2 2 8 1 7 4 1 5 2 10 4
718 3 8 8 1 2 7 8 8 4 2 6 5 6 2 2 2 6 5 7 10 3 10 8 2 3
789 7 3 2 9 6 7 4 1 10 5 7 9 4 5 1 2 6 5 4 9 3 1 3 8 10
972 8 1 2 5 8 7 8 3 9 8 7 7 2 1 7 9 10 1 10 9 2 7 8 7 10
811 6 1 3 8 2 3 9 6 2 6 7 4 10 6 7 10 4 10 5 1 5 1 1 3 9
840 10 4 1 3 3 7 8 8 6 8 7 4 8 8 6 10 9 1 10 7 3 3 10 2 2
761 2 4 5 1 4 8 8 3 4 1 6 3 8 1 5 7 8 8 4 10 7 2 6 4 8
853 7 6 9 4 10 1 3 9 5 7 2 10 2 5 9 3 9 7 1 10 7 8 1 3 8
697 5 8 10 2 7 2 4 5 4 9 5 1 4 5 9 5 4 3 3 2 3 9 7 8 2
15
832 5 6 6 2 8 4 7 8 4 10 5 10 3 6 2 10 4 6 2 8 1 10 4 8 9
794 5 10 7 10 6 6 2 2 4 9 6 5 9 9 6 9 1 3 5 10 3 1 4 3 2
864 6 3 9 7 8 6 4 3 10 4 6 8 1 1 9 3 8 4 10 7 1 9 6 9 8
826 3 10 2 9 6 8 9 6 7 7 10 8 3 6 1 1 1 2 7 7 9 6 8 9 1
896 10 10 5 4 9 2 8 9 1 10 10 9 2 5 9 8 9 9 1 3 9 3 1 4 6
837 3 4 3 6 9 9 10 10 5 6 2 4 10 8 8 6 3 4 1 7 6 2 8 8 4
686 1 9 5 5 2 8 9 5 6 6 6 2 6 4 8 2 2 8 2 5 5 3 10 10 2
708 9 3 4 8 4 5 9 6 1 10 1 2 9 6 5 9 1 4 1 3 6 7 1 3 9
867 10 7 3 4 9 9 6 1 10 9 3 10 8 10 7 2 7 4 8 1 1 1 7 9 3
836 8 1 7 2 7 8 10 9 4 6 2 8 2 6 7 9 7 9 1 4 1 2 10 5 9
721 3 3 7 4 4 6 6 6 7 4 1 4 5 8 1 8 6 5 5 8 7 8 6 3 4
720 4 6 2 7 6 1 4 8 4 3 4 1 5 1 1 9 10 2 7 6 5 8 10 2 6
693 1 8 3 9 1 1 1 4 6 3 2 9 1 4 8 8 6 5 9 1 7 3 2 10 3
810 6 8 2 2 6 3 9 9 1 2 8 5 10 9 8 3 5 6 2 10 1 10 7 2 9
701 5 7 7 4 7 4 6 10 10 3 2 8 7 5 7 8 1 1 3 1 2 9 7 8 2
15
779 6 8 5 3 10 3 1 1 6 7 4 2 5 1 7 10 9 8 8 4 5 4 7 4 5
883 1 3 8 2 1 8 4 2 6 10 8 7 10 9 9 7 7 5 9 2 10 5 4 8 2
796 10 2 8 2 8 10 10 10 1 1 6 10 1 6 7 7 10 6 1 4 3 4 3 6 9
742 3 4 5 2 10 9 2 6 1 5 8 4 9 5 1 9 10 6 2 5 8 5 7 1 1
809 1 1 2 2 3 9 4 6 2 8 8 6 3 5 8 2 2 7 7 3 9 10 10 1 10
840 8 7 3 7 3 2 5 2 4 8 5 6 4 4 6 2 7 8 9 4 3 9 10 10 3
939 3 7 1 8 5 4 9 3 8 8 6 7 9 1 9 6 5 10 8 10 2 6 6 2 2
638 10 9 8 3 3 9 9 8 5 6 1 2 4 2 3 10 3 1 6 3 1 1 7 5 10
947 6 10 10 5 7 3 9 9 2 10 10 5 1 10 10 5 4 10 10 2 4 8 10 6 3
783 9 9 9 7 4 8 3 7 9 5 7 5 5 1 4 10 8 2 1 7 4 9 10 6 4
787 3 6 4 9 6 9 9 2 9 6 3 4 9 3 4 3 8 8 7 3 3 5 5 3 5
813 1 2 8 7 8 8 9 3 2 8 5 2 10 8 8 7 2 4 9 1 10 2 8 6 4
667 2 8 9 1 8 3 5 7 6 1 9 3 3 4 8 3 7 1 2 8 6 6 4 6 4
837 4 2 6 2 3 10 5 5 10 3 3 10 5 8 10 3 5 3 6 5 5 2 9 9 10
780 6 6 2 10 3 6 6 2 9 8 9 7 2 2 5 3 7 1 4 10 4 4 2 9 1
15
892 8 5 1 6 6 5 2 8 4 6 1 8 4 6 5 10 7 3 9 9 10 3 8 10 9
829 9 2 5 1 4 5 9 3 2 3 6 6 9 9 9 2 8 6 10 9 4 5 5 7 3
710 1 5 1 7 4 2 5 3 8 2 2 7 2 5 3 7 2 7 10 10 4 3 3 5 9
767 3 1 8 7 2 8 10 8 5 7 6 3 6 2 3 6 1 2 10 7 9 9 7 6 2
765 9 9 4 7 7 4 6 7 1 3 8 7 7 9 9 3 4 6 2 7 2 7 1 6 5
647 8 2 5 9 2 5 3 3 4 1 8 10 3 6 4 3 5 9 3 2 1 4 4 3 6
811 10 9 5 1 6 1 3 10 2 7 1 9 1 8 4 6 8 6 9 4 10 8 3 1 4
982 2 3 9 5 4 9 8 9 4 8 6 9 10 4 7 3 9 5 10 8 5 4 9 8 1
869 2 8 3 1 10 10 7 5 7 10 1 6 7 7 2 6 10 3 3 2 8 7 6 10 8
948 5 4 2 4 10 9 7 6 9 4 1 10 8 2 1 6 9 9 2 10 8 8 9 5 7
851 1 6 2 10 6 6 2 3 1 2 8 7 6 6 1 8 9 4 9 9 8 2 6 9 4
785 3 5 3 5 2 7 5 5 6 9 1 5 9 3 1 9 7 8 3 10 5 5 2 2 3
911 7 9 9 1 2 2 6 3 9 3 10 10 1 9 1 9 7 10 6 9 6 1 6 8 7
775 9 9 8 5 4 10 10 9 10 1 5 9 1 7 5 1 8 2 1 9 5 6 1 2 6
828 8 10 6 1 3 3 6 2 1 6 5 9 10 6 6 5 8 9 3 5 5 7 4 7 7
15
853 8 7 5 8 8 7 10 3 7 9 4 1 9 3 1 1 9 9 2 6 2 6 5 1 10
983 10 5 2 7 10 2 10 1 1 6 1 10 10 1 2 5 5 8 10 6 8 9 3 10 10
1027 6 9 2 9 9 10 10 4 10 8 5 9 8 1 2 10 6 9 9 9 6 4 4 3 2
815 5 3 6 1 5 1 10 2 6 4 3 1 5 10 5 7 9 9 4 4 10 9 7 3 5
885 9 9 10 1 3 5 2 9 10 5 3 7 7 5 2 9 7 7 6 8 8 8 3 5 6
765 7 1 5 8 3 1 1 2 8 10 5 2 5 6 10 2 5 6 4 2 10 3 9 7 2
587 3 6 4 10 4 6 5 8 2 3 2 3 2 2 5 3 2 1 3 4 9 1 5 6 1
813 2 7 2 9 1 3 10 7 10 2 7 5 3 8 4 3 2 9 8 5 5 4 4 9 6
700 2 6 8 4 6 7 3 2 8 7 4 5 1 7 7 7 8 3 3 1 4 5 3 6 2
761 3 8 6 8 7 2 7 3 1 3 6 9 1 7 3 2 3 7 7 10 9 5 3 2 7
800 7 1 1 6 10 2 6 1 4 4 10 1 4 7 6 4 8 6 8 9 6 1 7 4 5
921 8 4 3 6 10 6 5 2 7 3 1 7 9 9 5 6 6 10 6 8 8 5 1 6 6
783 1 10 7 7 9 2 2 9 3 3 2 1 8 1 7 9 6 10 6 7 7 7 1 8 2
819 10 1 10 5 1 7 1 2 9 8 8 2 9 1 1 3 1 9 3 9 8 3 10 10 4
794 4 3 6 1 8 3 3 10 4 10 4 2 10 10 5 7 4 6 6 1 8 6 1 6 2
15
660 4 5 2 1 1 4 3 8 2 2 8 8 2 4 2 2 7 1 8 6 9 8 3 3 2
778 5 7 5 1 1 3 8 7 10 5 10 1 8 7 10 6 4 3 4 5 1 10 9 9 5
663 2 10 9 8 4 5 3 7 4 3 1 4 6 8 5 8 2 6 8 9 3 3 6 5 1
831 5 7 7 9 4 3 6 10 3 9 1 2 9 9 7 3 3 8 2 5 9 8 1 10 6
801 8 10 5 3 10 3 4 5 5 8 7 7 2 2 8 8 3 9 9 2 7 3 2 2 5
845 8 6 3 5 9 7 5 3 5 3 5 5 3 8 7 7 6 5 10 8 2 1 10 7 6
782 10 1 4 9 1 5 8 10 1 8 9 8 3 8 1 8 6 5 2 3 5 7 7 5 7
894 8 2 7 7 7 2 2 8 3 6 1 9 4 8 10 4 9 6 9 10 10 6 1 9 2
731 5 5 3 7 2 1 1 2 7 1 10 10 1 5 8 10 3 5 9 7 4 1 9 2 5
1023 2 10 2 2 10 4 9 5 9 6 6 9 10 10 8 5 7 7 10 9 3 2 8 8 5
743 8 1 2 2 2 8 7 1 4 9 1 6 1 7 5 7 2 7 7 6 8 9 2 3 5
869 2 2 10 8 9 8 1 9 2 8 5 9 4 8 7 3 9 5 4 4 9 3 8 2 8
662 2 6 6 1 5 5 2 3 4 1 2 6 8 7 3 3 7 9 2 5 2 10 1 3 7
861 8 5 1 1 4 7 7 2 2 8 9 7 3 6 4 7 4 6 10 8 4 1 7 7 10
676 8 10 4 6 4 10 4 9 4 10 3 4 1 5 5 1 6 5 1 5 5 4 6 4 6
15
769 10 8 2 4 5 6 10 2 3 3 3 7 9 9 1 1 4 2 7 2 6 3 6 5 10
792 4 7 7 1 3 4 2 5 8 5 5 10 4 5 4 5 6 10 2 9 6 8 6 3 8
822 5 7 5 10 3 7 7 2 2 8 2 8 2 7 7 8 7 6 2 10 5 6 2 9 3
862 7 1 7 10 3 6 3 10 4 9 8 4 10 5 3 4 10 1 5 4 8 6 8 2 3
810 10 9 10 5 3 8 2 9 4 9 1 8 4 10 6 1 9 3 8 1 3 10 10 3 4
695 5 1 3 5 4 10 2 2 9 6 3 6 3 8 10 3 1 7 4 2 9 9 5 2 3
885 6 4 9 10 1 3 6 8 10 8 8 8 9 4 7 10 1 2 2 4 9 6 9 8 3
808 6 1 9 5 4 7 2 2 7 10 5 3 2 10 6 9 2 8 10 8 7 1 6 8 1
786 8 7 3 2 8 8 9 2 7 3 4 2 7 8 9 9 4 8 2 1 6 5 9 3 8
919 3 10 7 9 9 1 10 10 10 10 5 9 3 4 2 4 7 7 10 2 5 5 2 5 6
897 6 7 6 4 6 9 3 4 9 7 6 10 7 7 3 1 10 5 5 5 9 9 9 8 2
899 4 9 8 10 7 6 7 5 4 1 6 8 9 2 4 10 6 5 10 7 9 3 6 2 6
729 1 2 6 5 4 9 7 7 7 4 10 7 4 6 2 2 1 6 1 1 9 9 9 2 9
607 2 10 6 1 1 1 6 2 6 3 8 2 3 4 9 5 1 7 1 9 4 6 4 1 8
704 9 5 1 9 4 7 2 5 7 5 7 10 1 9 1 1 3 2 4 8 1 10 10 8 5
15
882 3 1 1 5 8 3 6 10 10 8 3 7 10 3 7 4 2 4 9 5 6 7 1 5 8
782 3 4 6 9 3 6 6 4 5 7 4 8 1 1 1 8 7 6 9 5 3 10 2 9 9
923 3 9 8 6 10 7 1 6 2 9 10 5 5 9 7 9 5 1 7 8 10 4 4 8 3
822 10 10 9 2 2 3 9 7 3 9 5 5 10 1 7 9 9 1 3 10 8 4 10 2 4
870 9 5 9 6 4 2 4 7 7 10 8 8 10 9 1 1 1 5 7 6 6 9 2 2 5
812 4 1 6 1 8 5 3 2 2 5 8 4 10 9 5 7 5 1 5 4 7 10 7 7 9
778 7 1 2 10 3 9 5 8 7 10 7 9 1 2 3 9 7 4 1 1 8 4 5 9 4
884 9 2 10 7 4 1 2 1 7 8 10 4 9 3 8 9 2 10 8 6 6 6 3 3 2
828 1 2 6 7 1 7 3 4 9 8 2 4 7 3 9 4 7 10 5 8 9 1 9 8 4
784 4 4 7 2 2 6 10 7 3 2 5 9 4 8 8 8 8 6 10 8 3 2 8 3 5
677 2 6 1 6 4 1 10 5 4 4 9 7 5 4 3 7 1 1 1 2 10 4 6 8 3
863 7 10 3 5 3 10 1 1 10 5 4 1 8 5 9 9 6 7 5 8 9 1 1 10 2
835 10 6 6 8 10 9 8 3 5 8 3 5 6 8 5 7 2 9 2 9 6 7 1 1 5
815 5 2 2 2 10 5 4 1 7 5 1 3 8 6 5 10 10 4 3 3 9 1 9 9 8
782 3 3 3 9 5 1 5 6 8 5 10 6 4 6 6 2 3 6 2 8 5 6 10 4 6
15
701 7 8 1 10 1 6 5 7 2 8 6 6 2 5 3 2 7 7 5 3 2 1 6 6 1
932 8 2 2 1 9 5 1 7 6 10 8 9 3 7 7 6 1 9 4 6 8 9 8 8 10
845 5 6 6 2 4 2 1 1 10 2 9 5 6 5 9 5 9 10 3 10 6 6 3 4 5
705 2 10 4 4 9 4 9 6 2 8 1 5 5 3 5 5 1 2 4 4 4 3 9 10 4
672 1 4 3 9 7 1 1 3 10 5 5 4 9 2 3 2 2 3 7 3 2 4 2 10 9
988 2 2 10 9 9 7 3 9 8 3 2 8 10 4 5 9 10 7 10 2 8 2 4 10 7
759 5 8 7 5 4 7 4 6 9 7 1 9 8 10 3 2 1 7 4 3 1 10 5 6 1
886 4 9 9 10 6 2 5 1 4 8 9 8 9 7 3 9 9 2 7 3 5 3 8 2 9
787 4 6 6 1 5 1 10 8 1 2 4 8 4 5 5 7 8 4 9 1 10 1 9 3 10
803 10 3 9 6 8 10 5 4 2 2 1 7 9 1 6 8 1 1 9 9 2 6 8 9 6
708 2 7 5 6 2 10 9 8 6 2 6 9 6 3 3 10 2 5 1 4 3 3 7 6 6
776 9 1 6 9 2 7 9 6 4 6 7 3 3 1 6 9 5 2 7 6 6 2 7 9 8
655 2 8 4 8 8 6 4 4 9 1 2 8 4 1 10 2 9 4 1 4 4 10 7 1 1
685 4 3 1 3 5 2 10 10 3 1 5 1 5 6 5 6 6 5 8 2 7 2 6 10 5
773 1 7 10 2 4 6 7 1 7 2 10 2 4 3 4 7 10 9 1 10 5 7 6 9 1
15
774 6 9 4 1 3 10 7 8 9 5 3 10 1 2 1 7 4 10 5 2 4 10 10 7 5
818 7 1 4 8 7 5 8 1 7 10 8 2 5 2 9 7 1 5 3 7 7 8 10 8 2
660 7 4 8 7 2 1 7 3 2 3 1 8 6 1 10 8 1 4 1 1 8 7 6 6 8
892 7 2 9 6 6 10 4 7 7 9 1 9 3 5 8 2 1 6 10 8 8 7 5 8 8
949 10 8 6 2 9 1 7 3 9 8 8 4 1 9 4 9 10 10 6 8 8 8 1 7 6
814 5 2 3 9 4 5 9 3 4 5 9 2 10 9 5 3 7 8 8 4 5 3 5 4 1
751 10 1 3 9 5 6 4 4 6 4 3 3 2 4 2 3 9 5 9 10 3 8 6 2 10
846 5 9 8 9 9 5 3 5 2 3 7 2 9 8 7 10 1 1 10 8 9 9 5 4 3
588 1 10 9 2 4 1 10 3 8 6 7 2 4 2 9 7 1 2 1 8 1 6 3 1 6
789 7 3 1 1 7 4 10 3 7 7 7 6 6 3 1 10 5 8 3 4 3 5 10 7 2
700 3 10 2 1 9 1 7 4 2 3 7 3 1 5 5 6 5 6 7 7 2 6 10 3 6
888 6 1 8 3 4 9 9 6 7 8 2 4 6 10 5 1 8 10 3 4 5 9 5 9 10
871 6 10 6 9 1 6 9 8 1 8 7 8 2 9 2 6 9 3 9 4 10 5 4 1 8
812 4 8 4 10 1 4 9 7 5 10 9 3 3 5 3 3 3 10 3 9 4 8 3 5 3
894 8 4 4 1 6 3 6 10 5 9 6 7 4 9 5 1 9 10 8 6 9 4 4 1 2
15
682 10 3 5 8 5 1 6 10 5 6 1 5 1 10 1 7 5 3 5 1 5 9 4 10 1
785 4 6 3 7 5 4 7 9 10 4 10 7 6 1 8 4 9 4 2 2 4 1 7 3 7
826 8 7 7 9 7 10 7 1 4 5 1 7 3 8 4 8 5 7 3 6 7 5 6 7 2
864 9 9 2 5 1 6 1 4 7 6 6 9 6 5 5 2 10 7 10 2 9 6 3 8 7
876 6 8 8 1 9 7 7 6 4 5 3 9 5 8 7 7 3 4 10 8 7 8 2 3 8
771 8 7 3 5 5 5 6 8 3 8 1 6 6 5 6 10 1 1 6 3 6 6 9 9 6
825 6 2 5 2 3 8 9 8 5 8 2 8 1 3 2 3 9 6 9 10 1 3 8 8 10
718 8 5 1 3 6 9 7 6 3 3 1 8 9 2 3 2 2 8 5 1 3 6 9 7 2
812 1 10 3 5 9 1 10 9 2 9 7 7 2 9 1 7 9 5 7 3 2 7 2 6 8
827 7 3 6 3 2 3 9 6 8 8 8 8 9 9 2 4 9 2 6 3 6 3 6 8 4
807 9 2 6 5 3 2 9 3 8 8 6 2 7 4 1 1 9 3 10 4 7 4 2 5 5
978 7 2 3 3 1 8 10 8 8 9 10 3 6 8 9 4 9 10 9 5 9 9 2 8 7
774 8 5 4 1 7 1 8 7 10 7 1 1 10 10 2 9 5 4 10 1 2 10 3 5 4
865 2 10 2 8 1 9 10 10 5 5 9 10 6 3 4 1 3 1 10 10 9 1 8 8 8
714 6 9 5 6 1 7 1 8 4 4 5 5 4 6 1 10 1 4 8 1 8 2 9 2 9
15
772 3 10 9 7 6 2 4 6 2 8 9 2 4 10 6 9 10 6 5 5 3 5 10 4 2
726 10 10 5 1 5 2 1 1 9 3 8 5 5 7 2 9 4 7 2 6 7 9 7 1 8
835 7 6 2 6 4 5 10 3 7 5 2 10 1 5 7 10 8 6 1 10 10 10 3 6 5
896 9 1 5 5 1 9 7 8 1 8 7 9 10 3 3 7 3 10 6 4 9 1 1 8 2
772 10 9 1 8 6 3 5 6 3 9 4 1 8 4 9 7 9 1 2 5 3 3 8 5 7
768 7 6 7 4 10 4 4 9 7 3 8 2 6 9 1 5 4 3 3 8 6 2 2 7 8
843 2 4 4 4 6 6 7 6 6 10 8 8 10 1 2 2 9 6 3 2 6 10 6 5 9
785 6 5 2 1 8 2 4 1 1 7 9 9 8 2 7 2 4 3 9 1 4 9 4 5 6
680 5 1 5 5 4 7 2 2 4 5 1 1 5 4 7 3 8 9 6 1 5 9 2 3 4
846 10 4 3 7 6 10 2 4 6 6 4 9 3 3 5 5 6 7 9 10 2 5 2 7 7
677 6 5 1 5 8 5 3 4 3 6 9 3 1 2 4 7 6 3 5 7 1 1 6 2 8
819 4 5 9 10 3 3 4 7 4 6 10 4 10 2 6 3 4 7 3 6 9 1 7 2 4
733 1 8 8 8 3 5 9 2 3 6 5 3 6 9 6 7 4 7 8 8 2 1 3 6 1
688 4 10 3 5 2 4 6 2 6 3 7 5 8 8 1 9 2 6 4 2 7 10 4 9 1
686 10 1 3 8 3 6 2 3 9 4 6 2 7 10 1 3 5 1 2 10 1 2 3 8 3
15
750 9 6 4 7 8 6 9 4 4 1 8 1 3 8 6 8 4 3 9 5 4 9 6 2 2
751 10 8 3 9 1 1 10 5 5 7 2 6 3 7 2 9 7 5 8 7 1 8 4 5 7
674 8 9 1 1 4 5 5 2 3 3 4 2 2 9 5 1 9 5 2 4 10 7 8 1 4
662 1 2 3 6 7 4 2 5 8 9 8 2 5 10 3 2 1 1 4 3 2 10 2 9 3
758 8 4 9 8 3 8 6 7 4 3 1 6 4 4 2 10 4 9 5 6 3 7 6 10 4
859 9 1 6 8 6 6 7 6 3 1 10 10 4 6 5 3 4 8 9 7 6 7 10 10 1
801 1 8 10 2 9 9 3 1 10 10 2 7 9 1 6 4 3 7 7 5 3 1 5 8 4
712 3 10 2 7 10 7 6 10 2 3 1 10 8 2 5 7 5 2 2 3 2 4 9 10 5
788 8 6 8 7 4 7 4 7 3 2 6 1 10 2 10 3 4 2 10 8 6 7 10 5 4
788 10 6 6 8 10 1 1 9 5 2 4 5 5 4 5 10 9 4 10 1 1 8 3 3 7
627 6 3 1 1 5 8 4 5 3 2 1 10 3 2 4 4 4 5 2 1 9 6 5 5 5
759 8 9 2 9 5 9 8 9 6 4 1 6 3 8 9 7 9 3 3 5 6 2 2 7 4
827 9 4 10 5 4 4 10 1 1 6 8 10 4 4 4 2 7 7 2 5 6 7 9 9 8
846 10 9 8 1 8 5 8 4 3 8 4 3 7 1 7 7 7 10 5 8 2 10 9 1 4
753 7 7 10 1 6 7 4 9 2 5 5 4 7 6 1 3 6 9 2 10 5 4 7 1 9
15
861 2 7 2 8 10 10 3 8 10 8 3 7 6 5 8 7 1 4 4 4 2 10 9 3 10
753 2 6 8 10 5 4 3 9 5 6 5 8 5 9 4 2 9 10 1 2 1 8 5 9 2
742 2 3 1 9 6 8 2 3 9 1 7 7 5 1 4 4 8 7 3 4 4 1 1 3 6
677 9 2 2 9 1 4 5 6 5 4 5 5 1 1 10 5 5 3 6 10 7 7 8 1 1
740 1 4 8 5 10 2 3 2 1 9 1 4 2 1 5 3 9 3 5 7 9 6 5 5 4
824 10 9 4 2 10 8 2 10 5 4 7 2 8 8 2 1 6 1 9 10 9 8 6 3 7
852 10 2 3 1 9 10 2 7 5 7 8 9 3 1 1 6 8 4 9 7 6 10 3 8 2
771 6 9 7 3 10 1 6 6 5 6 1 9 7 2 10 1 9 2 3 2 5 4 1 10 8
831 4 5 3 1 3 10 9 4 1 9 4 6 5 4 9 6 6 7 10 9 1 1 3 1 7
821 3 9 5 9 2 5 5 8 2 5 8 10 2 5 2 4 7 5 9 5 5 4 10 7 6
890 2 2 5 1 3 3 1 9 8 10 5 7 9 4 1 5 8 8 5 2 7 9 9 9 7
935 2 8 7 10 10 6 8 9 9 1 9 6 6 8 7 2 4 1 10 3 9 3 6 8 10
816 8 1 8 8 3 7 5 6 3 4 3 10 9 2 8 3 10 9 6 8 1 9 2 4 3
796 2 3 1 9 9 2 7 2 10 5 8 7 1 3 10 9 7 9 5 2 6 6 3 4 2
862 9 8 3 6 10 4 9 8 5 5 10 5 7 3 2 7 5 4 2 1 9 5 2 8 8
15
736 9 7 6 9 2 2 4 7 2 3 8 2 9 8 6 2 2 3 4 1 5 10 5 10 9
865 4 1 9 9 8 8 5 9 3 4 7 9 6 10 9 7 5 2 7 3 8 7 2 3 3
763 2 10 4 2 4 10 6 1 8 6 1 5 2 1 7 3 8 8 1 7 10 10 8 7 5
778 9 10 7 5 9 8 6 7 7 7 7 8 3 1 6 2 2 5 7 4 4 2 5 4 8
796 10 10 2 6 8 1 1 8 4 1 4 8 4 10 8 4 1 6 3 10 9 10 2 1 10
883 10 2 2 7 7 10 5 9 7 10 1 10 5 4 7 4 7 6 10 1 6 1 5 1 10
841 7 7 3 1 5 2 8 2 4 3 3 5 7 1 4 7 4 7 10 9 10 10 4 9 9
875 9 9 3 4 5 6 8 4 6 2 10 2 10 6 9 2 9 7 10 7 4 10 5 8 3
835 3 9 5 8 3 8 3 1 7 5 10 8 9 8 10 2 7 6 6 1 5 1 5 7 1
793 4 2 4 5 1 10 7 6 7 9 5 10 3 1 6 5 1 1 8 3 10 3 10 1 5
943 1 3 7 9 8 10 6 3 10 9 6 10 7 7 4 7 4 7 1 5 7 10 7 8 5
942 8 2 3 10 10 5 7 10 3 3 8 5 8 3 6 7 10 10 7 7 6 9 7 1 3
859 2 10 8 10 7 10 2 9 5 2 9 10 1 3 7 3 1 5 5 9 7 4 9 6 7
713 10 2 9 5 3 10 3 4 6 9 9 4 2 8 1 5 5 4 3 6 3 7 1 6 6
683 2 6 1 1 6 3 4 3 2 10 2 1 1 5 8 7 10 9 2 3 8 4 9 1 7
15
677 9 3 7 4 9 2 10 8 3 8 3 3 5 3 1 3 1 2 4 8 2 2 5 1 6
725 10 1 3 2 10 1 2 10 5 1 3 4 8 7 5 4 3 3 7 9 3 7 7 10 4
847 3 1 2 6 6 4 4 2 5 7 1 3 5 5 9 1 10 9 8 9 9 3 10 5 5
878 8 3 10 8 6 7 8 4 8 5 7 2 3 6 9 8 9 8 5 6 4 6 6 6 4
702 1 10 4 7 7 5 7 9 3 1 10 2 8 1 7 3 2 9 1 3 7 6 8 5 2
604 4 9 10 5 7 10 1 3 8 1 5 1 5 5 10 6 1 5 2 1 2 4 6 7 5
884 5 10 3 4 1 1 9 3 8 9 7 7 9 8 8 7 8 2 1 4 4 5 10 8 7
919 10 6 2 6 4 7 2 7 10 2 4 10 3 9 7 5 9 10 9 8 2 7 6 3 7
758 4 4 3 2 3 1 1 7 7 2 3 9 8 5 10 6 6 8 2 1 5 9 5 9 1
788 5 3 3 7 9 5 2 2 9 6 5 2 4 9 10 2 3 3 4 10 5 7 10 4 1
989 10 6 1 10 9 7 10 6 2 10 9 6 9 7 1 2 5 7 9 8 7 1 1 10 3
808 6 4 4 4 2 10 3 4 8 3 5 10 9 5 1 7 8 7 8 1 8 1 8 8 4
802 9 7 9 4 10 2 2 5 6 5 3 8 4 9 6 4 10 1 7 5 5 3 4 10 1
669 4 8 9 1 1 6 9 4 10 4 2 10 5 4 3 5 4 3 1 9 1 10 7 2 7
853 4 2 2 7 9 3 8 9 7 7 1 3 1 9 10 4 10 10 2 4 8 5 9 4 1
15
750 3 7 6 9 3 9 4 9 6 2 5 2 1 8 4 8 9 1 9 7 6 2 8 3 8
853 7 5 6 7 8 5 4 10 1 7 9 1 8 10 1 8 10 6 5 5 7 3 7 7 2
821 9 7 6 6 1 7 3 1 10 9 4 7 8 2 5 2 10 6 4 4 8 3 10 4 2
718 6 5 8 2 1 10 4 4 9 9 4 4 3 7 6 2 4 6 2 2 1 8 9 2 10
881 9 5 9 1 3 6 4 10 4 7 5 9 4 8 1 10 5 5 8 10 10 7 4 5 2
573 5 9 5 5 10 9 8 1 1 2 2 2 7 10 4 2 3 3 4 1 6 1 3 1 5
761 7 7 8 6 4 5 6 1 2 2 8 1 8 2 4 6 4 7 9 6 7 7 8 2 2
886 3 7 8 1 4 7 8 10 6 5 9 5 5 10 7 1 6 7 6 5 2 7 10 8 10
823 2 9 2 9 4 8 2 2 2 9 6 10 10 1 2 1 7 9 3 4 8 10 1 2 9
653 1 1 8 2 2 5 8 6 6 2 6 5 4 3 1 5 9 5 8 4 3 4 3 5 1
828 7 4 8 10 6 7 5 8 1 9 5 1 9 10 5 1 10 5 3 2 4 9 4 9 10
871 9 8 2 7 1 7 1 5 5 5 7 3 10 5 7 2 8 10 1 5 10 2 6 4 9
772 5 1 5 9 2 7 6 1 8 2 10 9 4 3 2 4 3 9 3 5 4 9 1 6 5
645 4 3 10 7 1 1 8 9 5 3 9 6 1 4 6 2 5 4 4 1 5 3 4 7 10
830 7 9 6 1 3 5 2 5 7 9 9 4 9 1 4 4 6 6 8 10 9 7 3 5 3
15
693 3 2 3 6 1 8 7 8 6 7 9 1 3 5 2 6 10 6 6 5 5 2 1 7 1
552 8 10 8 9 1 4 6 2 1 2 6 2 2 10 7 5 3 3 1 7 2 7 3 4 2
856 4 3 2 5 10 3 4 2 3 4 9 7 10 9 4 10 7 3 6 9 5 3 5 8 4
745 10 10 6 5 10 10 2 9 8 5 7 1 5 6 2 8 6 3 3 1 5 4 5 10 4
768 7 6 10 2 6 8 6 3 2 9 8 3 2 8 9 1 5 2 9 2 10 1 5 2 9
888 2 7 2 8 7 5 3 4 2 2 5 5 10 9 7 4 9 6 5 6 7 5 10 8 9
956 10 9 10 8 4 7 3 10 10 9 5 10 9 5 2 5 3 7 8 4 6 5 5 6 6
670 8 7 7 5 2 1 8 2 3 1 9 4 1 9 5 7 9 2 5 2 3 5 2 9 3
746 8 9 3 2 5 10 1 3 2 1 5 9 7 6 2 10 8 5 7 5 3 2 9 4 9
882 2 10 10 9 1 1 8 6 10 10 9 1 9 1 3 9 7 10 8 4 5 6 1 1 8
1028 2 9 7 10 10 5 8 6 6 7 7 10 6 7 10 5 2 8 4 9 8 5 3 9 6
835 3 4 2 7 4 6 2 5 3 7 5 6 10 2 5 4 7 6 5 8 1 9 8 3 10
700 10 7 10 2 1 3 1 9 2 9 1 7 4 5 2 9 5 6 2 6 10 1 6 7 1
771 4 3 4 4 7 8 4 6 3 3 7 1 3 9 1 5 4 10 5 8 3 10 8 4 9
829 8 5 1 3 9 9 5 9 4 5 9 10 1 7 5 9 4 9 4 6 1 8 4 6 5
15
964 5 3 7 7 4 9 7 8 8 10 7 7 8 2 10 1 4 3 8 6 10 3 10 8 6
794 7 3 10 3 8 1 8 1 9 3 8 3 9 4 4 6 1 6 7 3 6 7 8 1 5
888 7 8 6 4 4 9 1 2 4 10 10 5 2 9 7 6 10 7 8 10 3 5 9 2 9
687 1 9 2 10 3 3 1 9 5 4 1 7 5 6 4 2 3 4 3 3 9 4 4 9 4
676 3 2 9 8 1 6 2 7 1 3 10 7 1 1 2 1 7 5 7 3 9 3 9 1 5
796 3 9 9 4 3 4 4 7 10 10 3 9 8 6 2 2 3 9 5 5 2 6 5 10 3
836 5 5 9 8 3 1 6 6 2 8 10 7 3 3 5 5 3 8 9 2 10 10 9 5 3
783 7 5 9 3 8 7 3 3 5 9 4 8 4 5 4 4 7 1 8 8 1 5 6 2 3
772 8 3 9 8 2 10 6 7 4 9 1 3 7 5 7 8 9 3 6 7 5 4 1 1 4
818 2 3 5 5 9 6 3 9 8 6 6 2 2 6 9 6 7 4 10 3 5 10 8 7 2
914 4 1 9 7 5 5 8 9 5 9 4 2 1 3 7 5 7 6 9 8 10 6 2 7 10
844 3 6 7 8 7 2 3 6 7 1 9 9 6 10 10 3 1 10 9 9 7 7 4 1 1
699 5 5 1 9 5 7 7 8 5 5 1 2 4 1 3 4 2 9 2 5 7 8 7 2 8
803 10 8 3 8 4 6 7 3 7 1 5 6 8 8 1 7 9 9 1 6 5 1 1 10 5
686 6 10 5 8 8 9 5 3 6 3 5 10 2 4 10 5 3 7 2 3 1 1 9 3 2
15
783 5 7 1 7 3 10 4 4 1 7 4 8 10 4 8 3 4 3 9 1 5 3 1 9 10
933 4 8 4 10 1 9 5 2 10 8 7 8 4 9 6 8 4 9 3 9 10 5 1 4 6
677 10 7 6 3 4 1 7 1 2 1 2 2 5 9 8 10 7 3 10 7 2 8 10 1 3
773 9 4 4 10 3 5 7 5 6 1 4 7 5 7 6 8 8 1 4 5 4 10 6 10 4
695 8 10 4 8 10 9 8 4 3 7 2 1 8 1 8 4 3 1 2 9 1 9 8 4 2
822 5 7 5 4 5 8 3 8 2 10 4 4 9 6 7 1 2 8 3 6 9 2 9 8 3
942 4 7 9 3 3 8 10 2 8 6 7 7 6 4 8 4 6 3 8 10 10 6 5 7 5
687 5 1 8 2 3 9 6 9 2 5 10 2 4 10 4 3 1 7 1 8 4 3 8 6 9
908 10 9 6 8 7 1 5 9 7 1 7 7 8 10 8 6 4 8 5 5 7 3 4 8 2
642 3 9 1 7 9 10 5 1 6 2 4 1 4 2 3 4 5 7 1 3 4 10 6 8 6
842 2 3 8 5 4 7 1 9 5 9 3 3 4 4 7 8 5 10 6 10 3 1 8 9 8
803 3 5 7 2 1 7 5 2 6 8 7 6 7 2 8 1 4 3 10 9 10 8 7 6 4
793 4 7 7 5 9 1 8 7 8 1 10 9 4 7 4 10 6 9 2 2 1 3 6 6 5
653 1 4 5 5 3 5 2 1 7 9 3 7 2 3 3 10 8 6 2 5 1 3 9 5 4
905 1 3 1 4 10 7 8 7 6 5 1 5 1 8 8 7 9 10 10 10 1 8 6 7 6
15
835 2 5 5 8 9 5 3 5 8 8 9 10 3 2 1 10 2 2 10 9 1 4 8 9 4
948 8 1 3 5 7 4 10 1 8 5 7 5 10 5 7 2 4 9 8 3 9 6 10 7 10
763 8 5 6 2 7 9 7 9 6 2 4 7 2 2 6 10 10 2 1 3 3 2 3 8 10
815 9 1 4 8 4 3 9 2 9 5 6 10 1 9 4 6 3 2 8 6 1 5 8 5 10
811 10 8 2 4 3 10 1 2 10 5 9 2 8 10 8 2 9 2 10 3 2 4 5 6 3
806 4 9 4 3 2 3 10 5 7 9 8 3 1 3 5 1 6 6 9 9 2 9 7 2 10
645 4 5 5 1 10 2 3 7 10 6 4 6 1 4 8 3 2 3 4 3 7 3 6 4 3
796 8 10 8 3 7 4 10 5 7 9 5 3 7 2 2 3 1 9 3 9 3 5 10 8 7
929 2 6 10 1 9 4 3 6 5 3 5 9 9 6 6 7 8 5 9 7 10 2 3 7 10
845 9 9 6 5 5 7 9 4 9 9 7 6 6 5 3 4 3 4 5 5 8 5 8 7 7
763 10 2 9 5 4 5 2 10 4 1 1 10 9 1 6 10 5 6 7 4 4 5 1 4 3
763 3 3 8 8 5 8 9 9 9 3 1 1 8 3 1 2 3 9 1 9 6 8 4 2 9
782 9 8 7 3 1 8 9 2 1 2 10 7 3 7 5 8 7 9 4 5 8 10 4 6 6
695 3 6 1 2 1 5 4 4 6 4 2 8 5 4 3 2 6 5 4 8 10 8 1 5 5
772 6 2 9 10 5 9 10 2 6 6 8 7 6 2 4 2 2 8 1 2 3 10 3 2 6
