100 15
500 500 500 500 500 500 500 500 500 500 500 500 500 500 500
10
640 9 4 9 9 7 5 3 6 2 4 4 9 4 8 9
454 5 5 6 5 2 2 9 5 7 7 7 3 1 2 2
502 8 9 6 9 3 3 3 1 4 1 3 4 6 7 4
488 4 4 6 4 3 8 4 6 6 8 4 3 2 5 7
523 8 6 2 6 1 9 5 4 3 8 7 3 9 5 2
521 7 6 2 8 9 7 2 5 1 1 3 9 3 1 3
523 6 2 1 5 6 6 8 2 8 2 1 8 5 1 8
590 8 4 9 4 3 6 5 2 7 6 8 4 9 1 9
517 7 9 2 3 7 4 2 6 3 2 2 6 6 7 8
555 4 7 6 9 7 6 5 9 1 7 1 9 4 4 4
10
586 7 8 8 4 6 7 6 3 2 2 5 7 9 8 5
459 8 9 1 1 5 1 4 6 2 9 1 8 4 5 9
524 9 6 6 1 4 5 1 4 5 2 4 9 5 4 5
421 1 7 6 1 1 9 3 4 8 5 1 1 5 6 3
476 1 7 3 6 5 2 8 6 8 1 3 6 8 9 1
466 7 6 2 4 2 5 7 4 2 5 4 9 3 9 2
570 1 5 8 5 2 9 7 7 1 7 7 7 4 4 7
531 5 9 9 2 4 7 7 8 9 1 3 2 1 2 2
437 3 8 1 1 2 8 9 4 7 3 7 2 5 8 1
450 2 8 5 4 5 2 6 3 6 4 2 3 3 7 7
10
501 7 1 4 8 6 2 9 1 1 9 5 8 8 7 5
366 1 1 7 1 3 4 6 5 5 2 7 1 4 3 6
515 1 8 2 8 8 3 9 8 6 4 2 3 2 4 8
439 3 1 7 7 4 1 7 7 9 4 2 3 1 5 4
618 8 6 7 1 8 8 9 5 9 3 2 6 7 2 8
540 5 7 5 6 2 8 4 9 5 2 5 6 1 8 3
557 7 3 9 7 3 8 3 9 7 3 3 4 8 3 1
538 4 2 3 2 8 3 6 9 9 2 9 8 6 9 3
493 8 5 3 5 4 4 7 5 3 3 7 8 2 6 1
459 3 3 3 4 3 8 7 1 6 6 7 5 8 1 5
10
470 5 1 7 2 1 7 3 4 4 7 8 7 9 1 5
577 7 8 3 8 1 6 7 9 8 7 4 1 2 2 8
466 1 5 1 5 6 3 3 3 7 4 5 5 8 2 9
485 2 1 9 5 3 2 9 4 4 8 6 9 3 3 3
483 2 6 3 8 6 6 3 4 2 4 3 5 1 8 7
489 6 7 1 3 9 5 1 6 3 6 6 6 7 4 2
585 5 6 6 4 1 9 9 9 7 8 5 5 9 3 4
541 7 3 9 5 7 9 4 1 3 7 2 8 3 9 3
524 2 3 4 6 5 8 4 4 1 8 5 9 9 9 8
453 5 1 4 4 5 4 2 5 2 1 9 4 8 3 6
10
502 7 7 2 1 2 1 8 7 5 7 7 7 4 5 9
488 6 4 2 4 3 8 1 6 1 4 3 9 8 4 8
509 3 5 8 5 1 7 3 4 2 5 6 8 7 6 7
590 9 2 5 6 9 4 9 7 9 1 7 5 3 8 3
626 3 9 9 9 1 9 3 2 9 8 9 6 8 2 3
431 5 2 9 1 3 4 6 7 5 1 5 1 7 2 3
406 5 3 1 6 4 2 3 8 1 3 6 1 9 2 7
475 7 6 1 1 7 8 8 4 2 2 1 7 7 1 3
463 2 7 8 7 5 1 5 2 4 3 4 1 8 5 7
449 3 2 1 2 4 5 6 6 9 3 3 3 5 9 6
10
562 1 6 4 9 4 3 7 5 9 4 9 7 7 4 3
551 3 7 9 1 9 4 9 8 5 2 1 3 9 8 9
644 5 8 6 9 4 8 2 7 9 3 5 7 5 8 8
486 6 6 5 4 5 6 4 6 7 6 6 1 3 7 2
511 1 6 4 7 9 8 1 9 9 4 1 2 7 2 4
424 5 2 1 7 2 4 4 7 3 5 3 2 7 1 8
464 1 9 2 9 2 5 4 6 9 7 1 5 2 4 1
400 9 1 4 1 9 2 4 4 6 3 2 1 5 8 1
505 9 1 2 8 2 9 9 5 3 9 5 3 7 1 1
540 9 3 4 4 9 5 7 2 8 2 5 3 4 6 6
10
604 6 8 8 5 3 4 7 7 9 4 8 6 1 8 1
557 7 6 6 9 8 3 4 6 9 1 8 3 5 7 1
413 1 1 3 2 1 2 6 9 6 4 4 4 8 8 9
531 6 1 4 6 8 5 1 7 3 1 8 6 7 9 4
493 7 4 8 2 2 5 3 3 8 8 2 7 9 7 2
493 2 2 1 9 5 7 1 4 9 5 6 6 9 2 2
524 6 7 7 3 5 8 8 8 1 8 6 1 2 3 7
485 9 5 6 3 7 5 2 7 1 7 5 2 6 5 5
452 4 1 4 6 3 9 1 3 8 5 7 5 2 1 6
554 7 4 1 4 5 8 2 4 3 5 9 9 7 4 7
10
418 1 9 2 1 9 7 3 4 2 3 7 2 3 3 6
464 2 7 2 5 1 3 9 4 6 2 8 4 4 2 9
501 5 4 5 8 3 8 2 2 3 6 9 7 1 2 5
367 3 4 3 6 2 8 6 1 4 3 5 1 1 1 2
525 9 9 2 6 6 3 2 6 1 6 9 9 3 7 2
470 7 5 1 3 6 9 6 2 5 4 3 5 8 3 3
573 4 7 8 3 5 3 5 9 8 4 8 6 5 3 4
533 3 7 6 2 7 6 6 9 4 8 5 7 4 5 4
530 3 8 4 2 3 6 5 7 5 2 9 5 8 8 7
387 4 3 3 1 1 3 4 6 1 8 3 5 5 8 8
10
465 7 7 3 5 4 2 8 9 2 3 5 2 6 7 3
445 6 3 2 9 3 7 4 2 3 9 6 3 2 1 3
520 5 5 4 3 7 9 8 2 6 7 7 4 7 9 1
495 8 8 5 4 4 2 4 7 4 8 9 2 3 1 4
592 2 5 8 2 9 8 7 7 9 5 7 7 7 1 5
623 2 7 6 5 5 8 4 9 5 5 4 9 9 8 8
466 1 5 2 6 4 7 7 2 7 8 5 5 3 3 8
561 6 9 3 8 6 7 1 2 8 7 7 4 5 2 8
563 9 7 2 7 7 3 3 9 8 4 4 3 9 2 8
506 9 3 1 8 5 6 9 1 5 2 9 2 2 9 3
10
452 1 3 4 6 9 5 1 5 4 8 6 5 6 8 3
417 1 3 8 3 2 1 4 8 8 4 1 8 4 6 2
406 4 1 4 4 2 4 9 3 1 3 1 9 9 2 3
483 8 3 1 4 9 4 9 2 7 9 4 4 1 1 4
559 2 9 7 1 1 4 8 9 6 7 8 6 7 6 3
562 7 7 6 6 3 1 8 3 7 2 4 9 9 1 7
552 4 2 8 8 2 8 3 9 3 5 5 6 7 8 6
535 7 2 4 6 1 7 9 2 7 5 7 6 5 3 5
477 4 5 3 6 9 1 9 5 8 4 2 1 4 8 4
501 3 9 4 3 7 9 3 7 3 3 3 1 5 1 9
10
538 2 6 8 3 4 8 7 9 3 1 4 5 4 5 9
543 1 8 7 9 7 7 9 5 7 9 4 2 4 6 3
574 9 7 8 3 2 4 7 9 5 7 2 7 6 4 3
472 4 1 6 6 6 2 2 5 3 8 4 9 3 2 6
418 8 1 4 2 3 4 3 6 4 2 1 8 1 7 4
548 1 8 2 7 7 9 9 7 4 7 3 3 6 4 8
354 5 1 2 4 3 1 5 6 2 5 4 3 4 4 5
537 8 6 9 8 3 2 2 2 7 3 6 9 2 2 4
570 8 6 1 5 9 8 7 1 6 4 9 4 6 5 3
549 3 6 8 1 7 5 7 4 2 4 8 9 5 5 6
10
464 8 2 8 2 2 1 7 9 5 1 8 3 9 1 3
512 6 5 8 5 5 6 2 2 5 4 1 5 4 3 9
527 2 7 6 9 2 6 6 5 4 9 4 5 1 4 7
450 5 6 5 5 4 2 1 7 7 3 3 7 6 6 1
500 1 5 8 7 3 2 2 5 9 6 5 9 9 2 2
551 9 4 7 4 9 5 2 8 2 2 1 8 4 1 9
468 2 3 7 9 4 8 8 2 3 1 4 1 4 9 1
513 2 1 8 4 3 4 5 3 6 4 3 9 8 4 9
540 2 8 9 1 7 6 5 4 3 7 9 3 9 6 4
495 3 1 5 2 6 4 7 9 1 3 8 7 9 6 4
10
456 1 8 4 8 4 1 2 9 6 2 7 1 9 1 6
410 3 1 2 8 5 5 7 1 6 7 8 2 3 2 5
513 2 1 8 6 3 7 3 2 9 7 3 9 9 8 2
598 6 8 9 7 1 7 8 7 3 7 4 8 4 4 3
439 3 3 4 2 5 6 3 3 5 5 6 2 9 9 5
636 2 6 7 8 7 9 2 6 8 5 2 9 6 9 7
490 9 8 7 3 1 1 6 6 5 1 1 5 4 1 5
558 5 6 6 3 8 5 8 1 4 9 7 9 8 6 2
468 8 4 9 7 9 1 6 1 1 8 5 3 9 2 2
598 7 7 8 4 1 8 5 7 5 3 4 9 7 8 3
10
467 5 3 2 4 3 2 4 3 9 1 7 2 8 9 8
518 3 5 7 9 7 1 7 3 3 9 1 5 6 4 9
502 5 4 2 7 1 2 7 7 3 6 5 9 1 2 8
477 2 6 6 6 7 1 3 9 5 3 8 4 4 4 1
603 5 9 8 3 3 8 9 1 6 9 9 6 2 9 5
559 7 4 9 3 4 3 9 1 8 8 9 5 8 1 6
409 3 3 2 7 5 4 9 6 5 4 1 3 1 5 5
440 2 7 7 9 5 7 1 2 1 2 3 1 8 2 2
548 8 2 8 9 1 2 7 8 8 3 1 3 6 9 8
404 4 4 8 2 1 5 7 4 1 1 2 8 4 3 3
10
543 8 6 8 3 3 7 6 5 9 4 1 1 5 9 3
530 1 5 5 4 9 8 4 9 7 2 8 3 8 1 3
634 4 8 6 6 9 3 7 7 8 8 4 8 6 6 9
492 5 1 9 9 1 9 1 3 3 4 9 2 7 4 6
434 3 3 2 2 2 2 9 5 3 3 1 9 7 2 8
571 4 6 6 7 9 2 8 2 4 2 9 9 5 7 5
433 2 4 7 2 2 6 9 7 2 4 9 2 4 2 3
367 1 2 2 7 8 1 7 3 1 3 4 4 7 5 4
485 8 9 5 1 6 1 2 5 9 4 3 2 4 8 6
566 2 7 5 7 9 4 3 6 8 3 9 8 3 5 2
10
596 8 8 3 2 7 4 4 4 8 9 9 3 9 9 9
599 4 7 9 1 7 5 5 5 7 5 9 5 8 1 8
468 1 5 8 4 5 3 6 5 4 9 1 4 3 9 7
645 7 7 5 7 9 9 5 8 8 7 7 3 1 1 8
438 4 3 2 3 6 1 8 4 3 7 9 2 2 7 9
469 6 7 8 2 3 2 1 6 6 9 2 4 6 6 3
549 3 7 6 8 5 8 4 9 7 5 3 1 7 1 4
519 8 1 2 9 7 5 7 3 6 8 3 3 6 4 8
586 4 9 5 7 8 8 8 1 7 9 2 1 8 8 6
360 3 1 3 1 5 9 2 1 4 6 9 1 9 4 2
10
552 9 7 4 3 3 9 8 3 7 8 2 7 7 1 2
379 1 6 2 3 4 1 3 5 2 6 3 6 9 9 1
431 4 5 5 3 2 2 8 7 7 5 3 2 4 5 4
502 3 1 1 9 5 2 8 7 6 1 1 9 9 8 2
479 6 7 6 2 2 5 4 4 4 4 7 6 1 1 5
452 4 4 3 5 6 2 9 1 3 1 1 6 7 5 8
508 7 3 2 3 7 8 6 7 8 2 1 3 7 1 8
544 8 3 6 9 6 2 1 9 5 4 5 8 5 3 4
510 3 4 6 1 8 7 2 6 6 1 4 7 5 8 4
509 2 2 7 5 5 4 7 5 4 9 4 9 7 8 4
10
473 2 6 5 1 5 6 8 4 2 7 9 5 4 6 4
597 8 9 8 4 9 5 4 8 5 1 5 3 7 8 5
531 5 1 7 9 2 6 7 6 4 6 1 6 4 7 7
547 4 4 1 9 8 8 7 4 2 2 5 7 5 9 6
442 5 1 4 7 2 8 7 3 1 1 7 3 4 2 2
500 4 2 2 3 6 6 7 4 5 9 6 8 9 5 3
559 4 9 7 9 7 6 4 3 3 1 3 9 2 8 5
475 4 4 2 4 1 3 9 5 8 8 3 8 5 5 4
474 6 8 5 1 6 8 2 2 3 9 6 4 8 1 6
353 1 3 3 6 3 4 6 4 2 5 5 1 6 1 3
10
527 4 7 2 1 6 8 9 3 4 1 3 7 2 7 9
553 9 6 6 6 9 3 9 2 9 2 1 5 7 5 3
434 8 1 5 7 6 1 2 7 3 4 6 6 2 1 1
495 3 1 7 2 8 5 1 6 7 6 5 4 9 9 9
493 1 7 4 5 1 6 6 5 6 4 1 5 4 9 9
501 7 3 9 9 3 1 6 6 1 9 3 6 7 1 6
448 6 3 5 7 5 2 5 3 1 4 9 3 9 4 5
475 1 9 5 6 2 5 7 5 3 6 8 4 9 1 2
419 8 5 6 9 6 3 4 1 6 1 1 1 3 4 1
412 1 5 2 5 3 8 2 4 9 7 3 4 3 4 4
10
467 6 4 8 2 3 9 7 5 4 8 1 2 3 8 3
434 1 5 9 7 1 1 3 5 9 6 6 3 2 1 2
453 2 6 3 2 7 6 8 1 3 7 6 4 3 8 5
430 4 2 1 5 6 4 2 2 3 2 5 7 9 1 9
608 6 8 9 8 9 7 7 9 1 7 2 2 3 1 6
547 9 8 2 9 1 8 6 1 6 5 6 3 5 8 5
618 7 6 9 6 7 5 7 4 2 2 2 7 8 8 8
500 7 2 2 1 6 8 8 6 4 4 6 7 5 8 1
529 4 1 7 6 8 9 5 4 1 1 5 3 9 3 9
587 4 9 9 6 4 3 8 6 9 4 7 2 5 6 3
10
635 9 7 8 6 3 2 9 6 4 1 2 9 7 2 9
466 7 4 3 4 1 1 6 3 9 5 9 5 4 6 1
579 6 7 5 9 6 4 7 6 4 3 5 7 4 7 3
499 4 4 8 9 3 3 3 6 1 8 5 5 6 7 8
594 9 9 9 6 2 9 6 5 4 2 5 2 7 1 6
554 3 7 9 5 8 1 5 5 9 5 6 3 9 3 6
526 1 8 4 2 6 3 9 9 7 5 4 6 7 8 5
548 4 3 8 6 7 8 9 8 5 7 1 4 2 7 2
506 5 4 5 1 2 7 8 3 1 5 9 6 9 3 9
506 8 3 4 1 7 7 8 7 3 2 5 6 5 5 1
10
418 8 6 2 2 6 1 3 3 2 3 1 4 7 7 6
558 7 3 7 6 4 5 7 8 8 9 6 2 5 6 3
455 7 8 4 3 4 6 4 3 4 8 1 1 4 2 7
559 7 1 5 3 7 9 5 1 9 7 4 9 6 6 5
551 5 1 7 8 5 4 8 9 2 4 6 6 6 4 4
509 6 6 2 9 1 9 2 1 6 8 1 8 9 8 2
473 9 7 9 4 5 2 3 6 2 4 4 3 2 7 3
394 2 4 5 1 8 1 1 2 9 1 4 4 3 3 8
365 7 2 2 6 4 4 5 2 4 4 2 2 6 3 2
462 3 6 6 1 9 2 6 4 8 4 4 7 4 1 1
10
499 4 4 3 2 6 8 4 1 9 5 1 9 7 4 6
464 4 1 6 1 5 1 8 7 2 4 7 6 9 4 7
509 8 7 3 5 5 5 2 5 3 8 6 2 5 6 6
541 8 5 2 4 7 8 1 7 3 3 2 6 8 7 6
541 6 8 3 8 3 1 4 1 7 8 2 9 9 1 9
528 7 9 4 2 8 5 4 2 4 2 7 8 7 7 1
350 1 6 2 1 9 6 1 3 3 8 2 4 6 2 1
467 9 9 1 2 2 3 8 3 1 6 9 2 5 6 5
423 7 2 5 7 1 5 5 4 2 2 3 3 3 5 5
471 7 9 8 1 8 2 5 2 6 8 4 5 1 1 1
10
493 4 7 1 5 9 6 2 8 7 3 1 5 3 9 5
497 3 3 4 3 4 5 2 3 6 9 8 9 3 7 8
551 4 8 3 5 4 7 1 6 4 7 4 7 3 9 8
610 6 8 8 2 6 6 4 8 3 3 7 9 7 8 7
421 3 1 2 7 2 1 2 6 7 2 7 6 6 5 4
480 7 1 3 1 6 6 6 4 2 9 8 6 7 7 3
423 3 2 1 2 9 9 3 5 6 6 2 7 1 2 1
498 2 3 9 7 7 6 4 3 7 3 1 4 7 4 2
631 7 5 9 6 5 8 6 7 8 7 1 4 7 6 9
565 5 8 6 5 7 8 4 1 6 9 2 8 1 8 7
10
450 3 5 5 3 5 5 1 5 9 1 2 9 2 1 4
603 5 7 2 7 8 2 5 8 5 7 9 9 9 6 3
492 2 7 1 7 4 8 9 1 5 4 3 7 2 6 3
538 6 8 8 5 9 5 5 8 5 8 3 4 4 6 1
595 8 8 6 7 5 9 4 6 7 8 4 5 1 5 1
536 1 7 3 5 3 9 2 6 9 7 9 2 7 9 3
485 1 6 6 5 5 4 8 1 7 9 8 2 7 2 5
609 9 3 6 7 5 4 5 7 9 2 9 6 8 3 4
570 7 9 4 3 5 6 9 9 7 1 3 3 9 7 4
472 4 7 3 6 5 4 3 8 9 4 9 1 6 2 2
10
502 6 8 6 7 8 5 4 6 5 7 3 4 3 4 1
489 1 4 1 8 2 9 4 2 2 7 6 9 2 9 7
597 7 7 5 2 9 4 6 1 5 9 9 8 6 8 9
480 9 4 5 1 8 1 5 3 1 1 7 5 9 9 6
505 4 6 7 7 3 7 4 2 2 3 7 6 4 7 4
553 4 5 9 3 3 8 1 7 1 7 4 9 4 2 8
631 7 7 7 9 2 9 9 7 8 3 4 1 9 8 2
365 5 2 5 3 4 1 1 2 3 3 4 3 9 8 6
444 3 3 2 5 5 3 7 7 6 8 1 4 5 5 8
522 2 7 7 4 5 9 8 5 8 7 4 1 7 9 2
10
491 5 6 2 8 4 8 1 5 1 2 8 6 8 6 2
462 4 3 5 1 4 4 6 2 1 5 9 8 8 2 8
581 7 8 7 6 6 7 3 2 9 5 2 3 6 8 5
467 1 2 5 8 7 3 5 1 9 3 1 7 6 3 6
384 2 7 7 1 3 1 8 6 2 1 1 5 1 5 4
430 3 2 6 6 4 4 9 4 2 7 1 7 3 8 1
471 6 5 1 5 3 4 4 9 4 8 2 5 5 7 4
497 2 9 1 8 3 1 5 3 5 3 9 8 2 1 8
523 4 3 4 9 1 4 6 2 4 5 2 9 8 6 9
493 6 6 2 5 4 3 6 2 2 5 5 7 7 8 8
10
418 4 2 5 3 3 6 1 9 1 1 1 6 4 5 4
480 2 1 6 8 9 3 3 7 3 6 4 7 6 7 2
618 8 9 6 3 6 9 1 8 3 2 6 9 1 7 9
450 8 3 3 5 1 5 8 1 5 9 4 8 3 1 4
475 9 5 9 3 1 5 4 4 7 2 1 3 6 2 2
389 1 1 7 1 8 6 8 3 1 5 5 1 4 5 5
617 8 9 3 9 9 7 6 9 5 5 1 5 4 7 5
429 4 3 3 6 3 9 1 2 3 2 6 3 5 4 3
458 6 1 7 9 6 1 2 3 2 7 6 8 8 5 2
473 8 4 5 1 2 5 2 8 7 9 1 3 3 6 6
10
473 9 9 1 4 6 6 3 7 2 5 1 3 2 4 6
497 1 1 7 4 8 6 2 2 9 3 8 7 1 6 5
616 8 1 9 4 4 3 9 5 9 7 7 5 8 4 7
536 2 9 5 6 3 7 7 4 9 1 5 4 3 6 4
427 6 7 8 1 7 2 1 9 6 8 2 1 7 1 1
526 7 4 2 3 7 8 8 9 1 4 9 3 6 2 5
472 3 9 2 7 6 2 8 3 7 9 4 3 2 8 3
350 4 7 1 1 2 1 3 9 5 4 3 2 8 3 4
432 3 8 3 2 5 1 7 3 1 5 9 4 2 5 8
512 3 8 4 5 6 9 4 4 6 6 1 7 8 6 1
10
451 7 7 2 1 8 4 6 9 6 4 1 3 9 2 1
459 6 6 1 6 8 6 5 2 2 1 1 4 9 5 7
637 8 4 9 9 7 7 8 3 7 2 2 4 3 9 9
497 9 5 9 2 7 1 1 3 3 3 9 6 1 1 7
477 3 3 8 1 7 8 3 2 6 2 8 1 3 3 7
584 8 9 7 5 8 7 3 9 5 8 5 1 2 2 4
528 8 1 2 9 9 3 7 4 8 4 2 4 6 9 6
487 4 1 3 3 8 2 5 3 9 1 8 9 6 8 1
572 8 3 5 5 5 9 6 3 5 2 7 6 4 1 8
374 2 2 2 4 3 8 1 4 1 1 7 4 2 7 5
10
504 2 6 7 7 9 2 6 6 8 6 1 5 8 4 2
515 5 3 3 2 9 9 9 1 7 1 2 8 2 2 7
509 4 4 5 2 8 7 4 9 8 9 5 1 4 3 4
571 7 8 8 9 5 5 8 4 1 4 4 5 7 5 3
527 6 6 7 2 8 9 5 4 7 1 5 5 3 7 1
429 4 2 3 1 3 3 1 5 8 5 7 5 8 9 6
470 6 4 3 2 6 2 6 3 7 8 4 7 1 9 4
542 9 2 2 2 8 8 4 7 5 1 9 3 8 2 5
509 4 6 4 3 7 5 8 4 8 2 1 6 9 1 6
622 9 7 9 8 1 6 6 6 7 3 1 5 8 8 7
10
462 3 7 7 1 6 3 5 5 7 4 6 1 5 5 7
525 5 8 9 5 9 2 2 7 2 3 7 5 4 6 4
517 4 9 3 4 2 7 8 5 7 1 5 5 2 2 9
477 5 3 8 6 6 4 1 1 1 8 3 8 1 9 9
484 1 4 4 6 6 6 1 5 7 7 5 4 7 4 6
462 3 4 3 2 9 4 4 8 6 3 3 9 4 5 3
438 5 1 4 4 7 7 2 2 5 3 4 3 8 8 3
540 2 5 3 7 6 6 8 7 7 3 4 5 1 8 5
465 2 3 9 1 7 2 7 3 6 1 3 9 5 1 5
383 4 2 3 3 1 2 3 3 7 2 6 2 7 4 5
10
497 4 9 4 8 1 6 1 3 2 8 5 6 7 4 9
487 9 1 3 6 5 6 4 8 6 3 6 3 4 9 1
523 5 7 5 7 4 6 2 4 4 3 8 7 4 1 3
521 9 7 2 9 4 1 1 4 7 2 7 6 9 3 1
430 6 4 4 6 1 5 2 3 4 7 1 4 5 7 5
533 2 5 4 7 8 6 7 5 1 6 4 5 9 8 5
528 9 2 3 6 1 5 2 7 2 9 6 7 1 9 9
531 8 4 4 7 7 4 4 9 4 3 5 1 3 3 7
511 9 4 2 4 8 5 3 7 8 1 1 7 5 2 1
529 6 8 6 3 6 3 6 2 9 9 7 6 3 2 1
10
442 7 4 6 1 1 4 8 1 6 1 2 1 5 8 8
469 4 1 8 3 7 6 7 3 6 8 2 1 8 2 7
545 5 3 3 7 8 7 2 4 5 6 9 8 8 5 2
630 3 9 4 6 5 9 5 4 1 8 8 9 7 9 8
525 6 8 6 5 1 7 1 6 2 3 5 4 7 8 9
523 5 1 7 9 7 5 2 1 1 5 6 8 7 4 5
504 3 9 6 8 9 1 9 6 5 4 1 1 8 9 4
434 1 5 5 2 5 7 4 5 1 1 4 6 3 2 7
556 4 7 3 3 7 5 9 9 5 3 5 4 6 5 9
420 4 2 1 5 4 1 8 9 5 6 2 6 4 5 4
10
547 6 9 7 6 4 6 3 3 5 8 9 1 6 2 9
476 1 5 7 1 7 4 6 1 6 9 8 4 8 4 7
478 9 4 5 4 2 5 6 8 1 9 8 1 1 5 2
505 4 9 9 3 2 5 6 2 1 4 4 6 7 3 5
595 5 6 8 3 6 9 6 2 8 2 9 6 4 4 6
609 9 9 8 6 7 5 3 2 2 2 5 8 9 9 3
474 7 6 3 8 4 8 1 6 2 1 6 2 5 9 2
452 8 9 1 5 3 3 6 8 3 8 4 3 5 3 2
581 7 9 7 7 4 3 2 4 6 1 7 6 5 9 5
431 1 4 5 4 3 3 7 3 8 3 8 4 8 5 3
10
513 1 3 2 3 5 8 9 4 9 5 8 5 1 5 5
388 4 4 2 3 5 2 2 4 3 3 5 6 3 6 4
598 9 5 4 7 5 2 5 7 7 3 9 6 5 9 5
526 6 2 2 2 2 1 8 8 7 2 8 9 3 7 8
479 4 4 4 5 8 2 8 3 5 3 6 2 4 4 9
454 7 3 9 7 9 2 6 1 5 7 3 1 4 1 4
430 1 2 2 3 8 1 3 7 5 1 5 6 3 7 8
524 1 2 9 3 4 9 9 1 8 3 5 1 8 3 8
557 2 7 6 1 2 5 7 9 7 4 9 7 6 1 6
464 4 8 3 6 4 8 3 2 2 6 3 2 9 8 3
10
438 7 3 7 5 3 8 6 2 1 9 2 2 5 2 6
539 7 4 4 2 2 7 9 3 7 3 4 5 7 6 6
490 5 9 1 1 8 1 5 7 6 2 3 3 9 8 8
539 1 3 9 5 5 9 9 5 5 8 1 6 8 7 3
562 4 6 8 9 5 4 4 2 7 2 9 3 1 5 8
489 6 1 9 1 8 3 1 7 9 2 1 5 3 5 8
504 6 8 7 2 8 4 2 1 1 5 6 9 7 3 3
553 3 8 5 3 9 9 5 6 3 8 2 4 8 7 9
496 5 8 1 6 2 7 3 5 3 7 2 7 3 1 9
560 8 7 7 7 5 9 3 2 4 3 2 7 6 3 2
10
508 5 1 4 4 2 7 9 9 4 5 7 1 6 7 7
430 2 6 1 5 6 4 1 7 6 8 2 4 9 6 3
595 6 6 3 4 3 9 8 7 7 6 7 4 9 2 4
506 2 3 4 1 3 8 9 8 8 9 9 3 8 1 5
460 3 9 2 2 2 1 7 8 9 2 5 6 2 6 1
443 7 8 5 5 4 7 5 5 3 4 2 1 3 3 3
438 3 5 1 1 4 3 2 7 9 9 4 5 2 2 8
570 8 8 1 9 1 7 6 4 1 5 8 5 4 7 9
488 7 8 3 8 6 3 7 3 5 6 1 1 8 4 2
562 8 1 8 9 9 2 4 7 8 8 7 5 3 6 2
10
486 6 4 5 3 5 2 1 7 7 9 9 2 6 6 4
504 5 2 8 2 2 3 6 2 7 2 3 8 2 9 9
474 3 6 4 6 7 5 6 2 2 1 4 2 3 9 7
569 4 1 5 9 8 1 6 9 4 9 1 9 7 3 9
572 1 7 5 9 7 6 7 4 4 9 1 5 7 9 8
350 1 1 7 1 1 7 5 5 3 5 2 2 8 8 2
577 5 7 5 5 1 8 9 5 7 1 7 7 4 5 2
456 6 3 5 1 2 8 8 6 4 3 5 4 6 8 1
426 3 5 7 1 7 5 2 5 9 3 5 1 2 5 4
486 2 2 3 4 8 8 4 5 5 8 4 4 7 6 7
10
442 7 1 6 8 5 2 7 7 3 6 3 3 1 5 1
460 1 2 2 1 5 6 7 5 6 1 5 4 6 4 9
578 9 5 8 6 8 1 5 4 7 2 1 9 6 6 3
440 6 5 3 1 2 6 7 6 3 6 5 2 8 3 2
580 9 3 8 6 5 1 7 4 7 4 6 7 5 1 7
438 8 2 4 4 4 2 3 1 9 7 1 2 6 7 8
357 3 2 1 4 2 4 1 9 4 9 7 2 1 6 1
441 2 1 1 6 8 2 4 8 1 2 7 6 6 6 5
369 7 9 6 1 1 1 7 1 1 4 1 1 5 4 5
520 5 5 3 5 4 1 1 8 3 9 9 8 8 9 5
10
589 5 5 9 9 5 8 4 6 8 3 9 2 4 7 4
418 9 1 4 7 4 2 7 9 1 5 3 2 1 2 2
486 6 2 6 2 8 3 9 6 2 7 1 7 5 4 7
598 9 6 7 8 4 5 3 3 9 9 9 1 6 4 5
509 2 5 8 7 9 1 1 8 4 4 9 2 9 8 3
698 3 6 9 6 8 8 8 9 9 9 7 5 1 3 9
543 3 9 8 9 8 5 2 5 2 4 2 4 9 9 5
460 7 8 1 1 3 2 7 5 4 7 4 9 4 1 5
415 1 9 6 9 1 3 1 7 1 1 5 1 3 2 6
365 1 3 6 2 7 2 4 7 1 2 2 4 5 7 5
10
398 4 1 3 9 3 5 7 6 3 3 2 3 1 4 4
542 4 8 7 8 8 7 3 3 2 2 8 3 3 7 7
629 7 3 6 7 7 3 7 7 8 7 7 9 2 2 7
428 7 1 7 1 6 2 5 7 3 2 2 1 7 4 6
517 8 4 1 5 2 3 9 6 8 4 9 3 7 7 2
465 5 8 7 2 6 4 4 2 5 5 7 1 3 4 5
397 1 4 7 7 3 6 2 2 4 8 4 2 3 4 2
623 4 7 2 8 5 9 8 7 5 7 9 4 6 7 8
522 9 7 5 4 1 5 9 2 5 2 1 9 4 9 4
483 6 2 4 6 7 6 4 2 3 3 6 7 6 9 3
10
497 2 2 8 2 6 6 7 2 4 4 7 5 9 3 5
465 1 2 2 8 6 4 5 9 6 8 6 3 4 6 5
514 5 8 3 7 4 5 4 3 9 1 8 2 7 4 2
424 5 9 2 7 1 5 2 4 3 5 9 4 6 1 1
556 4 8 7 8 7 4 8 4 4 3 5 8 1 8 4
498 2 2 6 8 7 5 5 8 7 5 7 2 6 7 2
423 4 1 3 9 5 8 1 1 7 6 2 2 5 7 5
533 2 9 7 6 6 3 9 7 9 9 2 5 3 4 4
336 1 2 4 4 3 6 3 2 6 9 2 2 4 3 3
454 5 8 5 1 2 2 5 2 4 1 8 3 5 5 7
10
563 3 3 8 6 5 3 6 8 6 5 5 3 9 4 9
621 9 4 1 3 7 7 9 9 3 9 8 4 5 7 9
336 1 4 8 1 3 4 2 4 1 1 9 2 1 6 4
532 6 2 5 9 3 1 9 6 1 3 8 4 6 8 8
532 7 6 2 8 4 5 7 7 5 5 2 4 8 8 4
443 2 9 8 3 2 3 4 3 8 1 5 8 2 3 1
558 9 7 9 8 3 1 7 2 9 5 4 3 5 3 5
597 9 9 7 5 2 7 5 3 7 3 9 1 8 9 2
499 6 6 6 6 1 4 4 6 1 9 9 1 5 3 9
467 2 9 6 2 3 1 1 4 6 4 9 7 3 4 8
10
458 1 6 5 4 1 4 8 1 6 5 6 7 3 1 8
411 5 3 2 2 3 1 4 1 9 4 7 3 8 7 7
571 3 7 5 6 9 9 4 6 6 1 9 1 4 2 8
411 2 5 4 2 3 1 9 5 8 2 5 1 8 2 8
568 9 5 6 9 8 5 7 1 1 9 2 4 4 6 9
467 8 4 1 9 1 6 1 2 3 6 6 5 5 2 5
484 9 9 5 3 9 3 9 1 1 2 5 4 7 1 1
608 9 8 6 5 6 9 8 8 2 5 5 2 8 2 3
501 1 9 2 1 6 6 2 9 3 9 9 2 9 1 8
496 1 6 5 1 4 8 4 4 7 8 8 2 6 5 9
10
517 1 9 8 9 2 5 8 3 1 2 4 8 2 6 3
479 9 5 4 8 6 5 8 3 2 7 1 4 1 3 5
452 5 1 6 2 2 6 2 3 9 6 8 3 9 3 2
486 3 1 8 2 9 4 6 6 1 6 5 6 7 5 6
565 2 2 6 7 4 6 1 9 6 6 8 9 5 9 3
621 2 7 7 8 2 8 4 7 7 7 5 9 5 8 5
559 3 8 7 2 5 2 3 8 7 1 5 9 7 8 7
543 8 7 2 1 5 6 9 6 6 1 6 4 5 5 8
466 4 6 3 8 3 1 4 6 4 7 5 7 6 8 1
373 3 6 1 1 1 7 5 1 5 7 9 2 6 2 5
10
530 2 2 8 4 8 4 8 4 4 7 4 8 4 3 9
538 4 7 2 4 5 3 9 5 4 7 6 6 8 9 6
466 6 6 6 7 4 6 2 3 2 8 6 2 6 6 4
612 8 8 5 5 9 6 3 6 3 1 6 8 6 2 9
505 5 8 1 3 8 4 1 1 8 5 1 8 9 7 6
481 3 2 8 3 7 4 9 7 6 8 3 5 2 6 3
446 1 5 3 9 5 1 1 6 6 6 8 6 9 2 2
418 1 8 1 6 5 1 6 1 6 8 5 3 7 8 6
477 4 4 2 4 9 2 3 6 6 5 2 7 4 9 6
514 9 4 5 8 1 7 6 5 4 2 6 1 5 5 7
10
580 9 1 8 5 3 3 9 4 6 8 2 9 5 9 9
405 5 2 3 1 3 6 7 6 3 1 6 1 8 5 3
486 2 4 2 8 7 7 8 7 1 4 7 4 5 6 1
346 1 2 7 2 7 2 4 4 2 2 2 1 4 3 9
524 9 1 9 2 2 8 4 7 1 6 1 4 7 6 7
515 7 8 5 6 7 7 1 4 1 3 5 2 2 4 9
393 4 9 1 1 7 4 3 8 7 2 1 2 1 7 3
459 2 4 6 5 3 4 6 6 8 5 5 2 8 6 1
452 2 4 4 4 4 8 5 1 9 6 7 4 5 2 1
540 7 3 4 5 6 9 7 4 9 5 4 1 5 5 3
10
565 4 6 8 9 9 5 1 4 6 7 7 9 2 3 1
538 1 5 8 8 6 4 2 9 8 5 7 4 4 6 6
508 6 8 1 9 1 9 2 6 1 1 9 8 1 2 1
489 5 5 2 4 4 7 5 5 9 2 5 3 7 8 4
469 2 8 1 1 8 9 7 1 1 5 7 9 3 8 4
516 7 9 6 2 5 5 2 8 1 5 2 6 3 8 9
519 6 6 8 7 2 9 5 2 3 2 6 3 8 5 2
658 6 8 9 5 8 9 4 6 7 2 5 1 8 5 9
548 1 2 7 9 6 2 6 3 6 6 5 7 8 2 9
610 7 7 9 8 8 5 6 6 7 4 5 5 1 2 6
10
444 1 3 2 3 7 5 6 2 6 9 4 8 4 4 6
525 8 9 1 3 2 9 3 2 1 3 8 8 6 1 9
566 4 6 5 7 5 2 7 7 6 1 6 2 9 5 9
478 8 4 8 5 2 4 5 2 5 2 4 7 4 5 2
511 7 5 7 1 9 1 3 2 1 6 8 8 3 2 9
536 7 1 4 9 7 8 5 6 7 3 1 3 3 5 7
482 1 1 8 4 6 5 8 2 9 4 5 8 4 2 2
571 5 7 8 5 7 4 5 5 1 7 9 6 9 8 6
526 8 4 5 3 5 5 7 8 6 3 5 5 1 8 5
595 3 9 9 8 9 5 8 8 4 9 8 1 1 5 3
10
586 5 4 8 8 1 5 8 5 5 8 7 9 7 7 2
517 9 7 3 7 3 1 4 6 7 7 1 7 3 3 7
550 8 1 4 7 9 7 7 3 8 3 7 3 6 4 3
486 1 6 5 1 7 8 5 4 9 6 5 3 3 1 5
415 3 2 4 3 7 9 1 1 1 8 6 1 8 3 6
428 2 6 2 4 3 3 7 8 2 5 2 8 2 1 4
552 9 2 7 3 4 5 3 2 7 8 7 2 8 9 8
435 7 4 3 3 3 5 8 5 3 2 1 7 9 1 2
603 7 5 5 1 4 8 6 9 5 7 5 6 9 7 6
393 2 5 6 2 3 2 1 1 8 2 9 3 1 2 6
10
454 9 3 1 5 1 6 8 3 7 8 7 1 8 8 1
514 1 9 5 5 4 5 3 8 3 3 8 6 7 9 1
472 2 8 7 3 7 4 1 9 9 3 3 3 2 3 3
508 5 4 6 4 3 6 3 3 6 2 8 5 8 6 3
621 7 9 8 7 8 2 5 6 5 1 5 9 6 3 3
479 3 4 9 6 9 3 4 3 3 1 6 3 1 6 5
500 4 4 7 4 9 7 8 5 1 2 2 3 3 2 8
394 5 2 3 3 6 2 3 3 5 7 2 3 2 5 7
412 4 6 2 5 5 7 2 8 1 2 4 6 1 1 2
382 3 8 2 1 6 1 7 2 9 1 3 2 3 3 7
10
633 7 5 1 8 4 3 9 7 9 2 5 7 9 8 7
500 1 2 5 7 2 7 4 8 1 5 5 8 8 1 5
476 7 3 7 2 1 6 8 5 9 7 2 2 3 9 4
636 7 5 9 9 8 8 7 8 9 7 1 4 8 3 1
515 5 6 2 6 1 4 5 9 8 2 5 6 7 4 2
593 1 6 8 2 8 9 2 9 9 8 5 7 9 7 2
561 2 5 9 6 8 6 7 3 1 2 4 6 5 9 9
347 3 2 7 7 1 2 3 3 3 5 1 2 9 7 1
579 9 4 8 1 5 2 8 3 7 7 9 9 2 4 9
524 6 7 7 8 8 1 3 7 9 5 2 6 2 8 1
10
519 4 2 6 3 1 5 9 6 8 8 2 5 8 2 7
454 2 3 2 1 7 1 7 7 9 7 7 6 7 6 5
418 7 6 5 3 2 3 6 9 2 5 2 2 3 1 1
591 5 1 2 9 9 8 6 8 5 3 6 8 4 4 6
607 7 9 3 2 5 8 6 5 6 1 5 8 3 7 9
532 9 8 2 3 6 8 9 3 7 4 2 4 6 2 1
427 2 1 3 9 4 6 3 9 1 8 4 4 9 2 2
543 6 9 2 2 8 7 7 3 4 6 5 6 9 5 6
535 5 2 9 9 8 3 3 8 5 9 7 5 1 5 4
508 1 1 8 2 4 9 3 7 3 9 7 9 3 9 5
10
612 7 6 5 6 4 7 9 9 7 7 8 5 8 3 2
504 9 5 4 5 1 4 5 9 7 4 4 6 2 3 1
412 2 4 7 2 4 1 2 5 1 7 7 6 8 8 3
583 1 4 9 7 7 8 2 2 5 5 6 9 6 7 8
437 1 6 4 3 4 8 2 6 1 5 1 9 5 4 1
451 5 6 7 2 1 1 7 5 5 4 3 5 8 5 6
603 3 7 8 8 8 3 9 7 1 1 9 7 6 9 1
492 5 6 4 2 2 6 5 6 5 3 7 6 2 2 4
426 3 4 9 4 4 2 5 2 9 9 4 4 1 6 1
415 1 9 2 7 5 3 1 4 3 5 7 6 2 4 2
10
489 2 8 8 8 4 2 5 4 5 4 2 3 5 2 9
414 6 9 2 1 2 2 7 1 3 4 8 3 9 5 4
440 2 7 3 3 3 1 2 8 7 2 6 5 4 6 7
560 9 4 2 4 1 3 6 9 4 7 7 7 4 8 8
433 3 3 8 2 2 5 1 3 9 4 7 1 9 4 2
389 1 5 6 1 3 1 8 5 7 5 5 2 1 9 1
615 7 7 8 6 7 9 9 2 4 7 8 1 1 7 7
484 3 5 2 4 4 2 5 2 8 8 8 7 5 7 6
575 6 5 5 9 3 5 4 5 6 1 3 9 1 9 6
509 5 6 9 9 2 6 3 3 3 9 1 6 7 7 1
10
439 9 8 4 3 6 8 1 2 1 3 6 1 7 1 1
551 7 3 5 8 7 8 4 1 3 7 2 9 9 7 2
450 2 7 4 5 2 7 2 2 3 9 6 4 5 3 5
473 7 3 9 2 7 3 2 1 6 1 2 8 2 5 3
559 8 9 4 3 3 8 4 3 4 1 2 9 9 8 3
523 6 5 5 7 6 1 6 5 5 7 2 6 3 7 7
569 7 8 2 7 5 1 9 4 9 9 2 8 6 2 4
499 8 2 2 5 7 4 3 6 4 9 3 3 7 3 8
531 6 7 6 7 5 6 3 7 6 2 1 3 8 7 2
482 4 4 1 4 8 3 7 4 8 3 9 1 8 5 4
10
366 1 1 5 3 7 3 5 5 1 5 9 1 9 3 1
504 2 6 7 6 1 6 8 2 9 9 1 8 1 9 3
461 7 4 6 1 3 5 3 5 5 3 3 2 5 1 9
431 1 4 9 3 3 4 7 1 8 3 5 3 1 7 2
453 1 1 7 8 4 1 9 6 3 9 4 4 2 2 9
519 7 5 5 7 6 6 2 7 5 3 1 4 9 8 4
547 2 2 9 1 8 7 8 5 7 9 1 6 9 8 3
544 4 1 2 9 4 7 6 4 9 8 2 6 6 6 7
398 3 4 3 8 9 5 2 2 3 2 2 3 3 3 2
656 8 5 8 4 8 4 9 1 8 6 9 9 9 3 9
10
452 4 9 1 5 8 1 4 4 4 3 1 5 7 4 7
428 2 1 9 7 7 9 1 3 2 3 6 1 6 4 2
432 5 2 6 8 1 1 8 1 6 2 5 5 2 8 4
563 9 9 1 6 3 4 8 2 9 8 4 4 6 6 7
385 2 1 4 4 1 1 9 2 9 9 5 3 2 5 3
518 2 5 8 5 7 5 1 1 6 9 8 7 7 8 4
560 3 8 5 3 4 5 9 8 5 5 9 7 5 7 3
510 3 6 8 5 8 8 6 8 1 1 1 2 5 1 9
530 3 6 5 4 1 7 7 6 3 4 1 9 2 6 8
555 4 3 7 7 5 5 5 8 3 8 3 6 8 2 9
10
684 5 7 6 6 3 9 9 9 8 5 6 9 5 6 3
662 5 8 9 9 8 8 5 6 9 4 8 2 8 3 1
461 5 6 3 4 2 5 6 8 4 1 2 4 1 8 8
414 5 3 1 1 2 6 1 1 7 6 7 7 6 8 6
399 2 1 9 4 1 2 6 4 4 6 3 4 2 9 8
408 7 4 6 3 8 1 8 2 3 8 7 3 4 1 1
466 8 5 3 2 5 7 4 6 4 6 9 4 1 5 1
577 9 6 8 3 3 1 2 2 8 3 9 7 7 9 9
509 7 4 2 5 8 7 3 8 3 7 2 4 2 9 8
378 1 4 6 6 1 2 3 1 8 2 7 2 2 9 5
10
481 1 4 6 2 9 1 7 7 6 3 2 6 9 6 5
576 2 4 7 6 9 3 3 4 6 1 8 8 8 8 6
557 8 9 8 6 6 3 8 4 9 5 5 1 2 4 3
484 9 6 2 5 7 2 8 5 2 2 1 7 3 8 1
586 9 5 9 6 6 4 6 8 7 7 3 2 8 3 6
554 7 1 2 6 7 8 5 7 7 9 3 6 2 4 5
607 8 6 6 6 2 8 6 6 8 8 9 2 7 5 7
632 3 8 5 8 3 8 2 8 9 3 5 7 2 8 8
495 3 3 1 7 6 6 2 4 7 9 1 9 4 4 7
607 5 5 8 7 7 6 7 5 8 1 6 6 7 9 4
10
439 8 3 3 8 6 2 1 1 9 9 3 4 2 2 3
569 2 6 6 7 5 6 6 1 8 4 6 5 7 7 7
558 2 6 9 3 1 5 2 9 8 7 4 7 9 5 7
498 4 3 5 5 1 9 5 6 9 1 7 2 6 7 1
506 3 8 6 2 4 5 7 2 4 8 8 1 9 8 8
429 5 3 7 2 4 4 4 1 9 5 3 3 4 1 5
542 7 9 1 2 4 2 7 9 8 5 9 2 8 3 6
563 9 4 6 4 8 1 2 2 9 8 8 8 7 6 6
529 8 2 7 8 5 4 2 5 4 7 7 7 2 9 3
458 4 6 3 8 3 4 2 1 7 3 3 8 9 1 3
10
439 2 7 7 7 9 4 6 1 4 1 5 1 4 7 2
459 5 3 3 2 8 8 7 1 5 1 5 2 3 9 4
562 1 6 8 8 7 6 3 9 2 4 6 6 9 2 5
601 6 6 5 9 4 5 5 9 5 6 8 4 6 2 6
632 7 9 7 5 3 7 6 3 4 3 6 6 8 7 9
579 9 5 8 9 4 8 3 9 7 5 1 1 1 4 3
477 5 7 6 1 5 2 1 7 1 3 8 8 1 2 7
554 9 3 5 3 8 1 6 7 1 9 3 8 5 9 7
390 1 3 4 9 8 5 8 2 3 8 5 1 2 5 1
493 4 1 9 6 2 3 2 8 3 4 2 7 4 7 8
10
571 2 5 2 8 8 8 7 4 4 4 9 5 4 7 6
577 6 3 9 5 8 5 4 2 9 2 5 5 6 9 9
459 1 1 5 7 5 2 6 6 5 8 4 5 8 6 3
581 6 6 1 8 7 8 6 8 4 9 3 8 4 3 5
462 4 2 6 9 6 4 6 6 2 8 5 1 6 1 5
509 2 7 9 1 8 6 2 9 5 1 9 3 5 2 3
455 7 2 1 7 7 5 1 2 4 3 2 2 5 9 8
553 7 6 7 1 4 9 1 6 2 9 9 4 7 2 9
480 7 5 5 6 3 6 6 8 1 7 4 5 5 2 2
664 9 9 7 3 7 4 9 7 8 3 4 5 8 8 6
10
458 3 5 9 9 9 1 1 2 7 1 4 2 1 9 1
604 5 9 9 7 4 2 4 9 4 5 6 8 8 5 5
488 5 8 8 2 1 4 4 5 1 5 6 4 5 9 6
502 3 2 8 6 3 4 2 9 5 6 7 9 2 3 3
551 1 8 6 8 9 1 6 7 3 7 2 5 9 9 8
437 5 3 9 6 4 1 5 3 2 3 8 2 7 3 1
400 1 9 4 2 7 3 7 4 2 8 2 3 3 2 6
540 7 6 4 1 4 3 8 7 9 7 9 8 1 6 4
549 7 5 8 6 5 4 2 1 3 8 7 9 9 7 1
404 7 4 4 7 2 1 2 3 1 3 3 8 4 5 2
10
390 6 9 4 2 1 8 1 5 1 3 5 1 1 3 3
522 4 2 8 9 5 2 1 7 7 1 2 7 5 3 5
517 5 4 1 6 9 1 3 8 6 7 8 7 4 6 2
665 5 8 4 6 5 4 9 8 9 8 6 9 7 9 7
460 4 1 2 6 5 9 1 8 2 6 6 2 7 4 8
454 8 5 1 7 2 1 3 9 9 8 1 3 2 6 3
484 7 3 1 3 7 9 5 9 5 3 4 1 3 3 8
543 9 8 4 4 8 6 4 5 2 3 2 4 8 9 5
496 5 5 4 9 2 4 8 3 2 5 5 5 8 8 3
488 7 2 1 2 1 8 5 6 5 8 1 4 9 3 9
10
599 2 6 6 7 5 9 7 4 2 5 8 9 7 8 6
519 1 9 2 6 8 1 4 8 8 5 2 7 8 6 5
554 4 8 8 2 9 7 1 4 1 2 8 4 8 7 7
564 1 5 8 3 9 9 8 4 4 1 7 6 4 8 7
374 5 4 3 3 9 2 1 5 5 3 6 1 6 7 1
518 9 3 2 9 3 2 1 6 6 3 9 7 2 9 4
527 7 1 6 3 9 5 8 9 1 6 1 7 4 5 4
629 5 4 8 5 7 9 5 6 6 5 8 5 6 8 8
537 6 7 4 9 6 8 9 1 3 2 7 5 5 1 1
456 4 4 3 3 7 3 6 6 8 5 5 3 4 6 2
10
516 1 2 5 9 5 9 4 5 5 6 9 4 1 2 9
488 7 6 3 7 2 7 3 8 2 7 5 3 6 6 4
461 6 5 4 6 7 3 2 6 5 8 9 2 1 2 1
549 9 1 1 8 4 7 5 4 9 9 1 9 2 1 7
642 9 6 6 4 8 7 7 9 5 8 5 9 6 2 1
572 5 1 7 6 8 9 3 3 8 9 9 6 4 3 3
554 8 7 6 2 7 5 1 3 8 2 4 7 8 9 6
354 5 2 1 1 3 4 3 7 3 3 3 5 3 9 3
462 2 6 9 2 9 4 7 6 4 1 5 2 8 5 1
481 8 4 7 6 9 4 5 1 9 8 1 2 6 1 1
10
526 7 3 6 9 3 5 1 8 7 9 6 5 1 3 3
607 8 3 2 9 5 5 4 8 7 7 1 9 4 5 8
430 5 4 3 1 3 7 7 8 3 5 8 1 1 9 3
485 6 1 5 8 9 4 1 4 3 2 8 2 7 3 7
513 4 9 8 7 4 3 5 5 1 6 9 1 7 2 5
548 9 4 3 6 4 4 1 9 2 1 6 8 9 9 3
490 1 3 2 6 9 6 3 3 8 4 5 9 1 3 4
621 8 7 2 9 3 9 5 6 7 9 2 6 8 7 8
390 2 4 6 1 2 1 4 5 2 2 7 3 8 9 9
530 3 7 2 2 7 9 5 8 7 5 3 5 9 8 5
10
631 8 6 3 5 6 6 9 8 7 4 6 8 3 5 7
545 3 9 7 9 4 3 4 6 4 7 4 8 8 3 5
497 1 4 4 7 6 3 8 7 1 1 7 4 7 5 7
394 4 2 4 8 3 1 4 1 2 3 1 3 8 8 6
547 1 3 5 6 8 2 8 9 5 6 9 3 3 7 9
475 3 9 3 7 3 9 5 3 1 1 1 2 1 7 8
487 8 3 1 6 1 4 2 1 4 9 9 4 8 7 8
436 6 6 1 4 4 4 4 2 1 1 3 7 7 7 5
506 8 6 6 8 4 6 1 7 3 8 4 3 2 6 5
575 9 8 3 8 1 9 6 2 7 3 3 7 4 6 6
10
520 6 5 7 6 7 9 6 4 2 8 2 5 8 1 2
506 4 1 1 9 6 4 8 2 9 8 3 6 4 6 8
565 9 6 6 8 5 1 8 6 6 4 1 7 2 9 6
317 1 3 6 3 4 1 6 1 3 4 1 5 3 8 2
474 9 6 6 7 2 2 6 3 5 4 3 8 1 4 1
365 2 1 2 7 6 2 2 6 5 5 5 2 4 4 2
561 3 1 8 3 7 8 6 6 2 8 9 7 9 4 5
440 9 1 7 3 6 4 7 1 5 7 2 3 7 8 2
451 2 3 5 3 2 2 4 4 4 7 4 9 3 8 8
553 4 8 5 8 3 7 6 5 1 8 5 4 2 8 8
10
448 2 1 6 4 9 4 7 2 1 7 7 3 9 9 1
556 5 4 6 8 3 9 3 3 7 1 8 6 1 9 2
586 8 7 7 5 1 4 3 4 9 3 9 8 1 5 8
515 9 3 6 5 7 8 6 1 3 4 8 5 5 1 3
452 1 7 2 6 3 7 5 8 6 6 2 1 2 6 8
515 2 3 7 6 3 6 6 7 8 2 1 7 9 6 1
348 4 3 5 8 4 2 4 1 1 2 4 2 9 5 1
480 1 3 8 4 4 7 1 9 2 1 7 5 4 8 6
458 1 7 2 9 2 4 2 5 7 2 9 4 2 3 5
420 9 3 2 1 1 2 3 3 2 5 8 3 4 9 8
10
534 4 2 2 8 5 6 6 5 7 8 7 2 7 9 7
521 6 7 4 4 1 8 5 1 4 7 3 7 7 4 9
559 6 6 6 3 7 9 8 3 9 7 3 1 5 5 5
602 9 2 5 6 8 2 9 7 8 7 9 5 7 1 6
430 7 1 4 8 3 2 4 6 9 6 9 2 2 1 1
534 9 3 9 4 6 2 5 3 8 2 2 9 7 2 4
500 8 4 3 2 1 9 3 3 6 8 5 6 1 7 6
473 6 9 7 1 9 9 1 3 2 2 3 5 7 5 1
633 2 6 7 5 9 9 9 9 2 6 4 7 8 1 6
507 5 2 3 4 5 6 9 3 9 3 3 6 1 5 9
10
413 1 7 1 6 6 5 2 3 4 3 8 4 4 7 3
503 8 3 2 7 7 2 9 4 5 2 7 2 7 1 7
535 5 3 7 8 1 5 5 5 6 5 6 6 1 5 6
380 4 7 1 3 1 2 4 2 5 3 1 5 6 9 6
471 3 9 8 1 4 2 2 8 3 8 2 6 3 8 6
517 2 9 2 6 6 1 9 7 8 2 7 2 6 7 3
422 3 6 5 6 9 3 2 2 3 6 1 7 2 7 1
468 1 1 6 7 1 7 9 2 5 9 8 1 2 2 8
520 3 8 7 1 4 2 4 9 4 2 9 8 1 9 6
414 2 7 9 4 1 2 4 5 3 2 7 2 5 7 1
10
463 6 8 4 3 1 4 2 7 7 3 5 4 7 5 4
566 8 8 5 9 6 3 6 7 7 5 5 3 2 2 2
465 5 6 5 2 2 9 4 3 3 7 4 6 1 5 6
466 3 1 8 1 1 3 4 1 7 1 9 7 9 2 9
582 7 6 5 9 3 3 9 7 2 3 2 8 1 4 9
513 6 9 3 7 5 4 2 7 2 6 5 8 8 4 3
417 4 5 2 5 4 5 6 1 9 6 1 1 1 2 9
635 9 9 3 9 3 6 4 4 9 9 4 8 3 8 9
518 7 4 2 1 9 9 3 1 7 1 3 8 9 9 5
517 8 5 6 7 6 5 2 6 4 7 8 4 2 1 3
10
443 2 1 8 8 9 7 4 2 4 9 4 4 1 6 2
553 5 3 8 4 3 1 7 8 6 4 6 7 4 4 8
558 9 6 3 5 4 9 6 1 6 7 9 1 3 4 8
526 3 3 5 4 5 9 9 5 5 8 2 7 4 5 8
522 9 7 4 5 5 3 6 1 5 6 6 6 7 7 3
352 2 9 1 6 2 2 2 5 1 7 1 2 7 1 5
462 1 6 5 6 9 7 4 2 3 4 6 3 2 4 8
596 9 7 1 2 6 7 7 5 7 8 1 9 9 1 9
428 6 5 3 3 2 1 1 1 5 9 6 6 4 6 8
597 7 5 2 7 4 7 8 3 5 6 9 9 3 5 8
10
482 4 2 5 3 1 6 4 9 7 2 2 6 8 1 5
488 8 2 4 4 1 4 5 9 9 1 2 5 8 7 2
659 8 8 7 9 3 9 2 4 3 7 8 9 7 7 6
441 2 1 7 7 3 7 5 2 6 2 2 3 3 7 8
615 6 9 7 2 7 9 6 7 4 5 6 5 3 6 9
515 2 7 1 9 2 6 6 2 9 9 3 9 5 9 3
598 7 8 2 5 9 9 8 7 8 8 3 1 2 8 6
607 2 5 3 5 9 8 8 8 8 4 2 8 8 2 5
527 8 4 4 7 9 3 5 3 5 5 1 9 3 6 3
623 6 9 3 4 2 9 5 6 8 3 4 9 2 5 8
10
610 7 5 5 7 8 4 8 6 9 8 7 3 8 6 7
549 9 5 5 4 6 3 1 9 8 5 9 5 1 2 6
484 5 1 3 9 8 5 4 9 5 1 3 3 9 5 3
424 2 7 6 3 3 5 5 3 8 8 3 4 7 1 3
573 1 8 8 6 5 7 9 3 6 5 5 3 7 1 7
589 5 3 9 5 5 9 3 9 6 1 6 8 4 4 3
537 1 6 7 1 3 5 9 7 7 7 3 5 9 8 9
542 2 3 4 4 7 5 5 9 3 9 7 8 3 4 8
468 4 8 7 6 1 6 4 4 5 9 3 2 5 1 6
475 5 6 5 5 2 2 7 4 7 1 5 8 1 3 2
10
520 3 8 8 4 4 7 9 1 1 9 3 4 4 2 9
544 3 1 8 1 9 6 7 8 9 2 4 8 8 1 2
488 1 4 2 8 2 3 9 6 6 2 2 9 2 7 9
416 3 9 6 3 1 4 5 1 6 8 2 6 5 7 1
476 5 7 5 6 8 2 5 3 5 6 2 3 6 9 2
566 9 4 4 4 3 8 5 3 6 1 2 9 8 6 8
507 2 2 5 9 4 4 7 6 6 9 9 7 3 6 1
364 4 5 7 1 4 7 2 3 3 5 2 2 1 2 1
639 4 3 8 9 1 9 9 4 7 3 8 8 2 9 4
634 4 9 6 8 8 1 7 9 7 5 5 6 7 5 9
10
551 4 7 4 5 6 9 6 3 5 5 6 4 3 4 6
393 2 7 1 8 1 1 4 8 5 4 8 5 2 3 1
527 6 9 7 2 9 3 7 2 7 9 6 1 2 7 6
425 3 7 3 4 5 5 2 6 3 3 1 5 4 4 4
419 6 3 5 4 1 2 6 3 1 2 2 2 8 8 9
424 9 1 3 5 5 5 8 3 2 4 4 1 3 6 1
550 7 3 7 6 7 6 4 9 2 3 3 4 3 7 9
436 4 6 6 1 6 1 7 2 9 5 1 8 6 1 2
496 3 3 7 6 5 7 2 3 2 4 7 8 5 3 5
594 3 4 5 7 5 8 7 7 7 8 6 9 7 4 3
10
487 9 4 4 7 9 1 1 8 9 1 2 1 9 6 3
436 8 5 4 1 1 7 3 3 2 1 4 2 4 6 7
381 2 6 2 5 6 1 3 9 1 4 4 6 3 5 2
400 1 2 9 3 6 6 7 2 2 6 7 3 1 5 3
471 5 4 1 1 5 7 9 1 7 1 4 5 4 8 7
450 5 7 3 1 5 3 3 4 2 7 4 6 5 9 9
471 1 6 5 4 9 7 1 7 1 8 6 5 2 2 5
622 6 3 8 5 9 8 6 7 6 3 6 7 2 8 2
595 9 6 7 4 6 3 6 7 7 9 9 5 9 1 1
451 3 1 4 4 9 4 7 1 7 4 4 9 4 5 3
10
496 6 3 1 1 4 3 4 3 9 7 2 9 9 8 9
446 6 1 1 3 9 3 7 9 8 7 1 1 3 8 4
494 8 3 3 2 9 9 3 9 1 4 4 1 2 9 6
459 2 4 9 5 6 7 5 1 5 1 3 5 5 5 1
534 4 1 6 9 5 8 9 8 3 2 2 3 6 7 7
418 7 1 1 9 3 5 3 3 1 3 3 1 7 8 8
461 5 1 3 1 3 7 7 2 2 6 9 7 6 7 3
555 4 7 4 7 7 8 4 2 4 3 9 8 2 5 2
505 4 9 3 9 7 5 3 1 8 3 2 3 7 6 6
470 9 3 3 5 3 1 8 8 4 5 5 7 3 4 2
10
404 1 5 1 4 9 3 8 1 4 7 4 6 1 4 2
559 3 4 3 6 8 5 6 9 8 3 9 6 5 4 1
516 4 2 6 2 7 4 8 8 2 7 4 9 3 5 5
573 2 9 9 9 7 4 6 8 5 5 4 6 1 5 5
524 2 5 5 7 3 3 5 7 8 2 8 7 1 5 8
624 8 7 9 7 6 5 5 6 8 2 1 7 4 2 6
602 6 7 6 4 9 4 5 6 9 5 7 7 1 5 8
546 3 6 1 9 4 8 2 7 8 1 4 9 9 9 2
577 7 8 6 2 3 3 8 2 8 3 7 6 6 6 7
544 7 4 4 4 1 9 1 9 4 9 8 8 1 2 9
10
484 6 2 1 9 1 4 4 7 5 8 5 4 8 9 5
512 6 1 1 8 9 4 2 3 8 6 9 8 2 3 2
463 1 5 1 7 1 9 5 7 8 3 6 6 1 3 2
475 3 1 8 8 3 7 4 8 1 5 3 3 8 4 2
467 1 9 2 9 2 4 8 5 5 2 4 6 3 1 3
451 1 2 6 3 5 8 1 4 2 8 1 8 9 7 8
500 8 4 1 7 1 2 7 5 8 1 5 8 1 6 4
476 3 8 7 5 2 5 1 1 3 4 1 8 6 1 9
603 8 4 5 9 4 3 9 6 9 4 3 9 1 5 3
415 1 9 1 2 3 5 3 2 2 7 5 8 6 3 8
10
536 9 8 5 7 8 7 5 9 2 4 5 2 2 1 2
552 7 9 8 1 9 2 4 3 5 4 4 7 3 8 6
477 9 7 2 3 2 2 8 2 7 7 3 6 3 4 8
583 4 5 9 2 8 9 5 2 8 7 6 8 9 3 1
388 6 2 1 1 8 2 2 3 2 4 3 6 2 9 6
501 3 8 8 6 4 5 4 3 4 8 7 2 3 3 9
623 8 8 9 6 2 5 9 6 1 9 7 4 3 6 8
571 9 5 2 3 8 4 2 9 9 8 3 9 5 8 4
595 9 4 4 8 6 3 9 9 1 3 8 7 1 9 4
447 1 4 5 4 6 1 9 4 5 1 9 4 2 5 6
10
514 8 9 7 6 3 3 1 4 5 1 9 4 3 8 1
392 1 7 8 7 1 1 6 1 3 8 1 3 8 8 4
513 6 5 4 5 1 8 5 5 9 3 2 9 4 4 2
529 4 7 4 9 6 9 7 2 9 3 4 2 5 6 1
396 3 1 1 5 7 3 9 1 8 9 3 2 9 5 4
516 7 2 1 4 3 7 1 8 7 6 1 9 4 7 9
554 8 2 7 9 4 6 7 3 3 7 1 4 6 4 9
572 8 9 3 6 7 9 4 1 4 3 3 9 2 5 5
541 6 5 3 4 7 8 8 6 2 5 1 6 5 9 8
666 9 5 6 7 8 7 6 7 7 8 6 6 3 6 9
10
547 7 4 8 1 4 7 8 4 9 9 6 6 4 3 4
473 3 4 4 5 6 3 2 9 4 4 2 7 4 6 4
520 2 8 6 5 2 6 2 5 5 3 8 6 9 5 2
481 7 1 4 3 9 7 8 7 2 2 7 2 7 3 1
476 3 5 3 6 5 5 4 1 7 4 6 2 4 2 9
612 1 6 7 9 2 9 9 8 2 7 8 9 4 6 5
477 3 8 8 3 3 2 2 3 7 3 7 2 6 6 9
511 1 7 7 7 1 3 9 1 3 9 4 8 8 6 6
465 6 4 7 2 4 3 7 3 6 4 3 4 9 9 3
494 4 8 2 1 1 3 8 9 8 9 2 4 6 8 5
10
506 2 7 6 8 3 5 1 1 3 5 9 8 4 1 9
569 5 6 7 8 6 6 4 5 4 3 6 3 4 8 5
529 6 5 6 4 8 8 8 6 3 5 4 2 6 4 5
342 1 9 4 2 9 1 3 2 1 5 3 2 7 8 1
392 2 5 4 2 2 8 1 8 2 1 2 2 5 7 6
549 4 7 4 3 6 9 2 5 9 2 4 6 6 2 5
454 1 5 8 6 6 6 3 3 3 3 7 5 1 6 2
349 8 8 4 1 5 3 7 1 3 1 1 2 1 1 1
424 4 1 8 8 1 2 1 6 3 5 4 8 6 5 2
528 8 3 6 6 3 4 2 7 5 9 9 8 1 6 2
10
545 2 9 7 7 9 5 1 2 3 1 4 8 3 8 7
559 8 7 6 3 7 1 9 7 4 4 6 1 7 5 8
483 7 6 8 8 7 2 1 3 1 4 1 3 8 6 8
464 1 6 5 8 3 6 2 1 7 9 9 2 3 4 4
499 1 6 7 9 8 3 5 5 2 8 5 5 8 6 2
613 4 3 1 9 8 5 7 7 9 4 7 7 3 4 9
550 6 9 3 2 7 5 9 6 6 3 2 4 9 9 5
475 2 4 1 7 8 3 5 6 9 4 6 7 6 6 1
621 5 9 3 8 9 8 9 9 6 8 1 3 9 5 6
604 2 6 4 9 9 8 5 8 1 6 8 6 4 9 7
10
493 8 4 3 5 7 6 4 7 1 3 5 9 2 5 1
519 4 6 2 4 2 8 1 7 5 4 6 9 3 1 6
454 7 4 8 7 4 3 7 5 4 7 1 2 2 3 3
512 2 8 2 5 9 4 8 5 3 2 9 9 1 5 1
439 8 7 9 2 1 3 7 2 2 1 2 5 9 2 1
507 5 7 1 3 8 9 3 3 2 7 2 9 5 3 9
526 1 5 7 9 4 4 2 9 3 9 4 7 7 9 5
549 5 1 7 7 6 6 5 1 7 3 7 5 2 3 9
670 9 8 9 7 7 5 8 1 6 5 1 8 3 9 8
488 5 7 1 8 4 1 2 4 4 6 8 6 9 4 5
10
561 4 7 1 9 6 4 8 8 5 6 2 2 7 8 9
412 9 1 4 4 2 9 3 3 5 9 1 2 7 1 3
437 6 7 6 5 2 2 5 4 1 4 2 5 6 2 8
558 9 5 4 2 4 7 2 8 8 3 5 8 3 3 5
479 3 9 3 7 1 4 3 5 1 9 8 4 8 6 4
477 4 6 1 6 4 6 6 8 1 8 5 1 5 6 8
494 1 3 6 4 8 6 2 6 9 2 4 3 2 4 9
512 7 1 3 2 8 7 4 6 6 5 9 2 1 9 5
378 2 6 5 4 2 2 2 3 8 6 2 3 3 1 9
559 1 5 8 6 8 6 3 3 6 2 6 8 4 8 5
10
601 4 9 4 1 8 9 5 1 7 3 9 6 6 8 9
560 5 9 7 2 1 3 9 7 6 4 6 5 8 7 3
546 8 7 7 1 4 9 2 8 4 7 4 5 1 6 5
480 2 3 3 1 1 3 8 9 3 9 6 9 5 6 9
558 9 4 5 1 9 4 7 5 8 2 8 7 3 6 3
570 9 2 8 7 3 3 1 9 7 7 9 7 6 4 2
646 9 5 9 7 4 7 5 3 5 9 9 5 6 9 9
553 4 1 9 1 8 9 4 5 5 7 5 8 7 9 4
517 5 7 9 3 2 3 1 7 3 7 9 5 4 8 8
446 1 2 5 5 5 1 6 7 8 6 1 5 6 9 3
10
467 2 2 8 5 2 8 1 7 1 1 3 7 7 5 3
546 3 2 5 6 5 5 8 7 8 5 3 5 4 9 8
535 8 4 9 4 3 7 4 5 7 7 7 5 3 2 1
503 5 3 5 9 5 4 3 8 8 3 5 2 3 1 7
567 4 9 4 8 5 2 6 7 1 5 7 9 5 8 3
475 3 3 5 5 8 4 9 9 7 4 1 1 4 5 6
525 6 1 9 8 3 8 5 1 5 8 6 5 9 6 3
277 1 1 1 2 3 3 1 5 3 1 7 2 2 7 2
422 1 7 6 1 6 3 3 4 1 5 3 8 9 5 6
477 1 6 8 8 7 1 2 4 3 1 8 2 3 9 8
10
610 7 8 2 5 3 7 6 7 9 1 6 9 6 4 7
446 5 3 1 6 7 2 6 3 3 8 4 6 4 1 9
575 5 7 7 9 5 9 2 4 4 9 8 5 8 1 3
515 9 7 3 1 2 2 9 7 1 7 9 4 1 9 6
555 9 2 6 1 7 4 6 8 7 4 3 4 9 6 9
527 6 8 6 1 1 9 7 8 3 5 6 2 8 2 4
427 5 8 4 2 3 2 4 5 1 3 9 5 5 2 3
461 5 7 5 8 7 4 5 2 5 6 1 2 2 5 5
457 8 4 5 4 1 3 3 5 7 1 7 5 4 3 5
410 1 3 5 3 8 7 2 1 3 4 2 5 4 3 6
10
495 8 6 2 6 3 5 4 1 2 6 7 3 7 5 9
625 8 9 9 3 6 7 9 1 6 3 6 6 8 6 1
489 5 3 3 3 8 9 5 2 5 1 6 3 3 7 5
468 2 6 2 1 9 6 6 3 5 3 2 1 9 8 9
555 2 8 7 6 2 9 7 6 6 5 3 5 4 4 8
542 1 7 9 5 1 5 5 5 7 7 3 6 9 2 6
666 8 3 8 5 6 9 6 6 9 4 8 8 4 3 6
409 3 5 3 6 5 1 7 9 2 4 3 3 7 3 3
503 5 3 7 8 6 1 3 5 9 2 2 2 7 1 8
615 9 2 6 7 1 9 3 8 2 3 9 7 4 5 9
10
521 7 4 3 9 5 3 5 2 8 4 9 3 4 1 5
473 6 2 5 8 1 3 3 9 2 8 7 8 2 4 2
556 5 6 9 4 4 9 1 5 1 2 6 7 6 4 6
506 9 2 7 5 9 7 8 2 3 9 2 1 5 2 8
401 5 9 1 7 1 2 6 2 3 1 1 4 7 6 4
541 8 5 5 2 7 5 9 3 4 9 5 8 7 3 4
455 7 7 1 3 5 4 4 4 3 4 9 4 8 9 2
583 7 5 3 2 4 6 6 5 8 9 7 7 5 5 8
520 1 9 8 7 8 1 1 9 2 2 9 4 4 3 9
462 8 6 2 5 8 7 3 4 1 1 1 4 3 9 4
10
472 1 2 3 1 7 7 2 8 3 1 9 8 6 1 8
553 8 8 7 9 2 6 5 3 3 3 1 5 6 4 6
623 4 6 2 5 9 9 8 7 7 7 9 6 3 9 7
460 1 3 2 6 4 2 9 2 9 9 9 7 8 6 1
602 6 9 7 1 9 9 4 8 4 3 1 6 1 9 6
545 3 6 1 3 7 5 3 9 9 2 9 7 5 4 4
473 4 6 8 3 4 3 5 4 8 5 4 7 3 1 3
499 7 7 6 7 5 3 4 6 1 6 3 5 6 5 6
582 6 5 9 4 8 9 1 4 6 7 6 3 5 1 8
529 8 1 3 6 2 6 8 3 9 5 6 8 7 3 1
10
522 9 4 5 5 3 3 9 5 6 6 5 4 3 3 6
425 4 1 3 6 8 6 2 4 9 2 6 1 4 2 1
528 5 6 7 7 8 7 8 6 4 7 3 2 3 1 5
616 7 7 4 1 8 8 6 9 7 6 7 6 5 8 2
538 3 8 9 8 7 4 5 4 6 1 4 6 1 4 2
512 7 4 5 4 1 9 8 9 3 5 5 3 3 4 6
468 6 1 4 7 1 6 9 9 1 1 4 1 3 4 9
519 7 5 4 6 5 7 1 1 9 2 9 2 4 6 8
374 2 7 1 8 3 7 2 3 2 9 2 1 4 5 2
340 5 7 1 2 1 1 6 2 1 8 6 3 7 8 3
10
562 4 5 6 6 1 8 3 6 2 8 8 8 1 7 9
583 4 6 7 4 4 6 1 3 8 2 8 8 7 3 9
534 6 9 6 8 1 3 7 9 2 4 4 3 2 8 6
608 9 2 4 3 4 9 8 9 4 2 3 9 8 3 7
578 9 9 4 4 4 8 5 5 2 8 9 4 9 5 2
586 8 6 8 6 9 8 3 2 6 3 7 4 3 4 3
499 9 4 2 5 5 6 5 3 4 7 5 6 2 5 4
492 5 2 2 2 6 6 6 9 3 8 1 9 4 5 5
427 4 1 3 1 3 7 8 4 4 1 1 6 8 4 6
491 4 9 2 6 4 7 9 7 2 3 4 2 2 6 4
10
591 1 2 8 9 8 6 2 6 8 8 7 4 6 5 8
529 5 8 3 2 4 7 6 5 4 4 3 9 7 7 1
567 3 6 5 4 8 8 4 7 6 3 9 7 1 7 6
569 9 3 5 1 2 8 7 9 2 5 3 8 3 8 6
553 9 6 4 3 7 8 2 2 1 3 3 7 7 7 8
530 4 3 9 8 8 4 7 7 1 7 9 1 1 7 8
505 4 4 5 6 9 3 7 5 2 5 5 5 6 7 4
416 3 5 1 9 1 7 7 4 4 7 8 2 2 1 3
525 4 2 1 6 1 4 6 6 9 5 4 9 8 9 4
474 5 7 1 5 5 3 5 6 4 2 6 1 5 4 8
