100 15
500 500 500 500 500 500 500 500 500 500 500 500 500 500 500
20
490 7 9 10 4 6 8 8 7 1 2 7 4 9 7 6
463 2 8 3 4 7 9 1 8 7 8 8 6 10 2 6
583 8 7 1 6 8 2 7 4 9 7 3 3 7 8 10
456 10 5 3 8 5 10 2 3 7 1 2 3 10 4 6
534 2 4 5 10 2 5 10 8 9 9 10 9 4 8 4
478 1 6 8 4 4 2 8 8 9 5 9 3 8 8 5
308 3 4 5 4 1 5 7 6 2 1 8 7 1 4 3
394 6 6 1 1 3 7 8 2 3 5 1 2 1 2 4
384 3 1 3 1 3 6 6 5 2 9 7 9 8 4 4
431 5 9 1 8 5 4 2 7 2 8 2 7 1 7 7
487 8 2 2 3 6 6 10 10 9 1 5 2 2 6 8
477 8 2 3 6 10 8 1 2 7 4 10 8 4 10 1
333 4 2 8 7 1 1 3 4 10 1 8 4 4 3 4
482 10 6 9 7 3 6 5 2 7 3 1 6 5 9 7
451 5 6 2 10 5 10 1 1 7 5 5 10 9 3 4
479 3 4 3 1 6 10 9 2 6 9 4 8 2 5 8
490 5 6 5 10 6 6 9 4 1 5 10 8 6 7 9
366 10 7 2 3 2 4 3 5 2 1 1 3 3 9 5
498 10 2 9 9 2 1 6 10 8 10 2 5 6 4 10
369 5 2 10 3 1 6 7 1 1 6 9 2 2 8 4
20
439 7 6 10 4 8 7 4 2 4 1 6 8 4 7 6
562 10 10 8 7 1 5 9 10 1 9 3 4 9 6 9
475 5 9 5 7 2 5 2 10 9 4 1 1 10 7 5
462 3 4 3 4 10 2 8 4 8 2 3 7 5 7 7
573 7 10 8 1 9 6 9 2 4 6 3 9 4 10 8
489 3 2 5 6 10 8 7 7 1 8 6 10 4 9 7
387 5 8 3 6 2 4 2 1 2 7 9 9 2 4 6
389 6 6 6 8 8 3 6 5 1 1 9 6 5 2 3
539 10 10 5 5 5 7 1 1 7 2 6 9 7 7 10
438 9 3 6 9 1 5 2 3 6 8 9 6 7 1 1
411 5 9 9 1 1 1 4 8 1 7 6 7 6 10 7
413 6 10 10 6 2 6 1 10 1 6 3 4 5 8 9
473 5 1 8 7 8 10 9 2 8 2 3 7 10 3 5
459 10 4 2 3 6 10 7 7 3 6 5 1 1 5 10
601 10 6 1 2 2 4 10 6 10 5 6 9 5 10 8
497 10 5 4 6 2 4 10 5 1 6 10 1 2 9 7
359 9 1 2 6 5 8 3 6 2 1 8 2 5 5 1
558 9 6 6 10 7 10 2 9 9 4 7 3 4 6 8
430 2 10 6 2 4 4 6 8 1 6 6 7 10 3 5
410 1 6 3 10 3 3 6 1 6 2 6 5 7 10 5
20
415 2 1 8 1 2 3 9 2 5 6 8 6 2 10 10
553 5 9 6 10 6 9 9 7 6 3 2 6 3 7 7
521 9 8 5 10 1 5 9 2 8 3 4 10 2 2 7
462 4 8 7 10 6 7 7 8 4 1 5 4 6 8 2
317 1 6 6 7 8 7 3 7 1 1 1 2 4 10 3
459 3 8 9 5 5 8 2 2 5 10 8 3 1 7 2
349 3 4 3 7 5 3 8 4 1 4 2 3 4 4 2
403 2 3 10 8 1 9 6 9 4 4 5 3 9 3 4
311 1 6 6 9 7 6 2 5 1 2 2 4 2 9 5
554 6 10 9 3 3 9 5 5 10 2 6 9 2 7 8
529 3 9 7 6 6 10 8 2 3 8 3 3 6 10 6
471 9 2 2 4 7 2 10 9 1 1 8 8 10 7 3
568 10 3 9 3 3 3 8 6 8 9 9 7 7 1 9
471 5 9 8 3 1 6 3 6 8 6 2 7 6 2 4
425 4 9 3 9 7 1 1 5 7 4 9 9 1 2 2
523 6 8 8 6 6 4 9 3 8 3 5 4 7 10 1
429 9 2 8 6 8 3 5 8 5 8 2 3 3 2 3
562 10 7 7 3 4 9 3 9 8 9 4 6 6 9 8
528 2 10 9 7 7 1 7 7 8 6 3 4 9 5 3
470 2 1 7 8 8 4 10 2 9 2 5 10 1 9 6
20
523 7 9 7 6 4 5 3 10 6 3 1 9 7 9 6
423 7 10 3 4 6 9 1 6 1 2 10 7 3 9 3
397 4 8 8 5 8 8 1 1 4 1 10 6 4 6 1
336 1 3 9 4 1 6 7 2 5 3 2 6 2 7 7
476 4 8 4 7 6 1 5 4 7 8 8 1 1 9 3
476 9 9 8 7 6 3 2 7 1 5 10 1 6 7 8
488 9 6 6 10 3 4 1 1 6 7 10 10 5 1 3
404 6 3 7 1 1 6 10 1 1 4 9 6 10 3 9
462 1 8 1 6 6 1 3 10 7 8 2 9 9 3 6
385 7 2 8 8 9 6 3 10 2 2 10 3 5 1 1
425 4 6 2 3 1 3 10 10 1 7 10 8 5 4 5
485 9 2 3 5 1 2 10 5 6 6 7 7 8 6 8
556 10 9 2 4 6 4 4 2 7 9 9 10 3 1 4
408 3 2 4 3 8 7 5 4 3 9 7 7 10 3 4
468 10 6 5 3 3 10 1 1 8 5 8 10 2 2 5
342 3 2 5 9 1 9 2 9 6 4 6 4 10 1 4
611 9 7 3 4 8 10 9 1 5 4 7 9 10 9 8
396 6 2 10 10 8 3 1 3 4 1 6 10 10 6 5
435 8 1 10 10 4 4 9 6 4 8 8 4 1 1 5
507 4 9 1 5 2 10 4 10 10 5 10 3 5 3 5
20
551 8 2 9 10 6 7 7 5 6 6 5 8 8 10 3
480 4 7 9 2 2 3 1 5 6 10 5 9 8 8 8
437 3 6 5 4 4 4 7 3 6 4 2 2 9 5 5
438 2 6 7 5 8 3 4 8 8 6 4 8 2 6 3
451 1 9 7 3 10 9 5 10 1 3 6 6 4 6 6
459 6 10 9 2 2 8 2 8 8 3 7 9 3 1 1
579 10 10 10 3 9 1 5 6 6 5 5 7 3 10 10
419 6 8 4 8 7 5 4 3 1 4 1 8 7 4 3
488 4 2 3 1 8 3 7 5 10 8 4 8 10 4 5
588 10 7 10 10 10 10 6 7 1 10 10 6 3 6 9
492 4 4 4 7 8 8 10 3 6 8 3 5 2 6 1
268 4 3 9 4 1 6 1 2 2 3 9 3 6 4 3
536 4 5 7 7 9 1 7 8 10 7 4 7 7 4 6
470 4 2 1 8 9 7 9 6 6 2 3 6 3 10 7
406 4 2 4 1 3 9 3 8 7 7 3 7 4 10 7
469 10 4 5 5 1 7 3 3 9 7 4 1 9 4 8
469 9 1 6 9 5 8 9 6 1 5 2 6 6 9 8
519 10 6 10 4 3 1 7 3 5 8 4 5 6 6 6
513 7 10 4 9 6 3 2 3 6 8 10 1 4 6 7
451 6 8 8 7 1 5 1 5 9 7 2 7 2 2 9
20
581 10 10 1 5 6 2 1 10 9 8 7 8 2 8 10
447 2 5 7 5 3 2 9 2 10 6 2 6 3 1 2
499 3 5 3 2 4 10 10 6 4 5 8 10 8 10 2
350 4 4 3 3 2 7 1 3 9 1 9 2 3 7 7
380 2 5 1 5 1 6 9 4 1 4 1 6 10 3 1
431 9 3 5 2 4 9 2 2 6 2 9 2 1 9 10
471 9 3 5 10 8 8 8 2 1 7 5 4 2 4 10
493 7 10 2 5 3 9 2 5 5 7 10 9 3 5 3
440 1 6 4 7 9 2 4 9 10 2 2 6 7 6 7
532 3 5 8 1 10 3 9 1 9 8 9 4 9 1 9
394 2 4 10 8 4 2 6 3 9 9 1 2 2 1 7
480 6 7 8 6 10 2 4 8 5 6 2 3 6 7 8
431 7 1 6 10 4 5 5 5 7 2 9 5 3 8 10
459 6 6 8 9 8 5 5 9 1 2 4 9 10 3 7
397 3 3 5 5 6 6 1 10 2 9 10 5 9 4 2
463 4 4 3 1 6 9 4 10 9 6 6 1 6 9 4
512 7 6 6 3 1 7 6 8 7 9 6 7 6 2 4
482 2 10 7 2 8 6 4 3 5 8 3 9 5 10 4
537 10 7 7 6 7 5 3 3 4 10 2 1 9 10 4
420 3 8 6 6 9 1 2 6 7 7 1 4 1 7 9
20
437 6 2 4 8 3 5 8 4 6 6 3 5 1 8 1
516 9 2 10 5 5 9 8 9 5 1 3 8 9 8 4
387 5 3 10 8 5 6 4 2 1 5 6 4 3 6 9
412 4 2 3 7 9 2 10 4 4 3 2 8 3 2 3
397 3 1 6 8 7 5 3 7 9 5 3 5 5 2 10
417 3 3 9 4 3 7 6 9 6 1 7 7 10 6 6
520 7 4 2 8 2 5 9 3 6 10 10 4 10 5 4
463 1 3 8 5 9 8 7 9 5 6 8 6 9 3 3
468 7 6 8 4 3 3 3 5 8 3 4 9 2 8 9
516 6 10 1 6 8 1 2 5 10 8 7 8 3 4 2
499 6 9 4 7 8 6 1 5 6 5 7 9 5 10 4
527 2 6 3 9 6 10 3 8 10 9 9 3 10 1 8
479 4 4 2 6 6 4 9 5 5 7 10 7 7 2 9
492 6 4 10 1 4 4 7 3 10 7 7 2 1 4 10
371 7 2 1 1 5 10 1 4 7 1 3 3 10 4 8
468 6 6 2 6 3 9 8 9 3 3 5 6 6 3 7
434 1 5 1 1 4 10 10 10 4 5 3 7 6 8 1
440 4 3 1 7 7 7 5 10 6 3 6 7 6 6 1
358 2 2 6 3 10 4 5 9 2 2 10 10 3 1 1
534 6 8 2 9 4 9 6 6 4 10 3 9 1 9 5
20
478 4 2 5 9 3 10 8 4 4 3 10 9 9 7 9
515 4 8 7 8 4 4 10 6 7 6 4 1 8 7 2
456 5 6 8 5 3 10 2 6 5 10 2 5 6 3 7
467 2 9 6 3 1 6 1 1 9 8 8 10 5 8 5
472 8 5 6 4 7 4 4 4 2 6 1 9 6 6 10
503 2 5 1 6 10 5 6 1 10 7 8 8 1 4 7
473 2 9 3 2 2 8 4 5 5 10 10 6 8 2 6
530 5 8 1 6 8 5 5 9 8 7 7 4 3 4 1
524 10 4 3 2 9 7 5 1 1 8 10 7 9 4 7
450 4 10 8 8 9 3 1 5 6 2 1 4 7 8 7
287 2 5 1 6 1 3 2 6 2 3 9 4 5 6 1
515 7 1 3 9 4 3 10 4 2 7 8 10 10 8 6
538 10 4 1 6 4 9 5 8 6 10 7 3 5 10 3
528 8 7 1 4 10 5 6 7 4 10 2 10 5 5 1
507 8 5 7 8 7 3 6 10 7 2 6 5 1 8 5
355 6 2 2 1 6 8 4 8 4 4 10 2 3 1 8
535 5 5 10 2 6 1 10 8 7 7 7 10 9 2 7
382 7 2 1 7 3 3 4 4 4 4 3 6 6 10 6
392 5 10 4 3 6 4 2 4 5 1 5 2 6 8 3
469 8 6 3 8 5 4 6 3 2 8 5 6 7 6 5
20
451 9 4 3 10 4 5 1 4 7 5 4 9 4 1 4
422 9 3 3 10 4 10 2 9 3 4 6 2 8 5 4
508 10 6 1 7 7 8 7 5 6 1 9 4 2 8 6
501 10 7 3 2 3 2 5 9 6 9 5 4 6 9 2
507 9 5 2 10 5 1 1 8 7 8 1 8 9 4 5
436 1 3 4 10 5 10 8 3 6 5 4 2 3 7 5
451 7 6 6 6 5 6 2 3 8 2 6 3 4 9 8
367 7 3 7 8 6 2 1 10 4 1 4 3 2 6 10
540 2 9 8 3 10 10 6 9 6 4 10 8 4 4 8
368 3 4 7 5 1 4 8 3 4 3 4 4 7 3 9
405 7 1 8 6 7 5 2 9 1 6 7 8 3 5 5
375 6 1 5 4 4 3 4 10 5 7 1 5 8 1 8
337 4 6 2 9 5 6 1 3 4 2 2 3 6 4 8
473 7 5 7 5 2 1 4 5 9 10 7 6 1 10 2
377 4 4 9 5 2 7 4 1 4 10 2 1 8 5 6
439 6 4 5 7 1 10 4 9 7 6 3 1 10 6 9
458 7 7 9 7 6 2 5 5 6 4 2 1 3 6 5
426 6 4 2 1 7 10 2 7 3 3 3 10 10 9 4
509 6 10 3 3 7 2 2 9 9 6 9 10 3 1 10
448 7 7 10 9 2 8 3 2 8 1 3 5 9 7 3
20
499 2 7 5 1 5 8 7 7 10 6 6 6 1 5 1
548 3 5 4 6 4 9 10 6 2 10 5 10 10 6 5
494 10 5 4 5 5 8 4 2 4 9 6 9 3 9 1
447 6 5 6 6 8 3 5 4 6 8 1 5 1 8 5
432 5 9 8 7 2 4 2 8 4 4 4 2 5 8 9
591 6 10 3 10 6 2 6 1 9 9 6 10 4 3 9
603 7 6 6 9 1 10 6 9 10 8 1 8 9 9 8
507 8 6 10 9 6 6 8 5 2 2 4 7 6 7 9
400 7 1 10 2 2 3 1 1 10 6 6 5 6 10 3
498 3 9 9 6 3 1 9 7 5 9 5 2 3 9 7
444 1 9 9 10 1 1 8 1 10 3 1 3 5 4 10
381 7 6 9 2 5 7 1 8 2 6 4 4 1 3 10
458 9 3 10 6 2 3 2 1 8 9 4 2 8 10 5
520 8 5 3 7 8 8 4 4 7 6 8 7 2 9 4
486 6 2 1 8 1 9 9 6 8 7 5 5 3 5 3
456 7 8 10 6 10 6 5 8 4 3 5 2 5 2 4
474 9 2 8 2 3 2 4 9 8 7 4 4 8 9 5
556 6 3 8 6 8 6 6 9 7 7 5 10 8 9 10
475 8 7 8 3 3 7 9 5 3 3 4 9 2 6 5
553 8 8 10 3 7 10 5 3 7 2 8 10 5 6 5
20
482 2 8 7 4 9 8 5 8 1 5 9 4 6 9 10
347 5 3 6 6 5 5 1 3 5 2 4 6 5 7 8
473 2 7 5 1 5 2 9 7 10 2 3 4 8 3 10
455 3 9 6 10 9 5 1 2 3 10 10 2 4 9 7
364 4 1 4 5 8 4 3 1 6 5 3 4 3 9 2
528 1 8 8 9 9 5 5 6 8 8 9 10 5 3 3
346 1 7 4 6 2 4 7 2 2 2 9 3 8 2 3
473 2 6 8 1 8 2 5 1 6 10 3 6 4 10 9
465 4 10 9 2 6 1 9 5 4 2 4 6 4 5 5
449 9 2 1 4 3 4 9 6 1 8 1 7 10 5 4
374 1 9 8 5 2 5 2 6 3 2 9 9 7 4 8
428 1 5 8 5 4 1 7 6 5 6 10 9 1 7 3
402 1 7 8 10 7 2 4 9 5 9 4 2 1 5 5
403 5 4 3 10 4 3 3 3 3 4 4 9 3 6 10
396 3 8 1 5 4 8 3 9 1 6 2 4 8 7 7
415 3 8 4 4 5 1 6 2 6 2 2 4 10 3 3
449 10 1 7 2 5 10 5 5 5 6 6 5 3 3 8
517 4 10 1 9 2 7 5 10 9 4 9 9 5 2 7
414 6 1 8 2 1 3 6 5 5 7 8 7 7 9 1
366 3 2 3 10 7 7 3 7 1 3 8 2 6 6 9
20
476 5 2 2 7 6 9 6 5 9 4 2 1 8 10 10
460 5 10 10 2 8 1 3 8 2 7 8 7 6 1 3
481 9 7 6 9 4 8 1 10 4 6 5 4 5 4 4
470 6 3 2 9 9 4 7 8 1 4 4 8 10 10 8
525 5 7 7 2 9 10 5 3 10 9 1 7 2 4 7
466 1 7 3 7 5 9 4 4 3 8 7 6 10 10 1
501 3 6 3 10 7 8 3 3 8 9 5 4 8 8 8
409 2 10 5 6 7 7 5 2 4 3 2 2 3 10 3
430 6 5 2 9 2 10 3 10 7 2 6 1 10 3 9
573 6 9 10 2 10 1 10 3 3 9 3 10 7 3 1
465 10 6 5 2 7 10 2 1 7 5 3 1 6 6 5
658 9 9 9 3 10 7 8 2 10 9 4 5 6 6 7
476 7 4 7 10 9 8 7 6 2 5 3 4 8 4 1
472 5 5 10 10 8 6 8 6 2 7 1 9 4 2 5
419 7 6 4 6 9 10 1 3 2 6 3 10 3 2 1
445 8 4 6 10 3 8 2 10 9 3 10 2 5 4 2
397 8 1 1 4 5 7 6 9 6 2 4 9 1 4 2
421 2 2 10 4 6 10 1 8 8 5 1 10 5 7 1
502 7 3 1 4 5 8 5 3 7 5 8 3 10 10 7
507 4 9 3 6 2 1 9 6 10 4 3 3 2 8 10
20
507 5 10 4 6 8 1 9 1 2 4 5 9 8 5 1
495 5 6 8 4 7 10 5 7 4 9 10 2 6 7 3
486 2 8 9 8 1 10 5 8 9 5 7 2 10 4 10
390 3 2 9 6 2 9 9 4 3 4 5 5 2 7 8
523 4 6 8 2 8 8 8 4 8 5 6 10 3 1 2
579 9 3 3 8 7 9 8 10 4 10 8 9 3 6 3
549 7 7 2 4 4 2 8 8 5 7 6 10 6 9 2
483 2 1 9 8 7 6 6 8 10 8 3 3 6 7 1
548 9 9 8 4 8 4 1 9 9 6 3 5 10 1 10
560 10 8 7 1 9 9 6 5 7 4 4 2 9 4 7
445 10 5 2 3 5 2 1 2 7 7 2 2 9 3 4
470 3 8 2 10 8 1 10 3 1 10 1 4 2 8 9
562 10 10 10 8 1 5 5 2 5 5 4 9 6 7 9
550 7 8 7 10 4 3 6 6 4 9 8 8 7 1 8
482 2 6 9 5 9 6 4 5 8 7 7 5 10 1 4
525 5 9 2 1 5 5 9 4 3 6 10 9 2 9 6
569 9 10 6 8 5 3 8 4 6 9 8 4 1 5 4
491 8 2 7 4 10 7 2 5 8 6 3 7 5 9 9
468 9 3 6 5 3 10 8 1 4 4 6 3 7 2 4
456 3 3 5 2 4 4 5 2 10 10 3 5 6 8 10
20
422 6 1 8 2 7 9 3 2 10 1 9 9 2 3 1
428 1 7 7 1 7 8 10 3 5 2 7 1 5 3 1
430 7 2 1 4 5 10 3 7 2 7 9 3 7 8 4
436 1 6 4 10 3 4 7 2 7 2 3 10 1 9 4
455 5 2 4 6 7 2 6 10 10 10 7 3 1 3 2
462 2 8 2 6 1 8 7 2 7 10 3 5 7 2 8
486 8 6 6 9 4 9 3 1 5 7 9 5 5 1 4
438 5 8 8 3 4 7 3 10 1 6 10 8 2 1 6
357 5 4 6 6 4 3 3 4 3 3 7 8 1 1 10
496 6 6 8 10 10 1 5 9 6 6 5 2 5 10 6
479 10 5 6 10 3 10 2 6 3 6 3 4 5 10 2
451 2 2 10 10 3 1 9 10 3 2 5 9 10 10 9
482 8 5 8 6 2 6 3 2 7 10 1 7 6 7 1
599 10 10 3 6 2 9 10 1 6 7 4 7 7 4 2
393 1 6 10 10 6 1 3 3 5 8 1 9 2 8 1
359 6 1 6 6 6 6 4 10 2 4 2 5 8 3 10
365 3 5 2 10 6 5 2 3 3 6 10 5 1 3 10
518 10 8 5 8 5 4 10 8 3 3 9 3 4 6 1
478 2 7 4 5 5 9 8 6 8 9 2 3 2 1 4
486 7 3 4 10 8 4 10 8 3 6 1 3 9 8 5
20
529 10 8 2 2 6 4 6 5 9 7 1 3 2 4 5
589 9 10 10 5 7 2 9 1 8 8 4 5 3 8 4
473 5 8 4 8 10 2 2 2 5 9 2 10 3 1 1
524 3 3 7 6 6 6 8 2 10 8 4 9 8 9 6
376 6 6 9 2 4 1 2 5 7 7 2 1 1 1 4
465 10 9 4 1 6 5 6 9 2 5 5 1 3 1 3
468 6 5 3 10 8 2 2 6 4 6 9 7 5 6 6
491 4 3 8 8 10 6 7 9 6 5 9 4 1 10 4
480 5 6 8 5 4 10 2 6 10 7 7 2 6 5 4
475 5 3 1 4 2 4 7 8 7 8 10 6 10 5 6
503 10 8 10 5 7 8 3 5 6 1 3 10 3 7 8
462 5 3 7 9 9 6 3 4 5 7 3 9 6 6 2
504 10 4 1 10 1 7 6 9 4 6 9 7 4 5 6
514 6 6 8 2 5 4 8 5 6 1 1 9 7 9 10
665 8 6 10 8 8 10 10 8 10 8 4 9 1 10 1
489 6 7 9 4 5 9 6 8 3 7 8 6 1 7 6
377 1 9 6 7 2 6 5 1 1 3 2 9 4 8 8
482 5 8 6 2 9 6 2 6 1 6 9 9 7 7 5
400 1 8 1 9 2 4 5 6 6 2 4 3 4 7 8
494 7 2 1 7 1 4 10 6 7 9 5 9 6 3 4
20
423 2 7 5 2 5 9 1 6 8 10 6 4 1 3 8
509 3 9 2 10 6 3 6 9 7 5 3 5 6 9 8
514 10 1 6 2 6 4 5 8 9 6 7 3 9 2 10
527 6 9 6 8 8 4 8 4 2 9 1 1 3 9 7
572 5 10 6 5 2 10 6 5 8 8 6 1 8 7 9
499 8 5 2 9 3 5 4 4 6 10 7 9 1 8 9
383 2 4 3 6 1 4 7 9 6 6 4 4 1 9 2
516 3 3 5 4 8 4 8 4 10 9 6 6 5 5 2
501 10 6 10 1 10 3 4 1 3 10 9 5 5 1 9
513 7 10 5 7 1 7 6 3 7 4 7 9 3 6 8
302 1 3 2 8 1 1 3 9 5 5 4 3 2 7 7
487 4 4 10 10 4 5 7 7 5 6 8 2 9 7 10
471 3 8 6 7 7 3 4 5 8 5 10 4 6 6 3
298 2 7 8 2 1 7 3 4 3 1 1 2 8 3 10
363 3 2 6 6 2 10 8 9 1 3 6 3 2 7 7
514 1 10 3 7 9 1 5 4 4 9 4 10 7 5 3
510 2 6 1 2 1 8 9 3 7 8 8 6 10 7 10
543 10 9 6 7 6 9 6 7 7 3 7 2 9 4 1
468 9 3 7 5 10 9 7 1 2 1 6 8 4 10 7
576 9 9 8 7 10 8 2 5 9 5 8 3 7 5 5
20
465 7 4 1 2 8 6 4 6 1 9 6 3 8 8 8
440 6 1 7 3 9 10 2 9 6 6 4 4 8 3 6
491 8 3 8 10 7 5 10 9 2 5 10 5 3 2 10
498 8 6 2 10 10 8 4 7 4 2 9 3 9 2 6
448 3 7 9 1 8 2 2 2 10 5 4 9 6 1 7
475 5 6 7 2 1 3 6 10 8 10 9 6 4 3 6
379 3 4 1 2 4 8 7 4 4 2 6 3 8 1 3
473 5 8 3 5 2 2 10 3 6 9 2 6 1 4 8
453 10 1 10 8 2 8 3 10 8 1 9 9 3 5 9
385 2 8 2 2 2 6 5 2 3 2 5 8 7 3 8
431 4 2 10 8 9 7 9 7 5 4 2 5 6 2 4
479 9 9 7 10 10 9 1 7 2 7 1 1 3 7 4
456 4 6 4 2 2 3 8 6 5 7 7 6 5 10 9
441 6 7 1 6 1 4 2 7 4 7 3 8 10 9 2
447 4 4 2 5 7 7 7 9 8 1 7 7 2 1 10
541 8 10 10 5 5 1 5 10 8 6 6 3 4 7 9
522 10 3 5 3 5 7 5 10 5 10 7 6 1 7 8
458 10 6 5 2 3 7 2 10 1 10 3 8 3 5 10
470 4 8 9 7 1 10 2 5 10 10 1 4 5 6 3
399 6 2 9 9 10 1 2 5 1 9 10 4 3 7 4
20
488 6 1 6 8 7 4 8 10 7 1 3 10 8 9 1
388 1 4 2 10 5 8 9 9 2 4 4 1 2 4 2
465 8 6 3 8 1 8 4 9 6 10 7 2 2 3 10
444 5 6 6 5 6 8 2 4 3 9 1 9 2 4 10
520 8 9 8 7 6 3 7 3 6 4 4 5 7 5 5
558 10 4 4 4 8 4 6 9 7 7 6 7 8 2 5
352 3 2 6 3 1 8 3 9 5 2 8 3 1 8 9
629 6 9 5 9 6 9 8 6 10 5 10 9 1 6 3
388 3 1 4 8 8 8 7 7 1 6 1 10 3 2 1
561 10 10 1 6 7 1 2 9 7 6 6 4 10 3 8
419 6 2 1 4 5 2 10 5 5 5 7 2 7 2 4
448 1 8 7 3 6 1 7 1 10 2 10 2 6 4 4
478 8 1 5 2 9 4 3 5 9 8 1 8 4 4 8
543 2 6 8 7 8 10 9 10 2 8 4 9 6 7 5
385 10 3 1 3 4 8 6 8 4 1 8 4 3 1 1
505 10 8 3 7 9 6 1 4 3 7 1 6 9 3 9
444 6 2 1 8 7 6 7 6 6 8 3 2 6 1 7
453 3 6 7 4 4 9 2 9 8 10 4 5 7 7 1
535 10 6 3 9 5 1 10 9 2 8 5 5 6 5 3
277 4 2 8 7 2 2 2 7 3 6 4 2 2 4 1
20
522 4 8 6 1 3 5 8 5 8 8 2 5 7 6 1
443 4 7 2 3 4 5 3 6 2 8 9 6 10 6 5
460 8 6 6 6 10 6 2 8 2 10 4 4 6 3 6
365 1 5 6 9 9 2 2 5 7 1 5 2 6 6 8
373 5 5 10 5 6 8 4 4 3 2 2 1 1 5 5
387 1 6 4 2 8 2 2 3 8 5 1 9 10 2 6
467 6 8 4 6 1 2 4 4 10 8 1 3 9 4 3
519 9 8 8 9 5 6 6 7 7 2 7 4 2 9 3
485 1 7 10 1 2 10 6 8 8 10 3 4 8 9 2
387 4 3 2 2 1 9 4 8 8 2 1 10 4 3 7
306 3 1 1 1 8 1 4 3 1 6 6 1 7 4 7
448 3 2 4 4 8 10 3 6 6 8 7 9 2 4 4
497 10 10 7 10 1 5 5 1 2 5 6 5 10 3 8
547 9 6 5 8 4 6 8 1 7 1 6 6 7 6 10
524 8 8 3 2 10 2 6 10 6 4 4 4 7 4 4
514 4 9 3 4 6 9 9 2 3 4 2 9 10 1 3
470 1 5 6 9 3 9 8 4 10 8 4 7 3 1 2
521 2 10 4 8 3 6 4 8 7 8 5 9 10 5 3
407 8 4 6 3 4 10 3 1 3 7 10 4 2 3 10
476 6 8 4 4 5 8 8 2 6 4 1 5 3 4 8
20
442 3 3 3 1 5 6 9 8 10 4 6 2 8 2 7
587 9 3 5 9 2 10 10 5 7 7 6 9 7 10 3
501 1 7 10 2 10 9 2 4 7 7 5 8 5 10 9
428 8 4 4 1 2 7 5 4 2 7 9 8 6 7 2
393 1 7 7 10 6 8 1 1 1 2 2 10 10 9 2
416 3 6 10 4 5 3 5 8 1 6 1 9 5 9 7
535 3 5 3 3 5 10 7 5 8 10 1 10 1 10 7
411 3 2 8 1 10 6 6 7 3 5 4 4 2 9 6
386 7 2 9 1 5 1 5 6 5 6 8 1 3 8 3
494 6 9 2 1 2 5 6 6 4 10 3 3 7 9 3
445 4 6 1 3 9 5 3 8 7 9 5 1 2 2 10
339 2 6 1 5 2 10 1 10 5 8 1 1 1 1 9
469 2 8 10 2 5 9 10 3 7 6 5 4 1 1 6
443 4 6 2 6 4 8 8 1 7 1 7 9 3 4 6
407 8 4 5 7 7 2 4 4 4 2 3 8 6 3 3
462 1 10 9 1 6 1 4 4 10 2 9 1 3 9 9
441 5 6 5 8 1 4 10 10 2 8 4 2 3 9 6
509 1 6 5 9 3 8 10 9 8 3 4 8 4 7 8
395 2 2 1 5 7 4 7 8 1 7 4 3 6 9 8
421 3 5 2 3 3 7 4 2 4 8 4 9 6 7 4
20
416 5 10 5 4 5 1 1 8 9 1 8 4 1 9 2
451 4 1 10 8 4 10 9 8 2 8 6 10 5 2 4
469 3 3 3 3 8 2 4 6 10 9 10 4 6 5 1
548 10 5 8 3 6 4 8 2 9 3 6 8 3 9 1
438 4 9 7 10 1 5 6 4 1 6 8 10 4 7 1
415 2 3 2 5 10 5 5 9 9 2 2 3 7 2 5
497 1 2 4 6 10 9 9 4 1 10 8 10 5 8 8
453 5 7 10 7 2 2 3 5 6 5 9 4 9 9 8
461 2 6 10 1 7 3 8 5 9 5 9 3 5 6 4
559 6 9 4 7 3 2 6 3 9 5 4 8 9 6 8
436 7 9 10 4 9 1 8 3 1 1 2 2 9 2 3
291 3 1 1 3 8 1 2 9 3 2 10 3 7 1 7
412 5 4 3 3 2 9 7 6 5 2 5 10 5 6 1
535 8 5 8 4 10 5 6 6 6 4 10 9 3 6 8
457 7 4 2 7 5 5 8 8 8 1 1 4 10 3 1
613 5 5 10 5 9 2 9 2 9 10 8 10 3 7 8
530 7 7 3 10 6 3 5 8 10 2 8 8 8 1 3
470 4 4 4 10 8 8 6 7 5 4 7 7 3 8 2
405 3 2 9 4 2 8 8 6 3 7 4 7 4 6 8
330 3 5 6 2 5 8 2 9 2 2 10 8 1 2 2
20
488 2 9 3 6 10 9 2 9 10 6 5 2 5 6 2
453 3 9 8 6 5 8 3 7 5 8 10 5 2 6 1
549 7 10 3 6 7 9 8 8 5 4 8 2 9 1 6
509 3 8 2 4 4 6 4 7 10 8 7 8 4 6 8
359 3 7 3 5 2 8 1 10 6 4 9 2 3 4 1
477 9 10 8 4 2 7 6 2 5 2 1 5 7 3 3
459 4 7 6 9 6 10 9 7 5 3 1 3 2 5 4
520 3 9 10 1 7 1 5 10 6 8 7 3 10 7 4
354 4 3 5 3 3 7 4 9 5 7 1 1 7 2 9
380 4 7 8 3 5 1 6 2 7 2 6 2 3 2 2
456 6 3 8 4 10 8 1 9 2 8 8 10 3 5 3
511 4 5 1 9 9 3 9 9 3 1 9 8 4 9 10
428 7 7 4 1 3 8 3 1 2 7 2 6 1 10 7
469 8 4 5 1 8 1 6 2 9 2 4 4 5 6 2
409 7 7 10 1 4 6 2 7 2 4 7 3 2 8 7
414 7 5 8 5 3 1 6 5 5 3 10 5 2 9 4
514 5 2 10 2 9 8 10 7 6 5 10 8 3 10 1
479 2 8 9 3 7 8 6 5 2 6 10 6 5 10 5
382 5 5 8 10 5 10 2 8 1 2 5 10 1 1 1
378 2 7 6 1 4 4 1 9 4 2 3 5 8 9 10
20
481 9 2 5 9 9 9 1 8 5 5 5 2 9 8 5
379 1 1 1 2 1 8 6 5 8 3 4 8 8 10 9
510 3 4 8 4 5 3 10 8 7 9 10 5 2 9 2
541 10 8 10 7 7 3 3 4 8 10 5 9 1 3 3
605 10 10 10 1 7 1 7 4 8 7 8 7 8 7 9
491 2 5 2 7 10 1 6 4 9 10 2 3 7 4 9
410 6 2 7 3 8 7 4 7 1 9 1 5 5 6 2
461 5 8 2 2 1 1 6 7 6 10 8 1 8 3 10
583 6 9 7 10 4 3 9 7 9 7 8 5 3 4 3
435 6 1 5 5 8 7 10 2 7 3 5 1 9 3 2
396 6 7 8 3 3 1 2 2 4 6 2 6 8 2 4
462 10 5 7 5 3 3 9 3 3 4 7 2 2 7 9
617 10 4 6 10 10 7 10 6 7 10 6 1 9 2 3
517 5 7 5 6 2 7 5 9 9 10 6 9 1 5 7
422 9 1 3 4 3 3 5 9 2 6 8 10 3 1 7
503 6 4 9 6 9 2 7 3 5 10 5 3 10 6 1
465 3 3 3 8 3 8 10 4 8 5 4 5 5 4 5
446 2 9 8 6 3 10 9 5 3 1 1 6 4 7 5
502 6 5 10 6 4 8 7 5 10 5 5 4 4 7 3
416 1 6 6 6 10 9 6 2 3 1 1 3 9 9 7
20
472 6 8 7 9 1 1 4 4 5 5 5 5 7 10 5
405 5 7 5 5 9 2 6 5 1 3 6 7 4 4 2
507 3 7 1 7 3 5 10 7 7 2 6 3 9 10 8
458 4 9 5 10 1 2 2 1 4 8 5 9 9 6 3
556 10 6 6 9 9 7 2 4 7 10 2 4 5 9 6
346 1 3 3 6 4 8 1 3 7 2 8 2 7 10 6
500 8 3 1 6 4 4 7 10 7 6 2 9 7 3 4
523 2 7 9 1 7 9 9 3 5 7 8 10 10 7 2
529 10 5 5 7 2 7 5 9 9 8 6 5 8 2 2
582 10 5 7 9 2 6 10 2 10 1 9 5 3 10 9
479 1 6 1 4 7 8 6 6 5 7 7 7 7 3 9
584 9 4 7 7 4 4 8 9 6 7 9 10 7 5 9
451 6 7 6 6 1 9 9 8 1 4 4 6 10 2 5
526 3 7 5 5 8 7 8 10 5 9 9 7 2 6 8
502 7 8 8 6 10 3 3 5 3 6 10 9 8 1 7
564 1 7 2 3 8 1 10 9 9 9 7 4 9 6 3
415 4 6 2 5 6 4 1 4 10 4 9 2 5 4 1
351 1 3 1 5 1 2 6 7 3 6 3 9 5 3 2
444 6 3 5 4 10 8 4 5 2 6 7 6 10 6 7
509 4 5 1 10 8 1 9 10 7 9 8 5 1 3 1
20
479 5 1 2 6 10 10 1 8 6 9 10 5 10 10 3
378 1 1 3 5 4 8 7 1 4 2 7 10 8 9 1
514 8 4 2 6 10 5 5 3 7 6 3 2 9 8 8
537 2 8 10 3 6 6 7 9 8 5 8 5 5 10 2
392 8 1 8 4 2 1 3 2 4 3 9 9 8 3 9
568 7 9 1 1 5 4 9 2 9 5 1 7 10 9 8
526 9 7 10 3 5 7 4 10 7 3 2 8 6 4 6
519 5 1 7 4 8 5 3 9 10 9 6 6 9 7 6
526 10 8 10 4 5 1 10 10 3 1 8 5 10 3 6
398 10 1 2 7 8 10 3 6 2 1 9 2 5 10 5
477 3 7 1 8 5 8 1 8 5 10 8 10 9 5 3
448 2 5 10 8 3 9 5 5 1 8 3 8 9 9 8
478 9 3 5 4 7 4 7 5 4 8 2 1 1 9 8
483 5 4 10 1 2 8 8 9 5 10 8 7 2 6 10
472 2 5 7 10 3 4 7 10 6 10 3 2 6 5 10
496 9 1 9 9 5 1 7 7 7 10 1 7 7 4 4
502 4 9 1 3 7 4 6 4 6 4 6 9 7 4 9
496 1 1 2 5 10 8 6 5 10 5 10 5 10 5 8
486 2 8 5 2 1 9 6 5 9 6 2 4 10 4 9
382 9 2 5 5 1 7 2 4 3 1 8 3 9 8 10
20
484 9 3 1 2 3 6 9 9 7 5 2 5 7 3 4
436 4 3 1 5 2 8 5 2 2 10 8 4 10 6 9
444 1 6 7 8 3 5 5 7 3 9 10 6 3 5 10
498 9 6 6 9 6 4 1 4 8 1 3 8 5 9 7
414 2 2 8 9 10 9 8 3 4 3 3 4 1 4 7
495 7 4 9 5 8 10 4 10 3 4 4 9 10 3 10
533 2 6 8 9 4 6 9 10 9 3 10 9 1 6 5
428 1 6 3 4 5 5 8 7 6 5 1 1 8 5 6
470 5 8 5 10 1 5 2 8 8 9 10 5 2 4 2
591 8 5 9 2 2 2 10 8 7 9 10 5 10 9 5
554 10 4 5 9 5 10 6 4 10 4 8 9 1 6 9
520 10 9 10 9 5 8 5 2 4 9 1 4 3 3 9
573 6 9 9 1 6 10 6 8 9 4 10 9 10 2 7
518 3 1 6 9 6 8 9 4 10 6 5 6 7 6 8
512 6 10 1 5 2 5 6 7 6 5 4 1 8 10 6
555 8 9 9 2 10 9 4 7 2 10 2 6 10 2 10
368 1 1 1 4 3 9 1 7 6 9 7 10 6 7 1
435 4 4 7 5 7 5 4 10 2 9 3 3 9 6 10
355 7 5 5 2 4 7 1 1 2 2 7 2 10 8 8
400 1 7 3 5 7 3 4 3 6 5 9 6 3 1 8
20
490 1 5 1 7 10 7 9 9 2 9 8 9 4 2 8
491 4 5 9 6 10 8 10 2 3 5 2 9 2 8 1
458 5 3 10 8 5 9 2 2 6 5 10 7 8 5 7
444 8 1 8 5 10 1 10 2 4 2 2 4 6 7 6
420 10 3 3 5 6 7 5 10 3 4 9 2 5 3 2
483 5 6 8 3 9 7 8 5 2 1 5 5 8 8 4
584 7 7 1 2 7 9 9 2 8 6 7 10 1 4 4
482 9 4 2 4 1 4 9 6 2 8 9 1 8 9 10
423 9 4 3 6 10 5 6 6 3 3 2 2 3 8 4
464 7 6 6 2 3 10 3 9 5 8 8 4 8 2 1
320 3 1 4 7 10 2 1 10 2 7 1 2 3 10 8
437 1 10 2 6 4 9 7 2 5 1 7 1 2 7 8
533 10 5 10 10 6 1 10 10 9 2 5 4 2 3 10
382 8 1 9 5 3 8 2 9 2 5 3 5 10 6 1
501 9 8 7 1 3 8 7 3 5 7 10 3 4 2 7
451 4 3 3 8 4 10 9 2 1 10 9 10 7 2 1
425 2 3 2 5 3 9 9 8 10 4 4 3 3 3 2
430 1 9 9 8 2 7 8 1 1 10 1 5 7 7 1
416 9 5 9 7 4 5 2 9 1 6 2 10 5 3 5
409 2 4 10 2 1 6 7 3 3 10 10 6 10 1 7
20
560 7 9 7 5 6 9 5 3 6 2 6 9 7 9 6
495 9 6 1 7 1 8 4 7 6 5 5 6 3 8 1
548 8 6 1 10 3 7 8 10 5 10 3 5 7 9 2
552 10 6 8 7 10 8 3 8 4 7 2 6 9 10 7
338 3 1 10 1 1 10 2 10 5 6 10 1 5 6 5
554 8 6 2 2 6 10 6 6 7 7 3 1 9 8 7
625 10 9 10 10 1 7 10 10 8 6 6 1 3 9 8
455 4 10 1 9 1 6 8 10 4 6 1 1 7 5 4
464 1 4 8 5 8 1 5 2 4 10 9 7 10 5 5
448 6 5 7 4 7 8 6 4 1 6 10 9 1 5 10
568 10 2 5 5 3 10 9 10 6 7 8 7 10 10 3
494 10 6 9 3 1 2 5 7 5 6 7 8 5 3 4
419 6 4 2 10 2 2 1 7 6 3 10 9 7 1 7
446 8 2 5 6 10 1 6 7 6 1 2 3 9 3 8
639 10 6 4 4 5 9 10 9 8 9 9 6 9 5 3
540 2 8 10 6 2 8 6 3 10 6 8 9 9 7 9
502 6 10 4 2 5 6 6 6 5 3 1 7 9 5 3
416 2 7 3 6 3 7 7 4 5 9 7 1 4 1 2
458 4 6 5 4 6 5 4 7 3 8 1 9 8 4 3
460 8 6 7 9 8 5 5 4 3 4 2 4 2 4 9
20
525 10 5 9 4 7 8 9 8 2 7 1 1 2 9 5
384 7 3 3 10 1 6 4 5 4 1 2 4 6 5 5
432 7 1 4 9 10 10 3 7 1 2 10 7 2 8 5
344 2 1 9 10 5 7 2 1 8 9 4 1 1 1 8
522 8 5 10 4 2 2 10 1 3 9 10 8 5 10 6
440 7 1 2 4 3 4 4 2 9 7 8 4 6 9 3
344 2 3 4 1 3 5 5 5 1 6 7 4 4 7 9
442 8 10 10 1 1 2 1 2 3 10 4 10 3 8 2
491 1 6 9 5 10 1 8 9 10 1 5 10 10 2 6
563 6 10 8 6 8 1 5 2 6 7 3 8 10 2 10
424 1 6 6 7 6 3 2 9 6 10 1 4 3 10 7
452 7 6 5 7 8 6 2 1 2 7 5 3 6 8 5
412 7 8 1 4 6 8 5 2 1 3 8 4 2 8 1
517 7 9 3 6 1 9 4 7 4 10 8 3 9 3 4
541 2 10 9 4 8 9 8 2 3 7 6 3 6 10 7
563 5 8 9 7 8 7 9 2 9 1 4 5 7 4 7
539 8 7 3 10 6 4 1 5 7 9 5 10 5 10 4
444 6 10 9 10 5 7 6 7 2 1 1 4 7 3 8
448 4 8 10 7 7 5 1 7 1 5 7 9 1 9 9
540 4 1 9 9 3 9 10 5 10 9 1 7 8 1 5
20
487 10 5 8 5 2 7 2 10 9 5 8 9 1 4 3
513 2 5 4 5 10 9 9 10 9 4 6 5 1 2 2
388 6 3 2 1 4 6 1 7 9 7 5 3 2 6 4
409 4 1 1 7 8 6 6 3 1 7 7 7 10 3 1
328 3 1 4 4 3 5 6 4 3 5 6 5 9 1 6
530 7 6 9 2 5 5 3 9 4 10 10 6 9 8 4
353 10 1 7 2 5 7 1 3 1 4 2 9 4 6 5
643 10 10 1 10 1 4 10 6 7 8 10 6 8 8 6
515 8 4 5 8 4 4 9 3 8 7 5 7 1 1 5
432 1 6 7 6 7 7 3 9 3 5 10 7 7 9 10
495 3 4 10 6 2 5 7 9 9 5 8 5 5 8 7
488 7 3 1 3 10 5 6 1 5 10 2 3 7 7 1
507 2 9 3 8 6 10 4 1 7 10 7 6 5 1 9
515 6 9 9 5 9 7 8 1 1 7 1 9 7 2 6
434 10 1 6 3 5 5 3 5 6 1 8 9 4 8 3
502 10 5 10 10 3 9 2 1 9 5 10 1 1 5 6
475 3 6 3 7 10 7 6 4 6 2 5 4 6 6 4
486 10 9 6 6 9 6 3 8 2 1 10 1 2 10 7
372 5 3 5 2 10 2 8 3 2 4 3 7 3 3 4
463 5 7 8 2 7 8 4 5 8 2 2 7 3 1 6
20
407 1 1 10 3 10 2 9 9 10 2 7 4 2 1 1
419 7 3 8 10 6 9 1 2 1 8 6 3 10 2 3
424 10 7 4 3 4 5 3 5 1 7 6 6 3 7 2
531 2 9 7 10 4 1 7 10 10 4 5 10 3 2 6
625 9 7 10 4 10 9 7 6 8 6 10 7 4 9 4
519 2 4 8 9 7 9 3 10 10 7 6 6 9 5 3
506 5 9 8 4 9 8 7 3 9 4 2 2 5 3 4
541 7 8 8 5 10 4 8 8 10 6 9 1 1 1 4
454 6 8 4 8 2 3 6 6 4 2 9 10 8 2 2
396 2 4 8 5 5 7 4 6 5 5 1 9 8 7 1
508 9 7 2 6 1 3 9 10 1 9 10 4 4 9 10
506 8 7 1 4 9 1 10 3 7 5 1 1 3 5 2
479 8 4 10 3 9 3 9 6 10 2 4 2 1 1 7
456 6 10 3 9 1 8 1 8 8 6 1 7 3 4 4
405 9 1 8 5 1 5 5 10 3 8 2 9 4 5 4
556 3 6 2 5 9 8 8 5 10 10 8 2 3 3 4
482 8 2 7 10 8 6 9 1 3 3 5 10 7 4 7
521 9 6 4 4 9 4 4 6 6 2 3 10 1 10 9
407 6 3 3 2 2 8 5 8 8 2 3 8 3 2 2
471 9 6 1 3 8 9 4 10 2 8 5 2 10 5 2
20
525 8 9 10 8 6 3 6 4 3 6 4 7 5 5 8
354 1 2 9 9 2 10 1 3 9 4 5 2 5 1 5
367 7 4 1 3 1 2 1 5 5 9 7 1 7 3 5
504 4 10 5 8 9 4 9 2 2 7 3 6 1 4 7
544 6 10 6 1 8 3 2 1 6 9 6 8 7 10 9
532 7 6 3 9 10 6 7 6 8 5 1 5 2 4 2
618 5 9 9 9 3 10 9 9 7 9 3 5 9 10 5
346 1 1 4 2 10 4 2 8 2 5 6 10 6 7 3
478 5 10 7 10 4 8 6 3 2 1 10 7 5 1 7
441 1 6 3 8 3 4 7 9 6 5 6 2 5 9 3
448 5 1 2 5 5 7 5 7 9 1 8 4 8 10 5
487 1 10 4 6 8 10 1 7 10 2 2 8 2 5 10
418 3 4 2 1 4 10 7 5 5 5 4 8 1 6 9
520 4 6 3 4 5 5 5 3 8 10 10 8 7 3 2
406 2 7 5 5 1 8 1 1 7 9 4 4 8 6 3
385 5 3 3 4 3 8 9 5 2 9 1 5 1 4 1
415 7 9 10 3 1 4 4 2 1 4 10 4 6 2 8
473 7 10 5 1 4 3 7 10 4 5 2 1 4 2 9
413 1 5 9 8 1 1 2 9 9 8 10 3 6 3 2
525 9 4 8 5 8 7 7 6 3 10 6 10 1 5 7
20
344 3 2 10 8 1 10 1 2 8 3 4 2 4 4 6
510 9 9 7 2 3 8 6 9 5 8 8 5 2 4 2
345 3 1 4 8 6 1 4 10 1 5 8 2 8 10 1
518 4 4 4 1 6 10 7 4 9 4 9 7 2 7 10
553 9 9 1 9 9 1 2 9 9 6 9 8 5 5 2
498 7 4 4 10 3 9 2 5 9 6 1 7 10 10 7
393 2 3 3 7 5 5 10 7 7 1 4 5 1 6 5
441 5 2 2 10 4 9 2 3 8 8 3 3 5 10 5
608 6 7 5 7 5 10 8 10 9 7 2 4 8 7 8
487 7 9 10 6 3 4 3 3 7 6 3 6 3 3 5
504 7 5 5 8 2 9 9 3 9 4 4 9 5 2 1
458 6 8 9 4 6 6 4 6 1 6 7 1 5 10 2
471 2 1 9 7 6 4 4 1 9 8 9 8 10 9 6
437 8 4 9 8 1 8 4 7 2 6 10 9 7 4 3
452 7 3 6 1 6 7 6 3 3 3 4 9 10 8 2
364 3 3 6 6 7 3 2 6 5 9 1 1 4 10 3
360 2 1 2 2 1 5 2 10 7 8 3 5 5 10 4
462 5 1 3 7 10 7 3 2 10 9 1 4 6 4 9
548 9 10 10 3 10 5 3 5 3 10 10 7 9 1 6
625 7 10 4 5 3 9 10 10 6 9 9 9 9 1 5
20
417 2 9 3 2 10 9 4 3 4 3 2 3 4 3 9
338 4 1 9 6 2 6 1 9 6 1 2 3 8 10 3
450 8 4 2 6 8 2 5 10 2 6 2 8 3 8 7
590 10 10 6 3 9 8 4 5 5 9 9 1 7 9 9
383 3 1 10 10 4 9 5 2 2 2 10 9 9 2 4
481 10 1 7 10 4 4 7 3 4 5 9 1 6 7 10
459 9 9 9 3 6 6 2 10 4 1 1 4 5 7 6
511 4 7 1 3 9 7 8 6 10 1 1 8 6 2 4
484 8 5 9 8 1 7 5 8 5 9 9 4 3 9 3
423 9 2 6 2 5 10 4 8 7 1 2 9 3 3 8
487 10 3 8 8 6 10 6 7 3 4 8 2 5 7 4
509 7 10 10 2 9 2 7 3 3 1 7 6 9 7 7
375 5 2 3 8 1 5 4 2 2 7 8 3 5 9 10
444 7 1 3 7 8 8 3 6 3 2 10 8 8 8 9
402 3 9 10 5 4 2 7 8 5 1 3 4 2 9 3
520 2 10 2 5 6 8 2 6 9 9 10 7 7 2 10
528 9 8 8 10 7 8 6 8 4 3 4 9 4 2 4
444 7 7 3 10 1 8 1 1 2 3 3 9 10 10 1
522 9 2 2 9 10 5 9 10 5 3 8 4 9 8 4
505 3 9 2 7 3 3 6 9 5 7 5 8 10 2 7
20
317 3 4 5 4 6 10 1 10 2 1 3 4 2 4 10
411 5 1 1 2 7 9 5 1 4 5 10 3 7 4 6
561 7 7 2 10 1 3 9 10 8 10 1 10 2 6 9
445 9 6 6 2 4 1 3 8 1 4 8 8 9 7 3
513 7 4 2 8 7 5 7 6 6 8 5 1 1 9 8
656 9 10 3 10 4 10 10 5 10 2 10 2 9 4 4
465 1 10 7 4 7 1 10 5 2 5 7 4 2 8 2
440 3 3 10 7 6 2 8 9 9 6 3 5 4 1 2
455 8 3 3 2 2 2 5 7 5 9 10 2 9 2 8
505 5 2 4 5 10 10 6 4 7 6 2 6 4 9 7
400 2 4 3 8 2 8 8 8 4 8 10 2 1 5 3
535 8 8 7 8 1 6 4 10 5 8 8 8 10 6 8
444 3 5 2 6 10 1 10 2 3 6 3 1 9 10 6
502 8 1 6 2 9 5 5 6 9 10 5 4 6 1 3
459 8 1 7 5 1 8 6 10 7 5 4 1 10 8 8
521 4 5 4 4 3 2 10 6 10 5 10 7 10 4 10
520 9 10 4 6 4 3 3 7 7 9 4 9 6 2 1
479 5 8 8 3 4 6 10 2 5 2 9 2 2 5 8
424 6 4 3 5 4 4 9 10 2 2 9 6 1 9 2
442 1 7 5 10 8 4 6 4 7 2 4 7 8 2 10
20
379 3 6 5 9 2 2 3 4 3 10 1 6 5 2 9
458 6 2 5 10 1 10 2 6 3 9 7 8 6 9 8
505 5 6 10 10 10 10 9 5 2 3 6 2 3 6 10
455 7 2 7 5 4 8 5 5 8 6 9 5 4 4 7
395 3 7 3 9 6 4 2 8 3 4 7 3 2 6 6
503 3 4 2 10 7 8 6 2 8 6 9 6 6 5 2
475 1 2 8 2 7 3 10 6 7 6 2 6 10 7 7
416 2 2 6 4 4 8 1 3 9 9 6 5 3 10 6
347 8 7 4 1 2 2 3 8 4 4 5 1 6 1 3
322 3 3 2 5 3 1 7 6 6 2 3 3 1 1 9
577 9 7 6 1 8 3 8 5 9 1 6 10 5 6 6
395 2 5 5 2 2 4 9 5 1 9 4 8 4 4 2
455 10 5 3 10 6 2 7 5 5 1 2 1 3 4 8
533 4 7 4 5 6 9 9 2 8 7 1 9 6 4 5
533 8 4 7 4 4 5 9 1 6 9 7 5 4 4 9
361 1 3 7 9 7 1 1 5 7 4 6 2 10 10 7
533 10 8 1 8 5 2 5 7 9 4 1 6 5 9 1
433 7 4 3 1 8 5 3 9 2 7 8 1 8 6 10
350 5 4 5 8 4 3 2 9 4 3 7 2 8 4 7
387 6 2 4 8 10 3 5 4 6 3 7 1 1 6 3
20
467 8 4 10 8 2 8 4 7 7 6 4 1 9 4 2
550 6 10 6 7 2 10 4 10 10 4 10 8 1 6 8
537 4 7 10 6 1 8 9 8 9 10 5 8 5 3 2
443 6 9 10 7 6 5 3 3 3 1 10 8 2 2 10
486 6 5 8 6 3 4 7 1 5 6 9 9 2 7 9
517 5 9 10 7 5 10 6 8 6 2 1 3 2 9 10
561 9 5 10 4 3 5 6 6 10 7 9 6 6 8 7
426 2 5 7 4 7 2 4 6 10 6 8 7 4 2 4
408 5 1 6 8 9 2 1 10 5 2 2 9 9 10 3
505 6 8 7 9 6 2 6 1 6 8 7 8 4 4 6
407 4 1 8 9 3 5 1 1 10 8 3 4 8 1 10
469 7 7 4 4 4 8 7 2 5 1 4 4 5 6 9
452 4 3 9 7 1 5 3 9 9 7 4 7 8 5 7
414 1 5 9 2 7 8 3 10 4 6 7 10 6 2 9
570 9 9 8 10 2 7 7 3 7 7 5 5 10 5 7
493 5 3 8 4 6 4 10 6 8 3 6 2 2 10 9
384 2 5 3 9 8 9 7 3 1 1 4 5 6 3 9
484 3 5 7 4 7 6 5 9 9 5 9 4 9 7 6
445 3 1 2 6 8 9 7 8 4 8 10 4 8 7 3
370 3 3 10 3 6 8 8 7 4 2 7 3 6 3 1
20
497 8 1 2 10 8 10 5 5 10 3 10 1 10 2 9
507 6 4 3 4 4 1 8 9 9 9 1 3 6 7 3
484 8 2 4 9 4 7 4 1 8 10 1 2 8 3 7
494 2 7 4 8 9 2 3 9 9 7 5 10 10 4 1
261 2 1 6 2 8 2 1 1 2 1 1 9 7 5 2
297 5 4 2 1 8 2 3 2 2 2 7 2 2 3 6
601 8 2 9 8 9 8 10 8 9 9 2 8 4 5 7
575 6 8 3 2 9 10 9 4 9 2 9 3 8 9 5
499 10 3 4 8 6 8 7 4 10 1 2 2 2 9 2
570 9 9 6 9 4 7 3 5 4 9 10 10 7 5 9
459 9 3 1 1 8 10 1 3 7 1 5 10 8 6 8
481 2 8 5 4 9 5 7 8 8 4 2 4 10 3 7
473 6 2 9 1 5 9 4 6 10 7 3 2 4 5 8
446 3 2 6 8 9 8 5 6 3 6 4 8 4 7 5
463 8 6 5 1 9 4 9 1 2 3 3 8 2 5 3
455 10 3 10 5 5 6 2 4 8 2 10 5 9 1 3
499 8 9 9 3 5 2 8 3 5 1 8 5 4 4 8
419 6 9 3 3 1 6 2 5 4 3 10 6 10 4 6
560 9 7 6 4 8 2 10 1 8 7 6 3 4 1 10
429 4 9 7 7 10 2 9 2 1 1 10 1 1 7 7
20
489 2 5 7 3 6 8 10 8 8 6 7 1 1 5 8
621 5 8 10 10 10 5 9 1 5 9 10 10 7 5 5
418 1 9 9 6 5 10 7 5 1 1 10 7 6 3 6
504 6 10 10 1 1 1 10 4 6 2 10 5 6 7 1
395 7 6 8 1 3 6 5 5 3 7 3 2 3 6 7
456 6 6 1 10 9 1 7 3 4 1 2 7 3 5 7
380 10 6 2 8 2 1 3 1 1 1 10 1 4 7 8
341 5 2 2 8 8 6 3 9 1 2 6 2 5 7 8
447 4 8 1 7 3 2 2 8 8 6 4 5 8 9 7
517 9 9 8 9 1 6 8 3 3 9 2 6 1 5 9
430 2 4 10 9 1 4 5 2 8 6 5 6 7 10 7
455 2 9 5 6 4 1 8 2 5 8 9 1 4 2 3
476 5 8 7 8 4 7 3 2 4 2 6 9 9 7 4
505 8 1 1 6 10 5 7 1 10 1 5 3 10 7 4
498 4 4 9 6 2 9 7 4 8 10 2 4 5 8 8
605 6 9 2 8 4 6 9 10 9 1 3 10 8 10 6
471 6 10 2 4 4 9 7 5 1 2 2 7 2 10 6
595 10 4 7 4 2 6 7 3 10 9 10 3 10 8 10
425 2 10 8 6 1 3 1 9 9 10 3 5 1 2 7
492 6 7 9 8 1 4 10 1 3 4 6 8 10 3 3
20
569 6 7 9 2 7 9 9 2 4 6 10 8 4 9 7
528 6 8 8 8 7 1 2 4 9 7 5 1 10 7 8
510 10 8 10 4 5 3 4 5 6 1 9 8 10 1 10
463 3 4 2 7 5 10 5 7 1 8 6 10 5 6 7
338 4 3 2 4 8 3 1 2 4 2 9 3 9 2 8
614 10 10 8 5 7 5 9 3 9 9 1 4 1 6 10
602 8 8 2 7 9 4 9 3 3 10 1 10 4 9 5
555 10 4 6 3 6 6 9 3 8 7 6 6 7 4 2
561 4 10 8 2 4 7 5 5 8 9 1 10 4 9 4
332 1 1 9 2 1 5 10 9 1 7 6 4 7 2 6
475 3 6 5 9 4 2 9 3 10 8 1 1 2 2 4
585 6 9 9 6 8 1 10 9 8 4 3 3 7 5 7
440 6 4 3 5 6 7 4 9 5 7 5 1 7 5 8
429 7 7 2 1 1 3 6 2 3 7 2 6 3 4 9
414 1 7 4 2 4 4 9 4 6 2 6 1 3 6 9
575 9 10 6 5 5 9 3 2 4 9 4 9 2 10 6
444 9 8 4 2 3 4 5 3 2 4 2 9 9 1 5
586 6 7 3 10 8 7 10 9 8 4 4 4 5 3 10
453 6 7 1 4 8 1 6 6 2 8 10 6 8 1 5
393 5 3 1 6 4 8 6 10 1 8 3 4 3 7 3
20
440 4 5 4 6 10 7 3 2 3 6 4 6 6 8 10
457 1 9 8 3 8 8 6 1 3 7 4 6 4 8 10
464 4 8 2 7 8 7 6 2 4 6 3 2 10 8 2
488 5 4 8 2 10 4 8 4 9 3 10 3 5 7 4
494 8 1 3 1 9 9 5 3 9 9 2 2 3 6 5
327 2 5 10 4 5 4 2 2 4 5 1 2 6 4 4
386 2 3 5 7 6 4 6 8 1 8 8 6 4 3 5
363 2 7 4 6 3 6 9 3 1 1 7 1 8 1 10
457 4 2 7 1 6 4 7 8 8 6 4 7 1 9 9
407 8 4 10 6 5 5 4 6 1 6 3 4 9 3 6
532 9 10 4 3 2 1 8 2 10 6 7 5 1 7 4
516 8 8 8 9 8 2 7 9 1 4 4 10 2 3 7
453 6 5 3 5 1 4 6 2 6 4 9 3 8 9 4
369 1 7 1 8 4 4 1 2 7 3 2 5 10 3 10
558 10 1 8 5 1 8 6 7 9 6 10 6 7 10 10
493 2 4 10 7 2 10 4 2 9 7 10 9 8 6 8
599 9 9 2 8 7 10 5 8 7 5 9 6 8 3 5
461 4 9 5 4 9 10 4 3 3 9 2 6 5 2 1
466 4 6 9 6 6 4 9 6 1 4 2 10 9 6 1
457 5 1 2 4 3 3 9 2 1 9 7 10 10 9 9
20
470 5 6 9 8 3 7 4 4 7 6 9 5 7 6 5
524 6 2 3 7 8 3 8 9 8 9 9 8 5 2 9
488 5 9 8 9 7 7 5 1 2 7 9 6 2 8 4
428 2 10 9 1 5 2 9 3 1 10 7 2 6 2 9
478 5 1 10 8 3 5 9 2 3 8 4 10 7 8 8
497 9 3 3 6 4 5 5 10 5 7 8 10 3 10 4
531 10 10 10 4 8 4 5 6 3 7 8 1 5 2 6
497 8 7 7 3 1 3 8 9 9 9 4 5 1 3 3
404 5 1 3 5 1 7 6 6 1 8 9 9 3 2 9
461 1 10 4 5 1 1 7 2 10 9 1 7 3 2 8
455 7 6 10 1 7 4 7 6 4 1 4 8 2 8 4
526 8 4 10 4 5 5 8 10 1 5 8 8 10 9 7
433 1 5 4 5 8 8 2 8 9 5 4 6 10 4 7
438 1 10 1 3 8 5 6 4 9 2 1 5 8 1 5
325 2 2 6 7 3 5 1 8 2 5 9 4 6 6 4
397 3 4 8 10 2 4 4 1 7 7 9 7 1 4 3
553 6 6 6 10 3 8 7 1 10 8 6 6 4 9 5
419 4 7 4 1 2 2 9 2 7 1 1 7 5 2 7
459 4 9 1 6 9 8 2 5 6 4 9 8 1 7 1
456 4 4 7 5 3 10 10 1 5 7 2 4 2 3 8
20
497 4 1 10 9 1 9 9 4 10 3 6 6 5 8 9
452 7 6 9 7 7 1 7 1 4 5 2 1 10 5 2
467 10 9 6 1 2 4 9 1 3 1 7 6 4 10 1
492 10 6 9 8 10 6 5 9 3 7 1 1 4 5 10
566 8 9 3 4 7 1 8 7 8 6 2 8 1 2 8
485 3 5 6 4 10 10 2 3 9 4 10 9 7 2 5
494 7 1 5 1 1 10 9 4 9 9 5 6 4 8 1
556 9 4 4 8 4 9 3 8 9 7 5 7 1 9 9
528 8 5 2 5 9 2 10 4 4 2 3 8 6 10 1
508 6 9 1 3 2 5 8 2 6 7 2 7 6 2 4
427 1 5 10 10 2 3 3 3 10 1 9 9 10 1 7
434 8 3 9 2 7 1 5 10 9 2 4 1 2 3 5
570 9 8 4 8 9 6 3 10 4 8 4 6 7 7 7
435 6 9 5 7 6 5 2 8 8 3 5 1 2 1 7
495 9 7 7 9 6 1 5 8 4 3 6 2 4 10 6
528 8 10 5 3 6 5 3 2 10 3 3 5 8 9 9
535 6 5 7 7 3 9 5 5 8 6 9 5 9 4 6
419 8 7 2 2 5 7 5 1 1 4 10 6 1 6 2
484 9 7 4 5 6 3 4 2 6 5 7 8 10 3 1
484 10 1 10 1 7 3 9 6 4 2 6 10 10 4 10
20
471 6 9 1 2 7 8 2 5 5 6 7 8 1 8 2
436 4 10 6 5 7 6 2 7 6 3 7 2 2 7 8
466 3 5 3 7 5 4 10 2 9 1 4 3 8 9 5
578 10 1 6 8 7 9 7 10 7 9 9 2 10 2 8
371 5 6 5 5 2 4 4 5 1 4 6 10 1 5 4
383 2 4 4 5 6 3 10 3 2 4 3 9 2 8 3
543 6 7 4 10 9 3 7 8 2 6 10 4 9 7 7
473 2 1 8 6 2 7 6 7 9 7 5 5 10 10 5
470 2 2 2 9 7 10 9 8 1 10 9 7 1 8 5
429 7 3 4 4 2 3 8 2 2 4 3 10 9 8 9
474 4 7 6 2 9 2 9 7 2 6 1 4 10 7 7
488 8 2 7 4 4 9 3 10 7 10 7 5 6 4 4
528 2 10 7 10 5 9 5 5 9 7 6 8 7 1 6
322 2 3 10 10 9 2 2 8 2 2 1 5 4 9 2
445 8 8 3 2 6 1 5 1 5 2 5 7 3 8 10
476 10 5 2 5 10 4 5 9 6 4 6 3 1 5 3
287 3 7 8 2 3 1 1 5 1 2 5 6 3 2 8
524 5 5 3 5 2 1 10 4 10 9 8 7 6 2 8
345 8 4 7 1 8 4 3 6 2 1 2 2 7 4 1
553 10 1 1 10 6 4 5 7 9 7 10 4 10 6 8
20
486 6 9 2 8 5 10 5 3 4 5 2 2 6 5 4
483 7 7 9 6 1 8 2 3 7 6 9 7 10 2 1
561 1 9 3 7 3 3 8 8 9 10 10 7 9 6 4
458 5 4 4 3 2 5 8 10 6 2 10 4 10 8 3
441 4 8 4 3 6 6 2 6 5 7 4 4 8 6 5
422 4 4 1 9 2 4 8 3 6 4 2 3 9 5 2
453 5 4 5 5 6 8 6 3 4 3 6 10 2 8 5
385 2 3 8 5 7 6 6 9 5 3 2 9 3 1 10
350 2 1 4 4 8 9 5 1 3 3 2 10 8 3 6
527 5 9 3 5 2 10 6 10 4 9 4 9 8 6 7
544 10 10 8 1 6 4 5 2 9 3 2 8 2 3 10
459 3 9 8 9 5 8 3 5 1 10 1 4 5 7 3
351 1 2 1 2 9 6 3 7 6 4 5 8 1 3 7
464 2 5 1 7 1 10 7 8 6 9 10 5 6 7 4
585 9 7 10 6 8 9 9 7 7 7 6 1 5 2 1
400 4 3 4 3 3 10 9 6 2 1 4 9 3 10 8
471 8 1 2 5 6 1 7 6 9 5 7 7 2 5 5
371 2 3 1 2 10 2 5 6 6 6 2 10 2 3 1
434 6 4 10 10 1 6 10 9 3 2 5 6 7 2 7
611 8 6 10 7 2 5 9 5 10 4 9 5 10 9 10
20
483 6 5 4 7 8 1 10 1 1 4 8 10 7 3 7
440 1 10 10 8 9 6 2 4 5 1 10 7 6 1 6
565 7 6 7 3 7 6 6 2 9 9 3 5 5 8 9
521 8 9 5 7 2 10 1 6 9 7 1 7 4 5 3
489 8 4 10 7 8 4 9 2 1 8 10 4 2 6 6
570 7 6 7 8 3 10 6 6 8 8 2 8 10 9 8
431 6 8 1 2 8 7 8 4 2 2 7 5 2 5 2
504 8 7 10 9 2 5 6 10 2 10 7 3 1 8 9
461 10 5 2 2 5 6 4 7 9 5 8 4 1 4 1
528 5 7 10 7 10 6 5 4 10 8 6 1 3 8 3
336 8 1 4 5 4 5 5 2 4 2 8 1 4 1 2
483 4 5 5 1 4 4 8 5 9 9 2 4 4 5 10
513 5 6 2 4 6 8 6 2 1 7 10 9 10 10 2
373 2 8 1 1 5 6 4 8 1 2 10 4 6 7 6
419 8 6 2 2 2 1 7 4 4 2 3 7 5 5 1
589 10 8 8 10 7 6 5 8 7 8 4 8 7 2 1
590 10 8 5 6 8 4 10 6 7 4 7 3 5 7 7
525 4 10 3 3 8 9 9 2 3 3 6 4 9 7 5
412 8 7 7 5 7 10 2 1 1 2 3 8 2 5 4
469 6 6 5 9 1 6 7 9 10 1 3 7 1 6 9
20
557 9 4 6 2 8 4 10 5 9 7 9 1 1 3 5
488 8 10 6 9 8 7 5 1 2 1 4 8 4 8 5
312 5 4 1 10 4 2 4 5 2 4 3 1 6 2 4
463 1 8 2 5 3 2 9 3 9 2 1 2 8 9 10
454 8 4 1 5 8 1 4 4 1 7 1 10 9 9 7
505 6 5 5 5 10 5 8 10 3 6 3 8 5 10 6
410 4 4 6 6 7 4 8 5 3 2 1 4 5 4 6
481 1 7 1 6 9 8 3 7 10 9 5 2 1 3 3
448 7 8 3 2 5 1 1 4 5 9 9 2 8 10 7
522 8 10 9 10 6 2 5 1 4 5 7 5 6 3 5
524 5 10 4 4 5 6 7 9 7 8 2 6 4 6 1
588 7 10 9 9 9 2 5 2 4 10 9 9 4 5 5
396 2 5 9 5 4 6 1 5 5 4 4 10 8 2 9
473 7 8 6 8 9 4 3 10 5 2 3 1 1 9 9
493 7 10 8 3 5 5 10 4 1 2 6 8 8 5 4
503 4 10 7 4 1 9 3 8 7 8 4 7 10 4 1
544 10 2 4 1 6 6 9 3 10 6 9 5 6 2 10
429 9 3 4 2 6 4 5 2 3 10 1 2 3 8 10
470 9 4 9 1 8 1 4 8 8 4 7 9 3 2 2
479 8 4 7 9 8 5 4 9 8 1 8 4 3 8 7
20
396 1 3 9 9 7 2 5 8 3 5 10 1 10 7 6
496 4 4 7 10 7 4 2 7 10 5 7 6 1 10 6
435 5 5 8 7 1 4 6 7 2 9 10 6 5 6 9
494 1 10 3 3 8 7 8 7 1 5 8 2 10 6 7
426 6 10 8 2 10 4 1 2 2 2 9 3 9 3 2
573 8 9 6 7 10 4 7 3 5 7 7 7 1 4 9
450 3 9 2 1 5 7 8 6 5 7 4 3 4 7 2
487 8 8 4 4 6 8 4 5 4 6 2 5 7 4 9
489 3 7 9 1 10 5 4 9 7 9 10 1 1 3 6
449 4 6 3 3 5 9 3 9 4 7 6 9 3 5 5
372 4 1 7 7 7 2 2 8 3 6 4 7 2 5 9
536 6 7 10 10 5 9 4 9 10 1 1 5 6 8 3
547 9 4 7 10 9 9 8 5 4 1 1 7 9 10 1
532 8 7 8 1 6 4 10 4 6 6 2 7 6 3 8
516 5 2 7 8 2 9 10 6 7 5 6 9 3 7 2
467 5 4 9 10 9 3 8 5 5 7 2 4 9 2 2
501 1 7 9 3 9 5 9 9 7 8 1 5 9 2 3
479 3 4 4 7 9 4 9 1 6 10 10 2 4 4 4
496 2 9 2 9 1 7 5 3 9 1 10 7 1 10 10
600 7 9 8 10 8 10 4 2 8 6 1 10 8 5 7
20
326 1 3 5 4 1 2 5 3 3 2 4 8 10 4 6
456 1 2 4 9 7 10 2 2 8 5 10 10 4 7 10
489 5 4 2 6 3 8 5 6 9 8 5 5 2 8 9
228 2 3 7 9 5 3 3 1 1 1 2 1 2 3 10
460 7 2 6 2 2 3 8 6 5 1 5 9 7 10 8
519 8 8 8 1 7 1 2 2 8 8 10 6 6 7 4
448 6 2 10 10 3 6 9 4 6 5 3 1 7 5 4
384 5 2 5 6 7 10 5 7 3 5 1 1 9 1 5
391 6 9 1 2 4 1 7 3 1 5 1 2 3 8 6
477 9 9 3 6 8 7 1 2 2 4 10 6 5 5 1
502 8 2 10 5 1 10 9 3 5 10 1 6 2 10 10
313 1 3 1 5 6 2 2 4 4 5 1 5 6 3 7
523 1 1 4 8 9 3 10 9 10 7 5 6 8 9 10
451 4 1 6 4 8 8 1 1 10 9 5 8 5 1 5
441 9 4 1 7 7 4 2 3 8 5 6 9 1 1 5
576 7 9 5 2 10 1 6 4 9 10 7 1 8 4 1
416 4 4 6 7 3 2 7 2 2 4 8 7 10 8 7
606 10 6 2 9 5 2 8 5 7 10 2 9 5 5 7
504 5 10 10 10 4 9 2 6 7 7 4 4 6 2 8
430 2 8 9 3 2 1 7 8 6 4 5 7 3 2 5
20
570 9 10 1 9 4 1 8 5 3 9 8 9 6 8 6
546 9 10 7 5 6 6 5 3 8 2 2 8 2 4 6
435 5 1 4 3 4 5 9 1 10 2 9 9 1 7 2
543 10 7 9 5 4 5 2 1 9 9 7 5 1 6 7
537 9 4 1 10 9 6 3 8 5 8 3 2 10 9 7
436 5 4 3 9 2 10 9 2 4 4 2 2 5 2 8
581 9 9 8 7 3 2 2 7 8 9 4 10 9 8 1
400 9 3 6 6 3 2 5 8 7 1 2 5 2 8 7
447 5 3 6 1 5 2 7 5 10 5 3 4 1 10 4
411 1 9 8 8 1 4 2 5 6 1 8 6 9 6 8
609 5 8 9 3 7 7 8 8 9 5 7 8 7 7 8
460 6 9 2 6 5 3 6 8 8 2 3 3 1 5 1
456 5 10 4 4 1 4 2 6 9 8 3 1 4 6 9
387 1 1 5 10 10 5 2 7 8 2 1 6 1 8 8
514 3 5 9 8 5 10 7 4 5 7 6 7 6 7 8
435 1 9 7 6 1 3 4 2 5 10 5 2 6 9 5
286 2 1 6 5 1 6 5 1 5 1 4 5 9 3 2
360 5 1 7 3 7 4 1 9 3 6 6 10 2 6 6
522 9 6 9 6 10 10 4 2 6 4 8 9 3 5 2
524 9 1 10 4 10 10 10 10 1 8 3 10 5 5 5
20
350 2 1 9 1 3 7 5 5 4 8 6 6 5 8 2
462 8 8 1 6 6 2 4 4 2 4 6 2 9 6 10
446 4 3 8 4 3 10 8 5 4 9 1 4 8 2 5
380 6 5 1 2 5 5 2 1 1 9 4 3 10 8 7
527 4 9 8 5 3 7 10 3 6 1 6 5 10 10 4
456 7 4 4 4 10 1 7 7 1 7 10 1 4 10 2
463 1 10 3 7 9 8 2 8 6 1 8 7 9 9 4
517 10 4 7 10 2 4 8 9 7 8 1 10 1 5 5
481 7 4 1 4 9 4 7 5 5 3 9 6 9 8 3
573 10 3 1 7 9 9 7 4 6 6 3 6 9 4 9
509 6 4 5 5 10 9 2 6 10 5 7 4 6 1 8
375 10 2 4 6 3 8 1 5 4 1 9 3 3 10 5
567 5 7 2 7 8 7 8 5 6 9 1 8 9 7 7
579 7 5 7 9 10 10 8 9 8 4 9 5 6 5 7
466 10 6 1 1 7 3 7 6 3 7 2 1 2 9 5
391 9 2 9 2 9 1 2 7 4 2 6 4 2 5 8
474 9 1 9 8 6 1 1 8 9 6 9 9 3 2 7
475 10 2 8 6 4 8 10 1 3 10 1 1 6 3 4
434 1 2 7 10 3 6 10 4 5 9 10 5 8 1 5
470 10 3 3 6 5 3 4 10 6 10 8 2 1 8 5
20
439 9 2 1 10 9 6 10 1 3 3 5 2 3 1 9
412 3 10 1 6 7 6 3 9 4 1 2 9 1 5 2
490 6 3 6 4 10 5 3 9 7 10 9 8 3 2 1
472 6 5 10 10 10 5 1 7 2 7 4 5 6 9 9
413 8 3 8 1 10 3 2 7 5 7 4 2 2 4 8
375 2 2 3 9 7 1 9 9 4 3 2 5 2 10 1
472 7 6 4 6 2 9 9 5 1 9 1 6 4 10 1
457 9 7 3 4 2 1 7 1 6 7 3 3 4 2 1
604 8 6 10 9 3 9 8 6 4 10 9 7 3 10 9
357 5 1 5 2 8 2 1 9 7 4 1 5 4 10 7
383 4 6 9 1 2 10 5 8 4 2 4 6 5 3 5
513 5 7 3 5 6 7 8 7 6 2 9 8 6 3 4
419 8 3 9 2 3 8 3 4 5 7 3 2 7 3 10
468 9 1 10 9 5 9 8 7 4 4 5 3 5 5 7
446 3 6 2 5 8 2 6 6 6 2 10 4 10 5 2
598 7 10 10 2 3 9 10 3 7 8 2 6 8 10 4
422 3 4 10 7 4 9 3 8 8 6 1 3 9 3 3
492 4 10 8 3 4 3 6 9 9 2 2 10 1 3 7
582 5 10 4 8 7 4 9 7 7 8 7 6 2 10 5
442 10 8 6 1 7 5 9 5 1 1 3 3 1 5 2
20
466 7 2 8 8 6 8 5 2 4 7 4 9 8 7 2
462 1 6 1 9 1 8 6 5 8 6 2 4 5 10 9
433 10 2 1 2 3 7 4 10 10 2 7 3 6 1 4
379 1 5 1 4 3 3 6 3 8 3 5 2 5 7 6
610 10 7 10 6 4 9 9 4 9 5 7 5 5 9 2
449 1 4 4 2 10 8 6 10 9 7 2 5 1 6 8
472 8 4 2 9 4 1 2 5 9 8 6 3 6 6 10
403 1 2 8 6 8 1 5 5 8 2 4 7 8 8 9
425 3 9 3 6 6 1 3 6 4 4 7 3 3 10 1
531 7 5 5 4 7 8 1 10 10 5 7 10 8 7 2
421 5 5 2 9 8 4 3 3 10 7 1 2 3 2 4
480 7 7 3 5 10 5 5 1 5 8 9 5 3 1 2
231 2 1 4 2 1 8 2 9 4 3 4 1 1 7 1
496 7 8 10 4 1 9 6 1 4 10 4 7 6 2 2
347 5 1 3 8 5 4 2 1 4 9 5 2 2 4 9
449 5 6 5 6 10 10 6 9 5 2 1 2 5 7 4
471 8 2 8 6 10 3 7 4 5 5 6 3 5 2 3
419 10 6 1 10 6 7 1 8 3 1 3 7 2 5 8
354 5 5 9 4 1 1 5 5 4 2 4 2 4 8 3
521 8 3 4 10 2 7 7 9 10 4 1 5 10 8 8
20
575 3 10 5 5 10 4 10 10 9 6 2 9 1 4 6
538 10 5 2 2 5 10 8 2 3 10 3 8 9 3 4
397 4 1 2 6 7 9 3 6 7 1 9 10 5 4 4
561 10 3 4 5 9 5 9 8 8 6 10 4 6 3 5
467 7 5 9 8 8 4 10 5 2 1 2 3 10 9 2
436 6 7 9 5 4 6 7 7 4 1 2 1 6 9 5
584 7 10 8 2 7 2 5 4 9 8 1 10 2 10 5
470 3 6 4 10 9 8 3 1 9 3 1 4 6 7 8
549 7 8 1 1 7 5 9 5 5 6 6 7 5 2 10
421 4 4 6 9 9 6 9 5 5 1 3 3 8 3 2
386 9 2 6 1 1 1 5 7 1 10 4 4 9 7 6
502 2 9 7 5 8 5 4 4 7 8 1 8 4 5 4
478 7 9 7 3 8 6 1 5 6 4 6 9 2 3 4
460 3 7 4 2 6 7 2 4 9 5 1 10 10 1 8
496 5 3 4 5 3 6 9 4 8 2 7 9 8 9 2
493 5 5 1 1 2 10 9 3 8 9 9 7 1 3 4
553 3 10 7 5 3 7 7 2 8 7 6 5 8 10 9
480 2 9 10 10 2 9 9 8 5 3 1 6 7 8 3
432 1 10 2 10 7 3 9 8 2 4 2 1 3 9 3
654 10 10 5 10 6 7 8 9 9 9 2 2 6 5 6
20
423 1 7 3 6 7 6 3 2 2 2 7 5 10 10 10
361 1 6 5 9 5 5 5 8 1 7 7 8 3 1 2
546 1 5 1 9 9 9 10 10 8 6 5 8 10 2 6
538 6 1 3 8 8 4 9 10 7 9 10 9 2 5 5
445 10 4 9 5 3 2 6 7 4 2 1 5 3 7 9
460 8 8 5 6 4 9 1 4 4 8 6 2 8 5 3
541 4 9 10 4 3 5 9 4 8 1 10 10 8 10 4
488 6 2 9 1 9 6 9 9 5 9 2 2 6 2 8
498 7 9 6 2 6 4 9 2 1 2 7 6 8 8 7
494 7 3 10 4 4 8 10 6 3 3 10 9 6 3 7
482 4 1 1 2 8 5 10 8 10 5 5 1 8 7 8
510 5 5 9 7 3 6 8 7 5 8 3 4 10 5 10
406 3 6 6 5 3 9 3 7 5 9 2 2 1 6 1
521 3 9 9 2 7 10 6 8 8 1 4 4 10 8 1
465 5 5 3 9 8 10 5 2 3 10 4 5 1 4 9
536 6 5 9 10 10 4 8 7 1 10 7 9 1 9 7
552 8 7 8 3 10 4 3 7 10 8 2 3 7 4 3
484 8 3 9 10 4 2 10 10 3 3 8 8 2 3 8
467 5 6 5 9 10 1 10 7 1 4 5 7 8 2 4
501 4 5 5 1 10 8 6 10 5 10 10 2 7 4 2
20
501 6 1 6 6 7 2 9 2 7 8 4 8 9 10 3
411 9 8 7 2 2 3 6 2 2 2 7 4 2 2 10
553 9 1 5 6 10 9 10 2 6 2 2 9 4 10 2
524 4 7 5 10 5 2 9 2 9 2 5 6 6 7 5
528 4 7 10 10 10 3 6 1 9 10 5 6 4 2 2
477 10 2 7 10 1 7 5 3 3 1 10 10 6 9 6
413 5 8 3 10 3 7 4 5 4 1 5 10 5 2 1
283 2 1 8 6 2 1 7 5 1 1 8 1 7 8 2
472 2 2 1 9 4 9 6 6 10 6 4 6 9 6 4
413 5 7 1 5 3 1 3 3 7 8 8 5 1 2 10
543 9 8 7 2 5 3 5 1 10 8 10 3 6 2 8
543 10 8 9 2 2 6 3 5 10 10 6 2 9 2 10
601 8 9 6 9 5 3 7 5 10 10 9 6 1 2 4
424 1 6 6 6 5 2 9 8 7 1 4 10 6 1 2
518 5 2 6 8 3 6 9 4 8 10 7 7 3 4 9
606 10 5 2 7 8 8 10 10 5 4 8 10 3 8 6
535 9 9 5 2 7 10 2 1 8 5 2 1 8 7 5
362 6 1 9 4 5 4 7 8 1 5 1 9 4 2 1
564 6 5 6 4 9 7 9 7 9 5 8 2 4 10 7
482 4 9 9 4 8 10 1 2 7 1 9 9 3 7 7
20
489 2 10 4 4 8 3 10 10 1 2 7 8 7 8 6
524 10 8 10 6 7 2 7 7 3 10 1 1 8 6 2
455 2 5 7 8 1 10 5 3 3 7 10 8 9 10 8
521 8 2 8 3 8 2 9 10 7 7 2 2 10 4 9
420 2 8 2 4 7 2 5 10 6 1 5 3 9 9 3
531 8 10 10 9 7 6 1 7 8 4 6 1 3 10 8
436 1 6 8 5 9 9 5 10 2 1 10 7 8 6 6
377 5 1 9 2 5 7 2 6 1 8 5 7 7 5 9
617 6 9 2 2 6 8 10 1 8 9 5 7 8 2 10
520 6 3 8 1 9 10 9 4 4 8 5 7 1 10 8
525 1 5 4 10 8 5 10 5 8 10 2 9 2 3 4
467 2 4 8 7 6 8 5 2 8 7 8 9 1 10 1
378 3 7 4 10 2 6 9 8 1 2 5 1 1 5 2
421 2 9 7 2 5 1 2 6 9 5 4 8 9 1 1
415 2 8 1 6 6 6 3 3 1 6 10 7 3 6 8
482 7 7 5 9 7 6 10 8 3 5 4 2 3 3 4
522 6 1 9 3 9 5 10 10 8 8 7 1 7 6 1
520 1 10 9 5 7 10 6 7 4 6 5 8 6 8 1
469 3 7 9 3 3 8 9 9 4 4 8 3 7 4 2
481 6 5 2 6 4 9 3 8 9 7 1 8 1 5 2
20
422 4 9 6 7 1 5 5 4 10 1 2 2 7 4 6
490 9 2 5 3 10 1 4 7 8 4 10 6 5 5 9
356 1 7 6 3 5 1 1 6 6 5 3 1 9 6 3
429 7 4 3 3 6 4 5 7 6 3 7 4 6 3 2
415 1 1 6 7 2 6 10 6 7 2 6 7 10 2 9
532 4 5 8 5 10 7 9 4 6 6 10 8 1 8 10
362 5 1 2 3 6 2 7 3 1 5 2 6 9 1 5
430 10 10 9 6 7 2 1 2 1 2 7 7 1 3 4
513 9 4 2 8 1 2 10 1 8 4 9 5 7 1 7
366 6 1 1 7 1 3 4 1 9 1 4 8 7 3 5
402 10 1 10 2 2 1 1 8 8 8 9 1 6 5 6
399 1 2 6 7 1 9 3 3 3 10 7 5 8 10 1
283 2 2 3 1 3 6 1 4 2 8 5 2 7 8 1
416 2 4 2 3 6 8 2 8 8 8 3 8 4 2 7
466 9 2 3 6 6 3 5 8 5 10 1 8 3 6 7
504 7 2 6 9 10 9 8 1 2 6 6 10 6 5 10
510 8 8 1 3 9 3 9 2 3 3 7 3 5 9 2
542 3 9 5 5 8 3 7 8 8 6 8 7 7 10 2
368 1 2 1 5 2 9 4 10 7 2 1 10 4 6 3
559 9 9 10 9 7 5 2 9 8 10 3 5 8 1 2
20
459 3 5 7 2 10 9 5 1 7 5 3 2 7 7 8
445 7 3 10 8 4 2 7 6 6 5 1 2 10 5 3
477 3 10 5 9 1 9 5 7 5 7 8 9 1 2 6
646 9 9 1 7 4 7 10 6 10 4 9 9 6 4 10
365 3 8 6 5 1 2 4 7 4 1 5 10 2 4 9
377 1 1 4 10 5 6 9 7 5 3 4 4 2 5 8
481 6 10 1 1 4 5 8 2 8 3 6 7 1 6 2
579 5 7 9 1 10 7 8 3 8 9 3 9 7 10 1
491 8 7 7 2 4 6 1 7 6 6 3 10 10 3 7
416 3 10 4 2 1 5 1 10 7 3 1 5 9 1 9
525 8 9 7 9 6 6 9 9 1 3 3 8 2 2 10
503 3 7 10 9 9 1 6 7 9 2 9 2 5 5 10
561 7 3 9 10 10 2 8 7 2 8 7 10 10 9 5
521 6 5 8 9 2 10 8 6 9 3 9 5 9 1 4
454 5 5 4 1 3 9 4 9 10 1 10 6 6 7 2
384 5 5 10 9 1 10 3 3 2 7 1 2 3 10 3
399 2 7 3 7 3 8 7 6 2 4 3 9 5 1 4
535 9 6 1 6 7 3 2 10 7 8 7 8 2 7 10
393 1 4 6 4 4 1 9 10 7 4 6 1 2 10 8
340 1 5 3 1 5 10 5 2 2 3 9 1 4 4 9
20
566 10 3 4 5 6 4 9 2 6 8 7 8 7 5 4
430 9 8 3 5 5 3 4 8 3 2 5 1 9 2 10
451 5 4 10 8 6 7 8 9 4 1 4 8 6 6 3
560 6 6 3 9 3 9 6 2 10 6 4 8 7 9 8
503 6 5 9 2 6 9 7 5 5 4 9 3 9 6 8
472 7 7 10 6 8 8 1 7 10 3 4 6 1 1 6
449 3 9 10 5 9 1 2 6 9 2 3 3 2 6 9
436 9 1 5 2 9 8 7 4 9 3 1 3 2 3 5
439 7 10 3 9 1 10 6 7 3 1 5 3 5 5 4
601 9 8 4 10 1 10 7 8 6 9 8 4 8 8 7
385 1 2 3 7 8 7 4 10 10 2 8 5 3 3 2
471 6 2 5 1 7 6 7 10 7 5 4 9 2 9 3
525 3 7 6 5 8 2 9 10 5 8 5 1 9 7 5
530 1 8 9 8 9 7 5 3 10 9 2 5 5 2 1
448 4 4 1 10 1 6 8 7 4 5 8 5 2 10 9
559 9 8 3 8 3 8 8 7 8 1 1 9 4 2 10
496 7 6 9 9 10 4 2 6 8 3 9 10 7 1 1
457 3 5 2 8 4 7 3 10 10 5 6 10 5 2 6
529 9 8 6 9 2 7 9 3 2 9 2 3 9 4 5
659 7 10 7 9 10 8 7 3 10 8 10 8 9 4 1
20
329 3 2 3 6 9 4 1 2 5 2 3 2 9 1 10
539 7 7 7 9 4 1 3 8 9 9 8 5 8 4 5
415 6 4 3 2 6 5 5 5 2 1 8 8 7 6 10
479 7 8 7 6 7 9 7 8 1 4 9 2 6 2 5
456 8 6 3 9 5 10 4 9 3 2 1 10 3 7 1
449 5 9 2 3 7 8 1 9 7 7 2 1 3 6 10
496 5 7 3 10 5 10 6 10 4 5 9 2 2 10 9
405 8 1 2 3 7 8 10 1 1 2 3 3 5 9 6
546 4 8 8 9 9 3 2 8 8 10 10 10 1 2 9
459 6 8 7 6 5 1 10 4 4 2 4 7 6 2 8
514 3 10 8 4 10 8 5 9 4 8 3 4 10 5 8
581 8 8 7 10 10 4 7 3 4 5 9 4 10 5 6
466 8 4 3 6 5 8 1 9 5 9 2 7 6 9 10
402 3 3 9 4 8 6 1 9 6 7 7 3 2 5 4
537 9 8 9 10 5 10 4 2 5 5 6 3 7 10 2
491 9 3 9 5 5 4 5 5 4 4 9 10 9 4 1
528 8 1 8 1 5 10 10 7 5 8 3 8 9 7 9
441 2 3 10 2 2 1 8 2 9 8 7 5 7 3 8
469 9 1 6 3 9 8 4 10 6 8 7 8 3 3 2
480 7 10 6 10 4 1 3 1 6 6 4 7 3 10 3
20
498 9 6 5 9 4 2 10 5 2 8 9 2 10 2 2
456 7 4 3 2 4 10 9 10 3 9 9 3 3 1 2
531 8 4 5 9 2 10 4 4 9 8 9 8 4 8 3
351 1 2 3 10 1 6 5 1 9 3 8 6 1 1 8
492 7 5 1 2 9 9 8 3 4 3 3 7 1 7 7
361 8 1 9 1 6 2 3 5 3 4 10 1 7 9 1
502 4 8 5 5 5 4 3 7 9 5 5 6 10 4 3
492 2 10 3 6 10 8 7 3 4 4 8 4 5 3 5
372 3 3 3 4 4 2 3 10 4 7 8 7 10 2 2
369 4 4 5 2 3 3 2 5 3 7 4 10 5 5 10
536 7 9 10 4 4 10 8 6 3 3 7 2 9 7 4
301 3 2 3 7 5 5 2 5 3 2 1 9 1 4 3
507 10 4 3 4 10 1 7 9 9 6 8 3 2 1 4
515 6 7 8 7 4 6 8 8 7 4 1 8 2 4 3
405 5 10 9 9 1 1 7 2 1 1 10 7 8 1 6
449 6 2 5 8 1 1 9 10 6 5 9 1 10 6 8
453 10 6 6 10 9 6 1 7 1 1 4 9 9 5 1
418 4 2 5 5 7 1 10 9 4 7 7 6 2 1 1
461 8 2 4 10 4 10 7 7 10 2 2 4 3 1 10
385 3 4 2 8 2 6 5 7 7 6 8 3 5 2 4
20
521 10 10 2 7 5 1 1 2 5 10 1 5 10 7 2
516 4 9 1 5 8 7 5 7 8 1 4 7 10 2 7
571 7 10 5 1 6 6 7 7 5 9 6 8 6 8 3
470 7 9 1 7 5 7 2 4 3 2 7 9 10 8 4
504 5 3 4 7 10 4 6 6 8 9 8 1 4 9 3
302 1 1 8 3 1 5 1 4 9 5 8 8 1 4 3
478 6 2 2 6 5 7 8 5 9 2 4 7 7 6 4
517 4 7 9 9 10 6 7 10 7 6 1 2 8 5 7
445 6 10 9 1 7 1 2 5 4 6 4 5 5 4 9
474 7 3 6 8 3 10 1 10 10 6 1 10 3 6 1
550 2 5 6 2 3 7 9 10 10 10 4 1 9 10 9
479 7 8 7 9 3 6 7 7 3 2 5 7 3 6 6
422 4 3 7 6 7 7 3 5 7 5 3 3 7 2 4
450 10 2 8 2 2 7 3 8 5 6 10 9 6 6 7
505 8 1 3 8 8 3 5 1 9 4 3 10 5 7 5
479 6 5 5 2 1 5 10 10 8 2 4 7 4 10 4
419 8 6 1 9 6 4 4 3 1 6 9 1 6 1 1
562 8 7 7 5 2 5 9 8 8 10 10 5 6 3 3
537 6 8 3 2 1 10 5 5 9 5 8 8 8 7 3
425 3 3 6 6 6 9 4 3 6 5 2 6 3 7 6
20
554 7 3 10 3 4 7 10 3 8 9 7 6 8 3 10
354 5 4 3 1 8 4 2 1 6 6 3 6 3 3 3
392 4 10 7 4 7 4 2 5 3 4 6 3 3 1 2
588 3 9 6 5 5 4 10 6 7 7 7 6 8 6 10
670 7 7 1 6 8 9 6 2 9 10 8 10 10 9 6
506 2 9 5 6 10 1 6 3 7 9 5 1 3 6 10
463 6 2 7 1 8 8 7 4 6 2 2 8 6 7 6
350 2 7 4 3 3 1 6 5 2 2 4 1 9 3 7
411 3 3 6 2 8 1 3 6 5 9 5 2 6 9 9
588 10 3 3 7 10 10 9 1 5 8 9 7 4 5 6
476 2 5 6 9 10 8 2 1 9 9 8 6 1 7 5
633 10 7 4 10 1 7 7 1 9 10 8 5 9 6 10
319 2 4 1 2 9 4 1 5 7 1 4 2 8 3 6
440 4 2 5 1 9 3 5 10 8 5 7 4 10 4 10
451 5 3 6 4 4 10 4 6 9 5 8 1 10 4 2
467 9 5 2 4 3 5 10 7 1 9 4 1 5 8 6
390 7 5 2 4 1 4 7 8 2 2 10 3 6 1 6
475 9 7 1 5 8 9 2 8 5 3 10 3 6 1 9
511 10 1 7 2 3 5 8 10 9 7 4 2 10 3 8
470 5 6 8 2 5 8 1 9 7 8 5 1 8 10 1
20
433 9 6 4 2 1 4 7 9 4 2 6 8 2 7 2
491 10 10 8 5 8 1 10 2 2 1 2 1 2 7 4
552 8 2 9 10 9 4 9 6 5 1 8 10 8 10 5
385 2 5 9 10 6 4 8 1 4 3 2 2 2 6 1
548 10 4 5 9 6 4 6 9 6 10 8 2 3 6 2
373 1 8 1 3 7 10 4 8 3 6 1 5 2 3 3
407 1 9 9 3 10 3 6 9 1 8 1 6 4 1 7
384 4 6 4 7 8 2 3 8 5 3 1 5 1 5 4
424 6 8 4 5 1 9 3 9 5 3 4 8 6 2 5
444 3 8 3 1 10 5 3 10 5 2 7 10 9 5 2
528 10 1 7 9 6 2 9 9 2 10 6 6 9 10 2
494 10 4 1 5 3 5 10 1 6 4 8 2 4 4 9
471 8 4 10 6 10 7 5 6 1 3 5 9 5 9 10
439 3 2 9 8 8 1 7 6 10 3 4 2 7 6 9
469 3 8 1 2 9 6 9 2 1 10 1 2 6 9 3
423 1 6 2 10 2 2 8 4 6 5 2 8 5 8 9
601 10 10 9 4 10 8 6 4 6 6 3 6 6 2 4
488 3 3 10 6 4 9 5 2 10 1 9 4 10 9 8
568 5 7 1 8 9 8 8 7 9 3 3 9 3 7 9
504 4 8 9 1 9 2 5 7 7 10 6 3 9 1 2
20
434 8 1 8 10 8 7 1 9 4 10 6 6 4 1 10
467 3 4 10 1 10 6 6 8 8 5 2 8 6 4 4
445 5 3 3 1 7 5 4 6 7 9 10 1 4 5 1
480 5 8 1 2 2 3 1 9 7 10 8 4 10 6 7
473 3 7 3 7 1 6 10 9 3 5 4 9 1 4 7
361 9 2 8 5 6 10 2 6 1 3 6 1 2 6 5
405 5 6 7 7 1 5 1 9 9 1 3 8 5 5 10
541 10 8 8 1 4 2 10 6 2 3 1 6 9 10 9
475 8 8 2 1 2 4 3 5 10 6 8 5 7 3 1
395 4 1 2 5 4 4 10 5 4 3 3 4 8 8 6
423 7 4 3 1 10 7 8 9 1 3 2 6 1 4 8
573 10 10 10 5 4 8 10 2 8 1 10 4 8 1 7
406 10 5 4 10 9 3 2 10 2 2 7 3 4 1 8
455 7 1 4 4 8 5 5 4 3 6 6 6 7 7 7
245 1 4 1 9 5 3 2 10 2 1 7 1 4 1 3
533 10 9 9 6 9 5 9 3 1 1 3 10 8 2 7
368 2 3 4 8 4 8 5 4 2 3 10 8 2 8 3
595 10 3 9 4 7 6 10 5 8 7 4 10 2 7 8
469 10 5 2 8 1 5 5 9 2 3 7 8 6 6 2
453 5 10 5 5 6 5 4 6 6 5 4 2 2 3 3
20
428 2 10 8 10 4 10 2 2 4 7 4 3 9 3 3
427 2 7 5 7 5 7 7 2 3 2 3 9 8 3 9
416 2 2 9 5 6 7 3 3 7 7 3 8 8 4 2
527 4 8 1 5 4 10 2 2 10 9 7 7 7 9 9
416 3 1 8 8 7 7 7 3 4 7 1 9 4 4 1
550 5 8 5 5 6 9 9 8 5 9 1 7 8 1 7
430 9 9 1 4 3 4 4 7 1 2 9 3 8 7 5
426 2 3 3 7 5 4 5 2 7 10 5 4 8 7 3
473 4 6 8 9 3 4 9 9 3 10 6 7 4 1 6
556 9 9 7 10 6 2 8 8 3 6 10 2 9 7 6
456 4 6 3 2 6 2 5 10 10 4 5 6 1 8 2
528 6 6 8 5 1 3 9 6 9 7 6 4 8 4 2
336 9 5 10 1 2 2 3 9 2 2 7 6 2 3 2
414 4 4 1 8 4 2 3 10 8 6 4 9 4 3 7
414 6 4 3 5 7 1 1 2 4 9 3 5 5 10 1
480 4 10 7 4 2 4 10 6 5 3 6 2 4 8 4
478 1 9 2 8 6 8 10 7 2 6 2 9 6 2 8
506 10 7 8 5 4 3 1 3 10 2 7 8 9 6 1
484 1 7 5 1 7 8 9 8 3 1 2 10 5 10 10
514 5 10 3 4 7 3 8 8 2 10 5 8 1 6 6
20
424 5 5 5 1 2 10 10 9 2 1 2 2 8 4 7
569 6 8 6 3 7 5 10 9 5 7 9 3 10 7 5
551 9 10 8 3 8 8 6 8 5 3 1 3 6 6 10
452 6 3 6 2 10 4 8 6 1 9 10 5 4 8 2
409 4 5 7 2 2 3 6 9 5 2 10 9 7 2 4
481 6 3 8 9 3 3 9 8 5 8 10 2 9 1 1
511 5 6 7 5 10 1 4 6 9 6 2 10 4 2 5
575 9 2 6 4 6 1 10 8 10 9 3 10 9 6 3
555 7 7 8 6 7 2 10 5 10 4 10 4 4 2 3
428 7 5 4 4 3 1 8 7 2 1 3 3 10 10 2
501 9 8 8 8 9 3 2 2 8 3 10 4 1 5 10
503 6 3 5 8 2 4 2 9 7 10 10 10 9 6 6
479 5 9 6 3 4 2 4 3 7 4 7 9 5 6 10
418 1 1 7 5 6 7 6 2 7 8 5 1 7 10 4
351 3 2 5 10 7 7 4 3 2 3 3 3 10 3 2
342 2 6 3 3 5 9 1 3 2 1 1 9 8 6 2
400 6 6 4 4 5 7 2 5 1 9 2 7 6 5 7
499 6 7 8 4 2 2 9 10 1 10 10 10 6 1 8
417 3 4 1 5 1 3 8 5 10 2 3 4 5 2 9
496 10 2 5 3 6 2 6 9 3 10 9 8 9 3 5
20
548 10 5 10 5 3 2 5 7 9 8 9 3 7 6 9
408 9 1 9 8 2 2 5 2 3 5 10 5 7 4 6
306 2 8 1 8 4 6 1 9 1 2 2 2 7 2 7
496 10 5 2 8 3 9 7 1 1 7 2 8 6 10 3
477 5 9 10 2 3 4 4 10 8 1 9 2 9 5 9
581 10 6 2 3 10 7 8 9 3 9 7 7 7 7 3
436 1 5 6 9 9 8 4 9 2 8 8 4 3 7 4
333 1 1 1 3 5 3 5 3 7 3 7 8 1 6 5
351 1 5 2 7 3 10 3 3 4 6 4 5 2 3 8
532 8 7 6 4 3 8 10 6 6 2 10 3 5 1 10
575 10 9 6 10 8 6 2 2 5 4 10 9 10 8 2
564 8 6 4 2 6 2 9 4 9 6 5 8 1 4 10
324 1 2 2 4 1 7 6 4 6 3 1 4 9 4 10
540 8 9 9 1 9 6 8 1 4 6 6 1 7 4 2
366 4 10 3 3 3 1 1 2 4 6 2 3 1 4 6
469 3 5 7 2 1 7 10 6 2 8 10 6 8 5 9
386 7 5 3 1 1 2 9 3 2 6 6 4 1 2 6
378 2 8 10 6 6 9 1 9 5 5 1 3 9 1 2
460 7 6 10 4 2 1 5 3 6 9 8 7 4 2 6
339 7 4 5 1 3 3 5 2 1 5 6 5 1 5 2
20
513 10 6 4 5 10 1 7 3 10 1 4 1 10 4 6
485 5 1 10 4 10 9 9 6 1 10 2 5 5 7 7
465 2 3 7 5 6 8 7 4 9 1 9 6 8 6 5
569 5 9 8 8 10 10 4 5 6 6 6 9 6 7 10
490 7 5 2 3 5 7 7 10 5 2 10 6 6 7 7
410 3 2 1 6 7 4 2 10 2 8 9 9 6 9 1
389 7 6 1 6 10 9 2 6 1 1 9 1 4 2 8
543 4 2 9 2 10 7 10 8 8 7 7 4 7 5 5
640 4 7 2 9 5 10 10 10 9 10 9 7 2 5 8
531 8 8 7 6 7 9 1 8 4 4 8 9 6 10 4
516 3 10 1 10 7 5 4 8 6 9 3 5 8 1 8
442 4 2 5 6 10 6 6 3 8 3 7 5 6 3 5
509 9 10 1 5 1 2 9 4 2 4 9 7 4 9 5
596 10 10 4 2 10 9 1 7 9 3 10 5 10 10 6
403 7 1 9 7 8 4 4 9 6 1 1 5 9 3 5
495 2 7 5 9 1 7 4 4 5 8 8 10 9 9 10
413 5 1 5 10 3 7 8 9 4 1 6 3 10 5 4
471 4 6 6 5 9 9 9 5 2 5 2 10 6 2 2
474 9 6 10 2 8 6 6 3 7 1 3 3 2 1 10
341 4 3 10 6 4 2 4 8 1 4 1 5 7 5 3
20
430 8 6 3 7 6 9 2 4 2 1 8 3 7 9 10
583 2 9 2 2 6 8 10 5 10 9 3 5 7 10 6
476 3 2 7 8 3 9 9 7 9 5 1 8 3 10 5
609 10 10 6 6 9 2 9 4 4 9 10 4 1 8 1
425 1 10 4 1 5 9 7 3 1 4 10 1 8 8 10
449 7 6 1 9 3 8 2 5 4 7 8 2 8 9 5
638 8 9 1 3 9 7 9 9 10 7 4 10 3 2 7
564 8 10 8 3 7 9 6 5 8 1 2 4 8 6 5
364 4 3 1 3 4 5 1 1 10 1 9 4 1 3 10
329 1 2 8 3 9 9 1 3 5 1 3 3 8 1 8
401 2 4 10 9 3 2 1 9 10 5 8 1 10 8 6
510 8 4 2 1 7 1 7 8 7 9 7 7 6 3 3
513 5 8 8 6 3 1 7 1 8 7 2 10 9 3 1
481 6 10 3 5 6 3 3 1 10 4 2 9 1 5 1
583 8 9 3 7 8 2 10 1 3 6 6 8 7 6 2
562 7 7 1 10 9 2 9 6 5 9 7 3 7 10 2
388 3 8 10 7 1 1 1 10 2 9 3 7 4 6 8
515 10 10 9 8 4 1 6 5 1 9 1 10 5 4 8
615 6 9 3 9 3 4 10 10 7 9 10 6 8 1 9
469 6 8 2 4 1 2 2 9 9 6 9 5 4 4 3
20
385 4 8 5 4 6 8 6 9 1 2 1 1 2 10 9
436 6 7 10 1 7 2 7 6 3 6 2 6 4 6 6
538 5 6 2 3 10 10 8 1 7 9 2 5 5 2 8
380 5 1 5 6 6 1 4 5 7 8 4 2 3 7 8
393 3 9 10 2 10 1 2 3 6 3 6 1 9 3 7
432 7 8 7 5 5 6 4 2 4 4 1 9 1 1 5
502 8 1 7 1 1 10 10 10 3 4 5 6 10 10 7
439 10 6 9 6 8 2 1 3 4 8 4 1 4 7 8
316 1 1 5 4 8 8 1 8 3 5 5 5 6 9 1
416 1 5 10 2 3 10 6 9 4 5 9 6 6 1 2
464 2 10 5 1 6 3 5 10 4 7 6 6 10 3 5
562 3 7 7 7 9 5 10 10 5 7 5 5 9 7 3
549 8 9 3 10 4 8 8 1 7 7 2 1 4 6 2
533 1 4 10 7 10 4 8 6 6 10 8 9 7 6 10
368 1 6 9 5 10 10 5 6 1 1 2 4 10 5 1
329 2 2 5 9 8 3 3 7 5 5 3 4 1 1 2
480 5 9 10 6 1 2 5 10 6 9 1 8 1 9 2
387 4 5 10 5 4 6 2 6 7 5 1 2 10 3 10
435 7 5 2 4 1 9 2 6 7 3 2 5 8 9 7
422 10 2 4 10 2 5 2 1 1 6 9 2 9 10 7
20
317 4 3 3 7 1 4 2 9 3 3 9 5 1 4 9
457 2 10 3 7 3 6 4 4 8 3 3 3 10 2 4
569 8 1 6 10 10 5 3 2 7 8 10 10 10 7 8
552 4 5 10 4 8 8 10 3 2 10 2 5 9 10 7
461 6 3 2 9 3 5 7 4 3 10 5 6 2 9 3
431 3 10 7 4 3 8 3 8 9 1 6 2 3 2 3
614 9 9 3 10 8 7 5 8 10 1 8 9 4 8 8
441 10 1 5 9 9 10 2 7 2 3 5 8 2 9 10
527 8 9 4 10 2 8 6 1 7 5 1 1 3 9 8
412 10 2 3 5 2 10 2 6 3 4 3 7 3 6 9
367 5 6 9 3 2 5 5 6 4 2 2 2 2 5 2
477 5 10 3 1 4 6 5 5 5 10 1 1 5 4 4
565 6 1 6 10 8 3 10 9 7 8 6 6 8 8 4
516 9 9 7 3 1 10 9 1 4 5 4 6 1 8 2
565 10 5 5 2 8 6 4 5 10 5 7 5 6 4 8
422 1 7 2 1 4 9 8 5 6 10 1 1 1 1 8
415 3 3 10 1 4 10 8 9 6 3 6 4 1 3 8
406 7 3 10 9 6 9 1 4 1 9 3 7 1 3 4
461 3 5 2 7 8 7 1 9 10 9 1 5 2 1 9
393 2 6 5 5 2 5 1 7 9 2 3 9 1 8 2
20
378 2 9 6 4 5 3 4 8 2 3 4 1 9 2 10
516 1 4 9 2 10 7 10 4 6 8 3 8 4 7 8
518 4 5 7 7 9 8 8 4 4 10 2 10 3 5 6
518 10 5 7 7 10 5 8 6 5 4 8 2 3 4 8
436 4 3 2 9 4 7 7 6 3 6 7 2 6 4 9
408 2 9 3 4 8 5 2 6 7 4 9 5 5 2 2
542 8 6 4 7 7 1 6 5 10 7 2 2 1 7 10
476 8 5 1 7 5 9 10 10 7 1 2 2 1 4 2
573 9 6 1 2 10 10 2 2 9 8 4 8 8 9 8
664 4 7 10 4 10 10 10 8 10 2 10 10 10 7 9
319 1 5 3 10 5 5 1 8 4 3 10 2 1 2 2
380 7 1 6 10 2 1 3 9 4 4 5 9 3 2 5
291 7 4 4 7 1 2 1 4 3 2 8 1 4 3 5
545 10 5 7 5 8 3 8 6 3 7 7 5 6 7 10
551 9 4 4 10 5 4 8 5 9 6 10 9 1 2 1
547 9 9 3 3 7 8 1 7 6 7 10 8 6 5 2
553 8 7 5 3 9 6 3 7 9 6 3 2 5 9 8
434 9 4 2 8 10 4 5 4 1 3 10 6 3 2 3
525 3 10 8 8 8 2 5 3 8 5 2 9 2 5 8
342 1 7 3 10 2 4 1 9 1 6 1 7 8 7 3
20
391 2 1 5 9 9 2 3 7 7 3 10 3 7 7 10
398 6 7 5 6 5 1 5 7 3 3 6 10 1 4 3
371 6 3 3 6 7 5 3 4 1 9 10 3 1 6 1
552 10 8 3 8 5 8 8 5 4 9 3 1 4 6 1
461 7 5 1 4 8 1 8 7 3 2 6 4 8 7 3
419 6 7 1 2 5 4 3 5 9 2 7 5 6 1 8
554 8 6 8 5 1 9 10 4 3 10 2 9 8 5 9
463 4 9 10 5 2 2 3 8 5 3 9 8 7 10 1
464 9 4 1 9 4 1 9 5 1 6 4 7 1 9 7
508 6 4 2 6 2 10 8 5 8 8 9 1 6 3 3
432 4 7 5 1 4 8 1 8 5 5 9 5 7 7 6
534 10 10 6 10 4 9 2 5 10 1 3 2 5 7 3
359 1 6 9 1 2 9 5 7 4 6 1 3 9 4 2
385 5 5 2 4 8 9 1 2 1 8 3 6 5 4 2
547 8 10 4 7 7 6 7 6 2 3 4 10 10 8 4
522 7 9 10 3 3 3 7 4 8 5 6 2 8 3 5
454 5 2 8 9 2 4 9 10 5 7 1 6 9 4 10
441 5 6 1 3 3 7 4 3 4 6 10 3 8 8 7
414 2 5 9 8 3 5 5 8 7 6 9 3 1 3 2
631 9 9 1 8 8 7 7 2 5 6 6 9 5 10 10
20
364 4 5 1 4 2 7 4 3 5 2 5 10 5 2 1
506 9 1 9 4 9 1 10 1 10 2 9 1 2 4 10
478 8 2 9 4 9 4 1 1 9 3 10 10 4 6 7
446 9 10 1 7 3 5 4 5 5 3 7 3 3 2 4
454 7 6 2 4 1 1 2 8 9 6 2 5 7 5 9
451 7 5 6 7 6 5 3 8 5 1 9 6 3 7 3
428 3 7 7 5 6 7 3 4 5 4 10 5 2 2 9
455 9 4 2 3 9 3 3 5 3 2 6 10 9 2 5
396 4 3 3 7 7 2 5 1 6 4 4 1 10 1 8
401 4 1 8 3 5 4 2 5 7 4 9 9 6 10 2
581 9 4 6 9 8 6 7 9 7 7 2 4 9 4 10
545 6 5 4 9 10 7 5 9 7 6 1 9 5 2 8
520 8 4 10 7 7 5 3 3 8 6 2 8 4 10 1
413 5 4 9 2 4 5 1 6 8 6 10 5 5 6 5
591 7 5 7 4 7 1 9 9 10 5 7 8 9 4 10
359 3 2 3 4 2 4 2 10 4 10 5 1 7 4 8
438 2 3 2 10 9 10 2 2 8 3 1 4 10 7 4
484 3 9 5 7 6 10 3 10 7 3 1 7 4 10 6
480 3 10 10 6 6 6 6 4 6 5 1 4 5 6 7
603 10 10 10 10 5 8 9 3 2 3 10 8 9 10 8
20
470 2 8 1 1 8 10 9 2 1 6 4 5 9 8 2
486 4 2 5 9 3 10 9 7 4 10 9 8 1 2 7
421 6 4 7 1 6 4 8 9 5 1 5 2 8 3 3
355 5 1 10 1 5 3 7 5 2 9 2 1 4 7 4
361 4 5 3 4 3 8 6 10 1 1 1 8 7 6 2
404 4 9 1 8 7 4 4 3 1 5 3 6 4 2 8
404 4 2 4 5 5 5 7 6 4 1 8 10 5 3 9
471 9 10 7 5 6 5 2 1 2 5 5 4 7 4 2
527 3 7 3 5 3 7 10 5 10 9 2 2 6 8 1
472 3 10 5 6 5 4 4 7 6 6 7 5 1 6 9
497 8 2 9 6 7 2 10 9 3 9 2 5 5 7 6
463 5 6 3 7 7 3 5 9 1 8 6 7 7 4 5
341 1 5 10 3 8 8 1 2 5 4 4 5 4 1 5
514 10 4 7 1 10 4 4 6 6 9 4 8 1 8 9
454 10 1 2 4 8 5 10 7 2 2 3 10 1 4 3
564 10 4 8 8 3 10 9 4 2 9 8 10 7 4 8
430 3 3 1 10 10 4 5 3 10 1 1 3 5 6 7
381 5 1 2 9 5 9 1 3 9 5 5 2 4 8 5
516 9 1 8 4 6 4 4 9 6 10 5 6 7 8 9
425 2 7 3 10 2 4 1 10 7 7 7 7 2 4 1
20
403 7 5 4 7 4 2 3 8 4 10 1 3 3 4 5
372 4 5 3 5 7 3 4 1 4 7 3 2 1 5 4
475 7 4 3 5 9 6 6 4 5 4 10 6 4 3 6
574 6 10 3 10 9 1 10 3 6 7 3 9 5 6 4
545 1 9 3 8 10 5 8 4 7 10 2 8 1 6 3
458 5 7 3 9 2 1 9 6 1 1 4 8 10 9 9
346 1 4 9 2 1 4 4 4 9 2 3 2 2 9 2
535 3 2 10 10 1 8 10 7 7 8 2 8 10 6 8
392 1 5 2 3 5 9 5 5 5 7 8 1 4 1 6
577 8 8 5 10 7 7 9 5 8 4 2 5 4 4 4
501 10 7 2 2 2 2 8 2 7 3 7 6 4 1 7
487 3 6 3 9 10 4 10 10 7 7 1 3 2 1 2
360 9 3 6 2 2 2 2 4 3 1 8 7 3 8 3
402 8 1 5 2 4 4 5 4 4 8 1 2 4 7 4
472 3 5 10 5 9 8 6 6 9 3 3 6 1 6 6
620 9 7 5 10 5 7 8 2 10 8 7 3 9 8 8
430 4 4 6 4 2 1 7 4 7 10 8 3 4 5 2
504 7 3 9 10 6 9 10 2 3 5 5 9 7 6 4
457 10 1 1 4 7 8 5 4 4 5 7 3 8 7 10
445 10 1 9 6 8 3 8 9 2 2 4 8 2 5 9
20
499 4 8 2 8 4 4 9 6 4 10 3 1 5 9 10
470 1 2 1 4 7 9 8 6 8 8 5 4 6 9 3
469 6 8 10 8 9 7 4 4 3 4 4 3 6 7 8
449 1 7 4 7 5 3 8 9 5 5 7 5 3 5 2
501 10 4 9 2 8 10 3 2 1 4 4 9 9 9 6
435 5 10 7 1 1 7 2 3 5 3 9 3 10 5 8
452 10 5 2 3 7 7 1 5 10 4 4 6 1 3 6
609 10 7 2 3 10 4 7 9 6 9 3 4 10 7 10
458 6 3 6 8 7 9 7 2 2 7 3 2 8 9 7
543 10 6 5 1 4 9 4 9 7 10 5 7 4 6 7
469 1 8 5 9 2 4 7 8 5 5 10 6 10 3 7
489 1 6 1 7 8 5 8 5 6 10 4 8 1 1 9
597 8 8 3 6 5 6 10 9 8 6 3 7 8 8 3
456 2 4 4 2 1 7 7 9 7 7 2 7 9 4 4
419 8 1 9 5 4 1 6 7 6 4 5 3 1 5 10
345 3 1 7 6 6 6 2 1 3 3 4 9 2 7 8
613 9 8 10 5 5 10 8 4 8 10 4 10 3 5 1
480 2 4 4 5 6 10 7 5 10 2 10 4 6 2 4
506 2 4 9 8 9 4 6 9 3 10 6 9 9 8 7
467 6 5 3 6 1 10 1 4 7 10 2 9 8 7 1
20
519 7 2 9 3 5 6 6 5 7 6 2 10 7 10 6
437 1 5 6 5 5 5 9 5 7 6 6 1 8 3 3
544 9 10 10 9 10 3 8 5 3 5 7 1 9 5 2
379 3 9 10 7 3 1 3 10 6 1 1 1 8 4 7
477 8 10 2 6 3 10 1 7 10 3 2 8 2 1 4
439 6 2 7 8 2 10 9 1 3 4 7 3 8 6 2
448 3 5 10 1 6 6 5 1 7 8 1 9 4 3 6
600 8 10 10 1 10 7 10 7 5 2 6 5 4 10 3
500 5 8 8 8 8 10 5 7 1 1 4 8 10 7 4
494 1 3 4 3 6 9 9 3 7 10 5 1 9 9 6
625 9 10 5 9 9 1 3 4 9 8 4 10 7 9 10
370 2 6 5 1 4 5 2 9 5 2 3 10 5 9 1
389 1 5 10 3 7 4 8 7 3 1 10 4 7 8 4
434 2 8 6 10 8 1 10 7 3 2 8 2 1 4 5
397 2 5 2 6 9 1 7 1 3 4 5 7 2 2 6
506 9 9 7 8 8 4 3 10 4 6 6 6 2 2 10
506 6 7 3 8 5 1 8 6 8 4 2 8 8 6 3
506 5 1 5 9 5 6 6 8 9 6 10 6 2 8 7
465 7 7 3 7 6 3 4 3 2 9 1 10 10 4 6
460 10 3 7 3 6 4 6 6 3 7 5 7 1 3 8
20
412 5 5 7 3 2 3 7 6 5 4 6 7 4 2 6
510 2 6 4 10 1 9 7 10 4 10 7 8 10 7 7
459 9 3 7 7 8 4 5 2 1 4 4 9 5 9 2
536 10 7 3 5 9 10 6 6 6 3 5 2 6 5 2
414 9 1 9 4 7 4 4 4 7 4 2 1 9 7 2
457 4 6 1 9 10 9 5 7 7 2 6 4 1 4 8
422 2 6 5 9 5 5 9 6 1 2 4 1 8 8 10
382 3 4 5 4 5 4 8 7 1 4 9 5 8 6 3
484 2 7 4 1 7 8 5 1 6 8 5 10 7 7 3
531 5 5 10 8 9 8 6 9 8 2 7 4 5 9 6
472 5 4 2 6 1 8 6 5 10 7 5 8 2 1 5
429 4 4 10 6 6 7 2 1 6 2 10 8 3 7 10
441 2 6 5 8 6 6 5 2 3 6 4 4 10 6 8
505 8 8 8 6 7 9 6 10 3 4 3 3 5 5 5
499 5 2 8 2 8 6 8 7 5 8 10 9 6 5 2
347 4 5 2 1 1 1 7 1 2 3 7 2 9 3 9
345 4 5 3 6 1 8 1 4 4 6 7 5 5 1 1
496 9 8 4 3 4 8 7 9 6 1 4 2 5 6 9
479 7 3 6 1 7 6 7 9 7 8 3 1 7 7 9
568 10 10 9 2 3 4 3 2 10 6 4 6 6 4 10
20
385 2 7 3 3 1 1 5 10 8 7 2 3 2 4 4
428 3 2 7 5 2 6 5 8 9 8 1 1 10 8 8
472 9 7 6 6 4 4 4 4 3 7 5 8 2 6 7
527 7 5 10 8 4 1 7 4 9 6 7 7 4 10 4
406 7 2 5 7 5 1 5 3 2 10 6 4 7 5 3
532 3 5 2 10 9 9 8 1 10 1 4 3 7 9 7
546 7 9 6 10 7 10 8 6 5 3 8 5 3 7 1
594 4 8 5 9 9 5 5 2 9 9 8 5 10 8 2
525 4 2 3 4 10 2 7 9 7 7 8 7 8 9 10
547 8 9 5 9 8 9 3 10 5 2 9 9 6 10 1
499 5 8 6 3 3 3 6 10 10 2 7 10 1 1 6
415 2 5 8 5 4 8 2 6 10 3 6 5 2 4 9
431 9 1 8 8 7 6 3 8 2 7 10 5 5 5 2
426 10 2 6 6 5 6 4 6 10 2 3 5 1 1 5
565 10 10 8 4 6 5 9 5 7 6 4 1 3 7 3
475 5 9 9 4 7 2 6 3 7 6 1 8 5 3 3
574 10 10 1 2 10 9 9 5 1 3 8 9 6 4 8
437 7 3 2 7 5 10 8 2 5 7 7 2 4 1 4
500 9 8 9 10 4 4 8 3 5 3 2 4 6 4 6
433 6 9 4 10 7 8 1 3 6 3 2 4 1 6 8
20
340 5 2 5 3 4 2 2 2 4 8 1 3 3 6 3
592 6 8 1 6 9 8 10 6 8 8 3 6 1 6 5
516 10 9 3 10 6 1 7 6 3 9 1 5 1 4 8
415 5 7 2 4 3 6 4 3 4 2 7 2 6 10 2
665 9 7 10 5 6 9 10 1 9 10 3 8 6 8 8
414 2 5 3 3 3 2 10 2 7 3 9 4 1 3 7
450 6 2 1 9 6 1 10 7 3 2 7 2 10 6 8
551 9 10 8 7 8 8 2 2 9 7 6 3 7 2 9
523 5 8 1 10 6 1 8 3 6 7 8 3 9 4 8
611 8 9 10 9 5 3 6 8 8 7 8 10 10 5 9
470 5 1 9 9 8 9 5 8 6 2 4 9 7 1 10
409 1 6 3 3 3 4 8 4 7 3 8 10 1 4 3
392 2 7 5 4 6 1 9 7 1 5 10 3 1 9 4
542 10 10 2 9 4 9 4 9 6 4 1 9 6 4 8
465 4 5 1 6 7 5 3 4 4 5 9 8 8 5 10
518 1 8 7 10 7 9 5 6 10 1 9 7 5 3 5
502 3 3 9 6 7 7 9 7 10 5 2 2 7 6 3
510 1 3 7 2 5 5 9 10 9 9 5 8 2 9 5
343 5 7 9 4 2 1 4 10 3 1 9 1 7 1 6
399 7 4 3 3 1 2 7 5 4 6 8 2 3 4 3
20
495 5 5 1 8 3 7 9 4 8 2 8 6 6 10 3
558 3 10 3 3 6 6 5 2 8 9 4 8 7 7 10
445 6 6 7 5 2 4 8 8 2 4 3 10 10 1 7
503 7 9 10 4 8 2 8 1 1 2 5 10 7 1 10
464 2 3 6 10 7 7 7 7 5 4 5 7 9 9 2
473 1 4 7 9 7 9 6 2 8 5 6 8 1 8 3
484 4 2 3 3 8 4 9 9 6 8 8 9 1 6 10
560 10 10 4 9 1 7 8 7 1 7 4 9 10 3 5
456 6 10 4 6 6 7 2 6 4 7 7 2 5 4 7
403 6 1 3 10 5 8 2 4 6 3 4 7 5 5 5
406 4 8 3 3 2 6 4 2 3 2 4 10 9 8 2
447 8 6 2 1 5 9 8 3 6 5 1 3 1 5 2
477 3 3 3 2 7 2 9 1 8 6 4 9 1 6 8
353 2 5 1 3 3 1 2 1 9 4 2 6 6 10 3
440 7 5 9 10 8 8 1 2 6 3 5 10 3 2 3
463 7 8 1 4 1 3 4 5 6 4 7 3 6 7 8
463 7 3 3 7 3 4 4 1 9 10 2 3 1 8 10
579 7 9 7 5 6 1 7 5 8 10 1 7 7 10 8
546 8 9 8 5 6 6 7 9 7 6 4 4 1 5 1
467 8 2 3 4 10 6 2 2 8 2 5 4 7 10 7
20
486 6 10 8 4 6 5 4 9 2 10 1 4 1 6 3
347 4 5 2 3 7 10 2 8 2 7 2 1 2 2 2
551 9 8 4 8 5 9 10 7 8 2 1 3 5 2 8
523 3 7 1 6 10 9 6 10 1 9 8 3 10 8 6
377 5 2 9 8 8 4 7 3 4 3 6 4 1 3 7
472 9 10 8 3 3 5 4 3 5 1 5 1 9 7 10
530 3 6 5 7 6 8 8 6 5 10 9 2 8 2 8
530 4 1 7 5 7 5 7 4 10 7 10 7 6 10 7
492 8 6 9 3 3 3 9 10 6 8 7 5 2 4 3
403 3 1 3 4 5 8 5 10 7 10 5 1 3 7 7
551 5 9 6 10 8 8 9 7 2 5 5 7 2 7 9
473 3 5 4 6 4 7 6 2 10 2 2 9 7 6 7
394 9 2 1 5 3 2 4 8 4 7 5 6 3 5 4
431 3 2 5 2 9 9 2 6 3 9 10 2 10 6 3
518 5 4 6 3 5 8 10 6 8 3 5 1 7 7 10
383 3 9 2 2 4 7 1 8 3 1 7 4 5 6 6
379 8 6 1 5 3 2 2 7 4 2 8 6 2 3 2
525 1 9 10 8 3 2 10 9 6 6 8 10 1 4 7
493 6 6 9 6 3 7 8 3 5 5 10 9 1 7 4
375 1 8 10 5 2 7 9 5 1 3 3 7 3 1 4
20
452 4 10 7 5 2 3 8 5 2 10 5 1 8 1 9
546 7 8 6 2 5 4 9 3 6 6 7 6 4 5 5
574 3 9 2 10 5 6 8 4 9 10 8 3 7 1 10
575 1 10 4 10 7 1 10 3 10 6 3 9 2 9 10
430 9 8 9 9 4 4 4 3 1 4 5 5 2 5 4
515 4 8 2 3 8 9 8 3 2 10 10 4 5 4 3
534 7 10 4 10 5 8 1 8 9 3 10 5 5 1 4
359 2 4 6 2 2 10 1 9 2 8 8 6 9 4 7
475 8 10 5 1 6 3 5 5 2 3 6 10 6 4 9
480 8 5 8 3 1 8 1 1 8 9 5 10 7 8 4
541 10 6 8 2 8 2 8 7 6 3 7 10 1 1 9
422 7 5 5 3 5 4 4 2 6 5 5 8 3 3 8
479 10 5 6 3 8 10 8 9 1 5 2 1 9 1 9
512 10 1 2 7 3 2 9 7 10 6 10 5 2 6 8
453 10 2 7 4 7 3 9 2 1 9 3 2 1 8 5
425 4 9 10 7 1 6 5 4 2 8 10 4 5 4 1
528 6 6 4 8 8 3 9 10 10 2 1 3 2 4 8
515 1 3 1 7 10 2 2 3 10 10 8 10 7 9 6
461 8 3 1 1 3 8 2 10 6 9 7 3 9 8 9
482 10 3 9 4 2 1 5 7 1 10 1 10 9 7 9
20
524 2 9 3 10 3 7 9 7 5 7 5 5 9 8 4
549 5 10 8 8 6 5 6 5 10 4 2 5 7 1 3
610 9 8 8 10 3 6 8 7 9 2 9 7 9 5 5
499 5 8 5 9 8 4 9 10 1 1 9 10 2 4 7
533 6 7 1 4 1 9 6 7 4 9 7 10 9 4 2
418 5 7 1 1 9 10 4 8 1 1 3 3 5 10 5
483 2 6 8 9 4 10 9 10 9 2 3 1 9 6 4
566 3 2 7 3 8 7 10 4 10 10 3 9 4 5 10
530 10 4 7 6 3 1 4 8 9 9 4 7 9 1 2
461 3 10 5 5 5 10 6 10 3 3 8 4 2 3 10
528 10 8 9 10 7 6 3 3 5 2 8 5 3 5 10
400 3 2 6 2 6 9 3 3 7 7 10 4 1 4 5
573 10 7 1 6 5 3 9 9 1 9 9 8 10 10 2
515 4 4 7 5 7 5 10 8 8 1 7 7 4 10 3
516 4 5 1 5 5 5 9 1 8 10 4 6 2 7 2
407 5 2 7 5 1 10 7 9 5 6 2 5 2 6 4
580 10 7 7 9 10 2 4 10 2 7 8 10 7 9 7
508 5 9 3 3 9 9 6 2 4 3 9 7 6 3 7
399 2 3 8 4 10 10 3 2 5 4 10 6 3 4 4
358 6 1 3 4 10 5 1 4 3 10 4 2 5 3 3
20
440 1 4 10 8 6 6 7 2 1 8 2 9 9 10 3
537 9 10 8 8 5 7 2 4 10 2 10 1 8 2 1
401 10 6 10 2 2 10 6 9 2 2 7 2 1 1 2
530 8 8 3 10 7 6 6 10 5 6 3 4 6 6 9
376 5 3 9 10 3 4 4 2 2 10 2 5 5 4 9
395 7 2 4 6 5 6 5 8 1 8 5 8 1 1 5
504 10 1 2 7 7 6 6 2 5 6 4 6 5 8 6
553 10 2 1 6 8 9 10 6 6 4 5 4 7 5 4
517 8 1 4 2 8 9 10 5 10 4 4 1 1 7 1
387 4 7 10 4 4 1 8 3 1 1 8 6 7 3 6
498 2 1 1 8 5 3 10 5 10 9 4 7 1 8 8
447 4 3 4 4 2 7 9 9 8 2 1 6 5 5 2
438 5 8 9 5 4 4 7 2 1 7 4 5 4 6 5
403 6 4 1 5 3 6 4 2 3 8 8 6 7 4 1
619 5 9 7 6 10 9 6 8 6 10 3 7 10 9 8
430 3 7 2 1 8 5 1 8 7 10 1 3 6 6 2
447 7 3 7 8 4 10 2 4 6 6 4 7 4 7 10
461 4 7 1 6 1 9 7 8 7 2 7 9 1 5 7
538 1 4 3 5 7 8 10 10 7 7 8 3 10 9 3
370 9 4 6 3 2 2 2 1 2 5 9 8 1 7 10
20
455 7 9 5 8 2 2 3 8 9 2 7 1 1 2 7
380 1 1 6 7 5 2 10 6 8 2 1 2 9 1 9
359 2 4 5 7 10 2 4 7 2 1 6 4 5 10 10
352 7 3 6 4 8 4 1 2 1 2 4 5 6 9 2
538 10 2 1 3 7 10 7 3 7 8 8 8 2 7 7
450 1 1 4 2 10 9 9 7 7 6 5 8 2 5 1
567 4 5 2 9 7 6 9 4 10 5 7 7 5 10 9
446 5 4 10 7 9 4 1 9 7 2 1 7 8 9 5
476 4 5 5 2 2 6 6 4 9 7 9 1 6 9 6
353 6 2 7 2 2 5 4 4 6 4 6 7 1 3 4
462 3 4 4 8 3 9 8 8 8 6 1 1 1 6 6
528 7 7 1 10 2 3 3 7 10 10 9 1 1 7 5
457 2 5 6 6 6 4 7 9 2 9 7 9 8 6 8
421 2 5 5 2 6 2 6 6 4 8 9 8 5 1 3
521 6 10 2 6 10 6 7 1 5 4 9 1 9 9 1
397 1 2 6 1 10 10 7 4 7 1 8 1 3 9 9
437 4 4 10 1 4 1 8 7 9 1 1 7 8 3 5
615 10 9 4 8 4 8 6 1 7 10 1 10 7 6 9
414 8 2 7 1 9 3 8 5 1 2 9 4 4 9 9
409 3 6 10 2 7 4 1 7 9 4 3 1 10 2 10
20
292 3 5 7 5 2 2 1 9 4 1 7 3 6 2 4
496 5 5 7 6 10 3 6 9 7 1 3 7 6 6 5
487 8 5 1 8 2 4 6 1 9 3 7 7 6 5 8
377 4 3 10 1 9 5 4 6 3 1 9 6 8 4 1
533 6 8 1 3 5 1 6 10 6 10 10 7 3 7 3
480 6 1 10 4 9 5 7 4 4 8 8 6 4 7 4
415 2 6 1 2 1 10 4 4 3 9 4 5 7 10 5
477 2 6 8 10 3 5 9 2 4 5 2 8 5 9 5
536 9 7 1 6 8 7 8 1 2 8 7 6 3 2 8
410 4 2 8 7 2 6 7 2 8 3 2 2 4 8 6
527 6 1 4 6 4 9 7 6 10 5 8 1 8 9 9
562 8 9 8 10 10 1 3 2 9 6 9 8 2 6 3
327 5 3 2 2 1 1 5 2 5 1 5 6 5 10 5
458 1 3 3 5 9 8 10 4 9 1 7 8 4 5 4
424 3 5 5 7 5 1 4 7 6 5 9 4 8 5 7
437 1 7 3 6 10 4 4 5 5 4 2 9 10 4 1
394 9 5 2 9 1 2 3 2 2 3 10 5 5 4 3
492 6 9 4 10 4 3 10 4 2 8 7 4 1 2 6
494 6 9 3 9 3 8 8 8 1 3 4 9 3 7 4
333 5 2 10 7 1 2 1 10 5 8 5 1 8 2 2
20
553 9 6 10 1 8 2 4 10 10 7 7 5 4 3 7
438 6 6 4 9 1 4 6 7 2 3 5 10 8 2 2
435 6 2 7 8 6 7 5 4 2 9 8 1 9 9 7
525 6 7 7 8 10 7 6 6 9 2 4 8 4 4 5
504 8 8 9 2 6 5 1 7 6 6 3 9 3 10 7
450 8 2 5 9 4 5 5 4 6 6 10 7 2 7 2
579 9 9 10 10 4 9 1 5 8 6 9 6 9 8 1
494 8 8 3 1 2 7 6 1 4 2 6 9 6 8 7
425 6 2 2 2 9 7 5 4 1 6 3 8 5 9 7
456 5 1 6 9 10 6 2 6 5 9 8 5 7 5 5
479 2 10 8 10 7 3 1 4 10 8 6 6 2 4 5
314 2 5 4 2 10 2 3 6 1 4 5 6 2 1 2
482 1 7 10 6 8 5 6 3 2 9 10 4 7 7 10
471 1 5 7 5 10 8 6 5 6 10 9 4 1 8 5
548 7 8 10 4 6 2 3 1 7 10 10 7 1 10 9
439 6 3 6 4 8 4 5 5 6 7 2 3 10 6 4
421 2 9 6 9 5 10 6 5 3 3 3 10 1 3 3
451 3 2 10 7 10 3 7 9 5 4 6 2 5 8 4
470 10 1 9 7 5 8 6 3 2 10 10 1 8 6 9
500 6 8 7 1 3 7 6 4 2 10 9 6 10 6 5
20
386 3 3 1 9 7 5 2 6 1 5 10 9 3 6 10
586 6 10 1 9 3 3 8 3 9 4 2 9 8 6 10
520 10 4 8 1 1 4 9 7 3 8 5 10 2 7 7
420 4 4 1 6 2 4 7 4 7 1 9 4 10 7 6
418 9 2 8 10 2 9 9 8 5 1 3 1 1 3 6
398 5 7 4 4 2 3 8 7 1 2 6 6 5 6 4
536 10 5 9 8 8 2 6 5 3 9 4 7 6 6 1
508 8 8 2 5 6 9 4 10 1 10 3 8 5 9 3
354 5 3 8 10 6 3 3 8 2 6 3 4 5 3 4
461 4 2 6 2 1 7 9 5 8 6 9 7 4 1 10
547 6 9 5 1 9 3 9 9 6 5 3 7 4 1 6
523 5 8 8 5 4 4 1 9 9 10 5 8 4 7 4
388 2 3 9 2 3 2 10 5 5 2 8 6 4 6 8
630 8 6 3 6 10 10 8 10 9 5 8 9 6 8 8
535 9 10 5 9 2 5 10 8 1 7 8 2 3 10 1
423 9 1 7 9 7 5 1 2 4 10 3 7 2 2 10
640 10 9 8 9 3 4 7 10 10 9 2 6 9 5 9
688 10 9 9 6 3 8 10 9 9 10 5 7 10 3 9
404 6 5 3 7 4 7 9 1 1 1 4 5 2 3 9
401 3 6 5 7 7 1 8 4 4 2 6 4 6 2 2
20
372 1 7 9 10 4 6 3 10 3 1 5 3 6 9 2
408 3 4 8 4 2 1 5 6 7 3 5 7 7 9 3
460 10 8 7 6 1 2 9 1 4 2 2 6 1 10 7
577 1 10 5 2 5 6 10 6 10 10 10 4 7 4 5
457 8 1 9 10 8 1 9 4 1 2 3 7 8 6 5
596 9 6 10 10 3 4 6 8 9 9 6 8 8 10 2
403 3 8 9 4 9 1 3 10 5 1 1 2 10 6 8
315 2 2 5 5 7 1 4 2 3 2 8 6 1 6 8
551 3 6 3 7 8 10 7 10 5 5 5 8 8 10 2
573 10 10 3 10 5 5 6 5 8 2 8 8 7 3 7
509 8 9 2 5 7 2 8 5 2 1 8 8 2 8 4
351 3 1 2 3 9 1 10 5 1 2 1 6 7 3 2
421 5 4 6 2 4 6 8 4 6 3 7 3 1 9 6
438 3 1 4 2 10 4 3 6 7 9 9 6 10 5 6
485 10 8 1 4 2 10 5 9 4 5 5 4 6 4 4
427 6 5 4 6 5 9 1 7 5 9 3 2 5 6 4
411 1 3 9 4 10 1 6 10 6 6 9 6 2 1 1
425 2 3 3 2 9 2 5 8 8 3 3 10 4 9 1
540 9 5 7 10 10 2 10 4 2 6 1 9 5 10 7
528 10 2 4 4 10 8 10 6 7 2 10 5 7 2 5
20
496 6 8 3 7 8 5 9 4 1 7 5 3 7 2 6
384 3 8 6 1 6 6 6 3 2 2 1 1 10 4 1
493 6 8 2 4 6 5 1 3 9 7 9 9 4 4 1
419 9 1 7 8 10 8 6 7 1 1 4 3 6 7 10
430 2 9 10 1 1 7 8 1 8 6 2 1 10 1 6
530 8 7 10 8 7 8 8 3 4 9 8 2 2 3 4
431 7 3 7 3 2 3 10 1 6 4 3 3 10 5 8
415 5 5 2 6 1 9 3 8 4 9 5 3 4 10 2
493 9 7 6 3 4 5 10 7 4 4 9 5 4 1 4
511 10 3 7 1 7 8 4 6 8 7 8 7 1 6 2
481 5 7 10 9 6 2 10 2 6 1 9 2 5 5 7
424 7 2 5 9 10 3 2 4 2 4 9 6 8 7 3
450 6 9 5 1 6 7 7 1 1 4 3 5 4 7 8
545 1 8 10 9 9 8 9 2 8 5 7 1 7 3 7
397 7 3 4 3 9 7 6 9 3 1 2 1 8 10 1
452 1 4 2 1 8 6 7 10 6 7 4 5 5 5 9
401 4 3 2 10 2 9 2 7 6 2 8 9 6 9 5
580 10 7 7 6 1 2 10 2 6 9 8 2 8 9 10
317 6 2 4 5 2 1 1 2 7 1 5 9 3 8 3
523 10 10 6 3 7 4 8 3 4 7 4 1 7 1 5
20
453 2 4 10 3 3 5 5 7 8 4 10 7 8 10 1
593 8 10 4 8 9 9 3 8 4 9 5 7 10 9 9
645 10 8 2 6 10 7 9 2 8 9 5 4 6 7 3
530 9 6 3 2 7 5 8 8 7 7 5 5 1 4 1
413 4 4 9 2 4 3 5 10 4 4 5 8 1 10 7
503 6 5 4 4 2 3 10 5 4 5 3 9 5 10 5
514 8 8 10 10 1 8 1 5 8 3 7 3 8 7 9
525 10 1 1 9 9 7 7 6 1 9 10 2 9 9 1
465 4 6 9 2 6 5 5 10 1 9 7 9 4 8 2
397 2 2 8 1 2 9 4 10 5 8 5 1 9 6 9
556 5 8 7 8 9 4 5 9 6 5 2 7 10 9 4
503 3 3 10 4 9 5 8 2 7 8 1 7 6 9 3
473 8 6 5 6 2 4 5 3 9 3 5 5 3 3 4
466 4 8 3 4 10 1 1 9 7 7 3 7 8 5 1
529 10 9 6 8 6 9 2 2 4 8 5 5 6 9 5
528 9 5 3 9 9 5 7 4 3 9 1 10 4 3 5
426 9 6 1 9 1 1 6 2 7 1 4 8 3 4 1
374 5 1 1 3 7 3 1 8 6 4 7 10 3 5 2
346 2 2 8 2 2 1 4 3 4 9 8 7 5 9 4
420 3 6 8 8 7 5 1 10 4 10 2 3 8 1 2
20
440 1 5 7 10 9 5 9 8 1 6 8 5 10 3 4
415 6 5 10 2 5 4 5 1 5 2 7 7 8 4 6
461 10 2 1 3 8 5 6 10 4 3 4 2 8 7 7
400 2 3 4 4 5 4 3 5 6 8 10 3 7 6 6
458 4 1 5 10 8 2 9 4 7 1 5 8 10 1 3
433 10 2 6 2 6 10 5 6 3 4 4 8 6 3 1
421 3 7 9 4 10 2 9 6 1 3 2 3 9 7 6
380 3 3 3 2 3 4 7 8 3 4 1 8 6 7 3
385 1 3 8 3 2 10 8 2 4 5 8 1 9 2 7
504 3 4 10 8 5 7 8 5 9 4 3 3 8 9 5
525 6 6 10 4 6 2 6 7 7 9 7 4 9 7 8
478 8 9 2 3 5 7 3 2 1 9 1 6 10 7 2
530 2 3 5 8 7 6 9 3 9 10 3 5 3 9 9
450 7 1 9 7 1 6 6 1 9 2 3 7 5 7 10
407 4 1 2 10 8 9 2 9 1 3 7 7 7 10 9
394 6 3 4 2 9 8 5 6 2 3 2 3 2 5 10
477 2 9 8 6 7 3 10 10 4 5 1 2 7 6 8
392 2 7 5 5 6 3 7 6 1 3 8 2 3 9 9
459 10 2 2 9 6 2 2 7 4 7 9 6 1 10 2
533 3 8 2 4 8 5 8 2 10 1 8 7 9 1 5
20
503 5 10 4 2 10 2 5 3 10 2 5 3 4 2 7
397 6 1 10 5 10 3 1 1 6 3 4 6 5 3 10
323 3 1 4 9 3 3 6 8 1 7 7 5 1 2 10
442 5 8 2 5 1 10 9 4 4 5 1 2 8 1 9
452 6 9 7 10 1 9 4 4 2 3 2 7 7 8 4
430 3 1 7 10 3 6 2 3 7 2 10 7 10 10 10
378 8 4 1 5 6 5 5 2 1 6 9 2 6 3 1
491 3 8 1 10 2 4 9 10 1 8 7 9 5 5 8
582 8 10 10 9 10 10 6 1 2 9 1 5 8 3 10
424 4 8 6 5 9 9 1 10 2 2 10 4 4 8 4
522 10 4 2 10 2 2 8 1 7 9 8 2 4 4 3
429 3 4 6 3 1 8 2 7 8 10 1 7 8 5 5
432 4 3 3 1 1 8 4 5 6 10 3 7 10 8 2
351 1 3 5 4 7 1 6 9 2 7 5 1 7 3 7
587 9 7 5 9 6 5 4 4 10 1 10 6 9 8 7
463 9 4 1 7 1 9 2 2 10 4 2 1 10 3 8
410 9 3 3 6 6 6 1 3 3 1 4 7 8 9 7
473 1 7 5 8 2 7 3 10 10 10 1 5 1 4 9
546 7 10 4 10 5 5 8 9 9 5 7 3 2 3 3
486 8 5 5 1 4 2 4 10 6 7 9 8 4 5 10
20
376 3 5 5 8 2 6 3 10 9 2 2 5 2 1 5
487 5 8 1 4 1 10 8 2 3 5 9 6 7 7 2
615 2 10 8 5 9 2 10 2 8 10 10 6 2 10 3
506 8 10 6 8 9 1 2 6 8 1 8 2 8 10 3
423 5 7 8 6 4 5 4 1 5 5 3 9 4 5 2
438 3 5 8 1 2 5 8 10 9 4 8 2 3 8 4
469 1 3 7 1 9 5 7 4 10 6 9 7 2 6 3
396 4 6 7 2 3 4 6 3 3 7 6 6 1 9 4
482 6 9 7 10 8 6 1 6 4 2 3 10 9 7 1
438 4 10 5 8 7 7 2 4 1 4 6 9 6 5 9
541 10 6 8 5 10 1 8 8 1 10 8 5 5 4 9
329 3 2 6 3 8 7 3 5 2 7 4 8 1 2 6
460 10 7 5 3 6 6 7 9 2 4 2 7 3 1 9
378 2 2 7 2 5 9 3 5 4 6 3 9 4 7 2
424 2 5 3 3 1 6 9 8 7 5 1 7 1 6 10
469 10 2 7 1 3 7 7 1 4 7 9 5 6 7 2
383 3 3 4 8 5 5 1 6 10 1 8 2 5 3 6
550 10 4 6 6 7 10 5 9 7 3 9 5 1 10 5
392 7 1 2 7 10 2 3 10 7 4 2 3 4 1 10
396 9 3 2 1 9 9 1 10 1 7 10 3 2 1 3
20
505 8 10 9 1 6 5 4 2 3 6 9 1 9 5 5
480 10 5 9 1 3 5 8 10 3 1 6 5 9 2 10
446 10 4 2 3 6 1 6 7 3 5 5 6 5 3 9
553 7 6 10 5 7 6 8 10 5 3 2 8 4 10 7
540 4 7 8 9 6 6 9 3 7 8 9 8 3 2 2
408 1 2 7 8 8 7 9 6 2 8 4 6 3 6 2
424 2 9 1 1 3 5 9 1 4 3 6 6 7 9 3
669 9 8 8 6 7 10 9 2 9 10 8 3 7 10 9
454 10 5 3 4 3 4 6 3 3 6 3 10 5 3 7
370 3 3 3 7 1 9 5 7 2 8 2 6 5 5 2
521 9 3 6 5 4 3 5 8 8 9 1 7 10 9 8
467 9 9 7 7 2 10 4 1 1 2 10 9 2 1 9
480 8 5 1 1 6 10 1 7 7 9 4 2 6 5 9
623 6 10 10 10 6 5 10 2 5 10 5 4 8 10 4
387 9 3 2 10 1 8 6 4 1 2 10 7 2 7 1
549 6 5 3 10 1 2 9 9 7 5 4 10 5 10 7
413 8 3 6 4 7 2 10 1 4 3 6 5 1 1 8
462 9 4 5 9 7 1 6 3 6 7 6 1 1 8 9
323 3 5 1 1 3 1 5 6 2 3 8 10 2 5 5
489 7 2 1 5 5 1 10 7 6 4 9 3 8 7 1
20
458 3 2 1 7 10 6 8 1 2 8 7 7 3 9 8
448 5 4 6 10 10 8 1 3 3 4 10 9 7 1 3
393 5 2 6 6 8 7 4 6 5 2 9 1 3 10 10
427 5 4 4 2 5 3 5 3 6 4 7 8 8 4 6
332 2 10 1 3 3 3 2 1 5 1 1 5 7 1 10
541 9 2 4 10 1 7 8 5 10 6 2 6 9 5 4
405 4 5 3 7 7 4 3 1 6 2 8 4 2 8 1
430 10 3 5 1 9 3 1 1 1 10 2 10 8 7 2
442 7 2 7 1 3 6 10 1 2 10 1 5 4 3 4
435 10 5 8 7 1 7 2 7 6 4 4 4 6 4 3
446 2 1 10 10 6 3 6 5 5 9 8 6 9 8 1
502 7 2 1 3 4 4 5 1 10 10 5 6 9 8 5
376 3 1 3 5 4 2 4 4 4 10 8 7 5 10 2
361 2 1 10 5 4 8 4 2 2 8 7 5 10 7 3
516 1 9 5 9 10 10 7 10 6 1 8 4 5 7 2
448 8 4 7 7 3 9 8 5 1 5 3 1 4 9 1
487 5 10 6 6 5 7 4 9 4 5 10 8 3 3 4
393 5 1 9 4 6 6 8 6 2 2 1 6 9 4 5
513 8 3 5 1 10 10 5 9 2 8 6 7 2 8 9
416 6 6 10 6 2 9 1 5 3 5 7 10 5 4 1
