250 10
1250 1250 1250 1250 1250 1250 1250 1250 1250 1250
10
198 4 3 3 3 6 4 6 1 2 8
279 9 9 3 4 8 9 6 1 2 3
203 9 8 3 3 1 1 4 1 8 4
220 1 9 7 8 6 5 1 9 4 5
130 2 2 5 6 1 4 1 7 3 4
272 6 9 7 9 5 1 6 5 7 8
265 6 2 4 7 8 5 9 1 7 1
155 4 8 4 3 2 5 1 1 1 3
223 3 9 2 1 6 5 2 7 8 5
238 3 8 7 7 6 3 4 5 4 9
10
234 5 1 7 3 9 6 4 4 3 3
186 5 9 5 8 4 1 3 8 3 1
223 5 4 4 9 4 5 6 4 8 3
238 5 7 3 3 5 5 6 9 5 4
279 7 2 9 1 4 9 7 8 9 4
268 9 8 9 2 1 4 9 8 6 6
250 5 6 3 1 6 1 7 7 7 9
309 7 7 8 7 7 3 9 8 5 6
160 5 4 9 1 1 6 5 3 3 1
220 1 9 8 4 2 9 6 2 6 3
10
182 5 6 2 9 6 6 2 8 1 1
184 4 1 6 1 5 2 4 6 1 6
262 9 7 8 9 7 3 2 4 9 4
164 9 1 3 9 1 9 3 5 3 4
220 1 7 5 4 4 9 3 2 5 8
216 4 2 9 2 1 3 9 6 8 1
217 7 7 2 5 4 2 8 3 2 5
200 4 4 8 8 5 4 1 3 6 6
257 9 3 7 3 4 7 8 6 3 4
193 8 8 4 6 3 1 7 1 2 1
10
222 9 5 7 5 6 7 2 1 4 5
260 6 7 6 3 6 2 7 2 3 8
166 3 5 1 5 4 4 2 8 2 8
226 3 7 7 3 8 5 2 7 6 1
203 1 8 5 9 2 6 8 1 3 1
242 3 9 1 8 6 1 7 5 8 2
231 7 1 8 1 7 7 5 3 1 4
171 6 3 4 7 2 1 7 7 3 1
233 7 7 3 8 5 6 5 2 3 2
308 8 5 7 4 5 7 8 9 7 9
10
218 9 7 6 7 2 4 5 1 3 4
240 2 4 8 4 7 8 6 8 4 2
224 2 7 4 9 6 1 6 9 2 1
232 2 7 7 7 4 7 6 2 5 6
208 2 6 1 5 2 8 8 1 7 1
247 8 5 5 2 6 7 2 1 5 9
234 5 2 2 1 4 8 6 8 9 3
265 6 6 4 2 4 6 9 7 8 3
255 2 1 2 3 9 5 6 4 9 4
238 5 5 1 9 7 3 5 2 4 7
10
250 4 4 1 7 8 2 7 9 4 8
218 4 2 9 1 6 7 1 5 7 6
209 5 3 6 3 2 6 4 5 5 8
273 8 6 5 8 2 1 8 7 8 8
188 1 6 4 6 3 5 1 2 9 5
223 8 8 3 5 3 4 1 7 7 4
246 4 2 5 6 7 2 6 9 6 7
219 6 5 4 6 4 4 3 2 8 5
219 4 4 4 6 6 2 7 3 1 3
236 2 6 3 4 7 6 7 2 3 5
10
212 3 4 9 9 3 6 2 7 8 8
266 3 8 6 6 5 2 8 8 4 4
190 1 2 6 1 6 7 1 4 3 8
197 3 5 8 1 7 3 1 8 1 5
266 2 2 9 9 8 1 9 7 7 4
224 4 5 7 7 3 7 7 5 1 3
268 1 2 2 2 8 7 9 7 5 5
288 6 8 3 1 6 4 9 8 3 7
166 5 1 2 5 4 2 6 1 4 1
216 2 6 7 1 9 9 2 1 4 1
10
248 6 6 3 7 8 5 1 6 5 7
271 4 5 8 6 9 7 7 6 1 1
200 1 3 7 8 1 3 7 8 6 5
220 4 9 3 3 4 8 4 6 3 1
220 8 4 2 2 7 4 1 9 3 6
280 5 3 1 1 8 6 8 4 8 7
176 1 7 7 3 1 4 6 3 3 7
210 8 3 2 6 8 1 1 2 4 6
238 9 5 5 2 7 6 2 1 6 9
228 9 7 5 1 2 8 3 9 9 3
10
271 3 7 6 7 4 2 9 3 7 6
240 8 2 4 1 7 8 5 6 3 1
188 1 1 7 3 9 1 3 5 2 2
206 9 6 7 2 2 5 5 1 1 5
231 3 8 2 3 8 3 2 5 7 5
194 4 7 5 7 2 7 2 8 7 4
217 2 1 5 9 9 8 1 6 8 4
292 9 7 5 5 3 3 9 6 7 6
286 8 5 9 2 7 8 6 8 4 7
291 6 6 9 7 6 9 5 8 7 6
10
266 1 7 5 2 9 3 5 3 8 2
282 3 9 6 3 7 8 6 4 5 6
288 2 2 9 7 8 8 9 1 8 4
271 3 1 7 6 7 4 9 1 8 6
195 9 7 2 4 9 1 1 1 1 4
301 6 8 5 6 9 8 5 7 1 8
233 2 4 3 1 6 4 9 6 4 2
283 6 6 5 4 9 4 5 5 9 5
261 3 6 8 1 8 7 6 5 3 6
267 6 6 1 6 9 2 3 5 7 9
10
208 1 6 7 6 6 6 4 8 2 3
229 5 8 2 9 7 7 2 6 4 2
254 2 3 9 4 7 1 5 7 9 9
209 1 3 4 3 9 7 4 6 1 2
142 4 3 5 7 3 2 2 3 1 2
203 2 4 4 3 1 7 7 2 9 5
158 4 7 4 3 3 3 1 2 5 4
186 5 6 2 8 5 1 1 1 7 2
248 7 1 8 6 9 2 7 4 2 4
261 8 6 3 8 8 1 7 1 4 5
10
188 3 2 7 4 8 2 1 9 1 2
167 1 3 1 8 6 7 3 3 1 6
298 7 6 4 4 8 9 8 2 2 8
235 8 6 3 4 7 7 2 8 6 3
161 8 3 2 6 5 1 3 4 1 1
308 5 6 5 9 8 4 8 9 8 6
248 8 8 8 3 9 6 1 2 3 2
251 6 8 1 8 7 7 6 8 1 5
278 6 2 6 5 8 4 9 1 6 4
253 3 8 8 9 5 2 9 7 2 1
10
283 7 3 8 3 7 7 8 2 4 4
227 4 3 7 7 5 9 9 4 1 2
237 7 1 3 1 8 8 6 5 1 3
241 4 9 7 1 4 7 2 3 6 8
169 3 1 7 5 2 6 4 4 4 7
195 6 9 6 9 1 5 1 7 9 2
260 3 4 6 4 6 7 9 2 7 5
218 1 6 1 1 9 3 4 4 1 6
121 5 1 2 6 3 1 1 7 4 3
209 2 6 5 7 5 3 6 8 3 2
10
231 9 4 4 8 5 7 4 4 3 8
275 6 4 5 2 9 7 7 5 8 1
280 9 6 5 9 8 3 9 2 3 1
204 6 1 6 7 1 6 5 7 6 9
265 6 1 2 8 9 7 7 5 2 7
255 1 3 8 7 9 5 7 5 5 5
238 3 2 6 4 4 7 9 2 8 1
273 4 2 3 2 9 5 9 4 6 3
277 4 2 4 8 9 4 8 7 8 2
223 1 2 2 9 8 5 6 1 6 7
10
243 3 5 9 6 5 6 4 8 5 8
267 3 9 9 9 5 4 3 3 7 8
230 7 9 3 7 3 6 4 9 6 1
196 5 1 5 8 5 1 8 3 1 3
149 8 4 7 3 1 4 1 8 1 5
232 2 2 7 7 6 6 7 6 3 7
305 7 7 4 8 5 8 9 9 7 1
207 7 7 9 1 1 9 2 2 7 5
194 2 6 1 8 2 9 5 8 2 9
310 3 7 5 1 9 8 9 3 6 5
10
301 7 9 7 2 8 6 5 6 8 6
267 6 7 5 7 8 6 5 4 3 7
227 3 9 1 4 5 9 1 4 9 6
195 2 1 8 9 2 8 6 8 7 2
252 2 5 5 6 5 4 9 7 5 9
227 9 2 4 5 4 4 9 4 1 5
306 6 8 9 1 8 1 8 9 4 5
204 6 8 2 7 1 5 8 7 1 2
219 2 3 2 1 9 8 1 6 4 8
183 3 4 2 4 9 4 2 7 1 1
10
213 4 3 7 2 6 8 1 6 6 6
258 5 9 6 3 2 2 7 5 8 8
228 4 4 9 5 4 9 5 4 7 2
189 5 2 4 7 2 3 4 8 9 2
253 2 7 7 6 9 6 1 7 6 9
224 1 1 3 3 6 2 6 7 6 8
248 8 4 7 1 7 5 6 1 5 1
244 4 6 6 4 3 1 9 5 6 4
237 4 4 6 8 1 3 9 9 8 5
249 6 3 5 8 6 5 4 8 7 3
10
271 6 7 8 7 6 2 8 1 4 9
300 5 5 4 5 7 9 9 8 4 4
185 9 2 8 2 2 2 3 5 3 6
210 5 8 9 4 3 9 1 5 3 6
151 7 6 1 4 1 5 3 2 1 3
254 7 7 9 4 8 9 1 1 5 3
169 3 4 8 3 2 3 5 4 1 4
273 5 6 1 5 3 8 8 4 9 8
261 9 5 3 8 4 7 7 2 9 6
237 4 7 6 5 1 5 6 5 6 9
10
236 7 6 5 4 1 1 9 4 6 4
276 2 8 7 4 6 7 7 1 8 4
258 9 7 1 9 5 3 9 4 1 8
212 2 8 1 5 9 5 2 1 3 5
252 9 4 5 3 8 6 6 5 1 4
305 7 7 3 8 6 9 7 7 8 5
201 7 3 2 4 6 6 1 6 2 8
257 2 8 7 6 9 1 7 4 2 2
294 8 4 1 7 8 8 6 5 8 6
284 6 1 7 9 5 7 9 7 5 9
10
276 7 4 3 8 8 5 5 1 6 8
269 9 5 5 5 6 7 7 5 3 9
209 2 5 6 8 5 2 3 3 6 9
184 5 1 2 6 4 4 8 1 2 5
201 4 2 5 2 6 5 4 5 7 3
275 8 9 3 2 2 9 9 7 8 5
307 9 1 9 8 9 4 7 2 8 8
246 8 4 7 8 3 7 6 2 5 7
193 6 5 2 7 4 8 2 2 1 6
259 4 3 7 2 7 1 8 2 9 7
10
205 1 9 6 4 4 2 5 3 1 9
242 6 5 2 2 9 5 4 2 5 4
284 8 6 7 8 4 5 9 5 4 5
184 1 1 4 2 3 9 6 8 1 3
229 7 4 8 3 8 1 5 1 2 6
212 7 1 4 2 8 8 2 3 7 2
295 3 9 5 4 9 7 6 5 7 6
250 7 8 3 2 8 1 7 1 1 8
229 6 9 2 5 3 6 9 5 1 4
211 4 6 3 8 2 2 8 8 5 4
10
242 8 8 5 7 3 4 5 2 7 8
261 4 6 3 7 5 6 8 7 3 5
233 3 4 5 2 9 6 1 8 4 4
214 1 1 9 4 8 4 1 3 9 4
285 8 8 5 2 6 2 9 6 9 1
231 5 3 7 8 3 4 4 3 9 6
222 6 4 6 7 1 7 7 2 2 8
268 9 9 9 2 2 9 3 3 8 8
283 4 6 7 6 8 1 8 3 7 3
235 1 5 2 9 6 7 6 4 7 8
10
259 3 5 9 6 9 4 2 8 9 4
229 4 9 7 2 8 3 4 6 1 3
272 3 9 3 3 2 9 7 7 8 8
165 2 2 9 3 1 2 4 1 9 7
206 6 1 2 2 8 9 1 3 8 2
165 4 1 9 6 4 5 2 4 2 2
259 7 7 6 6 4 5 4 3 8 6
127 8 2 2 3 2 6 1 5 1 1
133 5 2 3 5 2 5 1 3 4 2
158 6 3 1 2 2 7 4 6 2 6
10
297 5 8 8 4 7 6 7 6 1 9
320 5 8 4 8 7 8 8 3 8 5
198 6 5 3 6 2 4 3 7 4 9
245 5 9 1 1 3 9 6 4 8 5
148 2 2 4 5 3 1 7 2 2 4
164 1 3 9 3 4 2 3 5 4 1
244 6 3 5 7 7 6 5 8 3 8
223 8 1 8 8 7 9 1 1 6 4
269 5 3 6 3 5 9 9 4 9 5
225 9 4 7 3 2 6 7 2 6 4
10
263 3 8 1 6 9 6 3 4 9 7
284 3 5 8 3 7 6 8 8 5 9
253 7 6 2 2 4 5 9 6 2 9
188 3 1 7 4 4 8 2 2 7 5
275 5 8 8 5 2 5 6 2 9 9
154 6 2 4 6 1 2 3 6 1 7
246 3 6 5 2 8 3 3 7 7 5
255 7 7 8 6 3 1 7 1 9 1
263 4 9 4 8 5 8 2 9 7 7
228 3 7 3 2 3 5 8 5 3 5
10
199 2 7 4 2 1 8 7 6 5 2
190 3 3 1 8 2 9 7 1 1 8
240 6 8 2 6 2 8 6 1 9 3
292 9 9 9 2 5 1 9 4 2 8
260 8 9 3 1 3 9 4 3 8 6
233 4 6 5 7 6 8 2 9 6 5
264 6 4 3 3 5 3 7 2 9 8
263 8 8 2 9 8 1 1 7 7 6
199 6 2 8 3 1 8 5 7 5 1
234 3 6 2 5 5 5 7 1 6 9
10
207 6 8 4 8 1 6 7 5 1 1
270 9 6 1 6 9 4 7 6 5 2
217 6 8 4 9 6 2 3 1 5 3
169 3 3 4 4 4 3 5 2 1 6
146 1 1 7 5 3 4 2 5 2 8
192 2 5 3 2 4 1 9 5 3 3
211 2 5 2 4 4 1 5 4 8 8
231 7 9 9 2 5 4 1 7 3 6
318 6 9 9 2 8 1 8 9 9 5
239 9 7 1 1 2 4 9 7 1 7
10
246 2 9 9 9 9 2 3 8 3 2
302 4 3 7 9 9 7 8 6 4 6
191 2 5 2 5 1 1 7 8 8 6
244 8 2 5 3 4 5 8 2 6 7
263 4 3 1 2 6 9 8 9 5 6
218 8 9 2 8 1 1 4 1 9 6
202 5 3 7 4 4 8 3 1 4 4
229 7 2 9 4 6 2 3 7 5 9
214 9 6 7 5 3 2 4 7 1 9
222 8 6 9 3 2 4 4 2 8 3
10
213 4 6 5 1 3 7 8 2 3 6
267 8 2 2 3 8 9 5 9 2 8
214 8 7 8 6 1 2 5 3 2 7
189 2 5 6 8 4 7 2 7 5 1
242 6 7 7 7 7 5 2 9 5 2
191 8 5 4 9 3 6 3 5 1 2
170 4 3 2 5 1 9 5 6 2 6
246 1 5 8 2 6 7 4 6 8 5
177 8 3 5 1 2 7 2 1 2 9
252 3 8 7 4 5 5 8 4 4 7
10
242 6 8 6 9 5 3 1 3 9 7
264 9 8 6 3 1 7 9 4 1 9
190 6 5 4 5 3 4 5 8 2 1
197 3 2 4 2 2 3 8 3 4 7
198 5 7 3 2 2 3 8 6 2 2
240 6 4 2 4 8 7 3 5 4 7
283 5 8 1 3 9 4 7 7 5 3
302 8 6 7 9 8 7 6 7 1 9
252 1 3 9 8 8 2 4 8 5 8
242 9 6 5 4 9 1 1 6 4 3
10
218 5 6 9 6 9 2 1 1 1 9
243 7 7 4 3 6 7 2 4 7 2
246 9 5 4 5 9 3 4 1 3 7
229 8 8 5 1 1 3 4 2 9 7
232 4 5 6 7 3 7 5 8 7 6
199 4 1 5 4 4 6 5 2 5 3
265 1 7 6 3 6 8 8 6 5 2
188 1 1 8 1 3 1 8 3 4 4
269 7 6 7 6 6 2 7 8 7 2
215 6 8 1 2 4 7 1 8 8 6
10
203 3 1 2 8 7 9 1 4 4 9
230 7 5 5 2 6 8 2 1 7 9
243 3 6 5 5 6 2 6 7 4 7
271 4 6 8 4 8 9 1 8 8 9
195 2 4 8 4 4 3 2 2 6 9
212 3 5 5 3 3 1 5 1 7 7
260 4 4 8 3 3 6 9 4 8 4
260 7 4 2 9 6 7 6 7 5 8
190 9 8 2 8 1 8 2 3 4 5
265 7 4 6 3 5 2 9 8 8 4
10
207 8 9 1 1 1 2 5 5 6 1
266 8 5 5 7 7 3 8 2 2 6
271 4 1 9 2 9 5 6 9 2 7
231 3 1 1 4 7 4 9 4 6 2
224 5 3 1 5 8 6 6 1 1 4
203 5 6 3 3 4 2 7 6 3 4
129 2 2 3 3 1 3 7 6 1 2
244 9 6 3 6 1 1 8 2 9 6
241 6 1 6 6 8 5 7 8 4 1
230 2 2 2 8 6 6 7 2 8 6
10
196 9 2 7 2 1 1 4 7 6 8
264 9 9 3 2 1 1 7 7 8 8
237 1 6 8 4 8 8 2 4 5 5
198 2 3 4 3 6 3 3 9 4 6
272 5 8 7 8 8 9 3 7 6 5
252 9 6 9 4 9 8 1 2 3 2
150 3 6 2 1 4 8 2 4 1 2
242 2 6 4 7 5 1 9 5 6 1
279 3 2 9 5 4 9 8 9 8 4
210 2 7 6 6 1 5 8 3 4 6
10
215 7 5 9 4 7 8 1 4 1 6
289 4 8 3 2 8 6 8 7 1 8
180 5 9 2 1 3 4 2 7 5 2
226 2 2 7 9 5 4 9 2 1 9
235 5 5 8 6 2 9 3 4 9 8
249 8 4 8 7 5 9 1 9 6 3
198 5 7 3 4 8 1 3 3 2 2
294 6 3 8 2 8 1 9 6 6 7
267 2 9 2 2 8 4 8 4 6 4
242 2 8 9 4 7 2 3 3 6 4
10
269 3 9 6 3 5 7 6 2 9 3
247 1 4 4 9 7 1 8 2 7 8
255 7 2 2 5 7 9 8 5 2 8
199 7 9 5 1 1 2 5 2 7 1
185 3 4 9 4 2 1 7 7 4 2
265 7 6 3 6 5 4 7 6 9 6
195 8 3 9 9 1 1 1 8 9 2
255 8 8 4 2 9 3 2 9 3 6
222 1 7 5 7 2 7 9 6 3 2
215 7 2 7 5 1 9 7 9 3 4
10
200 4 3 7 9 1 5 8 7 1 5
256 5 4 8 9 4 8 5 9 6 6
181 2 5 8 2 4 1 2 3 7 6
248 4 7 4 4 5 4 5 6 8 9
202 3 4 2 2 8 8 4 6 3 1
226 5 7 2 4 9 2 2 5 4 8
207 1 8 2 1 6 2 3 3 5 5
205 8 6 1 3 1 3 5 8 6 2
216 4 7 4 7 7 1 3 3 3 2
215 3 8 8 3 1 6 8 3 2 5
10
189 8 3 2 5 3 3 5 8 3 7
197 2 2 6 9 2 1 9 1 7 4
232 5 3 8 5 7 3 5 1 7 1
179 5 1 2 2 3 1 6 2 9 4
273 6 8 3 8 3 8 7 4 9 6
173 2 3 5 4 6 4 3 4 1 9
227 6 9 4 2 7 1 3 9 3 6
225 5 6 7 4 3 1 9 7 3 2
270 4 8 2 8 6 9 8 7 2 5
170 4 2 5 1 4 6 1 3 1 9
10
218 3 8 5 7 3 9 4 9 7 1
196 9 3 6 9 1 9 5 4 1 9
214 2 5 6 2 8 4 1 6 5 3
238 1 1 4 8 8 7 9 5 4 1
222 1 7 6 7 3 6 6 8 4 3
189 6 4 4 3 4 1 3 7 8 2
254 3 6 7 7 8 4 7 6 3 4
197 6 1 3 1 7 6 3 1 3 9
230 1 5 1 5 4 9 6 8 4 8
277 6 6 5 4 6 6 8 8 7 4
10
278 6 9 4 6 6 5 6 7 3 7
196 3 9 8 7 4 4 2 2 5 4
203 5 4 4 1 5 8 7 2 1 1
222 9 7 3 6 2 3 5 8 6 7
277 8 7 8 9 7 9 3 7 7 2
244 7 5 3 4 5 8 7 3 8 2
219 2 6 1 1 4 2 4 4 9 8
283 4 9 3 7 9 3 4 8 7 3
179 4 7 1 1 2 7 3 9 2 4
196 6 6 3 4 4 5 1 9 5 2
10
259 9 4 5 4 8 5 6 7 2 5
239 7 9 2 9 1 4 8 3 8 1
228 9 2 2 5 6 1 8 1 3 2
271 4 6 6 6 9 9 5 1 2 4
224 3 9 8 6 1 4 4 2 9 8
276 8 9 5 7 8 2 1 9 7 7
155 5 4 8 7 3 6 1 4 2 4
274 9 7 9 3 7 8 6 3 5 1
290 3 8 3 1 9 8 9 5 5 1
246 6 2 3 6 5 1 8 7 6 8
10
175 7 6 9 6 1 2 2 6 2 3
142 5 5 3 1 1 1 4 8 1 5
205 6 7 8 7 6 1 2 9 1 1
192 8 4 1 5 3 8 1 9 5 3
202 1 4 2 5 5 2 7 1 8 2
174 2 4 9 9 2 4 4 1 3 2
226 9 3 6 2 3 3 9 3 2 2
162 2 4 2 7 3 5 1 5 6 8
159 2 1 4 8 3 8 3 2 2 7
169 1 6 6 8 2 7 3 5 2 8
10
258 7 8 8 5 5 5 2 9 7 1
219 3 8 3 6 2 1 8 5 6 8
270 1 9 5 4 5 9 9 8 6 2
282 9 7 9 3 4 4 5 4 9 5
263 6 4 6 7 7 6 6 1 2 8
251 4 3 3 5 9 3 3 6 8 6
199 6 8 2 2 1 4 3 1 5 9
134 1 1 7 9 1 2 2 4 7 1
216 5 7 7 1 3 3 8 3 2 1
196 9 5 5 1 1 1 3 8 8 8
10
256 9 9 7 7 7 5 1 1 4 9
203 4 5 1 6 4 7 4 6 1 7
247 7 9 6 5 7 2 3 1 3 5
179 1 5 2 6 6 9 1 5 1 2
290 9 8 9 6 7 4 7 8 1 2
205 4 7 2 7 7 9 3 1 2 4
223 7 4 4 9 2 9 4 1 9 1
241 6 1 1 6 8 6 9 8 2 3
209 6 3 8 9 2 7 8 5 3 1
276 3 7 6 6 4 8 8 2 8 8
10
215 7 4 3 7 1 6 9 7 4 1
167 4 4 1 3 4 2 2 4 9 3
176 4 1 9 4 5 2 3 5 1 8
226 7 3 8 3 5 6 7 5 3 2
225 4 5 9 1 6 9 6 1 1 4
152 4 3 5 5 3 3 2 2 5 1
310 4 4 8 5 8 9 6 8 7 9
205 2 7 1 9 1 7 6 9 5 7
204 1 2 1 2 4 4 6 2 9 8
199 4 7 4 6 1 5 6 7 2 6
10
301 4 7 6 9 9 8 7 1 5 6
154 4 2 3 1 3 4 2 6 5 7
271 9 6 2 7 8 3 7 5 4 5
199 3 9 1 5 7 1 2 3 4 1
257 2 2 7 1 5 5 7 9 8 6
216 2 9 4 1 6 1 1 4 9 1
216 4 5 7 4 6 8 2 7 2 2
147 6 7 7 1 1 2 1 8 1 7
237 2 4 7 5 7 4 4 9 6 3
322 8 9 6 1 6 8 8 6 7 7
10
212 1 3 9 2 7 2 6 1 7 2
203 7 5 3 3 1 9 9 5 1 4
300 6 8 5 5 6 5 7 5 8 5
174 7 1 5 2 2 3 1 2 7 8
208 4 9 9 4 2 7 3 1 7 4
260 8 5 1 7 9 3 4 8 2 7
204 6 5 6 5 2 8 6 6 2 1
280 8 4 2 1 7 3 7 5 7 8
237 6 6 2 1 3 3 7 2 6 7
168 4 4 4 5 4 3 4 7 1 2
10
300 7 6 6 3 8 2 8 6 8 8
247 6 8 8 5 6 3 2 9 9 1
149 3 3 6 3 2 9 1 4 5 3
243 2 1 8 1 8 4 2 3 9 9
203 2 6 2 1 7 5 3 2 1 8
248 6 3 9 5 6 1 5 5 9 5
275 2 6 3 4 9 9 7 9 3 2
245 4 6 4 9 9 7 1 9 4 5
281 5 9 7 1 5 7 9 8 2 3
187 6 5 9 8 2 9 1 8 5 1
10
265 8 9 9 6 4 2 6 1 2 9
155 1 5 2 4 5 3 1 4 5 4
251 2 7 7 8 2 3 8 4 6 7
265 7 1 8 2 7 8 9 4 3 4
279 6 4 4 3 9 7 7 5 1 9
217 2 7 7 2 7 3 2 2 8 1
264 4 4 7 8 5 6 6 6 5 9
200 8 1 4 9 4 3 6 4 1 5
176 7 2 3 8 3 1 5 1 3 8
261 6 4 7 6 6 2 9 9 2 4
10
217 1 7 8 5 3 9 5 7 6 3
262 6 2 4 3 9 4 9 6 1 9
304 1 7 7 9 7 9 9 4 7 2
216 4 1 1 7 1 5 9 8 6 8
251 7 7 3 9 7 8 2 8 4 8
250 6 3 6 9 5 7 6 8 8 4
239 8 9 2 2 2 5 8 4 7 2
236 3 8 7 2 3 6 6 5 9 3
140 3 3 1 8 4 1 3 6 2 5
187 2 3 3 1 7 1 7 5 1 4
10
264 1 2 2 9 9 8 5 6 9 5
214 4 2 6 5 7 6 1 9 2 7
186 7 9 5 2 3 1 3 1 2 5
173 1 1 1 6 3 9 4 1 5 9
220 4 3 2 7 8 7 5 2 2 5
168 3 1 1 3 2 3 5 4 5 8
236 9 4 1 9 4 6 7 2 9 2
202 5 6 4 4 3 1 9 1 1 4
210 6 2 6 3 5 8 2 6 9 4
173 8 6 1 3 2 7 2 2 5 3
10
248 8 7 3 5 4 9 6 6 2 9
238 9 9 3 8 4 1 4 6 7 7
206 8 5 9 8 1 8 4 4 2 5
212 4 7 1 5 5 3 3 2 5 9
197 5 3 9 6 1 9 2 5 5 6
260 4 9 8 8 6 6 2 8 7 8
243 9 1 7 4 2 2 9 7 9 2
158 8 5 6 2 2 4 1 9 2 2
270 6 7 5 4 8 2 6 8 5 3
231 5 8 5 6 5 2 3 8 3 7
10
215 2 5 9 3 3 2 8 9 6 2
229 2 5 2 3 2 1 9 9 7 9
270 7 5 9 7 4 7 9 6 5 2
223 2 9 5 9 1 7 7 4 4 1
167 1 5 1 5 3 3 4 4 2 6
270 4 3 9 1 9 2 5 4 9 3
217 2 9 9 2 3 7 3 3 6 5
128 4 1 2 2 4 6 1 2 1 1
216 7 1 1 1 2 4 8 6 6 6
157 2 9 2 5 1 4 2 4 1 5
10
168 4 5 5 4 3 8 1 2 4 6
260 2 6 8 9 6 9 5 4 9 4
222 2 8 5 4 8 9 3 5 3 1
306 2 7 8 5 9 7 8 4 4 7
242 4 9 6 9 3 5 3 8 9 3
291 2 8 5 4 8 7 7 1 5 7
224 4 1 2 2 5 4 7 9 5 7
265 7 8 1 5 8 3 4 8 3 7
199 6 3 3 9 9 5 3 6 1 1
193 2 1 2 4 6 5 7 8 1 5
10
208 2 5 5 8 1 2 6 5 6 9
278 6 9 8 4 4 5 7 4 6 6
289 8 6 7 3 9 8 3 8 7 2
180 1 7 2 8 4 8 1 2 4 3
210 5 5 6 4 5 2 4 2 4 9
262 9 4 9 6 8 9 2 5 3 5
213 4 5 7 7 4 2 5 4 7 3
234 9 7 6 4 2 4 3 4 9 6
178 2 5 9 4 1 8 5 2 3 3
228 3 3 3 3 3 8 9 6 4 9
10
277 6 5 2 6 9 3 8 1 5 2
194 8 4 2 8 2 2 8 1 2 9
268 8 8 8 6 7 8 3 8 2 3
234 8 7 1 4 2 3 9 4 6 1
210 5 8 4 7 6 4 1 1 5 1
254 3 8 4 5 1 8 9 5 8 9
215 3 2 5 6 6 7 6 6 2 7
187 1 2 3 8 4 8 3 5 6 9
205 5 3 8 1 7 4 2 2 5 5
207 2 5 7 4 3 8 6 2 6 4
10
211 3 2 3 9 5 7 3 2 9 8
180 2 8 7 5 1 6 4 1 2 8
182 6 2 5 3 3 8 4 4 6 2
255 8 5 8 6 2 1 7 9 9 2
152 1 6 4 3 1 2 1 3 9 4
235 5 5 8 4 1 9 8 1 4 6
236 6 5 1 1 5 9 5 2 3 8
245 7 4 1 5 8 8 1 8 8 4
241 6 8 2 7 5 4 5 4 4 9
273 7 6 6 2 5 4 6 6 7 8
10
251 6 7 8 5 4 8 3 5 8 6
276 4 2 8 2 6 8 7 7 6 7
200 2 2 3 9 5 9 1 9 8 2
163 2 5 3 3 1 9 4 9 3 3
224 7 4 8 4 5 3 3 7 4 3
241 2 1 9 9 4 7 6 8 5 6
149 2 1 8 6 2 2 2 8 2 7
291 8 8 2 6 7 9 3 4 9 6
224 3 4 9 1 3 5 8 3 3 7
304 5 4 9 2 9 9 8 7 3 9
10
198 4 2 6 4 5 4 4 6 1 9
177 4 8 5 4 2 5 1 9 4 4
276 9 7 1 4 5 3 9 4 8 4
213 3 4 1 4 1 8 4 9 8 9
271 9 6 5 4 9 5 7 3 2 1
276 2 4 3 5 9 6 7 2 9 7
265 6 7 6 2 2 9 9 4 7 4
205 1 5 1 4 9 2 2 2 2 8
250 6 6 8 2 8 6 3 6 3 5
260 6 2 9 9 4 9 3 9 7 8
10
199 4 6 8 5 2 4 2 2 9 4
312 8 7 8 6 9 7 3 7 8 3
254 8 3 7 7 6 4 6 7 8 1
207 6 6 2 4 1 8 7 2 2 8
204 9 5 6 7 1 1 6 9 3 8
228 9 1 8 8 4 1 5 9 6 9
207 1 1 4 2 3 8 8 1 9 1
233 5 3 9 2 5 6 5 3 3 6
239 8 9 5 3 3 2 4 6 5 5
240 5 5 1 6 3 2 7 1 9 9
10
201 6 1 8 3 9 3 1 4 1 5
196 2 8 7 1 1 8 6 8 2 2
192 2 3 4 4 8 2 1 6 2 7
210 9 3 1 6 4 7 1 4 9 6
180 2 1 3 5 4 8 4 3 3 4
211 5 8 6 6 4 5 1 3 6 2
170 1 4 3 3 1 8 5 7 1 9
250 4 7 5 8 3 8 5 1 7 8
283 6 3 5 4 6 7 7 9 9 3
213 6 1 6 8 2 9 6 4 8 1
10
265 9 6 2 2 7 7 4 2 5 6
182 7 8 4 4 1 5 1 2 6 6
190 9 2 1 2 1 7 5 4 7 7
249 6 6 7 5 6 3 7 4 2 5
187 8 3 7 9 1 2 8 1 3 2
236 2 2 5 6 3 3 7 9 9 8
192 8 9 2 2 4 2 1 3 3 8
254 8 6 1 4 8 5 4 4 8 2
201 1 8 7 5 1 8 4 2 6 5
285 1 4 5 4 9 9 9 8 6 4
10
249 2 9 8 4 6 1 5 5 9 1
260 5 8 9 2 4 6 8 8 6 2
210 3 5 7 7 7 4 1 4 4 7
283 5 5 5 9 8 1 8 3 7 7
263 1 1 3 6 8 7 8 5 9 6
206 2 3 8 9 5 1 7 2 2 1
196 1 1 4 2 6 1 8 6 1 3
258 4 5 3 7 6 9 8 6 3 5
167 6 3 1 1 1 9 6 2 3 3
301 8 5 7 5 8 5 8 1 4 9
10
212 7 3 9 3 6 2 1 7 3 5
241 5 9 1 1 6 6 6 2 1 8
250 9 3 2 8 9 8 4 5 4 1
196 6 5 5 1 1 8 1 3 9 4
171 5 5 9 5 3 1 2 7 1 6
313 7 8 4 8 8 6 9 6 1 7
237 6 2 6 6 2 8 9 9 3 3
273 8 4 9 2 2 9 9 4 4 7
290 6 9 6 3 7 6 7 6 4 6
169 2 6 7 4 2 6 2 5 2 5
10
218 7 5 8 9 6 5 1 3 8 1
272 5 9 4 6 4 1 9 4 9 2
232 9 1 4 8 6 3 4 7 3 7
150 2 3 1 3 1 1 6 1 8 3
246 3 9 9 7 6 8 4 6 4 3
224 5 2 7 6 6 4 8 1 4 3
160 7 4 1 4 1 2 1 6 3 9
272 5 7 7 7 8 6 5 2 4 8
251 8 1 8 1 5 1 3 8 9 9
336 8 7 9 8 9 7 7 7 3 8
10
277 1 8 5 2 5 8 8 6 9 7
178 4 4 2 3 2 1 5 3 4 9
188 8 3 7 3 3 3 1 8 4 6
220 9 2 1 7 3 9 9 2 2 6
263 6 9 6 9 2 9 4 5 8 4
284 2 2 3 4 9 6 9 7 4 7
242 1 1 5 1 7 6 9 4 6 2
263 2 8 5 2 7 9 6 3 5 8
226 4 5 1 9 4 9 3 6 5 7
266 9 3 8 3 8 9 1 4 8 4
10
253 9 6 4 5 6 2 6 7 5 2
283 2 7 8 7 9 8 7 8 2 3
212 5 6 3 7 1 6 7 9 8 1
230 5 6 6 7 6 6 3 9 4 3
244 8 7 9 1 4 2 4 1 9 9
274 8 9 9 9 6 9 2 9 5 3
262 4 6 5 3 4 8 8 2 6 5
237 9 5 3 8 3 3 8 2 4 3
175 5 5 6 4 2 2 3 4 4 1
295 5 8 6 2 9 5 7 8 1 9
10
256 1 3 7 6 6 9 8 9 4 2
134 1 9 1 6 1 2 2 7 3 3
243 7 7 4 5 4 9 9 4 2 2
241 8 9 7 9 4 5 4 3 1 8
275 5 3 6 2 9 8 7 1 8 3
258 3 6 8 9 8 1 8 5 1 5
257 6 7 3 1 9 4 2 3 5 9
226 7 4 8 1 7 6 1 6 4 5
223 6 6 9 8 3 1 7 1 3 6
159 1 2 5 1 2 8 5 1 6 3
10
247 4 5 9 8 9 1 3 8 4 4
185 4 2 1 8 5 1 3 1 7 7
200 2 7 3 6 2 3 3 5 8 6
260 6 8 5 5 6 9 4 1 4 5
258 9 4 2 3 9 4 9 3 2 1
213 4 6 3 8 8 1 1 7 6 3
209 8 3 7 9 2 2 6 1 7 5
263 9 4 2 4 9 3 5 5 7 5
190 9 4 6 7 4 1 1 4 4 6
175 1 6 3 3 4 5 1 9 5 3
10
240 1 4 2 7 7 3 6 8 6 4
283 8 6 7 4 8 9 9 3 1 3
259 2 5 6 9 6 3 9 8 3 3
248 1 1 8 9 7 6 5 9 7 5
199 7 2 8 8 2 7 6 7 3 2
155 1 7 5 6 2 9 2 3 2 3
156 5 5 2 5 5 1 1 1 6 1
208 4 3 8 8 7 1 2 7 5 6
188 8 2 4 8 5 2 1 7 7 3
132 4 6 1 5 1 2 1 1 4 8
10
251 7 5 6 1 5 6 8 6 1 3
256 1 9 3 7 3 8 7 2 6 7
235 5 1 1 7 7 7 7 9 5 3
112 4 2 6 4 2 1 3 1 2 2
218 3 1 4 5 6 2 4 9 8 2
210 1 7 4 7 4 4 6 6 3 1
220 5 4 5 3 7 2 2 9 4 6
251 7 2 8 3 3 8 7 6 7 9
241 3 3 4 5 8 5 5 7 8 3
269 2 7 4 1 8 9 9 9 2 1
10
245 6 5 7 8 9 5 1 6 2 6
289 5 2 9 5 5 8 8 5 7 9
206 4 8 1 7 1 6 5 2 7 2
231 6 7 7 3 4 6 6 4 2 7
209 4 3 4 2 4 3 4 9 4 8
359 9 9 9 8 9 6 7 6 9 4
235 3 9 9 2 1 7 3 4 8 9
218 6 9 7 1 1 1 9 3 2 8
212 6 5 7 6 3 7 4 2 5 5
186 3 9 8 1 1 3 5 8 2 1
10
275 8 9 6 8 1 3 9 5 8 4
184 5 2 2 6 3 2 7 8 3 4
192 6 5 8 8 5 1 2 5 1 8
212 4 4 2 7 4 9 3 8 6 3
170 7 9 5 1 3 3 2 1 2 1
215 2 3 3 5 8 7 2 9 4 5
210 4 7 5 9 5 2 6 8 3 1
272 7 7 1 7 9 8 7 6 4 1
249 7 6 1 3 1 5 9 5 6 9
212 6 3 5 5 9 3 2 4 4 6
10
220 9 3 8 1 1 1 7 2 8 7
232 4 6 8 5 3 2 8 4 4 8
270 1 5 2 7 9 9 3 3 9 8
203 9 5 7 8 1 8 4 9 2 3
185 1 2 7 5 2 4 4 3 8 4
180 4 6 4 7 1 7 1 4 6 7
145 1 5 8 1 1 2 3 5 1 7
224 4 8 9 9 3 6 1 2 8 7
249 7 1 8 7 9 5 6 1 4 2
308 9 5 2 3 9 5 6 1 8 9
10
215 4 2 7 5 4 2 9 6 4 2
253 5 7 1 2 8 9 1 6 9 7
180 4 1 9 6 4 2 6 2 5 1
255 8 1 2 8 2 9 9 8 5 7
181 3 9 2 2 3 3 2 3 8 3
252 3 7 8 6 6 6 5 3 4 4
207 4 4 5 5 3 1 4 7 8 2
286 6 2 7 6 8 9 8 9 1 5
240 5 8 7 5 3 8 4 8 7 1
213 2 4 5 8 1 6 9 8 2 9
10
172 5 8 1 7 4 5 3 2 2 2
154 5 2 4 1 1 7 3 4 5 4
227 2 2 4 9 9 1 2 9 5 7
196 7 4 1 7 6 2 6 2 1 1
211 3 6 9 9 6 4 1 8 2 2
312 4 9 9 2 7 3 7 7 9 3
235 3 8 3 2 6 2 8 1 3 5
325 5 7 5 5 8 2 9 9 8 6
191 1 1 1 3 1 4 9 8 7 2
253 1 7 6 7 3 5 9 9 6 4
10
247 4 6 4 3 9 7 5 1 4 3
197 4 2 9 8 5 4 2 9 2 8
321 9 8 5 9 7 9 9 1 1 8
277 6 7 6 7 8 8 3 5 5 7
252 3 6 2 9 5 6 3 9 8 9
192 6 6 1 7 5 4 1 7 3 5
206 1 8 2 8 7 8 1 4 4 8
213 4 5 1 6 4 7 1 7 6 9
232 3 8 9 6 5 3 2 3 8 5
184 1 4 6 9 1 2 4 4 9 7
10
226 9 2 7 6 4 8 1 4 9 3
209 6 9 8 3 2 4 5 3 2 1
304 8 1 7 9 9 8 8 8 7 3
215 2 3 3 1 5 2 9 2 4 9
232 8 7 2 6 9 1 1 5 4 4
145 6 8 2 1 2 4 1 1 1 1
269 4 6 3 6 9 2 5 3 9 6
250 9 6 4 5 6 1 5 6 7 3
271 9 4 7 6 5 3 9 7 2 6
239 2 4 4 7 5 6 9 5 4 2
10
259 3 9 4 8 6 3 7 2 6 1
208 9 3 2 9 1 6 6 6 5 9
248 2 2 6 6 8 5 7 9 1 4
224 8 5 2 9 6 3 6 9 1 4
243 2 4 7 4 9 9 1 6 8 1
224 2 8 5 5 9 9 3 2 1 2
218 5 5 8 4 2 6 5 6 6 8
176 8 1 6 2 6 7 1 2 1 2
240 1 7 8 6 6 2 7 2 5 8
171 2 4 7 6 2 4 2 2 8 7
10
219 2 8 7 7 8 1 4 4 3 2
215 1 6 3 5 8 3 2 4 5 5
210 5 5 6 7 6 9 1 1 1 7
243 2 7 7 1 4 4 8 7 5 5
235 9 3 5 7 2 6 8 4 4 5
205 5 8 3 3 7 3 1 5 3 9
277 8 3 5 6 8 3 8 8 3 6
172 2 5 2 6 8 7 2 1 1 1
265 9 5 2 1 8 8 4 1 8 2
162 1 3 5 7 5 2 1 4 5 6
10
264 3 4 3 5 9 3 8 6 5 5
263 3 9 7 2 4 2 8 1 6 9
171 6 1 5 6 2 3 3 1 8 9
216 1 5 6 6 2 6 3 8 7 9
273 7 5 4 1 4 9 9 2 9 6
254 2 6 4 7 6 9 6 5 6 8
280 9 2 9 5 9 6 5 9 7 3
277 4 5 9 6 6 5 6 2 8 9
313 4 6 7 7 8 3 9 6 7 8
137 5 2 1 7 6 4 1 1 1 5
10
330 7 6 8 7 9 9 9 4 4 2
114 7 1 2 2 1 1 3 2 4 2
295 3 8 5 5 8 7 7 5 8 2
248 3 9 4 9 2 1 9 1 8 4
266 6 9 8 3 5 1 6 1 4 8
270 4 3 8 7 9 8 3 6 8 4
217 3 4 2 9 4 8 6 5 4 9
242 5 6 6 6 9 1 1 4 7 4
222 4 1 8 2 3 6 6 6 9 3
172 1 8 9 5 6 1 2 3 2 1
10
246 3 3 4 3 9 5 5 5 5 3
210 6 6 6 1 3 5 1 4 7 9
190 4 4 6 5 7 6 2 2 2 4
260 1 5 6 4 8 5 9 8 3 4
229 4 4 9 6 4 2 8 6 1 5
240 2 1 8 7 9 3 2 7 8 3
156 5 4 2 4 2 4 3 9 1 8
270 8 4 8 9 5 5 6 8 6 9
318 5 8 1 7 9 9 8 1 9 3
324 5 9 8 7 9 5 8 6 6 3
10
168 2 5 6 2 3 2 4 7 4 2
206 6 1 9 5 8 1 2 2 6 5
241 9 8 5 6 6 5 3 6 2 1
279 9 6 1 5 5 9 7 2 8 9
223 1 4 5 9 4 8 4 5 8 3
190 3 8 9 3 3 6 1 8 3 3
172 6 2 5 7 2 3 1 9 8 3
234 3 8 2 2 6 1 5 9 9 4
232 9 2 8 3 3 4 9 4 2 9
240 6 1 6 1 8 9 4 3 9 1
10
228 9 8 5 6 1 2 7 1 7 3
236 5 8 2 2 8 3 2 3 8 7
284 9 9 5 7 5 2 7 6 7 3
328 4 2 9 4 9 9 8 7 9 9
249 6 7 9 3 7 9 1 6 2 6
235 1 8 8 3 5 3 6 5 2 7
203 2 1 8 5 4 7 4 3 8 6
261 2 2 7 3 4 9 8 7 6 9
237 4 5 8 5 2 8 6 8 5 6
208 2 3 8 6 4 4 6 7 2 4
10
281 5 7 1 2 9 9 4 3 7 5
216 5 2 8 5 3 8 8 2 3 7
216 8 6 1 7 3 9 3 1 6 8
226 6 8 5 5 5 1 7 1 2 7
243 4 9 7 1 5 7 4 3 7 6
201 4 2 8 1 4 6 2 8 4 7
307 1 4 3 6 8 6 9 3 9 9
270 4 9 5 7 7 9 3 9 3 8
203 1 6 6 7 3 3 7 5 1 5
123 1 3 4 9 1 4 2 3 3 3
10
198 9 7 9 9 3 4 2 7 1 5
275 1 7 8 5 8 1 7 1 8 3
114 4 1 6 4 1 4 1 5 3 5
258 5 5 8 9 5 4 6 4 5 5
220 7 9 6 5 2 4 3 5 7 7
223 6 9 1 4 2 6 3 2 7 7
260 3 8 3 8 3 9 8 5 3 7
280 2 9 6 7 9 3 4 4 5 9
232 1 6 4 2 5 7 7 3 3 6
254 1 6 6 9 7 8 5 2 8 1
10
217 5 8 9 5 2 7 3 7 1 5
292 2 3 8 5 4 9 9 8 9 9
193 7 3 1 7 2 9 4 2 3 8
180 5 2 9 4 6 3 2 3 3 6
230 6 7 2 9 3 9 5 7 5 5
213 5 4 5 3 1 8 9 4 2 2
274 3 8 7 7 6 1 9 1 5 7
249 7 6 5 4 5 2 9 2 3 9
223 3 5 4 8 3 3 6 3 9 7
322 7 9 9 5 6 5 9 3 8 9
10
312 4 9 8 1 8 3 8 7 8 6
179 2 1 9 6 1 6 2 8 7 7
207 1 1 2 5 3 4 9 1 7 8
229 3 1 7 7 5 5 9 9 5 1
215 9 2 8 7 5 3 4 6 3 7
236 6 9 9 3 6 3 2 3 2 6
206 1 3 4 9 7 1 8 1 3 6
377 9 5 8 5 9 9 9 9 8 7
209 1 6 3 5 7 5 2 2 7 6
235 8 8 6 1 4 5 7 4 2 2
10
202 8 2 6 8 1 9 3 1 5 7
200 1 8 4 4 3 9 3 9 4 2
209 4 2 8 4 1 2 9 8 4 2
212 9 1 6 5 2 3 4 6 9 7
262 7 9 3 7 2 8 8 2 4 9
177 1 7 2 4 1 3 5 7 4 4
230 9 9 6 6 2 5 3 1 5 7
258 1 7 9 4 5 4 9 2 5 8
217 3 5 2 8 5 4 1 8 9 4
217 1 1 4 3 7 3 5 1 6 7
10
198 7 1 8 8 1 3 3 4 6 8
258 7 4 5 2 8 3 5 8 1 9
238 5 6 7 7 3 4 8 5 6 4
188 9 3 1 9 4 6 4 6 2 5
233 8 2 8 4 4 9 1 4 9 8
269 1 2 1 7 8 3 8 9 7 7
245 6 7 2 1 7 6 5 1 3 5
275 8 2 7 1 8 7 3 9 6 9
257 3 9 6 2 5 9 6 4 5 3
179 3 5 6 6 7 1 1 5 1 4
10
291 5 3 2 3 8 4 9 6 5 9
264 6 4 4 1 9 3 6 9 4 9
246 5 2 9 1 8 5 5 8 2 9
210 7 2 7 7 5 4 2 9 4 6
266 5 7 6 9 8 7 2 1 9 3
184 7 3 4 3 2 4 7 3 1 8
187 3 5 3 7 8 2 2 4 2 3
262 1 5 2 8 6 9 8 4 6 7
170 5 1 1 8 4 6 4 1 5 6
215 7 5 3 4 7 5 1 7 6 3
10
235 3 9 4 1 4 2 9 3 6 2
170 5 1 2 7 3 3 7 5 1 3
189 2 2 9 9 4 5 2 3 8 7
243 5 9 9 9 5 9 1 4 7 6
207 9 1 3 9 2 5 9 5 4 4
234 7 2 3 3 6 7 7 1 3 9
233 8 1 6 7 6 2 5 6 6 6
238 8 2 6 2 9 3 2 9 8 2
216 3 4 2 9 3 3 8 4 8 4
249 6 5 7 4 5 2 6 7 3 6
10
219 7 7 2 1 6 4 1 3 5 8
182 2 4 2 7 5 4 5 4 3 3
127 2 2 1 1 1 8 2 4 1 8
243 1 6 9 2 7 9 3 3 9 3
284 7 4 3 1 8 7 3 9 8 8
198 2 5 5 2 6 7 4 3 2 8
218 3 9 4 7 4 3 2 9 4 9
270 3 8 3 8 9 3 4 9 6 7
268 5 9 3 1 6 6 6 3 9 1
140 3 3 6 3 5 1 1 9 1 2
10
257 4 6 8 6 6 7 2 8 5 9
248 9 3 6 9 9 1 4 4 5 5
281 7 3 9 4 9 7 4 2 9 1
295 8 7 9 1 6 4 8 5 5 2
168 6 3 6 6 1 8 4 8 1 3
210 6 1 6 1 5 6 8 4 4 2
302 7 8 9 7 5 7 8 8 5 5
262 7 9 2 1 9 9 1 6 6 2
219 7 2 9 3 5 4 5 4 4 6
282 4 9 6 5 9 3 2 8 8 6
10
306 3 9 1 4 8 5 8 5 8 5
246 7 3 7 5 3 7 8 9 5 7
289 8 9 5 3 8 4 9 8 2 1
301 7 3 1 2 9 6 9 9 5 5
214 4 7 1 3 3 5 8 3 5 5
219 4 7 4 1 2 9 7 7 2 9
250 4 4 6 1 8 3 4 7 7 2
239 4 6 7 5 4 1 9 4 1 6
234 6 1 2 2 4 1 9 2 7 9
223 7 1 8 6 3 2 7 9 5 9
10
210 2 3 4 9 5 2 6 4 3 6
207 1 4 2 1 2 9 6 8 6 3
264 9 7 9 6 5 7 3 8 5 6
200 5 1 7 5 6 7 3 6 3 3
158 6 4 9 3 2 1 1 1 7 2
270 7 6 3 1 8 1 6 8 5 5
246 4 5 5 5 5 9 8 1 7 3
304 7 8 3 9 8 3 9 5 4 5
216 3 7 3 2 8 4 1 3 7 4
286 3 5 6 9 7 6 9 9 8 2
10
260 9 9 3 3 4 5 5 8 5 6
201 1 2 8 9 7 8 3 6 1 6
155 4 1 6 1 4 3 3 7 1 8
226 2 8 3 3 2 5 5 5 8 5
306 9 6 3 9 8 1 9 4 6 9
287 2 4 3 6 8 7 9 6 5 9
204 7 9 6 4 3 5 1 1 7 5
204 4 8 5 2 5 9 2 4 2 2
196 6 5 1 9 1 7 6 7 4 4
176 3 4 5 5 1 2 5 4 4 9
10
214 2 8 4 1 5 8 2 5 6 8
187 6 7 3 5 4 2 1 9 1 4
299 7 3 9 8 9 8 8 4 4 1
240 3 5 5 5 4 6 7 8 5 6
199 8 2 2 5 4 7 4 4 3 7
228 8 7 3 1 1 7 7 8 4 8
288 1 8 8 7 8 9 7 5 8 2
304 5 9 3 8 8 8 8 2 6 7
226 1 7 8 7 5 2 2 2 8 9
222 9 9 8 2 4 1 2 2 2 8
10
277 9 4 8 9 7 2 9 4 1 7
175 1 3 5 5 2 6 4 6 7 3
290 7 6 8 2 8 5 5 8 8 7
307 3 6 9 3 9 4 9 9 7 1
188 4 6 1 8 6 1 3 6 1 6
272 1 6 5 5 9 5 8 1 7 4
174 3 1 1 5 8 3 5 1 2 5
235 7 4 5 8 6 9 4 2 6 5
277 6 3 3 9 9 5 8 8 5 6
239 1 8 8 4 7 7 1 9 9 3
10
306 3 6 9 8 7 4 7 9 9 7
218 4 1 4 6 6 2 9 2 3 3
212 7 4 9 4 3 7 2 7 6 2
246 1 9 1 8 9 8 1 9 4 6
264 2 7 6 8 8 3 5 9 4 4
270 5 3 2 8 9 8 4 9 3 8
221 2 7 7 3 2 2 6 7 9 3
210 6 4 8 4 4 2 6 2 3 7
168 1 2 3 2 1 5 6 8 8 2
192 5 9 2 6 3 2 6 2 1 1
10
171 1 1 3 2 2 1 2 9 9 8
276 5 9 3 1 7 2 8 3 6 1
231 1 8 5 4 3 5 7 5 5 8
251 6 8 3 3 7 5 6 8 3 4
130 5 9 2 1 3 3 1 2 1 1
259 6 9 4 6 7 6 4 4 6 1
142 1 2 4 2 1 8 1 8 5 7
217 7 4 7 7 6 2 3 7 3 5
216 5 3 9 1 3 4 9 1 2 9
310 7 7 7 2 6 8 7 1 8 8
10
231 4 2 7 2 7 3 4 6 7 3
285 4 8 1 1 8 3 8 6 9 1
208 5 9 3 7 1 4 7 6 4 5
190 3 1 7 2 4 2 6 7 6 5
176 5 7 3 2 3 7 1 6 2 9
264 1 5 4 7 9 4 8 6 3 9
180 3 1 1 3 4 7 7 4 1 2
279 6 8 9 8 6 4 7 5 4 9
287 9 7 8 3 4 9 8 5 7 4
261 7 1 6 2 4 7 9 5 8 1
10
193 3 4 4 2 9 8 1 1 1 7
204 4 7 8 8 1 5 2 7 8 3
256 8 8 5 2 3 3 5 9 7 6
302 6 7 4 2 8 8 6 7 9 1
288 2 5 4 9 7 4 8 2 8 8
177 3 7 1 7 2 8 2 9 7 2
240 5 3 4 3 9 8 3 4 4 3
219 6 4 2 3 7 9 5 4 1 1
206 6 9 4 2 3 9 2 4 6 4
250 4 5 4 2 9 5 5 7 3 6
10
176 1 2 6 5 6 2 4 1 3 4
229 2 6 3 2 9 9 3 9 3 4
239 2 2 9 6 2 9 9 7 6 7
207 8 6 9 1 2 4 1 1 7 9
216 9 2 4 7 1 6 8 6 7 4
224 2 8 1 8 6 4 5 6 7 3
222 3 6 1 8 1 8 8 6 5 4
231 8 5 6 9 4 1 6 8 2 9
109 6 1 1 1 2 1 3 2 2 5
254 7 7 2 3 8 4 4 9 2 3
10
285 9 5 8 5 5 9 4 8 8 3
251 3 2 2 8 5 6 8 8 4 9
263 7 4 9 3 7 8 6 6 3 1
298 6 6 2 5 7 9 7 6 8 9
216 4 8 1 3 5 4 5 4 6 1
246 9 7 2 9 6 5 3 8 5 2
178 3 7 5 1 2 6 6 3 1 2
245 1 7 3 1 8 5 3 2 6 8
281 3 8 8 6 4 5 9 5 7 6
287 4 9 5 4 9 3 6 5 8 3
10
319 8 8 8 6 7 7 6 6 4 8
240 3 9 4 6 4 9 6 8 4 2
226 5 7 1 2 4 7 4 5 7 4
238 4 3 2 2 6 2 8 6 9 4
262 8 9 8 1 2 6 7 7 2 8
224 7 5 3 2 3 9 4 9 7 4
192 2 6 6 6 5 2 4 2 2 4
198 7 4 9 4 3 1 4 2 4 3
202 1 9 6 3 6 6 1 3 3 7
201 8 4 3 7 8 2 3 2 1 6
10
207 1 7 5 5 6 9 3 7 3 2
266 5 8 4 9 9 3 1 8 6 5
214 5 8 1 8 6 1 4 2 3 2
271 4 4 2 8 7 8 8 3 6 3
256 6 8 7 9 4 4 5 6 8 2
238 1 8 6 7 3 2 9 1 6 7
234 7 3 5 9 2 7 5 2 7 8
242 4 5 2 9 5 7 4 7 9 8
182 3 4 8 5 5 1 2 6 4 7
254 2 9 8 6 6 1 3 9 6 9
10
263 6 1 8 5 7 9 6 8 5 2
216 4 3 6 3 3 8 6 6 4 5
271 7 8 8 9 9 4 2 9 3 1
221 6 8 5 3 1 7 1 7 8 9
234 3 4 1 1 9 4 3 7 7 1
273 9 8 4 4 1 5 8 5 8 6
135 2 3 2 6 1 8 2 3 2 2
178 1 2 5 8 5 3 3 9 6 2
251 6 7 8 9 2 8 5 3 9 8
238 5 8 2 2 2 7 9 7 2 7
10
205 2 2 5 7 4 6 8 5 3 5
290 5 8 8 6 6 7 8 8 5 6
134 1 9 5 3 1 3 1 3 2 8
211 3 5 4 7 7 5 3 4 2 7
230 9 8 3 6 6 1 2 2 5 8
251 7 5 2 4 2 9 9 8 4 8
232 8 6 5 6 4 3 4 4 8 4
275 8 9 7 6 4 7 6 6 6 5
265 4 9 5 3 5 6 8 8 5 2
277 6 6 5 5 9 5 9 4 2 2
10
282 2 3 9 8 5 8 8 5 6 9
197 9 3 4 3 2 9 5 9 1 4
170 6 2 8 1 1 9 7 3 1 1
243 8 7 7 2 6 2 1 8 6 7
219 8 2 2 1 8 5 1 2 9 7
182 6 6 7 3 1 6 1 9 2 6
223 5 2 6 9 9 6 2 3 6 4
176 4 4 4 9 1 5 5 5 5 4
261 4 5 5 9 4 6 9 9 8 3
165 8 7 3 8 3 3 1 8 3 1
10
217 2 9 2 5 6 5 4 1 3 5
298 5 3 5 8 8 7 7 5 9 6
219 4 6 4 6 4 8 2 6 7 4
201 5 8 4 4 6 6 4 2 1 2
248 8 5 8 8 4 7 7 5 1 8
179 4 3 8 4 3 8 2 6 3 1
251 4 3 9 6 7 1 5 3 8 3
197 1 8 6 4 3 5 6 5 3 3
180 2 5 4 9 2 3 1 8 8 8
224 6 4 1 8 5 9 4 9 2 7
10
223 4 7 2 3 5 9 5 4 1 3
219 9 3 4 7 2 3 5 5 4 9
187 1 5 4 6 3 4 2 9 5 8
265 9 3 6 5 8 6 8 4 4 2
204 1 9 6 9 2 7 5 8 3 3
176 7 1 7 3 2 2 7 4 1 2
277 2 6 8 4 8 9 4 4 7 5
239 5 2 1 4 5 1 9 8 9 2
246 1 6 7 1 8 4 3 7 9 1
276 8 2 7 2 5 2 9 8 7 5
10
235 7 2 1 2 7 3 3 7 9 4
131 6 3 2 3 1 2 5 2 2 2
208 3 1 5 1 1 3 7 8 6 9
278 5 2 7 9 5 9 8 7 8 5
295 8 4 8 5 9 6 8 1 4 4
210 6 5 7 1 1 7 6 4 3 6
253 4 7 1 9 5 9 7 5 6 6
233 7 7 1 3 9 7 1 4 3 9
193 3 5 4 5 3 5 2 9 6 8
124 2 2 3 4 1 1 3 2 5 7
10
189 8 6 2 8 3 1 4 3 5 1
240 5 2 4 5 6 4 8 6 4 4
168 2 3 2 7 1 9 7 2 3 3
175 2 3 7 5 2 8 6 4 4 2
249 6 1 7 3 9 3 7 1 3 7
262 5 8 2 7 6 3 7 9 2 5
265 9 1 9 4 7 3 5 8 7 7
203 2 3 3 6 6 2 2 2 9 5
229 4 1 1 4 9 9 4 3 6 4
239 7 8 7 2 2 1 6 7 7 7
10
257 5 6 8 7 6 1 4 5 8 4
293 4 5 6 9 6 9 8 3 8 4
199 2 7 3 6 1 3 9 3 1 4
254 3 6 8 3 4 1 8 7 6 7
242 4 8 3 2 6 5 4 5 7 3
222 1 1 9 3 2 8 8 9 8 3
201 9 2 3 3 5 6 1 9 6 7
255 6 4 4 1 5 5 9 3 9 3
233 2 9 6 4 9 8 3 1 1 4
296 4 7 9 9 7 7 6 3 8 1
10
113 2 5 9 6 1 3 1 3 1 1
166 5 2 2 5 5 2 1 3 7 6
272 1 8 9 1 4 4 7 8 8 5
214 9 7 5 8 1 2 5 8 3 8
156 4 3 3 6 4 8 1 3 4 4
183 1 3 6 2 2 3 8 9 2 1
186 1 4 7 4 1 5 9 3 6 1
201 2 3 1 4 8 6 4 3 1 6
214 4 6 5 2 2 4 6 7 3 9
223 4 9 8 7 5 4 6 1 1 2
10
190 6 4 9 1 7 3 3 5 1 2
315 6 8 8 8 9 4 8 2 6 9
197 6 3 3 6 5 7 4 7 1 4
253 9 2 7 3 9 7 1 6 8 5
113 3 1 1 9 4 1 2 1 1 6
219 6 2 5 6 1 7 7 2 9 7
171 3 2 6 9 2 6 3 3 5 4
173 5 3 9 2 2 3 2 6 6 5
237 9 3 6 2 5 4 4 8 9 5
190 8 8 1 6 1 5 6 1 1 6
10
229 4 8 3 6 7 5 1 9 6 1
284 7 4 4 1 8 9 8 5 3 6
238 6 9 9 3 3 9 1 6 6 8
192 7 1 8 5 3 2 4 8 7 4
198 6 2 9 3 3 7 6 6 1 4
232 6 2 9 8 3 7 7 5 3 4
222 4 3 5 8 9 3 2 4 4 3
236 3 7 8 7 3 4 8 8 5 1
207 5 2 1 1 3 6 9 2 1 6
241 6 4 8 6 3 2 8 7 2 6
10
290 6 3 5 2 8 3 9 9 7 9
281 4 4 7 8 8 1 6 7 9 8
302 6 8 4 4 8 9 6 4 3 8
261 5 7 4 2 7 7 8 4 5 3
211 5 8 3 5 7 7 1 5 1 9
162 1 3 2 9 5 2 5 2 1 2
260 4 7 9 1 3 6 8 1 5 7
248 6 9 7 7 2 2 9 6 5 4
183 2 3 4 4 1 8 6 8 7 1
192 7 2 5 3 1 8 3 4 6 4
10
267 3 3 6 8 8 4 6 1 9 8
202 5 4 1 3 8 8 1 1 5 3
193 2 4 5 2 8 5 2 1 2 5
225 7 7 8 9 1 5 4 7 4 7
261 9 7 6 3 5 7 2 4 8 7
251 7 5 9 6 4 1 7 4 7 4
236 5 2 2 2 6 9 5 5 8 5
223 8 7 1 3 3 4 7 9 3 2
146 7 5 4 3 4 2 1 3 2 3
224 2 3 8 9 4 5 7 4 3 5
10
231 9 3 4 4 8 5 1 1 6 9
136 8 1 1 6 2 3 3 8 1 3
226 6 2 3 9 6 4 5 4 2 8
237 6 4 4 4 9 5 4 6 4 3
248 5 9 9 7 2 9 6 7 5 5
188 3 2 4 7 7 5 4 1 5 2
268 9 4 5 9 7 4 8 1 2 4
283 5 7 8 7 8 6 4 2 7 7
250 6 8 5 2 3 6 9 9 4 4
196 4 1 7 5 5 6 2 6 6 3
10
292 1 9 8 7 9 8 4 3 8 1
187 1 6 4 7 3 2 5 6 5 2
298 6 8 9 2 7 9 7 7 4 8
236 3 1 3 1 7 4 8 5 7 2
328 9 4 9 6 8 7 8 4 8 6
226 4 5 7 6 9 7 1 5 3 3
257 6 7 2 9 7 5 6 8 1 9
92 1 2 5 3 1 2 1 2 3 1
198 5 7 1 5 5 8 2 2 6 2
249 2 6 6 1 6 8 8 9 5 1
10
202 2 4 7 1 3 2 7 6 2 7
221 9 1 2 8 8 2 2 6 5 6
204 1 5 2 9 1 6 5 6 9 3
278 5 9 4 4 8 4 8 7 2 1
208 2 4 2 1 1 8 6 8 9 9
288 7 3 8 9 3 7 8 7 9 7
211 9 7 2 6 5 5 5 3 2 1
190 6 5 6 1 1 7 7 1 6 1
173 3 1 3 2 2 9 6 3 7 2
177 5 5 1 2 5 1 3 2 8 3
10
233 4 8 7 3 2 9 6 5 3 9
254 3 2 9 2 7 2 9 8 1 8
251 1 4 9 6 7 5 9 6 2 6
310 9 5 4 7 9 6 6 4 9 7
222 7 6 7 9 2 2 3 1 7 9
151 1 4 2 5 2 3 2 1 8 4
230 1 3 7 2 9 3 2 7 7 2
254 8 5 4 7 2 4 8 6 6 7
233 4 6 1 4 9 6 5 9 2 4
234 6 8 9 6 5 1 2 8 8 3
10
175 2 3 6 6 1 1 5 2 5 8
210 8 4 2 1 3 9 4 6 2 5
237 4 8 1 9 6 1 6 6 6 6
188 9 7 2 5 3 1 1 1 8 5
236 7 2 5 7 2 1 8 7 9 9
252 2 1 8 2 9 4 9 6 1 6
274 5 9 3 8 7 8 3 8 5 4
209 4 9 5 1 2 2 5 6 5 2
231 3 7 5 4 2 9 4 8 8 4
161 4 3 5 4 3 2 5 3 1 5
10
244 2 7 7 2 9 1 3 2 3 8
239 4 6 1 6 5 8 6 7 7 3
241 6 5 1 6 3 7 9 4 3 8
225 2 3 5 6 7 7 5 8 2 4
241 2 4 5 9 6 4 7 5 8 1
277 8 8 8 8 4 3 8 2 8 5
280 6 6 2 9 8 1 5 4 8 8
285 9 8 9 2 5 3 5 5 6 7
193 9 1 1 9 6 6 2 1 6 1
219 1 9 7 2 1 9 6 1 9 1
10
220 9 7 5 1 1 2 7 1 5 7
260 1 9 4 7 6 7 7 4 9 1
281 6 1 6 5 8 9 6 6 7 4
181 1 7 6 7 1 9 3 4 2 7
206 6 4 2 7 1 3 8 5 4 6
168 2 2 3 1 6 1 3 6 6 4
184 8 1 4 6 2 7 3 7 1 8
185 4 1 9 8 2 1 2 9 9 9
327 7 8 4 1 9 9 5 9 9 3
199 1 7 2 1 6 8 4 1 2 2
10
257 9 9 2 1 8 3 3 4 9 3
188 2 7 2 3 6 1 4 4 2 5
223 1 5 4 8 9 3 4 2 2 6
196 9 2 4 8 3 5 5 7 1 3
307 4 5 1 7 9 9 9 1 6 9
179 6 2 7 6 1 4 8 5 1 3
182 8 4 8 9 3 1 3 6 2 4
223 9 3 2 1 3 5 6 4 6 5
261 9 3 7 3 6 7 9 3 1 9
240 3 1 2 4 6 3 8 8 9 6
10
156 1 5 2 4 1 5 5 6 2 9
267 7 9 1 9 5 5 9 2 4 8
203 2 4 6 2 3 7 8 8 1 3
225 4 7 5 2 4 8 5 4 2 5
257 8 1 7 6 9 6 5 5 5 1
202 6 6 6 9 1 6 5 6 2 7
225 6 6 5 5 4 1 5 2 6 6
190 1 7 1 2 1 7 5 8 6 7
163 1 6 3 8 3 5 1 7 3 6
210 3 1 8 6 3 1 7 5 4 6
10
220 6 5 1 9 3 9 4 2 7 6
253 6 4 8 8 7 1 5 9 3 3
184 1 1 2 9 1 7 9 2 4 5
235 4 1 2 3 6 2 9 5 3 7
291 8 9 4 5 7 1 5 8 9 4
135 2 1 8 4 2 7 4 3 2 2
241 5 5 7 9 6 1 6 7 6 5
213 8 5 5 7 1 4 4 5 8 6
145 8 4 1 6 2 3 2 4 4 3
247 6 2 4 6 9 1 7 3 3 3
10
139 3 7 2 2 1 4 1 8 4 5
282 9 6 4 6 8 5 7 6 1 7
292 9 9 6 3 9 7 1 2 8 8
196 3 3 3 5 7 2 4 6 3 4
276 4 6 2 2 5 9 5 8 9 9
267 9 9 6 4 3 6 9 6 3 5
215 1 1 6 1 6 3 8 9 4 3
205 6 8 9 7 1 3 8 6 1 2
277 8 9 2 7 6 4 7 5 4 5
272 5 3 3 6 9 1 6 5 8 8
10
208 4 2 5 8 7 5 3 1 4 2
300 3 9 5 5 9 9 4 5 6 7
187 2 1 7 4 7 5 2 2 3 5
256 1 3 5 5 7 4 6 4 8 9
216 8 1 9 8 2 1 9 7 2 3
210 2 3 6 3 3 3 8 2 6 5
165 4 2 6 2 3 6 3 4 2 3
208 4 1 4 4 7 1 3 9 9 2
238 2 1 8 6 4 5 6 8 5 9
251 8 9 1 2 9 3 1 7 4 3
10
209 1 1 9 4 4 5 4 9 9 2
237 7 7 2 4 1 2 9 2 9 9
254 6 2 4 9 9 8 3 7 3 7
250 3 4 8 3 9 7 2 1 8 2
250 5 6 6 6 9 2 1 2 8 9
186 2 6 2 7 2 1 6 6 9 2
246 6 3 7 1 6 3 6 7 7 1
257 1 1 5 9 7 9 9 3 7 4
281 6 9 6 7 4 8 6 5 9 7
185 7 7 1 4 2 5 3 9 1 8
10
325 7 6 4 6 8 6 8 2 7 9
175 8 3 7 8 3 4 1 7 6 2
221 5 9 9 8 6 2 2 3 2 9
337 6 7 7 4 8 6 8 6 8 8
193 4 1 6 8 2 1 8 9 3 9
250 5 9 5 4 8 4 5 3 2 6
238 6 4 3 4 9 7 2 3 5 5
285 8 5 5 2 9 4 6 3 7 4
170 9 3 3 2 1 3 2 4 9 6
264 5 8 2 2 9 8 5 5 1 3
10
230 1 3 8 3 5 3 6 7 4 8
251 8 7 9 4 6 1 7 4 1 2
189 7 8 1 6 3 7 3 1 2 8
247 1 2 6 9 3 7 9 8 7 7
290 6 8 3 9 6 8 9 8 6 3
279 9 7 7 1 6 3 7 8 7 3
186 3 7 4 3 4 1 1 6 5 9
284 6 9 6 2 5 7 8 1 3 8
313 8 6 9 6 9 5 8 9 2 3
229 7 7 8 8 4 5 6 3 2 1
10
198 2 3 1 4 3 9 9 3 3 5
197 2 4 2 8 2 1 8 9 7 2
231 7 7 9 9 3 5 4 4 2 7
281 5 2 9 5 5 7 9 5 6 4
267 9 4 6 5 7 3 4 6 8 2
197 5 1 9 1 4 6 3 3 1 9
253 9 1 1 5 9 7 4 9 3 4
227 3 7 2 3 6 4 6 3 4 3
188 2 6 2 9 2 3 6 4 5 6
161 1 2 7 2 3 7 3 1 1 6
10
190 1 1 9 8 4 8 3 8 5 4
296 5 9 8 2 9 5 8 3 3 6
244 3 5 3 7 6 3 6 4 8 2
249 3 6 3 3 6 5 8 8 1 6
282 2 9 9 4 6 1 7 3 8 4
292 7 7 9 9 3 7 8 9 5 3
243 6 1 2 2 7 5 8 7 5 6
238 5 4 3 3 2 8 9 3 4 7
276 8 3 5 6 8 4 8 5 6 5
272 7 4 3 4 8 2 9 7 3 6
10
228 2 9 4 6 2 1 4 6 8 9
217 3 5 4 4 5 2 8 8 1 4
229 3 8 5 6 5 2 5 2 6 5
215 5 2 5 4 7 2 2 4 8 3
245 7 4 3 1 5 7 5 3 8 5
189 1 4 7 7 6 9 1 4 7 1
321 7 9 6 4 8 3 8 6 7 7
233 4 5 8 4 7 9 1 6 6 5
237 7 9 2 8 7 4 3 5 4 2
157 4 1 7 6 2 5 1 5 6 6
10
218 6 6 7 7 9 4 1 1 3 3
149 3 4 4 9 3 4 2 6 1 2
228 2 7 6 5 1 4 8 1 9 9
254 9 5 2 2 4 8 5 9 6 8
254 8 8 5 3 8 4 1 5 3 6
198 6 1 3 5 6 8 2 5 3 9
317 9 5 9 3 5 7 9 7 8 4
175 8 1 7 2 3 3 3 9 1 3
198 6 2 3 7 8 9 2 5 3 2
224 4 5 1 7 3 9 8 4 5 4
10
184 4 4 4 5 5 2 2 5 6 2
216 6 7 2 4 4 3 6 5 1 7
285 2 9 8 9 9 1 7 6 6 4
224 4 5 4 1 5 6 1 7 6 9
228 2 6 7 1 3 2 9 2 8 6
212 1 7 7 8 2 1 9 7 4 3
210 6 3 3 9 3 7 1 7 6 8
260 8 7 9 5 5 5 2 4 7 8
237 3 5 4 9 4 8 5 7 7 8
224 1 5 1 9 7 3 6 5 3 6
10
207 1 3 8 3 3 6 5 3 6 5
221 5 5 4 8 6 5 1 7 6 4
254 7 7 5 7 7 9 1 8 4 7
169 7 1 4 6 1 9 2 3 5 6
235 3 3 3 8 2 9 9 7 5 5
271 3 6 1 7 8 6 7 3 9 2
250 2 5 8 2 5 9 6 9 2 7
195 7 3 5 1 4 8 1 8 7 4
190 2 2 2 1 6 7 6 7 2 3
258 3 1 9 3 9 7 4 8 6 7
10
226 8 2 7 3 7 5 3 5 2 7
187 2 1 5 7 2 6 5 6 4 8
151 5 8 2 4 1 9 1 7 2 2
186 2 4 6 2 5 3 3 2 4 4
269 6 2 4 5 9 1 8 5 5 6
203 6 6 1 5 2 8 5 7 2 3
184 7 6 5 7 3 5 5 1 2 1
222 7 8 1 2 5 3 5 3 8 2
237 9 6 6 8 5 7 5 4 1 5
208 5 7 8 8 4 5 3 6 4 3
10
257 1 9 8 9 8 2 5 9 3 7
174 4 3 1 3 2 5 3 8 9 2
164 6 8 4 3 1 6 1 4 2 3
262 1 9 9 5 3 8 7 2 6 7
264 2 3 6 4 7 5 8 5 7 8
165 3 1 2 2 2 6 3 7 8 7
221 2 3 3 6 8 8 5 8 3 5
249 7 7 5 7 8 2 1 1 9 8
253 7 9 5 5 6 2 5 3 5 2
222 7 6 6 5 2 2 8 3 1 7
10
228 1 2 8 8 4 5 4 7 9 6
285 5 9 9 6 4 5 7 8 6 6
273 6 7 5 9 4 4 8 8 7 1
243 2 3 8 6 7 4 9 9 1 4
295 4 6 1 2 7 4 9 6 8 8
210 3 3 1 6 4 6 5 3 7 6
247 2 4 9 9 5 1 6 3 7 7
308 1 5 9 2 5 5 9 9 9 9
231 9 5 4 1 2 4 5 9 7 3
200 4 2 2 9 6 9 3 9 4 2
10
235 1 9 5 6 4 4 6 4 5 4
259 5 4 1 7 7 6 4 9 8 7
222 4 5 5 7 5 3 3 6 8 9
218 3 3 8 5 3 4 3 6 8 8
291 2 3 3 4 9 6 7 8 8 5
251 1 9 1 9 8 6 2 6 7 9
184 8 7 2 5 1 5 5 9 3 1
285 5 4 5 1 9 3 7 5 7 6
264 2 3 9 6 7 4 5 5 7 7
259 2 5 4 9 8 1 3 4 9 8
10
164 9 2 3 5 3 3 2 3 2 6
258 5 7 1 3 6 6 4 8 6 7
218 2 9 4 9 3 5 4 9 7 1
210 3 8 7 1 4 4 6 5 2 2
274 7 8 3 5 9 4 6 5 3 2
262 3 7 2 3 8 9 5 8 4 5
226 6 2 7 9 3 1 9 2 8 1
183 4 7 4 7 4 9 2 1 4 1
229 9 1 5 7 5 4 6 1 8 5
266 4 2 3 7 9 4 8 3 1 9
10
276 3 9 6 6 6 7 4 8 9 5
194 1 9 6 8 1 2 4 2 7 3
182 8 1 3 3 2 5 5 7 1 8
184 2 3 5 8 2 2 6 9 8 1
207 5 8 2 1 6 1 2 6 7 3
238 1 8 9 1 1 9 9 3 9 1
204 4 5 2 1 4 5 1 8 7 8
221 5 4 2 6 3 6 5 5 7 7
342 6 4 6 7 9 9 8 3 9 9
193 9 6 3 1 2 4 6 3 2 1
10
223 7 7 6 5 4 6 4 5 5 1
234 7 2 9 1 5 1 7 9 4 1
208 1 9 2 9 4 8 3 6 5 4
166 2 2 7 9 7 4 2 1 1 2
192 5 5 5 3 2 5 1 8 9 7
194 6 6 3 9 4 8 2 6 4 2
221 4 8 1 4 1 4 8 4 8 7
224 8 8 6 6 4 6 1 6 5 3
239 5 7 5 6 8 7 5 2 2 1
242 5 1 3 7 7 2 8 7 8 4
10
166 1 6 5 1 3 6 3 4 4 4
224 9 9 8 3 2 4 4 6 4 4
241 7 8 3 3 7 1 2 5 7 6
227 2 3 9 8 4 2 6 8 8 3
220 8 7 3 4 1 3 7 9 4 7
216 2 2 3 8 9 3 5 5 5 5
187 4 9 2 7 3 3 3 3 7 2
267 8 2 1 1 7 6 8 1 6 7
152 3 6 7 6 1 3 2 5 2 9
150 9 2 3 1 1 6 2 3 5 6
10
224 9 1 4 8 5 9 5 8 1 7
258 1 9 8 6 6 7 7 7 5 2
186 4 4 1 2 6 5 5 4 2 2
247 5 7 6 6 8 5 2 1 3 9
235 2 2 6 1 6 7 6 3 6 4
222 2 8 2 1 6 4 2 3 9 7
167 2 4 4 1 1 8 6 2 4 5
289 5 7 7 4 8 3 8 2 6 3
202 1 6 4 3 3 4 7 3 2 8
200 2 6 1 7 5 6 3 1 7 4
10
277 4 4 8 9 5 8 6 6 9 9
189 2 8 1 8 2 7 4 2 7 6
252 4 4 6 4 7 8 4 6 6 4
224 5 1 1 8 2 2 8 9 9 4
201 3 3 9 9 3 1 8 9 2 4
198 2 9 1 7 5 4 5 5 3 1
267 7 9 6 3 6 4 4 7 4 7
195 2 6 7 3 7 1 2 6 4 5
261 6 3 4 7 6 3 7 7 6 4
225 3 5 6 9 3 1 6 5 9 4
10
224 2 6 5 7 4 3 9 2 5 4
193 7 3 3 2 3 9 2 7 6 6
180 1 7 7 9 3 1 2 6 3 3
286 8 9 1 8 9 9 5 4 4 7
195 6 5 2 6 5 6 3 8 2 2
241 8 2 3 8 9 7 2 8 7 4
246 1 8 4 3 5 8 2 9 6 9
236 6 9 6 9 3 2 7 3 3 6
249 6 8 7 4 2 2 9 4 4 3
237 8 7 9 5 5 9 1 2 6 3
10
236 4 1 5 5 7 1 6 9 7 1
233 7 9 2 5 4 9 5 1 1 7
252 7 7 2 9 5 4 5 6 9 2
203 3 2 3 7 4 2 5 3 8 6
258 2 8 5 5 2 9 6 8 9 5
231 6 4 5 7 3 8 7 5 3 5
230 1 5 4 9 9 1 5 5 4 4
137 3 3 1 1 2 9 2 3 2 9
274 9 4 8 9 7 9 5 4 3 2
210 8 4 8 5 1 8 6 7 1 1
10
200 3 5 4 9 4 2 6 5 5 3
195 6 1 7 1 3 6 4 2 8 4
256 3 4 4 6 5 1 9 8 8 3
271 1 5 6 1 7 6 9 3 7 3
293 9 7 9 7 9 5 5 2 4 6
224 5 7 6 9 8 1 2 6 1 9
267 9 9 3 5 4 5 7 9 6 1
234 9 5 3 5 9 1 1 9 3 2
183 2 7 7 2 6 5 1 4 1 1
226 4 4 2 1 6 6 9 8 1 4
10
290 4 7 8 4 8 6 7 1 2 9
245 6 1 6 7 3 9 8 2 6 8
238 6 4 5 7 7 2 2 9 8 9
242 7 5 4 5 1 6 9 2 9 4
288 8 3 8 3 6 8 8 8 7 3
274 8 9 7 9 8 5 3 6 6 2
281 5 5 3 7 9 9 5 3 7 4
211 6 2 9 1 2 1 5 8 9 2
222 5 3 3 4 9 5 4 4 1 4
213 4 4 3 5 7 6 1 7 1 9
10
237 6 7 7 6 5 4 6 2 2 7
159 2 3 2 8 1 3 5 4 9 1
230 8 9 5 6 3 2 1 8 8 3
199 1 5 5 5 1 8 6 1 8 3
259 7 3 2 9 8 5 3 3 9 4
172 2 6 3 1 2 3 9 2 2 1
193 4 1 8 3 3 6 1 8 7 4
195 3 9 2 1 1 8 6 1 4 4
200 7 1 9 3 3 7 3 7 3 7
230 6 2 2 7 6 2 8 8 3 8
10
201 4 4 3 8 9 1 2 7 3 3
193 9 2 3 1 6 6 2 5 4 5
207 1 2 1 6 4 5 4 7 8 9
268 5 8 7 7 6 8 5 1 5 7
226 8 3 6 4 1 6 4 9 6 7
261 9 8 1 7 8 9 1 7 6 2
220 8 5 4 2 5 3 2 3 7 5
197 5 8 2 2 1 6 5 1 8 5
225 1 6 3 6 9 3 3 7 8 2
172 3 2 1 5 1 5 5 4 9 7
10
241 7 2 4 7 5 2 8 1 4 9
268 8 3 4 8 9 1 9 8 3 1
198 5 9 2 3 2 3 7 5 2 5
222 3 2 2 6 9 4 6 6 3 3
226 2 4 6 5 7 9 3 3 3 7
255 4 6 1 8 6 2 9 8 5 6
223 6 9 8 9 3 6 1 3 3 9
208 5 7 4 9 5 9 1 4 1 8
204 5 4 7 9 6 2 2 7 1 7
113 2 2 1 6 3 4 1 2 1 1
10
192 4 3 4 4 1 4 8 3 7 2
235 7 2 5 1 6 1 8 9 3 3
216 5 1 8 3 6 2 4 1 8 4
191 5 2 3 1 7 2 2 6 4 9
229 9 1 6 9 8 7 4 1 2 2
264 9 7 5 5 3 3 7 5 7 5
241 7 6 6 5 7 5 5 5 2 2
191 5 3 1 9 5 7 1 5 7 3
231 5 8 7 9 3 3 6 4 4 5
196 1 8 3 6 1 3 7 9 3 9
10
177 8 1 1 5 3 1 5 3 3 6
175 5 2 8 3 2 6 2 3 6 2
203 1 1 9 5 3 3 4 5 8 6
231 7 1 7 6 8 2 1 7 7 8
193 1 7 9 5 3 1 2 6 5 6
191 1 7 6 5 5 1 6 2 2 4
283 4 5 2 6 9 8 8 7 2 9
241 5 9 9 9 2 2 9 8 1 5
219 1 8 3 5 5 6 4 4 8 2
277 9 8 6 6 5 5 3 9 7 4
10
274 7 6 6 7 5 7 5 3 7 7
190 9 1 7 3 1 9 1 9 9 4
271 2 6 5 2 9 9 8 5 1 3
236 3 6 1 3 8 9 8 1 1 1
213 3 9 6 1 1 8 6 7 3 7
223 1 6 7 2 4 9 6 6 1 5
236 5 5 4 5 4 7 5 6 7 2
242 2 9 9 7 2 6 6 3 4 7
158 1 7 1 2 3 9 2 3 4 2
225 5 8 2 5 7 7 2 3 7 1
10
168 5 2 1 3 5 4 2 1 5 2
215 7 2 8 1 8 1 1 9 1 7
181 3 1 3 7 3 7 2 6 4 8
269 1 9 7 5 3 7 9 9 6 3
291 7 4 1 2 7 7 9 6 3 9
231 2 3 5 4 4 1 9 7 7 4
225 3 8 2 2 4 6 8 3 4 5
232 1 3 2 7 8 4 7 7 2 3
201 2 9 4 5 2 9 1 1 6 7
259 5 9 1 9 4 2 8 5 7 8
10
295 6 5 2 1 9 9 6 5 6 5
236 3 1 1 7 7 9 6 5 7 4
248 9 7 9 1 3 8 5 4 1 8
206 9 1 5 1 6 5 1 5 6 9
242 8 4 1 6 7 7 5 5 2 9
254 6 8 9 6 1 7 4 9 9 3
202 4 8 3 3 7 6 1 3 7 1
200 5 5 5 3 2 6 5 2 7 1
261 1 9 8 2 1 7 9 5 9 8
244 6 1 2 5 9 4 5 1 8 2
10
235 8 9 6 3 2 8 5 1 8 1
165 2 5 1 7 1 5 5 5 7 1
285 1 7 9 9 9 6 5 9 4 9
240 2 2 2 7 7 6 5 2 8 7
215 1 5 5 8 3 3 7 9 9 1
243 2 8 8 8 5 9 3 3 7 6
174 4 2 9 9 2 3 2 2 4 6
215 5 2 8 3 1 6 9 3 6 4
174 2 5 6 6 2 2 7 2 2 2
175 4 4 4 5 1 5 7 9 2 4
10
225 2 3 8 4 5 8 4 2 9 7
228 6 9 9 1 2 8 4 2 2 6
225 3 1 8 3 9 7 3 5 5 2
226 6 6 7 4 8 1 2 3 6 4
213 1 9 1 2 7 1 6 1 2 8
156 1 8 3 5 2 5 4 3 1 1
249 4 6 9 5 6 3 3 7 7 2
253 7 5 3 9 8 3 7 2 6 1
256 7 4 4 7 8 2 6 9 4 8
174 6 9 3 1 4 1 1 4 1 3
10
251 9 7 4 7 7 7 2 9 1 3
199 2 8 2 4 1 7 3 6 8 9
284 4 9 3 5 6 9 8 8 1 8
242 8 3 1 1 6 9 3 2 9 8
342 3 9 4 8 8 8 9 9 9 5
253 6 8 2 9 9 5 4 9 4 1
236 5 2 7 2 2 7 8 3 5 9
263 4 7 4 5 3 9 9 1 7 6
187 9 1 9 3 2 3 4 9 2 4
249 4 6 1 2 8 5 5 7 8 5
10
201 1 5 3 4 3 6 4 4 9 5
127 2 4 2 8 1 7 3 5 1 2
171 4 2 7 1 1 6 7 7 3 2
223 3 7 2 5 8 1 2 3 4 8
241 2 4 9 2 9 1 5 7 1 6
204 1 5 1 9 6 1 6 1 8 2
280 9 9 9 2 4 7 9 6 3 2
286 6 2 3 4 9 6 9 7 9 2
222 9 4 7 2 5 3 3 6 4 3
291 7 7 7 4 7 9 2 9 7 9
10
237 1 5 6 1 9 4 6 6 1 4
234 9 9 5 1 8 3 2 3 5 1
281 4 4 4 8 8 5 6 9 8 8
225 8 9 6 8 1 9 3 1 7 8
266 1 7 4 1 9 9 6 2 5 6
187 5 9 1 4 1 5 5 4 2 3
266 2 8 8 4 9 8 5 2 3 8
196 6 3 6 9 1 3 7 4 4 5
245 5 6 9 8 4 5 8 4 5 1
186 7 2 6 8 2 7 5 9 3 3
10
214 5 8 4 9 4 5 2 3 4 7
278 9 6 4 6 5 4 7 5 7 4
186 2 3 1 6 3 2 8 4 5 6
257 5 8 8 6 4 4 8 1 7 4
215 1 4 7 1 7 1 7 2 1 8
239 8 4 4 5 5 9 5 8 3 5
252 9 3 9 6 6 2 6 3 6 1
248 2 4 9 5 6 3 9 1 4 6
165 5 4 2 4 7 3 1 1 4 1
256 2 7 9 7 8 7 2 9 9 1
10
240 8 6 3 6 6 4 5 2 7 5
277 1 9 3 2 6 3 8 6 6 7
322 7 6 5 2 9 8 9 7 5 3
162 7 3 6 2 3 1 2 5 6 3
219 2 5 7 3 4 8 7 1 2 5
174 3 3 3 1 1 5 3 8 9 3
267 1 5 7 3 9 5 8 4 6 5
279 7 3 4 7 8 2 8 7 8 4
253 5 8 5 2 3 5 7 2 9 9
266 6 7 5 7 4 4 6 8 8 9
10
299 7 8 4 6 9 5 7 1 4 6
221 3 6 6 3 4 7 9 4 1 4
299 2 8 1 2 8 2 9 6 7 8
185 3 6 9 5 2 8 2 2 7 1
219 4 8 9 7 7 1 1 4 4 2
110 1 3 1 6 1 1 2 1 6 4
169 3 5 2 6 3 2 5 4 4 1
178 5 9 3 9 2 8 2 3 2 1
235 2 7 9 1 8 7 3 9 1 6
180 1 4 2 7 2 5 5 9 5 4
10
164 4 2 8 4 1 3 5 5 4 7
270 3 6 6 4 4 7 8 1 8 8
214 6 6 1 7 4 8 4 7 3 3
241 8 6 6 5 7 3 3 2 1 9
194 8 1 4 3 5 7 2 8 4 7
244 3 7 8 1 4 1 6 9 6 9
252 9 4 5 8 8 2 7 4 2 3
165 9 1 5 3 1 6 3 7 7 1
218 4 2 2 7 4 3 9 2 5 8
284 9 9 6 1 9 7 3 8 5 1
10
204 2 8 6 4 1 1 5 8 7 4
240 6 1 1 8 9 6 5 3 4 8
249 5 4 6 3 3 5 7 6 6 7
190 3 7 2 4 2 8 9 1 2 1
252 7 5 6 5 8 5 3 4 5 5
279 4 4 4 7 9 4 7 7 6 9
253 8 5 9 3 8 5 2 9 5 1
194 9 2 4 2 3 6 1 6 6 7
195 9 3 9 5 3 7 1 4 7 4
201 2 9 6 6 1 5 8 1 2 2
10
196 8 7 6 3 5 4 1 4 4 4
251 5 8 3 8 3 8 9 7 1 3
281 4 8 8 1 7 7 9 2 6 2
246 2 3 4 4 7 8 7 7 1 8
239 1 5 7 3 4 4 7 8 3 9
236 9 8 5 3 4 5 5 7 3 4
217 9 3 8 3 6 1 4 5 2 4
184 5 7 4 9 1 9 5 4 2 2
228 8 1 8 2 4 1 3 5 9 7
244 7 5 5 3 6 9 2 4 5 7
10
246 6 7 4 7 6 5 4 1 9 1
245 2 4 3 2 9 9 6 1 3 5
240 1 7 4 8 8 1 7 3 5 6
237 5 3 2 6 5 6 5 5 8 9
282 8 2 7 6 9 7 7 5 2 5
266 5 6 8 6 3 9 8 3 9 5
204 7 3 2 4 6 9 2 2 4 6
148 4 6 1 5 1 2 7 2 2 2
233 4 8 2 5 5 3 8 8 1 4
286 9 8 6 2 6 8 3 5 8 4
10
264 4 1 7 6 6 4 9 2 4 9
215 8 6 5 8 1 5 3 5 9 7
218 8 1 6 6 3 7 5 2 3 7
219 7 7 9 6 2 1 7 5 1 5
160 7 5 6 3 3 1 1 3 1 6
252 9 5 6 5 9 4 3 1 4 4
227 7 2 3 9 7 7 6 1 3 7
275 2 4 5 8 9 3 6 3 8 6
161 1 3 4 5 6 4 5 1 1 3
163 1 5 1 4 3 3 1 8 9 7
10
176 5 1 9 4 2 2 2 9 5 6
206 1 5 5 6 7 7 3 6 4 2
278 1 8 2 8 9 9 1 8 8 9
261 4 8 2 6 9 1 4 8 6 2
207 1 7 1 7 4 5 8 2 2 5
184 9 3 6 2 3 6 7 1 1 1
234 4 7 2 9 6 5 6 3 3 2
237 5 2 6 3 3 6 5 4 8 9
224 6 4 6 3 5 1 7 7 5 3
280 9 8 9 3 9 9 2 3 2 6
10
222 9 8 1 4 7 6 1 6 1 2
229 1 5 6 6 3 8 9 2 4 8
198 2 2 4 8 8 6 1 4 5 4
248 8 7 5 5 6 8 2 7 4 4
174 9 9 4 3 2 8 1 4 3 1
229 6 1 5 3 8 3 7 4 5 1
186 2 7 3 6 2 1 6 8 3 2
302 9 9 7 8 9 9 4 1 7 2
233 5 4 6 9 9 2 2 8 4 5
241 1 7 7 5 3 9 8 1 8 4
10
193 7 8 1 7 1 1 4 7 4 3
172 1 4 6 7 3 4 3 7 4 6
280 4 3 2 5 5 7 8 8 9 7
169 2 2 3 7 3 4 4 3 6 4
187 1 1 5 2 5 6 6 9 3 2
306 8 8 7 6 4 7 7 9 8 3
296 8 6 7 5 8 4 8 4 7 2
248 6 8 1 2 6 2 8 4 7 3
197 6 1 7 7 3 1 8 6 2 6
251 1 2 2 1 6 4 8 6 9 6
10
239 9 9 5 5 1 7 6 4 3 7
188 4 1 2 7 3 8 3 9 6 8
178 5 2 8 6 2 6 3 8 4 3
257 5 6 7 4 5 3 5 1 7 9
203 9 2 4 4 3 9 3 6 6 2
230 5 1 4 3 5 7 9 5 3 5
194 3 3 3 4 3 2 9 5 4 2
282 6 6 3 6 8 8 6 9 4 4
296 5 6 4 9 9 9 4 8 8 8
161 9 5 1 9 3 2 1 4 1 4
10
192 3 7 3 5 5 7 2 8 3 2
251 6 6 6 7 3 9 6 7 6 6
223 5 4 6 3 1 8 7 3 7 5
231 4 9 2 4 2 8 9 2 4 7
240 6 1 4 4 9 2 5 7 2 5
248 7 9 5 8 2 9 5 1 8 7
271 9 8 9 4 1 1 7 8 7 7
276 9 7 8 7 3 6 9 4 5 7
201 1 9 3 9 4 3 6 9 1 2
193 6 4 8 7 1 6 4 4 2 8
10
250 5 7 9 8 5 7 2 1 9 7
201 4 7 8 1 3 6 1 7 7 6
258 5 1 6 6 2 7 7 7 9 9
196 2 3 6 2 6 6 4 1 1 8
251 4 3 5 2 5 8 4 6 8 7
263 7 3 2 4 8 2 9 9 3 2
268 4 9 2 6 4 5 7 9 9 7
250 1 9 5 8 8 2 2 9 5 5
234 1 6 5 1 9 6 4 2 5 1
233 1 6 1 3 7 7 5 4 5 3
10
233 5 1 5 2 7 4 6 3 8 1
174 5 3 7 3 7 6 1 4 1 1
265 4 7 1 4 4 2 8 8 8 7
256 5 9 7 8 4 6 3 3 7 7
191 5 4 1 2 4 5 4 1 3 8
182 1 2 1 8 3 4 6 7 6 2
198 9 2 4 4 1 4 7 9 3 6
233 3 4 7 5 6 2 7 8 2 8
176 7 4 2 1 5 4 1 7 6 2
233 7 9 4 5 3 8 7 2 1 7
10
241 6 2 4 8 6 4 4 9 8 6
231 8 3 7 4 6 2 2 4 7 8
239 8 1 9 5 4 1 9 3 5 8
283 2 5 6 1 9 4 9 4 9 2
232 6 5 9 2 9 7 2 5 1 4
234 5 9 1 1 8 9 1 5 6 1
183 7 6 1 6 5 1 5 4 3 1
204 7 6 2 3 5 1 3 1 8 5
259 7 7 1 4 9 7 6 3 1 3
201 6 3 1 2 3 7 2 4 6 9
10
270 2 8 9 1 7 3 6 9 7 1
268 5 9 5 4 5 8 7 4 7 5
195 8 6 6 9 1 2 1 8 7 4
278 8 1 3 7 8 5 9 6 4 5
216 7 2 5 8 6 5 4 9 4 2
252 8 2 9 8 9 6 2 5 2 7
234 3 6 2 9 6 7 3 8 8 7
175 4 4 6 4 2 7 3 2 6 2
193 5 3 4 2 3 5 5 4 6 2
162 1 2 6 7 5 4 3 2 3 3
10
101 1 2 4 2 1 1 1 3 3 4
239 9 8 1 4 3 2 7 9 1 8
213 7 6 4 8 2 2 4 9 7 2
247 7 9 8 3 3 7 5 2 9 1
224 2 6 1 4 9 5 1 4 6 7
164 6 4 8 3 5 3 1 2 3 1
214 1 5 8 7 6 1 5 6 3 9
227 9 4 6 9 4 5 8 5 3 1
125 1 2 8 8 2 1 1 4 3 4
264 3 7 4 6 8 2 4 9 9 2
10
149 7 7 1 7 2 1 1 6 2 8
199 5 3 6 5 5 7 6 3 1 2
196 2 6 1 7 3 5 8 7 2 4
273 1 3 5 8 9 3 8 4 8 2
209 8 2 7 6 4 2 6 1 5 5
219 9 4 6 7 2 1 6 7 3 5
298 5 1 8 5 9 9 4 2 9 9
205 2 4 2 8 6 2 2 1 9 5
263 3 5 8 2 8 9 6 6 1 6
267 4 8 1 9 7 8 3 4 6 8
10
163 7 6 3 8 1 3 1 5 5 7
223 6 7 8 7 1 2 7 4 4 7
215 6 4 4 7 7 8 2 7 6 1
196 9 1 9 6 4 2 3 6 5 4
215 8 1 7 6 8 6 1 1 6 6
274 9 8 8 2 7 1 7 5 2 6
247 3 9 7 1 7 2 8 2 3 1
250 9 9 7 8 8 3 2 4 5 1
225 3 3 1 7 7 3 4 5 8 8
160 2 2 8 1 4 4 1 5 1 7
10
271 7 2 8 3 8 4 7 2 6 7
266 4 7 8 6 8 1 5 8 3 7
183 7 1 5 3 4 7 5 3 1 4
223 2 7 2 6 7 6 2 8 2 7
262 3 3 8 7 8 4 6 3 7 2
207 2 9 5 5 3 2 4 5 5 2
191 1 5 4 5 3 1 3 5 7 9
264 8 2 6 4 5 9 7 6 4 7
189 5 6 4 7 4 3 3 7 1 1
225 7 9 1 4 5 5 2 6 7 5
10
222 3 9 9 7 1 1 9 4 5 4
191 8 2 2 5 5 3 4 4 3 9
274 6 8 8 5 6 5 8 1 5 4
194 3 1 3 4 6 3 2 2 6 8
219 8 3 8 8 3 5 5 4 3 5
215 7 9 4 2 1 5 4 3 8 2
276 4 8 7 3 6 8 6 7 3 9
208 7 5 5 4 4 9 3 8 2 1
245 4 7 1 3 7 1 5 2 9 3
260 6 3 2 8 8 5 8 2 5 5
10
246 8 9 5 9 2 1 9 9 2 4
225 6 1 4 6 7 8 3 9 2 7
149 3 2 4 7 1 2 2 5 9 5
210 3 1 7 9 2 7 8 4 8 2
177 1 1 8 2 1 6 6 7 5 9
272 4 6 8 9 8 5 5 2 6 2
247 7 7 5 5 4 1 7 8 4 5
269 2 9 4 9 7 9 2 7 5 9
194 5 7 7 8 3 4 3 9 3 4
298 9 8 5 1 5 6 5 2 9 9
10
286 7 1 9 3 7 5 8 4 7 5
209 6 4 2 8 5 3 2 7 5 6
137 6 2 1 3 5 5 1 5 1 4
159 4 2 6 1 1 5 2 1 7 5
275 9 7 5 3 5 9 2 9 9 8
167 1 6 3 7 4 7 2 7 3 1
176 2 7 5 2 2 2 7 3 3 4
292 5 5 7 6 9 9 8 5 2 1
261 6 6 9 3 7 4 5 6 7 2
267 1 4 3 9 8 2 9 6 3 9
10
257 8 6 3 2 5 2 9 3 5 4
256 7 8 7 8 7 8 6 3 1 2
200 4 2 2 8 5 5 7 7 1 5
283 9 5 5 9 5 9 8 6 8 3
255 9 5 8 8 3 1 3 7 9 7
277 5 9 9 6 9 2 2 2 6 9
270 6 4 9 7 2 9 5 9 9 6
149 3 3 1 4 5 7 1 2 1 5
284 8 5 9 9 6 4 7 7 1 8
182 3 5 2 6 4 2 5 5 4 6
10
289 1 3 8 2 8 5 8 9 9 7
269 7 9 2 1 6 6 5 8 7 6
210 6 1 2 8 6 2 8 2 2 4
191 5 4 9 3 4 4 2 4 6 2
283 9 3 6 6 3 4 9 1 9 8
204 2 6 1 7 5 4 4 8 5 8
251 1 2 4 2 6 6 9 5 8 2
226 3 9 4 5 5 2 2 3 9 9
217 6 9 4 5 3 2 5 8 4 7
238 2 9 9 7 3 3 3 7 5 9
10
234 3 6 6 4 4 4 8 6 6 3
268 3 7 9 2 6 4 8 9 5 5
252 3 6 2 8 5 9 4 7 8 9
209 2 3 6 4 4 8 6 9 2 9
197 6 6 5 8 3 1 7 4 3 2
212 4 8 5 5 2 7 4 1 4 5
294 8 8 7 9 8 8 6 3 6 2
204 9 3 3 5 6 3 4 3 1 3
303 7 9 2 8 8 2 7 9 7 3
275 9 4 4 4 9 9 5 5 4 6
10
202 2 7 4 9 5 6 1 7 1 8
293 8 9 7 3 6 2 8 9 4 4
215 7 5 6 2 5 9 4 5 1 4
265 8 5 3 8 6 6 4 8 5 8
236 3 2 7 5 6 6 6 7 7 3
186 2 1 2 6 3 2 7 6 9 2
179 3 1 1 1 8 7 3 3 2 6
200 7 5 5 2 1 1 2 9 8 8
252 8 5 5 3 3 5 8 4 2 9
282 8 3 9 3 9 3 6 3 3 6
10
271 7 7 4 9 4 4 8 3 7 7
250 3 1 3 9 4 9 9 5 9 5
242 7 7 6 7 4 6 5 2 7 1
239 9 3 2 1 1 6 9 7 7 7
286 5 4 9 1 7 5 7 5 9 9
188 3 1 8 8 7 1 1 7 5 4
196 5 3 8 8 4 4 2 4 2 8
183 1 1 9 9 7 5 2 1 7 1
234 7 7 1 2 4 4 7 3 3 7
269 7 6 5 7 8 7 6 1 6 1
10
265 9 3 7 3 5 9 8 3 1 7
272 9 7 3 4 7 9 7 1 4 4
282 6 2 5 2 9 9 6 1 8 8
227 4 3 4 3 6 2 5 2 9 2
267 8 4 7 9 9 8 3 9 4 3
190 2 2 5 8 1 4 6 4 5 8
272 1 8 5 2 7 2 7 3 9 9
193 4 1 2 1 5 7 9 6 1 2
220 8 8 5 2 1 6 5 4 7 1
139 2 5 5 7 3 5 1 4 3 2
10
238 5 6 2 2 7 7 2 8 7 1
283 2 9 8 9 3 9 9 3 8 5
253 7 2 2 4 8 1 8 7 9 1
253 1 5 5 9 5 3 6 5 7 9
192 7 3 5 9 2 2 6 7 1 4
245 3 5 7 7 7 7 4 5 4 5
313 8 7 9 1 8 4 8 5 5 6
216 2 6 4 9 6 8 3 1 1 9
193 5 9 6 8 2 9 1 6 2 3
267 9 5 3 6 5 4 7 9 6 4
10
212 9 1 6 5 3 9 5 1 6 1
190 1 2 7 1 9 9 1 3 2 5
241 3 4 9 5 3 9 9 3 2 7
246 2 8 3 1 5 5 8 5 5 5
269 8 9 5 6 8 2 5 1 7 3
101 1 2 6 6 1 2 2 3 3 3
207 5 3 4 8 7 2 5 7 1 7
227 1 6 8 2 1 6 8 1 6 8
264 3 3 8 3 8 8 5 4 7 7
275 8 9 2 5 3 6 6 8 9 2
10
195 8 2 6 8 3 4 6 7 2 3
231 2 6 6 8 4 9 8 1 2 8
236 7 5 8 7 3 2 2 8 7 8
136 1 1 7 6 3 8 2 3 1 1
220 5 9 8 5 1 4 7 3 2 5
207 5 5 1 2 4 9 5 3 1 9
268 9 8 2 8 7 1 7 1 1 8
220 7 6 4 3 8 4 1 5 6 1
215 1 4 2 5 3 8 8 8 3 8
228 7 8 9 6 5 1 3 8 3 6
10
260 6 8 1 1 6 8 7 4 7 2
173 1 1 1 3 9 1 2 8 2 5
220 2 9 4 9 6 9 1 4 3 2
131 4 2 2 2 1 7 3 4 2 8
332 7 7 2 8 8 8 8 8 9 2
283 7 7 4 3 9 4 4 4 6 9
278 3 8 8 7 3 4 6 4 9 9
204 3 6 9 2 2 8 3 5 3 5
188 1 6 3 8 4 1 3 6 6 8
266 8 8 8 5 3 4 7 3 5 6
10
149 1 3 5 6 2 1 2 8 5 2
209 2 1 4 2 8 2 7 4 2 8
244 2 5 6 3 6 4 8 3 4 9
194 6 7 1 1 6 4 2 2 6 3
267 7 8 3 1 6 7 6 6 1 8
273 7 6 2 1 4 7 8 6 9 1
313 9 9 3 6 8 8 7 2 6 8
169 2 1 7 4 5 4 4 5 1 2
139 1 5 1 1 1 1 5 7 1 8
218 2 4 6 3 9 9 3 9 2 2
10
205 4 9 1 7 3 1 7 4 1 6
229 9 8 7 9 4 2 3 4 1 5
159 8 4 7 8 1 4 1 3 2 8
188 7 1 5 1 2 9 4 1 3 8
192 7 6 1 6 5 3 2 5 3 4
194 7 3 8 4 3 9 2 6 4 3
216 4 7 4 3 4 1 5 2 7 5
226 1 4 8 3 6 1 4 9 8 3
200 1 4 7 2 2 5 7 4 9 3
274 9 6 1 9 5 3 9 8 8 2
10
242 5 8 4 8 6 1 6 1 7 2
297 3 8 2 5 8 7 8 3 9 5
264 7 7 4 3 3 5 9 2 8 8
172 2 8 3 6 1 6 4 4 3 8
334 3 7 6 9 9 9 8 7 7 6
238 5 3 6 4 1 4 9 7 6 6
220 5 9 2 1 1 3 7 1 5 9
237 4 4 7 8 7 7 7 1 2 1
218 2 4 6 6 6 9 1 9 6 5
259 5 8 1 4 5 8 9 7 4 2
10
209 6 6 6 3 2 3 5 7 9 1
206 3 3 3 1 1 2 7 3 8 8
186 9 3 2 8 1 7 2 1 4 9
229 6 4 9 7 7 6 3 5 3 5
226 2 2 2 1 7 1 5 9 8 3
210 9 2 9 5 2 3 7 5 4 1
256 3 6 5 9 6 3 2 8 9 7
227 4 9 6 8 4 3 2 6 8 4
204 9 4 1 3 2 6 1 4 8 8
158 5 6 6 1 1 2 3 1 4 7
10
266 6 8 1 1 8 1 9 5 2 5
132 1 2 9 5 1 2 2 5 1 4
205 8 6 1 5 1 7 4 8 5 7
208 6 6 3 8 6 5 1 1 3 7
239 3 1 1 6 7 9 3 6 8 7
246 5 7 4 1 6 1 6 3 6 8
272 7 6 3 2 9 5 5 9 5 4
225 8 5 1 6 7 4 6 6 2 1
231 9 1 2 5 8 2 6 2 4 1
314 8 4 6 1 9 9 7 3 4 8
10
243 4 3 4 6 9 3 4 6 6 5
331 6 4 5 9 9 7 8 4 8 8
197 8 4 2 4 7 8 1 8 1 3
205 7 7 3 3 6 4 3 6 2 3
248 6 7 5 8 5 9 5 4 2 7
212 3 3 8 3 4 1 7 7 5 6
261 5 4 9 9 8 7 3 5 7 4
289 3 5 6 7 8 4 8 6 7 4
229 6 8 9 5 1 8 1 5 6 8
277 2 9 2 1 8 3 8 9 4 7
10
273 8 8 7 3 4 5 9 5 1 8
214 3 7 7 1 5 6 3 8 5 3
169 7 2 4 1 2 7 5 4 3 2
144 2 2 9 4 1 7 3 3 2 5
195 5 3 8 2 6 1 4 2 1 8
212 4 6 2 8 4 8 6 7 1 5
268 6 8 6 4 3 4 7 6 8 3
238 8 7 5 2 9 9 2 9 1 2
221 2 3 7 5 9 3 2 1 6 9
282 6 9 3 7 9 2 4 9 2 9
10
219 9 3 6 8 3 8 2 4 5 9
162 7 1 2 5 4 5 3 3 1 8
246 8 8 1 2 3 2 5 6 8 7
201 2 9 3 3 2 6 7 1 5 1
194 4 6 5 1 4 5 1 7 2 7
245 2 9 1 4 6 4 5 6 6 7
253 6 8 3 3 8 2 3 7 7 6
230 3 4 2 9 5 7 5 1 6 8
243 6 5 1 2 6 9 5 3 8 3
226 5 9 3 5 6 3 2 5 2 9
10
242 2 4 9 2 2 9 9 5 7 1
199 3 1 2 6 8 1 2 6 9 3
192 3 1 1 3 6 4 7 1 1 5
198 1 2 8 4 3 4 4 8 8 9
240 6 5 7 3 4 2 8 4 5 9
216 3 3 9 3 5 6 6 8 3 3
318 9 9 8 8 3 8 7 9 9 5
179 6 3 8 8 4 1 1 6 1 5
263 7 2 8 8 5 9 6 8 1 8
198 1 1 2 6 2 8 7 1 8 3
10
183 2 7 5 3 2 4 7 2 1 1
219 9 9 8 6 2 1 2 5 6 2
177 4 7 5 1 3 2 2 2 7 2
254 4 4 2 3 7 7 3 6 9 6
187 6 4 1 5 2 1 8 9 1 4
215 5 7 6 3 2 8 2 7 4 8
239 8 7 2 2 8 4 3 3 6 2
223 1 3 8 8 3 9 5 6 8 3
256 5 5 7 8 9 6 2 7 4 9
206 8 6 1 5 1 2 6 8 3 9
10
245 5 1 3 8 8 2 8 3 6 1
188 2 1 5 3 9 1 1 5 6 7
260 8 9 5 2 3 9 8 4 1 5
242 8 9 4 5 6 8 4 3 1 5
244 7 8 4 5 2 3 9 4 5 5
196 1 8 6 2 6 2 2 8 1 3
166 5 2 8 3 1 1 1 1 9 8
213 1 8 7 3 2 4 9 2 2 5
253 6 4 4 7 8 4 6 9 3 3
201 3 8 1 3 6 1 2 7 5 5
10
172 7 9 3 2 2 5 1 3 3 4
210 8 8 5 2 1 3 4 4 5 7
254 7 1 2 9 4 4 8 8 6 9
235 9 1 9 4 4 8 2 7 7 9
217 7 1 6 7 8 3 6 2 2 5
238 5 6 6 5 1 1 9 1 8 6
210 1 4 8 7 4 6 1 7 9 9
302 7 7 9 8 9 4 6 2 2 8
250 5 8 7 7 6 9 3 9 3 5
254 6 4 1 6 9 6 8 3 5 2
10
279 6 4 9 8 5 3 9 5 8 3
239 1 1 8 6 8 5 6 5 2 9
292 8 7 1 3 9 6 8 3 3 7
215 2 3 3 6 8 2 7 4 1 3
263 7 9 1 8 6 8 6 3 4 4
195 1 1 4 7 1 2 8 3 7 7
218 9 5 6 7 2 1 5 3 6 8
221 4 4 4 3 9 9 2 7 1 2
220 4 1 8 1 8 4 4 5 5 2
253 2 2 5 2 7 4 8 9 3 8
10
235 1 6 6 5 9 3 2 6 8 6
193 7 7 7 9 1 4 5 3 2 3
176 3 7 2 6 4 3 1 1 8 2
237 4 9 9 9 2 7 3 8 7 4
235 8 8 1 1 1 4 9 9 1 5
174 7 2 1 3 6 5 1 1 1 9
186 3 3 8 5 2 9 4 7 1 6
247 8 7 8 9 4 4 3 8 7 5
261 7 9 5 1 4 5 6 4 5 8
297 7 8 2 2 7 8 9 3 3 7
10
215 9 5 3 4 7 1 3 8 2 6
298 9 9 4 4 4 9 7 8 9 4
234 7 5 6 6 8 5 1 7 7 4
276 9 6 1 2 7 7 8 8 4 2
278 1 5 6 5 9 4 6 3 9 3
242 8 6 9 3 3 7 2 6 8 3
274 5 1 9 4 9 6 8 3 6 1
266 7 1 5 2 9 9 4 3 6 9
195 5 8 4 8 3 3 5 1 2 6
237 7 1 2 4 6 1 5 6 8 9
10
289 9 2 5 3 6 7 8 4 8 7
210 9 5 5 1 5 2 6 5 2 3
186 2 6 4 6 4 7 2 3 4 4
219 6 3 3 5 7 4 2 8 2 9
197 7 2 5 3 5 2 4 8 2 6
254 4 2 7 7 7 1 9 6 6 3
182 6 1 1 6 1 5 8 5 1 4
227 5 3 9 7 1 9 8 7 2 3
254 6 5 7 7 8 1 2 9 7 8
213 7 8 3 3 1 4 4 5 6 5
10
193 5 2 1 3 7 5 1 8 8 4
242 4 3 3 4 9 6 7 5 4 4
222 7 8 8 7 3 2 5 4 3 8
250 1 6 4 7 6 1 9 5 5 5
192 2 3 3 2 4 6 3 8 6 6
230 8 3 6 3 7 3 6 3 3 4
193 3 8 6 3 1 8 4 3 1 5
273 3 4 7 4 8 4 3 8 8 8
231 7 1 8 2 8 7 2 3 6 7
227 9 9 4 1 6 5 3 3 1 1
10
156 3 2 2 8 1 6 9 2 2 1
248 6 2 3 1 8 9 4 7 4 6
240 3 7 8 8 4 9 8 2 2 5
238 2 4 8 3 4 4 4 3 9 8
205 6 4 3 5 3 4 6 4 6 5
252 7 7 2 3 5 8 3 9 6 6
267 7 5 9 5 6 7 3 9 3 8
284 5 6 3 3 7 5 9 3 9 2
216 2 4 3 8 9 1 9 3 1 1
222 2 8 8 5 8 7 1 9 2 3
10
225 4 4 7 6 7 9 1 6 4 3
275 8 5 3 5 7 6 7 4 7 4
285 5 3 5 5 7 7 8 8 9 2
179 7 1 3 9 1 7 3 4 4 9
197 8 9 2 4 3 1 2 7 4 2
239 2 1 7 7 7 7 3 6 8 3
288 6 5 7 2 4 5 8 7 9 6
229 6 2 9 7 1 7 7 8 3 8
233 3 1 1 5 4 7 7 3 7 9
238 1 4 3 5 8 9 6 7 4 3
10
235 9 6 6 1 2 6 8 7 1 2
272 3 4 2 7 7 6 7 3 9 5
237 3 8 1 8 8 7 2 4 5 7
246 3 5 9 2 2 3 9 6 9 6
281 3 8 4 1 5 8 9 6 5 3
342 9 8 6 2 8 7 6 3 9 9
315 9 1 3 3 8 9 9 4 8 8
271 6 5 1 9 7 9 4 2 9 4
238 2 2 8 9 7 1 6 9 6 8
240 4 6 3 7 8 2 3 4 8 6
10
174 8 4 5 7 3 4 4 1 1 7
307 1 8 7 8 5 6 8 8 9 7
144 6 4 4 9 1 3 1 8 5 1
160 2 3 3 2 6 1 1 5 7 3
224 7 1 2 3 2 7 8 9 6 8
185 1 1 7 9 2 7 4 1 6 9
184 8 1 2 1 5 6 4 9 3 1
252 1 9 1 8 5 4 9 2 6 3
134 2 2 1 6 2 1 2 5 7 2
243 3 1 5 5 5 7 7 2 9 6
10
181 1 6 4 2 3 7 1 5 9 5
208 1 2 1 6 3 7 7 9 5 4
274 4 3 5 6 7 1 7 7 9 9
217 5 7 4 8 2 6 3 2 8 4
288 6 2 1 5 8 9 8 1 9 6
278 5 8 1 9 5 9 5 9 9 5
262 7 2 1 3 6 2 9 3 9 4
175 2 4 8 8 3 4 3 2 2 7
203 4 3 6 1 5 8 4 8 2 6
325 9 6 9 7 7 9 8 7 6 4
10
228 2 2 4 2 4 6 8 6 8 2
220 7 4 6 5 2 1 4 8 6 8
273 9 7 1 6 7 7 7 2 7 1
231 9 3 9 7 3 4 5 1 4 8
146 1 2 4 2 3 3 3 4 1 7
292 2 5 7 7 9 2 9 6 5 5
238 4 5 4 5 5 3 6 2 5 9
193 7 2 2 5 2 9 7 3 3 1
180 8 5 8 5 1 6 2 7 1 5
261 9 4 2 1 4 8 9 3 8 6
10
224 9 2 9 7 7 7 4 1 1 1
191 9 4 7 1 3 7 2 4 5 1
189 3 1 2 6 4 6 6 5 2 4
194 9 1 4 9 4 6 7 4 1 2
200 2 6 3 2 1 4 8 6 7 6
185 1 8 6 8 3 1 2 8 7 1
165 2 1 6 1 3 2 5 7 1 9
284 4 9 5 5 9 7 8 2 2 1
201 4 3 7 1 1 1 8 5 8 5
293 9 8 1 6 8 9 4 6 9 1
10
267 5 7 1 1 7 6 8 5 8 2
204 3 9 2 5 5 2 4 5 3 7
157 6 8 5 7 1 1 1 5 2 2
255 3 7 9 9 1 5 9 9 9 2
247 2 9 2 6 2 6 7 2 8 9
227 2 9 4 7 7 3 4 6 1 2
163 5 2 6 9 2 7 3 8 1 1
283 4 4 6 2 8 7 7 7 7 1
169 6 5 3 2 1 3 2 3 8 5
236 7 6 4 8 6 1 5 7 5 4
10
163 9 2 6 4 1 3 4 6 1 9
243 8 6 4 7 8 1 2 2 9 3
260 4 2 1 7 7 2 8 6 9 2
294 8 8 6 5 5 8 6 1 7 6
220 3 5 2 1 5 3 9 7 4 2
232 8 1 2 2 5 2 9 5 6 5
217 8 4 3 3 3 5 7 8 3 5
180 6 2 9 1 3 4 5 1 1 7
264 3 3 8 8 5 9 8 3 4 5
256 2 1 9 7 7 3 8 8 5 4
10
218 9 5 4 8 5 2 4 3 4 7
253 6 9 9 9 1 1 8 8 1 9
287 7 4 1 3 3 9 9 6 9 9
281 5 4 7 4 8 5 5 9 7 6
148 3 4 6 2 1 5 4 3 4 4
258 1 8 2 3 7 8 9 4 5 3
182 7 4 6 7 2 3 1 9 7 5
237 9 8 8 2 3 9 3 5 1 6
217 7 5 8 1 7 9 1 6 3 1
321 9 9 6 6 9 1 9 9 2 9
10
246 4 9 1 3 6 9 1 1 8 9
231 8 1 1 8 6 8 4 7 8 2
183 3 1 3 6 3 1 6 1 8 7
162 1 1 6 8 4 9 1 7 7 1
243 7 9 5 3 7 3 3 5 4 8
180 7 1 1 8 2 6 3 8 7 4
259 8 3 6 5 8 2 5 8 9 2
276 2 5 3 7 9 6 8 5 6 4
183 3 2 3 1 7 6 1 7 3 5
223 2 9 6 6 2 8 5 4 6 1
10
327 7 9 7 2 7 7 8 2 9 7
212 6 8 6 1 1 3 5 9 9 2
209 6 8 6 4 3 2 3 5 9 3
250 4 6 9 7 3 8 5 5 7 7
298 5 9 4 1 7 6 8 3 9 5
261 6 4 7 3 3 9 8 8 8 6
175 4 2 8 8 6 3 3 2 3 1
255 2 7 2 8 6 9 6 3 5 5
249 1 8 7 8 9 5 6 6 1 1
221 1 8 3 8 1 7 7 8 4 8
10
174 4 4 4 9 3 4 4 5 1 7
208 5 4 6 5 1 3 7 5 3 6
279 4 9 8 2 7 9 5 8 3 1
177 1 3 3 6 4 4 2 3 9 5
156 4 2 4 2 7 3 2 9 1 1
204 4 4 9 5 4 4 2 7 5 4
170 2 8 1 3 4 5 1 6 5 3
193 4 4 7 1 5 6 2 3 8 2
254 9 3 5 6 4 6 9 4 1 8
241 7 2 9 5 7 2 4 9 2 6
10
221 2 8 8 8 7 1 1 6 2 9
203 1 5 9 7 3 1 5 5 7 1
222 9 6 8 8 2 2 4 2 9 5
300 9 5 5 2 9 7 9 6 3 2
262 8 8 7 8 4 4 7 3 4 1
253 2 5 6 4 4 5 7 8 5 9
220 7 7 1 7 2 5 4 8 9 6
212 3 1 8 7 4 4 5 2 6 6
268 3 8 6 2 7 8 5 5 7 1
195 7 4 6 4 3 2 5 3 1 8
10
189 2 1 2 3 3 1 9 2 5 5
279 5 8 8 5 6 4 5 2 9 2
295 7 7 6 1 8 3 7 6 6 2
238 1 3 2 7 9 7 2 5 9 4
187 5 6 2 5 4 6 5 2 3 1
181 3 3 5 5 1 8 7 2 2 5
230 2 5 6 1 7 6 9 5 1 1
255 3 7 1 2 7 1 8 7 8 2
280 4 5 7 3 8 2 6 3 7 8
290 6 9 7 1 8 2 8 3 5 8
10
181 2 5 3 4 1 9 7 4 2 5
239 1 5 1 8 6 1 6 6 9 9
217 4 2 8 4 2 3 9 7 4 9
167 7 4 4 8 2 4 4 3 2 3
193 4 2 6 7 2 1 5 5 9 7
211 5 5 9 3 1 1 4 3 9 7
198 2 5 9 1 8 4 4 3 1 3
195 3 9 5 2 1 2 5 9 1 9
142 4 5 4 1 1 6 1 3 2 5
247 9 5 2 3 7 9 4 9 4 5
10
228 4 1 9 4 5 8 3 4 7 6
205 5 3 1 7 8 6 3 2 1 7
226 1 5 7 8 6 7 3 6 5 2
256 9 8 9 8 3 2 6 9 1 5
214 4 1 7 5 5 7 4 6 8 2
215 7 5 5 4 1 2 5 5 9 9
152 7 3 2 7 3 3 1 5 6 2
292 8 1 5 9 8 8 7 3 7 4
192 7 9 1 5 2 5 1 4 3 7
278 1 9 4 6 9 8 2 4 9 5
10
276 2 8 8 7 6 3 6 9 8 7
181 3 2 9 1 4 7 1 7 6 7
195 3 1 4 4 2 5 7 3 8 2
201 5 9 2 2 3 2 3 8 3 4
191 3 3 2 2 2 5 4 9 7 5
262 7 7 3 1 9 8 1 4 4 7
304 2 6 5 5 9 5 8 9 7 3
224 4 2 1 5 4 2 8 6 9 1
142 4 3 8 2 1 1 4 6 1 1
312 7 8 1 8 8 3 7 9 7 9
10
172 3 5 5 3 2 1 3 2 6 8
189 6 2 2 4 7 4 1 8 4 4
252 9 3 5 6 4 5 7 6 4 8
259 9 8 4 6 3 8 5 9 2 6
268 6 6 9 1 6 7 5 2 9 7
272 9 4 5 9 2 5 9 7 9 3
202 6 6 8 9 1 2 3 3 4 9
193 6 3 3 7 2 6 2 7 7 6
218 2 3 5 3 4 6 9 6 1 8
322 9 8 6 4 9 8 7 8 5 4
10
159 1 1 1 5 6 3 2 8 3 3
249 4 8 7 5 8 1 5 9 1 5
229 6 2 7 3 6 6 6 2 5 1
216 6 7 1 2 2 1 8 8 7 4
249 1 3 9 6 5 7 7 4 7 9
272 4 8 3 2 6 6 6 8 4 7
302 8 5 4 3 9 7 6 5 7 9
214 9 3 3 5 8 2 1 7 1 5
202 5 3 7 7 1 7 6 4 5 7
213 1 3 7 2 7 3 7 3 2 4
10
263 8 6 7 7 9 9 3 1 4 1
200 7 3 2 2 6 1 5 6 2 3
169 3 1 9 4 2 5 4 9 4 1
184 6 8 2 2 3 5 2 2 7 4
199 7 2 8 1 8 5 1 7 1 2
236 4 9 6 2 6 5 4 1 6 5
274 7 7 7 7 5 6 7 2 8 4
271 7 9 5 8 2 6 8 4 6 5
275 9 7 4 7 5 9 8 4 7 1
198 5 5 9 7 1 4 7 7 3 3
10
266 8 4 4 1 8 8 8 1 3 2
275 4 4 9 2 7 9 5 6 5 8
224 7 9 6 2 2 5 8 1 4 1
268 2 3 4 3 7 8 8 1 7 9
176 3 3 9 6 4 4 1 7 1 7
192 5 2 5 5 3 2 7 1 6 4
259 6 4 4 7 7 8 9 4 3 1
189 6 9 5 7 4 5 1 2 5 1
263 4 1 1 9 9 8 6 6 9 2
194 3 3 2 9 2 6 8 7 4 3
10
204 1 7 7 3 2 9 3 7 5 2
173 6 1 1 4 5 2 6 4 1 4
240 1 7 5 6 3 2 8 4 7 9
189 8 3 1 1 9 1 1 6 1 4
178 1 6 7 2 7 5 2 2 3 1
264 6 1 1 1 8 9 7 6 6 5
215 9 3 3 2 6 8 4 7 1 7
244 4 4 2 2 8 5 8 2 5 3
205 6 2 8 5 7 2 2 2 5 3
239 2 5 5 6 5 7 6 1 8 1
10
231 3 6 6 5 3 4 5 9 8 6
240 7 8 1 8 1 7 5 9 4 8
260 7 7 4 9 5 5 5 9 5 4
241 5 7 4 9 4 8 7 4 1 6
267 6 1 8 8 7 2 9 4 2 9
202 1 4 8 2 2 9 7 3 5 3
229 6 7 9 4 3 4 7 3 1 6
251 5 2 7 8 9 5 1 3 9 5
290 8 6 4 5 9 6 4 8 6 6
243 9 2 3 5 7 2 7 6 3 1
10
236 4 5 3 6 3 3 6 8 8 4
181 1 6 5 5 4 2 4 7 3 3
246 5 4 6 4 8 2 8 5 1 7
239 1 9 7 2 3 2 9 6 5 4
288 3 8 9 7 7 3 8 4 7 5
245 7 5 3 6 3 9 7 3 9 1
131 3 2 2 1 1 2 2 6 8 4
200 6 2 6 5 4 9 5 2 2 6
150 6 1 1 1 1 4 3 2 7 8
255 7 7 9 6 2 9 5 7 2 9
10
243 8 5 7 1 3 7 4 7 7 8
244 5 3 1 4 8 4 9 3 6 1
168 1 3 1 9 3 1 6 5 6 3
197 1 4 2 4 6 4 6 1 3 5
217 4 2 8 6 5 1 8 3 3 7
262 3 5 2 8 7 4 6 1 9 9
294 8 7 3 9 8 1 5 9 6 8
270 7 1 4 9 9 3 9 3 4 2
242 2 3 1 1 9 4 7 6 4 5
216 8 1 4 6 4 5 3 6 6 5
10
223 8 4 8 1 8 2 1 5 4 7
220 8 4 8 4 1 2 2 8 9 7
246 6 2 2 7 7 3 5 8 7 7
148 5 9 5 2 3 2 1 8 1 1
198 3 7 5 1 5 5 2 5 3 6
218 5 2 7 2 5 7 2 6 9 8
198 8 7 5 6 1 3 1 9 7 7
232 5 9 9 8 5 1 7 1 2 3
293 8 7 7 1 7 4 7 1 8 1
291 4 4 7 4 9 3 9 8 3 5
10
230 8 1 2 3 9 3 1 2 8 8
193 1 6 6 5 6 3 3 7 2 5
208 7 9 3 8 6 5 1 2 5 2
246 8 4 2 6 2 8 9 5 5 5
159 2 6 1 4 4 8 1 1 5 3
196 9 9 9 1 2 5 5 2 1 1
238 3 8 3 6 6 4 7 2 3 4
244 5 7 2 9 4 6 5 4 4 8
229 4 9 7 6 3 9 2 8 1 7
229 2 2 3 8 5 9 4 8 7 9
10
255 9 1 4 1 7 5 8 3 2 5
247 7 9 4 1 3 9 4 5 8 1
284 3 9 7 8 7 3 7 7 4 9
235 2 6 2 3 6 3 5 7 6 8
201 8 3 6 5 3 3 3 7 1 9
186 6 7 3 3 2 6 1 2 8 3
203 6 7 9 1 4 4 3 3 3 5
197 5 8 2 3 2 9 4 2 6 5
249 9 3 3 6 4 1 7 3 6 8
184 5 4 1 4 9 1 1 3 1 2
10
234 4 8 3 5 9 4 4 3 5 1
232 1 6 4 2 6 1 4 3 9 8
293 8 1 2 2 8 1 8 7 9 9
199 3 1 9 3 7 5 2 2 5 5
191 5 1 3 4 3 5 5 1 6 8
219 8 3 4 4 1 9 6 8 6 3
356 9 7 5 9 8 9 9 9 6 8
234 9 6 1 2 6 5 1 3 8 6
255 8 8 8 8 1 5 6 6 6 7
235 4 2 9 7 6 7 6 3 3 6
