100 20
500 500 500 500 500 500 500 500 500 500 500 500 500 500 500 500 500 500 500 500
15
552 3 4 3 9 5 5 6 9 8 4 6 9 5 1 5 8 1 7 6 5
496 4 2 1 10 2 4 4 4 1 3 10 4 2 4 7 2 4 6 5 7
654 10 5 2 7 5 5 6 10 9 6 6 5 4 10 8 10 2 8 3 5
673 3 6 8 3 9 10 5 10 1 7 5 4 8 10 5 8 10 4 1 7
677 4 10 8 9 6 6 7 9 8 4 7 9 2 2 6 10 5 1 10 4
569 2 9 6 2 3 1 4 9 10 8 4 7 7 4 7 1 7 6 2 7
616 9 9 1 4 5 4 10 7 2 3 3 5 8 2 9 8 1 4 9 9
608 4 5 10 7 3 5 2 9 8 10 4 9 9 9 5 5 5 8 5 1
489 3 6 10 6 8 2 6 10 1 5 4 1 5 9 6 3 6 1 1 8
752 7 4 10 8 6 7 8 1 6 4 10 6 5 10 7 4 7 9 9 9
496 4 5 2 4 1 2 5 8 7 8 8 3 7 8 4 2 3 5 8 3
563 8 1 1 5 4 9 6 9 3 6 1 5 3 10 3 9 9 2 5 3
623 7 1 4 4 8 7 10 1 7 4 7 7 8 6 6 8 3 6 2 6
514 5 1 3 8 4 6 5 4 3 4 7 6 4 7 9 3 3 1 3 8
563 10 2 2 9 3 7 10 2 3 4 4 4 6 9 7 10 1 3 7 8
15
560 6 4 1 6 3 6 9 5 3 3 9 5 7 3 5 5 8 3 5 10
639 4 3 2 8 10 8 9 5 4 1 1 3 7 5 9 1 7 9 5 5
496 6 5 4 1 1 7 8 1 1 4 7 3 4 2 6 1 10 7 8 6
596 7 10 6 1 6 8 8 4 6 2 5 9 5 2 4 7 6 4 6 6
528 2 2 5 6 6 9 4 10 2 10 4 2 10 4 4 1 6 3 4 3
743 10 7 8 8 7 4 4 2 9 5 6 10 10 1 7 6 7 8 6 4
550 3 9 5 7 4 8 7 2 4 8 5 3 6 2 10 2 5 1 1 9
633 7 2 6 8 10 9 5 6 2 7 3 9 10 7 9 8 2 4 4 4
692 6 8 5 5 9 7 1 1 7 8 3 1 8 10 8 10 3 6 6 4
550 4 8 4 4 1 7 7 5 1 7 1 9 7 10 5 2 10 8 2 7
571 3 5 8 9 2 5 6 4 2 9 10 7 5 3 3 7 8 3 9 6
501 1 9 5 8 10 2 8 3 8 7 7 3 2 3 2 1 4 4 2 1
494 3 10 6 4 3 3 8 9 10 2 5 5 1 7 2 3 1 9 6 6
644 5 4 1 5 5 6 2 6 9 7 7 2 2 6 10 8 7 2 10 10
565 3 4 5 10 1 9 4 9 1 9 5 10 1 4 4 6 6 5 7 3
15
523 4 5 4 5 4 8 6 6 8 7 5 4 7 7 1 6 3 2 4 9
553 4 6 5 1 5 7 8 6 4 8 10 9 4 8 7 4 2 2 9 1
586 4 9 1 7 8 1 4 9 5 10 6 6 5 8 1 7 6 3 6 8
610 8 9 10 9 1 3 10 2 2 10 9 10 10 10 1 8 9 2 3 5
463 4 10 4 1 1 1 6 1 2 6 10 1 10 2 8 8 3 2 7 1
598 5 4 9 1 7 6 9 9 3 2 3 6 10 8 9 3 6 1 9 10
595 2 8 2 2 7 1 3 9 1 6 9 8 4 2 9 7 7 7 8 2
524 8 7 6 3 1 1 9 5 3 2 7 5 1 7 9 2 6 3 2 10
528 8 7 5 4 5 7 3 6 1 1 2 3 4 5 2 5 8 5 6 2
627 8 4 3 9 9 9 9 4 1 6 10 8 10 2 7 6 4 4 4 2
629 2 9 1 1 7 7 6 3 6 8 7 4 2 10 6 6 8 3 10 9
582 5 9 3 5 4 10 3 3 4 9 4 10 6 9 4 7 5 1 10 4
618 5 8 6 4 8 4 7 2 7 9 3 9 4 4 5 4 3 6 5 9
692 9 5 7 1 5 8 1 2 5 10 8 8 10 9 8 3 8 6 7 2
680 2 9 6 9 1 8 4 3 9 9 1 9 7 10 6 9 10 2 8 3
15
561 2 7 1 5 2 2 3 2 5 8 4 10 5 7 8 1 3 9 5 9
582 3 1 4 9 4 4 5 8 9 6 2 8 3 1 9 10 9 4 1 6
551 6 4 6 7 10 7 3 1 2 7 3 3 2 7 5 2 5 5 8 7
622 4 8 5 5 3 3 9 9 3 9 3 6 7 4 10 8 6 5 7 6
596 1 1 10 9 8 9 6 8 4 8 10 10 1 9 5 9 4 7 1 1
658 7 6 5 7 5 10 10 10 7 1 1 1 4 7 8 4 9 5 9 2
637 2 9 5 4 1 9 5 6 6 10 7 5 5 5 2 9 7 7 8 6
519 2 3 9 2 4 6 9 10 2 1 7 5 6 3 10 7 4 3 5 9
519 9 3 6 8 3 4 6 1 9 1 7 4 4 3 1 7 8 2 8 4
524 8 7 10 2 1 8 9 9 5 3 8 1 2 2 8 3 1 7 9 4
452 2 6 9 1 2 4 6 5 5 8 4 8 2 1 4 4 3 1 8 7
660 1 8 2 7 8 8 5 8 2 8 4 5 7 6 9 5 4 10 1 6
679 7 10 3 3 10 9 10 1 4 10 4 4 10 2 5 4 10 1 6 6
514 4 5 7 1 2 7 1 6 8 7 5 1 2 4 9 10 1 3 4 8
591 4 9 1 6 9 9 4 6 2 7 4 9 2 1 8 7 3 3 9 1
15
696 6 3 9 7 4 10 8 10 8 9 7 9 7 9 8 1 9 3 5 8
737 6 6 3 10 9 6 4 2 5 8 6 3 2 6 8 7 7 8 10 10
430 5 4 7 2 1 3 3 4 10 4 9 4 3 9 1 1 8 1 7 7
595 7 6 8 9 6 8 7 4 1 9 4 2 3 6 2 10 9 1 10 3
672 7 8 2 7 2 6 2 9 7 9 3 9 3 3 9 6 6 9 5 1
531 7 7 3 1 10 5 5 6 2 6 8 1 7 9 2 5 2 4 10 7
579 6 8 5 8 4 10 4 2 6 6 9 9 10 6 3 4 1 3 4 10
551 7 10 9 3 2 8 10 5 3 8 8 3 9 10 3 7 1 5 1 9
560 8 1 3 10 5 3 8 2 1 4 1 6 4 1 5 8 9 5 6 10
493 1 4 7 2 6 6 8 5 5 7 4 6 5 2 1 9 4 6 5 7
605 10 10 5 3 2 5 8 1 3 10 6 4 10 4 3 10 1 7 8 3
533 4 3 8 3 6 9 7 5 7 4 2 7 1 9 7 1 7 2 5 4
725 8 5 3 9 10 4 8 6 9 1 7 10 8 8 2 7 8 10 6 9
680 5 10 5 6 8 2 10 7 8 10 9 2 10 4 6 10 1 8 10 2
582 1 1 6 1 6 3 2 7 3 5 5 4 9 6 9 6 10 3 5 9
15
616 2 1 4 7 4 1 6 7 3 10 8 3 8 9 7 9 9 8 6 5
441 5 2 8 5 6 3 6 8 4 6 3 7 5 1 6 4 1 2 5 7
548 6 6 3 10 2 7 2 4 10 4 2 9 5 1 3 1 7 1 6 10
506 6 1 9 10 2 2 10 7 6 7 9 1 6 9 5 6 3 3 2 5
619 9 10 6 10 10 2 4 1 10 5 4 3 3 6 2 7 1 3 10 3
612 3 3 6 8 2 1 4 10 10 5 2 5 3 8 4 6 4 10 8 9
489 1 5 3 1 4 5 9 2 3 10 4 5 8 2 4 3 5 8 2 8
660 6 1 4 5 7 5 10 4 4 5 3 8 7 10 7 8 7 4 10 5
514 5 5 5 2 3 5 6 3 8 4 8 1 8 1 2 10 7 1 10 7
668 9 8 5 6 9 3 8 3 9 3 9 9 1 6 3 9 10 1 6 5
506 7 1 8 1 1 7 8 1 9 6 2 5 7 4 3 7 1 9 2 5
564 9 3 10 6 2 7 2 10 3 1 4 2 2 3 8 3 9 6 8 7
536 6 1 8 10 9 4 4 6 6 1 4 6 5 4 8 3 1 5 1 4
621 4 4 4 10 8 8 3 7 4 8 5 9 3 2 5 8 8 3 6 4
765 4 9 8 10 10 1 8 3 4 1 5 10 9 10 9 6 4 10 7 4
15
725 5 5 6 6 7 2 2 7 4 9 9 7 8 6 8 8 10 9 5 1
547 10 7 6 3 8 8 5 7 4 2 9 3 3 9 3 2 4 3 5 2
628 2 3 8 10 9 8 9 4 6 4 2 6 7 10 6 4 2 9 2 10
689 5 10 4 2 6 6 2 8 2 4 10 10 7 3 7 7 7 10 9 7
688 7 4 4 3 2 10 9 8 6 9 9 6 10 10 9 5 3 4 10 7
614 3 5 10 7 5 2 2 5 9 10 1 6 7 2 2 7 10 9 1 8
582 7 1 5 4 7 6 10 7 1 7 3 4 5 10 3 6 10 2 5 8
541 2 1 7 10 2 3 5 4 1 3 1 9 5 5 10 1 5 10 7 4
708 10 10 5 4 10 5 5 5 7 10 3 5 7 8 7 6 7 5 4 5
569 8 4 6 8 4 5 6 7 7 2 2 7 4 1 5 10 4 2 6 4
583 1 1 10 9 2 1 2 9 10 1 5 5 6 2 10 7 9 3 8 3
524 3 8 9 7 4 1 7 3 9 4 7 9 1 3 4 1 3 7 6 10
465 7 7 4 3 3 3 9 1 1 2 6 7 6 1 6 7 3 8 1 3
593 7 4 1 1 4 5 7 2 9 6 2 9 8 9 8 10 1 8 7 1
453 9 2 2 3 3 1 7 8 6 7 2 3 1 10 2 8 10 1 1 6
15
663 9 5 2 1 4 9 7 7 2 9 9 6 7 8 6 4 8 9 5 5
591 8 2 1 10 4 7 2 9 1 2 7 4 1 4 8 7 6 5 7 3
585 2 7 2 9 5 8 1 1 8 3 7 1 9 8 4 1 7 3 7 10
506 4 2 6 2 10 8 7 4 4 1 5 4 1 1 2 7 1 9 6 8
688 9 8 1 9 5 9 9 7 6 2 6 10 10 8 1 8 1 8 9 7
443 6 1 3 7 3 2 3 1 6 9 9 1 6 2 3 9 3 2 4 1
671 9 2 6 2 7 7 4 3 8 9 2 1 8 10 6 8 10 1 7 6
493 9 8 6 3 10 4 8 4 8 7 1 10 1 1 1 1 2 8 1 2
598 6 2 5 3 9 2 8 3 2 6 5 10 7 3 7 10 9 6 6 1
641 10 3 7 9 9 10 9 10 2 2 9 10 6 9 10 1 1 2 5 5
620 9 8 1 6 1 1 9 3 6 9 1 9 10 2 3 9 10 7 8 2
611 5 9 8 6 4 3 5 10 4 3 6 9 3 8 5 10 5 2 9 5
612 9 7 2 7 3 8 9 6 2 1 9 8 8 6 8 4 3 10 1 2
612 3 1 3 3 2 4 2 6 7 3 2 1 9 9 9 10 7 7 3 9
583 7 1 6 10 3 6 4 2 1 5 10 6 9 8 8 1 3 9 3 7
15
521 3 2 9 10 1 7 10 1 1 1 8 1 5 9 5 5 1 7 10 1
652 5 6 9 2 8 9 8 4 9 9 4 4 1 7 7 3 5 5 10 4
765 10 5 6 9 8 7 1 3 9 8 1 9 2 6 6 9 8 9 6 10
458 5 6 9 7 2 4 1 3 8 9 3 4 8 10 3 2 2 1 4 2
507 7 7 3 1 4 2 7 2 8 8 5 6 7 8 1 7 5 3 4 1
647 7 3 4 6 4 6 6 1 7 5 5 1 10 6 10 6 10 6 5 3
666 10 3 4 10 7 5 6 2 2 8 3 1 10 9 5 5 3 10 5 9
609 3 7 8 1 7 2 9 10 10 7 4 1 8 8 6 2 8 6 6 9
646 5 7 4 10 10 5 6 10 5 8 10 6 8 9 5 2 8 3 4 3
608 3 5 5 6 6 3 4 5 3 9 9 8 2 10 3 8 10 6 6 6
573 10 4 6 5 5 8 7 4 3 10 2 4 8 3 2 9 7 2 9 2
568 4 7 8 2 4 4 5 3 2 10 7 2 5 8 6 1 5 8 10 4
602 10 9 3 3 2 7 9 4 2 3 6 9 10 3 2 8 9 9 2 2
512 6 5 9 1 7 8 2 5 3 3 5 10 7 1 9 3 1 6 5 2
679 3 2 7 8 8 9 5 10 3 10 2 4 5 5 3 8 9 6 8 10
15
622 3 9 8 5 8 4 9 1 5 7 10 4 4 8 6 10 2 7 5 9
517 5 2 2 1 4 10 3 3 9 1 8 9 5 10 1 10 5 4 3 1
527 8 9 6 2 3 1 5 9 3 7 4 1 8 7 2 6 6 8 5 3
572 10 9 4 1 8 8 1 4 8 1 5 3 4 7 4 2 9 2 1 10
604 6 5 5 5 10 5 5 7 10 3 6 5 5 3 3 7 7 1 10 6
447 9 3 6 1 3 1 4 5 6 8 7 6 3 8 4 1 2 5 7 4
494 4 1 7 2 2 4 8 4 1 2 4 1 8 9 4 3 8 8 8 7
585 8 9 10 2 7 2 5 10 9 6 8 8 2 5 2 1 10 6 3 10
556 6 3 8 8 3 5 5 6 10 6 1 5 6 5 1 9 3 6 9 1
582 5 10 5 1 7 1 3 1 1 1 6 10 6 9 9 3 6 10 2 6
572 8 9 10 2 1 2 9 8 9 10 5 9 4 4 10 1 2 7 3 9
611 1 10 2 5 9 7 2 7 2 10 3 6 2 8 1 5 7 4 7 10
535 1 9 9 3 5 8 1 10 3 9 4 3 7 6 5 2 1 5 3 8
599 4 6 5 8 2 10 10 7 8 8 4 5 10 3 3 8 5 2 7 3
592 9 1 6 8 5 3 3 2 2 3 8 6 3 4 4 8 7 10 5 9
15
621 9 9 5 8 5 1 4 9 3 4 10 6 3 1 7 8 9 8 1 4
580 10 10 5 4 9 8 4 3 2 5 2 4 10 1 6 2 5 5 2 10
709 8 4 10 8 9 5 4 5 7 9 9 1 5 9 10 3 10 1 10 6
587 2 3 6 3 9 9 5 6 6 8 7 2 4 10 6 3 4 10 2 6
525 8 6 1 3 1 6 4 3 1 7 2 7 7 6 8 4 8 1 7 3
595 9 8 9 10 7 1 2 4 8 8 8 10 3 5 4 1 1 6 9 2
735 5 9 10 4 6 9 4 8 6 9 4 2 7 6 9 3 8 7 7 6
598 6 8 3 7 1 6 9 6 8 5 9 9 10 3 7 4 8 4 2 1
523 1 9 10 2 8 6 8 4 8 5 7 8 1 2 6 7 2 5 2 1
594 9 3 10 10 1 10 2 3 5 5 3 1 2 6 6 9 9 2 5 6
578 1 2 6 3 5 1 4 3 6 4 1 9 6 10 9 2 7 6 4 10
590 2 10 3 3 10 2 8 2 6 10 3 4 8 8 5 3 7 7 2 7
584 8 7 6 3 3 8 8 2 8 1 8 6 9 7 2 4 6 6 7 5
570 10 8 5 2 6 5 2 5 4 5 7 10 3 5 7 10 7 1 5 1
468 3 1 1 8 2 8 1 8 2 10 1 6 1 6 2 9 1 5 2 9
15
712 10 9 7 7 9 4 9 3 5 5 9 6 1 10 6 7 10 5 7 3
653 3 7 10 4 8 6 5 5 8 10 5 10 7 10 6 5 1 10 5 5
668 10 4 9 6 2 7 4 6 7 9 3 8 4 5 5 8 6 7 9 10
548 6 7 1 8 7 2 7 5 2 3 7 2 6 9 9 4 1 7 2 6
521 1 6 7 1 10 6 4 3 1 5 4 3 7 2 5 8 7 2 4 2
569 8 1 1 3 4 6 9 2 9 6 2 7 8 2 1 3 8 10 9 8
621 10 6 6 1 5 5 1 1 3 6 7 7 4 8 8 9 9 1 6 7
753 10 9 10 8 7 5 5 3 10 9 7 7 6 6 6 4 9 3 7 6
683 9 4 5 6 7 4 4 9 7 4 6 10 10 6 10 8 1 5 3 10
546 2 2 5 2 6 5 1 2 8 2 10 2 8 4 8 4 7 6 3 4
447 4 1 7 8 8 7 5 2 7 4 3 1 4 1 2 3 2 3 4 4
554 5 2 3 3 5 10 1 3 3 8 2 9 9 6 4 8 7 2 4 1
466 1 2 1 3 1 3 7 3 10 10 1 2 9 1 7 8 2 5 8 1
425 4 1 1 3 3 9 7 3 2 7 9 4 5 5 3 1 6 2 5 3
766 9 10 10 9 2 10 2 8 9 2 5 7 6 1 10 4 10 7 8 4
15
522 10 3 10 2 4 1 9 1 8 7 7 4 6 2 7 7 2 3 8 2
517 5 3 7 6 5 1 6 3 10 2 2 8 9 10 1 4 3 3 6 6
571 9 6 8 7 1 6 8 10 10 6 9 9 5 1 2 6 4 1 8 5
526 9 6 1 4 7 1 7 7 2 3 3 9 1 2 7 8 3 5 5 5
566 5 4 3 6 4 6 1 9 2 8 10 5 3 2 9 2 5 1 8 9
482 6 1 7 1 3 3 10 5 9 6 10 1 5 3 6 8 1 2 4 4
574 8 4 6 4 7 8 9 1 6 6 10 1 4 7 6 7 4 6 1 9
657 5 1 3 8 5 3 10 10 2 1 5 7 8 10 10 5 8 10 4 6
692 10 4 10 6 10 7 3 10 5 5 2 10 10 4 8 2 6 4 3 9
485 1 5 3 5 6 2 6 5 8 4 2 2 2 1 7 9 1 5 4 5
620 2 9 6 7 7 8 4 10 2 10 3 7 9 4 4 8 4 1 9 5
452 3 1 3 8 7 1 9 9 4 9 1 6 3 4 2 1 2 6 4 8
617 2 6 2 5 7 1 6 6 6 9 10 6 9 5 7 5 9 5 2 6
612 3 6 1 6 10 1 3 9 4 2 1 7 1 5 4 6 8 10 7 7
688 10 10 7 4 5 9 3 4 7 6 10 2 9 6 8 3 5 3 10 10
15
488 4 1 1 6 3 5 3 1 10 6 4 3 10 4 6 4 3 3 5 7
485 9 2 7 6 8 1 2 10 4 1 4 5 4 3 4 4 1 3 10 1
573 7 6 4 7 6 5 2 3 9 10 1 3 4 6 3 8 5 5 3 9
664 9 10 10 5 4 2 3 4 4 1 4 9 5 2 9 8 6 8 9 6
545 4 3 2 9 1 8 2 5 7 10 10 2 10 8 1 2 1 10 4 6
693 10 1 7 10 2 10 5 10 10 10 5 6 5 4 4 6 8 8 10 6
470 4 2 10 1 1 2 6 9 8 3 1 1 5 5 7 8 2 4 4 10
638 10 5 5 6 6 5 2 7 8 10 9 6 3 1 9 1 1 10 9 9
605 10 9 7 5 4 7 7 6 9 6 3 8 6 6 9 1 5 5 3 3
489 2 4 9 4 2 5 5 10 1 4 10 3 8 5 9 1 4 7 3 4
724 9 7 5 2 3 5 1 7 3 10 10 3 4 5 10 9 10 6 8 8
721 4 10 4 2 8 1 1 1 9 9 3 2 2 3 8 9 10 10 10 7
643 10 7 3 6 8 9 4 9 10 5 1 4 6 6 1 5 6 8 8 2
512 2 6 1 5 5 2 4 2 5 5 3 10 10 2 5 1 4 7 6 3
562 3 6 6 8 5 2 7 1 9 3 7 1 8 4 6 6 1 7 1 9
15
448 1 4 8 3 5 2 1 4 1 4 3 7 1 7 9 3 4 2 1 8
404 6 4 3 3 4 3 3 5 9 4 4 1 5 3 5 5 2 1 5 2
597 5 4 10 6 8 10 1 10 6 8 3 3 9 3 2 7 4 9 2 2
589 1 1 1 4 3 9 2 1 6 9 1 2 8 7 9 8 4 7 9 9
775 10 8 8 10 3 2 1 1 8 4 9 8 1 10 8 8 10 10 7 8
766 3 10 2 5 5 9 2 4 9 8 5 4 6 7 8 9 5 7 10 10
600 6 2 2 9 6 6 2 6 6 5 9 7 3 1 6 6 6 6 4 7
624 7 5 5 4 6 5 3 7 7 5 3 1 4 5 10 4 7 7 8 7
531 2 1 9 5 8 4 3 8 6 5 7 1 3 1 4 5 8 10 2 3
635 1 10 7 7 2 10 10 1 5 5 10 10 3 2 9 4 1 10 2 10
572 2 9 5 7 8 2 8 2 8 6 3 4 4 3 4 1 3 10 5 4
559 8 7 10 4 5 4 5 5 10 10 6 8 8 8 3 1 1 10 1 4
589 8 3 2 5 4 2 10 8 8 9 8 7 2 9 2 7 3 4 8 9
518 5 4 5 5 3 7 3 6 10 7 3 10 4 9 2 4 3 4 2 9
484 8 4 4 4 1 9 8 3 4 5 2 5 1 4 1 6 8 4 2 10
15
701 3 3 3 1 10 8 10 3 7 9 10 3 1 9 10 8 5 7 10 9
698 8 7 7 2 3 6 4 2 8 9 6 10 7 6 6 10 10 1 7 8
418 1 3 6 1 1 4 9 2 4 9 10 1 4 9 4 7 1 4 8 6
558 9 2 7 3 9 2 2 8 3 2 2 6 9 3 5 5 3 7 8 5
499 7 4 4 2 10 3 5 9 4 9 4 9 1 9 4 4 2 1 5 6
634 6 7 8 5 10 9 1 6 10 1 9 9 9 7 4 1 5 7 2 4
559 8 6 3 2 7 2 1 6 8 3 5 6 8 6 10 1 1 6 1 7
457 7 8 4 3 1 8 10 5 4 3 8 7 2 1 1 3 4 10 3 5
496 5 5 7 5 7 5 5 8 3 3 7 1 2 3 4 4 3 4 9 1
515 5 9 6 1 3 1 8 9 7 7 2 2 1 3 5 7 1 8 10 9
542 4 6 9 5 1 1 3 9 6 3 8 3 5 7 6 9 5 2 10 8
715 8 9 8 9 1 1 9 8 5 3 9 6 10 4 10 10 6 2 9 5
607 2 7 3 6 6 5 6 4 5 2 10 5 1 8 4 8 7 7 6 6
664 8 8 4 2 9 10 8 5 5 1 7 8 2 10 10 10 1 3 8 7
689 10 3 9 10 4 3 4 6 1 9 7 9 3 6 7 9 9 7 8 5
15
554 2 5 9 1 1 4 6 10 5 2 6 9 10 5 8 2 5 7 8 6
654 7 7 2 10 6 5 5 6 6 8 2 10 5 1 9 8 1 9 7 4
503 7 8 3 7 4 2 4 6 8 5 4 2 6 3 9 4 3 2 3 2
452 1 9 10 1 6 6 6 10 1 8 5 7 1 5 4 4 3 1 8 6
581 6 10 7 4 10 4 9 10 8 10 4 2 5 7 5 4 7 2 1 1
599 5 3 9 4 1 7 7 6 3 8 3 3 8 10 10 7 1 8 4 4
655 1 5 1 9 9 2 3 5 8 10 2 10 8 3 7 7 5 6 4 6
581 9 6 6 3 5 6 1 4 7 7 2 3 10 7 5 4 7 4 2 3
725 5 6 5 10 7 3 9 9 9 2 10 5 3 2 10 3 9 6 8 5
586 7 5 5 8 5 7 7 4 6 7 1 3 4 2 6 5 4 1 10 10
563 1 1 5 4 10 4 3 7 9 10 2 5 6 6 4 6 6 2 6 5
453 4 1 2 3 8 8 8 4 6 9 4 3 6 4 1 8 3 2 3 6
710 1 6 3 5 8 6 10 6 9 8 7 8 4 4 9 6 6 8 7 5
583 4 9 4 6 3 9 7 10 2 7 5 3 10 6 1 10 10 1 7 2
583 3 8 6 8 3 2 5 6 8 6 9 5 2 3 8 8 1 3 9 3
15
527 8 10 5 7 1 2 7 5 5 5 9 3 7 10 1 2 7 3 6 4
624 8 10 9 8 1 10 8 6 8 6 5 7 9 7 5 1 6 2 3 6
733 7 4 2 1 6 10 9 7 9 9 7 8 4 6 5 7 8 10 9 7
540 9 9 10 1 6 3 8 1 4 1 9 1 1 3 5 3 4 8 10 6
579 9 9 6 3 3 7 10 5 7 7 9 8 4 4 5 6 4 6 4 6
617 9 5 4 3 7 4 7 9 1 2 8 2 8 7 5 4 9 9 4 5
545 6 7 2 5 7 4 6 9 5 4 2 4 6 3 5 4 8 3 7 2
579 6 8 4 1 3 9 5 5 6 9 1 10 10 4 3 7 4 7 1 7
738 4 7 2 10 8 10 3 1 9 8 2 3 10 8 4 10 4 9 6 9
674 3 10 2 7 4 6 1 2 2 6 2 7 8 7 8 10 7 2 7 9
553 6 9 1 1 4 9 9 5 10 5 10 10 7 6 1 9 1 5 1 9
498 3 3 5 6 2 8 7 1 10 1 4 1 4 2 7 7 2 3 9 1
674 8 8 10 5 6 5 9 2 6 9 2 10 9 9 9 5 6 6 1 2
479 4 6 5 2 4 3 5 9 4 3 10 2 4 7 5 2 3 8 4 3
482 3 4 1 6 1 2 5 1 10 8 6 7 7 8 3 1 2 3 8 10
15
641 10 10 7 4 7 6 5 2 10 2 2 9 2 1 5 8 4 8 5 4
502 1 10 7 9 4 3 5 3 8 8 6 2 2 2 4 1 1 8 6 10
563 6 3 6 7 10 6 1 9 6 3 5 7 6 1 2 6 10 4 1 6
657 5 4 1 9 8 5 7 4 5 7 4 9 6 2 2 10 6 6 8 10
570 8 1 8 1 5 6 3 9 3 1 9 9 5 7 10 2 10 2 3 5
627 10 5 3 10 8 5 10 3 8 2 6 7 9 1 4 5 1 7 9 8
640 3 8 1 1 8 9 9 8 6 8 5 8 10 6 6 4 5 6 1 9
555 3 2 5 7 1 2 5 6 1 6 5 6 9 9 2 9 4 10 6 8
516 2 5 4 1 6 2 8 10 4 9 7 10 8 10 1 1 8 6 4 5
566 3 1 9 8 2 4 1 8 6 4 6 5 5 10 10 1 5 5 3 10
694 8 8 4 5 1 7 7 6 5 6 9 9 10 10 9 1 7 5 10 5
741 10 3 7 9 8 5 7 2 9 9 5 9 9 7 5 7 5 10 8 3
530 4 4 6 2 3 2 1 8 2 8 5 5 5 5 7 8 2 10 9 4
563 8 7 1 6 3 1 1 1 5 5 10 5 3 8 6 9 2 5 3 7
514 8 2 6 1 4 7 5 4 5 1 4 9 8 7 5 2 1 10 6 7
15
634 1 1 9 9 2 6 10 5 7 5 1 5 8 7 6 6 10 7 6 10
514 1 4 7 10 1 7 5 10 4 3 8 5 1 4 1 10 6 6 4 5
530 1 4 9 10 6 10 3 2 9 7 2 8 9 7 2 1 1 5 4 7
649 10 7 1 9 2 10 10 5 5 8 8 8 9 8 2 8 3 8 3 8
579 3 5 9 2 10 5 5 3 6 5 2 10 2 2 7 1 9 9 5 2
688 4 3 10 7 10 3 9 4 9 5 7 5 5 1 9 8 10 4 4 8
508 4 7 1 1 3 8 8 2 1 7 1 6 10 9 2 1 5 7 9 5
465 1 5 8 2 2 4 10 7 2 1 6 5 1 7 2 1 7 5 8 10
619 1 8 6 6 8 5 7 1 6 4 4 10 4 3 10 6 9 5 1 7
591 7 3 9 5 9 2 10 10 9 1 9 10 3 3 8 5 6 4 2 6
581 5 10 3 4 10 4 7 6 2 10 1 5 2 10 3 1 8 5 6 10
616 8 1 9 3 3 6 4 10 4 10 9 4 7 4 6 9 9 2 9 7
662 10 10 6 7 3 6 2 6 8 10 3 4 8 9 6 10 6 2 2 2
636 2 5 8 8 7 6 3 3 2 4 6 5 4 7 10 8 6 3 6 3
720 6 4 4 7 9 5 7 10 3 2 10 4 8 10 8 9 9 6 5 9
15
480 10 2 4 3 4 3 8 3 2 5 10 7 7 1 6 9 4 1 7 2
684 2 8 9 8 8 6 3 6 4 10 6 3 2 10 7 4 8 2 10 7
631 8 9 9 4 8 5 6 8 8 5 10 5 8 8 4 5 5 1 1 8
659 9 6 4 6 7 2 5 1 7 10 10 1 7 2 8 7 5 10 5 1
659 10 5 2 5 8 9 9 2 10 10 5 4 10 8 3 1 5 4 6 5
596 6 7 5 6 7 6 5 7 2 4 3 10 1 1 8 7 2 6 9 10
590 4 1 7 7 6 8 4 5 2 8 10 7 8 9 1 3 7 8 8 7
548 8 4 8 6 1 1 4 5 10 1 7 6 1 2 9 1 2 9 10 5
545 5 8 2 8 5 1 9 4 4 4 2 6 2 10 4 5 2 5 6 6
566 3 7 2 7 9 3 4 1 10 7 5 5 7 1 9 4 5 1 5 2
695 10 6 9 5 8 5 4 7 9 1 2 4 3 4 4 6 9 10 3 9
574 10 7 1 4 9 5 5 4 8 4 9 2 5 2 1 3 5 2 7 9
754 7 10 5 7 6 10 6 4 10 3 10 5 7 3 10 8 5 9 10 2
711 4 7 6 7 4 6 1 8 8 5 1 4 8 4 6 9 10 9 8 10
621 1 10 9 2 10 4 9 7 7 4 9 9 1 6 8 4 8 1 5 3
15
670 3 10 6 10 5 9 1 1 6 1 10 8 1 7 6 1 6 9 9 10
586 9 10 2 5 7 1 1 6 5 3 10 8 3 3 6 1 1 9 6 9
596 3 4 7 1 8 5 9 4 10 4 6 10 7 7 5 7 8 1 8 2
695 6 7 2 6 5 6 10 6 6 2 3 5 3 8 9 10 8 10 7 5
571 10 4 4 2 7 3 7 8 2 7 7 9 4 6 5 3 3 10 4 9
603 3 9 5 5 6 7 8 4 8 8 3 1 8 3 9 5 4 2 6 8
618 7 5 8 2 4 2 8 10 6 7 8 7 3 5 6 4 10 4 8 4
549 7 9 5 2 1 3 7 5 5 7 2 10 7 6 2 5 4 7 5 8
490 3 9 7 9 4 8 2 1 6 5 2 5 1 1 1 9 4 1 1 6
548 3 4 10 10 6 10 9 5 10 3 6 3 2 3 2 4 5 7 1 7
632 4 9 3 10 9 8 6 5 7 9 8 8 6 1 6 3 1 3 10 1
698 9 6 8 10 5 5 9 7 10 10 5 9 4 3 5 1 6 8 8 9
588 7 3 6 6 5 2 3 5 9 5 7 4 4 3 6 1 7 8 10 6
584 2 3 5 9 1 7 10 5 6 2 9 10 7 3 9 2 8 3 9 3
515 6 6 2 9 2 8 1 3 3 7 8 2 2 4 8 7 3 3 5 4
15
617 7 2 10 3 7 7 4 2 8 10 4 2 3 10 6 6 7 6 3 6
623 8 8 3 1 10 3 5 6 7 6 4 6 6 7 3 9 6 2 3 10
702 6 9 9 9 9 1 1 6 4 3 2 3 10 10 5 8 7 2 10 6
515 8 10 1 2 2 5 2 2 3 8 6 2 6 4 6 1 8 6 2 7
412 1 6 6 3 8 1 10 1 3 2 1 6 10 2 1 3 6 1 6 7
558 2 4 8 1 1 3 4 6 9 1 9 2 9 3 3 8 9 8 3 5
385 5 1 9 1 2 8 2 9 3 1 10 10 3 6 1 3 1 1 9 1
550 6 5 6 5 3 8 8 3 7 5 3 7 6 10 8 2 5 1 8 4
635 1 6 8 1 9 5 6 7 7 8 9 6 8 9 6 5 7 2 3 8
545 3 8 2 8 3 2 10 4 10 1 4 1 2 4 2 5 9 5 3 8
601 2 6 7 5 4 3 7 7 6 7 2 10 5 3 10 5 10 1 6 3
706 7 8 10 4 9 8 6 3 8 8 10 10 4 7 5 1 8 3 7 8
575 6 8 1 5 4 4 3 8 1 3 10 2 4 2 10 4 7 4 4 5
566 7 6 6 9 10 5 1 9 5 4 5 9 6 6 1 6 2 5 4 8
544 6 4 4 5 4 4 1 2 6 3 1 7 2 6 3 9 5 6 9 4
15
511 4 1 3 6 3 3 10 10 6 4 5 6 3 6 1 3 10 4 10 1
650 9 5 10 4 1 4 7 10 1 8 10 5 7 6 7 6 9 6 8 6
532 3 8 4 3 2 8 6 2 1 1 7 6 7 8 7 10 1 5 1 5
560 1 8 5 8 6 4 4 7 5 2 3 3 3 5 4 6 4 10 3 7
594 7 4 10 10 2 2 8 10 5 6 5 6 2 6 8 5 10 1 8 7
458 2 8 3 2 1 3 8 2 2 7 4 3 4 7 6 6 3 7 6 5
732 9 9 1 10 6 4 3 4 10 7 4 5 2 5 9 4 6 10 2 10
579 7 5 7 6 6 3 5 4 1 6 1 4 2 6 8 7 3 8 7 6
499 5 6 2 8 6 1 10 9 5 4 8 3 5 1 3 2 1 9 3 7
450 4 4 7 4 5 5 9 7 2 10 4 3 4 6 4 5 1 3 1 4
584 10 5 2 6 2 1 10 2 3 8 4 9 1 1 9 6 10 8 6 1
635 10 8 8 9 3 5 1 3 9 3 8 8 9 5 4 7 1 8 4 8
516 8 1 3 7 3 8 7 3 4 4 3 2 10 10 4 4 2 1 7 8
701 9 9 1 4 7 6 4 5 7 10 8 9 8 10 4 1 4 9 5 9
585 8 10 7 8 3 4 4 4 10 5 1 2 5 5 3 3 7 7 4 3
15
552 5 2 2 6 9 2 3 5 10 2 2 9 4 4 6 9 1 4 6 2
586 8 9 3 3 2 3 8 4 1 10 2 10 1 6 7 2 10 5 4 7
607 6 3 7 5 7 9 2 4 8 1 3 4 10 8 9 8 1 3 8 6
534 6 6 2 1 3 3 5 10 10 9 5 8 9 2 6 5 1 5 7 7
545 1 9 6 5 5 7 6 7 2 7 2 6 3 4 2 9 3 7 10 3
672 6 4 1 8 8 7 9 4 3 4 6 9 5 6 10 2 10 4 6 4
523 2 9 2 2 2 4 4 9 9 8 3 10 10 6 1 4 9 5 4 1
554 4 8 3 1 8 8 7 2 1 5 7 3 3 5 3 9 8 8 2 3
604 1 4 6 8 6 3 6 5 9 4 1 2 8 7 2 10 7 5 5 6
410 1 3 8 9 2 2 7 3 2 5 5 10 5 3 2 1 3 1 10 3
646 3 3 7 9 8 9 8 9 7 5 4 7 3 7 9 4 6 8 2 6
514 8 4 6 2 3 5 7 10 10 6 5 8 7 7 3 5 2 3 4 9
668 10 4 2 10 3 5 2 5 5 1 9 3 7 1 10 10 7 6 9 6
623 7 9 2 10 4 4 9 6 7 1 10 1 6 3 6 2 10 6 2 8
694 6 5 8 5 10 7 7 2 8 5 9 4 3 8 7 5 10 6 5 1
15
624 2 8 6 1 8 8 8 7 7 10 6 4 10 4 9 4 7 6 3 1
540 1 8 7 7 7 6 2 2 8 4 2 3 3 5 3 10 4 5 6 2
667 8 3 10 4 1 10 1 9 10 10 7 2 3 5 9 10 8 2 10 8
690 8 9 2 9 9 10 3 4 4 4 2 5 1 7 10 7 10 1 5 8
611 4 5 10 3 4 10 8 4 10 3 5 10 1 9 5 10 1 5 6 7
585 8 5 9 6 7 2 4 10 10 8 8 4 6 9 1 5 7 3 2 5
706 1 10 2 8 2 5 2 1 9 9 8 8 5 8 8 6 7 10 6 8
508 1 3 6 1 7 8 6 6 10 4 3 10 10 1 7 1 3 1 7 1
574 8 3 4 2 1 9 9 8 10 5 6 8 2 4 3 8 10 3 7 4
594 7 3 2 1 10 9 2 6 9 1 10 8 9 7 3 3 5 8 2 10
701 2 6 10 6 5 7 1 6 9 10 6 8 6 4 8 6 6 7 4 10
593 9 9 2 5 8 2 5 5 4 5 1 10 9 5 9 3 1 4 2 5
714 4 4 1 10 8 2 7 4 6 9 9 10 8 5 10 4 10 6 4 5
564 7 7 3 7 1 5 6 4 3 3 9 5 8 6 4 8 9 1 5 2
512 1 2 1 10 4 5 4 3 1 7 4 9 4 2 6 5 6 7 4 10
15
648 9 6 8 1 2 2 7 8 9 10 8 6 5 8 7 5 9 3 8 9
671 4 9 6 4 7 3 8 5 8 9 9 2 6 1 9 1 6 6 9 9
651 3 10 8 10 5 9 4 3 4 7 8 7 4 8 7 5 8 1 2 6
705 7 7 1 9 8 8 8 2 7 8 3 5 4 10 5 1 10 9 10 4
594 10 6 4 7 1 4 9 5 1 1 2 7 7 8 9 2 2 8 8 7
553 2 4 1 9 4 9 5 1 2 5 9 3 9 10 3 7 2 7 10 1
641 10 8 1 5 10 5 6 8 3 5 7 1 3 1 5 9 10 7 1 3
663 6 3 1 3 10 1 10 6 1 9 2 2 1 8 10 9 6 10 9 6
520 3 7 3 7 8 5 8 6 8 5 6 7 8 4 2 1 4 1 9 4
548 1 3 10 3 2 4 8 4 9 10 8 10 5 6 6 6 2 5 4 7
585 5 2 3 5 3 9 3 10 9 6 6 2 3 1 4 10 3 10 3 6
680 7 7 3 9 8 2 10 3 5 3 5 3 2 6 8 9 10 8 7 2
510 4 2 4 3 1 5 4 6 7 3 5 8 7 5 10 2 6 6 4 3
652 5 8 4 7 9 8 4 3 7 7 8 5 6 9 3 6 6 7 1 7
612 1 3 4 5 6 10 5 6 8 7 9 10 4 8 7 6 1 8 7 6
15
581 5 8 4 6 5 4 5 6 7 1 9 7 6 7 8 6 6 4 3 2
542 3 9 2 9 1 3 6 5 9 10 3 7 3 1 3 1 8 7 1 8
579 8 3 7 3 10 2 3 6 8 7 5 4 3 7 3 9 2 6 6 8
525 2 10 5 2 5 2 2 9 8 5 3 3 6 1 9 10 1 6 3 2
520 9 7 2 9 2 9 8 5 6 1 5 8 2 5 1 4 4 5 8 5
654 7 10 3 1 2 8 5 8 6 6 1 7 7 9 7 9 3 7 4 6
657 4 9 4 8 9 9 5 9 3 9 3 2 5 7 6 5 4 8 2 3
593 4 6 10 8 7 9 6 3 3 5 7 1 9 1 1 5 10 5 7 9
707 10 6 5 9 7 4 9 9 3 7 10 6 9 9 2 4 9 6 7 9
664 7 1 7 9 7 1 8 4 10 1 10 5 9 4 10 8 4 2 10 5
643 2 9 2 3 10 7 7 9 6 3 8 2 4 9 1 9 8 2 8 10
730 9 6 3 10 9 5 1 6 5 9 1 10 1 8 4 9 10 7 6 2
598 1 8 10 1 10 1 7 7 4 3 1 6 8 6 4 6 3 9 10 9
721 2 8 6 9 8 10 10 1 5 8 7 6 2 1 8 7 9 4 6 10
635 9 1 6 6 8 3 9 8 4 8 9 10 1 1 7 10 8 9 3 4
15
603 10 4 6 4 4 9 8 9 8 4 6 10 3 3 1 7 1 10 8 6
709 9 8 7 1 6 7 3 3 8 7 9 9 10 3 10 9 4 5 2 7
615 2 10 7 3 5 3 2 3 4 10 6 10 8 5 10 7 1 8 3 5
554 2 4 10 1 3 4 3 7 4 3 7 4 1 3 8 2 8 10 8 2
719 6 9 5 5 5 2 7 3 8 6 7 8 3 7 5 9 8 9 9 5
519 10 6 9 10 4 1 9 8 1 2 7 3 7 2 3 5 5 5 5 5
539 1 9 7 3 10 4 7 5 6 3 9 3 7 4 2 9 2 2 2 5
571 8 1 5 5 5 3 9 6 5 10 5 10 2 1 10 3 4 8 5 8
463 7 6 9 2 6 1 4 4 7 9 6 10 4 5 1 2 5 6 2 4
499 7 7 3 4 1 3 10 3 5 4 2 9 1 5 4 2 8 1 6 10
727 10 5 4 3 3 4 7 2 8 7 2 8 8 6 9 6 10 10 7 6
549 3 3 7 3 5 8 10 6 2 10 3 1 8 2 7 3 4 8 1 8
609 7 4 1 10 1 9 3 6 9 6 2 9 5 10 5 9 4 9 1 3
642 2 4 5 5 3 7 3 10 4 9 8 6 9 9 8 5 6 10 3 9
515 8 4 9 7 2 7 5 8 1 3 2 8 2 7 4 7 3 4 8 5
15
652 7 9 6 7 10 2 3 9 8 2 1 10 4 6 8 10 9 1 2 3
546 3 10 3 6 3 4 4 3 5 3 4 7 2 2 8 1 4 5 10 3
469 1 5 5 8 2 10 2 9 4 2 6 1 8 9 5 1 6 1 4 4
539 10 8 1 1 3 9 8 6 4 6 8 6 2 2 6 4 6 4 4 8
592 6 3 5 9 6 6 8 4 5 1 4 6 5 5 6 8 5 4 6 5
632 7 8 9 3 4 9 7 1 3 4 8 5 8 8 7 7 6 2 6 7
474 9 1 2 7 1 4 9 6 1 7 5 1 3 9 5 1 9 3 8 5
527 4 4 6 7 6 4 9 8 1 7 10 1 5 3 3 4 4 10 4 10
510 7 2 1 2 9 7 1 4 4 8 9 3 3 3 2 9 8 5 5 1
547 1 5 6 8 1 3 2 10 8 5 7 5 6 9 3 4 4 6 5 9
635 8 9 3 5 5 7 10 9 7 10 9 5 3 8 2 6 8 6 3 1
766 8 10 9 10 7 3 7 2 10 8 5 8 5 10 2 7 10 9 5 7
630 4 1 4 1 2 4 4 9 7 5 10 9 5 2 8 4 8 9 9 8
685 6 4 10 4 8 10 8 2 1 8 2 4 10 7 7 4 8 8 3 10
653 8 2 2 5 1 9 6 4 8 7 10 7 9 1 7 9 6 9 6 5
15
580 1 10 5 4 1 4 4 9 4 10 8 1 8 6 9 5 3 5 9 1
629 3 4 4 2 3 7 8 2 9 6 6 1 8 9 10 4 3 7 7 8
575 6 7 7 6 10 9 9 4 4 4 3 6 6 10 1 6 1 7 7 4
518 2 3 4 1 3 2 10 3 8 8 5 8 3 7 8 4 6 1 8 3
455 4 8 3 6 4 1 1 10 1 7 2 2 7 6 1 5 9 2 5 2
629 6 1 6 8 6 7 5 7 10 10 5 3 6 6 4 9 3 5 1 8
681 4 3 2 7 9 7 3 6 10 7 9 8 9 10 2 7 9 7 3 4
461 5 2 1 9 3 3 5 2 4 2 2 5 1 3 9 3 5 6 3 3
603 7 2 9 10 9 9 2 10 1 1 5 10 10 3 8 6 5 3 2 2
505 2 6 2 3 10 7 3 9 1 9 9 5 10 3 1 5 2 1 4 6
639 9 10 1 4 8 1 10 5 10 1 3 10 3 7 1 7 10 7 1 6
673 5 8 9 7 8 2 3 1 10 7 4 6 5 8 5 5 9 1 7 6
609 5 3 1 5 1 4 8 1 9 6 3 1 8 4 6 8 10 7 2 7
624 4 5 1 7 7 10 3 3 3 1 6 4 3 3 8 6 10 7 7 2
572 4 6 10 5 2 1 10 5 4 4 7 3 9 4 3 2 5 10 10 5
15
379 8 9 4 2 5 7 8 4 2 4 6 1 2 6 2 3 3 1 1 1
544 7 1 4 9 2 10 5 3 3 1 8 8 6 7 2 5 10 1 4 6
605 1 5 8 9 6 1 5 4 1 4 10 9 9 10 3 10 5 5 3 7
546 1 5 9 7 5 3 7 8 4 6 2 9 7 8 3 3 2 5 6 7
557 7 4 10 5 5 5 4 5 2 9 1 1 5 8 4 6 1 7 8 6
635 5 10 9 7 4 9 1 1 10 2 5 5 3 3 2 8 10 5 3 6
728 8 8 10 10 3 10 6 1 2 7 6 4 4 6 9 7 2 10 9 8
712 8 10 7 6 10 1 8 3 5 10 9 9 2 7 8 5 7 9 1 6
524 6 7 8 5 10 7 6 4 1 2 4 1 6 1 4 5 5 1 10 5
636 8 1 5 9 7 10 7 2 3 2 9 9 8 9 9 3 3 7 5 7
550 3 4 2 3 8 10 2 9 3 5 2 9 7 3 1 8 7 6 4 5
587 9 4 7 3 7 8 3 3 10 6 2 1 4 2 5 9 3 3 8 7
618 6 2 6 6 8 1 3 5 10 8 5 3 5 3 7 10 6 2 6 5
619 4 8 1 8 5 3 7 10 10 1 6 8 8 7 3 3 3 10 6 5
619 6 4 6 2 4 4 3 7 7 5 8 9 5 7 9 5 7 3 2 9
15
460 10 2 2 1 7 10 3 8 4 8 8 3 9 8 2 1 5 3 1 2
605 9 1 8 10 6 2 10 4 5 10 1 7 7 1 9 7 5 1 4 10
529 8 6 1 10 3 4 1 7 5 4 6 5 4 8 9 3 2 5 4 2
666 5 4 9 3 3 6 3 6 2 10 6 4 10 5 8 5 10 10 8 9
656 8 5 3 9 4 2 3 6 7 1 4 7 7 8 4 7 7 8 8 1
544 10 3 6 3 7 7 9 5 8 10 2 10 4 4 8 1 5 4 2 2
578 7 8 9 6 6 6 8 4 2 9 5 2 5 5 5 7 1 7 8 4
603 5 6 2 9 6 10 7 7 6 10 10 7 1 1 5 4 5 1 7 5
583 5 6 1 9 5 2 8 4 9 7 6 9 6 9 2 6 1 3 6 9
689 9 9 8 4 8 10 2 6 6 9 6 3 6 3 2 7 1 9 8 10
575 9 1 6 2 2 9 10 6 5 8 10 10 8 10 1 1 7 7 5 5
773 10 1 10 5 5 9 8 5 10 10 10 7 8 4 10 9 6 2 10 9
483 1 8 1 2 2 1 9 1 9 3 4 3 10 5 7 2 2 4 1 9
670 9 6 5 10 9 8 4 9 2 2 5 10 2 1 9 4 8 8 2 3
474 4 2 7 5 2 3 3 3 7 6 5 5 2 7 4 5 2 4 10 7
15
598 10 7 8 5 5 1 7 9 2 9 8 2 8 9 6 8 7 5 2 4
718 8 9 8 6 9 10 8 9 6 4 4 1 1 3 4 9 8 10 3 4
526 9 6 7 1 4 1 2 3 10 9 5 2 5 1 8 8 3 1 1 7
660 7 7 7 1 10 4 7 3 5 6 10 6 6 2 8 4 9 6 5 10
533 3 10 8 3 4 8 8 2 9 5 5 8 2 9 6 4 4 1 4 3
617 1 6 1 4 5 4 10 2 7 7 7 9 7 2 9 8 3 6 9 6
517 4 2 1 1 10 4 5 2 9 4 9 8 3 5 7 3 2 4 5 10
550 7 1 3 2 3 9 3 5 7 4 6 8 8 5 3 5 3 8 10 6
531 1 8 8 6 2 9 10 9 2 3 5 1 10 7 6 9 1 8 1 5
546 9 4 3 1 7 2 5 5 8 9 6 5 8 4 6 4 2 7 4 5
473 6 3 7 1 2 2 8 3 3 3 3 9 6 4 5 8 5 3 10 1
760 10 10 9 4 2 6 9 4 10 1 9 6 7 2 7 8 10 10 9 2
739 6 8 5 9 8 10 10 5 10 6 4 6 5 6 5 6 7 6 7 7
561 2 9 3 3 10 2 5 6 1 4 10 5 3 5 6 6 2 8 6 8
551 8 3 8 6 1 5 3 2 9 3 4 8 4 3 8 7 1 1 10 3
15
742 9 6 5 6 9 5 8 2 6 10 6 6 10 1 10 5 9 2 7 9
582 2 8 5 4 8 7 4 9 4 2 10 6 2 4 10 7 2 4 9 5
527 6 6 10 1 5 9 10 4 7 9 5 3 4 9 3 2 3 8 2 10
551 4 1 1 9 3 5 6 10 3 2 3 4 2 10 8 8 4 1 9 6
604 7 2 4 7 10 1 2 2 1 6 3 7 4 5 2 7 9 10 7 1
628 5 2 3 9 7 7 6 10 7 8 9 1 3 1 1 7 7 10 2 9
554 10 4 9 7 4 5 2 8 1 4 3 1 6 6 6 4 5 3 9 10
550 3 6 5 9 6 2 6 5 8 4 9 7 3 9 2 8 1 5 7 2
625 8 6 3 7 5 8 2 3 2 6 4 9 1 9 7 9 2 5 9 6
464 5 5 4 3 1 3 5 7 4 7 9 2 4 6 3 6 2 6 1 9
541 7 2 1 7 1 9 1 1 10 9 4 7 2 5 4 1 4 8 8 5
654 3 3 4 3 7 10 4 4 4 6 7 6 9 5 6 3 5 10 10 8
595 3 8 3 4 8 6 2 8 9 8 7 1 3 1 3 1 10 7 4 6
726 9 6 9 3 10 7 5 5 6 8 4 9 10 3 5 9 8 6 5 7
515 9 9 3 2 1 6 6 8 2 3 3 7 6 2 1 4 9 10 1 2
15
596 9 4 9 9 1 9 1 9 7 7 4 8 10 8 2 5 7 5 3 7
651 1 8 10 8 8 3 5 4 4 1 10 2 10 10 7 3 6 4 7 4
519 9 4 6 4 9 2 4 9 10 2 5 8 4 4 5 2 5 1 4 4
682 6 5 10 6 2 1 9 2 9 10 7 7 10 9 8 5 7 5 6 6
635 3 2 2 4 6 5 2 1 10 6 3 1 10 6 10 1 6 10 8 9
611 2 8 10 9 2 10 5 10 8 6 10 3 8 5 1 10 5 5 6 4
542 10 2 4 2 4 7 3 3 2 1 2 7 5 7 8 7 7 7 1 1
500 6 1 3 9 3 1 2 9 6 2 5 9 8 9 1 2 9 6 5 3
454 3 4 1 6 7 7 1 2 1 4 8 3 4 10 1 1 1 8 1 6
521 3 3 3 9 10 7 9 10 6 1 10 1 8 3 1 3 7 3 2 3
531 6 7 7 5 1 5 6 6 5 2 1 8 1 4 7 6 6 6 2 4
670 2 2 5 10 5 2 5 10 6 1 1 5 10 4 10 8 2 10 7 7
583 10 6 2 10 3 3 6 1 3 4 4 9 5 2 2 10 9 4 10 5
568 4 9 10 4 7 6 1 3 7 9 8 3 2 6 1 10 3 4 4 7
564 2 2 3 8 9 7 5 10 1 7 10 2 5 1 4 7 8 1 9 10
15
655 4 9 5 6 7 7 8 7 4 9 3 9 5 8 2 2 5 10 10 7
678 3 9 1 7 6 9 4 6 10 3 4 4 9 6 5 7 9 2 7 8
671 9 8 6 10 1 7 6 8 2 4 4 8 4 7 9 7 10 5 2 7
618 8 6 1 5 3 9 5 8 4 7 1 2 6 3 7 6 7 4 4 9
629 8 5 6 2 6 5 9 6 2 5 4 7 4 4 10 9 10 3 3 2
630 2 10 6 2 2 8 8 4 7 7 1 2 10 4 8 2 9 7 9 2
554 3 9 4 3 1 5 3 1 8 6 7 7 9 7 2 5 4 7 5 9
553 4 10 2 7 9 2 6 3 3 5 7 5 1 2 4 3 7 5 5 4
677 6 4 3 2 5 10 8 6 10 1 9 8 9 6 7 3 7 8 10 9
652 7 6 6 10 2 6 7 5 8 8 8 3 6 4 9 6 4 4 6 7
591 7 4 8 1 8 10 2 4 3 1 3 1 7 6 7 2 1 10 10 2
568 2 4 2 9 1 1 6 5 5 4 2 7 5 8 6 8 10 2 3 8
444 2 3 2 2 1 5 6 4 1 3 9 6 6 8 8 4 4 5 1 4
503 3 2 9 4 1 3 6 3 4 1 1 2 8 3 7 3 10 6 1 9
557 10 6 8 8 4 10 4 8 1 3 4 1 3 1 7 3 8 7 5 2
15
682 4 5 4 7 5 7 6 1 7 7 2 3 9 6 10 10 10 1 4 4
643 7 3 3 7 9 3 9 6 6 9 9 4 10 8 7 7 2 7 1 7
725 10 6 9 4 1 1 5 10 3 6 7 8 9 1 8 10 10 10 5 10
606 8 8 2 1 9 4 3 10 6 5 8 8 4 5 4 5 10 2 7 2
657 6 8 4 7 6 9 2 7 10 2 5 4 6 10 3 6 6 7 1 7
569 6 3 10 2 4 4 5 4 8 6 5 4 1 4 1 8 10 9 10 3
535 1 5 2 4 3 8 10 1 2 3 9 6 3 7 6 4 4 8 4 10
621 4 1 1 5 2 8 6 10 5 3 8 7 5 8 10 5 4 10 5 8
544 10 5 3 8 7 3 10 1 3 8 7 10 5 6 7 1 4 5 3 4
576 8 5 4 8 3 1 8 1 7 10 9 8 6 7 3 5 6 7 8 2
612 8 8 2 1 6 3 8 3 7 10 6 8 2 2 10 8 1 9 4 9
610 5 10 8 2 6 4 9 9 3 2 5 5 5 7 8 10 8 4 3 1
563 5 1 5 1 10 2 7 10 1 3 8 9 9 10 2 8 7 7 1 9
615 5 6 3 10 8 5 6 1 1 4 8 2 6 7 8 7 6 4 9 2
592 4 9 3 4 7 2 8 10 8 4 1 4 10 4 4 9 6 4 2 7
15
637 7 5 5 6 1 8 5 8 8 9 6 2 7 7 3 5 9 10 4 9
640 9 9 7 4 7 9 7 2 2 2 10 4 7 6 10 7 3 4 2 3
657 2 9 1 3 4 3 6 1 7 9 7 9 9 8 9 3 3 9 10 8
743 1 1 9 9 8 7 1 10 10 2 1 1 8 10 7 10 10 7 9 1
534 6 7 1 7 3 3 2 2 2 6 10 7 8 1 7 10 2 7 1 1
415 8 4 1 4 6 5 8 4 6 2 4 7 6 1 2 4 1 5 1 3
487 3 5 7 6 1 3 6 10 6 8 7 3 5 9 1 2 5 3 6 10
591 10 9 3 2 3 10 3 5 7 4 5 1 3 1 7 10 8 3 1 6
657 9 2 9 8 10 5 3 10 8 2 8 6 10 6 1 5 6 10 10 1
556 8 7 2 1 4 2 3 6 2 4 4 8 3 7 9 9 1 1 7 9
424 2 3 4 2 7 8 3 7 8 1 5 6 4 6 2 4 1 5 1 7
695 10 7 7 1 7 5 4 4 10 7 2 5 3 6 10 2 10 3 9 8
669 9 8 1 7 3 2 2 3 10 10 1 10 6 8 7 3 6 9 10 5
501 2 7 2 9 6 5 2 9 2 9 1 6 1 6 6 2 3 1 10 8
593 4 1 4 4 3 9 6 9 10 4 5 2 10 7 9 9 1 6 3 3
15
738 6 10 9 9 1 7 2 4 9 5 8 8 4 10 10 5 6 10 9 7
551 6 6 2 9 2 3 3 1 7 7 10 2 4 8 7 5 5 6 2 7
534 3 5 3 3 6 1 7 10 7 5 8 2 9 4 1 7 2 10 5 1
689 5 2 7 8 4 6 4 7 3 7 7 10 10 5 6 10 9 10 10 1
596 9 1 1 9 9 4 4 9 5 7 2 5 7 5 2 6 3 10 5 1
586 9 2 1 6 1 8 7 9 5 8 8 7 6 4 1 7 4 10 6 3
618 7 10 2 4 6 5 1 10 4 7 4 10 8 5 4 10 7 3 7 1
559 9 1 3 6 7 8 8 7 7 2 8 10 8 4 1 6 2 4 8 5
638 9 8 3 10 1 8 1 9 10 4 5 5 6 2 5 4 9 9 2 1
595 9 6 5 4 2 9 1 10 8 7 4 9 9 1 3 9 8 5 4 1
568 4 6 6 4 7 4 8 9 2 3 2 6 5 4 8 9 2 7 7 7
522 5 3 2 5 3 10 2 8 3 9 7 1 7 8 6 1 6 1 4 6
539 9 6 5 2 5 9 2 7 9 6 2 7 1 4 2 4 1 7 2 10
647 8 6 4 7 5 1 10 10 7 7 5 9 9 2 8 2 8 5 10 4
632 3 4 10 2 5 4 4 1 4 8 8 3 8 1 8 3 6 10 10 10
15
644 9 10 5 2 4 5 4 8 1 5 7 3 1 4 9 6 10 10 1 9
546 5 2 3 3 7 3 7 6 1 5 8 2 1 10 9 7 2 5 8 1
474 8 8 8 2 6 2 1 1 10 5 4 9 10 2 6 1 1 4 1 3
665 3 7 7 7 2 8 6 3 9 9 1 6 2 8 7 8 10 7 10 2
617 4 3 4 4 10 2 9 9 1 4 9 2 9 10 9 10 4 4 3 7
531 6 9 4 7 3 1 2 8 4 10 5 5 1 1 7 4 4 3 10 8
619 6 7 4 7 5 2 8 4 10 2 4 2 5 8 4 7 6 4 5 8
621 4 7 1 1 7 5 3 4 2 7 1 5 10 5 4 7 8 5 7 10
473 9 7 3 1 2 9 3 4 1 4 3 2 1 10 2 8 6 1 4 8
589 4 8 4 1 1 9 3 6 6 5 2 7 9 9 5 10 8 4 5 5
526 9 1 3 4 2 3 8 8 9 1 6 2 9 4 1 3 10 2 8 5
403 4 4 3 10 6 2 5 5 3 5 4 2 1 4 3 6 1 4 4 2
587 7 9 3 9 2 1 2 6 7 10 7 6 3 2 9 3 5 8 2 5
677 4 9 5 10 7 9 7 3 9 7 6 1 5 3 5 8 6 10 1 7
503 10 6 6 5 5 5 4 7 5 6 5 2 8 3 1 2 2 8 3 2
15
628 10 4 4 5 1 1 1 3 5 9 10 2 7 8 10 5 9 5 9 7
510 7 2 7 3 3 3 2 7 5 9 8 7 1 6 5 2 6 7 4 6
642 5 3 4 2 7 8 1 3 1 1 6 8 5 8 9 9 4 10 10 10
451 5 8 1 3 3 3 7 3 1 4 6 2 6 5 2 2 7 4 3 5
532 4 9 5 9 5 5 2 1 8 8 3 8 4 3 1 2 6 1 7 2
547 4 4 7 9 10 1 1 3 1 10 7 7 9 1 5 1 9 3 1 4
423 2 5 2 2 8 6 3 10 1 4 7 8 2 3 2 2 3 7 3 6
670 9 7 1 8 8 5 2 7 9 8 2 6 6 7 1 8 6 9 8 3
494 1 10 3 4 9 1 1 8 1 1 3 10 5 5 2 4 6 7 3 3
625 1 4 5 4 8 4 2 3 9 5 7 7 3 5 6 5 8 6 8 8
639 6 7 5 6 3 5 2 8 2 8 6 6 5 1 10 10 3 8 4 6
569 9 10 5 5 3 5 4 4 8 6 6 7 2 2 3 2 2 10 9 5
649 4 9 5 8 7 8 10 3 10 10 1 10 9 9 5 1 7 5 1 6
558 7 7 9 6 6 2 4 5 1 8 2 8 7 10 1 10 5 2 7 5
629 6 6 6 8 2 3 5 10 8 1 10 8 7 10 9 8 5 2 4 9
15
583 6 3 3 10 7 8 10 8 8 9 9 3 1 9 2 7 4 1 5 9
548 3 8 10 6 7 3 3 1 2 6 5 3 9 5 2 10 3 7 2 1
688 9 8 7 4 9 10 2 4 8 4 9 2 2 3 8 3 7 10 3 4
642 3 5 7 9 7 10 8 1 4 5 4 8 7 9 8 10 6 3 2 7
426 5 4 4 9 2 2 6 5 1 9 4 8 4 7 3 2 3 5 5 1
573 10 10 6 1 2 6 2 3 10 4 10 3 3 8 3 8 4 7 2 4
645 9 4 2 6 6 2 2 3 9 10 3 7 4 2 6 7 8 9 1 6
608 7 10 8 1 1 9 8 7 10 5 4 1 6 3 3 9 4 7 10 6
726 8 8 3 8 9 3 5 6 10 4 6 1 5 4 7 10 10 7 9 1
535 1 5 8 9 4 2 10 10 1 10 5 8 5 5 6 1 5 7 3 8
567 5 7 7 7 8 6 10 9 10 1 10 9 10 3 3 4 2 1 1 2
566 8 2 5 1 1 2 6 1 10 7 7 8 8 9 2 1 10 9 4 3
587 5 3 4 5 5 2 5 10 9 2 4 2 7 7 5 4 10 5 5 1
609 4 3 3 2 10 4 9 4 2 3 7 9 2 3 10 4 8 6 4 10
580 10 8 2 2 10 8 7 3 2 8 8 6 5 1 5 6 1 7 3 1
15
637 3 4 10 10 4 6 7 6 10 5 8 6 9 1 2 3 6 9 7 9
584 2 8 7 10 1 9 2 4 7 1 9 1 6 8 3 3 8 8 2 7
501 6 5 4 1 8 1 4 3 6 10 4 3 1 5 4 4 6 1 8 1
623 7 8 1 7 7 5 10 10 8 6 2 7 7 6 4 2 5 2 6 8
663 2 7 7 5 10 8 5 6 10 9 9 3 10 4 9 4 6 1 2 2
588 10 6 2 6 2 4 4 2 6 6 2 1 9 10 8 3 3 9 1 10
731 9 7 6 9 8 7 9 6 8 10 9 2 8 3 5 3 7 9 7 6
663 9 9 4 3 7 6 5 6 10 3 10 3 7 10 10 5 1 7 2 4
574 6 10 7 7 6 5 6 8 6 3 10 3 6 7 7 2 7 1 5 2
575 1 4 6 4 8 5 5 2 6 3 1 3 6 4 6 10 6 8 1 8
584 2 1 5 10 3 3 4 1 4 4 6 6 8 8 4 9 10 4 7 9
534 5 7 2 10 1 6 9 6 8 4 2 10 6 5 2 1 4 3 9 6
440 2 9 10 5 3 6 7 4 2 6 4 3 2 2 7 4 4 3 1 4
591 10 3 9 6 4 5 4 3 10 1 6 2 4 7 5 2 8 3 5 6
629 5 3 2 9 5 6 4 8 2 8 4 2 10 10 3 8 3 5 9 8
15
542 10 1 3 5 3 4 8 10 9 5 2 7 4 9 4 6 5 2 5 7
528 1 3 6 3 8 6 3 4 6 7 3 8 3 5 9 2 2 6 4 2
589 2 3 3 2 5 8 7 5 5 2 7 9 5 10 4 1 6 9 7 8
561 5 9 2 9 7 1 5 8 1 2 1 3 2 1 8 3 10 9 1 4
659 7 2 3 7 9 4 10 4 6 8 9 3 7 9 3 5 10 9 3 2
674 8 8 5 8 10 4 1 2 2 8 6 2 6 7 1 9 10 7 6 9
477 1 3 9 10 3 6 7 3 1 7 3 3 2 7 6 1 1 2 9 8
678 6 6 3 6 9 7 7 1 9 10 5 3 8 10 2 9 3 8 6 8
676 7 5 7 3 6 9 9 7 7 5 2 4 10 5 10 1 4 7 6 10
577 8 5 5 2 7 7 7 7 3 3 4 9 2 8 4 5 10 3 6 6
572 4 9 8 4 7 10 1 2 2 6 8 5 2 7 4 10 3 4 1 6
688 10 6 5 2 7 10 10 9 7 9 1 8 7 9 2 8 10 9 3 4
637 9 8 7 2 3 2 3 4 9 9 3 10 7 3 10 6 3 7 3 9
690 2 5 5 5 3 9 6 3 9 6 2 10 6 5 10 3 10 10 2 10
565 5 9 2 9 7 2 6 4 6 5 8 10 3 3 7 1 1 5 7 7
15
597 9 3 8 2 8 3 7 9 8 9 7 1 4 10 9 3 5 7 5 1
577 1 4 8 9 1 1 9 3 9 2 7 1 9 4 10 3 3 10 5 6
600 3 10 5 6 6 5 9 1 9 5 5 10 5 4 5 5 1 10 5 2
582 1 2 10 10 7 6 5 1 4 8 2 3 8 7 3 6 10 5 3 5
485 3 2 10 6 4 9 3 1 5 4 10 5 3 1 1 7 10 3 4 6
566 2 1 8 6 3 9 1 10 5 2 5 8 4 5 3 6 9 2 7 9
682 6 8 4 8 3 1 8 7 9 9 8 9 7 8 10 1 5 9 3 7
593 7 2 1 9 5 4 2 4 7 5 9 9 6 8 5 2 3 8 3 7
549 8 7 4 5 7 7 8 4 1 7 2 6 5 2 1 2 8 10 1 7
582 2 10 7 10 8 3 7 8 5 4 3 10 5 9 1 2 5 6 4 5
569 5 6 2 9 4 1 10 7 6 10 7 8 2 2 1 10 9 3 9 5
637 1 7 4 6 9 3 8 2 4 1 3 9 8 7 7 5 10 5 5 1
573 6 2 10 10 6 3 8 6 3 6 4 8 5 6 4 10 3 5 4 6
626 7 10 9 9 9 1 3 6 8 9 10 3 6 6 1 4 7 3 5 7
673 1 9 4 8 4 7 4 1 10 10 9 6 1 3 2 5 8 9 9 10
15
543 6 3 7 9 9 1 10 1 6 6 5 5 9 2 1 4 1 4 9 6
565 10 10 3 1 10 2 1 6 4 7 7 6 3 3 8 3 8 3 5 2
606 6 5 5 6 6 4 7 8 7 9 9 2 4 1 6 7 2 7 9 2
541 6 6 7 7 8 3 4 4 1 1 5 4 1 10 4 3 3 9 5 9
568 10 4 8 10 5 2 7 4 6 9 6 1 10 8 7 3 1 1 8 6
702 6 3 4 8 9 4 5 10 7 10 8 2 6 5 10 5 9 5 9 1
664 1 8 6 10 8 5 3 4 7 7 7 10 10 10 3 10 5 1 5 8
473 4 5 1 6 10 4 5 3 7 4 2 1 7 3 1 6 5 1 2 9
613 9 3 8 9 4 6 2 3 8 8 3 8 2 8 7 6 5 3 9 1
687 9 9 6 6 9 5 9 5 4 4 7 8 5 7 8 4 1 9 9 8
702 6 10 7 8 7 9 1 9 10 6 4 3 2 4 7 8 8 2 9 8
586 8 2 7 6 7 6 2 6 10 9 1 4 10 10 3 2 3 6 6 6
635 1 6 6 9 10 9 2 2 6 10 8 1 8 9 10 9 1 2 3 7
599 5 5 2 10 3 5 10 2 10 6 7 5 6 5 1 4 8 6 9 6
683 4 10 4 8 6 5 2 3 1 6 6 10 2 7 10 1 7 9 6 8
15
713 9 7 9 3 7 7 9 1 7 10 4 9 5 8 7 8 4 7 10 2
510 1 3 7 5 2 2 4 6 3 5 1 5 3 6 8 2 6 10 9 3
638 5 7 4 10 3 1 4 1 1 5 6 8 9 6 10 10 8 1 5 1
562 7 9 4 9 1 7 10 6 1 2 4 1 7 1 2 6 3 9 9 9
497 10 2 4 6 1 2 1 8 4 2 7 9 10 4 2 5 1 5 10 2
677 10 4 2 7 10 4 2 4 3 1 4 10 9 3 5 7 7 7 5 8
618 1 5 8 5 1 6 7 5 5 10 6 9 5 5 9 5 5 8 6 2
575 4 7 6 1 5 3 7 1 8 6 9 1 8 4 2 10 4 8 10 1
753 2 2 4 2 10 9 10 9 10 1 9 1 7 3 10 10 9 7 9 5
656 7 4 9 10 7 5 7 7 8 6 8 4 7 6 9 2 6 9 1 2
684 5 5 7 9 8 3 1 2 9 7 3 1 1 7 3 7 9 9 10 5
466 2 1 6 9 3 2 1 3 2 5 2 5 7 4 4 5 8 3 4 1
702 10 8 5 5 6 10 7 2 9 1 8 9 6 9 10 10 1 3 6 7
628 1 9 6 7 5 5 4 3 5 2 8 4 5 5 8 6 1 7 10 6
466 3 5 1 2 8 3 5 7 3 7 1 2 7 5 5 1 3 8 4 4
15
556 8 8 8 4 2 2 4 7 4 4 7 1 2 8 5 7 8 5 3 9
596 3 3 7 7 2 1 5 5 8 8 9 9 8 2 9 10 1 10 1 6
606 8 6 1 10 8 2 8 8 4 4 2 2 6 1 10 6 5 9 3 3
503 1 2 7 3 2 9 10 5 1 9 10 2 10 7 5 4 10 5 3 2
627 10 6 9 1 7 3 2 1 5 5 1 6 2 10 10 1 6 9 9 9
446 3 5 2 3 8 2 10 8 1 9 4 4 4 9 2 3 2 6 9 2
619 5 4 4 8 6 6 10 5 10 4 2 3 10 8 3 9 3 3 7 9
581 7 8 3 1 6 5 7 9 6 7 1 4 7 10 4 4 2 7 8 2
642 1 5 7 3 8 9 3 9 7 9 1 9 9 6 6 2 6 8 7 4
635 9 4 7 9 3 4 7 7 10 2 10 9 10 5 3 8 2 8 4 8
472 1 2 5 3 7 2 9 3 2 9 4 1 10 4 2 4 3 5 8 2
447 3 7 4 1 2 2 10 6 1 2 6 1 2 4 9 1 8 2 9 3
547 6 2 4 7 4 7 10 5 7 7 3 2 6 3 5 1 3 9 4 8
622 1 8 8 9 4 3 1 1 7 7 7 6 8 2 8 8 7 4 5 5
590 5 10 6 4 1 8 8 10 2 10 8 3 1 10 7 10 10 1 3 6
15
587 6 10 4 7 3 5 4 9 4 9 8 3 9 1 2 3 6 6 3 9
448 4 1 7 2 1 8 1 6 1 1 6 1 8 9 2 8 4 2 3 9
555 10 7 1 8 3 5 9 5 10 9 6 3 1 4 5 2 8 2 4 8
528 7 8 1 1 8 4 9 6 4 1 3 5 6 3 2 5 7 10 3 1
657 6 5 3 9 3 3 10 9 5 4 8 6 10 6 10 9 6 6 2 8
575 1 4 6 4 8 5 6 3 10 7 9 4 7 6 5 7 1 6 1 10
624 4 6 8 5 9 6 5 7 3 6 1 9 3 6 3 3 8 10 5 7
635 9 6 6 5 6 7 9 2 8 3 4 10 7 8 1 10 4 6 8 3
682 4 2 8 6 5 7 6 3 9 4 2 5 9 7 10 9 9 2 10 5
450 1 8 7 10 1 1 9 10 3 6 10 2 5 7 6 1 2 8 1 1
665 8 4 9 4 8 8 1 7 2 6 1 9 8 5 10 9 2 5 2 8
724 4 8 4 10 9 9 9 7 10 3 7 8 3 8 10 3 10 3 3 6
502 8 10 4 1 1 1 6 2 2 2 2 2 6 8 5 6 4 6 8 8
676 4 7 9 8 3 7 8 9 2 10 8 10 2 10 7 4 10 4 8 6
582 3 10 8 1 7 10 4 7 1 10 1 3 3 2 7 8 3 4 7 9
15
474 3 6 10 6 2 2 2 1 5 10 8 8 4 3 2 5 2 3 8 10
685 5 9 8 4 9 10 5 9 9 2 9 6 8 3 5 8 5 4 5 6
581 4 5 8 1 2 7 6 9 8 3 10 8 8 3 6 10 7 7 3 2
489 8 6 3 3 9 2 5 8 8 4 3 10 5 7 4 1 1 4 5 1
585 2 3 1 1 5 10 7 8 2 5 9 2 5 2 9 9 4 8 6 9
544 1 5 9 3 6 1 3 5 5 6 6 2 8 10 10 4 2 5 1 8
647 6 9 10 10 4 1 7 9 9 5 10 4 6 7 8 4 5 2 4 10
672 2 10 7 3 8 4 9 9 10 8 7 5 2 5 5 7 10 9 8 1
548 10 1 4 8 4 5 2 1 7 10 9 3 2 6 6 2 4 5 4 10
653 10 4 5 5 5 6 6 3 7 1 10 10 9 10 3 10 9 5 3 3
601 3 8 4 5 1 8 1 4 10 2 3 4 10 2 9 1 3 4 9 9
545 8 7 8 9 1 6 5 2 5 6 6 5 4 2 3 5 3 8 4 7
676 4 8 7 4 5 6 8 9 10 10 8 10 2 4 10 3 5 8 4 8
598 6 2 2 7 6 10 8 2 6 2 7 6 1 1 7 5 8 8 3 10
652 5 4 6 7 9 7 10 5 8 1 5 4 1 8 2 8 5 8 8 10
15
656 6 8 6 9 10 6 7 10 1 8 8 9 1 6 10 3 2 4 7 5
512 2 7 8 1 6 2 4 6 6 8 4 8 3 2 7 5 2 7 5 1
666 3 10 3 1 5 10 8 7 7 4 7 4 6 5 7 9 10 1 6 3
598 10 8 8 8 7 7 4 9 1 10 7 8 1 9 2 3 10 1 2 10
514 5 7 9 2 5 1 1 2 4 5 2 10 6 7 2 6 8 1 1 10
688 5 9 2 2 9 7 9 9 10 3 2 10 5 6 9 6 3 3 8 8
503 1 7 8 7 7 1 3 5 9 1 5 3 3 2 7 3 4 4 2 8
675 5 7 9 2 4 7 9 10 10 1 4 6 7 7 10 8 3 3 7 6
606 7 9 1 6 10 7 1 8 9 8 3 8 6 2 9 6 4 1 2 3
617 7 1 10 10 2 4 4 9 4 8 4 3 9 2 5 8 9 6 9 4
458 8 1 7 6 6 6 10 7 3 9 2 6 1 4 2 3 8 1 5 1
438 9 6 9 2 7 8 5 5 1 1 2 8 3 1 3 6 1 5 5 1
695 9 10 5 2 6 8 9 7 7 7 2 6 9 7 10 6 3 8 4 8
540 6 5 1 5 1 6 4 3 4 9 7 9 8 9 2 8 5 4 3 7
613 3 9 9 7 6 3 4 3 10 10 6 9 6 4 3 9 1 8 6 8
15
673 2 8 2 6 10 4 3 2 9 9 10 10 1 3 8 4 8 8 3 8
607 3 9 1 7 2 1 9 5 7 5 10 9 3 7 10 6 6 4 6 1
568 5 5 3 5 8 6 2 6 4 1 3 9 9 7 2 3 9 3 7 5
604 10 6 8 1 6 3 6 6 9 5 2 3 1 10 10 5 7 6 1 2
558 6 4 1 4 8 1 3 5 5 1 9 1 1 9 10 10 1 2 6 6
620 8 5 5 2 9 10 1 3 10 7 5 9 6 6 1 4 4 7 8 7
686 1 10 5 2 7 8 3 1 9 9 2 9 1 9 10 1 2 9 9 10
625 8 5 9 4 4 9 9 6 5 5 8 10 8 4 6 9 4 3 5 6
506 1 2 10 1 2 2 5 7 9 6 2 2 1 10 5 2 9 8 6 10
560 5 5 9 10 4 6 3 9 6 10 4 2 1 3 3 1 6 9 6 1
614 9 3 6 10 4 2 9 2 6 9 4 10 2 9 6 6 7 1 8 5
524 4 3 2 6 6 10 9 2 2 5 8 4 4 3 8 9 2 1 4 2
595 9 3 9 5 8 1 3 7 8 1 3 9 9 4 8 1 7 1 4 3
549 9 4 3 6 1 6 1 8 1 5 8 7 7 2 6 7 9 3 4 2
600 2 1 8 7 4 8 1 8 2 9 10 7 3 2 4 9 7 9 9 2
15
609 4 5 2 2 1 7 5 3 7 6 4 4 8 5 8 8 7 7 9 5
600 3 8 7 8 9 8 1 1 2 8 4 4 1 7 6 4 7 4 5 4
679 5 6 9 4 3 3 6 2 9 2 10 9 4 7 10 7 10 8 2 7
584 4 9 10 9 5 2 10 4 10 10 1 3 8 3 7 5 1 2 5 4
667 1 1 2 10 10 7 8 8 2 5 6 7 4 7 7 9 7 9 7 3
581 2 1 6 1 9 7 1 10 6 2 4 7 1 5 10 2 9 6 4 3
680 8 10 9 7 7 2 1 7 7 8 7 6 6 7 10 10 2 2 8 1
463 1 6 2 2 5 5 9 10 1 10 10 7 8 6 5 3 1 5 6 3
574 4 3 1 5 5 8 4 5 7 2 9 5 3 8 2 8 8 5 5 9
635 4 9 2 3 10 8 9 4 7 6 6 6 1 7 3 3 9 8 3 8
636 9 5 6 7 8 3 7 7 9 8 10 2 5 3 9 7 1 6 5 8
573 6 4 5 8 2 5 5 4 9 9 3 6 1 6 7 10 1 7 4 6
647 1 4 2 2 4 7 7 7 5 5 9 6 4 5 9 5 8 9 8 8
665 10 5 4 7 9 3 2 3 7 10 3 1 6 9 3 3 9 8 8 8
658 2 5 4 10 2 5 1 1 7 2 8 4 8 9 9 2 8 9 9 7
15
720 10 10 6 10 4 6 10 9 4 8 9 7 2 8 7 7 7 5 6 9
621 6 10 5 5 1 3 8 2 7 7 3 5 5 1 3 10 9 9 8 7
672 10 10 9 8 4 8 6 2 9 10 4 9 10 1 4 5 4 3 9 5
581 4 9 8 5 1 4 3 4 5 10 7 1 6 4 10 2 3 7 5 8
686 9 6 7 7 9 9 9 2 2 5 1 10 10 1 8 4 6 2 9 7
615 6 7 9 10 9 10 3 3 10 5 2 6 2 2 2 7 6 4 4 7
587 2 5 7 9 6 9 7 5 9 5 3 2 6 10 3 1 9 8 3 1
626 7 6 3 1 8 6 7 10 6 6 4 10 5 7 6 5 4 3 10 1
643 1 8 7 9 1 4 7 1 4 4 5 10 4 10 4 10 4 9 10 8
667 5 9 5 8 5 1 10 8 3 2 10 9 6 1 9 10 9 1 7 3
646 1 1 9 7 4 9 7 5 4 5 4 3 5 10 8 5 8 9 5 3
614 4 8 5 4 10 6 8 6 7 4 10 3 1 3 6 8 4 6 5 3
479 7 7 1 3 4 1 3 5 3 6 1 5 9 2 7 1 8 5 1 5
619 4 7 8 2 7 3 8 6 2 3 9 5 8 2 7 7 10 6 2 3
595 5 10 2 3 7 2 8 9 7 8 9 8 3 5 4 4 3 6 7 5
15
462 5 8 6 4 3 6 1 3 1 9 6 2 6 5 5 2 2 3 8 9
613 8 7 3 8 2 8 2 7 9 4 4 10 4 5 8 1 3 8 1 6
640 3 6 7 10 5 1 8 1 9 3 6 7 5 7 10 4 3 8 6 6
517 9 1 3 8 9 4 9 5 6 8 6 6 4 3 4 1 3 2 1 7
478 1 1 7 10 3 4 3 1 5 1 1 8 3 9 8 10 1 3 4 5
460 3 1 6 2 10 2 1 4 2 6 10 2 6 7 3 3 1 9 5 3
587 7 10 3 1 1 4 8 3 1 10 8 10 7 3 9 5 3 4 10 5
335 7 1 2 1 3 6 6 3 1 5 3 3 2 3 2 1 4 4 1 4
595 7 2 4 5 4 8 6 2 5 10 6 9 1 10 7 1 6 10 7 5
620 10 6 9 5 10 5 9 9 5 7 7 10 10 5 2 2 1 8 5 8
528 4 6 7 5 2 8 3 9 10 6 4 10 10 6 3 1 3 1 8 6
601 5 4 3 7 8 9 2 10 3 1 10 4 7 5 3 2 9 9 3 8
649 2 8 3 1 10 10 5 8 1 7 3 10 10 7 3 4 10 8 4 8
637 10 7 8 9 7 5 10 5 4 8 10 3 6 10 3 2 4 9 6 1
556 6 9 1 2 5 8 10 9 1 4 2 5 3 10 5 5 7 4 7 2
15
589 2 1 10 5 3 8 6 10 5 9 7 5 4 1 9 8 8 3 2 4
649 1 5 5 8 7 9 7 7 7 4 7 6 4 6 1 10 4 8 7 7
648 6 5 10 1 5 9 5 6 4 10 1 1 7 7 10 7 10 2 9 4
551 3 6 4 1 6 5 2 3 3 9 2 1 5 7 9 1 7 2 5 10
512 2 3 4 8 1 4 10 1 5 1 10 3 4 4 4 10 5 7 7 9
696 9 8 3 9 1 1 2 7 10 5 7 8 8 6 9 6 4 10 8 10
514 10 8 6 1 1 1 10 7 5 6 4 5 3 3 7 8 5 1 2 10
704 7 2 9 1 5 10 10 2 7 4 8 7 6 7 9 7 6 5 10 9
454 1 5 7 7 3 9 10 4 4 5 4 4 1 6 5 5 1 3 2 7
554 5 2 2 4 8 4 9 10 8 5 8 9 8 2 5 7 1 8 5 1
528 2 3 3 6 3 9 1 9 9 4 6 3 4 10 4 2 10 7 2 2
578 2 9 1 8 5 6 1 9 10 2 2 6 5 5 6 5 7 5 1 6
691 10 8 6 3 6 4 7 4 7 2 10 4 4 9 7 9 8 1 9 7
412 9 1 5 9 2 3 2 2 5 6 5 6 2 1 2 4 3 2 6 9
554 5 5 9 4 7 8 8 4 1 5 3 6 7 1 3 3 2 10 4 10
15
566 8 4 1 9 6 5 2 3 1 6 5 8 5 1 1 7 2 9 7 8
435 3 3 1 10 3 8 10 7 1 2 3 7 7 5 2 3 3 7 2 5
632 8 4 10 5 10 10 2 9 3 8 5 6 3 4 10 2 3 1 6 6
570 6 6 8 10 3 8 3 4 7 2 9 9 7 7 2 1 6 2 4 9
535 1 4 6 9 8 10 3 3 7 6 9 5 6 1 3 9 2 7 2 1
495 9 10 6 6 1 1 5 8 2 7 6 4 7 5 2 8 2 10 2 2
524 4 6 4 5 3 6 4 9 8 5 1 8 6 2 1 2 7 8 5 8
521 7 1 1 10 1 3 9 10 8 4 5 2 9 2 2 1 6 10 3 8
757 9 9 7 10 4 10 2 8 5 2 6 10 7 5 7 10 3 6 7 10
682 5 8 4 10 6 8 1 1 6 9 9 9 9 9 8 1 7 6 1 9
534 7 9 5 1 1 8 6 2 4 2 1 5 1 8 5 3 4 10 1 10
672 1 8 7 5 2 1 8 3 10 6 3 6 10 3 9 9 6 6 9 9
598 5 5 6 8 2 4 3 9 8 4 10 4 2 2 3 2 10 10 5 7
501 8 4 5 10 9 10 6 10 4 2 10 1 1 1 4 5 1 2 1 3
514 8 8 7 3 6 7 7 9 1 5 8 8 10 4 3 4 1 4 2 1
15
635 4 4 7 1 8 10 5 9 9 10 9 1 7 5 3 4 9 6 3 6
636 3 4 2 2 10 8 1 7 4 1 7 5 10 4 6 10 10 10 1 1
585 5 2 1 6 9 3 8 6 9 7 10 6 1 8 5 9 3 5 7 7
638 9 8 6 10 8 8 6 8 9 4 7 2 5 5 2 4 3 8 4 3
648 7 6 3 9 6 9 7 8 8 1 6 1 3 5 9 3 8 2 4 10
557 4 4 8 3 7 9 2 5 2 1 9 9 2 2 5 10 9 3 4 5
563 5 5 8 5 8 10 2 3 9 10 8 8 1 4 2 1 1 7 5 7
627 4 2 6 9 7 3 1 6 10 10 7 7 9 10 5 8 1 7 6 1
673 9 6 10 5 2 2 5 7 5 8 2 7 2 7 7 7 10 6 10 8
541 1 2 3 9 4 6 10 2 8 10 8 8 2 5 4 1 4 6 5 7
441 1 8 7 9 1 6 4 4 3 9 1 7 1 5 4 4 5 1 6 2
601 1 3 4 4 3 3 1 9 5 4 7 8 5 5 9 3 7 10 6 10
445 2 3 5 9 7 3 8 7 7 6 7 1 3 2 4 3 7 1 2 2
626 4 8 9 2 7 8 8 9 10 1 8 7 7 2 9 7 2 2 5 1
590 2 10 5 1 2 8 5 10 8 6 5 5 4 9 9 10 1 6 2 10
15
547 4 3 4 5 8 4 7 3 10 1 4 7 2 1 5 3 6 7 5 1
536 1 2 2 9 3 1 4 10 6 5 8 3 4 3 4 8 1 9 5 10
519 9 8 1 5 4 2 1 5 7 5 8 3 7 1 1 5 10 2 3 10
655 9 6 8 3 6 7 4 9 2 9 5 8 9 7 10 4 5 1 7 10
626 10 2 10 9 10 8 5 2 4 6 6 4 7 3 10 5 4 3 5 1
522 9 7 8 8 4 8 6 6 6 4 7 4 2 4 4 2 1 8 4 4
640 4 3 7 9 8 4 5 9 3 3 2 1 6 8 7 7 10 9 1 5
469 4 5 8 6 3 3 3 7 5 3 10 4 2 5 3 3 6 7 3 7
504 6 9 2 1 1 6 2 5 5 2 4 8 3 2 4 1 10 5 7 1
605 6 8 2 1 2 10 6 4 10 10 2 4 7 2 4 10 8 2 3 7
526 1 9 1 4 3 1 1 4 4 10 10 1 10 5 5 4 7 4 2 10
625 5 9 5 6 4 9 10 5 10 2 6 9 2 5 2 5 9 4 3 10
628 7 6 6 1 8 8 1 6 2 4 7 10 4 3 4 2 6 8 10 9
620 4 10 10 8 5 4 10 7 6 10 10 5 10 10 4 4 5 1 2 10
578 5 2 2 8 1 10 10 3 10 4 3 5 9 6 1 8 3 6 9 1
15
608 9 5 5 8 7 10 10 5 2 8 2 5 7 7 8 10 3 1 3 2
635 9 9 10 3 1 4 9 8 5 7 10 1 2 8 9 1 7 10 6 3
497 10 7 3 8 5 2 9 10 1 7 7 10 2 3 1 8 2 2 9 5
635 9 9 3 8 7 10 5 8 7 6 6 1 1 8 7 5 3 5 3 1
531 7 6 3 1 9 10 2 4 3 5 4 10 3 2 4 3 4 3 3 6
605 3 8 6 8 7 10 2 5 4 10 4 5 4 2 5 8 6 2 10 3
685 5 1 10 10 8 4 2 3 9 3 1 6 10 6 9 5 3 5 8 8
686 9 10 1 5 6 3 4 3 10 9 1 2 10 3 9 9 7 3 1 7
619 6 7 6 3 7 10 8 5 8 9 3 4 4 3 10 1 7 5 6 1
644 4 4 3 8 9 10 6 10 1 5 7 4 8 6 8 8 4 7 2 4
610 2 2 9 10 6 4 1 10 10 3 3 4 5 9 3 4 7 6 7 5
635 5 9 3 9 6 6 5 3 5 7 3 9 10 6 3 3 8 5 9 3
659 5 5 10 1 3 5 3 3 10 7 8 9 5 1 6 8 9 10 4 6
380 9 2 1 2 7 3 10 1 2 3 5 9 4 7 1 3 4 1 5 1
639 3 10 3 10 3 10 3 6 1 8 7 10 6 4 6 3 9 1 6 7
15
729 8 4 5 9 7 2 10 8 2 5 2 2 1 8 7 9 10 9 10 8
663 9 6 3 9 4 9 9 1 5 3 5 5 1 8 9 6 3 10 10 4
537 7 9 2 5 8 9 9 1 7 3 9 3 1 4 4 6 5 1 5 1
624 6 8 6 10 8 3 6 9 9 5 10 6 1 1 4 4 9 6 3 2
609 6 7 4 8 8 4 6 10 2 10 10 3 10 8 5 4 2 5 8 6
643 5 1 5 4 8 9 8 10 6 9 7 1 5 9 5 8 7 10 4 3
572 9 2 4 10 7 8 10 8 2 3 1 6 4 7 7 1 6 6 4 8
592 2 6 9 8 3 2 7 8 6 6 6 5 9 1 3 6 10 8 5 3
543 6 3 9 4 5 7 6 8 5 8 1 9 8 5 4 4 4 7 2 3
683 4 6 5 3 9 10 4 8 8 6 1 9 10 2 9 9 4 3 8 4
648 8 3 3 4 10 4 4 1 10 8 2 6 1 3 3 5 10 9 6 6
482 8 10 3 4 1 1 4 4 6 6 7 6 2 5 6 3 5 3 3 4
646 9 10 3 9 10 1 10 10 10 8 7 5 1 6 1 5 8 2 4 6
614 5 8 4 7 4 8 5 5 4 10 10 10 4 3 4 3 6 6 9 1
543 9 9 9 2 1 7 5 2 3 5 1 4 10 3 4 8 6 2 9 8
15
613 9 1 4 8 8 1 5 9 1 4 4 5 2 6 6 10 8 9 1 8
666 9 6 5 4 8 7 6 10 4 3 2 9 8 5 7 1 7 9 4 4
607 8 5 5 5 10 5 2 6 1 5 10 6 7 5 3 3 5 8 7 7
616 3 7 4 2 1 10 5 5 9 7 2 9 8 1 9 2 8 10 2 2
619 1 10 1 5 5 3 1 7 8 5 3 10 4 2 9 6 6 9 9 3
559 8 6 8 9 7 2 6 1 10 4 3 1 8 8 4 4 5 2 7 2
562 6 5 8 6 1 7 9 4 1 7 7 7 7 10 4 5 10 5 2 3
722 9 9 7 1 7 5 9 8 8 5 10 7 7 6 8 6 9 2 9 10
613 4 9 3 10 4 6 10 7 4 2 8 6 4 7 4 8 3 9 6 6
670 9 8 6 9 9 7 2 1 5 8 8 3 3 8 5 10 1 8 5 4
555 5 1 4 1 1 2 5 5 4 10 6 9 3 10 4 8 9 6 9 10
664 10 4 4 7 2 8 4 10 9 2 3 7 5 10 9 4 6 4 10 7
552 5 1 3 7 1 7 5 6 8 5 1 8 10 6 9 1 8 2 1 7
558 3 2 4 1 9 9 1 5 2 3 5 6 9 4 3 9 3 2 8 10
544 7 8 6 5 1 2 9 9 10 3 8 1 5 4 1 5 4 10 4 9
15
577 10 5 7 10 4 2 9 10 7 5 1 2 5 3 7 6 4 1 5 4
594 9 7 7 5 5 7 4 2 1 5 7 3 9 2 2 6 10 1 6 7
749 10 9 4 5 6 10 4 5 8 8 6 7 7 5 2 9 8 8 9 1
586 9 10 2 1 3 1 8 10 10 2 4 7 3 10 9 3 6 1 5 6
484 2 3 4 1 5 5 2 4 2 1 3 1 6 3 7 3 8 8 4 3
595 3 1 7 3 9 5 4 8 6 5 6 6 2 3 7 9 9 3 3 10
661 5 5 8 1 8 7 7 8 10 2 7 9 6 10 7 8 4 10 3 6
644 7 2 8 10 1 6 9 9 6 7 5 4 1 4 8 9 10 6 3 2
758 10 6 7 8 2 10 8 9 8 7 4 9 5 6 10 8 9 4 7 10
587 9 10 3 1 7 4 4 8 3 8 8 10 3 8 10 5 1 7 2 4
579 7 4 7 2 7 1 6 2 7 9 9 8 8 2 2 4 8 3 5 9
631 5 7 1 9 2 4 10 7 5 2 5 4 7 9 10 8 2 3 10 7
565 10 7 9 4 2 8 4 10 8 9 9 9 3 5 1 8 8 1 2 4
492 3 7 9 1 4 10 10 8 6 8 4 7 4 2 6 2 7 3 3 1
570 2 3 8 5 4 2 5 6 7 2 8 2 8 7 10 3 3 9 10 2
15
596 4 4 1 5 2 5 8 7 10 5 6 6 5 5 2 10 6 10 10 2
518 5 7 6 4 6 4 2 7 3 9 3 1 5 6 6 3 2 2 10 4
789 2 8 5 9 7 8 8 7 5 10 7 7 6 5 9 10 4 10 10 2
684 5 2 3 10 1 9 2 9 5 6 3 4 1 6 10 9 9 7 10 2
567 4 2 6 3 10 10 5 9 5 6 1 4 1 6 4 2 7 5 10 7
579 6 6 4 4 6 9 1 2 1 10 8 8 5 10 5 7 6 2 9 4
463 5 7 1 4 10 3 7 8 1 3 1 1 7 8 1 2 4 2 7 3
648 8 5 1 2 6 4 2 8 7 7 7 10 7 3 2 2 10 9 6 8
586 10 1 8 10 1 8 4 1 7 4 3 5 9 8 5 5 1 2 10 5
495 5 1 5 6 4 7 5 9 6 10 7 3 1 7 2 3 7 1 3 6
503 7 9 7 2 2 3 7 10 1 8 8 1 3 2 4 7 6 3 4 7
544 1 8 5 9 8 5 2 6 3 6 4 10 3 8 7 5 4 2 4 4
664 10 2 6 5 10 8 6 2 3 6 7 7 3 5 1 9 10 10 4 2
580 4 3 3 10 3 5 5 4 9 1 5 2 7 10 8 8 8 2 2 3
573 8 4 2 2 3 2 5 7 7 10 4 5 1 5 6 1 9 8 4 10
15
669 4 3 4 9 3 10 2 7 8 4 8 7 4 8 6 9 5 7 1 10
604 8 4 7 1 6 2 4 8 7 1 10 3 2 6 4 9 9 9 9 1
577 6 9 2 1 8 9 4 9 8 7 3 1 4 5 1 7 5 2 8 10
519 2 6 9 10 3 8 8 1 1 3 5 8 5 2 5 4 3 5 10 8
602 7 3 9 7 1 5 2 10 9 1 10 8 8 1 10 10 4 1 2 7
600 9 7 10 1 2 1 5 1 9 3 8 3 4 3 4 9 6 5 9 8
530 9 5 10 8 8 1 4 6 4 7 8 1 7 2 5 5 1 4 8 5
732 10 9 10 1 8 5 7 1 10 8 8 10 8 4 3 7 7 6 9 7
521 3 8 9 6 3 5 5 7 9 2 9 3 1 8 3 5 4 6 2 4
485 5 5 8 2 5 8 7 10 4 5 3 5 6 10 3 7 1 5 2 6
760 3 4 2 9 9 10 6 10 4 9 7 7 10 7 9 6 8 3 8 4
486 1 1 9 5 10 2 3 6 9 6 10 8 3 6 3 2 4 3 1 1
552 9 8 1 1 2 2 5 7 9 10 5 4 6 6 3 9 3 8 7 4
548 9 1 5 2 7 3 7 4 1 1 6 7 7 4 4 5 1 9 9 9
614 7 5 6 1 1 8 7 8 10 9 5 1 5 6 7 6 10 1 8 6
15
742 7 6 5 9 7 5 10 4 8 2 1 8 7 5 9 8 10 9 3 6
717 5 8 8 8 10 6 2 3 3 8 3 8 10 4 3 10 10 5 8 9
550 2 5 7 10 3 1 3 9 5 1 8 8 7 7 10 5 1 1 6 9
574 5 2 10 9 3 9 8 8 2 6 10 1 1 8 8 4 8 1 6 1
606 3 1 9 5 5 10 1 7 7 2 1 3 7 5 5 4 10 10 6 2
525 8 6 4 7 3 3 6 2 9 7 7 7 3 1 2 7 7 4 3 1
703 8 8 7 10 1 9 3 3 10 7 10 7 1 7 7 1 7 8 9 7
561 6 4 10 2 4 3 1 7 6 6 5 4 2 5 6 5 3 10 6 9
604 2 10 1 2 1 4 3 8 8 7 10 9 10 6 9 5 2 3 10 1
515 3 6 4 3 4 4 4 5 4 5 3 6 10 3 5 4 6 1 9 5
553 1 8 9 7 8 10 7 3 5 5 8 8 8 3 2 8 5 5 1 2
563 5 8 2 1 1 8 2 2 6 3 7 7 8 2 7 8 6 2 4 5
534 2 9 1 2 9 1 1 4 1 5 10 9 10 8 3 6 2 3 6 5
455 9 1 7 3 9 1 8 9 8 5 4 8 6 1 1 2 1 2 5 3
384 3 2 10 6 6 8 1 10 5 4 9 2 1 1 2 2 2 2 2 7
15
640 5 9 2 5 4 3 1 3 9 4 7 6 6 5 6 6 2 8 10 8
641 7 9 5 8 10 9 10 3 9 6 2 8 4 8 6 4 3 5 2 6
434 2 1 10 5 6 1 6 7 4 4 2 5 3 10 8 3 2 3 4 2
604 8 3 10 7 8 2 2 8 3 6 4 10 1 3 3 7 10 1 10 10
577 7 9 4 6 3 8 2 6 5 1 8 6 5 7 9 4 3 4 7 6
594 10 4 7 7 10 2 5 1 5 2 3 2 8 8 8 7 2 7 3 6
481 3 8 4 1 2 1 5 4 8 4 10 3 1 2 6 4 3 6 5 5
579 1 10 9 1 9 5 2 3 2 3 3 10 2 7 3 10 3 9 8 7
635 10 5 7 2 7 5 9 9 5 2 8 6 3 6 10 10 5 5 1 3
726 8 10 9 9 6 4 9 9 5 8 5 6 1 10 6 8 6 4 8 9
666 7 10 7 8 4 7 9 7 1 2 8 10 7 8 6 7 8 6 4 8
665 9 8 8 10 2 5 6 4 7 10 9 8 1 2 9 4 2 9 4 7
652 9 6 3 8 3 7 10 7 3 5 3 1 4 10 3 6 9 9 7 8
624 7 7 9 3 10 2 4 4 9 1 6 10 1 5 8 7 3 7 7 5
594 4 5 8 7 10 4 5 5 5 7 5 5 8 8 3 7 1 10 2 5
15
585 2 1 5 1 4 3 3 1 9 3 4 6 9 10 7 6 9 4 7 1
593 7 2 4 9 2 8 9 2 10 8 6 4 6 3 1 9 3 8 6 6
629 4 5 5 10 6 1 1 6 8 2 8 1 3 7 7 6 8 9 5 1
595 4 8 10 4 10 8 3 7 1 10 10 3 1 5 2 10 4 2 8 9
677 8 10 10 8 7 8 10 5 3 8 5 4 10 5 2 4 9 4 5 4
580 2 10 4 10 8 5 7 7 4 4 9 8 6 1 1 1 4 10 9 1
570 2 5 8 2 2 3 9 6 3 2 4 8 2 8 8 6 10 9 1 8
569 6 9 4 1 8 9 9 7 6 5 8 6 8 6 2 5 6 2 1 1
564 6 6 8 8 1 1 10 9 8 5 1 4 9 2 3 10 3 9 8 3
561 5 7 5 4 7 9 3 8 9 8 3 7 7 1 3 7 1 2 5 9
534 8 5 3 3 4 5 9 5 8 10 8 8 5 2 5 8 3 5 2 2
592 10 3 9 9 1 9 4 4 8 1 5 7 2 3 1 10 9 4 4 3
533 7 10 5 3 3 8 3 6 9 6 8 2 6 7 5 1 2 2 3 3
576 8 4 8 10 2 6 9 4 1 8 6 10 7 1 3 7 6 7 6 7
647 10 5 7 1 10 6 10 10 3 6 4 10 5 2 5 4 9 8 8 4
15
567 9 6 2 7 4 5 8 10 10 5 6 2 6 1 1 7 4 6 4 9
631 1 3 9 5 9 4 3 9 9 2 7 10 3 10 9 4 2 6 10 7
813 7 10 5 10 8 6 9 3 6 9 9 10 8 6 1 10 10 10 7 10
381 4 3 6 2 4 9 5 10 2 1 5 5 7 3 2 2 1 2 3 9
529 5 10 2 2 7 7 5 8 4 9 1 5 5 5 5 2 1 1 8 4
556 4 2 7 1 8 10 5 5 3 5 9 8 6 1 7 9 8 1 3 7
602 5 9 9 9 3 2 6 4 2 10 6 3 4 3 5 10 6 6 6 10
689 5 9 1 2 1 9 2 8 10 8 3 8 6 10 3 7 10 9 6 5
640 7 2 9 6 8 2 2 3 5 6 8 9 8 7 6 10 3 7 10 1
644 4 1 6 9 8 8 3 10 6 9 1 5 3 9 2 4 7 9 6 5
606 7 5 3 1 10 4 1 9 5 5 10 3 2 6 10 8 7 7 1 5
727 10 4 9 3 7 7 8 6 4 10 7 8 10 6 10 6 10 4 2 1
706 9 3 10 3 5 1 9 10 10 7 9 9 8 9 3 7 10 10 5 6
532 7 9 6 3 4 3 9 3 7 8 5 9 6 6 4 2 8 1 8 2
635 10 6 9 5 8 10 4 3 2 10 5 5 1 10 5 8 9 1 8 2
15
488 7 4 10 1 1 6 4 3 7 8 3 6 9 7 3 3 4 5 4 7
668 1 5 5 6 1 5 2 5 3 5 2 5 8 10 10 10 10 10 4 4
704 6 1 4 8 8 8 6 10 5 2 9 1 7 10 9 10 7 2 3 9
684 3 5 5 10 9 2 7 2 3 4 10 10 7 4 2 9 9 6 9 7
461 6 3 7 2 9 1 3 4 10 2 5 1 10 2 2 4 5 2 5 2
492 5 1 8 1 2 2 8 3 1 6 5 7 3 8 6 9 3 10 4 3
653 8 5 1 3 9 4 5 9 9 6 9 9 9 5 10 3 5 1 7 7
592 7 6 2 9 6 5 4 9 5 7 8 10 8 1 7 3 4 5 2 8
588 9 3 8 4 4 4 10 1 6 7 8 6 5 4 9 6 7 5 1 10
702 4 6 1 7 9 8 3 4 5 1 6 4 8 9 10 10 3 7 2 8
526 9 10 8 3 2 9 4 3 3 8 7 1 4 2 10 7 3 2 1 2
618 7 7 3 5 1 5 9 7 10 2 9 9 2 10 6 1 9 2 9 6
497 8 2 10 1 2 6 2 6 1 4 6 6 1 1 9 5 2 2 10 10
523 9 2 10 7 5 10 9 5 6 1 4 10 6 5 2 1 3 2 10 8
682 6 9 3 8 8 8 4 1 2 6 5 7 3 1 9 4 8 3 8 10
15
620 7 5 8 3 10 9 8 4 1 5 3 8 6 9 3 4 8 5 3 4
544 5 9 2 7 3 2 10 6 3 5 1 4 9 6 2 2 7 8 3 10
684 9 7 6 9 9 7 1 5 3 10 5 8 4 9 7 6 5 3 10 6
540 3 3 6 8 3 6 7 1 3 8 5 2 4 8 4 1 10 5 4 8
605 9 9 2 1 9 4 3 7 6 2 7 4 3 5 5 9 10 1 4 1
544 4 4 10 6 5 4 8 4 2 5 3 5 8 4 8 8 1 3 7 5
512 9 7 5 7 2 1 7 6 7 5 8 5 3 3 3 3 6 1 7 1
498 4 1 5 6 8 7 7 5 1 8 9 2 6 10 2 10 4 3 1 2
649 10 8 5 9 2 7 10 7 9 3 1 8 9 5 7 6 7 2 4 5
451 9 1 3 1 6 2 3 10 3 1 1 6 3 8 3 8 3 5 1 7
631 5 10 8 6 7 7 3 9 1 1 4 1 4 6 5 10 6 10 9 2
648 4 6 5 9 7 6 2 4 6 1 10 8 5 1 10 7 6 4 1 10
581 10 5 3 2 7 9 4 2 10 8 6 2 2 8 5 8 1 4 5 6
638 4 7 6 7 9 10 4 3 5 4 4 4 7 8 5 3 1 8 10 7
725 10 5 4 9 7 8 4 4 3 7 4 2 8 9 8 3 8 6 7 6
15
705 7 8 4 10 1 4 8 10 10 3 7 10 7 7 7 8 8 5 4 1
681 8 10 5 7 8 5 4 2 9 8 3 8 6 1 3 9 7 9 5 6
761 6 10 6 10 3 6 8 8 10 9 5 4 7 9 9 2 10 8 10 5
501 4 9 10 6 1 5 10 7 7 3 6 5 2 7 4 4 8 2 4 3
577 8 2 10 10 2 4 3 5 10 10 8 3 10 8 6 1 1 6 5 5
532 5 2 3 9 7 3 3 7 8 3 7 9 2 2 2 2 10 4 1 6
621 9 8 5 5 2 5 4 4 10 2 2 7 2 8 9 7 3 8 9 3
550 6 10 3 6 6 9 7 5 8 2 7 4 1 5 2 1 10 1 6 7
516 5 3 2 10 3 5 7 10 1 3 3 5 10 3 4 10 3 4 5 6
696 10 10 4 5 10 7 7 9 1 5 4 7 5 8 4 10 4 6 9 9
597 8 1 5 5 7 5 10 10 2 4 2 10 5 5 2 8 5 8 4 7
693 8 5 3 5 10 9 6 2 10 7 7 3 8 9 7 8 4 3 2 7
626 6 1 10 9 8 1 3 4 8 8 9 9 3 4 4 4 9 7 6 1
510 10 4 7 6 6 10 7 2 1 1 1 3 3 6 5 8 1 8 5 2
472 2 5 5 2 4 2 1 7 2 4 6 1 4 9 1 6 9 6 6 6
15
568 3 8 9 5 4 1 3 6 2 4 1 9 6 4 2 8 8 5 10 8
580 8 9 5 5 5 8 9 8 9 4 7 1 3 5 4 9 5 2 4 2
473 4 9 4 6 8 3 4 4 2 3 2 8 2 8 3 3 2 5 5 8
587 9 7 10 5 3 9 3 5 2 7 10 1 6 9 4 8 3 1 8 8
637 7 10 7 5 6 4 10 10 5 6 3 1 8 5 7 4 2 7 4 7
616 7 2 3 10 9 6 5 8 6 10 2 6 4 9 3 10 5 3 9 2
557 5 2 7 4 2 5 2 3 5 9 1 1 9 8 8 2 7 7 7 6
451 4 3 1 6 1 4 10 5 1 2 8 8 9 1 5 4 3 1 4 8
509 10 4 7 10 6 5 2 1 6 8 5 1 7 2 4 8 4 2 1 3
542 1 3 10 1 1 10 8 10 2 3 9 4 8 8 6 8 2 8 5 10
640 8 10 3 9 1 3 2 9 8 10 3 1 10 9 7 2 8 3 7 4
577 10 5 9 4 1 1 9 6 4 8 9 1 9 2 3 10 3 7 7 10
602 4 8 10 10 6 6 1 2 8 5 4 1 2 4 9 9 4 1 4 5
525 3 5 5 5 3 4 8 7 2 6 3 6 2 10 4 7 8 4 5 2
627 2 4 9 1 6 6 8 10 4 2 1 7 5 3 9 10 10 4 3 7
15
697 9 7 6 5 9 6 5 4 5 5 9 1 7 3 5 9 6 10 4 10
665 7 6 5 2 1 2 7 7 8 5 4 2 2 8 9 6 10 10 4 10
497 9 1 8 1 5 8 4 7 6 7 1 6 2 1 2 6 4 2 10 3
540 3 2 3 8 5 4 3 2 9 9 7 8 9 4 8 1 3 4 8 4
764 10 5 4 8 9 10 8 7 4 8 8 6 8 7 9 6 4 9 7 6
591 6 9 2 5 2 2 7 8 7 1 10 9 10 4 5 3 9 5 4 2
653 6 1 5 9 8 7 2 6 7 3 5 9 2 1 6 10 10 2 4 9
522 8 4 2 2 8 2 4 7 1 1 1 7 7 7 2 10 8 4 2 9
653 6 8 2 7 8 5 10 2 10 8 1 3 9 9 8 6 8 1 3 6
629 1 5 10 5 9 3 1 4 8 2 5 8 7 10 6 3 5 2 10 8
677 7 8 2 3 6 6 3 1 10 4 7 7 10 5 3 2 10 9 7 3
426 5 5 4 4 2 6 1 1 10 8 6 1 9 6 2 2 2 3 1 2
556 4 6 5 1 7 9 10 10 3 1 6 8 7 9 8 2 5 2 2 6
601 7 6 6 8 6 10 9 2 4 4 3 5 4 3 5 2 6 10 3 8
502 3 5 2 2 8 2 5 3 7 10 7 2 8 4 3 5 7 2 5 4
15
507 6 3 7 9 8 2 9 10 2 7 6 3 1 1 2 4 8 2 9 8
577 7 7 6 8 6 9 2 9 5 2 7 5 1 2 7 3 3 5 7 10
668 8 10 8 9 9 5 2 7 8 2 2 7 8 9 1 5 8 3 8 7
613 9 4 2 8 6 10 8 2 2 8 6 10 4 10 7 8 1 4 3 7
627 8 2 7 7 4 9 3 2 9 5 6 8 7 3 6 9 3 5 4 3
700 10 7 6 7 7 7 1 7 1 4 1 1 6 8 7 7 9 4 9 10
423 5 1 2 3 1 1 3 8 10 7 5 1 7 6 1 2 1 7 8 4
651 4 3 6 5 7 2 7 4 8 10 7 5 6 3 4 9 5 9 7 7
620 6 6 2 10 1 9 2 4 1 2 7 6 6 7 9 9 2 6 8 5
602 2 4 7 4 4 9 4 7 7 8 8 4 10 6 6 3 7 3 6 4
508 6 4 8 4 3 3 2 4 1 6 7 1 6 8 7 3 1 7 6 5
709 9 5 8 2 9 9 4 10 8 8 5 1 6 7 9 9 6 10 1 7
586 5 2 5 3 10 7 6 6 1 3 9 6 7 3 3 9 8 5 7 7
639 8 3 5 8 10 7 9 8 5 9 8 7 7 5 1 7 4 9 3 8
738 9 3 6 6 9 8 1 10 9 7 8 9 6 3 9 10 8 6 1 8
15
552 7 1 6 9 3 10 6 10 10 4 8 2 10 4 2 2 3 5 4 2
658 2 9 6 7 7 4 3 9 7 9 3 8 9 2 6 3 3 3 10 10
533 2 4 3 2 1 6 5 6 4 7 8 2 6 6 2 10 9 10 1 6
652 2 10 5 10 3 5 8 9 10 7 3 2 4 3 6 4 10 9 5 2
588 1 8 4 5 8 7 3 5 3 1 3 2 6 5 10 3 2 8 2 9
740 7 2 6 10 8 3 8 3 10 3 9 8 9 5 9 2 10 8 1 8
563 10 9 8 8 9 2 8 5 3 9 3 6 3 8 3 8 2 2 3 7
624 3 6 6 9 10 10 5 10 5 1 8 8 8 9 7 1 9 1 1 6
597 1 8 7 2 7 3 2 6 4 9 9 3 10 8 7 1 6 9 2 9
567 8 8 2 4 4 7 4 10 5 2 1 1 4 7 10 1 3 5 8 9
505 1 2 7 9 10 1 10 6 2 2 9 8 3 3 4 1 2 3 9 10
518 10 7 9 5 2 8 9 1 7 5 1 7 6 3 3 3 3 9 5 2
704 9 10 10 7 9 1 3 4 5 1 4 1 5 5 10 6 6 7 6 3
679 10 7 5 8 8 4 6 10 10 7 10 4 8 9 3 9 2 6 9 4
550 10 7 4 4 10 4 6 6 5 1 9 3 1 2 3 1 7 9 1 3
15
601 5 1 1 7 1 8 2 10 3 9 4 2 7 1 9 6 4 7 9 8
592 2 4 5 2 4 7 6 6 7 2 9 8 1 8 4 10 8 9 6 6
648 9 8 8 7 1 9 3 8 10 10 1 4 3 9 3 4 8 2 10 8
530 5 5 6 5 5 1 3 4 7 3 8 5 6 6 1 8 5 5 9 3
744 4 8 9 7 8 7 8 8 4 1 7 4 2 10 10 9 9 6 7 5
563 3 6 2 10 1 3 8 3 7 5 2 4 2 8 6 4 7 8 6 3
692 2 6 3 10 9 5 1 8 8 1 9 1 7 4 10 9 1 8 6 9
643 9 10 6 10 9 6 6 8 4 8 5 10 1 3 4 4 2 7 10 3
596 3 7 9 9 4 4 4 10 8 1 1 5 9 8 3 8 8 3 3 6
637 9 2 9 8 8 9 9 9 7 10 2 5 8 1 5 5 9 1 7 3
568 10 5 3 2 7 2 10 1 5 3 5 3 1 5 8 10 3 1 7 9
617 8 10 2 7 2 1 2 10 10 3 5 3 5 4 7 7 9 5 1 5
529 1 6 3 10 3 9 7 5 5 1 2 1 5 3 6 2 5 6 10 3
624 3 5 10 3 10 5 3 9 5 4 2 5 9 9 7 1 10 3 4 7
605 5 8 4 10 8 7 7 4 6 4 7 1 6 7 6 2 1 4 9 7
15
493 9 2 9 10 2 8 9 7 10 1 7 3 7 6 2 1 3 4 3 6
640 6 9 10 9 3 7 9 3 2 9 2 9 9 7 5 1 8 1 8 7
518 8 1 6 1 1 9 8 7 4 2 8 2 7 7 1 8 9 7 4 6
509 4 2 4 4 10 4 9 3 1 6 8 10 2 3 2 7 4 5 6 9
441 5 6 1 1 2 8 6 7 3 3 4 5 10 3 2 5 1 6 7 1
601 5 7 10 1 5 1 4 2 3 8 3 2 5 10 8 9 6 4 6 4
539 3 5 8 1 2 9 6 9 3 3 5 4 2 5 6 9 2 7 4 7
666 3 3 7 5 5 10 5 1 5 10 1 8 5 5 8 4 8 9 6 10
605 10 6 1 6 6 2 8 3 1 3 2 2 2 6 7 8 6 4 10 8
456 3 8 2 4 7 5 4 3 1 7 3 2 1 1 4 4 8 7 1 2
603 1 10 10 1 10 10 7 8 4 10 10 7 2 9 7 3 4 2 9 3
708 10 4 7 5 2 4 8 9 3 6 7 9 6 2 7 7 9 10 9 6
702 9 8 4 9 8 4 10 4 2 10 1 7 6 6 7 9 2 9 5 8
510 8 6 7 4 3 8 1 4 5 2 10 5 4 2 8 2 1 1 8 6
667 5 6 8 6 2 7 9 1 2 1 10 10 3 1 9 10 9 3 8 9
15
644 8 2 10 6 2 6 4 1 3 4 7 8 10 1 7 10 4 9 9 1
626 2 4 2 10 4 1 5 6 6 5 5 7 6 8 5 8 10 5 8 10
598 8 1 4 8 6 3 4 10 2 8 4 6 3 1 5 5 6 10 8 1
465 1 2 2 1 7 2 8 2 10 5 9 9 6 2 5 1 1 10 1 10
586 9 6 2 1 9 1 1 8 8 3 4 6 9 7 2 4 7 5 7 5
656 2 5 10 7 7 8 10 1 6 9 1 1 10 6 9 3 9 4 5 2
550 3 6 9 4 8 7 10 7 1 8 2 2 8 6 7 3 1 8 4 8
642 4 9 7 1 10 2 3 5 8 6 7 1 3 6 8 6 7 2 9 3
590 8 1 4 5 8 8 2 3 8 2 9 9 5 8 5 1 5 7 1 10
570 2 9 3 4 10 8 4 6 5 3 5 2 1 7 3 3 10 5 5 1
507 5 1 7 1 3 3 7 10 1 4 4 1 6 3 9 6 2 8 6 7
461 6 8 8 3 4 2 10 7 4 4 7 8 5 5 1 4 7 2 1 10
668 4 5 8 10 9 3 10 4 1 10 9 6 6 5 8 5 6 10 9 2
520 2 4 10 2 3 10 9 8 6 1 6 3 2 6 5 4 9 8 1 7
609 3 10 10 2 6 6 7 3 7 9 8 9 8 3 4 10 3 8 1 4
15
593 5 10 6 2 7 5 3 9 2 4 4 4 10 4 6 10 7 1 3 4
597 9 3 2 4 1 2 10 2 9 2 4 4 9 7 7 7 5 6 9 7
639 5 8 9 10 2 9 4 9 2 2 8 5 8 7 9 2 10 7 2 4
626 4 2 10 9 6 6 2 9 10 8 6 1 8 10 10 3 1 2 1 10
571 1 5 9 9 7 5 6 7 8 8 9 1 1 5 8 1 6 6 1 7
533 8 1 4 4 9 8 6 8 8 9 5 10 3 9 3 1 2 6 5 4
667 5 1 8 8 10 7 2 4 6 3 7 10 6 9 3 6 8 8 5 6
760 10 7 6 10 3 6 8 4 9 7 8 7 3 10 10 7 4 7 8 4
689 5 4 10 1 7 10 3 5 8 2 5 4 2 2 10 8 5 9 8 8
476 9 10 8 3 1 5 9 4 4 3 9 5 7 8 4 1 2 2 7 2
743 5 6 3 3 8 10 6 5 10 7 4 6 9 7 3 9 10 10 5 8
843 10 9 5 10 9 9 2 5 9 3 5 7 8 9 10 4 8 7 4 10
520 6 6 10 5 1 10 1 2 7 10 6 1 3 4 1 10 6 5 4 4
472 6 3 9 1 8 5 2 8 5 1 2 6 2 6 6 4 4 7 1 1
573 2 3 5 2 2 5 7 10 6 10 3 4 8 10 2 6 8 9 3 4
15
613 8 4 2 10 1 5 7 4 5 1 5 6 1 7 7 10 3 8 7 8
637 10 6 5 6 6 2 5 6 4 10 8 9 8 7 2 9 7 9 7 1
490 4 3 1 2 8 2 5 6 9 8 10 5 3 4 2 5 3 7 4 3
684 10 4 1 5 3 2 5 8 8 9 10 10 7 5 10 5 9 10 5 3
571 5 5 2 6 9 2 7 6 3 8 7 1 6 1 6 5 7 4 8 7
581 7 1 7 5 9 4 4 3 8 5 2 10 9 3 5 2 2 7 8 4
487 6 3 1 5 6 3 3 4 4 2 4 5 5 3 6 3 3 4 2 9
629 2 9 4 10 5 8 5 8 1 3 5 4 4 10 8 2 8 4 3 9
443 4 10 3 1 1 1 10 6 10 1 6 6 2 3 5 1 6 8 1 2
611 4 7 5 7 7 1 6 8 7 5 5 3 5 10 9 2 2 7 5 5
607 7 1 10 7 3 8 2 2 3 9 4 7 5 5 4 9 9 4 3 6
599 2 8 5 9 5 3 1 7 10 1 5 5 8 10 1 5 5 10 1 8
613 9 3 2 7 8 2 6 3 1 10 8 10 4 7 1 10 6 10 5 9
620 9 7 9 3 9 9 7 6 5 6 10 10 4 4 5 3 6 4 8 5
690 4 4 3 6 7 10 7 4 10 7 9 5 8 1 7 10 1 8 5 6
15
645 8 10 7 7 10 8 2 1 7 6 5 3 7 2 6 2 9 1 4 6
768 8 9 10 8 10 7 2 6 1 8 5 1 10 6 7 2 9 8 7 8
572 8 4 5 6 2 5 1 10 1 10 8 9 9 4 6 4 4 4 6 4
666 7 8 1 6 1 10 1 10 8 6 8 9 2 3 4 9 6 9 6 9
651 2 3 7 6 6 8 6 10 8 10 7 6 6 6 6 3 10 8 3 1
672 5 10 6 10 5 9 8 2 5 8 4 9 3 4 10 4 1 5 10 2
546 8 9 2 5 1 6 6 4 6 3 7 2 4 2 5 7 4 4 7 3
522 8 2 2 8 9 1 4 6 8 3 4 8 2 9 1 7 8 2 1 7
571 1 9 9 7 10 2 3 3 8 6 5 5 10 1 9 4 2 3 1 9
753 6 10 1 7 6 8 10 6 10 6 10 5 10 1 6 2 9 9 5 10
693 1 9 2 4 5 3 1 10 6 8 7 8 8 10 7 8 6 8 7 2
592 8 1 3 8 4 4 1 2 2 2 10 5 2 7 9 9 10 3 6 7
584 10 9 5 8 3 8 8 9 6 1 9 10 2 6 2 5 8 2 4 8
642 4 7 6 1 8 6 9 4 9 5 9 10 9 1 3 9 9 2 5 5
518 2 2 9 2 9 1 4 10 2 9 3 3 9 7 1 3 9 9 7 1
15
430 5 2 2 2 1 6 1 4 10 1 8 2 8 3 1 4 2 9 2 8
570 6 7 8 10 6 4 1 6 4 2 7 8 1 5 1 9 7 4 3 2
580 2 2 1 7 3 4 9 9 3 10 6 8 5 4 2 5 10 10 10 5
711 6 7 10 9 5 10 5 7 8 10 4 6 7 1 1 2 10 9 8 5
582 4 2 8 7 8 3 5 2 2 1 9 9 7 2 10 1 10 9 4 1
650 2 4 1 1 7 8 3 10 10 4 6 9 2 7 10 2 10 1 9 7
573 10 7 3 1 1 5 1 3 7 3 3 7 5 9 2 8 6 5 7 10
616 3 7 3 6 2 7 4 2 9 10 5 5 6 10 10 3 3 6 8 8
587 2 5 10 8 4 5 9 2 6 10 7 7 7 2 8 1 1 7 8 2
611 6 3 5 9 1 6 2 2 2 9 1 4 10 1 7 5 8 9 6 1
608 3 6 3 10 3 1 7 1 5 3 2 6 4 8 10 8 4 8 5 7
664 8 10 8 10 4 8 9 3 8 5 4 8 2 9 1 7 2 6 6 10
538 8 10 5 7 1 1 5 1 9 10 2 1 8 2 5 7 4 2 4 9
655 1 3 7 8 6 5 9 7 6 8 10 7 4 1 10 10 1 8 5 8
604 1 3 2 1 9 5 1 8 8 5 4 9 3 7 7 4 8 4 7 6
15
659 2 3 7 7 9 4 10 4 1 6 6 5 3 8 9 10 8 9 9 2
587 5 7 8 4 6 2 7 9 10 4 2 1 7 7 5 9 7 1 1 4
425 2 3 8 3 3 4 3 3 1 2 1 5 6 10 3 8 1 8 2 2
560 4 3 5 8 5 4 1 3 6 4 5 5 2 10 3 10 10 4 6 2
770 10 8 1 10 6 2 5 4 9 10 6 8 9 7 5 8 9 8 2 9
640 4 3 7 10 4 9 4 1 7 2 7 8 9 3 9 9 2 5 8 4
535 4 3 3 2 10 6 10 10 6 5 10 5 1 1 2 6 9 5 6 1
572 10 5 4 9 2 9 2 6 10 7 6 5 1 1 8 3 6 4 1 2
688 8 3 7 7 6 5 7 2 1 10 6 9 6 8 5 8 9 5 10 2
650 10 1 1 8 3 6 3 1 3 4 10 7 6 9 8 10 6 9 4 10
556 3 4 6 4 8 3 5 1 3 10 1 9 1 3 4 5 10 8 8 3
638 8 8 5 5 7 5 7 4 4 4 1 9 10 1 1 9 8 9 5 8
683 7 4 6 7 8 8 10 7 9 5 7 2 2 5 9 7 7 1 8 6
543 4 8 2 2 4 5 1 1 4 8 5 3 10 6 10 2 3 7 3 2
553 7 1 3 3 5 4 10 1 10 10 7 4 4 1 7 4 6 5 10 4
15
636 7 6 1 7 10 6 9 5 1 8 9 9 4 4 7 1 8 10 4 4
486 1 1 7 2 5 7 10 6 9 5 3 3 6 5 2 8 3 2 7 10
608 1 9 6 10 7 7 1 9 5 8 1 3 5 5 5 7 2 5 7 10
570 3 9 8 7 10 3 10 2 2 2 1 4 7 5 5 8 1 8 5 8
432 2 8 2 5 1 5 5 2 6 1 6 5 7 2 3 1 4 9 3 5
708 8 1 7 3 8 7 7 8 4 7 5 10 8 7 10 5 6 7 7 5
721 2 10 9 3 5 10 2 2 10 3 3 6 2 7 9 10 3 7 10 9
617 8 4 8 4 9 7 1 5 8 5 3 6 6 10 6 3 4 8 6 3
619 10 4 7 8 8 7 7 10 4 8 8 6 2 3 4 1 5 9 3 10
621 3 10 2 2 8 8 3 1 3 3 10 1 5 9 8 8 2 10 4 2
684 9 6 9 5 9 6 7 6 8 9 2 2 6 6 8 1 9 8 2 6
658 2 7 4 4 10 10 8 9 6 8 7 9 9 7 4 5 4 1 10 10
732 5 10 1 10 6 10 1 6 6 10 6 3 6 1 8 9 9 5 9 7
627 10 6 6 2 9 5 5 4 7 3 8 6 3 2 7 10 5 3 8 6
684 5 8 2 5 1 7 10 2 5 10 1 8 4 9 9 9 10 4 6 3
15
638 7 10 3 3 6 10 1 3 6 8 7 10 1 4 2 9 2 8 7 7
503 9 5 5 3 4 4 2 9 6 5 6 4 1 5 1 2 4 6 10 6
537 10 6 5 3 2 3 2 9 8 2 8 9 9 1 5 2 8 2 4 8
526 8 8 9 4 1 7 5 8 9 1 5 9 1 3 3 8 7 3 5 4
654 5 10 7 1 7 10 5 4 6 1 4 6 7 8 6 6 4 10 3 5
507 4 1 9 5 7 2 6 6 5 1 9 6 2 5 2 2 4 8 4 10
654 10 4 10 8 9 9 4 6 2 2 7 2 9 5 7 2 3 7 8 9
525 10 5 10 7 4 8 5 9 5 6 7 3 2 5 2 5 5 2 2 3
560 4 5 7 10 4 5 4 3 7 3 1 10 3 2 2 4 7 6 3 8
543 3 6 10 4 4 10 10 4 3 1 8 1 4 1 10 10 2 5 4 6
491 7 2 5 4 5 2 2 10 8 3 10 9 3 3 5 6 1 1 3 6
655 10 2 10 9 7 5 3 3 8 9 1 6 5 3 10 4 5 5 7 6
530 10 8 6 2 1 2 7 6 2 4 1 5 1 4 10 7 4 3 6 2
723 10 3 2 4 10 7 4 9 5 4 3 5 7 9 2 10 9 9 8 6
450 5 1 6 2 4 8 4 2 1 3 9 6 2 4 9 1 5 6 3 2
15
623 3 3 10 7 6 10 4 6 10 1 6 1 8 8 9 4 5 2 6 7
566 9 3 4 3 9 10 4 8 2 5 10 10 8 7 2 2 5 1 9 1
539 9 4 7 2 5 7 8 2 9 3 4 1 1 7 6 4 7 4 8 3
578 9 4 4 4 1 6 10 10 3 8 5 2 3 1 10 8 7 3 8 5
698 4 7 7 7 10 5 7 8 4 8 7 5 2 5 1 9 8 9 10 6
568 7 3 10 1 6 2 8 2 2 10 9 8 6 6 10 4 4 1 9 4
504 6 5 2 10 3 3 7 7 2 2 2 9 3 8 1 10 2 5 5 3
580 10 7 3 8 5 8 9 3 5 1 5 9 8 1 9 4 4 4 1 7
646 8 3 3 4 8 9 10 2 9 4 5 6 6 5 3 2 6 9 10 10
603 6 3 10 8 7 2 10 4 3 4 1 10 6 10 4 8 6 8 8 1
452 3 1 8 3 1 2 1 3 6 3 2 10 4 4 8 6 5 8 2 3
636 10 3 1 5 5 3 3 3 6 6 5 10 10 8 9 7 7 2 2 5
649 9 4 1 4 5 4 3 10 6 10 7 4 5 3 4 7 10 5 10 3
521 9 5 1 4 5 3 4 4 5 8 6 9 1 2 5 3 6 6 8 1
558 10 6 1 2 8 5 4 7 3 6 6 9 1 3 3 8 7 3 5 10
15
570 7 5 9 8 8 4 7 4 8 5 1 7 2 1 9 7 1 1 3 10
448 1 7 3 7 3 4 7 1 5 8 7 8 2 1 6 3 1 2 3 8
665 9 1 8 1 8 2 7 5 8 8 10 10 6 6 9 10 2 8 4 8
627 5 6 10 9 9 5 9 1 4 7 5 2 10 6 1 10 10 1 1 5
554 2 4 1 2 5 10 6 3 8 3 4 4 4 1 7 7 10 7 2 5
433 1 4 6 2 4 5 5 1 1 10 8 7 10 6 9 1 3 1 3 1
550 4 3 3 5 10 7 5 8 10 7 2 8 5 7 2 1 5 8 1 5
603 8 5 3 6 1 4 6 6 10 7 5 5 3 9 4 2 6 8 9 9
612 8 9 5 2 4 4 2 6 6 4 3 7 5 10 4 3 3 10 6 10
577 3 3 2 8 3 5 7 8 7 2 9 4 5 9 3 8 7 4 8 10
632 4 1 9 8 1 6 7 7 8 7 6 2 4 1 10 9 3 9 8 6
610 1 5 5 4 3 3 5 4 7 7 10 8 9 8 5 10 4 8 4 1
674 9 1 4 5 6 10 5 10 9 7 5 5 1 10 7 1 10 8 4 6
575 6 2 7 9 1 3 8 10 7 10 5 3 7 3 10 5 6 2 6 6
653 8 9 3 4 7 7 5 7 5 4 10 1 9 5 9 4 7 4 6 1
15
509 3 3 4 10 4 7 7 1 5 2 3 10 5 3 3 4 8 1 3 2
677 9 2 7 8 9 9 8 2 4 1 9 8 2 1 7 9 1 10 8 7
472 1 6 10 5 4 5 1 1 3 3 7 4 8 7 5 2 7 2 3 6
574 3 1 2 2 5 8 4 9 1 2 5 2 4 10 9 8 10 5 9 4
560 4 1 1 4 3 7 10 8 3 10 10 2 8 10 6 6 5 6 5 2
698 8 7 10 10 10 4 10 4 9 4 1 5 6 5 7 5 9 6 6 2
595 3 3 7 5 3 7 1 7 6 5 8 4 7 9 5 4 9 6 2 10
460 4 2 8 3 4 10 8 10 2 4 7 5 2 2 5 2 2 3 5 8
512 1 5 10 9 7 2 6 7 5 9 2 3 4 4 1 8 4 1 3 7
587 7 5 10 4 1 9 1 2 9 8 7 4 9 9 6 9 4 5 2 3
720 5 7 3 10 7 5 10 8 5 6 9 5 7 6 10 5 5 9 5 2
523 8 8 9 7 6 5 2 3 3 4 10 1 8 3 3 1 2 9 3 9
631 3 4 4 7 8 3 8 4 4 9 1 3 9 5 9 10 1 6 4 6
588 1 2 4 1 7 5 6 7 10 8 4 8 1 7 8 4 8 4 4 4
552 2 3 10 2 6 7 9 2 10 1 7 4 4 1 6 4 4 2 10 7
15
478 5 1 8 3 6 3 6 9 4 8 7 2 9 2 8 3 1 2 8 2
566 10 2 5 8 4 4 6 6 9 10 10 10 4 7 1 2 6 2 10 4
604 7 1 7 10 7 5 9 5 2 10 1 1 6 7 10 2 8 3 3 6
626 3 3 3 1 6 10 3 5 8 2 10 6 10 3 6 6 6 5 7 8
629 5 2 6 4 6 9 6 10 9 8 4 1 7 4 3 10 7 7 3 7
547 1 7 1 5 8 8 1 5 2 5 5 2 2 10 7 2 5 7 8 2
725 10 8 7 4 8 5 4 10 7 8 9 6 7 10 6 8 7 5 4 7
631 1 1 2 4 8 10 4 9 2 9 7 5 10 9 8 2 7 3 6 7
641 1 7 6 10 4 5 5 5 5 2 9 9 5 8 9 9 4 4 2 10
534 9 6 9 1 9 4 1 9 2 4 2 4 4 10 4 1 2 7 10 9
426 1 5 4 10 3 4 3 7 3 4 3 8 2 2 2 5 1 5 3 4
650 9 9 9 5 5 9 9 4 9 7 9 7 4 9 2 9 10 1 1 6
645 3 6 9 8 8 9 6 9 9 9 2 1 7 8 5 1 7 2 10 9
475 1 3 4 3 2 4 4 9 5 7 8 9 4 2 3 3 10 3 8 6
643 8 10 4 2 5 3 8 5 2 9 7 9 4 9 8 7 4 6 6 6
15
626 4 8 9 10 3 3 10 10 7 10 9 1 2 4 8 4 5 8 10 2
638 8 3 5 8 10 3 10 6 7 9 6 7 9 6 5 8 5 3 6 4
606 2 10 5 9 2 3 9 10 4 7 7 9 8 10 10 3 1 3 2 10
532 5 3 10 2 3 7 8 10 6 7 1 2 7 3 10 5 1 5 1 4
642 10 7 2 6 1 8 2 1 1 4 10 8 9 5 9 6 9 1 10 9
583 1 4 2 5 8 9 2 10 3 5 6 4 4 6 2 6 5 7 10 5
674 10 2 3 1 10 4 1 9 5 7 6 10 3 8 3 9 8 5 10 5
577 7 2 5 9 1 3 9 3 1 1 8 8 8 8 7 6 8 4 6 2
605 2 1 6 6 2 3 2 9 8 1 6 10 1 8 10 10 9 4 5 3
579 6 2 9 9 10 2 4 2 2 10 9 6 5 1 6 2 5 7 3 2
459 2 7 2 8 2 4 7 3 5 8 9 7 6 4 3 1 3 5 5 4
502 1 4 5 1 6 7 7 6 9 8 9 3 1 7 7 3 3 2 8 1
681 6 9 3 6 8 6 4 10 4 1 8 9 5 6 8 10 8 7 5 1
682 6 5 1 7 4 5 5 9 8 10 10 6 3 6 9 4 3 9 7 9
605 9 8 7 2 8 10 4 1 2 3 3 3 9 8 3 5 7 9 5 5
15
666 4 10 6 2 6 5 6 9 1 1 10 9 10 9 1 9 5 10 10 5
554 2 1 7 8 4 3 1 10 3 5 3 4 10 6 8 7 5 5 2 8
553 10 9 1 3 8 4 2 7 5 4 10 10 5 4 1 3 2 10 5 4
502 5 2 5 6 8 3 2 2 7 8 5 3 9 5 6 2 4 4 1 5
525 10 7 10 5 2 7 2 5 4 9 10 4 3 10 2 9 4 3 4 3
522 5 5 2 1 7 3 2 3 8 8 4 8 5 3 8 3 7 4 2 4
596 6 4 6 1 1 5 2 2 8 9 4 9 1 10 10 10 7 1 10 7
711 9 2 7 9 5 9 9 3 5 6 10 8 5 5 9 4 10 5 10 1
683 9 8 3 8 8 10 9 10 10 5 4 2 6 7 9 7 3 2 2 8
429 4 3 10 6 2 4 6 8 1 2 10 3 3 2 4 5 7 2 7 2
552 10 4 6 3 1 4 2 1 7 10 3 9 7 3 2 8 9 1 10 2
593 5 6 4 5 2 3 1 5 10 1 4 5 5 6 4 8 9 6 3 5
575 7 5 8 5 7 2 9 9 6 1 7 9 9 1 9 8 2 5 4 1
583 8 2 9 1 6 6 5 8 9 6 2 10 1 9 9 4 4 3 9 5
513 9 10 7 6 1 3 9 7 8 2 8 6 2 3 2 4 4 5 10 3
15
582 7 2 7 8 7 4 1 3 3 8 10 4 8 1 1 4 7 8 8 5
418 4 3 6 3 8 1 5 7 5 1 1 10 2 9 1 6 1 1 5 1
580 2 2 2 8 3 7 7 7 6 7 1 1 8 7 3 3 9 8 3 8
783 10 10 6 6 9 9 6 4 10 2 9 9 4 10 8 1 10 6 7 8
635 1 4 5 1 10 4 1 6 3 9 2 2 8 8 5 9 4 8 8 10
613 5 6 1 8 6 10 1 4 7 10 1 4 8 6 7 8 7 3 4 1
611 7 8 9 6 3 5 9 2 9 4 6 10 7 5 3 5 2 10 7 10
668 6 10 8 6 4 4 1 6 8 2 10 4 8 8 2 7 6 6 10 9
518 1 5 2 9 8 10 5 7 7 8 8 1 8 2 3 7 4 1 3 1
515 2 3 1 7 8 4 3 6 2 8 10 5 7 1 10 5 2 3 4 8
561 4 2 8 2 10 1 4 8 4 4 3 8 1 6 5 3 8 8 3 6
486 7 1 8 4 8 4 3 6 6 10 1 3 5 8 2 5 1 7 5 2
546 9 1 7 6 7 3 6 1 4 3 8 6 3 8 8 1 4 8 1 2
602 7 10 10 4 3 6 7 8 7 9 6 1 10 1 10 7 3 1 1 1
485 7 5 3 10 3 9 1 5 3 9 1 8 8 5 1 5 1 3 3 6
15
576 7 7 2 2 9 3 4 7 6 4 3 9 8 3 2 7 4 8 3 10
663 5 10 9 1 9 10 3 7 9 5 2 6 7 1 5 7 10 1 3 9
615 1 9 4 8 10 5 7 8 3 3 2 7 9 3 9 6 4 4 2 1
674 7 10 6 4 6 9 7 4 2 2 9 3 10 1 6 8 3 10 9 8
604 3 9 5 10 9 4 8 8 7 7 6 3 10 4 2 1 3 6 3 10
555 8 6 7 4 7 4 10 2 3 3 8 2 10 4 4 2 3 7 4 9
695 4 9 10 7 3 5 8 1 10 8 6 10 7 1 1 9 10 4 10 9
602 8 7 2 9 8 3 2 5 1 4 1 1 9 8 4 8 7 1 8 8
799 8 10 10 2 8 10 5 9 7 5 8 6 10 3 10 8 10 2 7 4
636 6 8 8 7 4 10 5 2 3 6 1 9 1 1 7 8 9 7 4 1
600 10 3 9 4 1 3 4 4 7 10 9 2 6 6 10 7 3 7 3 8
501 5 10 4 1 4 3 6 3 2 7 3 4 6 2 3 6 8 4 10 1
593 7 7 5 6 3 6 9 10 6 3 2 9 3 10 3 5 10 8 1 7
572 2 2 6 3 2 6 6 3 10 4 3 10 7 5 9 5 3 5 9 5
675 8 9 9 4 8 4 10 6 9 2 4 5 10 9 1 8 7 10 1 9
15
626 10 4 9 9 8 6 8 10 1 7 10 9 10 1 4 6 1 10 1 6
664 10 1 5 6 8 2 1 6 7 10 6 5 8 10 3 10 6 6 6 2
748 10 10 10 9 3 9 5 10 8 8 4 7 6 5 5 1 9 9 6 8
654 7 6 10 8 10 7 5 8 8 10 1 3 1 2 8 10 1 5 5 7
693 2 4 7 10 1 8 5 7 10 10 10 1 7 6 5 7 9 8 7 4
545 3 8 8 4 6 5 3 7 5 3 10 3 2 6 4 5 5 1 9 3
608 9 9 10 10 8 4 7 7 4 1 10 4 1 7 5 2 1 5 5 8
508 3 5 4 1 2 10 1 7 3 6 5 6 9 3 4 6 5 10 3 5
512 6 7 8 3 2 9 8 4 5 4 4 8 1 1 6 1 1 9 10 7
600 5 5 9 2 1 9 10 8 6 2 9 2 10 6 10 5 3 9 5 5
594 7 1 9 6 5 7 7 2 7 3 7 2 1 8 8 4 7 5 3 5
578 2 5 7 7 10 9 4 5 5 5 1 10 3 4 2 9 4 4 9 2
661 7 5 7 5 9 9 2 10 1 4 5 6 5 5 10 10 6 2 8 5
684 1 10 9 2 6 1 5 10 10 10 6 1 4 9 9 6 2 10 7 10
552 2 8 2 7 2 3 9 2 3 10 9 8 8 6 1 7 9 4 5 4
15
533 7 2 8 9 8 4 5 2 8 9 4 9 1 5 3 7 2 2 8 3
714 4 10 9 5 6 4 1 10 10 9 8 4 6 1 7 9 10 6 5 1
647 4 9 6 6 3 9 7 7 5 8 7 7 7 1 6 5 9 4 5 7
418 8 4 10 6 4 3 3 7 5 4 4 4 1 2 1 3 1 4 6 4
673 8 3 2 7 4 10 7 7 8 9 4 7 8 1 10 5 5 8 6 3
602 9 10 10 3 2 7 9 6 5 3 4 9 6 8 3 6 8 5 6 1
713 6 9 5 10 2 7 3 5 8 1 3 7 5 5 9 3 7 9 7 10
628 9 2 9 9 1 10 5 8 5 3 9 10 9 3 10 1 3 3 10 6
481 9 6 3 2 10 5 10 1 2 4 1 5 6 2 2 1 4 9 1 2
447 3 2 9 7 4 6 7 1 6 9 6 5 1 2 3 5 4 5 1 1
583 5 4 3 4 3 2 3 9 2 8 5 10 8 8 7 1 6 7 10 2
609 3 8 10 9 9 3 5 1 6 1 10 2 4 1 3 10 10 2 6 10
613 3 3 3 9 1 8 1 10 5 3 6 3 2 6 3 8 9 8 9 3
494 4 5 4 6 1 7 10 8 4 6 6 3 9 10 1 9 1 5 5 6
674 2 8 9 4 10 1 8 4 2 9 10 5 5 1 7 4 9 9 9 9
15
558 8 8 1 7 5 5 8 7 9 6 1 1 3 5 7 6 2 7 2 4
581 3 6 3 5 4 9 2 8 9 7 8 2 10 6 6 1 4 6 5 8
606 7 6 1 9 7 8 5 1 3 2 7 2 5 9 9 10 3 6 3 3
482 8 7 1 2 5 4 3 4 1 5 6 9 1 7 4 9 1 1 3 10
608 2 1 9 1 8 1 3 8 10 1 8 10 6 1 10 7 4 4 4 9
638 4 10 7 5 2 7 5 1 9 4 4 6 5 8 6 9 4 10 4 4
529 6 8 10 4 3 5 6 2 7 5 2 3 4 6 4 8 1 3 6 4
649 10 5 2 7 2 10 7 4 6 5 7 1 5 6 5 10 8 7 5 7
487 1 1 9 5 2 7 4 3 10 3 3 4 1 6 7 1 4 8 3 10
641 3 2 7 4 9 5 7 4 6 5 7 2 10 6 8 3 6 8 5 8
576 8 9 7 1 4 7 6 7 6 6 8 9 1 8 5 10 2 7 7 1
497 10 3 5 4 3 2 7 10 5 6 1 7 8 1 2 8 2 4 9 1
609 4 10 10 8 9 9 3 5 1 4 6 1 1 7 4 8 3 9 6 5
651 9 7 3 9 8 5 2 4 6 9 1 10 7 10 3 6 8 1 5 10
591 4 10 5 9 5 8 10 10 6 5 10 1 5 1 6 3 7 5 2 9
15
502 2 5 6 7 2 2 6 8 8 1 5 3 6 1 7 3 4 4 5 4
674 3 10 5 1 6 7 10 4 4 7 7 9 7 4 10 7 9 1 7 2
632 10 8 4 3 8 6 5 8 7 6 2 5 2 7 5 6 6 8 3 5
485 7 10 2 5 1 2 6 5 10 3 2 9 7 4 6 2 1 1 2 9
466 1 1 1 3 4 6 3 3 7 10 4 8 3 4 3 9 1 3 2 8
520 4 10 10 6 5 8 5 3 5 1 7 6 2 9 2 3 2 4 10 6
670 4 6 3 7 8 1 4 8 2 9 9 3 8 1 8 10 8 6 6 5
504 2 5 9 5 9 2 5 2 6 8 8 8 6 2 6 1 3 1 1 7
706 10 8 7 5 7 8 6 8 5 2 4 3 10 7 8 7 9 5 3 5
680 1 4 5 8 6 8 9 8 9 2 2 9 2 10 8 10 8 6 4 10
501 1 4 3 10 5 3 2 10 4 8 3 3 4 2 7 3 5 4 5 5
707 4 10 3 5 8 2 1 9 9 8 9 5 7 6 7 10 3 9 9 7
380 8 10 1 1 1 5 2 8 3 10 7 9 3 1 2 2 1 2 4 5
511 10 2 1 9 2 4 3 10 6 5 10 3 6 9 5 2 7 2 5 2
705 6 10 10 6 8 5 3 3 6 2 1 9 2 7 10 5 8 6 7 5
15
575 4 2 4 9 7 4 3 6 3 1 3 8 1 10 7 8 6 2 8 4
534 3 6 2 4 4 1 8 7 3 6 7 8 3 8 1 10 8 3 10 2
603 9 5 8 1 9 7 7 10 10 5 2 2 1 6 2 7 3 9 10 2
630 8 6 5 2 10 8 5 1 8 4 4 10 10 2 4 5 3 5 7 8
615 1 8 4 4 3 8 10 7 1 1 3 5 2 7 10 10 10 8 2 7
620 7 5 5 10 6 2 1 9 1 3 10 9 9 7 1 5 9 10 4 3
662 10 3 5 10 3 1 1 5 10 1 7 5 5 7 10 5 10 5 8 5
644 7 8 7 6 4 8 5 6 8 10 4 1 2 9 10 9 8 2 2 4
576 4 9 10 7 9 2 8 6 9 1 5 9 9 6 4 5 2 1 2 6
583 9 9 8 6 1 1 6 7 4 6 3 8 6 9 1 2 10 3 9 7
556 3 4 10 2 5 7 1 4 9 4 5 6 10 1 5 6 5 3 8 2
542 9 1 10 5 1 1 5 3 2 7 1 10 3 2 9 7 9 10 1 1
609 5 1 9 4 10 5 4 1 5 1 8 9 8 6 4 4 10 10 4 1
686 4 6 5 10 7 9 10 10 4 6 8 8 5 3 9 3 7 10 5 6
636 4 4 6 3 10 8 2 10 8 8 7 5 3 6 9 1 2 4 8 10
