400 10
1771 1714 1885 1828 1885 1828 1714 1942 1942 1828
3
366 2 5 1 4 5 9 6 8 2 4
372 0 4 7 9 3 0 5 2 6 4
390 4 6 1 5 6 9 5 1 5 4
3
414 8 0 0 9 7 0 4 3 9 3
432 6 9 4 7 1 8 1 8 0 4
548 6 6 6 3 9 5 6 3 6 5
3
320 2 8 9 1 1 1 2 2 0 2
362 4 1 6 3 1 7 6 2 5 5
372 7 2 7 1 4 8 3 0 5 4
7
292 3 0 1 8 2 5 9 2 1 2
304 4 9 0 1 1 8 2 9 1 3
346 6 8 0 6 2 5 0 6 2 4
356 4 0 1 9 2 8 5 1 6 8
442 0 0 9 3 7 4 5 8 2 6
488 6 5 5 3 6 0 5 3 6 7
598 8 4 8 1 3 8 6 9 5 9
2
316 4 0 1 8 1 4 1 4 8 4
648 9 9 9 3 8 7 5 2 9 5
2
430 6 4 0 6 8 7 1 5 9 3
614 8 8 6 3 8 9 5 5 9 7
9
242 0 2 1 0 3 9 5 2 1 6
250 6 8 1 1 2 2 1 0 4 1
426 5 2 6 3 0 7 7 7 1 5
444 5 4 4 9 8 5 0 8 9 1
486 2 0 4 7 4 7 7 7 6 9
522 3 6 9 3 6 4 5 2 9 6
524 1 4 8 9 7 6 2 2 7 9
558 9 1 6 7 6 0 5 6 5 5
580 9 8 7 4 3 0 7 9 9 1
10
312 1 0 5 7 5 9 2 3 5 2
338 9 0 2 5 2 8 5 3 0 3
358 6 6 0 0 0 8 8 7 1 5
436 1 2 5 4 9 0 1 8 4 9
452 0 2 3 9 4 7 9 9 9 5
458 7 0 6 6 8 4 1 7 9 2
472 8 6 0 9 6 2 9 2 1 2
512 6 5 3 9 9 8 9 1 3 3
552 8 4 4 8 6 4 1 9 6 9
622 7 5 9 8 4 3 5 7 5 7
3
466 8 0 8 5 1 1 4 7 2 2
486 3 6 8 6 5 0 6 2 5 6
586 9 0 9 7 9 9 2 7 2 7
1
608 6 8 9 4 7 6 4 4 7 9
4
340 2 5 8 0 2 3 0 8 6 3
390 9 6 2 8 3 5 0 0 4 3
446 0 4 4 2 4 0 9 7 7 7
480 5 9 2 9 0 3 6 8 3 8
4
326 4 3 1 3 2 5 9 4 7 1
362 4 0 5 7 4 4 5 4 9 1
464 5 4 8 5 1 3 1 9 8 1
480 7 7 1 6 2 8 1 3 8 8
5
270 4 1 1 2 3 0 5 8 3 0
342 3 9 3 5 2 6 2 4 7 1
386 2 0 7 3 2 5 7 6 5 5
462 3 2 9 1 8 9 7 2 3 8
482 8 3 4 8 4 1 4 0 4 8
10
324 4 0 0 3 1 0 9 9 4 3
330 1 6 6 3 1 1 2 3 2 4
338 0 5 4 0 9 8 3 5 0 4
370 1 2 7 0 7 7 9 6 5 2
390 5 5 0 3 5 7 8 5 8 2
432 4 6 1 9 3 2 0 8 8 8
448 6 8 5 4 5 6 3 4 0 4
478 0 1 5 9 8 4 6 9 8 8
534 7 2 8 8 3 4 4 3 1 8
544 8 2 2 5 6 0 8 6 1 9
10
256 3 2 8 1 2 1 0 1 1 0
338 3 3 1 5 3 4 6 6 9 2
368 7 4 9 1 0 0 0 0 6 2
374 4 1 5 1 3 2 7 5 8 4
378 9 6 0 9 0 9 3 0 0 7
410 4 8 1 2 8 4 8 0 9 5
494 3 5 7 3 9 7 3 7 0 7
528 6 5 8 5 1 6 6 8 1 5
538 8 5 7 6 6 0 2 8 1 3
542 5 8 6 9 2 6 3 9 1 9
9
272 2 8 1 1 0 9 3 4 5 1
326 1 6 4 0 0 9 7 3 2 6
334 0 6 3 6 8 8 6 0 9 1
338 4 5 8 2 5 8 3 1 1 1
356 0 1 9 1 3 6 6 7 2 5
358 4 5 2 7 4 7 0 8 1 1
480 8 3 6 6 4 5 1 0 6 7
568 9 6 2 1 8 2 9 2 9 9
620 8 9 1 6 5 3 9 9 8 6
10
214 0 0 0 7 3 1 6 2 0 5
328 2 4 1 6 8 7 2 0 2 6
414 8 6 3 7 0 1 8 7 3 0
434 9 5 1 4 0 8 3 4 4 7
460 5 7 6 5 9 2 9 1 8 0
472 2 5 7 2 6 1 9 8 0 8
478 7 9 1 6 8 3 6 2 1 7
558 8 5 3 7 3 3 9 8 6 5
558 1 8 8 9 5 8 8 9 5 5
560 4 5 8 6 5 0 9 8 6 7
3
330 0 0 7 8 8 7 2 1 9 2
366 3 1 0 2 7 7 8 3 8 7
450 7 5 3 5 2 3 1 9 3 8
6
338 4 6 0 0 7 4 1 4 5 4
346 2 0 4 1 4 0 5 5 2 9
366 1 5 4 1 8 4 5 4 9 3
526 6 5 8 5 4 7 2 2 7 7
552 3 7 8 2 2 4 9 8 5 8
560 7 8 3 0 8 1 8 4 9 9
7
346 8 0 0 1 2 1 1 1 5 8
426 1 9 2 0 7 2 3 7 6 8
436 3 2 7 6 8 7 4 4 4 2
448 0 7 9 7 4 9 1 7 6 5
508 1 7 6 2 9 8 1 9 6 9
554 5 0 9 9 8 4 4 5 6 7
630 8 9 6 5 8 0 6 7 2 7
10
296 8 0 0 6 7 6 0 5 2 1
326 4 5 4 1 3 7 0 4 5 3
340 2 7 5 2 0 3 5 7 1 5
406 5 2 9 6 4 8 0 9 1 2
442 8 0 0 3 7 2 9 0 9 7
450 6 2 4 1 5 5 9 9 0 3
456 1 7 2 6 9 9 8 0 8 8
482 3 9 9 8 2 2 1 8 0 3
518 9 4 0 9 8 8 4 6 7 7
546 9 3 3 9 8 4 1 9 2 8
4
284 0 3 1 3 7 0 2 4 2 7
344 0 7 1 6 5 7 4 0 8 6
436 4 4 4 6 2 8 5 7 8 2
456 6 6 8 6 3 0 1 0 4 6
1
312 0 1 5 8 6 0 3 3 5 3
3
400 1 5 3 5 3 8 9 3 1 9
418 8 1 1 2 5 8 3 5 2 9
490 5 4 7 9 6 2 8 0 8 3
5
378 0 6 4 1 9 5 6 2 2 8
400 9 3 3 4 5 1 2 5 3 2
430 3 4 2 2 7 0 6 9 3 7
438 3 6 7 2 2 8 9 4 6 3
518 3 5 7 1 3 3 2 9 8 9
6
212 0 0 4 3 7 9 4 0 3 2
352 8 1 1 2 6 4 0 3 8 4
386 3 4 2 0 5 4 7 7 5 4
416 6 1 0 6 4 4 1 7 9 7
470 2 1 8 7 1 1 4 8 5 6
490 3 5 9 4 1 4 9 7 9 2
3
318 3 4 5 3 2 8 5 7 3 0
564 7 8 1 8 5 6 8 5 8 6
572 9 7 7 7 4 9 5 5 2 3
3
260 2 1 1 3 5 6 1 0 2 8
350 5 0 6 3 1 3 0 7 0 8
358 0 9 3 4 8 6 3 9 0 2
5
390 8 0 0 7 3 8 6 4 7 5
414 1 4 9 7 5 4 6 0 7 2
432 0 4 8 0 9 6 2 5 6 8
442 9 8 0 6 6 4 5 2 1 4
600 9 3 6 3 4 2 3 8 9 8
8
346 2 6 0 9 9 5 3 3 8 2
370 9 1 8 4 2 5 0 2 1 0
380 3 0 4 9 6 2 9 7 1 1
402 6 3 3 0 3 8 6 5 0 6
410 5 7 1 1 3 0 1 7 7 8
452 9 2 2 0 4 9 6 6 2 6
462 1 8 5 8 9 1 7 0 0 8
464 8 5 3 5 6 2 5 1 3 8
3
372 2 4 1 5 5 7 1 8 8 4
382 5 4 7 4 2 2 1 9 0 1
574 9 9 4 5 5 6 6 9 0 5
9
240 2 8 1 0 0 1 1 9 0 4
244 1 4 2 6 2 3 0 8 2 0
348 8 9 0 7 1 7 4 1 0 3
394 1 7 2 9 5 8 1 0 5 9
450 1 7 6 5 2 1 7 6 1 6
466 8 8 3 8 6 1 1 2 0 4
486 1 9 5 8 1 8 9 7 4 4
512 9 0 1 4 7 4 9 4 5 8
564 9 1 8 8 7 4 0 0 8 8
10
218 0 2 6 5 0 5 5 4 1 0
324 3 3 1 7 1 4 3 1 6 8
358 4 5 3 2 4 2 6 4 5 1
364 4 3 1 6 2 6 8 0 4 7
420 2 3 6 8 6 9 8 2 5 3
462 4 3 8 4 3 3 6 1 9 4
480 9 9 4 0 5 5 7 6 2 3
484 8 2 6 7 4 8 0 3 4 8
562 8 6 3 7 9 1 1 5 9 6
588 9 9 0 5 8 8 8 6 5 8
8
336 3 8 0 8 9 8 0 0 2 5
342 7 0 0 7 0 3 7 5 8 0
344 1 2 3 7 9 9 6 5 1 2
400 5 9 1 0 3 3 3 9 3 8
420 2 6 8 9 6 3 0 1 6 3
476 7 1 3 7 2 0 5 9 7 7
498 7 9 5 3 4 5 9 5 2 4
580 7 8 9 0 3 3 6 8 7 7
6
422 9 6 5 1 3 3 3 4 6 1
424 4 5 0 2 5 3 6 1 9 9
482 1 8 9 3 9 6 3 8 7 2
484 6 9 6 5 1 0 0 7 6 4
486 9 5 6 5 3 0 2 8 0 2
502 1 5 4 9 7 0 9 1 8 7
4
312 3 4 6 1 7 3 6 0 0 1
382 3 5 5 0 7 4 0 3 4 9
432 4 8 8 2 0 5 6 5 0 3
484 3 3 9 3 9 6 8 4 0 6
5
328 0 9 4 4 6 2 1 6 1 3
332 4 7 2 6 0 8 6 2 6 3
408 3 9 0 5 7 2 8 2 0 9
468 7 2 4 4 8 0 7 3 3 5
522 8 1 7 1 9 1 5 2 2 8
1
330 1 2 5 2 2 6 8 5 9 1
4
398 0 3 9 3 0 8 7 7 8 5
400 8 1 8 1 6 4 0 1 4 5
450 3 8 3 1 8 7 7 6 7 6
502 5 6 9 5 1 8 2 6 7 7
9
286 1 5 4 3 2 5 2 7 2 1
302 3 4 4 7 1 3 2 3 5 0
372 4 0 0 8 8 2 4 1 2 6
446 2 9 0 8 2 7 8 6 9 8
456 0 9 3 3 8 8 8 1 6 8
464 2 5 6 6 7 1 7 7 0 3
470 4 4 9 5 6 0 4 6 6 3
502 7 6 8 3 5 3 0 1 7 6
584 7 6 8 3 3 7 9 5 3 7
8
286 5 5 0 3 0 0 7 6 2 2
294 2 8 1 1 6 1 1 1 9 2
328 0 3 4 1 2 2 9 6 1 6
332 1 0 7 1 9 4 6 2 7 1
376 0 6 3 8 5 1 8 9 6 0
390 3 1 6 1 0 4 4 7 3 7
398 7 0 6 5 1 7 6 3 1 5
510 3 9 8 2 7 5 3 8 7 2
1
530 9 8 2 8 8 2 4 6 2 4
4
280 3 3 0 0 1 3 3 0 6 9
370 2 2 7 5 3 2 0 5 3 6
428 8 0 3 7 9 6 4 3 7 2
592 9 8 4 9 8 8 5 1 4 6
5
284 6 5 1 3 1 6 1 1 5 1
374 4 0 6 2 2 7 5 6 9 2
462 5 5 9 4 4 3 0 7 4 2
468 6 8 3 4 8 2 3 4 9 1
508 9 6 9 5 9 7 1 5 4 0
6
258 8 0 0 0 0 4 4 1 6 4
260 2 0 2 6 0 4 0 5 5 3
370 2 4 1 7 6 0 3 5 2 7
378 0 3 5 0 8 3 9 8 1 4
384 4 7 1 7 5 2 8 1 4 4
646 8 8 7 4 4 5 6 7 5 9
2
510 7 1 6 6 6 9 1 3 9 6
576 6 9 7 3 9 4 2 6 9 8
2
538 7 8 7 4 5 9 8 5 0 4
540 9 4 6 6 8 7 0 9 6 4
3
148 0 1 1 6 0 3 1 2 2 0
368 2 1 2 2 9 2 4 5 3 8
386 6 1 5 2 0 2 1 7 5 6
2
412 6 7 4 0 7 4 1 6 7 0
554 6 7 6 8 8 9 8 0 4 6
6
320 2 1 1 0 9 7 2 1 3 8
346 3 4 4 1 3 7 1 8 1 7
428 9 0 3 9 7 4 7 4 3 0
482 5 4 4 6 5 4 0 5 4 9
484 4 6 2 8 5 0 8 8 6 6
546 1 7 9 7 7 1 4 7 5 9
1
484 1 8 3 9 8 0 9 1 3 9
10
310 2 1 2 9 2 7 1 7 2 5
368 6 8 7 1 4 9 1 3 3 1
378 9 0 9 2 4 4 1 2 2 1
390 4 0 5 6 1 1 7 8 9 2
398 0 3 4 2 5 7 8 9 8 4
454 9 1 1 1 3 8 6 7 9 5
494 9 8 4 5 2 1 4 4 9 1
506 4 7 6 9 0 3 5 8 8 2
548 6 5 4 8 6 8 3 7 5 8
614 9 6 9 3 7 1 7 9 7 2
6
282 7 5 2 1 0 2 0 2 1 5
328 0 6 0 6 2 0 5 6 4 6
346 1 7 8 0 2 9 3 1 8 3
418 2 3 0 6 3 0 9 6 8 7
482 8 1 1 1 5 2 8 9 8 7
534 1 4 7 8 6 5 6 9 5 8
8
408 2 0 0 5 8 2 4 9 5 7
416 3 9 7 1 6 1 4 3 1 3
456 4 4 7 7 4 7 9 2 4 4
464 8 0 0 7 4 1 8 5 9 5
474 7 5 0 4 9 9 3 4 2 9
490 6 5 3 7 4 7 5 1 5 9
540 0 9 7 3 8 1 9 5 8 7
588 9 6 1 5 2 6 7 9 9 8
1
384 9 8 3 2 4 2 4 0 2 2
3
258 3 4 4 8 1 5 2 1 2 1
458 8 5 1 4 4 9 7 1 4 8
516 3 5 8 0 5 9 9 0 7 9
10
166 0 5 0 0 1 6 0 5 2 4
298 5 6 1 2 2 2 7 0 3 4
348 2 2 5 3 1 5 8 7 3 1
382 4 6 7 1 4 1 0 3 8 4
392 2 5 4 0 4 3 6 0 3 9
414 9 1 1 5 4 0 0 8 5 5
446 4 6 5 3 0 2 5 6 8 7
502 6 5 3 6 8 8 9 3 3 7
532 4 5 7 2 9 1 2 8 7 7
582 8 1 5 9 9 4 8 8 0 5
9
228 4 2 3 1 0 2 7 0 2 2
396 1 1 2 8 1 9 3 9 6 8
414 5 3 4 7 1 3 8 7 0 1
424 7 7 3 6 6 6 6 0 7 0
486 3 7 7 9 0 0 4 6 8 7
530 8 1 2 8 9 8 7 9 1 4
530 8 5 6 8 0 9 6 7 6 6
534 9 0 9 5 3 7 9 3 5 2
548 7 0 8 9 5 4 5 7 5 6
3
360 2 4 0 7 2 5 5 6 9 2
552 7 7 2 3 9 8 4 8 5 8
626 3 4 9 8 8 5 8 7 8 7
1
488 3 6 9 1 1 9 5 6 9 6
7
276 0 9 0 3 5 1 9 0 3 4
354 3 8 2 3 5 4 2 7 0 4
440 5 6 8 8 5 1 2 0 0 6
444 5 6 5 1 7 1 5 6 6 4
450 5 4 7 9 5 8 2 1 5 5
466 2 2 5 8 9 5 5 6 7 6
490 7 5 6 9 8 3 5 2 2 4
5
398 6 3 9 0 4 3 1 3 0 3
412 4 2 3 5 1 4 6 4 4 7
454 6 6 3 7 6 5 5 5 6 4
530 9 2 3 3 4 9 8 2 9 8
584 4 7 7 6 9 6 3 6 3 9
10
276 3 1 1 4 2 3 8 3 2 0
288 2 8 1 4 6 8 2 0 1 2
386 5 1 3 3 4 0 6 3 7 6
462 8 4 9 1 3 4 9 0 8 0
462 1 6 7 6 5 0 8 3 9 2
464 6 9 4 4 2 8 3 5 2 6
466 1 6 9 5 8 5 9 4 6 0
492 7 4 6 0 5 0 1 9 8 4
502 4 6 7 6 3 5 3 4 4 7
534 7 8 6 2 1 9 9 7 9 3
8
380 8 0 4 2 2 5 8 0 8 1
384 6 5 2 0 8 5 9 1 4 2
384 2 2 5 9 7 7 4 8 3 2
388 0 6 5 5 2 4 5 5 8 5
402 5 5 0 1 8 9 6 2 7 5
456 1 8 7 4 2 2 7 9 7 2
510 7 7 7 0 2 2 2 6 2 9
548 7 9 7 4 1 4 7 6 1 9
10
266 1 9 5 4 1 8 1 1 7 0
342 2 6 6 3 5 8 3 6 2 1
366 4 5 2 4 0 1 7 7 3 3
374 1 9 8 4 5 2 4 1 3 3
390 9 1 4 2 2 3 0 2 1 7
436 6 1 6 5 2 5 6 6 0 8
480 6 8 4 8 8 5 0 6 8 2
512 3 2 9 4 9 0 0 2 7 9
516 1 5 9 1 7 4 9 3 8 9
518 9 1 4 9 1 7 0 6 3 9
4
242 1 1 5 2 5 3 5 0 3 1
386 6 1 4 2 0 9 8 1 4 6
432 0 9 8 7 7 3 6 6 2 0
558 7 9 7 7 5 5 8 4 5 2
8
378 3 4 5 6 5 9 0 3 1 6
382 8 3 5 4 4 9 1 1 1 3
384 6 4 2 4 8 7 8 2 7 0
390 5 4 0 4 3 6 0 6 5 9
412 7 0 1 3 7 3 1 4 6 9
434 6 2 6 2 6 0 3 1 9 3
484 5 3 5 6 2 4 5 6 3 8
534 7 2 6 0 9 1 5 9 7 6
10
340 0 3 6 2 4 9 5 2 1 9
388 8 6 1 2 7 6 6 1 3 4
426 8 7 6 0 6 9 4 0 5 1
428 4 7 7 3 8 3 3 8 4 0
438 5 2 4 5 8 9 9 9 1 1
486 4 6 7 5 1 0 3 9 1 8
496 9 0 5 1 7 7 9 9 4 4
500 9 6 2 7 4 6 4 1 2 9
508 6 6 8 7 6 2 5 7 1 1
594 9 2 9 0 8 9 7 2 2 9
9
184 7 0 0 3 2 9 1 2 1 0
298 5 3 2 5 2 2 4 2 4 3
378 0 8 6 2 1 5 2 6 7 6
378 3 9 3 2 8 8 1 2 4 5
392 2 0 9 6 3 9 9 6 2 1
400 3 7 1 5 9 3 7 0 8 4
418 0 7 6 3 2 0 2 1 8 9
550 9 9 2 4 6 6 8 3 8 3
592 6 9 8 6 8 4 0 9 6 3
5
254 2 1 2 0 4 6 8 6 3 2
398 3 4 4 4 3 4 2 3 2 8
438 6 0 6 2 3 9 8 9 5 3
460 1 9 4 7 2 0 5 8 5 5
468 0 3 9 5 6 0 5 8 1 7
6
270 3 2 1 6 2 2 3 2 3 5
318 4 3 1 3 9 2 4 4 3 2
360 1 6 3 5 1 9 5 0 6 6
372 3 6 4 0 2 7 8 3 0 5
416 3 6 3 4 7 7 5 4 1 7
510 8 7 1 9 5 5 8 6 3 1
7
284 0 6 1 4 9 9 1 3 0 5
310 0 7 3 2 5 0 2 7 3 4
340 8 1 5 4 4 5 0 1 6 0
422 9 7 4 0 6 9 5 7 1 0
458 6 6 5 7 9 1 8 1 1 3
464 9 1 8 2 2 2 4 8 5 0
466 9 0 3 4 7 5 5 3 0 8
7
282 0 7 4 0 9 1 1 3 0 3
378 1 1 0 7 8 8 1 9 9 4
396 3 5 3 7 5 9 9 0 6 5
410 0 3 8 6 3 7 2 8 4 4
424 0 7 8 8 0 3 1 7 6 3
448 2 1 9 5 3 6 8 2 4 6
538 9 0 5 9 8 5 2 1 7 7
5
366 6 4 4 1 2 2 4 2 0 9
440 0 5 1 8 7 7 8 8 2 8
450 5 0 9 5 2 1 9 7 5 1
452 4 3 8 6 7 8 1 5 5 3
528 9 3 3 7 6 8 6 6 9 4
9
376 7 0 2 1 9 0 9 0 7 0
428 2 8 8 3 0 0 9 0 9 2
436 4 7 1 2 7 0 5 6 1 9
438 1 8 3 8 9 2 1 0 9 7
454 7 9 5 4 1 3 6 0 9 4
460 7 1 8 5 1 3 0 9 3 6
468 1 9 8 2 5 1 3 5 5 7
520 7 4 6 8 1 1 7 8 8 3
562 9 9 5 4 4 5 7 3 8 6
3
394 9 4 3 7 1 6 3 2 6 3
430 0 1 9 7 4 2 6 5 7 2
462 7 1 2 7 4 0 9 7 7 0
8
276 0 7 2 0 2 1 2 2 1 8
282 2 3 2 4 2 1 6 3 0 6
410 9 1 7 6 1 1 2 1 6 2
438 3 6 5 5 4 9 1 7 1 6
484 0 6 8 8 9 8 2 4 5 6
486 8 0 0 5 7 4 5 5 6 8
486 9 0 7 5 4 3 8 1 0 6
538 6 7 7 3 9 9 4 6 2 8
4
322 4 8 2 2 5 4 1 0 9 2
326 0 4 0 8 6 7 7 2 8 2
382 3 5 3 1 9 7 5 8 5 0
488 4 4 7 0 9 6 7 9 1 6
8
382 0 0 7 7 7 3 6 2 9 0
386 2 4 4 1 1 4 6 8 0 7
390 0 2 3 9 5 8 3 8 6 4
398 1 5 2 8 4 0 7 8 4 5
432 9 6 3 0 4 7 9 4 2 0
464 5 9 3 1 6 3 4 2 2 8
544 7 6 9 5 5 8 7 2 8 4
640 8 8 8 5 8 7 5 5 6 9
10
208 0 6 4 0 0 1 1 3 0 4
308 1 3 3 8 7 3 8 0 4 1
348 1 3 2 9 3 7 7 6 0 6
404 0 0 8 4 8 4 9 3 4 3
408 6 0 5 5 3 3 1 5 0 8
448 7 4 0 0 6 7 7 3 9 9
452 1 0 9 4 2 0 7 9 3 8
504 7 4 3 6 9 2 6 7 9 2
528 7 0 9 2 6 9 7 3 6 9
548 8 5 6 6 5 5 1 5 3 7
8
246 2 0 0 0 3 6 5 3 0 8
344 2 7 6 2 4 7 0 2 9 2
348 1 9 6 0 4 2 2 9 5 2
428 8 4 2 5 0 0 9 1 7 6
440 6 6 2 8 2 4 4 2 9 4
462 5 1 7 1 8 6 9 3 1 6
466 3 0 6 7 8 1 3 9 8 4
490 6 1 9 9 6 8 4 3 3 2
2
380 0 8 0 8 9 0 4 3 2 6
460 0 7 8 9 5 9 7 3 5 1
10
238 3 2 0 2 4 5 4 6 0 3
318 3 2 5 0 0 6 6 9 0 4
344 0 2 5 9 0 3 9 4 0 6
376 1 5 1 9 1 0 3 4 3 8
414 3 0 2 4 9 2 3 5 8 6
422 1 6 2 4 8 1 8 3 7 5
434 7 9 1 6 4 1 4 9 0 0
490 5 4 6 3 8 4 6 1 4 9
518 9 6 3 4 3 3 5 4 8 7
548 8 1 9 7 2 7 5 5 0 8
8
246 3 8 0 0 2 6 4 0 6 0
364 3 6 4 3 4 6 7 5 9 0
394 2 2 6 9 3 0 0 3 9 7
422 1 3 4 9 8 9 2 8 7 4
428 1 9 2 2 1 0 5 5 8 9
464 7 7 3 9 3 9 4 7 0 4
484 7 8 7 5 0 9 4 3 1 7
498 7 1 9 2 3 8 7 3 7 5
10
278 3 1 0 7 0 1 2 2 0 8
290 0 3 5 2 2 9 5 2 6 4
360 1 1 4 1 5 3 5 9 1 7
410 7 0 4 1 7 6 6 8 9 0
412 0 0 6 3 8 7 5 9 7 5
456 2 9 5 4 0 8 5 7 7 8
530 5 1 9 3 7 3 8 4 2 8
532 9 0 5 8 1 2 8 7 9 3
582 8 9 6 6 6 6 5 0 1 9
616 8 6 5 6 5 1 9 8 5 6
7
316 4 1 4 2 0 5 9 9 1 0
404 3 5 4 6 0 1 9 0 5 5
428 1 3 9 1 8 8 0 9 0 5
432 7 2 8 8 3 0 8 0 4 0
488 9 3 4 3 0 4 8 7 8 3
516 5 2 8 1 9 9 6 5 8 4
602 8 9 5 8 4 1 6 2 7 6
1
340 6 7 0 4 3 1 0 2 7 4
2
388 0 2 9 7 1 4 4 4 3 6
454 9 6 5 5 2 3 9 1 1 1
8
324 6 3 3 0 5 2 0 0 1 8
368 4 2 8 2 7 1 1 2 3 5
414 4 4 6 3 7 7 5 5 5 2
430 3 3 4 8 5 0 8 9 0 1
444 8 9 9 0 0 9 0 5 2 2
510 5 9 4 6 3 9 9 6 3 5
532 7 1 3 2 5 4 9 6 7 9
576 8 7 4 9 9 2 3 8 1 7
6
374 1 9 4 8 2 0 0 3 7 5
378 8 2 8 3 0 2 3 0 1 5
416 4 1 9 5 1 5 1 8 5 2
420 7 1 9 2 3 2 5 4 1 3
482 5 1 9 2 4 8 6 5 4 7
524 4 1 5 9 6 0 6 7 9 5
9
330 6 0 0 1 6 3 0 2 3 8
356 4 3 2 2 5 4 1 7 5 3
372 5 8 5 2 0 7 7 2 9 1
428 4 9 4 2 1 6 8 8 0 3
442 9 9 4 2 1 6 9 1 2 2
458 6 5 4 5 8 5 5 1 1 6
464 0 8 9 1 7 0 3 9 3 7
546 6 3 0 8 9 2 9 6 9 8
594 8 9 8 0 8 5 6 3 1 8
3
318 6 9 0 7 0 2 2 0 1 3
356 3 7 4 1 7 4 1 5 8 1
356 3 0 4 2 7 6 6 6 8 2
9
282 6 2 1 5 8 2 1 1 1 1
312 4 1 1 5 3 1 4 8 5 1
374 0 5 7 3 5 1 9 3 8 2
376 4 2 0 9 5 0 8 4 9 0
376 1 4 3 5 4 0 2 6 3 9
392 4 3 7 8 2 9 9 6 0 0
410 0 4 6 7 1 8 7 1 8 5
426 1 5 4 5 3 7 4 5 5 9
464 3 1 5 8 0 8 4 5 7 9
1
420 4 7 3 6 7 7 6 3 2 1
3
406 6 9 0 7 5 1 6 8 0 2
420 2 6 7 9 0 0 6 5 3 5
484 5 9 0 6 5 4 4 5 9 8
6
290 1 0 9 7 2 5 4 0 2 0
302 0 2 4 8 9 0 0 2 7 0
384 3 8 5 5 4 9 7 0 0 3
434 5 8 2 6 1 2 2 9 5 7
464 5 1 2 9 7 7 7 5 8 6
488 7 6 4 5 9 3 2 6 4 2
2
402 0 6 5 6 0 3 1 8 6 9
410 8 1 2 6 6 3 9 2 3 3
5
368 4 3 1 8 1 5 5 3 3 7
420 2 6 6 0 4 7 6 6 3 5
428 9 8 5 4 2 1 5 1 0 2
506 8 8 5 5 6 1 9 5 2 0
510 1 3 8 2 6 5 8 3 9 9
5
378 2 6 4 8 4 9 5 1 5 2
388 7 5 0 3 6 8 9 8 4 0
406 1 8 5 2 4 5 4 8 1 5
420 9 5 0 7 2 9 1 2 0 9
522 6 3 8 6 3 5 2 9 6 5
3
442 8 9 1 1 1 4 4 2 1 9
464 6 8 6 2 6 9 2 3 7 3
500 7 5 4 3 5 8 7 3 1 7
1
356 5 1 0 9 5 3 9 2 1 3
1
390 1 4 6 4 6 9 0 7 5 6
10
232 0 1 0 6 7 9 3 1 3 3
276 0 0 5 9 5 3 3 2 4 2
356 3 6 8 3 3 9 4 2 1 0
366 1 7 0 5 4 8 9 5 1 6
378 5 1 2 3 9 1 2 2 9 5
448 3 9 8 1 4 6 2 3 6 5
452 9 5 0 0 6 4 6 4 7 6
514 3 4 9 1 4 0 4 9 7 6
536 7 2 3 3 9 9 9 7 6 8
568 5 7 6 6 5 8 2 8 5 8
8
346 2 4 6 8 1 5 6 3 1 0
350 0 3 3 2 3 8 1 8 9 7
386 6 6 0 7 0 1 0 7 0 6
388 7 6 3 2 7 1 3 7 0 1
406 5 0 6 8 4 7 8 2 7 0
432 3 7 3 9 4 8 2 6 9 3
502 0 7 7 8 9 5 1 8 6 6
560 6 7 5 6 5 6 6 7 5 7
3
310 2 4 2 2 2 3 0 8 7 2
446 8 0 5 5 4 3 0 4 8 8
514 7 1 6 0 9 2 1 6 5 9
3
280 0 6 1 7 7 1 4 1 8 0
338 4 6 1 7 7 2 3 5 0 2
384 1 1 5 1 7 0 0 8 6 9
1
608 9 3 5 9 8 4 2 6 9 7
2
354 0 9 3 2 7 3 3 0 6 9
470 1 6 8 8 5 2 1 8 3 8
5
390 5 4 4 9 5 3 2 4 2 4
414 8 5 3 6 2 3 0 9 3 1
448 4 9 2 7 6 7 0 7 5 6
476 5 0 2 5 5 5 7 8 9 7
526 7 5 6 6 7 7 5 3 7 4
9
190 4 1 0 0 1 0 2 1 1 6
302 2 9 0 3 0 7 1 2 4 8
432 5 0 2 8 3 3 6 6 4 7
436 6 3 8 3 0 6 0 9 2 4
438 4 0 1 9 8 4 6 1 9 5
448 6 5 5 2 0 1 5 4 3 7
474 7 6 4 7 4 2 7 6 3 3
512 3 3 8 1 2 5 7 8 4 9
520 9 9 5 0 7 0 5 3 8 1
9
332 7 7 1 0 7 2 5 0 8 0
438 3 9 5 7 2 7 8 1 5 5
450 6 5 8 5 8 0 6 0 4 1
452 8 1 2 2 9 5 8 2 7 3
462 5 2 5 6 2 4 5 0 7 9
482 9 7 7 5 7 1 0 4 7 1
492 8 9 4 4 8 9 9 2 7 0
500 5 6 6 7 3 7 3 7 5 6
524 7 3 6 5 9 8 4 3 4 7
9
296 0 2 1 9 9 7 1 2 6 5
366 0 7 4 3 8 9 2 2 4 9
388 5 0 7 7 2 3 6 0 0 7
390 4 3 7 1 6 9 7 7 2 2
418 3 6 7 8 3 0 8 2 7 0
418 6 5 3 7 8 6 0 3 1 7
474 3 8 7 5 6 5 0 4 9 5
480 4 4 9 0 9 3 2 7 8 5
552 5 8 9 8 2 4 1 9 8 6
9
300 3 6 3 5 9 7 0 3 0 1
308 7 2 3 1 3 3 0 2 3 4
310 1 6 2 8 7 7 2 2 3 0
352 2 0 1 7 9 9 7 5 7 0
390 8 5 3 0 1 2 6 1 3 7
396 4 7 2 7 4 7 1 4 4 5
424 8 6 0 0 5 9 5 6 7 5
518 7 6 9 5 9 9 2 9 0 0
574 5 5 8 6 8 4 7 2 8 6
8
286 3 4 3 3 2 1 6 2 7 0
384 4 2 7 8 4 0 4 1 5 2
386 4 6 2 3 5 8 8 9 0 3
418 5 8 5 0 0 4 9 2 9 5
420 2 9 2 0 2 8 9 4 9 9
468 4 8 7 4 3 6 0 4 4 9
548 6 9 8 8 7 2 1 4 1 4
578 7 7 9 6 8 8 1 9 2 3
6
352 4 5 7 5 4 7 0 6 2 1
364 2 1 6 1 8 3 7 0 6 4
388 3 8 4 0 7 2 8 0 8 0
390 7 4 3 7 9 7 3 0 0 1
452 4 5 6 0 4 1 9 3 1 9
466 1 6 6 6 2 5 7 5 0 9
9
216 1 1 2 1 6 2 0 3 6 0
232 4 2 3 6 2 6 0 1 2 1
334 4 5 6 2 2 1 5 4 5 1
336 0 2 3 6 0 0 7 7 8 2
364 5 6 4 9 6 3 1 1 3 1
414 9 3 0 8 1 3 1 5 1 8
466 6 7 5 4 0 9 8 5 4 3
466 2 5 5 2 7 7 9 5 8 5
612 8 7 4 5 9 9 1 8 6 8
10
244 0 6 2 1 3 8 1 8 2 2
254 1 4 0 8 5 6 3 2 2 1
334 5 4 1 3 3 2 5 3 4 3
336 2 9 7 0 8 0 2 0 5 2
346 2 3 5 6 6 5 8 1 3 0
384 6 0 3 1 0 3 3 6 0 9
394 0 1 6 7 8 8 2 4 0 7
440 2 1 9 8 4 8 1 4 5 8
564 9 0 4 6 4 6 7 8 6 9
576 6 5 6 9 6 1 9 4 5 6
1
396 7 2 4 1 4 8 1 0 7 6
7
278 1 0 3 2 8 8 3 0 5 5
380 0 8 1 7 8 5 4 9 6 2
456 5 9 2 3 8 3 7 6 1 4
520 1 1 3 6 8 6 9 8 8 9
602 7 8 7 7 9 6 4 4 3 8
624 9 9 4 7 9 6 1 3 8 8
652 9 9 2 4 7 6 8 8 9 9
10
296 0 5 6 1 3 3 9 1 2 0
374 3 7 1 7 9 9 5 3 0 4
424 5 2 7 3 4 7 3 5 9 1
438 1 4 6 6 3 3 8 0 3 9
464 8 2 3 8 7 6 6 4 3 5
468 7 7 7 8 3 9 2 2 1 6
470 3 3 6 9 8 3 0 6 0 7
492 6 0 9 1 8 3 6 3 7 6
502 1 8 7 6 1 4 8 8 7 5
536 7 9 9 3 4 7 3 1 4 6
10
278 1 1 3 5 0 1 6 0 6 7
280 0 4 2 6 4 6 4 2 5 3
352 4 6 2 1 6 4 5 2 4 6
386 4 3 3 7 4 3 9 0 9 0
408 6 7 1 1 7 3 1 7 9 4
450 9 6 5 2 4 1 0 8 2 3
454 5 0 2 8 3 1 6 1 9 9
456 4 9 7 1 4 5 5 0 4 8
498 7 0 8 7 4 3 3 1 9 6
526 5 2 8 2 9 9 4 4 7 7
5
314 1 3 3 2 8 0 6 3 8 2
398 0 8 6 3 2 5 7 1 9 6
430 6 8 1 9 3 7 0 1 8 8
550 8 5 7 1 8 2 9 3 0 6
558 7 4 3 7 5 1 7 9 6 9
4
294 0 9 4 0 3 8 9 5 1 2
382 7 5 2 1 4 4 7 9 0 0
402 3 2 0 7 7 8 5 2 4 8
446 2 6 5 5 8 3 7 2 9 5
5
262 7 0 0 1 5 1 1 3 7 2
352 3 1 8 9 1 1 4 3 0 2
402 1 2 6 0 8 1 5 4 0 9
432 1 4 6 9 8 9 7 9 1 1
514 7 1 7 7 5 0 3 4 5 5
2
342 0 3 9 2 4 0 9 0 7 2
572 9 9 6 8 3 3 3 8 7 4
8
294 0 2 0 8 3 1 9 4 3 1
296 3 2 1 0 9 4 4 3 1 7
342 3 1 4 2 9 6 5 2 0 7
376 1 4 4 9 8 8 2 3 7 0
432 8 6 6 1 7 6 1 2 6 3
432 7 0 8 1 1 2 8 0 3 5
450 3 0 6 7 2 3 9 4 8 5
568 9 2 9 9 3 2 6 0 6 8
10
348 4 3 2 7 2 7 6 3 6 3
402 5 7 3 2 4 5 1 1 7 8
430 8 9 2 5 6 3 2 5 6 0
440 2 7 5 1 4 1 7 9 0 7
444 3 1 7 8 1 6 3 7 4 8
450 8 4 6 7 0 7 6 8 0 0
476 2 6 8 7 4 4 4 4 3 9
484 6 8 9 6 1 8 3 2 2 3
498 5 0 8 6 6 6 4 5 1 8
640 8 7 8 3 5 5 4 8 6 8
10
392 7 2 1 3 2 6 4 8 0 7
422 2 6 6 6 7 0 5 7 0 0
446 3 0 4 8 5 9 8 5 9 3
476 8 4 2 4 2 2 4 1 6 9
476 5 1 7 6 5 2 5 5 6 4
482 6 4 1 9 5 8 1 4 6 9
490 9 7 1 0 6 1 7 5 1 8
490 2 6 7 2 6 6 0 9 8 8
534 9 4 9 3 2 0 2 1 8 8
646 6 8 8 1 4 7 9 9 5 9
1
322 2 0 4 7 2 8 4 8 9 0
9
222 0 3 0 3 5 7 3 4 6 0
276 2 3 6 0 6 9 4 0 0 3
366 3 5 1 9 0 2 1 5 8 6
372 4 5 9 4 1 8 0 2 4 4
374 4 0 5 3 9 4 0 3 4 6
506 7 1 9 1 4 0 8 6 2 5
548 8 9 2 9 2 0 9 9 4 2
606 8 6 5 9 6 5 5 8 9 5
650 9 1 6 5 7 9 5 9 8 9
8
286 2 7 3 7 5 7 0 2 0 0
314 3 5 5 9 0 6 0 1 3 0
400 3 3 4 4 8 2 0 1 2 9
406 2 6 2 9 3 4 1 8 0 8
406 0 0 7 7 8 5 6 0 3 7
456 7 6 3 1 8 8 4 5 3 3
480 9 7 5 0 1 9 9 2 7 2
626 9 8 9 8 6 2 5 3 6 6
7
306 3 8 3 4 0 5 4 1 5 3
384 0 8 1 0 7 4 2 6 7 9
398 0 0 4 3 9 2 7 8 9 3
402 2 6 5 3 6 3 3 3 6 6
486 7 6 4 3 1 5 6 9 1 5
530 6 2 6 8 6 2 9 4 4 3
660 8 9 8 4 7 8 4 8 2 8
10
236 0 4 0 3 0 7 9 4 3 2
376 5 4 2 5 7 7 9 0 2 4
392 3 4 8 3 3 2 0 5 5 3
396 5 5 1 1 9 3 4 0 6 7
462 1 6 1 4 6 7 9 6 6 8
478 5 6 4 6 6 4 0 5 6 6
516 7 0 8 8 6 0 3 1 8 5
516 9 8 3 9 0 4 9 5 2 5
522 3 6 6 9 5 2 8 8 4 2
538 9 4 6 2 7 4 2 7 1 8
1
468 9 2 6 1 1 9 5 6 3 8
1
548 5 2 7 3 9 7 4 7 4 9
5
388 9 0 8 5 0 8 0 6 2 1
468 2 2 5 5 2 8 7 8 3 9
510 8 3 5 6 7 2 4 6 9 0
524 2 5 8 9 5 5 4 5 4 8
590 6 8 9 7 7 9 9 6 4 0
1
422 2 4 5 6 6 9 3 7 2 6
8
338 5 5 1 9 2 8 0 1 0 6
376 4 5 2 6 5 0 2 4 0 8
376 6 0 4 0 3 8 1 3 9 6
396 8 0 4 0 0 5 8 7 3 6
410 7 2 1 9 4 7 1 8 3 3
452 5 9 7 7 2 5 9 4 3 0
482 5 3 4 9 7 1 1 3 2 9
564 9 9 4 2 7 4 5 8 8 3
3
412 0 0 5 8 3 6 8 4 9 4
436 1 8 3 5 6 2 7 3 8 8
470 9 3 9 2 4 3 2 6 4 2
4
322 2 3 1 7 3 2 1 5 4 6
348 0 0 1 5 5 3 7 8 9 3
382 3 9 2 9 7 1 8 2 0 2
456 9 5 2 2 4 4 3 0 9 7
6
278 2 1 1 2 8 0 5 1 6 3
296 4 2 2 5 7 4 1 6 3 0
416 5 5 2 0 4 1 8 2 3 7
434 5 6 4 5 8 7 4 6 5 1
494 2 0 9 9 1 7 3 9 7 6
516 6 2 8 6 2 4 5 9 8 5
6
282 0 1 4 1 2 8 2 7 8 4
430 5 1 8 1 1 7 3 8 4 5
458 9 3 3 3 2 2 3 6 4 6
470 9 2 7 7 4 7 7 1 7 1
490 7 3 5 8 5 2 5 8 0 4
492 9 5 9 1 4 4 0 3 7 6
10
226 0 2 0 0 6 0 0 4 0 6
324 2 2 2 4 4 9 4 4 5 7
344 1 5 5 1 9 1 8 0 1 3
474 8 2 6 5 0 4 4 5 7 5
488 6 4 8 2 8 4 2 1 5 8
496 6 5 9 8 9 7 0 3 0 6
508 4 7 8 3 9 6 9 4 5 0
638 8 9 8 8 9 9 4 4 5 6
640 9 3 8 9 2 4 5 8 3 9
704 7 7 8 6 6 1 8 9 8 9
2
320 3 1 1 1 2 1 2 9 9 5
472 5 0 9 5 8 6 5 7 4 3
4
328 0 0 0 8 8 0 3 3 4 9
472 9 4 2 4 6 3 9 0 8 1
472 4 7 4 6 7 9 7 6 1 6
488 9 5 4 8 1 1 6 4 7 0
6
342 7 0 0 7 2 1 2 2 8 4
494 2 5 7 9 1 6 4 1 9 8
498 9 0 7 0 2 7 8 8 0 7
534 9 5 6 9 6 7 4 6 4 3
564 7 6 8 7 6 8 6 2 8 6
608 7 1 8 7 8 7 8 1 9 8
2
286 4 5 2 0 4 2 5 0 2 3
552 6 6 9 2 2 5 6 4 6 7
2
294 4 1 2 5 3 8 9 0 7 0
392 6 0 4 1 7 0 5 5 4 6
7
328 3 5 3 2 2 7 1 8 7 4
384 2 5 0 5 1 7 8 7 6 8
434 6 6 3 3 2 0 7 9 6 2
448 8 0 6 1 3 5 8 5 7 2
484 4 8 5 6 4 5 5 3 1 9
502 8 2 9 0 2 8 6 2 1 8
588 7 8 8 5 6 9 5 5 3 8
7
256 1 1 5 3 4 5 3 5 5 0
362 0 6 8 3 5 4 4 7 2 2
436 5 9 8 4 2 1 3 8 2 0
436 4 5 9 8 0 0 4 2 6 2
442 5 8 8 1 4 8 9 0 4 4
478 8 1 5 2 9 5 5 1 6 4
584 4 1 7 3 9 2 7 6 9 9
10
260 4 3 0 0 6 5 2 5 3 3
362 3 6 2 0 9 2 2 1 9 7
372 7 7 3 0 3 4 6 4 2 3
372 5 7 1 1 0 7 5 3 3 9
384 1 2 1 6 1 3 8 4 5 9
432 6 3 8 6 1 7 0 0 1 8
460 1 5 7 4 2 8 6 4 9 6
476 3 0 4 9 7 9 3 9 8 5
516 3 5 6 8 5 0 8 4 4 8
558 5 6 9 7 3 4 6 8 1 6
4
248 0 0 2 3 5 6 6 8 0 2
336 2 0 7 0 3 8 6 4 1 4
422 5 7 7 9 0 7 2 1 9 1
424 7 4 6 8 1 9 4 2 7 0
3
284 4 4 3 4 3 2 0 5 1 3
378 5 3 8 9 2 7 4 3 0 1
462 9 2 7 7 8 0 1 2 1 4
8
332 1 4 4 1 8 9 6 4 2 4
382 2 9 3 2 3 1 9 8 9 0
408 2 5 6 2 2 3 9 6 3 6
438 8 5 5 6 3 4 1 5 0 2
464 1 6 7 9 3 9 2 9 3 4
472 3 1 2 6 7 4 3 7 9 8
490 8 4 4 0 1 0 9 6 1 7
512 7 9 7 5 9 4 5 1 1 4
5
176 0 0 1 1 5 8 5 1 1 1
352 7 4 2 3 4 6 2 1 4 2
352 2 2 7 5 1 6 0 3 1 6
462 1 5 3 2 9 6 9 9 9 3
462 7 4 8 9 0 8 1 6 4 4
1
382 7 3 8 3 0 2 4 1 6 1
10
202 1 8 1 3 0 4 2 1 5 2
240 3 5 7 0 0 2 1 0 3 1
280 4 4 1 5 0 4 3 6 0 2
292 1 5 1 3 4 8 9 1 0 4
298 5 3 4 2 2 6 0 7 2 1
360 4 7 5 2 1 4 5 7 1 1
370 9 0 3 3 3 3 6 2 6 0
410 7 1 2 3 2 6 1 7 4 9
440 3 5 5 5 5 1 8 5 1 3
466 6 3 5 6 4 3 5 1 9 6
9
380 2 2 0 8 5 6 7 9 8 0
382 1 9 0 7 6 0 8 4 6 4
398 0 0 8 8 8 9 7 6 8 0
414 1 8 9 4 7 7 0 0 0 8
414 8 6 4 2 0 7 9 1 5 3
430 4 5 2 8 0 5 9 0 9 9
456 8 0 4 8 9 8 2 0 8 6
462 6 6 9 6 1 8 8 2 2 2
616 2 9 9 7 4 9 6 9 5 9
4
218 1 4 1 0 0 9 4 3 8 3
316 3 0 4 9 1 0 4 2 6 1
362 7 0 3 3 0 6 4 5 8 3
420 5 4 6 2 1 2 2 6 7 7
1
560 9 7 7 2 0 9 8 3 2 8
4
286 5 6 1 3 0 4 3 1 2 2
408 0 8 8 2 8 4 4 0 8 2
470 5 7 2 8 6 0 0 5 9 5
536 3 7 2 8 7 0 8 6 7 7
4
262 1 8 3 3 7 2 0 3 0 1
306 2 1 0 8 5 2 8 1 8 0
352 4 3 2 3 7 2 9 2 3 4
530 6 5 5 9 8 4 1 3 3 7
10
310 0 5 9 2 4 4 2 0 1 5
314 3 6 1 4 9 6 0 4 3 2
340 2 8 5 8 1 4 1 1 2 6
390 7 2 7 9 7 7 1 0 2 1
402 2 7 1 6 4 1 4 6 1 8
420 4 3 5 9 8 1 6 2 7 1
438 6 5 3 2 6 1 6 1 1 8
456 1 9 8 2 3 0 4 5 4 8
514 9 0 0 7 9 6 4 9 7 4
574 8 6 6 5 6 5 9 6 4 3
5
402 5 2 5 2 2 8 6 5 8 1
488 6 9 1 7 4 1 9 9 8 0
502 2 3 8 3 8 1 5 9 5 7
524 8 9 3 3 3 6 6 5 2 8
526 6 4 6 4 2 9 1 8 9 8
8
242 4 7 2 3 6 9 0 1 0 0
354 4 4 3 4 3 8 7 1 0 4
366 7 3 0 4 0 0 8 0 0 7
394 4 1 1 6 9 9 0 3 9 5
416 1 8 0 5 4 5 8 9 4 6
432 1 8 2 6 0 7 7 8 1 8
458 0 6 5 3 4 7 8 5 9 7
516 5 7 8 9 8 8 6 0 7 1
2
344 3 2 7 2 4 0 4 3 1 5
414 4 8 9 0 2 3 5 2 4 4
3
270 1 0 3 0 2 9 6 9 2 1
478 6 6 8 4 5 8 8 3 9 0
636 7 5 4 9 9 7 8 6 7 7
6
310 4 5 0 2 3 7 9 0 0 7
398 2 4 6 2 1 3 8 4 2 6
410 1 1 7 5 4 7 3 6 3 8
438 7 8 1 6 2 9 0 1 9 7
472 3 3 9 6 1 0 4 8 6 7
586 9 3 6 9 0 6 5 9 7 8
10
252 0 7 3 1 1 2 6 0 6 2
266 0 0 7 8 3 8 1 3 0 0
336 5 1 2 4 2 1 9 4 0 3
422 0 5 4 0 8 3 8 6 2 9
442 3 2 6 7 6 9 7 7 5 2
462 6 7 4 3 8 9 3 3 5 7
504 1 7 8 0 5 2 9 3 8 8
522 8 7 4 0 1 2 9 8 9 4
542 2 6 8 6 6 3 6 9 3 9
586 7 5 3 6 4 4 5 7 9 9
10
252 4 0 3 0 1 9 0 9 6 1
302 4 6 0 1 3 9 8 2 7 2
444 0 8 6 7 7 3 1 1 1 9
472 8 5 7 6 3 0 0 5 4 2
474 7 6 1 9 4 2 4 1 0 9
488 6 0 4 9 0 4 7 5 5 7
508 2 2 8 9 3 8 3 5 6 8
522 9 2 6 1 9 6 3 2 5 9
560 9 5 7 0 6 2 3 6 1 9
574 9 9 5 6 2 9 7 9 1 5
8
292 6 2 1 5 3 4 2 3 3 3
360 1 3 7 9 0 6 2 4 3 6
384 4 1 9 9 5 6 5 2 1 1
424 8 8 2 8 6 0 4 0 7 1
430 8 2 6 6 5 5 1 0 9 1
434 7 4 7 2 2 9 0 5 1 5
446 1 3 6 5 4 3 3 5 9 7
494 5 0 6 1 9 2 8 8 8 3
4
386 3 8 1 4 4 8 0 9 7 6
400 0 2 5 2 9 3 5 2 5 7
486 6 7 4 9 4 5 1 7 5 5
510 9 4 3 7 8 2 8 1 4 3
7
294 5 0 6 1 6 8 1 1 5 0
318 2 1 4 2 8 5 8 3 2 2
320 3 2 7 6 7 9 1 0 4 0
346 6 6 4 3 0 5 3 7 3 0
434 7 0 5 0 7 8 3 7 2 6
452 2 8 1 2 6 4 9 9 4 5
458 0 6 8 8 1 5 4 5 3 9
2
308 7 1 0 3 4 1 4 0 7 4
334 1 2 0 4 2 9 6 4 6 7
5
380 3 6 4 3 8 6 1 6 0 7
392 1 8 2 2 9 2 9 5 9 1
394 2 8 6 0 2 4 2 2 3 9
488 9 5 5 5 0 5 3 4 8 3
540 9 8 5 7 4 4 6 5 2 6
6
300 5 0 2 0 7 5 6 0 1 3
312 1 7 4 9 0 9 9 0 3 0
324 0 7 0 3 6 5 3 3 1 7
328 4 5 4 5 2 2 5 3 0 4
526 8 9 0 8 8 4 8 8 4 0
572 9 5 9 9 6 1 4 5 2 3
2
346 2 5 3 2 9 4 1 5 1 7
372 1 1 8 2 6 2 7 3 1 7
4
392 1 7 6 0 3 4 1 4 8 9
426 7 4 2 8 3 2 8 0 7 4
500 9 0 1 2 4 0 9 4 5 9
524 7 4 6 6 1 3 6 8 3 7
4
236 0 9 3 5 0 4 6 1 2 0
368 7 6 1 9 0 2 3 7 3 0
472 8 7 8 2 5 0 3 9 2 1
622 8 7 8 2 6 4 9 3 5 8
4
310 2 0 1 9 2 5 2 7 8 1
418 3 2 2 7 4 3 2 7 2 8
432 2 8 0 9 8 2 8 7 1 2
656 9 8 9 8 2 7 9 9 4 3
9
348 4 8 3 2 7 4 5 0 8 0
384 8 6 3 1 0 0 7 2 2 2
390 7 5 1 1 0 7 1 5 4 9
392 7 9 1 5 6 8 5 0 3 3
416 6 0 3 2 1 4 4 8 8 9
430 3 4 0 7 3 7 6 7 7 6
460 4 1 4 7 6 3 4 8 4 8
516 8 7 3 5 9 6 6 4 6 1
558 6 6 8 5 2 8 6 8 7 6
2
546 5 1 9 8 4 7 8 5 6 5
644 9 7 7 5 8 3 9 8 0 8
5
326 6 7 5 1 6 6 0 0 4 2
342 5 8 3 2 0 5 0 7 6 2
348 2 2 8 1 1 6 2 9 8 1
348 2 6 1 3 8 1 1 6 9 4
404 8 6 3 2 3 6 3 5 7 0
4
382 1 2 9 7 2 7 9 3 0 2
428 2 5 7 4 3 8 9 6 4 4
440 3 3 8 4 9 4 0 6 9 2
544 6 8 8 4 9 3 6 5 1 3
4
368 4 2 7 2 2 2 4 9 1 4
452 5 4 8 6 0 3 7 0 2 8
492 3 2 8 4 6 6 0 4 7 9
514 3 5 6 6 8 2 4 3 8 6
9
274 2 1 0 4 4 9 7 1 3 6
296 2 1 4 4 2 0 2 3 8 1
320 0 0 0 6 4 4 9 7 8 2
330 4 1 0 6 5 1 9 8 1 2
368 1 2 8 7 2 5 2 4 2 7
462 4 9 9 9 2 4 3 8 4 0
474 6 7 4 6 2 4 2 7 0 8
544 4 1 8 8 2 7 7 5 5 9
566 6 8 7 9 7 6 6 5 4 5
2
488 3 8 8 6 3 1 0 9 2 8
494 3 5 9 3 7 9 3 4 8 5
4
360 4 8 1 3 0 4 3 5 6 4
438 9 6 0 5 0 4 5 7 9 2
444 5 4 7 7 5 5 8 3 6 1
490 9 1 0 4 5 7 7 9 0 9
6
378 4 3 2 3 6 1 6 9 1 4
402 8 0 0 6 7 0 4 7 3 1
424 2 2 9 0 7 7 7 8 4 0
466 6 5 0 4 4 5 8 9 8 4
480 5 3 3 6 2 5 8 4 6 9
544 7 8 6 8 6 4 0 3 9 4
6
390 8 4 2 8 5 3 1 3 1 2
420 3 8 6 1 2 1 1 5 9 4
484 1 3 6 5 2 0 9 5 5 9
500 8 2 3 9 0 4 2 4 8 9
518 8 1 5 7 8 1 4 1 0 8
554 7 6 7 0 6 4 9 4 8 7
4
436 8 3 4 6 5 1 4 2 1 7
438 4 6 0 4 7 2 4 8 0 8
488 9 4 1 2 4 4 0 7 6 9
526 7 9 1 3 5 3 7 8 7 6
5
386 9 0 2 0 6 4 2 2 4 9
406 1 5 6 4 9 2 2 8 3 2
414 1 8 3 7 7 1 5 8 5 1
416 5 5 0 7 6 1 0 9 5 7
466 8 9 2 3 6 5 4 4 1 7
8
242 4 2 0 3 3 1 2 4 2 0
276 3 3 6 2 7 4 2 4 0 0
344 1 3 2 6 0 4 9 6 9 1
380 6 0 3 1 4 6 9 2 1 8
392 3 4 2 1 7 8 5 9 8 4
506 8 6 7 3 4 4 0 4 1 9
576 5 6 8 4 4 3 8 7 5 7
592 9 8 9 0 1 6 6 7 3 9
8
300 0 3 2 3 7 3 7 0 7 4
324 4 4 4 1 6 4 4 3 4 2
342 3 7 9 0 0 4 1 4 8 2
404 7 8 0 6 0 0 0 0 5 9
418 2 5 5 4 5 5 4 1 1 9
418 1 6 4 9 4 6 5 9 6 0
464 3 9 5 6 8 1 9 6 1 3
570 6 8 3 9 7 1 2 7 3 8
9
132 0 3 0 3 4 9 6 0 0 0
310 3 7 1 0 6 9 7 0 5 0
394 1 0 4 8 6 2 6 9 1 5
448 9 7 6 1 0 5 6 4 6 1
454 6 5 9 7 1 5 3 5 5 0
470 6 3 0 8 3 5 9 4 6 8
470 3 1 8 7 6 8 9 0 6 5
502 8 5 9 5 1 2 6 1 1 8
524 9 7 4 0 2 9 7 7 7 6
7
348 2 0 1 1 5 6 8 2 9 7
398 0 6 2 9 1 7 7 9 6 6
406 3 8 4 0 8 6 1 5 4 6
442 1 4 3 9 9 9 9 7 3 5
454 9 5 0 1 3 4 7 8 3 7
476 7 7 7 8 6 2 0 6 7 0
480 8 8 4 5 0 4 9 1 6 4
5
300 0 3 7 4 2 5 2 6 0 2
362 6 5 3 0 0 7 3 6 4 6
366 6 0 0 1 9 3 7 8 2 3
372 1 8 1 9 6 8 4 5 9 0
504 8 1 7 9 9 6 7 0 1 1
10
272 5 4 1 3 0 9 4 2 6 0
356 4 7 2 6 0 7 6 1 1 7
358 3 4 7 4 2 5 4 3 8 2
426 5 7 9 4 0 0 3 5 4 3
430 4 1 5 7 6 9 5 5 4 2
446 0 4 2 7 8 2 5 8 9 5
466 3 9 4 4 7 2 4 4 6 5
494 5 9 6 6 7 8 6 4 0 2
530 3 3 6 8 7 5 7 1 5 9
548 7 8 8 2 5 1 4 7 2 4
8
268 4 2 1 4 6 6 2 1 8 1
344 4 3 6 3 1 3 1 0 4 8
376 3 1 4 5 3 8 5 7 0 4
392 2 7 9 6 5 0 0 2 0 5
408 4 2 4 6 0 4 6 1 1 9
446 3 5 2 6 8 2 9 6 4 3
458 6 6 7 3 3 4 1 5 7 5
540 9 1 9 5 4 8 8 3 8 4
10
392 7 2 5 2 7 1 0 3 7 4
422 3 9 1 3 6 2 6 3 7 7
430 8 5 6 7 6 1 4 3 0 1
432 8 3 2 8 3 3 1 6 0 7
438 5 5 3 4 2 5 6 6 1 9
440 7 1 1 4 6 8 5 5 0 9
470 8 8 2 5 0 4 4 3 8 7
476 4 4 7 2 8 6 8 4 0 4
518 4 7 3 2 7 5 6 5 6 9
530 7 0 4 6 8 1 7 5 1 8
3
428 4 3 7 0 4 5 7 8 7 3
556 9 8 1 8 9 8 7 9 4 1
608 8 4 5 8 3 4 9 9 5 7
1
408 6 4 3 5 1 7 7 0 7 7
2
414 2 8 1 8 1 5 9 4 9 3
446 2 2 8 9 0 9 1 3 3 9
6
272 3 2 1 6 5 2 1 9 1 0
364 1 1 4 3 0 8 7 3 5 9
376 5 1 4 1 3 1 7 4 4 6
408 2 2 4 6 4 3 5 5 8 6
422 4 1 8 3 0 2 8 1 9 3
644 4 7 9 5 9 1 5 8 8 9
5
338 5 7 2 1 3 8 8 2 1 0
350 3 1 5 5 7 7 8 3 1 2
358 4 7 1 5 4 2 2 5 1 6
420 2 5 3 2 7 1 6 9 4 7
498 5 1 5 7 2 9 6 2 9 8
6
328 0 0 6 5 5 6 0 4 9 2
328 2 4 3 4 2 8 2 3 6 4
396 6 7 0 7 2 1 1 3 8 3
416 6 6 0 2 8 0 4 2 3 6
454 3 4 8 8 7 1 3 2 7 4
498 9 5 0 4 8 5 1 6 6 9
2
374 2 2 6 5 3 3 5 8 0 3
380 0 3 5 0 6 9 1 8 9 5
2
292 1 5 7 1 1 9 5 2 0 1
464 8 3 0 5 7 8 3 3 5 7
2
356 3 2 3 4 2 8 3 8 5 4
442 7 7 1 5 5 9 3 4 2 8
10
300 7 3 1 0 0 9 7 4 0 5
322 4 4 0 9 0 4 0 1 4 8
322 1 4 4 1 7 4 0 5 2 8
338 1 0 4 7 9 2 3 8 7 0
340 0 2 9 2 2 4 4 8 3 3
406 0 1 8 7 4 9 3 8 0 7
416 7 3 5 1 3 9 7 9 2 3
456 8 6 2 8 4 7 6 0 8 3
490 3 8 8 2 9 7 4 8 8 2
560 5 3 5 8 9 9 3 5 9 7
6
358 1 6 1 0 9 9 4 9 3 4
370 6 3 1 6 2 2 3 9 3 3
404 4 8 2 4 4 3 1 7 4 7
430 0 8 4 4 8 0 9 6 0 4
510 7 7 1 2 7 2 8 6 5 6
544 7 6 9 1 4 6 0 3 5 9
2
340 0 0 8 3 3 0 6 1 6 4
494 9 9 9 1 0 7 7 4 1 2
6
302 1 7 8 0 0 6 3 2 6 0
358 1 2 9 2 8 7 4 5 2 1
398 4 9 1 4 3 1 6 3 4 4
420 4 6 4 3 2 8 4 4 8 4
500 3 4 8 4 7 9 5 6 7 5
508 5 6 6 4 6 2 9 4 6 6
3
312 2 8 6 0 5 6 3 5 2 0
480 7 0 0 9 9 0 7 8 4 5
482 5 7 1 1 1 2 9 3 9 9
9
332 3 8 8 3 2 5 0 3 4 0
358 3 7 7 4 3 1 3 4 1 1
384 4 6 0 0 7 4 3 8 0 8
406 5 2 8 9 0 8 2 4 1 4
470 3 7 9 3 0 4 0 5 8 7
486 9 2 5 6 4 4 3 7 3 5
490 3 8 6 8 2 6 4 9 6 6
492 8 0 4 5 2 5 6 2 9 8
536 9 3 9 6 5 0 0 8 6 2
10
290 0 2 2 9 6 7 7 7 2 0
310 2 3 0 7 9 2 4 3 4 3
346 3 1 5 0 7 0 2 1 7 4
348 1 6 6 0 8 2 0 6 5 4
394 6 3 6 8 1 6 4 4 3 3
406 7 2 4 5 1 7 7 4 3 1
426 8 2 0 5 2 5 8 7 4 2
430 3 8 1 6 3 9 6 5 6 6
464 8 6 2 3 6 5 4 9 1 5
478 9 1 1 9 7 0 4 9 8 1
2
392 5 7 3 9 7 5 4 1 3 1
450 7 2 9 6 1 1 3 4 5 0
2
454 5 8 8 0 3 0 7 2 0 8
504 4 6 0 7 5 8 9 6 6 7
10
262 3 9 3 0 0 1 0 0 1 4
360 5 3 3 6 1 4 5 7 2 1
394 0 5 5 7 6 7 3 4 6 5
424 5 5 6 9 2 4 4 2 9 1
430 4 3 4 6 7 1 5 5 4 2
442 9 7 1 9 1 8 8 7 0 2
462 7 2 3 5 9 3 0 3 5 9
498 8 2 8 0 6 9 8 3 2 7
510 8 0 5 8 5 2 0 9 3 7
570 5 9 7 6 6 0 9 9 4 2
6
278 1 0 8 0 4 5 0 1 7 1
284 4 9 1 0 8 4 4 0 3 1
342 7 0 7 1 5 7 2 0 4 0
390 1 9 2 2 0 3 6 4 7 8
458 5 5 0 9 7 8 9 4 6 1
506 9 9 0 8 9 8 3 4 8 2
5
238 1 0 1 6 4 1 3 5 3 2
332 7 5 1 5 0 4 3 2 2 2
448 1 2 6 9 6 8 1 3 6 9
512 4 9 2 3 6 3 9 6 8 7
580 4 9 7 3 5 0 4 9 8 8
7
312 2 1 0 2 7 7 4 6 8 6
366 2 3 2 9 2 2 5 5 9 3
388 0 6 7 2 9 4 1 6 6 1
406 3 7 8 1 1 8 2 2 8 6
424 5 7 5 2 2 9 5 6 9 2
518 9 7 5 5 6 7 3 8 0 4
546 9 1 2 5 2 1 8 9 7 7
4
238 2 5 2 4 3 8 2 3 1 2
350 7 2 0 5 0 4 9 9 0 3
436 1 3 3 4 7 6 6 8 6 7
470 0 7 9 5 9 4 9 3 4 1
9
248 4 1 0 1 1 5 5 0 3 7
334 2 9 3 5 6 5 0 5 5 0
394 4 5 4 8 1 3 4 1 5 4
406 3 9 0 6 2 9 7 5 3 8
410 1 6 5 4 7 2 5 5 6 3
410 2 2 7 2 4 5 7 5 1 5
442 1 8 5 1 9 0 7 7 6 2
506 7 7 7 9 6 5 0 1 8 5
558 9 3 9 1 2 4 5 2 5 9
6
348 1 6 8 1 0 7 5 9 3 0
444 1 6 6 9 7 1 4 2 5 3
456 0 7 4 4 6 0 9 7 5 4
492 8 1 4 6 7 3 6 9 3 4
496 9 9 5 4 0 2 7 2 4 4
544 8 5 7 9 8 8 1 0 9 4
9
286 1 8 0 3 0 3 5 6 6 0
346 2 9 6 0 7 4 3 6 1 2
364 3 5 7 0 0 8 9 0 3 7
380 4 7 4 7 5 2 6 2 2 0
406 6 3 7 3 5 5 3 1 4 2
410 4 8 4 7 0 7 5 8 5 2
430 4 3 2 7 4 5 9 2 3 9
430 6 2 5 3 6 1 7 2 0 6
430 4 5 8 7 0 1 7 1 7 0
6
276 2 0 1 3 7 6 0 9 0 4
322 6 1 3 6 1 0 0 6 1 5
342 1 4 4 7 6 6 0 8 9 0
400 2 0 7 1 9 9 2 8 5 4
438 6 3 1 9 3 7 5 8 5 5
450 8 8 0 6 7 9 8 6 5 1
5
348 2 0 6 4 6 3 4 2 0 4
424 5 1 4 4 4 0 3 5 8 5
472 7 7 2 5 5 8 6 4 9 5
520 8 8 0 8 8 5 7 1 7 5
536 8 2 6 3 8 5 5 6 5 6
8
238 2 4 4 7 2 5 3 0 0 0
328 5 3 2 3 1 4 5 2 6 3
390 6 7 9 0 3 2 0 3 3 3
400 6 1 1 9 9 7 0 0 8 4
422 2 1 3 8 2 8 9 0 7 8
442 0 6 7 4 3 4 7 2 6 8
494 6 6 6 7 6 2 1 3 7 7
520 9 6 6 8 7 6 1 2 1 3
6
326 1 5 0 0 2 9 1 8 7 9
336 6 0 2 5 2 0 7 8 1 2
406 6 0 7 0 6 8 6 1 9 3
416 5 0 2 1 2 4 6 9 4 8
418 1 3 1 6 7 8 9 7 4 7
494 1 4 8 6 6 2 2 9 6 6
5
412 5 9 2 9 4 7 3 1 7 1
416 8 8 1 6 8 8 1 4 0 1
452 9 3 2 2 2 2 1 7 2 9
454 1 5 6 5 3 6 9 4 4 7
478 4 7 2 0 3 2 9 9 7 7
1
340 2 7 0 7 7 2 4 2 0 3
6
356 1 1 4 3 0 5 8 7 7 6
392 2 4 9 7 7 6 0 0 7 1
404 5 5 3 9 6 7 0 1 9 4
418 2 8 5 4 0 0 2 4 6 8
470 8 0 2 8 8 1 7 7 6 0
644 9 0 9 9 9 7 2 8 4 8
2
318 0 6 5 7 9 3 1 1 1 4
392 4 5 5 1 8 2 3 4 4 2
10
266 1 5 1 7 0 8 5 3 6 0
340 2 7 2 7 3 0 0 0 6 5
366 2 0 9 2 7 3 6 4 3 1
390 6 8 2 6 0 9 3 7 1 3
396 3 1 2 5 1 8 7 1 8 9
402 1 1 2 7 8 9 5 2 7 8
404 8 7 1 7 2 7 6 1 1 3
432 8 4 4 3 2 5 5 1 5 7
492 0 7 7 5 9 1 5 9 2 4
656 9 9 8 6 4 3 8 3 5 8
8
162 0 4 1 1 0 7 2 6 3 1
362 4 5 2 5 0 7 7 6 4 4
368 8 9 0 2 5 2 4 3 2 2
374 1 8 0 5 2 1 9 5 2 9
402 1 1 9 0 4 2 8 8 5 5
432 7 3 0 7 8 9 1 8 5 3
476 8 3 5 9 9 0 4 4 3 1
550 3 3 9 9 3 4 8 0 7 9
8
266 1 5 7 9 0 3 0 1 1 0
316 0 9 2 4 0 5 9 8 5 0
370 2 6 4 4 6 6 9 0 5 2
376 0 8 6 0 2 1 3 8 6 3
404 8 6 0 1 9 4 1 0 5 6
410 1 9 4 3 8 2 9 1 0 8
562 6 8 4 8 7 7 6 5 3 7
644 9 6 7 9 7 7 7 2 5 6
10
332 1 1 7 4 4 3 3 6 4 2
346 1 8 3 6 3 8 7 1 9 1
350 0 8 6 0 2 0 9 8 4 1
388 2 4 1 4 9 5 3 8 6 3
428 8 4 1 7 1 4 6 2 3 5
430 4 4 6 4 6 7 7 6 1 2
460 2 0 8 6 8 0 7 5 1 5
464 8 0 3 7 8 0 4 5 4 6
480 9 9 0 3 7 5 4 6 3 5
520 8 8 1 9 9 4 7 7 5 2
2
260 5 3 4 1 0 6 0 7 2 0
290 5 1 1 6 4 8 0 2 7 0
9
370 3 2 8 0 1 1 6 3 4 7
432 7 1 7 4 1 3 0 5 2 6
432 3 2 5 7 4 7 3 3 5 9
432 4 7 5 3 9 2 1 9 6 1
444 3 9 2 3 2 0 9 8 5 3
460 7 2 7 5 2 1 1 2 1 9
472 5 7 4 5 8 5 8 8 3 0
480 6 2 8 6 9 4 4 4 3 3
548 9 7 7 2 7 3 5 9 3 4
2
398 6 7 3 4 7 8 2 1 3 6
514 9 9 5 1 3 5 9 9 5 1
2
398 5 3 9 5 2 3 2 6 6 1
416 0 8 9 4 0 6 3 3 9 6
6
308 1 3 7 3 2 7 7 3 3 2
318 1 2 0 5 3 9 6 4 7 8
386 8 1 3 8 5 6 3 2 6 2
506 5 9 9 0 6 2 0 1 7 9
588 9 6 5 1 6 6 9 6 8 5
648 6 9 9 7 6 9 9 6 2 7
1
504 8 8 1 8 7 4 1 6 8 2
4
268 0 5 1 2 0 4 1 5 4 7
288 4 7 1 1 0 7 2 1 5 3
432 2 0 8 9 6 1 0 0 7 7
438 8 3 6 2 3 6 6 7 5 0
6
296 0 4 3 0 2 8 7 9 4 3
388 5 2 7 3 1 5 8 0 1 3
390 4 3 5 6 3 1 9 1 1 6
518 8 7 6 4 1 1 2 6 9 5
528 9 8 1 3 5 1 9 5 2 8
590 9 5 4 4 6 4 3 6 8 9
4
348 2 5 5 5 8 5 1 6 4 1
392 6 8 2 6 7 9 2 2 0 1
442 2 9 4 3 9 3 3 4 7 3
486 7 8 6 0 4 9 0 6 6 5
7
310 4 1 0 7 0 5 8 8 6 1
318 1 0 6 7 3 0 5 0 1 5
374 6 8 0 7 1 2 8 2 0 1
388 2 4 8 7 8 6 1 3 0 5
414 6 2 5 0 1 6 4 8 4 4
424 1 2 2 2 7 6 6 9 9 5
526 9 9 5 5 9 0 4 2 5 2
8
306 5 3 1 1 4 3 2 2 6 2
314 6 9 3 1 2 8 2 2 1 3
366 1 8 2 2 2 7 7 9 2 6
366 8 0 4 2 9 2 0 0 0 7
424 5 9 6 5 4 5 6 5 0 0
504 7 8 5 2 4 4 9 1 8 5
542 8 6 7 9 5 5 0 9 4 4
666 9 5 9 4 6 1 4 9 9 7
9
322 0 8 1 6 3 5 6 4 0 6
400 6 7 0 4 0 8 0 3 9 7
430 2 8 2 9 6 6 8 9 6 1
444 8 2 7 7 1 2 9 0 0 5
446 7 3 7 0 5 2 5 9 2 1
446 6 0 1 7 5 8 9 4 8 7
456 7 1 6 6 2 1 4 9 9 0
462 4 7 3 6 9 9 0 8 6 5
520 7 9 8 3 9 9 8 2 5 1
6
286 5 3 1 0 5 7 2 3 7 3
324 2 6 0 4 8 5 4 7 4 1
324 8 1 5 2 0 5 6 2 0 0
406 1 1 4 7 2 5 7 2 9 9
472 3 9 3 5 5 4 8 7 9 0
604 7 8 9 4 9 0 4 4 7 7
1
392 3 4 7 6 9 4 4 1 8 0
7
322 6 2 1 0 4 8 6 2 4 4
398 8 7 7 1 1 8 3 1 1 1
410 3 2 8 9 7 6 0 0 6 2
420 9 0 2 2 2 2 6 4 7 3
532 8 7 9 4 3 9 5 0 3 8
536 7 2 5 6 8 7 7 8 6 2
568 7 5 6 3 7 9 8 9 6 3
6
410 8 2 3 4 3 7 4 3 0 7
448 7 6 2 4 8 9 0 3 1 8
460 7 4 8 2 2 6 2 1 4 7
488 5 9 7 9 6 9 9 1 2 1
530 9 4 8 1 9 9 0 5 5 7
546 9 3 6 9 7 7 2 0 1 8
5
342 1 7 6 7 4 4 3 5 5 0
376 5 0 6 5 2 2 2 2 0 9
420 8 9 4 1 1 7 3 1 3 7
438 4 0 9 8 7 4 4 2 9 2
494 8 4 0 8 5 9 8 7 8 1
1
460 5 4 7 8 4 8 5 3 4 1
1
314 1 8 0 2 4 1 9 1 9 2
4
362 7 7 2 8 0 3 2 3 3 0
378 4 0 1 7 9 4 1 9 2 2
398 4 2 2 0 7 5 8 5 8 5
476 2 1 5 8 6 4 8 8 5 4
3
384 7 9 0 6 7 5 0 2 3 2
402 7 0 4 8 5 6 3 0 2 7
460 4 4 4 3 9 1 4 6 8 5
2
314 9 2 0 2 0 0 1 7 5 3
390 3 9 2 4 1 1 5 1 6 9
7
242 1 0 2 7 8 4 3 1 2 2
350 7 6 4 2 0 6 4 2 4 3
420 1 4 4 5 5 6 3 9 2 8
460 9 9 1 5 3 7 7 0 5 6
488 5 3 9 9 0 7 1 9 3 3
500 4 3 8 3 9 8 9 1 0 8
550 7 9 8 7 7 9 3 1 1 8
6
376 5 7 1 9 1 6 1 8 6 1
392 9 1 5 3 2 1 3 4 6 1
402 6 8 4 4 1 9 2 2 1 8
408 6 6 4 2 3 2 5 1 4 6
482 3 0 7 9 0 1 5 6 8 9
544 7 6 0 2 7 1 9 8 5 9
7
338 4 3 5 0 0 4 3 5 7 5
366 2 9 0 8 8 5 0 6 5 1
390 5 4 5 7 7 3 3 6 0 0
430 5 9 1 6 4 0 0 7 5 5
458 2 6 3 2 9 1 4 4 5 9
466 7 3 1 5 1 4 7 5 6 9
502 8 6 7 5 9 5 0 8 5 0
5
302 3 4 2 2 5 7 1 4 2 7
336 3 8 1 7 3 9 4 2 4 2
386 0 3 9 7 8 5 3 3 7 0
392 1 9 9 4 0 6 2 5 5 3
450 8 3 4 3 6 0 6 1 8 1
10
362 7 2 8 2 0 3 0 4 4 3
390 3 8 5 0 8 2 1 9 5 0
400 3 4 0 4 9 1 3 9 2 5
406 6 9 8 2 0 4 0 3 6 0
416 6 2 5 5 3 5 3 0 1 9
418 1 6 1 6 7 6 6 7 2 6
436 4 2 8 5 2 7 8 5 5 1
474 2 2 8 5 8 3 8 9 7 1
514 4 8 4 6 5 8 5 7 9 3
564 6 8 7 9 7 2 0 7 6 3
8
244 0 1 0 2 5 5 4 5 3 4
318 3 3 0 7 3 0 7 1 3 4
358 3 1 0 8 5 0 9 1 2 6
388 4 1 8 2 9 0 1 2 2 6
436 2 6 6 5 0 8 3 8 0 9
436 9 6 1 3 5 3 9 3 1 1
472 6 2 6 9 2 2 7 5 3 4
642 8 7 9 5 5 7 7 0 7 9
6
390 0 2 7 5 2 2 4 3 9 9
408 4 8 3 0 0 7 0 8 8 9
424 2 7 7 4 9 5 5 2 0 5
448 7 3 6 2 5 4 3 8 6 4
486 1 9 9 7 2 9 4 8 9 1
552 7 7 8 3 3 8 7 1 6 9
2
376 7 7 1 4 3 6 4 3 8 1
416 5 3 5 2 3 4 3 4 7 5
10
372 3 3 0 7 6 1 9 0 5 6
414 6 6 0 6 8 4 0 6 4 4
416 4 2 7 9 1 9 4 5 9 1
420 6 4 5 4 2 2 8 8 3 2
424 3 4 5 3 3 0 3 9 5 8
466 6 1 9 6 7 0 2 1 1 7
474 6 9 6 4 1 8 5 7 0 7
486 7 9 6 3 0 0 4 7 4 5
500 9 1 8 0 9 9 3 2 5 5
562 9 8 2 5 7 4 2 6 5 9
5
274 1 4 1 1 5 8 6 4 1 4
296 8 2 1 8 1 5 0 0 1 5
414 7 4 3 3 2 9 7 6 3 5
424 4 3 9 6 6 9 1 4 1 3
502 5 9 5 3 4 3 8 4 5 8
3
416 9 5 7 5 3 8 0 0 5 0
500 6 9 4 5 2 8 8 4 6 6
636 5 9 7 8 9 5 3 8 8 8
7
188 0 3 0 1 2 9 2 1 5 5
350 0 3 8 8 4 4 0 5 3 2
360 1 6 0 3 5 2 9 6 5 6
402 8 0 0 7 9 4 1 7 7 3
458 3 2 9 8 1 2 0 8 6 6
494 8 1 1 8 8 1 0 8 4 7
552 9 4 8 3 8 9 1 3 4 6
5
442 2 9 7 4 6 8 6 1 1 4
474 6 3 4 5 7 6 0 7 8 6
492 9 9 7 8 3 9 4 4 2 1
492 3 7 9 6 1 0 1 8 9 5
546 6 5 9 1 4 8 5 6 5 7
4
366 8 8 0 3 6 0 5 0 4 2
400 4 6 8 3 1 4 3 3 2 4
432 9 7 1 9 7 2 1 4 4 0
540 2 8 7 4 9 0 8 6 3 6
3
260 6 0 1 0 2 3 2 2 7 4
428 8 0 3 3 6 2 0 4 4 7
656 7 6 8 7 8 4 8 3 9 7
9
308 0 3 4 8 5 8 0 5 6 3
376 8 2 3 6 0 5 0 8 9 0
428 3 7 6 8 4 4 3 6 2 3
430 7 1 2 3 5 5 8 9 7 0
438 3 0 8 5 5 3 2 9 8 1
514 2 2 9 4 6 9 5 6 4 9
522 7 5 2 8 9 0 9 3 3 5
532 5 6 6 6 7 8 7 7 5 6
570 3 2 9 9 9 2 6 8 2 6
9
354 1 0 5 8 1 1 3 8 9 2
366 1 8 3 5 3 3 9 1 4 3
414 3 6 8 8 1 9 1 5 0 5
416 2 2 2 7 8 5 9 5 0 5
472 6 7 7 3 4 8 8 0 7 1
486 8 9 2 3 6 5 7 9 4 0
488 1 8 6 6 7 8 8 0 8 9
488 8 9 0 2 6 1 9 0 8 5
536 7 1 8 6 5 4 7 1 5 6
5
254 4 8 0 2 3 4 4 2 3 0
344 1 8 3 3 2 5 0 7 7 3
426 0 0 7 9 8 7 7 1 7 3
458 8 4 4 7 3 1 5 7 0 5
478 5 8 3 6 9 0 0 0 1 9
2
370 4 7 0 0 1 1 3 9 9 3
432 7 3 0 7 6 9 9 8 0 1
4
324 0 6 3 5 3 2 1 3 3 7
362 8 1 6 0 1 2 1 8 6 2
368 5 5 4 2 7 7 1 0 1 5
370 2 3 0 6 6 6 0 8 9 8
4
410 7 1 0 5 5 1 8 4 4 5
472 9 2 8 5 3 9 4 2 2 4
494 7 7 6 2 6 4 8 0 3 4
550 8 9 9 4 9 2 0 2 9 0
8
230 0 9 0 4 5 2 0 1 7 2
308 6 6 1 0 7 1 4 2 4 1
310 1 1 5 1 9 1 9 0 8 1
386 3 5 1 7 5 6 3 2 7 7
396 0 5 6 2 6 8 8 3 1 5
436 7 1 0 2 8 3 4 9 2 9
438 4 2 6 0 8 5 0 2 6 9
438 6 8 8 2 2 6 5 4 6 1
3
356 6 9 6 1 0 4 0 6 3 1
446 8 0 1 3 8 4 8 5 9 3
632 7 6 5 8 7 7 7 5 5 9
2
480 7 0 7 4 8 5 5 3 2 5
516 7 2 5 3 8 2 6 4 7 9
9
314 0 8 7 1 1 3 7 0 1 6
358 1 3 4 6 1 4 3 9 9 2
376 6 6 5 7 4 2 0 1 4 1
422 2 7 7 2 3 1 9 0 6 3
444 0 8 9 9 4 8 4 3 7 2
458 6 8 9 1 6 3 4 3 3 2
464 9 3 0 9 0 3 7 4 7 5
518 7 9 5 7 3 4 7 8 4 0
520 9 8 6 7 2 4 3 6 4 1
7
252 0 0 0 6 1 1 3 6 8 4
386 2 2 2 4 7 4 7 4 3 9
394 0 9 5 9 9 7 2 5 4 2
448 5 6 6 1 6 9 0 6 4 6
470 0 7 9 6 7 4 6 7 2 3
494 7 6 9 6 0 3 0 0 8 8
498 1 7 8 1 3 1 7 7 7 9
5
364 0 1 9 0 8 1 8 1 3 6
390 0 9 9 0 5 3 0 1 9 4
428 2 3 8 0 6 7 2 7 3 6
456 1 8 6 6 4 1 5 7 7 6
548 7 4 6 7 5 8 4 7 0 7
2
406 5 7 3 5 7 7 7 1 0 4
514 6 4 7 7 5 5 6 2 3 9
5
334 5 2 3 0 8 3 1 6 1 5
360 6 6 0 3 1 5 9 7 1 4
388 2 6 2 5 2 5 5 9 6 4
422 4 9 0 4 2 6 8 1 5 7
556 6 6 8 5 7 0 5 8 2 7
5
268 1 3 1 6 4 9 1 6 3 1
378 1 1 3 6 2 1 8 7 5 6
404 5 5 4 4 3 1 5 6 9 0
444 4 0 5 0 6 9 8 3 6 8
458 8 4 5 8 3 5 0 2 6 4
10
248 3 4 1 8 6 8 2 1 0 0
294 0 4 5 3 0 3 0 5 8 3
368 6 2 4 1 9 3 6 2 4 0
376 3 3 4 0 8 6 5 3 4 6
386 6 8 0 5 2 5 7 4 5 3
442 8 0 1 1 7 7 7 7 1 8
446 1 8 2 8 9 1 4 2 9 7
480 8 7 0 2 6 5 2 7 4 9
500 8 0 3 8 8 0 3 4 5 6
506 9 1 7 7 6 4 0 1 5 9
2
296 2 4 3 1 7 4 1 1 4 5
482 2 4 2 3 7 1 9 9 7 8
3
350 0 3 4 8 6 5 3 0 3 9
380 0 6 8 3 4 4 6 6 2 3
444 5 8 1 9 9 7 2 2 0 7
5
442 8 7 1 4 8 2 4 0 8 5
460 7 2 7 7 1 1 1 7 9 4
476 7 6 5 0 9 6 1 6 1 7
480 5 1 6 3 8 2 7 1 2 8
492 8 4 3 1 7 5 7 6 0 9
1
482 5 7 5 3 7 7 4 2 8 7
6
310 1 3 7 3 3 5 0 6 1 1
372 1 8 4 0 9 2 4 7 8 1
390 0 4 3 2 9 1 3 1 7 9
408 8 9 2 6 0 5 6 1 5 0
514 7 9 6 4 8 3 5 2 9 2
574 9 1 9 1 8 5 7 9 9 3
1
526 8 7 1 8 8 8 6 1 6 5
4
334 2 1 4 3 1 4 6 5 2 5
458 7 3 1 4 5 6 8 4 2 9
504 5 8 9 3 4 7 3 4 5 4
554 8 3 8 3 1 1 4 9 2 9
6
322 2 2 3 1 0 9 7 7 8 3
352 0 9 2 1 7 6 0 5 2 7
374 6 8 3 6 2 9 3 0 4 2
418 8 5 2 2 3 2 8 4 7 0
450 0 8 3 9 2 2 5 9 4 8
498 8 1 8 7 7 8 1 1 8 5
1
260 0 6 0 2 1 9 2 4 5 5
2
470 3 7 8 2 6 6 6 3 4 3
502 1 5 7 4 8 2 8 4 7 8
2
336 2 7 2 2 1 3 8 1 5 5
494 6 1 4 6 7 1 8 8 0 4
2
482 4 9 8 8 0 7 1 4 5 7
516 5 5 9 7 0 1 7 5 8 5
9
306 3 0 0 7 5 5 1 6 5 3
408 7 3 1 3 3 7 0 9 8 3
424 0 6 9 5 9 5 8 0 1 1
432 7 2 2 7 1 3 3 2 8 8
438 5 3 3 4 7 9 4 1 9 7
438 4 6 6 5 8 0 7 5 1 1
456 4 3 0 7 9 2 5 9 1 6
470 6 9 9 9 2 0 1 2 3 1
568 9 8 8 0 0 1 9 2 7 9
5
340 8 6 1 2 0 5 0 0 2 7
366 1 5 1 9 7 2 7 8 6 1
478 2 9 6 9 9 9 5 1 5 4
512 9 9 2 6 8 0 1 1 9 6
560 7 6 7 8 7 8 6 7 7 2
4
330 0 7 3 4 6 4 0 8 2 5
414 3 1 5 1 4 4 6 5 9 5
452 0 5 6 1 4 2 7 9 3 9
482 7 8 5 6 9 5 2 0 8 3
7
364 8 1 1 9 4 2 0 8 4 0
382 0 6 4 5 8 0 2 1 7 7
412 9 1 4 3 0 0 4 7 7 1
426 7 1 9 0 1 9 1 1 0 9
458 7 8 5 1 1 8 9 0 6 3
490 6 0 6 6 2 6 6 5 7 5
536 9 8 2 3 1 4 9 9 9 4
4
192 3 2 1 1 9 8 1 0 3 0
262 1 1 1 4 5 0 6 5 0 5
322 2 7 2 5 0 3 3 3 3 5
496 7 7 4 9 6 4 4 3 1 5
2
354 0 5 4 9 4 3 1 5 5 4
536 9 9 2 2 9 2 5 2 7 4
10
278 0 3 3 2 4 3 7 4 2 2
284 3 0 1 3 5 2 7 5 0 5
312 0 8 1 0 1 7 9 6 6 4
372 8 5 1 0 4 8 3 4 8 4
382 4 8 5 0 5 4 1 6 8 0
410 1 3 8 4 7 1 5 5 8 0
444 3 6 8 2 9 7 8 0 9 2
472 6 7 5 2 9 3 2 7 6 4
496 2 6 8 3 9 5 9 1 0 9
542 7 7 2 6 3 2 5 4 9 8
9
224 1 3 7 0 0 6 3 3 1 0
320 0 2 2 3 7 3 5 2 8 6
350 8 2 1 1 1 6 1 8 0 8
378 0 1 4 8 7 1 4 3 6 5
384 1 5 5 1 9 3 2 2 6 6
442 0 2 5 5 2 3 4 9 7 9
480 4 6 7 7 9 6 2 7 9 1
534 9 8 0 4 8 4 6 5 1 8
600 6 4 9 5 3 8 8 7 6 7
2
418 0 6 9 3 2 9 5 3 3 6
580 9 4 7 7 2 6 2 9 4 9
4
400 8 1 3 3 9 0 0 5 6 0
434 2 4 6 3 9 4 5 2 5 6
498 3 9 8 2 0 2 6 1 8 9
518 4 5 8 6 5 1 8 4 4 6
9
334 1 1 4 1 3 7 7 6 6 2
378 3 4 5 5 0 7 6 4 1 7
382 6 1 1 5 6 6 3 5 6 4
466 6 4 3 1 8 7 4 6 9 6
474 8 6 6 0 4 7 4 6 2 6
526 6 5 8 0 1 7 7 8 5 7
532 9 6 3 6 9 6 7 3 2 3
540 8 5 5 9 2 3 8 8 9 0
596 8 7 8 6 5 4 4 6 1 9
9
130 0 1 0 0 1 9 2 5 0 4
366 7 4 1 9 5 9 1 3 6 1
390 6 6 0 2 4 3 2 2 8 5
414 4 0 5 8 2 5 5 2 5 5
502 9 9 0 9 6 8 5 0 4 6
522 4 8 5 3 7 6 2 8 7 8
558 9 9 1 6 8 7 8 5 8 3
570 8 8 9 4 8 8 3 8 8 1
576 4 5 7 8 9 9 3 7 7 8
2
234 0 7 1 3 2 8 2 1 7 0
512 8 9 8 2 0 5 1 7 8 5
2
466 1 9 6 0 2 1 0 8 8 9
468 5 9 5 0 8 6 0 7 8 4
10
118 0 0 1 3 1 0 6 0 2 1
344 1 3 4 7 4 1 1 2 3 9
380 9 2 6 4 1 9 1 5 4 2
384 5 2 1 8 7 3 9 2 4 0
394 8 4 3 1 1 7 6 5 8 3
396 2 9 6 8 7 4 2 0 3 3
400 0 7 4 8 6 7 9 0 8 1
404 6 5 3 0 1 9 3 8 5 8
540 6 6 7 8 2 1 7 5 5 5
578 5 0 9 2 9 6 8 8 7 8
6
226 3 1 0 0 5 7 3 5 9 1
342 3 6 2 3 8 3 1 0 4 5
354 4 4 4 0 4 9 0 7 0 6
380 8 0 7 0 4 1 0 0 6 3
394 8 0 2 4 8 0 0 5 3 3
534 7 4 3 7 9 2 7 8 2 5
8
300 0 9 5 0 8 0 2 3 3 2
348 4 5 1 4 3 3 7 1 5 4
394 0 9 0 7 8 2 7 4 7 6
424 5 9 2 9 4 1 0 5 2 4
442 9 4 6 7 1 9 5 6 2 0
452 1 6 9 8 0 6 4 0 9 7
532 6 7 9 1 3 1 2 9 5 7
560 4 9 8 4 3 8 3 4 6 9
8
328 2 5 4 2 7 4 9 2 1 2
368 3 5 2 8 3 4 6 0 0 8
386 2 5 6 5 1 8 4 4 9 5
420 4 0 8 4 1 8 9 8 9 0
426 5 6 4 8 5 6 3 0 7 6
486 8 6 1 5 6 6 7 1 5 6
490 8 4 4 0 1 0 5 9 6 7
558 7 0 9 9 5 4 9 1 6 5
8
316 5 5 3 1 9 6 4 1 5 0
340 3 7 1 3 1 3 6 2 3 5
344 0 4 6 8 3 4 6 2 0 2
386 1 5 3 5 7 1 9 6 8 0
426 6 6 2 4 9 6 4 9 0 0
450 0 3 8 9 5 2 2 6 7 4
466 1 7 6 9 9 2 7 1 9 4
540 9 8 6 5 4 4 6 1 1 9
8
224 1 1 6 5 2 3 2 1 3 1
314 1 7 4 4 3 7 3 1 9 2
392 1 5 9 5 8 5 6 1 7 0
436 9 6 1 4 5 9 4 7 0 4
440 1 9 6 1 9 8 4 0 3 7
510 9 4 6 9 2 2 6 6 9 0
540 6 3 7 3 6 0 0 9 5 9
552 8 8 5 0 4 0 8 8 0 8
8
232 1 3 0 9 2 8 2 7 3 0
316 3 4 5 4 1 5 1 1 1 8
372 2 2 4 5 0 6 1 7 1 9
386 0 4 9 0 8 4 8 0 0 7
390 6 6 0 8 7 8 1 7 3 1
446 5 0 7 0 8 3 4 4 4 9
490 7 4 9 8 2 3 8 0 3 3
530 2 3 8 7 4 5 8 5 9 7
9
292 0 8 1 0 7 0 9 2 8 0
312 6 3 2 4 0 7 3 0 4 3
346 1 4 0 4 8 7 8 4 4 4
364 7 1 6 3 0 2 9 0 4 1
378 2 1 4 6 1 2 8 4 3 5
396 4 8 5 0 8 1 1 3 6 5
512 9 7 6 3 2 6 7 0 4 9
538 5 2 8 1 8 0 7 9 1 8
580 7 4 4 3 7 5 7 4 8 9
4
330 5 2 4 1 7 4 6 1 6 1
386 4 4 5 4 2 3 4 9 1 3
482 9 4 7 4 5 5 7 4 1 1
484 9 4 3 8 5 7 6 2 9 0
1
350 6 5 0 0 9 7 4 2 5 1
9
374 4 0 3 2 3 0 6 0 3 9
380 2 2 5 7 5 1 1 0 4 9
420 2 1 7 1 6 0 5 5 4 8
438 4 2 6 4 5 5 6 6 6 4
438 9 3 0 8 7 9 5 5 7 2
458 3 7 8 3 3 6 5 3 3 7
460 3 7 7 6 3 0 3 9 7 1
484 7 3 3 7 2 8 4 7 2 8
616 8 8 5 7 6 7 5 7 7 8
3
386 2 9 0 5 6 5 4 2 1 9
436 6 4 4 2 6 8 4 6 6 6
478 6 8 9 5 6 5 2 8 3 0
9
266 8 0 3 0 0 5 5 1 0 2
354 0 2 2 5 8 1 1 4 8 9
394 1 8 9 1 4 9 8 0 5 2
420 9 1 8 2 2 9 3 5 3 3
422 7 3 2 1 3 6 7 6 0 9
538 6 9 8 8 0 3 1 2 9 7
538 7 1 5 5 1 4 4 8 9 8
614 8 5 5 8 3 8 5 8 3 9
628 6 2 8 8 6 9 6 5 9 9
1
354 4 7 6 1 3 3 7 0 2 2
8
300 1 5 6 1 0 6 7 4 6 2
316 5 2 2 7 1 2 9 1 5 1
322 0 1 0 4 6 9 3 4 2 9
368 6 3 0 4 7 9 8 1 0 6
396 5 5 4 4 3 2 7 6 0 1
426 9 3 5 2 2 0 3 4 7 1
492 5 5 7 4 5 5 5 6 1 8
496 1 6 8 7 3 8 9 4 3 9
3
422 3 5 3 3 8 2 9 0 7 4
424 7 7 3 9 4 5 2 4 7 0
446 3 3 8 0 8 4 3 1 8 6
1
452 7 7 1 9 2 5 6 7 5 2
10
248 2 1 0 7 5 5 0 6 1 1
276 3 1 1 4 7 6 2 3 6 1
314 1 9 4 1 3 4 7 6 2 1
370 2 5 6 1 4 1 3 3 0 6
402 1 6 1 4 6 7 6 6 7 7
406 1 4 6 2 4 5 6 0 5 9
434 5 4 5 4 4 0 1 4 9 4
458 4 9 4 5 0 0 8 9 2 5
458 6 6 3 9 9 8 3 4 8 1
500 6 2 9 0 5 0 6 5 3 7
10
334 4 6 5 1 2 5 3 0 5 3
366 7 0 3 0 9 3 7 1 7 2
424 2 1 9 4 7 2 2 4 3 5
424 3 1 7 5 8 7 3 1 1 6
436 4 3 5 7 2 4 2 7 0 9
506 4 1 9 6 0 0 8 7 3 8
512 3 3 3 6 9 5 8 9 5 9
514 8 4 7 2 5 9 9 0 0 9
522 4 1 9 7 4 9 5 0 9 9
566 4 7 5 7 3 1 8 7 9 7
7
156 0 0 2 5 1 4 5 1 1 2
232 2 5 0 0 8 4 5 2 4 0
350 2 8 3 2 3 2 8 9 0 2
390 8 1 1 2 7 3 4 2 6 6
498 8 0 7 2 7 1 6 1 7 6
500 7 5 8 3 0 5 8 6 0 8
654 6 9 9 8 8 8 8 6 6 5
5
342 5 1 0 4 5 4 8 3 2 5
344 5 6 3 3 4 4 8 0 8 0
392 7 2 2 5 8 0 1 2 3 5
484 6 9 2 7 6 4 5 6 2 4
506 7 5 7 8 4 5 0 7 9 3
1
356 5 4 4 4 2 4 7 3 2 2
6
312 6 0 0 3 1 8 3 3 7 5
368 0 5 3 1 4 6 4 9 9 4
370 4 6 7 0 7 8 5 0 6 2
412 2 3 8 4 5 1 7 9 1 0
492 8 5 7 3 3 5 6 2 1 9
518 6 1 5 0 7 5 6 9 7 8
6
244 1 5 3 6 1 6 0 3 9 0
346 5 8 0 4 5 9 6 2 9 0
402 6 0 0 8 7 9 6 0 0 9
464 1 3 8 9 5 2 7 5 4 2
494 8 4 2 8 7 8 1 3 3 8
498 4 7 3 5 9 9 6 0 5 8
9
266 2 4 0 6 1 2 3 2 4 2
280 2 1 1 8 3 8 1 2 8 3
324 2 3 4 2 5 0 4 5 1 2
380 4 8 4 9 3 1 4 0 7 0
400 6 1 3 9 4 3 1 8 8 0
466 2 9 7 0 4 8 4 0 8 8
466 1 0 6 6 7 0 7 9 9 4
588 7 9 6 4 3 0 8 2 5 8
592 6 4 8 8 7 1 9 0 9 8
2
452 0 8 6 8 7 5 0 5 6 7
666 9 4 7 3 3 8 9 9 6 9
6
216 6 1 1 0 6 8 1 0 4 0
292 3 7 2 4 3 6 2 3 1 2
410 5 1 7 2 2 9 3 2 2 7
430 1 4 7 1 6 9 7 3 7 6
518 8 3 5 0 4 9 8 6 8 4
558 9 3 9 1 9 4 6 4 6 1
3
314 0 6 0 4 0 5 9 3 0 8
394 2 1 6 9 6 3 4 6 0 5
448 9 1 0 3 6 0 9 3 2 6
9
268 1 1 0 0 0 4 1 9 9 7
308 4 5 4 1 5 4 1 0 1 6
350 2 2 2 7 0 0 7 8 7 1
362 2 1 5 9 8 1 4 0 4 1
386 9 3 2 7 9 2 3 0 0 1
398 6 9 2 1 3 3 2 9 2 1
448 6 9 6 2 6 3 1 6 9 1
452 5 6 3 7 6 1 0 8 9 5
552 3 0 8 5 7 2 9 4 6 9
9
248 1 0 5 2 4 7 4 1 4 3
314 2 3 3 6 5 3 2 3 8 0
326 0 1 2 1 0 2 7 9 4 7
376 5 3 2 1 3 2 5 9 9 3
410 7 0 1 5 7 4 3 3 6 7
436 4 2 5 1 7 8 4 2 6 7
458 8 8 7 1 6 3 2 2 8 1
468 6 0 5 7 6 0 4 4 6 6
486 6 5 5 8 5 0 5 9 3 0
4
344 3 8 3 1 8 7 1 4 7 2
396 6 4 0 2 3 7 7 8 5 6
472 6 1 7 5 6 9 0 5 5 9
546 8 9 6 6 9 7 3 3 2 2
4
432 7 7 2 0 6 9 9 0 7 4
436 6 5 8 2 3 2 9 2 3 1
508 7 1 8 9 7 4 0 3 1 6
604 9 0 8 7 1 9 8 8 8 5
5
364 2 8 8 1 1 7 2 0 4 4
400 5 8 0 2 1 0 1 8 9 8
414 5 5 3 6 8 1 4 7 0 2
454 4 1 1 6 5 6 8 5 5 9
494 9 3 7 3 3 2 3 3 7 6
10
256 1 8 1 3 0 2 7 1 5 1
290 0 5 2 9 2 8 5 3 5 0
336 5 3 2 6 2 1 4 7 1 2
356 2 3 0 7 4 6 6 4 0 9
376 4 9 3 5 2 9 9 2 0 1
376 4 6 3 8 5 9 2 0 2 4
384 1 5 0 5 5 2 7 1 8 7
422 4 1 7 4 4 7 8 8 6 2
440 7 2 0 5 2 3 8 7 1 9
448 0 2 9 8 9 8 3 1 8 3
9
226 0 0 4 5 7 1 1 0 3 1
364 3 7 8 7 1 5 3 0 1 2
400 4 3 0 0 8 9 9 4 3 9
416 5 4 1 9 1 5 6 3 2 8
422 8 2 0 6 4 5 1 7 3 8
438 5 8 3 9 7 2 0 8 3 2
442 4 8 5 1 3 6 9 9 3 0
492 9 5 9 2 6 3 3 2 4 1
500 3 9 8 4 3 7 6 3 2 7
5
256 2 0 3 6 0 4 7 1 1 1
336 5 5 0 4 2 8 3 7 7 0
356 1 6 0 3 6 0 7 1 5 9
382 1 7 7 3 5 8 1 8 6 0
422 6 8 8 3 2 7 3 0 3 3
8
262 2 0 1 3 3 4 8 4 1 2
284 3 2 3 1 6 0 6 1 3 1
350 6 4 7 0 2 3 0 6 3 2
456 7 7 0 0 6 4 8 6 6 7
494 7 4 8 2 7 7 7 5 8 1
498 7 1 8 1 8 0 5 0 4 8
504 9 8 0 2 4 8 3 6 4 9
522 4 7 7 4 7 1 3 6 6 6
4
424 6 7 0 9 0 2 1 7 1 6
434 4 3 7 1 2 1 4 9 7 6
490 8 1 9 2 4 3 6 5 7 2
504 9 5 5 9 5 6 7 0 5 2
6
398 4 8 5 1 9 9 3 5 1 4
432 2 6 6 5 7 4 1 2 8 8
440 2 5 3 9 9 7 3 8 1 3
450 5 4 5 9 7 6 6 1 1 2
476 6 0 5 4 4 4 8 7 8 6
534 6 8 8 1 1 1 9 7 6 4
2
308 2 5 3 5 1 9 5 7 6 0
484 6 4 1 8 8 2 6 9 9 1
3
308 9 2 0 0 1 4 6 4 0 4
472 9 3 0 9 6 7 0 6 3 7
474 8 1 9 6 0 5 6 5 2 3
5
424 6 8 0 2 9 0 7 9 0 0
428 2 1 5 8 6 9 9 0 6 7
498 0 8 3 4 8 7 6 7 7 9
510 8 7 1 1 7 3 6 7 5 9
536 7 9 0 8 6 9 8 9 8 1
2
350 5 4 2 8 6 8 2 4 5 0
488 7 7 0 7 8 9 0 8 4 7
6
226 2 3 0 4 0 2 4 5 4 0
384 6 8 2 5 7 2 0 7 5 1
404 4 0 1 8 2 0 6 1 8 8
436 6 5 4 8 1 9 4 6 9 2
440 5 4 8 5 0 4 1 7 7 1
486 2 8 9 6 8 9 4 7 5 2
3
490 5 6 9 0 2 2 1 6 7 9
500 8 0 9 3 5 3 2 4 1 8
590 8 6 7 1 3 4 7 7 4 8
6
306 3 3 1 5 6 4 4 7 0 0
320 4 1 1 4 0 9 2 7 4 7
382 0 4 5 1 9 6 9 7 0 3
454 1 4 7 7 3 8 5 1 7 7
512 6 9 3 9 1 5 5 0 7 7
586 9 8 9 7 6 2 2 3 4 4
8
326 2 7 0 6 5 9 0 9 2 2
370 1 6 3 2 9 4 4 6 9 3
406 6 8 2 3 6 1 1 3 0 5
406 2 1 6 5 4 4 9 6 1 7
444 9 7 6 6 1 4 0 4 2 2
480 6 0 9 4 5 9 5 2 5 6
496 2 7 2 6 5 8 5 9 7 9
604 8 5 5 7 8 3 4 4 5 8
7
232 1 2 2 0 6 7 2 1 1 7
304 0 7 4 4 1 1 6 0 8 3
314 0 8 5 0 8 8 5 0 5 0
314 0 2 1 4 4 1 9 9 7 0
316 6 7 0 5 2 8 3 1 5 0
402 3 0 7 6 2 7 7 3 2 5
508 6 7 3 5 3 5 7 9 1 6
4
328 8 3 0 1 2 3 0 6 8 1
426 2 3 8 1 4 4 8 9 2 5
456 7 5 5 1 3 0 0 2 6 8
458 0 6 7 4 8 0 9 5 9 2
8
268 1 0 5 1 0 5 2 2 2 7
380 0 5 3 7 3 2 9 6 8 3
422 4 8 1 5 4 2 9 7 4 4
452 5 6 4 2 8 3 2 3 2 7
534 9 3 5 5 2 5 5 7 1 9
576 5 2 5 9 9 7 9 6 1 9
582 9 6 9 7 2 0 2 9 3 6
608 7 0 8 6 9 6 8 7 8 7
10
268 1 4 7 1 3 4 2 2 7 0
282 0 5 2 7 1 1 2 5 2 6
366 3 9 0 8 0 8 3 3 9 4
368 6 6 0 4 1 4 2 1 8 6
370 4 2 7 2 6 8 6 1 2 2
422 2 5 6 5 3 5 6 4 0 6
444 1 0 7 2 6 2 7 0 9 9
468 8 2 6 5 9 7 2 6 1 1
486 5 8 8 4 6 2 0 6 7 1
486 8 9 1 5 9 5 3 2 1 8
2
432 5 1 7 7 5 7 0 5 9 3
438 0 9 5 9 4 2 8 7 5 0
7
396 3 7 2 9 5 6 2 0 8 4
434 6 1 8 4 0 8 4 5 6 3
448 3 5 3 9 2 8 4 5 7 9
454 6 6 7 6 9 0 3 1 4 3
466 4 2 3 9 5 2 6 7 1 8
488 3 4 9 1 9 0 3 2 8 6
530 5 7 6 9 8 1 7 2 8 4
5
258 2 6 5 1 0 0 1 2 5 2
374 3 5 2 6 1 2 4 0 9 7
404 3 3 2 9 7 4 4 7 2 5
424 6 4 5 3 1 6 5 5 7 6
512 5 6 8 1 9 3 1 8 4 7
10
330 1 1 1 5 4 8 2 6 7 7
382 8 4 2 6 5 6 4 8 1 0
384 3 3 5 6 6 8 5 2 3 2
442 5 5 2 6 9 3 4 6 1 5
454 9 0 7 1 6 2 5 4 5 4
458 5 2 8 9 3 9 8 2 7 1
474 1 8 8 6 0 8 1 8 8 5
480 2 8 6 2 3 4 4 6 9 7
482 2 9 8 7 8 6 7 2 3 1
572 8 6 7 4 3 6 4 6 8 6
8
354 2 1 7 1 1 5 2 9 0 8
378 0 0 7 6 9 3 7 5 0 3
396 6 1 4 0 1 9 2 6 7 8
398 6 1 0 2 2 7 6 8 8 7
430 6 0 2 8 5 6 6 0 4 6
452 1 1 7 8 7 2 5 8 8 2
478 2 7 4 6 3 9 5 9 6 6
484 2 0 9 3 7 5 6 8 8 5
10
312 0 5 2 2 2 5 4 9 0 8
326 2 4 0 6 1 2 8 4 8 1
350 3 7 0 6 3 6 9 1 7 1
380 5 3 5 6 3 1 0 0 7 5
404 8 3 3 2 4 6 2 8 3 3
450 6 0 8 6 3 6 5 0 7 3
498 8 0 2 6 7 4 0 8 5 9
558 9 2 6 9 9 2 7 5 6 2
570 9 8 5 5 5 7 0 5 5 9
620 5 8 6 6 6 3 6 6 9 9
8
290 1 0 4 6 3 6 8 0 2 2
314 1 1 4 2 1 1 0 5 8 7
392 9 1 5 5 4 8 3 3 4 1
414 3 8 5 3 7 6 0 2 6 4
442 8 9 7 8 3 9 0 2 3 0
470 6 4 0 4 4 0 9 5 9 5
506 7 8 3 8 7 9 9 7 3 1
520 9 4 9 4 0 6 4 0 9 4
6
274 4 1 0 4 6 0 3 5 7 0
330 5 1 0 5 2 7 7 4 3 6
388 1 5 2 0 3 0 9 7 8 6
418 7 3 4 4 8 6 1 7 1 4
422 5 2 8 9 8 4 2 0 3 1
566 7 7 6 1 9 4 8 7 9 5
8
244 9 7 0 1 0 0 3 0 0 1
296 2 4 3 0 2 6 1 6 5 5
408 2 2 5 6 7 6 7 2 6 3
460 9 7 8 4 0 0 3 7 3 1
514 6 1 7 6 4 8 3 7 6 6
534 7 4 6 4 8 2 0 7 1 9
542 6 6 7 6 1 4 6 4 5 7
574 7 9 5 5 2 4 6 6 9 9
3
342 6 6 2 8 0 8 6 0 0 1
418 7 5 3 8 3 3 1 5 6 0
514 4 5 8 9 9 6 4 6 3 3
3
342 1 0 7 7 5 7 5 5 4 0
406 9 3 1 3 8 3 2 0 3 6
444 3 8 5 1 1 8 9 4 6 8
8
360 5 7 2 2 7 6 0 5 0 3
362 4 1 6 3 7 8 0 1 7 3
414 4 2 8 0 2 6 4 6 1 9
432 6 8 3 7 2 0 6 1 2 3
448 8 7 5 3 0 1 8 3 2 3
528 8 0 8 9 6 1 9 0 0 4
556 9 8 4 9 4 5 6 4 7 4
588 5 5 6 9 9 1 4 6 6 8
7
344 0 6 4 1 4 6 1 1 9 9
362 2 4 1 7 9 5 5 7 7 0
390 9 3 5 3 1 9 7 0 3 1
472 3 8 4 6 3 2 1 8 4 8
472 7 2 0 7 8 8 9 3 4 6
494 7 4 2 2 3 1 5 9 9 8
608 7 3 8 6 5 0 6 4 9 9
5
372 0 7 1 5 5 9 7 5 7 4
470 4 2 9 1 8 2 6 3 1 8
474 1 5 8 7 8 0 2 9 8 0
556 6 4 7 9 1 1 5 9 4 6
572 9 8 2 4 2 4 8 2 7 9
3
246 1 6 3 5 1 3 0 5 2 1
412 4 2 5 6 1 8 5 1 9 6
544 3 3 9 6 7 4 9 6 3 8
8
400 0 6 9 4 0 0 4 7 0 4
440 4 5 3 2 9 0 6 2 6 6
452 9 8 2 0 4 8 7 3 0 8
464 2 3 9 6 8 3 7 3 0 4
466 7 0 9 2 0 3 9 4 8 3
468 5 8 5 4 7 5 0 9 0 3
502 8 6 4 1 8 0 6 3 4 7
506 9 4 4 3 7 3 7 1 8 3
9
278 3 0 6 2 5 2 0 3 1 5
328 0 2 4 8 4 7 7 6 4 0
440 8 4 4 2 8 3 7 4 6 1
440 2 7 0 3 7 3 9 6 4 8
442 2 8 3 8 7 1 7 7 4 0
450 4 9 1 8 4 2 6 3 3 5
454 2 7 6 5 0 1 9 0 9 5
546 5 2 7 5 5 9 5 3 9 9
570 3 7 8 9 8 1 7 6 0 9
8
180 0 5 0 0 9 8 1 2 0 3
388 2 0 9 8 2 1 4 5 5 3
504 9 8 7 7 7 8 0 0 8 1
532 9 2 5 3 8 4 9 0 3 9
542 3 5 9 9 8 8 8 3 6 2
544 7 8 6 2 5 8 8 5 8 5
558 5 6 5 9 2 5 4 5 6 9
646 8 9 7 6 5 1 9 4 5 6
7
226 0 2 3 7 0 0 4 6 1 0
428 0 5 8 9 7 0 0 4 6 3
434 3 6 5 6 6 9 7 0 7 5
438 5 2 3 6 5 2 8 6 7 1
514 9 3 0 7 9 5 8 5 9 1
532 3 7 6 7 9 1 9 9 4 4
548 5 6 9 4 2 7 7 8 8 2
4
372 6 7 1 5 5 7 1 2 0 5
412 6 5 3 4 2 1 6 1 5 8
450 2 6 9 8 0 8 5 5 5 5
478 8 9 0 5 5 4 0 7 4 8
4
326 0 5 7 0 6 0 7 2 8 0
344 1 8 3 9 3 3 2 2 1 5
392 2 3 4 5 9 3 6 8 0 4
542 3 4 6 8 5 9 7 6 4 8
9
320 5 1 2 8 3 8 1 4 0 3
336 1 7 8 1 0 1 2 5 7 2
400 4 6 2 2 7 4 8 3 9 1
440 9 3 3 1 1 3 6 8 5 6
484 0 8 6 9 3 5 4 7 7 9
484 6 9 6 2 8 4 4 5 0 4
490 7 3 5 9 7 2 3 6 8 3
494 7 9 8 0 8 1 3 8 1 3
526 4 9 7 7 3 9 3 9 1 6
2
410 4 2 9 3 4 8 2 3 0 5
422 7 0 0 4 1 9 8 8 8 5
3
396 2 5 1 2 7 7 9 8 0 6
402 1 4 4 8 6 7 0 6 6 8
568 3 6 9 8 7 8 9 8 5 2
1
552 7 5 8 6 2 5 6 8 3 7
8
262 1 7 2 1 5 3 2 1 8 1
302 1 0 2 2 0 4 5 7 0 9
350 6 6 1 2 7 8 5 4 4 0
402 7 1 0 0 5 0 6 8 5 7
426 1 3 5 1 5 8 8 8 7 7
436 5 7 9 0 0 2 1 6 3 7
468 7 2 0 1 7 2 8 8 8 5
494 7 1 3 6 4 3 5 4 7 9
10
246 0 3 1 8 4 6 5 4 6 0
324 3 0 1 5 0 8 5 5 4 6
358 1 6 9 0 8 5 7 1 1 1
370 1 2 4 1 3 9 5 5 7 8
404 1 2 8 4 7 7 9 9 1 0
434 2 1 6 2 9 2 8 1 3 9
452 7 7 7 0 2 7 7 5 3 2
482 3 9 2 9 4 3 5 0 7 8
500 9 9 6 8 3 0 0 2 2 3
504 7 3 9 3 5 2 6 1 2 7
10
320 6 2 2 2 4 4 0 2 6 5
342 8 3 0 9 4 4 3 0 0 5
384 1 9 1 4 9 0 9 9 4 0
412 0 3 9 3 1 3 6 3 8 9
420 1 0 2 8 6 5 8 8 1 6
426 2 4 7 8 7 8 6 6 2 1
440 5 5 2 5 4 4 0 6 2 9
556 7 8 2 7 1 1 7 9 7 7
568 8 8 6 0 8 7 5 8 6 4
568 6 7 6 8 9 7 4 7 8 1
6
248 1 4 0 4 6 3 9 3 2 1
350 5 4 0 7 1 8 3 1 3 7
376 0 2 3 2 9 7 7 5 1 6
426 3 8 5 5 4 0 3 5 3 5
520 5 5 3 6 9 3 6 4 9 7
542 1 4 9 5 9 7 7 6 6 6
2
172 1 1 0 4 0 2 0 0 3 7
254 5 1 4 2 2 0 0 5 1 2
1
518 8 9 2 7 0 0 7 4 4 9
3
374 1 4 7 3 4 4 6 8 4 2
482 4 6 3 6 4 9 4 8 3 8
504 5 1 9 8 5 8 7 0 7 6
