100 10
500 500 500 500 500 500 500 500 500 500
15
303 5 9 1 2 5 5 4 5 2 9
279 2 7 3 5 5 8 1 4 1 9
270 3 8 8 3 8 1 7 5 6 2
268 3 7 9 1 7 5 4 2 3 2
372 8 2 8 4 9 4 9 5 8 5
387 6 6 7 8 2 2 8 8 6 9
285 3 3 8 3 4 4 5 2 3 8
384 7 5 4 6 6 8 9 5 1 6
253 9 7 1 3 9 1 1 9 5 6
376 8 2 8 5 3 8 5 5 7 5
324 3 4 4 7 6 7 9 1 6 3
329 6 5 5 3 4 8 3 2 1 9
263 2 6 4 3 3 9 1 6 8 2
252 1 5 3 2 4 6 6 3 5 8
388 9 8 8 6 8 5 1 8 6 6
15
396 3 8 5 8 2 7 8 3 7 8
260 1 3 5 3 8 7 6 8 6 1
306 9 6 2 4 4 5 5 3 9 2
333 9 1 4 4 3 8 9 2 2 4
316 2 8 5 3 1 9 5 1 1 8
289 1 5 3 3 4 8 7 9 2 7
354 3 7 5 2 8 7 8 5 6 8
328 7 1 8 5 9 6 3 4 5 9
272 7 3 4 3 7 3 3 9 2 6
309 6 3 4 7 1 5 1 7 9 6
248 7 3 1 3 2 1 7 6 7 4
275 2 9 1 2 2 6 7 4 5 7
250 2 1 2 7 5 6 4 4 6 4
397 5 9 7 5 8 6 5 9 8 9
371 9 4 9 9 7 3 4 8 8 1
15
238 3 7 2 2 5 1 7 5 4 5
446 8 9 9 8 3 7 7 7 4 6
208 5 3 1 4 1 4 3 7 3 3
235 3 4 4 6 7 3 5 3 5 1
357 8 4 4 8 6 9 1 7 3 4
204 3 1 5 2 8 1 6 9 5 1
320 6 2 2 3 1 8 7 8 7 5
345 8 9 5 7 3 3 5 4 9 3
357 7 4 4 2 6 7 6 2 9 9
296 2 3 6 7 6 9 2 3 1 8
295 4 7 3 3 7 8 5 4 6 4
280 2 3 6 8 2 6 2 2 1 9
338 9 5 5 1 9 5 8 6 7 5
253 2 4 9 2 2 7 3 8 2 2
273 3 2 9 4 4 4 2 9 1 7
15
262 3 8 3 5 4 5 2 3 6 5
350 7 7 6 5 6 6 3 9 1 8
211 1 2 6 2 5 3 8 9 3 2
331 9 2 2 3 8 4 9 7 1 9
345 9 6 4 5 7 2 7 5 8 6
353 6 8 6 8 4 8 1 8 6 3
351 9 6 3 8 8 2 9 8 4 2
306 9 8 2 1 9 8 3 6 2 3
279 3 3 1 7 9 3 3 3 6 9
314 8 7 2 3 4 1 7 4 7 9
346 1 6 7 9 4 8 2 3 7 9
198 4 5 1 3 6 3 4 4 1 3
319 2 6 5 3 4 8 5 2 5 8
384 8 8 9 5 9 6 7 1 4 2
405 9 2 2 7 9 9 9 8 5 3
15
269 6 2 8 5 3 3 1 2 6 8
212 7 4 9 1 2 1 3 1 2 3
343 9 9 2 5 6 6 2 4 8 4
163 3 2 2 3 3 2 2 4 4 1
317 5 7 2 8 4 5 6 7 5 2
288 5 6 2 9 8 1 1 5 5 6
279 2 1 2 7 4 5 6 9 1 6
277 3 3 6 7 2 4 2 9 3 7
292 3 7 1 7 3 9 3 7 2 4
383 7 6 3 2 2 9 8 6 7 8
220 3 4 4 9 2 2 3 1 2 1
320 3 6 2 2 1 8 5 8 5 9
300 7 8 7 5 5 1 4 6 7 2
283 7 6 7 3 1 4 3 4 8 1
259 5 9 2 8 1 1 2 3 7 2
15
354 7 2 6 5 3 8 6 8 7 6
348 1 9 7 7 5 2 9 9 7 3
324 6 5 7 5 1 4 3 1 8 9
262 1 4 3 8 1 4 8 1 1 5
200 2 5 2 3 3 1 2 6 3 9
327 8 5 2 6 1 8 4 4 3 6
340 9 7 6 5 6 2 1 4 9 7
276 5 8 3 7 6 2 1 5 6 5
322 6 6 5 9 3 3 3 4 6 3
310 6 5 9 1 5 1 9 2 8 7
240 7 1 2 3 4 4 2 3 8 3
278 8 3 6 4 8 6 1 4 4 1
374 2 8 7 3 6 7 9 6 4 8
327 6 3 1 7 8 5 5 8 9 6
291 3 4 3 7 9 2 8 2 2 5
15
374 5 9 4 3 6 8 6 8 8 7
309 1 4 1 9 5 5 9 2 7 3
372 9 7 9 6 8 1 5 5 3 8
258 2 2 8 2 8 6 9 1 1 2
369 4 7 8 3 9 8 6 7 6 6
262 3 7 3 5 9 2 5 3 7 2
371 8 6 8 7 8 4 5 2 2 9
288 9 1 7 3 9 3 1 3 6 9
252 4 9 1 2 4 7 5 2 2 2
367 9 9 5 5 9 4 2 9 8 7
326 2 8 2 7 9 5 1 8 9 9
261 1 2 3 6 7 8 3 5 8 1
310 1 3 5 6 1 8 3 8 5 7
341 5 7 7 3 3 5 4 4 8 8
274 1 1 5 3 8 9 8 1 2 3
15
345 2 4 3 9 8 7 6 2 7 9
435 7 9 9 6 6 7 6 9 6 8
387 9 5 9 8 8 7 2 4 3 7
329 8 3 9 5 2 5 4 3 2 7
330 9 6 9 2 7 6 3 1 8 1
318 7 5 9 3 4 4 5 1 1 9
283 6 9 1 6 3 1 3 2 2 8
273 6 3 4 8 7 1 1 2 9 4
387 7 7 3 7 5 6 7 7 9 7
306 1 8 8 5 4 5 5 7 6 3
269 5 4 3 2 2 5 2 9 6 7
272 6 9 8 3 4 3 1 4 5 4
343 8 6 4 1 2 9 3 6 8 7
299 2 4 5 9 1 3 7 7 4 5
226 7 9 7 1 9 1 1 6 1 1
15
244 2 8 5 8 9 1 2 5 1 4
400 6 8 2 9 8 9 5 3 6 7
246 8 3 1 1 2 3 3 4 7 7
240 2 3 1 6 1 2 6 9 8 5
260 2 4 7 5 1 7 1 5 5 3
380 7 7 4 6 3 7 8 7 2 3
293 7 2 1 2 5 6 8 4 6 4
358 9 5 8 7 2 9 1 2 4 3
236 3 8 7 1 7 4 3 7 4 2
330 9 2 1 2 8 8 7 7 6 7
233 4 5 6 6 3 2 1 2 2 6
344 3 7 7 8 5 9 1 7 1 5
325 3 8 9 1 3 5 7 8 3 6
328 2 8 3 9 2 2 8 4 6 8
337 3 9 5 4 1 6 2 6 8 9
15
349 7 6 4 2 4 6 7 8 7 9
315 3 7 2 4 7 7 9 8 6 3
259 5 2 3 1 5 7 3 4 2 7
284 5 1 2 5 6 6 4 6 7 8
304 6 1 7 4 2 4 7 2 9 3
278 4 6 3 6 4 3 2 3 8 6
401 2 8 9 3 3 9 9 4 7 7
307 4 3 8 5 3 8 6 6 3 2
299 1 6 7 8 9 2 8 4 2 1
298 3 8 7 6 5 3 4 3 6 4
447 4 9 2 8 6 9 9 6 7 9
325 6 2 4 8 3 4 5 1 7 9
339 9 9 4 5 6 1 3 5 8 7
262 3 7 7 1 2 1 5 8 7 5
259 8 1 9 4 6 3 4 2 2 1
15
281 9 1 2 5 1 1 2 9 8 9
263 6 7 4 1 3 3 9 3 1 2
424 5 5 7 7 4 9 8 9 8 6
249 9 6 2 5 5 3 1 4 1 1
240 4 6 4 3 3 4 6 2 2 2
216 2 2 1 2 2 6 8 4 6 2
376 8 2 8 7 9 4 6 2 1 9
274 4 4 1 9 6 1 5 6 5 4
358 4 5 8 1 9 9 9 2 6 8
360 8 7 6 8 1 4 2 8 6 5
229 2 6 3 4 3 9 2 4 2 1
315 7 8 2 1 6 5 4 9 2 8
321 4 5 4 9 5 8 4 1 6 1
247 5 1 3 6 4 1 7 4 3 5
352 6 8 4 3 5 4 9 7 6 6
15
296 7 9 3 5 8 2 4 1 7 1
313 7 6 2 2 9 3 8 9 5 6
394 9 7 9 9 2 6 2 6 4 6
375 8 9 4 5 8 7 4 1 5 8
349 5 8 8 8 6 1 6 6 4 4
320 3 2 2 9 2 8 1 7 9 6
333 6 9 7 1 4 8 7 3 1 4
422 9 8 3 5 1 8 8 7 6 7
245 2 4 6 1 2 3 7 8 5 3
249 3 3 4 6 9 4 3 1 5 4
399 8 8 7 8 8 8 2 2 6 7
397 8 8 9 2 9 8 7 8 9 4
256 6 4 1 1 9 5 3 8 5 5
351 8 8 4 7 3 6 6 1 5 2
338 4 8 7 1 5 9 3 6 5 8
15
231 5 1 5 1 2 4 8 6 3 2
286 1 1 2 6 9 9 5 2 6 5
352 7 4 3 5 7 4 9 9 7 4
289 3 4 7 8 5 1 7 6 4 1
225 1 1 5 8 4 1 3 7 5 3
423 5 6 5 9 3 9 9 8 9 2
412 3 2 8 8 2 9 9 2 6 9
279 2 1 6 4 9 8 6 4 3 2
272 8 3 1 1 1 3 7 5 6 5
293 1 7 2 8 3 3 8 1 1 8
309 1 4 9 5 6 6 8 3 3 4
376 9 5 5 6 8 8 3 6 4 5
316 3 6 9 3 6 3 7 8 4 8
304 5 6 6 5 3 5 6 1 8 1
280 2 7 7 4 9 2 2 6 8 7
15
369 7 5 1 8 2 6 7 8 6 7
283 7 8 8 5 3 3 2 1 4 1
208 2 1 4 3 2 3 1 7 4 8
359 9 9 4 6 9 3 2 7 6 7
296 1 1 2 6 3 6 9 9 5 5
345 6 2 1 6 3 9 6 3 3 9
370 9 4 3 8 3 8 8 2 2 2
300 5 7 6 2 1 4 6 8 2 8
286 6 1 4 6 7 3 8 1 3 5
399 8 3 8 4 8 8 8 1 7 9
248 9 7 3 5 4 1 1 1 1 3
285 2 9 7 7 4 2 4 3 8 1
383 8 7 7 9 1 4 5 5 6 6
259 2 1 4 1 2 8 9 2 2 5
237 1 5 8 5 1 4 1 1 2 7
15
223 4 1 9 2 6 4 2 6 5 2
461 6 8 8 9 7 9 9 1 2 7
249 7 5 5 1 2 2 3 8 9 1
340 9 3 2 7 2 1 8 9 3 8
344 2 1 3 6 9 9 9 2 7 7
284 2 5 2 7 2 1 9 5 4 5
293 4 3 9 5 1 7 2 4 3 6
183 2 1 2 5 2 2 1 2 5 5
309 6 9 6 1 7 7 3 6 9 2
368 5 7 7 4 9 8 8 2 2 4
304 2 1 6 8 7 1 9 2 9 4
374 5 4 5 5 7 9 8 8 3 5
270 2 4 8 4 9 4 8 9 2 1
332 7 4 5 6 8 6 6 1 6 4
270 7 1 9 7 7 1 2 6 3 1
15
307 3 8 3 6 9 3 6 4 2 9
297 1 3 7 6 5 6 4 8 7 3
139 1 4 2 2 7 1 1 6 4 3
333 7 7 4 3 7 6 9 7 2 2
372 9 3 1 8 9 9 1 6 9 5
361 6 6 9 1 2 9 7 8 7 1
311 4 8 8 6 9 1 3 6 4 6
375 2 3 8 9 4 7 5 6 4 9
434 9 6 5 9 9 8 8 2 9 2
359 6 8 6 4 5 5 7 7 7 4
320 7 2 3 6 1 6 7 4 9 3
274 7 3 2 3 8 5 6 6 2 3
250 7 2 1 2 2 4 8 1 3 2
196 3 1 7 3 6 2 2 4 2 6
296 1 6 7 1 9 7 5 9 4 6
15
258 1 5 9 3 6 6 2 1 8 2
281 5 3 5 2 6 9 4 1 3 6
330 5 9 4 6 5 8 5 7 1 1
296 7 2 2 3 8 8 8 3 1 1
273 1 8 9 2 4 6 5 1 8 2
246 2 7 8 1 3 7 1 8 2 1
264 6 3 4 2 4 4 7 6 5 4
296 9 1 5 4 4 1 4 9 2 8
389 8 8 9 7 2 7 2 2 9 3
250 1 5 7 5 4 2 2 2 9 9
300 2 2 4 8 8 9 4 7 7 1
295 5 3 9 5 4 3 3 6 7 5
263 2 1 4 9 9 3 5 3 4 4
304 5 8 8 2 1 8 3 1 2 5
318 1 9 6 9 8 3 2 5 8 4
15
369 8 9 8 9 1 7 1 4 5 2
353 9 1 2 8 3 9 6 5 8 2
373 6 8 8 8 1 5 6 3 1 4
290 3 4 3 4 7 7 7 8 9 1
287 4 3 8 2 5 1 4 9 9 9
194 2 8 2 2 2 2 1 3 5 7
277 8 1 9 3 3 2 7 3 4 2
297 5 3 4 5 8 7 3 6 2 5
361 8 5 7 6 9 3 9 4 9 1
305 9 7 3 4 3 4 3 5 6 4
275 6 4 6 5 2 1 2 8 6 7
332 6 3 5 7 5 4 5 9 5 5
415 4 9 5 9 9 6 9 5 8 4
418 8 7 8 1 7 7 9 4 8 8
342 9 1 4 6 9 1 8 8 7 6
15
311 9 1 3 4 4 7 1 9 6 8
303 5 8 3 2 5 6 3 4 5 8
336 8 4 4 7 9 4 8 9 2 1
239 2 4 5 8 4 1 4 2 4 3
297 6 4 9 1 2 2 7 3 9 4
281 1 3 6 6 6 6 4 7 1 5
371 9 4 6 7 6 5 5 9 4 6
291 3 7 3 9 1 3 5 6 5 4
286 9 3 7 6 4 4 1 6 4 3
347 1 6 7 5 3 9 8 9 4 6
283 4 1 9 2 3 9 1 5 4 6
261 1 1 4 4 9 5 8 3 1 8
329 9 2 6 5 8 6 5 5 5 4
394 9 2 7 9 1 9 5 7 7 1
339 6 1 2 8 2 4 6 9 7 7
15
265 5 9 4 3 7 3 6 1 7 1
341 9 8 3 2 7 5 4 8 6 9
329 6 3 4 7 1 5 9 4 9 1
322 8 3 1 8 3 1 6 8 2 9
346 9 6 1 7 5 8 1 3 2 6
377 9 8 4 8 3 5 3 7 1 8
210 2 5 7 2 2 3 3 6 2 4
367 3 8 5 5 9 6 6 6 8 9
351 7 2 9 6 6 3 6 4 5 6
389 2 7 4 9 5 9 8 5 9 4
147 2 7 3 1 5 1 1 8 1 2
243 1 7 5 3 1 6 1 2 2 9
278 7 6 5 7 9 1 4 4 5 2
317 7 1 9 2 6 3 9 6 8 4
348 1 7 7 7 7 3 8 3 7 7
15
306 7 2 4 3 4 6 7 1 7 5
333 9 9 5 3 3 6 4 2 5 3
283 3 7 4 2 2 9 1 5 9 5
319 4 1 3 5 4 8 6 3 9 5
279 4 7 2 4 4 4 3 8 8 4
310 7 5 8 5 7 2 2 8 6 6
449 9 7 5 9 3 9 3 9 9 6
232 7 5 7 4 1 1 2 4 5 1
349 9 3 7 8 1 9 3 6 1 2
362 2 7 3 8 8 6 8 5 9 7
247 7 1 2 1 2 6 3 3 5 5
393 7 6 5 8 6 5 9 2 8 5
306 6 6 4 2 8 8 6 7 7 1
333 8 2 9 8 8 3 4 1 3 6
314 8 3 9 4 8 8 1 5 2 1
15
378 9 2 1 9 8 8 2 5 7 8
266 5 1 2 3 7 5 8 2 2 4
217 1 2 1 7 9 2 6 3 2 3
331 9 4 5 9 2 3 2 1 6 6
316 7 6 3 5 3 3 5 8 8 3
379 9 5 4 8 9 6 9 9 1 1
334 9 1 7 2 4 8 5 6 9 1
294 8 1 8 6 2 3 2 7 3 5
248 1 9 5 1 6 6 1 7 8 3
378 3 8 1 9 7 9 8 1 6 3
282 3 9 6 1 2 7 4 9 1 3
392 3 8 2 8 5 9 8 9 7 3
324 8 7 3 1 6 8 4 4 1 6
283 9 3 5 7 1 3 3 5 1 4
363 9 4 1 2 7 9 8 7 7 6
15
319 9 1 1 6 7 5 2 4 7 9
261 3 5 7 4 1 7 2 5 3 3
310 9 5 8 3 1 6 1 3 3 6
371 6 4 6 6 6 2 8 8 9 9
297 5 1 9 8 5 2 4 5 6 6
346 6 5 7 4 9 9 5 8 6 1
142 4 1 1 1 6 2 1 5 2 2
317 6 2 9 9 2 4 1 6 6 4
309 2 5 5 2 1 9 2 9 9 8
285 1 8 3 1 2 6 7 7 8 7
363 5 2 7 3 7 7 9 2 4 9
349 3 1 8 9 4 6 9 8 1 6
290 5 5 9 1 1 1 4 8 9 8
304 9 5 2 7 1 5 1 4 6 3
395 6 8 9 7 9 6 4 9 2 9
15
319 1 9 9 7 9 8 1 4 1 3
272 3 5 4 1 8 9 3 1 7 4
216 4 5 6 2 3 3 2 3 8 2
288 9 2 2 3 2 9 3 3 7 1
327 6 6 7 2 7 6 5 7 3 8
305 5 2 7 3 2 9 4 1 5 5
218 1 6 5 5 3 2 1 1 2 8
233 4 5 7 2 6 3 3 8 7 1
371 6 9 9 7 1 3 5 8 2 8
304 2 3 5 8 1 7 2 4 5 7
280 6 6 9 2 6 4 1 7 8 4
384 9 7 6 8 7 8 1 9 9 1
289 9 3 7 3 5 3 4 2 8 1
216 1 3 6 2 8 1 6 9 1 4
387 9 5 5 6 8 8 5 5 6 5
15
305 3 7 5 3 1 5 7 6 9 5
369 1 9 9 9 7 7 2 6 9 6
355 9 5 4 2 9 9 8 5 6 2
267 5 3 4 5 9 6 1 9 6 4
243 5 3 2 3 4 1 3 8 5 9
413 9 5 8 7 8 6 9 1 8 3
303 5 5 1 6 1 5 7 6 2 5
325 2 9 8 7 9 5 5 1 9 1
343 7 4 7 2 2 4 9 4 8 7
372 8 9 7 2 4 8 2 4 1 9
324 2 6 1 7 5 9 3 5 9 8
315 8 4 3 6 6 3 6 4 2 7
239 4 1 5 6 7 1 5 3 9 2
263 2 7 4 2 4 4 2 8 4 9
281 4 3 8 4 5 4 7 2 5 1
15
306 4 6 9 4 9 4 6 3 6 2
303 3 3 9 5 6 9 2 3 2 3
340 3 8 5 8 1 5 4 3 9 7
294 7 1 8 3 1 2 7 7 9 2
343 2 5 9 2 3 8 5 7 8 7
334 8 2 5 8 7 3 5 9 2 8
330 6 7 3 7 7 7 4 4 3 1
192 5 2 3 2 5 2 3 2 8 3
287 3 4 6 3 4 6 2 2 6 9
313 8 5 5 6 1 6 5 4 2 2
331 7 4 6 8 6 5 2 2 9 4
348 7 4 3 8 8 3 5 3 8 8
265 5 1 2 5 6 5 6 7 6 3
232 1 5 3 3 5 7 4 2 9 2
341 7 8 7 3 8 8 1 2 3 8
15
354 5 3 3 3 8 8 9 9 3 9
236 1 3 1 3 7 5 5 9 4 6
345 7 7 2 7 9 8 6 1 2 2
314 1 8 6 6 2 8 3 9 2 6
253 6 4 1 1 4 7 2 8 1 6
260 1 4 9 4 7 4 3 6 7 6
334 4 9 5 9 8 4 6 5 7 1
371 7 5 5 9 1 5 8 6 1 4
358 7 1 6 9 7 7 6 1 1 7
364 9 8 9 6 9 6 1 8 4 1
259 2 8 1 4 1 8 1 5 7 3
238 2 6 1 5 8 2 7 8 4 2
243 4 2 9 3 2 2 5 9 1 1
250 1 8 7 2 9 5 1 5 6 4
378 9 3 8 5 7 5 6 3 6 6
15
208 3 7 3 4 5 1 3 8 4 3
330 7 8 3 9 3 2 3 7 6 5
342 6 7 4 5 6 8 1 8 8 7
297 1 6 6 7 2 6 2 8 6 4
361 5 7 3 9 6 9 4 3 6 2
351 3 9 1 8 1 8 9 7 2 3
199 1 3 5 1 7 7 2 3 3 5
325 8 7 2 7 2 3 4 2 9 5
317 8 1 5 5 6 2 9 9 1 7
293 2 5 7 8 4 1 9 8 6 1
336 6 4 2 3 3 8 9 5 4 5
289 4 1 4 4 6 3 9 4 9 7
290 5 5 9 3 1 5 4 1 9 1
326 7 3 6 8 8 2 4 5 7 4
282 6 5 7 3 6 3 5 5 1 3
15
337 8 6 5 3 9 6 3 3 2 9
273 7 5 7 1 9 3 4 4 4 2
294 4 9 3 4 5 6 3 3 2 8
308 7 5 6 3 4 5 1 7 6 9
238 2 4 1 2 1 6 6 4 1 7
403 6 7 1 9 5 9 2 6 9 9
307 4 6 1 6 5 3 8 3 5 7
257 1 2 9 8 8 2 5 4 3 4
293 4 1 1 4 3 8 5 6 7 6
380 9 3 7 3 4 9 6 3 1 7
220 7 1 2 2 5 1 6 1 7 4
394 7 8 5 9 7 5 9 2 1 2
413 8 5 3 8 8 7 9 7 7 6
402 8 8 9 4 6 1 9 3 8 8
199 4 1 5 2 3 1 2 5 5 6
15
237 6 5 3 4 3 7 1 1 1 2
368 7 4 4 4 3 7 7 3 8 8
310 2 8 6 5 2 3 9 4 4 3
408 9 9 2 8 6 7 9 3 3 4
299 6 5 3 4 6 2 9 5 9 2
198 1 8 1 2 5 1 9 3 3 1
293 1 5 8 2 5 6 9 2 6 5
246 5 9 4 2 7 2 1 1 7 6
323 6 8 4 5 4 7 3 9 3 3
390 3 8 4 6 9 9 6 3 4 9
359 8 6 8 8 6 3 6 6 2 5
252 3 1 3 7 8 3 2 2 9 5
301 7 9 2 5 1 8 1 6 1 1
188 1 1 3 1 4 7 1 7 3 7
326 1 7 9 1 7 8 6 7 8 3
15
396 7 7 2 7 8 4 9 6 9 6
263 7 4 3 1 9 5 3 7 1 8
394 6 1 8 8 2 9 9 7 1 3
300 8 6 5 2 6 2 7 7 3 6
368 9 8 3 8 7 3 4 7 4 6
297 5 6 2 4 5 6 7 1 2 4
293 4 2 5 6 6 2 9 5 8 1
281 4 9 1 8 9 1 5 7 4 4
235 5 8 4 2 9 1 4 8 3 3
305 4 7 5 5 9 7 1 8 1 5
242 1 5 4 6 8 7 1 2 3 5
248 8 3 3 3 4 2 7 4 3 1
253 2 3 3 4 8 9 1 1 2 5
324 3 3 4 7 6 9 5 8 6 2
347 7 1 9 6 9 1 8 3 9 5
15
378 6 9 4 9 3 8 3 6 9 4
309 7 5 3 1 1 8 5 2 1 7
323 9 1 5 5 7 1 6 9 9 8
381 6 7 6 5 9 4 8 8 2 8
374 8 4 8 7 7 7 2 2 8 6
331 3 7 8 9 7 8 1 2 5 3
298 5 8 8 2 6 1 7 6 4 5
267 1 3 9 7 3 2 9 7 1 2
299 8 1 5 2 6 8 3 4 1 7
264 1 5 7 9 5 3 2 5 2 3
212 2 1 4 3 9 4 4 3 3 3
316 7 3 4 2 2 4 7 4 4 9
245 7 2 6 2 8 1 6 2 6 2
258 2 9 2 3 4 3 6 5 2 6
363 4 2 8 8 3 6 4 5 7 9
15
238 3 1 3 5 6 9 2 2 5 3
277 7 5 5 3 6 3 6 8 5 2
380 9 3 8 7 4 5 6 2 5 8
401 7 8 9 9 7 3 4 2 5 8
403 8 7 5 2 3 9 9 2 5 8
295 3 8 3 4 4 4 3 9 7 6
263 3 5 1 4 2 8 1 9 6 4
290 8 1 5 9 1 8 1 1 2 1
402 9 7 5 7 7 7 4 8 9 3
268 2 5 8 4 6 2 3 9 3 7
235 1 3 9 1 9 4 8 2 6 1
248 4 6 3 1 8 4 2 7 9 4
305 4 6 6 2 7 8 8 1 3 1
352 7 1 9 9 3 8 3 7 4 3
268 8 2 6 3 1 3 3 7 2 6
15
237 2 2 4 5 4 3 5 3 6 4
346 1 7 1 5 7 9 9 3 5 8
390 7 8 6 8 4 9 1 6 3 8
369 7 6 1 5 9 7 9 4 3 9
357 4 1 9 7 7 5 9 3 5 8
275 2 2 8 5 9 3 5 8 1 6
348 7 2 5 7 3 8 5 8 4 6
311 9 5 7 2 1 4 3 5 2 6
391 2 8 6 6 6 9 7 3 6 8
237 4 1 2 7 1 2 1 8 7 7
371 9 9 6 2 8 8 1 8 2 8
279 6 5 3 1 9 4 8 5 1 5
355 7 4 4 6 4 8 5 3 5 4
326 7 1 4 9 5 4 8 8 2 4
327 5 3 2 5 3 7 4 8 7 9
15
364 1 6 8 8 8 6 9 9 8 1
334 1 8 9 2 5 9 8 9 2 4
288 3 7 8 4 2 1 6 5 5 4
294 8 3 3 3 5 7 1 1 2 8
268 4 1 9 4 1 4 2 7 1 7
357 9 8 5 7 5 5 3 2 6 2
312 4 5 9 6 9 5 5 2 4 3
249 5 3 4 5 3 5 2 5 1 4
264 3 2 9 3 2 1 7 2 8 5
343 6 6 2 9 6 7 5 7 6 3
342 1 7 5 9 3 6 6 3 2 7
196 1 1 4 2 1 5 2 2 4 9
399 9 9 9 8 8 1 8 1 9 2
319 7 4 5 5 1 3 6 7 3 6
274 2 8 2 7 3 4 2 9 5 5
15
328 3 9 9 4 6 6 1 9 3 9
268 1 4 1 6 7 7 5 7 8 2
412 2 8 5 7 3 8 9 8 9 7
307 2 2 1 8 4 8 2 8 9 6
316 7 6 3 6 3 6 2 3 6 6
339 4 9 1 4 7 6 6 1 9 8
315 8 2 8 5 4 4 4 3 7 4
284 4 7 8 3 4 1 3 9 1 9
304 5 7 6 2 8 3 8 5 1 8
302 5 1 2 5 2 9 5 2 3 8
352 7 4 9 7 6 4 6 1 8 3
228 1 9 2 8 4 3 2 1 4 3
365 9 4 5 7 6 4 8 5 9 2
338 4 3 6 9 6 4 8 4 7 1
370 5 7 6 6 7 7 4 9 1 9
15
261 2 1 2 2 6 9 5 8 5 7
290 1 1 7 8 3 2 6 7 5 8
373 4 9 7 4 2 7 9 8 8 2
320 3 2 4 7 9 6 5 8 5 7
340 8 5 3 7 8 5 1 5 5 9
375 7 8 8 2 9 4 6 9 2 9
289 6 4 6 1 4 1 7 9 8 9
277 1 6 7 4 5 1 9 2 8 4
262 2 9 5 4 8 4 3 5 7 3
317 5 8 2 4 7 3 6 7 8 8
379 5 8 5 8 9 7 7 2 3 6
240 2 2 6 1 6 2 9 9 5 5
351 6 3 5 5 8 9 6 3 3 4
273 6 1 7 4 3 1 5 2 6 9
226 5 5 1 1 5 2 7 1 7 4
15
321 8 4 4 9 1 1 9 1 2 1
312 3 4 2 3 4 6 9 4 6 8
310 5 3 8 9 8 4 3 5 7 3
327 6 2 7 8 9 2 6 5 2 8
286 5 1 3 8 9 1 8 2 9 3
300 5 7 1 3 7 5 9 8 3 3
358 9 6 5 8 5 7 3 1 5 4
205 1 6 2 3 6 2 5 4 5 1
298 7 3 8 3 3 8 1 4 2 4
311 3 8 4 4 8 5 9 7 1 1
257 1 5 5 5 4 8 1 5 6 5
332 9 9 3 4 5 4 1 2 9 8
371 1 8 8 3 7 9 9 1 3 8
151 2 1 2 3 3 1 3 9 3 4
335 5 3 8 6 1 1 8 6 5 8
15
360 2 9 9 5 8 4 8 3 8 7
332 7 5 2 9 8 4 5 8 6 4
339 3 5 7 4 5 7 9 6 2 4
362 1 9 9 5 4 6 9 9 1 8
283 7 1 8 4 5 1 7 3 3 7
424 7 8 4 9 6 5 9 4 2 9
410 9 7 9 7 5 4 6 9 2 5
437 7 9 6 7 8 6 8 2 8 9
339 2 4 8 6 3 5 7 1 9 7
292 7 8 5 4 3 6 1 2 7 2
262 5 8 5 5 7 1 4 7 2 1
331 6 7 6 4 3 6 9 5 1 2
296 3 5 4 6 7 5 1 8 9 8
323 4 9 6 2 1 4 8 6 5 5
271 4 1 9 1 4 5 5 1 5 9
15
312 2 6 9 8 2 1 5 8 1 7
325 8 3 7 6 6 6 2 1 5 3
212 6 1 2 4 6 3 1 2 3 4
428 9 9 4 6 6 8 6 5 6 8
235 6 1 2 4 5 2 4 3 7 3
345 7 3 5 5 1 6 5 4 5 8
288 5 6 7 4 3 3 5 1 9 1
352 6 7 8 6 6 5 3 4 5 9
321 5 5 9 1 1 6 5 7 5 8
425 7 8 5 9 6 8 7 7 3 5
321 7 9 6 2 3 6 5 8 7 1
288 4 2 9 5 9 6 1 8 6 5
350 1 9 6 7 5 5 5 5 6 7
387 9 6 3 8 1 7 6 9 2 5
312 4 8 9 2 7 5 6 4 7 4
15
276 9 4 2 1 1 9 4 5 4 1
273 8 6 4 2 2 1 9 1 5 1
278 6 5 4 4 9 2 4 3 6 7
317 4 2 3 3 5 7 9 7 1 8
315 3 8 8 1 2 9 5 7 3 5
266 2 3 2 3 8 9 2 7 8 7
265 5 6 5 3 3 3 4 2 3 8
380 9 4 1 6 9 4 8 7 7 9
329 7 2 9 4 5 6 8 2 9 1
295 5 5 2 9 3 1 8 5 2 4
169 2 2 9 1 9 1 1 9 5 2
317 9 5 7 1 1 3 7 1 5 8
380 8 5 6 5 7 6 8 8 3 5
211 3 3 1 1 3 8 3 7 1 1
363 9 3 6 1 1 8 7 4 3 9
15
267 4 6 9 2 3 2 5 6 3 2
405 6 8 8 8 5 4 6 7 5 8
278 5 2 5 8 6 2 7 3 1 1
280 4 8 4 3 6 5 2 4 4 7
355 2 6 7 9 6 6 8 1 3 6
320 3 8 1 4 9 7 5 3 6 9
351 8 9 7 4 7 1 7 8 8 2
285 3 3 6 2 5 4 9 8 3 5
290 3 1 9 1 5 9 3 4 5 7
357 9 5 1 9 8 7 1 2 5 7
264 6 7 9 4 5 1 2 4 3 3
327 6 8 2 9 1 2 7 5 8 2
316 8 7 7 1 9 2 8 4 6 3
275 7 1 1 5 7 6 4 1 4 5
406 5 8 9 7 8 7 6 7 8 2
15
313 8 1 7 7 4 4 3 6 2 5
305 2 9 7 9 9 2 5 5 4 3
226 7 3 5 1 3 3 1 6 5 5
343 8 5 5 3 9 3 7 5 7 7
327 7 6 5 2 3 2 9 5 2 9
280 3 2 5 9 8 1 6 5 1 5
303 1 8 1 3 1 8 6 5 1 9
353 9 9 2 8 5 1 7 1 9 3
233 1 3 8 5 4 6 2 7 1 3
258 4 2 4 4 3 9 4 3 7 1
369 9 8 7 1 3 6 6 2 6 8
258 2 7 1 2 9 2 7 2 9 9
248 1 3 7 4 4 5 3 4 7 3
339 5 6 7 7 7 2 7 2 6 6
242 3 3 8 3 3 1 3 6 7 8
15
345 5 4 9 7 2 3 5 4 2 8
235 6 5 2 3 4 2 4 4 4 4
237 9 1 4 1 1 1 6 8 3 2
237 1 8 6 1 4 2 4 3 3 7
207 2 2 7 4 3 1 4 9 2 5
328 5 6 6 3 8 6 3 3 6 9
371 3 5 5 9 3 7 4 3 9 9
309 7 5 7 8 1 3 2 9 5 4
207 3 7 9 1 9 1 2 3 7 1
249 1 2 2 7 9 5 3 9 1 7
332 5 9 9 5 4 8 2 6 1 1
282 9 3 2 7 4 2 1 7 1 8
387 6 3 2 6 9 7 8 6 8 9
335 6 8 8 3 6 6 5 3 4 5
336 5 9 6 7 2 1 5 8 6 7
15
341 2 8 7 8 7 2 9 5 1 5
274 2 2 4 8 8 1 4 6 8 8
371 6 3 5 8 1 5 7 2 6 9
269 2 1 5 6 6 6 6 2 1 4
303 1 1 8 7 4 5 4 5 8 8
372 9 8 3 4 2 9 1 2 7 8
354 9 6 7 4 2 1 8 8 6 6
286 4 5 1 7 6 6 3 7 3 7
298 1 5 8 1 8 9 4 9 2 7
367 8 6 7 1 7 9 3 9 6 9
353 7 3 8 4 8 9 2 5 1 7
341 1 6 8 5 2 3 8 7 5 9
383 8 5 5 5 2 9 6 5 1 8
285 3 5 6 1 3 9 8 3 7 1
270 6 2 2 1 8 5 9 2 6 2
15
377 7 8 5 3 3 5 8 6 8 6
250 4 1 2 3 9 2 7 3 5 7
250 5 7 4 3 5 5 4 6 3 1
448 5 9 9 8 2 8 9 5 6 4
323 7 6 6 6 2 6 1 3 4 6
333 1 8 1 9 5 8 3 4 2 9
275 4 1 2 3 6 8 7 3 6 2
311 7 8 3 8 6 6 2 6 1 1
324 1 7 6 6 7 6 9 4 2 3
318 6 5 4 3 5 7 7 4 1 4
332 3 8 5 8 4 3 8 1 9 1
344 9 5 7 4 2 4 8 9 7 2
292 3 4 1 2 3 8 6 8 9 5
316 5 1 7 5 4 8 7 8 2 2
289 4 7 1 3 3 9 1 4 2 9
15
318 6 3 7 9 5 3 1 9 5 6
253 4 6 7 1 1 7 1 6 8 3
232 1 4 2 1 3 7 5 9 4 4
309 6 5 4 1 8 6 9 1 9 1
266 7 2 2 6 2 3 6 2 1 6
319 7 2 5 6 5 6 6 6 5 2
402 8 7 8 6 7 5 7 2 9 6
299 1 7 9 1 7 7 1 8 7 8
269 1 8 7 1 4 8 5 3 2 3
299 5 4 3 4 4 9 4 5 3 3
285 8 2 8 4 3 2 7 1 6 3
343 8 3 4 9 7 3 4 7 6 6
257 2 5 3 5 2 6 3 1 5 5
269 7 2 9 6 3 2 2 5 2 1
345 1 8 8 6 8 4 7 6 1 9
15
227 3 2 4 1 6 5 5 4 6 2
307 6 6 9 9 4 2 2 3 4 2
377 6 8 6 9 1 7 1 3 9 4
322 6 2 5 6 9 9 3 9 4 4
249 5 7 4 4 7 5 2 7 3 1
334 9 4 9 1 3 4 9 2 3 5
337 9 4 3 4 9 3 7 8 1 8
290 7 1 3 5 1 9 2 2 7 5
318 5 5 5 9 7 6 4 7 2 2
272 5 9 5 8 6 2 1 7 4 2
282 2 8 7 1 7 3 4 1 9 7
337 4 7 3 6 4 5 8 9 1 4
264 3 5 1 1 9 7 7 3 9 3
298 5 9 2 7 3 3 4 8 4 2
317 4 4 4 8 7 9 1 1 9 2
15
285 5 9 4 2 2 4 4 3 6 7
296 9 3 5 1 8 2 5 9 5 8
313 8 9 2 3 2 3 7 6 4 2
318 9 2 8 2 1 5 4 6 7 5
257 4 8 8 3 5 4 3 1 1 4
252 3 6 2 2 7 8 6 2 5 1
247 4 7 3 7 4 7 1 1 1 1
294 6 5 2 2 1 5 9 5 6 3
311 3 4 4 1 1 8 8 5 8 9
299 5 8 5 1 7 7 3 3 9 4
394 7 8 4 7 6 5 8 2 6 9
336 4 2 9 9 9 2 6 2 7 8
347 8 4 5 4 2 5 9 9 8 3
324 7 6 2 4 8 7 5 8 1 5
283 1 9 2 8 1 2 6 2 9 6
15
338 6 3 7 5 2 8 7 9 2 1
303 4 3 3 5 3 8 8 1 7 1
229 5 2 1 2 4 4 6 7 7 2
279 1 4 2 7 9 3 4 9 8 8
330 5 4 9 3 9 7 2 7 6 6
270 3 8 8 1 1 5 6 9 1 1
237 5 2 5 4 9 1 4 3 7 6
314 1 4 9 4 2 4 7 6 6 9
262 5 5 4 3 1 8 2 5 4 1
352 3 6 7 6 3 9 7 5 3 3
365 8 4 1 3 5 9 8 7 7 4
242 2 4 4 2 4 9 1 7 4 3
264 3 3 9 2 5 3 6 4 3 4
306 3 9 9 8 3 4 2 1 7 3
314 5 1 3 8 2 4 5 1 9 8
15
265 9 1 7 5 5 1 3 5 6 4
297 5 1 7 2 6 7 8 6 4 1
331 9 7 9 1 8 7 6 1 3 2
214 5 3 1 5 1 5 1 6 5 3
357 7 9 2 9 6 4 6 5 8 3
276 6 2 7 2 5 1 7 8 4 5
396 8 8 9 3 4 5 9 9 6 2
251 4 1 1 8 1 7 1 1 5 4
362 3 9 8 5 2 7 4 1 6 7
366 8 4 6 9 6 2 5 1 8 7
285 5 3 5 4 2 3 6 1 3 7
280 3 5 2 2 5 9 3 4 8 5
383 5 5 4 7 4 9 8 8 5 2
317 9 4 5 8 8 4 1 3 7 4
267 2 2 4 4 6 3 6 5 9 8
15
286 9 7 1 2 5 2 8 3 5 5
320 2 4 3 8 4 2 8 5 9 8
202 1 2 5 2 9 2 1 2 4 9
230 1 5 2 9 8 4 3 3 2 2
267 3 1 9 1 1 8 3 9 4 3
366 8 2 8 3 3 9 4 3 9 7
262 4 9 1 4 3 2 4 1 8 8
324 8 2 4 2 5 8 2 6 5 9
336 9 6 2 1 3 6 9 2 8 6
357 5 7 6 5 7 4 8 6 6 5
313 4 8 6 4 4 4 8 7 2 1
262 6 2 1 3 6 9 4 1 3 5
343 3 4 9 8 9 9 4 3 3 3
303 9 1 8 4 3 2 6 1 2 8
399 7 7 2 8 7 8 7 1 6 6
15
379 7 3 8 9 2 8 3 3 4 6
201 1 2 7 4 9 1 1 4 5 4
344 4 2 7 8 7 8 6 3 2 3
277 5 2 2 6 2 3 8 1 9 2
323 9 9 1 8 1 1 2 2 8 6
277 1 2 8 3 1 4 8 5 9 5
249 5 2 4 6 8 1 8 2 1 1
247 2 4 6 5 8 1 9 9 1 2
350 3 4 8 8 5 8 7 9 1 2
342 5 8 2 2 7 8 9 1 7 7
379 4 5 8 7 5 8 9 2 7 1
305 5 1 9 8 6 7 2 1 4 1
273 1 8 6 8 1 1 3 4 4 7
332 8 1 2 7 5 3 4 9 8 8
265 3 4 7 1 2 3 7 7 5 7
15
373 5 9 8 8 3 4 1 9 3 9
294 2 7 5 7 7 6 2 4 3 7
307 7 1 7 5 4 4 9 1 6 2
401 9 6 1 6 9 7 9 4 5 6
251 5 5 8 1 6 3 5 6 2 2
339 5 9 5 2 4 6 9 7 4 5
290 4 2 8 2 6 4 6 2 4 9
367 3 3 9 6 9 3 9 4 7 8
358 7 2 6 9 1 6 7 5 3 5
306 9 8 5 3 9 4 2 4 9 3
350 7 7 9 9 1 2 2 1 8 4
221 2 1 3 3 3 4 8 8 6 1
325 8 9 2 5 1 4 2 4 7 8
354 6 7 8 6 8 6 3 9 1 4
375 6 8 8 5 3 5 7 5 8 3
15
332 7 6 4 5 9 2 8 9 8 5
384 9 3 4 5 5 8 6 5 3 8
284 7 3 5 4 2 3 1 8 9 9
351 9 2 1 8 6 6 4 7 6 9
315 6 3 5 5 8 7 2 1 9 6
293 2 8 7 7 5 1 6 5 8 2
326 8 9 1 2 3 8 4 8 6 3
345 9 2 9 6 4 3 6 5 6 6
313 2 2 8 4 2 5 8 9 4 7
235 1 7 5 5 9 1 6 7 2 2
330 8 1 2 2 5 9 9 4 6 6
387 8 4 7 8 8 7 4 1 2 9
338 9 5 5 1 5 7 9 3 5 3
342 9 5 4 9 1 7 2 8 7 1
393 6 8 2 8 6 8 5 9 5 9
15
249 1 5 2 7 4 2 7 9 6 3
445 8 9 6 9 2 8 6 9 5 7
318 2 2 8 1 9 9 8 1 6 5
271 1 1 2 8 2 5 5 4 7 8
336 4 4 6 6 4 7 8 2 2 6
336 6 2 1 3 8 9 9 1 9 7
324 8 4 3 4 1 2 7 8 9 8
398 7 8 9 8 9 4 5 9 6 3
332 7 7 6 2 4 1 8 8 8 8
315 9 3 4 2 1 9 3 4 9 3
291 9 2 9 2 5 5 3 1 8 4
258 2 7 1 3 2 6 5 7 7 2
331 5 6 3 5 2 5 3 3 9 9
279 3 9 8 9 4 1 1 9 2 3
210 7 3 3 1 4 5 2 2 8 1
15
284 6 7 1 5 7 5 5 5 6 1
303 3 5 8 5 8 8 1 2 2 5
386 8 6 4 6 6 9 5 7 9 1
271 1 2 6 7 9 4 7 5 2 5
364 9 4 4 7 5 4 5 8 3 7
317 4 3 2 9 9 8 5 6 5 1
353 6 2 6 6 2 9 6 7 8 4
339 7 8 6 3 8 6 7 2 4 3
321 6 9 5 5 6 3 1 8 7 7
467 8 4 9 8 3 9 9 5 1 9
261 4 3 5 1 8 9 2 5 5 4
224 9 2 1 2 3 2 3 3 6 2
246 1 4 9 4 2 4 3 3 4 6
265 2 2 6 1 6 5 9 4 8 1
214 5 2 5 2 6 4 3 9 3 2
15
274 1 8 2 7 7 2 9 6 1 2
311 3 9 1 7 5 6 6 6 9 1
236 2 3 3 5 3 1 6 2 3 9
323 1 9 8 1 9 5 9 4 6 8
270 1 1 7 2 9 8 1 4 5 9
356 3 1 7 6 8 9 6 9 2 8
387 6 9 6 5 8 3 8 3 8 8
425 7 8 5 6 4 8 8 7 2 7
235 3 8 2 3 4 2 3 4 2 6
310 5 6 4 7 2 3 4 2 8 8
377 6 5 4 6 9 8 6 1 7 7
373 5 7 2 7 4 6 6 4 7 8
352 7 8 3 4 4 3 7 7 4 9
306 6 5 3 3 4 7 6 9 4 3
310 7 6 4 3 6 5 7 4 2 2
15
387 2 7 9 8 7 2 9 6 7 9
287 7 1 2 9 9 1 3 8 1 9
293 8 6 3 2 5 1 9 5 5 4
352 1 9 4 9 4 2 8 2 9 7
266 6 5 4 1 1 3 3 8 7 6
239 3 9 3 2 7 4 2 1 8 6
358 2 8 8 7 4 7 5 6 7 6
259 1 7 5 2 1 6 5 4 7 3
367 8 5 2 8 8 6 9 8 4 2
257 6 4 1 3 1 4 9 3 6 2
337 4 6 8 7 5 4 5 7 7 2
269 8 1 1 3 2 5 4 6 5 6
259 5 1 9 4 8 4 1 1 3 9
243 2 4 2 1 6 6 5 6 8 6
345 9 3 2 5 5 9 7 4 2 2
15
275 5 2 6 5 4 5 4 3 3 5
261 4 6 3 6 4 1 7 5 2 5
279 2 6 1 5 4 2 7 8 9 4
216 2 5 8 4 3 2 2 2 2 6
278 7 8 6 2 6 4 1 9 2 3
287 8 1 6 4 3 1 8 4 2 7
332 7 7 9 8 8 4 1 2 5 4
334 1 7 6 6 8 8 2 7 8 5
364 8 9 9 2 5 6 3 1 8 7
361 9 1 8 4 6 9 8 7 2 2
342 5 9 6 3 6 7 6 1 4 7
330 3 2 1 8 2 9 7 5 5 4
311 3 2 3 8 9 7 4 8 3 8
230 2 5 4 5 4 3 2 1 4 8
277 4 8 4 3 8 2 1 8 5 8
15
372 3 8 4 9 6 7 3 7 8 7
250 3 1 8 4 1 5 1 8 2 9
286 9 5 5 2 7 7 2 6 5 1
265 4 9 8 2 5 3 1 5 6 2
355 9 7 5 5 9 2 6 2 6 9
256 6 1 8 5 9 3 2 4 2 4
281 4 3 6 7 5 6 2 3 2 6
382 7 8 7 7 5 5 3 8 5 7
243 8 4 2 1 8 5 3 1 8 3
331 6 8 8 5 1 7 2 1 4 4
331 5 6 8 1 6 4 8 2 1 9
321 3 2 6 8 8 7 4 9 9 2
228 4 2 9 2 2 4 3 6 4 3
296 2 3 7 3 5 4 8 9 3 9
320 4 9 9 3 2 7 5 3 6 3
15
330 7 6 1 5 1 6 5 1 2 9
392 9 1 6 4 7 7 9 4 6 6
256 4 1 5 5 3 5 2 3 9 4
367 9 9 2 3 8 7 6 7 6 6
248 5 3 1 6 2 6 5 2 4 2
206 1 4 4 1 9 7 3 5 6 1
446 6 5 9 8 8 8 9 7 7 8
301 3 8 7 8 1 5 3 1 6 1
268 5 8 7 1 2 1 4 3 7 6
411 4 7 7 9 5 4 9 2 6 9
351 9 5 8 3 5 7 2 5 6 4
212 2 3 3 1 2 5 8 5 1 1
300 7 5 3 6 5 2 7 4 5 2
364 5 5 4 8 2 9 4 4 5 7
290 4 3 2 4 7 9 2 6 3 9
15
327 9 2 6 1 3 7 7 1 6 5
325 4 3 5 5 7 7 5 8 6 7
358 2 6 9 9 3 5 9 9 8 1
275 3 1 7 5 9 6 5 4 4 2
338 6 6 6 7 7 7 1 2 7 6
255 5 8 3 4 8 5 1 1 2 3
230 7 2 8 2 6 1 1 8 5 3
225 5 2 2 1 1 8 1 9 9 2
389 8 9 6 6 4 9 4 5 1 4
301 5 4 2 6 4 1 8 7 3 7
392 5 9 3 6 1 8 9 8 2 8
262 1 7 8 7 1 3 1 5 7 5
271 6 1 3 8 5 1 6 1 7 2
311 7 1 3 8 5 3 5 9 1 5
277 6 2 9 8 5 1 3 3 5 1
15
216 7 6 1 2 2 4 1 2 5 4
222 4 5 5 5 6 1 1 6 8 3
258 6 7 2 6 2 1 5 2 4 2
288 7 2 1 6 2 3 5 8 6 6
217 1 1 1 3 9 5 7 5 5 3
365 1 7 9 3 3 9 9 6 1 6
360 7 8 8 7 9 1 3 4 9 9
327 9 6 6 1 3 2 6 4 4 9
324 5 6 8 9 2 4 1 1 6 5
306 5 5 8 6 2 3 3 1 8 8
295 7 3 2 4 6 4 8 3 2 4
328 4 3 7 4 1 7 5 3 5 8
336 5 3 6 8 3 7 6 6 2 1
420 8 4 7 7 7 8 3 6 8 9
317 4 9 8 5 2 5 3 5 8 4
15
349 7 9 6 8 7 3 4 6 6 1
344 4 4 9 2 4 8 4 9 4 8
369 6 4 3 7 5 2 9 9 8 9
362 8 6 6 5 8 3 8 9 7 5
359 8 4 5 7 6 7 3 2 6 7
228 3 8 3 4 6 6 2 4 2 1
277 3 5 4 6 4 2 7 4 3 4
363 8 4 8 6 8 3 7 7 1 7
355 4 8 8 2 3 9 2 6 9 8
371 9 9 6 7 8 5 3 2 4 3
387 5 5 7 7 8 6 8 9 2 8
344 4 6 2 7 6 9 7 1 6 1
338 9 1 5 3 2 5 7 8 9 7
384 7 9 6 8 5 2 7 9 1 9
393 1 9 9 8 8 8 6 9 4 3
15
237 1 2 2 8 5 2 8 4 4 3
218 8 6 2 3 9 1 1 5 6 1
322 5 5 6 5 8 7 6 1 4 1
251 1 9 7 2 4 2 7 4 8 2
227 7 1 3 2 5 6 2 3 3 2
280 1 4 6 8 8 8 1 8 4 2
211 1 3 2 2 1 2 5 2 9 7
393 7 5 7 6 9 6 6 7 7 5
510 8 8 9 9 7 8 8 9 7 9
300 8 5 2 3 1 4 6 3 1 8
315 6 5 2 1 6 9 5 8 9 3
300 9 5 3 5 9 6 1 1 9 2
273 1 9 2 8 8 7 1 5 6 1
307 5 3 6 7 9 1 7 6 2 4
293 5 3 6 7 2 3 5 8 6 1
15
303 3 5 3 3 8 6 3 3 9 9
364 6 8 5 7 3 4 8 8 3 5
295 3 6 7 1 2 6 8 9 5 4
381 2 7 5 8 4 9 8 4 9 3
308 4 1 3 2 4 6 8 8 8 9
345 6 4 8 4 8 2 7 8 3 8
200 2 4 8 1 6 4 2 6 7 1
271 7 2 4 5 5 1 4 3 1 9
324 1 7 8 6 3 5 9 7 2 2
319 5 2 5 5 5 8 6 6 1 5
327 6 2 7 3 6 9 9 6 1 2
393 6 3 9 8 1 6 6 9 6 6
248 2 4 6 3 2 6 2 9 6 5
306 4 4 3 8 3 3 9 2 1 6
357 6 9 2 3 7 6 7 7 4 8
15
314 2 3 9 3 4 6 8 5 1 8
271 1 4 3 9 8 3 1 9 7 7
261 4 1 4 2 3 8 5 4 9 2
338 8 3 3 5 3 5 9 8 5 3
218 4 2 2 1 7 4 4 5 9 6
324 2 9 5 5 6 7 8 2 3 4
305 4 6 4 5 5 5 8 5 2 2
339 8 7 7 5 4 5 1 5 5 5
298 3 6 5 4 5 7 4 7 6 2
328 7 2 2 6 9 7 7 7 4 2
285 3 2 6 8 9 1 9 3 7 2
322 7 4 2 6 9 1 8 9 4 5
274 4 2 7 7 2 3 2 9 1 9
235 4 2 4 3 7 6 1 4 2 7
354 4 9 9 5 9 6 2 2 9 6
15
258 4 7 8 1 8 4 2 8 2 2
441 8 4 5 9 7 9 7 8 6 8
274 6 9 5 4 6 2 2 4 3 4
296 7 1 4 5 2 8 1 6 7 5
281 2 4 9 6 5 3 2 8 1 9
267 4 3 6 2 1 8 1 4 3 6
209 1 5 5 5 4 1 2 1 5 7
245 8 7 1 1 4 3 5 1 8 3
225 4 4 6 4 5 4 1 2 1 5
312 4 8 3 5 7 8 1 3 5 5
180 1 3 3 1 3 2 7 4 1 2
251 5 1 2 3 3 6 1 5 8 8
279 9 5 1 1 8 1 9 4 8 3
228 1 2 1 3 1 8 2 6 4 6
281 4 8 9 6 1 1 1 6 1 5
15
237 2 2 7 6 3 7 3 3 1 1
283 7 4 8 3 3 5 7 1 1 1
295 2 4 9 4 8 2 9 6 4 4
354 6 1 6 8 2 8 8 4 2 2
303 1 6 3 9 3 8 2 8 2 3
439 6 9 8 9 6 7 8 4 2 7
286 9 3 6 5 9 1 2 8 1 7
454 9 6 6 9 8 5 8 7 7 8
381 6 8 8 3 7 7 9 4 7 4
309 3 5 6 5 5 4 7 3 8 5
452 7 7 9 9 5 9 6 5 2 7
347 8 6 3 9 9 4 1 7 6 9
363 4 9 8 9 4 3 6 3 2 6
399 4 9 7 7 1 3 9 6 4 9
221 7 7 1 3 1 1 1 6 6 2
15
319 7 4 1 5 7 8 7 5 3 4
297 7 6 7 1 1 6 1 7 8 6
377 9 4 7 4 1 6 9 6 4 6
317 3 5 7 2 8 7 8 7 8 2
230 5 3 8 1 2 8 1 2 1 3
276 3 9 3 6 8 6 3 2 4 1
231 1 3 8 1 6 3 4 3 7 7
299 5 5 9 2 9 3 7 8 6 4
373 9 9 7 2 2 5 4 7 9 7
278 3 2 2 5 5 7 4 5 3 9
346 3 5 5 6 5 8 4 6 9 5
273 2 1 8 2 7 5 8 1 3 5
337 6 5 8 8 6 1 7 7 3 4
401 5 7 9 6 8 6 6 4 7 8
261 3 5 2 3 3 8 5 5 2 5
15
348 9 2 8 4 5 3 7 5 7 6
316 4 6 4 9 3 9 3 1 3 3
295 5 6 3 9 5 1 5 1 1 7
320 2 9 2 9 7 1 9 1 3 8
312 1 6 1 9 1 9 6 3 7 3
312 1 3 7 4 5 6 7 5 8 5
328 9 1 1 8 5 1 8 6 3 7
368 5 4 8 6 8 8 7 2 9 1
248 2 6 4 1 2 5 9 2 1 5
208 3 6 6 1 4 2 1 7 8 5
270 2 7 1 5 5 7 4 8 7 1
214 1 7 4 8 3 3 2 1 1 2
306 1 1 7 7 3 8 6 2 8 1
337 2 8 6 1 3 9 8 6 4 5
388 7 4 6 4 4 9 7 8 8 5
15
249 2 3 4 1 5 4 2 8 8 9
265 4 1 9 3 9 4 5 1 1 8
248 8 1 2 3 8 3 1 9 5 8
373 7 5 7 7 7 3 4 3 7 9
318 7 6 7 8 2 4 4 3 1 3
348 7 9 6 7 6 2 3 5 4 9
232 2 4 8 1 3 3 4 7 9 2
229 3 7 3 1 9 3 3 2 9 3
372 6 9 6 4 9 4 8 1 6 9
340 8 5 4 9 8 2 1 7 2 9
354 5 2 2 4 9 9 9 4 6 9
261 4 6 5 5 5 1 8 8 1 1
260 5 9 5 5 2 5 2 1 3 1
374 2 8 9 6 1 9 8 2 4 5
421 6 6 9 8 4 3 9 7 7 9
15
387 7 9 1 9 8 6 9 2 2 3
280 4 3 7 2 8 8 3 3 5 3
227 2 3 4 1 2 6 4 1 4 5
278 7 4 2 7 5 1 2 5 4 7
273 2 2 4 5 7 8 3 4 9 4
270 7 6 5 1 3 5 4 9 1 4
489 8 9 5 7 9 9 8 9 7 9
293 8 4 8 7 2 6 1 2 3 1
306 4 3 4 2 2 9 9 6 3 2
301 1 5 9 5 9 7 4 4 6 3
335 7 2 8 6 1 6 7 6 7 1
269 3 7 4 6 8 5 2 4 1 3
271 5 1 1 6 3 6 5 3 6 6
295 7 2 1 6 2 7 6 2 2 3
255 1 6 5 8 1 2 4 3 7 4
15
346 7 9 5 8 9 1 3 4 8 6
357 8 1 5 8 9 4 5 9 8 5
246 1 1 4 7 5 2 8 4 8 2
371 4 7 9 4 7 7 6 9 3 7
273 1 2 9 6 5 4 4 3 5 6
306 4 8 3 7 4 4 8 8 1 1
321 3 9 5 6 7 2 5 8 2 7
299 4 6 4 3 1 5 8 5 5 5
301 2 9 4 1 5 9 7 6 8 1
296 2 2 6 2 5 7 3 8 9 8
299 2 8 9 4 5 3 4 7 6 4
317 3 6 9 7 2 7 1 2 3 8
290 2 3 7 3 2 6 3 2 8 8
296 7 9 9 3 5 3 4 8 1 1
278 3 2 2 9 8 2 5 5 3 9
15
217 3 3 1 3 1 5 4 9 4 3
243 3 1 2 8 4 6 4 4 2 1
386 3 7 8 8 9 9 2 5 5 8
255 1 7 2 4 8 9 3 9 2 1
311 3 8 8 8 6 6 1 1 2 6
199 9 2 1 2 5 4 2 7 1 1
160 2 3 4 1 7 1 2 3 7 1
374 8 4 1 7 8 9 4 3 8 7
321 9 9 5 4 8 5 1 1 7 5
325 6 7 8 2 8 3 8 2 9 4
320 7 5 6 2 8 9 1 5 2 9
333 9 6 8 9 9 2 3 3 1 2
295 5 6 4 3 3 8 1 1 6 7
291 9 1 4 2 2 9 1 4 4 5
348 9 5 1 7 3 5 2 9 7 8
15
416 7 2 8 8 6 7 7 9 7 8
282 6 1 3 1 7 8 8 1 5 2
356 6 7 3 3 1 9 9 8 2 5
376 7 2 6 8 6 8 7 6 4 4
317 5 2 2 3 8 9 6 6 2 9
256 1 2 2 4 6 6 5 4 4 7
257 3 7 8 5 2 1 2 2 8 5
366 8 3 5 1 7 8 8 1 3 9
363 5 7 6 6 5 8 4 4 3 9
265 6 9 2 4 6 2 6 2 4 1
364 6 8 4 8 3 4 6 5 5 6
340 8 3 7 7 3 4 5 2 8 4
265 1 4 5 1 4 9 7 8 1 1
297 9 3 4 5 2 3 3 6 7 5
307 8 4 9 5 3 4 2 1 1 5
15
324 9 9 1 2 2 5 5 4 3 7
218 7 4 1 1 1 1 2 9 5 6
284 4 1 2 8 8 1 8 9 7 6
370 5 8 8 4 2 4 7 4 7 8
204 4 3 1 5 2 2 5 4 1 1
360 3 6 4 9 3 9 7 6 1 4
285 1 1 4 7 3 5 6 5 3 7
321 1 2 8 4 7 8 7 8 3 6
320 6 2 6 3 2 4 7 7 5 7
299 5 1 9 2 1 3 9 5 9 5
217 4 2 5 2 6 1 7 5 5 2
293 1 9 8 8 5 1 2 4 4 6
230 4 5 6 2 5 4 2 3 1 3
301 7 4 2 6 5 8 1 6 2 3
323 3 2 8 9 5 9 3 3 6 2
15
411 6 9 9 8 1 5 6 4 7 7
198 4 4 4 1 6 1 3 3 8 2
344 4 7 8 3 9 7 4 7 4 6
268 5 4 1 4 4 5 5 8 6 2
265 2 9 6 4 2 4 1 6 6 3
301 2 7 2 9 3 6 2 7 2 5
277 9 3 3 3 1 7 4 4 1 4
303 8 7 6 4 1 4 3 1 2 7
257 7 6 8 1 7 1 2 4 1 7
233 5 2 6 2 5 2 7 4 3 1
328 2 7 9 4 7 4 9 8 9 3
288 4 4 6 1 3 5 9 7 8 3
377 7 3 8 9 1 6 8 8 2 4
226 1 8 7 1 6 1 3 3 3 6
267 4 7 3 6 3 4 1 6 5 5
15
348 8 8 1 6 9 1 5 9 7 9
313 7 3 8 4 7 2 9 3 1 6
381 5 1 3 8 7 7 9 6 6 7
312 8 6 2 5 2 8 3 3 1 5
277 2 5 6 7 7 1 8 3 4 1
332 9 7 7 5 7 2 3 9 4 4
286 5 3 9 2 5 2 8 3 7 3
310 9 4 8 2 7 2 5 3 6 8
389 6 7 8 8 2 9 5 2 6 3
299 2 9 5 6 8 2 3 4 7 7
244 5 1 1 2 6 7 5 4 4 2
263 1 8 8 5 1 3 3 9 6 1
321 9 3 5 9 4 3 4 3 6 1
252 5 2 7 3 9 2 1 7 7 9
297 5 6 4 6 4 2 3 4 4 9
15
310 7 2 3 6 5 3 8 2 8 2
306 9 5 4 6 6 1 4 5 3 6
343 7 7 2 3 7 3 7 7 7 9
363 7 3 9 7 3 9 4 8 4 2
164 2 4 3 3 5 2 1 7 4 3
334 8 6 4 3 8 6 2 8 7 6
347 3 8 6 9 2 6 6 5 5 4
298 1 7 1 7 1 4 7 8 3 8
320 1 3 8 6 2 8 3 4 5 9
256 8 1 2 1 9 2 3 7 7 8
351 9 9 2 5 9 5 3 6 8 6
294 3 1 3 9 1 7 9 2 1 2
244 7 7 7 1 7 2 1 8 6 2
221 3 4 3 4 6 5 1 5 5 4
438 9 2 7 9 4 9 7 9 6 4
15
462 9 7 6 8 8 5 9 9 9 7
374 4 1 8 9 9 6 7 9 9 2
362 7 5 5 4 6 7 5 5 9 8
350 3 6 2 8 8 8 6 2 5 9
220 3 3 8 2 5 1 2 8 2 8
304 9 3 5 4 4 7 5 3 4 2
265 2 5 6 6 4 2 1 3 6 8
266 3 2 9 8 3 1 4 9 2 3
266 4 5 3 1 2 6 6 5 7 4
375 9 9 2 6 4 7 4 7 1 6
269 5 1 8 5 6 4 1 1 7 5
251 1 4 1 3 1 9 5 6 6 1
382 7 6 3 5 6 7 4 9 7 9
208 2 3 3 3 5 1 3 3 9 5
326 1 5 8 9 4 8 3 3 6 2
15
304 9 4 6 2 8 3 3 5 4 6
358 3 3 9 5 2 8 9 7 6 5
342 4 3 3 9 5 2 7 9 5 8
411 9 9 7 8 9 4 4 2 9 5
407 6 9 5 8 7 9 6 2 6 2
402 8 7 7 7 9 2 9 2 2 9
289 6 9 9 1 6 2 1 7 7 6
298 7 5 5 4 8 1 4 4 5 7
325 7 2 9 2 3 8 7 7 2 1
233 1 1 1 9 3 1 1 3 8 9
292 3 8 5 3 5 9 1 3 4 7
339 5 5 4 3 3 9 5 8 1 7
286 9 1 1 2 9 9 4 1 4 2
253 1 9 4 5 8 2 5 3 6 5
370 3 2 9 9 1 7 8 8 9 2
15
371 1 3 9 8 6 6 9 1 6 8
326 4 5 7 8 5 7 3 7 3 5
366 2 7 7 5 8 8 7 8 9 3
233 3 5 1 4 2 8 2 2 5 4
247 1 9 3 4 7 5 2 6 8 2
260 2 8 2 5 2 1 6 6 6 6
415 6 7 5 8 2 4 8 9 8 9
217 3 2 3 3 9 1 5 6 5 4
309 5 4 6 2 2 5 8 5 6 6
337 6 7 4 2 5 6 7 7 7 6
309 6 8 4 8 1 2 5 9 3 1
290 5 4 5 7 6 4 7 1 5 2
203 2 7 1 1 6 1 6 2 5 6
274 3 1 2 9 2 5 6 1 3 3
268 7 9 2 7 3 1 1 8 6 3
15
270 2 9 9 7 8 3 1 7 1 1
381 4 8 9 9 9 7 4 1 1 6
361 7 7 4 9 4 6 5 8 4 3
324 3 3 5 7 9 1 8 5 8 8
315 3 3 8 4 2 9 4 8 6 6
324 8 3 9 5 7 4 3 6 1 4
299 9 5 1 1 6 2 9 4 6 5
293 4 8 2 4 6 3 3 3 7 9
256 7 1 3 3 5 4 6 6 1 5
311 6 8 4 6 6 9 1 4 3 2
313 7 7 5 6 2 1 3 8 8 4
307 1 4 4 9 7 2 9 7 8 2
367 7 2 8 5 5 4 9 5 6 6
237 1 5 3 3 7 4 2 8 3 8
233 7 3 2 3 2 3 2 5 9 1
15
339 8 1 8 3 5 5 4 6 9 7
295 1 4 7 5 1 7 4 9 5 5
321 8 8 3 1 9 7 5 9 3 3
373 7 7 5 9 1 4 4 1 8 7
384 9 9 8 1 3 7 7 7 8 3
231 1 3 6 4 5 1 6 3 9 5
415 5 2 6 9 9 8 9 7 7 4
294 1 9 1 9 1 3 9 3 4 2
408 6 5 2 9 8 9 7 7 9 4
295 6 9 2 3 6 3 5 6 7 6
253 7 5 9 2 5 1 1 3 6 5
284 4 5 8 3 9 3 3 2 7 8
267 1 7 6 9 8 2 4 4 4 2
353 7 4 5 4 4 7 7 1 5 7
348 2 9 4 8 4 6 4 6 7 6
15
309 8 2 2 8 3 7 3 2 6 1
318 3 9 2 8 5 4 1 9 1 9
360 9 7 4 5 1 7 3 9 2 7
286 1 5 7 5 8 2 9 9 7 1
382 6 9 7 8 1 7 3 6 4 6
352 8 8 2 6 4 4 4 4 7 7
353 6 4 7 1 7 8 8 8 9 6
368 8 2 4 9 4 7 3 4 9 8
291 7 2 1 8 2 4 6 1 9 2
325 6 9 2 8 3 2 5 8 3 3
322 3 1 8 9 8 3 9 4 3 3
283 7 5 3 1 4 7 3 5 5 3
300 2 8 6 4 5 7 5 8 4 1
308 8 6 2 3 4 4 3 5 5 9
240 5 9 1 2 3 1 3 3 8 6
15
294 2 4 8 5 8 1 9 7 7 4
401 8 6 9 4 9 7 7 2 2 7
213 5 2 3 4 6 5 2 1 2 4
282 7 1 5 8 3 4 2 2 2 3
272 1 5 2 8 5 5 6 2 5 2
327 8 1 5 7 9 7 3 8 3 4
383 4 7 6 8 9 3 9 3 2 8
356 8 5 9 1 5 9 5 4 3 7
350 8 8 4 1 4 5 7 6 6 8
359 9 8 6 3 3 9 1 7 3 6
417 9 8 8 5 9 8 2 3 5 8
371 8 6 7 4 2 8 8 1 1 6
298 8 4 3 1 9 8 5 5 7 1
319 2 2 7 5 7 4 9 6 8 8
284 3 1 7 9 9 3 5 3 6 1
15
316 7 2 4 8 5 8 1 1 4 6
344 7 5 5 9 8 2 3 9 3 6
269 8 6 3 5 1 3 4 5 1 1
238 4 2 2 1 8 8 5 9 3 3
451 8 5 3 9 8 9 8 6 4 9
293 1 4 2 8 4 5 5 9 6 5
258 5 4 4 3 7 3 7 3 6 1
348 6 6 9 3 1 5 6 2 7 6
343 9 5 7 4 9 1 3 6 8 8
263 8 6 6 3 1 2 1 4 2 6
338 6 5 4 4 5 8 8 6 9 2
250 1 2 2 2 8 6 6 8 9 6
281 8 2 4 2 2 5 3 5 4 7
265 3 2 8 6 6 2 7 8 1 2
371 5 2 5 7 7 7 8 6 9 7
15
275 2 6 2 4 6 6 4 3 8 8
365 4 1 4 7 6 5 9 5 9 8
239 6 4 6 1 5 1 5 4 5 2
298 1 1 2 6 3 8 6 4 8 7
304 6 3 8 1 5 6 5 9 1 8
255 4 1 1 5 8 2 7 3 2 7
227 3 1 1 1 8 1 9 9 5 7
259 5 1 2 4 3 4 6 2 4 9
281 5 8 4 9 5 4 1 2 7 1
273 3 5 7 5 4 6 1 7 6 1
282 4 4 2 7 5 3 7 3 8 1
309 2 8 6 5 5 7 2 3 2 7
389 8 7 8 2 8 6 7 9 3 6
387 9 8 5 4 9 5 9 4 6 4
373 5 9 8 6 6 8 1 3 5 6
15
244 3 2 7 2 1 7 6 1 3 2
257 1 4 4 2 4 6 9 4 1 4
402 5 6 5 9 6 9 5 8 2 8
338 5 9 8 7 6 3 5 5 4 1
254 4 8 4 2 3 6 5 2 2 2
240 8 3 2 5 8 1 6 8 1 1
288 9 2 6 5 7 3 2 2 4 6
315 9 1 8 8 8 2 1 7 9 3
235 4 2 3 6 2 2 8 3 2 3
228 2 3 1 4 3 2 4 7 8 7
369 7 1 1 9 3 7 9 2 7 5
275 7 3 1 1 9 7 8 1 2 2
387 9 9 9 9 7 2 7 6 4 1
264 5 8 2 6 3 3 5 4 2 1
333 3 6 6 7 5 7 3 5 8 7
15
341 5 7 7 5 3 6 3 7 8 7
354 6 4 2 6 8 9 3 3 9 9
398 8 7 9 2 4 5 9 6 1 9
387 2 9 3 9 3 9 7 3 7 6
239 2 5 8 1 9 1 2 6 9 8
295 1 6 9 6 8 4 5 9 3 3
190 3 2 3 1 1 1 2 4 9 6
293 2 2 8 2 1 9 9 1 6 1
358 8 5 7 1 4 5 9 1 5 9
322 6 8 2 6 4 5 9 2 2 1
418 9 9 8 4 1 7 6 3 8 8
245 6 3 1 3 1 1 8 3 9 1
300 5 7 2 3 2 9 3 1 9 2
281 6 5 3 5 7 6 3 3 4 2
252 7 1 6 1 2 7 2 5 3 6
15
350 6 8 5 7 6 9 4 2 2 2
326 7 4 9 4 4 4 4 9 1 6
357 5 6 9 9 9 4 4 7 4 2
221 4 8 4 2 2 1 2 2 2 6
277 6 9 2 7 7 1 3 8 4 4
327 7 1 8 3 4 4 7 4 1 8
274 7 2 3 3 4 3 5 8 8 3
252 2 9 2 5 7 3 6 2 5 2
357 9 5 8 6 2 4 9 5 1 3
360 3 5 1 9 2 9 8 1 6 6
304 6 3 3 8 7 3 6 1 1 7
329 7 4 6 8 7 5 2 7 9 3
259 1 1 8 2 9 2 7 9 5 6
360 9 5 3 7 3 8 5 2 4 3
321 8 7 3 8 7 1 6 8 2 2
15
254 2 4 8 2 4 5 3 1 6 5
347 1 8 7 5 7 9 5 2 2 6
248 2 3 4 7 3 3 1 1 8 6
255 7 1 1 2 7 9 1 6 9 2
293 3 8 8 6 3 5 5 3 4 1
257 3 2 4 4 4 6 5 7 2 4
393 3 9 7 2 7 9 9 5 9 9
425 1 4 9 9 5 9 9 8 5 8
271 5 7 1 2 7 7 2 4 2 9
364 4 9 3 2 7 8 9 7 8 8
299 4 5 2 6 7 7 5 9 7 1
338 9 7 1 5 7 3 9 9 1 4
340 8 8 4 5 9 4 4 9 7 2
257 5 8 7 4 8 2 4 4 1 2
228 3 5 1 4 5 5 5 6 2 2
15
239 2 1 2 5 1 2 9 3 7 3
384 7 5 5 6 6 8 5 8 3 8
373 4 5 8 8 5 9 5 5 2 6
252 1 8 2 3 8 3 6 3 6 7
304 8 2 1 4 3 6 8 1 5 4
310 3 5 1 5 8 9 1 3 8 9
250 1 5 1 5 4 4 5 3 3 7
330 7 4 6 5 6 6 6 8 2 4
167 1 1 2 1 9 1 7 4 3 3
403 9 4 8 6 6 6 9 7 2 5
343 6 8 9 4 5 6 6 1 6 3
308 9 4 2 2 7 5 5 1 7 9
295 6 8 4 1 2 3 8 4 3 6
245 1 1 2 7 2 7 3 8 6 5
299 6 6 7 1 3 1 8 8 9 3
15
328 6 6 1 6 7 3 8 7 3 6
354 5 5 2 7 2 8 8 4 7 3
308 8 4 1 9 1 2 2 8 9 5
389 9 5 4 8 7 8 7 7 5 1
277 4 8 1 1 7 9 5 6 7 2
338 9 6 8 5 6 5 2 5 7 4
369 6 2 5 8 8 7 5 2 4 9
312 1 5 7 9 4 1 4 9 8 7
249 2 1 4 4 2 6 9 5 1 1
387 7 9 4 8 3 4 6 8 8 6
297 3 5 3 2 8 3 8 9 9 7
315 8 9 7 4 8 1 3 2 6 6
347 9 5 5 6 6 9 2 6 1 3
274 3 6 2 3 6 4 7 9 2 6
312 8 5 4 2 2 6 2 2 9 9
15
393 7 9 5 2 6 8 9 1 7 6
312 3 9 8 1 1 8 7 3 6 3
329 1 9 9 5 9 4 3 7 1 9
412 3 4 6 7 4 8 8 8 8 9
273 7 7 3 2 8 3 6 5 6 3
318 1 9 1 9 2 8 6 5 1 3
355 9 7 3 5 9 8 1 6 1 8
260 4 3 4 8 3 4 3 5 1 3
418 5 7 7 9 1 8 6 1 8 6
287 8 1 5 3 9 6 5 2 2 2
239 4 4 1 1 1 4 5 7 8 5
181 5 1 1 1 9 4 4 2 3 2
254 3 2 3 6 3 4 6 1 4 4
274 7 1 9 4 2 1 4 4 1 7
402 8 2 9 9 6 7 1 4 8 8
15
279 3 4 1 4 7 6 8 5 3 6
351 1 6 1 9 5 8 9 6 1 7
304 7 7 1 9 1 4 2 4 1 5
400 4 8 8 3 5 9 8 7 7 9
369 8 7 7 6 2 7 5 5 1 3
204 6 2 1 1 1 1 5 1 4 7
294 4 2 2 6 6 9 4 3 3 6
432 9 4 8 7 7 9 7 9 3 6
224 1 7 7 2 2 1 6 2 2 3
413 9 5 8 3 8 9 9 8 8 2
362 9 3 1 3 9 6 7 9 9 8
375 5 2 5 8 9 7 7 5 9 5
323 6 4 4 7 8 5 1 8 7 8
205 1 4 3 4 3 1 6 3 9 2
289 8 7 6 3 1 1 1 4 8 7
15
352 6 8 1 8 4 7 4 3 9 3
159 1 5 4 1 5 1 3 7 1 1
346 6 4 7 3 9 9 2 7 7 8
300 9 6 6 5 6 3 1 3 7 4
366 7 9 4 6 9 7 7 2 8 2
347 5 1 1 9 5 9 7 4 3 8
260 2 5 9 4 8 2 3 9 1 7
139 3 1 5 1 1 1 1 7 8 1
331 4 2 2 3 8 6 9 6 9 8
225 1 1 5 4 2 4 2 2 6 8
292 3 3 4 5 9 7 9 3 4 2
333 7 4 8 1 6 6 6 6 6 4
290 7 9 3 6 4 1 6 1 2 5
336 7 1 8 8 9 1 5 5 9 8
224 5 2 3 2 6 3 4 7 5 5
15
306 4 6 3 1 7 8 7 4 4 5
334 4 7 7 8 3 4 6 8 7 2
303 7 1 6 5 9 4 2 6 7 6
246 8 1 1 3 3 5 5 9 2 2
288 1 7 8 1 7 6 7 9 1 6
329 3 5 9 6 2 5 7 1 2 8
260 2 4 6 7 7 2 6 9 5 1
339 8 8 2 8 2 7 3 3 6 2
247 1 1 6 3 5 8 3 8 8 4
379 4 4 5 8 1 8 8 3 1 9
252 7 4 1 5 2 1 1 3 2 9
228 3 3 2 4 9 2 4 6 1 8
286 3 5 2 6 3 5 9 4 4 2
373 1 9 8 6 7 7 5 7 5 8
307 8 6 7 1 4 7 2 4 4 6
