75 10
347 349 325 357 338 295 345 347 352 340 
10
129 3 4 4 8 1 5 2 1 2 1 
182 1 5 3 7 7 2 2 5 8 1 
183 9 4 2 0 4 3 0 3 0 7 
219 4 0 2 7 9 3 1 3 8 7 
229 8 5 1 4 4 9 7 1 4 8 
237 3 5 4 6 5 8 2 9 6 8 
243 9 6 2 5 1 6 9 5 6 5 
258 3 5 8 0 5 9 9 0 7 9 
262 7 4 9 7 3 4 3 4 5 5 
278 7 5 3 4 6 4 6 7 8 8 
10
113 0 2 3 7 0 0 4 6 1 0 
166 2 3 2 3 8 6 1 5 1 5 
214 0 5 8 9 7 0 0 4 6 3 
217 3 6 5 6 6 9 7 0 7 5 
219 5 2 3 6 5 2 8 6 7 1 
223 1 9 9 3 9 2 4 1 7 3 
229 6 5 6 3 2 2 4 4 8 4 
257 9 3 0 7 9 5 8 5 9 1 
266 3 7 6 7 9 1 9 9 4 4 
274 5 6 9 4 2 7 7 8 8 2 
10
136 4 1 1 1 5 6 3 5 5 0 
148 0 4 3 0 2 8 7 9 4 3 
194 5 2 7 3 1 5 8 0 1 3 
194 5 7 5 6 0 0 4 7 5 1 
195 4 3 5 6 3 1 9 1 1 6 
227 3 5 3 8 4 0 5 4 6 8 
251 9 8 5 4 8 6 4 7 0 1 
259 8 7 6 4 1 1 2 6 9 5 
264 9 8 1 3 5 1 9 5 2 8 
295 9 5 4 4 6 4 3 6 8 9 
10
129 2 6 5 1 0 0 1 2 5 2 
187 3 5 2 6 1 2 4 0 9 7 
202 3 3 2 9 7 4 4 7 2 5 
202 1 5 2 9 7 5 1 3 1 8 
212 6 4 5 3 1 6 5 5 7 6 
228 8 1 6 7 0 0 6 1 2 5 
256 5 6 8 1 9 3 1 8 4 7 
265 6 5 9 9 4 7 1 4 2 9 
276 8 0 8 8 3 0 1 9 0 9 
284 4 8 8 9 7 8 9 6 1 2 
10
141 1 3 2 4 1 9 3 6 6 5 
173 1 5 5 8 3 0 3 6 6 0 
185 3 8 2 1 1 5 9 2 9 3 
206 4 9 6 4 4 1 2 1 6 2 
213 6 4 9 3 1 7 7 1 5 2 
217 6 5 6 8 4 1 2 9 0 0 
224 8 1 6 9 5 2 1 0 5 2 
233 8 0 8 5 1 1 4 7 2 2 
243 3 6 8 6 5 0 6 2 5 6 
293 9 0 9 7 9 9 2 7 2 7 
10
141 0 1 4 1 2 8 2 7 8 4 
169 6 6 4 4 0 0 2 5 6 0 
191 5 4 2 3 7 3 8 5 2 3 
215 5 1 8 1 1 7 3 8 4 5 
229 9 3 3 3 2 2 3 6 4 6 
234 1 6 9 5 0 2 0 8 6 8 
235 9 2 7 7 4 7 7 1 7 1 
238 4 2 8 6 0 4 8 4 2 6 
245 7 3 5 8 5 2 5 8 0 4 
246 9 5 9 1 4 4 0 3 7 6 
10
123 3 3 1 0 2 8 2 8 8 0 
153 3 0 0 7 5 5 1 6 5 3 
204 7 3 1 3 3 7 0 9 8 3 
212 0 6 9 5 9 5 8 0 1 1 
216 7 2 2 7 1 3 3 2 8 8 
219 5 3 3 4 7 9 4 1 9 7 
219 4 6 6 5 8 0 7 5 1 1 
228 4 3 0 7 9 2 5 9 1 6 
235 6 9 9 9 2 0 1 2 3 1 
284 9 8 8 0 0 1 9 2 7 9 
10
181 7 2 8 2 0 3 0 4 4 3 
195 3 8 5 0 8 2 1 9 5 0 
200 3 4 0 4 9 1 3 9 2 5 
203 6 9 8 2 0 4 0 3 6 0 
208 6 2 5 5 3 5 3 0 1 9 
209 1 6 1 6 7 6 6 7 2 6 
218 4 2 8 5 2 7 8 5 5 1 
237 2 2 8 5 8 3 8 9 7 1 
257 4 8 4 6 5 8 5 7 9 3 
282 6 8 7 9 7 2 0 7 6 3 
10
96 3 2 1 1 9 8 1 0 3 0 
131 1 1 1 4 5 0 6 5 0 5 
161 2 7 2 5 0 3 3 3 3 5 
166 0 3 6 8 6 9 2 5 4 2 
248 7 7 4 9 6 4 4 3 1 5 
272 6 2 9 0 4 6 9 6 3 7 
275 9 5 8 3 3 5 5 8 1 6 
283 7 7 6 7 3 4 1 9 5 8 
293 8 7 5 9 2 2 2 3 8 9 
325 8 1 9 8 2 6 8 5 7 9 
10
161 0 3 6 3 2 3 0 9 0 5 
203 1 0 6 4 0 0 5 9 6 9 
208 3 6 9 1 3 6 2 6 8 1 
211 1 9 2 3 4 4 2 6 8 8 
216 5 4 1 9 7 6 2 9 6 4 
235 3 7 8 2 6 6 6 3 4 3 
238 7 5 4 8 5 8 6 4 5 2 
251 1 5 7 4 8 2 8 4 7 8 
261 3 9 7 1 9 6 8 2 6 6 
296 7 9 5 5 7 6 9 5 5 7 
10
133 1 5 7 9 0 3 0 1 1 0 
158 0 9 2 4 0 5 9 8 5 0 
175 6 9 3 3 0 3 8 2 0 1 
185 2 6 4 4 6 6 9 0 5 2 
188 0 8 6 0 2 1 3 8 6 3 
202 8 6 0 1 9 4 1 0 5 6 
205 1 9 4 3 8 2 9 1 0 8 
281 6 8 4 8 7 7 6 5 3 7 
281 9 5 7 0 6 9 8 8 8 2 
322 9 6 7 9 7 7 7 2 5 6 
10
118 2 2 0 3 0 6 7 2 0 3 
164 1 1 4 6 1 8 2 8 7 1 
181 0 5 9 0 8 8 0 0 2 8 
183 0 2 3 6 3 5 9 7 6 4 
186 1 6 2 9 4 9 0 3 7 7 
191 1 7 3 6 2 8 6 1 6 8 
199 5 3 9 5 2 3 2 6 6 1 
208 0 8 9 4 0 6 3 3 9 6 
228 8 4 4 3 4 7 9 2 4 2 
333 7 7 9 8 6 6 9 6 1 8 
10
173 4 2 4 3 5 4 3 7 6 2 
174 0 6 3 3 8 1 3 2 7 5 
186 3 1 4 6 3 7 1 8 5 5 
203 6 9 0 7 5 1 6 8 0 2 
208 5 1 1 5 4 7 7 4 2 7 
210 2 6 7 9 0 0 6 5 3 5 
222 9 1 2 7 3 6 1 6 0 8 
227 5 9 1 6 2 5 7 1 4 8 
242 5 9 0 6 5 4 4 5 9 8 
274 8 6 4 3 6 3 6 5 6 6 
10
133 1 9 5 4 1 8 1 1 7 0 
171 2 6 6 3 5 8 3 6 2 1 
183 4 5 2 4 0 1 7 7 3 3 
187 1 9 8 4 5 2 4 1 3 3 
195 9 1 4 2 2 3 0 2 1 7 
218 6 1 6 5 2 5 6 6 0 8 
240 6 8 4 8 8 5 0 6 8 2 
256 3 2 9 4 9 0 0 2 7 9 
258 1 5 9 1 7 4 9 3 8 9 
259 9 1 4 9 1 7 0 6 3 9 
10
177 7 0 8 3 1 0 5 0 2 1 
184 4 3 1 8 1 5 5 3 3 7 
184 0 3 5 0 9 7 7 4 8 1 
186 5 1 4 2 5 8 4 4 2 8 
210 2 6 6 0 4 7 6 6 3 5 
212 8 4 1 1 6 1 7 0 5 6 
214 9 8 5 4 2 1 5 1 0 2 
220 8 4 6 0 4 0 1 9 4 2 
253 8 8 5 5 6 1 9 5 2 0 
255 1 3 8 2 6 5 8 3 9 9 
10
142 0 6 1 4 9 9 1 3 0 5 
155 0 7 3 2 5 0 2 7 3 4 
163 2 9 0 9 8 3 4 0 0 4 
170 8 1 5 4 4 5 0 1 6 0 
211 9 7 4 0 6 9 5 7 1 0 
229 6 6 5 7 9 1 8 1 1 3 
232 9 1 8 2 2 2 4 8 5 0 
232 9 4 5 9 6 4 1 2 2 5 
233 9 0 3 4 7 5 5 3 0 8 
270 7 5 7 9 3 6 1 4 8 5 
10
121 4 7 2 3 6 9 0 1 0 0 
169 6 2 0 1 8 4 1 6 0 5 
176 1 1 6 0 5 1 1 3 2 9 
177 4 4 3 4 3 8 7 1 0 4 
183 7 3 0 4 0 0 8 0 0 7 
197 4 1 1 6 9 9 0 3 9 5 
208 1 8 0 5 4 5 8 9 4 6 
216 1 8 2 6 0 7 7 8 1 8 
229 0 6 5 3 4 7 8 5 9 7 
258 5 7 8 9 8 8 6 0 7 1 
10
177 4 4 0 8 3 4 6 7 4 1 
185 1 1 2 9 8 8 0 5 7 7 
185 4 7 0 0 1 1 3 9 9 3 
192 0 2 1 4 9 6 9 2 1 9 
203 2 6 2 9 1 7 0 7 1 9 
204 7 3 4 7 1 5 0 8 9 1 
213 4 4 8 2 2 9 4 2 9 6 
216 7 3 0 7 6 9 9 8 0 1 
220 2 3 4 8 9 1 4 6 2 7 
286 8 0 9 8 9 2 0 9 2 6 
10
146 1 5 7 1 1 9 5 2 0 1 
147 2 1 1 5 0 1 2 0 7 9 
147 1 6 6 0 3 0 1 3 8 1 
159 4 8 1 4 1 4 1 7 9 0 
181 0 0 6 7 4 6 6 7 6 2 
193 2 5 5 2 5 7 6 2 8 2 
194 1 9 6 7 9 9 0 3 6 1 
209 4 6 6 3 7 5 2 9 5 2 
218 1 3 4 8 9 0 8 8 4 3 
232 8 3 0 5 7 8 3 3 5 7 
10
174 2 0 1 1 5 6 8 2 9 7 
199 0 6 2 9 1 7 7 9 6 6 
203 3 8 4 0 8 6 1 5 4 6 
214 9 9 1 8 1 5 1 3 2 5 
221 1 4 3 9 9 9 9 7 3 5 
224 6 3 8 1 6 5 1 8 4 5 
227 9 5 0 1 3 4 7 8 3 7 
238 7 7 7 8 6 2 0 6 7 0 
240 8 8 4 5 0 4 9 1 6 4 
297 6 6 7 9 8 9 9 0 5 9 
10
161 4 7 1 5 1 7 0 3 2 4 
169 5 1 1 4 7 9 2 6 4 2 
188 6 0 1 2 3 6 5 7 5 8 
192 7 9 0 6 7 5 0 2 3 2 
193 0 6 2 6 8 9 4 4 7 6 
193 1 5 4 1 4 4 9 5 5 3 
201 7 0 4 8 5 6 3 0 2 7 
230 7 4 6 4 3 6 1 3 4 6 
230 4 4 4 3 9 1 4 6 8 5 
234 9 4 4 1 6 9 4 1 8 3 
10
150 3 1 6 3 8 1 3 0 3 2 
154 7 1 0 3 4 1 4 0 7 4 
160 4 2 5 4 0 3 0 6 5 4 
167 1 2 0 4 2 9 6 4 6 7 
185 0 9 7 6 3 3 4 1 2 6 
207 2 2 9 7 0 0 4 6 9 1 
224 8 7 0 8 3 3 3 7 0 4 
236 7 2 8 9 4 6 8 2 0 0 
265 4 8 9 4 5 9 3 5 4 8 
287 9 0 8 3 8 9 6 6 0 9 
10
143 4 5 2 0 4 2 5 0 2 3 
158 0 8 0 4 5 9 0 8 6 2 
175 1 9 3 5 3 9 5 8 1 1 
191 6 5 2 3 4 4 5 2 6 3 
222 6 8 2 9 3 2 8 0 5 5 
231 7 9 9 3 3 4 5 4 1 0 
236 2 4 3 7 7 8 8 3 8 5 
263 5 4 7 6 6 6 0 6 2 9 
276 6 6 9 2 2 5 6 4 6 7 
279 8 3 8 7 9 1 5 5 2 6 
10
143 3 4 3 3 2 1 6 2 7 0 
143 0 2 4 3 6 2 3 4 1 3 
192 4 2 7 8 4 0 4 1 5 2 
193 4 6 2 3 5 8 8 9 0 3 
209 5 8 5 0 0 4 9 2 9 5 
210 2 9 2 0 2 8 9 4 9 9 
234 4 8 7 4 3 6 0 4 4 9 
274 6 9 8 8 7 2 1 4 1 4 
277 9 2 6 7 9 7 4 6 7 5 
289 7 7 9 6 8 8 1 9 2 3 
10
78 0 0 2 5 1 4 5 1 1 2 
116 2 5 0 0 8 4 5 2 4 0 
173 4 5 8 2 4 2 4 0 2 1 
175 2 8 3 2 3 2 8 9 0 2 
195 8 1 1 2 7 3 4 2 6 6 
201 7 6 4 1 1 7 4 1 2 5 
214 7 4 2 4 4 3 1 1 9 8 
249 8 0 7 2 7 1 6 1 7 6 
250 7 5 8 3 0 5 8 6 0 8 
327 6 9 9 8 8 8 8 6 6 5 
10
126 0 8 0 5 0 0 7 4 1 3 
148 2 4 3 1 7 4 1 1 4 5 
152 4 6 0 1 9 7 4 1 3 4 
159 2 5 6 3 5 3 1 1 7 1 
194 9 0 1 8 1 0 8 0 2 3 
222 7 4 2 2 6 7 5 8 7 1 
241 2 4 2 3 7 1 9 9 7 8 
273 4 6 8 9 9 3 5 7 6 0 
309 8 5 4 5 7 4 8 7 5 9 
312 9 2 8 9 6 6 2 6 3 8 
10
163 3 1 6 9 1 1 7 0 0 1 
171 3 7 0 0 0 7 4 0 7 9 
179 1 2 5 6 1 3 8 6 3 1 
186 4 3 0 5 2 5 9 8 2 5 
197 2 0 0 8 9 1 8 9 2 4 
211 3 5 3 3 8 2 9 0 7 4 
212 7 7 3 9 4 5 2 4 7 0 
223 3 3 8 0 8 4 3 1 8 6 
228 2 2 7 2 8 0 8 0 9 8 
248 2 8 5 7 3 0 1 9 7 7 
10
143 1 8 0 3 0 3 5 6 6 0 
173 2 9 6 0 7 4 3 6 1 2 
182 3 5 7 0 0 8 9 0 3 7 
190 4 7 4 7 5 2 6 2 2 0 
203 6 3 7 3 5 5 3 1 4 2 
205 4 8 4 7 0 7 5 8 5 2 
209 5 9 2 8 6 3 0 4 0 5 
215 4 3 2 7 4 5 9 2 3 9 
215 6 2 5 3 6 1 7 2 0 6 
215 4 5 8 7 0 1 7 1 7 0 
10
112 1 1 6 5 2 3 2 1 3 1 
157 1 7 4 4 3 7 3 1 9 2 
181 1 8 2 3 0 2 0 7 8 7 
196 1 5 9 5 8 5 6 1 7 0 
218 9 6 1 4 5 9 4 7 0 4 
220 1 9 6 1 9 8 4 0 3 7 
255 9 4 6 9 2 2 6 6 9 0 
270 6 3 7 3 6 0 0 9 5 9 
276 8 8 5 0 4 0 8 8 0 8 
284 0 9 8 5 9 2 7 4 7 8 
10
101 1 3 1 0 1 3 3 3 8 3 
187 3 8 0 9 9 5 0 3 4 4 
195 8 0 0 7 3 8 6 4 7 5 
204 8 1 4 6 7 6 1 0 0 8 
207 1 4 9 7 5 4 6 0 7 2 
216 0 4 8 0 9 6 2 5 6 8 
221 9 8 0 6 6 4 5 2 1 4 
223 2 1 7 0 5 3 9 2 9 8 
276 4 4 7 9 8 8 8 9 2 3 
300 9 3 6 3 4 2 3 8 9 8 
10
131 3 9 3 0 0 1 0 0 1 4 
180 5 3 3 6 1 4 5 7 2 1 
197 0 5 5 7 6 7 3 4 6 5 
212 5 5 6 9 2 4 4 2 9 1 
215 4 3 4 6 7 1 5 5 4 2 
221 9 7 1 9 1 8 8 7 0 2 
231 7 2 3 5 9 3 0 3 5 9 
249 8 2 8 0 6 9 8 3 2 7 
255 8 0 5 8 5 2 0 9 3 7 
285 5 9 7 6 6 0 9 9 4 2 
10
126 4 0 3 0 1 9 0 9 6 1 
151 4 6 0 1 3 9 8 2 7 2 
222 0 8 6 7 7 3 1 1 1 9 
236 8 5 7 6 3 0 0 5 4 2 
237 7 6 1 9 4 2 4 1 0 9 
244 6 0 4 9 0 4 7 5 5 7 
254 2 2 8 9 3 8 3 5 6 8 
261 9 2 6 1 9 6 3 2 5 9 
280 9 5 7 0 6 2 3 6 1 9 
287 9 9 5 6 2 9 7 9 1 5 
10
164 1 4 5 2 7 3 2 8 5 2 
173 0 7 4 9 6 0 1 1 9 1 
200 6 4 0 6 5 7 7 4 5 3 
209 2 6 6 9 5 9 7 0 4 5 
210 4 7 3 6 7 7 6 3 2 1 
236 6 8 7 2 5 3 4 9 0 0 
241 6 7 5 8 0 5 3 7 7 4 
249 0 4 7 8 4 0 9 6 8 6 
270 9 4 7 4 9 7 6 6 6 1 
280 8 5 6 8 0 0 7 4 8 6 
10
206 1 7 8 8 7 2 1 0 6 5 
211 2 4 9 1 8 4 1 6 2 7 
213 3 1 5 1 8 2 6 6 6 8 
216 7 7 2 0 6 9 9 0 7 4 
218 6 5 8 2 3 2 9 2 3 1 
240 8 3 6 3 7 4 8 0 0 5 
249 0 6 7 7 0 0 9 3 8 8 
254 7 1 8 9 7 4 0 3 1 6 
268 9 0 5 0 8 3 9 5 8 4 
302 9 0 8 7 1 9 8 8 8 5 
10
189 3 2 7 2 1 6 1 5 4 8 
189 1 5 6 4 5 5 1 4 5 7 
195 6 2 5 4 0 8 6 0 2 9 
229 5 5 6 2 3 7 4 6 9 4 
230 5 4 7 8 4 8 5 3 4 1 
234 5 3 9 1 7 7 5 2 4 6 
238 5 3 3 9 9 1 3 2 7 6 
255 7 2 5 4 8 8 7 8 8 2 
268 7 7 9 6 9 1 2 0 3 3 
268 9 8 8 1 6 9 0 5 0 7 
10
196 1 3 6 1 5 3 6 2 8 7 
212 4 6 5 9 8 5 5 1 1 0 
220 5 7 3 2 9 6 5 8 6 1 
230 1 6 8 6 4 1 1 7 4 7 
232 4 8 9 0 4 8 8 3 3 4 
236 3 4 2 7 8 7 3 9 6 5 
242 1 8 3 9 8 0 9 1 3 9 
242 9 6 6 0 7 4 2 3 8 1 
261 6 2 3 4 7 6 6 6 6 9 
314 6 4 5 9 5 6 8 9 8 7 
10
160 5 1 2 8 3 8 1 4 0 3 
168 1 7 8 1 0 1 2 5 7 2 
200 4 6 2 2 7 4 8 3 9 1 
220 9 3 3 1 1 3 6 8 5 6 
231 8 8 9 0 9 3 3 4 0 1 
242 0 8 6 9 3 5 4 7 7 9 
242 6 9 6 2 8 4 4 5 0 4 
245 7 3 5 9 7 2 3 6 8 3 
247 7 9 8 0 8 1 3 8 1 3 
263 4 9 7 7 3 9 3 9 1 6 
10
165 0 7 3 4 6 4 0 8 2 5 
175 2 6 1 6 7 3 0 5 5 3 
195 7 4 2 6 5 7 5 5 0 4 
207 3 1 5 1 4 4 6 5 9 5 
207 9 2 6 4 2 3 1 5 5 0 
217 6 3 3 6 7 2 4 0 7 4 
226 0 5 6 1 4 2 7 9 3 9 
241 7 8 5 6 9 5 2 0 8 3 
260 7 3 3 5 6 2 2 8 2 9 
274 8 6 8 2 7 8 2 8 2 5 
10
147 0 9 4 0 3 8 9 5 1 2 
174 0 2 5 7 4 1 6 3 8 0 
191 7 5 2 1 4 4 7 9 0 0 
201 3 2 0 7 7 8 5 2 4 8 
213 3 3 6 9 1 7 3 2 4 8 
223 2 6 5 5 8 3 7 2 9 5 
223 5 5 5 7 1 2 5 8 3 5 
237 9 1 6 4 7 8 2 0 8 5 
272 8 4 9 8 3 1 4 7 5 1 
274 8 5 6 7 8 9 7 0 2 7 
10
145 1 0 4 6 3 6 8 0 2 2 
157 1 1 4 2 1 1 0 5 8 7 
166 4 1 0 4 8 5 8 8 1 2 
196 9 1 5 5 4 8 3 3 4 1 
207 3 8 5 3 7 6 0 2 6 4 
221 8 9 7 8 3 9 0 2 3 0 
229 1 1 8 5 6 8 4 9 8 4 
235 6 4 0 4 4 0 9 5 9 5 
253 7 8 3 8 7 9 9 7 3 1 
260 9 4 9 4 0 6 4 0 9 4 
10
112 1 3 7 0 0 6 3 3 1 0 
160 0 2 2 3 7 3 5 2 8 6 
175 8 2 1 1 1 6 1 8 0 8 
189 0 1 4 8 7 1 4 3 6 5 
192 1 5 5 1 9 3 2 2 6 6 
221 0 2 5 5 2 3 4 9 7 9 
224 4 2 7 1 8 0 9 2 9 0 
240 4 6 7 7 9 6 2 7 9 1 
267 9 8 0 4 8 4 6 5 1 8 
300 6 4 9 5 3 8 8 7 6 7 
10
134 1 0 5 1 0 5 2 2 2 7 
148 7 3 2 2 0 8 6 1 2 4 
190 0 5 3 7 3 2 9 6 8 3 
211 4 8 1 5 4 2 9 7 4 4 
226 5 6 4 2 8 3 2 3 2 7 
237 7 2 7 0 7 7 9 7 3 2 
267 9 3 5 5 2 5 5 7 1 9 
288 5 2 5 9 9 7 9 6 1 9 
291 9 6 9 7 2 0 2 9 3 6 
304 7 0 8 6 9 6 8 7 8 7 
10
133 8 0 3 0 0 5 5 1 0 2 
177 0 2 2 5 8 1 1 4 8 9 
197 1 8 9 1 4 9 8 0 5 2 
199 6 8 4 2 3 1 6 4 2 0 
210 9 1 8 2 2 9 3 5 3 3 
211 7 3 2 1 3 6 7 6 0 9 
269 6 9 8 8 0 3 1 2 9 7 
269 7 1 5 5 1 4 4 8 9 8 
307 8 5 5 8 3 8 5 8 3 9 
314 6 2 8 8 6 9 6 5 9 9 
10
136 2 8 1 1 0 9 3 4 5 1 
163 1 6 4 0 0 9 7 3 2 6 
167 0 6 3 6 8 8 6 0 9 1 
169 4 5 8 2 5 8 3 1 1 1 
178 0 1 9 1 3 6 6 7 2 5 
179 4 5 2 7 4 7 0 8 1 1 
205 6 7 2 4 9 0 7 1 7 1 
240 8 3 6 6 4 5 1 0 6 7 
284 9 6 2 1 8 2 9 2 9 9 
310 8 9 1 6 5 3 9 9 8 6 
10
190 8 0 4 2 2 5 8 0 8 1 
192 6 5 2 0 8 5 9 1 4 2 
192 2 2 5 9 7 7 4 8 3 2 
194 0 6 5 5 2 4 5 5 8 5 
201 5 5 0 1 8 9 6 2 7 5 
205 6 9 4 5 6 8 0 7 1 2 
209 6 2 5 9 3 9 2 4 6 3 
228 1 8 7 4 2 2 7 9 7 2 
255 7 7 7 0 2 2 2 6 2 9 
274 7 9 7 4 1 4 7 6 1 9 
10
109 0 2 6 5 0 5 5 4 1 0 
162 3 3 1 7 1 4 3 1 6 8 
179 4 5 3 2 4 2 6 4 5 1 
182 4 3 1 6 2 6 8 0 4 7 
210 2 3 6 8 6 9 8 2 5 3 
231 4 3 8 4 3 3 6 1 9 4 
240 9 9 4 0 5 5 7 6 2 3 
242 8 2 6 7 4 8 0 3 4 8 
281 8 6 3 7 9 1 1 5 9 6 
294 9 9 0 5 8 8 8 6 5 8 
10
174 1 6 8 1 0 7 5 9 3 0 
183 5 6 2 2 0 5 5 0 6 9 
191 5 2 9 2 2 9 1 7 7 1 
203 0 6 6 8 7 8 8 0 0 3 
210 9 3 6 3 2 3 5 0 4 5 
222 1 6 6 9 7 1 4 2 5 3 
228 0 7 4 4 6 0 9 7 5 4 
246 8 1 4 6 7 3 6 9 3 4 
248 9 9 5 4 0 2 7 2 4 4 
272 8 5 7 9 8 8 1 0 9 4 
10
165 1 1 1 5 4 8 2 6 7 7 
191 8 4 2 6 5 6 4 8 1 0 
192 3 3 5 6 6 8 5 2 3 2 
221 5 5 2 6 9 3 4 6 1 5 
227 9 0 7 1 6 2 5 4 5 4 
229 5 2 8 9 3 9 8 2 7 1 
237 1 8 8 6 0 8 1 8 8 5 
240 2 8 6 2 3 4 4 6 9 7 
241 2 9 8 7 8 6 7 2 3 1 
286 8 6 7 4 3 6 4 6 8 6 
10
122 1 4 1 8 0 7 1 9 1 0 
130 0 3 6 5 2 5 1 5 5 1 
142 1 3 4 3 3 1 1 5 7 1 
147 4 1 2 5 3 8 9 0 7 0 
188 7 4 1 3 5 6 7 2 9 1 
196 6 0 4 1 7 0 5 5 4 6 
200 1 6 5 1 9 4 7 7 1 4 
204 0 9 6 7 9 8 0 4 7 1 
208 5 4 6 0 7 5 5 4 6 4 
264 9 4 2 7 2 5 7 2 6 8 
10
88 0 0 1 1 5 8 5 1 1 1 
176 7 4 2 3 4 6 2 1 4 2 
176 2 2 7 5 1 6 0 3 1 6 
204 3 4 4 0 4 6 6 5 5 8 
217 2 6 8 0 1 4 1 8 8 7 
231 1 5 3 2 9 6 9 9 9 3 
231 7 4 8 9 0 8 1 6 4 4 
234 7 0 7 1 6 9 7 0 6 6 
250 6 0 8 1 4 1 4 5 4 9 
274 8 8 2 8 4 4 8 7 3 5 
10
111 0 3 0 3 5 7 3 4 6 0 
138 2 3 6 0 6 9 4 0 0 3 
183 3 5 1 9 0 2 1 5 8 6 
186 4 5 9 4 1 8 0 2 4 4 
187 4 0 5 3 9 4 0 3 4 6 
253 7 1 9 1 4 0 8 6 2 5 
259 7 9 6 9 4 7 3 6 1 2 
274 8 9 2 9 2 0 9 9 4 2 
303 8 6 5 9 6 5 5 8 9 5 
325 9 1 6 5 7 9 5 9 8 9 
10
164 7 2 3 6 0 5 4 4 2 1 
180 7 7 2 0 3 0 2 1 2 7 
216 9 5 2 3 6 2 3 1 3 6 
221 2 9 7 4 6 8 6 1 1 4 
222 0 4 7 2 9 2 3 6 8 7 
237 6 3 4 5 7 6 0 7 8 6 
246 9 9 7 8 3 9 4 4 2 1 
246 3 7 9 6 1 0 1 8 9 5 
273 6 5 9 1 4 8 5 6 5 7 
299 8 7 5 9 8 5 0 4 7 7 
10
91 3 2 5 0 0 9 0 0 3 2 
102 1 0 1 1 9 1 1 2 5 0 
189 2 6 4 8 4 9 5 1 5 2 
194 7 5 0 3 6 8 9 8 4 0 
197 2 3 0 9 9 1 1 3 5 7 
203 1 8 5 2 4 5 4 8 1 5 
210 9 5 0 7 2 9 1 2 0 9 
210 1 9 8 4 4 1 4 8 2 0 
217 0 8 6 7 0 7 5 9 1 6 
261 6 3 8 6 3 5 2 9 6 5 
10
146 6 2 1 5 3 4 2 3 3 3 
172 4 1 8 6 0 1 0 2 7 2 
180 1 3 7 9 0 6 2 4 3 6 
192 1 5 6 8 7 9 4 0 6 2 
192 4 1 9 9 5 6 5 2 1 1 
212 8 8 2 8 6 0 4 0 7 1 
215 8 2 6 6 5 5 1 0 9 1 
217 7 4 7 2 2 9 0 5 1 5 
223 1 3 6 5 4 3 3 5 9 7 
247 5 0 6 1 9 2 8 8 8 3 
10
110 2 6 0 2 0 1 5 3 2 4 
163 2 7 0 6 5 9 0 9 2 2 
185 1 6 3 2 9 4 4 6 9 3 
203 6 8 2 3 6 1 1 3 0 5 
203 2 1 6 5 4 4 9 6 1 7 
217 6 1 9 6 4 3 0 0 2 7 
222 9 7 6 6 1 4 0 4 2 2 
240 6 0 9 4 5 9 5 2 5 6 
248 2 7 2 6 5 8 5 9 7 9 
302 8 5 5 7 8 3 4 4 5 8 
10
166 0 7 5 5 3 4 6 2 4 4 
170 2 5 8 0 2 3 0 8 6 3 
195 9 6 2 8 3 5 0 0 4 3 
198 4 6 3 1 8 1 2 0 6 6 
223 0 4 4 2 4 0 9 7 7 7 
228 0 0 4 9 1 3 5 9 8 9 
240 5 9 2 9 0 3 6 8 3 8 
241 3 5 5 0 7 3 9 4 7 6 
259 1 2 7 5 9 5 8 8 8 5 
288 9 7 2 8 8 2 9 5 9 4 
10
133 3 5 2 2 2 4 7 3 3 1 
160 2 5 1 5 6 4 1 1 1 9 
165 5 2 4 1 7 4 6 1 6 1 
193 4 4 5 4 2 3 4 9 1 3 
212 1 0 9 7 2 7 3 7 5 7 
213 9 5 8 3 3 0 1 0 8 1 
221 6 6 2 4 8 6 5 3 1 4 
240 7 1 8 3 4 1 7 5 6 1 
241 9 4 7 4 5 5 7 4 1 1 
242 9 4 3 8 5 7 6 2 9 0 
10
121 1 1 5 2 5 3 5 0 3 1 
193 6 1 4 2 0 9 8 1 4 6 
204 1 9 4 9 3 0 3 7 3 1 
216 0 9 8 7 7 3 6 6 2 0 
221 9 8 3 5 3 2 1 2 8 0 
231 2 9 9 3 4 7 6 9 2 3 
243 6 1 8 6 3 1 4 1 1 9 
262 4 3 8 9 0 5 8 2 9 7 
279 7 9 7 7 5 5 8 4 5 2 
318 7 9 8 8 9 1 6 4 7 2 
10
128 4 2 1 0 1 2 0 5 8 3 
141 7 5 2 1 0 2 0 2 1 5 
164 0 6 0 6 2 0 5 6 4 6 
173 1 7 8 0 2 9 3 1 8 3 
206 3 0 0 1 8 2 6 9 8 7 
209 2 3 0 6 3 0 9 6 8 7 
216 4 6 3 9 1 2 8 0 1 9 
228 5 5 9 1 7 9 6 5 0 1 
241 8 1 1 1 5 2 8 9 8 7 
267 1 4 7 8 6 5 6 9 5 8 
10
59 0 0 1 3 1 0 6 0 2 1 
172 1 3 4 7 4 1 1 2 3 9 
190 9 2 6 4 1 9 1 5 4 2 
192 5 2 1 8 7 3 9 2 4 0 
197 8 4 3 1 1 7 6 5 8 3 
198 2 9 6 8 7 4 2 0 3 3 
200 0 7 4 8 6 7 9 0 8 1 
202 6 5 3 0 1 9 3 8 5 8 
270 6 6 7 8 2 1 7 5 5 5 
289 5 0 9 2 9 6 8 8 7 8 
10
113 7 0 1 1 2 4 2 2 3 2 
134 1 0 2 6 1 8 9 5 1 0 
182 1 6 0 9 6 4 2 1 9 5 
190 4 6 5 2 6 1 2 0 1 7 
193 2 5 5 8 4 5 2 0 6 5 
202 2 8 4 3 1 0 2 0 9 9 
221 8 9 1 1 1 4 4 2 1 9 
232 6 8 6 2 6 9 2 3 7 3 
244 9 5 3 6 2 6 2 1 8 9 
250 7 5 4 3 5 8 7 3 1 7 
10
124 4 7 0 6 0 8 0 7 2 0 
153 0 5 0 2 9 0 9 3 2 4 
170 6 2 3 1 3 0 2 2 4 7 
176 4 5 7 5 4 7 0 6 2 1 
182 2 1 6 1 8 3 7 0 6 4 
191 0 5 9 2 3 3 0 7 6 6 
194 3 8 4 0 7 2 8 0 8 0 
195 7 4 3 7 9 7 3 0 0 1 
226 4 5 6 0 4 1 9 3 1 9 
233 1 6 6 6 2 5 7 5 0 9 
10
143 2 7 3 7 5 7 0 2 0 0 
157 3 5 5 9 0 6 0 1 3 0 
171 3 5 1 4 4 7 4 2 3 6 
200 3 3 4 4 8 2 0 1 2 9 
203 2 6 2 9 3 4 1 8 0 8 
203 0 0 7 7 8 5 6 0 3 7 
213 6 1 9 3 2 7 1 6 8 4 
228 7 6 3 1 8 8 4 5 3 3 
240 9 7 5 0 1 9 9 2 7 2 
313 9 8 9 8 6 2 5 3 6 6 
10
159 0 9 0 3 3 8 3 8 3 5 
177 8 1 0 9 8 0 1 3 2 0 
196 2 6 3 9 0 9 2 7 0 6 
200 6 4 2 2 8 9 1 9 2 4 
200 5 6 9 9 1 2 0 1 0 1 
216 5 1 7 7 5 7 0 5 9 3 
217 2 7 9 2 1 0 2 8 2 8 
219 0 9 5 9 4 2 8 7 5 0 
225 0 0 5 6 8 2 7 8 9 4 
284 5 7 9 6 3 1 2 7 9 8 
10
126 1 5 3 6 0 1 1 2 7 0 
153 3 3 1 5 6 4 4 7 0 0 
160 4 1 1 4 0 9 2 7 4 7 
191 0 4 5 1 9 6 9 7 0 3 
201 6 1 2 5 1 1 6 2 8 8 
208 5 0 3 7 2 9 8 6 1 6 
227 1 4 7 7 3 8 5 1 7 7 
229 1 5 9 2 8 9 2 8 0 5 
256 6 9 3 9 1 5 5 0 7 7 
293 9 8 9 7 6 2 2 3 4 4 
10
128 1 2 1 0 1 8 2 3 7 7 
144 1 1 4 0 3 0 9 0 5 3 
157 3 8 3 1 0 1 3 3 3 6 
158 4 0 1 8 1 4 1 4 8 4 
177 0 4 6 3 1 0 4 4 5 6 
198 2 4 4 5 9 2 3 2 3 8 
213 3 3 2 6 7 4 4 7 7 5 
245 7 6 0 7 9 2 1 5 2 7 
287 6 6 7 8 3 3 7 7 0 8 
324 9 9 9 3 8 7 5 2 9 5 
10
150 3 6 3 5 9 7 0 3 0 1 
154 7 2 3 1 3 3 0 2 3 4 
155 1 6 2 8 7 7 2 2 3 0 
176 2 0 1 7 9 9 7 5 7 0 
195 8 5 3 0 1 2 6 1 3 7 
198 4 7 2 7 4 7 1 4 4 5 
212 8 6 0 0 5 9 5 6 7 5 
213 2 7 6 7 6 2 3 3 1 7 
259 7 6 9 5 9 9 2 9 0 0 
287 5 5 8 6 8 4 7 2 8 6 
10
114 0 1 1 6 4 7 6 0 5 3 
137 3 0 5 3 1 3 1 7 4 0 
165 5 1 4 1 3 7 8 1 1 4 
173 2 5 3 2 9 4 1 5 1 7 
186 1 1 8 2 6 2 7 3 1 7 
186 1 7 4 4 0 8 7 0 2 9 
198 1 3 4 9 5 7 6 6 2 6 
212 7 7 4 7 5 1 0 5 2 0 
223 8 7 3 1 8 2 0 4 4 4 
272 7 6 2 0 7 2 5 9 6 8 
10
161 0 8 1 6 3 5 6 4 0 6 
200 6 7 0 4 0 8 0 3 9 7 
210 3 3 3 7 8 6 2 0 7 9 
215 2 8 2 9 6 6 8 9 6 1 
222 8 2 7 7 1 2 9 0 0 5 
223 7 3 7 0 5 2 5 9 2 1 
223 6 0 1 7 5 8 9 4 8 7 
228 7 1 6 6 2 1 4 9 9 0 
231 4 7 3 6 9 9 0 8 6 5 
260 7 9 8 3 9 9 8 2 5 1 
10
113 3 1 0 0 5 7 3 5 9 1 
146 3 4 1 7 4 3 5 0 4 0 
171 3 6 2 3 8 3 1 0 4 5 
177 4 4 4 0 4 9 0 7 0 6 
181 3 1 2 3 1 1 9 3 2 8 
190 8 0 7 0 4 1 0 0 6 3 
197 8 0 2 4 8 0 0 5 3 3 
204 4 1 9 8 0 1 3 6 1 2 
243 8 2 5 7 5 3 8 3 2 4 
267 7 4 3 7 9 2 7 8 2 5 
10
189 3 2 8 5 1 5 3 6 3 2 
201 5 2 5 2 2 8 6 5 8 1 
217 6 6 3 8 1 6 0 7 7 4 
244 6 9 1 7 4 1 9 9 8 0 
251 2 3 8 3 8 1 5 9 5 7 
262 8 9 3 3 3 6 6 5 2 8 
263 6 4 6 4 2 9 1 8 9 8 
273 5 9 3 5 5 6 9 8 7 6 
280 7 9 7 3 3 0 6 6 3 5 
296 5 9 8 9 8 5 6 8 5 1 
10
206 5 9 2 9 4 7 3 1 7 1 
208 8 8 1 6 8 8 1 4 0 1 
209 5 7 6 5 4 0 3 0 3 5 
216 0 2 9 1 3 1 8 7 8 4 
224 1 5 3 9 6 2 8 4 8 5 
226 9 3 2 2 2 2 1 7 2 9 
227 1 5 6 5 3 6 9 4 4 7 
239 4 7 2 0 3 2 9 9 7 7 
245 9 4 1 2 8 4 7 1 5 7 
259 7 9 4 2 6 5 4 5 8 6 
10
128 3 2 8 1 2 1 0 1 1 0 
169 3 3 1 5 3 4 6 6 9 2 
184 7 4 9 1 0 0 0 0 6 2 
187 4 1 5 1 3 2 7 5 8 4 
189 9 6 0 9 0 9 3 0 0 7 
205 4 8 1 2 8 4 8 0 9 5 
247 3 5 7 3 9 7 3 7 0 7 
264 6 5 8 5 1 6 6 8 1 5 
269 8 5 7 6 6 0 2 8 1 3 
271 5 8 6 9 2 6 3 9 1 9 
10
167 2 1 4 3 1 4 6 5 2 5 
202 4 6 5 1 8 9 5 1 3 7 
202 0 2 7 7 0 0 6 7 5 8 
212 6 8 0 4 6 0 4 1 9 4 
220 5 2 9 4 9 3 2 3 0 6 
229 7 3 1 4 5 6 8 4 2 9 
244 8 8 8 5 7 9 3 2 6 0 
248 8 2 5 1 9 4 8 7 2 5 
252 5 8 9 3 4 7 3 4 5 4 
277 8 3 8 3 1 1 4 9 2 9 
10
181 6 7 0 2 3 4 7 5 3 3 
182 0 1 9 0 8 1 8 1 3 6 
195 0 9 9 0 5 3 0 1 9 4 
201 0 6 8 4 0 2 4 9 4 2 
214 2 3 8 0 6 7 2 7 3 6 
228 1 8 6 6 4 1 5 7 7 6 
241 8 2 0 2 9 0 8 5 4 9 
243 7 5 3 9 2 2 7 2 8 4 
255 4 7 3 6 2 9 6 6 8 9 
274 7 4 6 7 5 8 4 7 0 7 
