100 20
500 500 500 500 500 500 500 500 500 500 500 500 500 500 500 500 500 500 500 500
10
697 9 3 9 5 9 10 2 10 2 7 1 2 10 1 4 9 5 9 7 9
694 1 2 7 5 10 5 10 3 8 6 3 9 5 4 4 8 4 9 10 2
661 10 7 7 5 7 3 2 5 2 4 4 2 5 9 8 9 4 8 8 2
685 10 6 5 1 8 1 9 6 5 6 6 5 9 3 3 4 4 3 10 3
652 1 6 9 9 10 3 10 5 6 3 1 2 6 8 3 1 6 4 7 2
674 5 3 3 1 1 10 9 7 7 9 10 2 9 4 2 2 1 9 9 4
730 6 5 8 10 2 10 1 9 7 6 8 9 1 8 3 9 9 10 10 3
831 9 6 2 10 9 10 8 8 3 9 5 5 10 2 9 9 5 5 8 4
754 8 9 4 8 1 7 8 6 6 5 6 4 10 2 7 4 1 7 6 8
783 7 1 6 9 5 9 6 6 9 9 10 9 2 7 5 6 4 10 1 3
10
684 1 1 2 3 1 4 9 2 10 2 3 5 10 10 6 2 8 8 8 6
830 8 7 5 6 8 6 1 4 8 7 10 7 4 8 4 9 5 7 10 9
488 7 1 1 8 2 8 7 9 1 1 1 10 1 4 8 3 6 6 1 2
775 10 10 1 3 9 8 2 4 8 9 1 9 4 4 8 10 7 10 9 8
609 3 9 10 3 7 4 9 3 4 5 4 5 1 2 5 8 3 7 3 8
700 1 10 5 9 10 10 1 6 8 2 8 7 5 5 1 4 10 5 5 2
719 9 5 6 8 6 9 2 3 5 7 1 7 5 9 6 10 8 8 3 10
738 4 7 6 3 3 9 6 5 7 8 4 9 6 6 1 8 1 9 10 7
754 6 8 2 9 8 7 8 4 6 8 3 3 5 9 1 5 9 4 10 5
692 6 8 6 8 3 5 2 8 4 8 8 8 9 5 9 3 3 2 2 2
10
714 1 9 10 5 6 6 4 10 8 4 1 3 8 5 8 9 5 6 5 3
757 5 8 9 1 6 10 9 1 7 5 6 2 6 1 9 9 2 5 4 5
777 1 5 5 4 10 4 10 2 9 7 8 2 8 9 3 3 3 2 9 10
681 6 6 2 9 7 10 5 3 5 5 5 6 7 1 6 9 8 7 4 3
646 5 6 8 3 1 5 10 7 7 8 3 2 4 1 8 7 10 6 5 6
711 2 2 5 3 3 4 9 10 3 6 7 5 10 5 7 9 1 9 2 10
565 3 9 9 3 4 2 3 3 8 1 6 5 4 1 7 8 7 4 3 6
604 8 3 9 9 9 2 2 5 1 9 9 1 7 2 5 2 3 9 6 4
639 10 7 2 10 3 4 1 2 5 1 8 5 8 4 4 8 2 5 7 6
633 8 3 4 7 3 3 5 2 2 6 6 7 7 6 7 10 3 2 3 6
10
714 4 9 8 4 1 5 9 10 2 7 6 3 4 6 10 4 6 5 10 9
642 9 5 2 7 3 9 1 5 5 5 10 5 9 4 6 5 1 5 6 4
703 4 3 2 9 8 4 9 5 2 5 6 7 7 9 5 4 4 8 7 6
679 8 1 8 2 9 3 8 9 1 10 6 9 6 5 5 3 6 9 1 5
566 1 7 1 9 7 6 10 5 2 4 1 9 9 2 9 3 2 2 2 3
828 8 5 4 10 9 10 8 8 6 1 3 9 7 6 5 9 5 5 4 9
705 5 10 1 3 1 9 8 8 8 3 1 1 10 1 9 6 7 10 9 9
685 10 9 7 8 5 4 3 6 2 1 4 7 3 4 8 9 6 6 5 10
663 1 4 5 6 6 2 5 3 7 7 2 10 9 9 7 5 4 1 9 9
834 6 8 10 7 10 2 9 8 4 7 7 1 9 9 6 10 5 4 3 2
10
758 6 7 8 10 1 9 6 7 4 4 9 1 6 10 6 3 10 9 6 1
695 4 3 6 10 8 5 5 6 7 5 6 9 8 5 9 2 4 2 8 5
737 9 5 4 9 7 4 3 9 3 10 5 4 9 8 8 6 3 5 9 4
647 5 1 10 5 8 7 5 7 1 6 1 10 9 3 3 10 7 5 9 3
670 1 7 9 4 5 8 8 6 3 7 4 3 4 7 7 4 4 4 4 4
576 5 7 6 6 1 2 8 9 2 3 2 2 4 5 10 6 3 5 10 9
840 5 10 8 10 6 3 10 3 7 7 5 10 6 7 8 2 9 9 7 6
782 7 7 1 10 6 10 4 9 10 3 10 10 7 4 1 4 5 3 5 5
646 8 8 3 2 3 6 7 1 7 8 5 10 1 1 5 10 10 2 7 5
633 4 8 3 4 6 3 1 2 2 8 6 6 7 9 10 10 9 1 7 2
10
764 4 7 10 9 5 7 8 8 3 7 6 8 8 2 7 7 8 1 5 9
646 2 10 6 7 9 8 4 3 10 1 4 4 1 6 6 3 10 1 5 6
848 7 9 4 10 6 10 6 10 9 10 4 10 4 7 4 10 9 9 3 3
654 6 6 2 4 2 7 1 7 8 7 7 3 5 8 3 5 9 4 7 8
681 3 8 10 1 9 7 3 6 1 2 8 10 6 1 10 1 1 1 10 8
743 7 7 7 4 4 2 9 10 2 10 9 2 9 5 7 1 7 9 9 9
740 2 9 10 5 7 8 7 9 3 3 6 2 8 7 5 3 10 4 8 9
629 5 6 8 9 5 2 1 7 10 1 6 10 1 7 5 3 4 5 7 5
747 6 9 1 9 8 9 10 2 10 4 7 5 7 4 2 2 7 5 7 4
797 3 3 6 6 4 4 9 4 10 8 10 10 6 4 7 6 6 8 8 8
10
895 10 7 10 10 3 10 9 10 10 4 10 7 3 6 1 6 3 10 8 6
825 5 7 3 1 1 2 10 5 10 8 9 7 7 8 9 2 9 8 7 9
653 7 7 10 3 8 2 10 3 1 5 7 2 5 1 6 7 10 7 1 3
552 8 1 2 6 4 3 5 4 8 2 2 8 4 6 7 1 3 5 1 6
710 7 5 6 4 1 4 7 3 10 5 5 7 4 9 5 10 7 2 7 1
715 7 10 8 9 2 5 5 7 3 3 10 6 8 2 7 5 2 9 3 4
702 5 10 8 10 6 10 8 10 1 6 7 1 4 5 1 1 4 4 5 10
554 4 10 5 1 7 2 1 6 1 1 8 5 6 5 4 3 10 4 2 3
693 7 4 9 2 8 7 1 6 4 6 8 10 3 7 7 8 8 1 1 8
680 8 4 6 1 2 6 5 5 10 1 7 8 1 2 10 9 7 6 8 6
10
580 3 10 1 9 7 3 2 4 9 4 1 10 1 3 10 2 1 4 10 1
736 10 10 9 8 3 5 6 4 8 2 1 5 7 2 9 6 8 4 10 4
532 1 5 3 7 4 1 1 1 8 8 5 5 8 1 7 3 6 7 1 6
690 4 3 3 4 9 9 5 4 3 7 8 5 1 10 10 2 9 5 7 9
566 3 8 2 4 1 4 5 10 3 8 1 4 7 10 2 3 6 5 6 4
765 7 4 9 6 7 9 8 7 6 2 2 5 3 8 10 1 10 5 6 10
659 3 6 1 7 8 8 2 2 4 10 7 1 10 5 3 6 8 4 7 1
759 6 2 6 10 9 10 7 1 10 8 8 10 5 3 2 4 1 7 10 7
645 2 6 3 9 6 4 6 1 5 3 5 6 6 10 9 7 3 4 6 1
703 7 9 3 5 5 1 8 8 5 8 4 7 8 1 10 10 4 7 3 6
10
693 4 4 3 5 7 2 4 9 8 6 9 4 1 8 8 10 5 6 7 8
748 1 9 10 8 7 4 10 2 7 8 2 8 2 10 1 4 3 8 4 8
587 4 4 8 3 5 1 9 2 8 3 5 10 1 4 3 8 2 3 1 2
704 9 9 7 8 7 7 9 3 10 10 1 9 2 1 4 3 6 2 2 2
743 3 8 1 3 10 7 5 9 6 9 6 5 7 5 6 5 8 2 5 10
634 1 8 7 9 9 7 5 3 8 6 6 3 6 1 4 4 1 4 10 4
672 7 1 2 6 4 10 2 4 4 7 5 10 9 8 5 9 1 8 10 1
594 8 1 4 1 4 4 3 2 10 1 9 7 1 5 3 10 1 4 10 2
588 1 3 6 9 7 4 9 2 3 6 7 4 3 1 4 1 6 7 3 10
564 7 8 10 1 4 7 1 1 2 3 8 4 2 2 1 6 6 6 3 7
10
737 2 1 4 5 7 4 8 6 6 2 9 7 8 6 10 6 6 3 6 9
667 3 3 10 5 10 9 3 8 4 9 2 9 10 3 2 1 3 8 8 5
659 1 9 4 2 10 5 1 9 1 3 9 9 2 10 2 9 5 10 2 9
631 9 7 8 3 2 6 1 3 8 7 6 3 8 1 5 5 9 10 1 5
687 3 2 8 7 7 6 3 7 1 2 10 7 4 8 7 10 5 9 7 4
590 2 9 9 1 7 5 5 1 1 4 9 5 2 4 9 6 6 8 8 2
712 10 3 2 5 2 8 4 8 7 10 7 7 10 1 6 2 5 5 10 6
636 3 7 9 2 8 1 7 3 4 7 3 5 9 8 2 6 3 9 4 2
654 1 6 6 10 5 5 7 4 9 2 6 7 6 3 5 9 4 4 7 5
587 2 1 10 3 4 3 10 4 6 1 1 9 3 2 9 6 7 3 10 8
10
682 7 6 9 8 8 7 4 3 9 3 1 1 1 3 5 7 7 6 9 7
551 4 10 5 2 2 8 3 2 8 7 5 1 1 5 4 2 1 6 2 8
692 9 3 3 5 7 9 4 4 1 1 9 10 3 7 10 6 7 2 3 5
615 1 3 3 2 8 1 10 2 10 4 5 5 3 1 10 10 6 9 8 2
655 7 8 7 1 1 10 10 4 4 5 10 2 3 5 3 4 7 6 3 2
777 3 6 10 9 10 9 2 4 3 1 6 4 9 10 3 7 1 7 6 9
893 8 8 7 10 5 7 7 6 9 7 9 7 8 8 4 1 10 10 7 6
771 9 6 2 8 5 10 9 7 10 5 1 1 10 9 3 2 8 1 5 1
664 6 4 10 1 3 8 5 2 4 2 9 2 1 10 4 7 4 8 2 6
898 9 8 7 9 10 3 6 5 8 5 9 3 6 10 7 1 9 4 9 9
10
655 6 6 3 1 7 4 7 5 2 1 6 3 3 8 8 4 4 4 4 10
631 3 10 10 3 9 10 3 7 1 4 4 3 3 6 6 2 3 7 9 4
580 1 9 9 2 2 5 5 1 1 4 5 1 6 8 10 7 5 8 4 4
544 3 8 2 2 4 8 4 4 9 3 6 4 3 2 4 4 2 10 6 1
535 2 1 8 5 8 4 1 10 2 4 2 9 5 2 5 1 9 4 3 10
860 7 6 5 6 9 6 10 5 4 5 7 9 10 9 3 7 7 1 8 6
698 8 2 3 3 5 7 7 8 5 8 9 2 5 4 4 10 3 9 3 7
657 7 2 9 10 8 2 8 4 4 4 10 2 1 6 1 7 10 5 6 6
467 1 2 1 7 7 9 2 3 2 5 1 1 5 2 2 9 10 2 4 7
577 8 4 3 9 5 7 9 1 4 8 2 1 3 2 5 4 9 3 9 4
10
737 5 5 10 3 5 3 4 9 6 9 10 7 7 5 9 9 9 6 2 6
668 5 4 3 4 8 9 7 4 1 8 9 7 7 3 10 1 8 1 6 4
739 9 10 6 9 7 8 3 5 2 1 8 3 8 7 2 8 3 7 10 9
658 5 5 3 2 10 4 6 5 6 2 7 3 10 3 4 3 1 9 9 3
608 3 5 1 5 6 7 4 5 4 2 5 9 3 6 3 8 6 7 9 6
821 4 10 1 9 5 2 5 4 9 7 9 4 10 10 8 9 3 4 7 4
731 3 10 8 8 5 7 5 6 7 10 5 10 1 4 6 9 3 9 9 9
651 1 8 1 10 8 4 3 6 9 9 7 5 7 1 3 10 2 4 8 2
543 3 3 6 2 5 1 4 6 5 8 6 7 5 3 8 4 9 5 6 1
672 9 1 5 5 1 5 4 4 3 9 8 10 4 8 10 8 5 9 5 5
10
587 1 5 3 1 2 5 8 3 5 1 2 3 9 10 7 4 8 2 5 2
676 8 6 9 3 8 9 6 1 2 3 4 3 4 10 8 4 6 4 3 4
632 6 3 9 3 3 9 3 5 8 8 8 5 3 1 6 1 9 9 3 2
713 10 3 10 8 9 8 5 3 8 7 1 10 5 5 3 3 1 6 2 7
726 9 8 3 8 4 2 9 9 1 8 5 6 7 9 7 3 10 3 5 9
658 5 8 8 7 8 10 3 10 2 1 2 4 9 4 2 2 8 2 9 10
655 3 10 8 10 2 5 9 3 9 5 4 7 2 8 1 4 9 1 6 2
828 3 4 3 7 9 9 3 4 9 9 8 7 6 8 8 8 10 5 5 9
611 1 9 3 1 5 5 7 5 3 2 4 7 6 5 8 2 3 2 2 7
548 3 4 8 1 1 2 10 7 4 4 3 8 7 1 10 8 2 6 1 2
10
555 3 5 3 8 5 5 1 8 9 3 3 6 5 4 2 2 10 6 2 3
685 4 10 5 7 10 9 3 3 7 2 3 2 9 2 3 4 8 10 7 9
801 7 4 6 10 8 3 2 9 7 4 10 5 10 8 4 9 9 9 9 1
731 10 8 1 6 10 1 3 7 6 3 8 2 10 2 8 5 4 3 1 10
704 7 9 1 1 10 3 8 3 8 10 4 3 3 7 2 1 3 5 3 9
564 3 1 10 6 2 8 2 8 10 5 3 4 3 3 3 2 5 3 7 6
654 5 8 4 7 4 9 6 4 8 3 3 5 1 4 8 2 3 6 9 9
563 2 7 2 9 6 2 1 5 1 3 6 8 9 4 8 6 5 1 9 3
677 1 7 4 5 1 4 8 5 3 9 7 8 9 4 9 4 4 9 8 4
735 4 10 4 2 3 10 10 10 4 5 4 8 1 8 6 8 3 3 4 10
10
610 7 3 4 10 6 6 2 2 1 4 1 10 4 7 5 9 1 7 10 8
719 8 8 5 1 3 8 10 7 6 7 1 6 10 4 7 4 9 4 5 1
632 5 1 6 3 6 3 5 8 4 2 7 2 10 2 7 7 4 1 8 7
671 9 3 5 3 5 2 10 8 3 8 1 10 2 6 1 8 6 8 10 6
610 1 1 4 7 1 4 8 4 7 5 2 7 10 7 6 8 10 7 5 1
581 5 2 5 1 6 7 2 9 2 3 4 6 6 10 5 8 1 6 8 2
717 10 6 1 2 6 8 5 2 3 9 7 1 8 10 6 3 2 1 1 9
774 6 2 10 9 8 8 10 6 6 3 8 3 5 5 1 9 6 8 3 4
567 1 7 1 9 2 10 6 4 5 7 6 3 1 7 9 7 2 9 1 2
715 5 5 10 2 5 10 3 4 7 2 8 9 7 7 3 7 7 9 1 3
10
561 8 1 9 10 6 6 1 1 2 2 4 2 7 3 3 1 9 6 1 10
728 9 10 6 2 1 4 9 8 8 7 3 7 3 10 5 5 10 3 4 5
599 4 1 7 7 4 3 1 9 5 8 5 8 6 10 5 6 4 1 5 1
528 2 3 2 5 5 4 3 1 5 2 5 5 7 7 8 1 5 4 4 8
597 6 6 2 1 9 9 1 7 1 10 5 4 1 2 9 10 4 5 7 3
781 9 9 6 10 10 8 8 5 7 6 5 9 5 2 4 10 1 5 6 2
762 6 9 6 8 6 8 10 1 1 5 5 7 7 10 1 3 6 8 2 9
606 2 5 6 3 4 4 7 8 1 9 8 5 4 6 5 7 2 5 3 1
452 1 10 2 2 6 6 1 6 2 2 5 2 3 1 3 5 10 10 2 8
721 7 3 5 3 2 9 8 10 9 2 6 4 10 2 8 9 4 1 6 5
10
635 8 2 3 3 1 2 5 8 8 5 9 4 3 10 9 10 2 1 5 1
728 8 8 8 1 9 6 7 9 2 5 4 3 4 5 5 10 2 5 8 5
708 2 8 8 9 7 6 8 7 7 4 3 5 10 3 7 7 2 2 8 1
766 7 6 6 2 7 9 5 8 3 8 4 7 7 7 8 3 3 7 1 9
528 10 9 8 5 5 8 3 5 2 7 1 2 3 2 3 3 2 7 1 1
755 7 2 10 4 10 9 1 7 9 4 9 6 5 4 10 6 3 7 3 4
659 8 10 2 5 7 5 3 9 1 7 4 10 2 7 6 3 7 10 6 1
845 3 10 6 9 10 8 8 5 5 8 6 7 2 9 10 10 4 7 10 7
739 9 5 8 1 10 10 1 4 6 10 9 3 5 3 10 4 2 5 8 7
710 4 3 8 5 9 2 7 4 4 7 6 10 9 1 9 3 8 1 9 7
10
643 10 9 6 9 3 10 2 2 6 9 2 1 5 4 1 10 4 3 6 4
665 8 5 9 1 9 5 7 5 9 2 2 3 6 3 4 10 4 1 4 1
564 5 3 9 5 1 7 2 5 9 8 3 1 3 5 2 9 6 4 5 6
779 6 8 1 1 7 5 1 4 9 9 10 6 10 5 9 6 2 8 9 6
683 3 6 4 8 5 8 8 2 9 3 2 1 8 9 8 5 7 7 2 3
656 7 2 2 2 7 4 1 3 10 7 2 9 5 9 2 10 4 4 9 3
724 6 10 10 6 3 6 1 9 10 2 1 8 2 9 9 7 6 7 9 1
716 6 10 7 5 9 1 3 2 5 1 7 4 10 10 1 6 9 3 7 4
693 10 5 8 3 4 3 8 1 8 8 7 5 3 2 9 5 9 6 5 1
588 5 5 5 3 1 3 7 3 7 3 1 4 3 8 8 7 2 4 1 9
10
746 6 10 4 8 5 1 5 3 10 2 3 8 9 7 9 9 8 1 3 2
744 10 4 2 8 3 5 7 5 7 5 10 1 8 4 4 7 9 5 7 7
721 5 1 10 9 5 7 1 5 6 10 4 9 6 10 7 7 10 4 5 3
575 8 2 3 10 3 3 4 2 8 8 7 10 5 1 1 5 1 3 4 1
602 7 2 5 5 2 3 3 8 8 7 9 3 3 4 9 3 6 8 6 4
681 4 8 9 4 3 6 4 7 7 8 6 5 8 4 7 7 5 1 1 2
599 9 5 5 2 8 5 5 3 1 9 10 3 2 4 2 4 3 2 3 4
734 5 10 7 6 1 10 9 7 3 1 6 2 4 9 5 8 5 1 7 3
513 6 1 7 1 3 5 5 1 1 1 2 7 9 7 4 4 1 1 4 4
678 3 10 9 9 6 1 6 6 6 8 9 6 4 6 5 3 7 5 1 4
10
670 2 2 1 3 9 7 3 4 5 3 9 10 5 8 8 5 2 8 5 3
600 1 4 5 3 6 10 4 2 1 7 1 4 7 9 5 1 9 2 7 9
577 5 3 9 6 4 2 3 3 2 4 4 2 6 9 2 1 3 9 7 7
846 9 5 2 10 10 4 10 7 9 7 6 8 4 7 2 8 7 8 4 10
771 9 7 5 8 3 5 8 6 10 5 2 1 6 7 9 9 4 1 6 4
907 3 5 4 4 5 7 10 7 10 8 10 7 9 9 10 10 8 3 7 9
708 1 2 9 2 1 9 7 8 10 10 1 10 7 4 6 8 10 2 6 8
721 8 2 2 3 8 10 9 5 10 9 4 3 2 10 3 3 10 5 1 5
637 10 8 6 7 5 7 2 3 10 5 2 6 4 2 2 1 2 9 5 8
646 8 1 10 1 2 5 2 7 6 3 7 3 3 4 8 8 2 10 7 9
10
735 10 2 10 8 8 9 8 10 10 6 1 5 5 1 1 2 10 7 5 2
610 3 8 1 4 2 2 6 4 3 9 9 9 2 6 5 8 4 1 4 7
612 10 4 1 7 7 3 3 5 1 9 6 8 4 2 10 6 5 3 7 7
720 10 8 6 9 7 5 5 7 6 9 1 4 2 8 7 10 4 5 6 1
654 9 3 3 4 10 4 2 6 2 3 2 5 4 9 5 9 5 9 9 7
745 10 4 9 4 7 10 2 6 7 1 8 5 6 3 9 1 6 9 1 9
667 10 8 8 1 4 3 6 4 3 8 7 2 3 6 4 1 4 10 10 1
670 1 3 5 9 4 7 4 5 8 7 6 5 2 4 10 9 4 10 9 5
688 10 4 5 1 6 7 5 5 5 6 7 1 3 7 9 10 7 1 8 4
731 6 10 5 3 1 3 3 8 9 5 9 2 6 9 8 3 6 1 5 7
10
748 7 8 4 3 3 2 8 2 1 6 8 7 8 10 5 9 6 5 9 3
826 1 2 8 3 8 9 8 5 10 4 10 10 9 9 10 4 5 4 2 3
712 9 1 1 6 6 9 6 3 3 3 10 9 7 10 6 1 8 3 3 8
643 6 5 10 8 1 8 8 1 5 5 9 8 6 2 3 6 2 6 6 2
763 8 1 9 1 8 5 10 6 1 7 6 6 10 7 3 8 7 5 2 4
610 9 5 2 10 3 8 6 2 3 5 4 1 6 2 8 4 6 7 4 3
755 6 8 5 5 4 8 10 4 4 5 8 4 1 6 8 9 4 7 6 7
605 10 3 8 1 6 9 1 7 6 1 7 1 1 3 4 10 1 3 6 3
600 7 4 6 8 5 7 1 6 6 7 1 10 6 4 8 3 8 4 3 6
768 7 4 9 1 1 2 8 3 8 10 6 5 9 4 8 9 7 9 9 9
10
705 7 6 8 5 3 1 5 5 7 3 6 6 7 6 2 10 9 1 6 9
607 2 1 5 5 5 5 2 8 7 6 7 7 5 2 2 9 3 10 9 9
805 8 3 5 9 3 10 9 7 9 2 4 9 9 4 9 4 7 9 6 9
681 8 3 5 8 8 1 7 2 3 4 10 6 5 1 6 5 1 6 10 9
624 8 7 2 6 9 7 2 1 9 3 4 10 5 2 5 9 1 3 7 1
635 10 5 9 8 5 1 3 1 10 10 6 2 3 3 2 5 5 1 10 5
757 2 9 8 4 9 3 7 5 8 7 7 6 1 10 8 2 8 10 9 2
544 1 6 3 9 2 2 8 2 2 4 1 10 7 4 4 7 8 6 8 10
668 7 3 3 10 10 1 6 9 9 6 2 8 4 4 1 8 2 6 2 6
679 6 3 2 5 10 3 10 8 6 3 7 6 3 5 3 10 5 9 7 2
10
702 1 7 7 7 8 2 5 9 7 7 6 4 4 7 8 6 6 10 4 4
848 2 10 10 10 7 9 10 7 10 6 3 10 6 7 2 10 3 10 7 5
755 4 3 8 3 3 8 8 1 6 1 5 10 5 9 9 10 7 9 2 10
712 7 6 5 9 1 6 1 5 6 10 1 1 10 8 10 5 6 8 8 9
677 4 8 2 3 6 9 8 1 4 5 5 5 6 3 7 10 7 10 3 7
673 6 7 2 1 7 4 4 2 5 9 6 1 5 7 7 4 9 10 2 8
719 9 5 6 9 3 9 10 9 4 5 2 6 2 5 4 9 8 9 9 8
677 10 3 1 4 8 3 6 1 6 9 6 2 10 2 2 7 6 8 2 9
716 8 9 10 4 6 2 9 2 3 5 6 3 10 9 3 7 3 6 2 1
540 5 9 2 2 1 1 4 2 5 4 1 10 9 1 1 7 10 2 6 8
10
809 9 5 3 4 8 10 6 4 5 3 3 8 10 8 8 5 9 6 3 10
628 3 6 4 3 2 9 4 5 8 3 7 4 9 5 4 4 1 6 5 1
773 10 10 3 2 9 2 10 6 4 6 4 5 1 10 5 7 5 8 8 5
743 2 7 9 3 10 9 6 9 5 10 4 1 1 8 10 2 8 4 9 10
584 4 3 4 5 2 10 8 3 4 3 1 6 2 6 10 4 8 7 7 4
622 3 2 6 8 9 1 5 7 3 9 7 5 7 1 10 2 10 4 8 8
655 6 6 3 10 9 7 2 8 5 9 9 9 7 2 1 5 8 5 3 4
639 6 7 8 8 8 2 1 7 2 8 10 8 3 5 2 2 6 2 6 8
839 4 3 4 10 10 10 7 3 9 9 4 10 6 9 7 8 9 8 1 6
707 10 4 3 8 2 9 7 8 10 4 4 7 4 5 3 5 5 10 9 4
10
562 8 1 10 3 2 3 1 2 3 4 4 10 10 2 7 5 8 8 1 8
594 1 7 7 7 2 8 9 2 8 9 3 2 6 2 3 3 9 3 10 1
588 7 10 6 6 6 6 2 2 5 3 2 6 2 6 1 5 2 6 8 4
673 4 9 4 2 4 4 8 8 3 1 10 8 4 9 2 7 7 9 2 4
647 10 8 10 2 5 2 4 1 7 8 10 9 1 1 2 10 5 2 7 5
682 2 7 1 8 4 4 5 2 7 9 7 10 6 6 9 5 10 9 5 5
777 6 4 9 10 8 2 7 1 9 10 4 4 9 3 9 8 3 9 7 2
633 8 1 1 5 6 5 6 5 7 10 10 4 1 1 8 8 4 6 6 2
696 4 6 10 1 7 3 2 9 5 10 10 2 3 8 4 4 4 3 5 8
554 1 7 1 3 4 4 2 3 1 1 9 7 4 10 2 6 5 4 10 5
10
652 4 5 2 3 7 7 10 2 4 8 8 6 6 2 3 8 10 5 5 5
706 10 7 8 10 3 10 6 10 1 10 3 1 8 2 10 7 6 3 1 5
592 3 3 6 10 2 4 10 3 2 9 3 4 2 4 6 5 3 9 2 9
711 9 1 9 10 8 4 2 7 7 8 3 10 2 10 2 7 2 7 8 3
779 8 4 10 4 7 2 9 4 1 9 9 2 9 5 8 5 7 5 4 7
796 6 9 8 4 4 10 8 10 1 9 8 10 5 8 2 4 6 9 9 8
608 6 5 3 7 1 8 1 9 10 3 5 1 8 1 10 2 1 1 8 8
617 1 2 2 3 10 10 2 10 4 6 1 5 9 5 6 3 3 10 9 2
767 9 9 2 2 6 6 10 1 7 10 6 5 1 6 7 7 4 10 9 5
715 3 5 7 8 8 6 8 3 8 7 2 7 3 7 7 1 8 9 9 2
10
769 10 7 4 9 8 4 9 9 7 4 9 3 1 8 4 1 5 8 10 2
656 3 2 8 10 6 8 6 10 3 8 7 10 2 2 6 5 10 9 4 8
798 9 4 6 8 7 9 8 4 7 1 5 9 7 8 4 2 9 3 10 8
649 6 1 2 7 5 4 8 9 3 1 5 3 10 8 9 9 2 10 3 4
708 5 10 5 1 2 1 8 9 9 10 7 3 4 6 5 10 5 10 2 4
632 4 7 6 9 6 3 6 1 9 3 4 4 2 7 10 3 7 4 4 6
631 10 4 7 4 1 8 8 3 4 4 8 1 4 1 8 6 5 7 3 10
695 8 10 7 2 1 7 8 1 7 9 2 2 9 1 10 9 3 5 3 4
607 2 1 6 3 2 1 3 3 4 9 9 8 9 4 10 8 2 10 4 6
586 2 8 5 10 2 8 9 1 1 4 10 2 2 1 3 3 5 5 3 10
10
843 4 7 10 10 8 5 8 7 9 3 8 5 10 9 8 3 4 1 1 9
754 6 1 10 2 7 4 4 9 9 9 3 7 4 10 5 8 6 8 8 9
805 9 8 10 7 4 10 3 5 6 2 10 3 4 7 8 2 10 8 9 8
755 6 8 7 7 4 6 4 3 5 10 9 7 5 7 7 3 9 8 4 5
854 8 9 6 10 10 6 2 6 9 9 2 10 9 10 7 3 2 1 7 4
768 3 7 6 10 5 2 6 2 9 3 5 8 9 8 3 10 9 2 8 9
533 2 1 8 2 5 10 6 3 7 3 1 2 1 1 8 5 10 9 1 9
898 7 8 9 1 10 9 8 6 9 4 10 7 2 10 7 10 3 10 10 5
763 4 3 8 4 10 9 6 1 6 5 10 3 6 6 1 5 7 4 9 6
563 3 9 7 7 2 2 5 9 5 5 3 2 2 3 4 9 4 6 3 7
10
598 4 10 2 9 1 3 5 7 9 6 6 1 2 1 6 5 4 10 9 6
724 3 5 10 10 7 4 4 2 3 2 10 6 9 9 9 9 2 5 9 2
592 9 7 2 10 6 9 2 1 5 8 1 9 1 6 9 4 3 3 5 1
817 6 8 9 8 9 8 9 2 7 8 7 9 7 3 8 2 1 9 4 3
639 10 3 5 5 1 3 1 1 8 6 2 7 8 4 6 10 3 8 8 9
604 3 8 2 3 3 10 4 10 4 5 3 1 4 10 10 2 3 5 4 4
555 8 1 3 6 6 6 3 3 2 5 1 3 7 10 6 8 6 2 6 1
783 6 3 10 2 7 10 8 5 8 4 6 10 3 6 10 2 7 6 7 2
845 5 3 5 1 10 10 9 7 7 1 5 10 8 9 10 5 1 2 6 8
559 9 7 10 8 1 3 5 4 3 2 3 4 6 1 8 1 10 9 2 3
10
580 5 7 1 5 1 9 10 3 1 6 2 4 3 10 6 5 2 7 2 5
761 10 4 7 8 9 9 6 4 8 7 8 5 2 6 4 1 5 9 6 2
767 2 9 2 8 10 5 9 7 2 7 10 5 7 8 3 1 7 4 9 10
809 9 9 9 8 4 9 2 7 10 3 4 7 9 4 9 7 2 10 9 7
658 8 3 5 10 1 9 1 4 7 4 2 6 7 7 9 7 3 8 6 10
862 5 8 7 1 10 5 9 8 4 1 10 3 9 10 9 3 7 5 2 6
891 9 10 4 6 10 9 10 5 3 6 9 3 1 10 9 5 4 5 8 9
664 3 6 3 5 2 8 6 6 3 5 10 1 4 6 6 9 3 10 6 5
769 8 6 2 1 4 2 10 2 7 2 3 7 10 7 6 8 5 7 9 10
668 3 2 5 6 9 2 3 8 9 10 7 8 8 6 2 5 1 9 1 2
10
769 6 2 9 8 10 8 7 9 4 9 2 6 5 6 10 6 8 4 6 2
626 2 6 1 8 5 4 6 3 3 5 10 2 10 7 5 5 7 8 5 4
827 6 8 9 1 7 5 10 4 8 4 4 10 9 6 10 10 1 9 3 2
674 2 10 3 2 9 6 6 2 3 5 2 7 8 10 7 6 1 8 5 3
624 8 5 8 2 7 9 2 9 6 8 6 4 7 3 1 1 10 1 1 2
619 5 7 4 1 3 10 9 8 2 8 1 6 4 7 7 1 6 1 7 6
747 10 1 8 7 5 1 9 3 9 9 7 10 4 10 2 10 5 4 1 4
482 1 1 2 4 9 5 1 9 1 8 4 6 1 5 3 10 6 10 9 5
551 1 1 1 2 2 4 6 3 4 7 7 8 7 8 2 7 1 9 2 6
702 7 10 2 7 10 10 3 2 1 1 9 2 3 9 4 6 4 1 9 5
10
702 8 8 4 5 2 1 1 2 9 4 9 1 6 7 7 2 8 10 9 8
725 10 2 7 8 7 8 2 9 7 5 9 1 1 7 10 10 3 4 9 2
808 6 10 8 3 5 8 5 7 8 7 10 5 8 5 6 4 10 1 5 5
816 5 1 8 4 7 4 9 4 10 1 10 10 6 9 5 9 5 9 1 3
702 6 9 9 7 6 2 6 2 3 9 3 9 8 1 9 7 10 2 10 10
744 6 8 8 5 2 4 5 8 8 10 5 8 6 8 8 9 2 1 7 5
662 10 3 5 6 5 8 2 3 6 6 9 9 2 3 9 10 8 7 8 2
682 9 10 7 7 9 7 3 4 1 6 8 3 2 3 10 7 7 8 10 4
832 1 10 4 10 10 8 9 2 3 5 10 7 8 7 5 5 2 2 10 10
529 9 8 1 3 4 2 2 5 3 2 7 5 4 3 2 4 9 4 4 5
10
637 2 7 2 7 4 8 4 9 3 10 3 3 7 9 7 4 6 10 7 1
658 10 5 3 2 6 7 1 6 1 1 3 8 6 9 7 5 4 6 3 10
751 3 8 2 10 4 10 10 3 6 5 7 4 4 9 1 9 6 6 3 6
570 1 4 1 7 3 2 7 3 10 1 4 2 7 4 7 4 9 6 2 7
552 1 9 5 1 9 9 7 3 2 4 1 9 2 2 3 9 5 1 10 3
644 7 10 9 8 1 4 9 9 6 5 2 1 4 4 1 4 4 3 5 3
536 2 1 8 10 2 7 1 6 4 9 8 5 3 3 2 5 6 4 1 5
702 7 1 6 8 8 6 7 8 10 7 6 3 7 1 2 4 8 5 1 7
636 4 7 5 6 5 3 8 8 5 6 3 7 6 4 3 4 4 1 6 10
655 1 8 6 5 2 8 5 4 5 10 10 1 7 5 6 2 10 4 2 1
10
638 4 1 1 1 9 8 3 10 4 5 8 3 2 10 9 8 4 5 3 1
755 5 10 8 2 10 2 6 8 2 10 8 6 8 5 4 10 2 10 4 7
812 10 7 10 4 8 3 10 8 1 10 9 10 9 4 3 9 2 6 9 2
656 10 9 10 9 2 1 8 1 2 6 1 8 1 9 10 4 7 5 7 4
727 9 10 3 9 6 2 4 4 6 8 5 7 5 5 8 4 8 9 5 3
769 2 4 10 10 8 5 6 10 6 10 1 9 10 4 7 9 10 4 3 4
605 6 4 5 10 3 4 1 10 2 8 8 9 7 3 5 2 1 3 7 6
715 2 9 2 8 4 6 10 9 5 6 5 1 10 5 1 10 7 2 1 9
697 7 6 1 1 9 9 1 3 9 5 2 9 7 7 2 8 1 8 6 4
538 6 2 4 8 5 2 3 6 2 6 10 4 2 5 8 8 10 1 2 1
10
563 1 3 1 4 6 2 2 8 7 10 4 3 8 8 8 6 2 7 2 3
667 6 6 9 7 6 4 4 6 9 8 4 9 3 7 3 4 4 7 6 3
667 4 6 10 1 2 2 8 4 10 1 6 8 8 4 2 4 1 9 7 8
662 1 2 4 4 4 8 9 2 7 8 3 3 6 9 2 5 3 4 6 5
733 2 8 10 5 4 10 6 9 4 1 6 8 9 2 5 9 1 5 6 9
754 5 9 9 9 4 5 7 6 9 8 3 5 6 7 2 7 7 10 8 6
780 4 3 1 3 9 10 7 9 10 4 8 8 7 8 2 5 1 10 5 9
589 6 3 1 3 10 2 4 9 10 10 1 2 1 7 6 6 5 3 6 3
622 7 10 4 6 2 5 1 7 8 4 3 8 1 5 2 5 9 8 9 10
812 9 6 9 4 4 6 8 4 9 9 8 6 7 5 6 4 3 9 2 6
10
658 5 7 1 8 1 8 7 7 6 6 1 3 5 8 8 3 1 7 3 10
643 3 8 1 3 7 3 6 8 10 4 9 3 4 1 5 8 8 2 10 2
605 1 1 4 9 8 4 4 9 1 1 8 6 3 6 3 9 8 9 5 9
464 1 1 5 10 2 2 10 9 5 5 1 7 1 4 3 3 7 1 2 1
639 1 3 9 9 7 3 2 2 6 3 3 8 8 8 2 1 8 10 10 4
567 3 9 8 4 2 7 4 8 7 7 1 2 1 5 4 8 7 6 4 5
807 6 2 8 4 8 8 10 3 5 7 7 10 8 2 10 5 3 3 9 7
700 10 10 2 5 5 2 2 4 7 4 1 9 5 6 8 10 9 5 8 6
635 5 8 2 2 6 3 4 9 9 8 5 2 9 4 5 1 8 4 9 1
669 2 3 1 7 3 4 8 9 5 3 8 3 9 3 6 8 10 4 10 9
10
552 4 7 8 2 1 3 9 4 9 1 3 5 3 2 3 4 5 10 9 2
714 10 9 7 3 6 5 7 1 4 5 8 3 1 8 3 6 6 9 8 9
583 1 5 5 2 3 1 4 5 5 6 7 5 7 10 1 9 10 5 1 4
765 2 10 7 8 1 2 8 3 3 10 10 10 9 10 3 8 6 2 10 3
752 6 10 6 5 10 6 8 6 4 10 6 2 4 1 9 4 3 8 9 10
554 1 3 8 4 9 2 5 10 3 7 5 8 5 4 1 2 7 8 9 3
679 10 3 6 4 3 10 2 5 7 10 3 7 4 8 4 9 1 5 2 8
671 8 2 2 3 10 2 4 4 4 10 8 9 8 4 10 3 1 1 5 1
626 3 3 8 5 5 7 8 2 8 1 4 9 3 3 3 6 7 10 3 10
808 10 6 6 8 5 10 5 8 9 6 6 9 10 1 7 10 6 10 4 6
10
927 7 6 8 10 10 8 8 6 7 3 9 7 6 10 5 5 5 3 9 10
781 6 3 7 9 9 3 4 7 6 5 3 6 9 9 8 8 10 8 9 5
699 4 1 2 1 1 2 9 4 8 4 10 5 5 9 7 10 2 7 5 10
678 8 2 10 9 8 2 4 8 3 1 5 7 2 10 6 4 7 8 9 10
769 10 1 8 10 2 6 5 6 10 4 7 8 8 3 9 5 6 9 7 3
651 5 1 3 6 9 6 8 3 10 10 1 5 4 5 8 1 7 2 4 8
700 10 5 10 4 1 6 10 5 7 2 7 8 5 4 1 1 2 9 2 10
590 1 2 7 9 1 4 4 8 10 9 3 3 8 5 6 5 3 2 9 1
674 9 1 7 2 2 4 5 6 7 3 8 6 7 5 2 3 9 7 10 8
656 7 3 3 2 7 7 8 4 3 9 1 5 8 1 9 3 10 7 5 4
10
768 9 6 1 4 4 5 10 5 4 6 10 10 4 10 9 4 8 1 2 9
710 8 4 9 2 9 7 7 2 6 5 6 8 3 4 8 5 1 10 7 6
566 4 8 2 2 3 4 8 2 1 2 4 3 8 2 7 3 9 9 10 7
704 6 7 1 6 6 6 9 4 5 6 4 4 6 9 9 1 4 8 3 7
531 1 4 7 6 8 7 3 4 1 4 4 2 7 4 7 4 8 4 2 4
532 8 5 1 2 6 6 6 1 5 10 10 1 2 3 1 4 5 1 1 1
661 5 4 1 6 8 10 3 7 3 10 2 8 9 5 1 8 6 1 10 7
739 3 2 9 9 9 6 5 8 5 3 6 9 3 9 6 6 1 2 8 8
661 7 6 1 8 1 6 10 8 7 6 7 7 3 6 2 5 1 8 2 5
649 3 10 4 6 10 5 1 8 3 6 3 1 10 8 7 3 10 5 4 4
10
682 8 7 3 6 4 8 4 1 4 10 7 3 2 10 3 9 1 6 10 5
629 1 6 7 6 2 4 2 3 7 4 10 10 3 6 7 3 6 6 2 7
721 7 5 6 8 2 4 10 4 3 10 10 3 5 10 3 6 1 2 9 8
805 9 4 6 5 8 8 5 3 9 8 10 5 10 1 4 9 1 10 9 5
482 1 3 3 1 10 3 9 9 1 3 4 3 4 1 7 5 6 4 5 1
819 4 10 6 4 10 8 4 8 4 6 9 5 5 8 6 7 1 9 9 8
699 4 7 3 1 8 4 5 5 7 10 2 3 6 8 6 3 10 9 8 8
820 6 10 9 3 1 5 5 6 10 3 10 4 3 7 10 10 4 4 10 7
644 5 5 8 10 7 3 1 1 1 6 10 3 8 10 6 1 6 6 4 5
832 6 4 10 2 5 7 5 8 9 5 7 10 10 9 8 4 4 9 7 2
10
765 5 7 3 7 9 4 6 9 7 7 10 6 7 4 5 1 5 6 9 8
645 4 4 2 10 9 8 4 6 4 1 6 3 8 8 1 7 7 2 9 2
676 8 4 9 2 10 6 2 5 9 2 1 8 3 5 3 3 1 8 2 10
716 1 10 7 7 8 9 10 6 4 1 7 10 2 3 1 7 2 1 9 9
655 7 2 6 3 2 2 9 3 8 1 5 9 6 9 3 1 3 6 1 10
626 5 5 5 4 8 6 7 2 1 10 6 1 2 6 6 9 1 10 2 9
660 1 2 9 8 10 5 2 8 1 5 10 1 1 8 6 9 8 4 8 7
799 10 6 8 4 7 9 3 4 10 3 8 9 1 7 8 9 9 6 2 7
657 5 9 3 4 8 4 5 8 2 6 10 1 2 7 6 10 1 5 6 8
585 5 5 10 10 4 7 7 3 2 7 1 1 6 2 5 7 5 9 8 6
10
821 7 10 5 3 5 8 8 8 6 9 5 7 4 10 6 3 5 9 2 10
726 8 4 1 10 5 8 1 1 5 1 10 9 7 9 7 2 5 9 2 9
598 2 9 8 4 7 4 7 4 8 3 1 1 1 2 6 5 6 9 9 7
668 8 2 5 2 6 1 8 3 9 8 2 9 9 3 2 10 4 8 5 1
509 4 7 5 6 7 1 2 1 9 1 3 2 7 5 3 1 4 6 1 1
665 8 9 3 9 3 9 7 3 7 5 2 6 8 1 5 8 7 2 3 7
532 3 8 3 3 5 5 5 5 4 2 3 3 5 4 7 3 8 3 2 6
654 10 3 7 7 2 3 9 10 10 6 7 8 1 2 1 9 10 4 5 2
569 2 2 8 1 5 9 6 2 5 8 7 5 7 1 2 7 5 10 1 3
681 5 3 6 1 2 5 7 3 4 5 3 9 7 8 8 10 6 8 9 4
10
602 9 5 2 2 1 7 2 5 3 1 9 4 5 10 7 1 10 7 9 3
605 8 6 3 1 6 5 3 9 4 1 8 8 1 4 6 8 1 1 7 1
486 1 8 1 7 4 5 7 1 2 1 4 10 3 5 4 3 6 3 2 3
482 8 7 4 5 3 4 1 2 5 5 1 6 2 2 5 5 2 3 4 3
704 7 9 1 7 2 6 1 8 1 7 8 9 9 8 9 10 2 1 9 8
750 8 7 5 6 8 7 1 10 8 4 2 10 7 1 9 7 10 7 10 10
575 5 7 1 6 3 5 3 10 7 1 9 1 1 8 5 1 2 9 8 3
686 1 9 10 10 9 7 4 1 1 7 9 8 4 5 3 5 7 3 3 10
642 8 2 2 3 8 6 5 3 7 4 3 4 7 1 4 7 9 3 10 8
621 1 4 8 4 8 1 6 2 2 6 9 3 9 2 10 8 8 10 6 2
10
673 9 2 3 4 9 4 4 6 9 1 10 9 3 1 6 2 9 3 9 10
662 2 6 2 5 1 5 9 1 5 2 6 9 9 1 6 10 8 4 7 8
795 10 3 9 9 8 5 10 5 4 6 7 1 4 8 10 7 9 10 7 1
605 6 1 5 2 8 6 1 10 8 6 3 9 4 2 6 8 10 6 4 4
474 2 6 5 5 3 3 1 2 1 5 10 1 2 3 2 8 8 7 10 9
663 10 2 10 4 5 2 10 1 4 4 6 7 2 3 10 5 7 3 4 9
660 8 1 7 4 3 10 3 2 2 9 3 5 8 9 5 9 7 1 2 4
633 3 5 8 8 10 8 1 6 5 3 1 7 3 9 5 2 6 3 9 2
616 4 1 9 1 3 3 10 7 3 5 7 1 9 1 5 4 1 1 9 10
705 5 7 8 7 10 5 4 5 10 3 10 4 3 7 6 1 6 1 2 4
10
601 6 6 10 5 3 1 7 7 5 10 7 5 2 1 8 6 2 3 4 6
593 3 8 10 8 10 1 4 8 1 5 5 1 9 2 6 1 10 1 6 2
704 7 5 2 4 5 5 7 10 8 9 3 3 2 3 6 10 9 10 9 5
773 7 7 5 9 2 9 7 9 8 10 3 3 8 7 6 3 10 7 1 6
804 4 5 10 7 1 2 6 9 7 9 8 9 9 8 7 9 5 7 5 8
701 5 10 2 8 8 2 5 1 8 9 3 8 7 6 6 3 1 9 5 10
679 3 2 6 7 3 6 9 10 3 8 2 8 10 4 2 10 8 10 5 6
661 7 6 4 2 8 8 1 10 5 4 3 1 9 4 9 1 3 10 4 10
618 1 3 1 10 2 4 8 8 2 4 9 4 6 8 8 9 9 1 5 1
572 5 7 6 9 9 1 5 2 1 6 2 8 1 6 6 2 8 10 3 10
10
659 7 4 4 6 6 6 9 2 7 2 10 4 2 4 3 6 4 5 10 6
610 1 1 5 10 4 3 1 9 1 5 9 6 10 10 8 3 4 5 1 3
602 10 5 7 10 4 1 2 8 1 4 7 3 5 3 8 4 5 10 7 8
658 3 9 8 9 5 4 3 3 8 5 4 10 10 2 6 5 6 2 3 1
642 7 2 1 2 3 8 9 1 10 7 1 2 6 3 10 9 7 4 3 2
654 6 6 10 4 1 7 1 8 5 10 1 9 5 9 6 4 9 6 6 6
672 4 2 7 10 5 9 2 7 3 10 5 7 3 10 5 5 10 3 3 3
790 10 3 10 9 7 3 8 6 1 7 9 4 10 1 9 10 7 10 5 10
615 3 4 7 4 4 3 10 8 9 4 3 9 1 3 8 1 3 10 7 5
819 9 8 1 6 10 3 2 7 4 10 8 9 10 7 9 6 10 8 10 10
10
608 6 4 7 5 4 10 4 2 10 1 5 1 5 3 7 2 9 6 2 2
647 9 7 9 7 3 3 2 8 1 3 8 8 2 8 5 9 5 6 10 1
565 3 10 3 6 7 5 1 4 3 4 5 4 9 1 3 7 8 8 3 1
745 4 8 10 5 4 10 3 10 8 1 5 10 2 3 10 7 2 8 7 9
704 3 5 7 1 4 8 8 6 9 10 2 8 4 1 5 6 10 4 3 10
625 3 7 1 7 4 10 8 4 1 3 10 7 10 1 1 9 5 3 4 6
741 9 7 7 1 3 6 7 2 9 8 7 2 7 1 10 2 2 7 9 6
761 9 6 8 5 2 10 10 6 7 4 4 2 5 9 9 7 1 1 4 6
562 4 4 5 4 7 7 1 3 4 10 6 8 2 3 1 10 6 6 6 6
726 6 1 10 5 10 6 4 8 9 8 5 2 7 5 5 3 8 4 6 7
10
795 5 7 9 7 2 3 6 6 10 5 9 8 6 5 4 10 4 4 8 7
801 10 9 2 5 9 6 9 10 2 10 10 7 6 5 2 8 8 4 3 9
624 5 1 3 4 8 6 8 4 5 10 3 6 1 2 7 7 5 5 5 8
642 8 8 3 5 7 8 6 3 1 7 4 2 10 1 1 3 9 5 5 8
660 1 4 6 8 2 9 2 4 5 9 4 6 2 9 9 8 6 6 7 9
643 1 8 8 7 2 5 7 7 6 1 6 9 10 1 4 2 3 9 6 7
669 7 8 7 8 2 7 1 2 8 3 4 5 7 8 10 5 5 3 1 2
516 4 4 5 7 2 6 1 7 2 4 2 7 10 2 6 7 2 5 3 1
643 6 5 7 2 10 5 9 9 1 7 2 7 5 1 8 7 3 1 5 10
603 1 2 4 4 5 7 3 5 9 5 7 5 1 10 4 2 6 5 3 8
10
652 5 1 9 1 7 4 7 7 9 10 2 1 10 3 4 1 3 3 7 9
604 3 3 6 2 4 4 2 5 4 8 6 1 10 9 10 6 1 6 5 1
734 6 6 9 3 3 1 6 8 9 10 4 5 4 10 8 5 7 9 7 5
781 7 4 10 7 5 1 9 4 10 7 7 2 10 6 4 5 2 9 9 3
647 5 5 4 6 1 6 7 10 8 5 3 6 1 8 3 9 2 2 1 10
688 8 6 1 3 7 8 5 8 3 10 3 5 7 4 10 9 1 7 6 8
768 8 9 5 9 3 7 2 8 6 2 10 6 6 8 9 10 9 9 7 1
486 1 6 6 3 2 8 4 5 2 5 1 2 8 1 9 1 4 3 9 6
587 2 3 6 9 3 10 7 7 1 1 3 9 7 2 6 8 7 4 2 9
840 1 10 7 8 4 8 9 10 8 1 2 10 10 9 9 10 5 1 10 1
10
748 10 6 7 9 2 8 7 1 10 2 5 9 7 7 2 2 5 3 6 5
779 8 7 9 10 4 4 10 6 9 7 6 6 3 8 1 10 2 8 2 8
744 4 6 9 10 8 5 10 8 2 1 9 10 8 3 1 10 9 4 2 10
681 5 7 1 5 4 1 5 3 5 4 10 3 6 6 7 7 10 8 8 8
635 7 1 4 1 8 3 9 1 4 5 7 1 4 5 10 2 9 1 5 6
658 2 10 2 7 2 10 5 1 10 9 4 5 9 1 1 2 4 5 5 6
652 10 9 7 10 5 1 1 7 5 1 3 8 6 4 6 2 1 7 7 9
699 5 10 5 10 5 4 2 10 1 8 7 9 7 6 4 9 10 7 1 9
688 3 5 9 4 6 3 10 3 1 9 8 10 2 7 7 3 7 1 1 7
693 1 4 9 4 7 7 1 3 8 7 9 3 7 8 3 1 7 7 7 3
10
760 9 8 4 7 10 8 8 1 3 4 8 6 6 4 2 6 10 8 1 5
671 8 9 2 1 4 3 7 4 7 5 7 3 6 10 1 5 1 3 9 4
648 10 2 1 3 5 7 6 3 3 3 9 6 6 5 8 5 3 4 9 8
535 4 4 4 8 2 3 4 9 3 1 4 10 7 3 2 5 3 3 5 10
540 4 10 6 9 5 1 5 2 4 7 5 4 1 4 7 4 2 1 2 3
557 3 4 5 4 1 9 5 5 6 6 2 2 1 7 9 1 6 1 3 6
625 6 10 3 7 5 3 4 2 7 4 10 6 2 7 1 3 3 5 4 8
544 3 8 7 2 4 2 3 3 3 2 3 2 4 3 8 7 4 7 3 8
762 5 6 6 3 7 4 10 1 7 7 4 9 7 5 7 3 8 1 9 5
773 7 2 10 3 6 5 9 5 8 6 9 5 6 7 4 1 10 2 10 9
10
572 1 8 8 9 4 6 3 10 1 7 4 10 4 3 7 6 1 2 3 1
587 2 1 7 5 4 3 8 3 3 1 4 1 4 10 8 1 1 8 10 10
563 7 10 6 6 1 3 2 10 2 3 8 3 6 2 1 7 2 7 10 2
773 2 9 2 1 9 10 10 5 8 1 10 7 2 2 7 8 5 10 8 6
651 9 6 2 6 2 2 1 2 10 9 1 9 7 9 3 6 10 2 7 8
665 8 8 1 8 9 7 5 4 4 4 5 5 2 10 2 1 10 1 9 5
826 10 5 1 10 8 10 9 9 10 6 3 2 10 3 5 10 7 7 5 3
561 9 5 3 7 6 1 2 2 1 10 2 1 7 7 8 10 8 2 2 5
702 2 8 6 3 2 10 8 4 4 2 4 10 6 8 3 9 10 1 6 4
719 6 1 4 10 3 7 10 2 8 8 1 7 8 6 10 10 5 5 4 3
10
648 7 6 10 5 4 5 9 10 5 1 5 7 1 3 1 3 3 10 8 3
583 7 8 10 9 7 5 4 6 4 6 1 4 1 1 1 9 10 6 1 5
600 1 5 10 2 5 6 6 1 6 5 1 4 1 8 10 5 6 2 5 9
551 9 6 4 2 2 3 3 2 10 3 3 1 7 6 1 3 1 5 9 1
598 8 6 2 8 6 10 5 4 1 3 3 1 6 1 8 8 5 3 3 5
676 1 10 4 1 8 5 8 7 3 2 3 4 8 8 8 2 5 8 5 10
703 10 9 2 5 3 8 3 9 4 5 10 2 10 3 1 10 8 4 3 9
740 6 6 10 5 9 9 2 9 5 6 5 2 10 10 4 3 3 8 1 3
667 4 3 4 2 1 10 6 10 10 6 4 5 10 1 2 1 10 3 3 8
652 1 6 1 7 6 6 6 8 8 9 5 3 8 7 1 2 5 9 3 2
10
665 4 2 6 6 2 1 8 5 1 10 4 9 10 10 1 2 3 1 7 9
636 4 9 7 8 8 1 5 5 1 1 6 8 7 5 8 2 3 2 6 6
746 10 8 6 3 4 3 4 2 6 3 7 7 10 6 9 7 9 1 10 4
683 1 8 6 10 2 8 2 10 3 10 5 4 10 9 5 1 7 7 2 3
852 7 7 8 7 10 10 6 7 10 5 9 7 6 1 10 3 5 9 4 6
701 3 5 9 2 4 6 7 6 6 4 9 4 4 9 6 8 1 6 8 6
629 3 8 1 1 10 9 4 8 4 5 1 3 8 7 4 3 5 1 9 5
525 2 6 2 5 6 6 2 7 6 3 5 1 2 2 8 1 6 6 2 8
602 10 2 3 6 4 1 1 6 5 1 5 9 5 7 5 10 6 1 10 2
642 1 1 4 4 2 9 8 6 3 2 8 6 10 4 6 6 9 3 6 2
10
652 6 5 5 1 4 7 3 4 8 10 6 2 5 5 7 4 7 9 2 4
729 7 4 1 10 7 3 9 6 8 7 5 10 10 5 2 1 2 10 6 6
684 3 1 5 5 7 3 9 1 7 10 6 5 10 5 5 10 2 1 4 5
584 8 3 9 5 5 1 6 2 5 9 4 5 2 4 9 3 6 3 6 6
717 6 6 6 9 9 9 4 6 7 2 5 4 2 5 6 7 5 8 4 10
582 3 4 8 8 5 1 5 7 4 1 4 4 5 5 7 6 2 9 9 1
707 8 6 7 3 5 7 10 1 6 1 6 9 5 6 2 5 3 4 1 10
526 3 7 6 4 4 7 1 9 5 3 6 8 2 1 4 9 7 5 8 1
591 2 6 4 2 10 1 5 6 1 7 5 10 4 7 2 5 8 3 10 6
780 8 3 10 6 10 5 1 9 8 9 7 3 5 10 7 10 1 6 5 2
10
709 5 5 4 3 8 8 3 7 2 5 7 8 10 5 1 6 9 1 6 10
768 5 6 1 6 8 7 5 3 9 7 8 3 10 6 8 4 4 6 1 5
634 6 4 3 9 8 5 5 4 9 1 1 3 3 8 8 9 8 5 7 1
641 6 3 3 6 10 10 2 5 2 10 8 7 3 1 8 1 4 7 3 10
627 6 1 5 7 2 8 6 6 4 6 9 5 2 4 8 8 10 5 8 5
626 8 3 7 10 6 8 8 5 2 5 1 9 8 5 4 3 7 1 1 3
713 4 10 9 1 10 1 3 6 1 3 2 7 8 5 10 10 7 7 5 10
604 4 6 8 1 9 5 3 5 1 2 1 5 4 5 10 8 5 10 5 7
672 1 10 7 8 10 2 9 6 3 7 6 10 3 2 6 7 1 6 2 2
743 2 8 4 4 5 3 2 9 7 8 6 5 9 8 9 7 8 9 8 5
10
648 9 9 1 3 7 7 1 2 1 9 7 4 5 7 9 7 2 8 1 1
719 9 7 4 1 5 8 2 1 7 5 10 9 3 7 2 8 8 7 4 7
782 4 10 3 5 9 2 5 8 9 1 9 9 6 9 8 7 6 4 1 9
660 4 4 10 7 2 8 6 3 1 6 7 9 5 10 2 8 4 2 9 5
693 3 10 5 6 2 10 10 9 7 9 3 5 2 1 10 1 9 4 7 7
646 9 6 7 5 4 5 10 6 1 1 1 2 3 10 8 3 2 6 9 4
637 10 2 5 4 9 6 6 8 6 7 4 1 4 3 8 6 3 3 8 1
846 8 8 10 1 8 4 8 4 5 6 9 5 10 5 8 7 8 3 4 8
621 5 3 1 6 6 2 10 4 7 2 2 1 4 5 10 9 2 6 9 6
715 9 9 8 7 10 6 5 1 3 4 5 8 5 6 6 3 4 10 2 4
10
575 1 2 2 1 4 4 7 3 3 4 9 3 3 7 7 1 10 10 9 5
744 1 1 8 5 9 8 4 5 10 9 10 5 6 5 7 3 2 1 2 8
677 2 7 7 8 10 9 2 3 3 2 9 10 1 8 7 4 2 1 5 5
721 8 8 4 4 7 7 9 2 1 3 7 2 10 3 4 5 10 5 10 9
821 10 4 10 9 7 5 10 10 4 6 4 9 10 1 4 4 10 9 7 8
666 5 6 2 2 2 7 10 6 5 7 9 2 3 5 4 7 4 5 1 5
716 7 3 1 8 3 2 7 2 9 9 1 7 7 9 9 1 6 7 5 9
691 2 5 7 10 7 9 3 3 8 10 7 4 5 7 4 9 6 5 2 3
569 1 7 3 2 6 4 1 4 5 6 1 9 4 5 9 4 8 8 3 7
674 2 3 6 6 6 7 10 9 1 8 3 5 7 9 2 8 1 6 7 6
10
649 9 10 5 8 8 9 1 7 1 8 7 2 1 3 4 4 8 5 7 3
656 10 2 8 5 7 9 2 9 4 7 3 3 9 5 5 1 2 10 1 8
763 5 7 7 7 9 4 10 6 7 3 9 10 3 5 5 9 8 7 3 5
821 1 3 9 10 10 5 9 9 6 10 8 10 10 3 9 1 9 8 9 2
642 7 8 9 7 9 8 1 10 3 1 8 9 1 3 1 1 8 5 10 2
642 8 4 4 3 1 4 8 1 10 2 3 2 6 5 3 6 4 8 9 8
737 8 4 8 3 3 10 8 5 4 5 7 6 9 3 3 4 4 6 7 8
711 8 3 8 8 8 4 5 10 8 5 5 7 1 5 7 6 6 2 8 8
666 10 10 10 3 5 9 4 9 2 8 4 7 2 1 3 1 5 4 10 7
675 6 3 5 7 7 2 7 3 10 6 1 9 3 4 5 5 2 6 7 8
10
589 4 8 5 4 1 3 8 5 5 7 8 6 3 2 5 5 6 6 2 5
650 2 10 4 7 10 8 2 7 2 5 1 4 7 10 3 10 9 3 3 1
817 5 7 8 5 9 8 6 5 4 9 8 7 7 4 10 2 5 6 9 8
678 6 7 10 6 7 2 6 4 2 5 6 5 4 6 4 1 6 10 10 9
644 3 7 2 9 7 8 7 1 7 4 2 3 4 8 2 1 10 6 10 5
834 3 3 6 1 10 10 6 7 9 9 9 5 4 10 5 8 4 10 5 8
775 9 9 5 8 10 7 2 8 3 10 2 8 9 3 8 8 6 9 5 5
577 7 1 2 2 3 1 9 4 5 8 5 4 3 8 2 2 8 6 10 5
753 9 8 10 2 9 5 8 7 1 1 7 2 9 5 5 2 7 4 10 8
685 7 4 9 3 10 1 1 2 3 9 7 6 5 5 10 6 5 7 10 6
10
737 1 9 9 2 10 3 5 7 9 8 9 4 5 4 5 6 9 1 4 7
515 10 2 7 8 1 5 1 1 4 2 4 5 1 1 9 10 2 9 2 7
662 2 9 8 9 9 8 9 10 2 10 8 2 2 3 4 3 6 6 3 4
624 5 10 1 3 1 4 7 8 7 1 2 7 2 8 7 6 7 7 6 2
738 5 2 8 1 9 2 7 8 5 7 10 3 4 8 3 6 4 3 8 9
724 6 2 2 7 7 9 7 4 3 3 7 9 9 7 2 9 9 9 4 10
649 8 8 3 3 2 1 4 9 5 6 6 2 6 6 4 4 1 8 10 10
671 5 10 6 8 5 9 4 6 9 4 5 6 1 3 1 9 9 5 5 7
701 10 9 5 1 10 8 3 4 8 6 6 2 1 4 1 10 6 8 3 10
587 10 4 9 1 1 2 6 8 2 10 10 3 2 5 8 8 2 2 1 2
10
615 6 6 8 9 9 3 2 1 9 6 5 6 6 1 4 1 5 2 2 1
545 4 9 2 2 2 3 5 10 2 3 6 3 4 4 9 10 1 6 6 2
622 4 5 6 9 8 3 10 7 3 1 5 1 9 1 2 3 10 9 2 7
693 10 5 9 6 9 3 2 6 7 2 2 6 5 10 7 4 9 10 6 1
723 6 6 10 9 7 2 7 1 2 6 2 10 8 6 10 8 4 3 8 8
782 10 5 8 2 7 5 6 4 7 8 6 9 5 5 3 7 7 5 9 4
697 3 10 6 10 4 2 8 6 9 2 2 7 5 6 6 1 9 7 7 3
583 3 3 5 6 5 1 10 4 4 8 4 3 6 1 6 6 10 3 7 3
619 5 5 7 6 7 3 2 10 1 9 3 5 10 5 1 7 6 9 6 9
796 3 9 6 3 8 7 2 7 10 2 3 7 8 5 8 8 8 10 8 10
10
771 10 6 2 3 4 1 8 7 8 9 9 9 5 10 1 3 2 10 4 10
732 8 9 3 9 5 9 6 8 10 9 3 5 7 1 9 5 4 3 1 7
579 5 1 4 1 8 9 3 10 8 2 8 2 7 2 3 2 5 10 1 2
504 2 6 10 2 8 2 2 8 1 2 4 1 1 2 2 10 4 4 8 9
561 4 9 1 8 8 2 1 5 4 10 3 9 7 3 7 6 2 8 3 3
635 9 8 4 5 2 8 6 5 2 3 1 3 9 6 2 6 4 3 5 5
748 5 5 10 4 4 5 6 2 6 8 9 5 6 10 9 8 1 2 8 3
739 9 10 1 9 4 7 7 3 3 10 8 3 6 2 3 8 10 6 8 9
666 6 10 4 9 1 10 7 2 3 6 2 6 4 6 2 6 5 5 6 9
584 1 6 5 6 2 7 5 8 7 1 7 6 4 5 4 1 9 5 3 8
10
771 9 5 10 7 7 5 2 10 7 9 6 2 3 9 6 6 4 2 6 7
584 1 9 3 6 5 5 6 4 5 7 1 1 1 5 9 4 2 5 8 8
714 3 1 7 4 10 8 9 2 10 7 6 10 1 4 9 8 4 8 7 2
681 7 5 5 2 3 8 8 5 7 10 8 1 3 5 7 5 3 3 4 8
719 3 6 9 8 6 6 7 5 2 4 4 6 5 7 8 10 4 9 6 9
744 8 2 10 8 4 8 7 4 8 9 8 1 10 1 4 5 8 9 2 9
769 9 6 10 10 5 4 6 7 9 4 5 3 3 9 3 8 5 1 6 8
582 3 4 2 5 1 10 7 6 5 3 4 5 2 10 8 1 1 6 1 8
691 3 6 10 7 2 9 3 6 6 10 3 8 2 7 6 4 3 10 8 7
740 6 9 1 2 6 9 1 8 7 9 8 1 6 7 9 6 5 9 10 9
10
644 4 8 10 6 1 5 10 6 6 9 2 10 5 5 2 1 5 10 2 3
510 5 3 5 8 2 4 6 8 2 7 3 3 4 1 7 9 4 3 2 8
858 7 9 10 10 10 10 7 5 10 9 4 9 5 2 5 8 7 9 6 4
810 8 9 2 1 6 9 6 2 5 4 7 2 9 10 8 6 7 6 6 7
777 7 6 1 4 1 7 8 10 7 6 7 10 6 7 6 8 2 10 5 8
747 8 6 3 6 4 8 8 10 9 2 4 2 9 9 7 5 3 3 4 3
643 6 1 3 9 1 5 7 3 9 6 2 8 9 6 4 3 5 7 5 3
586 3 4 9 10 3 4 6 6 1 6 6 6 4 6 6 2 9 9 1 1
621 4 7 3 7 5 4 7 5 5 3 3 9 3 5 5 2 7 9 5 10
671 7 3 6 9 9 2 7 8 8 1 3 1 10 3 2 2 5 10 10 1
10
719 4 6 10 3 10 1 9 8 5 4 3 10 6 6 1 10 3 4 7 2
760 5 5 3 2 9 3 3 7 6 10 10 6 10 7 6 7 3 9 4 7
474 2 2 2 5 3 3 3 2 5 10 2 8 1 7 1 4 7 1 7 5
729 10 2 5 6 1 6 10 10 10 3 10 1 8 3 4 2 10 8 6 5
697 2 3 2 7 6 8 10 4 6 8 9 1 7 6 1 10 9 4 5 5
632 2 8 1 10 9 7 5 6 8 3 9 4 1 5 5 5 1 2 1 6
714 6 3 2 4 10 8 7 8 8 10 1 6 5 2 7 6 5 4 10 9
619 6 6 2 8 2 6 10 7 1 5 6 1 5 2 8 7 4 8 5 5
566 6 6 2 8 8 7 2 2 7 8 1 4 8 2 1 4 9 8 4 1
646 2 7 9 1 9 3 2 1 4 4 8 7 9 2 4 3 10 7 6 4
10
527 8 3 8 3 1 3 7 5 1 3 10 2 3 2 2 9 6 5 10 1
711 2 3 10 9 7 7 6 10 5 2 7 10 8 3 2 10 1 4 10 9
659 3 7 3 9 5 4 7 10 6 3 8 1 10 1 9 6 8 2 6 3
750 8 10 4 2 3 10 1 2 5 2 6 7 10 7 8 8 6 5 9 4
595 1 7 7 4 4 10 4 1 4 9 6 7 2 1 2 3 1 7 8 10
505 4 5 8 1 4 1 2 10 1 10 1 4 1 4 5 6 4 10 5 5
607 5 3 3 7 1 10 4 8 4 2 6 1 4 5 8 7 5 10 8 3
774 5 1 9 8 8 10 6 4 10 7 3 7 8 8 6 2 9 5 6 4
530 10 1 4 4 2 1 1 10 3 3 3 10 6 6 5 9 7 3 8 4
522 6 3 2 2 6 2 1 9 5 6 2 4 3 10 4 5 3 6 3 3
10
649 10 4 3 9 4 5 5 1 5 1 6 6 10 6 6 8 2 3 2 3
669 6 5 7 10 5 5 2 9 9 6 2 3 2 9 6 5 6 6 4 3
482 4 6 7 4 2 3 2 10 4 3 2 9 3 6 4 6 4 2 4 1
625 7 6 3 1 1 1 5 1 9 3 5 4 7 2 9 1 5 2 10 9
625 2 2 7 3 9 5 3 9 8 9 1 4 7 6 4 9 3 9 4 4
716 10 6 8 5 9 3 8 7 2 9 4 2 9 5 9 2 6 4 4 3
679 1 9 2 9 6 4 10 9 8 5 3 9 4 1 7 3 10 4 2 8
765 4 10 2 10 10 6 8 7 4 5 1 5 9 9 6 3 9 8 1 2
735 9 6 5 2 5 6 8 10 9 1 8 9 1 5 1 2 7 10 5 9
603 8 7 2 6 7 7 7 1 6 4 3 2 1 4 6 10 1 6 6 1
10
813 4 5 6 2 7 4 10 1 9 8 9 7 5 10 10 7 10 2 2 6
568 2 6 5 4 1 5 5 1 7 1 1 6 2 7 4 10 9 1 5 7
656 9 8 3 2 3 6 6 1 9 6 5 7 1 6 5 1 9 3 10 4
798 10 5 9 9 10 7 9 2 6 8 8 5 7 2 6 1 9 1 6 10
508 2 3 8 2 2 6 3 2 1 6 3 1 4 6 7 5 4 9 2 10
656 1 10 5 5 2 2 3 4 6 1 8 7 5 6 10 8 6 1 6 8
663 10 4 7 8 2 10 2 5 1 10 3 3 10 7 7 4 5 2 3 2
730 2 2 10 8 5 9 5 10 8 3 6 1 9 3 10 9 1 3 4 6
628 4 5 10 7 7 2 3 6 4 9 1 7 8 2 9 6 5 3 3 3
599 4 2 9 6 5 8 6 3 3 3 1 9 9 2 4 3 10 2 3 6
10
576 6 9 8 7 1 4 7 1 2 6 1 4 4 2 8 1 8 1 8 6
538 8 7 2 6 10 2 5 3 5 3 5 1 2 1 6 1 3 5 10 2
663 6 9 9 2 10 9 1 5 2 7 4 4 5 5 7 3 2 7 5 6
590 4 3 3 9 6 9 1 8 9 7 5 2 3 4 3 4 8 9 1 2
466 1 1 8 2 10 1 4 4 6 9 4 3 3 1 4 3 4 10 4 2
602 5 7 9 9 9 3 2 8 4 10 6 7 3 3 1 4 7 4 3 4
739 7 2 3 1 6 8 6 9 9 2 10 1 4 7 4 9 10 2 4 5
552 3 3 2 3 10 3 2 1 6 7 3 3 6 2 3 9 7 8 9 10
729 10 10 6 8 7 3 6 1 10 1 2 8 6 4 4 6 4 9 5 8
764 10 9 5 5 3 9 8 2 3 6 6 8 4 6 2 9 10 5 2 9
10
571 5 4 2 2 2 2 10 5 3 7 2 10 1 1 2 10 10 9 10 7
655 5 6 1 4 7 3 4 5 4 4 6 10 9 5 4 4 7 7 7 10
829 7 8 5 4 10 1 1 5 10 7 9 10 8 8 1 9 4 9 8 10
648 5 4 4 7 6 1 1 3 6 8 3 4 7 10 6 6 6 3 7 10
702 10 1 2 2 6 10 6 5 4 9 10 4 4 8 4 1 7 10 3 6
857 1 9 6 5 8 9 9 3 10 10 9 2 8 6 9 6 9 10 2 7
555 7 1 6 6 4 5 1 9 7 4 8 4 4 3 1 2 9 5 10 1
622 2 2 10 1 1 9 6 5 6 6 8 3 8 1 2 5 7 9 4 8
716 9 1 9 4 1 8 2 10 2 8 7 2 8 8 3 10 10 7 2 10
621 8 6 2 2 3 7 1 3 4 3 9 1 9 5 8 10 1 5 3 8
10
710 5 8 2 5 2 9 10 4 3 7 6 2 6 9 3 8 7 7 4 2
560 4 4 4 5 3 10 7 9 4 10 3 9 1 1 1 9 6 6 3 6
572 3 1 2 8 2 1 3 8 5 7 7 5 9 7 9 2 2 4 7 8
596 4 8 4 1 5 1 3 3 10 6 5 1 1 9 4 7 10 1 6 5
662 9 1 6 10 6 3 7 5 3 1 9 2 10 3 6 3 10 6 3 4
659 2 9 1 10 5 5 5 8 6 6 5 2 3 10 8 6 6 2 1 5
757 6 6 1 6 9 9 6 1 10 3 7 8 4 10 4 4 4 4 3 5
571 6 3 10 10 2 10 5 6 9 7 1 3 2 1 1 3 7 8 6 4
494 6 2 7 1 4 1 8 5 1 4 4 3 6 1 2 10 5 3 3 3
698 10 8 3 8 8 8 2 2 7 8 5 4 3 5 4 10 1 1 7 8
10
654 8 9 2 9 6 6 1 5 7 9 9 6 6 5 9 1 2 1 4 1
699 6 10 7 2 9 4 10 7 4 8 7 5 5 3 4 2 6 5 7 3
704 7 6 3 1 9 10 7 7 3 4 3 5 6 9 2 7 6 3 5 3
550 8 3 2 4 3 4 9 1 2 3 3 1 7 4 7 1 9 5 8 6
651 2 5 1 6 3 9 9 3 5 10 3 3 1 7 10 8 3 6 9 2
495 3 4 1 8 3 5 6 8 5 8 3 9 3 2 5 2 10 1 4 1
514 9 1 3 5 1 4 3 4 4 4 8 10 8 5 3 1 4 1 2 1
762 4 1 2 6 9 8 7 2 10 1 6 5 10 5 10 9 3 7 8 8
793 2 10 6 9 10 10 9 3 9 1 4 8 9 6 7 7 3 1 5 1
797 2 1 9 2 6 4 6 8 10 2 10 10 9 7 8 4 5 5 2 9
10
568 2 7 8 2 2 10 7 1 3 4 1 5 5 5 5 4 7 7 5 6
669 2 7 1 7 3 10 5 9 3 4 9 6 2 8 6 10 1 5 8 3
647 2 3 7 8 1 7 7 4 7 4 9 2 10 5 1 7 6 1 4 3
767 7 3 8 3 4 7 5 5 8 2 10 9 10 5 2 7 6 9 1 5
500 1 6 3 1 7 2 3 5 2 2 6 1 8 3 7 6 7 10 5 2
775 3 8 4 7 8 6 9 4 1 2 7 10 6 10 10 9 9 4 1 6
687 3 5 6 6 6 2 6 10 5 5 7 1 2 7 4 10 3 9 9 10
622 3 2 10 8 4 6 6 2 7 1 3 1 3 6 9 5 10 5 2 9
809 6 1 5 5 7 9 3 10 7 10 6 6 9 10 6 9 1 3 3 10
661 4 3 8 9 4 4 8 4 5 3 8 1 5 9 9 3 2 7 5 2
10
704 7 4 8 3 5 9 7 10 3 3 1 7 10 5 6 7 5 4 10 6
625 4 2 8 5 9 3 2 6 9 8 2 7 7 5 2 8 1 1 2 9
807 9 10 10 6 2 7 5 10 3 8 9 1 7 10 10 6 1 2 10 3
733 9 8 9 2 2 10 10 4 9 2 3 3 3 9 7 4 1 6 2 2
591 1 7 3 7 6 1 8 2 1 10 3 9 5 8 10 2 3 3 6 4
818 5 9 5 8 9 4 9 7 7 8 7 10 9 5 3 1 4 9 7 8
641 9 5 4 3 8 4 1 4 6 6 1 5 7 5 6 9 4 5 4 6
505 4 2 3 7 4 2 3 2 8 3 5 8 6 3 1 10 2 2 5 3
558 2 7 1 7 6 6 2 1 3 10 4 3 3 8 6 2 8 10 3 1
787 1 8 6 5 1 8 4 5 7 2 8 10 10 10 9 9 7 1 10 4
10
660 6 1 8 6 1 10 8 10 9 3 4 1 1 6 7 1 1 8 10 2
673 6 10 4 9 8 6 3 7 5 2 6 1 9 1 6 9 1 7 2 10
572 1 4 10 10 7 4 8 9 3 2 3 4 8 4 2 3 1 2 3 5
578 8 1 5 4 7 4 2 5 2 5 4 1 5 7 1 10 6 10 2 10
859 9 8 8 2 2 9 5 10 10 2 10 1 10 10 9 2 8 5 3 2
677 2 1 10 2 9 1 4 9 10 4 9 10 1 7 3 7 6 7 3 2
635 7 9 4 9 6 9 2 5 6 2 3 1 7 3 9 2 1 7 8 4
806 9 4 7 1 8 6 8 2 7 7 8 8 10 7 5 8 5 4 3 2
708 3 4 3 4 10 10 2 7 6 1 9 1 6 5 5 10 9 5 6 10
494 2 4 2 3 8 4 4 8 6 1 2 8 6 1 7 2 4 2 5 2
10
740 9 1 1 2 6 7 9 5 2 4 7 8 5 10 9 7 10 4 4 4
585 4 4 7 10 10 3 1 8 3 1 8 4 4 3 8 5 3 1 10 9
602 8 7 2 5 3 1 6 9 3 1 7 7 3 6 5 3 1 8 6 7
638 4 5 3 2 6 9 2 7 2 7 6 7 10 6 9 3 2 5 4 3
588 2 1 3 9 3 1 10 3 9 7 2 2 10 4 6 5 8 2 10 2
548 2 2 9 6 2 2 2 5 6 2 1 5 7 3 8 10 5 9 6 3
637 6 8 9 6 3 1 8 1 4 1 7 1 2 8 4 7 4 6 8 5
653 6 1 5 4 4 5 2 9 8 4 6 5 5 10 4 8 8 10 4 3
640 4 6 9 4 8 1 7 3 3 2 9 7 2 6 3 9 4 4 8 5
725 4 10 10 2 6 4 4 4 5 2 8 9 1 10 10 4 2 3 4 5
10
780 1 7 1 6 10 5 7 3 10 9 9 4 8 7 9 2 7 8 4 7
619 1 1 4 10 2 3 7 10 9 10 6 2 6 7 1 1 8 9 5 3
842 10 8 1 4 9 7 5 8 3 6 10 1 9 10 6 6 10 3 8 9
642 6 7 6 4 4 2 1 4 5 2 8 9 9 3 6 10 5 7 4 7
554 7 2 8 2 9 1 1 10 8 2 5 8 2 2 4 10 4 2 1 2
599 4 6 5 5 4 2 10 4 4 9 5 7 1 6 4 7 4 6 2 3
578 10 2 9 8 1 2 4 9 2 6 6 9 1 5 9 8 5 1 4 5
798 1 4 4 5 8 1 10 1 9 7 9 6 10 10 8 8 6 3 6 2
784 7 2 8 8 5 4 7 2 5 5 9 2 5 10 4 7 8 8 7 10
832 8 9 2 6 9 6 5 10 9 6 2 10 10 9 8 9 7 5 2 6
10
827 6 10 3 6 9 10 1 8 10 7 9 6 5 10 3 9 6 3 2 1
640 9 3 7 6 2 9 8 7 1 4 7 5 1 6 8 10 8 4 5 4
669 5 1 10 4 6 3 3 2 7 8 5 10 9 1 10 3 3 9 4 7
730 8 4 3 8 7 8 6 4 6 7 9 4 7 4 10 8 9 5 6 1
598 1 1 5 2 7 8 7 2 9 5 1 3 2 5 9 2 10 2 6 5
679 1 3 7 5 7 10 6 5 9 8 2 5 7 4 6 6 4 1 2 10
668 6 3 9 10 10 5 1 3 5 10 2 3 10 3 3 6 10 9 2 8
535 5 2 2 4 7 1 4 5 8 2 7 3 4 4 2 8 5 6 1 2
660 3 6 2 4 2 1 10 6 10 7 10 6 4 5 3 10 8 8 2 2
630 10 2 7 4 5 1 7 10 7 10 3 3 4 3 1 3 5 10 4 7
10
679 8 4 7 6 1 9 5 5 7 10 6 4 3 5 7 10 6 10 1 6
827 7 10 6 1 6 3 10 8 4 10 9 8 7 3 6 7 8 5 6 10
617 6 4 10 8 1 4 1 8 6 10 6 5 10 1 10 8 5 2 5 1
745 10 7 10 3 9 6 5 6 3 6 1 1 10 6 7 2 7 10 7 9
574 4 9 2 4 10 3 3 1 10 3 2 8 3 3 1 1 3 8 6 7
791 10 10 6 2 6 1 9 9 6 8 5 7 4 9 7 4 9 3 2 3
939 7 8 5 8 10 6 9 8 9 6 8 5 10 10 3 8 4 5 5 4
750 8 9 7 7 5 10 1 10 8 9 2 1 2 9 6 3 8 3 10 7
678 2 8 7 4 10 8 8 3 4 2 7 2 6 3 2 3 3 6 7 9
647 4 5 7 4 4 10 7 6 1 5 8 5 3 2 7 8 9 2 6 8
10
603 5 10 9 4 3 3 3 8 5 5 4 2 4 5 1 8 4 3 10 3
658 10 4 2 2 6 1 10 6 7 6 2 4 4 3 8 2 9 5 2 6
674 4 9 10 9 1 1 3 10 6 1 9 7 2 9 10 3 10 6 7 1
706 4 8 5 2 2 2 10 7 3 5 9 8 6 10 7 7 3 1 7 3
755 8 7 10 3 7 8 5 4 2 3 9 3 3 9 2 3 3 9 6 9
692 9 7 9 5 6 8 5 3 2 3 9 2 3 3 9 8 7 5 7 8
608 6 7 4 10 7 9 10 5 3 3 2 5 2 5 4 6 4 4 3 2
701 5 8 5 2 10 2 7 7 7 8 4 7 4 4 10 1 6 1 8 3
586 2 3 6 5 1 7 6 8 7 10 2 1 5 4 2 2 8 6 5 6
651 4 5 3 4 9 4 3 2 9 2 7 8 2 9 7 4 8 5 6 3
10
749 8 10 4 3 6 5 7 5 6 5 7 10 1 6 4 10 6 7 6 10
576 5 2 2 1 9 3 3 1 10 3 4 2 5 2 1 1 7 5 8 10
641 2 3 1 9 8 8 5 8 4 5 4 10 5 5 3 10 1 9 4 7
504 1 7 7 6 3 4 3 9 9 2 1 8 2 2 2 6 4 7 5 7
522 4 2 9 9 1 5 4 1 8 1 1 9 4 4 5 8 3 4 3 6
702 2 10 8 9 5 4 8 7 8 6 2 9 8 2 7 6 5 8 8 2
755 4 10 10 1 8 4 6 1 3 4 10 4 7 9 2 6 10 10 5 5
687 10 6 8 9 8 4 4 4 2 1 9 7 4 7 5 2 3 3 3 10
771 6 5 5 3 9 10 6 10 10 2 2 3 7 7 2 9 9 4 5 8
556 1 9 1 9 1 8 1 4 6 7 2 6 8 3 1 10 2 7 8 2
10
760 9 9 7 9 5 9 2 10 6 1 6 8 1 8 7 6 2 10 6 9
574 8 6 7 10 2 2 1 4 1 7 6 1 7 6 10 2 4 5 3 4
694 3 10 3 9 6 7 10 7 5 3 5 4 3 6 7 1 5 10 10 3
674 10 4 10 10 4 3 6 4 9 6 3 8 1 1 9 4 3 10 8 10
582 9 3 4 4 2 3 3 3 3 3 7 7 4 7 10 10 6 2 7 4
761 6 8 2 5 7 8 4 10 10 1 6 5 10 2 9 7 8 6 7 9
646 5 5 3 7 2 8 7 3 7 9 10 6 1 6 5 1 9 9 3 4
768 2 8 7 7 4 4 9 5 9 1 1 8 10 8 8 3 4 7 10 2
679 1 4 9 3 8 8 2 1 8 2 6 1 8 7 8 1 7 2 10 3
789 8 4 5 9 10 2 10 10 5 5 1 3 6 10 8 8 10 4 4 3
10
617 1 4 7 6 4 3 3 3 10 2 7 8 5 5 5 5 3 4 9 8
571 7 4 2 10 10 1 2 2 6 4 7 4 4 7 7 2 1 8 1 3
935 9 1 4 10 9 8 10 1 7 10 8 3 7 9 10 8 10 9 9 8
713 5 10 1 4 5 3 2 6 9 3 8 8 4 10 3 2 5 7 5 10
836 10 7 4 8 10 7 3 6 7 10 1 3 9 8 9 8 9 4 1 8
711 3 9 10 8 10 7 7 9 1 4 2 7 2 8 3 8 6 4 9 10
681 6 8 9 8 4 2 5 9 1 10 2 7 10 4 6 2 6 6 2 8
550 6 3 5 1 9 1 1 9 10 2 3 2 1 5 2 3 1 8 5 8
913 10 3 7 6 10 2 10 3 8 7 10 4 10 9 10 6 7 10 6 7
706 3 7 5 1 4 5 7 9 7 7 8 4 9 5 1 4 4 3 4 6
10
738 9 2 6 1 2 8 6 9 10 8 3 9 7 5 8 9 6 4 1 7
769 8 9 4 9 8 4 8 8 3 1 5 4 10 10 4 9 7 7 4 1
785 8 5 10 5 3 10 8 7 2 10 9 10 3 4 3 10 7 4 4 7
601 9 4 9 10 1 4 2 9 7 3 4 9 3 2 5 2 4 6 7 7
651 10 1 6 5 9 6 2 3 5 6 2 6 7 8 8 1 4 4 3 1
688 5 8 2 2 1 3 7 9 8 2 10 1 1 10 9 3 10 1 7 9
688 5 6 1 3 10 8 9 5 2 9 2 6 8 4 6 2 3 7 1 5
616 4 2 9 7 6 7 7 5 1 5 1 10 1 9 6 9 8 10 4 1
675 8 3 7 3 6 10 10 8 8 6 1 5 1 2 2 5 6 6 10 7
462 9 4 4 1 4 4 2 1 1 4 8 6 1 2 4 1 10 5 9 2
10
654 5 4 1 7 1 8 10 2 5 3 4 6 8 1 8 7 1 2 6 10
744 4 8 5 3 10 10 9 7 5 5 10 1 4 7 2 4 6 10 1 7
722 9 6 3 1 7 6 2 2 8 10 7 9 6 4 5 1 9 5 10 8
696 9 3 9 3 3 9 4 10 3 6 9 3 9 2 2 3 9 8 2 5
738 4 4 6 9 2 6 9 9 6 8 3 9 10 5 6 1 9 3 5 8
771 9 6 1 6 4 10 4 7 6 7 5 8 4 7 10 9 10 10 5 2
720 6 7 6 6 7 7 6 8 3 5 9 2 5 6 3 9 7 4 7 4
702 6 6 1 2 2 5 7 6 10 9 7 3 4 7 6 2 1 3 7 9
729 9 6 3 9 9 1 10 9 6 5 3 5 10 3 4 7 4 3 3 3
577 8 3 6 5 2 1 4 10 3 7 7 7 4 3 8 4 3 5 9 5
10
676 2 9 4 9 9 7 3 8 7 5 2 4 5 9 3 10 1 3 5 3
687 4 7 5 8 5 8 8 10 1 3 1 8 9 2 8 5 4 6 10 6
505 2 6 5 6 3 2 2 5 6 3 1 8 10 1 7 7 8 7 1 2
656 5 2 8 10 4 2 8 3 5 7 9 4 4 2 10 4 6 10 5 7
659 5 7 8 10 5 2 4 3 4 8 1 4 9 4 1 10 6 7 7 10
748 10 8 1 9 6 6 7 3 3 1 4 9 9 7 9 6 6 10 6 9
711 2 3 9 3 3 7 7 4 5 1 5 7 9 10 6 7 10 10 2 4
723 4 8 5 2 3 4 9 3 8 8 9 9 2 9 7 2 7 4 4 3
689 10 5 8 7 2 5 2 9 6 3 1 2 10 8 5 9 1 9 5 1
767 1 3 8 9 9 10 9 10 5 9 10 1 5 1 3 7 7 5 10 9
10
537 9 1 1 8 2 1 5 1 4 2 1 3 2 8 9 7 10 9 4 6
846 6 9 8 5 5 6 10 6 10 6 2 6 8 9 3 4 6 8 5 10
638 2 6 9 7 6 6 4 5 9 4 1 5 7 4 2 10 9 9 7 3
597 9 4 5 6 3 3 8 5 5 9 1 5 2 9 3 7 3 3 2 6
661 4 2 2 10 3 3 4 10 5 6 9 10 10 8 3 4 7 9 8 4
711 4 8 7 1 9 1 3 4 2 4 8 6 4 9 9 8 6 10 3 6
750 2 9 10 8 9 5 4 1 5 9 3 8 10 1 8 9 7 2 8 5
652 2 6 8 6 10 8 8 2 8 5 2 10 5 1 5 7 10 1 3 3
855 7 1 8 4 9 4 9 2 7 9 5 8 9 9 10 10 3 7 3 10
695 6 4 8 5 10 3 10 5 1 3 10 1 4 4 1 5 3 3 8 9
10
682 8 10 1 4 1 6 10 8 3 3 6 9 5 3 5 9 6 1 7 1
579 3 9 6 5 1 3 6 10 3 2 9 3 2 6 3 3 5 7 4 4
529 7 10 7 8 4 3 1 1 4 2 1 8 5 3 7 4 4 10 8 1
735 6 8 8 8 9 1 1 6 6 8 5 4 4 7 8 10 9 8 8 2
644 2 4 2 8 5 5 3 4 3 10 9 1 7 7 2 5 7 6 9 9
625 3 3 2 9 6 6 7 4 3 5 10 5 2 5 1 9 8 9 9 4
773 5 5 8 2 10 10 9 6 8 9 1 9 9 2 1 4 6 1 8 9
722 3 3 8 1 9 9 8 10 7 1 5 9 9 1 7 7 7 6 5 4
645 8 6 10 1 4 10 8 10 2 2 1 4 3 6 4 1 8 8 5 1
737 2 10 9 8 10 2 4 4 6 1 7 7 5 7 9 2 8 9 1 7
10
620 5 3 8 8 8 2 10 10 8 6 3 7 4 2 2 2 7 2 6 4
729 5 5 4 4 9 8 8 3 4 2 9 6 4 6 10 5 6 6 10 6
749 4 7 8 7 9 8 10 3 2 6 5 4 8 7 6 4 4 8 5 2
672 1 2 5 8 7 9 2 10 9 7 9 4 6 3 8 2 2 1 7 8
712 3 10 1 4 10 2 9 5 7 3 9 8 7 3 3 6 4 9 3 7
654 2 9 7 3 6 9 7 9 2 1 8 3 1 3 3 7 8 10 10 10
584 5 2 4 1 1 5 9 1 2 4 9 4 1 1 10 8 3 9 8 9
599 1 8 9 5 7 2 3 9 3 10 3 5 5 1 6 5 10 10 9 9
683 10 6 10 8 4 7 3 2 2 10 6 9 10 5 3 2 7 3 1 7
613 9 4 4 5 5 7 1 7 6 4 9 3 1 5 5 4 5 1 9 2
10
629 5 3 1 7 10 7 8 9 2 4 8 5 1 6 3 4 9 8 8 6
656 8 4 2 9 6 7 2 4 9 1 4 7 7 8 3 4 5 2 2 5
644 7 5 7 4 9 2 1 5 2 10 8 2 3 5 7 10 7 6 9 3
723 5 5 2 3 5 3 10 8 10 3 8 10 2 6 8 5 6 6 10 5
786 1 2 1 5 7 9 10 10 10 10 9 3 3 5 10 7 7 7 9 3
820 9 10 4 9 10 9 5 1 5 10 6 9 1 10 5 8 2 7 9 8
669 2 5 9 3 6 7 2 4 8 2 5 8 3 9 9 6 10 2 10 1
567 4 8 3 4 1 5 10 1 1 3 9 5 4 4 1 9 1 1 6 5
638 1 5 6 10 5 4 9 2 6 6 5 5 6 9 1 2 1 1 7 1
747 7 7 2 2 10 7 3 6 8 5 8 7 6 2 4 5 7 5 10 7
10
714 5 1 4 10 9 7 5 6 1 3 10 8 5 7 2 6 7 5 9 9
733 10 10 5 1 9 8 5 5 2 8 3 4 9 7 1 2 6 3 4 6
702 10 3 5 6 2 10 6 7 4 7 5 6 9 10 2 6 3 7 6 1
801 4 7 6 6 5 10 7 10 10 10 9 6 5 3 1 4 6 6 8 8
702 2 5 10 4 4 7 9 5 5 1 5 7 2 10 7 8 2 6 9 6
687 5 6 6 1 6 7 7 5 9 2 1 8 7 1 7 1 6 9 4 7
766 2 6 6 4 9 8 3 3 10 5 10 9 4 9 5 6 10 7 5 5
686 6 4 9 2 7 10 8 2 1 10 1 2 10 3 10 2 8 5 8 6
522 4 5 6 8 8 2 1 5 3 4 1 4 8 3 10 2 1 5 5 5
806 10 5 3 3 10 6 8 5 5 9 8 5 8 5 10 9 3 4 8 6
10
681 10 4 8 7 3 5 1 4 6 8 9 5 6 7 5 1 1 8 6 1
752 10 8 4 5 9 7 10 9 4 3 6 4 2 6 4 6 8 6 6 6
659 3 4 6 1 9 4 9 9 5 5 4 4 9 2 6 4 10 4 8 2
607 6 2 4 6 9 4 3 8 4 6 3 2 4 9 6 2 3 7 3 2
721 5 6 7 9 10 3 5 10 5 7 3 7 9 7 4 6 8 1 3 6
561 3 1 5 3 1 7 8 3 7 2 5 3 5 5 9 3 9 3 3 4
857 7 10 9 2 1 6 9 7 6 7 7 5 8 8 9 5 7 8 10 9
629 2 3 9 9 10 8 2 2 1 9 10 3 1 7 6 6 1 1 7 9
553 2 4 6 4 4 3 1 1 1 6 10 9 9 2 10 8 3 4 4 3
662 3 5 7 7 5 3 8 6 10 4 2 8 10 7 2 2 7 5 1 3
10
623 4 7 9 1 5 5 3 1 6 6 4 2 2 8 6 10 10 5 2 5
672 5 5 1 10 6 4 5 10 9 10 1 1 5 8 7 4 8 8 6 8
759 3 10 2 1 6 8 10 1 5 5 7 2 3 10 8 10 1 8 3 8
395 1 3 3 10 4 3 1 5 2 2 1 10 7 3 2 4 6 6 3 4
710 2 2 1 9 10 7 10 8 4 1 5 5 4 6 8 5 7 9 7 9
792 6 9 9 3 8 1 8 9 10 6 3 4 4 8 10 9 6 3 5 1
682 9 4 4 8 1 8 3 8 9 3 3 3 3 8 4 7 4 6 6 9
655 2 1 7 2 3 7 6 2 4 6 9 9 7 7 5 6 7 1 8 3
688 9 5 8 8 9 6 4 6 1 8 5 8 8 5 7 1 6 5 4 6
726 1 8 7 1 5 4 3 10 6 10 7 3 9 9 8 1 9 1 6 5
10
628 4 1 8 10 7 7 9 4 8 8 5 2 1 3 1 10 7 7 7 1
906 6 9 4 6 6 3 10 10 8 7 10 10 6 9 4 7 7 3 4 10
761 5 6 8 7 9 1 5 3 10 10 10 10 6 7 4 5 3 3 10 2
830 4 2 9 3 5 8 9 8 6 8 8 8 8 9 2 4 10 10 10 9
736 9 2 7 1 9 8 2 7 8 6 8 1 8 2 7 8 7 4 3 8
775 9 10 3 9 3 7 8 8 8 8 2 5 10 1 1 5 1 9 10 9
653 5 9 5 3 5 4 8 4 2 8 9 2 5 3 8 9 3 5 9 5
601 9 2 1 6 4 4 2 4 3 5 6 10 9 2 1 9 9 2 5 6
836 8 8 9 9 8 1 7 3 9 5 10 9 8 4 6 8 7 5 10 7
607 4 5 6 6 4 2 10 6 4 5 2 9 2 1 9 7 3 4 3 8
10
672 7 7 4 1 5 6 7 4 2 7 7 8 8 8 2 2 4 5 3 2
791 9 7 5 4 5 6 10 4 9 5 6 1 4 7 5 7 6 8 3 8
528 2 4 4 10 2 4 3 2 1 3 10 7 4 3 9 9 8 2 10 1
617 4 7 10 3 3 5 1 6 5 10 4 4 9 4 2 6 9 10 4 1
777 4 2 7 6 9 3 8 10 6 2 8 8 4 10 10 5 4 9 5 5
616 7 2 2 1 4 2 3 8 7 6 3 9 3 9 7 3 2 10 8 2
684 1 8 2 6 8 9 6 4 8 7 3 9 2 10 4 2 5 8 1 3
670 4 2 8 7 3 2 6 7 4 6 4 5 9 9 6 8 10 4 3 10
526 2 2 1 3 5 6 6 5 1 1 6 5 9 2 2 10 7 8 9 6
671 1 4 4 6 4 4 5 3 6 5 9 10 10 6 6 3 9 8 4 6
10
585 5 7 3 1 3 8 7 3 6 3 2 6 4 2 1 4 7 1 5 8
870 10 6 2 5 5 9 10 8 5 5 3 8 8 9 5 9 9 6 9 7
662 8 8 9 10 4 1 7 6 3 1 4 7 1 9 1 4 6 9 6 4
600 1 3 4 3 10 1 4 6 3 4 5 8 1 7 9 7 5 3 4 9
570 3 10 3 3 5 2 4 2 3 6 8 1 3 6 2 10 9 1 6 9
785 6 2 7 5 9 8 4 3 8 2 3 9 7 10 3 10 3 10 7 8
648 8 4 2 10 5 2 4 4 1 7 3 9 9 8 10 2 6 8 5 8
764 10 6 10 7 9 5 8 9 4 3 3 5 2 5 9 8 9 1 5 6
817 8 9 1 7 8 9 6 5 10 6 8 7 7 9 2 1 8 10 8 4
585 3 10 10 10 2 3 7 6 7 3 2 9 4 2 3 1 4 9 3 7
10
632 10 4 9 6 2 3 1 8 3 5 7 10 8 4 6 4 8 8 8 1
555 5 10 4 8 4 4 6 4 1 4 2 3 3 1 5 8 10 6 3 6
654 9 7 7 2 5 5 2 1 5 7 1 9 5 7 6 4 7 3 6 7
714 10 10 3 5 2 5 8 8 5 1 5 10 6 9 3 6 2 5 8 2
634 4 6 8 2 7 8 2 5 8 6 5 3 2 5 6 1 7 10 2 9
682 8 4 1 3 6 7 4 9 9 3 7 8 2 2 7 3 8 1 8 10
681 7 9 4 8 7 1 2 2 9 4 9 2 2 7 7 3 3 5 6 5
628 6 10 7 8 3 4 1 8 7 2 6 10 4 3 5 4 10 6 10 2
636 2 3 6 9 3 6 4 8 5 7 5 5 6 8 10 3 5 9 3 4
549 1 3 3 8 2 9 8 5 5 7 5 4 7 1 2 7 5 1 3 3
