100 40
405 418 432 459 432 405 445 405 459 445 418 432 459 432 432 459 418 405 445 432 405 445 418 418 418 445 418 432 459 445 418 459 418 445 445 445 405 445 418 432
9
220 2 6 0 2 0 1 5 3 2 4 2 9 1 8 6 8 5 5 5 0 7 2 9 0 8 5 6 1 0 5 9 6 0 0 7 5 6 9 4 7
326 2 7 0 6 5 9 0 9 2 2 3 8 6 4 6 4 4 3 1 9 4 9 1 3 1 1 0 7 2 0 3 3 9 5 6 8 0 2 9 6
370 1 6 3 2 9 4 4 6 9 3 1 3 4 9 7 3 5 4 6 7 3 0 8 7 5 9 0 8 9 3 8 2 8 9 9 4 7 1 8 7
406 6 8 2 3 6 1 1 3 0 5 8 1 2 4 0 1 7 6 5 4 5 1 6 5 8 4 4 0 2 5 5 0 9 4 2 8 0 9 0 9
406 2 1 6 5 4 4 9 6 1 7 8 0 2 2 4 3 4 2 1 1 8 8 2 6 3 2 0 9 3 2 5 8 5 4 2 7 5 5 8 7
434 6 1 9 6 4 3 0 0 2 7 4 9 7 6 1 1 1 7 5 4 9 5 2 1 2 5 4 4 7 9 7 2 7 2 8 2 1 5 7 9
444 9 7 6 6 1 4 0 4 2 2 2 3 0 9 1 2 3 3 9 0 7 0 6 2 2 0 9 8 4 6 7 3 0 6 5 1 0 8 6 7
496 2 7 2 6 5 8 5 9 7 9 8 9 0 8 8 4 2 3 9 4 4 6 4 2 0 8 2 0 6 8 6 5 2 9 4 9 0 4 8 6
604 8 5 5 7 8 3 4 4 5 8 4 8 5 4 8 6 0 3 9 9 7 5 8 3 7 8 2 1 8 0 0 7 8 4 6 2 3 6 8 3
5
322 4 7 1 5 1 7 0 3 2 4 2 2 1 0 9 2 6 9 5 5 9 4 3 7 9 0 5 1 2 6 4 4 3 2 8 1 6 3 9 4
338 5 1 1 4 7 9 2 6 4 2 7 1 7 0 3 6 2 9 7 9 7 6 5 0 5 5 0 3 6 4 9 2 0 4 4 0 7 2 4 6
386 0 6 2 6 8 9 4 4 7 6 9 1 9 6 1 3 4 6 2 1 7 1 0 3 1 5 8 4 0 6 0 9 9 1 5 5 1 2 0 7
386 1 5 4 1 4 4 9 5 5 3 8 9 8 8 5 2 3 1 0 5 4 7 7 6 0 0 4 0 4 4 7 5 4 8 8 1 3 1 4 3
468 9 4 4 1 6 9 4 1 8 3 9 4 4 9 4 9 3 7 2 3 3 9 3 2 5 5 2 9 6 9 4 3 4 0 1 4 1 6 5 7
5
320 4 1 1 4 0 9 2 7 4 7 2 6 2 6 6 6 8 1 4 2 7 9 1 0 3 7 5 7 8 3 6 4 6 2 4 9 6 8 8 4
416 5 0 3 7 2 9 8 6 1 6 7 0 2 9 8 8 8 6 2 4 9 9 5 2 1 8 9 6 5 0 0 4 4 8 8 1 0 7 9 8
454 1 4 7 7 3 8 5 1 7 7 1 6 0 3 8 8 4 6 7 8 2 8 7 7 0 8 7 2 6 2 2 8 8 6 9 7 9 9 4 8
458 1 5 9 2 8 9 2 8 0 5 9 7 7 9 2 5 9 8 3 6 6 7 4 3 4 7 3 1 9 2 5 3 2 6 1 1 3 1 2 9
512 6 9 3 9 1 5 5 0 7 7 9 1 6 8 0 0 5 0 9 0 8 5 7 5 1 1 2 4 4 1 8 0 6 1 6 7 2 1 8 5
6
314 1 7 4 4 3 7 3 1 9 2 2 0 8 8 8 1 0 6 3 9 6 1 5 4 6 6 7 8 2 2 1 3 4 7 4 2 7 8 3 5
362 1 8 2 3 0 2 0 7 8 7 5 7 7 4 5 8 5 5 4 8 7 0 9 2 6 8 0 4 8 4 8 0 7 2 9 3 6 6 2 1
436 9 6 1 4 5 9 4 7 0 4 4 7 8 1 1 3 9 8 0 5 8 9 6 0 3 4 8 3 0 6 0 8 8 9 2 0 3 8 6 7
440 1 9 6 1 9 8 4 0 3 7 9 2 4 7 4 8 2 5 8 5 1 7 4 9 7 8 3 5 3 4 3 5 4 4 5 7 4 0 5 2
510 9 4 6 9 2 2 6 6 9 0 7 5 5 3 4 9 3 7 4 2 2 5 9 6 4 6 6 0 3 0 4 8 5 8 2 2 7 6 2 3
568 0 9 8 5 9 2 7 4 7 8 9 1 0 4 7 4 3 0 3 9 2 7 7 1 6 3 9 2 3 2 2 9 3 0 0 5 2 7 2 7
2
330 0 7 3 4 6 4 0 8 2 5 2 1 0 4 7 7 1 2 8 4 1 0 2 0 4 0 4 5 2 7 0 7 9 3 9 9 8 1 8 0
452 0 5 6 1 4 2 7 9 3 9 0 1 3 1 5 2 8 8 4 8 3 8 1 7 8 7 9 4 2 1 4 2 0 3 5 9 4 6 3 2
6
380 0 5 3 7 3 2 9 6 8 3 8 5 5 4 6 3 6 7 1 1 7 6 1 8 3 1 5 2 6 0 6 0 2 8 5 0 8 9 6 3
452 5 6 4 2 8 3 2 3 2 7 3 6 8 9 0 7 2 7 6 5 0 3 2 1 2 7 2 9 2 0 9 0 0 2 8 7 4 8 8 2
474 7 2 7 0 7 7 9 7 3 2 1 2 8 2 1 9 1 5 8 7 2 8 0 4 1 2 4 5 2 6 6 1 6 8 5 6 6 1 5 4
534 9 3 5 5 2 5 5 7 1 9 3 8 8 4 2 1 5 3 8 3 0 1 3 1 7 4 5 1 9 7 9 7 1 5 6 8 4 4 0 9
576 5 2 5 9 9 7 9 6 1 9 0 5 9 9 9 2 0 4 5 9 7 8 2 2 9 9 6 4 1 8 4 0 5 7 8 3 5 2 9 7
608 7 0 8 6 9 6 8 7 8 7 3 2 3 2 1 4 6 3 1 2 4 0 0 6 3 1 8 9 7 9 9 3 1 7 0 1 2 8 3 2
5
260 0 3 6 5 2 5 1 5 5 1 5 8 4 0 1 7 5 7 2 6 1 7 6 3 5 9 6 3 1 4 4 2 7 8 9 0 9 2 8 5
284 1 3 4 3 3 1 1 5 7 1 6 3 3 2 4 6 9 1 6 3 9 7 2 7 3 8 9 9 3 0 5 0 2 5 8 4 5 9 6 3
294 4 1 2 5 3 8 9 0 7 0 4 4 8 8 6 4 6 7 5 2 0 6 0 3 4 5 3 3 4 6 5 2 8 9 7 8 5 2 8 1
400 1 6 5 1 9 4 7 7 1 4 7 2 7 5 2 3 0 9 0 7 3 1 6 3 4 2 0 7 7 5 5 2 7 4 3 6 2 9 0 2
416 5 4 6 0 7 5 5 4 6 4 2 7 7 0 4 9 3 4 0 6 4 4 7 2 9 3 4 0 2 1 7 7 3 6 3 8 2 8 9 2
8
324 3 3 1 7 1 4 3 1 6 8 0 2 1 7 4 5 9 7 2 1 3 8 7 2 0 9 5 4 1 7 5 8 7 0 6 0 8 0 8 8
358 4 5 3 2 4 2 6 4 5 1 4 1 2 5 0 6 0 9 5 4 1 1 2 0 3 2 9 9 6 0 8 3 0 5 3 8 8 4 8 8
364 4 3 1 6 2 6 8 0 4 7 4 2 9 6 7 0 4 0 1 9 6 4 0 9 5 4 3 6 5 2 7 3 5 9 1 9 8 9 3 6
420 2 3 6 8 6 9 8 2 5 3 9 9 1 9 5 0 1 9 2 2 0 9 9 1 0 4 7 3 0 2 5 9 7 3 1 0 2 1 1 7
462 4 3 8 4 3 3 6 1 9 4 9 1 6 0 2 3 1 3 4 5 7 4 4 6 5 6 2 4 0 5 6 7 6 6 0 7 6 4 8 0
484 8 2 6 7 4 8 0 3 4 8 3 8 1 9 0 3 4 3 8 8 9 7 3 3 6 0 0 8 5 2 5 3 1 2 9 2 1 8 8 2
562 8 6 3 7 9 1 1 5 9 6 8 2 2 1 3 2 6 8 6 6 6 5 5 1 0 1 4 0 2 9 4 7 4 6 1 6 0 3 4 8
588 9 9 0 5 8 8 8 6 5 8 5 4 2 7 7 6 1 3 6 7 1 4 2 6 6 3 8 2 5 2 1 2 1 7 8 3 3 0 8 7
3
310 3 1 3 7 2 8 1 9 7 0 0 3 3 3 2 0 1 3 5 7 3 8 1 5 5 9 0 5 1 8 7 4 0 0 2 0 3 5 2 1
494 9 3 6 0 7 7 4 8 9 1 5 2 6 8 7 0 1 8 6 8 7 9 7 9 6 4 0 9 1 2 7 0 8 9 0 0 1 4 6 3
494 5 7 5 3 7 7 7 9 7 2 7 3 7 4 1 5 4 4 5 0 5 3 1 2 4 8 8 4 7 9 8 6 9 7 7 9 7 8 3 5
5
318 4 8 1 4 1 4 1 7 9 0 3 1 8 0 7 2 7 3 8 3 6 3 6 7 7 0 5 5 6 4 4 5 2 5 4 9 5 3 7 0
362 0 0 6 7 4 6 6 7 6 2 1 0 3 1 3 0 5 0 6 4 3 2 7 1 1 5 3 7 2 0 3 9 7 6 4 1 5 9 6 5
386 2 5 5 2 5 7 6 2 8 2 2 7 7 5 9 0 8 4 3 4 0 8 8 8 0 9 5 3 8 9 5 2 8 4 0 3 7 7 4 4
388 1 9 6 7 9 9 0 3 6 1 2 6 1 2 4 2 4 2 9 7 8 9 6 6 9 8 5 6 3 6 6 9 0 6 3 0 9 1 7 6
418 4 6 6 3 7 5 2 9 5 2 7 2 4 0 6 8 3 0 2 4 8 0 3 6 8 3 4 6 1 7 2 7 8 2 4 2 4 5 5 3
4
314 1 1 4 2 1 1 0 5 8 7 1 4 7 8 4 3 6 9 4 1 3 4 1 9 0 2 4 4 0 5 3 4 3 2 6 9 6 2 4 3
442 8 9 7 8 3 9 0 2 3 0 5 8 7 5 6 3 8 4 3 2 5 8 6 9 7 8 3 1 2 3 7 6 7 2 8 5 1 4 7 5
458 1 1 8 5 6 8 4 9 8 4 9 4 5 6 9 1 9 8 8 4 2 3 3 1 4 0 9 7 2 2 0 1 0 7 3 0 2 4 6 1
506 7 8 3 8 7 9 9 7 3 1 1 5 6 7 3 7 0 2 5 0 7 0 6 0 1 0 2 0 8 6 4 0 7 6 8 2 6 2 6 4
8
204 1 0 1 1 9 1 1 2 5 0 6 0 9 2 9 2 1 9 7 7 2 6 9 8 8 0 8 0 2 8 7 9 9 6 5 9 9 4 1 5
378 2 6 4 8 4 9 5 1 5 2 0 9 7 0 3 6 4 5 8 3 4 0 9 3 8 7 3 6 0 7 5 7 6 4 5 4 3 4 0 6
388 7 5 0 3 6 8 9 8 4 0 2 0 8 9 2 1 6 9 6 4 2 0 4 4 5 2 3 8 0 3 8 7 2 6 3 8 0 8 2 2
394 2 3 0 9 9 1 1 3 5 7 7 4 3 5 6 5 6 2 4 5 8 9 5 2 3 3 6 6 1 8 2 1 6 4 8 9 2 0 0 5
406 1 8 5 2 4 5 4 8 1 5 3 7 1 6 2 7 3 8 1 8 5 9 9 3 3 2 6 1 0 9 0 2 1 8 9 9 9 1 1 9
420 9 5 0 7 2 9 1 2 0 9 8 4 6 2 2 0 9 6 1 3 6 6 4 5 9 8 9 5 9 1 5 1 6 8 9 5 9 9 8 0
420 1 9 8 4 4 1 4 8 2 0 0 7 7 7 9 9 7 0 5 0 5 3 7 0 0 6 8 1 4 9 3 1 3 1 9 2 6 8 3 4
434 0 8 6 7 0 7 5 9 1 6 8 6 3 5 5 2 7 4 5 4 5 0 8 2 0 8 0 0 0 4 2 5 5 5 6 4 9 4 4 3
7
362 7 2 8 2 0 3 0 4 4 3 0 3 9 4 0 4 8 7 8 3 4 3 4 2 7 6 2 8 7 4 2 9 9 8 4 7 4 3 1 9
400 3 4 0 4 9 1 3 9 2 5 8 4 4 9 8 6 5 6 6 4 0 0 9 6 2 7 2 6 7 9 1 9 0 2 9 6 0 6 0 3
406 6 9 8 2 0 4 0 3 6 0 7 0 7 1 0 5 7 5 4 3 1 6 3 3 2 7 2 6 4 9 8 7 0 8 9 2 5 9 8 7
416 6 2 5 5 3 5 3 0 1 9 5 5 9 2 8 9 0 5 7 6 1 0 2 6 3 6 6 7 4 0 6 2 7 9 3 8 1 0 0 1
418 1 6 1 6 7 6 6 7 2 6 7 5 6 8 9 4 0 1 1 7 7 4 9 1 1 3 9 9 2 4 9 9 6 8 0 9 8 1 9 8
436 4 2 8 5 2 7 8 5 5 1 2 8 3 0 7 3 6 7 4 7 6 4 4 5 5 7 0 5 6 3 1 5 4 7 5 4 9 3 5 0
564 6 8 7 9 7 2 0 7 6 3 2 9 9 7 9 8 2 5 7 9 4 5 3 8 2 0 5 3 7 1 8 8 8 2 8 5 8 7 1 5
8
328 7 2 3 6 0 5 4 4 2 1 7 3 4 8 2 5 8 5 2 5 4 6 2 9 7 5 9 4 0 9 6 8 7 6 2 7 2 0 4 3
360 7 7 2 0 3 0 2 1 2 7 7 4 8 1 2 0 8 1 7 0 8 3 8 1 2 5 8 4 0 8 3 8 8 2 4 0 0 8 2 6
442 2 9 7 4 6 8 6 1 1 4 3 9 0 1 2 5 4 2 6 3 2 6 7 2 9 1 0 7 5 0 7 0 0 5 5 6 7 5 5 1
444 0 4 7 2 9 2 3 6 8 7 1 8 2 4 2 6 9 8 8 7 1 2 3 8 5 5 0 5 4 7 7 2 8 9 9 3 5 7 0 0
474 6 3 4 5 7 6 0 7 8 6 0 3 1 3 7 3 9 8 1 0 5 4 2 1 3 9 6 5 6 0 2 5 4 2 4 4 7 0 3 7
492 9 9 7 8 3 9 4 4 2 1 2 3 1 3 8 0 8 8 9 1 0 6 6 2 7 1 4 3 8 0 6 0 8 0 5 2 6 2 2 9
546 6 5 9 1 4 8 5 6 5 7 0 7 5 3 0 3 5 1 3 6 4 3 3 2 8 2 3 2 8 1 4 4 4 2 6 9 7 3 3 1
598 8 7 5 9 8 5 0 4 7 7 4 5 8 9 0 1 5 6 2 8 4 8 4 9 1 2 2 4 4 0 8 0 6 4 5 2 3 2 7 8
10
118 0 0 1 3 1 0 6 0 2 1 5 4 4 4 3 4 5 0 2 9 9 9 7 3 8 0 7 2 5 3 2 5 3 0 9 8 5 4 2 4
344 1 3 4 7 4 1 1 2 3 9 2 8 8 8 4 4 5 1 4 7 0 3 6 9 8 7 2 5 9 7 8 4 4 4 6 3 4 1 9 7
380 9 2 6 4 1 9 1 5 4 2 6 3 7 4 2 1 8 7 2 5 6 4 8 5 5 9 2 7 6 3 6 7 7 2 1 4 7 5 7 6
384 5 2 1 8 7 3 9 2 4 0 4 3 2 3 0 4 6 0 3 8 5 9 4 6 6 2 7 8 1 3 4 8 2 3 2 3 7 0 1 7
394 8 4 3 1 1 7 6 5 8 3 8 7 2 0 1 4 6 7 5 9 8 2 1 2 0 7 6 9 8 8 3 4 8 5 7 0 1 7 0 2
396 2 9 6 8 7 4 2 0 3 3 4 9 9 6 1 2 3 8 0 0 7 8 2 0 2 5 0 9 4 8 9 9 2 7 7 1 9 8 8 2
400 0 7 4 8 6 7 9 0 8 1 2 4 3 3 1 4 8 6 2 8 6 2 8 8 2 2 5 2 1 0 2 2 1 6 1 8 8 1 8 8
404 6 5 3 0 1 9 3 8 5 8 3 2 3 8 8 6 2 6 2 7 6 8 9 4 8 3 6 4 6 0 6 0 2 7 7 4 8 7 7 8
540 6 6 7 8 2 1 7 5 5 5 7 0 3 0 8 1 6 2 7 0 9 5 8 0 9 7 4 7 3 2 7 1 2 2 0 1 6 8 0 5
578 5 0 9 2 9 6 8 8 7 8 9 8 7 2 8 5 5 7 9 2 9 1 7 8 1 8 7 5 5 2 7 5 3 0 7 3 3 5 4 4
7
266 8 0 3 0 0 5 5 1 0 2 0 3 2 7 7 2 4 2 1 3 6 1 4 5 1 6 3 0 3 0 2 1 5 7 3 2 0 6 9 6
394 1 8 9 1 4 9 8 0 5 2 0 9 1 4 8 8 9 2 2 0 8 8 3 2 5 6 0 0 6 4 1 0 7 8 7 0 3 0 6 2
398 6 8 4 2 3 1 6 4 2 0 6 9 2 0 3 0 0 4 5 3 7 3 3 0 7 1 7 0 1 5 6 2 6 3 1 3 5 4 5 1
420 9 1 8 2 2 9 3 5 3 3 8 4 2 0 4 8 3 4 2 0 9 9 3 5 2 0 6 9 0 7 6 8 2 2 1 5 8 6 1 3
422 7 3 2 1 3 6 7 6 0 9 0 9 7 4 2 3 2 7 0 7 7 9 6 0 6 0 2 2 1 5 2 8 3 4 0 7 1 0 3 2
538 6 9 8 8 0 3 1 2 9 7 4 5 3 3 0 5 9 4 4 9 1 1 0 0 3 7 0 6 1 2 3 3 2 6 9 4 3 2 5 9
538 7 1 5 5 1 4 4 8 9 8 4 1 6 8 6 6 5 5 3 0 4 4 3 5 6 7 4 7 5 5 1 8 1 5 6 2 9 2 5 6
10
282 1 3 2 4 1 9 3 6 6 5 1 1 7 9 1 6 6 7 1 1 9 8 5 2 5 2 1 9 1 6 6 4 4 9 9 1 2 0 3 7
346 1 5 5 8 3 0 3 6 6 0 7 6 0 6 5 2 2 3 1 6 4 2 4 2 6 9 6 8 0 7 4 8 3 1 8 4 2 0 4 7
370 3 8 2 1 1 5 9 2 9 3 9 3 5 9 0 2 3 2 8 6 0 2 8 4 6 5 5 2 3 7 1 9 6 6 0 4 0 4 4 5
412 4 9 6 4 4 1 2 1 6 2 3 5 8 8 6 0 1 0 5 9 6 5 3 5 0 2 2 7 4 7 5 8 6 1 4 7 5 5 3 1
426 6 4 9 3 1 7 7 1 5 2 2 7 6 2 7 2 3 0 4 8 1 1 5 5 8 5 9 0 5 3 9 0 3 5 3 8 4 8 5 0
434 6 5 6 8 4 1 2 9 0 0 9 7 7 7 1 4 9 6 5 4 4 6 7 0 3 7 7 2 7 2 8 8 4 1 3 7 1 0 7 6
448 8 1 6 9 5 2 1 0 5 2 0 8 5 9 5 7 3 7 3 0 3 0 9 0 2 2 7 1 7 6 6 7 4 0 8 9 0 2 1 7
466 8 0 8 5 1 1 4 7 2 2 8 1 6 6 0 3 5 6 0 0 6 3 0 5 5 4 0 2 6 7 0 4 4 6 6 4 6 6 6 7
486 3 6 8 6 5 0 6 2 5 6 6 7 1 2 5 3 5 0 9 8 2 6 1 5 3 7 9 3 1 7 2 4 1 8 0 8 5 8 6 3
586 9 0 9 7 9 9 2 7 2 7 8 2 2 9 6 7 4 4 9 4 2 2 2 5 7 5 4 8 1 8 6 5 2 9 4 4 9 9 3 6
6
252 4 0 3 0 1 9 0 9 6 1 2 3 0 5 4 9 4 8 3 4 2 7 8 6 4 5 2 9 3 5 7 1 0 1 1 6 5 0 7 0
444 0 8 6 7 7 3 1 1 1 9 8 2 3 1 9 7 0 3 6 5 9 8 4 7 5 8 2 9 9 8 6 8 9 8 1 2 5 7 3 4
472 8 5 7 6 3 0 0 5 4 2 7 3 6 1 6 7 0 6 1 6 3 2 7 7 0 4 8 4 3 9 2 1 0 4 9 1 6 6 8 1
474 7 6 1 9 4 2 4 1 0 9 3 8 7 9 1 3 9 1 0 0 8 5 2 5 5 4 1 3 9 4 4 3 7 4 7 8 6 6 5 6
488 6 0 4 9 0 4 7 5 5 7 7 0 4 4 9 5 0 8 9 0 0 7 7 5 4 2 9 5 7 0 1 2 4 0 6 3 8 4 9 5
508 2 2 8 9 3 8 3 5 6 8 1 9 5 7 3 7 3 5 7 4 5 8 1 5 5 7 7 4 4 5 7 5 9 1 5 7 4 5 2 4
5
374 3 5 2 6 1 2 4 0 9 7 1 5 5 6 2 0 3 7 6 1 1 1 1 2 8 6 1 6 2 5 3 9 2 2 0 9 9 7 5 3
404 3 3 2 9 7 4 4 7 2 5 3 6 8 8 2 1 8 8 8 4 9 0 8 0 4 6 6 6 2 8 3 5 8 6 9 0 7 9 7 2
404 1 5 2 9 7 5 1 3 1 8 4 0 0 3 0 5 6 9 3 4 5 4 6 3 4 1 0 2 9 4 2 2 2 2 0 3 5 8 2 2
552 8 0 8 8 3 0 1 9 0 9 2 9 5 5 2 7 2 8 6 7 4 2 1 1 7 7 2 9 1 1 6 3 5 0 8 8 3 3 6 8
568 4 8 8 9 7 8 9 6 1 2 7 0 7 4 7 9 2 9 9 0 6 3 4 9 4 2 6 8 1 7 1 9 3 9 9 1 7 3 6 5
5
262 3 9 3 0 0 1 0 0 1 4 1 3 5 8 8 5 9 0 4 8 2 3 3 7 2 0 9 1 8 2 0 2 2 3 1 1 6 8 4 2
360 5 3 3 6 1 4 5 7 2 1 5 7 6 0 5 6 7 6 8 2 6 0 7 0 7 1 2 6 2 2 1 3 4 3 6 7 6 3 7 3
394 0 5 5 7 6 7 3 4 6 5 7 2 0 3 5 8 9 2 4 7 6 3 0 5 5 7 7 7 6 9 9 7 4 6 2 3 5 8 8 3
462 7 2 3 5 9 3 0 3 5 9 1 5 7 4 1 4 2 0 7 8 0 5 1 0 3 6 9 0 3 5 1 5 4 6 3 6 1 8 7 9
510 8 0 5 8 5 2 0 9 3 7 3 0 4 1 4 5 5 6 8 4 7 0 2 8 2 5 5 1 7 0 9 8 7 5 6 0 4 9 1 1
3
364 3 5 7 0 0 8 9 0 3 7 8 4 1 5 7 8 0 3 4 0 9 1 0 3 2 4 0 9 8 7 1 7 8 9 4 6 1 8 6 2
380 4 7 4 7 5 2 6 2 2 0 9 4 7 3 1 4 1 2 9 7 4 1 1 7 4 3 1 5 2 9 4 5 8 4 4 3 1 6 1 9
430 6 2 5 3 6 1 7 2 0 6 8 3 5 7 6 7 2 9 1 3 6 5 4 9 2 9 4 6 6 8 5 2 4 6 7 8 9 8 6 2
5
342 3 6 2 3 8 3 1 0 4 5 9 7 7 4 4 3 1 8 4 2 2 3 8 8 2 2 9 7 8 5 5 6 0 9 2 7 0 3 7 6
362 3 1 2 3 1 1 9 3 2 8 7 6 5 5 0 0 0 2 0 5 4 4 0 4 3 4 9 2 1 7 0 9 5 0 0 7 9 2 2 6
380 8 0 7 0 4 1 0 0 6 3 9 2 2 6 7 4 8 9 8 9 4 3 3 6 9 6 1 8 1 4 8 1 3 3 3 6 3 2 8 7
394 8 0 2 4 8 0 0 5 3 3 8 9 9 2 6 6 8 4 6 7 3 2 2 9 1 1 7 2 2 8 6 0 1 2 5 4 8 8 8 6
408 4 1 9 8 0 1 3 6 1 2 6 8 6 5 0 2 4 1 8 2 8 4 4 0 3 5 3 2 9 7 3 6 7 4 0 3 1 8 3 9
7
228 0 1 1 6 4 7 6 0 5 3 4 1 8 2 7 0 6 3 3 5 5 1 9 1 3 4 9 7 6 8 4 9 6 4 6 6 9 9 4 2
274 3 0 5 3 1 3 1 7 4 0 8 1 4 8 5 3 1 2 6 4 9 3 8 0 4 1 4 3 0 2 4 7 4 2 1 2 9 2 1 5
330 5 1 4 1 3 7 8 1 1 4 6 9 8 2 0 4 7 3 8 5 9 7 8 7 7 5 1 3 0 3 7 4 0 1 9 3 3 8 7 4
346 2 5 3 2 9 4 1 5 1 7 5 4 6 6 8 8 2 6 3 2 1 2 9 0 2 8 5 5 3 7 8 2 2 9 6 1 4 1 1 2
372 1 1 8 2 6 2 7 3 1 7 8 8 8 4 6 6 4 8 2 7 0 6 9 1 6 3 1 3 8 4 0 7 9 4 8 5 7 4 6 0
372 1 7 4 4 0 8 7 0 2 9 6 4 9 6 8 5 3 4 6 7 1 6 3 3 0 1 8 1 6 7 8 9 4 7 5 4 2 3 8 8
396 1 3 4 9 5 7 6 6 2 6 5 7 3 4 5 3 2 8 8 0 8 1 6 3 6 8 5 5 0 3 2 0 2 8 7 8 4 1 3 4
6
314 3 5 5 9 0 6 0 1 3 0 9 8 1 4 5 7 0 9 7 0 9 7 1 7 1 0 6 8 5 8 1 9 8 6 9 7 6 3 8 9
342 3 5 1 4 4 7 4 2 3 6 7 9 9 1 6 6 0 6 5 9 6 6 7 7 6 8 9 2 6 4 2 9 5 2 5 4 9 1 9 9
400 3 3 4 4 8 2 0 1 2 9 2 9 8 2 0 4 0 2 2 8 1 8 4 0 8 0 8 7 4 6 4 8 6 9 0 1 6 9 3 7
406 2 6 2 9 3 4 1 8 0 8 0 5 6 1 9 8 7 0 2 0 0 4 8 4 4 6 7 5 6 3 3 0 2 9 1 4 3 9 4 8
426 6 1 9 3 2 7 1 6 8 4 7 6 5 5 7 5 6 5 7 8 5 7 4 3 3 1 2 2 8 8 6 1 0 0 1 3 4 6 3 0
626 9 8 9 8 6 2 5 3 6 6 4 2 7 9 9 6 6 5 1 5 6 6 4 0 2 8 3 6 0 1 6 8 3 6 0 6 9 5 2 4
1
428 7 4 2 4 4 3 1 1 9 8 7 8 6 6 7 6 3 6 3 4 1 9 3 6 2 7 6 5 3 6 9 9 7 2 7 7 0 8 4 2
3
450 6 5 8 5 8 0 6 0 4 1 3 4 0 1 0 9 9 5 5 3 2 9 4 7 7 8 4 3 6 9 1 5 0 8 9 7 8 9 5 4
452 8 1 2 2 9 5 8 2 7 3 3 0 0 5 2 3 4 3 8 2 6 2 3 1 9 0 9 3 3 5 2 4 2 2 5 1 1 5 2 9
500 5 6 6 7 3 7 3 7 5 6 1 5 9 2 2 3 5 7 7 5 1 5 8 6 8 7 6 0 3 1 7 7 7 0 0 4 3 3 9 6
10
176 0 0 1 1 5 8 5 1 1 1 2 3 3 4 5 6 7 2 5 6 9 6 2 7 4 0 7 2 0 0 3 8 7 2 8 9 7 3 3 8
352 7 4 2 3 4 6 2 1 4 2 9 7 1 3 1 8 9 9 2 4 5 2 2 9 9 6 0 8 8 2 8 3 0 8 5 0 9 4 4 2
352 2 2 7 5 1 6 0 3 1 6 3 5 0 6 8 1 7 9 2 9 3 0 1 7 9 3 5 1 1 5 6 2 8 8 0 6 9 9 0 5
408 3 4 4 0 4 6 6 5 5 8 4 5 2 6 4 1 9 3 2 4 2 8 4 6 5 5 9 1 9 2 6 5 4 7 3 6 3 4 8 5
434 2 6 8 0 1 4 1 8 8 7 1 4 3 4 0 9 7 1 2 9 5 6 9 1 2 5 7 3 8 8 6 6 5 2 3 8 1 8 5 1
462 1 5 3 2 9 6 9 9 9 3 6 8 5 9 2 7 0 1 8 4 3 4 0 2 5 3 7 4 8 7 4 4 4 9 9 7 0 2 8 5
462 7 4 8 9 0 8 1 6 4 4 3 4 3 0 5 8 7 5 1 7 9 4 3 9 7 9 4 6 5 3 4 2 9 0 1 0 7 1 2 7
468 7 0 7 1 6 9 7 0 6 6 8 7 1 4 7 6 4 6 3 5 4 2 0 7 4 9 8 0 5 6 3 1 8 5 1 9 5 1 3 0
500 6 0 8 1 4 1 4 5 4 9 8 3 7 2 7 7 8 3 5 2 9 9 6 9 9 2 8 7 3 5 5 8 9 3 5 0 5 1 3 0
548 8 8 2 8 4 4 8 7 3 5 3 4 3 2 6 3 9 4 6 5 8 5 6 7 6 5 1 4 5 4 2 0 5 1 6 0 3 3 3 7
2
452 3 4 4 5 5 3 4 7 1 9 3 8 3 6 1 9 9 2 5 6 7 6 3 6 3 0 3 4 6 8 1 8 1 8 1 7 0 5 0 6
462 3 2 9 4 4 6 2 4 8 8 4 5 4 9 1 5 8 3 8 5 1 7 1 4 3 6 4 9 3 1 7 6 1 0 6 5 7 6 0 9
3
434 6 6 3 8 1 6 0 7 7 4 4 6 4 9 5 8 6 5 1 4 0 2 4 4 8 9 2 3 8 5 6 8 3 9 8 9 4 8 8 6
560 7 9 7 3 3 0 6 6 3 5 9 2 4 6 3 9 4 0 6 7 6 9 1 0 3 9 0 7 4 0 5 2 8 8 4 7 0 8 5 8
592 5 9 8 9 8 5 6 8 5 1 7 6 2 1 2 6 3 6 6 9 5 2 8 6 5 3 8 7 1 4 7 6 7 6 6 1 5 6 1 2
8
302 7 1 0 4 8 3 1 3 2 3 4 8 8 7 2 1 3 5 9 1 4 7 3 5 3 0 0 3 7 3 8 5 1 7 3 8 8 0 4 1
314 4 2 4 8 0 9 1 2 2 3 4 1 2 2 0 4 5 5 9 7 6 5 4 1 2 9 2 3 5 1 8 5 6 0 2 1 0 2 1 4
366 2 7 1 3 5 4 9 7 1 2 3 7 7 5 2 9 9 9 4 0 6 2 6 2 6 8 4 0 1 1 1 0 6 0 2 8 1 2 2 5
398 3 4 4 4 3 4 2 3 2 8 8 5 2 8 3 4 7 4 4 2 5 2 6 1 7 2 9 3 2 3 4 4 5 2 4 9 2 7 1 4
438 6 0 6 2 3 9 8 9 5 3 2 9 9 7 7 4 3 7 9 9 9 4 4 5 5 1 0 6 6 2 1 2 6 8 4 2 7 6 0 0
460 1 9 4 7 2 0 5 8 5 5 0 4 2 1 1 1 6 5 8 7 6 9 1 0 7 8 3 7 6 9 9 0 1 8 8 7 2 8 3 2
468 0 3 9 5 6 0 5 8 1 7 0 5 7 2 9 0 4 7 7 4 4 4 4 5 6 1 5 0 8 1 9 9 1 3 9 2 0 2 2 6
500 5 0 5 7 8 1 4 5 9 8 6 2 1 5 7 2 6 3 9 5 7 3 1 1 8 8 4 5 8 4 7 9 4 0 2 5 2 3 7 4
10
266 3 5 2 2 2 4 7 3 3 1 9 4 9 2 9 6 5 7 9 4 5 6 0 6 0 0 4 4 6 4 1 3 4 7 3 6 2 8 1 2
320 2 5 1 5 6 4 1 1 1 9 2 2 6 1 5 7 9 2 7 8 8 2 5 8 0 7 9 5 1 5 1 2 0 5 9 5 4 4 3 7
330 5 2 4 1 7 4 6 1 6 1 6 6 0 4 9 7 3 1 9 0 9 7 4 6 8 5 3 7 2 7 4 3 1 4 1 3 9 7 7 3
386 4 4 5 4 2 3 4 9 1 3 4 3 1 6 9 2 3 2 3 4 5 5 4 9 1 2 6 5 9 8 2 5 4 5 1 5 8 0 4 5
424 1 0 9 7 2 7 3 7 5 7 5 8 0 8 5 9 3 0 2 6 5 7 1 9 8 5 1 5 0 2 5 4 9 9 1 0 4 0 0 8
426 9 5 8 3 3 0 1 0 8 1 5 8 9 8 8 6 7 1 6 1 0 3 0 3 2 9 8 5 6 0 7 1 6 6 1 8 6 5 8 9
442 6 6 2 4 8 6 5 3 1 4 6 5 9 7 3 7 3 3 1 1 4 1 5 5 4 7 6 5 3 2 5 2 3 4 1 4 4 9 2 2
480 7 1 8 3 4 1 7 5 6 1 0 0 9 9 7 5 9 2 0 0 3 4 3 8 1 7 8 7 4 1 1 2 5 5 6 6 1 0 6 3
482 9 4 7 4 5 5 7 4 1 1 4 8 3 5 8 2 0 9 4 0 9 8 7 2 8 0 1 6 0 8 9 1 0 5 6 8 3 8 8 1
484 9 4 3 8 5 7 6 2 9 0 3 4 0 9 9 8 1 2 7 8 4 8 6 3 2 4 4 5 3 4 3 2 5 5 7 4 3 1 4 3
8
366 5 6 2 2 0 5 5 0 6 9 2 7 7 2 6 9 2 0 1 1 8 7 1 4 1 3 0 7 1 3 1 6 6 8 2 5 2 7 8 6
382 5 2 9 2 2 9 1 7 7 1 1 1 4 0 5 2 9 8 2 2 1 0 2 3 6 3 8 9 2 1 4 3 8 2 3 2 8 6 9 6
406 0 6 6 8 7 8 8 0 0 3 4 2 9 0 3 5 5 4 5 7 9 6 0 1 9 6 6 0 7 8 1 2 3 9 4 6 3 4 4 5
420 9 3 6 3 2 3 5 0 4 5 1 1 7 2 3 2 7 8 9 4 6 8 1 6 9 2 4 7 2 2 5 6 4 0 7 0 8 1 5 5
444 1 6 6 9 7 1 4 2 5 3 6 8 6 5 0 9 0 0 8 9 4 6 9 7 4 0 0 8 7 4 2 4 0 8 6 8 9 4 1 6
456 0 7 4 4 6 0 9 7 5 4 9 7 4 5 4 6 7 6 8 5 5 3 3 6 0 7 6 2 7 5 7 0 9 9 8 5 7 9 0 8
492 8 1 4 6 7 3 6 9 3 4 5 1 7 1 9 4 0 6 0 8 3 8 3 6 4 4 5 3 8 2 8 7 2 0 7 3 5 6 4 7
496 9 9 5 4 0 2 7 2 4 4 5 2 1 4 3 0 8 5 8 1 4 1 1 7 9 5 3 4 0 2 6 9 9 1 9 8 6 6 5 0
6
342 3 7 0 0 0 7 4 0 7 9 6 2 4 7 6 0 7 7 5 5 0 1 8 1 9 7 8 4 3 9 8 1 0 0 2 9 8 0 7 3
358 1 2 5 6 1 3 8 6 3 1 3 3 7 7 0 4 7 9 3 3 4 5 4 2 6 5 1 6 2 4 5 0 6 7 0 0 8 9 3 6
372 4 3 0 5 2 5 9 8 2 5 4 6 9 2 5 2 8 3 1 3 8 8 8 4 0 6 2 4 2 4 8 0 4 6 7 7 9 6 6 2
446 3 3 8 0 8 4 3 1 8 6 4 2 0 5 4 5 7 4 0 1 7 8 9 7 5 1 5 9 5 8 3 6 0 9 2 9 6 3 7 4
456 2 2 7 2 8 0 8 0 9 8 5 1 7 5 7 3 3 6 8 3 7 7 4 6 7 9 8 2 8 3 0 3 1 2 2 4 2 1 7 9
496 2 8 5 7 3 0 1 9 7 7 5 5 3 4 2 2 8 5 8 8 9 6 5 5 4 2 6 2 5 6 8 7 9 9 2 3 5 4 4 5
10
258 8 0 0 0 0 4 4 1 6 4 5 2 2 0 6 4 2 6 2 3 4 1 1 2 8 5 6 4 0 3 0 0 3 9 1 5 4 7 1 1
260 2 0 2 6 0 4 0 5 5 3 4 8 3 6 9 1 0 3 8 2 6 4 5 7 6 3 5 5 9 7 8 9 7 3 0 8 8 5 7 1
350 8 0 3 2 8 1 3 4 3 1 6 1 0 1 9 1 2 2 4 2 6 3 7 2 0 5 7 7 2 9 4 1 8 3 6 9 4 5 6 1
370 2 4 1 7 6 0 3 5 2 7 8 2 5 8 5 6 9 7 8 4 2 5 7 9 9 9 6 8 9 9 7 5 2 6 9 8 7 3 5 3
378 0 3 5 0 8 3 9 8 1 4 6 4 7 3 4 2 0 4 1 8 0 3 5 9 4 4 0 3 3 9 2 0 5 6 6 6 4 5 1 2
380 5 6 6 8 0 4 2 2 2 1 8 9 8 7 3 2 1 5 6 5 3 6 0 9 7 5 5 8 8 8 7 2 9 4 8 7 2 4 3 3
384 4 7 1 7 5 2 8 1 4 4 6 3 3 4 3 8 9 4 3 5 1 8 4 2 9 1 7 5 9 7 3 9 1 4 3 1 2 8 5 7
424 3 7 8 5 3 8 0 4 0 6 1 4 2 6 0 5 6 9 2 1 7 3 0 1 5 9 2 4 4 4 3 0 3 6 4 8 7 8 6 5
460 4 1 7 6 0 2 5 8 6 6 5 0 9 8 6 1 5 5 3 9 6 0 3 6 3 0 8 5 5 4 1 0 4 4 7 1 3 4 9 1
646 8 8 7 4 4 5 6 7 5 9 1 7 1 0 7 0 4 2 5 7 2 3 9 7 0 2 7 0 9 4 6 1 5 1 5 4 4 0 0 3
9
318 0 9 0 3 3 8 3 8 3 5 4 2 2 5 4 9 5 8 2 2 7 6 6 6 3 8 8 2 0 8 7 6 1 4 9 8 0 3 1 0
354 8 1 0 9 8 0 1 3 2 0 9 5 2 1 0 7 1 8 7 5 2 7 1 8 3 6 8 4 8 8 4 7 5 5 3 4 3 3 0 4
392 2 6 3 9 0 9 2 7 0 6 4 9 9 8 2 2 7 3 2 5 8 4 2 1 3 7 7 3 1 8 2 7 5 9 2 9 5 8 2 7
400 5 6 9 9 1 2 0 1 0 1 4 8 6 6 7 1 8 4 4 0 1 5 4 3 6 9 3 6 3 4 4 7 2 1 8 6 2 5 6 7
432 5 1 7 7 5 7 0 5 9 3 3 1 5 1 7 4 2 5 9 9 7 0 6 3 6 2 3 9 0 8 5 6 7 9 0 7 8 2 4 4
434 2 7 9 2 1 0 2 8 2 8 9 7 5 7 1 2 1 5 9 2 4 8 5 0 2 1 5 7 2 7 5 7 4 4 9 4 3 7 8 7
438 0 9 5 9 4 2 8 7 5 0 1 0 5 7 9 8 1 0 3 3 5 0 1 0 2 5 3 9 2 5 7 9 4 3 5 3 9 8 2 7
450 0 0 5 6 8 2 7 8 9 4 6 4 9 3 3 8 1 6 1 6 9 6 6 3 6 1 8 1 0 3 6 9 2 2 2 8 8 1 6 0
568 5 7 9 6 3 1 2 7 9 8 1 4 4 0 7 9 1 0 6 2 7 7 8 5 0 6 6 1 9 9 4 5 8 8 9 1 8 7 4 7
6
226 7 0 1 1 2 4 2 2 3 2 8 7 1 4 0 9 4 1 1 2 3 8 9 3 6 2 1 2 5 0 3 1 7 2 9 6 5 8 6 1
268 1 0 2 6 1 8 9 5 1 0 7 4 9 8 8 9 9 2 2 1 4 5 1 6 0 7 8 3 2 3 5 5 6 4 7 5 2 4 5 8
364 1 6 0 9 6 4 2 1 9 5 6 4 2 5 3 3 6 4 7 8 7 4 5 9 0 7 6 0 0 0 5 7 6 1 1 5 6 5 0 4
380 4 6 5 2 6 1 2 0 1 7 4 6 8 8 3 3 1 1 8 9 9 5 3 6 6 3 3 5 5 5 5 0 2 1 1 5 7 9 0 9
404 2 8 4 3 1 0 2 0 9 9 5 6 7 4 5 0 9 8 1 9 7 2 7 2 8 3 7 1 8 2 8 6 2 2 7 5 9 6 5 9
488 9 5 3 6 2 6 2 1 8 9 7 0 8 4 6 5 6 6 3 7 7 3 1 4 5 9 8 3 2 8 7 0 4 2 4 4 7 3 0 2
6
326 1 5 0 0 2 9 1 8 7 9 5 0 5 3 4 1 8 1 9 1 0 7 4 2 1 2 1 1 7 6 0 4 8 4 8 3 8 6 6 1
336 6 0 2 5 2 0 7 8 1 2 0 1 1 5 4 7 9 4 8 0 8 1 9 4 3 3 6 6 4 5 2 4 2 3 9 0 6 9 6 2
406 6 0 7 0 6 8 6 1 9 3 0 9 6 3 4 0 1 5 7 1 6 5 2 5 1 7 8 0 4 3 5 8 9 7 3 0 8 9 0 6
416 5 0 2 1 2 4 6 9 4 8 4 2 5 0 8 2 2 1 7 9 4 5 6 9 1 8 6 1 8 2 6 5 3 8 3 6 8 3 8 0
418 1 3 1 6 7 8 9 7 4 7 1 2 5 7 2 3 1 4 6 0 6 0 6 2 9 9 2 8 0 2 2 9 8 5 7 1 4 7 6 2
484 2 4 8 7 2 1 9 3 5 8 8 7 4 5 6 8 0 7 2 6 8 0 8 6 3 0 5 5 8 7 0 2 6 8 0 5 1 4 3 7
3
286 3 4 3 3 2 1 6 2 7 0 8 1 6 4 6 3 2 6 2 6 4 2 7 2 8 2 2 5 9 2 3 9 5 9 7 7 5 8 1 0
286 0 2 4 3 6 2 3 4 1 3 7 1 1 4 7 9 7 9 7 1 7 1 6 6 5 6 8 8 2 0 2 5 9 9 6 9 6 3 7 9
578 7 7 9 6 8 8 1 9 2 3 3 5 2 6 1 9 7 0 0 4 1 8 5 7 6 3 6 7 3 8 7 5 3 8 7 1 7 3 7 5
5
328 1 4 5 2 7 3 2 8 5 2 5 0 2 7 9 3 7 6 3 7 1 6 7 8 6 4 1 2 3 4 0 0 2 5 8 9 8 6 2 5
346 0 7 4 9 6 0 1 1 9 1 3 7 6 7 7 5 2 4 1 7 3 4 3 1 3 1 7 6 3 0 1 5 2 3 0 2 4 1 8 6
400 6 4 0 6 5 7 7 4 5 3 6 3 6 2 2 3 9 6 9 3 3 2 7 9 3 2 0 2 9 6 2 2 1 4 7 4 7 1 5 7
418 2 6 6 9 5 9 7 0 4 5 9 1 3 5 6 7 0 7 4 9 2 7 2 2 8 7 6 9 0 5 7 4 9 8 1 8 4 8 9 9
472 6 8 7 2 5 3 4 9 0 0 7 1 3 2 8 1 0 9 0 6 0 3 5 2 7 4 2 3 5 2 1 2 6 0 2 7 1 7 7 2
5
378 3 2 7 2 1 6 1 5 4 8 8 7 3 1 1 2 4 3 3 5 9 3 0 5 8 7 1 0 0 6 4 1 0 2 4 2 0 5 9 9
458 5 5 6 2 3 7 4 6 9 4 7 8 8 1 1 0 5 8 3 8 5 5 1 5 2 9 4 3 1 6 1 5 8 1 8 4 5 0 1 5
468 5 3 9 1 7 7 5 2 4 6 1 8 5 0 1 8 2 8 6 5 6 1 2 0 8 4 9 4 9 3 1 0 8 1 3 8 5 9 8 6
476 5 3 3 9 9 1 3 2 7 6 4 0 6 1 2 0 9 4 8 6 1 7 9 4 7 0 0 8 4 0 1 5 0 2 6 4 0 3 3 9
536 7 7 9 6 9 1 2 0 3 3 9 9 1 8 2 5 0 1 9 8 9 2 7 1 8 4 1 9 3 5 9 6 1 9 8 7 5 9 3 0
5
242 4 7 2 3 6 9 0 1 0 0 0 4 1 3 2 3 8 2 5 9 3 6 1 0 7 0 7 8 1 2 4 0 8 7 9 9 6 7 0 9
338 6 2 0 1 8 4 1 6 0 5 7 2 4 1 5 6 4 5 1 1 6 6 8 7 8 7 9 5 6 0 7 2 2 8 9 4 7 5 1 9
352 1 1 6 0 5 1 1 3 2 9 7 0 1 1 1 8 9 6 3 2 9 9 8 9 8 9 7 0 4 5 2 4 9 5 4 8 9 3 5 2
354 4 4 3 4 3 8 7 1 0 4 2 4 2 3 5 4 3 5 2 6 9 1 7 8 1 7 9 0 7 5 5 2 9 4 7 5 4 8 8 1
516 5 7 8 9 8 8 6 0 7 1 0 0 6 2 5 3 8 0 8 0 6 0 4 5 0 5 3 9 7 2 4 2 4 6 8 3 1 4 1 0
3
412 1 7 8 8 7 2 1 0 6 5 5 1 2 3 6 0 7 4 0 7 7 9 7 1 6 7 8 9 6 5 2 1 9 8 7 7 2 0 1 3
426 3 1 5 1 8 2 6 6 6 8 0 8 7 5 2 5 7 9 1 9 6 8 0 4 1 7 3 9 6 0 4 0 3 5 9 2 2 3 2 3
604 9 0 8 7 1 9 8 8 8 5 8 5 2 5 2 6 0 9 5 2 0 3 2 1 9 4 8 3 5 6 5 2 7 8 7 8 2 0 3 4
9
288 1 1 4 0 3 0 9 0 5 3 5 1 1 9 9 3 5 1 4 2 5 5 6 8 6 5 4 6 0 9 2 5 1 1 3 9 1 5 1 4
314 3 8 3 1 0 1 3 3 3 6 2 6 6 3 8 5 9 3 6 5 8 2 2 4 2 0 1 6 6 2 5 9 7 7 2 3 6 4 0 7
316 4 0 1 8 1 4 1 4 8 4 8 2 5 4 8 3 1 9 9 0 6 7 2 9 3 4 9 4 0 8 6 7 9 6 4 1 1 2 5 1
354 0 4 6 3 1 0 4 4 5 6 1 4 6 9 0 6 4 4 7 3 4 3 2 8 2 5 2 4 0 4 2 8 3 1 6 0 4 7 2 0
396 2 4 4 5 9 2 3 2 3 8 9 6 6 7 5 8 3 1 2 0 5 6 3 9 4 8 5 8 2 7 4 6 7 0 9 4 0 3 3 2
426 3 3 2 6 7 4 4 7 7 5 3 2 0 1 9 7 0 4 9 2 4 6 1 0 5 7 8 0 8 2 9 4 8 7 4 7 3 4 0 6
490 7 6 0 7 9 2 1 5 2 7 9 6 1 9 7 2 9 9 7 8 2 3 4 5 3 9 4 3 2 2 5 1 9 5 8 3 2 1 0 5
574 6 6 7 8 3 3 7 7 0 8 8 9 1 1 0 0 3 9 0 0 7 4 4 3 1 9 3 5 3 7 0 0 8 9 6 9 4 0 2 4
648 9 9 9 3 8 7 5 2 9 5 5 0 3 8 3 6 1 7 5 3 7 3 7 3 6 0 3 1 7 8 8 7 8 9 8 6 8 5 7 0
8
366 0 7 4 3 8 9 2 2 4 9 9 2 3 5 3 6 1 4 3 8 7 3 1 6 8 0 6 3 1 3 1 2 3 2 1 3 8 1 8 5
388 5 0 7 7 2 3 6 0 0 7 1 0 0 6 7 3 3 0 9 8 8 6 3 0 4 2 2 0 5 5 5 9 7 0 1 0 4 1 1 2
418 3 6 7 8 3 0 8 2 7 0 7 5 2 7 1 1 2 6 1 1 7 0 9 0 0 5 2 4 7 8 9 2 7 9 3 0 9 7 1 3
418 6 5 3 7 8 6 0 3 1 7 1 0 0 6 7 3 7 1 2 9 4 9 9 5 9 1 0 2 5 7 2 6 0 1 5 5 3 5 4 4
450 1 8 8 9 3 1 6 2 7 3 0 7 5 0 3 4 5 1 8 7 2 2 6 1 8 6 4 8 0 1 6 4 7 8 5 3 5 8 0 1
474 3 8 7 5 6 5 0 4 9 5 4 0 8 1 2 2 6 7 5 4 7 9 8 3 0 6 1 6 7 3 7 3 7 6 3 4 9 8 4 9
480 4 4 9 0 9 3 2 7 8 5 9 9 1 9 2 3 3 8 3 8 4 0 7 3 5 9 1 7 7 8 2 6 3 0 3 6 6 2 6 1
552 5 8 9 8 2 4 1 9 8 6 4 7 2 5 7 4 9 0 5 4 1 1 4 8 6 9 0 8 8 9 8 1 6 2 3 9 0 1 1 7
8
294 0 9 4 0 3 8 9 5 1 2 2 5 4 6 1 1 3 2 2 0 6 5 1 2 3 0 1 5 0 2 5 8 5 1 2 0 2 3 1 5
348 0 2 5 7 4 1 6 3 8 0 0 6 1 6 2 4 0 7 8 4 7 4 9 1 8 4 1 1 0 1 3 7 1 0 0 4 0 2 9 4
382 7 5 2 1 4 4 7 9 0 0 7 1 0 0 7 4 6 7 4 4 1 1 0 0 4 8 7 5 0 7 8 5 6 0 6 8 4 8 2 3
402 3 2 0 7 7 8 5 2 4 8 4 9 6 4 2 3 1 8 3 5 5 6 8 7 9 3 6 6 0 8 5 9 3 1 9 1 9 5 2 1
446 2 6 5 5 8 3 7 2 9 5 0 6 2 6 3 6 9 6 7 4 3 4 1 1 1 0 6 9 6 9 7 1 8 3 4 7 4 3 4 8
446 5 5 5 7 1 2 5 8 3 5 6 4 5 0 0 0 9 1 6 6 8 9 0 9 2 1 1 1 1 7 0 0 0 8 3 4 7 0 9 3
474 9 1 6 4 7 8 2 0 8 5 8 7 7 5 7 9 5 6 2 3 4 2 4 4 1 9 8 2 0 1 1 2 1 1 2 7 5 1 7 4
544 8 4 9 8 3 1 4 7 5 1 4 7 1 3 3 1 2 0 9 6 6 4 9 0 0 2 9 0 7 1 3 8 3 5 2 5 4 7 6 1
10
236 2 2 0 3 0 6 7 2 0 3 4 0 0 7 3 5 8 7 8 8 6 4 4 7 4 6 9 6 9 6 7 2 7 3 9 9 8 3 8 7
328 1 1 4 6 1 8 2 8 7 1 6 2 9 7 0 5 2 0 2 0 0 0 4 4 7 1 3 9 9 2 7 6 4 4 9 6 5 0 9 4
362 0 5 9 0 8 8 0 0 2 8 7 6 8 6 3 0 1 7 1 6 8 1 8 4 8 6 5 1 5 6 5 4 5 1 9 4 7 6 6 7
366 0 2 3 6 3 5 9 7 6 4 2 5 5 1 4 0 3 5 7 4 3 5 8 2 0 6 0 7 7 7 4 4 1 9 5 2 5 3 9 4
372 1 6 2 9 4 9 0 3 7 7 2 3 9 7 6 3 7 0 1 4 6 6 2 4 8 4 0 0 3 9 7 9 3 1 0 9 3 8 2 4
382 1 7 3 6 2 8 6 1 6 8 2 4 8 3 3 6 7 0 6 0 6 3 6 0 7 7 4 8 7 8 9 7 7 3 8 0 2 3 8 6
398 5 3 9 5 2 3 2 6 6 1 0 0 0 0 3 5 6 2 5 5 2 3 8 9 4 7 6 8 7 5 8 7 4 8 0 4 8 4 8 6
416 0 8 9 4 0 6 3 3 9 6 0 0 8 0 0 1 7 6 4 2 3 8 7 1 7 1 1 5 2 8 3 2 7 7 0 7 2 0 1 2
456 8 4 4 3 4 7 9 2 4 2 6 1 2 6 3 2 8 0 0 4 4 4 2 2 7 2 5 0 9 9 9 2 2 8 2 2 6 4 5 9
666 7 7 9 8 6 6 9 6 1 8 6 1 3 0 8 8 4 8 1 4 4 7 0 8 1 0 2 7 0 2 6 1 6 0 0 8 5 8 4 0
8
256 4 2 1 0 1 2 0 5 8 3 9 2 3 2 2 1 3 6 1 4 3 7 1 5 6 3 7 8 2 8 2 0 1 9 1 1 9 6 1 4
282 7 5 2 1 0 2 0 2 1 5 6 1 6 9 5 1 3 8 7 6 2 2 4 6 0 0 1 7 0 3 7 3 3 9 4 4 2 3 2 4
328 0 6 0 6 2 0 5 6 4 6 7 0 7 4 2 2 5 5 3 4 3 7 9 7 3 9 9 4 6 2 7 6 5 3 5 1 9 9 4 2
412 3 0 0 1 8 2 6 9 8 7 5 4 2 2 8 4 5 5 1 8 1 7 5 0 4 1 1 6 7 0 8 5 6 5 0 3 8 9 2 2
418 2 3 0 6 3 0 9 6 8 7 3 8 6 6 0 6 2 7 3 6 7 7 3 5 9 9 8 1 7 5 3 7 2 9 4 2 2 2 2 6
432 4 6 3 9 1 2 8 0 1 9 7 7 4 5 3 7 2 8 6 7 6 4 4 1 1 6 0 9 7 0 6 2 7 9 1 2 1 5 6 5
456 5 5 9 1 7 9 6 5 0 1 3 3 5 8 9 8 7 3 8 3 0 4 9 7 5 0 3 8 1 2 8 0 4 7 9 7 1 2 4 8
482 8 1 1 1 5 2 8 9 8 7 0 7 3 5 7 2 5 4 7 4 8 0 0 9 9 8 2 2 8 5 6 8 5 2 5 4 1 7 9 5
5
242 1 1 5 2 5 3 5 0 3 1 5 9 4 0 4 2 3 1 8 2 7 8 2 0 8 1 8 0 5 8 5 3 6 1 5 1 7 8 0 6
408 1 9 4 9 3 0 3 7 3 1 3 7 5 0 8 1 4 3 5 2 5 2 1 0 2 9 1 2 1 9 0 8 2 6 1 0 0 9 8 0
442 9 8 3 5 3 2 1 2 8 0 7 4 0 5 4 8 8 8 1 3 0 6 6 3 6 8 2 0 3 5 1 3 4 3 2 5 3 4 6 4
486 6 1 8 6 3 1 4 1 1 9 6 4 8 6 9 2 4 9 2 5 3 4 4 9 8 2 9 2 4 2 8 5 8 4 1 2 9 4 6 8
558 7 9 7 7 5 5 8 4 5 2 8 2 4 8 1 5 0 5 4 4 3 7 9 9 8 7 3 8 9 8 2 7 5 0 3 6 2 3 3 0
6
252 0 8 0 5 0 0 7 4 1 3 3 3 3 7 2 6 2 4 1 6 9 6 4 8 5 2 7 9 2 6 9 5 6 4 7 9 1 2 4 4
388 9 0 1 8 1 0 8 0 2 3 2 7 9 7 6 1 3 8 6 7 7 7 3 1 7 9 5 4 0 0 2 9 7 0 5 4 0 6 6 6
444 7 4 2 2 6 7 5 8 7 1 2 1 6 2 8 2 5 2 1 3 9 8 0 4 1 7 5 8 3 5 0 6 6 7 6 2 2 8 0 0
482 2 4 2 3 7 1 9 9 7 8 7 5 1 3 7 0 5 4 4 8 8 5 8 8 9 1 8 7 2 3 4 2 9 1 0 8 5 4 8 7
546 4 6 8 9 9 3 5 7 6 0 4 5 2 8 0 1 0 8 6 4 8 4 1 7 4 2 0 4 9 2 8 6 5 9 9 7 9 4 1 0
624 9 2 8 9 6 6 2 6 3 8 3 7 5 6 5 6 9 5 6 5 1 4 1 2 1 8 7 4 2 8 8 2 4 3 4 3 2 5 9 3
9
300 3 1 6 3 8 1 3 0 3 2 5 3 1 3 1 8 1 0 4 7 6 5 1 9 0 5 7 9 9 2 7 7 6 4 3 2 7 5 8 9
320 4 2 5 4 0 3 0 6 5 4 1 5 2 4 8 5 2 9 5 8 6 3 6 8 3 6 5 2 5 4 4 4 1 1 8 6 5 8 2 3
334 1 2 0 4 2 9 6 4 6 7 7 5 9 1 1 9 6 3 9 1 4 7 7 0 7 2 6 2 4 3 6 1 7 0 4 8 6 9 6 0
370 0 9 7 6 3 3 4 1 2 6 5 3 5 4 4 6 3 2 2 4 5 6 2 2 6 1 6 4 4 1 7 2 4 6 2 0 4 1 9 2
414 2 2 9 7 0 0 4 6 9 1 1 4 7 9 0 1 7 6 5 9 2 1 7 4 3 5 8 2 9 2 5 8 6 9 7 1 9 3 2 0
448 8 7 0 8 3 3 3 7 0 4 6 5 7 3 4 9 7 2 5 2 3 8 5 3 4 1 8 2 3 0 6 8 8 3 7 7 6 8 1 8
472 7 2 8 9 4 6 8 2 0 0 0 9 3 7 4 0 7 1 4 4 6 7 4 1 2 9 2 1 3 7 1 2 5 1 7 4 9 3 2 2
530 4 8 9 4 5 9 3 5 4 8 1 3 1 6 2 5 6 1 9 0 6 5 0 0 8 2 1 3 5 5 0 8 9 6 0 6 2 1 9 5
574 9 0 8 3 8 9 6 6 0 9 3 2 0 4 8 4 1 7 6 0 9 2 7 1 4 6 6 6 9 1 3 1 0 2 9 2 8 2 3 9
9
322 0 8 1 6 3 5 6 4 0 6 7 6 1 9 2 1 3 5 8 1 6 8 3 3 1 8 1 7 6 2 1 9 4 1 1 3 5 1 5 8
400 6 7 0 4 0 8 0 3 9 7 0 4 6 1 5 0 4 1 5 3 2 3 3 6 9 4 6 0 4 2 5 5 1 1 8 4 6 3 5 2
430 2 8 2 9 6 6 8 9 6 1 1 5 8 9 8 6 9 2 7 6 7 9 2 0 7 1 7 5 3 1 7 0 8 0 1 6 4 8 9 1
444 8 2 7 7 1 2 9 0 0 5 2 2 6 2 3 6 8 4 1 5 0 8 7 2 1 4 5 0 0 9 3 9 9 1 0 3 7 6 1 8
446 7 3 7 0 5 2 5 9 2 1 8 3 0 6 5 3 3 4 7 4 1 9 4 8 4 5 5 9 7 5 0 0 6 2 1 6 5 0 5 6
446 6 0 1 7 5 8 9 4 8 7 8 3 1 0 9 8 3 2 4 2 8 6 4 5 6 8 2 1 9 0 8 0 0 7 2 2 3 9 2 8
456 7 1 6 6 2 1 4 9 9 0 7 1 3 8 1 3 8 7 7 3 1 8 1 5 3 9 5 5 3 5 5 1 5 6 0 9 0 4 8 2
462 4 7 3 6 9 9 0 8 6 5 4 7 5 0 5 9 3 5 8 2 0 9 0 1 7 3 3 2 1 6 7 6 9 2 4 0 3 4 6 3
520 7 9 8 3 9 9 8 2 5 1 9 2 0 4 2 7 5 7 3 3 0 3 3 0 7 0 6 0 4 9 8 2 7 7 6 2 7 0 8 3
4
222 0 3 0 3 5 7 3 4 6 0 3 7 6 6 4 0 3 9 8 8 5 8 2 0 0 1 2 8 3 6 7 1 8 5 8 5 9 6 7 7
374 4 0 5 3 9 4 0 3 4 6 1 2 7 9 8 1 0 2 2 0 0 7 8 4 9 0 5 1 9 0 8 8 1 6 5 0 3 4 8 0
506 7 1 9 1 4 0 8 6 2 5 2 1 3 9 1 1 2 3 5 4 3 8 4 3 2 3 3 0 5 4 0 5 5 4 3 0 4 7 5 2
650 9 1 6 5 7 9 5 9 8 9 9 7 3 4 8 6 8 0 9 3 6 4 3 0 7 6 6 3 8 3 9 0 8 4 4 3 7 0 2 2
8
332 0 7 5 5 3 4 6 2 4 4 4 2 1 0 6 9 8 4 1 8 0 7 4 3 0 4 1 8 9 1 1 8 4 1 5 0 6 2 1 9
340 2 5 8 0 2 3 0 8 6 3 6 7 1 7 7 9 8 6 4 1 6 6 0 0 9 2 6 3 0 5 4 3 6 8 6 1 9 3 5 2
390 9 6 2 8 3 5 0 0 4 3 2 1 9 3 0 9 4 0 5 0 1 3 6 3 5 8 6 2 1 6 7 5 2 3 4 8 6 5 1 1
396 4 6 3 1 8 1 2 0 6 6 7 3 4 8 8 6 7 3 8 2 3 1 5 2 5 3 0 1 5 1 9 4 6 1 0 2 0 6 7 3
480 5 9 2 9 0 3 6 8 3 8 0 6 7 6 5 7 5 2 2 3 7 8 5 4 0 0 7 2 3 2 3 2 9 1 4 9 6 6 7 5
482 3 5 5 0 7 3 9 4 7 6 9 7 2 8 6 9 8 1 3 0 4 0 0 1 7 2 3 4 4 6 9 9 1 8 3 7 9 9 3 6
518 1 2 7 5 9 5 8 8 8 5 4 4 6 8 3 2 7 3 5 3 5 1 3 6 3 0 8 6 7 5 5 6 4 6 6 9 3 5 8 6
576 9 7 2 8 8 2 9 5 9 4 1 5 2 9 3 7 1 3 0 6 6 6 0 1 2 3 4 2 1 1 9 6 9 6 2 7 5 5 4 4
9
362 6 7 0 2 3 4 7 5 3 3 3 7 9 6 7 4 3 8 7 6 7 5 2 7 7 6 2 1 0 3 4 0 2 5 8 4 2 3 2 6
364 0 1 9 0 8 1 8 1 3 6 9 5 3 0 3 0 5 9 1 4 5 0 0 9 9 7 5 1 0 7 6 4 7 8 1 5 3 3 1 7
390 0 9 9 0 5 3 0 1 9 4 1 0 4 4 1 0 7 8 9 0 2 6 0 2 5 9 1 0 0 3 9 8 9 7 7 0 4 2 3 5
402 0 6 8 4 0 2 4 9 4 2 9 6 8 5 3 9 5 0 9 4 0 1 0 2 6 7 1 9 9 3 3 9 3 2 8 0 3 2 4 8
428 2 3 8 0 6 7 2 7 3 6 0 3 5 8 1 0 9 6 0 8 3 2 1 3 6 9 3 9 9 2 2 4 1 5 8 9 8 3 4 2
456 1 8 6 6 4 1 5 7 7 6 2 4 8 9 4 9 1 3 5 3 3 8 5 6 4 3 6 7 2 7 1 6 3 3 3 1 4 1 5 8
482 8 2 0 2 9 0 8 5 4 9 4 9 4 4 0 8 3 1 1 0 4 6 1 1 3 5 4 1 4 6 8 7 4 3 2 7 4 7 9 1
486 7 5 3 9 2 2 7 2 8 4 7 5 2 2 9 2 0 4 5 4 4 9 0 7 2 5 4 8 6 0 6 6 8 0 9 0 8 6 9 9
548 7 4 6 7 5 8 4 7 0 7 9 7 4 2 9 5 4 1 9 0 5 5 1 8 3 6 3 9 4 2 0 1 8 8 1 0 8 9 6 8
10
286 2 7 0 2 2 7 0 4 6 6 0 5 7 4 7 8 1 4 9 2 6 7 8 9 5 3 5 0 2 0 2 2 3 1 2 4 3 3 6 9
344 2 4 9 0 3 0 6 2 1 2 3 6 6 0 3 6 8 4 0 9 7 8 6 7 7 3 2 5 6 6 7 8 9 0 1 3 6 4 6 4
352 1 6 4 8 4 9 0 8 9 1 5 9 1 2 9 6 8 9 0 0 9 9 8 7 6 7 3 8 2 9 7 1 7 8 1 9 1 8 5 8
354 2 9 2 9 0 6 6 4 2 3 2 1 7 5 3 9 1 3 8 4 3 9 3 3 9 2 2 2 2 7 1 9 8 0 7 0 1 9 0 7
396 7 2 4 1 4 8 1 0 7 6 9 4 8 8 2 3 7 5 6 8 9 1 9 5 6 8 7 8 2 1 5 3 1 4 6 0 6 7 1 8
474 9 1 0 3 6 4 5 8 2 9 6 0 2 4 9 6 9 8 2 5 6 1 8 8 8 4 6 7 3 9 9 0 4 2 6 0 2 2 0 6
484 7 1 6 9 5 0 4 6 3 2 0 6 6 5 3 7 1 2 6 5 0 4 7 8 2 7 3 1 5 8 0 4 0 6 8 7 9 2 9 9
528 8 9 4 6 4 6 4 9 9 2 8 2 5 7 9 0 6 2 3 2 8 3 9 7 3 3 4 8 4 9 8 6 5 9 3 3 6 2 8 5
552 8 5 0 8 4 2 8 5 4 9 3 6 9 0 5 0 1 2 3 4 6 1 9 5 0 4 1 4 3 5 4 1 4 1 0 7 5 6 1 5
614 7 7 7 9 9 3 8 4 8 3 4 6 1 5 6 9 6 9 1 9 3 7 2 4 5 2 9 6 8 4 3 4 5 7 6 8 6 3 6 9
9
360 5 7 2 2 7 6 0 5 0 3 8 0 5 1 8 2 0 4 3 1 5 7 1 9 3 8 3 4 4 1 8 9 6 6 7 4 4 5 7 2
362 4 1 6 3 7 8 0 1 7 3 5 5 5 0 6 3 4 9 7 8 0 4 7 3 3 2 1 8 9 7 1 9 7 7 5 6 3 1 1 0
414 4 2 8 0 2 6 4 6 1 9 4 8 7 9 1 6 4 5 5 1 5 7 7 4 1 2 9 4 0 8 2 1 7 1 1 5 7 4 6 0
430 7 0 2 6 9 8 3 8 1 5 7 2 9 4 3 0 0 7 7 5 0 5 5 7 1 6 1 0 0 1 8 4 5 8 5 6 3 4 2 1
432 6 8 3 7 2 0 6 1 2 3 5 9 6 6 6 9 8 6 9 7 4 9 2 9 9 4 7 0 6 9 2 7 4 9 5 1 7 0 6 9
434 1 3 2 8 9 8 3 6 8 6 1 3 1 7 9 7 9 9 5 8 6 1 7 9 2 6 5 1 9 1 1 3 8 7 2 5 0 9 5 6
448 8 7 5 3 0 1 8 3 2 3 0 7 1 3 6 0 2 5 1 8 3 8 1 3 9 4 1 4 7 0 7 0 3 8 7 7 3 8 6 9
556 9 8 4 9 4 5 6 4 7 4 6 9 8 8 2 6 0 5 4 2 5 7 2 6 2 1 2 4 5 0 6 2 0 2 0 0 9 6 0 8
588 5 5 6 9 9 1 4 6 6 8 7 8 7 7 6 9 3 9 4 7 3 9 7 5 8 1 6 0 5 3 2 4 7 3 6 0 5 7 6 5
5
384 3 3 5 6 6 8 5 2 3 2 5 3 3 2 2 2 2 7 3 8 7 6 8 4 3 6 7 1 8 5 4 1 9 1 6 7 1 1 4 9
442 5 5 2 6 9 3 4 6 1 5 8 0 4 3 2 6 7 6 4 0 5 1 8 5 7 1 3 4 2 1 9 8 4 8 0 0 7 3 3 2
480 2 8 6 2 3 4 4 6 9 7 3 3 2 7 7 6 6 6 3 0 9 0 3 7 5 0 1 8 6 5 1 6 4 6 6 6 8 4 9 4
482 2 9 8 7 8 6 7 2 3 1 6 4 7 0 4 6 6 0 3 9 2 2 9 5 1 6 7 4 4 3 0 8 1 6 6 8 2 6 4 3
572 8 6 7 4 3 6 4 6 8 6 0 0 0 0 2 4 8 8 6 3 8 8 7 9 5 9 6 2 3 2 7 5 2 9 1 8 9 5 7 3
2
282 0 1 4 1 2 8 2 7 8 4 9 7 5 9 9 7 5 8 5 1 1 5 9 9 7 6 8 3 8 3 7 7 9 0 6 0 0 5 8 7
476 4 2 8 6 0 4 8 4 2 6 0 7 7 5 8 6 4 5 4 0 6 6 7 7 7 4 3 7 9 3 0 9 0 1 9 7 4 1 4 2
2
468 7 2 4 4 8 0 7 3 3 5 9 5 1 6 2 9 4 7 4 9 9 2 7 6 9 4 3 2 3 4 7 3 3 7 5 4 6 1 6 3
522 8 1 7 1 9 1 5 2 2 8 3 7 0 4 3 2 5 7 1 1 8 0 3 7 9 4 3 4 8 6 8 5 2 4 2 9 8 1 0 4
3
340 2 8 5 8 1 4 1 1 2 6 4 3 1 4 9 6 8 6 6 0 7 6 2 2 4 3 6 9 7 4 6 8 1 0 2 3 9 2 6 9
402 2 7 1 6 4 1 4 6 1 8 7 2 4 0 6 5 7 7 1 5 9 8 1 3 2 7 7 8 7 6 2 3 6 3 3 0 8 4 3 7
438 6 5 3 2 6 1 6 1 1 8 3 0 9 9 2 8 4 9 5 7 6 6 7 8 9 9 5 8 7 2 7 1 7 3 6 2 4 6 6 7
1
628 6 4 5 9 5 6 8 9 8 7 3 1 9 5 2 1 3 6 3 0 5 9 8 2 7 7 1 5 8 0 7 5 1 7 8 9 9 4 6 8
3
424 8 4 1 1 6 1 7 0 5 6 3 1 9 2 8 2 6 1 0 9 3 8 0 1 0 0 1 4 5 9 4 4 6 6 1 6 7 3 1 5
428 9 8 5 4 2 1 5 1 0 2 1 4 9 2 9 7 6 7 1 9 6 4 7 8 8 9 8 9 3 3 0 8 8 6 6 1 4 3 4 5
510 1 3 8 2 6 5 8 3 9 9 9 7 2 8 2 3 5 8 0 8 9 8 3 6 6 3 6 5 4 9 0 6 9 0 2 5 2 8 9 8
10
328 3 5 3 2 2 7 1 8 7 4 4 0 8 8 0 0 1 7 8 1 6 8 9 1 6 7 4 4 4 0 4 5 6 3 7 0 1 9 8 2
376 3 0 0 8 2 3 9 1 4 8 0 2 4 8 0 4 8 3 3 8 4 9 6 5 2 5 5 8 9 9 8 5 6 4 1 4 4 2 5 3
384 2 5 0 5 1 7 8 7 6 8 4 5 5 8 5 8 4 3 1 7 4 8 9 2 5 1 7 0 0 7 2 8 4 8 3 5 2 7 7 8
434 6 6 3 3 2 0 7 9 6 2 0 3 5 8 3 1 8 7 6 1 7 2 9 6 5 7 9 2 7 1 1 1 2 6 0 5 1 4 4 1
438 5 3 5 0 5 9 7 7 2 7 2 7 4 0 7 0 3 5 9 1 6 6 4 8 4 9 5 6 3 4 7 5 6 9 1 6 6 4 0 3
448 8 0 6 1 3 5 8 5 7 2 5 5 0 2 7 9 2 2 4 3 3 2 2 9 0 8 8 7 4 2 2 4 9 0 3 0 8 2 4 0
484 4 8 5 6 4 5 5 3 1 9 5 2 7 7 4 4 6 8 6 2 1 2 4 5 1 7 4 2 4 8 6 8 2 5 0 8 7 8 0 1
502 8 2 9 0 2 8 6 2 1 8 9 5 5 6 4 1 3 0 9 1 2 3 3 8 8 7 5 4 9 2 3 5 2 7 2 5 7 9 3 7
546 9 9 3 5 8 2 8 5 3 2 2 4 4 8 3 8 9 6 0 1 9 4 4 3 3 4 2 0 9 1 4 4 8 9 3 0 4 1 9 7
588 7 8 8 5 6 9 5 5 3 8 0 1 4 7 1 7 7 1 5 8 2 4 2 8 9 7 4 1 0 3 4 4 9 2 5 3 2 9 6 3
2
258 3 4 4 8 1 5 2 1 2 1 9 6 7 3 3 8 2 1 1 9 1 3 3 5 3 5 3 8 6 5 3 3 9 5 5 7 0 0 6 6
524 7 4 9 7 3 4 3 4 5 5 5 7 4 2 0 0 1 4 3 2 3 4 8 9 9 3 4 4 3 2 9 7 5 1 4 3 8 4 3 6
6
332 2 3 2 3 8 6 1 5 1 5 2 0 4 6 3 6 6 6 1 9 0 6 5 0 5 7 4 1 3 7 4 5 6 1 6 0 4 6 6 9
446 1 9 9 3 9 2 4 1 7 3 2 8 0 8 7 3 5 3 1 8 5 1 6 2 2 4 9 8 5 5 7 9 0 4 1 6 6 7 4 3
458 6 5 6 3 2 2 4 4 8 4 7 8 3 7 7 0 2 4 6 3 4 3 6 0 5 0 4 7 8 0 2 6 1 2 2 4 0 8 4 4
514 9 3 0 7 9 5 8 5 9 1 3 1 4 7 0 1 7 4 7 3 7 1 8 5 4 4 6 0 3 6 2 5 2 4 9 6 0 9 5 4
532 3 7 6 7 9 1 9 9 4 4 5 0 7 9 7 7 3 7 1 0 2 0 4 1 6 0 7 4 0 0 0 3 7 5 9 8 1 9 9 8
548 5 6 9 4 2 7 7 8 8 2 6 4 9 3 5 8 3 0 7 4 3 2 7 7 3 3 9 2 9 9 4 9 2 1 4 1 1 8 3 0
9
202 1 3 1 0 1 3 3 3 8 3 6 9 4 5 4 1 6 7 2 3 4 7 5 1 6 0 6 5 4 5 4 8 6 7 1 3 0 2 1 3
374 3 8 0 9 9 5 0 3 4 4 2 7 4 8 5 9 2 3 8 6 8 2 3 6 5 9 6 1 4 3 6 8 3 5 7 5 8 0 9 9
390 8 0 0 7 3 8 6 4 7 5 3 4 8 0 2 3 9 6 6 9 2 5 4 5 1 9 4 9 1 0 4 9 1 8 4 8 3 2 0 4
414 1 4 9 7 5 4 6 0 7 2 3 4 8 2 4 3 5 5 9 4 6 2 1 0 9 4 0 4 5 3 6 0 2 7 8 9 8 3 1 8
432 0 4 8 0 9 6 2 5 6 8 9 5 2 8 7 8 3 4 5 2 0 2 6 3 4 6 7 4 2 3 7 8 5 2 6 3 1 6 8 4
442 9 8 0 6 6 4 5 2 1 4 4 7 9 9 7 8 9 0 5 5 5 7 9 1 1 3 9 8 0 3 3 9 2 8 1 0 3 2 6 1
446 2 1 7 0 5 3 9 2 9 8 7 2 1 8 1 8 9 3 9 6 0 4 3 9 7 4 4 7 5 6 0 8 6 4 9 7 6 2 2 4
552 4 4 7 9 8 8 8 9 2 3 6 1 7 7 1 0 5 2 3 4 8 3 0 4 4 8 8 1 7 5 7 9 6 3 6 5 3 2 9 7
600 9 3 6 3 4 2 3 8 9 8 7 7 8 6 6 1 6 2 4 2 8 4 7 1 8 2 9 9 3 8 6 2 7 2 6 3 9 9 8 1
7
292 6 2 1 5 3 4 2 3 3 3 6 5 8 6 1 5 9 9 9 5 3 9 0 1 0 0 5 1 1 0 9 8 2 9 2 8 4 2 9 2
360 1 3 7 9 0 6 2 4 3 6 3 7 9 3 5 2 0 5 2 1 2 7 1 4 8 3 7 5 5 8 5 6 8 0 7 1 0 2 3 0
384 4 1 9 9 5 6 5 2 1 1 6 8 9 6 1 5 8 4 2 2 5 4 2 8 1 2 2 8 8 9 6 5 7 5 5 5 6 6 9 1
424 8 8 2 8 6 0 4 0 7 1 6 5 9 7 3 2 2 4 6 6 8 4 3 0 2 4 3 6 2 1 5 0 8 3 7 4 0 5 0 9
434 7 4 7 2 2 9 0 5 1 5 6 8 6 5 5 2 0 0 6 8 8 6 2 1 7 7 7 2 3 9 5 9 2 3 4 9 7 4 5 9
446 1 3 6 5 4 3 3 5 9 7 5 1 7 3 9 5 5 9 5 3 7 3 0 2 7 9 9 4 1 4 6 6 3 8 9 9 9 9 5 4
494 5 0 6 1 9 2 8 8 8 3 8 0 8 6 4 9 3 1 8 0 5 7 3 5 1 2 6 0 7 7 7 3 5 0 3 6 2 2 5 7
8
326 1 6 4 0 0 9 7 3 2 6 9 4 0 7 2 6 6 5 7 6 5 2 5 0 9 7 5 7 9 2 4 6 7 9 9 2 6 3 4 3
334 0 6 3 6 8 8 6 0 9 1 0 3 9 2 2 1 8 0 8 6 8 5 0 4 8 2 3 3 9 4 7 6 3 6 7 4 8 5 7 4
338 4 5 8 2 5 8 3 1 1 1 9 9 0 8 4 2 2 2 3 0 0 3 8 1 7 6 5 2 1 6 7 8 2 2 4 0 8 4 5 7
356 0 1 9 1 3 6 6 7 2 5 8 4 6 8 5 2 3 7 5 8 9 5 1 7 8 9 5 5 3 6 2 2 4 4 4 0 6 2 6 2
410 6 7 2 4 9 0 7 1 7 1 9 5 8 8 5 5 0 8 2 7 6 2 5 8 1 3 9 7 1 2 3 3 5 0 9 1 0 6 4 9
480 8 3 6 6 4 5 1 0 6 7 0 5 4 0 5 9 6 8 0 0 5 6 2 0 6 4 6 5 1 7 8 6 2 5 6 3 6 9 1 2
568 9 6 2 1 8 2 9 2 9 9 8 3 0 4 4 5 5 2 3 5 2 1 2 7 1 8 1 9 6 4 8 6 0 2 1 7 6 7 8 7
620 8 9 1 6 5 3 9 9 8 6 2 6 1 2 0 7 7 5 9 3 3 3 4 5 0 7 5 3 9 3 7 7 9 0 2 0 9 8 0 7
5
246 3 0 3 1 2 7 1 3 7 0 7 2 5 0 4 5 7 3 2 8 6 5 2 2 2 4 0 0 8 1 3 7 0 3 7 2 5 6 2 5
322 4 8 2 2 5 4 1 0 9 2 5 0 7 0 0 1 7 0 5 2 8 3 7 2 6 2 7 8 2 5 9 7 4 1 2 2 4 8 0 6
326 0 4 0 8 6 7 7 2 8 2 3 6 8 3 8 1 6 6 3 1 0 3 7 7 6 3 1 5 3 3 2 4 1 6 5 5 8 1 3 1
382 3 5 3 1 9 7 5 8 5 0 0 9 9 0 2 7 1 8 5 4 2 5 8 9 5 6 4 6 1 9 2 5 3 5 1 0 0 2 4 4
466 9 8 6 0 7 4 0 0 2 8 3 4 3 2 6 7 1 8 5 7 4 9 4 4 0 9 0 6 8 3 5 0 8 0 5 2 3 7 4 7
3
350 8 2 1 1 1 6 1 8 0 8 1 9 3 6 3 9 5 4 9 3 1 4 2 8 8 3 9 1 1 7 4 7 9 5 7 6 7 2 4 3
442 0 2 5 5 2 3 4 9 7 9 9 7 2 2 6 5 4 1 1 3 4 5 7 9 3 8 2 2 9 3 2 5 2 1 2 2 8 1 4 2
448 4 2 7 1 8 0 9 2 9 0 6 6 9 0 0 7 7 4 9 9 8 3 4 7 2 9 5 6 1 6 2 3 4 6 7 8 8 5 0 5
2
368 7 4 9 1 0 0 0 0 6 2 7 6 1 8 9 1 6 6 6 7 5 6 2 1 3 5 0 1 3 2 9 7 7 5 4 4 4 4 1 6
378 9 6 0 9 0 9 3 0 0 7 9 0 4 0 9 3 4 7 0 0 4 7 8 6 9 3 3 9 4 9 3 6 8 3 1 2 9 5 7 1
6
322 3 0 3 6 0 1 1 3 4 9 1 6 1 6 9 2 9 3 9 1 5 5 9 3 4 8 6 9 9 3 8 5 9 7 8 0 1 9 8 0
394 9 5 1 4 2 6 1 5 2 5 0 9 9 4 7 8 6 7 3 8 0 8 5 9 3 9 9 1 1 1 4 9 6 5 8 6 8 2 5 6
502 7 0 5 7 2 7 4 3 9 8 2 6 7 1 0 5 1 8 4 6 6 4 4 2 6 9 3 5 1 4 8 7 6 4 3 6 0 3 8 6
514 3 5 6 6 8 2 4 3 8 6 9 3 4 6 6 6 1 8 4 7 4 1 2 1 5 8 2 8 5 3 3 4 3 9 0 6 5 3 9 6
544 4 7 9 6 8 9 4 3 5 8 1 0 9 5 6 5 1 0 5 7 7 2 8 1 5 5 1 7 4 9 3 9 3 6 0 5 4 7 8 5
562 5 4 8 3 8 3 4 6 7 6 3 9 5 2 6 3 0 9 5 7 7 3 9 7 6 6 3 8 4 9 7 7 8 2 5 8 7 9 5 8
6
256 1 8 1 3 0 2 7 1 5 1 4 1 9 1 5 6 4 5 5 0 3 4 5 4 2 1 1 5 9 7 6 8 6 4 0 1 4 0 0 9
336 5 3 2 6 2 1 4 7 1 2 8 4 0 7 5 8 5 1 3 3 1 8 7 8 5 9 0 8 6 1 5 2 0 1 8 2 4 2 2 4
356 2 3 0 7 4 6 6 4 0 9 4 2 0 6 2 7 4 7 8 8 0 2 8 0 2 3 9 2 3 8 6 8 2 6 1 1 0 5 3 3
384 1 5 0 5 5 2 7 1 8 7 1 7 5 1 4 7 0 8 7 1 8 9 3 9 9 5 4 9 0 8 9 6 8 1 4 2 4 4 7 0
422 4 1 7 4 4 7 8 8 6 2 9 1 7 5 2 3 4 5 4 3 6 4 3 9 3 2 6 0 3 8 8 2 6 6 6 0 8 0 7 8
448 0 2 9 8 9 8 3 1 8 3 0 6 9 0 3 3 5 0 0 1 3 6 6 6 7 1 9 6 1 2 4 1 7 1 8 5 3 8 5 0
10
412 5 9 2 9 4 7 3 1 7 1 8 8 9 9 0 2 5 7 4 5 9 8 2 7 6 1 8 5 7 2 0 2 3 9 3 3 4 8 2 1
416 8 8 1 6 8 8 1 4 0 1 9 2 1 0 2 1 2 9 9 9 4 0 7 8 7 3 0 5 1 7 9 3 1 3 2 6 6 8 5 0
418 5 7 6 5 4 0 3 0 3 5 1 6 5 3 6 9 6 0 8 7 9 4 7 8 5 4 4 5 2 5 4 1 0 6 6 4 4 5 2 9
432 0 2 9 1 3 1 8 7 8 4 7 3 5 2 6 3 3 5 4 1 2 5 8 0 4 3 6 8 0 0 5 4 2 5 2 0 1 7 7 3
448 1 5 3 9 6 2 8 4 8 5 8 5 8 4 9 7 9 5 2 5 6 4 1 6 6 7 9 5 7 9 5 4 6 9 1 0 2 2 7 9
452 9 3 2 2 2 2 1 7 2 9 5 6 6 5 2 6 2 3 1 6 9 9 3 2 8 9 9 7 6 8 9 2 2 7 3 3 7 5 5 7
454 1 5 6 5 3 6 9 4 4 7 5 2 5 1 7 9 9 2 2 2 8 1 4 1 5 2 3 4 1 9 2 2 3 6 9 7 9 9 2 6
478 4 7 2 0 3 2 9 9 7 7 6 7 0 1 9 0 0 0 2 2 3 2 6 7 4 1 9 7 8 2 8 2 5 2 9 4 9 0 3 1
490 9 4 1 2 8 4 7 1 5 7 9 9 1 9 2 2 9 4 2 1 7 5 4 5 4 0 8 5 9 6 8 7 1 3 1 2 7 0 2 3
518 7 9 4 2 6 5 4 5 8 6 4 1 4 7 1 7 9 2 1 3 6 0 9 2 5 5 2 6 1 1 4 9 0 5 2 2 7 1 4 0
7
300 3 6 3 5 9 7 0 3 0 1 4 0 3 9 7 6 8 8 9 9 2 5 0 3 9 7 0 1 5 1 4 0 2 4 5 4 8 3 8 3
308 7 2 3 1 3 3 0 2 3 4 5 2 5 0 3 5 7 1 3 8 3 7 5 3 2 4 2 3 7 8 6 1 8 9 7 5 3 6 0 1
352 2 0 1 7 9 9 7 5 7 0 1 5 6 6 8 1 1 7 3 7 5 6 6 2 1 9 8 5 4 5 5 0 6 3 9 3 1 3 1 1
390 8 5 3 0 1 2 6 1 3 7 6 2 9 4 1 7 6 2 4 1 1 1 7 8 3 0 9 1 5 3 6 1 3 4 6 3 9 7 8 3
396 4 7 2 7 4 7 1 4 4 5 1 6 5 0 1 6 9 9 1 3 0 2 6 9 2 9 9 1 2 6 4 0 9 8 6 6 3 7 5 1
424 8 6 0 0 5 9 5 6 7 5 0 6 7 6 8 0 4 7 9 7 2 1 0 0 2 4 1 1 6 3 0 0 5 9 0 1 7 3 9 3
426 2 7 6 7 6 2 3 3 1 7 6 9 1 6 7 2 6 2 9 8 9 4 9 1 6 4 6 8 7 4 1 7 6 7 7 7 0 4 2 9
3
462 8 8 9 0 9 3 3 4 0 1 9 9 1 1 5 8 3 3 2 4 1 4 0 3 5 7 7 3 5 4 9 8 2 6 7 1 3 8 7 7
490 7 3 5 9 7 2 3 6 8 3 7 9 6 8 0 3 9 5 7 1 1 8 5 2 1 3 1 0 8 8 5 8 6 9 4 4 2 9 2 1
526 4 9 7 7 3 9 3 9 1 6 6 1 0 3 2 2 8 1 7 5 2 1 4 8 5 7 3 6 0 1 6 7 9 2 8 3 8 0 4 2
4
334 2 1 4 3 1 4 6 5 2 5 3 1 4 4 6 8 6 4 9 6 0 1 9 6 1 4 5 4 2 5 6 8 4 7 2 2 3 1 4 7
458 7 3 1 4 5 6 8 4 2 9 3 8 8 9 2 6 7 0 1 8 8 3 2 7 1 3 1 6 0 5 4 8 3 8 5 6 3 8 9 7
504 5 8 9 3 4 7 3 4 5 4 8 4 5 6 6 9 5 3 0 6 4 0 1 6 8 2 1 1 0 3 7 6 1 2 7 9 0 0 9 9
554 8 3 8 3 1 1 4 9 2 9 7 7 6 3 6 2 2 1 7 4 9 1 5 2 7 5 6 9 6 6 4 5 5 6 8 2 7 8 4 8
4
424 0 6 9 5 9 5 8 0 1 1 0 1 8 6 6 4 8 1 7 5 7 8 9 2 0 6 9 6 7 6 4 2 3 9 0 3 3 9 4 7
438 5 3 3 4 7 9 4 1 9 7 7 4 1 5 2 9 1 2 0 0 9 0 8 8 2 8 7 4 6 4 2 1 8 5 2 0 9 6 9 3
438 4 6 6 5 8 0 7 5 1 1 5 7 9 6 4 3 8 6 5 8 6 6 0 5 5 3 5 2 9 2 8 1 5 9 6 7 9 7 3 9
568 9 8 8 0 0 1 9 2 7 9 2 1 8 3 7 2 6 5 8 1 6 7 8 6 2 5 1 9 9 0 1 9 1 8 8 0 6 8 7 9
6
272 4 1 1 1 5 6 3 5 5 0 9 2 0 7 5 0 1 2 7 0 5 5 7 5 4 1 0 7 2 1 0 6 1 3 4 9 3 0 9 3
296 0 4 3 0 2 8 7 9 4 3 2 0 5 4 7 0 6 9 4 4 1 0 1 0 7 7 3 0 5 5 1 5 3 2 0 8 4 4 8 5
388 5 2 7 3 1 5 8 0 1 3 9 2 6 6 7 5 8 3 6 3 9 9 5 3 9 2 0 4 2 7 0 6 4 3 8 5 3 4 1 4
454 3 5 3 8 4 0 5 4 6 8 0 0 6 6 8 3 3 6 9 0 1 0 9 6 3 1 1 6 5 5 3 7 1 8 3 0 3 6 6 6
502 9 8 5 4 8 6 4 7 0 1 0 6 8 7 4 6 2 8 4 1 8 6 4 7 4 7 0 5 3 6 1 9 3 2 7 6 4 2 5 1
590 9 5 4 4 6 4 3 6 8 9 0 5 9 8 4 4 4 7 2 8 0 0 6 4 9 1 4 0 6 9 8 9 8 1 4 7 0 8 1 5
4
416 3 6 9 1 3 6 2 6 8 1 1 1 2 1 9 7 5 5 6 9 6 6 1 2 3 2 3 7 2 2 8 2 1 7 4 5 4 6 6 6
470 3 7 8 2 6 6 6 3 4 3 1 7 7 5 0 9 2 7 4 8 6 0 7 9 3 0 2 8 9 6 0 7 9 2 6 5 9 3 1 5
476 7 5 4 8 5 8 6 4 5 2 1 4 5 0 9 7 9 4 5 6 2 3 6 1 3 1 3 7 0 4 3 0 4 2 4 0 7 6 5 0
592 7 9 5 5 7 6 9 5 5 7 1 6 4 8 9 6 6 8 0 3 6 4 6 3 8 1 6 1 8 6 6 4 9 2 8 5 2 8 1 0
9
266 1 5 7 9 0 3 0 1 1 0 8 3 8 5 3 7 1 9 8 3 2 4 9 1 9 7 4 6 1 5 2 9 9 3 1 7 9 5 5 0
316 0 9 2 4 0 5 9 8 5 0 5 6 5 4 1 1 1 4 0 1 9 5 6 8 8 7 8 4 3 9 9 8 8 8 1 9 8 2 4 3
370 2 6 4 4 6 6 9 0 5 2 5 0 1 2 6 2 3 9 6 4 1 7 1 9 6 1 6 4 5 2 5 5 0 3 5 3 4 5 8 8
376 0 8 6 0 2 1 3 8 6 3 1 3 0 2 5 8 5 9 8 3 5 1 1 8 0 9 9 8 5 6 0 0 3 2 5 1 8 9 6 6
404 8 6 0 1 9 4 1 0 5 6 9 7 1 2 0 6 0 5 7 0 0 4 1 1 4 3 2 5 2 7 2 4 9 5 7 4 6 5 3 3
410 1 9 4 3 8 2 9 1 0 8 3 5 2 4 7 2 2 9 7 2 0 8 6 1 1 3 5 6 8 9 3 0 3 3 8 2 7 6 7 3
562 6 8 4 8 7 7 6 5 3 7 1 2 0 4 8 9 6 1 8 6 5 0 6 3 2 9 6 9 5 5 0 9 5 3 4 5 6 3 2 5
562 9 5 7 0 6 9 8 8 8 2 8 5 0 8 9 8 9 8 1 8 4 6 8 0 0 2 1 8 3 7 3 5 8 1 9 2 8 7 5 0
644 9 6 7 9 7 7 7 2 5 6 4 6 8 4 6 7 3 6 7 6 6 1 3 4 3 5 9 5 5 4 4 9 0 2 2 1 4 0 0 1
10
354 4 4 0 8 3 4 6 7 4 1 3 4 9 1 1 6 0 6 2 8 2 8 1 7 4 7 4 5 4 0 2 8 1 2 0 3 5 6 5 5
370 1 1 2 9 8 8 0 5 7 7 9 8 1 9 1 2 7 4 8 9 4 3 7 5 0 3 4 7 9 8 7 1 8 8 5 0 3 0 8 8
370 4 7 0 0 1 1 3 9 9 3 7 8 9 0 9 2 3 6 8 3 7 2 8 4 0 1 9 4 8 8 5 5 1 3 5 6 6 0 8 4
384 0 2 1 4 9 6 9 2 1 9 0 7 4 9 8 3 4 3 1 2 8 8 7 7 4 7 0 4 3 8 4 0 5 6 6 0 4 2 0 3
406 2 6 2 9 1 7 0 7 1 9 6 0 2 1 2 0 6 8 3 8 2 4 8 9 3 5 8 3 1 4 1 5 4 6 3 2 8 8 4 0
408 7 3 4 7 1 5 0 8 9 1 3 1 2 5 4 4 6 0 4 1 0 7 7 9 8 0 6 9 3 7 3 4 2 9 2 6 2 0 6 8
426 4 4 8 2 2 9 4 2 9 6 0 9 1 5 4 5 1 2 6 6 6 8 5 3 9 3 4 5 4 7 2 7 4 7 9 6 3 3 9 1
432 7 3 0 7 6 9 9 8 0 1 1 1 0 3 6 6 8 8 1 6 4 9 5 1 4 4 6 8 2 1 8 4 0 2 1 9 0 6 2 9
440 2 3 4 8 9 1 4 6 2 7 7 6 1 9 1 7 8 9 5 1 8 1 0 5 2 4 1 9 5 3 0 3 0 2 7 1 2 7 0 6
572 8 0 9 8 9 2 0 9 2 6 7 7 4 0 9 5 7 7 5 5 8 5 6 0 2 1 4 3 2 9 9 4 4 9 6 1 2 8 9 2
10
246 1 6 3 5 1 3 0 5 2 1 7 8 2 1 8 1 7 7 0 4 2 0 1 1 0 3 2 6 6 6 6 7 0 2 6 6 4 9 7 5
268 0 4 0 1 8 1 4 0 9 2 3 6 3 7 7 3 0 6 2 0 0 5 2 1 8 2 4 2 1 3 8 9 0 8 1 9 6 5 0 5
332 4 1 6 3 3 1 5 1 4 3 0 3 3 5 3 1 0 3 7 3 4 0 0 8 3 8 3 0 0 4 5 8 3 5 8 4 6 6 2 6
362 2 6 0 3 7 6 7 4 8 5 4 2 2 7 0 5 8 2 8 8 5 4 0 5 3 5 5 8 5 5 2 0 5 7 8 3 1 4 2 3
412 4 2 5 6 1 8 5 1 9 6 3 6 8 7 3 0 2 4 2 2 4 0 9 4 7 4 9 3 2 7 0 4 9 6 3 7 9 4 4 3
522 2 2 9 6 6 6 7 4 8 7 0 9 9 0 6 3 0 0 9 4 2 3 4 1 9 4 7 0 7 9 7 7 5 7 5 8 6 7 5 2
536 6 9 8 8 0 3 3 9 0 8 0 7 1 0 7 9 5 9 9 4 5 4 7 2 7 8 6 5 8 5 6 6 2 2 5 0 2 3 7 7
544 3 3 9 6 7 4 9 6 3 8 6 7 4 9 9 3 9 4 4 0 8 0 4 7 2 4 5 8 1 6 3 7 2 7 9 9 7 2 2 6
614 8 5 9 6 1 9 9 4 3 7 1 0 4 8 0 3 1 1 0 6 1 0 6 8 8 8 4 5 8 5 1 1 2 5 0 4 4 8 6 9
616 9 7 7 0 2 9 3 9 8 9 4 9 9 0 7 1 6 9 2 6 7 6 6 3 4 6 3 8 4 3 5 7 4 7 3 6 1 9 4 9
4
402 9 8 7 2 4 9 2 0 0 1 0 1 1 0 3 8 3 9 9 6 7 6 4 6 1 8 4 6 8 8 9 5 6 5 2 9 2 6 0 8
476 7 9 2 6 4 2 5 2 8 3 7 1 9 8 3 5 7 8 6 6 4 4 5 8 0 6 8 4 3 8 5 4 3 1 0 8 2 2 6 4
548 8 4 5 6 0 7 7 9 3 9 0 3 5 2 4 0 7 1 9 3 9 5 9 4 6 9 3 6 6 8 5 1 2 0 4 2 0 6 4 6
650 7 8 9 0 8 2 8 7 6 6 0 7 0 8 9 6 0 6 7 9 1 8 5 1 5 3 2 0 9 8 8 4 1 0 7 5 5 7 3 9
3
332 2 9 0 7 2 5 7 7 4 0 6 6 8 8 6 7 4 6 5 3 6 7 1 3 8 8 6 0 8 5 1 6 2 4 9 1 0 6 0 5
444 6 8 4 7 0 8 7 9 5 0 5 6 1 6 4 7 3 8 6 9 1 2 6 3 7 6 3 3 8 2 0 1 0 4 6 1 5 8 7 6
606 8 3 9 6 9 6 4 4 9 7 3 5 2 7 1 7 6 4 5 2 3 9 6 1 4 3 9 7 6 8 9 9 9 2 3 7 3 1 5 3
6
336 0 1 7 0 1 7 8 2 7 6 7 9 8 1 8 9 8 4 5 6 7 1 5 3 2 1 9 4 8 7 2 0 6 3 2 2 1 7 3 6
410 7 1 0 5 5 1 8 4 4 5 0 0 7 0 1 5 9 2 0 7 8 9 8 5 4 2 8 3 6 6 1 0 6 9 4 0 1 7 0 4
416 1 4 7 8 4 4 6 6 9 1 3 2 4 3 3 8 8 4 0 0 1 0 1 9 7 6 2 5 9 0 1 2 1 0 2 7 2 3 4 2
472 9 2 8 5 3 9 4 2 2 4 8 9 7 4 2 0 2 3 4 2 3 8 4 5 9 1 3 3 6 4 4 0 7 5 0 1 4 4 6 8
498 8 2 3 6 7 8 8 7 1 2 9 6 9 6 1 4 8 5 7 4 8 2 2 4 9 2 6 2 5 2 9 1 4 8 8 6 9 2 1 5
528 9 1 6 9 6 4 2 0 7 7 2 0 2 2 8 5 6 6 0 5 0 0 7 5 5 7 7 1 1 4 5 0 6 0 8 6 6 9 9 9
2
464 9 1 8 2 2 2 4 8 5 0 7 1 9 9 5 9 6 1 5 6 6 8 7 6 3 2 5 2 5 6 8 0 9 6 2 9 3 1 9 2
464 9 4 5 9 6 4 1 2 2 5 0 8 5 2 7 3 1 5 6 9 1 5 7 0 1 0 2 6 4 9 4 2 2 5 9 6 7 2 7 6
2
248 4 7 0 6 0 8 0 7 2 0 6 0 6 3 4 5 6 5 0 3 4 1 0 3 2 1 5 6 9 9 6 5 2 0 1 1 6 8 5 4
452 4 5 6 0 4 1 9 3 1 9 6 3 6 2 8 0 7 5 7 7 0 4 0 0 7 4 3 3 1 2 2 9 7 6 9 0 9 7 8 4
7
328 8 3 0 1 2 3 0 6 8 1 1 6 9 9 8 8 9 7 5 7 6 7 3 7 7 0 3 2 5 4 6 8 5 3 4 6 6 6 4 6
352 1 1 8 4 4 6 1 4 8 2 0 7 3 2 9 3 0 8 1 5 7 7 2 2 6 1 3 0 5 8 6 1 8 4 6 5 2 2 1 8
426 2 3 8 1 4 4 8 9 2 5 9 3 8 2 5 7 7 5 7 8 2 7 8 6 9 6 7 4 6 2 3 5 5 3 9 2 8 1 4 1
430 4 9 0 1 6 1 5 8 6 7 0 5 5 0 9 2 7 7 0 4 7 4 1 7 1 3 4 0 7 2 5 0 7 0 6 8 2 6 0 9
456 7 5 5 1 3 0 0 2 6 8 8 2 6 5 4 6 9 1 5 9 5 2 4 9 0 7 2 4 7 9 6 2 2 6 3 8 4 7 6 6
456 9 8 0 9 9 9 0 7 3 0 8 6 0 5 1 4 3 3 5 8 2 3 0 8 4 2 5 8 8 5 7 7 7 1 3 2 1 9 0 8
458 0 6 7 4 8 0 9 5 9 2 6 8 4 8 5 8 3 8 1 0 6 5 5 9 6 1 3 1 9 2 6 9 1 6 0 6 8 4 5 8
2
586 8 7 5 9 2 2 2 3 8 9 4 3 9 8 4 4 8 9 3 1 1 1 7 7 0 3 8 4 6 0 8 5 9 1 1 1 7 9 5 4
650 8 1 9 8 2 6 8 5 7 9 0 9 0 9 0 4 5 0 3 0 2 4 2 9 3 4 4 4 0 2 4 0 7 3 1 8 6 8 0 2
1
448 6 3 8 1 6 5 1 8 4 5 3 0 3 3 1 3 9 8 4 2 9 6 8 3 7 4 7 3 8 8 5 4 8 3 9 2 3 5 0 3
3
400 0 9 6 8 2 2 9 4 4 0 7 5 5 3 0 6 6 9 5 2 3 6 0 4 9 9 8 8 2 6 8 0 0 9 5 1 1 8 6 1
452 9 8 2 0 4 8 7 3 0 8 2 6 9 9 9 9 6 7 9 3 0 4 9 0 8 0 2 6 8 4 4 7 4 6 8 1 7 9 0 4
502 8 6 4 1 8 0 6 3 4 7 2 4 0 1 3 1 1 1 8 2 4 0 6 5 3 7 5 5 3 6 1 8 5 8 6 3 9 4 4 9
4
316 0 8 0 4 5 9 0 8 6 2 0 6 5 2 0 9 3 3 0 1 5 7 4 3 2 7 0 0 2 6 6 3 6 3 1 2 8 1 8 2
462 7 9 9 3 3 4 5 4 1 0 2 8 8 8 0 8 9 3 1 9 7 8 8 1 4 1 0 4 3 2 2 1 7 8 4 1 3 2 4 1
526 5 4 7 6 6 6 0 6 2 9 4 6 0 4 4 2 5 3 6 8 5 5 9 3 8 3 6 8 9 9 2 2 2 1 2 8 2 5 0 6
552 6 6 9 2 2 5 6 4 6 7 9 6 5 1 3 9 3 8 5 1 8 2 8 7 7 6 0 6 6 0 7 8 4 0 0 6 8 2 4 1
1
342 2 6 6 3 5 8 3 6 2 1 1 5 7 6 6 2 7 1 2 4 5 1 6 3 0 6 0 1 2 8 3 9 7 7 9 9 5 0 3 1
10
250 1 7 7 2 1 1 2 5 0 0 1 4 6 8 2 4 3 0 8 5 4 3 6 3 6 7 1 8 0 3 7 5 2 6 2 4 5 9 4 8
342 7 0 0 7 2 1 2 2 8 4 1 5 5 9 5 7 4 8 9 2 6 6 7 2 9 3 1 2 4 3 5 3 8 9 9 2 5 4 4 9
376 1 1 9 5 1 0 5 5 4 3 4 5 6 1 6 2 9 0 2 0 4 8 6 1 3 7 7 6 9 1 2 6 4 0 6 5 5 1 1 9
412 9 2 8 4 2 5 1 9 0 0 3 5 6 9 9 2 3 0 5 8 0 1 6 7 5 1 4 2 8 6 5 2 2 1 2 8 6 9 2 7
494 2 5 7 9 1 6 4 1 9 8 0 7 4 6 6 3 1 2 3 6 0 6 7 8 3 4 0 9 6 0 5 1 4 0 4 8 0 0 8 2
498 9 0 7 0 2 7 8 8 0 7 9 8 9 6 7 8 1 8 0 7 4 2 3 3 2 8 8 4 7 6 6 5 0 0 5 4 9 5 7 7
534 9 5 6 9 6 7 4 6 4 3 0 6 7 1 2 4 9 4 2 1 3 8 5 6 2 8 4 2 2 3 0 9 8 0 9 5 5 8 1 4
564 7 6 8 7 6 8 6 2 8 6 7 3 0 5 4 5 9 6 1 2 9 4 0 5 0 4 5 6 8 7 9 9 8 8 9 8 3 6 8 6
574 6 9 2 6 6 6 9 8 5 6 0 8 1 3 3 6 0 2 4 1 6 3 7 9 0 9 5 5 5 4 5 4 5 3 4 6 3 0 3 2
608 7 1 8 7 8 7 8 1 9 8 8 5 0 0 0 5 8 2 9 2 5 6 7 2 7 8 3 2 5 8 6 0 5 3 4 1 0 7 3 3
8
310 0 2 1 4 5 4 2 9 9 3 1 2 0 3 4 3 8 2 5 8 6 1 6 3 5 5 3 9 7 9 7 6 9 4 9 5 8 9 3 1
336 1 3 4 2 4 3 9 5 1 5 4 6 3 7 0 7 0 0 9 7 8 7 0 6 1 6 1 6 5 1 7 4 7 7 9 8 4 7 8 7
338 5 7 2 1 3 8 8 2 1 0 8 4 4 4 1 6 1 3 6 3 1 7 2 1 3 5 7 7 2 4 8 9 9 7 8 0 5 3 9 5
350 3 1 5 5 7 7 8 3 1 2 2 9 0 6 3 3 4 7 7 1 2 0 8 4 3 3 0 1 0 4 7 0 3 6 9 4 8 7 7 9
358 4 7 1 5 4 2 2 5 1 6 4 9 9 4 8 4 0 2 3 7 5 7 7 3 2 2 9 4 3 1 8 3 4 3 1 3 9 0 2 6
420 2 5 3 2 7 1 6 9 4 7 1 7 8 0 3 8 7 3 2 2 0 8 0 9 3 4 2 2 0 7 4 0 2 8 3 4 3 3 6 6
470 3 9 8 2 6 8 4 7 1 2 1 7 3 9 0 6 9 7 2 2 9 2 0 9 4 5 5 8 8 5 7 4 5 0 2 1 4 5 4 2
498 5 1 5 7 2 9 6 2 9 8 3 7 9 6 9 9 5 8 6 7 0 8 1 2 9 7 8 5 7 8 0 5 2 8 7 6 9 1 1 5
8
232 1 3 0 9 2 8 2 7 3 0 3 7 2 4 5 1 4 0 2 2 9 4 0 3 7 2 0 7 7 8 7 9 5 9 9 2 5 8 5 8
316 3 4 5 4 1 5 1 1 1 8 3 0 5 8 4 1 9 0 3 3 3 5 8 5 8 7 7 0 4 6 8 3 8 5 2 9 7 9 8 2
372 2 2 4 5 0 6 1 7 1 9 9 3 2 7 1 7 0 3 9 3 6 2 8 4 0 8 1 9 9 7 8 9 0 6 5 4 5 2 5 5
446 5 0 7 0 8 3 4 4 4 9 7 7 9 9 4 2 8 4 5 8 9 4 2 0 8 2 8 2 2 9 1 0 9 4 8 4 0 5 8 8
490 7 4 9 8 2 3 8 0 3 3 3 5 5 2 7 9 4 7 5 2 5 4 6 0 6 6 4 7 0 6 6 2 8 5 6 8 1 8 6 2
494 5 8 4 4 8 4 8 9 4 3 6 9 9 1 3 6 2 9 4 7 1 1 4 9 1 0 8 6 7 8 4 6 2 5 1 0 5 5 9 1
500 0 8 7 1 7 0 1 9 7 8 7 5 2 8 9 5 5 1 7 9 1 0 2 7 0 4 7 0 2 7 8 8 3 1 3 6 1 1 3 0
530 2 3 8 7 4 5 8 5 9 7 4 2 8 7 1 7 4 8 0 1 7 1 4 1 8 4 5 8 4 9 7 4 8 2 7 3 0 9 6 6
7
346 4 2 4 3 5 4 3 7 6 2 1 1 8 1 0 1 0 6 9 1 8 8 4 2 0 5 8 7 5 4 7 2 0 7 6 8 2 8 9 9
348 0 6 3 3 8 1 3 2 7 5 4 0 2 5 4 2 6 4 8 8 7 8 6 2 2 6 9 2 6 4 8 5 8 9 2 4 7 6 2 6
406 6 9 0 7 5 1 6 8 0 2 5 9 8 7 4 2 1 2 9 0 0 6 0 7 8 3 5 7 5 1 3 4 6 1 5 0 7 2 7 2
420 2 6 7 9 0 0 6 5 3 5 0 4 1 0 4 5 5 7 7 4 7 0 2 0 7 1 3 2 0 0 4 6 6 2 7 1 3 5 5 2
444 9 1 2 7 3 6 1 6 0 8 9 7 8 0 0 2 7 5 0 6 1 9 6 3 9 3 6 4 8 9 7 4 5 3 6 2 7 1 9 4
454 5 9 1 6 2 5 7 1 4 8 3 8 2 2 0 4 6 7 9 8 6 2 8 2 5 9 8 4 4 6 3 1 0 8 6 8 2 3 0 4
548 8 6 4 3 6 3 6 5 6 6 0 5 4 4 9 5 8 6 4 9 4 0 1 4 3 8 4 3 2 0 9 5 3 1 5 9 9 0 5 1
2
346 3 1 4 5 1 0 8 7 5 3 4 7 9 8 1 8 5 9 6 2 0 3 2 1 7 7 1 3 0 4 5 1 1 8 2 7 0 4 7 7
668 8 4 8 9 6 4 9 6 1 8 7 3 4 6 3 5 5 1 6 1 3 6 4 5 9 4 5 0 7 5 6 3 9 8 3 3 7 3 7 4
7
384 2 2 5 9 7 7 4 8 3 2 0 7 9 6 3 2 1 8 3 9 2 6 7 8 4 6 4 9 9 2 6 5 7 5 5 2 1 2 8 8
388 0 6 5 5 2 4 5 5 8 5 8 8 5 9 7 1 2 8 1 7 0 3 6 7 4 0 4 8 1 5 2 9 2 1 5 8 4 6 2 2
402 5 5 0 1 8 9 6 2 7 5 6 3 2 4 2 9 5 6 0 8 6 2 4 2 9 8 4 5 8 5 0 3 4 3 4 1 3 0 9 7
410 6 9 4 5 6 8 0 7 1 2 4 8 0 9 4 5 0 1 1 2 9 9 4 3 1 4 3 5 9 4 2 0 7 9 5 1 2 8 4 4
456 1 8 7 4 2 2 7 9 7 2 5 8 2 8 7 6 3 0 9 6 2 8 6 7 4 7 1 7 5 0 1 9 2 0 8 7 2 3 7 8
510 7 7 7 0 2 2 2 6 2 9 7 3 6 9 1 6 7 6 6 8 2 0 6 8 7 2 8 8 0 5 1 3 4 5 4 5 3 8 0 0
548 7 9 7 4 1 4 7 6 1 9 6 7 5 4 8 6 2 7 2 0 5 7 1 3 5 8 6 5 9 8 2 0 3 9 5 7 6 0 7 6
