100 20
500 500 500 500 500 500 500 500 500 500 500 500 500 500 500 500 500 500 500 500
10
617 1 6 6 3 5 8 2 3 3 5 3 8 1 5 3 10 10 7 7 1
719 2 2 10 7 10 9 8 6 5 5 3 2 10 2 3 3 1 4 2 9
707 2 6 10 6 6 8 4 3 6 1 4 1 8 4 2 6 6 1 8 7
663 8 2 7 2 5 2 3 4 9 10 9 1 2 6 8 8 3 4 7 6
756 4 10 7 2 8 10 3 5 10 7 2 6 5 1 1 10 8 9 7 7
612 4 2 3 10 6 3 3 8 1 4 10 6 1 6 9 2 10 4 5 3
727 4 7 10 6 1 9 1 9 6 6 9 5 9 10 3 7 1 5 3 1
718 9 4 9 2 3 5 8 2 2 6 5 4 7 8 2 10 8 6 5 7
552 9 5 1 3 2 2 5 2 1 4 6 1 2 4 9 7 1 9 7 4
674 10 8 1 1 10 4 9 9 7 1 8 9 8 3 6 7 6 1 5 1
10
795 5 5 9 5 2 10 4 8 9 7 2 9 9 5 6 9 3 5 3 8
739 10 10 1 8 10 10 4 8 9 7 8 5 1 6 9 3 3 4 4 4
803 6 3 7 10 7 3 10 7 6 9 10 1 1 6 10 7 1 10 4 10
771 10 7 3 10 2 7 9 8 2 8 2 5 7 3 3 1 4 1 9 10
407 6 2 5 1 8 1 3 3 2 5 4 2 8 4 7 1 3 2 2 1
642 8 6 6 4 6 9 2 5 3 6 10 5 4 10 7 2 4 6 2 9
629 10 9 4 6 5 10 7 1 2 3 1 1 8 7 5 1 10 3 2 4
625 9 10 1 5 7 5 3 7 3 7 3 2 6 2 3 1 4 9 8 7
887 10 6 7 9 8 9 7 7 4 4 8 9 8 5 9 6 8 5 8 6
691 9 5 5 9 2 2 9 6 4 6 5 2 10 7 5 3 4 9 2 10
10
691 10 1 1 4 7 4 4 5 9 2 9 8 9 4 1 9 8 8 6 7
705 3 10 9 5 8 7 8 8 4 4 1 10 9 8 7 6 4 6 2 1
567 2 5 9 6 2 4 7 10 3 2 1 3 6 5 5 9 2 2 4 2
649 10 6 2 1 9 8 4 2 2 3 6 7 6 6 9 5 2 3 5 7
761 10 7 6 4 6 8 9 6 9 8 7 9 10 7 7 2 1 5 2 1
536 4 8 4 8 6 2 2 4 2 5 6 7 1 4 9 1 7 7 1 3
590 1 1 6 6 6 4 7 5 4 1 7 2 6 7 2 1 4 2 4 9
685 3 9 2 7 1 7 7 6 3 6 9 7 2 3 5 4 4 10 1 10
683 2 10 6 6 3 6 3 5 3 8 7 5 3 2 1 4 3 10 5 10
773 5 9 6 9 8 6 10 6 4 5 4 3 4 4 4 2 6 3 9 4
10
683 2 2 7 7 8 2 6 9 7 7 1 4 4 4 9 2 10 8 10 5
675 1 8 4 3 1 3 7 2 10 10 8 7 1 5 7 8 5 4 1 7
657 6 8 1 3 5 7 4 3 4 9 1 1 8 3 3 6 3 5 5 9
611 1 5 9 7 1 2 2 3 2 8 6 6 1 2 5 4 6 2 7 5
688 9 1 1 10 6 6 7 8 10 1 9 6 7 5 5 9 5 1 8 1
779 1 6 2 9 4 9 9 9 8 6 2 5 8 3 7 10 1 7 6 5
671 8 9 9 2 7 2 10 5 7 3 3 3 8 8 4 3 1 3 9 1
575 4 3 6 2 2 3 6 8 3 8 3 6 7 7 7 8 2 1 2 1
772 1 2 7 10 10 10 6 7 7 4 9 10 8 8 1 2 3 3 2 8
611 5 9 2 7 5 3 2 5 6 3 7 1 8 2 2 1 7 6 10 6
10
744 7 10 4 4 3 8 7 2 7 1 9 4 8 9 5 1 8 9 6 10
633 10 2 3 3 9 7 1 6 4 7 10 1 10 7 3 4 5 5 5 1
621 9 7 9 2 2 6 8 8 2 9 3 9 3 4 4 2 5 1 1 6
604 8 5 10 1 7 5 5 9 3 7 2 2 4 2 8 5 6 1 4 5
788 5 7 10 9 7 9 6 8 1 6 10 4 8 7 3 7 2 4 2 8
772 2 7 10 10 3 3 9 5 5 3 9 5 3 10 4 8 1 3 7 6
630 7 7 8 1 2 10 4 8 3 4 1 8 4 10 1 4 4 8 9 5
622 4 10 5 3 8 1 8 6 2 7 7 9 3 6 6 4 8 8 1 2
813 7 10 8 7 9 10 9 7 4 8 2 9 1 4 8 8 6 2 1 10
744 2 3 6 4 2 6 10 2 6 9 6 2 9 6 5 5 8 2 2 9
10
649 8 5 6 4 6 9 6 5 10 6 10 3 5 5 7 2 3 2 2 2
552 10 6 6 9 5 8 1 7 4 2 6 9 6 1 4 1 6 1 4 1
641 9 1 8 5 10 7 7 2 6 4 5 2 8 8 7 2 2 4 2 5
652 10 10 5 4 2 10 4 7 6 5 5 10 8 1 4 4 6 9 2 3
530 8 8 4 5 5 7 5 8 9 4 2 2 1 4 7 5 1 8 2 1
721 7 6 6 3 3 4 9 5 10 3 4 1 2 3 3 10 10 10 7 10
602 4 8 3 1 5 8 4 3 10 5 7 8 1 8 7 3 8 6 5 4
649 1 5 10 1 2 6 7 6 2 3 7 1 10 10 6 1 10 4 4 7
772 2 9 3 7 5 10 4 5 10 4 8 2 3 3 8 9 4 7 9 8
843 9 8 7 9 8 3 4 5 9 6 10 2 9 9 1 10 6 6 10 4
10
818 2 8 10 9 4 3 10 8 1 7 8 7 3 5 10 7 10 5 1 9
722 7 1 3 10 9 9 7 2 6 6 9 5 6 1 8 1 3 5 6 4
682 7 10 6 4 3 4 5 1 2 9 7 4 3 5 5 4 2 4 9 4
582 5 10 5 3 9 6 7 3 3 2 1 7 4 2 2 8 2 1 2 1
783 1 7 10 2 7 9 6 6 8 7 4 1 6 4 7 8 10 5 7 8
643 4 2 2 7 2 7 8 10 3 4 9 6 8 10 9 5 5 6 1 5
731 3 6 6 10 4 9 5 5 1 8 10 2 1 3 7 5 6 3 4 6
772 9 5 4 9 6 9 1 4 3 4 10 7 9 3 9 4 5 9 4 10
754 9 9 6 1 9 1 2 3 7 10 7 5 6 7 5 8 2 6 10 8
695 7 1 7 1 10 3 6 2 10 1 8 10 1 10 8 6 6 10 9 7
10
541 1 10 1 2 4 6 1 5 4 8 2 4 5 9 5 6 4 9 3 1
659 2 8 3 7 3 2 8 9 3 3 3 5 10 3 6 2 4 8 5 7
782 4 1 7 1 8 10 10 10 9 5 4 8 6 6 2 4 6 5 10 7
665 5 5 4 2 8 6 10 10 3 3 5 4 9 1 7 7 5 7 2 4
772 9 8 6 1 10 7 1 4 9 7 3 1 6 4 10 9 10 3 8 9
710 3 9 9 7 4 3 3 2 7 6 6 8 8 2 3 3 8 5 4 9
576 6 7 6 4 9 1 9 3 2 1 3 10 1 8 2 9 1 5 2 8
681 6 3 6 5 3 5 4 1 1 4 10 8 5 9 9 7 6 10 5 3
627 6 1 9 9 6 4 2 9 3 1 10 2 3 6 9 9 9 7 1 6
779 10 1 10 9 5 8 6 4 10 9 5 1 9 1 10 9 4 2 1 4
10
648 5 3 7 2 2 9 9 9 8 8 4 3 2 6 9 3 9 7 2 2
812 10 8 8 9 5 3 9 6 5 6 10 5 7 9 4 6 8 6 2 4
579 5 2 8 2 1 2 3 6 10 4 3 9 8 3 7 6 5 10 2 6
616 2 5 1 5 10 8 3 10 2 9 1 5 1 5 3 6 2 7 6 5
892 10 4 1 6 9 8 10 4 10 10 3 8 6 7 8 6 9 8 10 6
715 8 4 4 7 8 10 2 9 1 10 2 5 6 3 6 9 3 6 3 10
875 8 6 7 7 10 5 10 7 10 6 2 1 9 3 8 8 9 5 9 6
628 3 7 3 10 5 6 5 3 9 9 1 5 4 8 2 1 5 1 4 4
703 3 10 7 7 5 3 9 7 6 7 6 1 1 10 10 7 9 3 1 5
571 10 4 2 4 1 5 2 10 3 8 10 3 3 1 4 5 9 4 3 4
10
589 8 1 4 3 9 2 9 4 3 2 8 4 9 4 4 6 2 1 4 5
583 2 10 2 1 5 5 3 10 8 2 7 5 4 7 5 7 10 7 2 4
665 3 5 2 1 6 9 10 3 5 4 2 4 7 8 4 5 6 10 2 6
664 6 5 1 5 8 7 3 10 4 6 3 1 10 4 1 4 7 7 4 10
701 6 2 8 2 5 8 10 3 9 2 10 1 10 5 1 7 7 10 1 3
715 10 4 7 2 6 3 10 4 4 6 10 1 10 10 3 8 2 3 3 1
833 6 4 7 5 1 8 7 6 6 7 9 10 9 1 8 8 6 10 9 2
691 3 4 7 7 2 6 6 3 3 9 10 4 5 4 5 10 3 10 4 1
671 7 10 3 4 9 2 10 6 9 2 2 9 2 2 2 4 9 7 9 6
699 1 6 5 6 9 9 1 1 9 2 3 6 6 10 8 7 9 8 7 1
10
805 9 5 10 10 6 10 9 9 9 6 6 6 4 2 4 2 5 2 7 6
611 6 10 2 7 2 5 2 9 8 2 9 2 5 3 10 6 4 5 2 3
677 10 5 4 10 3 1 2 1 1 9 3 6 6 2 3 8 10 1 6 9
724 4 7 9 4 6 6 2 2 1 9 5 4 8 5 9 6 1 6 5 6
605 8 8 2 7 9 6 3 4 5 2 4 4 10 3 2 1 3 8 4 5
509 9 1 1 8 7 5 1 5 2 8 7 2 1 9 5 1 4 10 4 5
722 4 2 4 3 9 5 7 6 6 7 4 10 8 7 10 6 5 10 6 5
680 9 7 9 10 8 4 4 9 10 8 4 5 3 1 1 3 1 3 8 2
736 1 5 4 9 9 2 4 2 4 9 9 9 9 8 3 5 6 4 1 4
783 4 2 6 2 4 7 7 10 5 7 3 8 7 4 10 7 5 10 8 9
10
530 10 2 4 1 8 3 1 5 4 4 9 6 3 8 10 6 10 1 1 6
636 5 3 9 9 3 3 8 5 5 8 2 4 5 10 7 1 4 2 6 1
751 10 8 10 1 9 10 8 6 8 7 1 9 6 1 6 10 5 4 2 2
767 3 10 9 10 10 7 2 1 8 5 7 3 5 7 6 10 10 7 1 2
945 8 6 7 8 9 9 8 4 8 8 10 1 7 3 7 6 6 7 9 10
846 9 8 6 9 3 7 5 9 9 9 10 7 5 5 4 7 4 3 8 4
731 3 2 6 9 7 1 4 7 8 8 9 8 8 9 7 4 9 8 4 5
755 1 6 10 8 8 2 4 6 6 3 10 2 8 10 6 9 5 10 5 2
790 6 4 3 10 7 9 10 7 10 4 3 3 8 10 1 10 1 3 3 7
749 1 9 3 9 4 2 8 3 7 4 10 10 8 9 2 7 5 2 3 4
10
625 8 7 4 6 5 7 5 8 1 1 4 7 4 4 1 3 2 7 9 8
860 3 9 6 9 9 9 10 3 9 5 7 5 8 1 2 9 1 9 8 3
658 3 7 3 4 2 8 10 8 8 4 8 2 1 7 1 8 10 2 1 4
783 9 3 1 9 6 7 10 3 2 10 4 8 3 3 4 7 3 1 9 5
758 3 7 8 8 7 4 5 2 3 9 2 4 6 6 7 6 5 9 8 1
666 2 1 2 4 10 4 6 2 8 5 10 7 4 1 1 8 8 9 5 8
696 5 4 1 5 10 2 1 7 10 8 6 3 10 6 2 3 7 10 8 10
688 6 2 3 8 7 10 3 9 3 8 3 9 1 6 10 2 8 4 6 5
660 5 7 3 8 4 7 4 10 8 3 2 4 1 8 9 3 8 10 5 8
643 5 3 7 10 8 6 2 4 6 1 4 5 3 6 5 6 10 6 6 7
10
644 1 7 10 9 4 7 7 4 10 3 4 1 8 4 6 4 4 3 1 2
642 9 5 5 2 7 3 2 5 8 9 9 10 5 2 4 2 8 2 4 2
695 10 5 1 1 3 5 10 3 1 6 4 8 6 7 10 9 9 1 4 10
656 3 4 2 6 7 10 6 2 1 7 4 9 9 2 4 2 6 10 3 6
682 4 3 1 7 7 5 3 7 8 7 2 8 5 5 9 10 10 7 4 4
711 8 6 3 6 8 5 3 10 5 7 2 5 10 5 2 10 1 9 2 8
674 1 5 3 5 5 6 8 6 2 6 8 4 3 9 5 6 5 8 8 2
722 6 4 8 10 10 9 8 2 9 1 4 1 4 10 7 1 10 5 3 8
760 7 7 5 3 3 4 8 5 8 10 1 4 8 8 7 6 6 7 7 8
800 8 1 8 6 8 8 8 5 9 7 9 9 9 7 2 8 9 3 1 5
10
717 8 10 10 4 9 3 5 2 7 4 3 6 2 5 2 9 3 1 8 5
763 2 4 10 1 6 7 10 4 7 6 2 3 10 4 9 2 1 10 10 4
618 5 6 3 7 7 7 4 3 8 5 4 4 3 7 4 3 6 1 3 8
708 10 9 5 5 10 6 7 3 7 6 10 6 1 1 4 3 10 5 2 7
773 10 8 5 1 8 7 6 8 5 9 5 9 4 4 8 4 1 6 9 9
772 10 2 7 5 10 7 4 10 4 8 6 3 9 8 1 5 7 7 10 3
690 5 10 3 4 2 4 2 3 2 10 3 1 10 7 9 5 6 9 7 5
595 3 8 3 7 2 3 2 5 4 6 5 5 8 7 8 2 7 1 1 7
568 1 5 5 1 8 1 5 5 4 3 5 3 2 1 8 4 5 7 6 10
666 1 8 10 1 4 2 1 2 1 9 1 5 4 7 4 8 6 7 10 7
10
858 2 8 10 9 4 5 5 6 7 3 6 5 8 4 4 10 7 2 10 8
775 7 8 8 4 4 3 8 9 5 10 9 5 1 9 5 4 7 4 10 2
479 1 5 2 8 3 2 3 4 5 1 5 7 2 4 6 1 5 9 5 5
599 2 10 4 5 4 2 3 4 2 6 6 7 1 1 4 8 5 7 1 10
830 5 9 10 4 6 6 10 3 3 2 10 7 1 8 10 7 7 5 10 5
824 2 5 3 6 8 5 3 5 5 9 6 9 4 2 5 10 10 5 9 10
589 8 10 1 6 5 6 3 10 9 2 8 2 1 4 3 4 3 3 3 7
706 6 5 6 4 4 6 3 8 9 9 6 9 3 3 6 5 3 6 9 9
596 1 1 3 3 2 3 7 10 6 9 1 9 6 2 5 8 6 1 3 2
656 1 5 1 1 2 4 4 8 8 10 1 4 9 8 6 9 2 3 9 1
10
692 6 9 5 2 3 6 1 8 7 1 10 9 6 5 8 7 2 5 9 8
646 10 3 9 4 2 5 6 3 7 2 5 5 4 8 5 4 4 8 7 7
583 5 3 5 1 9 3 6 10 8 1 4 6 7 3 3 5 7 5 7 6
772 5 3 6 3 10 10 2 3 8 10 10 10 5 5 2 7 5 9 3 5
696 1 1 9 3 10 5 5 3 8 8 3 1 7 4 7 5 9 3 2 10
768 1 3 8 10 7 10 3 5 3 5 5 5 5 9 4 2 10 9 10 9
660 3 10 2 6 2 6 8 7 10 7 6 1 6 3 7 9 2 9 2 2
658 2 1 3 5 4 8 8 8 9 8 3 2 9 7 7 2 1 7 5 6
620 3 10 10 3 4 3 4 4 7 4 4 3 2 1 3 5 8 7 9 4
824 2 6 4 6 7 7 10 3 6 10 10 3 2 4 8 1 5 6 9 10
10
552 10 5 2 1 5 6 4 6 1 3 2 2 2 9 9 6 2 8 3 10
751 5 7 9 8 4 5 3 8 4 6 4 2 10 5 10 5 6 4 8 8
686 3 3 3 3 7 2 8 4 3 4 5 7 8 7 3 7 8 7 9 7
627 10 5 4 1 2 1 4 5 4 8 1 1 1 9 2 9 10 8 8 6
487 6 7 2 1 3 2 1 7 2 6 4 3 1 6 3 3 2 9 9 4
688 7 9 6 2 2 6 2 8 4 5 9 7 9 10 3 5 8 4 3 6
601 7 1 1 5 2 3 3 3 8 4 9 2 4 9 1 10 1 4 9 9
698 7 6 7 7 3 7 5 3 1 1 9 7 6 2 3 7 6 9 9 5
606 3 10 2 1 6 8 6 7 6 1 3 9 5 1 3 6 9 8 1 6
670 8 9 10 1 2 8 5 4 3 4 5 8 2 9 2 10 5 3 4 2
10
668 10 3 7 8 5 10 6 2 5 1 3 8 7 3 8 7 7 6 2 1
773 3 3 4 10 4 7 4 8 2 7 4 7 7 10 9 6 10 7 8 4
728 10 4 3 6 4 4 3 6 7 7 9 7 5 10 6 8 8 8 9 1
655 2 4 9 9 4 2 9 2 1 2 7 6 9 3 1 2 1 4 8 5
698 1 8 9 9 10 3 3 9 8 2 1 7 3 9 9 4 2 9 6 8
758 3 3 4 9 10 8 5 3 8 6 1 9 10 9 1 4 1 7 10 8
720 8 3 10 1 5 4 6 1 3 7 8 9 6 4 1 3 6 6 7 10
783 6 2 10 6 9 5 10 1 9 6 5 8 9 2 8 9 1 1 6 5
664 4 8 8 5 10 3 8 5 3 5 7 6 2 10 2 1 6 10 6 3
746 2 5 3 7 2 9 10 2 10 6 7 9 3 3 6 8 10 10 4 4
10
671 10 8 2 10 4 8 2 8 2 3 5 7 4 4 2 4 1 9 8 6
806 9 3 4 8 3 6 10 7 7 8 7 9 6 9 7 3 9 2 2 9
729 6 10 1 9 2 2 6 9 5 9 4 1 9 10 9 4 7 7 5 3
718 3 5 5 5 5 7 2 5 10 6 8 7 6 8 5 6 3 9 6 7
749 1 3 5 8 4 6 8 10 1 8 9 2 9 1 9 8 6 8 7 1
699 7 9 4 5 10 1 3 3 9 9 6 8 7 3 2 8 4 9 3 7
667 6 3 7 4 6 6 5 3 6 5 5 9 7 7 10 3 1 10 7 3
671 7 2 8 8 4 4 5 9 6 2 9 2 5 5 7 4 2 4 5 10
728 7 10 10 9 2 3 3 7 2 5 4 1 2 10 6 5 3 5 10 9
808 5 4 2 8 4 9 7 8 10 8 2 4 6 6 10 10 1 6 8 8
10
705 10 3 9 10 4 4 1 8 4 2 10 9 7 1 2 8 10 5 4 7
775 5 9 7 7 8 9 2 1 9 2 9 4 5 4 8 9 6 8 10 3
768 4 6 7 9 1 5 7 5 5 10 4 10 1 3 10 8 7 2 6 3
733 6 5 10 2 7 7 3 2 4 7 5 4 6 9 7 10 6 4 5 2
707 2 4 9 6 9 1 1 8 4 5 8 9 9 10 10 5 6 2 3 8
710 9 9 2 4 2 3 6 3 10 6 7 4 10 1 5 8 1 5 4 6
593 5 2 9 1 3 6 3 10 6 7 4 2 8 1 3 9 4 2 1 3
752 6 4 4 5 7 5 3 6 4 9 6 7 9 9 7 10 2 5 5 2
724 1 10 2 5 7 3 7 2 9 2 7 1 7 9 7 10 4 8 10 3
560 3 5 3 3 1 4 1 5 9 4 3 10 3 1 4 4 5 7 5 10
10
643 4 3 4 2 3 7 6 2 10 10 6 1 4 5 7 5 3 1 9 3
727 10 9 3 1 10 5 8 4 7 8 7 8 2 3 4 3 2 5 9 10
669 9 9 1 5 4 1 7 2 1 6 5 3 6 2 3 1 10 5 10 8
541 1 6 5 3 3 3 1 6 1 7 1 5 3 4 8 7 3 6 7 5
785 10 8 6 2 8 1 10 3 6 7 9 5 9 2 1 3 7 3 8 6
722 1 5 10 8 10 7 3 8 2 4 6 9 8 9 4 3 10 2 3 5
654 3 8 3 4 3 2 4 9 2 1 8 6 7 9 6 6 10 10 8 7
857 10 10 8 3 5 5 9 7 3 3 8 9 10 6 7 9 7 3 8 4
556 2 9 4 1 6 1 4 10 5 9 6 3 4 3 3 2 7 2 4 3
648 3 6 5 6 5 3 7 9 3 1 3 7 9 7 7 6 4 6 4 3
10
778 9 10 9 7 10 1 4 5 7 8 6 5 7 5 4 5 4 1 5 7
716 1 4 4 10 5 9 8 6 7 8 5 3 4 9 5 5 10 6 5 1
648 9 1 4 6 10 9 1 4 2 2 6 10 5 8 2 9 8 1 6 6
878 10 2 7 3 10 8 7 2 10 10 7 10 10 5 4 7 5 6 7 3
713 8 3 6 1 5 7 1 6 2 1 8 9 10 3 8 10 5 6 10 5
682 10 7 4 7 1 1 10 7 6 3 1 7 7 10 7 10 9 2 5 1
675 2 3 7 9 7 3 9 5 5 6 6 7 2 4 2 1 3 1 6 7
806 5 9 3 2 9 10 6 9 9 8 9 9 1 2 1 3 8 10 10 9
565 4 2 5 1 9 3 10 5 2 2 4 4 4 1 5 5 4 4 9 3
622 3 7 3 10 10 6 4 5 4 2 1 6 3 1 5 4 6 7 8 6
10
575 8 3 7 5 7 2 4 1 2 2 2 6 8 8 7 9 1 1 4 3
618 1 9 3 5 1 7 4 1 8 6 4 7 1 10 1 8 6 6 4 5
627 7 10 10 1 5 9 1 8 3 5 4 6 4 2 8 4 7 2 1 9
683 7 9 1 1 5 7 6 8 8 8 7 8 5 8 1 1 1 2 10 5
581 8 4 3 1 4 5 4 4 3 4 7 5 3 2 7 10 8 2 2 8
630 2 1 2 9 4 6 10 7 10 5 3 1 6 6 7 6 3 9 6 1
773 3 8 8 9 7 10 2 3 10 9 6 5 7 5 1 5 4 8 6 2
769 2 4 4 9 9 10 6 2 7 4 5 10 10 2 8 6 4 7 9 2
791 9 7 1 7 9 9 8 10 3 8 6 5 10 4 7 7 10 6 4 1
692 5 7 5 8 7 5 5 5 9 2 5 7 5 8 6 10 5 5 2 1
10
760 8 3 8 6 3 7 2 3 3 5 10 10 6 6 4 10 4 1 10 3
663 10 3 8 3 5 1 10 4 3 3 10 10 6 7 10 2 3 4 2 6
728 2 6 3 9 7 3 9 1 6 1 2 5 1 7 4 9 10 8 8 7
530 2 10 4 3 2 2 10 9 5 6 7 2 4 7 1 1 3 7 2 1
749 2 3 5 2 8 8 7 3 3 8 7 8 1 8 6 9 10 4 7 4
566 2 9 3 8 2 4 2 5 2 4 9 3 2 7 7 1 5 8 1 7
715 2 5 10 9 4 6 10 3 10 1 2 5 1 1 7 7 4 7 8 6
747 10 9 10 6 7 7 4 4 8 5 6 6 3 4 8 1 6 2 10 1
682 5 1 10 3 10 2 7 4 1 2 5 7 10 3 10 3 6 9 3 10
781 5 5 6 6 3 9 7 5 5 9 1 7 6 4 5 3 3 10 10 10
10
749 8 8 4 4 9 6 7 10 7 8 4 9 6 8 6 8 3 7 3 4
781 8 3 8 6 10 3 4 5 5 10 7 10 9 10 6 4 9 5 1 9
781 7 8 1 4 7 4 7 2 4 10 3 3 6 4 5 10 9 10 9 6
541 3 3 7 3 4 2 1 2 3 9 9 4 9 3 1 3 1 6 6 2
820 2 9 1 5 7 2 10 10 5 8 10 10 8 7 6 3 6 1 9 7
600 10 3 6 1 7 10 7 1 5 4 3 3 5 2 7 1 10 5 2 5
729 2 6 10 10 6 5 6 3 10 1 3 9 6 8 10 7 5 1 5 5
807 4 10 7 8 9 7 6 5 2 2 5 10 10 10 7 6 8 1 5 6
677 1 10 1 6 6 4 5 6 6 4 3 5 6 2 10 3 10 6 4 8
654 5 2 9 8 7 2 5 3 8 1 5 7 2 10 9 8 3 8 8 1
10
806 9 1 2 10 10 6 8 4 2 9 2 6 9 5 5 10 1 3 4 10
716 4 7 6 5 5 1 4 7 3 8 7 2 3 7 10 8 6 6 8 10
569 8 1 8 1 7 6 7 1 6 2 7 10 6 3 8 1 8 10 2 2
672 10 6 6 5 4 4 9 9 8 8 4 3 9 5 2 6 3 5 3 1
600 2 5 7 2 7 4 2 4 6 1 3 7 5 5 4 8 3 10 9 8
705 4 10 2 10 2 1 5 6 3 4 8 1 10 9 6 8 1 4 7 3
870 6 3 2 7 5 8 9 9 3 8 7 3 9 3 10 10 1 4 9 9
808 7 5 5 7 9 10 8 9 6 4 9 7 8 3 2 10 1 4 7 1
551 2 10 6 6 1 5 3 8 3 6 1 3 8 2 8 1 2 8 7 1
741 5 1 8 2 3 5 5 6 10 4 9 7 7 10 8 7 8 4 10 5
10
677 5 7 7 1 4 9 7 8 1 1 4 1 9 5 7 3 6 7 7 8
700 10 2 3 8 2 4 5 1 5 6 7 3 9 9 5 9 10 5 2 5
647 2 3 8 5 8 2 6 7 5 5 2 1 7 6 6 6 2 2 7 8
792 7 5 2 7 9 8 8 4 1 8 9 8 10 8 8 6 9 4 1 5
643 5 1 9 3 4 1 10 10 3 2 5 5 10 3 3 7 4 10 8 1
650 8 7 9 9 2 10 1 9 5 5 1 10 3 8 2 10 10 5 1 1
658 8 4 3 4 1 4 7 4 3 10 7 9 7 7 3 5 5 5 2 6
797 4 8 6 7 9 5 9 1 1 10 2 2 8 1 5 4 6 1 6 10
727 8 2 9 9 2 8 7 6 7 4 6 6 7 2 4 3 2 2 9 6
669 10 6 1 8 1 9 2 4 10 3 8 2 6 9 5 6 3 6 5 5
10
668 10 3 10 1 3 7 10 4 5 4 6 2 4 5 10 7 4 10 7 1
727 6 10 10 7 4 4 8 9 4 8 6 1 6 6 9 2 8 10 2 3
700 10 7 5 2 9 5 8 2 2 4 4 2 10 7 1 7 4 9 6 5
656 5 3 2 7 3 5 7 7 4 5 9 3 5 3 6 3 2 10 9 9
720 6 9 9 2 5 2 5 5 1 8 9 10 7 7 3 8 1 4 6 3
651 6 6 3 7 3 2 3 10 1 9 1 7 6 5 3 8 4 5 10 1
600 2 3 5 5 5 5 2 3 8 9 7 9 1 3 4 6 7 4 1 6
639 5 2 7 8 10 4 4 2 2 2 5 8 3 6 3 10 2 7 9 1
776 2 10 2 8 8 10 9 3 10 10 4 10 1 7 10 3 3 8 2 7
578 5 6 4 8 1 4 2 1 10 1 8 8 3 6 3 7 9 9 6 1
10
665 4 8 1 2 3 10 10 9 10 4 9 6 1 1 7 4 9 1 6 4
616 9 7 8 5 6 3 5 8 2 1 9 8 9 1 8 1 10 3 3 1
866 1 6 2 8 7 10 4 1 5 7 1 7 8 7 6 10 10 9 10 8
623 3 8 3 1 1 6 5 4 7 2 8 4 5 5 4 6 6 10 6 10
692 10 1 3 5 2 7 4 7 10 2 9 3 5 5 9 6 6 1 9 10
848 8 5 3 10 7 10 10 7 4 7 10 2 8 5 9 10 2 3 4 3
697 10 4 10 3 8 9 3 4 4 4 2 2 8 8 6 10 5 9 3 8
571 6 2 2 2 7 3 3 4 1 9 10 5 9 7 5 7 2 4 1 1
791 9 3 8 7 2 7 7 5 10 10 10 3 7 6 10 1 5 5 5 5
692 7 6 8 1 7 1 7 6 6 4 3 10 7 6 4 10 4 9 5 6
10
827 3 4 3 9 5 10 6 5 5 10 8 6 8 4 9 9 2 6 4 9
879 10 6 7 6 6 8 10 3 3 10 6 9 8 6 4 8 3 9 9 5
684 9 6 3 4 5 4 2 10 6 6 10 9 3 3 8 9 5 8 6 7
651 7 4 6 6 8 6 3 2 2 7 8 4 9 1 6 4 3 1 7 2
789 4 10 6 10 2 7 9 2 3 8 3 4 5 9 10 3 8 1 7 6
683 10 3 5 3 2 8 7 7 2 8 4 8 4 6 4 8 3 9 6 1
491 5 7 1 5 6 1 1 4 8 3 6 1 7 3 2 1 5 5 2 9
833 9 10 4 8 2 9 6 10 7 9 1 3 9 7 1 10 6 1 9 6
603 10 4 7 1 6 1 9 5 10 8 1 6 1 9 9 4 9 8 1 6
721 5 1 4 8 10 6 5 6 2 10 6 3 7 8 9 2 2 5 6 4
10
740 10 3 2 5 8 4 9 10 4 2 10 1 8 9 2 9 10 8 5 2
767 4 2 1 8 10 9 3 9 4 9 10 8 6 6 7 10 4 2 3 10
705 1 10 9 8 8 1 6 7 3 1 2 4 5 8 8 5 4 3 7 8
804 1 9 6 8 2 6 10 2 10 1 9 5 6 8 6 4 9 5 8 5
762 5 4 10 7 10 8 7 4 8 1 1 10 5 1 10 1 5 10 9 10
753 9 2 3 7 10 9 5 2 10 9 10 10 3 9 8 5 7 8 3 4
762 2 1 5 7 8 3 8 2 4 6 6 9 8 1 2 5 5 6 10 10
773 10 8 2 2 1 5 4 5 7 8 8 10 10 6 9 9 3 6 7 1
633 7 1 8 4 10 8 3 9 3 9 1 7 2 10 5 8 1 1 4 7
733 5 6 4 4 9 9 7 9 9 6 5 6 4 3 10 3 1 10 8 6
10
730 8 7 6 9 4 2 3 4 4 7 9 6 7 8 2 8 6 2 5 4
732 4 10 6 3 8 8 10 7 5 5 1 6 5 10 3 4 4 9 6 8
736 7 5 9 7 3 4 10 9 7 5 9 4 1 1 9 4 8 2 2 10
667 5 10 4 3 1 10 2 3 4 1 7 1 4 1 10 7 5 3 9 9
544 3 2 7 3 9 7 2 10 1 5 5 3 4 5 5 2 8 2 3 7
692 6 4 7 2 10 5 3 9 8 9 5 7 5 5 6 2 10 2 4 7
878 2 9 7 10 6 9 3 9 10 6 5 4 10 9 4 8 6 10 8 7
635 10 1 10 6 9 5 1 1 1 7 1 4 3 9 2 8 10 4 5 5
739 9 5 7 8 5 9 8 8 10 7 5 4 1 10 1 7 3 2 3 9
743 3 9 3 6 4 3 9 10 1 2 7 8 6 1 9 10 6 8 4 8
10
766 8 4 3 9 8 8 2 5 2 1 8 9 4 6 7 10 2 10 8 10
525 5 1 3 3 1 1 5 3 4 1 6 8 7 6 5 3 4 9 1 10
628 4 10 4 2 3 5 7 1 6 9 5 9 5 5 8 4 2 9 2 3
633 3 6 8 2 8 1 1 6 9 4 9 1 1 2 10 9 2 8 7 10
534 6 4 1 9 4 3 2 3 6 3 6 3 10 7 6 1 2 9 1 8
681 5 2 8 8 9 9 6 4 8 5 10 4 7 1 2 1 6 2 5 4
829 6 5 3 7 3 10 1 9 6 10 9 3 9 1 8 10 3 1 10 4
827 8 10 8 3 6 6 9 7 2 6 8 9 10 3 9 3 5 3 4 10
827 4 8 5 9 7 10 10 5 5 9 1 9 4 7 7 6 3 7 2 10
736 3 8 7 1 4 4 3 9 9 10 7 10 2 6 2 3 9 1 9 8
10
696 8 5 2 6 7 4 10 5 9 9 1 3 1 2 8 9 9 5 2 7
683 7 3 8 2 3 10 3 1 7 4 5 6 7 6 9 3 5 8 8 9
654 10 6 5 7 6 2 8 9 3 8 2 2 2 5 1 8 2 7 10 2
781 10 5 2 10 1 9 7 5 9 7 3 6 7 6 6 5 7 8 8 2
744 6 6 5 8 4 6 6 7 9 8 9 2 7 8 1 9 2 10 1 9
581 8 6 5 4 5 1 4 7 7 6 3 2 2 3 7 4 8 1 6 5
765 9 3 9 3 8 3 6 3 2 8 8 8 1 4 10 7 2 1 10 8
639 3 10 4 3 6 5 5 7 9 7 10 5 1 2 8 6 7 7 3 3
781 3 8 6 5 10 7 6 4 3 10 5 2 1 9 6 7 5 6 10 1
682 3 8 6 6 9 9 6 10 4 2 4 1 9 9 6 2 1 9 7 5
10
633 9 10 4 10 4 7 2 10 1 8 2 10 1 10 2 7 2 10 2 5
764 8 7 2 9 6 6 4 2 5 10 9 4 10 9 4 2 5 1 7 5
740 1 10 1 10 4 8 5 7 3 4 7 7 1 7 3 10 9 7 8 4
611 9 6 1 9 2 3 2 1 2 8 6 10 8 2 5 1 8 5 4 1
818 8 4 10 7 9 8 1 9 9 9 3 9 10 10 10 3 3 3 9 4
646 4 2 3 2 4 7 6 4 10 5 10 8 8 4 1 7 3 6 1 8
597 3 8 3 2 2 2 7 5 4 9 6 3 1 9 6 8 2 4 3 3
828 3 5 9 2 2 5 10 6 10 7 10 5 5 8 8 4 10 8 8 8
779 9 2 10 9 6 8 7 2 4 3 9 3 5 9 9 6 10 9 1 7
779 8 7 2 7 6 9 5 10 1 9 9 5 10 7 3 4 7 10 3 2
10
663 3 8 4 6 8 7 6 4 2 2 4 5 3 9 3 6 10 7 4 9
720 3 7 1 4 2 10 9 1 5 1 3 10 6 5 2 10 9 9 4 10
586 5 8 1 9 6 2 2 5 6 4 5 10 2 6 3 7 3 5 4 6
872 5 8 9 8 9 8 8 8 3 7 7 1 10 5 10 4 7 6 3 8
713 3 10 7 3 1 8 8 5 8 5 9 10 9 9 1 1 9 5 4 1
506 7 3 3 4 4 4 9 7 4 2 4 7 3 1 8 7 1 4 3 2
565 6 3 1 8 4 2 5 6 2 4 4 1 9 3 5 3 3 3 8 4
762 3 4 2 9 5 7 9 5 5 6 5 9 7 9 6 1 5 7 8 7
710 5 10 5 2 10 1 4 8 3 7 10 6 9 4 7 7 3 3 4 8
805 3 8 9 3 4 10 6 2 5 8 9 9 9 9 9 7 1 8 2 8
10
629 4 1 8 8 1 8 3 1 4 7 9 7 5 1 2 5 2 4 3 6
713 2 7 7 4 6 1 1 2 10 10 9 9 8 5 5 1 9 2 9 3
637 7 7 7 9 1 5 1 6 10 5 8 8 4 4 7 8 3 4 3 2
662 6 1 8 6 9 3 7 6 1 9 5 4 2 9 10 5 1 6 2 6
657 10 3 1 10 10 1 2 7 5 4 9 2 9 1 3 4 9 7 5 4
787 1 5 10 2 8 9 9 9 5 10 7 4 6 6 6 5 3 1 7 5
620 9 3 6 9 4 6 6 8 4 3 7 2 1 3 4 6 2 8 6 2
670 9 3 10 8 5 4 2 4 3 10 3 9 3 3 6 2 10 8 8 1
671 10 8 5 10 4 8 3 5 10 5 3 4 3 8 2 7 8 4 3 4
674 9 3 1 3 7 7 3 8 5 9 7 2 2 10 4 3 7 6 10 8
10
650 1 6 5 4 3 8 1 9 8 4 2 10 10 3 9 6 2 7 6 4
659 1 6 3 8 1 8 4 1 6 9 5 10 7 2 2 4 6 1 3 5
704 9 3 4 5 2 3 9 1 9 4 8 6 7 9 1 3 10 2 5 7
727 3 9 6 2 1 9 10 7 9 8 1 4 1 8 8 10 4 10 1 10
686 2 3 6 9 3 8 7 10 9 1 5 5 3 6 6 3 10 3 10 2
541 7 5 2 10 4 7 2 1 1 4 4 3 2 4 6 5 3 9 4 6
639 10 3 1 10 5 9 5 5 4 6 8 5 4 8 8 1 2 2 4 3
623 9 2 1 8 8 3 4 10 7 6 8 10 2 10 10 3 5 2 5 1
691 6 6 6 1 10 7 7 2 5 4 8 9 3 7 2 3 6 5 8 1
736 2 5 5 5 10 5 6 8 8 8 7 4 7 3 1 10 4 8 2 5
10
643 9 4 9 4 10 9 3 3 9 5 4 3 4 6 8 8 7 8 1 2
675 9 5 4 7 1 5 5 2 9 9 3 9 6 10 8 1 2 7 2 7
867 10 7 9 4 8 7 5 6 4 10 9 7 7 2 8 7 4 5 7 10
677 4 7 10 1 4 9 6 1 5 3 2 9 9 10 5 4 1 8 2 8
695 3 5 9 2 10 3 1 9 6 7 9 4 8 8 5 2 10 7 3 5
685 10 7 8 2 4 4 6 8 10 6 6 2 6 6 1 5 6 4 6 6
741 5 3 9 8 9 9 1 9 5 4 10 2 10 4 1 2 8 7 2 10
743 5 1 2 5 2 9 9 1 10 4 7 10 7 9 2 6 7 7 9 7
711 2 4 7 3 2 10 4 9 6 1 8 9 10 3 10 9 2 8 6 7
676 3 9 8 4 10 9 4 1 7 2 1 1 9 5 8 8 2 2 4 5
10
640 9 4 10 4 3 4 6 6 8 7 9 1 4 2 1 8 2 3 3 5
766 2 4 9 6 4 7 4 6 2 6 2 8 8 4 2 8 10 10 10 3
639 5 10 8 1 1 1 1 2 7 9 6 9 2 3 9 6 10 10 7 2
673 10 7 3 3 3 1 7 6 9 5 6 9 3 6 5 6 10 5 4 5
685 1 10 8 5 7 9 2 4 2 6 7 7 4 3 2 4 6 9 2 9
382 2 5 5 2 3 1 5 6 7 4 2 8 2 3 1 2 2 3 1 1
658 8 4 2 4 4 10 3 10 4 9 9 10 5 3 6 3 8 4 4 2
788 8 10 4 3 10 10 7 9 3 3 4 4 9 2 9 8 6 10 4 6
788 10 7 8 7 2 3 9 2 8 9 8 3 5 4 1 10 10 10 2 1
737 10 6 1 10 6 5 5 4 6 3 9 10 10 9 2 3 6 3 10 2
10
707 10 7 3 10 4 1 1 2 9 5 8 7 5 4 8 10 8 4 4 10
646 4 4 1 6 3 1 9 2 2 3 3 7 9 6 6 2 9 3 10 5
762 6 9 6 4 5 8 9 7 3 5 8 7 2 2 9 8 8 7 3 8
818 9 9 5 8 8 8 10 6 4 9 5 10 5 6 5 3 7 2 1 7
555 1 8 2 3 8 1 1 8 9 3 6 3 1 7 7 8 5 4 7 7
604 8 5 2 3 8 5 7 2 1 10 7 5 1 8 2 2 6 4 3 9
881 5 3 9 3 10 7 9 4 4 10 9 4 10 8 7 2 6 2 8 10
752 10 1 7 5 6 5 10 5 9 3 9 10 3 4 3 7 7 5 5 9
743 6 9 10 1 5 4 9 10 8 8 1 2 5 9 3 5 9 2 5 5
778 4 4 10 7 5 8 4 4 9 7 3 3 10 1 3 9 7 7 6 6
10
592 8 3 6 7 10 5 4 4 4 3 9 2 3 5 3 1 7 5 4 1
798 2 10 6 9 4 5 8 2 6 9 4 6 5 4 3 6 10 10 4 7
498 4 1 2 6 7 6 5 4 8 2 5 10 1 4 8 5 1 1 3 4
604 3 9 2 2 4 3 3 8 9 8 3 2 9 2 5 6 3 5 5 6
702 7 1 2 8 3 1 7 9 8 9 7 3 3 9 10 7 1 8 8 4
806 6 1 8 1 10 4 10 2 9 9 2 9 9 4 10 10 4 1 8 4
699 9 5 7 1 5 3 3 1 9 3 10 8 10 7 5 5 4 9 9 7
614 4 4 7 9 9 1 3 3 3 2 2 5 7 3 9 7 7 10 5 5
636 5 10 10 7 5 2 3 2 5 6 1 10 4 1 5 3 7 3 5 6
577 3 4 7 5 5 4 5 8 1 8 2 6 1 10 1 5 8 4 2 7
10
883 4 5 3 8 8 7 9 3 3 10 10 4 10 9 9 5 9 8 10 1
786 7 5 7 5 10 5 8 10 8 5 8 8 3 5 5 10 3 6 7 2
803 4 7 5 10 9 4 9 7 2 2 10 6 9 5 6 5 9 9 8 1
668 3 8 10 1 1 9 1 3 3 2 1 9 9 8 6 2 5 9 7 9
595 10 2 3 4 3 10 3 7 4 5 10 7 3 3 10 2 3 3 4 8
663 1 6 1 8 4 8 7 1 6 6 9 2 2 7 3 2 1 6 7 10
812 9 5 5 4 3 8 4 1 1 8 10 9 8 7 6 9 6 10 5 6
815 2 8 9 6 5 7 5 1 9 9 10 6 9 5 8 4 4 9 5 3
670 10 3 9 3 2 7 1 9 8 6 10 2 2 1 2 6 7 2 8 6
522 7 6 4 2 1 5 2 8 9 6 3 1 5 1 7 2 10 5 4 5
10
645 10 2 1 2 9 3 3 9 5 3 8 6 10 7 8 5 6 8 3 6
623 3 5 4 7 8 5 9 2 4 1 9 7 5 9 4 3 6 8 1 1
612 3 8 3 6 1 2 5 10 4 6 3 3 4 10 5 6 10 9 1 4
763 1 5 8 9 8 3 1 8 10 9 7 6 10 8 9 2 1 5 9 6
586 4 5 2 7 6 3 3 10 6 2 7 3 4 9 10 6 3 5 1 6
769 1 4 10 7 7 5 7 5 6 10 10 6 5 4 1 4 10 1 2 7
805 6 10 1 5 7 3 4 4 10 9 2 4 7 10 7 8 1 6 10 10
646 6 1 4 3 5 5 9 1 9 6 2 6 8 3 1 4 1 3 9 2
647 6 8 5 10 7 9 3 8 6 1 3 6 4 6 3 1 1 2 10 9
758 5 7 7 10 9 3 4 7 1 3 8 9 4 8 4 9 6 6 7 2
10
661 6 4 7 8 3 5 9 9 9 3 2 6 7 5 7 7 4 2 3 2
699 5 9 8 10 3 5 3 8 2 10 5 6 1 5 9 3 2 8 8 1
838 10 6 9 8 8 10 5 8 2 6 7 6 7 4 10 8 2 7 7 8
630 2 2 7 2 7 4 4 4 7 6 4 7 4 1 10 10 8 4 6 1
680 6 9 4 7 1 4 9 3 9 5 10 8 1 7 8 6 4 4 5 3
639 4 5 1 4 2 4 3 2 6 10 2 6 2 9 2 7 9 2 10 2
544 10 1 10 5 1 3 2 4 3 3 7 3 1 7 3 3 7 4 6 5
563 7 6 7 2 4 5 4 4 7 3 9 3 2 8 6 4 3 1 1 5
603 7 4 4 6 2 8 5 7 3 1 4 6 7 5 4 5 5 9 4 8
677 3 10 10 4 10 1 9 5 3 7 10 3 3 5 6 2 1 10 4 5
10
740 1 3 6 2 9 9 9 1 10 2 6 4 5 8 7 8 10 4 3 7
631 2 4 2 3 3 3 6 8 2 10 6 1 2 4 4 10 1 7 4 10
790 3 9 1 1 9 9 9 4 9 9 4 7 9 6 5 5 9 8 2 7
627 1 9 5 9 5 6 4 8 2 9 6 9 3 3 7 1 8 2 1 1
724 8 2 10 6 10 10 2 5 4 10 6 4 2 3 8 5 8 5 5 7
580 7 3 2 6 3 3 3 3 5 2 1 6 9 5 7 9 10 10 6 2
686 9 6 3 6 2 3 3 8 9 7 9 3 8 9 3 6 7 7 1 7
680 9 1 3 9 3 3 2 1 8 7 8 9 5 2 3 7 10 7 6 3
778 9 4 4 9 10 5 8 5 4 4 9 7 2 6 5 10 7 5 2 9
680 10 7 10 4 5 1 8 3 3 9 4 5 3 1 10 7 7 10 2 6
10
590 3 5 6 6 5 7 6 2 1 3 5 8 8 3 9 3 5 7 1 2
576 3 5 7 1 9 4 8 6 10 4 2 4 6 6 6 3 8 10 1 1
716 6 10 3 7 4 5 3 9 5 3 7 9 10 9 9 5 4 2 9 1
643 4 4 3 8 1 2 7 10 10 6 3 8 2 6 8 2 6 4 8 6
670 8 1 10 10 9 7 1 3 3 2 3 5 8 7 6 1 5 5 10 2
726 2 9 5 8 8 1 3 2 8 10 9 9 9 3 10 7 1 1 1 6
722 2 10 4 3 2 5 3 5 1 7 8 1 8 10 8 8 1 7 6 8
761 8 3 10 3 4 6 7 10 5 8 6 10 4 4 10 5 8 4 8 7
631 4 4 3 3 1 5 3 3 9 8 7 9 6 1 1 3 8 9 9 4
657 1 4 10 6 6 1 6 4 9 3 3 5 8 1 5 3 5 5 5 9
10
460 3 10 2 4 2 6 5 2 1 4 5 1 1 8 7 1 2 4 2 1
707 2 9 1 8 6 6 10 8 7 2 7 9 3 10 7 1 4 7 8 1
765 2 6 8 8 3 7 10 8 1 7 4 3 4 2 8 4 9 6 8 9
698 6 8 9 3 6 2 9 5 6 2 2 3 6 9 4 1 3 9 9 8
629 4 1 3 1 7 7 2 6 3 6 4 3 6 9 9 9 9 9 9 2
672 2 2 4 6 9 6 1 3 5 10 4 2 5 2 2 10 8 4 6 9
689 9 2 7 10 2 3 1 10 10 4 8 7 5 9 4 9 6 1 10 3
457 1 1 4 1 8 8 3 9 10 1 5 6 3 6 7 4 3 5 2 1
800 4 7 6 4 10 6 9 3 2 9 3 10 9 3 3 5 8 9 4 3
593 7 2 5 4 6 4 2 2 5 6 5 7 6 4 7 6 8 7 3 3
10
616 8 5 4 9 7 8 1 9 2 3 7 7 1 7 10 1 9 2 2 8
705 8 10 2 9 6 10 2 4 1 2 4 6 10 7 8 1 2 3 9 6
653 1 2 7 5 9 4 3 8 2 10 6 5 5 4 3 3 7 2 1 9
892 9 6 5 7 10 2 7 7 7 10 10 7 8 1 7 10 8 9 6 6
686 1 6 3 6 8 6 4 5 10 2 10 10 7 9 4 1 9 6 2 5
604 1 1 8 1 7 2 4 3 1 10 9 6 9 5 5 4 7 2 4 2
850 3 9 10 9 10 10 5 3 10 6 9 8 2 2 1 9 8 4 3 5
585 10 5 2 3 4 5 2 8 8 8 6 4 9 3 5 1 4 7 7 2
817 5 2 10 9 8 5 7 10 2 6 2 7 5 7 10 4 8 6 8 10
568 6 2 7 6 8 2 6 4 4 1 5 4 3 1 6 7 2 10 4 4
10
698 4 6 3 10 4 6 2 8 5 10 6 7 7 8 4 3 7 10 1 5
808 1 10 7 8 5 8 5 7 9 6 10 2 10 4 4 7 1 10 2 8
700 10 9 6 7 10 5 6 2 3 1 10 10 1 8 1 3 1 6 7 8
655 6 3 7 4 1 4 3 2 10 9 4 9 4 7 4 7 6 9 4 6
766 8 9 8 2 5 7 3 10 8 10 9 7 1 10 9 4 10 2 7 6
715 3 7 8 5 7 10 7 7 8 1 3 5 9 8 3 4 6 7 5 4
637 7 8 5 5 2 6 4 7 1 1 1 7 6 9 9 9 7 6 2 6
744 2 4 10 4 8 7 7 10 8 1 2 4 6 5 1 7 9 1 10 4
755 4 1 6 8 7 6 10 2 10 6 7 3 10 10 7 5 8 2 5 1
778 10 9 3 5 10 5 2 1 4 5 8 8 8 7 8 5 9 10 7 3
10
777 4 8 10 10 6 5 2 2 2 10 7 5 9 10 10 5 7 5 4 2
699 7 4 1 10 1 5 5 7 7 6 2 5 7 4 1 8 10 6 7 10
714 2 10 1 5 3 10 9 5 8 3 10 3 3 10 5 2 5 2 4 9
738 8 6 1 3 5 10 6 9 4 8 1 8 9 8 2 9 6 8 2 8
797 2 10 2 9 9 10 6 10 4 6 10 1 2 2 6 8 4 10 5 6
631 9 3 7 3 4 2 9 4 9 2 6 9 9 3 10 3 6 3 1 8
796 5 10 6 2 3 6 6 4 8 10 8 5 8 2 7 6 1 6 6 7
819 1 8 6 9 2 10 7 5 4 7 6 5 8 2 4 8 4 2 4 10
776 1 10 5 7 8 9 3 1 5 10 3 5 1 2 10 5 7 10 7 6
831 2 5 9 5 10 7 4 5 10 8 8 8 9 9 4 9 5 4 3 4
10
656 7 1 4 9 2 5 8 10 5 3 7 6 5 9 7 8 2 9 6 2
643 6 3 2 6 4 9 7 8 7 7 6 4 7 3 3 1 8 9 4 4
764 3 4 9 4 5 9 6 4 5 9 8 9 9 5 3 1 1 3 5 7
675 5 4 7 1 4 2 8 6 9 5 7 10 4 3 7 8 6 7 6 2
885 9 9 8 10 5 3 9 2 3 7 5 8 10 5 9 2 1 10 9 10
858 6 10 3 8 4 9 10 5 9 7 4 10 10 2 8 1 6 4 6 7
669 9 6 3 6 9 6 5 4 2 3 5 2 2 6 8 3 3 7 8 10
645 5 8 10 1 4 7 5 1 5 8 1 4 3 8 7 1 7 5 8 4
736 9 7 3 6 3 5 9 9 9 8 1 8 4 10 1 7 3 1 10 6
600 5 5 4 6 5 2 10 10 2 3 5 7 1 4 6 7 2 3 7 1
10
715 8 7 8 4 7 6 7 9 5 1 5 5 4 9 8 1 6 10 6 9
717 10 6 5 7 3 10 10 8 6 2 8 2 8 2 7 2 5 9 8 2
708 1 3 8 4 6 10 7 6 5 3 5 3 4 9 7 9 1 9 6 3
649 5 3 2 4 6 2 10 3 5 5 3 7 4 4 10 4 4 9 7 5
657 5 7 10 7 1 3 5 5 6 4 6 1 2 1 4 6 9 5 4 7
732 3 8 2 9 1 2 7 10 6 8 7 10 10 5 7 5 5 5 5 5
820 9 9 8 4 3 10 8 2 8 5 7 8 5 8 7 7 2 9 5 5
937 8 8 7 8 8 7 4 7 1 8 9 2 9 2 5 9 9 9 10 7
758 1 9 2 9 2 5 7 4 6 5 7 2 6 7 7 8 5 1 10 6
717 6 6 8 5 8 9 9 10 5 4 2 3 2 10 5 7 3 2 4 8
10
678 7 8 9 10 3 2 4 10 1 7 7 2 2 2 3 3 2 8 8 10
701 1 5 1 5 4 9 6 3 7 7 10 6 8 8 1 8 2 9 2 8
659 2 5 6 6 1 1 6 3 2 5 8 8 2 6 5 10 2 5 8 8
634 6 7 6 7 4 5 2 8 5 9 9 1 2 1 7 3 2 5 7 3
746 9 8 8 9 9 9 4 5 7 4 1 4 5 10 1 6 9 5 4 3
613 5 6 6 1 9 1 2 6 4 9 2 7 8 4 1 10 2 7 4 1
578 3 2 10 7 5 1 3 10 10 3 4 6 1 7 5 7 1 8 6 6
664 10 7 10 4 3 7 1 1 9 8 7 6 9 8 9 1 4 10 2 4
679 5 5 6 8 7 10 5 4 5 4 7 2 3 9 6 4 7 4 4 1
841 6 9 8 9 8 10 8 9 8 7 10 9 5 8 6 8 2 2 3 3
10
639 4 5 9 9 9 2 3 2 3 5 6 6 8 1 10 4 2 5 2 3
598 4 7 1 1 5 1 9 7 4 1 8 9 9 5 7 2 4 6 10 1
715 5 3 8 2 3 10 2 1 6 10 5 5 1 10 7 9 3 8 5 10
709 10 3 10 6 6 6 10 1 7 4 8 2 1 5 9 4 1 6 4 9
740 6 8 9 1 9 3 6 5 8 1 7 9 9 10 6 9 7 10 5 1
847 7 10 6 4 6 9 5 9 2 7 2 9 8 10 3 6 7 2 8 10
663 1 3 7 5 5 6 7 2 3 7 4 1 2 9 7 9 9 4 2 6
790 7 3 3 7 9 8 7 2 10 8 1 2 10 9 5 8 7 3 7 8
494 9 4 1 2 5 7 2 2 3 4 6 2 2 5 7 9 3 7 1 2
606 2 9 7 1 4 9 4 10 8 7 8 7 3 7 10 1 7 4 1 3
10
787 2 9 9 5 5 8 4 4 10 7 4 8 4 7 1 9 9 2 10 4
686 6 7 5 2 6 9 1 1 10 8 10 10 2 10 8 7 6 10 1 5
740 10 10 9 7 3 7 10 7 6 6 5 7 1 9 2 10 1 3 1 7
787 3 3 5 4 9 7 8 9 8 4 5 10 2 10 6 4 7 10 10 9
863 8 5 10 5 6 3 5 1 4 9 10 5 7 10 3 6 7 10 9 7
594 10 10 2 6 1 1 5 2 1 6 7 7 5 1 3 2 4 3 7 2
787 4 7 4 10 10 2 9 3 10 9 3 2 9 6 9 1 8 7 10 2
796 8 10 6 9 8 2 4 7 6 9 5 1 4 9 7 9 3 9 9 4
735 4 6 9 7 5 8 7 3 5 10 1 9 8 4 3 2 6 4 2 10
550 1 9 2 5 6 9 4 3 3 6 1 7 1 10 3 1 6 4 3 6
10
764 10 4 10 10 8 5 8 10 1 3 9 6 1 7 8 6 1 2 8 5
618 8 5 3 4 3 1 5 9 9 3 3 5 10 3 3 7 2 1 6 7
651 1 2 8 5 6 3 3 1 8 4 7 8 2 2 10 6 1 8 10 3
552 7 7 6 2 10 2 1 7 7 1 7 7 6 1 1 3 3 6 9 1
620 9 2 5 3 8 5 1 1 2 3 10 6 7 7 4 2 10 9 5 3
753 4 6 7 3 10 4 8 1 5 6 10 7 1 8 8 9 5 4 5 8
717 3 3 8 2 9 2 7 5 3 2 10 4 1 8 3 9 7 5 8 10
624 8 7 5 4 10 5 2 5 4 5 9 6 2 8 8 1 1 2 10 2
696 2 9 2 1 5 10 7 2 9 8 5 6 7 1 10 1 3 9 6 9
722 9 9 2 8 7 2 4 4 7 9 5 4 7 8 3 7 10 8 4 2
10
696 6 5 8 7 5 8 3 5 9 3 1 10 5 10 5 9 3 7 1 10
908 7 9 4 10 7 9 6 9 3 9 8 2 10 2 3 2 6 10 10 10
700 10 5 1 1 3 9 3 9 7 10 3 9 3 6 10 5 9 6 8 6
610 9 3 3 3 1 2 10 1 3 9 4 7 1 8 10 9 1 9 1 5
736 4 5 6 3 2 8 9 10 5 8 6 5 10 6 2 2 9 4 2 5
682 9 4 9 5 8 8 5 7 8 4 5 1 4 1 5 5 9 1 1 8
612 6 3 2 4 3 4 5 8 6 8 9 1 2 10 7 1 8 8 4 8
632 8 8 7 3 1 9 4 8 7 2 3 9 4 5 10 4 7 7 4 6
713 5 5 1 6 9 7 7 10 6 6 7 7 6 6 7 8 1 7 1 6
497 6 5 9 10 6 4 2 4 8 1 6 1 3 1 6 1 4 2 4 1
10
733 4 4 3 6 10 9 6 5 8 3 1 2 7 8 2 9 7 10 10 3
802 5 4 5 9 1 10 9 6 4 1 6 3 7 8 10 10 9 3 5 5
631 8 7 1 2 6 5 8 8 9 3 3 8 3 1 9 1 7 8 5 10
625 6 4 7 6 2 2 5 5 10 3 6 7 1 9 9 6 8 2 3 7
838 3 5 6 9 10 2 5 10 3 8 10 3 10 9 8 7 7 9 4 5
627 7 9 1 3 7 2 1 6 4 7 2 6 7 2 6 5 7 1 8 9
495 10 2 6 4 1 9 3 1 7 2 1 1 1 7 2 3 10 9 5 6
756 4 2 1 8 10 8 2 6 4 6 8 7 5 9 10 9 3 2 10 5
617 5 1 7 6 5 1 2 2 1 8 7 5 9 6 8 8 3 2 4 5
679 4 5 3 5 6 1 6 1 7 9 3 7 9 3 6 10 2 9 2 4
10
667 7 4 7 3 9 3 6 7 1 2 6 4 10 10 7 10 6 9 2 1
549 6 2 3 5 3 8 5 5 8 1 7 10 1 1 5 1 3 4 6 7
733 10 8 8 4 8 3 4 2 8 9 1 8 5 2 1 5 8 6 6 6
740 9 7 10 5 7 1 5 4 10 10 2 9 2 2 9 10 7 8 4 4
618 8 7 3 1 10 5 9 1 1 1 3 5 6 9 4 10 7 2 1 8
773 10 5 4 2 9 10 8 5 9 9 5 6 9 4 2 6 3 5 3 8
801 3 7 5 7 4 10 2 2 2 6 9 7 10 9 8 7 7 4 5 6
672 3 5 1 9 10 1 7 8 7 9 1 2 5 10 6 9 3 6 1 5
553 5 9 2 3 3 3 4 1 4 4 10 5 2 2 4 1 9 10 3 6
759 7 6 10 2 1 7 8 4 6 4 4 6 3 4 5 10 3 8 7 9
10
601 3 7 2 3 10 4 10 3 5 2 10 9 4 8 3 1 9 8 3 1
768 4 3 7 9 4 5 4 1 1 10 10 10 7 1 3 4 10 7 6 8
560 7 1 4 8 10 6 4 8 2 2 4 7 1 2 4 7 4 5 7 4
784 4 2 9 8 3 8 3 6 9 9 3 4 9 7 5 8 6 6 7 6
750 1 4 6 9 10 8 3 10 7 3 3 10 10 2 6 8 9 4 2 10
685 3 3 1 8 9 8 1 8 5 8 8 2 2 6 1 9 10 3 7 7
737 9 5 6 5 9 8 9 1 1 9 1 1 9 4 4 10 8 2 1 1
598 3 2 9 3 6 2 3 4 5 6 3 9 4 1 8 1 6 10 9 2
540 4 3 5 3 8 2 1 7 5 3 4 4 4 6 7 9 4 2 6 4
630 4 4 7 2 6 2 9 1 10 2 5 10 5 2 2 6 10 8 4 1
10
671 7 7 10 3 3 10 7 1 10 2 7 1 6 3 9 3 9 1 2 6
662 10 2 9 8 7 4 8 9 4 8 3 1 2 2 7 5 3 4 3 7
628 3 3 9 10 9 6 3 8 3 2 8 6 6 8 1 3 10 3 1 5
745 4 8 6 10 2 10 9 7 1 4 7 2 1 7 8 8 7 1 8 4
781 3 10 3 5 5 5 5 7 3 10 8 2 6 10 10 8 9 2 1 8
671 3 1 8 6 9 6 8 1 3 2 9 1 2 1 7 10 6 3 8 5
767 7 7 1 7 10 2 10 2 10 8 10 9 5 5 8 5 2 5 7 5
809 8 4 9 8 7 7 6 1 9 9 6 3 2 2 4 9 5 10 8 10
762 5 8 2 5 9 7 3 7 10 10 10 3 9 9 3 2 10 8 1 7
657 9 6 9 8 5 1 8 9 9 4 2 1 4 4 1 1 5 4 10 5
10
713 4 1 5 9 4 6 10 8 3 4 9 3 2 2 10 6 2 2 10 8
560 6 3 10 7 4 6 7 1 3 2 5 5 7 6 6 2 3 3 1 3
630 5 9 2 4 7 9 2 8 5 5 2 8 9 1 1 5 1 10 5 2
526 7 5 9 9 7 4 2 4 2 1 1 1 3 9 6 3 7 4 7 1
666 7 4 4 7 9 7 4 10 8 2 5 6 1 6 8 3 6 1 8 9
577 7 2 5 5 2 2 7 1 8 10 1 5 8 2 5 6 2 2 1 3
712 6 1 1 4 5 10 2 2 4 7 8 5 6 10 9 7 10 3 8 1
690 4 3 7 9 10 1 3 1 9 6 10 7 3 1 4 4 2 5 10 3
591 8 3 2 4 5 7 5 10 3 4 5 5 10 6 9 5 1 1 4 3
629 9 3 3 3 6 10 9 2 7 2 10 1 6 1 6 3 6 3 5 4
10
825 5 5 6 8 9 7 9 4 4 6 6 3 6 10 9 2 8 2 8 6
512 5 5 2 1 10 5 1 1 1 5 6 10 2 10 4 4 6 2 5 2
794 6 8 10 8 9 10 2 4 4 7 7 1 8 2 7 3 3 9 4 9
686 8 8 1 5 10 3 1 7 10 5 2 6 7 9 7 3 7 3 10 6
704 2 5 9 3 8 3 5 1 2 9 8 7 1 2 4 9 9 8 6 6
632 5 2 4 3 4 9 1 1 2 6 6 5 8 10 10 4 2 2 6 4
748 7 10 6 10 8 2 5 7 7 7 5 6 3 3 5 10 8 4 4 3
577 10 3 1 6 1 2 2 2 7 7 9 4 10 1 6 3 6 6 4 5
796 10 7 8 3 3 8 3 10 1 10 8 5 10 4 1 10 2 8 3 10
957 8 9 10 10 6 6 8 5 10 8 8 10 7 8 6 7 6 6 6 7
10
770 4 6 6 10 3 7 4 6 3 4 6 6 5 10 4 9 6 6 5 9
547 5 6 5 4 7 4 7 7 5 1 7 4 1 6 2 3 2 2 8 1
770 3 7 10 10 1 9 9 8 7 7 6 3 5 10 3 2 1 5 10 1
613 4 4 5 1 9 6 6 3 4 1 1 6 9 10 7 10 7 3 3 4
575 6 7 3 6 4 10 1 5 7 1 5 4 7 8 7 2 1 2 6 3
821 9 10 9 3 5 9 7 1 5 8 9 3 7 8 8 8 5 9 4 4
624 3 8 8 1 10 5 1 4 7 4 4 2 9 2 6 5 2 2 6 3
908 4 10 3 8 2 6 10 3 5 9 8 10 10 2 8 7 9 5 5 6
617 4 2 7 1 9 5 6 8 5 2 9 3 6 7 2 1 10 7 5 10
530 10 3 3 5 3 5 9 5 4 1 6 7 1 6 6 3 8 7 3 4
10
710 6 1 6 9 1 5 6 7 8 8 3 4 5 4 10 2 9 7 7 6
803 2 10 4 6 6 5 10 4 6 10 3 2 6 10 3 8 4 9 3 10
651 5 9 7 6 3 6 9 3 5 5 5 7 6 2 5 5 9 5 1 1
722 6 2 1 5 6 9 7 1 9 9 10 5 7 9 1 3 4 1 8 3
783 7 1 10 2 5 8 10 10 1 10 7 6 7 1 10 3 8 5 9 5
785 10 7 1 5 4 1 7 7 5 6 9 10 9 10 9 4 5 6 9 8
668 8 2 2 1 3 5 8 1 10 2 7 5 5 8 10 8 6 9 8 6
689 3 10 3 5 8 5 6 10 7 6 1 1 8 7 3 9 3 9 1 9
676 1 6 7 2 1 2 2 2 7 9 2 7 10 3 1 3 7 9 7 9
725 5 6 6 10 7 9 7 3 8 2 6 4 6 7 2 3 9 5 2 4
10
785 5 5 8 2 7 6 5 10 8 7 4 8 10 8 6 8 4 8 4 5
891 4 10 7 10 8 7 10 10 5 7 7 10 8 9 8 4 4 1 7 3
587 9 1 7 4 5 4 8 5 1 2 6 6 5 10 4 4 4 3 1 10
727 6 9 1 3 10 10 8 10 8 2 7 6 1 6 1 8 8 2 6 7
715 3 1 5 4 4 8 3 1 6 1 5 8 7 5 10 10 3 10 9 9
678 4 7 10 10 4 5 8 9 2 4 1 1 3 10 4 8 4 4 1 9
631 8 8 1 3 8 7 2 4 2 9 5 2 4 10 8 1 2 8 10 6
672 7 3 3 7 2 9 6 8 8 8 7 4 7 3 4 8 2 6 3 4
589 10 5 2 7 7 3 5 10 3 2 1 5 2 3 6 4 2 8 7 9
846 3 4 9 7 10 4 10 8 1 6 8 5 8 4 5 7 4 4 10 4
10
584 2 9 4 1 4 8 1 9 1 1 7 8 9 5 5 4 1 5 5 6
685 6 7 10 4 4 2 3 6 9 7 2 6 8 1 7 3 5 8 10 7
684 4 6 4 8 8 5 5 10 7 4 5 6 6 7 2 2 6 1 10 3
747 6 5 3 5 9 9 8 2 8 1 9 9 2 5 10 8 5 1 6 10
700 1 9 9 5 5 4 3 9 1 9 6 4 7 4 9 5 3 1 8 1
860 4 9 7 10 10 10 10 4 9 4 1 9 5 5 5 7 8 9 1 10
691 8 10 7 6 2 9 1 9 4 2 6 7 9 2 10 3 2 4 9 5
853 10 10 6 10 5 2 7 2 8 5 6 4 9 9 1 10 5 1 7 9
681 7 10 4 7 10 5 10 7 1 1 3 7 3 5 5 4 4 1 6 7
647 9 2 6 4 1 10 5 4 8 7 1 8 6 8 2 3 8 4 4 4
10
767 6 9 8 6 1 9 6 2 3 4 10 9 3 1 10 7 3 2 8 3
633 5 10 1 4 5 2 9 6 7 3 4 1 3 4 9 5 6 10 8 7
745 5 2 6 8 5 6 9 4 4 2 10 5 4 2 8 10 5 10 9 3
546 3 4 5 8 8 6 4 9 1 1 7 7 1 7 3 4 4 3 1 10
662 8 10 7 7 8 10 3 3 3 2 2 1 3 5 3 3 4 5 7 10
727 9 2 9 7 9 10 4 8 5 2 8 7 5 10 1 1 8 7 8 3
759 7 8 9 9 4 6 2 1 2 7 7 8 6 8 1 10 1 1 3 10
662 3 1 7 4 10 5 3 2 5 3 7 3 9 3 4 2 7 5 9 7
651 9 4 4 6 8 7 10 7 10 3 2 3 6 6 4 3 2 8 6 3
670 1 7 8 1 4 8 1 5 1 10 10 9 5 5 8 2 2 8 2 9
10
740 1 10 3 1 8 3 7 2 10 9 10 5 9 9 6 4 2 3 9 1
682 4 5 1 5 10 2 4 5 9 5 7 5 5 3 6 4 10 3 10 10
597 4 3 7 9 1 1 5 4 7 9 4 5 4 1 7 2 10 6 5 3
686 4 2 1 2 8 6 1 2 1 8 10 4 9 10 3 7 8 9 5 4
688 5 10 6 7 2 2 7 10 2 10 5 6 4 2 4 3 8 1 8 5
660 1 8 4 8 1 4 7 4 9 8 3 7 3 4 4 2 1 4 8 10
845 3 2 8 5 7 7 10 10 5 8 9 8 3 1 10 10 5 5 3 10
683 6 4 8 6 6 5 7 5 7 5 7 3 2 10 6 9 5 2 7 2
719 3 9 8 4 10 7 4 5 2 7 7 2 8 4 8 8 8 5 3 1
751 3 5 1 6 10 5 8 8 7 5 3 9 8 8 6 4 4 8 10 3
10
672 2 8 8 8 3 3 5 5 6 1 4 3 8 2 1 8 7 6 4 8
623 6 5 8 1 3 5 2 8 4 2 7 9 4 7 4 9 4 7 6 6
577 9 5 8 2 8 2 2 6 5 1 10 2 6 10 4 7 1 3 3 5
739 7 10 2 5 10 10 10 4 4 6 5 5 5 10 6 1 1 4 5 5
559 8 1 3 10 8 4 6 2 1 2 9 4 3 1 8 1 7 6 7 2
691 3 8 6 1 1 3 10 2 8 8 10 3 2 6 9 1 3 10 9 4
700 5 4 6 4 1 3 8 5 2 4 2 8 8 5 7 10 3 10 10 2
602 5 8 3 3 6 8 1 8 7 1 1 6 2 1 5 10 5 7 9 7
782 9 10 5 4 4 10 9 7 2 7 5 2 2 2 8 6 7 3 9 6
644 3 5 6 4 8 5 2 10 6 1 6 6 7 4 10 9 5 8 5 5
10
588 7 2 1 9 5 2 10 5 5 7 7 4 4 9 1 1 2 2 1 5
639 9 5 2 7 9 3 5 2 5 5 7 8 2 1 5 8 9 8 4 5
777 3 8 4 9 8 3 4 1 3 8 5 1 6 7 2 10 9 4 10 4
709 9 10 3 5 6 2 2 6 6 4 8 3 10 4 6 6 7 4 9 3
747 3 3 9 1 10 10 4 2 4 5 5 10 7 1 1 10 3 3 5 10
776 9 4 4 8 8 8 10 9 6 2 8 8 1 8 9 7 9 6 4 5
635 7 3 10 7 3 6 6 2 2 7 8 1 1 4 4 1 8 10 6 3
634 8 6 4 5 1 1 1 10 10 6 7 9 6 6 4 4 7 3 10 1
608 2 4 8 5 1 5 7 9 6 5 10 1 4 5 6 7 10 7 1 1
523 8 5 3 5 1 2 2 2 2 2 7 4 5 8 6 3 1 1 9 8
10
502 5 10 1 4 3 1 4 6 5 1 3 7 5 1 4 4 1 5 8 6
745 6 1 8 10 10 5 10 3 5 7 8 5 2 9 1 3 3 7 6 3
615 2 9 6 9 2 9 1 10 5 3 2 2 6 5 10 2 10 3 8 1
470 9 4 1 3 1 2 4 1 8 1 10 1 2 9 3 1 6 6 2 10
662 10 8 9 9 3 4 3 9 3 8 1 2 1 7 5 9 7 10 3 1
723 1 10 7 5 6 8 6 2 3 9 2 2 1 8 7 10 10 7 5 3
681 6 2 7 7 5 9 8 2 3 2 6 7 3 10 2 2 2 9 9 7
743 8 7 3 4 8 7 4 2 5 9 7 9 4 6 9 10 9 2 2 6
615 3 6 5 4 2 3 1 3 7 6 9 9 2 10 1 3 5 10 5 8
749 8 8 1 9 9 4 3 2 5 9 1 4 7 3 9 6 5 1 10 9
10
720 1 10 8 3 3 3 5 3 7 9 10 3 3 2 3 4 10 9 5 5
691 7 4 9 2 8 1 10 2 3 4 1 3 9 7 10 2 10 4 7 2
733 3 5 7 6 10 7 7 6 5 2 10 6 8 6 10 1 1 6 5 6
665 10 10 3 6 10 5 6 5 6 3 3 2 3 7 5 5 3 3 10 4
752 1 3 4 9 7 3 8 1 3 10 2 9 7 3 10 4 8 4 6 7
504 5 2 4 4 4 1 2 3 1 7 7 7 1 8 5 5 7 6 1 7
802 5 5 5 6 8 6 10 8 2 2 6 3 7 3 4 10 9 3 7 7
725 7 1 10 5 5 6 9 5 6 4 1 8 9 9 3 7 2 1 8 5
669 3 1 7 7 3 6 7 5 10 6 4 8 8 7 7 1 6 10 3 2
658 4 1 6 7 3 10 4 5 8 4 3 2 9 6 9 2 6 9 8 5
10
572 10 4 7 9 6 3 4 3 7 2 4 5 4 2 10 1 4 5 1 6
630 8 5 9 2 2 9 1 1 1 8 9 1 2 2 1 5 7 7 10 4
641 4 3 4 4 1 5 3 10 3 8 8 1 3 10 10 2 10 9 7 3
704 8 10 7 10 6 10 2 3 2 5 1 4 7 3 5 6 3 5 8 1
711 8 8 9 8 8 3 6 5 9 5 3 7 1 3 8 9 2 9 6 4
696 6 1 9 10 3 8 9 9 3 4 2 10 4 10 7 4 5 2 3 4
651 9 5 4 6 4 2 2 5 5 7 8 7 10 7 7 7 3 2 3 6
674 10 9 2 4 10 10 4 4 9 7 1 2 4 9 10 5 3 2 4 6
765 10 10 6 2 9 3 6 4 8 1 8 9 6 7 10 9 2 6 6 5
676 9 6 8 7 6 1 2 6 2 7 2 1 6 10 8 4 7 8 6 6
10
706 9 7 3 5 6 9 8 6 5 1 6 8 3 4 4 10 7 7 2 8
896 1 5 3 6 7 6 7 10 4 10 7 9 10 8 7 5 7 10 9 10
724 6 10 2 9 6 3 7 2 1 10 4 3 8 7 9 4 8 2 4 3
638 3 2 4 2 7 4 1 3 1 10 9 3 7 7 4 9 10 7 1 8
676 8 9 9 2 1 1 2 7 6 9 5 10 7 9 5 3 1 2 4 8
607 7 8 6 6 3 7 1 9 10 2 1 7 8 2 1 1 5 6 9 4
721 1 8 8 2 4 2 2 7 3 4 5 4 4 9 9 7 9 4 10 10
627 1 10 10 5 8 2 4 10 9 4 4 6 6 1 2 6 5 2 1 4
702 1 8 9 8 8 3 2 9 7 10 3 10 1 7 8 7 1 9 9 1
679 6 2 9 2 9 9 7 8 5 3 9 3 2 10 6 2 3 5 8 6
10
622 9 7 8 1 7 7 7 5 8 7 2 7 2 2 1 7 9 1 1 1
714 4 8 3 3 5 2 6 7 2 7 3 9 10 7 3 7 5 1 6 6
645 1 10 9 6 3 8 3 3 7 2 2 3 6 4 7 4 6 2 2 10
465 2 1 3 3 1 2 4 4 4 3 3 2 6 9 9 6 4 4 4 1
600 7 1 1 6 2 7 9 9 4 4 6 6 2 8 1 3 9 4 6 3
697 5 1 10 4 2 8 2 9 4 6 8 8 7 8 8 3 5 10 7 8
779 2 5 10 8 7 6 9 4 8 4 10 2 6 1 1 1 8 8 9 6
678 4 5 9 7 8 6 3 7 2 1 8 2 8 5 9 6 9 6 4 2
663 8 2 4 10 2 5 7 2 8 1 2 9 6 9 9 3 4 5 4 8
749 6 6 10 1 4 6 3 7 8 10 2 2 9 5 4 7 2 7 9 10
10
780 9 10 9 8 3 5 8 7 9 3 5 2 5 3 1 10 9 6 7 5
819 5 7 3 7 7 8 9 7 6 7 5 9 10 1 1 3 10 2 8 10
746 3 2 9 4 9 3 8 10 2 3 5 3 5 7 10 8 4 5 9 7
804 2 5 5 8 3 8 2 1 9 10 5 3 7 6 3 10 5 8 10 4
644 10 1 1 9 2 2 5 9 6 8 2 2 6 6 7 10 3 10 2 8
718 1 7 5 7 4 7 10 7 2 1 9 1 8 4 10 4 7 6 2 8
807 1 6 7 8 9 8 8 2 9 6 4 3 10 9 8 6 4 3 4 8
574 8 1 1 3 2 4 6 5 3 7 3 7 7 10 5 5 1 10 1 8
624 9 6 7 10 8 6 2 1 5 2 7 4 8 10 7 3 8 1 1 2
786 6 10 9 6 6 6 7 8 10 1 2 2 8 5 9 4 8 5 7 9
10
650 1 1 8 4 1 10 7 5 9 4 6 8 1 3 9 6 10 5 1 7
641 5 3 5 4 3 3 10 10 2 4 9 3 6 2 7 5 1 7 1 10
746 4 9 3 9 8 7 3 1 1 5 9 3 7 8 8 4 10 10 4 7
785 2 1 9 10 8 4 10 6 1 5 1 10 9 9 10 4 6 6 7 4
614 2 6 3 3 8 3 2 7 3 10 3 10 8 6 6 1 3 8 8 3
709 4 7 6 4 3 9 10 1 6 1 6 9 4 4 1 8 8 1 1 9
638 7 3 4 8 9 1 10 3 9 3 7 1 4 8 7 1 9 1 2 7
760 10 8 6 2 3 3 9 5 6 6 1 7 9 9 8 10 8 8 3 4
664 8 10 8 4 2 2 8 7 5 1 4 3 9 3 1 6 6 5 7 1
628 6 1 9 1 8 10 1 10 1 3 2 7 6 1 1 7 9 10 9 1
10
906 6 8 10 8 8 5 6 10 6 4 5 9 10 10 2 9 8 10 9 9
672 7 2 1 10 7 5 6 2 7 10 2 7 3 10 10 1 5 4 7 8
671 5 5 9 9 10 5 6 3 5 1 5 8 7 3 10 5 5 5 2 3
740 8 10 8 4 4 8 2 8 8 7 2 4 4 6 10 8 5 10 3 9
583 9 4 5 2 5 6 9 9 9 1 1 6 7 6 5 2 9 4 2 8
720 5 2 6 9 5 6 3 7 10 1 5 10 9 3 7 6 10 2 3 7
677 2 2 2 6 1 10 1 6 3 3 10 3 8 2 8 5 9 6 9 9
786 9 6 6 9 9 10 4 5 8 3 1 9 5 10 9 9 3 8 1 9
528 9 1 4 1 7 1 3 3 3 6 4 3 6 1 8 9 7 5 4 2
794 8 3 5 7 6 7 10 4 3 9 10 2 8 2 6 3 4 9 8 4
10
568 1 2 1 2 1 1 9 10 4 2 5 9 1 8 3 6 3 7 10 8
778 10 9 10 4 9 7 10 6 3 4 4 7 8 9 6 1 1 2 7 3
691 2 4 10 7 7 8 1 2 9 9 9 5 1 9 7 5 8 4 1 1
787 2 6 8 7 5 2 9 6 10 4 2 5 8 8 10 6 5 8 8 6
630 9 7 1 3 10 10 4 4 9 8 2 3 1 8 7 5 2 1 4 4
839 2 5 8 5 7 10 4 8 2 9 3 6 10 10 8 5 10 8 9 7
640 5 9 3 4 2 1 2 4 3 5 6 9 8 9 6 10 1 1 3 8
733 2 5 5 10 4 3 3 6 1 5 4 5 9 4 6 10 1 7 9 10
806 5 6 10 10 9 8 5 6 7 9 4 7 7 9 3 1 3 2 9 6
910 10 9 7 8 3 7 8 6 7 5 10 8 9 6 5 9 9 6 1 10
10
814 10 10 8 9 8 5 6 10 7 5 10 7 3 8 1 5 6 8 7 8
594 3 9 5 1 6 1 2 3 4 2 8 2 9 4 10 2 4 1 7 7
619 8 8 10 2 3 1 3 9 3 5 5 5 10 5 1 2 3 7 4 9
547 7 9 3 1 6 7 5 9 6 3 1 6 4 5 3 7 3 10 3 2
640 2 2 4 4 8 9 1 10 6 10 1 5 8 3 4 5 7 7 5 6
678 3 3 3 2 9 4 6 3 1 7 5 5 4 8 7 8 3 9 7 8
796 7 10 9 6 3 9 7 7 1 2 10 2 1 3 9 5 7 9 10 5
732 2 6 5 2 6 8 5 4 10 6 7 5 3 8 6 4 10 3 10 8
695 7 1 8 3 10 4 7 4 2 9 3 4 5 3 4 10 2 8 4 8
833 4 8 3 8 7 6 7 8 2 9 10 9 9 8 10 9 1 2 2 6
10
740 5 6 9 3 9 6 6 9 4 7 2 1 5 10 8 6 9 9 6 6
650 10 1 4 5 6 2 9 10 5 2 10 10 1 8 6 8 4 3 3 8
542 5 3 9 4 2 9 2 7 2 2 7 3 2 5 2 6 3 2 3 4
788 4 1 1 9 3 9 7 10 10 6 10 6 3 4 2 10 10 3 9 4
491 3 1 1 10 8 6 2 9 6 1 6 2 1 1 8 3 7 7 2 5
814 4 7 6 4 8 4 10 9 4 10 10 4 6 6 5 7 2 8 4 9
703 8 8 8 5 1 10 3 1 1 10 5 5 7 7 1 3 2 7 3 9
692 6 10 8 10 4 8 1 8 7 4 3 1 8 3 4 8 4 2 2 3
538 2 2 5 1 3 4 5 5 2 8 1 2 4 9 7 5 2 6 5 10
624 1 1 4 9 4 5 2 1 9 9 2 4 9 3 7 2 1 3 7 3
10
650 8 1 4 10 9 6 1 10 4 4 2 3 4 1 3 7 3 7 8 9
784 1 10 4 2 6 10 3 9 6 7 9 9 9 9 4 4 4 6 4 8
684 1 9 10 8 3 2 2 7 8 5 3 7 6 9 6 2 6 7 7 9
777 4 9 7 8 8 7 8 7 4 5 8 9 2 5 9 6 8 10 1 7
956 9 2 10 8 5 3 8 9 10 10 9 10 10 4 5 8 7 9 7 7
766 7 10 9 10 5 2 1 4 8 7 9 2 8 6 5 1 10 6 8 7
685 8 9 7 6 3 4 2 8 1 8 7 3 4 9 1 2 6 8 7 5
818 6 4 10 8 8 7 10 8 6 9 7 9 5 4 1 6 1 6 1 9
766 5 7 4 1 3 10 8 2 8 5 8 4 2 3 4 6 10 5 10 10
602 2 2 7 7 8 7 1 4 1 3 2 9 5 5 3 3 4 7 10 5
10
779 10 5 8 6 9 9 2 10 3 8 9 5 8 6 4 10 5 2 3 1
786 6 5 7 2 8 5 8 9 5 4 7 6 3 2 7 10 6 8 8 10
709 8 5 3 10 7 1 3 2 1 4 1 4 10 9 10 9 5 9 7 7
513 3 2 8 2 1 3 1 10 8 9 1 10 1 8 8 5 5 8 2 6
783 9 9 5 10 1 9 2 10 2 8 5 10 6 9 8 5 8 4 7 7
570 3 8 6 4 2 2 5 3 5 5 4 7 7 2 2 4 6 3 5 2
715 2 4 6 4 10 4 7 8 10 6 5 7 3 7 8 5 4 10 3 9
618 6 7 3 6 8 9 5 4 4 1 3 6 5 1 1 6 8 6 7 1
726 3 8 3 10 7 1 5 8 8 6 8 10 4 10 7 4 2 9 6 7
734 4 4 9 7 2 3 6 1 3 3 7 7 5 10 8 9 10 10 5 4
10
653 2 6 8 7 6 6 1 4 2 2 5 5 8 10 6 4 4 8 5 7
711 1 3 7 8 4 10 3 1 1 9 10 3 7 8 5 2 5 3 7 1
600 1 7 5 1 6 8 2 10 9 4 1 6 3 4 1 7 10 1 2 10
722 6 8 5 6 6 10 2 8 9 5 6 9 5 6 8 5 4 9 7 2
665 8 3 10 4 2 6 10 7 7 10 1 8 5 4 3 2 3 7 1 4
647 1 4 6 9 7 8 6 10 6 1 6 10 7 4 8 1 8 4 2 2
507 2 5 5 6 8 7 1 8 6 5 4 1 4 8 7 2 5 1 2 1
682 6 4 7 1 9 1 6 10 6 7 5 9 10 5 8 10 5 1 3 1
563 10 5 4 6 4 4 4 1 2 8 8 2 2 6 2 1 3 1 3 9
576 3 5 8 4 2 2 8 5 6 4 2 9 4 7 4 8 4 8 1 5
10
854 7 9 10 2 10 9 9 6 7 7 6 3 3 3 3 10 2 10 9 4
634 1 6 8 7 9 2 2 4 3 4 2 3 10 10 9 5 10 6 3 3
835 8 9 9 4 10 9 5 3 7 3 8 4 10 10 5 5 10 4 4 7
791 7 8 4 10 10 3 1 2 6 10 9 1 7 7 8 6 7 3 8 2
751 9 7 2 4 7 6 10 2 5 10 2 4 4 10 1 8 6 8 7 3
873 4 3 5 10 8 10 3 10 5 9 2 8 10 10 9 7 3 2 9 8
795 4 6 5 9 7 8 7 8 6 3 7 5 6 6 9 4 8 1 8 7
830 7 7 4 6 10 10 3 2 5 9 10 6 8 9 10 3 7 4 1 9
608 5 6 9 5 9 1 5 8 6 4 2 9 3 1 10 1 2 10 4 5
607 10 9 9 3 8 1 4 1 3 4 4 10 4 2 4 2 8 8 2 4
10
748 4 8 3 2 1 2 9 3 2 10 9 5 10 9 3 2 7 1 8 10
734 9 7 10 9 7 1 6 1 4 3 10 9 9 7 9 7 7 2 1 1
650 10 6 7 9 7 4 3 10 9 5 2 5 5 3 9 6 8 9 1 5
787 9 4 3 10 5 9 8 8 6 5 2 9 9 2 7 8 2 6 5 7
536 8 5 10 1 1 7 1 3 8 2 4 2 1 1 2 6 7 8 9 4
751 4 9 9 7 4 6 6 1 10 10 7 6 2 7 8 1 5 2 4 10
633 8 8 2 1 5 1 4 2 6 4 10 8 7 7 10 4 3 6 5 9
553 6 4 1 5 9 3 6 7 9 5 4 6 1 5 2 6 6 10 1 5
683 8 9 3 7 6 6 5 1 7 2 3 3 4 1 2 10 5 7 7 8
696 7 1 9 1 6 7 1 9 4 9 9 8 4 1 7 10 1 7 6 5
10
698 9 7 7 9 2 3 1 2 9 5 10 8 1 2 9 10 1 5 6 7
694 2 1 1 6 4 4 9 6 1 9 8 1 5 2 2 4 2 6 10 8
484 10 4 2 2 5 5 2 2 10 1 8 5 1 8 3 1 5 9 3 10
743 9 2 6 7 5 3 4 8 6 6 7 8 7 2 3 6 8 3 8 10
820 10 4 8 4 1 8 9 4 4 4 7 8 9 7 2 7 2 9 7 10
690 2 3 4 10 4 3 9 2 5 2 2 1 6 9 3 7 5 1 9 6
612 10 1 2 5 2 2 2 1 9 4 10 10 10 3 10 1 2 5 9 6
678 5 5 9 6 2 6 5 6 10 3 2 8 5 10 4 1 9 3 9 2
794 5 10 7 10 8 10 7 5 3 6 4 7 8 8 5 2 3 5 6 2
737 8 7 9 7 9 1 9 6 5 4 9 10 9 7 4 2 4 7 5 3
10
534 6 6 1 1 4 1 2 9 2 8 6 6 2 9 4 10 7 6 1 5
691 4 5 8 3 5 7 10 7 5 8 9 9 2 7 10 4 2 2 1 6
663 1 7 2 1 8 9 7 8 4 3 1 5 8 8 1 5 9 7 3 7
615 4 9 7 5 5 3 1 10 9 6 2 5 3 9 3 2 1 3 10 3
698 1 3 4 10 8 7 4 1 2 1 7 8 10 8 4 2 8 9 6 10
617 10 1 5 5 10 2 5 8 4 3 8 2 8 6 10 4 3 3 3 3
420 1 4 1 5 1 3 1 7 1 1 3 5 3 6 4 4 5 9 4 2
563 1 1 1 10 6 3 5 10 6 8 5 6 4 1 4 2 5 4 3 2
607 5 6 2 6 2 3 8 8 7 2 2 5 3 3 3 8 4 8 9 2
714 3 5 7 2 10 6 8 6 7 5 10 9 5 5 7 10 1 5 2 5
10
724 8 6 1 2 5 1 9 9 10 8 9 9 4 3 8 8 4 5 5 4
818 8 2 10 3 7 10 9 1 9 4 6 10 7 9 10 5 5 5 8 6
692 10 10 6 2 9 6 2 9 4 10 1 2 9 3 3 4 4 1 7 7
784 5 8 4 5 3 8 4 9 7 4 10 8 1 10 10 10 4 6 7 8
686 3 9 10 8 4 5 6 1 5 5 5 5 2 6 8 6 6 7 3 1
612 5 6 5 2 2 1 9 2 5 2 5 8 8 5 3 5 3 6 10 3
619 8 7 7 9 9 9 3 7 2 5 9 4 3 4 10 1 1 3 1 5
648 3 7 2 4 5 7 1 7 8 6 4 7 10 5 2 4 10 7 1 5
631 1 10 7 7 3 3 9 1 9 10 1 6 1 3 5 3 5 5 6 1
763 9 9 10 2 1 6 6 7 5 7 6 5 2 7 9 7 7 4 8 7
10
704 9 5 7 1 4 9 8 9 5 2 6 2 6 1 3 4 8 2 9 5
698 10 3 4 2 7 10 7 1 9 6 3 6 4 8 1 3 10 7 7 7
710 7 10 4 5 5 6 3 6 6 7 10 3 7 1 7 9 4 1 6 1
580 9 7 7 3 4 3 2 7 4 9 2 9 1 5 10 3 10 4 2 6
762 5 1 7 10 5 7 2 2 2 10 10 4 8 6 9 3 9 2 4 4
797 4 3 2 9 4 1 6 9 5 8 7 3 8 10 8 9 9 9 4 9
592 2 5 4 1 7 4 5 5 5 5 6 1 3 3 10 8 3 4 5 4
715 9 10 8 3 8 4 6 6 1 9 8 5 8 7 2 1 7 5 3 4
736 4 5 6 1 8 9 4 5 3 9 7 7 1 10 7 7 5 8 7 10
675 5 5 8 4 10 1 6 10 4 10 7 2 2 6 10 1 1 9 8 2
10
617 2 2 5 2 6 2 6 4 9 4 4 6 7 3 4 1 7 5 7 10
771 3 9 6 6 4 1 5 6 9 6 2 7 10 6 7 6 6 6 8 5
590 6 1 7 3 6 4 9 1 2 6 5 1 4 8 10 7 1 4 1 5
732 8 10 5 5 9 8 7 6 7 4 4 7 10 6 6 4 6 10 3 3
644 2 4 1 9 2 5 3 2 10 8 5 6 3 8 5 6 5 10 6 7
769 4 8 2 10 9 9 2 6 7 2 10 10 4 1 7 9 2 1 8 10
901 7 5 7 6 5 3 8 5 8 10 6 10 6 10 10 9 9 10 7 8
885 4 3 9 4 10 9 1 7 10 8 8 6 10 7 5 8 8 7 9 5
779 6 6 1 4 8 9 8 10 2 5 2 8 2 3 8 10 4 2 10 10
776 9 9 7 7 4 8 10 7 9 6 2 1 7 10 2 10 2 7 3 1
10
552 8 4 1 1 7 4 5 10 5 6 2 1 3 3 3 4 10 5 8 6
617 3 1 6 8 7 3 1 5 8 7 6 9 5 6 2 1 4 1 5 9
641 10 2 3 1 1 2 5 4 7 10 5 8 8 3 10 5 9 8 6 4
684 6 6 7 5 7 6 2 6 4 7 1 7 6 2 3 9 10 6 3 9
784 1 4 4 6 3 10 7 5 8 9 6 9 10 6 4 7 2 6 3 7
758 5 2 1 5 5 3 5 2 4 5 9 10 10 8 2 10 7 1 7 8
634 1 5 5 9 6 3 1 5 7 5 9 9 5 3 3 2 7 4 2 9
634 6 1 1 8 4 10 8 7 4 8 6 1 4 2 2 5 4 10 7 2
790 3 5 9 10 9 10 7 2 4 1 10 6 7 5 2 10 5 6 1 8
728 2 7 2 5 6 10 9 2 6 10 2 8 9 8 5 6 2 5 4 1
10
770 8 6 1 8 7 6 1 1 9 8 6 10 6 10 7 7 5 9 8 1
647 6 7 8 8 7 4 3 2 1 2 4 10 7 1 3 7 8 4 2 2
683 10 6 2 2 3 5 7 2 7 3 10 10 1 6 8 10 1 6 2 10
626 5 5 5 3 1 8 5 5 9 4 5 4 2 3 2 7 6 8 8 7
624 8 7 9 8 4 1 2 4 2 4 6 5 2 8 10 5 10 4 6 5
579 10 8 4 3 5 10 1 10 1 3 5 5 5 5 4 5 8 10 3 1
639 7 3 10 5 6 6 1 1 4 3 8 6 1 2 8 4 4 7 7 8
710 9 7 5 1 10 6 3 4 7 3 6 8 2 3 10 8 8 1 7 10
720 6 7 1 4 8 4 5 8 8 9 8 2 5 6 4 6 9 9 4 9
572 9 10 10 9 4 1 2 8 5 8 2 1 1 2 5 1 8 4 3 2
10
521 4 6 6 2 3 1 2 4 7 10 4 9 1 3 1 6 2 5 1 9
572 9 8 6 1 2 10 3 4 3 2 9 7 2 8 2 5 4 1 2 4
681 7 9 7 7 2 8 1 10 6 9 5 4 3 5 4 1 3 5 7 5
725 4 7 4 4 4 7 4 6 6 10 2 7 9 2 5 10 5 6 6 5
579 5 2 7 4 10 7 6 8 6 1 5 9 2 9 4 4 3 5 4 6
675 8 2 4 10 2 9 3 3 4 9 7 6 2 1 1 4 2 10 5 8
664 2 4 2 10 2 7 3 4 8 10 4 4 3 3 1 4 3 5 7 8
717 5 3 1 6 1 10 5 10 8 2 9 8 6 10 9 6 6 2 6 7
709 2 5 6 7 5 9 7 3 2 7 3 8 6 6 3 2 3 8 6 7
586 1 6 6 5 7 1 2 1 2 8 7 7 9 4 1 2 4 1 4 4
10
738 5 7 2 3 1 4 7 1 9 5 6 8 9 10 3 6 3 6 9 5
728 4 9 2 3 5 8 6 3 9 5 7 3 7 6 4 3 4 7 8 8
652 9 9 5 4 2 1 2 2 10 7 7 7 4 5 5 8 6 8 4 7
652 3 7 4 5 1 8 2 1 10 9 2 10 3 2 3 10 3 3 1 10
833 4 10 10 10 4 10 3 9 6 10 5 7 5 7 2 2 8 5 6 10
500 4 1 5 1 2 10 5 4 6 5 1 1 1 5 10 4 1 7 3 9
545 1 2 3 4 2 3 3 5 5 3 8 3 9 6 6 2 5 7 4 7
592 9 9 2 9 7 4 3 10 6 2 1 1 1 9 7 3 6 1 9 7
676 6 4 9 3 5 6 9 10 9 1 10 5 4 2 4 3 5 4 2 10
776 6 5 5 8 6 8 3 9 1 7 7 9 5 3 5 8 7 2 10 2
10
704 2 8 9 3 4 10 6 5 4 4 1 4 9 4 1 8 2 7 7 1
492 8 3 1 10 7 2 3 8 6 6 1 1 4 10 4 1 5 10 3 1
728 1 8 10 6 9 7 4 4 4 3 10 8 4 9 2 8 7 4 1 5
668 2 10 3 6 1 8 5 8 8 4 5 2 10 5 7 2 9 2 6 5
766 5 8 8 8 4 8 10 10 5 2 7 4 5 4 9 4 8 6 2 7
773 4 9 4 3 8 5 6 7 10 7 3 8 6 6 10 10 4 6 9 4
708 4 2 10 1 8 10 5 7 3 6 8 8 5 1 8 4 5 10 8 5
693 9 2 4 10 3 5 6 6 2 7 8 7 7 2 10 6 8 3 1 8
704 8 6 3 5 6 4 7 3 10 10 2 2 5 3 6 8 4 7 2 6
685 10 7 3 3 4 8 3 1 7 9 7 5 2 4 7 9 10 2 5 3
10
598 8 3 3 4 6 9 1 9 2 8 1 9 2 8 6 4 6 2 2 9
738 10 1 8 2 7 9 5 6 7 3 4 10 9 9 9 8 8 8 5 4
796 8 8 9 6 8 10 1 4 6 7 5 6 6 2 5 10 10 10 8 1
651 8 5 1 3 8 5 8 1 10 3 1 8 5 10 10 1 4 5 7 6
642 8 2 2 3 6 8 10 8 8 1 10 7 4 10 3 8 1 1 7 2
579 9 9 7 5 3 6 1 3 6 6 3 10 5 7 4 2 2 5 3 3
708 9 9 3 9 7 3 9 3 3 4 2 2 9 8 5 6 6 9 6 4
608 8 9 1 8 8 5 2 2 10 3 2 2 6 4 1 10 4 10 1 8
597 3 3 7 5 3 10 3 10 10 2 1 3 9 2 5 5 1 6 4 4
746 3 8 8 9 6 8 4 1 6 3 6 9 1 4 3 9 4 10 4 10
