100 30
445 445 418 445 418 418 418 405 432 459 432 459 432 405 405 432 405 418 432 418 445 445 432 418 418 445 445 405 445 459
4
352 2 0 4 1 2 1 8 7 2 9 1 1 9 4 2 2 7 5 2 9 4 7 5 3 7 8 8 4 4 5
426 3 7 7 7 4 9 6 0 5 2 5 2 0 2 6 4 2 1 4 8 0 7 1 2 2 3 4 9 0 9
476 7 9 2 6 4 2 5 2 8 3 1 5 6 8 0 5 6 8 9 3 6 6 7 6 0 5 0 2 7 7
650 7 8 9 0 8 2 8 7 6 6 2 9 4 4 1 6 9 8 6 0 9 9 7 7 7 7 2 4 8 3
1
474 3 5 4 6 5 8 2 9 6 8 9 4 9 6 2 9 4 3 3 1 2 6 2 6 2 6 3 1 6 1
2
320 2 5 1 5 6 4 1 1 1 9 1 5 0 8 2 7 8 6 3 8 1 2 4 2 1 8 3 5 3 6
442 6 6 2 4 8 6 5 3 1 4 8 5 4 0 2 6 8 7 0 4 8 1 9 0 2 3 7 2 1 3
5
328 1 4 5 2 7 3 2 8 5 2 2 2 5 6 4 8 4 7 5 8 6 3 5 2 6 7 1 4 4 1
400 6 4 0 6 5 7 7 4 5 3 1 4 2 2 4 6 6 4 8 7 7 0 2 4 8 8 5 5 6 0
418 2 6 6 9 5 9 7 0 4 5 5 4 6 0 6 4 8 7 0 4 8 1 1 3 4 5 9 2 1 8
420 4 7 3 6 7 7 6 3 2 1 1 0 0 3 7 1 2 2 6 0 4 3 4 0 3 2 6 3 0 7
498 0 4 7 8 4 0 9 6 8 6 8 8 0 9 1 4 6 3 8 0 3 0 0 3 3 9 6 7 1 2
6
272 4 1 1 1 5 6 3 5 5 0 9 8 5 3 0 1 8 7 4 8 6 4 8 6 5 2 3 4 5 1
388 5 2 7 3 1 5 8 0 1 3 4 8 1 6 3 7 6 0 6 9 4 6 7 2 1 8 3 9 7 7
390 4 3 5 6 3 1 9 1 1 6 9 3 2 8 1 9 0 4 3 7 8 7 7 1 6 0 8 2 2 7
518 8 7 6 4 1 1 2 6 9 5 3 7 3 3 9 6 3 2 6 0 1 5 5 5 5 6 5 7 3 8
528 9 8 1 3 5 1 9 5 2 8 4 1 8 1 2 4 4 3 8 6 0 1 3 5 4 4 1 7 8 9
590 9 5 4 4 6 4 3 6 8 9 9 0 5 4 7 2 1 2 0 4 3 4 7 1 8 9 7 2 2 5
10
262 3 9 3 0 0 1 0 0 1 4 8 4 6 4 9 3 0 1 0 9 2 0 1 7 6 8 2 7 3 2
360 5 3 3 6 1 4 5 7 2 1 3 6 6 0 9 4 2 6 8 6 1 7 1 9 3 2 2 3 5 5
394 0 5 5 7 6 7 3 4 6 5 4 8 7 5 5 3 6 9 3 9 1 8 7 8 9 8 4 3 6 5
424 5 5 6 9 2 4 4 2 9 1 9 7 4 2 8 7 5 3 2 0 0 7 8 9 4 6 2 0 5 7
430 4 3 4 6 7 1 5 5 4 2 1 7 6 0 7 7 8 3 0 4 8 1 3 2 6 4 1 1 7 4
442 9 7 1 9 1 8 8 7 0 2 3 7 3 4 6 7 0 0 0 7 0 1 6 6 2 5 3 2 1 5
462 7 2 3 5 9 3 0 3 5 9 9 1 8 2 6 4 6 7 5 5 3 1 4 6 5 2 6 7 3 6
498 8 2 8 0 6 9 8 3 2 7 4 3 9 3 1 3 8 6 6 1 1 5 3 1 9 9 6 6 8 3
510 8 0 5 8 5 2 0 9 3 7 1 2 4 8 0 1 0 8 8 3 4 5 8 4 8 1 7 8 7 5
570 5 9 7 6 6 0 9 9 4 2 2 0 0 5 2 2 4 8 8 4 1 1 6 8 9 9 9 2 7 8
2
472 8 5 7 6 3 0 0 5 4 2 5 2 5 6 8 3 7 7 3 7 3 5 7 5 0 1 7 6 9 7
488 6 0 4 9 0 4 7 5 5 7 1 3 1 9 3 2 0 2 4 8 2 2 2 7 8 0 2 7 9 6
2
472 7 2 8 9 4 6 8 2 0 0 4 4 3 4 0 6 5 9 4 7 9 7 2 0 7 5 2 7 9 7
574 9 0 8 3 8 9 6 6 0 9 7 2 9 9 1 9 1 4 6 1 0 3 5 5 9 7 1 6 9 6
9
328 3 5 3 2 2 7 1 8 7 4 5 8 3 7 8 2 4 2 2 4 9 9 8 0 9 9 9 0 3 8
376 3 0 0 8 2 3 9 1 4 8 3 5 3 1 1 2 0 4 0 9 0 6 7 6 5 7 8 0 0 0
384 2 5 0 5 1 7 8 7 6 8 4 1 0 4 2 1 3 1 1 7 1 7 4 4 8 7 8 8 2 9
438 5 3 5 0 5 9 7 7 2 7 0 4 7 9 0 2 7 1 2 9 1 8 0 3 2 2 4 8 4 8
448 8 0 6 1 3 5 8 5 7 2 7 5 5 1 2 5 9 0 3 1 1 3 5 8 3 8 1 2 9 5
484 4 8 5 6 4 5 5 3 1 9 1 0 6 1 6 0 4 0 8 0 8 5 7 5 9 9 0 8 0 6
502 8 2 9 0 2 8 6 2 1 8 1 3 9 8 2 4 6 5 8 5 2 9 8 8 1 4 1 7 6 1
546 9 9 3 5 8 2 8 5 3 2 9 7 7 6 2 8 6 5 8 8 1 1 1 2 9 5 7 8 0 7
588 7 8 8 5 6 9 5 5 3 8 5 5 7 3 3 0 9 6 9 8 8 8 5 7 4 9 5 2 4 3
10
328 0 9 4 4 6 2 1 6 1 3 2 7 4 4 0 5 1 9 3 4 6 9 9 5 4 4 5 6 1 6
332 4 7 2 6 0 8 6 2 6 3 4 9 4 1 8 1 0 3 3 7 8 6 4 4 2 4 9 3 5 5
408 3 9 0 5 7 2 8 2 0 9 9 2 6 8 9 2 5 5 8 6 1 2 7 8 3 5 9 6 0 4
444 4 5 1 1 4 4 9 6 9 7 5 8 0 9 4 4 6 5 0 1 0 9 5 8 0 5 1 5 2 9
446 6 3 5 4 7 2 8 6 3 1 3 5 4 0 5 9 7 4 5 7 9 0 5 1 2 9 6 0 6 8
468 7 2 4 4 8 0 7 3 3 5 3 7 7 9 7 7 6 8 4 0 0 7 5 4 7 3 3 4 7 1
476 8 0 5 8 0 0 3 2 6 9 1 8 3 8 2 7 9 8 7 6 6 1 5 5 2 2 5 8 3 9
522 8 1 7 1 9 1 5 2 2 8 0 3 7 7 9 4 0 4 1 0 7 4 8 1 5 0 0 4 0 8
534 2 7 9 7 9 1 8 8 4 1 2 8 9 7 6 1 2 1 1 7 0 3 2 9 0 1 6 1 7 7
592 8 7 9 7 6 2 8 2 9 1 1 5 3 1 8 8 4 8 3 6 8 7 5 7 7 3 0 9 4 3
5
292 6 2 1 5 3 4 2 3 3 3 8 6 6 0 6 9 3 2 2 0 1 5 7 4 6 7 3 2 8 8
384 1 5 6 8 7 9 4 0 6 2 9 6 5 6 6 2 9 6 3 5 2 1 1 0 3 9 1 8 3 3
384 4 1 9 9 5 6 5 2 1 1 1 6 8 8 1 7 8 6 9 6 4 0 2 1 8 8 6 7 7 9
424 8 8 2 8 6 0 4 0 7 1 4 9 3 8 1 8 9 3 7 3 6 8 9 7 8 2 4 6 8 5
494 5 0 6 1 9 2 8 8 8 3 2 4 8 7 8 6 5 4 6 2 5 0 3 8 0 7 9 0 0 6
5
258 2 6 5 1 0 0 1 2 5 2 3 8 6 4 5 6 7 1 3 5 9 7 2 9 4 0 5 2 4 3
404 1 5 2 9 7 5 1 3 1 8 6 1 6 2 2 6 9 1 8 1 9 1 9 7 8 7 3 5 0 8
424 6 4 5 3 1 6 5 5 7 6 2 1 6 4 2 2 6 0 6 2 3 3 4 1 7 6 8 6 9 6
552 8 0 8 8 3 0 1 9 0 9 9 8 0 0 7 8 9 0 5 0 9 7 3 7 4 6 9 0 8 8
568 4 8 8 9 7 8 9 6 1 2 5 1 1 9 3 8 7 3 6 8 1 5 8 3 5 5 3 5 5 8
7
224 1 3 7 0 0 6 3 3 1 0 7 6 6 2 3 0 0 5 2 8 3 7 2 6 8 7 6 7 0 2
320 0 2 2 3 7 3 5 2 8 6 5 3 9 3 7 6 8 0 3 6 9 2 2 7 7 8 9 7 5 1
384 1 5 5 1 9 3 2 2 6 6 8 8 1 0 6 1 7 2 9 9 6 4 2 7 8 1 3 6 2 9
448 4 2 7 1 8 0 9 2 9 0 2 3 3 7 2 0 5 1 0 0 4 8 0 5 0 6 7 7 8 6
480 4 6 7 7 9 6 2 7 9 1 8 6 2 2 3 0 4 8 7 8 9 1 3 3 8 5 3 3 6 3
534 9 8 0 4 8 4 6 5 1 8 5 0 1 5 8 1 1 7 0 1 5 0 9 7 3 2 8 7 3 7
600 6 4 9 5 3 8 8 7 6 7 5 2 8 8 7 7 3 1 2 1 6 8 3 0 3 1 3 7 8 4
7
292 3 4 1 7 4 3 5 0 4 0 0 5 6 0 3 9 4 1 6 7 8 3 2 8 3 9 7 8 2 0
342 3 6 2 3 8 3 1 0 4 5 9 9 8 3 1 3 4 4 2 5 0 3 0 7 3 5 6 7 6 3
354 4 4 4 0 4 9 0 7 0 6 7 6 8 1 7 2 2 4 0 5 4 0 6 4 5 7 0 1 3 2
362 3 1 2 3 1 1 9 3 2 8 6 4 5 9 1 0 4 9 8 3 2 5 1 3 6 0 5 0 5 7
380 8 0 7 0 4 1 0 0 6 3 5 1 9 3 8 4 2 8 6 6 2 4 0 8 5 3 8 2 2 8
394 8 0 2 4 8 0 0 5 3 3 7 7 5 8 0 3 1 7 4 6 4 1 9 4 5 7 0 9 7 6
408 4 1 9 8 0 1 3 6 1 2 5 0 3 7 8 8 2 8 0 5 9 7 4 4 8 6 8 9 3 2
7
248 4 7 0 6 0 8 0 7 2 0 7 9 3 6 5 0 6 8 0 3 4 7 3 7 5 3 8 9 4 0
340 6 2 3 1 3 0 2 2 4 7 4 3 8 0 7 8 6 7 9 1 9 6 3 5 4 0 5 0 8 7
364 2 1 6 1 8 3 7 0 6 4 4 5 5 9 4 2 3 2 1 7 3 8 0 3 8 9 1 7 7 2
382 0 5 9 2 3 3 0 7 6 6 8 8 0 3 3 4 4 1 7 2 0 3 7 5 2 2 9 7 6 1
390 7 4 3 7 9 7 3 0 0 1 6 9 9 8 4 9 8 5 6 7 9 7 5 9 0 1 6 4 4 5
452 4 5 6 0 4 1 9 3 1 9 7 4 8 6 2 2 0 1 0 7 4 6 6 5 5 1 5 5 8 3
466 1 6 6 6 2 5 7 5 0 9 4 0 0 9 9 1 2 5 5 8 0 4 5 0 1 9 3 1 2 5
5
362 7 2 8 2 0 3 0 4 4 3 8 7 3 7 2 0 0 9 7 0 3 1 0 3 3 0 4 5 7 2
390 3 8 5 0 8 2 1 9 5 0 6 0 6 1 2 9 2 7 3 4 2 3 1 8 0 6 8 2 7 8
406 6 9 8 2 0 4 0 3 6 0 3 2 9 3 6 2 5 2 0 3 6 6 5 3 9 7 4 1 5 7
436 4 2 8 5 2 7 8 5 5 1 7 9 3 9 7 5 7 8 8 6 6 1 9 5 6 7 0 2 1 0
564 6 8 7 9 7 2 0 7 6 3 7 8 8 4 3 9 1 9 0 8 7 9 8 2 8 7 7 7 5 5
1
526 5 4 7 6 6 6 0 6 2 9 6 3 8 5 9 5 4 1 9 7 1 8 5 1 2 0 0 5 0 2
5
268 1 0 5 1 0 5 2 2 2 7 4 9 1 2 1 2 1 8 1 7 4 7 0 4 4 1 1 8 2 0
380 0 5 3 7 3 2 9 6 8 3 6 5 8 3 6 2 4 6 8 6 0 2 5 2 6 8 4 7 6 5
422 4 8 1 5 4 2 9 7 4 4 6 2 3 9 7 7 2 0 8 7 1 6 2 1 9 1 6 5 9 4
576 5 2 5 9 9 7 9 6 1 9 3 0 8 0 2 4 8 8 3 7 3 0 9 8 1 8 8 3 9 8
582 9 6 9 7 2 0 2 9 3 6 2 2 4 5 5 5 8 1 3 7 7 6 9 5 7 3 1 7 1 5
7
246 3 0 3 1 2 7 1 3 7 0 4 7 7 6 7 0 4 5 3 5 5 8 9 1 5 5 7 3 8 2
326 0 4 0 8 6 7 7 2 8 2 2 6 0 2 3 7 5 5 7 9 0 1 6 9 7 3 9 4 1 4
382 3 5 3 1 9 7 5 8 5 0 1 8 2 1 0 7 8 7 0 8 1 5 6 1 7 0 1 4 5 8
384 5 5 3 0 4 7 5 8 9 0 3 7 9 1 8 9 7 7 5 0 1 6 8 6 9 8 3 7 7 6
410 3 0 5 6 2 8 6 7 5 6 8 8 1 4 0 0 4 1 4 1 9 0 0 0 1 8 1 8 7 6
466 9 8 6 0 7 4 0 0 2 8 8 9 3 7 7 2 5 0 2 5 8 0 3 9 4 3 1 1 4 6
526 4 8 5 5 4 7 7 3 6 7 4 5 6 5 6 9 5 9 8 3 6 6 4 9 5 1 3 3 1 7
3
442 9 8 3 5 3 2 1 2 8 0 8 2 7 1 1 4 7 3 7 3 1 1 1 9 8 9 8 4 8 6
486 6 1 8 6 3 1 4 1 1 9 7 4 5 3 5 2 4 1 5 7 8 5 9 8 9 3 2 8 8 9
636 7 9 8 8 9 1 6 4 7 2 1 9 2 2 8 1 3 8 7 2 7 4 6 2 7 4 6 3 5 2
6
256 1 2 1 0 1 8 2 3 7 7 0 5 9 0 3 8 3 7 6 1 8 0 2 1 4 2 4 8 0 1
288 1 1 4 0 3 0 9 0 5 3 0 7 7 8 1 6 2 8 9 9 2 9 5 1 1 8 0 6 8 8
396 2 4 4 5 9 2 3 2 3 8 9 6 8 1 7 3 5 3 1 6 4 3 5 1 1 9 7 6 7 6
490 7 6 0 7 9 2 1 5 2 7 5 9 8 2 2 1 3 4 8 1 3 9 7 3 3 7 8 8 0 1
574 6 6 7 8 3 3 7 7 0 8 6 7 4 2 8 8 3 8 4 0 6 1 1 6 4 3 8 7 0 8
648 9 9 9 3 8 7 5 2 9 5 8 3 7 7 8 0 6 7 1 9 8 7 6 3 1 6 3 4 4 7
10
232 1 3 0 9 2 8 2 7 3 0 6 1 8 7 7 4 3 7 1 3 5 1 8 5 9 6 7 5 5 8
316 3 4 5 4 1 5 1 1 1 8 6 4 6 2 9 7 9 2 4 5 1 0 6 1 8 6 6 3 5 7
372 2 2 4 5 0 6 1 7 1 9 8 1 9 6 8 0 4 5 7 0 4 4 6 2 6 5 1 7 9 5
386 0 4 9 0 8 4 8 0 0 7 3 2 6 1 3 6 9 9 1 5 7 9 8 8 5 6 8 1 3 5
390 6 6 0 8 7 8 1 7 3 1 1 7 1 9 9 0 6 1 7 5 8 2 7 4 4 3 2 3 2 3
446 5 0 7 0 8 3 4 4 4 9 8 9 4 8 9 1 4 7 3 8 5 6 7 8 6 9 8 2 2 6
490 7 4 9 8 2 3 8 0 3 3 0 0 8 9 7 4 2 1 8 5 5 8 6 1 7 6 3 3 5 6
494 5 8 4 4 8 4 8 9 4 3 1 0 2 1 9 8 0 9 1 2 7 1 2 8 0 1 2 3 3 2
500 0 8 7 1 7 0 1 9 7 8 0 0 3 6 1 0 2 4 5 8 0 9 0 3 0 1 3 0 1 6
530 2 3 8 7 4 5 8 5 9 7 4 8 9 6 8 0 0 1 5 3 5 7 3 8 3 4 0 6 9 6
6
256 1 8 1 3 0 2 7 1 5 1 6 9 5 6 4 5 0 8 7 1 6 1 1 6 9 0 8 9 3 5
290 0 5 2 9 2 8 5 3 5 0 2 8 2 5 7 5 2 7 3 1 5 1 2 0 8 9 7 0 9 4
336 5 3 2 6 2 1 4 7 1 2 3 5 7 4 1 7 6 9 8 9 4 1 8 6 8 7 4 2 6 9
356 2 3 0 7 4 6 6 4 0 9 3 2 1 8 4 1 7 2 1 6 8 4 1 6 0 5 5 7 4 3
376 4 6 3 8 5 9 2 0 2 4 6 1 6 6 9 7 5 5 9 4 5 5 6 6 3 2 7 2 6 8
384 1 5 0 5 5 2 7 1 8 7 8 5 4 1 3 4 6 0 1 3 5 0 6 2 8 5 1 4 1 2
9
322 0 8 1 6 3 5 6 4 0 6 8 8 7 6 4 2 0 3 4 7 1 4 2 5 8 7 1 6 7 3
400 6 7 0 4 0 8 0 3 9 7 1 2 3 7 6 3 5 7 7 8 2 7 6 9 5 2 4 6 5 0
420 3 3 3 7 8 6 2 0 7 9 3 8 7 7 5 5 6 6 3 3 9 5 7 4 2 4 0 9 3 9
430 2 8 2 9 6 6 8 9 6 1 7 5 7 5 7 4 7 1 2 2 3 5 0 0 4 7 7 0 4 3
444 8 2 7 7 1 2 9 0 0 5 5 5 8 3 0 2 7 0 2 2 1 1 0 8 9 7 5 6 0 7
446 7 3 7 0 5 2 5 9 2 1 1 5 5 3 8 9 1 5 0 7 8 5 2 8 0 4 1 9 4 5
446 6 0 1 7 5 8 9 4 8 7 2 8 8 2 6 7 1 3 6 1 1 9 6 6 2 4 7 5 2 7
456 7 1 6 6 2 1 4 9 9 0 2 2 5 5 1 7 9 4 7 6 1 9 4 9 3 2 9 4 8 5
520 7 9 8 3 9 9 8 2 5 1 7 9 4 5 7 8 2 4 6 6 4 0 8 1 7 1 8 9 7 5
5
246 3 3 1 0 2 8 2 8 8 0 5 8 6 1 0 9 5 9 5 3 6 4 4 2 0 1 0 4 8 8
424 0 6 9 5 9 5 8 0 1 1 0 2 9 0 5 6 2 3 5 1 9 2 2 7 5 2 7 3 1 4
438 5 3 3 4 7 9 4 1 9 7 6 9 9 1 1 1 4 3 5 2 2 5 6 3 7 1 1 9 7 9
456 4 3 0 7 9 2 5 9 1 6 3 8 1 5 5 9 7 4 2 0 1 8 9 0 1 2 3 8 5 8
568 9 8 8 0 0 1 9 2 7 9 2 7 5 1 2 2 4 4 4 1 3 7 9 6 4 7 5 1 1 7
5
296 2 4 3 1 7 4 1 1 4 5 3 4 8 4 4 1 6 7 9 1 7 4 1 4 5 3 7 9 7 3
304 4 6 0 1 9 7 4 1 3 4 3 2 2 4 9 6 1 4 9 5 2 2 9 2 6 6 3 2 5 5
318 2 5 6 3 5 3 1 1 7 1 5 3 9 6 9 4 2 8 5 9 1 8 2 3 3 1 1 6 7 0
388 9 0 1 8 1 0 8 0 2 3 1 1 2 3 3 0 9 7 4 4 2 0 9 3 8 9 9 0 7 4
624 9 2 8 9 6 6 2 6 3 8 2 1 5 4 6 0 7 8 6 6 8 0 8 3 3 1 5 2 0 0
7
400 0 6 9 4 0 0 4 7 0 4 8 4 0 0 7 8 9 8 1 8 5 3 9 0 9 6 2 8 6 0
440 4 5 3 2 9 0 6 2 6 6 4 6 0 2 1 5 6 7 9 8 7 0 5 9 0 4 9 9 3 0
452 9 8 2 0 4 8 7 3 0 8 9 8 3 9 0 4 7 4 2 5 4 7 1 7 1 3 2 9 0 4
464 2 3 9 6 8 3 7 3 0 4 0 9 4 5 8 4 9 7 5 2 0 4 2 5 5 2 0 4 6 2
466 7 0 9 2 0 3 9 4 8 3 9 3 1 1 0 3 6 4 4 8 0 4 7 4 9 5 0 1 4 7
502 8 6 4 1 8 0 6 3 4 7 3 4 2 8 0 9 2 0 4 9 4 3 4 6 6 4 1 2 0 5
506 9 4 4 3 7 3 7 1 8 3 0 1 2 9 7 3 4 8 4 1 5 0 5 9 8 7 9 0 9 3
3
282 0 1 4 1 2 8 2 7 8 4 1 4 8 5 2 7 1 3 1 2 0 4 5 4 3 2 8 0 2 2
430 5 1 8 1 1 7 3 8 4 5 1 8 4 8 9 2 6 8 3 7 3 6 3 4 2 5 1 5 0 2
490 7 3 5 8 5 2 5 8 0 4 9 3 8 4 7 2 9 5 2 1 0 3 1 4 3 1 9 1 1 4
10
218 0 2 6 5 0 5 5 4 1 0 9 7 0 2 3 4 8 6 0 0 0 1 3 9 6 1 1 5 8 5
324 3 3 1 7 1 4 3 1 6 8 8 0 0 0 7 3 3 6 5 6 0 6 3 2 8 8 7 8 4 9
358 4 5 3 2 4 2 6 4 5 1 9 5 0 4 4 8 5 7 5 6 2 4 8 2 4 5 5 9 3 2
364 4 3 1 6 2 6 8 0 4 7 5 5 8 1 8 9 9 7 9 4 8 0 1 0 5 5 1 2 4 6
420 2 3 6 8 6 9 8 2 5 3 0 6 0 9 0 6 6 7 5 0 0 1 7 0 2 5 1 1 4 1
462 4 3 8 4 3 3 6 1 9 4 7 4 1 8 7 8 5 8 1 9 4 3 7 7 2 7 3 9 7 9
480 9 9 4 0 5 5 7 6 2 3 1 7 2 8 9 6 6 1 9 2 4 7 7 7 7 4 6 3 4 9
484 8 2 6 7 4 8 0 3 4 8 4 8 2 4 5 7 1 1 6 0 2 9 7 4 7 9 0 3 2 1
562 8 6 3 7 9 1 1 5 9 6 8 6 8 5 5 6 1 1 1 7 2 7 5 5 1 3 2 5 4 0
588 9 9 0 5 8 8 8 6 5 8 5 6 9 5 2 8 4 4 2 8 5 2 4 6 7 9 2 0 3 5
7
328 1 8 4 1 9 9 9 4 0 0 7 5 2 4 2 6 9 6 1 3 6 6 1 7 1 5 6 7 9 0
394 9 5 1 4 2 6 1 5 2 5 5 7 2 1 3 1 3 7 1 8 4 0 3 6 4 8 2 4 4 5
452 5 4 8 6 0 3 7 0 2 8 9 1 2 3 8 5 0 6 5 2 6 2 9 8 4 4 9 9 3 2
492 3 2 8 4 6 6 0 4 7 9 7 7 2 2 5 9 0 0 5 7 5 6 0 9 1 0 7 2 7 2
502 7 0 5 7 2 7 4 3 9 8 4 3 4 5 2 0 9 3 9 2 6 8 1 0 1 6 9 3 6 6
514 3 5 6 6 8 2 4 3 8 6 2 2 3 2 3 4 3 0 8 0 2 2 5 9 9 9 1 0 3 1
544 4 7 9 6 8 9 4 3 5 8 2 1 1 5 1 4 2 1 0 8 7 2 2 2 5 6 7 0 6 5
4
346 1 5 5 8 3 0 3 6 6 0 2 1 0 7 2 9 7 3 0 2 6 4 3 8 2 4 2 4 7 2
412 4 9 6 4 4 1 2 1 6 2 2 7 5 7 9 2 3 8 4 1 6 6 2 8 5 6 9 4 0 1
434 6 5 6 8 4 1 2 9 0 0 6 6 8 1 4 0 8 9 4 5 3 8 4 0 5 6 2 0 4 6
586 9 0 9 7 9 9 2 7 2 7 2 2 4 6 2 0 3 2 4 3 3 1 1 3 4 8 3 2 7 9
5
224 1 1 6 5 2 3 2 1 3 1 8 0 8 2 1 5 0 5 8 5 4 0 9 8 8 2 8 3 6 3
436 9 6 1 4 5 9 4 7 0 4 8 9 6 0 5 0 8 8 3 7 8 3 9 8 7 0 5 8 8 3
440 1 9 6 1 9 8 4 0 3 7 5 2 5 4 0 4 8 1 9 4 4 8 6 2 8 1 4 8 1 9
510 9 4 6 9 2 2 6 6 9 0 5 9 2 4 9 2 7 5 0 5 0 7 9 6 3 1 2 2 2 1
540 6 3 7 3 6 0 0 9 5 9 8 8 9 4 0 9 7 7 7 9 6 4 0 1 1 2 3 0 7 5
4
348 1 6 8 1 0 7 5 9 3 0 7 7 2 6 5 5 7 7 9 2 9 8 0 8 4 1 0 4 8 9
366 5 6 2 2 0 5 5 0 6 9 3 6 4 5 7 7 7 0 9 6 5 6 6 9 4 1 5 3 9 6
406 0 6 6 8 7 8 8 0 0 3 5 8 6 6 8 3 9 8 7 9 8 0 5 4 7 3 3 5 5 2
444 1 6 6 9 7 1 4 2 5 3 1 1 0 7 2 6 1 9 1 0 6 7 0 2 5 8 5 6 9 2
7
256 4 2 1 0 1 2 0 5 8 3 5 9 4 2 5 2 7 8 9 3 2 2 6 4 0 8 0 1 8 1
282 7 5 2 1 0 2 0 2 1 5 3 6 0 3 0 7 3 6 3 2 0 0 3 7 3 8 1 2 8 0
328 0 6 0 6 2 0 5 6 4 6 5 0 2 3 6 4 4 6 7 2 0 0 0 2 5 0 0 9 8 3
346 1 7 8 0 2 9 3 1 8 3 3 9 4 7 8 9 5 9 1 4 1 9 6 5 2 3 0 6 1 9
412 3 0 0 1 8 2 6 9 8 7 0 3 0 0 6 7 3 8 6 1 3 0 0 9 7 0 8 4 9 2
418 2 3 0 6 3 0 9 6 8 7 0 0 1 7 6 5 2 8 2 5 7 4 1 9 7 9 9 0 7 5
482 8 1 1 1 5 2 8 9 8 7 1 0 7 4 0 6 4 0 1 6 2 1 8 3 0 6 9 4 6 3
2
336 1 3 4 2 4 3 9 5 1 5 2 6 9 3 5 8 2 4 8 9 2 2 1 9 8 1 6 4 4 9
350 3 1 5 5 7 7 8 3 1 2 2 6 2 1 2 5 9 3 9 6 8 3 2 7 6 9 6 8 6 6
7
228 0 1 1 6 4 7 6 0 5 3 9 8 0 1 9 0 4 7 7 8 6 9 5 1 2 9 6 2 2 7
330 5 1 4 1 3 7 8 1 1 4 8 0 1 2 9 7 1 7 8 7 6 7 7 6 8 7 9 3 4 6
346 2 5 3 2 9 4 1 5 1 7 3 3 7 0 6 0 9 2 2 1 1 2 3 2 4 3 2 5 0 0
372 1 1 8 2 6 2 7 3 1 7 5 8 9 2 5 8 1 6 3 8 4 6 1 1 9 7 1 8 1 5
396 1 3 4 9 5 7 6 6 2 6 2 2 7 5 7 3 0 1 1 3 1 6 1 0 0 8 0 2 4 5
424 7 7 4 7 5 1 0 5 2 0 0 8 4 3 0 3 2 3 1 5 9 3 9 8 1 6 2 1 7 3
446 8 7 3 1 8 2 0 4 4 4 4 0 1 8 3 1 6 5 5 1 1 5 1 7 0 3 0 4 7 3
7
286 3 4 3 3 2 1 6 2 7 0 9 8 9 9 6 0 7 0 3 7 5 8 9 6 6 2 0 4 0 5
286 0 2 4 3 6 2 3 4 1 3 5 3 3 9 0 5 2 0 0 1 3 9 9 2 0 8 4 8 8 8
418 5 8 5 0 0 4 9 2 9 5 5 6 8 4 4 6 9 4 0 9 2 8 4 7 7 4 2 1 6 4
420 2 9 2 0 2 8 9 4 9 9 3 1 6 4 6 6 4 0 6 5 0 1 1 8 8 5 4 7 2 5
468 4 8 7 4 3 6 0 4 4 9 8 4 3 4 3 2 8 7 3 6 2 8 7 8 5 5 6 9 6 3
548 6 9 8 8 7 2 1 4 1 4 4 6 6 5 7 4 3 1 3 5 8 3 1 1 7 4 5 7 3 9
554 9 2 6 7 9 7 4 6 7 5 3 5 9 3 5 4 8 4 4 4 7 8 3 5 6 2 0 9 3 5
10
284 0 6 1 4 9 9 1 3 0 5 4 4 1 5 7 8 1 3 6 4 2 1 2 1 4 9 6 3 3 2
310 0 7 3 2 5 0 2 7 3 4 9 2 0 2 8 6 6 0 7 2 7 1 6 8 8 3 7 1 6 5
326 2 9 0 9 8 3 4 0 0 4 6 0 6 0 2 1 9 0 6 5 4 5 7 4 0 7 3 6 9 0
340 8 1 5 4 4 5 0 1 6 0 8 9 4 4 7 2 8 6 4 6 3 2 7 0 2 1 3 3 3 9
422 9 7 4 0 6 9 5 7 1 0 8 7 4 8 1 4 7 6 3 9 9 1 8 3 8 7 5 8 4 1
458 6 6 5 7 9 1 8 1 1 3 4 7 5 1 9 9 4 4 3 7 3 3 4 0 3 8 6 3 4 9
464 9 1 8 2 2 2 4 8 5 0 2 3 3 2 8 1 9 6 9 3 7 3 3 3 7 2 2 1 9 7
464 9 4 5 9 6 4 1 2 2 5 9 2 3 5 4 8 3 3 1 8 2 5 3 7 7 2 8 7 8 7
466 9 0 3 4 7 5 5 3 0 8 2 7 3 5 2 2 0 7 3 9 4 4 3 9 0 8 8 3 3 9
540 7 5 7 9 3 6 1 4 8 5 3 5 5 9 5 4 3 3 1 1 3 4 0 6 1 3 8 1 0 3
9
330 1 1 1 5 4 8 2 6 7 7 0 6 8 6 6 0 6 6 5 9 5 1 6 2 0 1 7 3 5 0
382 8 4 2 6 5 6 4 8 1 0 6 8 4 6 6 6 1 6 9 1 9 2 0 9 8 8 1 4 4 7
384 3 3 5 6 6 8 5 2 3 2 3 1 8 9 6 8 1 3 3 8 3 9 8 0 7 6 8 9 2 9
454 9 0 7 1 6 2 5 4 5 4 2 3 1 4 5 9 2 6 5 8 3 0 0 1 0 6 1 3 1 4
458 5 2 8 9 3 9 8 2 7 1 3 6 5 3 6 5 9 6 6 1 6 8 6 7 3 1 9 7 8 6
474 1 8 8 6 0 8 1 8 8 5 6 3 7 6 5 9 4 8 4 5 5 7 1 2 0 0 7 9 6 3
480 2 8 6 2 3 4 4 6 9 7 2 4 4 0 4 7 4 5 4 2 1 2 7 0 8 4 9 4 3 3
482 2 9 8 7 8 6 7 2 3 1 9 8 2 3 0 4 5 0 5 3 3 9 8 7 0 2 6 4 9 3
572 8 6 7 4 3 6 4 6 8 6 8 0 5 5 1 6 0 2 0 5 8 0 5 0 5 7 5 0 7 0
7
362 4 1 6 3 7 8 0 1 7 3 3 3 0 1 2 2 5 9 8 4 4 6 7 9 3 0 5 3 2 6
414 4 2 8 0 2 6 4 6 1 9 8 0 8 5 3 5 3 0 5 0 0 8 3 2 2 6 6 9 7 4
430 7 0 2 6 9 8 3 8 1 5 6 1 0 5 2 4 5 8 9 9 6 0 0 6 5 5 1 8 5 8
432 6 8 3 7 2 0 6 1 2 3 1 7 8 4 0 2 2 6 2 9 1 0 2 3 5 5 9 2 3 9
434 1 3 2 8 9 8 3 6 8 6 1 1 1 3 9 6 8 0 7 3 0 8 1 8 4 3 1 7 1 5
448 8 7 5 3 0 1 8 3 2 3 8 4 5 1 8 2 6 9 4 1 8 5 2 1 1 1 8 9 3 7
556 9 8 4 9 4 5 6 4 7 4 5 3 7 6 3 1 1 4 8 2 9 7 7 6 8 7 0 6 6 4
8
220 2 6 0 2 0 1 5 3 2 4 7 7 2 9 8 3 2 8 4 7 7 9 2 4 7 5 6 8 2 4
326 2 7 0 6 5 9 0 9 2 2 1 3 3 0 0 3 9 2 9 7 7 6 4 1 7 5 6 9 3 0
370 1 6 3 2 9 4 4 6 9 3 8 1 0 0 5 7 6 3 8 0 0 1 3 3 1 5 9 2 8 8
406 6 8 2 3 6 1 1 3 0 5 9 7 7 4 8 4 1 6 6 4 6 4 7 8 7 5 8 5 8 6
406 2 1 6 5 4 4 9 6 1 7 5 8 7 8 2 0 4 3 2 4 3 1 1 0 7 1 7 8 7 5
444 9 7 6 6 1 4 0 4 2 2 5 5 9 2 4 8 7 2 3 8 8 8 6 7 9 0 7 5 3 9
480 6 0 9 4 5 9 5 2 5 6 9 7 2 0 9 0 1 6 0 0 3 7 5 3 0 9 3 9 3 7
496 2 7 2 6 5 8 5 9 7 9 7 3 7 4 0 6 6 9 1 0 8 0 9 3 2 8 5 3 7 5
8
412 5 9 2 9 4 7 3 1 7 1 3 0 3 1 5 5 2 9 6 6 8 4 1 5 0 4 2 6 3 5
418 5 7 6 5 4 0 3 0 3 5 8 4 8 7 7 0 8 2 4 7 9 9 7 2 0 5 9 3 6 6
448 1 5 3 9 6 2 8 4 8 5 1 4 0 4 9 2 8 3 0 4 1 9 8 9 8 5 9 6 9 5
452 9 3 2 2 2 2 1 7 2 9 3 8 7 3 1 7 8 2 2 4 8 5 8 0 0 9 2 0 5 5
454 1 5 6 5 3 6 9 4 4 7 4 6 4 4 5 2 9 6 1 8 2 4 9 9 7 0 8 7 2 3
478 4 7 2 0 3 2 9 9 7 7 1 3 8 1 3 0 3 8 3 8 3 7 4 9 2 1 1 3 9 4
490 9 4 1 2 8 4 7 1 5 7 4 3 9 3 4 8 5 3 8 9 8 1 2 8 3 8 9 8 6 4
518 7 9 4 2 6 5 4 5 8 6 6 9 1 2 8 5 5 1 1 4 6 7 8 7 2 2 7 7 7 5
4
118 0 0 1 3 1 0 6 0 2 1 8 5 9 1 4 4 9 5 2 7 9 8 8 2 2 8 0 7 1 3
344 1 3 4 7 4 1 1 2 3 9 3 7 0 3 6 2 6 6 1 5 3 9 3 2 0 7 6 1 4 8
400 0 7 4 8 6 7 9 0 8 1 0 5 8 8 9 2 6 9 9 8 2 5 7 2 8 6 6 6 2 7
404 6 5 3 0 1 9 3 8 5 8 2 7 7 5 0 9 4 8 3 0 9 3 5 7 2 4 0 8 6 1
5
326 1 5 0 0 2 9 1 8 7 9 8 0 6 6 5 5 4 1 1 6 1 5 3 8 2 5 9 6 4 2
336 6 0 2 5 2 0 7 8 1 2 6 3 6 3 2 0 0 2 8 8 6 9 8 2 7 3 9 1 7 3
416 5 0 2 1 2 4 6 9 4 8 7 8 0 2 8 3 8 7 9 4 2 8 7 8 3 9 8 5 4 8
484 2 4 8 7 2 1 9 3 5 8 3 2 9 4 6 6 9 6 7 6 1 6 6 1 9 4 4 9 4 6
494 1 4 8 6 6 2 2 9 6 6 3 6 6 2 4 1 3 4 7 7 4 2 1 4 6 8 0 6 4 8
10
292 1 5 7 1 1 9 5 2 0 1 2 7 4 1 8 5 5 5 4 9 3 9 5 9 3 1 2 7 5 9
294 2 1 1 5 0 1 2 0 7 9 6 2 2 8 6 0 6 6 6 0 6 1 9 1 2 7 8 7 4 5
294 1 6 6 0 3 0 1 3 8 1 9 7 6 6 8 0 8 1 7 5 2 3 7 6 1 5 7 9 2 3
318 4 8 1 4 1 4 1 7 9 0 9 8 6 0 1 8 0 2 8 4 7 9 4 3 5 4 3 5 7 2
362 0 0 6 7 4 6 6 7 6 2 3 0 6 2 6 9 8 5 9 0 1 0 0 7 1 4 8 1 6 6
386 2 5 5 2 5 7 6 2 8 2 7 3 7 1 8 2 6 4 0 3 6 3 5 2 5 4 4 3 9 3
388 1 9 6 7 9 9 0 3 6 1 5 2 5 8 0 6 2 0 9 8 8 7 3 5 0 3 9 8 7 9
418 4 6 6 3 7 5 2 9 5 2 4 4 2 9 8 0 3 2 3 5 7 1 7 5 9 9 3 3 9 3
436 1 3 4 8 9 0 8 8 4 3 3 7 2 6 2 4 1 2 3 9 3 7 5 6 6 3 6 2 8 1
464 8 3 0 5 7 8 3 3 5 7 9 7 2 8 4 3 8 8 6 9 1 9 7 5 7 1 9 9 5 2
2
340 2 8 5 8 1 4 1 1 2 6 0 9 1 5 7 8 0 3 2 0 6 1 0 1 9 4 4 9 2 1
402 2 7 1 6 4 1 4 6 1 8 9 5 2 8 0 0 1 2 9 7 4 1 8 6 6 5 6 8 0 0
7
306 3 3 1 5 6 4 4 7 0 0 9 8 1 9 9 2 5 4 4 8 7 3 3 9 1 6 1 4 8 0
382 0 4 5 1 9 6 9 7 0 3 1 4 1 1 2 9 6 0 8 8 0 9 7 3 8 6 8 5 2 2
402 6 1 2 5 1 1 6 2 8 8 3 9 5 9 1 8 7 2 2 5 5 6 1 8 7 4 8 6 6 8
416 5 0 3 7 2 9 8 6 1 6 4 7 7 1 0 7 0 8 2 2 2 8 4 7 9 5 7 6 7 2
454 1 4 7 7 3 8 5 1 7 7 3 2 8 4 1 7 0 1 3 7 1 0 6 8 1 8 5 3 9 9
458 1 5 9 2 8 9 2 8 0 5 6 1 7 0 1 8 5 8 4 4 2 7 7 2 4 0 0 6 3 5
586 9 8 9 7 6 2 2 3 4 4 5 4 5 3 4 9 2 9 2 1 0 8 2 0 0 5 8 7 6 3
7
322 4 7 1 5 1 7 0 3 2 4 2 8 2 1 1 8 3 3 7 6 0 2 2 6 6 6 5 0 7 9
338 5 1 1 4 7 9 2 6 4 2 1 7 0 5 9 0 1 8 8 7 3 0 7 7 1 0 6 6 3 3
386 0 6 2 6 8 9 4 4 7 6 2 6 7 6 2 5 2 9 5 9 8 8 8 0 4 8 1 7 8 9
386 1 5 4 1 4 4 9 5 5 3 6 1 1 3 8 4 4 6 0 9 1 4 5 9 0 9 4 2 0 0
402 7 0 4 8 5 6 3 0 2 7 3 9 8 3 1 4 3 2 1 3 3 9 6 4 5 7 0 9 3 0
460 7 4 6 4 3 6 1 3 4 6 0 5 4 8 4 6 7 0 0 8 2 5 9 1 9 0 7 4 5 9
468 9 4 4 1 6 9 4 1 8 3 8 8 0 4 5 5 1 5 6 7 8 7 4 4 5 0 1 4 0 1
1
344 2 4 9 0 3 0 6 2 1 2 4 3 9 3 6 8 6 3 4 1 4 2 1 5 9 6 0 2 4 7
8
348 2 0 1 1 5 6 8 2 9 7 1 2 6 5 8 3 5 9 9 6 3 4 9 2 9 7 2 5 0 8
398 0 6 2 9 1 7 7 9 6 6 8 5 3 0 0 2 8 2 6 2 1 8 6 9 3 5 2 9 6 2
406 3 8 4 0 8 6 1 5 4 6 7 1 8 8 5 7 5 9 5 5 8 3 2 1 5 2 5 4 7 3
442 1 4 3 9 9 9 9 7 3 5 8 0 1 5 0 7 2 4 6 0 6 3 4 6 1 9 4 8 1 9
448 6 3 8 1 6 5 1 8 4 5 3 1 4 6 2 0 0 9 4 9 2 2 0 6 9 0 3 3 4 1
454 9 5 0 1 3 4 7 8 3 7 4 3 6 8 9 7 9 5 7 2 4 0 3 9 8 7 1 9 8 5
480 8 8 4 5 0 4 9 1 6 4 0 1 9 0 9 1 2 2 4 9 3 0 4 9 0 5 8 2 1 5
594 6 6 7 9 8 9 9 0 5 9 4 7 7 0 8 6 7 9 7 6 4 7 9 6 0 8 9 4 2 3
8
244 1 4 1 8 0 7 1 9 1 0 3 7 6 7 8 8 5 8 0 6 5 7 3 2 7 2 0 6 3 9
284 1 3 4 3 3 1 1 5 7 1 4 8 9 3 6 9 3 5 3 5 0 9 4 8 8 2 7 3 0 9
294 4 1 2 5 3 8 9 0 7 0 9 5 6 5 0 5 9 2 4 2 2 8 2 1 4 8 2 7 5 7
376 7 4 1 3 5 6 7 2 9 1 5 6 6 9 4 7 4 3 0 4 3 2 2 1 7 4 9 8 8 3
392 6 0 4 1 7 0 5 5 4 6 0 0 1 5 3 7 5 7 5 1 7 2 9 3 1 5 2 5 9 3
400 1 6 5 1 9 4 7 7 1 4 2 4 5 6 5 4 0 4 2 8 9 4 1 3 1 6 0 7 6 7
408 0 9 6 7 9 8 0 4 7 1 8 3 9 9 8 1 4 1 8 5 4 2 9 1 8 5 5 0 1 9
416 5 4 6 0 7 5 5 4 6 4 1 1 5 4 4 7 0 4 6 6 2 6 1 3 5 0 6 1 1 5
4
176 0 0 1 1 5 8 5 1 1 1 7 5 9 6 8 8 3 3 0 7 4 1 8 1 7 4 8 8 0 4
352 7 4 2 3 4 6 2 1 4 2 6 4 0 8 8 7 0 4 9 1 1 6 8 1 4 6 1 0 1 1
434 2 6 8 0 1 4 1 8 8 7 9 5 5 9 6 2 3 7 2 5 3 1 0 4 1 0 1 1 6 2
468 7 0 7 1 6 9 7 0 6 6 2 0 0 0 1 7 6 4 7 7 5 6 4 0 5 0 5 0 9 7
6
380 8 0 4 2 2 5 8 0 8 1 5 3 8 7 7 1 9 0 2 6 5 4 6 5 6 9 2 4 3 1
384 6 5 2 0 8 5 9 1 4 2 1 0 7 7 3 4 0 8 6 9 5 4 2 6 3 1 7 3 4 2
384 2 2 5 9 7 7 4 8 3 2 1 9 8 7 6 5 8 9 9 1 0 3 1 0 2 4 6 2 4 3
388 0 6 5 5 2 4 5 5 8 5 2 0 9 6 8 2 0 7 7 4 9 8 5 8 7 1 5 5 2 6
410 6 9 4 5 6 8 0 7 1 2 6 3 1 0 3 4 6 9 6 1 4 0 3 5 9 3 0 9 0 7
510 7 7 7 0 2 2 2 6 2 9 5 2 8 2 2 5 3 9 1 6 5 9 1 7 1 6 1 8 7 9
6
308 7 2 3 1 3 3 0 2 3 4 9 2 0 2 9 9 5 9 0 7 9 5 1 7 9 3 4 2 2 5
310 1 6 2 8 7 7 2 2 3 0 0 0 7 3 9 8 9 0 8 7 1 9 1 3 3 0 4 0 2 4
390 8 5 3 0 1 2 6 1 3 7 8 1 1 1 0 0 5 4 5 9 2 7 1 9 1 0 9 0 2 0
424 8 6 0 0 5 9 5 6 7 5 9 4 9 0 7 3 3 2 3 5 8 3 8 0 5 8 0 2 4 7
426 2 7 6 7 6 2 3 3 1 7 1 6 5 5 7 6 5 7 8 8 7 8 4 8 8 1 1 1 5 5
574 5 5 8 6 8 4 7 2 8 6 8 4 8 6 4 5 6 6 7 1 4 1 9 9 6 7 7 1 6 5
1
236 2 2 0 3 0 6 7 2 0 3 1 5 3 5 3 4 7 5 5 2 2 6 6 2 4 2 8 1 9 5
2
348 0 6 3 3 8 1 3 2 7 5 4 5 6 3 4 2 2 1 6 8 6 7 3 2 5 9 6 2 6 3
484 5 9 0 6 5 4 4 5 9 8 6 8 9 5 2 4 9 0 7 8 8 3 3 6 8 9 1 1 2 7
6
342 7 0 0 7 2 1 2 2 8 4 9 1 6 5 3 1 4 9 5 2 2 4 0 4 1 4 0 0 7 7
412 9 2 8 4 2 5 1 9 0 0 1 5 0 6 1 8 6 4 1 0 1 1 1 0 8 4 3 4 5 1
494 2 5 7 9 1 6 4 1 9 8 6 0 5 8 4 8 2 4 8 9 3 9 6 5 6 0 5 4 4 7
498 9 0 7 0 2 7 8 8 0 7 4 8 0 8 0 8 2 3 2 0 4 0 0 1 8 6 9 2 2 8
564 7 6 8 7 6 8 6 2 8 6 4 7 9 2 2 7 4 7 1 9 6 8 9 6 6 9 4 0 4 8
608 7 1 8 7 8 7 8 1 9 8 2 1 8 2 2 8 0 2 3 4 2 9 1 3 1 5 1 6 5 4
4
226 7 0 1 1 2 4 2 2 3 2 7 1 4 8 8 0 9 4 3 3 3 5 6 3 0 9 4 2 3 7
364 1 6 0 9 6 4 2 1 9 5 7 7 8 0 0 9 8 1 7 3 8 6 6 2 6 4 5 5 9 8
488 9 5 3 6 2 6 2 1 8 9 1 4 5 7 7 5 8 1 0 1 0 9 8 8 9 1 0 9 4 9
500 7 5 4 3 5 8 7 3 1 7 2 2 8 9 5 4 5 2 2 4 2 3 0 7 2 8 5 1 1 5
2
326 3 1 6 9 1 1 7 0 0 1 2 4 4 3 4 5 4 6 5 8 8 9 3 6 8 0 0 6 2 4
358 1 2 5 6 1 3 8 6 3 1 2 4 7 3 3 2 3 8 3 6 5 7 0 1 2 7 7 8 3 4
8
254 2 1 2 0 4 6 8 6 3 2 7 1 3 2 9 4 2 2 0 6 6 2 0 6 7 5 8 0 4 3
302 7 1 0 4 8 3 1 3 2 3 7 1 0 9 3 3 8 2 1 2 6 0 5 9 2 5 5 6 9 5
314 4 2 4 8 0 9 1 2 2 3 2 5 0 4 1 7 0 1 8 4 4 7 7 5 8 0 0 7 2 3
398 3 4 4 4 3 4 2 3 2 8 9 8 4 6 0 8 3 5 5 2 3 7 8 3 2 1 2 4 5 0
432 3 2 5 4 5 5 6 9 3 4 8 9 9 7 6 8 8 6 5 2 0 6 3 6 4 3 4 8 0 1
438 6 0 6 2 3 9 8 9 5 3 2 5 1 2 8 5 6 1 9 1 3 9 0 5 6 7 3 6 5 0
460 1 9 4 7 2 0 5 8 5 5 9 5 8 2 3 4 7 0 2 9 1 7 5 4 9 5 1 5 8 0
500 5 0 5 7 8 1 4 5 9 8 6 4 1 9 9 0 6 4 6 1 6 7 9 6 9 4 0 8 4 5
5
328 7 2 3 6 0 5 4 4 2 1 0 8 2 5 4 1 2 6 9 1 8 7 7 0 6 6 0 4 2 8
360 7 7 2 0 3 0 2 1 2 7 8 8 6 7 4 7 3 4 6 8 9 6 6 3 3 2 7 5 8 6
444 0 4 7 2 9 2 3 6 8 7 8 7 5 5 7 2 3 9 6 5 7 6 5 3 5 1 1 9 8 9
492 3 7 9 6 1 0 1 8 9 5 7 7 7 5 3 0 7 0 7 6 8 8 5 3 5 4 5 9 3 4
598 8 7 5 9 8 5 0 4 7 7 6 0 0 2 6 6 5 7 7 3 8 4 3 5 1 6 7 8 6 6
3
418 3 3 7 6 6 6 4 3 1 5 6 4 4 3 7 2 7 5 3 0 1 9 3 3 3 9 1 9 8 8
434 3 7 7 5 9 7 1 1 1 5 2 6 4 5 1 5 1 8 6 9 6 4 5 3 8 5 5 5 0 8
444 2 4 5 6 8 5 8 4 2 4 8 3 9 1 6 3 0 0 4 8 8 8 4 3 6 7 0 9 7 6
6
232 2 5 0 0 8 4 5 2 4 0 9 3 3 4 8 1 9 3 8 1 3 6 6 3 9 5 8 9 5 4
346 4 5 8 2 4 2 4 0 2 1 9 5 2 5 0 8 2 1 8 1 9 9 7 2 5 5 5 7 9 4
390 8 1 1 2 7 3 4 2 6 6 8 4 2 5 7 2 2 7 3 7 3 3 2 6 0 3 6 5 4 6
402 7 6 4 1 1 7 4 1 2 5 6 5 5 3 8 3 9 5 0 0 9 0 4 4 7 4 8 9 3 1
428 7 4 2 4 4 3 1 1 9 8 6 7 6 9 5 7 4 1 2 0 0 0 5 7 4 5 0 5 1 0
500 7 5 8 3 0 5 8 6 0 8 7 2 1 1 6 0 7 6 0 3 8 6 0 4 7 5 3 3 8 7
1
462 5 2 5 6 2 4 5 0 7 9 3 8 8 1 6 2 6 6 9 9 9 6 2 2 9 0 2 7 7 2
4
354 0 2 2 5 8 1 1 4 8 9 0 7 1 2 1 0 7 7 4 7 4 7 6 2 0 4 6 7 2 5
398 6 8 4 2 3 1 6 4 2 0 6 3 1 0 5 3 3 0 0 0 4 2 7 5 4 0 6 3 7 2
538 6 9 8 8 0 3 1 2 9 7 2 2 1 8 6 2 4 3 1 7 8 9 2 2 0 8 5 3 0 7
628 6 2 8 8 6 9 6 5 9 9 5 4 9 4 2 5 4 8 0 4 2 2 6 3 3 2 5 7 7 6
10
294 0 9 4 0 3 8 9 5 1 2 6 6 6 9 0 8 9 7 3 1 4 8 5 5 2 7 0 8 7 2
348 0 2 5 7 4 1 6 3 8 0 2 9 4 0 3 7 5 0 7 2 7 3 0 5 4 2 5 5 9 8
382 7 5 2 1 4 4 7 9 0 0 6 3 8 2 0 2 1 2 2 9 4 5 0 9 7 5 8 2 6 5
402 3 2 0 7 7 8 5 2 4 8 7 5 1 7 0 5 2 5 3 1 5 9 7 5 3 7 7 5 0 9
426 3 3 6 9 1 7 3 2 4 8 6 6 6 8 7 4 4 6 8 0 3 5 7 4 5 7 2 7 4 5
446 2 6 5 5 8 3 7 2 9 5 0 1 4 7 6 0 5 5 7 7 4 5 5 3 3 3 7 9 9 7
446 5 5 5 7 1 2 5 8 3 5 9 2 3 8 9 0 5 1 9 1 6 9 4 2 7 0 2 4 7 9
474 9 1 6 4 7 8 2 0 8 5 3 2 4 8 5 0 1 4 9 2 1 1 7 6 9 6 8 7 9 9
544 8 4 9 8 3 1 4 7 5 1 0 5 9 5 9 8 7 4 4 5 5 7 9 2 7 6 2 9 0 1
548 8 5 6 7 8 9 7 0 2 7 3 3 4 0 2 4 8 2 3 7 2 3 4 3 8 4 1 8 0 7
7
340 2 5 8 0 2 3 0 8 6 3 3 5 4 2 7 1 8 9 2 0 3 6 5 7 8 7 3 9 2 6
396 4 6 3 1 8 1 2 0 6 6 6 4 2 3 9 2 9 2 0 9 9 3 4 5 7 2 6 5 3 1
446 0 4 4 2 4 0 9 7 7 7 7 8 9 3 8 7 2 1 8 6 0 7 0 4 0 1 6 9 3 9
456 0 0 4 9 1 3 5 9 8 9 0 2 2 4 7 2 8 6 9 2 7 7 2 6 2 0 5 4 4 4
480 5 9 2 9 0 3 6 8 3 8 1 6 1 3 0 3 7 8 2 0 7 2 3 2 8 2 4 7 8 3
482 3 5 5 0 7 3 9 4 7 6 1 7 0 3 5 2 6 1 9 0 7 2 6 0 7 8 3 4 6 7
518 1 2 7 5 9 5 8 8 8 5 7 4 1 2 6 9 4 0 8 5 3 1 4 6 7 0 0 3 3 1
1
368 0 3 5 0 9 7 7 4 8 1 5 0 3 1 2 3 9 5 9 7 4 6 1 5 8 7 6 5 9 5
3
256 3 2 8 1 2 1 0 1 1 0 2 5 8 6 1 7 6 1 0 9 3 7 1 8 8 5 3 9 0 5
374 4 1 5 1 3 2 7 5 8 4 7 4 3 0 1 4 0 8 9 9 5 1 4 3 7 7 3 6 9 3
410 4 8 1 2 8 4 8 0 9 5 7 4 1 9 4 1 6 0 3 7 5 2 3 8 2 7 2 2 5 3
4
286 2 7 3 7 5 7 0 2 0 0 4 0 6 0 5 6 8 8 2 9 4 9 5 7 0 1 0 7 1 3
406 2 6 2 9 3 4 1 8 0 8 6 6 7 1 7 2 8 1 6 3 5 0 5 1 3 3 7 1 3 1
456 7 6 3 1 8 8 4 5 3 3 2 7 1 7 6 3 8 7 0 0 2 6 8 2 0 7 4 8 9 0
626 9 8 9 8 6 2 5 3 6 6 2 6 3 9 9 6 2 7 7 8 0 9 7 1 8 4 5 6 3 7
4
400 5 6 9 9 1 2 0 1 0 1 8 7 6 9 9 6 6 3 4 7 6 8 3 9 8 3 5 2 2 4
432 5 1 7 7 5 7 0 5 9 3 0 2 5 8 6 3 4 1 1 9 0 2 6 6 1 6 4 9 1 9
438 0 9 5 9 4 2 8 7 5 0 9 7 9 2 8 9 7 3 2 9 7 4 4 2 4 0 7 0 3 9
450 0 0 5 6 8 2 7 8 9 4 9 3 1 6 2 4 4 6 5 7 7 4 7 7 9 5 6 6 9 0
2
366 0 7 4 3 8 9 2 2 4 9 8 8 5 2 3 1 2 0 2 5 9 3 0 2 9 2 8 5 9 6
418 3 6 7 8 3 0 8 2 7 0 3 6 0 2 3 9 7 2 8 8 2 6 9 9 8 2 1 0 2 5
3
352 1 1 6 0 5 1 1 3 2 9 7 4 8 7 8 0 2 7 5 1 5 0 9 5 2 5 7 2 7 5
416 1 8 0 5 4 5 8 9 4 6 0 1 3 1 1 1 3 4 3 6 9 0 2 9 9 0 9 1 9 5
432 1 8 2 6 0 7 7 8 1 8 4 4 7 6 2 2 1 9 4 0 6 6 1 9 8 4 2 1 8 5
9
330 0 7 3 4 6 4 0 8 2 5 9 9 7 3 9 8 4 8 2 5 5 6 0 5 2 4 7 5 3 1
350 2 6 1 6 7 3 0 5 5 3 5 1 9 9 2 7 3 4 1 4 1 2 3 0 6 2 0 0 1 2
390 7 4 2 6 5 7 5 5 0 4 7 8 9 7 3 3 1 0 9 6 3 6 9 3 7 1 2 3 7 3
414 3 1 5 1 4 4 6 5 9 5 7 0 8 0 2 4 3 3 6 6 5 3 6 6 3 0 0 6 2 1
414 9 2 6 4 2 3 1 5 5 0 5 8 7 4 1 7 8 5 0 7 1 7 8 9 7 2 3 2 5 1
434 6 3 3 6 7 2 4 0 7 4 0 3 4 9 9 9 1 1 6 5 4 1 3 4 5 6 1 5 2 1
452 0 5 6 1 4 2 7 9 3 9 3 3 8 3 2 7 5 7 2 3 0 4 6 4 3 7 6 6 1 2
482 7 8 5 6 9 5 2 0 8 3 2 5 5 5 9 2 2 0 8 4 1 1 9 1 4 1 1 9 0 3
520 7 3 3 5 6 2 2 8 2 9 4 0 9 0 6 3 0 2 1 3 6 3 8 1 1 0 4 3 0 2
9
354 4 4 0 8 3 4 6 7 4 1 9 4 5 8 7 9 1 8 0 3 3 5 3 3 7 1 8 9 4 9
370 1 1 2 9 8 8 0 5 7 7 2 2 3 1 4 4 3 0 9 3 2 0 9 9 8 9 0 1 7 0
370 4 7 0 0 1 1 3 9 9 3 4 1 7 9 4 7 0 2 6 6 3 9 9 6 2 3 2 5 5 3
406 2 6 2 9 1 7 0 7 1 9 0 9 3 2 8 3 1 8 4 8 0 0 1 8 9 7 7 0 1 3
408 7 3 4 7 1 5 0 8 9 1 6 5 4 7 3 8 2 8 3 7 1 6 6 7 8 4 0 1 2 7
426 4 4 8 2 2 9 4 2 9 6 1 3 7 3 3 9 2 0 1 4 5 9 9 0 7 4 8 9 2 4
432 7 3 0 7 6 9 9 8 0 1 7 4 0 3 3 0 0 3 1 2 2 4 7 2 7 2 1 0 4 4
440 2 3 4 8 9 1 4 6 2 7 6 0 3 7 2 0 1 2 2 4 6 9 0 8 4 3 0 4 6 3
572 8 0 9 8 9 2 0 9 2 6 9 1 8 8 3 7 1 6 9 5 0 5 7 3 2 9 6 4 2 8
6
322 0 3 6 3 2 3 0 9 0 5 8 0 9 8 1 5 1 3 0 9 7 1 0 5 9 5 4 2 1 4
406 1 0 6 4 0 0 5 9 6 9 0 1 9 7 7 4 9 3 8 3 3 8 5 2 8 6 7 1 0 9
432 5 4 1 9 7 6 2 9 6 4 0 9 0 3 6 2 8 0 6 0 4 6 3 6 6 0 0 5 5 0
470 3 7 8 2 6 6 6 3 4 3 0 8 8 5 2 8 4 2 9 6 1 1 7 4 6 3 8 5 3 4
476 7 5 4 8 5 8 6 4 5 2 7 8 1 2 6 9 5 6 6 0 6 6 1 6 3 3 6 9 7 7
502 1 5 7 4 8 2 8 4 7 8 7 1 8 4 5 5 7 3 2 3 9 1 3 0 5 9 1 0 7 7
4
350 6 9 3 3 0 3 8 2 0 1 3 3 3 4 1 9 9 9 8 9 6 8 0 6 2 5 3 2 0 5
404 8 6 0 1 9 4 1 0 5 6 5 9 8 8 2 6 9 3 6 6 1 9 1 6 5 4 7 7 3 8
562 9 5 7 0 6 9 8 8 8 2 6 1 6 6 7 0 3 1 2 5 8 9 4 7 9 8 3 8 4 1
644 9 6 7 9 7 7 7 2 5 6 4 5 3 7 3 0 1 1 7 6 1 3 7 7 1 5 7 4 6 0
8
362 6 7 0 2 3 4 7 5 3 3 1 4 1 6 3 1 6 8 9 0 0 6 7 5 3 3 5 7 6 3
364 0 1 9 0 8 1 8 1 3 6 3 7 8 1 4 0 6 3 6 4 5 8 0 7 6 4 8 4 2 9
390 0 9 9 0 5 3 0 1 9 4 5 4 5 4 9 1 7 5 8 3 8 3 0 8 4 6 0 2 0 9
402 0 6 8 4 0 2 4 9 4 2 8 7 9 9 4 5 3 4 1 7 4 6 2 9 3 1 2 0 8 0
428 2 3 8 0 6 7 2 7 3 6 6 8 4 6 7 0 5 9 5 7 8 3 4 7 2 9 4 7 5 6
456 1 8 6 6 4 1 5 7 7 6 5 9 4 7 1 7 0 3 8 1 6 4 9 0 2 8 2 9 8 7
486 7 5 3 9 2 2 7 2 8 4 6 6 3 1 4 5 2 0 5 7 6 0 7 1 9 8 0 1 3 0
548 7 4 6 7 5 8 4 7 0 7 2 9 6 4 1 9 2 4 8 0 3 7 9 8 8 5 6 2 5 1
4
226 0 2 3 7 0 0 4 6 1 0 1 4 1 0 7 0 0 7 1 4 8 6 3 4 0 7 5 2 3 6
428 0 5 8 9 7 0 0 4 6 3 5 8 3 6 7 3 1 3 7 8 4 8 2 7 9 9 9 9 9 2
434 3 6 5 6 6 9 7 0 7 5 5 9 8 9 3 0 6 1 3 1 9 0 9 2 6 6 7 9 1 4
438 5 2 3 6 5 2 8 6 7 1 7 7 4 0 4 3 1 5 5 0 8 0 9 8 1 5 1 9 8 4
4
424 4 6 5 9 8 5 5 1 1 0 0 7 6 0 1 4 6 8 3 8 4 0 5 8 2 2 4 4 7 9
464 4 8 9 0 4 8 8 3 3 4 4 7 9 6 8 3 1 9 2 9 5 3 8 3 3 9 7 1 7 0
472 3 4 2 7 8 7 3 9 6 5 1 3 2 9 1 5 1 5 9 0 6 5 0 8 1 0 1 4 1 3
628 6 4 5 9 5 6 8 9 8 7 5 6 8 3 1 1 2 8 5 1 0 6 4 2 5 8 7 8 5 6
5
328 8 3 0 1 2 3 0 6 8 1 1 2 4 1 2 5 3 3 2 4 8 7 2 7 1 3 0 5 3 5
352 1 1 8 4 4 6 1 4 8 2 9 3 4 3 5 1 3 5 0 1 3 3 3 7 6 7 5 9 0 7
430 4 9 0 1 6 1 5 8 6 7 3 0 4 5 7 7 0 0 5 3 7 4 6 1 9 1 5 3 8 7
458 0 6 7 4 8 0 9 5 9 2 4 2 0 9 9 6 6 4 5 8 1 8 0 8 5 8 5 5 0 2
508 9 0 9 3 2 5 9 4 4 1 8 7 6 4 1 6 7 6 1 8 3 7 0 3 6 9 9 4 6 4
8
266 1 9 5 4 1 8 1 1 7 0 4 7 4 4 5 1 4 3 6 6 7 6 4 4 2 5 2 1 1 3
342 2 6 6 3 5 8 3 6 2 1 9 4 0 9 9 8 1 8 4 7 4 0 4 0 6 2 1 3 7 9
366 4 5 2 4 0 1 7 7 3 3 9 4 5 3 0 9 0 2 0 3 5 0 9 7 1 8 5 2 8 1
374 1 9 8 4 5 2 4 1 3 3 1 2 1 8 4 8 0 7 1 9 6 0 5 3 6 6 2 8 8 3
390 9 1 4 2 2 3 0 2 1 7 2 6 5 1 5 8 0 3 3 0 4 4 5 8 2 9 6 4 7 9
436 6 1 6 5 2 5 6 6 0 8 5 3 9 1 9 7 7 1 6 7 6 8 5 3 1 1 2 1 4 5
512 3 2 9 4 9 0 0 2 7 9 4 0 1 9 8 4 8 6 0 5 5 6 1 7 7 0 4 6 3 2
518 9 1 4 9 1 7 0 6 3 9 5 0 2 3 3 4 4 5 7 0 2 1 2 4 0 1 0 9 7 0
8
192 3 2 1 1 9 8 1 0 3 0 6 5 6 9 2 5 9 8 1 3 1 9 5 3 2 8 7 8 6 5
262 1 1 1 4 5 0 6 5 0 5 0 0 8 2 4 9 5 6 8 5 9 6 0 7 6 2 3 7 0 6
322 2 7 2 5 0 3 3 3 3 5 0 3 5 5 7 9 6 6 7 2 3 7 2 2 2 9 3 7 7 3
332 0 3 6 8 6 9 2 5 4 2 2 6 9 2 4 5 6 9 3 7 5 5 2 3 3 9 2 9 8 2
544 6 2 9 0 4 6 9 6 3 7 3 1 1 7 5 3 8 8 1 8 1 5 4 1 0 0 8 6 9 3
550 9 5 8 3 3 5 5 8 1 6 5 7 1 8 0 6 9 4 7 7 8 0 1 0 9 6 3 0 7 6
566 7 7 6 7 3 4 1 9 5 8 8 8 4 4 1 4 5 2 2 6 7 8 5 8 8 7 4 9 4 1
586 8 7 5 9 2 2 2 3 8 9 7 2 3 0 2 5 8 8 5 5 6 3 6 0 9 9 6 6 1 9
6
404 4 6 5 1 8 9 5 1 3 7 3 9 9 0 9 7 8 6 6 2 9 5 4 5 5 9 0 6 9 7
424 6 8 0 4 6 0 4 1 9 4 1 5 2 7 6 1 7 4 8 0 3 3 1 2 3 1 1 3 9 0
458 7 3 1 4 5 6 8 4 2 9 5 8 7 2 5 5 3 7 1 2 4 2 7 6 2 5 0 1 0 8
488 8 8 8 5 7 9 3 2 6 0 1 5 3 3 0 8 6 1 2 7 3 9 7 1 3 3 6 6 0 9
504 5 8 9 3 4 7 3 4 5 4 0 5 1 0 3 5 7 3 6 9 3 8 5 6 3 5 5 1 8 9
554 8 3 8 3 1 1 4 9 2 9 8 2 0 5 5 4 8 3 2 9 2 5 6 5 5 9 1 2 5 7
7
290 1 0 4 6 3 6 8 0 2 2 2 8 7 9 7 0 4 2 1 4 3 9 8 3 5 3 9 5 6 2
314 1 1 4 2 1 1 0 5 8 7 6 0 9 2 6 4 4 7 8 9 6 0 7 4 9 4 6 5 8 0
392 9 1 5 5 4 8 3 3 4 1 0 3 9 8 7 6 4 8 4 2 2 0 3 1 5 9 5 9 8 4
414 3 8 5 3 7 6 0 2 6 4 8 4 6 7 8 8 4 7 3 4 7 5 8 8 4 7 7 8 5 1
442 8 9 7 8 3 9 0 2 3 0 0 8 3 5 1 8 4 9 7 2 3 7 9 1 7 9 9 3 6 5
458 1 1 8 5 6 8 4 9 8 4 7 3 0 7 2 6 4 1 4 2 2 7 2 5 2 3 4 9 2 3
506 7 8 3 8 7 9 9 7 3 1 3 7 3 2 9 0 2 0 3 8 7 2 4 8 0 8 4 4 9 1
7
310 3 1 3 7 2 8 1 9 7 0 8 3 8 0 8 2 6 4 1 8 0 5 8 3 7 9 5 1 9 8
434 6 1 8 4 0 8 4 5 6 3 2 7 2 6 7 2 4 1 7 5 2 7 8 2 8 8 5 4 3 6
454 6 6 7 6 9 0 3 1 4 3 4 5 3 4 0 3 3 5 4 5 5 6 4 7 4 1 0 0 4 9
466 4 2 3 9 5 2 6 7 1 8 5 9 6 3 1 6 2 8 2 7 7 7 4 0 3 4 3 7 9 0
488 3 4 9 1 9 0 3 2 8 6 2 6 6 6 3 1 9 3 1 3 4 9 2 1 2 6 9 6 6 2
494 9 3 6 0 7 7 4 8 9 1 5 3 1 9 6 4 3 9 1 4 9 5 0 8 3 4 1 2 9 4
530 5 7 6 9 8 1 7 2 8 4 8 6 3 2 7 8 0 8 4 7 0 2 0 3 1 6 8 7 8 1
3
286 1 8 0 3 0 3 5 6 6 0 3 9 9 4 7 2 0 0 7 1 5 5 7 8 7 6 6 8 5 3
380 4 7 4 7 5 2 6 2 2 0 7 7 5 7 1 8 6 1 7 6 4 1 5 3 5 5 6 7 5 5
418 5 9 2 8 6 3 0 4 0 5 8 0 0 6 1 9 4 7 7 9 2 6 9 7 4 0 8 2 3 5
2
310 0 3 5 3 7 6 2 7 1 2 8 7 6 3 3 3 0 1 2 6 6 1 8 6 9 9 5 3 7 5
606 9 0 9 9 7 2 5 7 0 7 5 9 1 4 9 7 6 7 9 9 4 9 8 3 5 1 6 5 2 9
2
406 1 8 5 2 4 5 4 8 1 5 1 8 2 0 6 1 1 4 6 8 9 3 0 2 7 1 2 5 0 3
522 6 3 8 6 3 5 2 9 6 5 4 4 3 3 9 8 6 6 3 9 7 7 9 9 9 6 2 0 0 0
4
374 3 8 0 9 9 5 0 3 4 4 1 1 4 3 3 3 4 7 9 6 1 3 2 4 8 2 4 5 0 9
390 8 0 0 7 3 8 6 4 7 5 6 7 8 5 8 7 1 0 0 1 2 1 2 6 6 8 0 2 5 1
408 8 1 4 6 7 6 1 0 0 8 8 8 4 2 2 5 4 8 0 4 8 6 3 6 1 1 6 5 3 8
600 9 3 6 3 4 2 3 8 9 8 6 6 9 1 4 7 1 6 9 8 7 7 7 4 1 1 9 6 0 1
7
336 0 1 7 0 1 7 8 2 7 6 2 0 9 8 8 2 1 4 7 5 2 6 3 3 9 9 0 0 6 9
410 7 1 0 5 5 1 8 4 4 5 8 3 8 7 7 0 9 8 8 9 9 2 9 8 0 7 1 2 4 0
448 6 4 7 4 5 9 2 2 4 6 9 8 6 2 4 5 1 6 7 9 6 8 3 6 5 2 8 4 1 6
472 9 2 8 5 3 9 4 2 2 4 5 0 1 4 1 1 4 2 5 0 2 4 0 1 8 4 6 2 1 6
498 8 2 3 6 7 8 8 7 1 2 1 9 4 6 7 9 9 6 6 2 4 1 2 5 8 5 9 4 9 4
528 9 1 6 9 6 4 2 0 7 7 4 4 1 4 5 1 1 3 3 2 9 7 3 5 3 0 7 2 6 3
550 8 9 9 4 9 2 0 2 9 0 6 3 4 9 8 4 6 9 8 6 6 2 0 7 9 5 0 0 0 4
3
272 2 8 1 1 0 9 3 4 5 1 4 0 1 7 7 4 7 4 9 6 7 5 1 4 6 1 8 5 1 9
334 0 6 3 6 8 8 6 0 9 1 1 9 1 1 6 2 8 8 4 0 2 8 0 5 7 0 2 7 4 3
410 6 7 2 4 9 0 7 1 7 1 5 4 8 6 8 7 7 8 2 0 7 5 9 1 8 7 5 6 6 0
4
432 7 7 2 0 6 9 9 0 7 4 8 8 0 9 6 8 1 8 5 5 1 0 9 1 8 9 8 5 8 2
498 0 6 7 7 0 0 9 3 8 8 6 7 7 5 0 7 3 6 5 9 8 4 9 8 5 5 6 6 5 3
536 9 0 5 0 8 3 9 5 8 4 1 6 5 3 8 3 2 8 1 2 3 7 0 2 4 0 0 9 8 5
604 9 0 8 7 1 9 8 8 8 5 0 6 9 2 5 6 9 3 2 5 7 4 1 4 7 1 8 1 2 9
7
320 5 1 2 8 3 8 1 4 0 3 4 5 8 4 9 4 6 9 4 5 7 6 3 8 8 8 5 8 4 7
400 4 6 2 2 7 4 8 3 9 1 3 1 3 6 5 2 0 5 4 2 6 8 9 4 4 8 9 0 8 5
440 9 3 3 1 1 3 6 8 5 6 7 7 1 1 5 2 1 2 0 5 2 5 8 5 1 4 0 1 1 4
462 8 8 9 0 9 3 3 4 0 1 5 8 4 4 2 8 3 3 8 3 0 6 0 2 9 7 4 0 0 6
484 0 8 6 9 3 5 4 7 7 9 6 4 1 4 9 4 0 1 8 2 5 3 2 9 0 6 7 3 0 8
484 6 9 6 2 8 4 4 5 0 4 8 0 6 0 4 5 7 8 7 9 6 5 3 7 2 5 4 2 6 2
494 7 9 8 0 8 1 3 8 1 3 6 4 7 0 5 7 7 3 2 7 3 2 9 9 2 4 6 0 4 3
3
366 3 5 1 9 0 2 1 5 8 6 1 1 9 7 0 3 4 6 5 0 8 4 6 8 6 2 7 3 7 2
506 7 1 9 1 4 0 8 6 2 5 2 0 4 2 1 7 8 7 9 2 2 2 5 3 9 8 6 3 4 4
548 8 9 2 9 2 0 9 9 4 2 6 5 0 4 5 6 6 2 0 3 6 2 5 1 6 8 8 4 7 9
8
378 3 2 7 2 1 6 1 5 4 8 9 0 1 6 5 3 4 2 6 1 8 4 8 8 9 3 6 7 7 6
378 1 5 6 4 5 5 1 4 5 7 3 4 1 0 5 7 9 5 4 6 6 3 6 7 9 4 0 6 6 9
390 6 2 5 4 0 8 6 0 2 9 9 6 5 7 4 4 2 0 4 9 9 7 3 2 7 0 1 6 7 5
460 5 4 7 8 4 8 5 3 4 1 3 3 0 1 1 0 5 3 8 3 4 9 9 0 6 5 6 8 8 0
468 5 3 9 1 7 7 5 2 4 6 9 7 9 5 1 7 5 2 5 3 8 0 6 8 4 9 0 1 5 8
476 5 3 3 9 9 1 3 2 7 6 5 9 9 6 1 5 2 8 5 2 0 7 9 2 2 0 1 7 2 6
510 7 2 5 4 8 8 7 8 8 2 2 2 9 1 1 3 0 3 6 5 2 3 7 3 0 8 9 4 8 6
536 9 8 8 1 6 9 0 5 0 7 6 9 3 7 3 5 9 4 5 3 2 9 6 1 0 9 6 1 2 3
7
260 2 0 2 6 0 4 0 5 5 3 8 6 8 5 0 0 6 1 6 4 7 4 5 3 1 8 0 2 2 7
350 8 0 3 2 8 1 3 4 3 1 6 7 7 4 8 7 3 7 0 5 2 1 4 0 6 4 1 4 5 9
370 2 4 1 7 6 0 3 5 2 7 9 4 4 6 7 7 5 0 0 9 7 6 6 4 2 7 4 5 4 4
380 5 6 6 8 0 4 2 2 2 1 2 6 7 8 8 6 2 1 0 9 1 9 6 5 6 3 2 3 5 4
384 4 7 1 7 5 2 8 1 4 4 4 3 2 1 9 4 0 3 1 4 0 6 2 7 4 2 3 9 4 4
460 4 1 7 6 0 2 5 8 6 6 8 7 5 4 4 3 0 8 8 5 3 3 8 5 6 0 2 6 3 3
646 8 8 7 4 4 5 6 7 5 9 2 3 9 4 3 6 8 8 5 2 4 3 9 0 0 3 5 2 4 4
10
246 1 6 3 5 1 3 0 5 2 1 7 7 9 8 2 5 8 6 1 3 0 5 9 1 9 2 7 7 0 2
268 0 4 0 1 8 1 4 0 9 2 2 5 8 3 7 8 9 4 2 3 8 9 0 7 9 4 4 9 1 5
332 4 1 6 3 3 1 5 1 4 3 3 3 0 2 4 1 4 2 1 6 6 5 3 6 8 2 6 9 7 8
362 2 6 0 3 7 6 7 4 8 5 2 7 8 4 7 9 1 1 9 2 9 2 5 1 4 1 5 0 5 8
412 4 2 5 6 1 8 5 1 9 6 8 4 3 4 0 3 6 7 3 5 5 7 3 5 2 2 5 3 3 6
522 2 2 9 6 6 6 7 4 8 7 7 2 8 4 6 4 7 1 6 3 9 4 7 4 8 9 7 7 6 2
536 6 9 8 8 0 3 3 9 0 8 2 2 2 7 9 6 9 4 9 5 0 8 9 0 2 5 4 1 8 2
544 3 3 9 6 7 4 9 6 3 8 4 9 7 3 3 7 3 3 6 9 7 9 3 9 8 3 5 0 9 6
614 8 5 9 6 1 9 9 4 3 7 5 0 4 4 2 8 2 9 0 0 1 6 0 0 2 5 8 5 8 4
616 9 7 7 0 2 9 3 9 8 9 6 6 5 0 7 6 5 3 6 4 1 3 6 8 9 1 6 1 0 8
1
434 6 6 3 8 1 6 0 7 7 4 2 1 7 4 4 9 9 2 6 0 8 2 8 6 4 5 2 1 0 0
2
332 2 9 0 7 2 5 7 7 4 0 6 2 3 4 0 2 5 8 4 7 9 8 9 6 4 3 7 3 7 3
396 7 4 0 8 7 9 1 7 3 0 5 7 7 3 3 4 1 5 5 1 5 3 5 8 8 7 3 5 8 7
