50 5
250 250 250 250 250
10
129 3 4 4 8 1  
182 1 5 3 7 7 
183 9 4 2 0 4 
219 4 0 2 7 9 
229 8 5 1 4 4 
237 3 5 4 6 5 
243 9 6 2 5 1 
258 3 5 8 0 5 
262 7 4 9 7 3 
278 7 5 3 4 6 
10
113 0 2 3 7 0 
166 2 3 2 3 8 
214 0 5 8 9 7 
217 3 6 5 6 6 
219 5 2 3 6 5 
223 1 9 9 3 9 
229 6 5 6 3 2 
257 9 3 0 7 9 
266 3 7 6 7 9 
274 5 6 9 4 2 
10
136 4 1 1 1 5 
148 0 4 3 0 2 
194 5 2 7 3 1 
194 5 7 5 6 0 
195 4 3 5 6 3 
227 3 5 3 8 4 
251 9 8 5 4 8 
259 8 7 6 4 1 
264 9 8 1 3 5 
295 9 5 4 4 6 
10
129 2 6 5 1 0 
187 3 5 2 6 1 
202 3 3 2 9 7 
202 1 5 2 9 7 
212 6 4 5 3 1 
228 8 1 6 7 0 
256 5 6 8 1 9 
265 6 5 9 9 4 
276 8 0 8 8 3 
284 4 8 8 9 7 
10
141 1 3 2 4 1 
173 1 5 5 8 3 
185 3 8 2 1 1 
206 4 9 6 4 4 
213 6 4 9 3 1 
217 6 5 6 8 4 
224 8 1 6 9 5 
233 8 0 8 5 1 
243 3 6 8 6 5 
293 9 0 9 7 9 
10
141 0 1 4 1 2 
169 6 6 4 4 0 
191 5 4 2 3 7 
215 5 1 8 1 1 
229 9 3 3 3 2 
234 1 6 9 5 0 
235 9 2 7 7 4 
238 4 2 8 6 0 
245 7 3 5 8 5 
246 9 5 9 1 4 
10
123 3 3 1 0 2 
153 3 0 0 7 5 
204 7 3 1 3 3 
212 0 6 9 5 9 
216 7 2 2 7 1 
219 5 3 3 4 7 
219 4 6 6 5 8 
228 4 3 0 7 9 
235 6 9 9 9 2 
284 9 8 8 0 0 
10
181 7 2 8 2 0 
195 3 8 5 0 8 
200 3 4 0 4 9 
203 6 9 8 2 0 
208 6 2 5 5 3 
209 1 6 1 6 7 
218 4 2 8 5 2 
237 2 2 8 5 8 
257 4 8 4 6 5 
282 6 8 7 9 7 
10
96 3 2 1 1 9 8
131 1 1 1 4 5 
161 2 7 2 5 0 
166 0 3 6 8 6 
248 7 7 4 9 6 
272 6 2 9 0 4 
275 9 5 8 3 3 
283 7 7 6 7 3 
293 8 7 5 9 2 
325 8 1 9 8 2 
10
161 0 3 6 3 2 
203 1 0 6 4 0 
208 3 6 9 1 3 
211 1 9 2 3 4 
216 5 4 1 9 7 
235 3 7 8 2 6 
238 7 5 4 8 5 
251 1 5 7 4 8 
261 3 9 7 1 9 
296 7 9 5 5 7 
10
133 1 5 7 9 0 
158 0 9 2 4 0 
175 6 9 3 3 0 
185 2 6 4 4 6 
188 0 8 6 0 2 
202 8 6 0 1 9 
205 1 9 4 3 8 
281 6 8 4 8 7 
281 9 5 7 0 6 
322 9 6 7 9 7 
10
118 2 2 0 3 0 
164 1 1 4 6 1 
181 0 5 9 0 8 
183 0 2 3 6 3 
186 1 6 2 9 4 
191 1 7 3 6 2 
199 5 3 9 5 2 
208 0 8 9 4 0 
228 8 4 4 3 4 
333 7 7 9 8 6 
10
173 4 2 4 3 5 
174 0 6 3 3 8 
186 3 1 4 6 3 
203 6 9 0 7 5 
208 5 1 1 5 4 
210 2 6 7 9 0 
222 9 1 2 7 3 
227 5 9 1 6 2 
242 5 9 0 6 5 
274 8 6 4 3 6 
10
133 1 9 5 4 1 
171 2 6 6 3 5 
183 4 5 2 4 0 
187 1 9 8 4 5 
195 9 1 4 2 2 
218 6 1 6 5 2 
240 6 8 4 8 8 
256 3 2 9 4 9 
258 1 5 9 1 7 
259 9 1 4 9 1 
10
177 7 0 8 3 1 
184 4 3 1 8 1 
184 0 3 5 0 9 
186 5 1 4 2 5 
210 2 6 6 0 4 
212 8 4 1 1 6 
214 9 8 5 4 2 
220 8 4 6 0 4 
253 8 8 5 5 6 
255 1 3 8 2 6 
10
142 0 6 1 4 9 
155 0 7 3 2 5 
163 2 9 0 9 8 
170 8 1 5 4 4 
211 9 7 4 0 6 
229 6 6 5 7 9 
232 9 1 8 2 2 
232 9 4 5 9 6 
233 9 0 3 4 7 
270 7 5 7 9 3 
10
121 4 7 2 3 6 
169 6 2 0 1 8 
176 1 1 6 0 5 
177 4 4 3 4 3 
183 7 3 0 4 0 
197 4 1 1 6 9 
208 1 8 0 5 4 
216 1 8 2 6 0 
229 0 6 5 3 4 
258 5 7 8 9 8 
10
177 4 4 0 8 3 
185 1 1 2 9 8 
185 4 7 0 0 1 
192 0 2 1 4 9 
203 2 6 2 9 1 
204 7 3 4 7 1 
213 4 4 8 2 2 
216 7 3 0 7 6 
220 2 3 4 8 9 
286 8 0 9 8 9 
10
146 1 5 7 1 1 
147 2 1 1 5 0 
147 1 6 6 0 3 
159 4 8 1 4 1 
181 0 0 6 7 4 
193 2 5 5 2 5 
194 1 9 6 7 9 
209 4 6 6 3 7 
218 1 3 4 8 9 
232 8 3 0 5 7 
10
174 2 0 1 1 5 
199 0 6 2 9 1 
203 3 8 4 0 8 
214 9 9 1 8 1 
221 1 4 3 9 9 
224 6 3 8 1 6 
227 9 5 0 1 3 
238 7 7 7 8 6 
240 8 8 4 5 0 
297 6 6 7 9 8 
10
161 4 7 1 5 1 
169 5 1 1 4 7 
188 6 0 1 2 3 
192 7 9 0 6 7 
193 0 6 2 6 8 
193 1 5 4 1 4 
201 7 0 4 8 5 
230 7 4 6 4 3 
230 4 4 4 3 9 
234 9 4 4 1 6 
10
150 3 1 6 3 8 
154 7 1 0 3 4 
160 4 2 5 4 0 
167 1 2 0 4 2 
185 0 9 7 6 3 
207 2 2 9 7 0 
224 8 7 0 8 3 
236 7 2 8 9 4 
265 4 8 9 4 5 
287 9 0 8 3 8 
10
143 4 5 2 0 4 
158 0 8 0 4 5 
175 1 9 3 5 3 
191 6 5 2 3 4 
222 6 8 2 9 3 
231 7 9 9 3 3 
236 2 4 3 7 7 
263 5 4 7 6 6 
276 6 6 9 2 2 
279 8 3 8 7 9 
10
143 3 4 3 3 2 
143 0 2 4 3 6 
192 4 2 7 8 4 
193 4 6 2 3 5 
209 5 8 5 0 0 
210 2 9 2 0 2 
234 4 8 7 4 3 
274 6 9 8 8 7 
277 9 2 6 7 9 
289 7 7 9 6 8 
10
78 0 0 2 5 1 4
116 2 5 0 0 8 
173 4 5 8 2 4 
175 2 8 3 2 3 
195 8 1 1 2 7 
201 7 6 4 1 1 
214 7 4 2 4 4 
249 8 0 7 2 7 
250 7 5 8 3 0 
327 6 9 9 8 8 
10
126 0 8 0 5 0 
148 2 4 3 1 7 
152 4 6 0 1 9 
159 2 5 6 3 5 
194 9 0 1 8 1 
222 7 4 2 2 6 
241 2 4 2 3 7 
273 4 6 8 9 9 
309 8 5 4 5 7 
312 9 2 8 9 6 
10
163 3 1 6 9 1 
171 3 7 0 0 0 
179 1 2 5 6 1 
186 4 3 0 5 2 
197 2 0 0 8 9 
211 3 5 3 3 8 
212 7 7 3 9 4 
223 3 3 8 0 8 
228 2 2 7 2 8 
248 2 8 5 7 3 
10
143 1 8 0 3 0 
173 2 9 6 0 7 
182 3 5 7 0 0 
190 4 7 4 7 5 
203 6 3 7 3 5 
205 4 8 4 7 0 
209 5 9 2 8 6 
215 4 3 2 7 4 
215 6 2 5 3 6 
215 4 5 8 7 0 
10
112 1 1 6 5 2 
157 1 7 4 4 3 
181 1 8 2 3 0 
196 1 5 9 5 8 
218 9 6 1 4 5 
220 1 9 6 1 9 
255 9 4 6 9 2 
270 6 3 7 3 6 
276 8 8 5 0 4 
284 0 9 8 5 9 
10
101 1 3 1 0 1 
187 3 8 0 9 9 
195 8 0 0 7 3 
204 8 1 4 6 7 
207 1 4 9 7 5 
216 0 4 8 0 9 
221 9 8 0 6 6 
223 2 1 7 0 5 
276 4 4 7 9 8 
300 9 3 6 3 4 
10
131 3 9 3 0 0 
180 5 3 3 6 1 
197 0 5 5 7 6 
212 5 5 6 9 2 
215 4 3 4 6 7 
221 9 7 1 9 1 
231 7 2 3 5 9 
249 8 2 8 0 6 
255 8 0 5 8 5 
285 5 9 7 6 6 
10
126 4 0 3 0 1 
151 4 6 0 1 3 
222 0 8 6 7 7 
236 8 5 7 6 3 
237 7 6 1 9 4 
244 6 0 4 9 0 
254 2 2 8 9 3 
261 9 2 6 1 9 
280 9 5 7 0 6 
287 9 9 5 6 2 
10
164 1 4 5 2 7 
173 0 7 4 9 6 
200 6 4 0 6 5 
209 2 6 6 9 5 
210 4 7 3 6 7 
236 6 8 7 2 5 
241 6 7 5 8 0 
249 0 4 7 8 4 
270 9 4 7 4 9 
280 8 5 6 8 0 
10
206 1 7 8 8 7 
211 2 4 9 1 8 
213 3 1 5 1 8 
216 7 7 2 0 6 
218 6 5 8 2 3 
240 8 3 6 3 7 
249 0 6 7 7 0 
254 7 1 8 9 7 
268 9 0 5 0 8 
302 9 0 8 7 1 
10
189 3 2 7 2 1 
189 1 5 6 4 5 
195 6 2 5 4 0 
229 5 5 6 2 3 
230 5 4 7 8 4 
234 5 3 9 1 7 
238 5 3 3 9 9 
255 7 2 5 4 8 
268 7 7 9 6 9 
268 9 8 8 1 6 
10
196 1 3 6 1 5 
212 4 6 5 9 8 
220 5 7 3 2 9 
230 1 6 8 6 4 
232 4 8 9 0 4 
236 3 4 2 7 8 
242 1 8 3 9 8 
242 9 6 6 0 7 
261 6 2 3 4 7 
314 6 4 5 9 5 
10
160 5 1 2 8 3 
168 1 7 8 1 0 
200 4 6 2 2 7 
220 9 3 3 1 1 
231 8 8 9 0 9 
242 0 8 6 9 3 
242 6 9 6 2 8 
245 7 3 5 9 7 
247 7 9 8 0 8 
263 4 9 7 7 3 
10
165 0 7 3 4 6 
175 2 6 1 6 7 
195 7 4 2 6 5 
207 3 1 5 1 4 
207 9 2 6 4 2 
217 6 3 3 6 7 
226 0 5 6 1 4 
241 7 8 5 6 9 
260 7 3 3 5 6 
274 8 6 8 2 7 
10
147 0 9 4 0 3 
174 0 2 5 7 4 
191 7 5 2 1 4 
201 3 2 0 7 7 
213 3 3 6 9 1 
223 2 6 5 5 8 
223 5 5 5 7 1 
237 9 1 6 4 7 
272 8 4 9 8 3 
274 8 5 6 7 8 
10
145 1 0 4 6 3 
157 1 1 4 2 1 
166 4 1 0 4 8 
196 9 1 5 5 4 
207 3 8 5 3 7 
221 8 9 7 8 3 
229 1 1 8 5 6 
235 6 4 0 4 4 
253 7 8 3 8 7 
260 9 4 9 4 0 
10
112 1 3 7 0 0 
160 0 2 2 3 7 
175 8 2 1 1 1 
189 0 1 4 8 7 
192 1 5 5 1 9 
221 0 2 5 5 2 
224 4 2 7 1 8 
240 4 6 7 7 9 
267 9 8 0 4 8 
300 6 4 9 5 3 
10
134 1 0 5 1 0 
148 7 3 2 2 0 
190 0 5 3 7 3 
211 4 8 1 5 4 
226 5 6 4 2 8 
237 7 2 7 0 7 
267 9 3 5 5 2 
288 5 2 5 9 9 
291 9 6 9 7 2 
304 7 0 8 6 9 
10
133 8 0 3 0 0 
177 0 2 2 5 8 
197 1 8 9 1 4 
199 6 8 4 2 3 
210 9 1 8 2 2 
211 7 3 2 1 3 
269 6 9 8 8 0 
269 7 1 5 5 1 
307 8 5 5 8 3 
314 6 2 8 8 6 
10
136 2 8 1 1 0 
163 1 6 4 0 0 
167 0 6 3 6 8 
169 4 5 8 2 5 
178 0 1 9 1 3 
179 4 5 2 7 4 
205 6 7 2 4 9 
240 8 3 6 6 4 
284 9 6 2 1 8 
310 8 9 1 6 5 
10
190 8 0 4 2 2 
192 6 5 2 0 8 
192 2 2 5 9 7 
194 0 6 5 5 2 
201 5 5 0 1 8 
205 6 9 4 5 6 
209 6 2 5 9 3 
228 1 8 7 4 2 
255 7 7 7 0 2 
274 7 9 7 4 1 
10
109 0 2 6 5 0 
162 3 3 1 7 1 
179 4 5 3 2 4 
182 4 3 1 6 2 
210 2 3 6 8 6 
231 4 3 8 4 3 
240 9 9 4 0 5 
242 8 2 6 7 4 
281 8 6 3 7 9 
294 9 9 0 5 8 
10
174 1 6 8 1 0 
183 5 6 2 2 0 
191 5 2 9 2 2 
203 0 6 6 8 7 
210 9 3 6 3 2 
222 1 6 6 9 7 
228 0 7 4 4 6 
246 8 1 4 6 7 
248 9 9 5 4 0 
272 8 5 7 9 8 
10
165 1 1 1 5 4 
191 8 4 2 6 5 
192 3 3 5 6 6 
221 5 5 2 6 9 
227 9 0 7 1 6 
229 5 2 8 9 3 
237 1 8 8 6 0 
240 2 8 6 2 3 
241 2 9 8 7 8 
286 8 6 7 4 3 
10
122 1 4 1 8 0 
130 0 3 6 5 2 
142 1 3 4 3 3 
147 4 1 2 5 3 
188 7 4 1 3 5 
196 6 0 4 1 7 
200 1 6 5 1 9 
204 0 9 6 7 9 
208 5 4 6 0 7 
264 9 4 2 7 2 
10
88 0 0 1 1 5 8
176 7 4 2 3 4 
176 2 2 7 5 1 
204 3 4 4 0 4 
217 2 6 8 0 1 
231 1 5 3 2 9 
231 7 4 8 9 0 
234 7 0 7 1 6 
250 6 0 8 1 4 
274 8 8 2 8 4 
