100 10
418 432 459 405 405 432 459 418 445 405
20
244 1 4 1 8 0 7 1 9 1 0
260 0 3 6 5 2 5 1 5 5 1
284 1 3 4 3 3 1 1 5 7 1
294 4 1 2 5 3 8 9 0 7 0
376 7 4 1 3 5 6 7 2 9 1
392 6 0 4 1 7 0 5 5 4 6
400 1 6 5 1 9 4 7 7 1 4
408 0 9 6 7 9 8 0 4 7 1
416 5 4 6 0 7 5 5 4 6 4
528 9 4 2 7 2 5 7 2 6 8
21 0 0 5 3 3 7 9 6 1 4
139 1 5 6 2 1 9 0 1 7 5
462 2 0 4 9 3 9 6 0 2 7
383 7 0 6 6 1 4 8 8 3 1
383 2 3 7 3 4 8 0 9 1 5
81 7 4 7 7 2 7 9 9 0 9
181 8 7 3 2 5 1 8 8 6 0
32 3 3 6 4 3 7 5 8 0 2
474 7 1 7 7 3 8 9 2 2 8
169 5 2 7 8 0 5 6 2 9 0
20
354 7 0 8 3 1 0 5 0 2 1
368 4 3 1 8 1 5 5 3 3 7
368 0 3 5 0 9 7 7 4 8 1
372 5 1 4 2 5 8 4 4 2 8
420 2 6 6 0 4 7 6 6 3 5
424 8 4 1 1 6 1 7 0 5 6
428 9 8 5 4 2 1 5 1 0 2
440 8 4 6 0 4 0 1 9 4 2
506 8 8 5 5 6 1 9 5 2 0
510 1 3 8 2 6 5 8 3 9 9
147 4 1 4 1 1 5 5 6 2 7
95 1 0 5 1 4 7 1 5 2 3
134 2 6 2 9 8 1 1 6 9 7
17 5 0 8 0 5 6 5 4 3 8
156 9 9 2 6 0 8 1 6 2 3
154 6 4 4 8 5 0 9 4 7 4
494 8 7 2 6 4 6 0 2 3 9
292 5 5 4 5 6 2 0 2 8 6
456 3 6 4 5 5 0 3 2 5 3
369 7 9 3 5 1 5 0 0 9 8
7
296 0 2 1 9 9 7 1 2 6 5
366 0 7 4 3 8 9 2 2 4 9
388 5 0 7 7 2 3 6 0 0 7
418 3 6 7 8 3 0 8 2 7 0
418 6 5 3 7 8 6 0 3 1 7
474 3 8 7 5 6 5 0 4 9 5
552 5 8 9 8 2 4 1 9 8 6
10
292 6 2 1 5 3 4 2 3 3 3
344 4 1 8 6 0 1 0 2 7 2
360 1 3 7 9 0 6 2 4 3 6
384 1 5 6 8 7 9 4 0 6 2
384 4 1 9 9 5 6 5 2 1 1
424 8 8 2 8 6 0 4 0 7 1
430 8 2 6 6 5 5 1 0 9 1
434 7 4 7 2 2 9 0 5 1 5
446 1 3 6 5 4 3 3 5 9 7
494 5 0 6 1 9 2 8 8 8 3
6
426 3 7 7 7 4 9 6 0 5 2
470 8 7 1 9 2 4 5 8 4 1
504 0 1 9 6 9 9 8 4 5 8
116 0 5 8 9 4 7 4 0 3 9
448 3 4 0 8 7 9 7 9 4 5
270 9 5 3 1 5 1 9 1 9 9
4
444 9 4 8 3 0 7 6 0 4 3
448 5 7 6 3 5 5 0 4 5 6
462 3 2 9 4 4 6 2 4 8 8
548 5 2 7 3 9 7 4 7 4 9
3
328 1 4 5 2 7 3 2 8 5 2
346 0 7 4 9 6 0 1 1 9 1
482 6 7 5 8 0 5 3 7 7 4
1
482 7 8 5 6 9 5 2 0 8 3
10
322 4 7 1 5 1 7 0 3 2 4
338 5 1 1 4 7 9 2 6 4 2
376 6 0 1 2 3 6 5 7 5 8
384 7 9 0 6 7 5 0 2 3 2
386 0 6 2 6 8 9 4 4 7 6
386 1 5 4 1 4 4 9 5 5 3
402 7 0 4 8 5 6 3 0 2 7
460 7 4 6 4 3 6 1 3 4 6
460 4 4 4 3 9 1 4 6 8 5
468 9 4 4 1 6 9 4 1 8 3
8
472 8 5 7 6 3 0 0 5 4 2
474 7 6 1 9 4 2 4 1 0 9
522 9 2 6 1 9 6 3 2 5 9
560 9 5 7 0 6 2 3 6 1 9
354 3 2 4 1 5 8 3 6 8 2
495 9 6 0 9 7 8 4 8 3 7
339 4 7 9 3 7 9 5 6 6 0
8 0 3 5 0 6 1 0 0 7 9
3
446 0 4 4 2 4 0 9 7 7 7
480 5 9 2 9 0 3 6 8 3 8
576 9 7 2 8 8 2 9 5 9 4
18
300 3 1 6 3 8 1 3 0 3 2
320 4 2 5 4 0 3 0 6 5 4
334 1 2 0 4 2 9 6 4 6 7
370 0 9 7 6 3 3 4 1 2 6
414 2 2 9 7 0 0 4 6 9 1
448 8 7 0 8 3 3 3 7 0 4
472 7 2 8 9 4 6 8 2 0 0
530 4 8 9 4 5 9 3 5 4 8
574 9 0 8 3 8 9 6 6 0 9
341 6 9 5 6 3 5 6 9 2 7
474 1 6 2 9 2 4 9 4 8 4
87 6 8 7 9 7 9 7 6 0 3
138 7 2 3 2 8 4 6 5 9 9
163 3 0 8 7 9 4 7 6 1 6
284 9 5 1 8 2 9 0 8 7 7
130 2 2 0 7 0 7 6 2 2 1
52 2 8 4 7 8 0 8 4 4 9
431 7 7 5 8 9 3 8 9 5 0
6
364 1 5 3 7 7 2 2 5 8 1
524 7 4 9 7 3 4 3 4 5 5
556 7 5 3 4 6 4 6 7 8 8
107 7 3 6 5 7 9 6 2 1 7
376 8 5 6 9 1 2 8 4 9 8
169 9 7 5 7 8 0 8 1 0 7
12
276 2 3 6 0 6 9 4 0 0 3
366 3 5 1 9 0 2 1 5 8 6
372 4 5 9 4 1 8 0 2 4 4
374 4 0 5 3 9 4 0 3 4 6
518 7 9 6 9 4 7 3 6 1 2
650 9 1 6 5 7 9 5 9 8 9
496 3 4 7 9 6 1 8 2 9 3
210 0 6 2 9 0 3 7 0 3 6
375 2 5 7 0 6 9 0 5 8 3
130 5 4 8 6 3 3 8 8 3 8
485 6 9 7 1 8 7 4 5 4 7
82 4 9 0 5 9 6 3 4 6 9
16
292 2 4 0 2 1 3 5 3 6 7
294 1 1 2 0 2 7 1 9 5 6
346 3 1 4 5 1 0 8 7 5 3
354 2 1 3 8 2 7 5 4 9 3
418 3 3 7 6 6 6 4 3 1 5
434 3 7 7 5 9 7 1 1 1 5
444 2 4 5 6 8 5 8 4 2 4
668 8 4 8 9 6 4 9 6 1 8
176 7 4 9 7 2 3 6 9 1 7
27 2 6 6 9 3 3 8 5 9 9
147 4 1 3 8 5 1 9 6 8 6
60 7 6 5 2 4 4 3 1 3 8
69 0 7 2 3 7 9 4 6 7 8
367 2 6 5 4 7 1 2 6 4 1
332 1 4 6 5 9 7 1 7 9 1
86 1 6 3 3 2 2 2 0 1 4
10
412 1 7 8 8 7 2 1 0 6 5
432 7 7 2 0 6 9 9 0 7 4
436 6 5 8 2 3 2 9 2 3 1
480 8 3 6 3 7 4 8 0 0 5
604 9 0 8 7 1 9 8 8 8 5
96 8 6 8 2 4 4 6 6 5 0
224 2 1 4 3 9 3 6 7 6 4
353 9 6 5 1 9 6 8 8 3 6
386 3 1 1 9 7 9 4 9 4 8
470 8 4 1 1 0 9 9 7 4 9
2
520 7 9 8 3 9 9 8 2 5 1
39 2 4 7 0 4 2 9 1 7 0
6
382 0 4 5 1 9 6 9 7 0 3
402 6 1 2 5 1 1 6 2 8 8
454 1 4 7 7 3 8 5 1 7 7
458 1 5 9 2 8 9 2 8 0 5
512 6 9 3 9 1 5 5 0 7 7
586 9 8 9 7 6 2 2 3 4 4
2
256 1 8 1 3 0 2 7 1 5 1
440 7 2 0 5 2 3 8 7 1 9
6
338 3 3 1 5 3 4 6 6 9 2
528 6 5 8 5 1 6 6 8 1 5
542 5 8 6 9 2 6 3 9 1 9
413 2 8 7 1 0 7 5 2 0 7
33 0 4 7 9 2 8 3 6 5 4
81 0 5 4 7 5 8 6 6 1 8
4
370 1 1 2 9 8 8 0 5 7 7
370 4 7 0 0 1 1 3 9 9 3
440 2 3 4 8 9 1 4 6 2 7
572 8 0 9 8 9 2 0 9 2 6
16
354 8 1 0 9 8 0 1 3 2 0
400 6 4 2 2 8 9 1 9 2 4
400 5 6 9 9 1 2 0 1 0 1
432 5 1 7 7 5 7 0 5 9 3
434 2 7 9 2 1 0 2 8 2 8
438 0 9 5 9 4 2 8 7 5 0
450 0 0 5 6 8 2 7 8 9 4
568 5 7 9 6 3 1 2 7 9 8
61 6 8 6 0 1 4 5 1 0 2
272 2 2 5 1 0 1 2 0 6 8
29 3 6 5 9 7 6 7 8 7 4
239 4 6 0 0 2 3 2 6 5 7
419 2 8 9 4 2 1 0 0 0 6
296 8 7 5 4 5 6 3 1 7 9
497 7 9 1 0 4 0 7 3 1 9
291 0 3 5 3 6 7 5 4 5 5
16
246 1 6 3 5 1 3 0 5 2 1
268 0 4 0 1 8 1 4 0 9 2
332 4 1 6 3 3 1 5 1 4 3
362 2 6 0 3 7 6 7 4 8 5
412 4 2 5 6 1 8 5 1 9 6
536 6 9 8 8 0 3 3 9 0 8
614 8 5 9 6 1 9 9 4 3 7
616 9 7 7 0 2 9 3 9 8 9
272 1 6 8 5 7 5 4 7 4 6
0 4 2 0 3 5 1 3 6 3 6
403 8 4 2 4 8 7 9 2 9 1
8 0 8 8 5 2 7 0 0 7 6
132 0 0 7 1 3 5 7 1 8 5
98 0 1 8 9 3 0 1 6 1 1
464 9 6 8 6 8 9 5 7 1 5
347 1 9 2 6 8 5 7 3 5 9
4
448 1 5 3 9 6 2 8 4 8 5
490 9 4 1 2 8 4 7 1 5 7
324 9 0 6 0 6 7 3 2 6 1
30 4 0 1 2 9 5 7 8 6 8
5
360 5 3 3 6 1 4 5 7 2 1
394 0 5 5 7 6 7 3 4 6 5
424 5 5 6 9 2 4 4 2 9 1
430 4 3 4 6 7 1 5 5 4 2
498 8 2 8 0 6 9 8 3 2 7
1
538 6 9 8 8 0 3 1 2 9 7
6
364 0 1 9 0 8 1 8 1 3 6
390 0 9 9 0 5 3 0 1 9 4
402 0 6 8 4 0 2 4 9 4 2
428 2 3 8 0 6 7 2 7 3 6
482 8 2 0 2 9 0 8 5 4 9
510 4 7 3 6 2 9 6 6 8 9
12
306 3 0 0 7 5 5 1 6 5 3
408 7 3 1 3 3 7 0 9 8 3
424 0 6 9 5 9 5 8 0 1 1
438 5 3 3 4 7 9 4 1 9 7
438 4 6 6 5 8 0 7 5 1 1
568 9 8 8 0 0 1 9 2 7 9
139 2 5 9 9 1 0 1 7 2 9
445 5 1 3 8 3 8 8 5 0 9
0 9 7 6 0 9 0 6 7 0 0
154 1 1 5 3 2 2 5 1 7 2
452 1 0 6 1 1 3 3 2 3 4
90 1 4 9 1 3 8 3 3 2 6
12
378 3 2 8 5 1 5 3 6 3 2
402 5 2 5 2 2 8 6 5 8 1
434 6 6 3 8 1 6 0 7 7 4
524 8 9 3 3 3 6 6 5 2 8
560 7 9 7 3 3 0 6 6 3 5
592 5 9 8 9 8 5 6 8 5 1
437 1 9 2 8 1 9 0 5 2 3
453 5 6 6 0 8 1 5 0 2 9
470 6 4 8 1 8 3 0 5 2 1
304 4 0 7 6 2 3 0 7 6 6
225 3 6 4 4 3 4 9 3 6 7
99 7 8 7 0 8 4 4 0 1 9
10
248 4 7 0 6 0 8 0 7 2 0
306 0 5 0 2 9 0 9 3 2 4
340 6 2 3 1 3 0 2 2 4 7
352 4 5 7 5 4 7 0 6 2 1
364 2 1 6 1 8 3 7 0 6 4
382 0 5 9 2 3 3 0 7 6 6
388 3 8 4 0 7 2 8 0 8 0
390 7 4 3 7 9 7 3 0 0 1
452 4 5 6 0 4 1 9 3 1 9
466 1 6 6 6 2 5 7 5 0 9
9
310 3 1 3 7 2 8 1 9 7 0
396 3 7 2 9 5 6 2 0 8 4
434 6 1 8 4 0 8 4 5 6 3
448 3 5 3 9 2 8 4 5 7 9
454 6 6 7 6 9 0 3 1 4 3
488 3 4 9 1 9 0 3 2 8 6
494 9 3 6 0 7 7 4 8 9 1
494 5 7 5 3 7 7 7 9 7 2
530 5 7 6 9 8 1 7 2 8 4
10
286 3 4 3 3 2 1 6 2 7 0
384 4 2 7 8 4 0 4 1 5 2
386 4 6 2 3 5 8 8 9 0 3
554 9 2 6 7 9 7 4 6 7 5
578 7 7 9 6 8 8 1 9 2 3
84 3 7 2 0 5 7 5 4 3 1
347 0 2 2 6 9 2 5 8 1 7
478 6 2 0 9 3 2 7 0 7 1
197 1 3 3 8 0 7 2 1 4 4
134 7 2 5 1 8 3 2 5 4 0
2
636 7 9 8 8 9 1 6 4 7 2
354 9 2 7 9 2 6 0 0 7 5
20
348 1 6 8 1 0 7 5 9 3 0
366 5 6 2 2 0 5 5 0 6 9
382 5 2 9 2 2 9 1 7 7 1
406 0 6 6 8 7 8 8 0 0 3
420 9 3 6 3 2 3 5 0 4 5
444 1 6 6 9 7 1 4 2 5 3
456 0 7 4 4 6 0 9 7 5 4
492 8 1 4 6 7 3 6 9 3 4
496 9 9 5 4 0 2 7 2 4 4
544 8 5 7 9 8 8 1 0 9 4
467 5 2 1 8 8 5 4 7 8 0
208 8 5 1 5 9 3 5 6 3 7
183 2 2 1 4 4 0 9 9 7 6
231 9 4 9 4 9 7 4 9 7 2
124 0 8 6 4 3 2 7 2 7 9
186 8 5 0 8 4 9 7 2 2 6
226 4 1 7 3 7 8 0 0 5 1
348 3 5 3 5 4 5 4 3 2 2
298 4 2 4 4 1 6 8 8 4 2
241 4 7 8 4 8 8 9 1 8 4
4
328 0 6 0 6 2 0 5 6 4 6
418 2 3 0 6 3 0 9 6 8 7
432 4 6 3 9 1 2 8 0 1 9
482 8 1 1 1 5 2 8 9 8 7
16
310 0 5 9 2 4 4 2 0 1 5
314 3 6 1 4 9 6 0 4 3 2
340 2 8 5 8 1 4 1 1 2 6
390 7 2 7 9 7 7 1 0 2 1
402 2 7 1 6 4 1 4 6 1 8
420 4 3 5 9 8 1 6 2 7 1
514 9 0 0 7 9 6 4 9 7 4
574 8 6 6 5 6 5 9 6 4 3
379 2 9 3 7 3 7 7 7 1 1
33 3 9 2 3 5 6 4 1 4 2
156 4 3 7 5 1 2 3 5 3 7
164 7 4 9 6 1 6 0 4 2 3
35 4 6 0 0 2 4 6 4 0 0
209 9 5 3 3 0 8 7 7 4 6
103 3 2 4 1 2 0 3 7 5 9
35 8 2 7 2 8 4 4 1 3 3
7
378 3 2 7 2 1 6 1 5 4 8
378 1 5 6 4 5 5 1 4 5 7
390 6 2 5 4 0 8 6 0 2 9
458 5 5 6 2 3 7 4 6 9 4
468 5 3 9 1 7 7 5 2 4 6
476 5 3 3 9 9 1 3 2 7 6
510 7 2 5 4 8 8 7 8 8 2
10
272 4 1 1 1 5 6 3 5 5 0
296 0 4 3 0 2 8 7 9 4 3
388 5 2 7 3 1 5 8 0 1 3
388 5 7 5 6 0 0 4 7 5 1
390 4 3 5 6 3 1 9 1 1 6
454 3 5 3 8 4 0 5 4 6 8
502 9 8 5 4 8 6 4 7 0 1
518 8 7 6 4 1 1 2 6 9 5
528 9 8 1 3 5 1 9 5 2 8
590 9 5 4 4 6 4 3 6 8 9
4
346 1 5 5 8 3 0 3 6 6 0
466 8 0 8 5 1 1 4 7 2 2
249 6 6 8 0 2 4 5 4 0 9
169 1 2 6 6 4 2 6 6 9 8
10
286 4 5 2 0 4 2 5 0 2 3
316 0 8 0 4 5 9 0 8 6 2
350 1 9 3 5 3 9 5 8 1 1
382 6 5 2 3 4 4 5 2 6 3
444 6 8 2 9 3 2 8 0 5 5
462 7 9 9 3 3 4 5 4 1 0
472 2 4 3 7 7 8 8 3 8 5
526 5 4 7 6 6 6 0 6 2 9
552 6 6 9 2 2 5 6 4 6 7
558 8 3 8 7 9 1 5 5 2 6
2
492 9 5 9 1 4 4 0 3 7 6
202 7 9 8 6 5 7 7 4 3 7
8
380 8 0 4 2 2 5 8 0 8 1
384 6 5 2 0 8 5 9 1 4 2
388 0 6 5 5 2 4 5 5 8 5
402 5 5 0 1 8 9 6 2 7 5
418 6 2 5 9 3 9 2 4 6 3
456 1 8 7 4 2 2 7 9 7 2
510 7 7 7 0 2 2 2 6 2 9
548 7 9 7 4 1 4 7 6 1 9
20
348 2 0 1 1 5 6 8 2 9 7
398 0 6 2 9 1 7 7 9 6 6
406 3 8 4 0 8 6 1 5 4 6
428 9 9 1 8 1 5 1 3 2 5
442 1 4 3 9 9 9 9 7 3 5
448 6 3 8 1 6 5 1 8 4 5
454 9 5 0 1 3 4 7 8 3 7
476 7 7 7 8 6 2 0 6 7 0
480 8 8 4 5 0 4 9 1 6 4
594 6 6 7 9 8 9 9 0 5 9
391 2 1 2 1 0 3 5 9 1 9
401 8 7 2 8 6 8 3 5 9 3
391 6 0 0 0 5 8 5 0 1 9
223 3 0 4 8 5 5 2 7 8 2
276 0 0 2 0 5 8 9 8 1 6
228 2 8 3 2 5 5 3 4 1 7
244 5 7 2 2 9 9 0 1 5 0
114 8 3 9 8 4 8 9 2 8 1
161 2 3 6 9 9 1 0 6 7 7
143 9 9 5 8 9 6 4 2 2 4
2
492 8 9 4 4 8 9 9 2 7 0
462 4 1 2 3 6 0 7 7 4 2
20
232 1 3 0 9 2 8 2 7 3 0
316 3 4 5 4 1 5 1 1 1 8
372 2 2 4 5 0 6 1 7 1 9
386 0 4 9 0 8 4 8 0 0 7
390 6 6 0 8 7 8 1 7 3 1
446 5 0 7 0 8 3 4 4 4 9
490 7 4 9 8 2 3 8 0 3 3
494 5 8 4 4 8 4 8 9 4 3
500 0 8 7 1 7 0 1 9 7 8
530 2 3 8 7 4 5 8 5 9 7
234 1 6 6 9 4 6 3 5 5 0
194 7 8 0 1 1 6 8 3 0 1
185 5 7 5 2 6 2 5 2 8 8
10 4 8 4 0 3 2 8 3 6 7
251 8 0 2 4 0 7 6 1 4 1
221 2 4 7 4 1 9 2 1 0 8
389 6 1 4 8 1 9 6 8 1 4
468 5 0 0 5 8 1 1 0 4 3
416 2 9 9 3 3 0 3 2 2 2
463 8 2 4 8 9 4 1 5 4 8
3
340 8 1 5 4 4 5 0 1 6 0
464 9 4 5 9 6 4 1 2 2 5
466 9 0 3 4 7 5 5 3 0 8
1
406 1 0 6 4 0 0 5 9 6 9
4
366 2 7 1 3 5 4 9 7 1 2
460 1 9 4 7 2 0 5 8 5 5
496 7 7 8 2 2 6 6 2 5 9
377 8 3 9 2 7 4 2 9 0 0
2
420 2 6 7 9 0 0 6 5 3 5
454 5 9 1 6 2 5 7 1 4 8
6
334 2 1 4 3 1 4 6 5 2 5
424 6 8 0 4 6 0 4 1 9 4
458 7 3 1 4 5 6 8 4 2 9
496 8 2 5 1 9 4 8 7 2 5
504 5 8 9 3 4 7 3 4 5 4
554 8 3 8 3 1 1 4 9 2 9
18
332 2 3 2 3 8 6 1 5 1 5
428 0 5 8 9 7 0 0 4 6 3
434 3 6 5 6 6 9 7 0 7 5
438 5 2 3 6 5 2 8 6 7 1
446 1 9 9 3 9 2 4 1 7 3
458 6 5 6 3 2 2 4 4 8 4
514 9 3 0 7 9 5 8 5 9 1
532 3 7 6 7 9 1 9 9 4 4
548 5 6 9 4 2 7 7 8 8 2
106 2 2 4 6 7 2 6 4 3 8
199 9 4 3 7 5 0 7 8 2 1
77 8 3 7 9 6 7 7 9 3 0
11 9 8 9 4 4 5 7 4 4 8
180 7 7 6 0 4 6 2 5 4 0
41 3 1 7 0 9 6 6 1 8 7
19 9 1 6 6 0 2 3 9 5 0
76 1 2 3 9 4 0 5 5 1 8
238 0 1 9 7 7 0 7 6 2 6
6
322 4 8 2 2 5 4 1 0 9 2
326 0 4 0 8 6 7 7 2 8 2
380 2 6 1 6 2 5 9 6 8 0
384 5 5 3 0 4 7 5 8 9 0
466 9 8 6 0 7 4 0 0 2 8
488 4 4 7 0 9 6 7 9 1 6
3
292 1 5 7 1 1 9 5 2 0 1
318 4 8 1 4 1 4 1 7 9 0
362 0 0 6 7 4 6 6 7 6 2
3
226 7 0 1 1 2 4 2 2 3 2
442 8 9 1 1 1 4 4 2 1 9
464 6 8 6 2 6 9 2 3 7 3
9
268 1 0 5 1 0 5 2 2 2 7
296 7 3 2 2 0 8 6 1 2 4
422 4 8 1 5 4 2 9 7 4 4
452 5 6 4 2 8 3 2 3 2 7
474 7 2 7 0 7 7 9 7 3 2
534 9 3 5 5 2 5 5 7 1 9
576 5 2 5 9 9 7 9 6 1 9
582 9 6 9 7 2 0 2 9 3 6
608 7 0 8 6 9 6 8 7 8 7
10
392 1 3 6 1 5 3 6 2 8 7
424 4 6 5 9 8 5 5 1 1 0
440 5 7 3 2 9 6 5 8 6 1
460 1 6 8 6 4 1 1 7 4 7
464 4 8 9 0 4 8 8 3 3 4
472 3 4 2 7 8 7 3 9 6 5
484 1 8 3 9 8 0 9 1 3 9
484 9 6 6 0 7 4 2 3 8 1
522 6 2 3 4 7 6 6 6 6 9
628 6 4 5 9 5 6 8 9 8 7
18
258 2 6 5 1 0 0 1 2 5 2
374 3 5 2 6 1 2 4 0 9 7
404 3 3 2 9 7 4 4 7 2 5
404 1 5 2 9 7 5 1 3 1 8
424 6 4 5 3 1 6 5 5 7 6
456 8 1 6 7 0 0 6 1 2 5
512 5 6 8 1 9 3 1 8 4 7
552 8 0 8 8 3 0 1 9 0 9
568 4 8 8 9 7 8 9 6 1 2
361 9 0 8 2 2 3 2 7 3 9
94 7 8 4 7 1 4 6 8 4 3
476 8 1 4 8 6 7 3 3 8 4
213 8 7 8 1 1 5 7 0 1 4
380 5 3 1 9 0 1 6 5 8 6
197 2 5 3 1 0 8 0 4 4 8
271 2 0 4 9 7 5 2 3 5 9
98 7 9 8 8 7 4 8 3 3 3
200 6 4 0 6 4 7 0 3 0 4
16
286 2 7 3 7 5 7 0 2 0 0
314 3 5 5 9 0 6 0 1 3 0
342 3 5 1 4 4 7 4 2 3 6
400 3 3 4 4 8 2 0 1 2 9
406 2 6 2 9 3 4 1 8 0 8
426 6 1 9 3 2 7 1 6 8 4
480 9 7 5 0 1 9 9 2 7 2
626 9 8 9 8 6 2 5 3 6 6
325 3 2 2 7 7 7 7 5 6 8
246 7 7 0 5 0 3 8 3 1 3
365 7 7 2 0 2 5 4 7 0 0
149 4 9 8 1 6 4 0 4 0 7
311 2 2 4 7 3 7 8 8 2 7
285 7 9 8 2 6 5 4 8 7 8
387 5 1 4 1 1 0 1 0 4 3
205 0 2 8 7 0 6 1 0 3 0
10
320 5 1 2 8 3 8 1 4 0 3
440 9 3 3 1 1 3 6 8 5 6
484 0 8 6 9 3 5 4 7 7 9
494 7 9 8 0 8 1 3 8 1 3
526 4 9 7 7 3 9 3 9 1 6
373 4 7 1 0 5 0 0 3 5 2
19 7 5 9 0 8 5 6 3 5 8
333 4 1 1 8 1 6 8 2 0 3
70 3 5 5 3 6 0 0 8 9 9
425 1 0 3 6 8 8 4 6 1 8
20
202 1 3 1 0 1 3 3 3 8 3
374 3 8 0 9 9 5 0 3 4 4
390 8 0 0 7 3 8 6 4 7 5
408 8 1 4 6 7 6 1 0 0 8
414 1 4 9 7 5 4 6 0 7 2
432 0 4 8 0 9 6 2 5 6 8
442 9 8 0 6 6 4 5 2 1 4
446 2 1 7 0 5 3 9 2 9 8
552 4 4 7 9 8 8 8 9 2 3
600 9 3 6 3 4 2 3 8 9 8
482 8 0 9 7 5 1 2 5 4 7
462 9 5 5 9 3 4 9 1 7 1
404 6 9 5 0 7 6 0 5 1 9
17 2 8 2 3 2 9 9 1 4 8
467 9 7 2 5 8 5 3 1 0 9
30 5 1 8 3 1 5 4 2 2 8
222 7 1 4 6 2 8 0 0 7 1
370 1 7 0 7 0 2 9 1 4 6
132 2 9 5 9 6 8 2 4 0 9
248 7 7 0 7 8 3 6 9 5 7
1
528 8 9 4 6 4 6 4 9 9 2
14
330 1 1 1 5 4 8 2 6 7 7
382 8 4 2 6 5 6 4 8 1 0
384 3 3 5 6 6 8 5 2 3 2
442 5 5 2 6 9 3 4 6 1 5
454 9 0 7 1 6 2 5 4 5 4
458 5 2 8 9 3 9 8 2 7 1
482 2 9 8 7 8 6 7 2 3 1
224 0 9 3 1 4 9 5 8 1 1
168 7 1 2 3 3 3 3 2 0 6
289 0 9 5 2 6 3 0 3 9 1
403 3 4 7 4 0 7 5 3 5 4
354 9 8 7 2 3 2 5 9 1 5
388 9 9 6 4 0 0 3 3 3 8
287 2 3 9 9 8 2 7 5 6 6
8
330 5 2 4 1 7 4 6 1 6 1
386 4 4 5 4 2 3 4 9 1 3
426 9 5 8 3 3 0 1 0 8 1
442 6 6 2 4 8 6 5 3 1 4
136 9 6 8 6 8 1 1 6 0 3
325 6 3 5 2 8 8 0 5 0 3
327 1 4 9 8 9 8 5 4 4 6
192 4 2 0 5 5 9 8 8 4 6
16
322 3 0 3 6 0 1 1 3 4 9
368 4 2 7 2 2 2 4 9 1 4
394 9 5 1 4 2 6 1 5 2 5
452 5 4 8 6 0 3 7 0 2 8
492 3 2 8 4 6 6 0 4 7 9
514 3 5 6 6 8 2 4 3 8 6
544 4 7 9 6 8 9 4 3 5 8
562 5 4 8 3 8 3 4 6 7 6
481 8 1 9 9 9 1 4 6 2 0
487 3 1 5 8 7 1 6 0 5 0
122 3 5 3 3 6 9 9 1 0 8
115 1 9 4 2 3 2 7 6 9 2
397 7 2 5 8 8 7 4 8 1 7
355 5 0 3 6 1 5 7 9 0 8
78 6 3 4 0 2 0 1 4 9 8
76 6 7 6 5 1 4 7 0 1 4
5
156 0 0 2 5 1 4 5 1 1 2
350 2 8 3 2 3 2 8 9 0 2
390 8 1 1 2 7 3 4 2 6 6
498 8 0 7 2 7 1 6 1 7 6
654 6 9 9 8 8 8 8 6 6 5
10
176 0 0 1 1 5 8 5 1 1 1
352 2 2 7 5 1 6 0 3 1 6
408 3 4 4 0 4 6 6 5 5 8
462 1 5 3 2 9 6 9 9 9 3
548 8 8 2 8 4 4 8 7 3 5
480 3 0 9 5 2 8 5 8 3 9
178 5 1 1 1 3 0 7 9 7 3
107 0 9 4 2 0 0 4 5 2 9
367 2 4 9 2 0 9 5 1 9 2
43 1 3 8 1 2 9 8 7 6 0
2
182 3 2 5 0 0 9 0 0 3 2
388 7 5 0 3 6 8 9 8 4 0
8
368 1 5 1 9 8 5 0 6 6 6
400 0 6 9 4 0 0 4 7 0 4
400 0 9 6 8 2 2 9 4 4 0
440 4 5 3 2 9 0 6 2 6 6
464 2 3 9 6 8 3 7 3 0 4
466 7 0 9 2 0 3 9 4 8 3
468 5 8 5 4 7 5 0 9 0 3
502 8 6 4 1 8 0 6 3 4 7
4
350 6 9 3 3 0 3 8 2 0 1
404 8 6 0 1 9 4 1 0 5 6
562 6 8 4 8 7 7 6 5 3 7
644 9 6 7 9 7 7 7 2 5 6
8
236 0 0 5 1 1 8 3 6 7 2
296 2 4 0 1 8 9 5 0 9 5
336 6 0 2 5 2 0 7 8 1 2
406 6 0 7 0 6 8 6 1 9 3
418 1 3 1 6 7 8 9 7 4 7
484 2 4 8 7 2 1 9 3 5 8
484 5 8 9 7 3 2 9 0 5 2
494 1 4 8 6 6 2 2 9 6 6
3
378 0 1 4 8 7 1 4 3 6 5
480 4 6 7 7 9 6 2 7 9 1
534 9 8 0 4 8 4 6 5 1 8
5
390 3 8 5 0 8 2 1 9 5 0
406 6 9 8 2 0 4 0 3 6 0
436 4 2 8 5 2 7 8 5 5 1
474 2 2 8 5 8 3 8 9 7 1
564 6 8 7 9 7 2 0 7 6 3
10
300 3 6 3 5 9 7 0 3 0 1
308 7 2 3 1 3 3 0 2 3 4
310 1 6 2 8 7 7 2 2 3 0
352 2 0 1 7 9 9 7 5 7 0
390 8 5 3 0 1 2 6 1 3 7
396 4 7 2 7 4 7 1 4 4 5
424 8 6 0 0 5 9 5 6 7 5
426 2 7 6 7 6 2 3 3 1 7
518 7 6 9 5 9 9 2 9 0 0
574 5 5 8 6 8 4 7 2 8 6
8
328 3 5 3 2 2 7 1 8 7 4
434 6 6 3 3 2 0 7 9 6 2
438 5 3 5 0 5 9 7 7 2 7
546 9 9 3 5 8 2 8 5 3 2
187 3 9 2 5 1 2 4 8 5 4
482 0 5 5 8 8 9 8 8 6 4
468 4 7 2 2 9 0 0 6 7 4
305 9 1 8 3 5 6 1 1 8 1
1
480 8 3 6 6 4 5 1 0 6 7
4
436 6 1 6 5 2 5 6 6 0 8
516 1 5 9 1 7 4 9 3 8 9
40 6 6 8 4 2 4 4 8 1 6
243 3 6 3 9 6 9 7 7 0 5
10
396 7 4 0 8 7 9 1 7 3 0
444 6 8 4 7 0 8 7 9 5 0
538 7 8 7 4 5 9 8 5 0 4
540 9 4 6 6 8 7 0 9 6 4
606 8 3 9 6 9 6 4 4 9 7
158 4 4 1 2 5 0 0 5 8 6
365 3 1 0 9 9 1 6 4 4 4
128 6 0 9 5 8 2 0 1 2 4
377 3 9 2 5 9 8 4 7 3 9
498 3 8 8 7 6 2 1 3 2 9
16
328 7 2 3 6 0 5 4 4 2 1
432 9 5 2 3 6 2 3 1 3 6
442 2 9 7 4 6 8 6 1 1 4
444 0 4 7 2 9 2 3 6 8 7
474 6 3 4 5 7 6 0 7 8 6
492 3 7 9 6 1 0 1 8 9 5
546 6 5 9 1 4 8 5 6 5 7
598 8 7 5 9 8 5 0 4 7 7
64 4 5 6 7 8 8 3 5 3 4
478 9 3 8 3 1 1 2 1 7 2
439 4 1 4 7 4 8 9 9 2 5
115 8 2 5 8 8 1 2 2 9 3
438 7 6 9 0 0 2 7 2 2 3
373 8 1 9 8 0 1 1 5 6 1
300 3 2 8 4 6 2 3 9 0 2
345 1 5 7 4 2 1 8 8 7 6
4
274 3 0 5 3 1 3 1 7 4 0
346 2 5 3 2 9 4 1 5 1 7
56 6 1 7 7 8 5 1 0 9 3
20 3 9 3 9 8 3 3 5 7 8
9
218 0 2 6 5 0 5 5 4 1 0
324 3 3 1 7 1 4 3 1 6 8
358 4 5 3 2 4 2 6 4 5 1
364 4 3 1 6 2 6 8 0 4 7
420 2 3 6 8 6 9 8 2 5 3
462 4 3 8 4 3 3 6 1 9 4
484 8 2 6 7 4 8 0 3 4 8
562 8 6 3 7 9 1 1 5 9 6
588 9 9 0 5 8 8 8 6 5 8
20
242 4 7 2 3 6 9 0 1 0 0
338 6 2 0 1 8 4 1 6 0 5
352 1 1 6 0 5 1 1 3 2 9
354 4 4 3 4 3 8 7 1 0 4
366 7 3 0 4 0 0 8 0 0 7
394 4 1 1 6 9 9 0 3 9 5
416 1 8 0 5 4 5 8 9 4 6
432 1 8 2 6 0 7 7 8 1 8
458 0 6 5 3 4 7 8 5 9 7
516 5 7 8 9 8 8 6 0 7 1
463 5 9 1 2 7 2 1 3 5 8
343 5 6 4 6 5 9 6 0 8 1
429 8 7 5 5 4 3 1 7 8 6
86 1 1 5 3 2 0 8 2 3 6
328 9 2 3 8 0 6 8 2 7 8
411 2 5 5 8 6 2 6 5 0 8
356 7 3 0 7 4 2 3 0 1 2
404 6 1 4 2 1 8 0 0 9 4
155 6 2 4 0 1 9 2 1 5 9
314 5 9 8 9 2 0 0 4 4 9
10
310 0 2 1 4 5 4 2 9 9 3
336 1 3 4 2 4 3 9 5 1 5
350 3 1 5 5 7 7 8 3 1 2
420 2 5 3 2 7 1 6 9 4 7
428 4 1 3 7 8 9 4 8 6 1
251 3 9 9 5 1 1 0 8 9 4
72 2 5 1 4 6 8 6 1 3 7
41 3 9 4 5 5 8 6 3 9 0
484 1 5 5 2 7 5 3 2 8 5
337 9 2 6 0 0 7 3 7 0 8
10
226 3 1 0 0 5 7 3 5 9 1
292 3 4 1 7 4 3 5 0 4 0
342 3 6 2 3 8 3 1 0 4 5
354 4 4 4 0 4 9 0 7 0 6
362 3 1 2 3 1 1 9 3 2 8
380 8 0 7 0 4 1 0 0 6 3
394 8 0 2 4 8 0 0 5 3 3
408 4 1 9 8 0 1 3 6 1 2
486 8 2 5 7 5 3 8 3 2 4
534 7 4 3 7 9 2 7 8 2 5
4
494 2 5 7 9 1 6 4 1 9 8
498 9 0 7 0 2 7 8 8 0 7
534 9 5 6 9 6 7 4 6 4 3
608 7 1 8 7 8 7 8 1 9 8
1
434 1 3 2 8 9 8 3 6 8 6
8
328 1 1 4 6 1 8 2 8 7 1
372 1 6 2 9 4 9 0 3 7 7
416 0 8 9 4 0 6 3 3 9 6
456 8 4 4 3 4 7 9 2 4 2
305 2 8 6 4 2 7 2 9 1 9
417 7 3 5 2 3 6 6 9 6 6
408 2 5 8 2 3 5 8 7 2 3
467 0 9 2 0 1 3 1 3 0 0
4
326 2 7 0 6 5 9 0 9 2 2
406 6 8 2 3 6 1 1 3 0 5
434 6 1 9 6 4 3 0 0 2 7
444 9 7 6 6 1 4 0 4 2 2
20
290 1 0 4 6 3 6 8 0 2 2
314 1 1 4 2 1 1 0 5 8 7
332 4 1 0 4 8 5 8 8 1 2
392 9 1 5 5 4 8 3 3 4 1
414 3 8 5 3 7 6 0 2 6 4
442 8 9 7 8 3 9 0 2 3 0
458 1 1 8 5 6 8 4 9 8 4
470 6 4 0 4 4 0 9 5 9 5
506 7 8 3 8 7 9 9 7 3 1
520 9 4 9 4 0 6 4 0 9 4
345 1 4 1 0 0 0 8 4 7 9
217 1 6 5 0 0 0 7 0 0 1
480 3 5 4 6 5 4 5 1 9 6
155 3 7 7 5 7 2 2 6 1 3
482 6 5 2 9 5 5 1 6 5 4
291 9 3 7 6 8 0 7 6 7 0
215 6 5 3 8 0 1 9 5 6 8
231 0 9 8 5 0 4 1 4 8 2
347 5 8 7 7 6 4 6 8 1 2
206 4 3 6 8 2 1 4 2 2 4
10
314 1 7 4 4 3 7 3 1 9 2
362 1 8 2 3 0 2 0 7 8 7
392 1 5 9 5 8 5 6 1 7 0
540 6 3 7 3 6 0 0 9 5 9
552 8 8 5 0 4 0 8 8 0 8
462 0 3 7 3 0 5 5 9 2 6
317 1 2 3 7 2 4 9 8 1 2
204 9 7 6 3 1 0 9 5 3 9
150 2 4 2 9 2 2 3 8 9 4
142 4 1 4 8 2 3 1 7 7 0
3
448 6 4 7 4 5 9 2 2 4 6
494 7 7 6 2 6 4 8 0 3 4
498 8 2 3 6 7 8 8 7 1 2
8
346 2 9 6 0 7 4 3 6 1 2
410 4 8 4 7 0 7 5 8 5 2
430 6 2 5 3 6 1 7 2 0 6
430 4 5 8 7 0 1 7 1 7 0
335 7 6 5 4 1 6 5 3 1 9
82 5 1 5 3 2 9 5 6 2 1
257 6 4 8 3 4 9 7 9 4 7
227 1 1 8 8 8 1 1 8 3 6
6
430 4 9 0 1 6 1 5 8 6 7
458 0 6 7 4 8 0 9 5 9 2
476 8 8 9 0 2 8 8 8 0 1
38 9 2 9 6 0 3 9 7 0 6
476 3 0 7 3 1 1 0 9 3 3
197 3 2 1 4 2 4 2 1 5 3
12
384 5 2 1 8 7 3 9 2 4 0
394 8 4 3 1 1 7 6 5 8 3
396 2 9 6 8 7 4 2 0 3 3
404 6 5 3 0 1 9 3 8 5 8
540 6 6 7 8 2 1 7 5 5 5
578 5 0 9 2 9 6 8 8 7 8
96 1 8 0 0 5 2 6 3 5 8
20 0 0 4 2 1 9 6 8 2 0
71 8 2 6 0 5 3 5 3 1 6
303 3 6 8 5 5 4 3 5 4 5
305 8 8 8 9 6 9 1 8 0 1
452 8 3 9 3 8 2 5 4 7 8
12
256 1 2 1 0 1 8 2 3 7 7
314 3 8 3 1 0 1 3 3 3 6
316 4 0 1 8 1 4 1 4 8 4
426 3 3 2 6 7 4 4 7 7 5
574 6 6 7 8 3 3 7 7 0 8
648 9 9 9 3 8 7 5 2 9 5
406 6 0 0 9 5 6 4 3 7 4
261 6 0 0 0 0 3 1 2 1 5
202 5 3 6 2 0 4 0 5 2 6
105 4 7 2 2 2 5 9 6 9 6
69 1 6 9 6 9 2 8 4 6 5
60 4 7 0 8 9 7 2 6 2 8
8
328 0 9 4 4 6 2 1 6 1 3
332 4 7 2 6 0 8 6 2 6 3
408 3 9 0 5 7 2 8 2 0 9
592 8 7 9 7 6 2 8 2 9 1
156 1 7 4 0 6 3 8 5 6 4
246 3 4 8 3 0 6 8 0 1 5
492 1 4 9 6 2 3 4 8 0 5
135 4 8 1 9 6 8 5 3 5 0
16
258 8 0 0 0 0 4 4 1 6 4
350 8 0 3 2 8 1 3 4 3 1
370 2 4 1 7 6 0 3 5 2 7
378 0 3 5 0 8 3 9 8 1 4
380 5 6 6 8 0 4 2 2 2 1
424 3 7 8 5 3 8 0 4 0 6
460 4 1 7 6 0 2 5 8 6 6
646 8 8 7 4 4 5 6 7 5 9
435 3 9 2 1 2 5 8 4 8 5
466 4 7 9 1 5 9 6 3 5 6
396 4 3 5 2 6 0 4 5 5 8
244 9 1 6 4 2 3 5 7 9 1
166 0 2 4 2 1 7 7 7 3 4
360 0 8 8 0 2 3 8 2 0 7
224 8 4 6 3 9 5 4 2 1 5
305 5 7 8 2 6 7 8 2 0 8
9
294 0 9 4 0 3 8 9 5 1 2
348 0 2 5 7 4 1 6 3 8 0
382 7 5 2 1 4 4 7 9 0 0
402 3 2 0 7 7 8 5 2 4 8
426 3 3 6 9 1 7 3 2 4 8
446 2 6 5 5 8 3 7 2 9 5
446 5 5 5 7 1 2 5 8 3 5
474 9 1 6 4 7 8 2 0 8 5
548 8 5 6 7 8 9 7 0 2 7
7
252 0 8 0 5 0 0 7 4 1 3
296 2 4 3 1 7 4 1 1 4 5
304 4 6 0 1 9 7 4 1 3 4
388 9 0 1 8 1 0 8 0 2 3
444 7 4 2 2 6 7 5 8 7 1
482 2 4 2 3 7 1 9 9 7 8
618 8 5 4 5 7 4 8 7 5 9
18
326 3 1 6 9 1 1 7 0 0 1
342 3 7 0 0 0 7 4 0 7 9
358 1 2 5 6 1 3 8 6 3 1
372 4 3 0 5 2 5 9 8 2 5
394 2 0 0 8 9 1 8 9 2 4
422 3 5 3 3 8 2 9 0 7 4
424 7 7 3 9 4 5 2 4 7 0
446 3 3 8 0 8 4 3 1 8 6
496 2 8 5 7 3 0 1 9 7 7
165 4 9 7 4 6 3 4 2 9 8
473 4 2 6 8 9 3 3 8 1 8
347 8 6 9 8 6 2 9 9 9 3
78 6 9 7 0 3 9 1 3 3 8
406 1 6 5 4 9 6 5 7 3 5
55 4 6 4 6 5 3 5 8 4 4
397 1 6 2 2 7 6 5 5 4 8
471 1 2 3 7 9 2 0 5 8 5
243 4 3 8 7 1 8 1 7 7 4
10
192 3 2 1 1 9 8 1 0 3 0
262 1 1 1 4 5 0 6 5 0 5
332 0 3 6 8 6 9 2 5 4 2
496 7 7 4 9 6 4 4 3 1 5
586 8 7 5 9 2 2 2 3 8 9
201 7 0 7 4 8 1 3 1 3 5
124 2 7 7 3 2 7 0 7 3 5
335 2 6 5 6 5 4 0 8 5 9
231 3 4 9 6 9 0 1 6 7 4
143 6 9 7 5 9 4 8 6 1 0
