100 15
500 500 500 500 500 500 500 500 500 500 500 500 500 500 500
10
443 8 1 8 2 4 3 6 8 7 5 5 7 3 6 8
419 4 9 6 9 3 8 9 4 1 5 3 4 6 2 2
358 1 1 7 1 1 4 2 9 7 2 2 7 9 7 4
350 2 8 9 4 6 3 2 4 5 4 4 5 3 3 6
423 5 5 6 6 6 7 3 7 1 9 8 7 8 4 3
375 1 8 8 5 4 3 4 7 7 5 1 7 6 1 7
398 2 8 4 1 8 2 8 4 5 1 2 9 8 9 5
386 1 1 5 1 4 5 6 8 6 5 3 4 5 9 9
398 6 9 1 2 8 5 6 4 1 7 9 9 4 6 7
512 9 6 9 1 1 3 6 6 6 7 4 8 6 8 3
10
424 5 1 3 9 7 5 6 6 6 5 4 7 4 6 8
371 4 4 2 8 2 4 7 3 4 1 6 1 8 4 2
420 7 6 9 1 1 5 8 1 9 4 6 9 1 1 3
454 7 5 1 4 9 2 2 7 8 7 9 8 7 5 9
416 9 1 5 8 9 6 5 7 4 8 1 2 6 1 8
495 9 5 9 5 6 4 5 8 9 1 6 6 5 7 2
494 4 7 9 6 4 6 7 5 5 6 3 8 9 6 9
407 9 7 5 6 9 1 5 4 1 4 6 2 6 7 4
507 9 6 5 8 3 4 7 9 3 6 9 6 8 7 7
357 2 3 1 9 7 2 8 9 3 5 9 7 7 1 3
10
293 3 7 5 5 2 3 1 2 1 5 7 4 5 5 1
286 2 1 4 3 9 1 2 6 2 1 4 8 4 6 2
335 2 2 3 8 7 5 8 9 6 4 1 6 1 3 3
540 8 6 6 9 1 9 5 6 9 9 8 8 4 2 7
340 4 6 3 1 4 3 5 6 5 8 5 8 2 3 8
493 8 4 8 1 5 6 4 7 8 9 7 3 5 5 5
407 6 1 6 9 6 5 7 4 5 4 2 2 3 5 8
376 2 4 4 1 1 8 5 2 2 5 6 9 9 6 1
427 3 4 7 7 4 8 2 7 5 4 9 1 4 8 8
407 2 1 9 6 9 4 4 6 4 9 4 7 2 7 8
10
478 7 9 6 1 8 9 9 6 4 6 3 2 5 7 6
420 1 9 4 5 2 9 3 2 3 6 7 9 6 9 5
281 2 5 3 7 2 3 2 6 4 5 9 1 3 1 5
468 5 9 7 7 7 9 6 1 8 7 5 5 3 3 1
448 5 9 4 1 7 5 4 6 2 8 7 5 7 7 6
395 4 5 1 3 3 3 8 9 4 7 9 3 2 8 3
471 7 4 7 5 9 8 5 9 6 1 2 2 9 4 2
421 9 2 7 2 5 9 6 3 6 5 9 4 3 1 2
386 3 2 9 1 3 1 1 7 5 9 6 3 8 7 5
363 1 4 2 2 5 4 7 6 2 4 4 7 8 9 3
10
358 2 3 7 2 3 7 1 2 1 7 7 3 9 6 6
315 5 1 2 2 1 9 4 3 3 3 9 1 2 6 9
446 6 8 1 3 8 4 9 2 2 8 7 8 9 5 3
353 6 2 2 2 5 5 4 6 3 8 2 6 4 5 8
365 6 7 3 8 4 4 3 1 5 2 3 8 3 3 8
456 9 9 3 7 5 3 7 1 7 6 5 2 2 8 9
434 9 4 1 4 5 2 4 8 7 8 6 6 8 4 4
327 3 3 2 6 7 1 3 8 6 3 3 7 4 6 9
450 5 3 6 5 5 5 2 9 5 8 8 7 7 5 6
338 1 9 1 3 4 7 3 2 2 9 4 2 8 3 9
10
477 4 8 1 7 4 7 8 2 8 8 5 9 2 7 7
442 3 7 3 1 4 9 8 3 5 2 6 9 9 3 2
492 7 3 8 4 3 8 6 8 6 9 6 9 3 6 8
360 8 1 6 3 8 6 3 3 6 2 8 4 1 1 4
417 9 4 2 3 3 4 7 7 2 2 3 5 9 8 6
371 7 2 6 6 3 1 6 3 6 3 5 9 6 1 3
461 8 4 4 5 5 6 6 8 9 4 5 2 6 5 5
306 5 1 3 1 3 7 3 2 3 2 2 2 3 7 7
339 8 1 1 7 2 1 3 7 4 8 4 5 3 6 1
450 4 1 6 6 3 9 5 2 2 9 6 8 8 8 8
10
407 8 1 6 3 3 3 4 8 7 2 7 9 1 6 3
289 2 2 5 6 6 2 3 6 1 6 2 1 5 4 8
365 1 6 4 1 9 7 5 6 6 4 7 5 3 3 7
425 1 2 6 9 2 4 1 3 9 9 6 7 8 4 1
463 8 3 9 6 4 6 9 1 1 3 2 6 7 7 9
411 2 6 9 3 3 3 9 4 5 6 4 7 5 5 7
492 2 9 9 6 3 4 9 3 6 4 7 6 6 7 9
297 6 1 1 4 3 4 6 2 1 5 2 1 6 5 3
396 5 3 4 9 2 7 9 2 3 2 9 3 5 2 1
327 9 1 9 3 3 2 2 9 5 1 7 6 3 1 2
10
405 5 7 2 8 7 9 1 1 1 3 6 2 7 9 3
499 1 6 9 6 8 2 9 1 7 9 4 4 8 9 3
420 9 5 7 4 6 2 3 8 4 5 3 8 4 6 6
461 3 7 2 3 1 8 5 1 9 8 2 9 9 6 5
433 3 4 8 3 9 5 7 8 7 9 5 2 1 2 4
399 7 4 8 3 2 2 6 3 4 7 1 4 6 6 3
426 7 3 7 3 6 4 8 4 9 4 1 6 2 5 6
450 2 5 7 5 3 7 2 9 5 1 9 6 9 8 9
420 6 7 6 3 3 3 5 7 6 3 4 9 7 1 1
403 7 6 2 2 4 9 5 9 1 7 3 5 7 5 6
10
305 3 5 2 2 3 2 5 1 6 2 2 2 5 4 7
514 8 7 2 9 5 8 4 4 5 7 8 7 6 8 7
303 4 2 2 8 9 5 2 4 2 9 4 7 1 5 6
439 3 2 4 4 8 4 8 6 9 9 1 4 3 7 2
539 9 7 9 9 7 2 8 3 5 8 7 2 7 9 4
443 3 9 5 1 8 3 9 6 7 6 7 1 1 6 5
479 9 5 6 5 6 9 1 1 9 9 6 1 4 9 1
415 5 4 2 9 7 8 5 8 4 8 4 8 1 3 4
447 9 2 9 7 2 9 4 6 2 8 4 2 6 6 8
461 8 2 7 8 1 6 5 6 8 4 7 6 2 8 4
10
346 1 8 8 1 4 3 3 6 3 3 5 9 4 8 6
560 9 8 8 4 7 9 8 3 5 9 9 1 9 1 4
438 9 9 4 2 8 2 8 6 4 5 7 8 4 2 9
596 8 3 8 8 9 9 9 9 9 1 8 9 6 9 1
416 2 7 4 5 8 9 7 1 8 2 9 3 4 4 9
376 1 2 5 9 2 9 8 8 1 1 6 2 6 3 8
439 4 6 1 7 4 6 6 8 4 7 5 6 5 7 7
438 2 4 2 2 9 2 9 8 1 9 9 1 9 9 1
362 2 5 3 6 2 9 2 8 3 2 1 4 7 6 8
454 5 1 6 5 9 9 9 7 2 3 7 5 5 6 5
10
451 9 4 5 5 1 3 9 8 8 6 6 1 3 3 7
333 2 3 8 2 7 1 2 2 6 2 9 8 7 2 7
364 7 6 2 7 4 1 2 7 5 5 9 6 4 5 6
459 9 6 7 3 7 6 4 5 3 2 3 7 8 9 5
399 3 6 5 7 8 8 3 2 1 1 5 7 7 9 6
251 2 6 2 1 1 1 2 2 8 1 8 1 3 3 4
456 9 7 5 5 5 9 6 4 9 2 3 4 3 1 6
390 8 6 9 1 1 2 2 5 2 7 7 5 8 2 6
357 3 7 2 1 9 1 3 9 5 2 7 6 9 4 4
488 8 8 7 8 9 6 6 3 8 1 2 1 7 2 6
10
396 5 7 5 3 8 1 2 8 6 2 1 8 7 9 4
346 6 4 5 4 7 1 4 2 8 3 3 1 2 4 8
414 8 7 9 4 7 3 2 6 5 6 1 5 1 8 1
371 3 2 9 3 4 3 3 8 3 2 7 3 3 7 7
428 4 3 8 2 5 8 9 1 3 8 9 3 3 6 3
509 6 7 7 4 5 9 5 4 8 6 5 4 4 9 9
536 9 7 5 9 4 5 7 5 7 4 2 4 8 8 7
427 7 6 8 4 2 7 2 1 6 4 1 5 7 7 3
432 2 4 4 2 4 9 9 4 9 3 6 7 8 2 7
265 1 9 3 2 3 1 1 1 4 1 8 2 6 3 8
10
524 6 7 8 9 5 7 6 1 7 6 2 4 8 7 6
457 8 8 8 5 4 7 5 1 3 5 9 4 8 3 9
317 6 1 2 8 3 6 1 9 3 6 8 2 1 2 3
465 6 4 4 9 4 3 4 8 9 9 8 3 9 4 1
371 2 3 6 5 2 2 4 3 5 8 5 6 7 2 3
426 7 2 7 7 2 4 9 8 6 1 3 3 1 6 4
525 8 1 9 7 2 9 9 9 5 9 3 6 7 2 8
303 1 1 4 5 2 2 5 7 2 3 4 2 2 7 7
410 3 6 1 1 3 5 8 6 4 8 5 7 4 8 1
372 8 3 5 8 9 1 1 5 3 2 4 2 5 9 4
10
443 6 9 6 9 3 2 4 5 4 5 3 8 9 7 1
441 5 9 5 9 8 7 4 1 6 7 3 3 4 4 7
412 5 2 9 8 5 2 7 8 3 9 4 3 1 9 5
412 4 7 7 6 1 8 8 6 2 4 4 1 8 2 2
370 1 3 6 3 4 6 4 3 6 4 4 4 5 9 9
479 2 4 9 4 2 8 6 3 7 9 6 1 8 5 5
351 1 3 4 8 2 1 5 9 2 9 5 7 5 2 3
391 3 8 9 6 4 4 9 6 3 3 8 9 1 1 6
379 3 3 3 3 1 7 5 8 9 4 8 2 3 3 5
379 7 1 9 6 2 7 4 3 4 6 3 1 1 3 7
10
297 2 2 4 9 8 2 2 5 1 9 8 5 3 3 8
391 5 9 1 1 8 1 9 3 6 2 3 5 2 8 9
424 4 4 5 6 7 1 8 8 4 2 8 7 5 9 3
443 9 8 9 3 7 8 1 3 6 4 1 6 6 3 7
385 2 4 2 4 6 5 7 4 2 3 8 6 7 6 9
447 6 8 6 9 7 5 8 5 4 6 7 8 4 1 6
403 2 3 4 5 5 6 4 6 6 2 7 3 9 8 3
391 6 1 9 8 8 1 5 3 8 3 5 8 3 4 1
401 2 4 5 8 1 5 3 1 7 4 2 9 7 9 3
463 2 2 9 2 5 8 9 7 6 9 1 5 7 5 7
10
370 1 3 7 4 4 4 1 9 9 3 2 9 4 6 1
426 9 9 7 2 3 1 4 6 4 1 3 5 5 9 1
370 3 8 3 3 2 9 2 6 5 2 1 7 7 4 7
370 4 8 3 3 9 7 1 7 3 9 2 9 4 3 3
415 8 7 1 9 6 8 2 8 7 8 2 1 6 1 8
432 9 9 3 2 2 7 7 7 4 1 1 4 7 8 4
294 1 7 2 5 5 5 1 9 1 7 6 1 7 2 6
352 8 1 8 1 5 9 3 1 1 7 2 1 3 6 2
393 8 6 6 4 8 5 2 1 9 1 6 9 3 1 7
357 7 2 3 7 5 7 1 8 1 9 1 4 8 1 4
10
399 9 2 7 4 1 6 2 3 2 5 4 1 9 4 2
305 3 2 5 4 4 1 3 6 1 4 2 1 4 9 1
337 2 3 6 5 7 4 2 3 8 4 3 7 1 3 9
520 3 8 3 9 7 8 3 9 8 4 7 6 9 9 7
482 5 7 9 6 3 3 4 2 7 6 3 4 6 8 9
426 6 8 2 3 6 8 3 4 6 1 8 1 8 5 9
343 2 7 1 4 3 8 1 7 2 8 8 7 2 7 8
326 3 5 1 5 1 5 2 3 6 3 2 3 9 3 5
324 8 8 3 4 4 1 6 1 5 6 2 3 1 3 8
387 6 5 5 9 4 1 4 1 9 2 1 8 5 5 9
10
341 7 3 5 8 5 2 5 3 4 6 1 6 3 4 4
429 7 5 7 2 6 8 7 6 1 2 4 4 5 7 5
405 2 5 8 9 4 9 3 2 2 2 3 8 7 5 4
443 2 8 8 5 9 1 8 9 5 6 6 3 3 4 5
357 6 7 3 9 2 4 7 9 1 3 2 1 6 4 3
389 2 4 5 5 5 1 8 5 4 8 1 9 9 4 7
492 5 9 5 7 3 5 8 1 5 7 9 2 6 5 5
364 4 5 2 7 4 4 2 2 7 6 7 5 5 6 3
421 3 5 9 4 4 2 4 8 5 9 3 5 6 8 5
322 3 5 2 7 7 2 7 3 6 3 1 2 5 1 5
10
368 5 3 2 7 7 6 7 5 2 2 5 8 8 2 6
410 6 8 3 2 7 7 2 2 4 9 3 4 7 5 8
378 8 7 8 4 9 4 1 3 3 2 5 6 8 3 7
399 6 4 8 4 3 4 7 1 2 6 8 5 1 9 1
434 2 7 1 5 1 7 8 6 9 2 4 5 5 6 6
531 8 1 6 9 4 9 7 5 9 5 2 9 9 7 2
472 7 7 7 1 1 7 5 9 9 1 7 7 6 1 3
388 6 4 8 9 8 3 5 4 5 5 2 8 4 1 5
355 7 2 2 5 4 5 9 4 7 1 7 7 2 1 3
396 6 9 5 8 6 4 6 9 3 2 7 1 4 1 3
10
409 4 6 9 3 6 2 3 5 5 5 1 7 5 9 5
449 6 4 7 6 1 4 7 9 7 5 4 4 2 9 5
306 1 2 8 3 3 1 9 1 4 2 1 6 5 2 9
443 9 6 5 6 6 9 1 3 7 3 7 7 1 5 4
455 5 7 7 3 5 5 9 8 6 1 2 3 9 5 4
423 4 3 4 7 2 6 6 7 5 9 2 4 9 1 7
390 3 9 2 8 4 2 7 5 4 4 8 1 1 8 7
417 4 2 2 9 7 4 8 4 4 7 7 3 1 9 2
357 5 4 6 4 3 1 4 6 1 9 7 8 3 6 2
408 1 1 2 7 5 5 5 8 6 6 4 4 9 5 7
10
400 7 2 7 7 1 2 6 3 2 2 1 5 6 9 2
461 9 5 3 2 6 6 7 5 9 2 1 2 6 9 2
327 6 3 3 1 7 2 7 3 1 4 9 5 3 2 7
494 8 8 3 3 7 9 4 9 6 9 5 2 4 8 2
449 8 9 6 4 4 2 6 4 8 4 2 8 9 1 9
368 4 4 2 8 2 6 4 2 6 4 5 4 6 4 4
533 9 9 7 5 5 9 6 4 8 9 5 6 5 1 5
366 7 4 5 4 6 1 2 2 6 7 7 5 6 1 4
441 4 7 3 4 4 9 9 2 3 9 7 1 8 4 6
364 4 2 5 1 1 1 3 7 9 8 9 1 2 4 6
10
450 5 4 7 5 5 6 6 6 7 5 5 6 5 6 2
331 5 2 3 5 8 5 1 6 6 6 6 5 2 3 2
363 2 1 6 1 2 5 4 7 1 6 1 8 9 6 5
364 3 6 1 1 1 6 2 1 8 6 2 5 4 7 4
506 4 8 5 4 1 5 8 2 5 9 8 5 7 9 2
369 9 5 6 3 8 4 2 4 1 7 8 5 3 5 2
454 6 8 8 7 4 8 3 3 7 8 1 3 6 3 5
423 9 1 6 7 6 3 9 3 1 9 7 1 4 3 2
460 9 2 4 1 3 5 6 6 8 2 4 6 7 9 4
376 2 8 1 7 6 4 4 1 9 1 9 4 3 8 3
10
455 5 5 7 6 2 3 5 9 8 5 8 9 1 7 9
475 6 1 9 5 8 3 9 7 2 1 7 9 7 9 8
409 7 4 5 1 2 2 7 8 4 7 5 9 2 7 3
366 4 1 9 1 2 4 8 5 2 9 4 7 3 2 9
371 1 6 7 9 6 8 1 9 2 8 4 3 5 1 9
390 2 3 6 3 7 8 2 9 3 7 5 9 7 6 6
413 2 3 8 2 2 7 9 3 3 2 9 1 7 3 9
500 9 1 9 8 6 1 8 7 8 1 6 2 9 8 5
372 6 8 2 9 8 2 2 3 4 7 3 6 3 4 6
386 4 9 3 3 4 9 1 6 5 1 5 9 9 1 6
10
413 9 8 5 5 6 2 1 3 6 4 4 7 9 2 9
302 3 4 1 2 3 4 4 5 9 2 3 4 4 1 8
312 8 7 4 2 3 9 3 1 3 1 1 5 1 2 4
376 9 3 5 2 6 7 2 9 9 3 8 6 1 1 1
449 7 9 4 2 8 2 5 6 4 9 7 1 9 5 3
418 8 3 9 4 5 3 6 4 2 5 9 4 4 9 1
478 5 9 9 9 8 3 2 7 4 8 4 9 9 3 7
483 8 9 3 4 4 7 1 5 8 8 4 9 4 7 6
444 9 8 3 5 1 2 9 7 3 5 4 3 5 5 6
476 9 1 9 2 2 4 3 8 4 4 7 9 7 9 8
10
334 1 3 8 1 7 7 1 1 6 2 3 3 6 7 1
369 6 4 2 8 2 9 3 6 1 1 6 6 7 2 4
321 3 5 4 4 6 5 3 4 2 7 1 7 6 3 6
367 6 4 1 4 8 1 5 6 3 8 6 9 6 5 7
423 1 7 3 4 1 5 1 9 7 4 5 9 8 9 4
393 5 9 2 1 5 4 4 6 7 5 5 6 2 6 8
371 7 7 4 4 1 2 1 2 7 3 2 1 3 8 9
453 4 3 9 6 3 6 2 4 6 9 6 5 3 9 3
540 7 9 8 6 8 1 2 7 9 8 6 2 9 9 3
324 2 3 4 3 4 2 8 5 2 3 4 7 6 1 3
10
336 6 3 6 1 2 4 3 7 2 4 4 8 4 4 7
461 9 4 1 8 2 5 9 8 8 1 1 9 4 7 6
367 2 4 4 5 6 6 4 3 2 7 7 8 3 7 8
419 8 7 1 1 3 7 3 4 8 6 3 6 8 4 2
437 5 5 8 2 1 7 6 7 7 2 1 4 9 2 3
401 6 6 6 4 4 8 1 5 3 8 8 8 6 1 4
451 8 7 1 9 2 3 1 3 8 6 8 9 9 2 6
329 1 1 7 5 3 1 2 4 6 7 4 3 6 3 8
462 5 5 6 2 3 6 8 5 5 9 5 9 4 6 5
329 5 9 8 1 1 1 2 5 1 1 1 1 3 9 6
10
418 3 4 6 1 2 1 6 7 8 6 8 4 8 4 4
378 2 9 2 9 5 1 9 6 2 1 8 3 8 5 8
324 6 9 2 2 3 2 2 8 2 7 3 7 6 1 9
357 7 1 3 7 2 6 3 8 6 1 9 9 5 1 1
505 7 4 7 8 1 7 5 7 6 4 8 4 6 8 7
434 8 6 7 3 7 4 6 9 3 5 3 7 7 1 6
482 9 8 4 2 7 1 7 8 5 9 1 3 8 9 3
429 4 9 6 6 8 4 2 9 9 6 1 8 3 4 6
365 2 7 2 7 7 5 6 8 3 5 2 6 3 3 4
412 1 5 5 3 9 5 1 8 6 3 6 5 8 8 3
10
448 1 3 7 9 9 3 6 9 6 4 6 8 8 2 4
506 9 6 5 3 8 5 7 8 7 8 9 2 5 6 5
349 8 6 6 4 3 7 4 7 2 1 2 6 1 3 9
383 8 7 1 3 6 2 6 2 7 9 1 5 1 4 9
508 7 7 6 3 2 3 9 4 9 6 8 6 7 7 1
387 1 9 8 4 3 4 3 8 6 4 5 5 9 1 7
371 1 1 3 9 6 9 7 7 2 9 8 3 6 1 3
407 6 3 2 9 2 8 7 9 1 1 8 2 8 7 5
423 7 7 1 2 2 2 6 7 7 4 5 2 9 6 8
399 8 1 4 4 3 5 3 6 6 6 6 9 3 6 6
10
387 4 8 2 6 7 4 8 4 1 1 4 3 4 8 7
360 3 7 2 6 2 7 4 9 5 6 1 3 3 2 8
390 6 5 7 3 9 9 6 3 3 4 1 8 2 2 6
408 9 2 2 3 1 6 9 9 6 6 8 4 2 2 7
434 9 2 4 1 6 8 8 2 8 7 4 6 1 4 3
315 2 4 4 7 4 2 6 4 3 3 3 9 1 7 4
371 7 3 6 5 9 9 6 6 1 1 8 4 2 2 9
500 6 7 5 6 9 1 6 9 7 9 4 6 8 5 9
413 8 8 2 1 5 9 6 7 7 1 3 8 3 4 4
391 9 7 7 4 2 1 2 4 7 9 1 1 7 2 3
10
438 3 9 5 3 4 9 7 6 6 1 2 6 6 3 6
331 4 2 1 9 1 3 7 6 3 1 4 7 8 5 2
389 6 8 1 7 2 5 6 3 8 2 7 4 5 2 9
405 3 4 2 8 8 9 7 6 1 3 4 5 7 9 3
466 8 5 3 6 1 8 9 5 7 4 9 1 1 6 1
363 5 4 1 1 9 1 9 7 3 1 9 5 3 7 9
368 8 4 3 4 9 4 6 5 1 5 1 5 7 1 7
377 5 6 1 1 4 8 1 2 3 9 7 1 8 5 6
422 7 9 5 5 7 4 7 1 3 1 8 9 4 7 9
320 5 2 9 3 9 4 2 5 1 5 6 4 3 4 8
10
366 6 6 7 3 9 5 5 9 1 3 8 2 6 1 4
385 3 1 8 6 8 1 7 6 2 7 4 4 7 3 6
399 5 1 9 9 9 6 2 9 3 6 5 9 4 5 2
366 8 3 3 1 5 5 2 8 8 1 3 6 3 6 4
441 7 1 4 8 7 7 5 3 5 7 5 9 1 7 4
444 1 8 3 1 5 9 4 9 5 9 1 7 9 8 1
332 9 4 2 8 2 3 1 8 1 5 9 1 5 5 1
468 6 8 8 5 2 2 9 7 9 4 5 6 4 4 8
343 4 5 1 1 1 2 4 5 6 2 9 7 4 9 8
449 9 7 9 2 5 3 9 9 5 8 2 3 3 4 3
10
470 9 6 8 2 2 9 8 2 7 9 4 2 1 5 5
458 9 1 8 9 4 7 2 3 9 6 3 1 5 5 3
402 4 2 1 2 5 7 4 4 8 8 6 6 7 1 5
401 2 4 5 4 5 7 7 7 5 9 1 5 2 7 7
390 6 1 7 2 6 6 4 6 2 6 6 2 9 5 7
416 2 4 2 3 4 6 7 4 9 2 7 7 9 6 2
301 5 2 4 6 4 7 3 5 3 3 5 6 1 4 2
396 5 4 2 1 9 4 9 3 7 4 7 6 1 3 8
423 6 3 9 7 9 6 1 5 3 7 6 6 6 5 9
347 8 5 1 3 2 2 5 2 8 5 4 5 1 6 6
10
453 3 6 7 8 3 5 4 4 9 8 5 7 5 1 8
449 4 7 4 5 2 1 4 4 8 9 7 1 5 9 1
503 9 8 3 3 3 5 7 6 9 8 1 3 3 9 6
444 5 8 3 7 7 7 9 5 6 9 9 1 3 1 8
431 8 5 6 8 4 7 3 7 1 9 2 8 4 8 4
372 5 5 3 3 7 6 2 6 4 1 1 1 8 9 2
369 8 6 4 6 6 2 6 5 2 3 7 2 6 2 4
367 1 5 2 9 4 5 1 7 8 6 2 1 7 5 9
352 3 2 9 4 5 2 3 2 1 8 7 4 7 5 8
399 7 4 2 3 5 8 3 1 3 6 3 7 9 6 5
10
498 9 9 6 8 3 9 3 9 6 2 8 7 3 4 7
450 3 3 9 4 5 5 5 3 9 9 6 3 3 5 8
322 1 9 2 9 8 7 1 7 5 1 5 9 2 2 4
485 6 6 9 3 8 7 3 8 3 8 7 7 9 6 3
321 3 1 1 3 3 8 4 8 2 6 8 8 5 4 4
439 5 8 2 2 1 3 8 9 8 4 3 6 7 8 1
355 2 2 5 6 8 4 7 9 6 7 8 1 1 1 7
429 7 6 5 5 1 1 1 2 4 9 9 8 7 8 8
390 4 1 7 6 2 9 5 6 5 8 4 5 3 4 6
452 6 8 7 7 1 2 6 4 5 2 7 5 5 7 8
10
408 1 9 3 9 1 7 8 5 1 4 2 9 9 3 2
362 1 7 5 5 4 3 5 5 6 4 1 3 8 3 3
350 2 6 5 4 7 3 2 9 1 9 3 3 6 8 6
296 1 4 3 8 3 2 3 6 1 5 9 3 4 4 6
509 9 7 7 8 4 5 4 8 7 4 9 2 6 9 7
386 9 2 6 4 2 4 1 1 6 3 4 1 9 8 1
444 3 7 9 8 8 6 9 2 4 9 6 3 1 5 7
464 9 5 8 7 1 4 2 6 6 7 7 7 7 4 7
347 2 4 9 6 1 4 4 2 2 9 8 7 2 3 8
553 8 9 8 8 4 9 9 8 1 8 7 9 5 9 6
10
403 7 9 8 6 9 8 6 4 1 3 4 5 2 1 4
301 1 2 7 6 1 5 2 2 8 3 1 1 5 3 5
384 7 4 3 4 3 1 7 7 4 1 4 1 8 6 5
444 8 8 5 6 5 9 4 4 4 7 2 5 4 2 9
361 1 3 1 6 9 9 1 3 3 2 7 1 8 7 4
366 2 3 1 7 1 5 7 4 5 7 7 9 4 6 4
426 4 2 7 8 1 8 7 8 7 3 6 7 1 2 2
433 4 5 1 5 1 5 5 7 8 1 6 4 9 7 3
525 5 9 9 8 8 3 9 4 4 8 5 6 7 7 7
368 4 4 5 6 6 2 5 6 3 7 6 7 7 1 4
10
365 2 3 5 3 8 5 3 7 2 1 9 1 9 5 7
590 6 5 9 5 1 6 7 8 9 9 6 5 8 9 8
452 8 4 2 2 4 3 9 7 6 4 9 3 5 6 1
513 8 2 6 4 2 9 9 9 7 6 3 7 9 1 6
437 6 7 2 2 8 4 7 5 2 3 9 8 8 9 8
384 3 6 8 5 1 6 4 1 6 2 4 1 6 7 3
351 8 9 4 3 2 5 3 1 2 8 1 5 2 6 5
345 2 8 8 4 2 7 3 6 2 3 9 2 1 6 5
457 4 5 1 5 7 7 5 9 7 9 5 4 3 7 8
402 9 5 5 8 6 4 1 4 4 3 7 8 1 8 5
10
449 9 2 5 1 4 6 8 2 7 3 9 3 5 7 3
397 8 9 7 1 7 3 3 8 5 2 7 4 4 1 8
389 7 3 2 7 8 7 6 1 7 1 4 1 2 8 3
339 1 6 1 9 1 4 1 2 6 5 2 7 1 9 7
434 8 9 7 1 9 4 4 8 1 9 1 2 7 8 1
434 7 1 1 2 8 6 3 4 7 9 5 2 9 9 2
439 6 3 2 5 7 9 6 5 5 4 8 6 4 9 1
460 8 1 6 6 6 3 3 4 8 8 6 7 6 7 9
327 5 4 3 1 9 3 1 4 3 3 4 9 9 3 7
352 1 6 4 2 3 9 6 3 1 6 1 4 7 3 7
10
309 4 1 9 3 7 3 1 7 1 1 4 9 7 3 6
413 2 5 8 1 2 1 6 4 5 8 5 9 9 6 5
407 2 2 4 8 7 8 3 7 8 5 7 7 1 8 2
511 9 5 6 7 9 9 8 4 7 8 6 1 1 4 7
325 6 4 1 3 4 6 7 4 1 4 5 3 2 5 7
390 9 5 1 6 3 8 3 3 9 4 2 1 1 2 8
312 8 7 5 9 2 2 2 6 1 1 1 8 1 3 2
333 5 2 3 9 5 1 1 9 1 8 5 3 9 2 3
375 1 5 5 8 5 3 9 3 4 6 7 3 6 2 1
396 4 8 6 9 3 4 6 6 1 9 1 5 4 4 1
10
427 6 3 2 7 7 1 6 9 7 9 1 5 5 7 8
432 7 7 9 6 8 3 4 1 6 8 4 3 5 1 4
421 9 7 1 7 1 5 4 7 9 9 2 9 1 4 8
441 8 2 4 7 3 1 3 5 9 8 9 6 5 4 8
446 4 9 8 1 7 3 3 9 6 6 2 9 2 8 7
410 1 6 9 5 8 5 2 7 9 5 1 9 8 2 8
463 4 9 8 6 5 3 1 3 6 5 9 2 8 8 4
437 9 8 1 1 8 6 1 6 5 8 8 1 9 5 9
438 6 7 2 5 5 9 8 6 3 3 3 3 9 6 9
435 1 9 1 8 2 8 6 8 4 8 8 1 4 6 8
10
345 3 9 3 3 9 4 8 2 3 1 5 6 7 2 1
391 3 4 7 6 3 5 5 5 7 1 7 9 4 1 3
400 4 4 9 2 9 1 2 1 6 8 4 9 8 5 6
417 9 3 8 5 7 6 5 1 4 2 4 1 6 4 7
316 1 1 2 8 8 9 1 9 4 1 2 6 5 3 5
341 4 8 5 6 9 7 2 2 2 3 3 3 1 6 2
343 8 4 1 7 4 6 5 5 3 5 8 1 1 5 2
363 4 8 1 9 8 4 6 5 4 2 4 7 1 3 7
423 8 8 7 5 5 7 6 6 1 1 5 1 8 4 1
422 2 7 6 3 7 3 6 7 1 8 9 1 9 9 4
10
448 9 8 7 5 3 6 3 8 3 7 1 1 9 3 5
325 3 4 4 6 1 4 1 9 7 4 3 5 3 2 1
477 6 9 7 8 7 2 9 4 2 9 7 5 7 1 1
357 4 6 3 9 2 1 4 6 6 5 3 3 7 4 6
429 4 5 3 7 6 3 9 8 3 2 7 8 4 8 7
388 7 9 2 9 4 6 2 3 2 3 4 3 3 8 1
362 2 1 4 5 6 4 6 8 5 7 9 3 3 2 2
412 6 7 4 9 5 7 6 7 2 2 3 3 9 1 6
401 1 1 8 9 3 4 9 9 5 2 2 1 9 3 8
360 2 3 6 8 2 1 3 2 6 3 9 4 8 2 5
10
285 5 3 7 4 2 2 2 4 3 1 7 1 3 4 9
407 1 7 3 6 5 5 9 1 9 7 2 4 2 8 1
352 3 1 7 5 5 6 2 6 2 3 6 7 7 7 3
363 1 5 9 4 4 4 8 3 5 2 5 9 2 5 1
421 7 4 2 3 4 2 9 3 9 6 1 7 1 8 4
488 2 9 3 4 8 8 7 5 6 5 2 9 9 9 5
437 9 7 3 6 4 7 6 3 3 8 6 5 2 7 4
448 5 7 4 9 6 4 1 9 4 2 7 8 9 9 8
377 3 7 1 7 7 1 6 2 4 7 6 4 5 8 1
365 3 4 7 4 2 7 4 1 7 5 3 4 5 1 6
10
428 8 9 8 9 1 1 3 3 5 2 9 1 9 3 5
389 8 7 8 6 1 7 6 4 2 4 1 4 2 5 9
308 1 3 7 6 4 2 1 6 1 7 6 9 5 4 6
383 3 4 3 9 5 4 6 1 3 3 5 9 8 7 9
406 9 2 9 3 8 9 1 6 1 9 2 5 6 1 7
400 3 5 9 5 5 7 6 9 4 3 9 5 2 2 8
501 6 6 9 4 3 5 7 6 9 9 7 6 5 3 4
364 6 7 5 8 4 5 7 2 1 6 2 1 3 5 9
378 2 2 8 7 4 7 4 7 2 4 5 1 8 6 4
483 9 8 7 9 1 1 2 4 6 5 8 5 9 4 6
10
421 6 7 1 6 5 9 3 9 6 3 5 5 5 3 9
392 1 4 6 3 6 8 3 9 3 8 8 6 4 2 4
457 6 2 9 7 8 9 2 3 9 6 6 1 5 4 8
361 8 3 4 4 6 4 8 4 1 9 3 3 1 6 6
390 8 9 1 4 4 4 6 8 7 5 1 2 4 1 9
358 4 2 6 2 2 3 5 4 5 9 2 8 2 9 4
430 7 9 5 8 5 3 7 6 3 6 5 4 2 5 2
358 1 3 8 9 2 2 2 6 6 1 4 5 6 8 2
333 5 1 6 2 2 9 3 6 4 3 2 7 5 3 9
568 9 3 6 6 9 9 9 3 8 8 9 8 4 5 2
10
285 1 3 1 4 7 1 5 8 2 8 3 7 3 6 3
324 4 6 1 4 3 2 5 3 5 3 6 2 7 1 7
462 7 7 7 1 4 4 7 1 7 9 7 6 4 5 2
358 2 4 2 6 1 7 8 5 4 3 4 8 3 1 9
319 2 2 6 2 5 6 6 4 2 1 2 1 2 9 6
364 4 9 2 7 6 6 5 2 6 1 8 7 1 2 7
456 2 9 8 5 3 8 5 2 4 4 2 6 5 9 7
371 8 3 3 4 3 7 1 4 4 3 2 5 6 8 9
448 8 8 2 5 4 2 5 6 4 8 9 1 8 8 1
391 1 3 6 3 5 2 7 3 3 8 9 8 1 8 7
10
447 4 1 8 8 3 5 4 6 3 8 9 5 3 9 3
356 7 2 9 2 7 1 7 3 5 1 8 8 3 1 1
414 8 9 3 1 4 4 5 1 2 8 8 6 6 4 4
388 3 6 7 4 5 4 6 4 3 7 6 5 1 7 8
381 3 1 5 4 8 9 4 8 2 1 5 9 6 5 9
387 7 2 2 9 1 1 9 7 6 7 3 6 1 5 5
351 9 7 5 1 8 5 4 3 6 1 5 7 1 1 7
306 1 9 4 5 5 1 3 2 2 3 2 2 8 6 2
441 6 7 4 3 4 8 1 8 8 7 9 2 3 8 7
362 5 2 1 3 8 5 1 1 9 7 5 8 5 4 6
10
397 9 5 1 3 4 8 5 6 7 3 1 9 4 2 1
443 7 5 7 2 6 9 8 3 2 6 8 8 6 2 7
398 8 6 6 4 2 5 4 2 3 2 1 3 8 4 8
508 7 1 9 8 7 6 8 4 7 9 9 6 3 4 4
375 2 7 1 7 3 6 5 4 4 8 5 2 4 5 9
403 5 9 1 5 4 6 3 7 4 8 4 9 4 4 2
322 2 4 3 5 4 4 6 2 4 6 2 2 2 6 6
408 3 7 8 7 8 3 5 3 9 1 2 2 5 2 6
386 8 3 9 2 7 6 1 1 6 9 6 2 1 5 4
357 8 2 2 6 2 3 3 1 7 4 6 6 4 7 3
10
412 4 9 3 8 1 1 6 7 5 7 2 3 6 9 8
389 6 6 6 7 7 7 1 5 4 1 5 6 2 7 9
358 4 7 8 1 8 3 4 4 2 3 3 2 8 4 7
342 1 6 3 8 5 7 5 9 5 4 1 2 2 2 5
430 3 5 9 7 1 8 1 5 3 9 8 6 7 2 9
342 3 3 8 3 9 6 3 4 5 5 6 3 1 3 1
409 5 3 8 2 2 5 8 6 1 2 8 5 7 4 5
428 5 2 8 8 4 9 8 3 1 7 8 3 3 2 1
363 5 4 5 6 4 2 9 1 1 9 3 9 8 1 6
437 9 5 6 6 6 5 4 4 3 9 5 8 3 8 6
10
339 4 3 1 4 3 3 6 8 4 3 1 9 3 9 7
375 7 3 3 2 1 5 4 9 6 2 8 9 4 6 4
423 1 8 4 3 5 5 9 4 5 5 3 8 9 2 2
410 7 3 4 7 1 3 4 7 7 7 8 5 1 6 2
439 8 5 3 4 3 9 7 5 3 1 4 7 8 9 7
432 1 5 8 2 6 3 9 6 9 8 7 2 1 2 2
294 1 8 4 2 9 5 1 2 4 2 2 5 9 2 5
488 4 8 6 7 1 4 9 4 7 7 1 7 7 9 7
430 4 6 3 2 9 8 8 3 7 5 3 4 2 7 8
351 2 9 4 4 5 8 6 4 2 1 2 5 7 1 8
10
407 1 7 8 2 6 3 9 5 3 5 7 5 3 8 7
380 3 2 7 2 8 8 6 6 2 3 6 9 1 9 4
390 8 9 5 1 1 6 3 7 7 4 5 4 1 4 3
493 7 4 6 3 2 5 7 8 8 8 4 1 7 5 5
592 6 9 9 8 9 9 6 8 9 9 7 4 5 8 8
474 8 3 4 2 7 5 4 9 6 7 9 7 9 5 3
451 6 5 7 7 4 6 4 3 8 8 9 7 4 1 2
451 8 3 6 3 3 7 6 2 9 8 3 5 2 2 9
396 6 4 4 7 9 7 9 1 1 1 8 9 6 4 3
444 5 3 8 8 8 2 7 7 1 8 7 2 5 8 5
10
385 7 9 2 6 2 7 3 9 5 6 1 4 2 6 3
479 2 8 7 2 7 5 8 1 6 7 9 5 6 8 7
427 7 1 6 5 8 7 3 9 9 4 4 8 2 6 9
308 1 1 9 6 7 5 1 6 2 4 2 8 4 1 2
469 7 8 4 9 3 5 6 8 1 7 8 1 9 6 9
264 6 4 4 1 4 6 5 1 3 3 2 3 2 1 3
377 4 9 1 2 4 4 2 8 5 7 7 3 5 7 5
384 8 1 1 9 5 4 8 8 4 4 6 4 3 3 8
366 7 9 2 7 3 1 8 1 6 5 1 2 3 4 7
487 8 5 8 5 7 7 9 9 4 1 3 4 7 4 4
10
477 9 1 9 9 6 4 7 7 6 8 2 6 3 7 6
405 6 9 4 2 1 6 4 9 2 9 4 8 8 2 6
390 8 1 4 6 8 5 8 2 3 2 5 2 7 5 3
446 6 6 8 1 8 6 4 5 7 3 5 4 7 4 1
381 1 9 2 9 5 8 2 7 1 9 7 6 2 5 3
466 3 1 9 4 2 9 7 3 9 3 1 6 6 6 2
451 5 1 2 7 1 6 9 2 9 7 3 1 7 4 5
496 4 6 8 7 4 8 8 7 7 5 9 5 3 7 5
400 5 5 8 2 7 2 2 9 7 1 1 4 6 8 9
400 5 3 4 9 7 3 4 9 4 7 4 9 3 4 9
10
335 4 6 5 2 9 4 3 1 4 5 4 1 2 5 8
314 1 3 1 2 1 2 4 3 9 4 3 9 2 6 4
506 6 8 4 7 8 7 5 9 8 2 7 9 8 3 7
335 8 1 3 4 5 4 2 7 4 2 9 4 2 5 4
391 2 4 4 9 5 6 2 2 2 6 4 3 7 8 9
430 8 1 3 4 3 5 4 3 8 7 1 7 7 8 1
396 5 1 7 7 7 2 8 4 4 3 9 1 8 1 2
481 7 4 5 6 7 9 9 9 6 3 7 4 3 4 3
398 2 5 6 7 7 7 1 4 8 4 7 6 3 6 9
451 3 8 3 8 7 4 8 5 8 6 3 6 6 5 6
10
447 7 5 2 3 9 2 6 1 8 3 3 6 9 9 8
435 7 7 5 3 6 7 8 1 1 8 4 4 3 7 7
365 8 7 5 2 3 1 4 2 4 7 9 6 1 3 1
330 2 7 3 5 2 2 2 9 5 4 7 4 2 4 1
372 5 4 3 8 2 9 1 9 3 1 2 8 7 3 4
465 5 8 7 9 4 3 3 2 8 9 5 2 5 5 3
413 8 3 2 2 8 4 6 5 6 8 8 8 6 3 6
482 5 5 8 9 6 2 5 6 7 4 9 4 5 7 7
384 3 8 1 1 6 2 1 7 6 7 5 1 8 8 9
540 7 5 4 2 1 8 9 9 7 9 2 9 7 7 6
10
378 3 2 1 6 6 6 8 3 6 5 4 9 3 3 4
444 6 3 8 7 3 9 7 1 5 1 7 1 7 7 2
387 7 5 8 5 1 8 4 9 3 6 9 2 1 1 1
433 8 9 1 2 5 2 6 6 8 6 6 3 5 2 4
444 5 5 5 5 7 2 3 7 6 9 9 5 4 7 1
438 7 4 8 6 6 4 6 2 8 6 4 9 1 5 6
322 1 2 3 6 5 3 8 4 9 3 2 8 1 2 5
327 2 8 3 2 2 5 3 5 1 4 1 4 5 7 2
428 8 5 7 8 7 3 1 1 5 6 9 2 6 3 8
451 2 9 8 3 1 6 3 7 9 9 1 2 8 6 7
10
411 5 3 5 3 7 2 5 6 5 9 6 7 7 1 2
429 1 7 7 6 1 5 9 2 4 8 7 7 5 4 5
470 6 1 7 4 6 1 8 4 6 4 6 5 9 7 7
287 7 2 1 9 7 5 1 8 1 2 5 1 6 1 6
428 3 7 2 7 5 1 3 8 7 9 4 8 4 8 1
337 9 4 1 1 1 4 2 6 1 4 6 9 3 8 9
419 5 4 9 8 4 3 3 6 2 9 8 4 8 2 3
467 1 5 3 7 2 9 6 3 9 9 7 8 7 5 7
426 6 9 3 7 4 3 5 6 7 3 7 8 8 2 9
397 7 9 2 6 8 4 2 1 4 9 3 9 1 7 7
10
561 9 8 4 9 4 6 5 8 7 9 6 9 9 4 5
389 1 7 9 7 3 4 3 2 6 6 8 3 3 2 8
419 5 6 4 9 7 3 1 9 6 8 2 3 5 9 6
476 2 6 5 1 7 6 8 7 9 5 7 5 5 6 8
379 6 7 2 2 8 4 9 5 1 5 6 7 1 9 5
496 7 9 4 3 4 6 5 2 8 4 3 9 9 6 2
386 6 6 2 1 4 5 9 5 2 3 7 3 4 5 8
392 8 8 3 3 5 7 4 2 5 1 5 4 8 4 9
376 3 6 2 7 3 8 3 2 4 2 7 2 4 9 4
379 3 6 4 5 9 8 4 1 9 8 4 3 1 2 3
10
389 9 4 8 4 7 3 1 2 6 1 6 3 3 6 3
345 4 9 2 2 9 2 3 5 5 1 1 4 5 7 5
329 6 1 8 6 8 1 1 7 1 7 9 1 3 2 9
417 4 1 9 3 8 4 7 4 5 9 4 8 6 3 7
350 1 4 2 3 7 6 6 2 5 3 6 9 1 7 4
456 5 2 3 6 7 9 5 3 7 6 6 3 8 6 3
420 5 5 2 8 2 4 2 9 3 9 5 8 9 7 9
394 3 1 2 5 5 7 4 3 8 7 8 8 4 3 9
399 5 7 2 9 7 7 7 1 4 3 2 8 2 6 4
467 8 7 3 5 7 8 9 7 3 4 9 5 8 3 5
10
461 8 5 6 3 8 7 7 8 7 4 3 2 2 8 8
405 9 1 5 7 2 7 6 8 4 9 5 9 2 2 5
368 2 2 7 3 2 1 6 9 5 2 7 7 7 2 5
383 9 1 3 3 2 2 6 4 6 4 4 2 6 3 6
480 6 5 8 3 2 1 6 6 6 8 3 3 9 7 5
445 8 4 6 9 5 1 9 5 4 4 5 9 3 4 3
367 4 3 6 5 9 3 4 6 3 1 4 5 9 1 8
446 1 7 7 8 3 8 6 5 9 6 4 3 8 1 9
448 2 6 9 7 1 9 1 9 6 4 4 9 9 2 5
383 3 9 7 3 1 9 3 7 3 1 4 6 5 6 8
10
308 2 3 3 4 6 3 5 5 2 6 3 5 8 2 3
369 4 7 2 3 2 3 4 7 9 2 2 3 4 9 6
285 1 2 2 2 9 6 1 4 3 8 9 5 3 1 8
392 1 3 7 8 1 7 2 6 9 3 3 3 4 8 6
370 7 4 3 1 8 2 4 5 8 8 4 3 1 2 7
303 6 1 7 3 2 2 6 3 4 5 7 5 1 1 1
357 5 5 2 7 4 9 1 5 6 6 2 1 6 1 4
364 2 7 5 9 7 2 5 1 7 3 8 4 4 1 1
431 5 8 6 3 8 6 5 6 5 7 8 1 2 4 9
377 7 5 2 7 2 9 1 5 3 1 7 8 9 5 4
10
482 7 3 8 9 5 7 3 7 8 7 6 4 6 1 1
316 8 9 1 1 3 1 4 1 2 3 2 9 3 8 6
331 5 5 3 1 9 3 1 7 2 7 1 9 3 7 5
425 4 7 3 2 9 7 4 7 5 3 3 1 7 9 4
390 8 6 2 8 4 3 2 2 4 3 9 6 8 1 8
432 9 6 5 1 6 6 4 5 7 3 3 3 3 7 8
399 4 3 1 1 6 4 7 9 8 7 5 2 3 6 9
371 9 7 2 6 7 5 4 7 4 3 2 9 4 2 2
344 2 6 1 2 3 8 1 2 6 2 3 8 3 8 5
440 9 8 1 2 4 3 7 8 8 7 9 4 2 7 1
10
402 9 1 2 6 8 9 3 8 3 2 8 2 7 4 3
429 3 4 7 8 9 9 1 3 2 7 2 7 9 8 5
426 8 1 4 9 8 1 6 6 2 8 2 1 5 9 8
431 1 8 6 4 2 3 9 8 8 1 4 9 5 6 1
473 8 7 6 5 6 3 8 3 8 3 6 6 6 6 6
389 7 2 1 6 3 5 1 3 6 6 4 9 3 9 3
422 8 1 9 8 6 5 6 5 4 1 8 3 2 8 1
337 9 1 1 7 7 2 6 7 1 4 7 6 3 6 3
391 1 2 3 8 4 9 2 6 1 4 7 9 7 9 3
415 6 2 7 1 7 1 7 6 5 4 7 4 8 2 2
10
373 5 9 3 7 5 4 3 3 4 3 3 8 3 6 5
466 2 6 1 5 3 8 6 8 6 8 7 8 7 6 3
362 5 4 1 6 1 2 3 4 3 8 8 5 7 6 1
349 4 8 5 6 7 2 1 4 7 1 1 1 8 4 1
484 9 5 5 5 7 7 9 7 8 7 1 3 4 2 8
442 3 5 7 9 9 2 6 6 9 1 7 4 3 9 5
516 9 9 8 6 2 5 6 9 6 4 6 2 5 9 5
347 3 9 6 1 2 2 1 3 3 6 5 8 1 8 2
329 1 5 3 6 3 1 9 4 3 3 8 3 6 2 8
489 5 6 6 6 6 9 7 4 7 8 9 9 4 4 7
10
358 5 2 7 7 8 7 1 7 3 5 5 8 3 1 8
506 8 9 4 4 4 4 7 8 8 6 1 7 7 8 3
415 8 4 8 2 9 6 3 6 4 4 5 9 1 7 2
479 3 3 6 8 5 5 7 9 9 4 8 7 6 4 2
425 4 9 5 9 5 5 9 7 2 1 3 2 2 7 7
477 6 8 6 4 5 6 7 8 9 3 4 4 4 8 3
429 8 9 6 5 4 6 4 5 5 3 4 7 8 2 6
390 7 4 1 5 3 8 5 4 5 2 9 4 6 2 9
397 3 9 3 9 5 3 6 9 2 8 5 8 4 6 3
387 2 1 7 6 2 1 1 9 6 1 9 2 9 7 9
10
383 8 1 1 2 9 5 4 6 8 7 2 7 6 2 3
446 2 9 3 8 8 8 6 4 9 5 3 7 7 1 4
449 8 8 6 9 3 2 2 6 8 2 4 7 7 4 9
450 8 1 2 8 8 8 8 2 6 8 2 7 8 3 1
427 8 9 1 1 8 7 9 2 4 8 1 6 3 3 3
461 7 3 5 4 9 2 6 1 9 8 7 6 3 6 1
391 3 4 7 7 9 3 7 4 3 6 1 7 7 1 3
493 3 9 4 3 4 9 7 9 4 8 1 4 8 8 2
488 6 7 6 3 2 9 6 3 4 9 8 1 5 8 4
379 3 6 4 7 3 1 6 6 5 3 3 3 3 9 6
10
425 9 5 5 9 6 2 5 9 6 2 7 1 2 6 2
378 8 3 3 3 3 7 4 8 1 6 9 9 2 6 6
409 5 9 4 1 2 6 7 8 6 1 4 2 7 1 6
418 2 6 9 1 7 7 7 1 4 7 7 1 7 4 7
375 3 8 6 2 7 4 7 6 3 2 6 4 6 1 7
269 3 5 3 3 2 5 3 6 2 5 9 2 3 1 1
465 8 5 5 7 3 3 4 9 5 8 8 5 3 9 6
380 7 6 1 7 1 5 6 4 5 6 9 2 2 2 2
534 6 9 8 3 7 8 3 7 4 9 6 5 8 9 8
493 9 9 9 2 9 9 4 1 8 2 1 7 1 9 1
10
483 9 3 9 3 3 7 3 7 6 6 7 2 6 9 9
314 1 7 2 4 6 2 7 3 8 5 4 4 2 2 2
338 2 6 4 5 5 1 1 5 3 7 4 7 5 8 5
438 6 8 6 4 1 4 7 7 2 1 2 7 9 5 9
533 4 4 6 3 9 9 8 7 9 9 6 2 4 7 8
415 2 4 5 2 8 6 8 7 8 8 5 4 2 1 3
407 3 8 7 9 7 1 9 4 5 6 5 4 1 1 7
360 5 9 4 7 6 6 1 7 2 3 9 2 2 2 3
498 9 8 9 3 5 6 9 4 9 7 3 4 4 2 9
435 9 7 9 8 8 4 2 4 3 6 5 8 4 1 4
10
402 3 8 3 6 7 8 2 3 7 9 8 3 5 1 1
393 4 7 5 6 7 6 4 1 8 2 3 9 6 3 9
399 7 8 3 5 8 3 2 4 5 2 1 9 9 7 5
333 2 4 6 7 7 3 2 7 5 9 3 7 1 3 6
421 3 2 2 8 1 9 5 3 6 4 7 2 8 5 4
401 6 5 9 3 4 8 8 1 1 1 6 7 2 9 4
379 2 7 4 2 5 8 5 5 6 6 9 4 4 2 6
480 8 8 8 6 7 4 5 7 6 2 3 8 7 6 9
457 1 2 6 6 9 7 7 9 4 4 9 9 5 8 3
445 8 9 1 1 1 2 8 6 9 4 9 1 7 5 4
10
469 9 2 3 7 2 8 6 6 6 9 2 9 2 6 6
358 9 3 1 6 4 1 8 1 2 9 7 4 5 1 2
473 7 4 8 5 6 7 7 3 9 3 8 8 4 3 3
411 2 8 5 8 7 4 4 2 6 6 1 2 4 8 2
356 5 1 6 2 4 9 1 1 5 6 9 3 3 3 2
458 9 3 6 2 8 2 9 8 7 4 7 6 4 4 9
318 1 2 2 7 1 1 7 4 4 6 5 5 4 6 8
478 8 6 7 2 9 7 2 6 5 9 6 9 3 9 2
379 9 3 1 7 8 9 4 9 3 9 6 6 1 1 2
502 6 8 7 9 1 9 6 5 5 3 8 9 6 6 1
10
477 5 8 2 6 8 8 9 2 8 2 1 9 9 5 5
452 8 9 9 7 3 2 7 3 4 8 9 5 5 2 5
432 7 1 4 4 3 5 8 5 5 7 3 7 4 7 2
268 6 3 5 1 5 1 6 4 2 1 2 8 4 1 8
443 1 8 7 9 3 8 6 8 2 9 7 1 1 7 2
426 7 3 1 4 7 9 8 7 8 2 5 2 1 7 3
362 7 4 1 2 6 5 1 4 8 2 5 7 8 1 6
449 8 2 4 6 2 7 8 7 6 4 5 1 6 3 5
355 7 5 1 2 8 1 5 3 3 8 1 8 4 6 4
339 2 4 2 4 1 9 5 2 5 6 3 8 1 3 6
10
323 2 5 2 4 2 7 2 3 5 6 5 6 4 2 7
351 8 9 2 1 2 4 2 1 5 3 3 4 9 4 1
421 2 6 2 9 5 4 6 9 6 5 6 4 6 6 4
431 8 2 3 4 3 6 7 1 8 5 2 4 7 4 1
342 3 1 9 8 6 5 3 6 1 8 2 6 5 3 3
395 3 7 9 5 7 5 6 4 4 5 3 5 6 2 5
345 3 2 7 1 5 3 4 6 8 5 1 1 4 5 8
438 1 3 5 8 5 7 2 4 8 5 7 9 5 7 5
421 8 8 7 6 7 6 4 5 5 4 2 5 3 4 5
271 4 1 1 3 1 5 3 7 1 1 1 7 2 7 8
10
434 7 3 3 3 4 2 8 5 7 4 1 5 5 8 7
568 6 7 7 5 7 3 8 8 9 9 9 7 9 6 8
510 4 4 7 4 9 5 9 1 8 4 9 8 9 8 9
324 7 3 3 7 7 5 1 8 5 2 4 1 1 4 8
412 2 2 5 4 8 4 9 8 1 9 7 3 3 8 9
351 1 2 7 6 1 9 1 5 8 1 5 2 6 1 8
241 1 2 2 6 6 1 1 4 2 3 8 5 7 1 6
480 8 3 7 7 4 7 8 7 9 1 3 4 5 1 7
390 7 8 2 9 7 6 3 2 5 2 1 7 5 7 3
331 2 8 7 2 1 9 7 2 1 1 2 5 1 8 2
10
477 4 4 7 3 9 2 6 8 8 9 4 6 6 8 5
348 4 4 5 4 1 3 7 4 4 5 5 3 2 7 3
394 7 7 4 1 8 3 8 3 2 2 6 1 9 2 2
562 9 9 6 3 3 5 9 8 9 9 9 1 6 4 1
447 2 5 9 3 5 2 9 1 9 1 9 1 1 8 8
357 1 1 6 5 9 3 3 8 4 6 1 9 1 8 7
352 7 1 2 9 3 1 6 1 4 5 2 4 6 6 3
431 1 9 6 5 6 2 8 8 8 6 5 8 5 1 1
430 5 3 7 6 5 8 7 4 7 8 5 4 1 5 1
440 1 5 4 9 7 1 7 3 8 3 8 5 6 9 7
10
351 2 1 5 1 4 2 2 9 3 1 7 4 9 9 2
382 3 2 8 5 3 8 7 5 5 3 3 3 5 3 2
377 5 6 3 5 4 2 8 7 3 5 2 4 1 6 6
279 6 3 3 3 7 2 1 5 1 6 6 7 2 6 2
483 9 3 5 6 2 2 8 8 9 2 8 5 8 2 9
332 4 2 2 1 3 7 1 7 8 1 7 7 4 6 4
380 9 2 7 2 4 3 2 7 7 9 2 7 5 2 1
306 4 7 1 2 4 7 1 2 4 8 2 1 4 4 3
437 3 1 3 6 7 8 8 1 5 3 4 8 8 6 5
445 4 9 5 2 5 4 6 8 2 8 8 2 9 8 5
10
364 3 5 6 8 1 1 5 4 1 8 3 9 3 8 3
362 5 8 3 7 8 7 4 5 3 2 8 1 4 4 2
505 9 8 4 1 8 3 9 4 3 2 9 9 7 9 9
428 4 1 1 2 3 9 6 3 7 5 9 4 4 9 5
428 4 4 3 9 5 3 1 3 8 5 4 7 9 7 8
478 6 9 1 8 3 4 9 4 6 6 3 6 7 9 4
498 1 3 7 8 3 7 5 5 9 7 6 9 6 9 6
430 2 6 7 4 1 4 3 9 7 6 4 9 8 3 9
412 4 2 9 6 4 8 1 2 1 4 9 5 9 8 4
305 6 1 7 8 2 4 2 6 1 2 1 2 2 5 9
10
504 7 1 3 6 5 8 4 7 9 7 7 7 4 9 3
505 6 3 9 7 9 5 3 3 8 9 5 7 7 8 1
239 5 1 1 1 3 5 2 1 1 2 7 1 3 8 3
315 4 1 3 3 5 5 4 9 2 6 2 3 3 6 5
377 5 8 6 3 4 5 6 2 4 2 2 7 6 5 3
323 6 2 3 9 7 6 2 4 2 1 4 9 7 1 4
383 9 7 4 5 5 2 8 4 3 2 7 7 3 1 7
365 1 2 2 1 7 9 6 9 7 5 4 3 1 3 9
381 7 8 2 3 2 5 3 5 3 4 9 6 3 7 3
432 4 3 7 3 8 8 7 2 8 3 2 9 6 1 7
10
344 7 9 7 1 9 1 5 5 3 2 5 1 2 4 5
415 5 3 6 1 1 4 9 4 4 8 3 8 6 5 2
476 5 9 4 7 5 3 9 9 5 2 8 7 5 8 9
356 3 9 6 6 5 2 2 2 8 1 4 5 2 8 5
354 2 3 1 1 2 2 4 3 7 9 4 9 4 5 8
321 1 3 3 3 6 5 7 9 3 8 4 6 1 2 1
463 3 7 4 2 5 9 9 8 1 3 9 5 9 9 1
418 9 5 3 8 8 7 3 1 6 1 1 3 6 9 5
422 4 9 8 3 3 9 8 3 2 5 5 5 6 3 5
358 7 1 3 2 5 8 4 7 7 5 1 3 1 3 9
10
226 2 4 7 3 2 2 1 1 1 6 2 5 1 2 4
441 5 3 9 9 7 5 6 9 7 3 1 1 6 3 1
428 8 3 2 6 6 9 9 8 2 5 8 6 2 6 4
481 1 6 8 4 3 9 7 7 9 5 6 5 6 1 2
457 7 6 5 2 3 6 6 9 6 8 3 6 3 7 4
446 5 6 9 9 8 8 4 8 2 8 5 8 6 2 4
423 9 3 2 9 5 9 8 5 3 3 3 4 1 5 5
386 4 4 1 3 8 7 7 7 6 8 7 8 1 1 4
425 3 7 9 6 9 6 5 8 2 2 5 3 5 4 8
462 7 6 5 3 2 7 1 9 4 4 9 5 9 8 6
10
345 7 3 5 8 5 5 1 8 3 2 7 2 6 1 1
350 6 6 7 6 1 1 1 7 3 3 4 4 9 2 2
436 1 4 8 1 9 9 9 5 3 8 5 7 1 7 4
462 5 5 7 7 1 2 9 9 4 6 8 2 7 3 1
402 9 7 3 3 1 2 9 4 4 6 6 2 6 1 5
389 5 4 4 1 2 6 4 8 9 9 6 1 1 1 9
473 8 3 8 2 5 9 4 4 4 4 8 9 8 4 6
470 3 3 5 7 7 8 9 4 9 8 7 7 2 5 5
361 3 2 4 8 1 5 3 2 9 7 5 8 4 1 2
417 8 5 4 1 4 5 8 2 3 8 2 2 3 9 1
10
385 8 8 2 5 1 3 8 8 1 6 2 7 4 3 6
449 5 3 5 1 9 8 6 8 8 9 1 1 9 4 7
401 5 9 4 8 3 1 1 8 3 4 8 9 9 2 9
376 2 8 4 3 2 7 2 7 8 7 3 2 1 4 7
405 6 3 9 9 1 6 6 1 4 1 2 2 1 9 9
463 1 8 9 9 7 6 9 7 3 7 3 1 4 6 9
424 6 6 2 3 2 8 8 9 5 6 7 4 1 4 2
386 7 4 2 8 6 8 2 8 5 4 7 3 5 2 7
347 1 3 7 8 7 1 1 1 4 5 9 6 6 4 5
432 1 6 1 8 3 9 8 9 1 4 7 3 9 8 8
10
346 3 4 7 5 6 8 2 8 2 2 4 9 2 7 5
401 6 3 9 7 1 9 5 9 2 2 7 1 4 2 6
473 5 9 4 8 5 3 8 9 5 1 1 7 8 8 5
464 5 7 1 8 7 8 3 4 8 7 4 5 8 6 2
407 7 3 3 4 7 8 7 5 1 7 3 2 5 5 3
371 3 2 3 6 2 5 8 1 4 8 4 3 8 2 7
463 8 2 2 6 9 4 1 6 5 8 9 3 9 8 5
442 4 9 9 6 5 4 1 4 5 5 3 6 8 9 6
465 7 9 3 4 8 3 8 2 4 9 4 9 7 4 4
424 5 6 2 8 4 1 8 5 6 4 9 9 4 4 7
10
350 9 1 2 4 4 1 4 7 3 4 6 5 8 3 4
379 4 7 8 5 1 6 1 9 8 3 5 8 2 3 3
438 7 8 5 5 7 9 9 3 3 7 3 5 1 2 8
398 7 7 5 1 5 7 2 3 7 2 6 7 6 4 2
326 8 1 3 5 3 1 9 2 1 5 7 7 2 1 3
360 8 3 5 3 3 2 4 7 7 2 3 8 3 2 1
505 5 5 8 4 8 4 2 6 9 5 9 2 8 9 9
288 2 3 5 2 5 3 1 2 4 5 7 8 2 5 8
421 7 1 4 9 6 8 7 8 4 2 8 8 5 4 2
442 4 4 8 3 7 8 1 8 5 4 2 7 7 9 8
10
335 8 1 2 1 2 4 8 8 1 5 8 7 6 2 1
397 6 3 8 8 7 2 4 9 8 6 5 7 2 1 1
396 4 2 3 8 8 1 1 4 7 9 9 6 2 9 3
313 4 5 1 8 4 3 3 6 5 5 1 2 4 3 6
405 7 3 9 1 7 7 5 8 1 9 1 7 2 6 3
357 8 3 5 4 8 4 3 5 1 7 8 5 6 3 1
540 7 9 3 9 8 7 4 6 9 7 9 5 9 7 3
449 8 4 3 2 7 9 8 5 6 6 5 6 4 3 8
402 4 3 4 7 3 8 4 8 5 7 7 5 1 5 2
530 5 6 5 3 5 7 5 5 9 8 9 8 8 9 4
10
392 2 6 2 6 9 2 8 3 4 9 9 7 1 9 2
415 5 7 3 2 2 9 6 1 7 2 3 5 8 4 4
430 4 9 2 1 2 6 8 7 1 5 8 6 7 7 4
359 3 7 2 4 2 5 4 6 4 5 5 2 6 8 2
422 5 1 9 6 6 2 7 9 5 4 8 3 5 2 6
419 3 5 3 8 4 9 9 2 5 9 4 6 1 1 6
349 3 1 7 8 7 6 4 1 3 9 1 6 3 6 4
367 7 5 3 6 6 3 1 1 3 5 8 3 8 3 3
369 5 4 1 2 7 4 6 6 6 6 9 5 3 1 3
432 2 3 8 7 7 1 6 3 6 9 9 4 1 8 3
10
316 3 5 4 2 7 1 7 6 1 6 4 5 1 4 7
316 1 2 6 1 5 7 5 5 2 3 6 4 7 1 6
285 4 1 8 2 8 1 1 8 5 3 2 3 4 2 7
525 5 3 9 9 9 7 7 8 9 8 6 9 6 1 3
338 1 3 9 1 3 4 1 8 1 9 7 5 1 7 7
369 4 6 8 8 3 6 4 5 5 6 4 5 2 1 8
445 5 6 4 6 4 4 9 3 6 7 1 7 7 1 8
404 3 2 4 9 2 8 2 8 9 5 6 8 2 4 3
475 4 3 6 1 4 7 2 9 9 6 4 5 8 8 3
388 3 7 4 4 9 2 2 6 7 2 3 6 9 7 5
10
479 4 4 3 7 9 4 7 4 9 8 8 5 7 4 2
396 7 4 9 3 7 5 1 2 1 2 5 7 6 8 5
382 2 1 8 1 8 7 2 9 5 8 4 6 6 3 3
424 9 8 8 2 7 8 5 2 3 6 2 9 4 2 4
500 5 6 8 9 9 2 6 4 7 9 8 8 2 5 7
328 3 6 1 5 7 6 7 5 1 8 1 4 2 3 7
324 5 6 1 5 5 3 5 2 6 2 7 1 1 6 5
369 9 2 2 5 2 1 5 7 6 4 9 9 6 1 4
383 1 7 5 3 1 8 4 9 7 9 8 2 1 1 7
484 7 7 6 6 7 6 3 1 8 5 8 8 4 9 8
10
435 4 9 2 4 8 2 5 8 9 4 2 7 6 4 4
519 5 6 9 8 4 8 5 8 8 9 2 2 8 1 9
375 9 3 2 8 3 2 2 4 9 1 5 6 8 3 7
429 9 2 5 2 5 3 8 8 6 2 9 1 4 6 8
427 6 9 5 2 7 3 3 2 6 9 6 4 6 5 7
496 5 8 3 8 7 3 9 9 9 9 7 4 3 2 6
422 5 4 7 4 5 2 8 4 6 4 2 4 3 7 7
469 6 4 5 7 7 8 6 9 4 7 2 9 9 5 3
429 1 1 3 4 3 5 9 2 8 7 9 1 5 9 6
398 6 5 4 9 1 1 9 1 8 3 5 5 7 1 6
10
375 5 7 6 7 6 1 1 6 7 5 2 8 1 7 4
454 8 8 3 2 5 3 7 6 4 5 3 4 7 7 5
355 5 1 2 5 2 1 7 7 2 8 3 7 6 4 9
322 4 3 7 5 5 3 4 2 5 6 5 6 2 1 7
497 4 7 8 7 5 5 4 3 8 9 6 2 5 8 7
414 9 3 5 5 6 6 4 4 6 6 1 8 1 7 3
406 2 8 1 5 2 3 2 6 2 9 8 2 9 9 4
387 2 4 3 3 5 3 8 6 3 5 9 3 6 7 2
382 5 7 3 5 8 9 1 8 8 5 2 4 4 2 8
383 2 2 8 5 8 9 1 2 1 6 4 3 9 6 4
10
382 1 9 5 6 1 7 4 5 3 6 5 8 3 4 2
462 4 7 3 8 6 6 6 2 7 6 6 5 7 7 8
442 4 3 5 2 5 7 5 1 8 6 4 7 9 3 5
402 3 9 4 4 7 5 6 7 4 4 8 7 5 2 2
435 6 8 2 3 7 8 7 3 9 4 7 3 4 2 3
393 6 9 3 4 8 8 2 3 3 6 6 1 8 1 4
465 3 1 8 7 6 7 8 9 7 2 9 6 2 5 3
360 5 8 2 1 1 5 2 8 3 7 8 3 8 1 5
394 8 9 2 2 5 1 3 3 2 4 1 8 9 7 8
367 2 3 1 4 6 9 3 2 4 9 8 5 6 4 6
10
362 4 8 3 1 9 3 1 7 5 4 9 4 1 9 5
392 7 8 9 9 5 5 2 3 2 6 4 6 5 2 2
386 1 6 4 7 2 4 5 2 7 9 1 1 2 8 3
521 8 9 7 8 4 4 9 1 9 4 4 4 8 5 5
457 6 7 9 2 1 9 9 3 1 6 6 5 7 3 6
437 3 3 5 6 9 3 1 1 6 9 7 8 9 9 7
410 4 6 4 8 4 5 1 4 8 9 3 8 3 9 2
394 8 5 5 8 2 8 2 6 1 7 6 7 8 1 5
417 5 6 2 7 7 6 6 3 7 3 3 7 3 5 8
386 2 6 6 3 9 5 7 4 1 3 6 5 4 9 5
10
414 5 7 1 9 8 3 1 4 9 8 3 9 5 4 6
384 7 6 1 6 6 1 9 3 1 3 3 6 4 9 2
379 5 3 3 1 6 4 5 8 9 7 5 5 1 1 3
344 4 3 6 5 9 9 6 1 1 1 3 4 2 6 4
379 7 1 8 1 2 9 3 5 7 3 1 6 6 3 3
427 6 3 7 9 7 7 3 7 3 6 9 9 1 6 4
459 7 3 5 7 8 7 7 8 3 3 2 3 6 8 8
384 4 1 4 9 9 8 8 6 2 4 8 1 3 5 8
447 1 9 9 9 3 7 6 9 9 1 7 2 5 1 2
429 3 1 8 2 1 2 6 8 5 6 8 8 5 8 5
10
336 1 1 4 4 5 6 7 8 4 3 2 9 5 5 2
384 8 2 9 5 5 2 1 9 3 9 4 1 2 4 9
454 9 8 4 2 6 8 1 9 8 8 4 3 3 2 7
390 6 4 3 3 4 5 7 4 1 4 7 1 6 6 9
432 4 8 9 1 6 6 8 7 2 4 9 7 2 2 9
354 2 1 7 6 3 6 7 3 3 3 4 1 6 6 6
490 9 1 6 9 3 5 7 2 9 9 6 3 3 8 6
402 7 5 8 3 3 4 1 9 7 7 2 3 4 5 9
515 8 6 3 7 9 9 7 9 9 8 6 7 2 2 9
511 9 5 9 5 3 9 6 8 1 8 5 4 8 5 4
10
339 5 2 1 3 1 3 2 4 8 4 4 9 5 7 9
370 5 1 2 3 1 6 5 9 5 2 1 3 8 7 5
355 1 9 8 9 5 3 4 2 5 1 4 1 5 2 3
382 1 8 6 6 9 4 3 7 4 9 5 2 6 2 5
438 9 5 1 9 7 9 3 5 8 1 9 8 1 6 2
333 2 3 6 2 5 3 6 6 3 6 1 4 4 6 7
419 5 5 5 7 7 2 5 3 9 9 2 7 2 4 7
409 4 1 6 8 9 7 1 1 7 9 8 8 5 1 2
420 9 6 2 9 6 2 3 5 9 4 3 6 6 2 6
402 1 7 4 2 5 8 7 1 6 7 1 6 5 7 7
10
386 2 5 3 9 1 7 6 3 3 2 3 3 5 9 9
388 1 3 6 9 2 4 6 9 4 8 5 4 4 7 2
342 4 4 1 5 9 8 2 8 5 3 3 5 7 2 5
457 7 8 9 6 6 5 8 8 2 9 5 8 4 1 8
368 4 4 1 1 7 4 6 7 7 1 5 1 5 6 2
381 4 6 9 1 4 1 1 5 2 8 9 8 2 9 9
426 8 2 9 2 3 3 7 8 3 6 2 8 6 3 7
363 9 4 2 9 3 1 6 1 7 3 9 8 3 1 8
489 9 5 6 9 6 6 3 6 8 4 6 6 5 8 1
485 9 4 4 6 6 7 8 9 1 2 6 4 8 8 6
10
506 8 7 2 2 9 8 9 4 6 5 9 5 2 8 6
398 8 7 1 6 6 1 2 5 5 8 6 4 3 6 9
454 9 2 8 3 3 3 1 9 9 2 9 6 7 8 5
412 4 7 9 3 8 8 3 5 3 7 4 6 4 6 9
376 3 9 2 2 3 8 2 6 7 1 5 6 4 6 2
483 4 6 9 7 7 7 6 7 8 5 2 1 4 5 7
466 8 1 9 8 1 1 5 9 4 6 6 9 9 4 6
308 1 2 6 6 1 6 3 2 7 2 3 5 5 1 1
430 6 6 2 1 1 1 5 8 7 8 6 8 7 7 2
391 6 3 2 6 3 9 3 2 3 2 5 8 9 7 6
10
429 5 2 2 9 4 4 8 7 5 2 7 2 7 6 2
388 9 3 9 4 5 1 8 4 3 4 2 8 2 4 5
380 6 9 5 6 8 2 3 7 3 7 2 5 4 5 2
461 4 8 6 9 6 7 8 8 9 1 4 2 4 2 2
371 3 5 6 8 9 3 7 1 3 5 9 8 5 1 2
439 7 5 6 9 1 7 3 1 6 3 6 3 4 8 3
465 5 1 3 2 7 4 7 7 8 6 4 9 8 8 1
386 7 3 2 3 2 4 7 1 9 6 5 1 1 5 4
419 5 3 9 4 2 9 4 2 1 9 5 2 8 5 1
420 5 7 1 7 1 1 5 3 9 3 5 4 7 7 7
10
382 3 3 9 4 1 2 4 7 9 3 4 6 2 3 5
418 2 9 4 6 6 8 1 1 9 4 2 9 7 4 8
382 5 9 7 7 8 8 5 3 1 1 8 1 1 3 9
354 6 2 3 1 1 7 7 7 3 6 8 3 4 4 4
403 3 4 1 8 8 8 7 6 1 3 6 5 7 6 1
406 4 2 8 6 1 2 4 6 6 3 5 7 4 9 7
413 6 1 5 7 5 4 8 9 3 8 2 7 3 5 3
466 3 9 8 7 4 9 3 6 2 9 9 7 3 8 5
297 4 1 1 2 2 7 1 5 7 2 3 7 2 9 2
429 8 6 8 1 1 4 9 2 5 5 9 5 2 4 1
10
415 8 6 5 7 5 8 2 2 2 7 8 5 1 7 3
485 5 3 2 9 9 9 8 9 8 9 2 4 3 6 2
421 4 6 7 1 5 5 4 3 2 8 1 2 9 9 1
390 7 8 3 3 3 1 9 2 5 4 5 3 8 2 6
377 7 8 1 2 3 8 4 4 4 6 6 4 4 1 8
416 7 2 1 3 3 1 4 5 5 8 7 4 9 7 5
358 7 4 1 2 1 7 2 3 7 7 4 2 3 8 6
395 7 2 1 1 7 6 9 4 4 9 4 4 2 6 9
459 2 3 8 9 1 3 7 6 8 2 6 9 9 4 4
402 5 1 7 6 8 1 5 6 6 1 2 9 9 6 7
10
298 5 5 1 2 1 6 5 5 2 5 2 1 2 5 8
449 8 7 3 8 6 1 9 1 4 8 4 9 7 4 3
375 4 5 8 9 3 4 7 8 2 2 7 7 4 2 3
407 7 3 9 9 2 5 1 7 5 2 3 7 6 3 2
456 8 9 2 9 2 6 8 5 8 2 1 3 3 4 7
341 6 1 5 6 3 5 9 6 1 3 9 5 2 2 6
320 2 5 9 2 1 5 5 3 3 1 4 6 5 1 1
501 9 7 3 5 2 7 9 3 9 3 1 9 6 7 1
439 8 4 6 3 5 7 8 1 1 8 1 5 6 9 1
363 8 4 1 3 5 6 1 1 3 1 7 8 4 9 7
