100 20
405 445 432 445 405 405 432 418 459 459 418 432 405 432 405 432 432 405 459 445
9
330 1 1 1 5 4 8 2 6 7 7 7 8 7 3 7 3 5 9 2 4
382 8 4 2 6 5 6 4 8 1 0 4 8 1 3 3 6 2 9 2 3
384 3 3 5 6 6 8 5 2 3 2 7 2 9 0 7 8 9 9 5 2
442 5 5 2 6 9 3 4 6 1 5 2 2 0 1 6 7 6 3 6 1
454 9 0 7 1 6 2 5 4 5 4 9 3 9 1 8 2 9 2 3 4
458 5 2 8 9 3 9 8 2 7 1 5 3 8 4 3 7 5 2 7 0
474 1 8 8 6 0 8 1 8 8 5 6 1 4 6 2 2 5 1 8 1
480 2 8 6 2 3 4 4 6 9 7 2 7 6 1 0 4 5 2 6 0
482 2 9 8 7 8 6 7 2 3 1 6 2 3 6 8 8 3 3 0 0
2
510 8 0 5 8 5 2 0 9 3 7 8 1 2 4 6 6 9 9 4 3
341 2 9 4 2 6 1 6 2 1 2 4 7 0 5 5 4 0 8 4 8
1
408 4 1 9 8 0 1 3 6 1 2 8 0 3 6 6 4 7 1 7 0
16
294 2 1 1 5 0 1 2 0 7 9 9 4 9 5 7 6 7 0 0 4
294 1 6 6 0 3 0 1 3 8 1 7 1 1 5 5 1 3 1 9 9
318 4 8 1 4 1 4 1 7 9 0 1 1 4 7 0 9 4 1 6 4
362 0 0 6 7 4 6 6 7 6 2 8 7 0 7 2 9 3 2 0 6
388 1 9 6 7 9 9 0 3 6 1 8 9 7 1 4 2 2 9 5 4
418 4 6 6 3 7 5 2 9 5 2 1 7 5 5 4 5 4 1 8 3
436 1 3 4 8 9 0 8 8 4 3 7 8 0 8 6 5 9 1 9 1
464 8 3 0 5 7 8 3 3 5 7 7 9 1 4 0 7 8 2 7 4
78 8 1 6 5 7 3 0 8 2 3 8 0 5 8 8 0 7 0 1 9
479 0 2 6 0 9 6 5 8 2 3 8 3 1 4 3 5 4 3 7 9
341 9 6 9 0 9 9 2 0 8 1 1 0 9 3 1 6 8 2 8 4
390 4 5 4 7 0 0 2 9 1 6 1 8 5 1 7 4 3 9 4 6
30 6 6 6 8 2 6 0 0 2 2 6 8 9 5 0 1 8 2 3 4
235 3 1 6 2 8 1 1 2 7 4 9 3 2 9 7 8 9 0 1 3
496 1 2 2 1 4 2 5 9 8 0 2 9 8 6 7 9 9 2 9 3
311 4 5 0 2 4 1 2 7 4 0 8 9 4 1 3 8 7 2 6 9
7
300 3 6 3 5 9 7 0 3 0 1 6 8 2 3 9 1 5 8 7 8
308 7 2 3 1 3 3 0 2 3 4 3 4 0 7 0 3 1 7 0 1
310 1 6 2 8 7 7 2 2 3 0 5 9 8 9 2 6 8 6 3 7
352 2 0 1 7 9 9 7 5 7 0 2 9 7 6 4 7 9 2 7 6
424 8 6 0 0 5 9 5 6 7 5 2 2 3 3 9 3 8 0 1 8
518 7 6 9 5 9 9 2 9 0 0 4 8 7 2 7 1 8 7 9 1
574 5 5 8 6 8 4 7 2 8 6 5 3 2 2 1 9 1 1 1 1
6
252 0 8 0 5 0 0 7 4 1 3 5 3 2 0 3 8 9 5 1 7
546 4 6 8 9 9 3 5 7 6 0 9 9 7 1 9 0 2 6 0 5
624 9 2 8 9 6 6 2 6 3 8 3 5 0 8 7 9 1 8 2 2
389 7 6 2 8 1 2 9 6 3 8 6 2 5 9 3 8 1 2 0 9
417 5 9 5 2 8 7 0 0 9 0 9 7 4 9 8 6 8 5 9 7
481 3 4 2 9 2 4 3 2 3 0 8 2 6 2 2 5 3 4 6 5
18
336 0 1 7 0 1 7 8 2 7 6 4 1 5 2 9 3 7 8 2 0
416 1 4 7 8 4 4 6 6 9 1 3 7 3 4 1 9 7 4 2 0
448 6 4 7 4 5 9 2 2 4 6 4 6 8 6 0 3 1 4 9 8
472 9 2 8 5 3 9 4 2 2 4 9 3 9 4 8 8 8 5 8 0
490 5 8 7 0 2 5 3 7 4 7 8 4 7 1 8 9 2 8 5 6
494 7 7 6 2 6 4 8 0 3 4 8 1 2 6 9 4 9 1 8 0
498 8 2 3 6 7 8 8 7 1 2 1 7 6 1 2 4 1 2 1 2
528 9 1 6 9 6 4 2 0 7 7 2 9 6 2 2 6 3 4 4 0
550 8 9 9 4 9 2 0 2 9 0 2 2 1 6 8 0 0 9 3 8
72 5 8 8 8 2 4 1 4 5 3 8 7 1 0 1 8 5 8 2 5
200 7 8 7 7 1 7 9 6 8 1 1 6 9 1 8 3 3 2 0 8
210 7 0 3 9 8 8 7 2 6 7 9 4 6 9 7 4 8 4 2 9
407 0 0 1 8 5 4 2 5 2 4 5 4 7 6 2 8 5 7 6 4
288 2 1 7 0 7 7 4 9 8 3 1 8 4 9 5 0 3 3 5 7
158 9 7 6 2 7 1 1 3 5 9 5 8 7 5 5 4 1 6 3 7
327 3 1 8 9 2 1 4 7 1 2 6 0 0 0 7 1 1 0 8 1
397 9 0 3 4 6 6 1 9 3 0 5 5 9 6 9 0 0 8 3 4
474 3 4 7 0 7 0 2 7 3 0 6 3 5 3 0 1 4 1 7 4
3
370 2 4 1 7 6 0 3 5 2 7 2 5 4 3 6 4 1 1 8 7
380 5 6 6 8 0 4 2 2 2 1 5 4 4 7 3 5 0 1 8 2
646 8 8 7 4 4 5 6 7 5 9 9 4 7 2 6 0 8 9 7 3
6
322 0 3 6 3 2 3 0 9 0 5 1 8 2 4 6 9 7 8 9 5
406 1 0 6 4 0 0 5 9 6 9 5 4 9 4 7 6 4 0 7 8
470 3 7 8 2 6 6 6 3 4 3 0 3 5 2 9 6 1 8 3 6
502 1 5 7 4 8 2 8 4 7 8 6 7 6 1 1 5 0 9 3 9
522 3 9 7 1 9 6 8 2 6 6 6 0 5 7 4 5 4 1 5 3
592 7 9 5 5 7 6 9 5 5 7 9 5 6 7 0 7 5 3 5 0
6
242 4 7 2 3 6 9 0 1 0 0 4 7 5 7 1 0 7 0 5 8
416 1 8 0 5 4 5 8 9 4 6 8 7 6 5 2 1 9 5 8 4
516 5 7 8 9 8 8 6 0 7 1 6 4 0 3 6 7 8 9 5 9
400 1 6 5 8 7 8 5 9 5 5 7 3 1 3 7 4 4 4 3 1
390 9 3 4 5 3 4 6 8 3 6 1 2 3 9 9 1 6 1 7 1
40 2 5 5 1 1 2 5 4 3 5 3 8 1 0 1 6 8 1 9 4
3
338 6 6 4 4 0 0 2 5 6 0 1 8 1 3 1 7 6 0 1 6
468 1 6 9 5 0 2 0 8 6 8 2 8 2 5 9 6 0 6 9 6
490 7 3 5 8 5 2 5 8 0 4 1 7 9 2 1 5 0 2 5 7
10
244 1 4 1 8 0 7 1 9 1 0 8 7 8 3 8 8 9 9 1 6
260 0 3 6 5 2 5 1 5 5 1 3 9 0 1 0 8 1 6 9 9
376 7 4 1 3 5 6 7 2 9 1 8 8 9 2 9 4 4 2 1 3
400 1 6 5 1 9 4 7 7 1 4 9 0 0 9 5 9 7 5 0 8
528 9 4 2 7 2 5 7 2 6 8 3 5 9 5 6 2 3 0 0 2
379 8 0 8 2 2 5 9 6 8 2 5 0 3 4 6 4 4 1 6 4
336 1 6 1 0 8 6 0 8 0 9 9 2 0 3 4 7 2 0 5 5
367 6 0 4 2 6 8 5 2 4 3 5 0 6 5 8 2 7 7 4 9
198 6 9 1 1 8 4 3 5 1 1 1 3 5 5 1 5 2 3 9 5
190 0 1 8 8 5 5 7 9 6 7 6 7 9 9 5 5 2 1 8 5
4
400 6 7 0 4 0 8 0 3 9 7 1 2 0 2 7 4 7 7 0 9
420 3 3 3 7 8 6 2 0 7 9 9 3 7 7 1 5 7 0 1 4
446 7 3 7 0 5 2 5 9 2 1 8 9 5 9 6 0 4 7 0 1
446 6 0 1 7 5 8 9 4 8 7 2 1 4 4 5 1 0 4 0 2
7
250 1 7 7 2 1 1 2 5 0 0 9 6 3 9 9 0 6 1 4 2
342 7 0 0 7 2 1 2 2 8 4 2 3 0 1 1 2 7 9 3 9
376 1 1 9 5 1 0 5 5 4 3 3 6 3 9 2 6 9 8 7 2
412 9 2 8 4 2 5 1 9 0 0 4 6 0 0 5 9 0 3 2 4
564 7 6 8 7 6 8 6 2 8 6 8 4 9 8 8 1 0 5 2 3
574 6 9 2 6 6 6 9 8 5 6 6 7 2 9 6 6 8 7 4 5
608 7 1 8 7 8 7 8 1 9 8 9 9 1 1 9 9 2 1 4 5
5
412 1 7 8 8 7 2 1 0 6 5 2 9 7 0 7 8 3 5 2 8
422 2 4 9 1 8 4 1 6 2 7 1 9 0 1 5 6 9 5 3 6
432 7 7 2 0 6 9 9 0 7 4 6 4 9 8 5 8 2 6 3 7
480 8 3 6 3 7 4 8 0 0 5 4 7 9 2 0 6 2 3 3 5
498 0 6 7 7 0 0 9 3 8 8 3 5 6 4 8 2 2 9 9 5
18
360 5 7 2 2 7 6 0 5 0 3 5 9 4 3 4 5 6 3 0 5
362 4 1 6 3 7 8 0 1 7 3 7 9 4 1 9 3 6 2 6 1
414 4 2 8 0 2 6 4 6 1 9 6 3 9 2 1 1 4 0 0 2
430 7 0 2 6 9 8 3 8 1 5 7 8 3 4 1 8 1 9 3 1
434 1 3 2 8 9 8 3 6 8 6 7 0 0 1 4 2 6 0 4 5
448 8 7 5 3 0 1 8 3 2 3 3 2 8 2 6 0 6 3 2 8
528 8 0 8 9 6 1 9 0 0 4 5 0 6 0 4 0 0 7 9 3
556 9 8 4 9 4 5 6 4 7 4 8 8 6 0 0 0 2 8 2 9
588 5 5 6 9 9 1 4 6 6 8 3 5 3 2 9 0 2 5 5 6
304 2 6 2 2 2 2 3 9 4 6 9 2 2 2 4 4 6 3 6 7
406 3 1 8 3 3 2 8 8 9 4 2 7 7 4 2 1 7 1 5 6
183 0 0 5 4 5 3 7 3 1 6 7 4 4 0 7 9 0 7 0 5
359 7 4 5 1 5 5 5 3 1 8 3 3 5 9 0 0 7 4 1 3
483 5 9 5 4 0 5 3 0 2 4 0 8 0 1 4 7 8 9 0 6
132 3 3 1 4 4 0 0 5 5 3 3 7 0 9 7 5 3 0 0 7
160 0 9 3 4 6 2 5 6 0 9 0 6 1 6 0 3 6 7 1 1
362 8 1 2 5 8 5 7 0 4 9 1 4 5 7 0 7 3 7 9 2
9 5 5 5 7 9 3 5 0 4 7 0 5 1 7 5 6 5 6 1 4
4
294 0 9 4 0 3 8 9 5 1 2 7 9 4 7 8 7 6 0 0 5
348 0 2 5 7 4 1 6 3 8 0 7 7 2 5 6 5 2 8 1 1
60 8 3 8 4 9 3 0 2 9 7 9 1 1 9 9 1 5 1 3 3
269 0 7 4 7 5 8 7 6 9 8 5 2 8 9 4 3 9 8 2 8
6
266 8 0 3 0 0 5 5 1 0 2 3 1 7 5 2 4 8 5 9 7
354 0 2 2 5 8 1 1 4 8 9 6 7 3 5 4 1 4 0 1 2
398 6 8 4 2 3 1 6 4 2 0 7 5 2 8 9 5 9 8 8 7
420 9 1 8 2 2 9 3 5 3 3 8 3 9 7 0 3 3 9 9 3
422 7 3 2 1 3 6 7 6 0 9 8 7 2 2 2 6 5 8 8 6
538 6 9 8 8 0 3 1 2 9 7 3 6 4 5 4 3 1 4 3 1
16
256 1 2 1 0 1 8 2 3 7 7 1 4 2 0 7 8 4 8 9 7
316 4 0 1 8 1 4 1 4 8 4 6 6 1 0 0 7 6 8 5 4
354 0 4 6 3 1 0 4 4 5 6 1 3 8 7 8 4 8 4 7 1
396 2 4 4 5 9 2 3 2 3 8 7 1 5 2 1 4 0 7 2 9
426 3 3 2 6 7 4 4 7 7 5 6 1 7 7 3 7 6 9 7 2
490 7 6 0 7 9 2 1 5 2 7 6 9 7 6 8 5 0 8 1 8
574 6 6 7 8 3 3 7 7 0 8 9 9 1 6 3 4 1 3 2 5
648 9 9 9 3 8 7 5 2 9 5 4 8 8 1 8 2 8 4 3 5
208 1 6 6 8 4 3 8 2 5 8 3 6 9 0 9 4 3 4 8 8
418 8 9 9 6 3 9 3 6 6 1 0 3 9 8 9 3 6 2 0 7
25 8 6 7 9 2 0 3 2 1 3 1 0 2 9 3 3 2 1 9 4
411 2 3 1 2 8 0 6 8 7 3 8 5 1 7 8 3 2 2 4 5
473 4 9 3 9 2 7 3 4 1 6 8 7 8 2 5 8 8 6 5 4
204 2 7 4 0 0 6 3 5 2 8 1 1 3 3 6 1 6 0 4 4
448 1 2 1 7 2 1 3 9 5 9 2 2 3 4 5 0 9 2 4 0
323 5 3 6 1 6 4 1 1 9 2 2 3 3 1 8 4 6 9 0 6
20
226 0 2 3 7 0 0 4 6 1 0 4 1 8 1 3 7 3 7 7 7
332 2 3 2 3 8 6 1 5 1 5 3 3 5 6 9 2 0 0 3 2
428 0 5 8 9 7 0 0 4 6 3 5 8 5 6 6 9 3 6 1 1
434 3 6 5 6 6 9 7 0 7 5 9 8 2 7 9 8 5 5 5 4
438 5 2 3 6 5 2 8 6 7 1 2 0 7 9 7 9 3 7 9 6
446 1 9 9 3 9 2 4 1 7 3 9 4 7 6 3 5 7 8 3 1
458 6 5 6 3 2 2 4 4 8 4 9 3 1 3 2 2 1 9 7 7
514 9 3 0 7 9 5 8 5 9 1 4 1 9 3 3 6 2 6 5 4
532 3 7 6 7 9 1 9 9 4 4 5 6 8 2 2 3 9 2 1 3
548 5 6 9 4 2 7 7 8 8 2 3 2 8 6 6 0 8 9 0 6
128 6 9 8 9 2 6 2 9 2 8 6 8 8 0 3 2 9 5 3 4
250 8 2 6 6 3 4 5 5 2 6 1 2 6 2 6 2 6 7 4 4
243 3 3 3 8 5 5 3 0 9 3 8 2 1 4 7 7 2 2 0 0
155 4 6 7 2 8 4 0 3 8 5 8 3 1 6 8 6 1 1 7 6
111 1 7 6 8 4 0 2 6 0 7 2 6 5 5 6 1 7 1 1 2
359 5 3 7 3 1 0 6 9 6 8 0 5 4 1 0 6 3 8 8 1
373 6 8 0 2 9 7 4 0 1 5 5 5 3 1 8 5 7 9 2 5
110 7 1 3 9 9 6 0 7 9 3 3 7 3 6 8 2 0 9 3 7
476 0 0 9 9 8 7 8 0 4 0 9 8 3 1 7 2 1 5 1 4
338 9 9 6 9 1 8 0 6 6 7 7 8 8 6 6 7 4 8 2 7
8
330 0 7 3 4 6 4 0 8 2 5 2 0 9 9 2 0 6 6 6 7
350 2 6 1 6 7 3 0 5 5 3 7 7 3 6 0 2 7 6 0 6
390 7 4 2 6 5 7 5 5 0 4 5 8 4 1 7 2 8 5 6 5
414 3 1 5 1 4 4 6 5 9 5 3 8 7 4 9 2 6 6 8 2
414 9 2 6 4 2 3 1 5 5 0 3 7 1 8 3 3 0 2 0 2
434 6 3 3 6 7 2 4 0 7 4 8 5 1 5 9 0 7 9 5 5
482 7 8 5 6 9 5 2 0 8 3 4 9 5 3 5 4 7 2 2 7
548 8 6 8 2 7 8 2 8 2 5 6 5 4 8 4 8 1 6 0 3
16
252 4 0 3 0 1 9 0 9 6 1 1 1 2 6 0 2 5 9 7 0
302 4 6 0 1 3 9 8 2 7 2 5 8 7 0 4 1 8 8 6 7
472 8 5 7 6 3 0 0 5 4 2 4 1 2 2 7 2 6 4 4 9
474 7 6 1 9 4 2 4 1 0 9 5 5 2 7 3 2 1 8 3 0
488 6 0 4 9 0 4 7 5 5 7 0 0 1 7 3 7 1 3 5 7
508 2 2 8 9 3 8 3 5 6 8 0 9 0 2 4 8 4 0 4 1
522 9 2 6 1 9 6 3 2 5 9 1 9 8 4 8 2 8 9 0 4
574 9 9 5 6 2 9 7 9 1 5 1 3 4 2 2 9 9 5 2 6
204 3 6 5 7 0 5 4 0 9 5 3 8 3 7 6 5 6 7 8 2
468 3 8 1 5 8 2 1 0 9 5 5 7 2 3 7 7 9 9 6 4
372 4 9 2 2 7 0 9 7 2 0 0 0 3 7 8 5 0 1 6 8
238 3 0 3 2 0 2 1 6 8 6 3 8 8 7 5 0 9 4 2 9
406 2 2 3 3 9 4 6 8 4 6 1 4 0 4 4 2 7 3 1 5
438 1 5 5 8 5 4 2 7 5 8 2 7 3 7 9 7 5 7 3 1
440 8 1 6 4 6 4 9 7 1 9 0 7 5 8 2 1 2 0 7 0
154 6 5 1 5 5 6 2 8 7 3 8 9 1 3 7 5 4 4 7 4
8
320 5 1 2 8 3 8 1 4 0 3 6 1 4 8 2 6 0 1 8 4
336 1 7 8 1 0 1 2 5 7 2 8 3 5 5 0 3 0 9 1 5
400 4 6 2 2 7 4 8 3 9 1 7 2 6 2 9 4 9 5 3 3
462 8 8 9 0 9 3 3 4 0 1 1 9 6 7 7 8 3 8 2 3
484 0 8 6 9 3 5 4 7 7 9 4 2 8 0 7 9 3 7 0 6
484 6 9 6 2 8 4 4 5 0 4 2 7 0 9 2 9 3 1 6 6
490 7 3 5 9 7 2 3 6 8 3 4 7 7 0 4 4 0 9 4 2
526 4 9 7 7 3 9 3 9 1 6 4 9 4 5 1 4 6 6 1 6
8
272 4 1 1 1 5 6 3 5 5 0 6 5 3 7 7 5 2 8 1 0
390 4 3 5 6 3 1 9 1 1 6 4 1 7 4 5 3 7 7 0 1
454 3 5 3 8 4 0 5 4 6 8 3 9 8 8 0 2 4 8 5 2
528 9 8 1 3 5 1 9 5 2 8 1 3 8 7 0 5 2 4 4 3
394 8 4 3 5 2 7 4 1 7 5 4 8 5 5 0 9 9 8 7 2
320 0 0 9 3 7 1 7 1 6 4 2 3 7 9 7 6 3 8 5 0
284 3 6 9 3 7 1 4 4 5 6 5 7 5 0 4 6 7 8 4 3
350 7 1 1 4 9 4 4 5 6 9 8 4 0 4 2 3 8 6 8 6
8
380 9 2 6 4 1 9 1 5 4 2 5 1 3 2 9 3 0 3 8 2
396 2 9 6 8 7 4 2 0 3 3 3 9 3 9 9 9 6 6 5 7
540 6 6 7 8 2 1 7 5 5 5 4 0 7 0 2 1 8 0 9 6
578 5 0 9 2 9 6 8 8 7 8 6 7 7 1 9 8 6 1 4 5
313 7 6 6 8 7 7 4 3 2 1 8 2 1 8 6 2 9 9 3 5
205 2 5 8 1 3 5 4 7 0 7 6 6 5 5 4 2 1 7 5 3
77 9 4 8 8 8 7 7 3 4 4 6 9 2 9 5 7 4 2 9 3
41 8 9 6 2 3 9 1 0 2 1 0 8 9 0 8 8 9 2 4 3
5
286 1 8 0 3 0 3 5 6 6 0 4 7 9 1 5 3 3 6 7 4
346 2 9 6 0 7 4 3 6 1 2 4 8 2 8 1 2 0 4 6 3
364 3 5 7 0 0 8 9 0 3 7 4 7 2 6 5 2 5 7 6 8
380 4 7 4 7 5 2 6 2 2 0 7 2 7 7 3 2 2 7 1 9
406 6 3 7 3 5 5 3 1 4 2 3 5 9 8 4 3 2 6 7 0
10
286 2 7 0 2 2 7 0 4 6 6 3 7 3 9 5 5 4 4 1 4
352 1 6 4 8 4 9 0 8 9 1 2 4 3 9 7 6 3 6 9 3
396 7 2 4 1 4 8 1 0 7 6 2 4 4 2 0 7 4 6 4 6
484 7 1 6 9 5 0 4 6 3 2 7 7 4 0 8 1 5 4 5 9
528 8 9 4 6 4 6 4 9 9 2 0 7 3 4 8 2 2 2 9 1
217 3 7 1 5 8 1 1 6 5 7 4 5 3 4 5 4 2 0 2 1
192 9 4 6 0 6 8 4 7 1 1 0 9 4 7 7 5 8 3 3 6
269 0 1 4 7 8 6 7 0 7 0 1 3 8 1 1 7 5 9 8 8
331 9 5 9 6 2 7 2 7 5 1 9 9 7 7 7 5 6 7 4 6
28 7 7 2 9 4 9 0 4 0 1 4 5 2 2 9 2 6 7 9 0
2
392 1 3 6 1 5 3 6 2 8 7 8 7 5 7 3 2 6 7 0 7
440 5 7 3 2 9 6 5 8 6 1 7 7 9 8 3 0 8 8 0 1
9
328 1 4 5 2 7 3 2 8 5 2 7 4 6 7 6 5 6 7 5 6
346 0 7 4 9 6 0 1 1 9 1 6 2 2 5 7 6 2 7 6 9
400 6 4 0 6 5 7 7 4 5 3 4 6 0 4 9 0 2 9 1 3
418 2 6 6 9 5 9 7 0 4 5 3 0 9 2 7 7 7 5 5 2
420 4 7 3 6 7 7 6 3 2 1 2 3 6 6 8 6 2 2 3 0
472 6 8 7 2 5 3 4 9 0 0 1 9 6 1 3 6 2 7 5 5
482 6 7 5 8 0 5 3 7 7 4 2 1 5 2 3 5 1 2 2 8
498 0 4 7 8 4 0 9 6 8 6 4 6 1 2 2 2 8 6 4 3
560 8 5 6 8 0 0 7 4 8 6 7 8 2 3 1 7 1 5 4 7
4
242 1 1 5 2 5 3 5 0 3 1 7 8 8 1 3 3 4 5 5 3
386 6 1 4 2 0 9 8 1 4 6 1 2 4 3 6 8 4 3 5 7
442 9 8 3 5 3 2 1 2 8 0 0 3 2 5 6 1 7 2 6 4
524 4 3 8 9 0 5 8 2 9 7 2 5 4 0 8 9 5 2 4 3
10
316 3 4 5 4 1 5 1 1 1 8 7 5 2 2 3 0 6 6 7 6
372 2 2 4 5 0 6 1 7 1 9 8 2 0 4 9 1 1 1 9 7
490 7 4 9 8 2 3 8 0 3 3 5 4 3 8 4 2 3 7 8 6
494 5 8 4 4 8 4 8 9 4 3 4 5 3 8 9 7 9 8 5 8
530 2 3 8 7 4 5 8 5 9 7 4 4 1 4 0 0 7 3 3 7
282 8 1 5 8 8 9 2 7 9 0 1 6 4 0 5 3 1 3 8 1
229 4 2 5 6 4 3 9 9 0 3 0 3 0 8 1 1 0 8 0 3
442 6 7 4 4 2 7 7 0 8 9 7 1 4 3 7 7 5 7 9 0
497 3 1 7 6 2 8 7 3 3 9 1 0 5 5 2 2 5 4 0 4
103 3 0 9 3 0 6 2 9 6 9 4 7 6 1 2 6 0 7 1 1
7
268 1 0 5 1 0 5 2 2 2 7 1 6 6 5 0 3 2 2 7 5
296 7 3 2 2 0 8 6 1 2 4 8 7 6 1 9 2 3 9 9 4
380 0 5 3 7 3 2 9 6 8 3 5 8 2 6 0 1 8 9 2 9
422 4 8 1 5 4 2 9 7 4 4 0 6 5 6 3 5 9 7 0 8
452 5 6 4 2 8 3 2 3 2 7 5 8 7 1 9 7 4 4 8 3
576 5 2 5 9 9 7 9 6 1 9 8 3 3 2 2 6 3 0 5 8
608 7 0 8 6 9 6 8 7 8 7 0 5 6 7 3 9 5 4 7 5
6
266 1 5 7 9 0 3 0 1 1 0 2 3 2 3 4 1 9 8 9 4
350 6 9 3 3 0 3 8 2 0 1 8 2 8 2 6 4 8 7 9 6
376 0 8 6 0 2 1 3 8 6 3 7 7 2 6 0 3 1 7 0 6
562 6 8 4 8 7 7 6 5 3 7 1 4 1 3 0 5 4 9 3 5
562 9 5 7 0 6 9 8 8 8 2 4 3 0 2 6 6 8 4 3 7
644 9 6 7 9 7 7 7 2 5 6 0 2 6 4 9 9 7 0 6 0
18
354 4 4 0 8 3 4 6 7 4 1 7 4 0 3 6 6 9 6 1 5
370 4 7 0 0 1 1 3 9 9 3 2 5 5 4 1 3 4 7 7 3
384 0 2 1 4 9 6 9 2 1 9 9 9 0 3 0 9 2 1 7 2
406 2 6 2 9 1 7 0 7 1 9 0 6 9 2 9 5 8 1 3 0
408 7 3 4 7 1 5 0 8 9 1 6 5 7 3 1 0 6 5 7 5
426 4 4 8 2 2 9 4 2 9 6 9 6 7 1 1 7 0 3 8 9
432 7 3 0 7 6 9 9 8 0 1 8 0 5 9 3 7 6 3 8 0
440 2 3 4 8 9 1 4 6 2 7 3 4 7 2 9 1 2 7 6 9
572 8 0 9 8 9 2 0 9 2 6 3 7 7 0 8 8 7 0 4 8
59 2 0 7 3 3 4 9 7 2 9 2 8 9 5 7 0 9 4 8 9
59 6 8 9 6 9 9 9 3 9 0 7 9 7 0 5 1 9 4 5 1
26 3 0 3 2 0 3 9 8 4 8 6 4 0 5 3 1 4 6 0 4
383 9 4 3 4 7 5 8 3 6 7 6 6 2 9 8 7 8 8 1 8
295 8 0 2 1 1 6 8 1 2 3 3 6 9 9 4 4 0 7 2 9
85 8 1 6 8 9 4 6 2 5 3 0 5 5 2 7 3 2 0 6 5
315 4 6 5 8 0 7 7 2 6 5 2 9 1 0 8 8 9 3 3 2
73 0 0 7 9 3 1 0 9 9 7 4 5 4 4 8 1 4 2 9 9
85 9 0 7 9 8 8 2 3 1 8 4 1 7 3 6 9 5 6 8 3
10
332 2 9 0 7 2 5 7 7 4 0 5 7 6 3 1 0 6 0 9 3
396 7 4 0 8 7 9 1 7 3 0 1 2 0 1 0 9 5 6 2 5
414 4 1 0 6 8 0 1 7 3 9 0 5 3 5 1 4 1 7 4 6
422 6 9 2 4 2 4 4 7 8 0 1 9 5 8 5 6 0 1 9 2
444 6 8 4 7 0 8 7 9 5 0 4 2 4 6 3 6 7 1 4 9
510 7 2 5 4 3 0 6 6 7 5 6 4 6 1 0 8 5 3 7 9
514 6 8 8 1 5 4 4 9 9 3 9 9 1 4 9 6 3 9 9 2
538 7 8 7 4 5 9 8 5 0 4 3 5 6 9 1 0 8 9 3 2
540 9 4 6 6 8 7 0 9 6 4 0 9 7 7 1 9 7 8 2 4
606 8 3 9 6 9 6 4 4 9 7 0 3 5 1 7 4 9 0 6 8
3
346 1 7 8 0 2 9 3 1 8 3 9 3 3 1 6 3 9 7 8 3
418 2 3 0 6 3 0 9 6 8 7 8 7 2 7 0 1 4 9 5 0
456 5 5 9 1 7 9 6 5 0 1 1 8 6 2 8 0 3 0 6 3
20
368 1 5 1 9 8 5 0 6 6 6 8 8 0 9 4 5 0 2 3 3
400 0 6 9 4 0 0 4 7 0 4 2 2 6 1 3 9 5 4 5 5
400 0 9 6 8 2 2 9 4 4 0 5 3 1 9 3 4 2 4 0 7
440 4 5 3 2 9 0 6 2 6 6 1 0 5 1 1 9 6 1 3 9
452 9 8 2 0 4 8 7 3 0 8 5 7 1 3 8 6 2 5 0 7
464 2 3 9 6 8 3 7 3 0 4 3 7 3 6 6 6 0 0 2 3
466 7 0 9 2 0 3 9 4 8 3 7 3 3 2 6 5 4 2 8 9
468 5 8 5 4 7 5 0 9 0 3 3 3 7 7 8 7 3 1 3 6
502 8 6 4 1 8 0 6 3 4 7 0 6 3 3 2 2 2 3 4 4
506 9 4 4 3 7 3 7 1 8 3 8 2 0 1 6 6 8 0 1 7
112 4 2 9 1 1 6 7 2 1 3 4 7 6 8 2 0 2 7 5 8
445 9 8 8 5 7 9 8 8 6 0 4 0 1 6 1 9 3 5 1 6
10 0 4 0 2 7 4 1 2 2 8 1 3 7 8 2 6 6 0 4 8
176 4 9 2 8 9 7 5 0 5 7 2 2 9 5 9 3 8 3 8 7
414 3 4 2 5 2 1 7 8 9 3 4 9 8 2 0 5 0 2 3 9
134 5 9 1 6 4 0 9 2 7 5 7 3 7 2 7 0 1 5 0 5
429 1 5 4 3 0 4 5 5 3 9 0 4 1 8 9 3 7 3 2 2
131 5 2 5 2 2 7 9 4 2 8 5 7 4 8 9 0 5 5 4 7
157 0 8 8 9 3 5 3 5 0 6 2 2 1 4 4 8 5 9 2 5
226 1 0 7 3 0 2 0 6 9 7 7 9 7 8 4 3 3 9 3 9
12
322 4 7 1 5 1 7 0 3 2 4 7 1 7 1 1 4 2 4 0 1
384 7 9 0 6 7 5 0 2 3 2 7 0 0 0 2 2 0 9 4 0
386 1 5 4 1 4 4 9 5 5 3 8 5 7 6 0 2 0 1 5 1
402 7 0 4 8 5 6 3 0 2 7 5 2 4 2 6 6 7 0 2 9
460 4 4 4 3 9 1 4 6 8 5 1 9 9 3 2 3 8 2 2 2
468 9 4 4 1 6 9 4 1 8 3 4 0 9 2 9 1 4 9 3 2
260 0 6 7 4 2 3 1 5 7 2 8 6 3 2 0 7 0 3 9 4
417 2 3 1 1 7 6 2 2 0 4 2 6 1 6 1 6 0 8 3 2
6 2 6 8 2 3 0 5 4 4 5 8 0 6 1 7 4 3 1 4 0
93 3 1 9 6 8 9 4 3 2 0 5 0 1 8 5 3 5 1 0 0
430 0 9 1 9 3 7 0 0 7 3 5 0 4 1 0 4 7 4 8 7
249 0 0 7 5 6 5 6 6 5 8 8 6 2 7 2 9 9 4 8 4
4
434 7 4 7 2 2 9 0 5 1 5 8 8 2 9 4 9 3 4 8 4
494 5 0 6 1 9 2 8 8 8 3 4 1 4 1 7 9 0 3 4 8
1 3 2 0 5 3 9 9 1 5 8 2 5 2 1 0 1 6 6 9 0
281 2 4 4 9 3 4 2 0 5 3 3 7 5 8 1 4 9 4 1 7
10
266 1 9 5 4 1 8 1 1 7 0 7 9 9 7 2 7 5 3 0 8
342 2 6 6 3 5 8 3 6 2 1 6 6 3 5 2 7 0 2 4 3
366 4 5 2 4 0 1 7 7 3 3 7 4 9 7 5 5 6 1 7 5
374 1 9 8 4 5 2 4 1 3 3 8 4 6 9 3 0 7 8 3 7
390 9 1 4 2 2 3 0 2 1 7 7 1 3 2 7 7 1 7 9 6
436 6 1 6 5 2 5 6 6 0 8 2 8 0 3 7 7 1 5 8 0
480 6 8 4 8 8 5 0 6 8 2 2 8 4 8 0 9 0 7 9 4
512 3 2 9 4 9 0 0 2 7 9 6 8 7 1 0 4 9 4 3 0
516 1 5 9 1 7 4 9 3 8 9 0 8 1 2 1 8 1 4 6 1
518 9 1 4 9 1 7 0 6 3 9 4 8 2 0 9 2 9 9 1 1
14
256 1 8 1 3 0 2 7 1 5 1 7 1 3 0 4 7 1 8 3 2
290 0 5 2 9 2 8 5 3 5 0 0 1 3 2 4 3 5 9 9 6
336 5 3 2 6 2 1 4 7 1 2 3 0 8 4 9 0 5 8 1 8
356 2 3 0 7 4 6 6 4 0 9 4 0 0 9 1 4 6 2 2 1
376 4 9 3 5 2 9 9 2 0 1 6 2 4 1 6 9 7 3 0 8
440 7 2 0 5 2 3 8 7 1 9 9 5 8 0 1 7 2 7 8 6
448 0 2 9 8 9 8 3 1 8 3 5 4 6 7 3 9 1 1 4 5
365 2 9 9 4 7 8 1 0 0 1 2 6 0 2 7 9 4 4 9 0
32 5 9 1 8 8 3 2 4 8 7 7 0 8 3 7 9 6 8 9 7
110 5 9 4 3 1 0 9 0 3 3 6 2 5 6 2 0 0 7 8 9
426 0 8 9 8 7 5 8 6 2 0 4 4 4 9 5 4 8 5 9 4
383 1 9 2 4 1 2 3 9 4 1 2 2 0 0 1 5 8 9 9 8
493 3 4 2 8 0 3 6 0 7 1 3 8 3 9 9 8 2 0 2 3
452 6 5 4 7 2 2 6 4 2 2 7 8 4 8 9 9 6 1 6 7
8
182 3 2 5 0 0 9 0 0 3 2 6 3 4 5 1 8 8 3 4 0
204 1 0 1 1 9 1 1 2 5 0 1 9 5 8 2 9 6 6 4 0
378 2 6 4 8 4 9 5 1 5 2 5 4 5 5 3 6 3 6 3 3
388 7 5 0 3 6 8 9 8 4 0 1 1 6 7 7 7 5 7 2 1
394 2 3 0 9 9 1 1 3 5 7 7 3 1 4 3 5 6 1 3 2
420 9 5 0 7 2 9 1 2 0 9 2 8 6 9 6 2 5 1 8 0
420 1 9 8 4 4 1 4 8 2 0 4 1 2 0 0 1 9 8 8 3
522 6 3 8 6 3 5 2 9 6 5 9 7 8 2 4 1 7 2 5 0
10
246 1 6 3 5 1 3 0 5 2 1 9 1 2 8 9 4 5 0 5 8
268 0 4 0 1 8 1 4 0 9 2 5 6 0 7 9 3 7 7 3 0
332 4 1 6 3 3 1 5 1 4 3 6 2 9 9 6 2 8 8 9 9
362 2 6 0 3 7 6 7 4 8 5 4 8 2 7 8 1 3 4 3 8
412 4 2 5 6 1 8 5 1 9 6 2 8 7 4 6 6 9 5 5 2
522 2 2 9 6 6 6 7 4 8 7 7 3 4 6 2 3 1 3 3 2
536 6 9 8 8 0 3 3 9 0 8 4 8 1 6 7 9 9 0 5 2
544 3 3 9 6 7 4 9 6 3 8 9 9 1 8 3 9 4 2 6 9
614 8 5 9 6 1 9 9 4 3 7 6 3 2 1 0 7 4 3 0 7
616 9 7 7 0 2 9 3 9 8 9 5 6 7 8 2 6 0 1 7 5
14
370 1 6 3 2 9 4 4 6 9 3 8 5 6 8 0 7 2 5 3 3
406 6 8 2 3 6 1 1 3 0 5 1 7 7 2 9 4 8 4 6 8
406 2 1 6 5 4 4 9 6 1 7 9 2 7 0 6 4 0 9 3 5
434 6 1 9 6 4 3 0 0 2 7 5 3 2 3 1 3 1 5 8 6
480 6 0 9 4 5 9 5 2 5 6 8 9 3 5 4 4 2 4 8 0
496 2 7 2 6 5 8 5 9 7 9 2 0 3 2 0 1 6 0 3 1
604 8 5 5 7 8 3 4 4 5 8 5 8 4 0 1 7 3 4 2 3
251 0 2 4 7 8 1 9 3 9 0 7 9 5 9 9 8 7 1 1 8
99 9 4 9 3 1 2 7 3 5 0 5 9 7 5 8 8 4 1 7 6
20 9 3 0 8 4 7 2 5 6 1 7 0 0 2 4 4 1 7 1 2
495 0 9 0 0 9 6 3 6 5 4 7 8 4 8 4 3 0 0 9 1
359 2 1 1 8 7 4 7 8 6 2 8 7 4 1 6 1 4 5 8 8
42 8 4 0 3 8 0 5 9 3 4 3 6 7 1 3 3 9 1 0 3
482 9 0 3 6 1 9 3 1 8 7 9 2 8 2 2 0 7 2 6 3
8
412 0 7 5 5 5 1 8 8 4 4 2 2 9 6 6 0 9 8 3 3
444 9 4 8 3 0 7 6 0 4 3 7 3 8 5 6 8 0 7 6 8
488 9 6 5 5 5 6 3 6 0 3 9 0 8 1 3 8 1 7 4 6
548 5 2 7 3 9 7 4 7 4 9 2 9 1 3 7 7 3 6 7 9
42 6 4 0 4 3 8 4 2 6 2 1 7 2 5 2 3 6 9 9 4
203 8 5 7 5 4 0 4 1 1 6 0 6 6 4 9 7 0 3 3 5
65 2 7 0 4 0 8 3 0 2 7 8 8 6 6 2 8 0 6 0 8
446 8 4 2 9 3 2 2 7 7 7 1 5 9 6 5 7 1 7 0 0
4
284 0 6 1 4 9 9 1 3 0 5 8 6 4 2 7 4 8 7 2 6
340 8 1 5 4 4 5 0 1 6 0 7 8 8 6 4 1 8 3 0 8
464 9 1 8 2 2 2 4 8 5 0 4 5 7 0 3 7 4 0 7 4
540 7 5 7 9 3 6 1 4 8 5 8 7 3 4 9 0 8 0 9 2
6
346 1 5 5 8 3 0 3 6 6 0 6 3 5 2 7 8 2 2 8 0
370 3 8 2 1 1 5 9 2 9 3 6 6 0 9 1 7 3 3 6 9
412 4 9 6 4 4 1 2 1 6 2 4 3 2 8 2 4 9 2 3 1
426 6 4 9 3 1 7 7 1 5 2 1 9 6 8 3 5 6 6 7 6
466 8 0 8 5 1 1 4 7 2 2 8 6 4 0 5 5 7 0 9 5
586 9 0 9 7 9 9 2 7 2 7 9 3 8 4 1 3 0 0 5 4
6
404 4 6 5 1 8 9 5 1 3 7 8 5 2 6 9 8 2 7 7 1
404 0 2 7 7 0 0 6 7 5 8 7 3 5 8 8 3 7 0 2 3
424 6 8 0 4 6 0 4 1 9 4 0 7 1 6 8 4 6 1 2 2
458 7 3 1 4 5 6 8 4 2 9 7 0 8 9 9 9 9 3 8 7
488 8 8 8 5 7 9 3 2 6 0 4 5 2 2 3 1 5 3 1 7
554 8 3 8 3 1 1 4 9 2 9 6 3 6 9 1 4 6 8 7 0
9
258 3 4 4 8 1 5 2 1 2 1 4 2 0 6 1 9 5 5 7 4
364 1 5 3 7 7 2 2 5 8 1 1 5 7 3 0 0 8 3 3 7
366 9 4 2 0 4 3 0 3 0 7 1 9 3 1 0 0 9 8 9 9
438 4 0 2 7 9 3 1 3 8 7 1 4 1 1 2 3 1 7 8 0
458 8 5 1 4 4 9 7 1 4 8 4 1 5 1 5 6 3 5 1 6
474 3 5 4 6 5 8 2 9 6 8 5 3 5 8 6 6 0 5 6 0
486 9 6 2 5 1 6 9 5 6 5 6 7 6 7 9 8 2 2 7 2
516 3 5 8 0 5 9 9 0 7 9 2 1 4 0 4 9 6 7 6 9
524 7 4 9 7 3 4 3 4 5 5 6 1 2 1 2 0 9 2 7 8
3
450 6 5 8 5 8 0 6 0 4 1 3 5 2 3 6 2 5 8 0 0
452 8 1 2 2 9 5 8 2 7 3 3 3 4 3 0 5 1 7 1 0
524 7 3 6 5 9 8 4 3 4 7 3 3 5 7 5 5 8 9 5 6
8
286 4 5 2 0 4 2 5 0 2 3 8 4 8 3 2 1 1 3 3 1
316 0 8 0 4 5 9 0 8 6 2 8 6 5 1 8 0 4 6 3 6
382 6 5 2 3 4 4 5 2 6 3 1 6 1 0 1 9 9 3 4 7
462 7 9 9 3 3 4 5 4 1 0 7 4 3 5 0 6 8 1 9 1
472 2 4 3 7 7 8 8 3 8 5 2 7 0 7 0 8 9 6 4 4
526 5 4 7 6 6 6 0 6 2 9 2 8 1 4 8 4 5 7 7 1
552 6 6 9 2 2 5 6 4 6 7 7 6 5 0 4 5 6 2 6 7
558 8 3 8 7 9 1 5 5 2 6 4 0 6 4 9 8 2 0 4 9
2
424 1 0 9 7 2 7 3 7 5 7 7 7 6 3 7 2 8 5 2 9
382 8 6 2 2 4 1 5 2 8 1 3 7 5 2 5 9 3 0 0 0
18
310 3 1 3 7 2 8 1 9 7 0 7 6 0 5 0 0 2 2 9 6
396 3 7 2 9 5 6 2 0 8 4 1 7 0 5 1 1 2 4 2 3
434 6 1 8 4 0 8 4 5 6 3 9 9 0 3 4 2 8 4 2 8
448 3 5 3 9 2 8 4 5 7 9 3 2 6 5 7 7 5 1 9 6
454 6 6 7 6 9 0 3 1 4 3 9 2 4 9 0 7 3 2 3 5
466 4 2 3 9 5 2 6 7 1 8 8 2 6 8 6 0 0 4 7 5
488 3 4 9 1 9 0 3 2 8 6 5 2 7 1 8 6 8 5 7 0
494 9 3 6 0 7 7 4 8 9 1 2 6 4 8 7 4 5 0 9 9
494 5 7 5 3 7 7 7 9 7 2 7 7 1 3 7 9 6 8 6 3
463 1 5 2 2 5 8 3 1 5 5 5 3 1 3 2 6 8 3 7 9
10 4 1 4 1 2 2 1 8 5 6 9 2 8 2 0 8 7 1 3 2
476 8 3 9 1 1 9 6 8 9 8 4 2 4 8 4 6 1 3 1 8
154 6 8 6 6 7 5 9 2 7 5 3 3 6 4 6 5 2 7 6 0
101 8 5 1 5 1 3 8 5 3 2 1 1 1 7 0 6 6 3 6 3
286 1 1 2 7 8 4 6 5 4 8 5 1 1 0 3 4 0 8 7 5
331 1 8 0 1 6 8 4 4 1 2 5 2 6 5 0 2 1 7 9 1
173 0 3 5 3 9 8 3 7 3 4 8 3 4 1 9 2 8 4 5 0
131 7 9 8 0 1 0 9 0 3 4 1 6 0 6 6 0 0 5 5 4
8
420 2 3 6 8 6 9 8 2 5 3 8 1 6 7 3 4 3 9 7 7
462 4 3 8 4 3 3 6 1 9 4 8 6 5 0 7 7 2 8 1 6
484 8 2 6 7 4 8 0 3 4 8 9 9 8 5 5 8 5 2 3 2
588 9 9 0 5 8 8 8 6 5 8 7 3 3 6 3 8 0 6 9 7
425 8 3 3 0 1 0 2 9 1 1 0 1 9 7 8 0 5 3 5 7
450 9 2 6 2 2 9 0 2 6 6 2 2 1 2 3 1 7 4 3 0
46 6 1 3 6 1 8 9 9 7 0 8 1 8 2 4 7 4 6 6 2
308 8 3 2 3 5 1 9 0 1 5 6 3 8 2 6 9 4 5 8 4
8
224 1 3 7 0 0 6 3 3 1 0 0 4 9 6 4 4 2 0 6 2
320 0 2 2 3 7 3 5 2 8 6 0 0 6 3 5 0 2 7 1 9
350 8 2 1 1 1 6 1 8 0 8 3 6 9 7 3 8 1 0 9 7
378 0 1 4 8 7 1 4 3 6 5 6 9 4 7 5 8 1 9 0 8
43 0 0 9 5 7 9 9 4 3 8 7 9 7 6 4 8 0 5 7 7
443 8 3 0 3 1 2 4 3 2 7 3 2 6 0 1 8 9 5 3 9
74 2 7 0 7 5 2 4 4 2 7 2 5 9 5 7 1 9 0 5 8
136 9 4 8 0 4 8 5 7 7 9 2 6 2 1 3 4 5 7 6 2
4
432 0 2 9 1 3 1 8 7 8 4 4 1 6 1 5 7 3 2 7 1
490 9 4 1 2 8 4 7 1 5 7 2 4 0 4 8 0 0 8 9 1
310 6 3 1 1 0 6 9 8 0 0 2 3 9 5 0 8 1 3 6 4
37 0 6 1 0 6 1 8 8 5 8 4 0 1 7 0 9 6 1 9 9
4
406 6 0 7 0 6 8 6 1 9 3 5 0 1 5 0 4 8 8 8 5
418 1 3 1 6 7 8 9 7 4 7 0 7 7 1 3 0 1 1 5 2
277 6 3 5 8 3 3 9 4 4 7 9 6 8 5 7 4 5 7 4 3
408 1 2 1 7 2 2 8 0 4 8 8 0 5 6 3 0 8 9 5 5
10
236 2 2 0 3 0 6 7 2 0 3 3 5 6 0 1 1 8 5 4 8
328 1 1 4 6 1 8 2 8 7 1 7 8 9 6 1 1 4 3 8 4
362 0 5 9 0 8 8 0 0 2 8 1 8 1 9 3 2 9 2 9 6
382 1 7 3 6 2 8 6 1 6 8 1 2 3 9 5 4 1 5 0 7
456 8 4 4 3 4 7 9 2 4 2 3 9 6 2 5 9 5 1 4 3
468 7 1 9 6 6 3 8 9 2 4 2 7 8 2 2 2 5 7 4 2
252 5 0 6 2 1 1 4 5 7 4 2 0 3 1 7 9 9 6 1 5
78 0 5 0 2 0 5 1 4 0 3 2 2 1 4 4 3 0 1 0 4
226 0 0 7 7 9 8 5 2 5 4 3 1 6 5 1 4 9 7 4 4
309 8 6 4 4 9 4 6 1 1 2 3 1 1 3 0 1 8 2 8 4
6
388 0 6 5 5 2 4 5 5 8 5 9 1 3 0 5 2 0 1 8 9
402 5 5 0 1 8 9 6 2 7 5 9 4 5 4 5 2 2 6 3 6
410 6 9 4 5 6 8 0 7 1 2 2 4 9 5 4 2 3 8 0 0
56 0 1 9 2 8 3 2 1 1 4 0 6 9 6 3 1 0 0 6 6
144 0 5 9 6 9 4 5 0 4 1 0 7 2 4 5 5 9 6 8 3
239 6 4 7 0 8 8 2 4 6 6 7 4 7 3 3 1 0 3 8 3
14
346 3 1 4 5 1 0 8 7 5 3 5 7 2 3 2 1 1 3 6 0
354 2 1 3 8 2 7 5 4 9 3 9 0 0 9 0 0 1 5 6 9
382 7 3 8 3 0 2 4 1 6 1 4 2 6 9 6 0 2 1 8 5
418 3 3 7 6 6 6 4 3 1 5 9 5 3 1 8 7 2 2 0 8
434 3 7 7 5 9 7 1 1 1 5 4 2 0 4 3 1 6 5 8 3
444 2 4 5 6 8 5 8 4 2 4 6 4 7 3 3 5 5 5 7 3
668 8 4 8 9 6 4 9 6 1 8 3 8 0 6 9 1 5 3 3 8
203 7 0 3 2 3 6 8 0 6 3 9 0 3 4 4 8 9 1 7 2
44 5 4 2 4 5 8 9 8 8 2 6 0 8 0 5 6 0 8 3 4
117 5 7 1 1 7 0 3 5 4 7 0 8 2 5 4 2 6 2 0 9
400 2 7 0 7 3 1 5 8 7 4 4 6 5 7 3 7 0 8 1 0
299 2 2 6 8 4 2 2 6 3 3 8 0 5 7 6 6 3 6 5 9
92 1 5 0 5 2 0 3 6 2 4 0 6 0 8 0 5 0 8 8 3
18 1 9 6 9 7 1 7 3 0 0 4 7 0 1 0 2 7 8 5 1
10
156 0 0 2 5 1 4 5 1 1 2 3 4 8 4 1 8 4 1 4 3
232 2 5 0 0 8 4 5 2 4 0 2 5 9 3 2 2 1 7 2 1
346 4 5 8 2 4 2 4 0 2 1 4 0 3 5 2 7 4 0 4 6
350 2 8 3 2 3 2 8 9 0 2 0 8 2 8 4 3 8 8 4 2
390 8 1 1 2 7 3 4 2 6 6 1 9 7 2 2 2 4 3 1 7
402 7 6 4 1 1 7 4 1 2 5 6 5 9 1 3 1 9 7 3 3
428 7 4 2 4 4 3 1 1 9 8 5 5 1 7 3 5 0 1 4 7
498 8 0 7 2 7 1 6 1 7 6 6 7 6 5 2 0 7 6 6 1
500 7 5 8 3 0 5 8 6 0 8 5 2 6 4 6 1 7 5 1 0
654 6 9 9 8 8 8 8 6 6 5 8 6 7 2 4 0 9 6 4 5
4
352 7 4 2 3 4 6 2 1 4 2 2 3 1 7 7 2 7 3 0 8
352 2 2 7 5 1 6 0 3 1 6 1 2 6 7 8 0 5 5 1 7
376 7 5 8 3 7 7 0 3 5 5 5 0 9 5 7 3 2 0 3 2
331 7 0 1 8 0 6 3 1 5 1 1 0 9 4 0 9 6 3 6 4
14
310 0 5 9 2 4 4 2 0 1 5 6 5 6 3 8 8 3 3 2 7
314 3 6 1 4 9 6 0 4 3 2 2 2 0 0 3 6 6 6 1 7
340 2 8 5 8 1 4 1 1 2 6 7 4 9 2 4 0 0 7 6 4
420 4 3 5 9 8 1 6 2 7 1 8 2 9 4 7 9 4 2 2 6
438 6 5 3 2 6 1 6 1 1 8 1 7 9 1 7 2 7 5 8 1
514 9 0 0 7 9 6 4 9 7 4 5 8 5 4 0 9 6 2 8 4
574 8 6 6 5 6 5 9 6 4 3 9 9 8 8 3 5 0 8 7 4
26 9 1 5 0 1 9 0 6 0 3 1 8 8 7 0 9 5 2 9 1
341 8 9 2 2 6 4 2 6 8 0 5 0 6 7 3 7 9 9 7 2
293 7 2 2 7 3 8 2 3 9 5 1 1 7 5 7 3 7 3 2 0
270 4 6 0 7 5 9 8 5 4 1 2 8 4 2 2 4 4 5 5 9
106 6 9 2 4 2 1 9 6 1 0 0 9 0 9 5 1 8 0 7 1
334 6 7 6 8 1 0 3 7 2 1 3 3 3 9 7 7 9 4 8 9
66 0 1 6 7 4 6 9 2 7 3 0 7 0 8 8 2 3 7 4 6
20
252 1 5 3 6 0 1 1 2 7 0 7 2 2 7 9 3 1 9 4 7
306 3 3 1 5 6 4 4 7 0 0 1 7 5 8 2 3 7 6 3 1
320 4 1 1 4 0 9 2 7 4 7 6 0 3 6 8 5 1 8 2 7
382 0 4 5 1 9 6 9 7 0 3 1 1 9 5 8 0 1 9 0 5
402 6 1 2 5 1 1 6 2 8 8 9 1 5 4 0 7 0 9 3 3
416 5 0 3 7 2 9 8 6 1 6 2 1 3 5 7 3 3 8 1 5
454 1 4 7 7 3 8 5 1 7 7 5 4 6 7 2 5 7 5 6 9
458 1 5 9 2 8 9 2 8 0 5 0 5 1 7 2 3 4 2 4 9
512 6 9 3 9 1 5 5 0 7 7 5 7 0 0 4 9 3 7 7 5
586 9 8 9 7 6 2 2 3 4 4 2 5 1 1 4 3 8 1 8 4
401 1 2 4 0 4 9 5 8 3 6 5 2 7 5 7 6 8 4 6 5
499 3 7 0 7 2 8 0 3 4 3 6 6 7 6 2 8 3 0 2 0
157 6 9 2 3 7 3 0 5 8 9 8 7 9 7 2 9 8 7 3 1
385 0 1 3 4 1 9 5 5 9 2 2 0 7 5 7 0 5 5 0 4
233 0 5 3 4 6 1 1 2 4 8 4 7 1 8 9 0 5 4 1 8
278 1 7 4 1 9 1 6 1 8 1 1 5 4 5 2 7 8 6 4 6
130 1 8 8 2 0 4 9 2 4 7 5 3 3 8 2 5 6 3 3 8
37 0 4 4 4 4 3 0 8 1 2 1 1 3 6 2 9 5 6 5 4
11 8 8 2 2 3 8 7 8 6 4 0 3 9 5 7 4 7 5 5 0
98 7 3 4 1 2 9 7 7 6 0 7 4 2 9 9 1 8 9 9 3
18
246 3 0 3 1 2 7 1 3 7 0 2 4 6 9 0 4 6 5 4 7
322 4 8 2 2 5 4 1 0 9 2 4 9 1 5 3 3 2 0 9 3
380 2 6 1 6 2 5 9 6 8 0 9 5 7 0 4 8 8 3 8 3
382 3 5 3 1 9 7 5 8 5 0 2 0 7 9 2 9 5 0 5 9
384 5 5 3 0 4 7 5 8 9 0 7 9 0 1 5 3 4 9 5 5
410 3 0 5 6 2 8 6 7 5 6 4 4 0 2 4 4 0 4 9 0
466 9 8 6 0 7 4 0 0 2 8 8 3 1 7 4 5 7 9 5 4
488 4 4 7 0 9 6 7 9 1 6 0 5 3 0 6 0 3 0 2 8
526 4 8 5 5 4 7 7 3 6 7 7 6 4 7 0 8 3 3 5 2
203 3 7 6 0 2 1 9 1 9 3 4 4 9 4 0 1 8 2 3 8
349 2 3 8 2 3 3 5 8 7 1 3 4 7 6 6 9 5 0 0 9
204 4 8 0 6 1 0 8 5 9 9 7 4 9 1 7 4 9 8 1 0
151 5 7 7 4 8 3 6 8 4 2 4 4 2 0 5 3 0 2 4 1
159 8 0 3 5 6 2 5 7 2 7 5 9 6 9 0 1 7 0 7 9
65 1 1 7 9 6 8 1 0 1 3 8 4 6 6 0 0 1 8 2 0
43 3 9 4 3 0 3 4 8 2 1 1 5 8 2 4 8 4 4 2 9
445 6 7 3 6 7 6 6 1 7 1 6 6 7 0 8 0 6 6 4 9
420 2 9 2 6 8 8 2 2 7 9 8 6 2 6 5 9 3 8 8 6
4
352 1 1 8 4 4 6 1 4 8 2 6 4 7 4 4 5 3 1 4 3
468 4 8 6 7 5 3 1 9 3 1 3 3 5 1 3 4 5 5 3 5
395 2 7 2 7 8 7 8 6 3 3 2 7 0 9 4 5 2 7 9 5
12 4 2 3 0 8 0 5 4 5 1 6 5 5 5 5 2 3 4 7 6
5
366 5 6 2 2 0 5 5 0 6 9 5 8 7 1 3 9 8 4 6 0
382 5 2 9 2 2 9 1 7 7 1 1 9 5 1 7 5 8 3 3 1
456 0 7 4 4 6 0 9 7 5 4 9 0 6 5 5 0 0 9 8 9
496 9 9 5 4 0 2 7 2 4 4 8 5 7 5 6 3 7 6 9 5
544 8 5 7 9 8 8 1 0 9 4 8 2 4 5 3 4 2 4 7 5
10
402 9 8 7 2 4 9 2 0 0 1 9 7 4 6 3 4 6 4 2 7
470 8 7 1 9 2 4 5 8 4 1 2 7 7 0 5 2 9 3 1 4
476 7 9 2 6 4 2 5 2 8 3 1 4 1 6 9 5 1 3 4 6
526 8 7 1 8 8 8 6 1 6 5 1 3 6 5 1 9 9 8 3 4
548 8 4 5 6 0 7 7 9 3 9 7 8 3 4 0 9 6 9 2 0
103 6 6 4 4 5 1 5 1 8 4 2 3 0 7 5 1 8 5 6 2
12 4 6 7 4 7 5 3 1 5 9 9 1 5 4 9 7 9 2 5 5
326 8 7 5 5 8 3 0 5 8 3 9 6 2 6 5 9 1 6 5 0
296 8 6 0 9 5 1 1 2 9 7 0 6 4 8 5 8 8 0 8 3
41 4 7 9 9 7 1 7 4 3 3 2 1 5 4 6 9 5 8 8 5
2
520 9 4 9 4 0 6 4 0 9 4 6 9 9 1 9 9 3 7 5 7
293 2 6 2 1 9 2 5 3 5 0 6 3 4 3 4 1 3 4 8 6
9
228 0 1 1 6 4 7 6 0 5 3 0 7 4 9 9 9 9 4 6 4
274 3 0 5 3 1 3 1 7 4 0 8 5 7 0 6 1 7 1 6 7
330 5 1 4 1 3 7 8 1 1 4 8 1 3 3 5 7 8 1 5 7
346 2 5 3 2 9 4 1 5 1 7 2 5 4 8 7 5 7 8 9 6
372 1 7 4 4 0 8 7 0 2 9 2 8 3 1 0 9 2 7 3 1
396 1 3 4 9 5 7 6 6 2 6 7 1 2 0 6 0 7 6 1 5
424 7 7 4 7 5 1 0 5 2 0 3 5 2 0 5 1 5 3 9 5
446 8 7 3 1 8 2 0 4 4 4 1 2 5 6 5 5 7 8 2 0
544 7 6 2 0 7 2 5 9 6 8 9 9 3 3 2 9 5 1 6 9
10
362 6 7 0 2 3 4 7 5 3 3 1 6 1 1 2 2 7 7 4 2
364 0 1 9 0 8 1 8 1 3 6 0 8 9 6 3 4 3 3 8 4
390 0 9 9 0 5 3 0 1 9 4 4 0 7 8 4 9 5 5 7 4
402 0 6 8 4 0 2 4 9 4 2 6 8 3 7 0 5 1 9 4 7
428 2 3 8 0 6 7 2 7 3 6 3 4 5 2 0 1 8 3 4 6
456 1 8 6 6 4 1 5 7 7 6 7 9 8 7 9 2 8 4 0 5
482 8 2 0 2 9 0 8 5 4 9 1 6 5 4 5 7 1 8 6 5
486 7 5 3 9 2 2 7 2 8 4 6 9 9 3 3 9 4 1 4 1
510 4 7 3 6 2 9 6 6 8 9 0 4 0 8 1 9 3 9 5 3
548 7 4 6 7 5 8 4 7 0 7 6 8 1 3 2 8 1 3 6 9
6
222 0 3 0 3 5 7 3 4 6 0 4 9 9 8 4 0 4 6 5 5
366 3 5 1 9 0 2 1 5 8 6 8 9 7 8 2 6 1 1 4 6
374 4 0 5 3 9 4 0 3 4 6 9 2 7 2 7 5 5 0 4 5
506 7 1 9 1 4 0 8 6 2 5 1 8 4 2 6 0 3 3 6 8
518 7 9 6 9 4 7 3 6 1 2 8 6 7 6 5 9 4 6 2 0
548 8 9 2 9 2 0 9 9 4 2 3 3 3 2 5 0 0 1 2 4
4
366 2 7 1 3 5 4 9 7 1 2 5 2 2 8 1 2 1 4 1 1
432 3 2 5 4 5 5 6 9 3 4 4 7 0 0 4 9 7 1 3 7
438 6 0 6 2 3 9 8 9 5 3 6 6 0 0 3 2 0 6 7 4
468 0 3 9 5 6 0 5 8 1 7 4 2 9 8 2 2 3 3 8 6
6
314 3 5 5 9 0 6 0 1 3 0 2 5 6 5 0 5 2 1 0 9
400 3 3 4 4 8 2 0 1 2 9 9 8 2 9 4 6 0 2 3 6
406 2 6 2 9 3 4 1 8 0 8 9 8 7 9 0 1 2 6 9 0
456 7 6 3 1 8 8 4 5 3 3 2 4 6 9 9 6 6 3 9 7
480 9 7 5 0 1 9 9 2 7 2 4 0 7 8 9 1 5 1 6 0
626 9 8 9 8 6 2 5 3 6 6 0 5 8 9 4 1 3 9 7 2
6
442 2 9 7 4 6 8 6 1 1 4 9 8 7 0 7 5 7 2 6 6
492 9 9 7 8 3 9 4 4 2 1 7 6 5 5 8 9 2 1 5 5
492 3 7 9 6 1 0 1 8 9 5 3 0 3 3 6 6 6 5 3 0
317 5 9 4 7 8 2 6 1 8 4 0 7 0 7 5 9 2 6 4 7
392 6 2 5 4 9 3 0 4 5 9 9 4 5 7 5 7 5 8 8 0
228 5 0 7 2 1 9 0 5 6 2 3 9 9 7 8 2 9 4 8 0
6
310 0 2 1 4 5 4 2 9 9 3 4 6 3 1 5 8 9 3 8 9
350 3 1 5 5 7 7 8 3 1 2 0 0 7 2 1 6 5 8 5 7
410 8 8 4 9 0 6 1 4 1 1 1 6 7 1 6 1 0 0 1 1
420 2 5 3 2 7 1 6 9 4 7 4 8 9 9 9 6 0 9 2 0
428 4 1 3 7 8 9 4 8 6 1 8 2 1 7 7 4 6 2 3 1
470 3 9 8 2 6 8 4 7 1 2 1 6 9 0 7 5 2 0 5 5
16
328 3 5 3 2 2 7 1 8 7 4 2 3 4 3 3 0 3 4 2 6
376 3 0 0 8 2 3 9 1 4 8 4 5 7 2 4 1 8 8 6 1
434 6 6 3 3 2 0 7 9 6 2 9 3 0 0 0 7 4 2 2 9
438 5 3 5 0 5 9 7 7 2 7 5 6 3 9 0 8 0 5 2 4
448 8 0 6 1 3 5 8 5 7 2 1 6 9 0 0 5 4 8 3 0
502 8 2 9 0 2 8 6 2 1 8 1 5 3 3 5 6 0 9 8 3
546 9 9 3 5 8 2 8 5 3 2 0 6 1 3 5 3 3 7 9 5
588 7 8 8 5 6 9 5 5 3 8 2 2 4 3 3 4 1 7 5 4
187 6 1 3 0 6 9 2 7 9 7 0 5 9 3 3 2 9 2 3 4
236 6 0 2 1 5 3 8 2 9 7 0 1 0 2 9 1 5 9 1 2
369 8 3 4 3 6 3 6 1 0 4 9 0 6 0 7 1 0 9 1 8
20 4 0 4 5 4 9 4 5 2 5 5 7 0 9 5 5 7 7 5 1
48 8 0 9 5 1 1 7 4 1 9 8 2 3 6 6 3 0 3 7 8
490 4 8 9 0 5 8 9 1 2 7 9 2 8 6 5 0 3 0 1 2
210 5 6 6 1 1 9 6 0 7 7 4 7 8 6 2 9 5 5 1 5
364 5 3 1 0 3 6 2 7 9 3 2 7 1 6 0 2 4 0 1 1
2
368 7 4 9 1 0 0 0 0 6 2 8 2 3 3 1 0 0 4 7 7
378 9 6 0 9 0 9 3 0 0 7 9 1 8 1 6 6 4 5 5 9
6
346 4 2 4 3 5 4 3 7 6 2 4 0 6 4 3 0 6 6 4 3
406 6 9 0 7 5 1 6 8 0 2 7 8 8 0 9 0 2 5 8 9
416 5 1 1 5 4 7 7 4 2 7 4 1 7 7 9 6 1 5 3 0
444 9 1 2 7 3 6 1 6 0 8 5 8 3 3 4 8 3 3 4 9
484 5 9 0 6 5 4 4 5 9 8 6 1 7 6 3 8 6 6 3 6
548 8 6 4 3 6 3 6 5 6 6 5 9 9 5 7 1 1 0 8 4
18
308 7 1 0 3 4 1 4 0 7 4 3 4 8 8 1 6 3 4 2 3
320 4 2 5 4 0 3 0 6 5 4 2 6 0 8 9 1 6 7 4 5
334 1 2 0 4 2 9 6 4 6 7 5 4 4 0 3 5 3 5 3 9
370 0 9 7 6 3 3 4 1 2 6 8 8 6 6 6 7 4 0 3 7
414 2 2 9 7 0 0 4 6 9 1 5 5 3 7 5 4 8 1 2 3
448 8 7 0 8 3 3 3 7 0 4 6 7 9 3 9 4 8 4 9 2
472 7 2 8 9 4 6 8 2 0 0 5 8 2 1 6 9 0 1 1 5
530 4 8 9 4 5 9 3 5 4 8 8 6 0 3 3 7 7 2 9 1
574 9 0 8 3 8 9 6 6 0 9 7 7 0 8 0 1 2 1 5 1
163 3 1 5 4 8 6 7 9 9 2 9 5 5 2 1 2 1 5 3 3
292 1 5 0 3 7 4 4 4 5 9 7 9 7 4 7 3 1 8 3 5
217 0 0 9 1 3 2 8 6 7 0 9 3 2 3 2 8 7 8 6 7
318 5 4 4 4 9 5 2 4 2 9 5 3 0 8 6 2 7 4 0 9
24 5 4 7 9 2 6 7 0 5 5 5 9 9 9 1 6 1 5 9 2
352 4 2 1 2 5 0 6 7 9 2 2 5 9 1 0 8 0 0 3 8
128 3 9 7 6 6 1 1 7 3 6 3 8 7 5 3 9 1 0 0 4
234 6 5 5 6 3 7 8 7 5 6 2 5 6 0 3 9 1 0 2 7
173 2 6 0 5 7 1 7 8 7 3 4 5 8 2 8 8 2 7 3 9
4
446 6 3 5 4 7 2 8 6 3 1 8 7 1 1 6 5 3 0 4 8
468 7 2 4 4 8 0 7 3 3 5 3 3 8 0 0 2 8 8 9 1
44 6 2 8 7 0 1 4 5 2 8 4 9 9 5 5 4 9 7 9 9
240 2 8 1 4 0 1 3 1 4 7 8 8 6 5 0 9 1 6 1 9
7
246 3 3 1 0 2 8 2 8 8 0 0 9 7 7 5 8 4 6 8 7
306 3 0 0 7 5 5 1 6 5 3 0 6 8 5 8 1 8 1 5 7
408 7 3 1 3 3 7 0 9 8 3 9 6 5 6 6 4 8 2 7 9
432 7 2 2 7 1 3 3 2 8 8 4 7 0 4 6 6 2 3 4 0
438 4 6 6 5 8 0 7 5 1 1 0 5 8 8 2 8 9 2 0 6
456 4 3 0 7 9 2 5 9 1 6 9 9 2 7 8 9 1 8 3 1
470 6 9 9 9 2 0 1 2 3 1 7 0 0 8 4 7 6 8 0 0
20
322 3 0 3 6 0 1 1 3 4 9 0 7 9 0 1 8 1 3 8 7
328 1 8 4 1 9 9 9 4 0 0 5 9 2 2 9 3 5 7 8 6
368 4 2 7 2 2 2 4 9 1 4 7 8 7 7 4 4 3 3 6 5
394 9 5 1 4 2 6 1 5 2 5 4 8 5 3 8 6 3 1 0 3
452 5 4 8 6 0 3 7 0 2 8 8 5 5 2 9 4 5 4 4 4
492 3 2 8 4 6 6 0 4 7 9 3 1 4 0 8 9 6 3 2 2
502 7 0 5 7 2 7 4 3 9 8 0 6 2 5 1 2 4 5 3 4
514 3 5 6 6 8 2 4 3 8 6 0 3 1 5 6 2 2 3 6 6
544 4 7 9 6 8 9 4 3 5 8 7 9 7 4 1 7 3 7 0 7
562 5 4 8 3 8 3 4 6 7 6 1 0 3 3 6 4 5 2 1 8
116 2 2 9 9 0 1 1 3 9 7 3 1 6 7 2 3 2 2 3 9
33 6 2 9 4 8 6 6 0 7 4 4 1 3 3 1 6 5 6 7 2
499 8 9 8 3 2 0 5 8 9 8 4 3 9 0 2 8 6 4 5 0
328 6 5 3 9 1 8 7 0 3 7 9 4 7 2 8 8 9 6 9 9
252 3 9 2 7 7 8 1 4 0 1 2 5 4 1 8 5 8 9 8 7
398 2 5 2 0 5 1 9 4 0 1 9 1 6 6 0 6 9 4 7 2
196 2 7 9 1 2 0 2 2 9 2 4 4 4 6 1 7 5 8 9 9
409 1 5 6 1 3 7 6 0 0 4 5 9 4 8 3 4 0 7 3 2
53 0 8 9 3 5 7 1 4 6 1 7 3 9 1 6 8 9 9 0 3
174 9 7 2 4 3 4 1 9 6 4 1 4 6 4 1 3 8 5 1 9
12
286 0 2 4 3 6 2 3 4 1 3 6 0 6 2 0 5 3 1 0 9
386 4 6 2 3 5 8 8 9 0 3 2 0 1 7 3 5 0 4 3 7
418 5 8 5 0 0 4 9 2 9 5 5 7 3 2 8 8 0 6 9 1
468 4 8 7 4 3 6 0 4 4 9 3 5 3 9 9 3 6 5 4 8
548 6 9 8 8 7 2 1 4 1 4 4 7 8 6 6 4 3 6 8 7
578 7 7 9 6 8 8 1 9 2 3 5 6 6 0 8 7 8 8 3 9
151 6 4 4 7 6 7 5 1 2 3 5 9 2 3 7 6 9 3 6 8
101 2 4 1 0 1 0 0 6 9 1 4 6 5 3 4 5 0 7 7 4
464 8 8 8 5 6 9 0 2 7 1 7 3 3 9 7 5 2 5 4 3
250 2 1 5 8 8 6 5 5 0 0 5 0 0 0 6 9 2 0 8 6
67 3 9 7 0 6 1 8 2 4 8 5 7 5 3 5 1 1 2 3 1
57 5 3 9 1 4 4 2 4 0 1 7 1 0 0 7 1 8 9 8 8
10
318 0 9 0 3 3 8 3 8 3 5 7 3 0 3 7 1 7 2 4 5
354 8 1 0 9 8 0 1 3 2 0 8 9 6 9 3 0 3 7 0 7
392 2 6 3 9 0 9 2 7 0 6 4 1 7 4 8 9 4 0 9 2
400 6 4 2 2 8 9 1 9 2 4 4 6 6 6 1 5 9 9 7 5
400 5 6 9 9 1 2 0 1 0 1 6 5 4 2 7 7 5 2 6 7
432 5 1 7 7 5 7 0 5 9 3 9 3 1 7 9 1 8 4 1 9
434 2 7 9 2 1 0 2 8 2 8 6 8 5 4 4 7 1 4 6 9
438 0 9 5 9 4 2 8 7 5 0 1 4 6 6 6 3 5 3 6 2
450 0 0 5 6 8 2 7 8 9 4 1 7 5 2 4 6 3 4 0 5
568 5 7 9 6 3 1 2 7 9 8 3 9 3 1 3 9 8 7 5 6
9
354 7 0 8 3 1 0 5 0 2 1 7 0 2 3 8 8 8 2 6 2
368 4 3 1 8 1 5 5 3 3 7 5 3 9 7 0 6 2 4 6 9
368 0 3 5 0 9 7 7 4 8 1 0 7 4 1 3 4 1 0 9 9
420 2 6 6 0 4 7 6 6 3 5 6 8 1 0 1 9 0 2 3 8
424 8 4 1 1 6 1 7 0 5 6 6 8 2 6 7 4 4 0 0 0
428 9 8 5 4 2 1 5 1 0 2 9 0 8 4 3 1 0 6 3 1
440 8 4 6 0 4 0 1 9 4 2 5 9 0 6 1 3 8 4 5 3
506 8 8 5 5 6 1 9 5 2 0 2 4 4 4 2 1 8 6 3 9
510 1 3 8 2 6 5 8 3 9 9 8 3 1 8 9 7 1 1 3 4
6
348 2 0 1 1 5 6 8 2 9 7 9 5 2 7 7 6 5 3 3 1
398 0 6 2 9 1 7 7 9 6 6 5 9 5 0 1 6 0 7 0 1
442 1 4 3 9 9 9 9 7 3 5 6 5 5 6 6 2 8 7 5 2
448 6 3 8 1 6 5 1 8 4 5 9 6 8 4 4 7 2 1 0 7
476 7 7 7 8 6 2 0 6 7 0 2 5 7 7 7 0 6 0 8 6
594 6 6 7 9 8 9 9 0 5 9 3 6 3 8 2 9 2 0 6 0
8
460 5 4 7 8 4 8 5 3 4 1 7 6 5 3 2 2 5 4 4 3
476 5 3 3 9 9 1 3 2 7 6 8 1 2 8 9 2 4 1 2 2
510 7 2 5 4 8 8 7 8 8 2 4 0 5 5 3 6 7 5 4 9
536 7 7 9 6 9 1 2 0 3 3 2 1 6 7 5 8 1 2 4 5
107 5 9 9 3 8 4 9 1 6 3 7 7 0 2 2 6 2 9 0 1
492 3 9 1 0 0 3 3 4 0 0 9 9 2 4 9 6 3 2 4 8
410 3 8 4 5 4 6 7 6 0 1 0 1 2 2 1 7 5 6 0 8
47 9 0 4 1 8 9 3 2 8 5 6 6 0 3 3 8 0 9 8 3
8
296 0 2 1 9 9 7 1 2 6 5 0 6 4 1 5 9 9 5 9 9
366 0 7 4 3 8 9 2 2 4 9 7 9 5 8 7 4 3 2 2 9
418 3 6 7 8 3 0 8 2 7 0 8 1 9 3 4 7 6 5 8 9
480 4 4 9 0 9 3 2 7 8 5 7 0 7 3 3 3 4 5 0 4
426 7 3 1 7 3 5 3 5 0 2 5 3 3 0 9 2 6 4 2 8
253 2 5 6 8 0 1 3 3 5 9 2 0 0 0 5 7 5 2 9 7
427 2 2 0 1 4 6 8 7 6 1 1 2 8 9 4 9 2 9 6 3
172 8 3 4 4 3 9 6 2 8 6 7 0 8 8 6 4 6 5 1 0
8
226 7 0 1 1 2 4 2 2 3 2 5 8 6 1 9 1 1 5 4 3
268 1 0 2 6 1 8 9 5 1 0 3 0 9 9 3 8 8 7 6 6
488 9 5 3 6 2 6 2 1 8 9 4 6 4 5 2 0 3 8 1 3
500 7 5 4 3 5 8 7 3 1 7 7 8 3 5 2 2 6 3 9 3
348 5 3 7 4 8 7 4 7 3 0 2 1 4 9 5 7 4 3 8 8
72 9 3 8 1 6 6 6 5 9 6 0 2 5 7 2 2 1 0 7 4
224 8 0 3 3 7 9 9 8 7 1 7 1 1 0 9 8 8 6 7 6
247 2 3 6 4 7 9 6 4 3 0 2 6 5 7 3 5 6 1 4 8
2
378 3 2 8 5 1 5 3 6 3 2 7 9 2 8 9 2 5 7 8 4
502 2 3 8 3 8 1 5 9 5 7 9 3 0 5 0 9 4 4 5 4
5
224 1 1 6 5 2 3 2 1 3 1 1 2 6 6 9 2 8 5 2 0
362 1 8 2 3 0 2 0 7 8 7 3 4 3 1 3 7 6 2 6 2
440 1 9 6 1 9 8 4 0 3 7 1 1 2 9 2 4 3 8 1 9
552 8 8 5 0 4 0 8 8 0 8 7 2 1 3 0 2 7 8 8 2
568 0 9 8 5 9 2 7 4 7 8 1 3 8 6 6 1 3 5 6 1
10
340 6 2 3 1 3 0 2 2 4 7 7 3 0 8 5 6 1 3 7 1
352 4 5 7 5 4 7 0 6 2 1 2 1 4 7 1 9 5 2 7 9
388 3 8 4 0 7 2 8 0 8 0 3 2 7 1 8 0 4 3 6 6
390 7 4 3 7 9 7 3 0 0 1 1 6 1 3 4 8 9 6 1 8
452 4 5 6 0 4 1 9 3 1 9 9 6 9 5 3 2 6 0 4 5
119 9 7 6 2 6 9 7 9 5 5 2 1 8 5 6 6 4 4 9 4
385 5 3 2 9 8 9 1 4 4 1 6 2 9 8 0 8 7 9 6 2
352 7 0 9 5 8 6 1 8 0 6 3 6 1 4 4 0 6 8 6 9
44 0 0 5 0 1 2 2 7 7 6 6 9 5 4 8 1 5 6 4 4
81 0 5 6 4 7 4 4 5 5 1 6 5 6 6 8 8 0 7 5 6
2
374 3 5 2 6 1 2 4 0 9 7 5 2 0 5 5 7 1 1 1 2
552 8 0 8 8 3 0 1 9 0 9 1 8 0 7 5 4 4 1 1 5
4
334 0 6 3 6 8 8 6 0 9 1 9 1 7 7 1 8 7 9 4 3
620 8 9 1 6 5 3 9 9 8 6 6 8 5 1 6 2 4 7 4 6
491 2 9 8 0 5 2 3 7 9 4 6 2 1 5 4 1 2 5 6 7
381 6 2 4 4 5 8 4 1 4 5 5 5 5 5 1 8 0 8 9 4
9
326 3 1 6 9 1 1 7 0 0 1 2 8 1 6 9 6 1 7 3 4
342 3 7 0 0 0 7 4 0 7 9 6 6 8 0 3 6 4 4 2 1
358 1 2 5 6 1 3 8 6 3 1 9 8 7 7 9 7 9 9 6 6
372 4 3 0 5 2 5 9 8 2 5 5 8 4 8 6 3 4 9 3 8
394 2 0 0 8 9 1 8 9 2 4 3 9 6 1 9 1 9 6 7 2
424 7 7 3 9 4 5 2 4 7 0 7 8 2 4 5 3 3 7 4 0
446 3 3 8 0 8 4 3 1 8 6 3 9 8 9 7 7 2 4 6 7
456 2 2 7 2 8 0 8 0 9 8 4 2 6 0 3 8 3 5 6 0
496 2 8 5 7 3 0 1 9 7 7 9 3 8 3 0 6 6 3 3 0
2
474 2 2 8 5 8 3 8 9 7 1 8 1 4 7 8 3 1 4 9 9
298 1 5 0 7 5 3 4 1 3 3 7 4 6 7 0 4 2 5 4 8
12
332 0 7 5 5 3 4 6 2 4 4 7 4 0 5 7 3 2 8 2 0
390 9 6 2 8 3 5 0 0 4 3 2 0 1 1 5 6 5 9 0 0
396 4 6 3 1 8 1 2 0 6 6 6 4 6 3 6 2 7 1 8 5
446 0 4 4 2 4 0 9 7 7 7 6 5 9 6 2 8 1 4 7 4
518 1 2 7 5 9 5 8 8 8 5 5 1 6 8 2 3 4 9 2 6
576 9 7 2 8 8 2 9 5 9 4 9 0 2 7 5 8 9 3 1 7
108 7 2 0 5 4 8 7 9 7 3 6 8 9 4 0 4 0 9 9 7
280 9 9 7 5 8 8 0 9 7 8 7 9 0 2 6 9 1 7 8 4
413 7 5 9 9 0 9 9 1 6 1 0 8 9 7 6 9 7 7 7 8
206 8 8 1 4 9 2 1 8 9 6 7 4 5 6 6 7 7 9 5 9
52 3 0 9 1 9 9 1 8 9 7 7 9 0 1 9 5 5 9 4 1
26 0 9 2 9 6 0 8 1 1 0 5 1 2 8 2 1 9 1 0 7
3
202 1 3 1 0 1 3 3 3 8 3 9 9 9 0 4 4 1 0 8 7
414 1 4 9 7 5 4 6 0 7 2 3 7 2 2 3 4 2 4 5 5
442 9 8 0 6 6 4 5 2 1 4 1 8 7 0 0 0 9 1 2 8
16
192 3 2 1 1 9 8 1 0 3 0 3 8 1 6 4 7 7 5 5 7
262 1 1 1 4 5 0 6 5 0 5 0 2 9 2 5 5 6 2 2 1
322 2 7 2 5 0 3 3 3 3 5 3 0 0 5 0 0 5 4 4 5
332 0 3 6 8 6 9 2 5 4 2 5 8 3 6 4 0 4 3 7 9
496 7 7 4 9 6 4 4 3 1 5 0 7 4 1 1 9 6 7 1 0
544 6 2 9 0 4 6 9 6 3 7 1 7 0 3 2 3 4 9 7 0
550 9 5 8 3 3 5 5 8 1 6 5 2 8 0 9 4 0 5 8 7
566 7 7 6 7 3 4 1 9 5 8 6 0 6 0 2 9 2 0 9 3
331 0 2 3 3 5 6 9 4 3 2 9 6 0 0 7 7 2 4 7 2
480 7 8 3 1 8 5 2 9 0 5 9 3 8 4 0 5 6 6 0 8
208 8 0 0 5 9 2 1 6 6 2 6 5 5 7 5 2 1 4 2 6
365 7 7 1 7 4 7 4 4 7 2 3 0 2 0 9 6 2 8 3 6
424 0 3 1 7 5 5 3 9 3 0 7 0 1 4 4 1 0 1 0 2
256 0 6 6 0 5 0 0 8 8 4 0 1 7 7 6 2 0 6 6 2
205 8 3 9 3 6 0 6 7 4 2 9 3 0 1 8 3 1 8 1 5
68 3 3 7 1 7 9 9 3 1 4 4 6 6 9 3 8 5 2 2 9
