100 10
500 500 500 500 500 500 500 500 500 500
25
554 7 7 5 10 5 1 3 10 7 10
484 1 2 10 10 9 4 6 4 5 10
455 8 4 10 9 2 5 10 1 9 3
480 1 5 10 9 7 4 8 6 1 10
406 1 10 8 3 7 4 4 5 1 5
396 6 1 4 2 9 5 3 4 3 10
415 10 5 8 4 5 1 6 5 7 2
453 3 5 9 5 6 10 7 10 9 2
414 9 10 1 3 2 5 2 5 3 10
535 6 9 9 9 7 7 1 10 6 3
311 2 7 2 8 3 1 5 2 4 1
407 6 2 10 3 9 9 4 1 5 6
454 6 10 2 7 7 3 2 5 9 2
309 2 5 2 1 6 6 1 6 9 2
518 7 5 3 8 8 4 8 8 8 6
280 1 3 10 2 1 3 1 3 8 6
490 8 9 4 10 10 3 7 1 2 4
316 1 2 4 5 3 3 9 1 8 6
423 7 3 9 9 7 6 7 6 2 1
569 9 5 7 9 4 9 7 8 6 10
504 9 1 8 1 9 1 10 9 7 10
545 7 8 6 10 5 7 1 3 9 9
431 8 7 1 3 2 10 3 5 5 10
449 5 2 7 5 10 7 8 6 2 7
436 7 2 4 6 8 3 7 8 8 2
25
366 3 3 7 5 9 1 5 1 7 4
432 1 4 6 10 2 4 9 7 10 4
351 2 5 8 2 3 4 5 2 9 6
533 8 3 7 9 6 1 1 6 9 10
328 3 2 2 10 3 5 8 6 2 1
483 5 4 7 7 9 6 10 2 7 7
519 2 6 4 9 6 4 6 9 8 10
336 3 2 9 3 2 4 5 4 7 6
349 1 4 10 8 5 2 2 5 5 2
508 1 10 2 3 9 6 4 8 10 8
522 6 10 3 2 3 8 9 8 9 10
420 8 2 6 1 10 5 2 9 4 5
394 2 5 4 7 7 10 2 4 2 6
395 2 6 1 10 6 2 4 1 6 6
477 3 9 5 4 10 6 5 7 6 6
475 3 10 2 9 7 4 6 10 3 3
492 8 6 2 7 10 7 3 2 2 10
541 8 9 9 4 4 4 3 9 8 10
342 3 1 2 10 4 10 5 5 6 2
413 6 7 2 4 6 9 3 7 2 8
396 5 1 9 5 1 7 10 2 5 9
472 6 8 9 7 4 3 3 8 10 1
599 9 9 8 6 9 1 10 10 4 6
525 8 4 2 7 6 9 10 8 9 7
366 3 2 5 1 6 10 5 3 9 8
25
483 6 10 3 8 6 8 5 4 8 4
564 7 10 10 9 3 8 6 10 7 4
512 4 10 4 1 10 3 1 9 8 9
457 4 5 2 7 7 10 7 10 4 5
531 8 9 1 8 6 6 8 1 8 8
493 10 8 6 3 4 3 10 10 1 8
337 5 5 1 2 3 3 1 3 9 8
371 3 1 2 10 5 8 7 1 8 4
344 6 5 9 9 1 9 3 1 5 1
488 5 9 1 8 6 8 5 4 5 8
407 4 1 6 10 8 3 1 2 2 9
444 4 2 8 3 6 2 10 6 9 8
483 4 10 5 10 3 7 7 7 3 4
391 3 8 2 4 9 5 3 6 3 5
417 7 2 4 8 3 8 2 5 4 10
422 2 3 10 3 8 5 5 8 3 7
482 6 6 10 4 3 7 7 8 8 5
405 6 1 10 4 4 5 2 7 7 6
428 6 9 7 1 7 4 6 1 10 3
341 4 5 2 6 3 1 7 6 1 6
330 8 2 6 1 2 9 4 8 2 5
429 1 9 6 3 7 9 5 5 5 7
465 5 3 7 3 9 5 10 8 2 7
459 3 8 9 7 7 8 6 1 4 6
352 7 4 7 3 2 6 8 7 1 4
25
425 10 6 8 1 6 6 8 5 3 4
389 8 6 3 5 3 4 6 3 7 3
539 8 2 4 7 9 3 7 10 4 10
338 4 3 1 6 4 3 5 7 4 5
490 8 5 9 4 9 8 9 5 9 1
589 3 9 8 4 8 10 6 8 10 10
418 3 1 6 2 10 6 6 4 9 7
374 6 5 2 2 6 1 7 5 8 2
476 2 8 10 8 9 3 1 3 3 7
499 7 2 4 9 10 10 5 7 4 6
338 6 7 1 5 1 4 6 1 5 5
642 10 8 8 5 10 9 10 4 7 10
359 1 2 9 3 10 7 5 1 9 2
418 6 5 10 7 5 5 7 2 2 4
347 3 4 6 3 1 5 7 2 8 6
403 3 8 6 5 1 6 1 10 8 3
489 5 10 1 3 8 6 8 6 3 9
549 10 8 8 9 1 9 3 5 7 9
497 7 2 2 5 8 9 1 10 9 9
441 5 2 7 7 10 2 3 2 7 6
443 4 4 8 9 1 6 7 8 3 9
526 10 4 7 3 10 2 3 4 10 8
389 8 2 8 4 3 6 6 8 7 2
440 5 2 4 10 9 7 1 8 1 6
405 8 3 2 3 7 6 8 9 6 1
25
334 7 4 3 4 1 7 1 7 2 7
515 4 4 2 9 7 6 8 10 6 10
504 8 5 8 9 1 3 10 8 9 5
517 10 7 10 5 6 9 8 1 2 10
556 8 7 4 9 1 3 8 9 8 10
452 7 2 8 3 9 9 10 9 3 2
517 9 10 10 3 8 6 1 4 9 3
459 10 10 6 5 1 4 5 2 1 9
296 1 4 6 7 6 3 2 2 2 3
393 6 8 7 4 2 2 10 1 7 3
448 9 6 9 1 5 3 6 3 4 8
414 2 1 10 2 9 5 5 9 7 4
420 4 8 1 5 2 1 9 5 10 5
414 3 6 7 6 2 3 8 4 6 7
470 5 9 5 2 10 1 3 7 5 7
421 10 6 6 4 10 6 2 5 1 3
290 8 2 5 5 4 6 4 2 3 1
325 1 6 3 1 9 5 9 2 6 1
508 8 8 3 4 10 9 3 6 10 3
522 10 4 9 8 7 3 8 4 3 9
480 9 6 9 5 4 8 7 3 8 4
404 10 4 7 1 7 10 3 5 2 4
400 1 3 3 7 10 5 2 10 5 4
462 1 8 7 3 10 10 7 7 9 3
366 9 4 5 5 1 9 9 3 2 3
25
488 7 6 1 5 10 9 4 1 6 10
347 10 4 3 6 1 5 1 10 3 2
452 9 4 2 8 8 7 7 1 3 6
410 10 1 4 1 3 8 5 9 8 7
468 3 7 10 9 7 9 10 1 5 4
496 8 5 5 8 4 9 6 5 10 5
588 9 9 10 8 3 7 7 8 6 8
559 4 9 9 4 8 3 9 10 3 9
477 10 7 6 8 4 4 1 5 5 7
436 2 5 7 10 6 10 8 3 4 4
485 10 5 6 8 7 10 8 1 5 4
449 2 6 10 6 10 1 6 1 3 9
411 7 2 7 2 10 4 10 10 3 1
523 9 9 6 9 1 3 4 6 6 10
615 10 10 5 10 3 7 9 8 7 8
526 10 3 8 4 10 2 10 1 5 10
315 8 2 4 1 2 10 6 2 10 3
339 6 6 3 1 3 5 2 1 6 7
447 4 4 3 6 7 4 8 8 7 6
403 6 2 10 7 4 7 8 1 5 5
458 5 5 4 10 10 6 3 1 5 4
287 1 3 8 2 7 2 1 2 7 1
459 8 4 9 2 4 7 7 1 10 8
356 3 8 1 2 2 1 1 9 10 6
461 8 5 1 6 9 9 6 2 7 7
25
494 8 8 1 8 5 10 10 9 4 2
232 7 1 7 1 1 1 4 2 4 3
479 4 3 10 8 7 5 5 10 8 4
496 4 8 10 10 1 1 10 7 8 5
453 6 6 2 9 7 5 5 6 4 6
502 4 6 4 10 7 2 9 3 5 8
363 9 1 1 3 1 9 3 4 9 9
404 9 8 1 4 1 7 7 4 9 4
406 6 3 2 8 1 6 6 6 4 10
472 9 5 10 3 3 7 7 10 10 2
456 1 9 1 8 6 9 8 6 4 8
413 4 4 6 4 6 2 3 3 6 10
344 6 6 9 4 1 1 3 6 1 5
398 6 3 8 5 8 7 2 2 1 7
408 5 6 3 3 10 1 8 5 5 2
460 6 9 8 3 3 4 2 5 10 7
377 3 5 3 4 3 2 10 2 5 8
491 9 4 5 4 10 10 8 2 4 8
507 1 7 4 9 10 3 4 6 4 9
503 8 10 5 4 9 6 9 2 6 4
342 2 5 8 1 5 9 1 6 9 3
457 5 4 6 4 10 9 5 3 3 9
467 6 5 5 10 9 7 8 4 1 5
523 9 8 10 10 4 10 5 6 7 2
444 4 10 3 7 5 10 10 1 2 5
25
426 2 10 4 3 6 8 4 3 6 9
366 5 6 3 5 5 1 4 6 3 3
473 4 8 1 5 8 8 8 2 8 8
256 1 1 1 6 2 8 3 7 1 6
546 9 10 7 5 6 5 10 2 6 8
425 4 3 6 9 8 10 7 4 7 2
374 2 5 3 5 4 3 5 8 8 4
466 6 7 10 8 6 1 6 8 5 1
362 3 9 3 2 1 4 9 5 6 6
437 7 7 2 3 5 5 10 8 7 4
400 2 9 3 8 6 2 1 2 10 4
551 1 8 9 6 9 9 10 6 5 9
457 4 3 10 9 9 1 8 5 7 2
352 10 2 1 1 4 1 9 5 10 3
391 8 8 1 3 6 1 2 8 4 4
380 6 2 5 10 2 2 2 2 4 7
425 5 10 8 3 6 6 3 1 9 3
521 8 8 8 9 3 8 7 8 8 1
351 3 1 8 7 7 4 9 2 5 1
365 7 1 7 5 4 1 3 10 4 4
473 7 1 6 9 5 2 6 9 6 8
489 5 8 1 10 8 1 5 2 6 7
533 8 2 8 7 8 6 9 6 4 10
416 3 6 9 4 8 8 4 4 2 6
426 8 1 9 3 8 1 7 6 3 7
25
451 6 7 4 6 8 2 4 6 3 6
434 6 9 8 7 3 5 9 1 1 7
410 6 4 5 8 8 8 3 1 7 2
254 2 1 7 4 3 2 1 8 3 2
565 10 10 9 2 5 9 8 9 8 5
276 6 3 7 3 3 8 3 1 4 2
388 9 6 6 1 5 8 9 3 4 4
474 6 5 8 10 5 8 4 3 4 7
532 3 8 10 7 5 9 5 10 5 9
442 9 4 7 1 7 4 2 6 5 8
376 6 9 5 1 8 7 1 3 7 1
487 7 8 5 7 3 3 5 2 9 9
378 5 2 7 6 6 5 2 1 3 10
409 3 4 9 9 8 7 8 2 1 3
364 4 2 6 8 4 8 5 4 2 4
423 8 2 5 10 4 3 7 5 3 5
407 2 1 9 10 2 8 7 8 6 5
402 5 3 8 8 1 10 3 4 10 5
380 4 1 10 4 4 3 7 5 10 3
397 6 1 9 4 2 2 8 1 9 9
373 1 6 2 7 4 4 3 7 5 5
559 5 9 6 9 9 1 10 7 9 4
415 6 1 4 10 1 3 10 5 1 10
374 1 7 4 5 5 4 5 2 2 10
289 6 1 5 1 1 5 2 4 8 6
25
435 9 9 8 1 5 8 8 6 2 4
490 4 10 9 9 7 4 8 1 7 2
505 8 4 3 9 10 2 7 1 7 8
566 9 8 3 10 9 7 3 8 9 2
405 2 10 6 1 9 2 9 4 1 5
433 10 1 10 6 6 7 4 1 5 5
437 10 10 3 1 3 4 1 9 3 8
413 7 1 6 10 1 2 1 4 8 8
451 6 9 1 5 2 7 2 6 7 10
420 9 1 7 7 3 4 1 5 2 10
406 10 2 4 2 3 3 5 5 10 6
419 5 4 7 1 9 1 2 7 4 10
391 6 4 4 1 7 2 1 9 3 7
375 1 4 6 3 5 9 9 2 3 10
401 6 9 9 1 6 10 6 7 3 1
433 7 2 9 6 7 5 7 10 2 1
452 7 8 1 8 1 2 3 9 10 4
334 2 1 5 8 4 3 9 9 1 2
449 8 7 5 6 4 7 4 7 7 3
480 7 1 5 6 4 1 9 10 9 8
462 9 10 3 5 4 4 1 2 6 9
515 9 6 9 10 2 2 1 10 6 7
535 5 2 8 9 5 10 3 9 10 10
432 3 2 6 8 8 8 4 8 7 4
439 7 2 8 3 6 6 10 6 8 4
25
505 3 6 9 9 10 9 5 7 3 4
329 6 10 1 1 5 3 7 1 5 1
499 4 7 10 6 5 7 7 10 3 8
463 8 6 4 4 8 3 10 4 2 6
484 10 8 5 7 8 6 7 4 6 1
397 5 4 5 9 2 9 5 2 10 3
407 1 3 6 7 10 4 1 6 10 3
463 1 9 1 7 6 10 5 9 5 6
627 7 10 3 10 7 7 8 9 10 7
376 10 7 5 3 5 2 1 5 2 2
367 1 8 1 3 5 6 6 3 7 5
392 1 10 6 4 1 7 10 7 4 5
377 9 8 2 3 2 9 3 1 2 9
350 5 1 1 2 2 9 10 9 2 8
511 4 1 9 3 9 7 7 10 9 10
435 6 6 5 10 8 3 3 1 2 5
554 8 10 6 6 9 5 10 2 4 8
412 8 2 10 1 10 4 8 3 5 2
491 4 9 9 6 8 9 6 4 2 8
304 4 3 9 1 2 7 6 9 4 1
424 4 8 9 4 5 6 2 7 5 4
530 10 4 10 4 7 10 8 4 8 6
395 1 8 10 2 4 7 7 2 6 6
389 4 2 3 9 9 4 1 5 5 3
438 8 6 9 5 2 1 2 4 10 5
25
377 9 4 7 1 1 1 4 10 9 1
463 8 4 6 8 8 7 4 6 8 1
475 7 8 1 4 10 10 8 7 8 2
383 1 4 4 9 5 4 9 8 1 5
432 1 9 1 7 3 3 10 2 9 9
433 4 7 7 6 2 6 7 10 1 7
400 10 4 2 4 1 10 10 5 6 6
490 9 8 7 6 9 8 4 2 5 5
569 2 5 9 7 6 10 10 10 10 9
374 6 3 7 7 2 9 4 8 1 3
507 8 9 9 5 8 6 6 1 7 5
428 7 8 5 1 1 10 5 9 6 8
355 4 10 7 4 1 3 9 4 1 3
466 8 6 10 4 8 8 6 5 4 3
471 8 3 7 7 8 6 9 2 1 9
507 7 2 1 10 6 2 4 9 9 9
416 7 8 9 3 5 5 7 5 3 2
301 1 1 1 7 4 9 4 7 2 5
335 1 2 9 8 3 2 6 3 8 3
470 9 5 10 3 1 2 7 7 5 10
304 4 3 3 7 2 7 8 2 6 1
333 5 7 2 5 2 10 3 7 4 1
592 10 10 6 6 6 4 1 9 8 9
381 6 5 3 1 8 9 10 9 2 2
396 6 4 4 4 5 10 3 5 6 6
25
491 7 10 9 5 10 4 2 6 3 2
432 8 6 10 9 1 6 4 3 6 2
358 1 1 4 7 7 8 3 10 5 1
513 8 2 8 4 7 5 8 3 9 10
395 6 3 3 9 6 4 6 7 5 1
411 4 2 3 3 8 6 9 5 8 6
489 8 9 9 2 7 1 2 1 7 9
317 3 2 4 3 4 4 7 2 10 3
387 7 10 8 4 1 1 5 4 1 5
412 4 7 7 10 6 5 6 1 2 4
238 7 1 2 2 2 4 2 2 7 3
462 10 3 6 6 5 3 8 8 5 3
414 5 7 10 2 1 8 5 1 10 9
528 10 9 1 10 7 5 3 3 7 5
420 9 5 8 2 4 10 5 2 8 4
568 10 10 2 7 4 10 10 9 10 3
416 6 9 6 6 5 8 4 4 3 4
339 9 3 2 6 1 9 6 2 6 4
446 6 8 1 8 1 3 6 8 7 7
470 7 8 6 7 2 4 6 6 5 7
476 3 8 1 7 8 8 7 9 9 3
555 3 10 9 8 5 5 10 5 9 6
349 3 2 9 1 1 3 7 9 7 6
414 10 5 6 1 3 2 8 8 8 4
486 2 9 10 1 7 8 8 8 2 9
25
475 9 3 10 5 7 5 10 3 5 5
537 10 6 6 8 5 10 5 8 9 3
406 3 9 7 2 3 10 6 8 2 5
367 2 3 9 9 5 2 5 5 7 1
341 5 1 6 8 6 4 2 9 2 1
458 5 5 6 7 10 3 3 1 7 6
315 6 1 10 5 7 4 2 3 1 2
639 9 9 3 10 10 6 10 7 5 9
517 6 8 10 1 9 7 8 6 8 5
301 3 6 6 2 3 6 3 3 2 4
527 1 6 5 10 7 2 8 5 8 10
345 9 2 5 1 5 7 6 2 4 4
468 1 7 10 7 4 1 8 3 6 9
491 6 7 2 8 9 2 2 5 4 9
356 4 1 1 1 8 7 9 5 2 9
322 8 8 2 6 1 1 2 1 1 6
538 10 10 10 6 2 7 3 9 2 8
508 8 7 8 7 9 8 4 4 7 3
511 10 9 1 10 9 3 5 3 1 5
434 7 6 10 6 1 3 1 10 8 3
552 10 9 7 8 1 4 8 8 1 10
394 8 5 6 2 8 3 5 5 7 2
453 2 6 4 9 2 8 8 6 6 8
396 5 2 8 1 9 4 6 1 3 10
481 7 10 4 4 10 9 3 8 2 3
25
537 5 8 1 9 5 3 6 10 9 7
451 6 2 3 10 4 1 8 7 5 9
453 8 1 10 1 5 6 8 10 3 10
521 9 5 9 9 6 9 3 8 5 5
411 6 3 9 1 3 9 7 6 6 9
326 2 3 8 2 3 5 4 6 1 8
357 1 6 4 4 7 1 5 2 6 5
395 9 3 1 6 5 8 3 5 7 5
526 4 10 10 8 6 5 4 6 8 5
377 8 7 1 2 3 8 7 4 7 5
352 5 6 2 6 2 1 5 8 1 4
407 6 3 8 3 10 3 6 3 3 5
446 7 1 9 2 8 7 1 10 5 7
434 9 7 2 6 6 2 9 3 7 3
375 8 5 1 1 2 7 1 3 9 10
422 9 6 8 8 4 4 3 5 2 4
411 10 6 1 1 2 10 6 7 8 4
368 3 4 7 6 5 9 2 8 3 4
404 5 3 6 8 2 6 5 5 8 4
369 8 6 9 6 3 2 2 4 1 4
430 5 4 3 2 2 10 7 8 9 9
308 10 7 3 2 1 8 5 3 1 2
487 5 8 2 10 5 3 3 3 6 10
507 9 4 8 8 8 8 2 2 9 6
548 10 10 10 2 8 4 10 9 4 4
25
387 4 7 9 7 2 5 10 4 3 1
414 9 6 2 5 2 6 7 9 6 3
391 3 1 2 5 5 3 10 10 9 4
474 6 6 4 9 5 1 6 5 8 5
410 10 4 4 4 4 10 4 9 4 2
363 2 8 3 8 1 8 3 9 2 4
376 5 2 9 9 4 4 6 4 3 2
484 8 10 7 3 3 6 10 7 9 1
450 1 6 3 9 5 6 7 7 8 5
372 2 1 8 10 1 4 4 9 2 6
339 7 2 1 6 4 10 7 2 7 2
528 5 5 10 7 10 1 8 7 3 7
462 5 5 9 3 1 10 7 5 9 9
316 3 3 1 4 8 9 3 3 5 3
409 7 2 7 9 2 10 3 7 2 7
272 4 2 1 1 2 3 8 7 6 4
450 1 10 5 4 3 3 3 10 5 9
328 1 1 8 6 9 7 1 7 2 1
431 1 9 7 1 6 8 8 5 9 6
349 1 7 2 3 9 3 9 4 2 2
384 2 7 7 2 4 6 10 1 9 6
380 10 2 7 5 6 3 2 8 3 2
411 1 2 9 3 7 4 9 4 4 10
392 9 1 4 3 8 2 4 5 9 2
483 1 2 10 10 5 6 3 8 8 10
25
404 7 5 6 6 2 8 6 2 5 5
505 4 7 10 1 6 1 9 9 10 7
455 8 8 10 4 5 9 9 1 6 2
464 4 5 6 9 8 9 8 7 6 1
441 3 10 7 3 9 8 10 6 1 1
423 4 8 8 6 10 8 2 2 3 1
367 1 3 4 2 10 7 2 6 6 6
463 1 6 10 4 8 5 8 6 9 4
283 5 2 9 1 1 9 5 4 7 1
448 2 3 4 5 9 8 3 7 4 10
248 1 2 5 2 8 10 6 1 3 1
480 7 4 5 10 4 5 8 7 10 1
439 8 5 1 6 8 6 7 2 4 8
525 8 5 5 9 1 2 7 8 9 10
438 10 5 4 9 1 6 7 3 6 6
459 9 7 2 4 4 7 4 10 4 7
544 8 10 9 10 3 7 7 5 7 5
517 3 9 6 7 9 8 4 8 6 6
571 5 6 10 7 4 5 9 10 9 8
333 3 1 2 2 3 7 2 8 8 8
450 5 5 10 7 2 5 4 4 5 10
664 9 10 8 9 5 8 10 10 9 8
491 7 10 2 7 4 8 5 6 6 6
395 8 6 4 8 4 3 9 1 3 2
246 2 2 4 3 4 7 3 5 5 1
25
480 4 10 7 8 8 8 8 5 3 2
343 4 2 3 3 7 6 6 10 3 3
303 1 3 2 6 1 10 1 6 9 3
401 2 6 8 3 5 10 7 7 1 8
374 3 6 5 8 2 2 2 7 7 3
536 9 9 6 3 10 2 10 7 9 3
473 9 1 5 7 8 4 6 10 5 5
381 8 1 2 4 1 7 9 6 9 7
443 5 6 3 9 8 7 8 2 7 3
360 7 2 1 4 1 5 2 10 3 8
461 3 3 4 9 8 1 10 9 4 6
443 3 4 8 4 5 1 8 9 5 7
406 10 5 3 7 1 2 9 5 8 2
497 4 2 1 8 10 8 6 9 7 7
404 1 1 5 9 9 6 3 3 9 6
377 1 7 9 2 9 4 6 6 1 3
471 1 9 8 7 5 3 2 3 8 9
394 5 5 9 4 1 2 6 5 6 8
469 9 8 9 5 3 9 1 9 6 4
352 1 6 3 10 1 9 2 4 2 6
616 10 7 9 10 7 2 6 7 3 10
314 6 2 6 1 4 5 5 2 6 4
518 7 6 8 4 10 3 8 9 5 4
413 3 4 9 8 4 4 1 3 7 8
605 9 10 9 10 4 3 6 6 5 10
25
421 2 7 10 5 3 5 1 1 6 10
375 6 5 6 6 7 1 8 2 3 2
363 10 1 6 6 2 7 3 7 6 2
405 7 3 10 3 10 4 9 3 5 1
559 9 10 9 7 3 7 10 9 7 2
520 9 7 8 4 4 2 2 7 9 9
600 9 8 8 8 9 2 9 3 3 10
529 2 8 10 7 8 7 2 8 9 7
518 2 7 6 3 10 9 8 7 9 8
482 10 9 1 10 6 9 2 1 5 6
340 3 1 2 5 8 2 3 6 8 3
455 4 9 8 5 9 2 4 3 7 3
466 6 9 7 7 3 1 7 3 9 5
400 9 2 1 6 5 5 1 8 7 6
556 9 3 7 8 7 9 6 9 5 9
446 8 8 1 10 3 6 8 5 2 3
562 6 6 9 9 4 8 10 7 6 9
415 7 10 1 2 3 1 10 2 5 7
387 10 3 10 1 7 4 3 3 10 1
446 5 5 9 2 7 10 7 2 9 5
459 2 8 5 6 8 10 7 3 8 3
478 8 4 5 10 8 3 9 3 5 3
524 10 3 6 8 10 3 3 6 10 4
482 2 6 3 5 7 3 3 10 9 10
369 5 7 4 3 4 6 5 6 3 4
25
398 5 9 6 3 4 6 1 3 6 6
391 10 2 2 1 7 6 7 3 7 7
387 1 2 8 4 9 10 4 1 6 8
448 2 1 6 5 5 7 7 8 9 9
525 1 9 8 8 7 5 3 3 10 9
549 9 10 5 7 7 9 9 6 8 3
401 4 4 7 6 7 1 2 9 4 4
358 1 3 6 2 8 8 4 7 2 6
458 1 10 9 10 1 1 5 2 7 9
404 9 6 5 6 3 5 1 8 7 2
487 9 3 2 7 7 4 7 10 9 2
449 9 7 4 1 7 3 2 9 7 5
492 7 4 8 5 3 9 10 5 5 10
224 4 3 6 2 2 5 2 1 2 4
550 10 7 10 4 9 5 10 3 1 9
422 3 8 10 8 1 10 4 3 10 2
491 4 10 6 6 10 8 1 3 4 6
468 9 9 8 1 10 2 10 8 1 1
563 10 10 10 7 8 5 8 2 9 2
422 8 5 7 1 5 10 9 6 8 1
432 9 5 9 7 5 3 8 5 4 1
383 4 1 5 8 7 8 5 5 2 6
369 1 4 9 6 5 8 7 5 3 4
477 8 3 5 10 4 4 4 1 10 8
496 7 4 6 9 5 3 6 9 4 7
25
407 4 4 10 9 1 10 1 8 8 3
319 5 3 4 5 1 4 3 4 3 8
500 9 8 9 3 8 1 8 8 2 4
534 9 9 2 6 6 4 3 9 9 7
481 5 6 6 5 5 5 6 10 9 5
240 2 5 1 1 3 3 2 5 4 2
340 2 1 1 2 7 4 5 8 6 7
526 9 6 6 6 9 7 3 10 8 4
501 6 5 6 9 5 7 10 7 5 5
395 2 5 6 5 10 7 2 4 4 4
449 10 5 7 1 6 3 3 5 2 10
572 9 8 9 4 9 1 6 5 8 8
403 4 9 5 3 7 4 4 3 9 1
471 9 4 6 8 4 7 6 4 3 10
415 7 6 4 1 4 3 1 6 6 10
432 5 7 9 2 8 5 9 2 2 7
550 10 3 10 5 9 2 6 10 7 7
391 2 5 1 7 7 1 2 6 9 3
458 5 2 10 8 9 8 5 7 5 3
400 8 8 6 8 2 6 1 2 3 5
388 9 1 1 6 4 1 6 3 4 8
433 6 6 4 10 1 7 8 5 4 4
554 2 9 5 9 10 7 6 6 8 8
381 4 9 4 1 5 7 5 8 5 2
506 6 4 4 10 4 8 10 9 5 7
25
490 9 1 8 6 5 7 9 2 8 10
540 9 10 10 3 10 9 6 1 7 5
393 7 5 5 4 1 8 4 8 5 6
491 5 10 8 1 6 8 8 8 2 8
467 10 6 1 10 7 4 3 1 2 8
300 4 2 3 7 4 6 3 3 1 4
423 5 1 2 8 7 5 10 8 3 5
538 1 10 9 7 9 10 9 8 9 3
531 3 5 8 10 9 7 7 1 8 10
497 9 4 1 5 5 9 2 8 9 10
407 6 7 4 2 7 7 8 6 5 2
487 10 5 4 5 8 3 9 8 7 2
473 9 4 10 6 6 10 2 3 1 9
478 2 10 5 9 6 5 2 7 8 4
349 9 1 6 8 2 3 3 2 3 4
536 9 5 9 10 5 8 9 2 2 10
417 2 8 3 2 6 8 10 7 4 5
507 9 10 5 8 3 10 1 6 4 7
272 6 2 9 1 2 3 3 5 1 4
487 10 5 4 2 9 2 8 7 9 3
401 2 6 6 8 3 6 8 6 7 1
456 6 2 6 2 8 2 10 7 7 7
504 5 10 5 10 4 2 9 4 6 5
431 7 3 1 3 6 5 6 8 6 10
390 8 1 7 7 3 2 10 6 7 1
25
402 3 7 2 9 7 9 9 1 1 4
402 2 7 6 3 7 4 1 7 5 7
328 6 1 3 1 7 3 6 9 8 1
485 4 9 9 4 3 6 4 2 9 10
505 6 6 4 3 10 9 6 7 10 6
472 6 10 6 3 8 5 3 4 10 2
246 3 1 9 1 1 4 2 5 4 5
488 4 8 5 5 8 4 9 9 8 1
441 2 6 5 8 6 9 3 2 6 9
443 7 3 3 8 4 4 5 7 3 10
460 5 8 3 4 4 5 7 8 3 9
458 4 2 1 9 2 9 9 9 9 9
464 10 7 5 8 7 8 5 1 7 2
481 7 7 5 7 5 10 10 9 6 1
381 5 5 8 5 4 10 4 2 8 2
432 10 7 4 2 3 10 7 9 4 4
332 2 2 8 4 7 1 3 7 3 4
459 9 2 4 8 2 3 10 10 10 2
382 2 6 7 5 3 6 5 1 8 8
317 2 4 7 1 2 4 10 6 2 7
490 10 2 4 8 9 10 7 1 9 5
426 10 4 1 6 6 4 5 5 7 4
479 7 3 10 3 3 4 10 9 9 8
415 9 1 4 7 3 5 8 7 10 2
419 10 2 2 5 9 8 7 7 1 3
25
483 1 10 5 10 7 8 2 7 7 4
498 6 7 9 7 7 4 6 6 4 7
350 3 7 3 1 6 8 2 2 5 6
391 2 2 8 8 2 7 5 3 3 10
481 9 9 1 1 9 4 7 8 2 9
587 9 10 10 7 7 8 2 4 10 6
614 3 10 6 8 9 7 10 10 4 9
315 2 3 2 4 3 10 6 1 5 9
375 4 3 3 4 3 3 9 9 1 7
402 3 6 9 10 2 4 6 2 2 5
503 9 9 6 6 8 2 3 8 4 4
389 3 2 6 6 6 1 9 3 7 6
373 2 6 8 3 4 3 1 2 9 6
310 5 2 2 4 4 3 5 10 2 1
349 5 6 5 5 6 3 1 5 3 2
540 10 9 5 3 8 10 3 8 5 8
411 4 1 8 8 3 1 6 8 10 2
266 6 1 3 5 1 4 9 3 2 1
420 10 1 8 3 6 6 10 7 3 2
482 6 4 10 10 3 5 5 6 3 9
509 6 2 8 9 9 4 2 7 7 7
440 7 7 5 3 6 10 10 2 10 3
527 10 10 9 2 3 3 7 3 6 10
360 9 3 3 3 1 1 7 5 3 8
372 2 8 3 8 4 7 3 7 3 2
25
326 1 2 7 5 3 6 1 8 5 5
413 1 3 7 8 5 5 3 1 9 9
402 6 5 7 4 7 5 1 4 6 5
442 7 8 6 2 4 6 7 2 3 10
433 9 2 2 10 10 8 1 1 3 5
430 2 1 7 4 8 2 1 10 6 9
410 9 6 3 8 1 1 3 3 3 9
476 8 2 1 7 7 9 6 1 9 10
378 5 3 7 6 4 2 8 3 4 5
393 3 2 8 8 3 5 6 5 5 7
368 2 9 4 10 2 7 5 1 2 5
437 5 1 7 7 2 7 6 5 9 10
408 9 5 1 8 3 7 2 3 2 10
298 4 1 7 1 3 4 5 6 6 3
398 3 2 8 1 4 5 7 10 5 8
470 9 8 10 5 5 3 10 3 2 3
462 4 5 10 4 6 10 10 5 8 4
424 10 5 1 2 8 7 10 6 1 4
565 7 6 9 8 6 3 6 10 9 7
448 7 9 2 6 7 5 10 2 9 1
563 10 4 8 10 9 4 3 8 7 6
506 8 4 5 8 7 7 9 6 8 5
358 1 9 2 1 5 6 8 5 7 3
602 8 7 4 10 10 6 2 8 10 6
391 3 1 4 5 4 7 9 10 2 8
25
571 5 10 3 4 9 9 8 8 8 9
484 8 7 3 8 5 9 8 4 6 4
377 1 6 9 1 5 9 2 9 6 4
460 2 9 8 5 10 6 4 9 3 2
392 7 5 7 4 5 1 1 10 1 4
352 7 6 3 1 6 2 6 8 3 1
291 9 1 9 3 2 3 2 4 2 2
461 5 6 3 4 9 5 3 7 4 9
452 2 3 6 10 10 6 1 8 4 6
352 2 6 4 4 6 6 4 2 5 4
364 9 3 1 6 7 6 1 6 5 1
474 7 4 3 6 2 2 10 8 10 9
573 9 7 7 10 5 10 6 4 4 10
473 2 7 9 9 7 4 5 3 7 5
563 7 6 7 10 6 2 4 10 2 10
447 5 5 5 2 6 10 10 4 9 6
466 10 9 2 3 7 6 4 5 3 8
365 2 2 7 10 3 7 3 4 5 4
313 2 3 1 4 2 3 7 10 9 1
360 5 2 4 2 8 7 3 5 7 3
542 4 10 9 5 8 4 7 4 8 8
382 9 6 6 2 5 9 5 5 1 4
393 5 10 10 1 6 8 4 1 8 1
446 2 10 6 5 5 2 4 8 6 5
434 1 3 4 7 7 8 3 6 6 10
25
600 9 8 9 10 6 10 10 8 6 4
326 3 7 3 2 3 7 6 1 9 2
413 5 7 2 5 3 1 10 5 2 9
520 9 10 3 6 9 6 5 1 10 3
407 6 10 5 2 1 5 2 9 10 2
490 2 7 8 8 8 4 1 8 3 10
453 5 6 7 4 9 3 3 7 9 2
448 5 9 2 3 10 10 7 5 1 7
521 6 9 2 8 5 4 6 1 10 10
467 2 10 10 3 5 7 1 3 9 9
426 4 7 10 2 6 9 5 6 6 4
457 2 10 7 3 9 3 5 4 9 3
430 5 9 7 4 8 2 7 5 4 3
532 8 7 6 10 3 1 2 4 9 10
352 3 2 8 1 5 2 3 10 5 6
358 5 1 3 7 4 1 2 7 9 4
380 4 4 9 4 5 10 2 2 4 8
366 10 1 10 1 10 9 7 1 1 2
520 10 7 5 10 2 4 4 7 8 7
528 4 5 5 10 10 3 5 9 2 8
393 2 1 8 5 7 5 2 7 2 9
371 3 1 10 1 9 10 8 3 2 7
547 6 10 8 4 8 9 5 7 4 10
470 5 2 7 8 10 5 5 3 8 6
429 4 6 3 10 7 5 7 3 6 2
25
347 2 1 9 2 9 2 10 1 2 6
551 9 3 5 7 8 7 6 10 7 7
379 1 1 8 4 9 8 1 3 8 6
401 6 7 10 6 1 9 1 10 1 2
453 1 3 3 9 5 6 6 6 6 10
355 5 9 3 4 3 4 10 4 2 3
415 8 3 6 2 8 2 8 1 9 5
417 3 7 3 2 9 2 9 8 5 3
477 9 10 6 7 10 2 7 2 1 1
337 8 7 5 3 2 5 1 6 4 2
270 4 6 1 3 1 8 5 8 1 2
404 8 4 6 2 5 7 6 7 7 3
383 10 2 9 3 3 3 1 10 6 3
522 8 10 8 8 10 2 5 3 3 4
478 8 2 9 9 8 5 2 8 2 6
478 8 7 3 8 5 6 1 10 3 5
392 9 2 10 5 1 8 5 7 1 6
451 4 8 10 1 8 2 4 1 10 7
396 8 1 10 1 8 3 2 5 6 5
427 9 2 4 4 7 7 1 10 7 4
437 4 4 3 7 6 8 9 3 7 7
422 4 10 6 4 3 9 10 2 5 4
560 8 10 8 1 9 5 10 9 5 7
395 2 3 4 8 2 8 10 6 1 9
490 8 4 10 6 4 3 6 9 3 9
25
351 5 4 1 8 3 5 1 6 6 5
498 8 6 8 6 1 3 10 9 8 6
439 6 4 8 7 2 5 6 3 4 9
625 7 10 5 9 7 9 10 6 6 9
569 9 9 7 2 10 2 6 3 10 9
537 7 5 10 6 10 1 1 7 9 8
351 10 2 5 2 1 3 1 9 9 4
515 10 5 1 9 1 2 9 9 7 9
471 2 9 3 4 10 5 6 5 6 6
459 10 9 2 6 4 10 3 2 6 5
368 2 3 2 4 5 3 7 1 6 10
313 3 2 7 4 1 9 7 1 10 3
401 6 6 4 1 4 8 6 4 8 8
417 8 8 1 5 1 5 8 3 10 4
267 5 1 4 1 4 5 1 5 1 6
340 2 4 4 1 9 10 10 3 5 2
406 5 10 1 1 4 6 3 5 7 9
456 1 3 6 3 8 7 9 10 7 8
344 5 6 7 4 2 2 3 4 5 5
412 6 5 9 8 1 1 5 4 6 4
323 2 6 9 1 1 4 6 7 3 6
407 10 4 3 4 1 5 8 7 3 7
544 8 6 7 9 6 5 2 6 10 8
521 1 5 10 6 8 10 10 8 8 6
440 7 3 6 6 8 7 4 6 5 3
25
546 9 7 6 4 8 1 4 10 9 6
384 1 8 8 2 8 1 4 7 3 5
396 4 3 1 9 5 7 5 7 1 8
535 6 9 5 5 8 9 9 8 9 3
376 9 4 3 3 3 4 4 1 10 6
281 8 1 5 1 5 8 2 7 2 1
374 7 8 7 1 6 4 6 7 3 1
472 3 7 10 8 9 1 8 1 10 2
452 8 2 5 5 10 8 8 4 1 6
578 8 9 10 7 7 1 4 9 4 10
322 7 7 2 1 4 3 2 5 2 6
286 3 10 2 4 2 1 5 3 3 1
519 6 9 8 9 2 9 5 4 4 10
561 8 9 9 7 10 4 2 6 10 2
455 7 10 2 3 7 10 4 10 6 2
466 5 7 10 8 3 3 8 9 1 5
408 2 4 2 4 5 4 9 7 10 7
350 1 10 3 4 8 1 3 3 4 2
447 3 3 2 10 3 6 9 10 6 6
583 10 8 2 10 9 3 1 10 3 10
452 6 6 2 6 8 7 3 4 6 7
454 5 4 8 10 4 8 2 7 10 2
495 10 1 10 4 9 3 8 8 6 4
367 3 4 5 2 2 6 8 9 5 5
362 5 9 9 4 4 1 5 6 1 1
25
615 7 6 10 7 8 5 7 10 8 9
406 8 6 4 7 1 3 5 9 2 5
387 4 6 7 1 10 1 4 5 2 4
526 10 10 3 6 7 9 5 7 6 5
367 9 4 3 2 5 1 5 6 8 1
433 1 5 1 5 10 4 7 1 10 7
490 3 10 8 6 10 1 4 4 7 4
348 7 3 3 3 2 1 2 10 1 8
483 8 7 10 3 2 8 8 9 7 5
488 10 8 2 6 9 8 9 1 5 5
464 9 6 1 8 3 9 10 10 5 2
445 7 1 9 8 9 2 3 3 3 8
349 7 9 2 2 3 4 2 3 7 4
312 8 3 8 1 2 8 4 6 1 3
459 5 9 2 5 4 7 4 1 8 10
415 9 7 3 10 3 4 3 1 3 4
499 10 5 3 4 2 1 10 10 6 9
493 9 4 5 5 4 8 10 9 4 8
464 10 3 3 7 3 8 6 9 6 6
548 10 5 5 5 5 5 9 8 9 9
498 10 3 9 8 6 7 7 6 7 4
417 5 7 3 3 8 2 1 10 1 8
452 10 5 10 1 9 2 5 3 3 7
564 9 6 3 10 7 9 10 3 8 8
355 2 7 1 9 9 6 2 1 3 3
25
248 6 4 3 1 1 3 4 3 1 5
401 1 2 5 10 9 6 5 4 7 2
510 9 7 4 4 7 4 8 8 7 7
433 5 4 3 9 6 8 1 6 4 6
436 5 6 7 10 2 9 1 3 5 8
445 9 9 10 1 5 10 4 1 5 7
580 4 9 9 10 10 2 10 4 2 9
525 8 9 3 7 7 4 10 7 2 7
398 4 6 6 2 4 9 5 3 8 8
377 1 1 5 6 3 9 2 3 10 9
481 7 8 7 8 7 3 4 8 7 1
430 8 1 7 3 6 1 8 9 3 6
476 8 7 10 4 8 1 5 6 8 1
425 2 3 9 6 2 1 6 6 10 8
386 5 7 6 1 2 2 7 6 2 9
423 8 7 3 5 1 8 10 7 8 3
453 10 2 4 6 6 7 2 8 9 5
545 2 9 7 6 10 5 5 4 9 9
462 10 3 9 3 4 7 9 5 9 5
472 9 10 10 3 5 2 10 6 1 3
371 2 2 9 10 10 1 3 1 6 1
442 10 7 1 8 1 6 5 3 10 4
541 10 5 7 9 9 1 6 6 8 3
316 3 4 1 5 5 3 10 7 2 1
296 6 2 5 2 2 4 2 1 9 5
25
556 9 9 7 2 10 6 3 7 9 6
314 4 1 3 10 9 3 1 3 1 1
534 7 7 9 7 3 6 2 8 10 8
524 10 8 8 1 10 8 4 3 2 10
479 3 10 6 7 8 3 10 3 6 2
291 1 5 1 3 9 2 1 1 8 2
454 8 8 8 4 6 3 4 9 6 2
432 1 8 3 4 7 5 4 4 4 10
293 5 2 3 6 1 3 1 8 1 5
415 10 7 7 9 2 4 4 1 5 1
361 5 7 2 4 7 4 5 7 2 2
309 2 1 4 1 5 4 5 9 2 6
382 1 4 8 10 5 5 2 7 2 3
486 3 8 4 4 10 1 4 8 8 6
471 9 5 10 8 1 9 7 4 3 6
561 4 10 6 6 10 4 3 6 6 10
415 9 4 5 3 7 8 1 6 5 4
549 3 4 9 9 7 8 9 9 10 6
411 1 4 7 4 7 3 5 6 10 4
553 7 4 10 9 7 3 2 9 5 9
431 10 9 3 2 1 5 1 10 5 7
276 6 1 1 4 6 1 3 3 2 3
381 4 4 1 4 9 6 1 5 1 9
513 9 10 4 4 2 7 10 8 4 8
396 4 6 8 6 1 3 7 5 10 3
25
459 7 4 2 2 10 9 10 8 4 7
473 6 4 9 3 8 5 2 8 2 10
319 7 2 8 4 1 3 7 1 4 5
373 7 7 4 1 2 9 7 1 10 3
372 2 4 5 4 1 6 6 9 7 6
533 6 2 8 9 9 4 8 5 5 10
491 5 8 3 9 8 1 3 1 10 7
539 8 5 10 7 6 7 8 4 8 8
266 1 4 4 2 1 4 7 10 1 2
445 7 3 3 5 2 9 9 8 8 7
466 8 6 9 10 6 5 3 5 7 1
509 1 8 5 9 7 4 7 9 6 8
412 6 5 1 4 5 3 8 7 9 4
356 7 3 3 5 4 4 4 5 10 1
393 6 2 6 3 8 6 4 8 8 2
348 2 3 5 6 9 10 9 1 2 1
452 10 10 9 5 5 3 5 1 3 4
383 2 9 1 5 2 10 10 9 3 4
408 4 10 9 4 4 2 3 7 1 6
379 5 7 3 7 5 6 3 1 2 5
447 1 7 4 7 10 8 4 5 9 1
382 5 2 2 9 1 1 7 8 6 6
468 9 6 9 8 1 7 5 8 1 8
450 8 5 3 10 7 1 7 5 4 1
486 9 3 6 9 10 2 2 7 2 5
25
528 7 7 8 2 8 10 8 6 5 8
444 7 3 2 1 9 6 7 9 3 10
398 4 8 5 6 7 3 1 2 5 4
433 10 6 4 2 8 2 4 8 4 5
446 9 6 4 3 10 10 7 6 2 3
453 3 10 5 1 4 3 9 3 7 10
371 3 6 2 9 2 7 7 5 5 2
540 7 10 7 7 5 8 9 9 4 5
524 5 5 7 2 10 10 10 9 7 8
554 10 9 9 1 10 5 4 7 2 9
549 4 5 6 8 3 7 10 9 10 10
369 2 2 3 9 5 5 7 7 1 5
468 7 8 1 9 1 7 2 8 10 6
472 2 10 4 8 10 2 9 4 3 3
463 3 5 7 8 9 2 3 5 7 6
532 5 7 3 9 6 9 3 10 5 9
441 3 5 7 3 9 1 9 7 5 6
422 8 5 7 3 10 2 5 6 2 3
502 9 9 7 2 9 9 2 7 6 4
392 7 2 3 5 7 2 9 3 1 8
453 3 5 7 6 9 5 9 4 3 6
389 1 8 5 5 4 6 5 8 9 2
445 7 1 4 4 1 8 9 10 8 10
369 10 6 1 2 1 9 1 7 8 5
423 3 7 8 9 5 6 5 2 7 3
25
431 5 10 8 6 5 6 4 4 5 3
468 9 8 9 4 3 3 7 7 8 2
455 2 9 7 3 7 1 8 6 8 4
440 4 10 9 4 8 3 6 5 6 1
551 5 8 10 10 6 2 1 7 9 6
366 5 8 5 6 3 4 6 4 1 2
448 1 8 1 9 1 3 4 9 7 10
407 2 5 1 7 1 4 9 9 8 8
438 1 9 2 9 8 3 1 1 7 7
499 7 10 2 10 3 7 1 9 7 5
454 5 7 1 4 10 4 7 6 9 3
324 3 1 7 3 5 9 3 3 9 3
443 9 10 1 2 9 5 4 2 6 3
419 9 10 4 3 1 6 7 3 1 8
513 6 4 3 8 10 3 3 8 8 7
304 5 6 5 2 1 2 5 9 2 2
434 7 9 10 3 5 7 9 6 2 2
484 3 8 5 7 10 9 1 10 3 6
476 10 10 8 1 5 3 5 7 6 4
593 10 3 9 8 7 2 6 10 9 10
478 7 2 7 3 8 9 8 6 10 5
480 8 1 7 10 7 6 5 4 6 7
467 4 8 1 10 8 8 5 2 1 9
456 4 10 4 5 4 1 5 6 8 6
454 9 5 6 8 6 5 3 7 2 4
25
529 3 10 7 8 2 5 6 10 9 6
390 3 9 1 6 4 8 4 3 1 8
410 5 5 8 4 3 1 5 9 6 4
331 2 6 1 1 8 7 9 2 5 3
420 5 4 2 9 10 10 3 3 3 3
467 8 2 9 8 6 3 1 3 10 5
431 2 9 7 5 4 8 4 2 6 8
550 7 10 8 5 10 10 6 6 3 5
510 9 4 9 10 9 8 3 4 6 3
380 4 3 6 2 10 5 6 1 1 10
278 1 1 5 2 6 3 4 1 1 8
384 7 8 5 2 2 1 10 3 1 8
459 8 1 1 7 7 9 7 5 3 10
616 7 9 8 9 9 2 10 8 1 10
603 8 9 6 10 10 1 3 4 10 7
415 1 5 5 5 5 3 10 5 7 7
375 3 1 6 5 9 4 3 3 7 4
387 2 2 4 9 10 4 4 3 5 4
425 6 4 10 4 7 8 1 6 7 4
336 10 1 4 2 5 9 6 6 1 3
476 1 10 5 6 6 5 7 8 3 7
426 6 4 1 10 6 4 4 3 3 8
477 8 7 6 4 7 7 4 9 9 2
548 4 9 5 10 4 5 8 6 6 9
442 3 3 6 5 9 2 7 3 10 6
25
456 7 10 5 5 2 9 5 7 1 8
419 2 3 8 8 9 5 5 6 4 4
403 1 9 5 8 6 10 3 7 4 2
505 7 10 6 6 8 6 2 8 3 4
503 9 3 10 3 7 5 2 8 8 8
541 2 7 8 9 9 3 5 9 8 7
374 3 9 3 1 9 3 7 10 2 1
469 9 8 1 9 6 3 2 3 9 5
376 6 8 10 1 1 9 3 6 8 3
435 10 3 6 1 5 7 10 6 10 4
492 7 9 10 1 5 7 9 9 10 1
363 4 5 5 6 4 2 5 5 4 5
527 10 7 4 9 3 6 10 8 5 6
446 7 7 4 2 4 7 7 2 9 9
463 7 6 8 3 7 1 9 1 9 5
481 3 8 8 4 10 1 1 1 10 8
488 2 8 4 9 9 7 3 2 10 5
497 9 9 7 6 2 4 8 4 4 8
385 7 7 4 7 1 5 10 3 2 5
485 6 3 9 3 2 7 10 10 5 10
261 2 4 1 1 5 4 10 5 1 2
554 10 9 7 10 4 7 4 1 10 7
515 8 9 7 5 10 8 8 3 1 5
417 5 1 1 10 1 3 7 8 3 10
346 1 4 3 4 7 5 1 7 6 5
25
383 7 8 7 2 7 3 5 1 5 1
444 4 5 5 8 1 6 7 3 9 10
561 6 10 5 7 8 1 4 6 10 9
388 1 10 1 10 3 6 5 9 1 1
316 1 1 2 7 9 7 9 3 2 2
494 9 5 5 5 6 6 5 6 6 8
344 4 6 3 1 2 6 7 2 7 8
422 7 5 4 3 4 7 4 3 8 10
362 4 6 2 4 6 1 3 8 8 1
437 9 1 1 6 8 10 3 9 10 2
470 8 7 10 2 5 3 10 3 7 5
384 8 6 3 3 5 9 8 6 1 2
410 5 2 4 3 10 3 3 6 7 5
443 5 2 3 10 2 3 1 10 8 10
340 2 1 1 2 2 5 8 8 10 6
527 5 8 9 7 8 8 10 7 8 2
462 8 4 6 1 8 7 7 1 8 10
466 6 6 6 7 7 2 6 8 5 4
198 1 1 2 3 6 5 1 2 1 2
370 3 3 1 10 3 2 6 7 10 1
309 5 2 3 4 2 8 1 3 5 8
444 8 3 4 3 10 10 8 2 1 10
456 6 2 9 4 3 9 9 8 10 5
372 6 6 7 5 10 1 2 3 3 1
417 7 7 10 4 1 2 7 6 2 5
25
448 1 8 6 6 3 6 2 10 2 10
472 4 1 10 7 9 5 6 6 3 10
395 7 4 1 4 4 2 4 7 10 6
499 9 5 7 3 7 10 5 10 3 6
518 2 4 2 10 8 8 9 10 10 6
471 5 10 4 9 1 8 1 4 10 6
397 7 3 9 6 1 2 2 5 1 10
386 1 5 2 10 1 2 2 6 9 6
363 3 9 3 7 2 3 3 7 2 3
443 6 3 8 8 9 6 5 1 7 2
411 6 1 6 4 10 10 10 1 4 4
383 2 3 8 4 4 9 8 6 7 4
403 4 4 2 4 8 5 8 4 8 6
364 3 1 4 6 8 9 7 1 4 7
450 4 7 9 4 4 3 6 6 1 10
459 2 7 6 10 5 9 1 3 6 8
383 1 9 5 2 7 10 2 2 3 9
364 4 2 6 4 5 10 2 3 4 8
494 2 4 9 2 5 2 10 10 10 10
345 5 7 6 2 1 10 6 10 1 3
505 8 2 4 10 10 5 6 9 6 2
526 10 7 9 8 8 9 4 2 7 3
392 1 8 4 7 7 2 8 8 3 1
421 2 6 1 6 8 5 8 9 7 2
396 4 7 7 6 2 7 4 5 1 9
25
363 1 9 8 2 4 3 4 2 2 8
400 2 2 1 6 8 3 9 10 4 4
366 5 9 1 3 10 9 3 1 2 4
428 2 1 3 7 8 1 2 7 8 10
397 10 3 2 2 8 7 2 8 4 5
470 8 5 10 10 1 3 8 3 10 4
431 2 7 4 10 3 5 5 9 9 1
403 5 9 3 1 1 8 9 8 5 5
432 1 7 10 4 8 5 6 4 1 7
398 5 4 5 9 1 10 1 2 4 10
456 7 9 5 3 9 10 8 2 7 2
484 9 5 5 9 4 2 8 5 7 6
610 7 9 10 9 9 4 5 7 4 10
299 5 3 2 8 5 2 3 2 3 1
389 2 5 3 7 9 1 3 2 5 6
460 8 2 10 3 3 10 7 5 7 10
322 5 3 10 4 3 2 4 2 4 5
356 2 10 4 1 7 4 3 7 4 1
315 3 1 6 2 10 9 2 4 4 3
456 1 9 7 1 8 10 9 10 2 7
352 3 9 6 6 2 4 5 1 4 4
448 5 10 9 8 3 6 9 1 2 6
545 2 7 10 8 6 7 5 10 8 7
383 9 2 2 2 5 8 6 2 6 9
506 1 5 10 9 8 8 3 5 7 8
25
388 10 4 6 4 6 3 5 1 1 7
434 3 9 1 3 9 7 9 3 5 7
307 2 5 4 2 6 1 5 7 1 4
467 8 4 5 9 7 8 5 3 5 6
362 2 6 7 2 1 9 5 6 9 6
421 4 3 7 2 10 4 5 4 8 7
489 3 3 4 10 5 6 5 8 8 9
491 10 3 5 8 10 10 8 3 1 6
402 3 9 3 7 2 10 4 1 5 8
564 9 4 5 6 10 6 8 8 4 10
367 3 8 3 2 9 8 1 3 5 5
459 5 2 5 7 9 3 7 8 4 7
523 10 8 3 10 10 8 1 5 1 6
417 5 4 10 5 10 9 6 8 1 1
315 9 9 2 2 2 3 7 1 1 2
465 6 4 9 7 5 6 7 7 9 1
476 8 2 3 4 8 2 10 8 10 5
348 8 4 5 5 5 4 2 4 4 1
384 6 6 3 4 7 10 8 2 3 2
393 5 6 1 5 7 2 1 7 4 7
306 3 1 3 5 2 1 8 2 10 3
488 4 5 10 9 6 9 2 4 10 5
383 1 7 4 1 7 3 10 2 3 9
417 8 2 4 7 5 10 3 6 6 6
320 3 1 3 5 4 2 4 1 10 7
25
419 4 1 10 4 6 10 7 7 10 2
435 1 10 10 7 2 7 8 3 9 1
427 10 1 2 9 4 5 8 5 1 9
489 1 9 8 5 9 2 8 8 1 9
585 9 8 1 5 9 1 9 9 8 10
407 4 8 10 5 1 5 4 4 8 4
398 3 9 8 8 3 1 1 4 8 2
475 1 10 2 3 10 7 9 8 5 7
563 10 7 10 4 4 2 10 8 10 8
501 9 2 2 10 7 5 6 4 9 6
416 9 8 5 1 6 3 4 9 4 2
341 2 10 3 4 1 9 7 2 5 4
386 2 6 8 1 8 1 8 4 9 2
477 9 4 4 9 9 10 9 5 1 2
486 4 9 7 8 4 1 8 9 4 5
382 1 10 6 1 6 8 9 8 4 1
428 7 2 9 9 1 2 8 7 8 2
423 6 6 2 7 6 8 10 3 8 2
419 4 3 9 2 8 1 4 10 1 9
472 4 4 6 6 9 5 7 4 7 7
512 4 8 1 8 10 6 1 7 5 10
324 1 2 6 2 4 1 6 6 7 6
380 2 7 8 4 7 7 6 5 1 4
586 8 8 9 3 9 10 7 6 9 9
436 9 9 7 2 6 2 2 4 4 7
25
473 8 5 10 9 4 3 3 5 3 6
309 1 6 5 5 2 4 2 9 4 1
467 7 6 3 5 6 8 10 5 6 5
405 9 3 6 4 1 1 5 8 2 9
389 9 1 2 9 5 3 8 3 6 1
435 10 6 7 3 4 10 3 3 1 8
466 4 9 4 4 2 8 3 10 9 7
443 9 2 1 9 9 9 10 5 3 1
309 4 1 3 3 1 3 6 10 5 6
458 6 7 10 2 4 7 4 5 6 8
419 8 1 7 5 4 3 10 10 4 4
420 6 10 2 4 1 2 5 10 4 7
481 9 9 5 7 1 1 9 6 10 4
579 9 7 10 9 10 7 5 4 1 10
583 8 9 1 9 10 3 6 1 9 10
389 4 7 8 2 3 1 1 6 10 5
338 4 4 7 3 2 2 5 8 7 2
484 3 7 8 5 5 10 7 1 10 10
454 7 10 1 3 9 3 5 2 10 4
408 9 6 1 2 10 8 9 3 3 3
307 1 2 3 3 8 9 3 5 4 4
381 3 1 7 6 8 9 9 2 1 7
307 2 4 7 1 4 7 2 8 9 1
379 6 6 7 5 4 8 3 3 5 2
484 4 7 3 8 9 1 7 5 7 4
25
380 10 2 6 9 1 2 3 8 1 3
358 10 3 9 1 1 4 8 6 7 2
400 8 5 5 3 2 6 5 4 3 9
409 4 4 9 8 7 6 5 1 2 6
443 4 2 6 3 10 8 10 8 9 1
299 5 3 6 3 9 1 4 1 1 2
346 7 5 4 2 4 7 7 7 2 1
413 5 2 3 9 10 2 2 3 2 8
392 9 2 5 1 2 4 6 8 2 10
393 10 2 2 1 1 5 3 6 10 9
530 2 4 3 9 10 6 8 7 6 10
407 7 3 7 5 9 7 3 1 10 1
326 1 5 3 6 6 5 7 1 5 3
522 8 8 8 1 10 9 8 3 8 7
451 2 9 8 1 9 10 4 6 8 5
405 2 9 10 7 2 1 1 7 5 4
311 9 3 4 1 1 5 2 3 2 10
511 7 5 7 6 9 5 9 9 10 1
330 1 2 7 5 1 8 7 7 10 1
539 8 10 8 2 5 4 7 6 10 8
449 8 1 8 8 5 5 3 5 9 4
369 6 8 6 4 2 2 6 3 9 2
506 10 10 10 1 1 1 4 10 9 8
420 9 7 1 4 9 9 1 3 8 3
546 2 10 10 10 4 3 4 8 8 8
25
466 2 9 7 8 7 10 2 6 4 6
545 8 8 9 5 10 3 10 3 2 8
499 4 8 4 10 10 5 6 5 7 2
438 10 8 6 5 8 4 5 3 1 2
411 4 10 6 1 8 2 3 8 8 1
415 10 2 8 7 3 6 7 8 3 3
372 3 5 1 5 8 3 4 5 5 6
350 3 1 5 5 4 9 6 1 8 8
469 9 5 8 3 6 6 9 3 9 3
474 5 5 4 10 9 10 6 8 3 1
499 4 7 5 8 4 1 3 9 10 8
242 2 5 1 2 1 9 2 3 5 5
464 6 10 1 9 9 6 2 3 8 2
503 6 4 9 3 9 9 8 9 5 7
343 9 8 2 1 4 7 1 10 1 1
455 2 2 3 3 10 7 9 10 2 10
425 5 5 8 7 3 7 6 2 5 7
421 6 1 6 5 5 10 9 3 9 6
516 10 7 7 8 4 3 4 7 10 3
323 1 3 1 10 1 2 5 2 5 7
434 7 4 7 1 8 8 2 10 9 3
490 10 2 6 5 10 9 3 8 3 7
439 8 9 9 4 1 3 8 8 2 5
377 2 4 3 3 9 9 7 2 5 7
503 6 9 10 10 4 4 1 9 1 6
25
336 4 7 6 5 1 6 1 7 6 1
445 7 4 10 6 1 5 9 7 3 6
522 10 4 4 10 2 10 3 9 5 10
479 10 9 10 7 2 7 6 2 1 7
293 3 4 1 1 2 8 9 3 9 3
395 6 1 8 5 1 6 8 4 10 5
421 5 3 7 10 6 1 4 7 1 4
405 4 10 3 3 8 7 8 6 2 1
478 6 8 8 3 10 9 4 6 3 6
444 2 9 1 4 6 10 8 5 4 10
356 4 3 8 1 1 4 10 10 4 5
459 2 10 9 6 2 1 6 5 2 10
431 10 4 6 5 4 1 5 6 6 4
436 1 7 6 7 3 8 4 9 3 9
363 9 5 2 4 6 10 9 1 1 3
359 5 1 5 10 2 1 9 6 5 1
471 10 4 2 10 10 8 4 2 3 5
425 4 3 2 8 8 5 4 5 2 10
565 10 7 1 10 7 10 8 4 10 5
477 10 1 6 7 5 9 4 8 8 7
298 2 6 2 3 6 4 2 2 7 1
358 1 4 7 5 8 6 2 9 2 2
418 4 8 10 4 8 1 8 3 4 3
452 2 4 5 3 9 10 10 7 9 4
509 6 6 2 3 9 9 6 8 9 9
25
443 5 8 6 3 6 7 2 2 7 10
459 7 5 3 7 6 7 1 6 10 4
465 3 10 4 2 6 3 5 10 6 8
460 3 7 4 7 8 1 3 4 6 9
458 1 9 4 9 6 1 2 8 10 4
442 10 9 2 9 3 7 7 5 1 3
373 7 9 10 6 2 10 1 3 1 2
413 6 1 9 6 5 5 4 3 1 10
486 5 8 3 9 7 5 5 10 9 1
480 10 10 7 7 5 2 4 2 4 5
306 4 2 1 4 2 7 9 2 10 3
562 7 9 5 10 10 9 6 4 9 3
535 7 9 1 10 2 10 5 5 7 10
400 5 2 8 7 6 7 5 6 3 5
404 5 6 2 9 3 7 7 5 5 3
459 6 4 5 10 8 9 9 1 8 2
476 8 9 6 2 3 10 8 10 1 7
300 7 4 5 2 1 2 8 4 1 5
378 1 4 7 9 6 4 3 7 2 3
549 7 6 8 7 10 1 4 10 9 3
374 9 3 8 1 4 10 10 2 3 4
497 5 7 7 10 9 2 8 4 1 6
426 9 2 7 1 8 9 6 3 4 8
353 1 2 8 3 9 2 6 4 3 6
462 9 10 9 3 5 2 4 1 3 9
25
430 1 8 5 4 6 10 2 8 5 7
297 1 4 9 1 1 4 2 7 4 7
371 6 2 5 8 6 8 7 1 4 2
448 8 6 4 10 2 4 2 9 2 5
441 8 7 5 1 2 4 6 2 10 9
432 7 2 2 8 8 2 9 1 5 8
392 2 7 1 6 2 2 4 10 2 8
447 7 9 1 8 5 4 5 4 7 4
438 8 2 5 2 10 6 7 9 6 4
364 5 3 5 6 5 5 5 5 8 1
346 9 1 3 3 4 8 7 2 7 3
410 3 3 4 7 8 6 9 8 7 1
474 6 8 3 1 8 2 10 4 9 8
354 3 3 4 4 10 2 8 2 3 4
555 8 10 6 4 7 2 8 5 9 8
493 7 3 1 9 3 10 3 9 10 8
462 10 1 1 8 10 5 3 8 8 2
405 2 1 6 2 10 4 3 10 6 6
601 10 10 7 8 10 9 7 8 6 3
431 4 4 10 6 6 7 5 10 6 2
632 10 10 10 10 8 7 6 7 8 4
438 4 1 7 5 5 5 10 8 1 10
334 1 2 10 2 1 7 10 7 5 4
410 2 6 3 7 3 9 5 9 6 6
282 2 6 2 3 3 9 6 7 1 2
25
427 7 9 8 4 4 4 5 10 1 2
339 3 5 7 2 2 6 8 5 7 4
386 5 7 4 3 3 3 4 1 7 10
520 8 3 10 10 1 9 5 6 8 8
441 10 6 8 10 3 3 1 5 4 2
357 4 4 5 3 4 3 9 8 3 4
310 1 5 7 2 9 2 4 3 1 4
463 5 4 6 10 10 10 5 4 8 1
482 8 6 5 8 10 4 6 4 5 1
319 1 4 4 10 1 1 4 1 5 7
378 2 7 5 4 1 6 4 5 9 6
315 6 4 5 10 2 6 3 1 3 1
462 10 9 2 1 8 1 9 7 3 5
371 4 7 7 9 1 3 5 3 5 1
406 1 10 8 1 8 5 5 3 10 3
428 6 10 3 9 1 5 3 1 7 7
324 1 6 4 7 4 3 5 1 7 2
346 1 1 6 8 1 10 2 7 8 5
240 5 2 1 7 2 9 3 2 1 1
428 6 5 8 7 4 9 4 1 8 4
568 1 10 9 10 9 6 6 1 8 10
339 6 9 3 1 1 8 3 4 4 5
422 2 8 5 5 6 4 3 1 7 9
492 8 8 7 6 8 8 1 6 1 8
349 3 1 6 3 8 10 5 1 2 7
25
574 5 10 10 9 6 4 3 7 9 7
345 3 6 1 1 8 7 10 6 1 3
488 4 10 9 4 8 6 6 2 9 3
339 4 1 2 5 1 4 8 7 8 6
455 10 7 3 5 1 2 6 6 3 10
410 2 6 4 3 4 8 9 8 4 7
502 8 3 10 3 6 10 5 7 10 8
409 6 3 3 7 7 4 9 9 4 1
281 2 6 1 4 2 1 2 1 4 6
472 8 6 5 5 7 10 8 3 9 3
465 4 2 7 5 9 3 7 9 1 9
475 4 5 10 8 3 2 9 3 8 9
457 3 10 1 10 2 2 3 7 4 10
469 8 6 7 7 9 2 10 6 4 1
432 9 5 10 7 2 10 7 6 3 3
380 5 6 7 1 5 6 3 6 1 9
341 1 3 3 3 3 1 8 9 5 8
428 3 6 6 9 5 6 3 2 1 10
358 4 3 5 8 8 1 4 1 1 5
489 7 9 10 8 2 9 5 6 5 5
375 7 9 3 9 3 3 1 5 3 1
449 5 7 4 3 10 4 1 4 7 8
337 5 7 1 5 5 1 3 3 6 2
316 9 2 4 3 5 7 2 1 8 1
461 4 7 7 9 5 9 10 3 1 6
25
453 10 4 10 2 6 2 2 5 3 10
430 4 3 10 8 7 10 6 1 4 5
464 3 9 3 1 4 1 9 9 8 10
300 2 5 10 1 1 8 2 7 1 4
339 5 2 6 5 4 3 5 2 7 4
568 10 8 6 8 5 10 9 10 5 5
376 4 1 3 9 9 4 2 2 3 5
474 10 3 8 6 4 4 7 1 6 9
231 3 1 6 1 1 6 2 6 1 5
430 4 10 4 9 1 10 3 8 1 6
399 1 1 7 7 10 2 5 9 3 3
355 5 8 5 1 2 2 3 8 1 7
364 7 1 7 8 1 9 6 9 3 2
481 9 3 9 6 10 6 3 2 4 8
414 7 1 5 1 9 4 3 4 6 10
444 3 1 4 9 8 5 4 4 6 10
455 5 1 9 4 10 5 9 2 7 7
413 1 3 8 4 10 6 1 1 10 7
522 9 8 10 8 5 8 10 5 1 5
510 6 7 3 4 7 7 2 10 6 10
478 2 10 3 8 8 8 4 1 3 9
407 2 1 6 3 5 9 7 6 9 10
456 6 4 9 8 2 8 4 10 1 8
461 9 8 2 2 3 9 9 4 6 8
464 10 3 10 4 5 10 1 5 7 6
25
510 3 10 8 6 6 9 5 5 7 7
448 8 4 2 1 5 10 9 8 2 10
482 3 7 9 4 8 4 3 9 6 6
281 1 1 2 5 9 7 4 2 5 2
417 8 2 5 9 3 9 3 4 6 5
532 9 10 4 10 4 5 8 10 6 1
562 10 1 9 8 7 1 7 8 9 9
491 8 4 8 10 8 7 1 9 2 4
527 7 9 4 7 10 1 5 1 5 10
334 3 2 8 2 10 6 4 1 4 3
334 5 2 6 6 1 5 10 2 7 3
422 3 3 6 10 6 7 9 2 4 5
383 6 1 2 9 7 5 4 6 5 1
436 9 1 7 6 3 9 8 7 9 2
456 7 3 7 7 8 10 5 5 5 4
504 8 10 7 4 9 2 2 6 7 3
427 7 8 1 3 2 3 7 10 6 6
572 9 9 10 3 9 7 4 5 8 9
383 5 1 5 8 5 7 5 4 10 1
460 6 9 7 7 4 1 6 6 6 2
548 3 2 9 10 7 8 9 8 8 9
399 1 4 8 10 3 8 1 2 8 6
504 9 9 3 7 3 4 8 7 8 4
445 8 4 4 9 1 5 8 6 5 7
499 10 8 8 7 4 8 7 5 7 3
25
343 8 7 1 2 1 7 2 5 9 4
450 7 4 5 9 8 1 7 9 2 2
555 8 9 1 10 6 9 2 4 8 10
518 10 8 2 6 7 7 8 10 9 1
462 10 4 7 1 3 9 5 4 10 9
427 5 5 5 2 6 9 5 9 1 9
454 2 8 7 10 4 3 6 5 6 4
437 8 1 3 6 7 9 2 9 5 6
496 9 10 4 7 9 5 1 3 5 4
400 9 5 9 2 2 6 8 5 6 4
492 8 7 8 1 4 3 10 1 10 10
477 2 5 2 9 10 8 6 2 5 9
477 5 9 4 5 7 1 6 2 9 6
460 8 6 2 5 1 10 10 10 4 6
422 7 1 7 2 7 5 3 8 8 5
460 3 7 6 4 5 7 6 9 8 5
497 6 6 9 3 4 9 10 8 10 6
458 8 4 10 5 4 9 1 3 10 7
388 5 3 10 4 3 6 10 2 2 7
417 6 7 3 2 5 3 7 7 2 9
356 2 6 4 2 10 5 9 2 4 3
435 8 1 9 9 2 3 2 7 9 6
460 9 4 6 6 6 5 3 1 8 9
394 7 5 8 7 1 4 7 6 3 3
426 6 6 9 4 2 10 1 9 7 5
25
364 4 2 5 7 9 8 3 1 6 3
354 4 7 6 2 3 6 2 2 1 10
283 5 2 5 2 6 1 4 3 2 3
603 10 3 8 9 10 1 8 7 10 8
546 10 10 10 2 5 6 9 5 1 10
442 3 4 1 6 10 1 7 8 3 8
402 10 9 1 2 5 1 6 5 2 6
324 2 1 7 2 7 6 3 8 4 3
435 1 9 3 2 9 2 3 6 9 7
333 1 5 6 2 5 2 2 1 4 10
279 1 3 10 4 2 4 10 1 1 4
434 2 1 8 9 1 10 8 8 2 10
505 5 8 1 7 10 5 4 9 2 9
329 3 4 9 1 2 4 6 6 4 5
341 2 9 8 10 1 7 3 1 1 1
398 9 5 1 5 2 2 9 6 2 8
438 4 10 7 2 2 7 4 9 6 8
505 10 7 10 4 10 9 3 1 6 6
444 7 1 4 5 6 8 3 7 10 8
426 1 9 6 4 8 2 10 3 5 5
400 5 5 6 3 7 3 10 1 9 4
462 5 6 1 10 8 7 6 5 10 1
385 5 5 4 3 8 10 7 3 1 7
555 7 9 5 5 10 4 7 6 8 7
428 7 8 8 4 5 8 4 3 2 5
25
478 5 9 6 3 9 3 2 5 6 7
405 3 7 4 6 6 1 10 4 2 5
392 10 3 7 3 5 6 7 3 3 4
498 1 4 3 8 10 7 6 4 10 8
449 1 7 6 5 9 10 5 4 7 6
461 8 4 1 8 2 4 10 5 10 7
440 5 10 2 1 7 2 6 7 4 9
354 2 8 1 8 4 2 9 3 1 4
378 1 7 1 2 10 2 9 8 6 2
371 5 3 8 5 7 3 6 2 7 2
348 2 1 6 1 2 2 2 9 9 10
479 2 2 8 8 9 3 4 6 7 9
518 8 7 7 5 7 7 8 6 10 2
317 3 2 2 1 4 8 8 10 3 4
392 5 1 3 9 2 10 2 8 5 8
471 6 8 7 8 8 6 2 2 9 2
411 5 6 8 4 4 1 4 2 2 10
349 4 2 7 5 1 10 3 8 5 5
364 5 6 3 7 2 6 10 7 3 1
410 2 3 9 1 10 2 9 6 5 5
441 10 3 3 3 1 1 6 6 10 9
338 5 1 5 6 5 2 2 6 3 6
378 5 5 9 1 6 10 1 8 7 2
402 8 2 3 7 7 3 3 2 7 5
284 4 3 2 4 4 5 2 1 8 2
25
507 9 1 10 6 9 9 2 8 9 4
252 2 1 6 5 1 1 4 4 9 1
547 1 8 8 9 7 5 5 7 6 10
453 7 4 8 5 3 3 5 5 7 8
377 2 10 6 2 5 2 6 10 2 2
458 9 5 6 9 2 6 5 4 10 4
462 4 9 2 3 8 1 10 4 4 9
363 1 4 10 1 6 2 7 2 5 7
381 5 8 1 1 2 4 10 7 6 6
400 5 4 5 2 5 1 1 7 7 9
518 8 3 10 10 9 8 3 5 3 5
371 4 1 2 8 7 5 2 1 3 9
335 1 5 8 2 2 9 6 5 5 6
332 5 2 6 7 3 5 4 9 1 1
455 10 8 8 2 3 9 2 8 1 8
546 5 7 8 10 9 5 3 9 6 4
388 3 8 2 1 2 5 5 3 10 9
424 10 1 4 9 5 5 2 4 5 5
360 2 7 6 4 2 5 10 8 4 2
393 7 5 2 3 4 7 8 7 7 3
579 6 10 10 1 10 9 1 10 10 7
387 3 5 1 10 3 4 6 3 3 8
480 7 9 9 5 3 1 8 10 2 5
452 5 2 10 10 6 6 9 6 5 1
436 6 6 6 5 7 1 6 8 6 3
25
568 5 3 10 9 9 8 10 4 9 8
456 9 9 1 9 6 1 1 1 7 6
288 3 3 2 1 4 6 7 4 2 6
503 5 10 3 9 7 2 7 1 7 8
346 5 5 3 6 8 3 1 7 1 1
486 5 7 3 9 3 8 2 5 9 8
365 3 9 2 7 5 7 6 2 5 2
356 3 1 10 2 4 6 3 8 6 7
459 8 3 6 3 3 5 10 6 7 8
564 8 9 5 7 3 10 7 7 7 10
528 8 10 3 5 6 10 7 2 9 7
448 10 9 10 2 2 5 2 7 1 9
446 4 10 8 1 1 7 9 6 8 8
421 8 3 9 3 7 5 9 6 1 5
481 2 2 9 10 10 7 4 5 9 4
538 4 10 4 9 10 10 7 4 9 3
342 4 9 2 1 4 10 4 7 6 1
458 8 1 4 7 9 3 8 2 1 10
517 2 9 2 9 8 10 1 6 9 8
543 7 5 5 9 10 7 3 6 7 6
476 4 9 7 10 7 9 4 4 4 4
457 9 4 1 8 10 1 1 7 1 7
323 2 2 1 2 8 1 5 5 6 5
324 5 5 7 10 1 5 1 1 2 3
561 7 4 10 10 7 2 7 8 6 7
25
358 3 3 3 8 8 6 5 4 1 5
528 2 8 4 8 9 9 6 8 4 10
489 5 8 3 5 7 6 8 3 8 8
367 2 7 9 3 9 5 5 5 2 1
449 6 3 1 7 6 5 2 8 10 8
457 4 7 9 9 1 2 9 2 6 7
339 3 8 9 3 2 3 4 1 3 5
396 2 8 3 9 5 5 8 3 3 2
339 6 1 7 4 4 10 5 2 7 3
416 2 10 2 6 9 2 5 5 8 1
397 2 4 1 6 3 3 3 10 7 10
508 5 6 9 8 9 1 6 7 5 6
429 10 3 4 3 10 5 2 6 6 5
353 5 2 2 3 10 8 5 4 9 1
458 2 9 6 9 4 7 9 9 2 3
401 6 5 4 7 6 4 4 5 5 2
408 10 1 5 4 7 2 1 3 6 8
413 8 1 5 4 8 2 4 6 4 8
426 3 6 2 6 9 5 9 2 10 3
413 8 2 10 5 5 8 4 4 4 6
443 10 6 2 9 5 10 1 7 7 1
312 1 5 2 4 4 5 6 6 6 3
537 7 3 9 9 10 9 5 10 3 6
429 10 10 1 5 3 8 8 1 8 1
457 3 7 2 9 1 9 6 9 8 8
25
374 8 2 4 1 5 10 1 5 3 9
427 4 2 3 8 8 3 2 7 7 7
354 7 10 9 2 3 3 2 1 4 3
365 1 7 5 6 1 5 5 10 6 2
475 5 7 1 10 8 4 10 2 3 7
421 7 6 2 5 6 1 1 6 6 6
444 9 2 6 7 5 6 9 9 3 4
385 9 4 4 1 5 9 5 7 1 6
384 7 8 4 1 4 10 8 1 9 2
395 8 8 1 9 4 2 8 5 1 2
410 3 4 9 10 8 8 6 2 2 1
392 5 5 2 5 9 2 8 2 4 4
485 8 2 3 4 10 7 1 9 8 8
496 5 6 10 5 6 1 5 5 6 9
311 2 2 5 8 4 3 2 4 4 4
418 9 4 2 10 1 2 3 7 4 7
530 8 6 8 8 2 2 5 9 7 9
341 1 5 7 9 3 7 6 1 2 3
467 8 10 1 7 5 7 4 9 7 1
414 5 8 4 5 4 4 9 2 9 4
417 4 7 2 6 5 1 9 8 4 4
461 6 6 10 9 3 7 9 7 2 2
405 7 6 7 1 10 10 8 3 3 1
418 4 7 9 4 8 8 3 6 3 4
359 10 3 6 1 6 7 2 4 2 5
25
437 5 9 8 3 7 2 10 3 3 3
449 5 9 5 5 9 6 6 1 1 6
370 8 1 3 1 5 10 6 3 10 6
452 8 2 3 6 9 7 3 3 9 6
436 7 6 6 2 10 6 7 4 2 5
363 9 8 3 2 1 2 2 4 2 7
432 4 6 7 6 2 2 5 9 8 4
306 2 4 7 5 2 6 6 1 7 1
479 6 10 4 6 4 10 8 5 3 6
544 10 6 3 6 9 6 4 8 3 10
371 5 1 7 2 1 2 9 10 6 8
382 9 8 3 3 8 3 4 3 3 2
436 3 2 2 9 5 10 8 2 5 10
417 2 9 2 5 6 6 10 4 5 6
538 8 3 4 8 6 6 8 9 10 8
460 7 1 7 9 8 1 4 4 9 5
459 2 5 10 7 1 6 9 8 3 9
521 9 9 5 6 6 6 7 6 2 8
322 6 3 2 7 3 3 9 1 1 6
420 9 9 4 7 3 1 8 7 1 1
470 7 6 7 1 10 9 9 7 5 2
364 2 8 5 5 10 3 1 4 4 1
272 1 2 5 3 4 8 1 9 2 3
455 10 7 6 5 1 4 7 10 6 3
553 5 10 5 9 9 8 3 3 8 6
25
430 7 8 9 8 1 2 8 4 1 4
552 7 10 2 7 4 10 6 9 10 7
551 9 5 3 8 9 10 9 4 3 9
442 7 9 6 10 2 1 9 5 2 3
423 7 7 1 4 6 10 1 9 3 7
269 1 5 1 5 2 2 7 6 2 3
534 2 10 7 9 6 4 10 7 4 7
347 3 3 3 7 2 5 7 7 3 4
403 2 8 3 8 10 10 1 2 1 4
496 4 7 4 8 5 10 7 8 1 9
441 9 4 10 4 9 1 5 3 5 3
426 2 8 1 6 2 7 8 4 8 9
377 5 4 2 10 3 4 9 2 3 5
438 8 10 1 5 4 6 9 9 2 3
328 8 7 5 1 1 2 4 3 10 2
258 2 4 8 3 1 6 3 3 3 4
373 5 2 4 10 2 8 1 6 10 3
382 3 4 8 4 7 10 4 2 10 2
428 2 1 10 3 6 10 7 6 4 10
516 4 4 7 9 9 5 8 8 5 6
586 3 6 8 6 9 10 7 9 10 9
562 5 6 8 9 10 9 1 6 10 6
482 5 10 7 7 5 1 10 1 7 5
343 2 4 1 4 2 2 3 10 5 9
445 9 10 1 2 5 9 8 4 9 2
25
485 3 6 7 8 8 6 6 6 3 8
436 3 8 1 6 2 8 10 4 10 5
535 1 8 10 8 8 1 8 5 3 10
387 1 10 3 8 8 5 6 4 2 1
425 5 7 2 6 9 2 2 5 1 8
513 10 8 2 10 10 2 1 7 4 2
362 8 3 2 9 5 6 2 6 2 2
351 10 8 1 2 2 9 5 4 6 2
406 5 10 3 2 5 2 7 9 2 5
312 1 4 8 2 6 7 2 2 2 7
387 2 4 2 10 3 5 7 10 2 4
544 6 6 10 8 9 6 5 4 7 6
474 5 1 3 8 10 3 9 3 6 8
470 8 3 3 5 6 4 10 2 9 9
433 10 7 4 10 3 3 1 1 3 5
549 8 5 8 9 10 9 6 5 4 5
409 5 6 4 10 4 2 1 7 5 3
381 1 7 4 7 1 10 5 5 8 4
371 5 1 5 3 2 3 8 3 8 10
391 1 8 6 9 8 8 1 1 1 4
438 9 6 2 4 5 2 5 7 9 5
243 2 3 1 3 1 1 4 9 6 2
352 5 5 2 5 6 5 3 2 6 5
432 4 10 4 7 9 5 4 1 3 5
375 7 2 5 5 4 7 3 10 6 3
25
327 2 1 6 10 4 6 3 2 10 1
361 2 2 3 10 8 10 4 1 1 5
344 7 3 3 8 2 6 9 3 6 1
387 2 8 4 8 1 3 3 7 2 8
490 5 7 8 8 9 6 6 5 3 5
437 9 5 1 3 9 1 1 10 4 5
467 5 7 2 10 2 10 7 1 9 7
453 8 3 4 9 9 3 5 1 5 5
354 5 4 2 6 8 4 3 1 8 2
413 10 5 7 3 1 2 3 8 9 3
413 3 2 7 3 9 3 3 10 9 4
444 1 8 1 4 4 2 6 7 9 10
542 6 5 9 8 9 3 9 9 9 1
396 1 3 6 5 4 8 5 1 9 9
545 7 6 9 7 10 8 5 9 7 4
433 4 7 7 1 10 2 6 6 4 5
521 8 8 5 10 6 5 10 5 2 6
460 8 3 1 10 2 5 10 4 8 6
535 10 6 3 7 7 9 10 4 6 6
369 3 4 2 4 6 10 1 3 5 9
412 8 5 10 3 5 9 8 6 3 1
413 1 3 5 5 9 6 7 1 3 10
594 9 2 9 10 9 8 3 7 7 10
457 4 4 3 3 8 9 10 2 10 8
346 9 3 6 1 4 10 4 1 3 8
25
294 2 1 6 4 4 7 2 3 1 9
382 6 1 3 3 7 3 8 6 2 7
525 5 10 10 5 6 3 10 1 5 10
386 10 4 6 3 1 3 6 10 2 5
322 1 4 3 5 7 4 9 7 3 1
482 5 9 5 8 8 2 6 3 8 3
487 10 3 4 10 4 8 2 2 6 10
426 8 5 3 4 1 1 5 5 10 9
434 8 7 1 3 5 5 3 6 4 9
529 10 5 4 8 9 1 10 9 6 1
400 8 3 4 8 5 7 8 1 3 6
530 9 8 3 7 5 10 10 3 5 8
449 4 6 8 2 6 5 10 10 10 2
366 9 3 2 2 2 3 10 1 4 10
483 2 10 8 6 2 5 6 5 10 9
462 8 10 9 6 2 1 2 4 5 6
412 5 8 7 4 2 9 1 3 5 10
569 7 5 10 5 9 2 10 10 4 9
371 5 7 7 3 7 6 2 2 5 4
486 9 1 4 9 3 9 5 10 9 5
367 1 9 2 3 6 2 3 1 5 10
352 7 3 4 3 1 3 8 2 10 4
527 1 9 10 8 1 4 10 10 9 7
347 6 2 4 6 4 1 3 2 10 2
330 7 1 1 8 2 7 3 3 4 5
25
443 10 1 7 2 2 7 5 9 10 6
394 7 10 3 5 2 1 1 8 1 5
305 4 4 2 9 2 1 2 2 1 6
543 10 1 9 2 10 2 4 10 7 10
516 9 4 10 8 8 8 3 6 7 3
489 9 8 8 9 3 4 5 2 4 6
357 3 1 7 8 6 3 2 1 4 6
425 7 9 1 10 1 9 2 10 3 3
313 2 4 4 4 2 10 3 2 9 4
459 10 6 6 1 5 7 8 5 10 5
432 10 6 4 4 10 2 4 6 1 3
597 8 6 9 6 10 6 10 5 10 7
479 10 10 2 3 5 4 8 2 9 5
521 9 9 10 3 5 8 9 1 10 6
379 7 5 3 1 7 7 4 5 7 3
501 2 7 6 9 7 9 3 9 4 8
384 6 3 9 8 1 2 2 9 5 3
481 6 7 7 3 5 7 7 6 5 9
423 4 8 9 3 2 8 7 10 6 2
374 10 9 3 2 3 6 4 3 8 1
372 2 5 6 3 7 6 7 10 1 3
416 7 5 7 7 5 5 2 8 2 4
443 8 2 2 10 4 10 8 6 7 2
372 1 1 10 2 8 4 9 10 1 4
460 1 8 9 9 2 5 10 3 8 6
25
435 10 5 7 3 4 3 6 10 2 6
506 8 4 10 5 8 7 3 10 2 8
527 6 9 5 9 6 5 9 5 8 3
530 5 10 6 7 7 2 3 2 9 10
470 5 6 8 3 8 6 8 7 8 2
505 9 6 10 9 1 3 10 1 5 10
397 7 9 5 1 4 10 4 10 2 3
426 3 7 2 4 9 10 3 3 4 9
337 3 2 1 9 5 10 10 8 1 1
399 6 2 9 9 3 9 4 5 6 3
477 1 6 10 6 2 2 9 8 8 10
603 5 10 3 5 10 5 9 8 10 8
484 10 1 8 2 10 1 5 4 8 8
521 9 10 3 8 5 6 2 2 9 7
471 9 6 5 7 7 7 4 9 7 1
505 3 9 10 9 4 1 4 6 3 9
513 9 7 9 3 2 8 5 10 4 10
338 1 5 7 5 5 4 2 7 3 2
411 1 2 7 10 8 7 4 4 7 3
462 6 7 6 4 7 3 3 6 8 6
319 7 3 5 1 1 8 1 4 2 9
293 1 2 3 7 1 4 2 2 9 6
584 8 8 6 8 10 1 6 8 9 5
457 6 9 8 9 4 5 8 7 3 1
513 7 3 7 5 4 3 10 10 8 10
25
406 3 8 4 4 2 10 9 2 7 7
425 2 9 1 9 5 5 8 2 2 9
413 6 7 6 2 3 4 7 5 2 9
475 8 6 6 9 4 9 8 8 1 5
474 8 7 7 4 8 4 7 4 1 7
500 7 3 4 10 8 6 3 3 10 7
325 1 7 8 3 1 2 10 7 2 4
408 7 3 9 3 1 4 10 5 6 6
401 6 4 3 6 1 4 8 4 7 9
453 6 9 7 10 2 7 2 8 4 2
527 9 7 6 8 7 4 10 3 1 9
364 3 9 2 1 8 7 8 6 4 1
385 4 7 10 8 1 9 2 4 8 1
403 7 3 9 4 2 7 1 10 3 6
495 9 7 1 4 7 8 8 10 7 5
467 2 7 6 8 6 6 7 6 2 7
388 7 2 6 2 4 8 4 5 4 8
435 1 7 6 6 6 2 1 9 8 6
390 6 6 8 1 1 9 5 4 7 8
350 6 1 1 6 4 2 10 6 7 2
368 2 8 2 7 8 4 2 9 1 1
556 9 1 6 9 8 6 7 9 5 10
389 4 6 1 4 3 8 7 4 6 9
497 9 6 7 3 9 5 10 1 6 8
577 9 8 10 10 9 7 8 3 8 1
25
395 5 5 1 3 6 3 9 3 5 8
380 7 2 3 1 9 3 4 1 9 8
593 5 9 9 9 9 3 2 5 8 9
426 3 4 4 9 4 2 6 10 3 6
591 8 8 9 5 6 9 10 9 2 10
399 1 5 10 6 7 10 10 1 1 6
463 4 8 3 10 10 10 3 2 1 5
544 6 10 8 10 2 7 10 5 2 10
448 6 7 4 7 8 1 6 1 8 3
470 6 5 10 1 9 4 8 6 5 7
372 3 2 2 7 5 2 4 8 10 3
465 5 4 8 7 9 5 1 8 5 5
467 2 9 8 7 7 4 5 7 8 3
552 4 10 1 7 7 4 9 10 6 10
393 1 3 9 4 7 5 2 10 3 7
412 6 3 1 8 9 1 2 1 1 10
427 7 2 4 1 10 4 4 5 10 6
502 7 8 3 2 10 10 9 3 3 9
330 7 2 9 3 2 2 2 3 10 1
474 8 4 6 9 3 10 7 4 2 10
437 4 3 9 7 8 5 9 7 1 4
459 5 8 6 4 6 3 9 2 3 10
350 3 3 2 2 8 7 2 10 10 1
571 7 4 10 9 8 7 1 9 9 9
397 2 4 4 8 7 5 6 4 4 4
25
436 2 3 7 6 5 7 1 9 10 6
400 2 2 7 4 9 4 2 10 9 3
457 1 7 6 3 7 9 6 8 5 8
577 6 9 10 7 7 5 8 10 9 3
355 1 3 6 8 6 10 2 10 4 1
413 7 9 1 4 10 3 6 7 1 2
458 1 6 4 10 9 7 6 2 7 6
408 4 7 5 6 2 1 4 2 9 9
305 2 2 1 7 1 3 1 2 7 9
357 6 1 3 9 10 2 5 2 1 3
472 3 5 10 9 4 5 1 9 3 9
464 8 7 6 8 3 1 6 3 8 6
328 1 6 1 9 5 4 3 6 5 1
434 8 5 4 6 3 9 9 1 3 10
406 1 3 2 8 7 5 1 8 9 6
413 9 1 8 3 6 3 6 8 9 2
406 7 2 9 6 2 10 7 4 4 7
535 8 10 9 7 4 10 6 9 7 2
423 9 5 8 4 6 5 4 4 7 2
330 3 9 3 4 4 6 4 2 2 4
355 1 10 3 2 8 9 4 4 1 4
438 3 3 6 2 8 7 8 10 2 8
359 7 7 4 3 6 9 1 7 2 1
397 8 4 3 8 2 6 5 5 1 6
409 8 2 1 1 6 4 10 9 2 8
25
362 1 10 4 3 2 7 8 8 4 3
370 4 3 10 8 2 1 7 8 4 1
528 10 4 8 8 7 8 7 5 8 5
359 2 3 5 6 4 1 6 7 10 1
453 7 8 5 3 3 7 3 5 6 10
571 8 7 5 8 9 9 7 7 3 10
379 1 1 7 8 9 6 3 8 1 5
506 10 4 4 8 10 5 9 3 1 6
503 10 1 3 10 7 4 7 3 5 10
415 2 2 10 9 8 7 3 8 5 1
450 10 7 4 7 1 10 6 2 9 3
509 9 7 2 10 5 9 9 10 6 1
447 3 6 8 7 9 7 9 2 2 6
413 6 5 1 10 1 5 3 6 1 10
442 6 5 9 6 6 4 7 7 1 4
366 3 9 9 1 9 2 7 1 2 3
461 5 10 2 9 4 6 7 6 3 4
285 1 4 2 4 1 10 5 6 7 2
393 6 5 8 1 8 6 3 1 9 4
587 7 8 4 8 8 4 8 3 9 10
439 4 10 2 1 6 2 5 6 6 10
383 1 7 1 7 1 4 9 9 7 5
430 1 10 2 10 8 2 1 7 4 4
357 5 6 10 4 4 6 2 10 1 1
425 7 8 5 3 8 9 5 3 2 6
25
473 8 4 5 9 1 5 9 7 5 7
299 4 5 5 4 1 6 2 2 7 2
492 3 10 1 9 6 5 8 9 5 4
528 8 9 3 1 10 7 8 10 8 3
510 4 10 3 7 4 7 10 10 8 3
309 10 2 7 6 2 7 1 2 3 2
365 1 2 4 3 6 7 9 8 9 2
414 6 8 5 1 2 3 4 6 10 6
489 10 6 1 6 7 4 9 6 6 6
568 2 8 5 9 8 6 9 9 3 10
421 4 5 1 10 6 7 9 8 3 1
456 10 4 4 8 9 4 5 5 3 2
398 1 6 2 4 6 5 3 7 5 10
467 9 9 3 7 6 9 7 1 7 1
490 10 1 8 9 9 4 7 10 2 2
406 6 1 2 10 5 2 2 5 9 5
429 1 8 5 9 3 4 6 3 9 4
622 9 8 7 2 8 9 9 9 9 10
412 1 3 3 4 8 7 10 3 9 6
399 7 4 10 2 5 6 5 6 3 6
417 2 2 1 8 10 5 8 2 10 4
437 8 5 5 9 7 8 1 1 9 3
381 6 1 4 4 8 8 2 3 1 10
245 2 1 4 1 4 9 4 4 4 4
384 3 2 9 7 6 1 6 1 3 9
25
408 9 7 1 3 4 3 7 5 5 4
379 1 2 4 4 10 6 6 5 6 4
644 8 7 9 4 10 4 10 10 8 10
485 9 6 7 1 10 4 2 5 9 7
284 4 3 4 3 1 1 6 3 6 4
448 10 2 4 4 8 1 5 2 6 9
495 8 3 6 6 3 7 4 8 7 10
354 2 9 2 2 4 9 1 10 7 3
446 9 8 4 7 8 10 2 1 9 1
395 2 10 7 8 6 10 4 1 1 2
387 7 6 10 6 4 7 1 4 3 3
503 7 9 7 7 4 8 2 9 10 3
499 7 9 8 2 8 1 7 2 7 7
543 10 8 1 6 5 2 10 10 7 7
453 10 8 2 2 3 3 8 8 9 4
431 8 6 2 8 5 3 6 2 10 1
435 8 10 3 3 9 2 3 2 3 5
399 3 3 7 3 5 5 1 10 10 6
391 4 9 4 3 2 4 10 10 1 5
483 7 9 4 3 6 8 8 8 4 6
467 4 7 6 8 9 8 6 5 4 4
395 4 8 4 6 3 3 9 2 5 5
401 5 1 8 5 8 4 4 4 1 8
443 7 9 3 6 4 2 8 3 10 2
495 9 4 9 3 9 9 5 7 9 4
25
369 2 7 1 4 5 4 6 10 3 4
312 2 4 3 3 8 5 3 4 6 3
336 3 1 5 8 2 8 7 4 6 2
396 5 3 9 7 6 9 9 7 2 1
451 7 6 4 8 7 1 4 10 3 2
458 10 10 1 4 4 6 4 2 3 9
543 7 9 7 6 8 5 2 7 3 9
472 1 7 5 9 9 8 3 8 4 6
366 3 9 1 2 3 10 2 10 1 8
485 6 10 2 1 5 3 10 8 10 6
413 9 3 6 4 10 3 8 3 3 3
465 1 10 2 6 7 3 5 9 9 4
424 5 5 7 2 6 8 9 2 6 6
400 5 6 1 8 8 4 4 1 2 5
425 2 7 2 6 8 10 5 7 7 2
177 1 2 1 2 4 1 1 1 4 2
540 2 10 7 9 9 4 8 3 9 5
471 6 1 5 8 3 9 3 8 10 10
439 7 6 6 4 6 8 1 6 3 7
410 2 10 6 2 5 1 8 2 4 10
395 5 4 4 8 5 7 10 1 5 3
557 6 6 10 7 7 5 3 10 6 10
392 7 5 1 6 3 1 6 3 3 9
528 10 3 8 7 10 2 8 2 4 10
541 7 8 1 10 9 2 7 7 8 4
25
433 5 9 9 2 3 5 5 4 4 9
538 6 10 9 1 9 6 2 9 10 6
506 8 7 5 9 4 8 10 5 3 8
378 5 7 8 1 1 6 5 1 4 10
415 2 10 3 10 4 9 3 2 10 1
388 5 9 4 6 5 9 3 2 5 3
501 5 6 2 10 5 7 2 10 10 6
365 7 6 8 2 6 2 1 1 2 7
433 6 10 1 2 5 3 4 6 10 6
417 2 6 7 1 5 8 6 6 8 8
576 9 10 6 7 3 2 3 9 9 9
423 2 2 7 5 2 10 8 10 8 8
439 7 4 10 9 2 1 2 4 7 6
441 3 5 4 3 7 8 10 8 7 5
435 1 3 5 7 4 4 6 9 9 7
386 4 10 3 4 2 1 9 6 7 2
326 5 6 6 3 1 9 9 5 1 3
426 5 7 9 1 6 1 6 5 7 6
388 3 5 8 3 4 4 8 3 1 10
441 8 9 1 4 2 3 9 7 4 7
405 1 1 1 8 4 2 10 9 7 7
481 7 5 1 2 10 5 9 4 8 8
546 10 9 5 5 10 6 1 6 5 7
407 1 9 6 1 3 5 4 8 5 10
382 6 1 1 5 5 9 5 6 9 4
25
383 4 10 3 2 4 9 4 6 7 1
472 7 10 2 10 5 5 4 9 2 3
523 5 9 1 10 6 8 9 8 5 5
440 5 7 7 10 1 5 5 1 7 8
327 1 7 8 1 7 1 1 4 6 3
431 5 8 4 4 4 5 9 7 4 6
320 3 6 3 7 1 10 4 2 2 6
357 6 10 1 4 1 2 5 1 6 6
414 3 10 1 5 9 4 7 4 2 3
334 7 1 3 8 3 2 6 2 9 1
406 8 1 8 3 5 3 4 1 10 9
315 3 1 4 5 3 8 10 3 3 5
412 3 3 3 9 1 6 9 8 5 7
512 2 10 10 9 9 3 1 7 6 4
434 1 3 7 9 5 3 4 7 7 6
472 4 4 9 8 7 2 8 5 9 3
569 9 10 5 9 10 7 2 5 8 5
399 2 3 6 8 6 2 3 2 10 5
340 3 3 2 4 9 8 1 3 2 6
389 7 9 6 3 1 2 6 7 8 2
478 8 3 2 7 9 8 5 8 8 5
363 3 10 2 1 10 5 6 2 3 2
522 7 4 9 8 6 10 8 10 9 2
341 4 8 7 7 1 7 1 1 1 5
354 10 3 5 2 5 5 1 1 8 4
25
468 2 4 6 8 9 5 2 10 4 7
480 7 8 6 1 10 5 6 1 8 6
410 6 8 6 1 3 2 5 9 3 6
267 3 7 3 2 6 2 3 2 2 2
317 1 1 4 5 8 7 2 9 3 2
478 8 2 9 9 6 10 3 10 7 1
532 9 8 7 1 8 4 6 3 10 9
628 6 10 6 10 8 2 1 10 9 10
362 6 6 2 2 1 4 10 9 7 2
546 5 8 6 6 6 5 8 6 8 9
359 1 1 2 9 2 4 2 8 8 7
581 9 8 10 5 6 7 8 9 5 7
546 2 10 9 6 6 3 4 8 10 10
506 10 10 1 5 5 8 4 3 7 10
420 2 1 3 10 10 7 2 9 8 2
511 7 8 1 8 9 10 3 9 1 8
451 4 4 10 4 4 4 6 10 2 9
383 7 3 1 2 5 4 9 3 5 10
315 10 3 10 1 4 5 3 1 4 1
351 7 4 1 5 4 1 2 5 7 4
527 4 8 2 7 8 9 5 8 8 9
374 1 6 3 4 9 6 5 8 3 4
480 8 5 10 8 4 10 9 2 8 2
484 10 2 9 6 8 10 4 4 4 6
490 5 8 5 6 8 5 3 6 9 5
25
446 9 2 8 7 7 7 1 3 5 8
437 7 3 1 10 6 8 10 6 5 3
526 10 10 6 8 1 7 7 7 6 5
390 5 3 10 2 7 5 5 7 3 5
463 8 4 7 5 9 9 3 6 2 6
536 7 10 1 9 4 6 7 10 2 10
411 8 3 4 2 7 7 5 5 3 9
559 2 10 8 10 9 8 10 1 7 8
403 8 2 9 5 2 2 2 10 8 4
382 7 5 1 2 7 4 4 4 10 2
495 7 6 5 4 2 9 6 9 10 9
542 7 8 7 6 10 3 7 2 10 6
584 10 9 10 9 7 3 2 9 9 3
480 7 4 9 9 9 1 2 2 8 5
575 8 10 5 8 10 8 10 8 7 1
410 5 1 9 7 3 5 10 6 9 3
397 5 7 5 6 4 9 6 3 2 4
498 10 7 2 1 8 2 7 7 8 7
417 10 6 2 4 6 3 8 2 2 6
550 9 4 6 9 9 5 7 3 9 8
520 9 8 7 4 9 7 5 2 6 9
376 7 1 10 8 3 7 2 3 1 8
404 8 4 9 7 2 8 1 7 3 5
394 6 1 6 9 3 8 6 7 6 1
525 8 7 4 6 10 4 10 1 1 10
25
445 2 6 9 4 6 2 6 3 9 7
538 6 6 8 10 9 6 9 4 8 4
384 6 1 3 9 5 8 6 3 4 4
292 7 1 2 3 2 6 8 8 2 1
489 8 2 10 8 6 4 4 1 10 8
304 7 8 3 2 1 8 4 7 2 1
515 6 4 10 3 6 7 9 9 3 10
322 2 1 9 5 3 3 4 8 6 1
439 6 3 5 6 6 10 6 5 4 9
345 7 1 5 7 8 3 3 1 4 2
430 5 10 1 1 5 5 9 8 3 8
290 3 1 7 1 4 10 6 5 5 3
395 2 1 5 9 2 3 10 9 9 3
379 4 3 10 4 5 2 2 4 6 6
519 4 6 9 10 8 1 10 4 1 9
427 5 3 1 9 10 6 5 10 3 2
335 2 9 2 8 4 8 3 5 1 1
428 10 1 7 3 3 3 6 6 9 8
390 8 4 2 2 7 2 3 10 4 4
368 1 8 5 3 6 6 3 2 5 7
510 9 10 5 3 3 10 3 9 10 6
362 5 2 9 2 2 5 3 4 9 6
420 4 1 2 10 7 4 2 7 9 5
295 1 5 4 1 3 3 1 3 3 9
444 3 6 3 7 7 3 7 8 1 8
25
445 6 7 6 5 5 10 1 4 4 10
577 6 9 2 8 10 6 9 3 9 7
401 4 10 1 4 4 2 9 2 10 2
457 8 2 2 4 5 7 10 9 9 6
509 8 4 7 8 8 9 2 9 10 2
468 8 8 2 5 2 10 10 2 6 9
375 3 2 1 10 2 6 7 7 1 8
600 9 10 3 4 7 4 9 7 9 10
535 5 7 10 6 7 6 5 9 9 5
394 6 4 2 9 4 3 8 7 2 3
320 7 2 3 3 4 9 7 5 6 1
500 8 9 2 5 10 1 8 2 9 3
547 10 8 9 9 6 4 2 1 6 8
469 10 9 10 4 2 3 1 3 3 9
423 3 9 8 8 1 3 1 5 2 8
473 4 4 9 4 10 4 6 8 7 5
476 8 1 7 3 10 10 10 10 10 1
483 5 4 10 8 7 2 9 6 7 2
593 9 7 7 10 4 10 10 1 10 10
580 8 10 9 6 3 4 10 7 7 9
457 9 3 8 2 8 5 3 3 7 9
372 9 8 1 4 3 1 4 5 4 2
444 8 7 10 4 1 10 5 5 3 8
376 7 9 7 8 3 7 2 3 1 1
460 6 6 9 8 6 10 2 8 5 2
25
445 8 8 1 6 3 6 4 4 8 6
357 4 10 9 2 2 2 1 1 2 9
495 2 4 2 8 10 2 5 6 9 9
366 1 4 3 7 7 5 6 1 7 4
385 7 2 10 3 3 9 4 10 8 1
506 4 6 6 10 7 9 3 7 8 6
442 6 3 3 1 6 1 10 7 8 10
556 9 4 4 9 10 5 7 4 10 7
363 4 3 9 3 2 1 5 7 4 6
414 7 7 6 2 9 10 5 2 8 1
355 3 6 6 3 8 3 3 4 5 3
346 1 5 9 5 3 6 4 1 10 3
435 10 1 1 8 8 3 2 2 8 8
332 4 4 2 7 4 1 3 4 6 2
473 10 8 7 1 7 1 8 2 7 7
527 10 8 6 10 4 6 6 6 10 2
538 6 9 9 5 10 4 6 7 9 2
412 2 6 3 5 8 1 6 9 10 1
451 2 9 3 5 8 5 7 10 7 1
512 3 7 10 9 7 10 3 9 4 5
472 4 7 9 10 2 6 5 10 3 4
317 10 5 7 1 1 5 3 4 1 5
359 4 3 10 2 7 2 8 4 6 2
560 10 7 3 5 5 9 6 9 10 10
407 5 1 7 7 1 6 6 4 10 8
25
398 3 4 5 6 7 4 7 4 6 3
355 7 6 5 4 2 1 2 10 4 2
362 1 4 3 8 4 8 5 10 3 3
492 9 7 9 4 8 5 2 5 10 4
548 10 10 5 4 5 3 7 7 9 6
408 10 3 2 5 7 10 8 2 6 3
406 3 1 1 3 8 6 9 10 6 8
530 2 8 9 9 9 7 8 8 1 6
464 9 10 5 5 2 8 8 9 4 1
426 2 1 7 9 7 10 1 4 2 10
448 10 3 10 8 1 9 9 2 1 9
556 9 7 2 7 5 10 6 10 10 7
382 9 6 1 7 1 10 1 4 2 7
376 9 3 2 1 4 4 6 5 2 9
440 8 9 5 1 8 8 5 2 6 6
427 8 4 8 3 8 9 9 3 5 1
403 3 6 10 7 6 6 6 2 4 2
517 2 8 10 10 4 7 1 10 8 5
342 4 1 3 6 10 7 2 7 4 1
420 10 9 3 2 7 10 4 1 2 6
340 1 5 2 2 3 3 7 5 2 10
548 8 1 4 9 7 9 9 9 5 10
409 2 3 9 10 2 2 10 2 2 9
453 3 4 8 8 7 5 1 3 6 8
374 3 2 10 3 5 9 3 2 5 8
25
517 8 8 3 6 10 4 8 4 1 8
475 9 4 9 5 6 10 5 9 9 1
339 4 1 8 9 1 6 6 8 1 1
500 3 7 8 9 8 10 10 6 4 2
343 6 8 2 3 2 5 7 5 5 2
462 3 4 7 8 8 8 7 8 9 1
544 2 7 7 9 9 1 8 10 4 8
414 9 7 9 1 3 2 2 10 7 3
526 10 2 5 8 6 6 6 8 8 8
446 10 1 7 7 9 5 4 10 1 1
571 9 9 5 9 3 9 10 2 6 10
414 1 3 8 1 6 6 10 9 10 6
499 7 8 9 7 4 7 10 3 4 5
349 1 10 9 6 2 3 3 7 1 1
534 9 9 9 4 4 7 8 4 5 9
485 8 8 9 4 6 4 2 9 8 2
658 9 9 6 10 8 10 4 10 8 9
515 9 8 7 5 3 4 3 7 9 7
384 10 2 9 5 1 4 2 4 2 8
385 6 2 10 4 2 2 7 8 1 7
369 2 9 3 6 7 6 6 7 1 1
435 4 5 1 6 5 5 6 10 6 8
525 10 9 10 6 8 3 4 1 7 6
510 4 9 7 1 5 4 8 10 8 10
399 7 7 2 1 7 10 4 9 6 2
25
409 2 2 3 8 10 6 1 8 1 7
394 3 7 8 1 4 10 3 3 8 7
377 1 8 9 3 1 6 9 10 6 1
502 7 5 6 2 10 2 7 4 9 9
386 1 9 1 7 5 7 10 8 1 1
385 2 4 2 7 8 7 7 5 8 1
606 10 10 10 9 5 7 5 5 3 10
449 9 6 2 6 4 3 5 10 1 6
567 10 5 8 9 10 4 7 9 7 3
419 2 4 9 7 6 3 7 6 6 3
491 7 3 10 7 9 7 9 5 8 2
406 2 5 2 3 9 10 1 10 6 5
329 1 6 1 5 3 10 1 6 6 5
390 8 2 1 7 9 5 4 1 10 2
408 3 4 10 3 9 1 2 3 9 6
521 10 5 7 7 7 10 6 10 2 6
362 1 6 4 8 5 3 2 8 5 1
457 5 6 5 8 1 2 2 10 5 10
494 6 9 5 5 5 6 4 7 6 9
310 8 1 2 6 1 3 4 4 5 5
481 7 4 7 2 9 1 4 10 6 9
422 5 8 8 5 2 4 2 7 10 4
552 8 10 7 9 2 9 2 5 8 10
404 10 3 6 3 1 4 8 6 2 9
608 5 9 9 10 10 2 6 10 10 3
25
477 7 4 2 5 10 8 5 6 1 10
524 9 3 2 8 8 5 10 9 9 3
383 1 8 9 1 3 8 5 9 9 1
524 7 7 5 9 2 9 10 7 5 8
303 6 1 1 3 3 1 2 10 6 3
362 7 5 6 4 3 9 5 7 3 2
341 4 9 4 3 4 8 1 3 5 2
463 3 10 8 2 7 4 5 9 9 1
470 3 1 7 4 10 9 5 9 8 7
436 4 4 8 8 10 9 1 5 2 4
544 3 2 9 5 10 10 8 9 10 7
375 1 7 5 9 4 5 5 4 5 3
523 8 10 9 4 7 5 7 10 7 1
485 9 1 9 7 1 6 8 6 10 9
377 3 2 8 9 8 3 6 4 2 3
614 9 10 9 10 10 1 2 1 7 10
555 8 6 4 5 7 8 10 10 5 10
349 7 5 8 4 2 4 8 5 1 2
517 3 10 2 4 5 7 7 10 6 10
448 9 10 1 3 4 7 5 9 6 4
339 4 4 3 7 5 6 3 3 5 3
400 2 2 4 3 9 5 7 3 5 10
485 7 7 5 8 7 10 3 5 5 5
408 9 4 9 9 1 2 4 10 4 1
405 7 6 9 3 1 8 7 7 3 4
25
377 4 6 7 4 1 10 8 4 5 6
479 8 2 10 5 3 3 10 9 2 10
441 6 4 2 9 8 4 9 8 1 2
508 10 5 5 4 7 3 4 9 9 5
541 6 9 2 7 8 9 7 9 10 3
559 4 10 3 7 5 6 8 9 8 9
463 6 9 1 10 6 3 4 2 10 4
592 10 6 9 9 8 2 9 4 3 9
399 1 3 1 10 7 5 7 8 5 3
450 4 8 3 6 10 2 5 4 9 1
443 9 7 4 9 3 1 5 6 3 5
249 9 2 5 1 5 8 1 1 1 1
462 10 2 2 10 3 6 4 2 9 10
313 3 2 8 8 2 6 1 8 1 1
443 2 3 10 6 3 4 10 4 9 8
341 3 7 1 3 1 9 9 2 4 8
591 10 10 8 9 7 2 4 9 2 7
395 3 5 6 8 5 9 7 10 1 2
339 5 5 1 4 8 4 9 1 3 1
414 4 8 4 7 2 9 3 9 9 2
433 3 6 10 8 1 7 9 1 7 7
405 1 3 10 3 6 2 8 4 7 8
479 9 2 7 5 2 6 8 6 8 10
429 8 5 1 10 4 4 9 2 8 1
269 6 2 2 5 4 3 3 2 3 2
25
465 8 8 8 6 4 4 2 10 7 1
529 8 2 7 8 9 5 8 5 3 9
400 5 3 5 6 3 2 5 2 7 10
478 9 6 4 8 5 6 3 7 10 3
431 5 3 6 2 7 6 10 7 3 7
448 6 5 7 10 2 8 1 4 4 10
306 10 5 3 1 4 3 5 1 3 3
457 7 4 1 2 10 1 7 9 8 7
413 7 7 3 5 6 10 3 9 2 1
422 2 2 4 2 9 5 10 7 10 5
378 9 10 1 1 6 6 2 2 1 7
453 7 10 1 5 6 4 7 6 8 3
315 7 3 7 3 5 3 3 1 5 3
485 6 3 9 6 9 10 4 6 9 4
319 5 2 8 5 4 1 5 5 2 2
435 5 10 1 6 3 8 9 8 4 3
399 4 1 5 7 7 1 7 4 2 9
487 9 7 2 10 6 5 4 3 9 4
413 4 4 2 1 6 1 8 10 8 7
347 3 2 9 7 5 1 8 5 1 4
382 1 1 6 6 1 3 6 10 7 9
391 5 5 2 7 1 4 5 6 10 4
384 8 2 2 3 9 7 10 4 3 2
503 8 4 3 7 9 4 9 9 2 6
462 6 1 2 9 4 2 8 10 5 9
25
406 10 3 3 2 5 5 1 3 8 9
370 9 4 4 1 4 1 1 10 2 8
530 10 7 4 7 9 10 2 5 7 6
425 6 7 1 5 3 4 2 9 1 10
430 10 4 2 2 10 7 1 1 4 9
405 2 9 2 2 8 5 9 9 3 3
446 4 9 8 4 9 1 1 4 9 3
503 1 10 7 7 8 6 10 1 7 7
313 2 6 5 2 8 2 6 2 5 1
489 7 4 2 2 10 4 10 10 2 9
359 6 6 3 8 1 9 9 1 6 1
434 3 9 5 4 6 10 10 10 2 2
478 4 9 8 8 10 7 7 3 3 1
340 3 5 9 2 4 7 6 4 5 2
437 3 4 10 9 1 7 1 10 6 5
533 10 7 5 4 8 5 4 9 8 6
414 8 1 4 6 8 5 10 1 1 7
489 10 9 5 5 4 2 6 4 6 8
403 1 3 6 7 2 6 6 7 10 6
325 1 1 1 5 9 4 1 10 7 2
439 2 5 6 6 4 9 9 4 4 9
437 5 10 2 10 2 6 5 2 9 4
478 3 9 8 4 3 10 7 9 2 10
537 6 4 9 9 9 8 5 1 8 8
453 9 10 5 5 7 7 4 4 2 4
25
374 1 4 3 10 3 4 2 1 5 9
330 4 2 7 3 7 6 5 2 6 3
458 4 7 5 8 8 6 4 8 4 3
511 10 7 4 1 6 8 2 9 10 9
406 6 1 10 5 7 5 8 5 2 4
511 5 10 1 7 10 8 6 5 8 4
380 4 4 9 1 2 10 9 6 5 5
435 4 10 2 3 2 3 3 10 6 9
427 6 1 5 10 8 4 1 10 5 3
451 1 4 3 6 7 7 9 5 10 6
379 6 6 5 1 3 2 10 2 7 7
559 6 8 9 5 8 5 10 8 3 8
416 4 10 7 5 8 7 5 2 2 3
401 1 9 7 10 7 9 9 1 1 1
524 10 10 2 9 10 4 1 2 5 5
459 4 9 6 2 9 4 6 8 8 1
389 6 5 5 1 8 4 6 7 2 4
394 3 8 3 1 9 3 4 2 9 4
519 6 10 6 5 6 5 1 9 7 9
554 4 5 10 10 6 9 3 7 8 8
563 10 5 10 8 9 4 1 5 9 7
352 1 5 10 2 2 3 8 1 7 7
449 3 6 5 8 5 9 9 5 10 3
357 9 9 1 1 2 4 4 7 4 2
299 2 1 3 3 9 1 10 1 6 2
25
387 2 2 3 9 6 7 1 8 8 4
561 9 9 6 7 5 7 4 5 10 8
521 5 1 8 10 10 3 9 8 6 5
355 1 3 8 1 2 1 7 5 6 10
411 9 7 1 5 6 10 8 3 3 2
389 10 5 8 5 7 1 1 1 1 3
504 9 10 10 6 6 8 5 4 8 1
559 10 10 5 9 5 5 7 9 9 2
504 9 5 9 3 1 9 8 8 8 10
222 2 4 5 3 1 8 6 2 2 1
516 3 2 8 10 6 7 7 5 9 9
384 5 2 8 9 2 2 9 4 5 2
352 3 2 1 3 4 6 5 10 8 6
334 5 1 1 5 5 7 2 7 4 5
371 5 5 1 1 10 4 5 5 9 2
434 1 2 7 9 9 2 9 1 7 6
565 5 5 10 10 5 9 10 5 4 10
381 1 6 9 10 1 3 2 6 8 1
376 9 6 1 2 8 2 8 4 6 1
320 3 4 5 4 4 7 7 5 1 4
476 5 10 4 8 3 3 3 4 5 10
383 1 4 7 3 7 6 10 4 10 3
297 6 6 6 2 3 3 6 3 1 2
489 8 8 6 10 6 8 4 5 2 4
465 9 9 10 8 1 2 10 7 4 1
25
384 4 8 7 7 5 6 1 5 3 1
478 1 10 4 6 8 10 3 9 4 5
537 9 3 2 7 9 10 9 4 5 10
380 7 1 1 8 1 3 8 1 9 7
382 6 4 6 2 2 2 6 1 8 9
296 9 4 1 1 2 6 3 3 6 3
365 4 9 6 3 9 3 3 1 2 4
408 10 4 9 6 5 1 3 9 1 2
403 4 5 4 8 8 3 5 9 1 1
344 5 6 1 1 3 1 5 1 7 8
518 10 7 8 8 4 10 8 8 3 4
302 4 2 1 8 2 2 4 1 6 5
442 2 9 6 9 3 6 4 4 2 10
450 1 1 2 7 7 3 9 6 9 10
446 10 1 4 6 8 7 3 5 5 7
442 10 8 2 3 5 5 1 8 7 3
451 2 2 10 5 10 8 10 3 10 2
566 6 6 8 5 9 4 8 9 7 8
408 5 3 5 9 4 3 2 8 8 3
405 8 3 6 4 10 4 9 4 1 2
502 10 4 3 7 5 9 7 9 5 6
493 6 8 8 1 5 2 10 7 8 9
467 7 5 3 5 9 4 5 3 4 9
514 2 7 8 8 3 9 5 10 8 8
498 4 5 4 6 10 1 9 3 9 9
25
316 4 1 8 2 8 2 7 1 6 1
400 10 2 10 2 4 8 3 5 2 7
478 3 10 7 4 8 5 3 9 5 6
330 10 1 2 5 1 4 1 5 4 7
322 4 3 6 9 1 8 4 2 7 1
401 2 2 9 2 9 1 3 7 9 6
454 9 5 5 7 8 10 1 2 2 6
468 9 3 3 8 10 1 6 10 2 4
493 5 5 7 4 8 5 1 8 9 9
479 9 8 6 9 1 4 10 2 3 8
453 6 6 3 3 7 5 6 8 5 7
549 9 9 10 4 10 7 2 8 3 7
274 4 4 10 1 2 4 6 2 3 2
408 9 5 2 2 9 7 6 3 5 5
484 10 8 7 3 10 5 6 7 1 2
574 10 10 5 7 7 7 6 9 9 4
396 3 6 10 2 7 5 8 6 4 2
475 10 6 2 4 8 3 3 8 6 6
367 5 6 6 7 2 5 4 6 4 1
368 5 7 2 9 3 1 5 4 2 4
371 3 5 7 9 1 4 5 10 4 1
562 8 8 5 10 10 10 3 7 1 6
294 2 2 2 1 1 5 2 4 8 10
343 1 6 3 10 1 9 8 3 3 2
442 3 7 8 7 4 7 5 4 3 8
25
534 9 5 1 10 9 2 3 1 10 10
477 1 2 4 10 10 5 7 5 9 8
363 10 3 7 2 5 7 4 6 2 3
457 8 9 3 7 7 5 7 1 2 6
375 2 2 1 2 4 5 6 7 9 9
455 2 7 9 6 4 3 8 8 9 2
298 1 3 4 7 6 8 4 3 2 1
478 2 6 2 10 9 1 7 9 9 3
477 7 6 2 1 10 8 4 8 7 9
344 8 8 8 2 2 6 5 7 1 1
369 1 6 4 10 1 3 4 7 2 6
426 10 6 10 6 1 5 6 3 4 5
350 3 10 7 9 1 2 1 3 4 2
426 9 5 7 1 6 6 10 5 1 7
327 2 5 8 5 5 7 5 2 2 4
370 6 4 9 1 8 4 8 5 3 1
498 5 4 7 10 10 2 2 7 5 6
395 5 7 5 7 7 2 5 3 4 3
384 2 7 6 1 9 2 8 9 5 1
423 6 1 1 10 9 8 10 7 4 1
464 10 2 3 6 8 2 5 5 5 8
406 3 10 1 8 7 9 6 1 5 1
533 7 7 6 10 9 3 3 5 4 8
352 7 3 10 7 2 1 2 3 5 4
646 9 8 7 10 8 5 9 9 9 8
25
475 8 3 1 7 3 7 7 6 7 10
451 5 5 10 2 6 3 8 10 3 6
450 9 4 1 5 10 5 2 8 10 2
407 4 3 1 10 2 1 6 7 5 9
474 7 4 6 4 6 9 7 4 9 8
522 5 4 9 6 4 5 8 10 9 7
563 3 10 8 5 8 3 10 4 10 10
435 2 1 8 9 7 3 10 5 5 7
434 1 7 1 9 4 9 1 10 4 7
413 1 9 8 8 4 3 2 3 6 4
365 5 7 2 1 2 1 9 7 1 8
528 10 6 5 4 8 5 10 2 5 9
414 4 5 3 4 8 9 8 5 3 5
409 8 7 7 3 3 3 5 9 1 6
409 6 3 2 4 7 3 1 8 9 7
452 2 8 6 5 4 9 2 6 5 10
372 4 4 10 1 7 3 3 2 7 5
395 3 5 8 3 7 10 7 1 7 3
577 6 8 10 9 3 9 10 7 7 8
441 5 10 3 1 8 9 9 8 3 2
409 3 6 4 1 6 7 9 4 10 5
410 6 2 1 6 7 2 5 2 8 8
347 1 1 7 7 4 8 1 1 7 9
568 6 9 9 7 10 10 10 3 8 4
453 1 10 6 5 1 3 9 9 4 10
25
441 1 10 7 6 10 7 8 4 5 1
407 4 7 8 4 7 5 4 2 4 5
469 2 1 4 7 10 1 8 8 10 5
371 3 2 7 1 8 9 6 7 7 2
502 10 4 6 1 7 5 10 7 7 8
525 9 7 7 4 3 6 9 6 8 8
495 9 5 3 4 7 9 10 1 10 9
310 3 3 1 8 5 10 1 3 7 2
424 1 9 3 5 7 9 5 2 7 6
432 6 4 1 7 6 9 10 7 5 4
500 8 8 10 4 9 1 8 2 7 4
594 10 9 8 7 4 10 6 9 4 10
393 9 5 6 3 7 2 8 2 4 3
412 6 9 3 1 7 6 4 1 10 4
448 7 1 7 10 7 3 1 4 8 4
371 6 9 8 3 4 10 1 6 1 2
398 7 3 9 5 10 2 5 4 3 2
546 7 9 7 10 3 10 3 7 5 10
511 6 6 7 9 4 8 5 10 4 7
532 7 4 6 8 8 4 9 5 10 6
348 3 7 3 4 8 1 6 5 1 3
349 4 4 3 1 4 8 4 4 7 9
501 8 3 1 9 10 2 8 9 7 4
607 10 7 6 7 8 4 9 10 10 5
462 10 7 9 8 1 5 10 6 4 2
25
489 4 8 3 4 8 4 4 9 2 10
376 9 5 9 1 4 2 6 8 2 1
340 3 3 2 5 1 1 1 6 9 7
407 9 6 5 2 1 4 10 1 3 9
483 9 10 3 10 2 4 8 9 2 1
395 5 7 2 2 1 5 9 6 4 10
428 1 8 6 4 5 10 9 1 7 7
441 5 3 3 9 8 5 10 5 3 6
448 5 5 9 9 4 10 8 5 5 1
328 4 2 10 1 1 10 2 3 7 8
569 9 9 10 5 10 6 1 5 5 9
484 4 5 5 7 6 5 7 3 10 9
399 8 6 4 2 7 3 7 8 4 2
338 3 3 3 2 7 7 8 6 6 2
441 7 6 2 8 6 8 8 2 3 6
461 2 8 4 6 10 5 6 4 7 4
504 9 6 10 10 4 9 9 10 1 2
545 9 10 4 2 9 7 7 5 7 8
341 4 1 8 8 1 3 9 8 3 2
404 7 4 5 1 9 5 2 1 8 8
404 8 5 9 5 1 4 3 3 8 5
439 10 5 1 5 8 3 4 6 8 3
560 9 8 6 8 8 4 10 4 9 5
381 5 1 7 4 9 7 8 2 1 6
432 7 7 4 5 5 3 8 1 5 6
25
399 5 4 9 3 9 6 2 1 10 3
493 3 7 9 9 4 10 2 2 7 9
245 6 1 3 4 1 8 4 2 4 2
391 6 2 3 8 5 7 10 1 3 7
331 6 4 1 4 4 8 7 1 5 4
425 9 6 9 3 4 1 4 5 8 3
404 10 6 8 1 1 6 7 4 8 5
402 1 8 8 6 2 2 5 7 7 4
488 8 5 9 2 10 8 10 1 4 8
447 9 7 4 5 1 2 9 6 6 7
375 9 4 6 6 1 10 3 7 3 3
561 10 6 3 8 7 10 5 7 4 10
479 5 6 2 9 8 4 1 6 3 9
470 10 6 4 2 9 9 9 4 1 8
520 6 2 6 10 9 9 7 3 10 5
463 1 5 6 10 5 1 8 5 9 7
355 8 1 3 4 2 3 7 6 3 9
307 3 2 5 7 4 7 1 4 2 4
550 7 9 7 7 5 10 10 6 3 10
517 5 10 9 2 1 8 9 10 6 9
329 4 7 2 8 1 4 1 4 1 5
588 6 5 10 8 8 9 7 10 6 9
348 6 1 4 6 3 2 1 7 2 8
363 2 2 4 4 3 9 8 7 3 8
463 4 10 3 5 4 10 10 8 7 4
25
430 1 3 10 4 2 10 9 9 8 8
547 9 9 10 5 6 8 7 3 8 6
351 6 9 5 1 1 4 6 6 3 3
505 3 8 8 9 9 7 5 1 1 9
574 2 10 7 10 10 9 4 5 2 10
562 8 1 9 10 6 2 7 9 9 10
592 6 9 10 10 9 8 7 6 8 2
490 5 4 9 6 5 3 6 8 7 8
462 10 8 3 2 8 8 8 8 3 4
400 7 6 4 4 10 10 6 1 3 1
449 9 8 10 1 5 2 7 8 5 2
447 6 9 9 4 1 3 9 4 7 5
570 9 9 10 8 9 1 2 7 2 7
352 8 2 10 4 9 6 1 1 2 1
503 7 9 2 7 2 3 9 9 8 5
405 10 10 3 2 3 8 3 7 3 3
424 1 3 4 6 10 3 4 1 10 8
594 3 8 10 10 7 9 6 10 10 4
436 2 10 10 7 1 8 5 8 9 1
399 7 4 2 7 6 3 6 5 6 4
486 7 2 8 7 7 9 3 3 5 10
454 1 10 6 4 9 3 10 1 5 6
350 1 10 3 4 7 4 5 1 6 1
477 2 7 7 6 7 4 6 7 10 5
366 1 5 6 9 4 2 4 2 5 4
25
346 8 8 5 1 4 1 4 3 1 6
452 8 2 4 4 9 7 10 2 6 8
395 6 1 4 9 9 1 4 9 4 1
450 3 10 8 3 10 9 6 1 8 3
390 1 10 6 5 3 9 4 8 6 1
469 3 7 3 3 7 3 10 8 4 9
445 3 2 10 9 5 9 4 9 2 6
337 5 1 8 9 2 1 2 3 1 7
541 9 8 3 7 9 2 2 9 9 4
273 3 3 3 4 8 1 4 2 1 2
462 5 9 1 8 6 1 3 3 5 9
346 1 9 3 2 7 5 10 6 1 2
375 2 6 6 4 4 7 8 5 6 2
465 6 4 1 2 9 7 6 5 8 10
515 7 9 2 8 9 5 5 8 8 3
421 9 5 2 7 9 1 7 2 4 2
513 9 5 4 4 9 6 6 6 5 9
531 7 8 3 6 8 5 6 3 9 9
391 8 6 5 3 4 1 4 5 4 7
457 10 6 6 7 1 7 3 4 7 8
508 1 9 8 8 3 2 9 2 10 9
490 6 9 7 5 9 3 5 3 9 3
415 1 2 9 5 8 6 1 6 6 10
355 9 8 4 3 1 5 1 9 4 2
364 5 6 4 8 1 7 9 3 5 1
25
450 4 6 9 7 5 4 9 3 4 6
462 5 4 7 7 9 9 7 2 2 7
454 6 8 6 6 5 3 7 5 2 6
468 8 1 6 10 7 4 1 9 1 8
475 4 10 4 9 2 10 5 3 5 10
342 3 2 7 4 3 8 8 3 6 5
274 2 4 7 3 2 8 1 6 7 1
417 5 5 6 9 2 4 7 2 9 5
467 7 8 9 3 3 5 2 2 10 9
503 10 6 7 2 5 10 8 8 9 6
252 1 5 4 3 1 7 6 5 1 2
510 8 1 3 7 8 2 10 5 9 10
443 7 4 8 8 7 4 3 4 8 3
422 2 8 2 2 7 6 5 1 10 9
486 2 9 10 5 5 7 2 8 5 9
550 9 8 9 9 4 4 9 7 1 8
542 9 7 4 9 4 3 5 8 4 10
630 8 10 8 10 9 10 4 3 7 10
467 9 1 3 10 4 9 3 4 10 6
453 9 3 9 2 7 9 5 8 6 5
393 9 5 7 2 7 7 4 8 4 1
494 7 8 10 2 9 2 10 2 6 6
428 6 4 9 9 2 6 3 2 8 6
532 10 10 8 1 2 9 10 7 10 6
461 3 10 8 4 6 3 5 8 1 9
