350 10
1750 1750 1750 1750 1750 1750 1750 1750 1750 1750 
10
129 3 4 4 8 1 5 2 1 2 1 
182 1 5 3 7 7 2 2 5 8 1 
183 9 4 2 0 4 3 0 3 0 7 
219 4 0 2 7 9 3 1 3 8 7 
229 8 5 1 4 4 9 7 1 4 8 
237 3 5 4 6 5 8 2 9 6 8 
243 9 6 2 5 1 6 9 5 6 5 
258 3 5 8 0 5 9 9 0 7 9 
262 7 4 9 7 3 4 3 4 5 5 
278 7 5 3 4 6 4 6 7 8 8 
10
113 0 2 3 7 0 0 4 6 1 0 
166 2 3 2 3 8 6 1 5 1 5 
214 0 5 8 9 7 0 0 4 6 3 
217 3 6 5 6 6 9 7 0 7 5 
219 5 2 3 6 5 2 8 6 7 1 
223 1 9 9 3 9 2 4 1 7 3 
229 6 5 6 3 2 2 4 4 8 4 
257 9 3 0 7 9 5 8 5 9 1 
266 3 7 6 7 9 1 9 9 4 4 
274 5 6 9 4 2 7 7 8 8 2 
10
136 4 1 1 1 5 6 3 5 5 0 
148 0 4 3 0 2 8 7 9 4 3 
194 5 2 7 3 1 5 8 0 1 3 
194 5 7 5 6 0 0 4 7 5 1 
195 4 3 5 6 3 1 9 1 1 6 
227 3 5 3 8 4 0 5 4 6 8 
251 9 8 5 4 8 6 4 7 0 1 
259 8 7 6 4 1 1 2 6 9 5 
264 9 8 1 3 5 1 9 5 2 8 
295 9 5 4 4 6 4 3 6 8 9 
10
129 2 6 5 1 0 0 1 2 5 2 
187 3 5 2 6 1 2 4 0 9 7 
202 3 3 2 9 7 4 4 7 2 5 
202 1 5 2 9 7 5 1 3 1 8 
212 6 4 5 3 1 6 5 5 7 6 
228 8 1 6 7 0 0 6 1 2 5 
256 5 6 8 1 9 3 1 8 4 7 
265 6 5 9 9 4 7 1 4 2 9 
276 8 0 8 8 3 0 1 9 0 9 
284 4 8 8 9 7 8 9 6 1 2 
10
141 1 3 2 4 1 9 3 6 6 5 
173 1 5 5 8 3 0 3 6 6 0 
185 3 8 2 1 1 5 9 2 9 3 
206 4 9 6 4 4 1 2 1 6 2 
213 6 4 9 3 1 7 7 1 5 2 
217 6 5 6 8 4 1 2 9 0 0 
224 8 1 6 9 5 2 1 0 5 2 
233 8 0 8 5 1 1 4 7 2 2 
243 3 6 8 6 5 0 6 2 5 6 
293 9 0 9 7 9 9 2 7 2 7 
10
141 0 1 4 1 2 8 2 7 8 4 
169 6 6 4 4 0 0 2 5 6 0 
191 5 4 2 3 7 3 8 5 2 3 
215 5 1 8 1 1 7 3 8 4 5 
229 9 3 3 3 2 2 3 6 4 6 
234 1 6 9 5 0 2 0 8 6 8 
235 9 2 7 7 4 7 7 1 7 1 
238 4 2 8 6 0 4 8 4 2 6 
245 7 3 5 8 5 2 5 8 0 4 
246 9 5 9 1 4 4 0 3 7 6 
10
123 3 3 1 0 2 8 2 8 8 0 
153 3 0 0 7 5 5 1 6 5 3 
204 7 3 1 3 3 7 0 9 8 3 
212 0 6 9 5 9 5 8 0 1 1 
216 7 2 2 7 1 3 3 2 8 8 
219 5 3 3 4 7 9 4 1 9 7 
219 4 6 6 5 8 0 7 5 1 1 
228 4 3 0 7 9 2 5 9 1 6 
235 6 9 9 9 2 0 1 2 3 1 
284 9 8 8 0 0 1 9 2 7 9 
10
181 7 2 8 2 0 3 0 4 4 3 
195 3 8 5 0 8 2 1 9 5 0 
200 3 4 0 4 9 1 3 9 2 5 
203 6 9 8 2 0 4 0 3 6 0 
208 6 2 5 5 3 5 3 0 1 9 
209 1 6 1 6 7 6 6 7 2 6 
218 4 2 8 5 2 7 8 5 5 1 
237 2 2 8 5 8 3 8 9 7 1 
257 4 8 4 6 5 8 5 7 9 3 
282 6 8 7 9 7 2 0 7 6 3 
10
96 3 2 1 1 9 8 1 0 3 0 
131 1 1 1 4 5 0 6 5 0 5 
161 2 7 2 5 0 3 3 3 3 5 
166 0 3 6 8 6 9 2 5 4 2 
248 7 7 4 9 6 4 4 3 1 5 
272 6 2 9 0 4 6 9 6 3 7 
275 9 5 8 3 3 5 5 8 1 6 
283 7 7 6 7 3 4 1 9 5 8 
293 8 7 5 9 2 2 2 3 8 9 
325 8 1 9 8 2 6 8 5 7 9 
10
161 0 3 6 3 2 3 0 9 0 5 
203 1 0 6 4 0 0 5 9 6 9 
208 3 6 9 1 3 6 2 6 8 1 
211 1 9 2 3 4 4 2 6 8 8 
216 5 4 1 9 7 6 2 9 6 4 
235 3 7 8 2 6 6 6 3 4 3 
238 7 5 4 8 5 8 6 4 5 2 
251 1 5 7 4 8 2 8 4 7 8 
261 3 9 7 1 9 6 8 2 6 6 
296 7 9 5 5 7 6 9 5 5 7 
10
133 1 5 7 9 0 3 0 1 1 0 
158 0 9 2 4 0 5 9 8 5 0 
175 6 9 3 3 0 3 8 2 0 1 
185 2 6 4 4 6 6 9 0 5 2 
188 0 8 6 0 2 1 3 8 6 3 
202 8 6 0 1 9 4 1 0 5 6 
205 1 9 4 3 8 2 9 1 0 8 
281 6 8 4 8 7 7 6 5 3 7 
281 9 5 7 0 6 9 8 8 8 2 
322 9 6 7 9 7 7 7 2 5 6 
10
118 2 2 0 3 0 6 7 2 0 3 
164 1 1 4 6 1 8 2 8 7 1 
181 0 5 9 0 8 8 0 0 2 8 
183 0 2 3 6 3 5 9 7 6 4 
186 1 6 2 9 4 9 0 3 7 7 
191 1 7 3 6 2 8 6 1 6 8 
199 5 3 9 5 2 3 2 6 6 1 
208 0 8 9 4 0 6 3 3 9 6 
228 8 4 4 3 4 7 9 2 4 2 
333 7 7 9 8 6 6 9 6 1 8 
10
173 4 2 4 3 5 4 3 7 6 2 
174 0 6 3 3 8 1 3 2 7 5 
186 3 1 4 6 3 7 1 8 5 5 
203 6 9 0 7 5 1 6 8 0 2 
208 5 1 1 5 4 7 7 4 2 7 
210 2 6 7 9 0 0 6 5 3 5 
222 9 1 2 7 3 6 1 6 0 8 
227 5 9 1 6 2 5 7 1 4 8 
242 5 9 0 6 5 4 4 5 9 8 
274 8 6 4 3 6 3 6 5 6 6 
10
133 1 9 5 4 1 8 1 1 7 0 
171 2 6 6 3 5 8 3 6 2 1 
183 4 5 2 4 0 1 7 7 3 3 
187 1 9 8 4 5 2 4 1 3 3 
195 9 1 4 2 2 3 0 2 1 7 
218 6 1 6 5 2 5 6 6 0 8 
240 6 8 4 8 8 5 0 6 8 2 
256 3 2 9 4 9 0 0 2 7 9 
258 1 5 9 1 7 4 9 3 8 9 
259 9 1 4 9 1 7 0 6 3 9 
10
177 7 0 8 3 1 0 5 0 2 1 
184 4 3 1 8 1 5 5 3 3 7 
184 0 3 5 0 9 7 7 4 8 1 
186 5 1 4 2 5 8 4 4 2 8 
210 2 6 6 0 4 7 6 6 3 5 
212 8 4 1 1 6 1 7 0 5 6 
214 9 8 5 4 2 1 5 1 0 2 
220 8 4 6 0 4 0 1 9 4 2 
253 8 8 5 5 6 1 9 5 2 0 
255 1 3 8 2 6 5 8 3 9 9 
10
142 0 6 1 4 9 9 1 3 0 5 
155 0 7 3 2 5 0 2 7 3 4 
163 2 9 0 9 8 3 4 0 0 4 
170 8 1 5 4 4 5 0 1 6 0 
211 9 7 4 0 6 9 5 7 1 0 
229 6 6 5 7 9 1 8 1 1 3 
232 9 1 8 2 2 2 4 8 5 0 
232 9 4 5 9 6 4 1 2 2 5 
233 9 0 3 4 7 5 5 3 0 8 
270 7 5 7 9 3 6 1 4 8 5 
10
121 4 7 2 3 6 9 0 1 0 0 
169 6 2 0 1 8 4 1 6 0 5 
176 1 1 6 0 5 1 1 3 2 9 
177 4 4 3 4 3 8 7 1 0 4 
183 7 3 0 4 0 0 8 0 0 7 
197 4 1 1 6 9 9 0 3 9 5 
208 1 8 0 5 4 5 8 9 4 6 
216 1 8 2 6 0 7 7 8 1 8 
229 0 6 5 3 4 7 8 5 9 7 
258 5 7 8 9 8 8 6 0 7 1 
10
177 4 4 0 8 3 4 6 7 4 1 
185 1 1 2 9 8 8 0 5 7 7 
185 4 7 0 0 1 1 3 9 9 3 
192 0 2 1 4 9 6 9 2 1 9 
203 2 6 2 9 1 7 0 7 1 9 
204 7 3 4 7 1 5 0 8 9 1 
213 4 4 8 2 2 9 4 2 9 6 
216 7 3 0 7 6 9 9 8 0 1 
220 2 3 4 8 9 1 4 6 2 7 
286 8 0 9 8 9 2 0 9 2 6 
10
146 1 5 7 1 1 9 5 2 0 1 
147 2 1 1 5 0 1 2 0 7 9 
147 1 6 6 0 3 0 1 3 8 1 
159 4 8 1 4 1 4 1 7 9 0 
181 0 0 6 7 4 6 6 7 6 2 
193 2 5 5 2 5 7 6 2 8 2 
194 1 9 6 7 9 9 0 3 6 1 
209 4 6 6 3 7 5 2 9 5 2 
218 1 3 4 8 9 0 8 8 4 3 
232 8 3 0 5 7 8 3 3 5 7 
10
174 2 0 1 1 5 6 8 2 9 7 
199 0 6 2 9 1 7 7 9 6 6 
203 3 8 4 0 8 6 1 5 4 6 
214 9 9 1 8 1 5 1 3 2 5 
221 1 4 3 9 9 9 9 7 3 5 
224 6 3 8 1 6 5 1 8 4 5 
227 9 5 0 1 3 4 7 8 3 7 
238 7 7 7 8 6 2 0 6 7 0 
240 8 8 4 5 0 4 9 1 6 4 
297 6 6 7 9 8 9 9 0 5 9 
10
161 4 7 1 5 1 7 0 3 2 4 
169 5 1 1 4 7 9 2 6 4 2 
188 6 0 1 2 3 6 5 7 5 8 
192 7 9 0 6 7 5 0 2 3 2 
193 0 6 2 6 8 9 4 4 7 6 
193 1 5 4 1 4 4 9 5 5 3 
201 7 0 4 8 5 6 3 0 2 7 
230 7 4 6 4 3 6 1 3 4 6 
230 4 4 4 3 9 1 4 6 8 5 
234 9 4 4 1 6 9 4 1 8 3 
10
150 3 1 6 3 8 1 3 0 3 2 
154 7 1 0 3 4 1 4 0 7 4 
160 4 2 5 4 0 3 0 6 5 4 
167 1 2 0 4 2 9 6 4 6 7 
185 0 9 7 6 3 3 4 1 2 6 
207 2 2 9 7 0 0 4 6 9 1 
224 8 7 0 8 3 3 3 7 0 4 
236 7 2 8 9 4 6 8 2 0 0 
265 4 8 9 4 5 9 3 5 4 8 
287 9 0 8 3 8 9 6 6 0 9 
10
143 4 5 2 0 4 2 5 0 2 3 
158 0 8 0 4 5 9 0 8 6 2 
175 1 9 3 5 3 9 5 8 1 1 
191 6 5 2 3 4 4 5 2 6 3 
222 6 8 2 9 3 2 8 0 5 5 
231 7 9 9 3 3 4 5 4 1 0 
236 2 4 3 7 7 8 8 3 8 5 
263 5 4 7 6 6 6 0 6 2 9 
276 6 6 9 2 2 5 6 4 6 7 
279 8 3 8 7 9 1 5 5 2 6 
10
143 3 4 3 3 2 1 6 2 7 0 
143 0 2 4 3 6 2 3 4 1 3 
192 4 2 7 8 4 0 4 1 5 2 
193 4 6 2 3 5 8 8 9 0 3 
209 5 8 5 0 0 4 9 2 9 5 
210 2 9 2 0 2 8 9 4 9 9 
234 4 8 7 4 3 6 0 4 4 9 
274 6 9 8 8 7 2 1 4 1 4 
277 9 2 6 7 9 7 4 6 7 5 
289 7 7 9 6 8 8 1 9 2 3 
10
78 0 0 2 5 1 4 5 1 1 2 
116 2 5 0 0 8 4 5 2 4 0 
173 4 5 8 2 4 2 4 0 2 1 
175 2 8 3 2 3 2 8 9 0 2 
195 8 1 1 2 7 3 4 2 6 6 
201 7 6 4 1 1 7 4 1 2 5 
214 7 4 2 4 4 3 1 1 9 8 
249 8 0 7 2 7 1 6 1 7 6 
250 7 5 8 3 0 5 8 6 0 8 
327 6 9 9 8 8 8 8 6 6 5 
10
126 0 8 0 5 0 0 7 4 1 3 
148 2 4 3 1 7 4 1 1 4 5 
152 4 6 0 1 9 7 4 1 3 4 
159 2 5 6 3 5 3 1 1 7 1 
194 9 0 1 8 1 0 8 0 2 3 
222 7 4 2 2 6 7 5 8 7 1 
241 2 4 2 3 7 1 9 9 7 8 
273 4 6 8 9 9 3 5 7 6 0 
309 8 5 4 5 7 4 8 7 5 9 
312 9 2 8 9 6 6 2 6 3 8 
10
163 3 1 6 9 1 1 7 0 0 1 
171 3 7 0 0 0 7 4 0 7 9 
179 1 2 5 6 1 3 8 6 3 1 
186 4 3 0 5 2 5 9 8 2 5 
197 2 0 0 8 9 1 8 9 2 4 
211 3 5 3 3 8 2 9 0 7 4 
212 7 7 3 9 4 5 2 4 7 0 
223 3 3 8 0 8 4 3 1 8 6 
228 2 2 7 2 8 0 8 0 9 8 
248 2 8 5 7 3 0 1 9 7 7 
10
143 1 8 0 3 0 3 5 6 6 0 
173 2 9 6 0 7 4 3 6 1 2 
182 3 5 7 0 0 8 9 0 3 7 
190 4 7 4 7 5 2 6 2 2 0 
203 6 3 7 3 5 5 3 1 4 2 
205 4 8 4 7 0 7 5 8 5 2 
209 5 9 2 8 6 3 0 4 0 5 
215 4 3 2 7 4 5 9 2 3 9 
215 6 2 5 3 6 1 7 2 0 6 
215 4 5 8 7 0 1 7 1 7 0 
10
112 1 1 6 5 2 3 2 1 3 1 
157 1 7 4 4 3 7 3 1 9 2 
181 1 8 2 3 0 2 0 7 8 7 
196 1 5 9 5 8 5 6 1 7 0 
218 9 6 1 4 5 9 4 7 0 4 
220 1 9 6 1 9 8 4 0 3 7 
255 9 4 6 9 2 2 6 6 9 0 
270 6 3 7 3 6 0 0 9 5 9 
276 8 8 5 0 4 0 8 8 0 8 
284 0 9 8 5 9 2 7 4 7 8 
10
101 1 3 1 0 1 3 3 3 8 3 
187 3 8 0 9 9 5 0 3 4 4 
195 8 0 0 7 3 8 6 4 7 5 
204 8 1 4 6 7 6 1 0 0 8 
207 1 4 9 7 5 4 6 0 7 2 
216 0 4 8 0 9 6 2 5 6 8 
221 9 8 0 6 6 4 5 2 1 4 
223 2 1 7 0 5 3 9 2 9 8 
276 4 4 7 9 8 8 8 9 2 3 
300 9 3 6 3 4 2 3 8 9 8 
10
131 3 9 3 0 0 1 0 0 1 4 
180 5 3 3 6 1 4 5 7 2 1 
197 0 5 5 7 6 7 3 4 6 5 
212 5 5 6 9 2 4 4 2 9 1 
215 4 3 4 6 7 1 5 5 4 2 
221 9 7 1 9 1 8 8 7 0 2 
231 7 2 3 5 9 3 0 3 5 9 
249 8 2 8 0 6 9 8 3 2 7 
255 8 0 5 8 5 2 0 9 3 7 
285 5 9 7 6 6 0 9 9 4 2 
10
126 4 0 3 0 1 9 0 9 6 1 
151 4 6 0 1 3 9 8 2 7 2 
222 0 8 6 7 7 3 1 1 1 9 
236 8 5 7 6 3 0 0 5 4 2 
237 7 6 1 9 4 2 4 1 0 9 
244 6 0 4 9 0 4 7 5 5 7 
254 2 2 8 9 3 8 3 5 6 8 
261 9 2 6 1 9 6 3 2 5 9 
280 9 5 7 0 6 2 3 6 1 9 
287 9 9 5 6 2 9 7 9 1 5 
10
164 1 4 5 2 7 3 2 8 5 2 
173 0 7 4 9 6 0 1 1 9 1 
200 6 4 0 6 5 7 7 4 5 3 
209 2 6 6 9 5 9 7 0 4 5 
210 4 7 3 6 7 7 6 3 2 1 
236 6 8 7 2 5 3 4 9 0 0 
241 6 7 5 8 0 5 3 7 7 4 
249 0 4 7 8 4 0 9 6 8 6 
270 9 4 7 4 9 7 6 6 6 1 
280 8 5 6 8 0 0 7 4 8 6 
10
206 1 7 8 8 7 2 1 0 6 5 
211 2 4 9 1 8 4 1 6 2 7 
213 3 1 5 1 8 2 6 6 6 8 
216 7 7 2 0 6 9 9 0 7 4 
218 6 5 8 2 3 2 9 2 3 1 
240 8 3 6 3 7 4 8 0 0 5 
249 0 6 7 7 0 0 9 3 8 8 
254 7 1 8 9 7 4 0 3 1 6 
268 9 0 5 0 8 3 9 5 8 4 
302 9 0 8 7 1 9 8 8 8 5 
10
189 3 2 7 2 1 6 1 5 4 8 
189 1 5 6 4 5 5 1 4 5 7 
195 6 2 5 4 0 8 6 0 2 9 
229 5 5 6 2 3 7 4 6 9 4 
230 5 4 7 8 4 8 5 3 4 1 
234 5 3 9 1 7 7 5 2 4 6 
238 5 3 3 9 9 1 3 2 7 6 
255 7 2 5 4 8 8 7 8 8 2 
268 7 7 9 6 9 1 2 0 3 3 
268 9 8 8 1 6 9 0 5 0 7 
10
196 1 3 6 1 5 3 6 2 8 7 
212 4 6 5 9 8 5 5 1 1 0 
220 5 7 3 2 9 6 5 8 6 1 
230 1 6 8 6 4 1 1 7 4 7 
232 4 8 9 0 4 8 8 3 3 4 
236 3 4 2 7 8 7 3 9 6 5 
242 1 8 3 9 8 0 9 1 3 9 
242 9 6 6 0 7 4 2 3 8 1 
261 6 2 3 4 7 6 6 6 6 9 
314 6 4 5 9 5 6 8 9 8 7 
10
160 5 1 2 8 3 8 1 4 0 3 
168 1 7 8 1 0 1 2 5 7 2 
200 4 6 2 2 7 4 8 3 9 1 
220 9 3 3 1 1 3 6 8 5 6 
231 8 8 9 0 9 3 3 4 0 1 
242 0 8 6 9 3 5 4 7 7 9 
242 6 9 6 2 8 4 4 5 0 4 
245 7 3 5 9 7 2 3 6 8 3 
247 7 9 8 0 8 1 3 8 1 3 
263 4 9 7 7 3 9 3 9 1 6 
10
165 0 7 3 4 6 4 0 8 2 5 
175 2 6 1 6 7 3 0 5 5 3 
195 7 4 2 6 5 7 5 5 0 4 
207 3 1 5 1 4 4 6 5 9 5 
207 9 2 6 4 2 3 1 5 5 0 
217 6 3 3 6 7 2 4 0 7 4 
226 0 5 6 1 4 2 7 9 3 9 
241 7 8 5 6 9 5 2 0 8 3 
260 7 3 3 5 6 2 2 8 2 9 
274 8 6 8 2 7 8 2 8 2 5 
10
147 0 9 4 0 3 8 9 5 1 2 
174 0 2 5 7 4 1 6 3 8 0 
191 7 5 2 1 4 4 7 9 0 0 
201 3 2 0 7 7 8 5 2 4 8 
213 3 3 6 9 1 7 3 2 4 8 
223 2 6 5 5 8 3 7 2 9 5 
223 5 5 5 7 1 2 5 8 3 5 
237 9 1 6 4 7 8 2 0 8 5 
272 8 4 9 8 3 1 4 7 5 1 
274 8 5 6 7 8 9 7 0 2 7 
10
145 1 0 4 6 3 6 8 0 2 2 
157 1 1 4 2 1 1 0 5 8 7 
166 4 1 0 4 8 5 8 8 1 2 
196 9 1 5 5 4 8 3 3 4 1 
207 3 8 5 3 7 6 0 2 6 4 
221 8 9 7 8 3 9 0 2 3 0 
229 1 1 8 5 6 8 4 9 8 4 
235 6 4 0 4 4 0 9 5 9 5 
253 7 8 3 8 7 9 9 7 3 1 
260 9 4 9 4 0 6 4 0 9 4 
10
112 1 3 7 0 0 6 3 3 1 0 
160 0 2 2 3 7 3 5 2 8 6 
175 8 2 1 1 1 6 1 8 0 8 
189 0 1 4 8 7 1 4 3 6 5 
192 1 5 5 1 9 3 2 2 6 6 
221 0 2 5 5 2 3 4 9 7 9 
224 4 2 7 1 8 0 9 2 9 0 
240 4 6 7 7 9 6 2 7 9 1 
267 9 8 0 4 8 4 6 5 1 8 
300 6 4 9 5 3 8 8 7 6 7 
10
134 1 0 5 1 0 5 2 2 2 7 
148 7 3 2 2 0 8 6 1 2 4 
190 0 5 3 7 3 2 9 6 8 3 
211 4 8 1 5 4 2 9 7 4 4 
226 5 6 4 2 8 3 2 3 2 7 
237 7 2 7 0 7 7 9 7 3 2 
267 9 3 5 5 2 5 5 7 1 9 
288 5 2 5 9 9 7 9 6 1 9 
291 9 6 9 7 2 0 2 9 3 6 
304 7 0 8 6 9 6 8 7 8 7 
10
133 8 0 3 0 0 5 5 1 0 2 
177 0 2 2 5 8 1 1 4 8 9 
197 1 8 9 1 4 9 8 0 5 2 
199 6 8 4 2 3 1 6 4 2 0 
210 9 1 8 2 2 9 3 5 3 3 
211 7 3 2 1 3 6 7 6 0 9 
269 6 9 8 8 0 3 1 2 9 7 
269 7 1 5 5 1 4 4 8 9 8 
307 8 5 5 8 3 8 5 8 3 9 
314 6 2 8 8 6 9 6 5 9 9 
10
136 2 8 1 1 0 9 3 4 5 1 
163 1 6 4 0 0 9 7 3 2 6 
167 0 6 3 6 8 8 6 0 9 1 
169 4 5 8 2 5 8 3 1 1 1 
178 0 1 9 1 3 6 6 7 2 5 
179 4 5 2 7 4 7 0 8 1 1 
205 6 7 2 4 9 0 7 1 7 1 
240 8 3 6 6 4 5 1 0 6 7 
284 9 6 2 1 8 2 9 2 9 9 
310 8 9 1 6 5 3 9 9 8 6 
10
190 8 0 4 2 2 5 8 0 8 1 
192 6 5 2 0 8 5 9 1 4 2 
192 2 2 5 9 7 7 4 8 3 2 
194 0 6 5 5 2 4 5 5 8 5 
201 5 5 0 1 8 9 6 2 7 5 
205 6 9 4 5 6 8 0 7 1 2 
209 6 2 5 9 3 9 2 4 6 3 
228 1 8 7 4 2 2 7 9 7 2 
255 7 7 7 0 2 2 2 6 2 9 
274 7 9 7 4 1 4 7 6 1 9 
10
109 0 2 6 5 0 5 5 4 1 0 
162 3 3 1 7 1 4 3 1 6 8 
179 4 5 3 2 4 2 6 4 5 1 
182 4 3 1 6 2 6 8 0 4 7 
210 2 3 6 8 6 9 8 2 5 3 
231 4 3 8 4 3 3 6 1 9 4 
240 9 9 4 0 5 5 7 6 2 3 
242 8 2 6 7 4 8 0 3 4 8 
281 8 6 3 7 9 1 1 5 9 6 
294 9 9 0 5 8 8 8 6 5 8 
10
174 1 6 8 1 0 7 5 9 3 0 
183 5 6 2 2 0 5 5 0 6 9 
191 5 2 9 2 2 9 1 7 7 1 
203 0 6 6 8 7 8 8 0 0 3 
210 9 3 6 3 2 3 5 0 4 5 
222 1 6 6 9 7 1 4 2 5 3 
228 0 7 4 4 6 0 9 7 5 4 
246 8 1 4 6 7 3 6 9 3 4 
248 9 9 5 4 0 2 7 2 4 4 
272 8 5 7 9 8 8 1 0 9 4 
10
165 1 1 1 5 4 8 2 6 7 7 
191 8 4 2 6 5 6 4 8 1 0 
192 3 3 5 6 6 8 5 2 3 2 
221 5 5 2 6 9 3 4 6 1 5 
227 9 0 7 1 6 2 5 4 5 4 
229 5 2 8 9 3 9 8 2 7 1 
237 1 8 8 6 0 8 1 8 8 5 
240 2 8 6 2 3 4 4 6 9 7 
241 2 9 8 7 8 6 7 2 3 1 
286 8 6 7 4 3 6 4 6 8 6 
10
122 1 4 1 8 0 7 1 9 1 0 
130 0 3 6 5 2 5 1 5 5 1 
142 1 3 4 3 3 1 1 5 7 1 
147 4 1 2 5 3 8 9 0 7 0 
188 7 4 1 3 5 6 7 2 9 1 
196 6 0 4 1 7 0 5 5 4 6 
200 1 6 5 1 9 4 7 7 1 4 
204 0 9 6 7 9 8 0 4 7 1 
208 5 4 6 0 7 5 5 4 6 4 
264 9 4 2 7 2 5 7 2 6 8 
10
88 0 0 1 1 5 8 5 1 1 1 
176 7 4 2 3 4 6 2 1 4 2 
176 2 2 7 5 1 6 0 3 1 6 
204 3 4 4 0 4 6 6 5 5 8 
217 2 6 8 0 1 4 1 8 8 7 
231 1 5 3 2 9 6 9 9 9 3 
231 7 4 8 9 0 8 1 6 4 4 
234 7 0 7 1 6 9 7 0 6 6 
250 6 0 8 1 4 1 4 5 4 9 
274 8 8 2 8 4 4 8 7 3 5 
10
111 0 3 0 3 5 7 3 4 6 0 
138 2 3 6 0 6 9 4 0 0 3 
183 3 5 1 9 0 2 1 5 8 6 
186 4 5 9 4 1 8 0 2 4 4 
187 4 0 5 3 9 4 0 3 4 6 
253 7 1 9 1 4 0 8 6 2 5 
259 7 9 6 9 4 7 3 6 1 2 
274 8 9 2 9 2 0 9 9 4 2 
303 8 6 5 9 6 5 5 8 9 5 
325 9 1 6 5 7 9 5 9 8 9 
10
164 7 2 3 6 0 5 4 4 2 1 
180 7 7 2 0 3 0 2 1 2 7 
216 9 5 2 3 6 2 3 1 3 6 
221 2 9 7 4 6 8 6 1 1 4 
222 0 4 7 2 9 2 3 6 8 7 
237 6 3 4 5 7 6 0 7 8 6 
246 9 9 7 8 3 9 4 4 2 1 
246 3 7 9 6 1 0 1 8 9 5 
273 6 5 9 1 4 8 5 6 5 7 
299 8 7 5 9 8 5 0 4 7 7 
10
91 3 2 5 0 0 9 0 0 3 2 
102 1 0 1 1 9 1 1 2 5 0 
189 2 6 4 8 4 9 5 1 5 2 
194 7 5 0 3 6 8 9 8 4 0 
197 2 3 0 9 9 1 1 3 5 7 
203 1 8 5 2 4 5 4 8 1 5 
210 9 5 0 7 2 9 1 2 0 9 
210 1 9 8 4 4 1 4 8 2 0 
217 0 8 6 7 0 7 5 9 1 6 
261 6 3 8 6 3 5 2 9 6 5 
10
146 6 2 1 5 3 4 2 3 3 3 
172 4 1 8 6 0 1 0 2 7 2 
180 1 3 7 9 0 6 2 4 3 6 
192 1 5 6 8 7 9 4 0 6 2 
192 4 1 9 9 5 6 5 2 1 1 
212 8 8 2 8 6 0 4 0 7 1 
215 8 2 6 6 5 5 1 0 9 1 
217 7 4 7 2 2 9 0 5 1 5 
223 1 3 6 5 4 3 3 5 9 7 
247 5 0 6 1 9 2 8 8 8 3 
10
110 2 6 0 2 0 1 5 3 2 4 
163 2 7 0 6 5 9 0 9 2 2 
185 1 6 3 2 9 4 4 6 9 3 
203 6 8 2 3 6 1 1 3 0 5 
203 2 1 6 5 4 4 9 6 1 7 
217 6 1 9 6 4 3 0 0 2 7 
222 9 7 6 6 1 4 0 4 2 2 
240 6 0 9 4 5 9 5 2 5 6 
248 2 7 2 6 5 8 5 9 7 9 
302 8 5 5 7 8 3 4 4 5 8 
10
166 0 7 5 5 3 4 6 2 4 4 
170 2 5 8 0 2 3 0 8 6 3 
195 9 6 2 8 3 5 0 0 4 3 
198 4 6 3 1 8 1 2 0 6 6 
223 0 4 4 2 4 0 9 7 7 7 
228 0 0 4 9 1 3 5 9 8 9 
240 5 9 2 9 0 3 6 8 3 8 
241 3 5 5 0 7 3 9 4 7 6 
259 1 2 7 5 9 5 8 8 8 5 
288 9 7 2 8 8 2 9 5 9 4 
10
133 3 5 2 2 2 4 7 3 3 1 
160 2 5 1 5 6 4 1 1 1 9 
165 5 2 4 1 7 4 6 1 6 1 
193 4 4 5 4 2 3 4 9 1 3 
212 1 0 9 7 2 7 3 7 5 7 
213 9 5 8 3 3 0 1 0 8 1 
221 6 6 2 4 8 6 5 3 1 4 
240 7 1 8 3 4 1 7 5 6 1 
241 9 4 7 4 5 5 7 4 1 1 
242 9 4 3 8 5 7 6 2 9 0 
10
121 1 1 5 2 5 3 5 0 3 1 
193 6 1 4 2 0 9 8 1 4 6 
204 1 9 4 9 3 0 3 7 3 1 
216 0 9 8 7 7 3 6 6 2 0 
221 9 8 3 5 3 2 1 2 8 0 
231 2 9 9 3 4 7 6 9 2 3 
243 6 1 8 6 3 1 4 1 1 9 
262 4 3 8 9 0 5 8 2 9 7 
279 7 9 7 7 5 5 8 4 5 2 
318 7 9 8 8 9 1 6 4 7 2 
10
128 4 2 1 0 1 2 0 5 8 3 
141 7 5 2 1 0 2 0 2 1 5 
164 0 6 0 6 2 0 5 6 4 6 
173 1 7 8 0 2 9 3 1 8 3 
206 3 0 0 1 8 2 6 9 8 7 
209 2 3 0 6 3 0 9 6 8 7 
216 4 6 3 9 1 2 8 0 1 9 
228 5 5 9 1 7 9 6 5 0 1 
241 8 1 1 1 5 2 8 9 8 7 
267 1 4 7 8 6 5 6 9 5 8 
10
59 0 0 1 3 1 0 6 0 2 1 
172 1 3 4 7 4 1 1 2 3 9 
190 9 2 6 4 1 9 1 5 4 2 
192 5 2 1 8 7 3 9 2 4 0 
197 8 4 3 1 1 7 6 5 8 3 
198 2 9 6 8 7 4 2 0 3 3 
200 0 7 4 8 6 7 9 0 8 1 
202 6 5 3 0 1 9 3 8 5 8 
270 6 6 7 8 2 1 7 5 5 5 
289 5 0 9 2 9 6 8 8 7 8 
10
113 7 0 1 1 2 4 2 2 3 2 
134 1 0 2 6 1 8 9 5 1 0 
182 1 6 0 9 6 4 2 1 9 5 
190 4 6 5 2 6 1 2 0 1 7 
193 2 5 5 8 4 5 2 0 6 5 
202 2 8 4 3 1 0 2 0 9 9 
221 8 9 1 1 1 4 4 2 1 9 
232 6 8 6 2 6 9 2 3 7 3 
244 9 5 3 6 2 6 2 1 8 9 
250 7 5 4 3 5 8 7 3 1 7 
10
124 4 7 0 6 0 8 0 7 2 0 
153 0 5 0 2 9 0 9 3 2 4 
170 6 2 3 1 3 0 2 2 4 7 
176 4 5 7 5 4 7 0 6 2 1 
182 2 1 6 1 8 3 7 0 6 4 
191 0 5 9 2 3 3 0 7 6 6 
194 3 8 4 0 7 2 8 0 8 0 
195 7 4 3 7 9 7 3 0 0 1 
226 4 5 6 0 4 1 9 3 1 9 
233 1 6 6 6 2 5 7 5 0 9 
10
143 2 7 3 7 5 7 0 2 0 0 
157 3 5 5 9 0 6 0 1 3 0 
171 3 5 1 4 4 7 4 2 3 6 
200 3 3 4 4 8 2 0 1 2 9 
203 2 6 2 9 3 4 1 8 0 8 
203 0 0 7 7 8 5 6 0 3 7 
213 6 1 9 3 2 7 1 6 8 4 
228 7 6 3 1 8 8 4 5 3 3 
240 9 7 5 0 1 9 9 2 7 2 
313 9 8 9 8 6 2 5 3 6 6 
10
159 0 9 0 3 3 8 3 8 3 5 
177 8 1 0 9 8 0 1 3 2 0 
196 2 6 3 9 0 9 2 7 0 6 
200 6 4 2 2 8 9 1 9 2 4 
200 5 6 9 9 1 2 0 1 0 1 
216 5 1 7 7 5 7 0 5 9 3 
217 2 7 9 2 1 0 2 8 2 8 
219 0 9 5 9 4 2 8 7 5 0 
225 0 0 5 6 8 2 7 8 9 4 
284 5 7 9 6 3 1 2 7 9 8 
10
126 1 5 3 6 0 1 1 2 7 0 
153 3 3 1 5 6 4 4 7 0 0 
160 4 1 1 4 0 9 2 7 4 7 
191 0 4 5 1 9 6 9 7 0 3 
201 6 1 2 5 1 1 6 2 8 8 
208 5 0 3 7 2 9 8 6 1 6 
227 1 4 7 7 3 8 5 1 7 7 
229 1 5 9 2 8 9 2 8 0 5 
256 6 9 3 9 1 5 5 0 7 7 
293 9 8 9 7 6 2 2 3 4 4 
10
128 1 2 1 0 1 8 2 3 7 7 
144 1 1 4 0 3 0 9 0 5 3 
157 3 8 3 1 0 1 3 3 3 6 
158 4 0 1 8 1 4 1 4 8 4 
177 0 4 6 3 1 0 4 4 5 6 
198 2 4 4 5 9 2 3 2 3 8 
213 3 3 2 6 7 4 4 7 7 5 
245 7 6 0 7 9 2 1 5 2 7 
287 6 6 7 8 3 3 7 7 0 8 
324 9 9 9 3 8 7 5 2 9 5 
10
150 3 6 3 5 9 7 0 3 0 1 
154 7 2 3 1 3 3 0 2 3 4 
155 1 6 2 8 7 7 2 2 3 0 
176 2 0 1 7 9 9 7 5 7 0 
195 8 5 3 0 1 2 6 1 3 7 
198 4 7 2 7 4 7 1 4 4 5 
212 8 6 0 0 5 9 5 6 7 5 
213 2 7 6 7 6 2 3 3 1 7 
259 7 6 9 5 9 9 2 9 0 0 
287 5 5 8 6 8 4 7 2 8 6 
10
114 0 1 1 6 4 7 6 0 5 3 
137 3 0 5 3 1 3 1 7 4 0 
165 5 1 4 1 3 7 8 1 1 4 
173 2 5 3 2 9 4 1 5 1 7 
186 1 1 8 2 6 2 7 3 1 7 
186 1 7 4 4 0 8 7 0 2 9 
198 1 3 4 9 5 7 6 6 2 6 
212 7 7 4 7 5 1 0 5 2 0 
223 8 7 3 1 8 2 0 4 4 4 
272 7 6 2 0 7 2 5 9 6 8 
10
161 0 8 1 6 3 5 6 4 0 6 
200 6 7 0 4 0 8 0 3 9 7 
210 3 3 3 7 8 6 2 0 7 9 
215 2 8 2 9 6 6 8 9 6 1 
222 8 2 7 7 1 2 9 0 0 5 
223 7 3 7 0 5 2 5 9 2 1 
223 6 0 1 7 5 8 9 4 8 7 
228 7 1 6 6 2 1 4 9 9 0 
231 4 7 3 6 9 9 0 8 6 5 
260 7 9 8 3 9 9 8 2 5 1 
10
113 3 1 0 0 5 7 3 5 9 1 
146 3 4 1 7 4 3 5 0 4 0 
171 3 6 2 3 8 3 1 0 4 5 
177 4 4 4 0 4 9 0 7 0 6 
181 3 1 2 3 1 1 9 3 2 8 
190 8 0 7 0 4 1 0 0 6 3 
197 8 0 2 4 8 0 0 5 3 3 
204 4 1 9 8 0 1 3 6 1 2 
243 8 2 5 7 5 3 8 3 2 4 
267 7 4 3 7 9 2 7 8 2 5 
10
189 3 2 8 5 1 5 3 6 3 2 
201 5 2 5 2 2 8 6 5 8 1 
217 6 6 3 8 1 6 0 7 7 4 
244 6 9 1 7 4 1 9 9 8 0 
251 2 3 8 3 8 1 5 9 5 7 
262 8 9 3 3 3 6 6 5 2 8 
263 6 4 6 4 2 9 1 8 9 8 
273 5 9 3 5 5 6 9 8 7 6 
280 7 9 7 3 3 0 6 6 3 5 
296 5 9 8 9 8 5 6 8 5 1 
10
206 5 9 2 9 4 7 3 1 7 1 
208 8 8 1 6 8 8 1 4 0 1 
209 5 7 6 5 4 0 3 0 3 5 
216 0 2 9 1 3 1 8 7 8 4 
224 1 5 3 9 6 2 8 4 8 5 
226 9 3 2 2 2 2 1 7 2 9 
227 1 5 6 5 3 6 9 4 4 7 
239 4 7 2 0 3 2 9 9 7 7 
245 9 4 1 2 8 4 7 1 5 7 
259 7 9 4 2 6 5 4 5 8 6 
10
128 3 2 8 1 2 1 0 1 1 0 
169 3 3 1 5 3 4 6 6 9 2 
184 7 4 9 1 0 0 0 0 6 2 
187 4 1 5 1 3 2 7 5 8 4 
189 9 6 0 9 0 9 3 0 0 7 
205 4 8 1 2 8 4 8 0 9 5 
247 3 5 7 3 9 7 3 7 0 7 
264 6 5 8 5 1 6 6 8 1 5 
269 8 5 7 6 6 0 2 8 1 3 
271 5 8 6 9 2 6 3 9 1 9 
10
167 2 1 4 3 1 4 6 5 2 5 
202 4 6 5 1 8 9 5 1 3 7 
202 0 2 7 7 0 0 6 7 5 8 
212 6 8 0 4 6 0 4 1 9 4 
220 5 2 9 4 9 3 2 3 0 6 
229 7 3 1 4 5 6 8 4 2 9 
244 8 8 8 5 7 9 3 2 6 0 
248 8 2 5 1 9 4 8 7 2 5 
252 5 8 9 3 4 7 3 4 5 4 
277 8 3 8 3 1 1 4 9 2 9 
10
181 6 7 0 2 3 4 7 5 3 3 
182 0 1 9 0 8 1 8 1 3 6 
195 0 9 9 0 5 3 0 1 9 4 
201 0 6 8 4 0 2 4 9 4 2 
214 2 3 8 0 6 7 2 7 3 6 
228 1 8 6 6 4 1 5 7 7 6 
241 8 2 0 2 9 0 8 5 4 9 
243 7 5 3 9 2 2 7 2 8 4 
255 4 7 3 6 2 9 6 6 8 9 
274 7 4 6 7 5 8 4 7 0 7 
10
164 3 5 3 2 2 7 1 8 7 4 
188 3 0 0 8 2 3 9 1 4 8 
192 2 5 0 5 1 7 8 7 6 8 
217 6 6 3 3 2 0 7 9 6 2 
219 5 3 5 0 5 9 7 7 2 7 
224 8 0 6 1 3 5 8 5 7 2 
242 4 8 5 6 4 5 5 3 1 9 
251 8 2 9 0 2 8 6 2 1 8 
273 9 9 3 5 8 2 8 5 3 2 
294 7 8 8 5 6 9 5 5 3 8 
10
118 0 0 5 1 1 8 3 6 7 2 
148 2 4 0 1 8 9 5 0 9 5 
163 1 5 0 0 2 9 1 8 7 9 
168 6 0 2 5 2 0 7 8 1 2 
203 6 0 7 0 6 8 6 1 9 3 
208 5 0 2 1 2 4 6 9 4 8 
209 1 3 1 6 7 8 9 7 4 7 
242 2 4 8 7 2 1 9 3 5 8 
242 5 8 9 7 3 2 9 0 5 2 
247 1 4 8 6 6 2 2 9 6 6 
10
129 8 0 0 0 0 4 4 1 6 4 
130 2 0 2 6 0 4 0 5 5 3 
175 8 0 3 2 8 1 3 4 3 1 
185 2 4 1 7 6 0 3 5 2 7 
189 0 3 5 0 8 3 9 8 1 4 
190 5 6 6 8 0 4 2 2 2 1 
192 4 7 1 7 5 2 8 1 4 4 
212 3 7 8 5 3 8 0 4 0 6 
230 4 1 7 6 0 2 5 8 6 6 
323 8 8 7 4 4 5 6 7 5 9 
10
148 0 2 1 9 9 7 1 2 6 5 
183 0 7 4 3 8 9 2 2 4 9 
194 5 0 7 7 2 3 6 0 0 7 
195 4 3 7 1 6 9 7 7 2 2 
209 3 6 7 8 3 0 8 2 7 0 
209 6 5 3 7 8 6 0 3 1 7 
225 1 8 8 9 3 1 6 2 7 3 
237 3 8 7 5 6 5 0 4 9 5 
240 4 4 9 0 9 3 2 7 8 5 
276 5 8 9 8 2 4 1 9 8 6 
10
176 2 0 4 1 2 1 8 7 2 9 
201 9 8 7 2 4 9 2 0 0 1 
213 3 7 7 7 4 9 6 0 5 2 
235 8 7 1 9 2 4 5 8 4 1 
238 7 9 2 6 4 2 5 2 8 3 
247 7 1 3 0 8 8 6 8 3 9 
252 0 1 9 6 9 9 8 4 5 8 
263 8 7 1 8 8 8 6 1 6 5 
274 8 4 5 6 0 7 7 9 3 9 
325 7 8 9 0 8 2 8 7 6 6 
10
127 2 1 2 0 4 6 8 6 3 2 
151 7 1 0 4 8 3 1 3 2 3 
157 4 2 4 8 0 9 1 2 2 3 
183 2 7 1 3 5 4 9 7 1 2 
199 3 4 4 4 3 4 2 3 2 8 
216 3 2 5 4 5 5 6 9 3 4 
219 6 0 6 2 3 9 8 9 5 3 
230 1 9 4 7 2 0 5 8 5 5 
234 0 3 9 5 6 0 5 8 1 7 
250 5 0 5 7 8 1 4 5 9 8 
10
155 0 5 9 2 4 4 2 0 1 5 
157 3 6 1 4 9 6 0 4 3 2 
170 2 8 5 8 1 4 1 1 2 6 
195 7 2 7 9 7 7 1 0 2 1 
201 2 7 1 6 4 1 4 6 1 8 
210 4 3 5 9 8 1 6 2 7 1 
219 6 5 3 2 6 1 6 1 1 8 
228 1 9 8 2 3 0 4 5 4 8 
257 9 0 0 7 9 6 4 9 7 4 
287 8 6 6 5 6 5 9 6 4 3 
10
146 2 4 0 2 1 3 5 3 6 7 
147 1 1 2 0 2 7 1 9 5 6 
173 3 1 4 5 1 0 8 7 5 3 
177 2 1 3 8 2 7 5 4 9 3 
186 2 4 2 2 6 2 8 0 4 9 
191 7 3 8 3 0 2 4 1 6 1 
209 3 3 7 6 6 6 4 3 1 5 
217 3 7 7 5 9 7 1 1 1 5 
222 2 4 5 6 8 5 8 4 2 4 
334 8 4 8 9 6 4 9 6 1 8 
10
166 2 9 0 7 2 5 7 7 4 0 
198 7 4 0 8 7 9 1 7 3 0 
207 4 1 0 6 8 0 1 7 3 9 
211 6 9 2 4 2 4 4 7 8 0 
222 6 8 4 7 0 8 7 9 5 0 
255 7 2 5 4 3 0 6 6 7 5 
257 6 8 8 1 5 4 4 9 9 3 
269 7 8 7 4 5 9 8 5 0 4 
270 9 4 6 6 8 7 0 9 6 4 
303 8 3 9 6 9 6 4 4 9 7 
10
155 3 1 3 7 2 8 1 9 7 0 
198 3 7 2 9 5 6 2 0 8 4 
217 6 1 8 4 0 8 4 5 6 3 
224 3 5 3 9 2 8 4 5 7 9 
227 6 6 7 6 9 0 3 1 4 3 
233 4 2 3 9 5 2 6 7 1 8 
244 3 4 9 1 9 0 3 2 8 6 
247 9 3 6 0 7 7 4 8 9 1 
247 5 7 5 3 7 7 7 9 7 2 
265 5 7 6 9 8 1 7 2 8 4 
10
168 0 1 7 0 1 7 8 2 7 6 
205 7 1 0 5 5 1 8 4 4 5 
208 1 4 7 8 4 4 6 6 9 1 
224 6 4 7 4 5 9 2 2 4 6 
236 9 2 8 5 3 9 4 2 2 4 
245 5 8 7 0 2 5 3 7 4 7 
247 7 7 6 2 6 4 8 0 3 4 
249 8 2 3 6 7 8 8 7 1 2 
264 9 1 6 9 6 4 2 0 7 7 
275 8 9 9 4 9 2 0 2 9 0 
10
184 1 5 1 9 8 5 0 6 6 6 
200 0 6 9 4 0 0 4 7 0 4 
200 0 9 6 8 2 2 9 4 4 0 
220 4 5 3 2 9 0 6 2 6 6 
226 9 8 2 0 4 8 7 3 0 8 
232 2 3 9 6 8 3 7 3 0 4 
233 7 0 9 2 0 3 9 4 8 3 
234 5 8 5 4 7 5 0 9 0 3 
251 8 6 4 1 8 0 6 3 4 7 
253 9 4 4 3 7 3 7 1 8 3 
10
180 5 7 2 2 7 6 0 5 0 3 
181 4 1 6 3 7 8 0 1 7 3 
207 4 2 8 0 2 6 4 6 1 9 
215 7 0 2 6 9 8 3 8 1 5 
216 6 8 3 7 2 0 6 1 2 3 
217 1 3 2 8 9 8 3 6 8 6 
224 8 7 5 3 0 1 8 3 2 3 
264 8 0 8 9 6 1 9 0 0 4 
278 9 8 4 9 4 5 6 4 7 4 
294 5 5 6 9 9 1 4 6 6 8 
10
125 1 7 7 2 1 1 2 5 0 0 
171 7 0 0 7 2 1 2 2 8 4 
188 1 1 9 5 1 0 5 5 4 3 
206 9 2 8 4 2 5 1 9 0 0 
247 2 5 7 9 1 6 4 1 9 8 
249 9 0 7 0 2 7 8 8 0 7 
267 9 5 6 9 6 7 4 6 4 3 
282 7 6 8 7 6 8 6 2 8 6 
287 6 9 2 6 6 6 9 8 5 6 
304 7 1 8 7 8 7 8 1 9 8 
10
164 0 9 4 4 6 2 1 6 1 3 
166 4 7 2 6 0 8 6 2 6 3 
204 3 9 0 5 7 2 8 2 0 9 
222 4 5 1 1 4 4 9 6 9 7 
223 6 3 5 4 7 2 8 6 3 1 
234 7 2 4 4 8 0 7 3 3 5 
238 8 0 5 8 0 0 3 2 6 9 
261 8 1 7 1 9 1 5 2 2 8 
267 2 7 9 7 9 1 8 8 4 1 
296 8 7 9 7 6 2 8 2 9 1 
10
166 1 6 4 6 8 6 2 2 2 3 
166 7 7 1 0 7 2 5 0 8 0 
219 3 9 5 7 2 7 8 1 5 5 
225 6 5 8 5 8 0 6 0 4 1 
226 8 1 2 2 9 5 8 2 7 3 
231 5 2 5 6 2 4 5 0 7 9 
241 9 7 7 5 7 1 0 4 7 1 
246 8 9 4 4 8 9 9 2 7 0 
250 5 6 6 7 3 7 3 7 5 6 
262 7 3 6 5 9 8 4 3 4 7 
10
164 8 3 0 1 2 3 0 6 8 1 
176 1 1 8 4 4 6 1 4 8 2 
213 2 3 8 1 4 4 8 9 2 5 
215 4 9 0 1 6 1 5 8 6 7 
228 7 5 5 1 3 0 0 2 6 8 
228 9 8 0 9 9 9 0 7 3 0 
229 0 6 7 4 8 0 9 5 9 2 
234 4 8 6 7 5 3 1 9 3 1 
238 8 8 9 0 2 8 8 8 0 1 
254 9 0 9 3 2 5 9 4 4 1 
10
128 1 8 1 3 0 2 7 1 5 1 
145 0 5 2 9 2 8 5 3 5 0 
168 5 3 2 6 2 1 4 7 1 2 
178 2 3 0 7 4 6 6 4 0 9 
188 4 9 3 5 2 9 9 2 0 1 
188 4 6 3 8 5 9 2 0 2 4 
192 1 5 0 5 5 2 7 1 8 7 
211 4 1 7 4 4 7 8 8 6 2 
220 7 2 0 5 2 3 8 7 1 9 
224 0 2 9 8 9 8 3 1 8 3 
10
123 3 0 3 1 2 7 1 3 7 0 
161 4 8 2 2 5 4 1 0 9 2 
163 0 4 0 8 6 7 7 2 8 2 
190 2 6 1 6 2 5 9 6 8 0 
191 3 5 3 1 9 7 5 8 5 0 
192 5 5 3 0 4 7 5 8 9 0 
205 3 0 5 6 2 8 6 7 5 6 
233 9 8 6 0 7 4 0 0 2 8 
244 4 4 7 0 9 6 7 9 1 6 
263 4 8 5 5 4 7 7 3 6 7 
10
123 1 6 3 5 1 3 0 5 2 1 
134 0 4 0 1 8 1 4 0 9 2 
166 4 1 6 3 3 1 5 1 4 3 
181 2 6 0 3 7 6 7 4 8 5 
206 4 2 5 6 1 8 5 1 9 6 
261 2 2 9 6 6 6 7 4 8 7 
268 6 9 8 8 0 3 3 9 0 8 
272 3 3 9 6 7 4 9 6 3 8 
307 8 5 9 6 1 9 9 4 3 7 
308 9 7 7 0 2 9 3 9 8 9 
10
155 0 2 1 4 5 4 2 9 9 3 
168 1 3 4 2 4 3 9 5 1 5 
169 5 7 2 1 3 8 8 2 1 0 
175 3 1 5 5 7 7 8 3 1 2 
179 4 7 1 5 4 2 2 5 1 6 
205 8 8 4 9 0 6 1 4 1 1 
210 2 5 3 2 7 1 6 9 4 7 
214 4 1 3 7 8 9 4 8 6 1 
235 3 9 8 2 6 8 4 7 1 2 
249 5 1 5 7 2 9 6 2 9 8 
10
161 3 0 3 6 0 1 1 3 4 9 
164 1 8 4 1 9 9 9 4 0 0 
184 4 2 7 2 2 2 4 9 1 4 
197 9 5 1 4 2 6 1 5 2 5 
226 5 4 8 6 0 3 7 0 2 8 
246 3 2 8 4 6 6 0 4 7 9 
251 7 0 5 7 2 7 4 3 9 8 
257 3 5 6 6 8 2 4 3 8 6 
272 4 7 9 6 8 9 4 3 5 8 
281 5 4 8 3 8 3 4 6 7 6 
10
116 1 3 0 9 2 8 2 7 3 0 
158 3 4 5 4 1 5 1 1 1 8 
186 2 2 4 5 0 6 1 7 1 9 
193 0 4 9 0 8 4 8 0 0 7 
195 6 6 0 8 7 8 1 7 3 1 
223 5 0 7 0 8 3 4 4 4 9 
245 7 4 9 8 2 3 8 0 3 3 
247 5 8 4 4 8 4 8 9 4 3 
250 0 8 7 1 7 0 1 9 7 8 
265 2 3 8 7 4 5 8 5 9 7 
10
125 2 0 1 3 9 5 0 2 3 3 
155 0 3 5 3 7 6 2 7 1 2 
206 0 7 5 5 5 1 8 8 4 4 
222 9 4 8 3 0 7 6 0 4 3 
224 5 7 6 3 5 5 0 4 5 6 
226 3 4 4 5 5 3 4 7 1 9 
231 3 2 9 4 4 6 2 4 8 8 
244 9 6 5 5 5 6 3 6 0 3 
274 5 2 7 3 9 7 4 7 4 9 
303 9 0 9 9 7 2 5 7 0 7 
10
143 2 7 0 2 2 7 0 4 6 6 
172 2 4 9 0 3 0 6 2 1 2 
176 1 6 4 8 4 9 0 8 9 1 
177 2 9 2 9 0 6 6 4 2 3 
198 7 2 4 1 4 8 1 0 7 6 
237 9 1 0 3 6 4 5 8 2 9 
242 7 1 6 9 5 0 4 6 3 2 
264 8 9 4 6 4 6 4 9 9 2 
276 8 5 0 8 4 2 8 5 4 9 
307 7 7 7 9 9 3 8 4 8 3 
10
147 0 1 3 5 5 8 0 3 8 6 
162 6 3 3 0 5 2 0 0 1 8 
184 4 2 8 2 7 1 1 2 3 5 
207 4 4 6 3 7 7 5 5 5 2 
215 3 3 4 8 5 0 8 9 0 1 
220 6 5 4 5 1 4 1 6 8 8 
222 8 9 9 0 0 9 0 5 2 2 
255 5 9 4 6 3 9 9 6 3 5 
266 7 1 3 2 5 4 9 6 7 9 
288 8 7 4 9 9 2 3 8 1 7 
10
162 1 6 1 1 1 6 8 9 1 3 
194 9 0 8 5 0 8 0 6 2 1 
214 2 9 3 8 2 0 6 6 5 5 
234 2 2 5 5 2 8 7 8 3 9 
238 4 3 8 7 5 3 0 6 7 5 
243 7 7 9 9 0 0 4 7 0 1 
255 8 3 5 6 7 2 4 6 9 0 
262 2 5 8 9 5 5 4 5 4 8 
295 6 8 9 7 7 9 9 6 4 0 
305 5 7 9 7 5 1 7 7 7 6 
10
187 4 0 3 2 3 0 6 0 3 9 
190 2 2 5 7 5 1 1 0 4 9 
210 2 1 7 1 6 0 5 5 4 8 
219 4 2 6 4 5 5 6 6 6 4 
219 9 3 0 8 7 9 5 5 7 2 
229 3 7 8 3 3 6 5 3 3 7 
230 3 7 7 6 3 0 3 9 7 1 
242 7 3 3 7 2 8 4 7 2 8 
242 6 0 8 2 7 2 1 6 9 5 
308 8 8 5 7 6 7 5 7 7 8 
10
108 2 2 3 7 1 2 0 1 4 2 
143 1 0 5 2 5 2 0 7 0 7 
173 4 5 8 0 3 9 3 7 2 1 
178 8 1 6 6 0 0 4 1 2 0 
186 0 7 1 5 5 9 7 5 7 4 
220 8 1 5 4 3 8 2 6 9 4 
235 4 2 9 1 8 2 6 3 1 8 
237 1 5 8 7 8 0 2 9 8 0 
278 6 4 7 9 1 1 5 9 4 6 
286 9 8 2 4 2 4 8 2 7 9 
10
98 2 2 0 5 3 0 5 1 4 1 
124 4 1 0 1 1 5 5 0 3 7 
167 2 9 3 5 6 5 0 5 5 0 
197 4 5 4 8 1 3 4 1 5 4 
203 3 9 0 6 2 9 7 5 3 8 
205 1 6 5 4 7 2 5 5 6 3 
205 2 2 7 2 4 5 7 5 1 5 
221 1 8 5 1 9 0 7 7 6 2 
253 7 7 7 9 6 5 0 1 8 5 
279 9 3 9 1 2 4 5 2 5 9 
10
153 5 1 2 5 5 2 0 1 0 4 
162 8 2 1 1 9 5 1 0 4 0 
171 1 2 6 4 6 5 7 9 3 0 
196 3 4 7 6 9 4 4 1 8 0 
208 1 7 3 3 4 1 8 5 2 6 
214 3 4 3 7 4 0 8 3 4 5 
239 7 1 7 3 5 5 1 4 4 9 
253 6 8 5 6 7 5 4 9 4 0 
264 6 6 2 6 6 9 9 6 3 8 
267 6 1 8 8 9 9 5 2 4 4 
10
156 0 5 2 2 2 5 4 9 0 8 
163 2 4 0 6 1 2 8 4 8 1 
175 3 7 0 6 3 6 9 1 7 1 
190 5 3 5 6 3 1 0 0 7 5 
202 8 3 3 2 4 6 2 8 3 3 
225 6 0 8 6 3 6 5 0 7 3 
249 8 0 2 6 7 4 0 8 5 9 
279 9 2 6 9 9 2 7 5 6 2 
285 9 8 5 5 5 7 0 5 5 9 
310 5 8 6 6 6 3 6 6 9 9 
10
177 2 0 6 4 9 8 2 5 7 1 
178 5 4 4 4 2 4 7 3 2 2 
196 3 2 4 8 4 8 3 2 2 9 
216 7 0 1 6 5 5 4 6 7 5 
234 3 3 2 6 9 6 7 8 8 4 
237 6 9 5 0 5 5 0 7 9 5 
242 7 3 9 7 5 4 2 9 3 1 
259 6 3 6 5 6 7 3 8 7 5 
267 7 9 8 3 6 8 1 1 8 6 
301 7 9 6 7 8 1 7 2 6 8 
10
134 2 5 0 0 2 0 0 5 3 9 
166 5 8 3 1 2 2 4 0 3 4 
168 2 5 2 3 5 0 3 6 4 3 
182 4 1 6 6 1 3 3 7 4 2 
186 2 4 1 5 5 7 1 8 8 4 
191 5 4 7 4 2 2 1 9 0 1 
199 3 4 7 9 3 6 0 5 6 1 
212 0 3 0 9 8 7 8 9 8 3 
228 8 4 3 8 3 7 9 8 0 1 
287 9 9 4 5 5 6 6 9 0 5 
10
133 2 0 2 0 4 0 3 1 8 4 
139 2 1 1 1 3 1 0 9 7 6 
149 2 2 1 6 1 9 5 9 2 2 
210 6 9 2 0 8 3 9 2 5 0 
214 0 3 7 5 9 0 2 2 9 7 
222 6 4 2 8 8 7 4 8 9 0 
227 6 1 3 6 9 6 0 9 3 4 
248 2 7 9 5 6 7 2 4 4 6 
252 8 8 1 8 7 4 1 6 8 2 
310 8 8 9 5 0 3 7 2 5 9 
10
145 2 1 1 0 5 9 4 9 2 4 
156 2 8 6 0 5 6 3 5 2 0 
163 0 8 3 6 1 7 0 0 9 7 
197 0 9 7 7 0 7 3 8 6 0 
212 6 9 7 3 1 4 1 3 6 1 
239 4 8 7 6 5 2 3 0 2 7 
240 7 0 0 9 9 0 7 8 4 5 
241 5 7 1 1 1 2 9 3 9 9 
248 8 8 1 5 9 9 4 6 1 7 
305 6 7 8 2 6 8 4 9 6 9 
10
165 2 2 6 4 1 8 5 1 9 0 
190 5 9 3 1 4 4 0 3 1 8 
213 0 6 3 8 8 0 8 8 3 4 
219 4 8 2 6 3 7 7 5 0 5 
223 5 7 0 6 3 5 9 4 6 7 
226 0 8 6 8 7 5 0 5 6 7 
236 5 6 5 8 1 6 2 5 6 8 
243 5 3 8 9 6 3 2 1 9 5 
273 3 4 7 6 7 1 8 9 7 4 
333 9 4 7 3 3 8 9 9 6 9 
10
136 3 2 1 6 5 2 1 9 1 0 
141 1 1 3 0 7 9 4 1 5 6 
180 0 7 0 5 1 1 4 6 5 8 
182 1 1 4 3 0 8 7 3 5 9 
188 5 1 4 1 3 1 7 4 4 6 
199 6 4 5 5 3 6 3 5 2 5 
204 2 2 4 6 4 3 5 5 8 6 
211 4 1 8 3 0 2 8 1 9 3 
288 9 8 4 6 8 8 1 9 4 5 
322 4 7 9 5 9 1 5 8 8 9 
10
173 2 4 6 8 1 5 6 3 1 0 
175 0 3 3 2 3 8 1 8 9 7 
193 6 6 0 7 0 1 0 7 0 6 
194 7 6 3 2 7 1 3 7 0 1 
203 5 0 6 8 4 7 8 2 7 0 
210 1 4 8 0 2 3 0 9 9 6 
216 3 7 3 9 4 8 2 6 9 3 
251 0 7 7 8 9 5 1 8 6 6 
262 8 1 6 4 8 0 7 1 7 8 
280 6 7 5 6 5 6 6 7 5 7 
10
118 0 9 3 5 0 4 6 1 2 0 
135 0 7 4 0 5 4 2 2 2 6 
154 3 0 2 9 5 8 1 4 2 2 
161 2 7 3 6 3 7 4 4 4 0 
175 2 4 3 6 4 4 2 7 2 4 
184 7 6 1 9 0 2 3 7 3 0 
235 7 9 9 3 0 6 0 6 2 6 
236 8 7 8 2 5 0 3 9 2 1 
260 0 9 7 6 9 8 4 5 1 9 
311 8 7 8 2 6 4 9 3 5 8 
10
189 7 0 4 4 9 1 2 3 2 0 
206 0 0 5 8 3 6 8 4 9 4 
208 4 3 6 0 0 8 6 9 0 9 
218 1 8 3 5 6 2 7 3 8 8 
224 5 1 8 3 1 5 3 6 1 8 
228 3 7 7 7 2 7 3 8 5 4 
231 9 7 1 5 2 6 3 7 8 3 
235 9 3 9 2 4 3 2 6 4 2 
236 5 6 1 9 4 1 5 0 6 8 
316 9 4 8 4 8 4 4 8 4 6 
10
153 0 6 7 0 5 7 1 1 4 6 
165 1 2 5 2 2 6 8 5 9 1 
168 3 5 6 5 1 0 3 7 1 0 
172 0 7 2 4 1 8 1 1 8 9 
179 1 2 9 8 6 2 4 2 2 0 
197 5 1 3 8 5 2 3 0 5 8 
211 5 1 5 2 4 1 3 0 7 9 
254 8 2 8 4 4 9 2 3 7 5 
271 7 6 8 2 3 1 7 1 6 6 
296 9 3 8 0 7 6 6 7 1 9 
10
154 0 0 3 4 1 4 5 7 9 3 
164 7 2 0 4 0 4 3 5 0 5 
199 6 3 9 0 4 3 1 3 0 3 
200 0 1 8 8 7 4 1 5 5 3 
206 4 2 3 5 1 4 6 4 4 7 
227 6 6 3 7 6 5 5 5 6 4 
242 5 2 2 6 8 3 7 6 0 9 
243 2 8 6 8 4 3 6 3 4 8 
265 9 2 3 3 4 9 8 2 9 8 
292 4 7 7 6 9 6 3 6 3 9 
10
173 8 0 0 1 2 1 1 1 5 8 
181 5 9 3 8 1 0 0 2 5 1 
197 3 0 5 5 5 5 1 9 2 8 
213 1 9 2 0 7 2 3 7 6 8 
218 3 2 7 6 8 7 4 4 4 2 
224 0 7 9 7 4 9 1 7 6 5 
254 1 7 6 2 9 8 1 9 6 9 
272 7 2 8 9 1 1 2 7 4 6 
277 5 0 9 9 8 4 4 5 6 7 
315 8 9 6 5 8 0 6 7 2 7 
10
137 3 3 5 2 2 2 3 3 4 0 
162 4 0 1 7 6 3 8 3 4 1 
162 7 1 1 2 0 2 3 5 4 7 
201 3 9 3 6 6 4 3 6 6 0 
202 2 9 0 1 4 2 5 7 6 6 
204 6 4 3 5 1 7 7 0 7 7 
207 4 6 6 3 4 8 7 2 7 4 
228 5 3 5 3 5 1 9 4 2 5 
263 0 8 6 9 8 1 7 3 5 9 
302 6 7 8 8 7 1 1 8 5 5 
10
131 5 1 0 6 6 7 1 1 4 1 
174 4 5 2 3 0 7 8 5 2 5 
199 6 7 3 4 7 8 2 1 3 6 
210 0 4 8 5 3 4 9 7 4 3 
221 8 6 0 7 9 4 0 5 1 5 
224 1 9 0 8 7 1 9 2 5 9 
238 2 8 7 6 8 8 8 7 1 1 
241 5 5 8 4 2 5 9 4 5 1 
255 3 1 6 8 9 5 0 8 6 8 
257 9 9 5 1 3 5 9 9 5 1 
10
115 0 3 4 0 1 1 4 2 6 3 
150 1 3 3 7 1 9 2 9 3 2 
171 5 1 0 4 5 4 8 3 2 5 
172 5 6 3 3 4 4 8 0 8 0 
191 4 2 8 5 1 3 9 1 5 2 
196 7 2 2 5 8 0 1 2 3 5 
225 2 4 8 1 9 0 7 0 1 9 
242 6 9 2 7 6 4 5 6 2 4 
253 7 5 7 8 4 5 0 7 9 3 
283 9 8 7 5 5 1 6 8 3 1 
10
128 2 0 3 6 0 4 7 1 1 1 
168 5 5 0 4 2 8 3 7 7 0 
169 0 7 4 3 6 7 5 2 5 2 
178 1 6 0 3 6 0 7 1 5 9 
191 1 7 7 3 5 8 1 8 6 0 
211 6 8 8 3 2 7 3 0 3 3 
219 6 3 1 5 8 4 7 7 2 4 
237 5 1 8 3 3 6 7 1 4 8 
248 5 7 6 2 5 5 2 7 2 7 
252 7 9 2 9 2 0 5 0 7 7 
10
153 3 2 2 0 7 7 6 1 2 4 
166 3 8 8 3 2 5 0 3 4 0 
179 3 7 7 4 3 1 3 4 1 1 
192 4 6 0 0 7 4 3 8 0 8 
203 5 2 8 9 0 8 2 4 1 4 
235 3 7 9 3 0 4 0 5 8 7 
243 9 2 5 6 4 4 3 7 3 5 
245 3 8 6 8 2 6 4 9 6 6 
246 8 0 4 5 2 5 6 2 9 8 
268 9 3 9 6 5 0 0 8 6 2 
10
120 2 8 1 0 0 1 1 9 0 4 
122 1 4 2 6 2 3 0 8 2 0 
174 8 9 0 7 1 7 4 1 0 3 
197 1 7 2 9 5 8 1 0 5 9 
216 0 9 5 3 8 7 2 7 0 7 
225 1 7 6 5 2 1 7 6 1 6 
233 8 8 3 8 6 1 1 2 0 4 
243 1 9 5 8 1 8 9 7 4 4 
256 9 0 1 4 7 4 9 4 5 8 
282 9 1 8 8 7 4 0 0 8 8 
10
124 0 0 2 3 5 6 6 8 0 2 
168 2 0 7 0 3 8 6 4 1 4 
192 3 4 3 4 3 1 2 8 2 6 
193 2 2 2 3 3 5 8 4 0 9 
211 5 7 7 9 0 7 2 1 9 1 
212 7 4 6 8 1 9 4 2 7 0 
215 4 3 5 8 0 6 4 8 2 8 
253 2 8 7 7 2 2 4 6 6 6 
259 7 8 3 5 7 2 1 6 6 7 
264 9 0 0 9 6 8 9 5 7 5 
10
99 0 2 1 1 9 7 4 0 0 4 
196 8 5 2 3 6 8 4 9 3 0 
200 8 1 3 3 9 0 0 5 6 0 
204 6 9 1 4 1 6 7 1 3 6 
217 2 4 6 3 9 4 5 2 5 6 
222 5 6 9 3 0 2 7 0 1 8 
249 3 9 8 2 0 2 6 1 8 9 
259 4 5 8 6 5 1 8 4 4 6 
270 3 9 8 9 9 2 4 8 7 2 
280 8 0 9 4 8 6 3 9 3 6 
10
151 9 2 1 0 2 4 5 0 3 1 
171 7 3 1 6 7 5 3 0 6 1 
207 8 0 0 9 7 0 4 3 9 3 
216 6 9 4 7 1 8 1 8 0 4 
218 5 0 1 9 7 2 3 6 6 8 
229 8 2 7 5 0 9 2 5 8 3 
235 6 5 3 9 1 1 4 3 9 4 
248 8 0 6 7 8 4 0 9 0 4 
253 5 0 9 6 8 6 4 6 7 5 
274 6 6 6 3 9 5 6 3 6 5 
10
134 1 3 1 6 4 9 1 6 3 1 
146 0 9 4 5 7 2 2 0 2 3 
147 2 0 7 3 0 1 2 3 8 2 
175 0 5 5 5 7 2 9 4 3 1 
189 1 1 3 6 2 1 8 7 5 6 
202 5 5 4 4 3 1 5 6 9 0 
222 4 0 5 0 6 9 8 3 6 8 
229 8 4 5 8 3 5 0 2 6 4 
234 9 0 4 8 7 0 7 4 1 2 
247 7 7 2 8 6 2 0 5 6 7 
10
175 1 1 6 2 7 7 1 6 2 6 
191 0 0 7 7 7 3 6 2 9 0 
193 2 4 4 1 1 4 6 8 0 7 
195 0 2 3 9 5 8 3 8 6 4 
199 1 5 2 8 4 0 7 8 4 5 
216 9 6 3 0 4 7 9 4 2 0 
227 7 7 5 4 9 4 2 0 0 7 
232 5 9 3 1 6 3 4 2 2 8 
272 7 6 9 5 5 8 7 2 8 4 
320 8 8 8 5 8 7 5 5 6 9 
10
123 3 8 0 0 2 6 4 0 6 0 
138 3 9 1 1 4 3 2 2 0 5 
182 3 6 4 3 4 6 7 5 9 0 
197 2 2 6 9 3 0 0 3 9 7 
211 1 3 4 9 8 9 2 8 7 4 
214 1 9 2 2 1 0 5 5 8 9 
218 6 0 1 9 1 4 9 4 7 7 
232 7 7 3 9 3 9 4 7 0 4 
242 7 8 7 5 0 9 4 3 1 7 
249 7 1 9 2 3 8 7 3 7 5 
10
128 1 1 5 3 4 5 3 5 5 0 
146 0 2 0 8 5 9 1 5 5 6 
162 1 2 2 9 1 1 6 4 8 1 
181 0 6 8 3 5 4 4 7 2 2 
181 8 8 0 9 2 0 4 1 5 0 
218 5 9 8 4 2 1 3 8 2 0 
218 4 5 9 8 0 0 4 2 6 2 
221 5 8 8 1 4 8 9 0 4 4 
239 8 1 5 2 9 5 5 1 6 4 
292 4 1 7 3 9 2 7 6 9 9 
10
160 6 2 2 2 4 4 0 2 6 5 
171 8 3 0 9 4 4 3 0 0 5 
192 1 9 1 4 9 0 9 9 4 0 
206 0 3 9 3 1 3 6 3 8 9 
210 1 0 2 8 6 5 8 8 1 6 
213 2 4 7 8 7 8 6 6 2 1 
220 5 5 2 5 4 4 0 6 2 9 
278 7 8 2 7 1 1 7 9 7 7 
284 8 8 6 0 8 7 5 8 6 4 
284 6 7 6 8 9 7 4 7 8 1 
10
150 7 3 1 0 0 9 7 4 0 5 
161 4 4 0 9 0 4 0 1 4 8 
161 1 4 4 1 7 4 0 5 2 8 
169 1 0 4 7 9 2 3 8 7 0 
170 0 2 9 2 2 4 4 8 3 3 
203 0 1 8 7 4 9 3 8 0 7 
208 7 3 5 1 3 9 7 9 2 3 
228 8 6 2 8 4 7 6 0 8 3 
245 3 8 8 2 9 7 4 8 8 2 
280 5 3 5 8 9 9 3 5 9 7 
10
151 4 2 1 6 7 3 1 3 8 1 
157 1 3 3 2 8 0 6 3 8 2 
179 6 4 1 2 4 5 2 0 4 9 
188 8 2 3 0 2 3 6 1 2 6 
199 0 8 6 3 2 5 7 1 9 6 
215 6 8 1 9 3 7 0 1 8 8 
227 8 5 9 5 0 9 8 1 7 0 
242 1 9 8 3 9 8 2 4 0 8 
275 8 5 7 1 8 2 9 3 0 6 
279 7 4 3 7 5 1 7 9 6 9 
10
106 1 7 0 1 1 4 6 1 9 0 
191 6 3 2 1 5 3 9 2 8 1 
195 8 4 2 8 5 3 1 3 1 2 
210 3 8 6 1 2 1 1 5 9 4 
219 7 2 7 3 4 9 0 8 2 2 
220 3 6 5 8 2 8 5 4 0 7 
242 1 3 6 5 2 0 9 5 5 9 
250 8 2 3 9 0 4 2 4 8 9 
259 8 1 5 7 8 1 4 1 0 8 
277 7 6 7 0 6 4 9 4 8 7 
10
165 6 0 0 1 6 3 0 2 3 8 
178 4 3 2 2 5 4 1 7 5 3 
183 3 1 5 1 6 4 0 3 6 9 
186 5 8 5 2 0 7 7 2 9 1 
214 4 9 4 2 1 6 8 8 0 3 
221 9 9 4 2 1 6 9 1 2 2 
229 6 5 4 5 8 5 5 1 1 6 
232 0 8 9 1 7 0 3 9 3 7 
273 6 3 0 8 9 2 9 6 9 8 
297 8 9 8 0 8 5 6 3 1 8 
10
175 6 0 1 4 9 6 0 8 7 0 
191 2 4 3 3 2 1 0 4 7 9 
200 4 1 9 6 5 6 3 3 1 1 
216 0 9 9 3 1 6 8 5 4 6 
218 2 4 9 2 3 8 2 0 7 8 
267 5 3 3 9 4 2 9 8 8 6 
273 7 8 6 6 1 8 4 1 7 8 
276 7 5 8 6 2 5 6 8 3 7 
295 9 3 9 9 7 3 4 7 3 1 
304 9 6 5 9 7 5 4 9 8 3 
10
167 1 0 5 3 2 0 7 5 8 4 
177 0 9 3 2 7 3 3 0 6 9 
202 6 4 5 0 5 3 6 7 4 0 
205 3 9 4 0 3 2 0 9 2 9 
205 5 3 9 1 3 4 1 5 3 5 
225 9 1 1 5 9 2 7 3 7 1 
235 1 6 8 8 5 2 1 8 3 8 
285 7 3 9 5 4 2 4 9 1 9 
314 7 2 8 5 8 5 4 9 8 9 
332 9 5 9 1 9 8 4 8 8 7 
10
142 4 4 3 4 3 2 0 5 1 3 
166 4 0 0 4 6 1 6 0 2 8 
169 1 4 3 8 0 1 4 4 5 6 
189 5 3 8 9 2 7 4 3 0 1 
214 6 1 8 4 0 6 5 6 5 1 
231 9 2 7 7 8 0 1 2 1 4 
236 6 1 1 7 4 5 9 8 0 6 
243 3 1 9 6 6 8 5 6 1 9 
263 7 0 6 9 5 0 7 4 2 8 
284 5 9 5 9 0 3 2 9 4 9 
10
159 1 0 6 7 4 0 4 7 2 1 
161 0 3 1 2 5 0 9 0 8 6 
163 4 3 1 3 2 5 9 4 7 1 
164 3 3 2 9 7 7 8 0 2 0 
172 2 1 8 5 7 7 0 1 8 0 
181 4 0 5 7 4 4 5 4 9 1 
183 1 5 3 8 8 9 5 4 0 5 
232 5 4 8 5 1 3 1 9 8 1 
240 7 7 1 6 2 8 1 3 8 8 
244 9 0 7 7 3 8 6 4 3 2 
10
167 3 9 4 8 1 3 2 1 1 0 
193 3 8 1 4 4 8 0 9 7 6 
200 0 2 5 2 9 3 5 2 5 7 
225 5 3 3 3 7 3 4 8 9 3 
243 6 7 4 9 4 5 1 7 5 5 
255 9 4 3 7 8 2 8 1 4 3 
255 9 7 9 3 8 1 1 0 1 4 
272 8 3 9 8 3 4 1 3 2 9 
272 9 1 3 1 2 9 7 9 7 9 
312 7 1 8 3 9 4 6 6 7 9 
10
109 1 4 1 0 0 9 4 3 8 3 
158 2 1 3 1 4 9 5 7 8 4 
158 3 0 4 9 1 0 4 2 6 1 
181 7 0 3 3 0 6 4 5 8 3 
189 4 3 7 5 3 8 2 1 8 2 
210 5 4 6 2 1 2 2 6 7 7 
227 5 0 4 9 4 6 0 8 6 8 
233 6 7 3 6 3 2 7 0 2 9 
240 8 2 2 6 9 4 8 5 5 3 
242 8 8 9 2 6 0 1 5 4 0 
10
139 0 3 3 2 4 3 7 4 2 2 
142 3 0 1 3 5 2 7 5 0 5 
156 0 8 1 0 1 7 9 6 6 4 
186 8 5 1 0 4 8 3 4 8 4 
191 4 8 5 0 5 4 1 6 8 0 
205 1 3 8 4 7 1 5 5 8 0 
222 3 6 8 2 9 7 8 0 9 2 
236 6 7 5 2 9 3 2 7 6 4 
248 2 6 8 3 9 5 9 1 0 9 
271 7 7 2 6 3 2 5 4 9 8 
10
172 1 1 3 9 3 9 9 6 1 0 
174 2 0 6 4 6 3 4 2 0 4 
188 1 0 6 8 4 7 8 4 8 0 
207 6 9 1 2 4 5 5 5 9 2 
212 5 1 4 4 4 0 3 5 8 5 
236 7 7 2 5 5 8 6 4 9 5 
243 8 6 2 4 4 1 4 5 2 7 
260 8 8 0 8 8 5 7 1 7 5 
268 8 2 6 3 8 5 5 6 5 6 
272 0 7 8 2 8 1 9 9 7 9 
10
115 0 4 3 6 1 6 5 2 2 2 
170 6 7 0 4 3 1 0 2 7 4 
182 5 0 3 7 0 5 1 8 4 6 
211 5 5 2 6 3 5 2 4 5 8 
212 0 7 7 7 9 7 4 5 4 2 
212 7 1 2 8 9 4 3 0 8 1 
214 2 8 4 8 4 1 3 4 1 5 
215 4 5 8 8 2 3 0 7 8 2 
220 7 9 5 8 5 3 2 2 0 2 
281 6 8 4 3 9 6 9 7 0 9 
10
161 0 7 6 0 5 5 8 0 6 1 
174 2 5 5 5 8 5 1 6 4 1 
196 6 8 2 6 7 9 2 2 0 1 
221 2 9 4 3 9 3 3 4 7 3 
236 5 7 7 0 0 4 6 1 4 9 
239 3 8 2 2 9 9 5 6 0 9 
241 6 4 3 8 3 8 7 0 7 8 
243 7 8 6 0 4 9 0 6 6 5 
259 8 6 6 3 7 7 7 2 5 3 
278 6 3 9 1 6 1 8 1 8 9 
10
156 2 1 0 2 7 7 4 6 8 6 
183 2 3 2 9 2 2 5 5 9 3 
190 3 6 1 8 9 6 6 5 3 2 
193 3 6 2 1 9 7 8 1 7 5 
194 0 6 7 2 9 4 1 6 6 1 
203 3 7 8 1 1 8 2 2 8 6 
212 5 7 5 2 2 9 5 6 9 2 
251 5 8 6 9 8 0 4 0 9 4 
259 9 7 5 5 6 7 3 8 0 4 
273 9 1 2 5 2 1 8 9 7 7 
10
131 0 5 1 4 2 8 3 2 2 8 
161 1 7 2 8 0 7 9 4 1 3 
188 3 1 3 6 6 8 6 4 5 4 
191 1 1 2 9 5 0 8 4 4 5 
194 0 2 9 7 1 4 4 4 3 6 
213 0 7 6 7 6 5 5 4 9 0 
218 8 7 6 1 6 8 4 0 3 1 
227 9 6 5 5 2 3 9 1 1 1 
260 8 3 2 4 6 8 5 7 8 6 
280 3 8 8 8 3 7 5 7 8 8 
10
130 5 3 4 1 0 6 0 7 2 0 
145 5 1 1 6 4 8 0 2 7 0 
184 7 1 0 9 3 7 4 4 2 4 
210 0 9 7 5 1 3 5 3 0 9 
211 6 2 7 6 9 6 3 0 8 1 
219 5 2 4 3 4 8 6 8 9 5 
220 3 4 7 9 9 3 2 0 8 0 
232 4 4 1 7 8 4 4 7 6 9 
238 3 9 7 6 5 5 4 2 1 8 
285 9 1 3 3 8 8 9 3 8 8 
10
150 0 9 5 0 8 0 2 3 3 2 
174 4 5 1 4 3 3 7 1 5 4 
197 0 9 0 7 8 2 7 4 7 6 
212 5 9 2 9 4 1 0 5 2 4 
212 4 4 7 5 4 3 1 1 7 4 
221 9 4 6 7 1 9 5 6 2 0 
226 1 6 9 8 0 6 4 0 9 7 
263 6 8 2 8 0 4 5 8 4 9 
266 6 7 9 1 3 1 2 9 5 7 
280 4 9 8 4 3 8 3 4 6 9 
10
65 0 1 0 0 1 9 2 5 0 4 
158 5 2 0 2 1 8 2 9 5 6 
183 7 4 1 9 5 9 1 3 6 1 
195 6 6 0 2 4 3 2 2 8 5 
207 4 0 5 8 2 5 5 2 5 5 
251 9 9 0 9 6 8 5 0 4 6 
261 4 8 5 3 7 6 2 8 7 8 
279 9 9 1 6 8 7 8 5 8 3 
285 8 8 9 4 8 8 3 8 8 1 
288 4 5 7 8 9 9 3 7 7 8 
10
146 3 0 1 8 2 5 9 2 1 2 
152 4 9 0 1 1 8 2 9 1 3 
168 7 8 0 2 3 8 2 3 4 2 
173 6 8 0 6 2 5 0 6 2 4 
174 5 3 3 3 2 3 2 6 5 4 
178 4 0 1 9 2 8 5 1 6 8 
192 0 5 4 6 7 9 9 1 0 6 
221 0 0 9 3 7 4 5 8 2 6 
244 6 5 5 3 6 0 5 3 6 7 
299 8 4 8 1 3 8 6 9 5 9 
10
178 0 2 5 4 6 4 1 9 2 4 
201 0 6 5 6 0 3 1 8 6 9 
205 8 1 2 6 6 3 9 2 3 3 
225 9 1 5 5 6 8 8 4 2 2 
234 8 8 4 3 8 2 7 7 2 0 
240 3 5 7 3 8 7 8 6 5 4 
268 6 8 2 1 7 7 7 8 5 9 
273 6 0 8 8 9 0 5 0 2 8 
299 7 3 9 2 4 0 8 6 9 9 
308 7 4 6 6 9 2 9 6 6 9 
10
108 6 1 1 0 6 8 1 0 4 0 
146 3 7 2 4 3 6 2 3 1 2 
187 4 6 5 1 8 7 1 8 3 0 
205 5 1 7 2 2 9 3 2 2 7 
206 3 2 7 6 0 3 8 7 9 0 
215 1 4 7 1 6 9 7 3 7 6 
241 6 4 5 5 6 0 5 9 3 1 
259 8 3 5 0 4 9 8 6 8 4 
270 5 9 5 8 6 5 7 8 1 4 
279 9 3 9 1 9 4 6 4 6 1 
10
143 0 9 4 0 3 8 3 1 0 4 
159 6 9 0 7 0 2 2 0 1 3 
160 5 8 0 0 2 5 6 1 7 4 
178 3 7 4 1 7 4 1 5 8 1 
178 3 0 4 2 7 6 6 6 8 2 
201 5 9 4 2 9 8 4 6 3 0 
208 3 0 3 3 3 4 7 7 9 8 
215 5 9 6 5 0 8 7 1 3 2 
228 2 2 8 9 0 6 5 9 4 5 
249 7 6 5 1 8 9 0 5 4 8 
10
134 4 2 1 4 6 6 2 1 8 1 
172 4 3 6 3 1 3 1 0 4 8 
188 3 1 4 5 3 8 5 7 0 4 
196 2 7 9 6 5 0 0 2 0 5 
204 4 2 4 6 0 4 6 1 1 9 
223 3 5 2 6 8 2 9 6 4 3 
229 6 6 7 3 3 4 1 5 7 5 
229 7 0 7 6 8 0 1 9 5 2 
262 9 5 4 7 6 2 2 9 2 5 
270 9 1 9 5 4 8 8 3 8 4 
10
133 1 3 3 2 8 9 0 6 4 0 
139 0 5 6 3 1 2 2 2 7 0 
169 5 5 1 9 2 8 0 1 0 6 
188 4 5 2 6 5 0 2 4 0 8 
188 6 0 4 0 3 8 1 3 9 6 
198 8 0 4 0 0 5 8 7 3 6 
205 7 2 1 9 4 7 1 8 3 3 
226 5 9 7 7 2 5 9 4 3 0 
241 5 3 4 9 7 1 1 3 2 9 
282 9 9 4 2 7 4 5 8 8 3 
10
119 3 2 0 2 4 5 4 6 0 3 
159 3 2 5 0 0 6 6 9 0 4 
172 0 2 5 9 0 3 9 4 0 6 
188 1 5 1 9 1 0 3 4 3 8 
207 3 0 2 4 9 2 3 5 8 6 
211 1 6 2 4 8 1 8 3 7 5 
217 7 9 1 6 4 1 4 9 0 0 
245 5 4 6 3 8 4 6 1 4 9 
259 9 6 3 4 3 3 5 4 8 7 
274 8 1 9 7 2 7 5 5 0 8 
10
148 6 6 1 5 1 4 1 4 3 2 
189 3 4 5 6 5 9 0 3 1 6 
191 8 3 5 4 4 9 1 1 1 3 
192 6 4 2 4 8 7 8 2 7 0 
195 3 3 5 5 0 4 5 5 2 9 
195 5 4 0 4 3 6 0 6 5 9 
206 7 0 1 3 7 3 1 4 6 9 
217 6 2 6 2 6 0 3 1 9 3 
242 5 3 5 6 2 4 5 6 3 8 
267 7 2 6 0 9 1 5 9 7 6 
10
150 0 3 7 4 2 5 2 6 0 2 
164 3 2 2 0 4 4 7 6 3 4 
181 6 5 3 0 0 7 3 6 4 6 
183 6 0 0 1 9 3 7 8 2 3 
186 3 7 0 4 6 3 0 4 5 6 
186 1 8 1 9 6 8 4 5 9 0 
187 0 9 5 2 5 4 1 5 5 5 
199 1 1 7 5 3 2 7 9 9 2 
252 9 0 7 4 6 9 6 5 8 3 
252 8 1 7 9 9 6 7 0 1 1 
10
153 0 6 7 2 1 4 4 5 5 0 
167 5 2 3 0 8 3 1 6 1 5 
180 6 6 0 3 1 5 9 7 1 4 
194 2 6 2 5 2 5 5 9 6 4 
201 3 5 5 5 6 4 4 1 6 5 
211 4 9 0 4 2 6 8 1 5 7 
229 6 4 7 6 8 3 4 2 9 1 
242 8 1 1 4 9 2 2 8 2 8 
278 6 6 8 5 7 0 5 8 2 7 
278 8 6 9 3 5 1 3 1 9 4 
10
144 1 4 1 4 0 4 8 8 1 3 
151 4 0 0 4 8 1 5 2 4 5 
178 5 4 1 2 0 3 5 5 7 3 
184 6 8 3 2 0 4 5 7 5 2 
191 3 8 2 0 5 6 3 2 8 5 
192 5 0 6 1 7 8 8 0 6 4 
193 6 4 5 5 0 7 3 0 4 8 
226 7 7 1 9 2 5 6 7 5 2 
229 2 7 7 9 2 4 2 6 9 1 
235 3 9 4 5 6 4 4 5 7 7 
10
95 4 1 0 0 1 0 2 1 1 6 
151 2 9 0 3 0 7 1 2 4 8 
216 5 0 2 8 3 3 6 6 4 7 
218 6 3 8 3 0 6 0 9 2 4 
219 4 0 1 9 8 4 6 1 9 5 
224 6 5 5 2 0 1 5 4 3 7 
237 7 6 4 7 4 2 7 6 3 3 
256 3 3 8 1 2 5 7 8 4 9 
260 9 9 5 0 7 0 5 3 8 1 
263 9 0 7 8 4 3 7 6 2 4 
10
153 1 2 3 9 2 5 4 1 6 1 
156 8 0 3 4 0 5 1 2 2 4 
167 5 5 6 2 6 7 1 2 6 0 
176 1 0 7 9 7 3 3 2 1 1 
207 4 9 6 7 1 4 4 7 0 0 
213 2 1 7 1 6 0 0 9 6 8 
259 2 2 8 5 9 9 5 9 9 3 
264 5 1 9 9 2 1 3 4 3 9 
280 9 7 7 2 0 9 8 3 2 8 
292 6 9 8 3 7 4 4 2 8 6 
10
179 2 9 5 1 6 7 1 5 3 5 
185 3 2 8 0 1 1 6 3 4 7 
216 7 1 7 4 1 3 0 5 2 6 
216 3 2 5 7 4 7 3 3 5 9 
216 4 7 5 3 9 2 1 9 6 1 
222 3 9 2 3 2 0 9 8 5 3 
230 7 2 7 5 2 1 1 2 1 9 
236 5 7 4 5 8 5 8 8 3 0 
240 6 2 8 6 9 4 4 4 3 3 
274 9 7 7 2 7 3 5 9 3 4 
10
164 2 5 4 2 7 4 9 2 1 2 
173 1 2 0 7 8 4 7 4 1 4 
184 3 5 2 8 3 4 6 0 0 8 
193 2 5 6 5 1 8 4 4 9 5 
196 7 5 2 0 4 9 9 2 0 4 
210 4 0 8 4 1 8 9 8 9 0 
213 5 6 4 8 5 6 3 0 7 6 
243 8 6 1 5 6 6 7 1 5 6 
245 8 4 4 0 1 0 5 9 6 7 
279 7 0 9 9 5 4 9 1 6 5 
10
124 1 0 5 2 4 7 4 1 4 3 
147 0 6 2 9 1 3 1 1 8 6 
157 2 3 3 6 5 3 2 3 8 0 
163 0 1 2 1 0 2 7 9 4 7 
188 5 3 2 1 3 2 5 9 9 3 
205 7 0 1 5 7 4 3 3 6 7 
218 4 2 5 1 7 8 4 2 6 7 
229 8 8 7 1 6 3 2 2 8 1 
234 6 0 5 7 6 0 4 4 6 6 
243 6 5 5 8 5 0 5 9 3 0 
10
151 4 6 0 4 6 9 1 6 8 0 
175 0 3 4 8 6 5 3 0 3 9 
190 0 6 8 3 4 4 6 6 2 3 
199 2 2 5 8 1 8 7 8 9 0 
217 6 8 3 6 0 2 7 6 5 2 
222 5 8 1 9 9 7 2 2 0 7 
233 4 4 6 7 0 2 8 3 6 4 
252 3 1 9 2 5 1 7 6 5 7 
254 9 8 9 0 1 6 6 5 6 1 
370 8 4 8 9 9 2 8 9 6 8 
10
126 0 0 0 6 1 1 3 6 8 4 
135 0 7 3 8 0 9 1 4 1 2 
153 3 1 0 3 1 4 3 7 2 9 
182 3 0 6 0 3 7 0 7 1 9 
193 2 2 2 4 7 4 7 4 3 9 
197 0 9 5 9 9 7 2 5 4 2 
224 5 6 6 1 6 9 0 6 4 6 
235 0 7 9 6 7 4 6 7 2 3 
247 7 6 9 6 0 3 0 0 8 8 
249 1 7 8 1 3 1 7 7 7 9 
10
118 3 2 0 3 8 9 1 1 0 3 
156 0 1 5 8 6 0 3 3 5 3 
181 3 8 2 7 7 8 4 1 8 1 
185 5 1 5 2 7 8 1 0 7 5 
205 8 0 3 5 7 0 1 5 9 3 
219 3 3 0 8 9 9 1 9 4 7 
224 6 5 8 6 5 8 2 1 5 2 
261 8 4 5 3 2 2 4 3 7 9 
264 5 1 9 8 8 0 6 5 0 7 
313 9 5 8 6 8 4 3 5 7 8 
10
145 1 0 9 7 2 5 4 0 2 0 
151 0 2 4 8 9 0 0 2 7 0 
179 1 0 1 8 0 5 2 9 9 9 
182 1 9 5 7 0 7 0 9 1 4 
192 3 8 5 5 4 9 7 0 0 3 
217 5 8 2 6 1 2 2 9 5 7 
232 5 1 2 9 7 7 7 5 8 6 
236 8 8 3 5 0 5 9 1 1 8 
243 5 4 7 4 5 7 4 3 3 7 
244 7 6 4 5 9 3 2 6 4 2 
10
118 1 3 4 3 1 4 4 0 3 0 
181 7 7 2 8 0 3 2 3 3 0 
185 3 4 6 9 1 7 5 0 1 2 
189 4 0 1 7 9 4 1 9 2 2 
199 4 2 2 0 7 5 8 5 8 5 
207 6 9 0 5 4 4 7 5 3 5 
215 2 9 7 3 6 2 1 5 4 3 
238 2 1 5 8 6 4 8 8 5 4 
244 6 6 0 3 3 8 9 6 8 8 
251 9 2 5 8 4 2 2 6 4 3 
10
179 5 1 5 9 0 9 1 1 3 6 
190 3 6 4 3 8 6 1 6 0 7 
196 9 9 0 4 1 2 7 6 1 2 
196 1 8 2 2 9 2 9 5 9 1 
197 2 8 6 0 2 4 2 2 3 9 
199 7 9 4 0 5 9 5 6 5 0 
233 2 9 8 8 5 1 5 0 1 4 
244 9 5 5 5 0 5 3 4 8 3 
264 3 9 8 8 1 9 5 9 8 5 
270 9 8 5 7 4 4 6 5 2 6 
10
109 1 2 0 0 6 0 0 1 9 4 
125 0 2 4 0 9 3 1 5 0 3 
187 4 3 0 9 2 7 1 9 4 7 
197 6 4 5 5 4 6 4 0 0 5 
215 8 4 5 2 4 4 1 3 8 6 
217 2 9 6 8 5 7 3 0 5 4 
226 7 1 8 6 2 7 6 5 5 2 
276 4 9 6 8 3 0 4 9 9 7 
288 9 2 9 5 8 0 7 4 2 7 
304 6 8 9 4 7 6 4 4 7 9 
10
182 8 1 1 9 4 2 0 8 4 0 
191 0 6 4 5 8 0 2 1 7 7 
206 9 1 4 3 0 0 4 7 7 1 
213 7 1 9 0 1 9 1 1 0 9 
219 2 4 9 4 1 5 6 7 3 4 
229 7 8 5 1 1 8 9 0 6 3 
232 9 9 4 4 1 6 0 9 4 2 
245 6 0 6 6 2 6 6 5 7 5 
268 9 8 2 3 1 4 9 9 9 4 
272 9 6 8 7 2 7 0 6 3 5 
10
104 0 6 4 0 0 1 1 3 0 4 
154 1 3 3 8 7 3 8 0 4 1 
174 1 3 2 9 3 7 7 6 0 6 
202 0 0 8 4 8 4 9 3 4 3 
204 6 0 5 5 3 3 1 5 0 8 
224 7 4 0 0 6 7 7 3 9 9 
226 1 0 9 4 2 0 7 9 3 8 
252 7 4 3 6 9 2 6 7 9 2 
264 7 0 9 2 6 9 7 3 6 9 
274 8 5 6 6 5 5 1 5 3 7 
10
135 4 1 1 6 2 7 3 3 3 1 
144 9 1 1 2 0 0 1 1 6 0 
147 1 0 5 6 1 7 6 6 4 1 
200 4 2 6 6 1 1 4 7 7 1 
218 1 1 5 9 8 7 8 2 4 5 
222 9 2 4 3 8 2 1 7 7 1 
238 9 8 2 9 5 7 3 7 4 0 
259 9 8 5 4 9 4 6 7 4 0 
273 5 1 9 8 4 7 8 5 6 5 
322 9 7 7 5 8 3 9 8 0 8 
10
122 1 5 3 6 1 6 0 3 9 0 
172 0 0 9 2 4 1 3 5 2 5 
173 5 8 0 4 5 9 6 2 9 0 
201 6 0 0 8 7 9 6 0 0 9 
206 9 8 0 8 4 3 2 8 2 0 
219 9 6 0 2 7 8 4 0 3 9 
232 1 3 8 9 5 2 7 5 4 2 
236 2 7 0 6 5 5 9 9 9 6 
247 8 4 2 8 7 8 1 3 3 8 
249 4 7 3 5 9 9 6 0 5 8 
10
154 2 0 3 0 7 9 3 7 1 5 
155 7 1 4 0 2 7 4 6 3 1 
162 1 6 2 8 4 8 0 3 7 1 
165 0 0 7 8 8 7 2 1 9 2 
183 3 1 0 2 7 7 8 3 8 7 
205 4 5 7 7 7 6 1 4 0 4 
225 7 5 3 5 2 3 1 9 3 8 
256 9 3 8 7 8 4 1 7 2 1 
264 9 7 5 8 7 0 2 9 1 1 
276 7 3 8 0 7 4 8 2 7 6 
10
174 4 3 2 7 2 7 6 3 6 3 
201 5 7 3 2 4 5 1 1 7 8 
215 8 9 2 5 6 3 2 5 6 0 
220 2 7 5 1 4 1 7 9 0 7 
222 3 1 7 8 1 6 3 7 4 8 
225 8 4 6 7 0 7 6 8 0 0 
238 2 6 8 7 4 4 4 4 3 9 
242 6 8 9 6 1 8 3 2 2 3 
249 5 0 8 6 6 6 4 5 1 8 
320 8 7 8 3 5 5 4 8 6 8 
10
155 4 1 0 7 0 5 8 8 6 1 
159 1 0 6 7 3 0 5 0 1 5 
176 0 1 8 0 7 6 4 2 7 3 
187 6 8 0 7 1 2 8 2 0 1 
194 2 4 8 7 8 6 1 3 0 5 
195 3 2 1 7 6 0 7 5 3 5 
207 6 2 5 0 1 6 4 8 4 4 
212 1 2 2 2 7 6 6 9 9 5 
217 1 8 6 4 6 3 7 0 5 6 
263 9 9 5 5 9 0 4 2 5 2 
10
159 1 4 6 0 5 6 4 0 1 6 
166 4 9 0 2 5 5 0 6 0 6 
172 3 2 7 2 4 0 4 3 1 5 
178 2 6 6 0 5 6 7 3 8 1 
199 5 6 3 2 8 2 9 5 2 2 
203 5 2 5 7 9 1 1 5 2 0 
207 4 8 9 0 2 3 5 2 4 4 
212 0 2 6 3 8 0 9 6 3 7 
267 9 8 5 7 5 0 6 8 7 0 
301 9 8 5 5 3 8 7 9 4 5 
10
150 0 3 6 0 2 2 8 6 1 0 
157 9 2 0 2 0 0 1 7 5 3 
165 2 8 0 0 6 8 7 4 2 6 
173 6 6 2 2 4 5 4 2 5 4 
193 6 5 1 2 5 2 2 8 0 7 
195 3 9 2 4 1 1 5 1 6 9 
202 6 7 3 3 1 1 8 8 0 1 
203 9 1 1 5 0 0 6 7 7 2 
212 8 1 3 8 8 7 4 2 2 3 
260 8 6 1 5 6 0 6 9 5 7 
10
138 4 1 1 2 3 8 9 0 5 1 
161 2 2 3 1 0 9 7 7 8 3 
176 0 9 2 1 7 6 0 5 2 7 
187 6 8 3 6 2 9 3 0 4 2 
209 8 5 2 2 3 2 8 4 7 0 
225 0 8 3 9 2 2 5 9 4 8 
230 6 0 0 9 7 4 7 7 7 3 
249 8 1 8 7 7 8 1 1 8 5 
282 3 8 9 7 6 0 5 5 5 5 
287 6 7 5 9 6 7 3 8 4 8 
10
146 3 9 0 1 0 5 3 1 1 8 
151 2 2 1 3 3 7 3 6 5 6 
168 3 7 0 4 9 5 0 1 4 7 
171 5 1 0 5 8 9 2 7 2 5 
180 4 4 8 1 0 9 2 2 6 6 
210 9 4 3 3 0 3 1 9 1 5 
244 3 8 8 6 3 1 0 9 2 8 
247 3 5 9 3 7 9 3 4 8 5 
253 2 7 9 5 8 2 9 6 3 4 
301 7 4 7 4 4 9 9 9 7 5 
10
136 2 7 2 0 1 0 8 6 2 2 
147 3 2 5 9 1 3 0 5 2 2 
155 3 2 4 9 1 6 5 5 3 0 
171 0 3 9 2 4 0 9 0 7 2 
191 4 0 1 1 6 2 7 6 6 7 
198 3 6 5 1 6 1 8 4 3 5 
202 2 2 7 0 2 4 4 7 8 7 
222 5 3 3 2 0 1 9 4 8 6 
255 7 3 9 0 9 7 9 4 0 6 
286 9 9 6 8 3 3 3 8 7 4 
10
157 1 8 0 2 4 1 9 1 9 2 
171 1 8 7 5 1 7 6 1 1 2 
175 2 8 5 8 3 8 2 5 0 2 
176 0 0 6 7 9 8 1 4 0 6 
194 8 5 5 4 0 3 0 0 0 8 
195 8 4 1 0 7 9 4 0 6 6 
212 3 3 3 2 5 5 8 9 1 9 
214 7 2 3 6 7 5 1 5 1 7 
224 9 0 5 2 5 0 3 5 0 9 
335 8 9 8 9 4 5 3 8 2 8 
10
135 4 1 1 2 3 0 5 8 3 0 
163 0 1 7 1 1 7 3 2 8 8 
171 3 9 3 5 2 6 2 4 7 1 
189 4 1 1 1 7 0 5 9 6 6 
191 5 5 4 0 2 3 7 3 3 7 
191 3 9 4 6 2 2 3 7 0 2 
193 2 0 7 3 2 5 7 6 5 5 
216 9 3 4 0 7 7 2 8 9 1 
231 3 2 9 1 8 9 7 2 3 8 
241 8 3 4 8 4 1 4 0 4 8 
10
167 0 1 4 0 4 9 2 8 8 5 
170 4 0 5 8 1 0 1 6 0 5 
175 5 4 2 8 6 8 2 4 5 0 
189 5 0 3 3 2 0 2 7 9 4 
222 8 1 4 7 3 5 2 4 7 6 
225 2 6 8 0 9 8 2 6 3 4 
232 7 1 5 7 7 3 9 1 2 4 
244 7 7 0 7 8 9 0 8 4 7 
247 0 9 5 9 3 0 6 5 2 9 
251 6 7 7 1 5 1 2 9 3 4 
10
187 1 9 4 8 2 0 0 3 7 5 
189 8 2 8 3 0 2 3 0 1 5 
208 4 1 9 5 1 5 1 8 5 2 
210 7 1 9 2 3 2 5 4 1 3 
220 5 1 7 5 2 0 2 7 9 6 
241 5 1 9 2 4 8 6 5 4 7 
258 8 8 3 8 8 2 5 8 1 0 
262 4 1 5 9 6 0 6 7 9 5 
290 6 7 8 4 4 3 7 3 9 6 
296 7 6 1 9 6 1 8 9 3 9 
10
166 1 1 7 4 4 3 3 6 4 2 
173 1 8 3 6 3 8 7 1 9 1 
175 0 8 6 0 2 0 9 8 4 1 
194 2 4 1 4 9 5 3 8 6 3 
214 8 4 1 7 1 4 6 2 3 5 
215 4 4 6 4 6 7 7 6 1 2 
230 2 0 8 6 8 0 7 5 1 5 
232 8 0 3 7 8 0 4 5 4 6 
240 9 9 0 3 7 5 4 6 3 5 
260 8 8 1 9 9 4 7 7 5 2 
10
139 3 0 6 2 5 2 0 3 1 5 
164 0 2 4 8 4 7 7 6 4 0 
220 8 4 4 2 8 3 7 4 6 1 
220 2 7 0 3 7 3 9 6 4 8 
221 2 8 3 8 7 1 7 7 4 0 
225 4 9 1 8 4 2 6 3 3 5 
227 2 7 6 5 0 1 9 0 9 5 
231 7 8 1 5 5 0 6 7 0 3 
273 5 2 7 5 5 9 5 3 9 9 
285 3 7 8 9 8 1 7 6 0 9 
10
156 3 8 1 2 6 0 0 5 6 3 
173 1 9 2 3 1 3 3 3 9 6 
190 0 8 0 8 9 0 4 3 2 6 
219 9 2 3 9 2 2 7 3 2 4 
230 0 7 8 9 5 9 7 3 5 1 
238 2 6 8 7 4 8 8 3 7 2 
248 7 2 4 7 3 7 5 5 2 9 
257 7 9 7 6 4 7 3 5 6 1 
274 5 8 6 9 4 7 4 4 6 6 
285 7 6 6 6 7 6 3 2 4 9 
10
159 1 2 4 1 2 3 3 3 2 8 
178 5 2 4 6 3 3 6 0 3 3 
181 4 9 0 0 7 0 6 2 1 7 
196 0 4 2 6 7 6 9 0 7 8 
200 3 5 5 8 1 5 0 0 9 6 
210 0 1 3 9 8 2 4 5 8 9 
234 9 2 6 1 1 9 5 6 3 8 
235 2 7 4 8 2 0 5 6 6 6 
251 9 2 4 8 2 9 2 4 8 8 
281 6 6 1 9 6 9 8 9 6 8 
10
141 7 4 0 1 3 7 2 0 1 4 
154 1 3 7 3 2 7 7 3 3 2 
159 1 2 0 5 3 9 6 4 7 8 
179 1 6 2 8 4 4 6 8 0 3 
193 8 1 3 8 5 6 3 2 6 2 
224 3 4 7 7 0 1 8 1 0 8 
253 5 9 9 0 6 2 0 1 7 9 
294 9 6 5 1 6 6 9 6 8 5 
303 9 5 9 6 2 4 7 6 9 6 
324 6 9 9 7 6 9 9 6 2 7 
10
127 3 0 4 5 0 7 0 3 7 0 
180 4 8 1 3 0 4 3 5 6 4 
181 3 2 7 1 2 0 5 8 0 3 
187 5 4 4 3 4 0 8 0 8 0 
219 9 6 0 5 0 4 5 7 9 2 
222 5 4 7 7 5 5 8 3 6 1 
242 6 4 5 6 1 9 9 4 9 4 
245 9 1 0 4 5 7 7 9 0 9 
246 7 0 8 3 7 4 7 6 6 2 
264 3 6 4 2 8 8 9 9 6 7 
10
142 6 5 1 3 1 6 1 1 5 1 
159 4 6 0 2 2 5 6 0 1 8 
161 0 5 2 4 8 2 8 3 6 2 
187 4 0 6 2 2 7 5 6 9 2 
196 4 5 2 2 9 5 4 8 0 6 
213 3 8 1 6 6 6 6 7 8 3 
213 6 0 6 3 9 5 7 0 2 4 
231 5 5 9 4 4 3 0 7 4 2 
234 6 8 3 4 8 2 3 4 9 1 
254 9 6 9 5 9 7 1 5 4 0 
10
155 7 5 1 2 1 6 6 0 1 3 
198 5 5 8 0 1 8 0 7 7 3 
205 0 5 4 9 3 6 7 9 7 0 
210 6 6 3 9 3 4 0 6 0 6 
212 6 7 0 9 0 2 1 7 1 6 
217 4 3 7 1 2 1 4 9 7 6 
245 8 1 9 2 4 3 6 5 7 2 
252 9 5 5 9 5 6 7 0 5 2 
255 9 7 2 3 8 4 1 1 4 8 
275 9 3 7 0 0 2 1 9 9 9 
10
154 0 3 2 5 8 1 1 9 1 3 
186 6 7 1 5 5 7 1 2 0 5 
205 8 8 1 6 0 6 8 2 0 3 
206 6 5 3 4 2 1 6 1 5 8 
225 2 6 9 8 0 8 5 5 5 5 
239 8 9 0 5 5 4 0 7 4 8 
245 8 2 5 6 6 0 7 9 2 1 
258 7 9 8 1 7 3 2 8 3 0 
305 9 6 5 5 6 0 4 8 6 6 
343 9 5 9 3 3 4 9 9 3 9 
10
172 0 9 4 2 3 5 3 5 1 6 
175 2 1 7 6 3 1 8 0 4 1 
175 5 3 9 0 0 1 1 4 5 1 
180 2 4 0 7 2 5 5 6 9 2 
181 2 8 0 5 9 4 8 0 3 2 
206 9 6 3 2 0 1 4 3 7 1 
246 6 5 4 8 8 6 0 9 1 5 
276 7 7 2 3 9 8 4 8 5 8 
303 5 9 9 3 8 7 6 8 8 4 
313 3 4 9 8 8 5 8 7 8 7 
10
161 3 3 0 4 3 7 5 4 2 7 
162 0 9 3 4 1 3 9 2 5 4 
169 4 6 0 0 7 4 1 4 5 4 
173 2 0 4 1 4 0 5 5 2 9 
183 1 5 4 1 8 4 5 4 9 3 
234 3 2 8 0 9 3 7 0 4 7 
243 7 0 2 7 5 9 9 9 6 5 
263 6 5 8 5 4 7 2 2 7 7 
276 3 7 8 2 2 4 9 8 5 8 
280 7 8 3 0 8 1 8 4 9 9 
10
119 1 0 1 6 4 1 3 5 3 2 
166 7 5 1 5 0 4 3 2 2 2 
212 3 5 0 3 7 1 4 5 7 9 
224 1 2 6 9 6 8 1 3 6 9 
241 9 2 9 0 5 9 8 3 8 0 
256 4 9 2 3 6 3 9 6 8 7 
257 2 8 5 6 9 0 1 4 9 9 
260 2 4 4 8 7 5 9 2 8 8 
266 9 6 4 9 8 2 4 0 4 5 
290 4 9 7 3 5 0 4 9 8 8 
10
172 0 6 4 1 4 6 1 1 9 9 
181 2 4 1 7 9 5 5 7 7 0 
195 9 3 5 3 1 9 7 0 3 1 
201 5 1 3 4 0 6 2 7 8 9 
236 3 8 4 6 3 2 1 8 4 8 
236 7 2 0 7 8 8 9 3 4 6 
247 7 4 2 2 3 1 5 9 9 8 
251 3 1 9 4 0 4 9 6 8 7 
290 9 7 1 8 9 3 8 3 8 5 
304 7 3 8 6 5 0 6 4 9 9 
10
156 1 0 5 7 5 9 2 3 5 2 
169 9 0 2 5 2 8 5 3 0 3 
179 6 6 0 0 0 8 8 7 1 5 
218 1 2 5 4 9 0 1 8 4 9 
226 0 2 3 9 4 7 9 9 9 5 
229 7 0 6 6 8 4 1 7 9 2 
236 8 6 0 9 6 2 9 2 1 2 
256 6 5 3 9 9 8 9 1 3 3 
276 8 4 4 8 6 4 1 9 6 9 
311 7 5 9 8 4 3 5 7 5 7 
10
133 1 5 1 7 0 8 5 3 6 0 
170 2 7 2 7 3 0 0 0 6 5 
183 2 0 9 2 7 3 6 4 3 1 
195 6 8 2 6 0 9 3 7 1 3 
198 3 1 2 5 1 8 7 1 8 9 
201 1 1 2 7 8 9 5 2 7 8 
202 8 7 1 7 2 7 6 1 1 3 
216 8 4 4 3 2 5 5 1 5 7 
246 0 7 7 5 9 1 5 9 2 4 
328 9 9 8 6 4 3 8 3 5 8 
10
131 3 6 0 1 8 4 1 7 1 0 
173 7 1 4 0 1 1 5 9 0 0 
183 3 6 2 7 8 6 1 9 2 2 
184 7 4 7 8 1 7 0 0 1 3 
187 2 2 6 5 3 3 5 8 0 3 
189 7 4 1 3 2 7 1 6 8 5 
190 0 3 5 0 6 9 1 8 9 5 
232 7 6 4 7 8 8 2 0 5 3 
240 7 6 5 5 3 9 5 6 7 1 
271 3 5 7 4 2 6 6 9 7 8 
10
120 1 1 5 1 3 8 3 0 3 6 
158 4 1 4 2 0 5 9 9 1 0 
176 3 8 3 5 1 2 0 4 9 2 
202 3 5 4 6 0 1 9 0 5 5 
214 1 3 9 1 8 8 0 9 0 5 
216 7 2 8 8 3 0 8 0 4 0 
218 8 2 1 5 5 3 5 7 3 7 
244 9 3 4 3 0 4 8 7 8 3 
258 5 2 8 1 9 9 6 5 8 4 
301 8 9 5 8 4 1 6 2 7 6 
10
101 0 1 2 1 0 6 4 0 0 8 
148 0 1 5 6 1 1 2 1 8 4 
167 4 4 2 2 3 8 1 2 8 5 
188 4 1 5 7 7 2 0 1 7 2 
196 9 8 0 1 7 8 4 4 1 4 
222 3 0 0 5 6 7 8 8 6 8 
234 5 7 4 5 4 6 9 8 1 5 
238 5 8 4 3 8 0 8 6 1 5 
241 5 7 5 3 7 7 4 2 8 7 
289 9 2 3 9 2 2 8 5 9 9 
10
113 2 3 0 4 0 2 4 5 4 0 
192 6 8 2 5 7 2 0 7 5 1 
202 4 0 1 8 2 0 6 1 8 8 
218 6 5 4 8 1 9 4 6 9 2 
219 7 6 2 9 3 4 7 8 1 2 
220 5 4 8 5 0 4 1 7 7 1 
226 5 6 8 3 2 8 2 5 7 4 
243 2 8 9 6 8 9 4 7 5 2 
249 2 3 2 9 6 2 9 9 9 4 
277 5 8 8 5 9 2 0 6 8 3 
10
133 2 0 9 1 0 7 2 1 3 1 
152 6 4 3 2 5 9 4 0 0 1 
177 6 2 1 7 5 9 0 1 6 7 
188 7 7 1 4 3 6 4 3 8 1 
208 5 3 5 2 3 4 3 4 7 5 
209 0 4 7 5 0 1 7 9 6 6 
231 6 3 1 9 5 9 3 4 9 8 
238 8 4 3 8 4 0 9 1 1 6 
252 5 6 7 7 6 9 8 2 4 4 
261 7 5 6 5 6 6 1 8 4 8 
10
163 6 7 5 1 6 6 0 0 4 2 
171 5 8 3 2 0 5 0 7 6 2 
174 2 2 8 1 1 6 2 9 8 1 
174 2 6 1 3 8 1 1 6 9 4 
174 1 5 8 6 4 5 5 4 2 0 
194 4 6 3 8 6 7 4 1 9 1 
202 8 6 3 2 3 6 3 5 7 0 
208 9 2 2 9 6 3 4 2 4 1 
240 0 9 5 7 5 3 6 5 3 8 
297 9 8 3 6 7 0 8 5 1 9 
10
117 0 7 1 3 2 8 2 1 7 0 
135 4 2 2 0 8 8 1 5 7 0 
172 8 4 2 2 1 4 4 4 2 0 
174 4 7 0 8 1 5 9 1 7 1 
201 0 9 3 8 4 6 5 5 2 8 
231 7 0 3 7 8 8 0 8 7 4 
256 8 9 8 2 0 5 1 7 8 5 
267 3 5 6 9 7 9 5 7 7 4 
282 5 6 9 6 9 7 1 7 2 9 
299 7 9 7 4 9 9 4 9 9 4 
10
138 2 0 1 3 7 6 0 9 0 4 
161 6 1 3 6 1 0 0 6 1 5 
169 0 4 3 7 3 8 5 5 7 5 
171 1 4 4 7 6 6 0 8 9 0 
200 2 0 7 1 9 9 2 8 5 4 
208 4 7 1 4 0 1 8 3 1 9 
219 6 3 1 9 3 7 5 8 5 5 
223 6 9 8 3 1 8 9 6 2 0 
225 8 8 0 6 7 9 8 6 5 1 
261 9 8 1 8 6 4 9 9 5 1 
10
184 0 5 6 0 1 2 1 5 6 8 
190 2 2 0 8 5 6 7 9 8 0 
191 1 9 0 7 6 0 8 4 6 4 
199 0 0 8 8 8 9 7 6 8 0 
207 1 8 9 4 7 7 0 0 0 8 
207 8 6 4 2 0 7 9 1 5 3 
215 4 5 2 8 0 5 9 0 9 9 
228 8 0 4 8 9 8 2 0 8 6 
231 6 6 9 6 1 8 8 2 2 2 
308 2 9 9 7 4 9 6 9 5 9 
10
92 7 0 0 3 2 9 1 2 1 0 
149 5 3 2 5 2 2 4 2 4 3 
189 0 8 6 2 1 5 2 6 7 6 
189 3 9 3 2 8 8 1 2 4 5 
196 2 0 9 6 3 9 9 6 2 1 
200 3 7 1 5 9 3 7 0 8 4 
209 0 7 6 3 2 0 2 1 8 9 
211 2 6 7 7 1 1 2 4 1 7 
275 9 9 2 4 6 6 8 3 8 3 
296 6 9 8 6 8 4 0 9 6 3 
10
107 0 5 4 1 4 7 4 0 3 0 
155 2 0 1 9 2 5 2 7 8 1 
190 0 3 7 1 5 0 7 3 5 5 
208 6 6 6 0 4 0 5 4 6 0 
209 3 2 2 7 4 3 2 7 2 8 
216 2 8 0 9 8 2 8 7 1 2 
222 0 0 5 8 2 3 9 7 4 8 
241 5 6 3 2 7 1 2 5 3 9 
291 9 1 7 8 9 3 5 5 4 4 
328 9 8 9 8 2 7 9 9 4 3 
10
133 1 2 1 5 6 3 5 2 7 1 
186 1 3 4 3 9 1 9 4 6 3 
196 5 8 5 1 6 3 1 3 3 5 
207 6 9 1 4 4 5 3 7 4 4 
210 9 1 4 1 6 8 8 3 1 4 
211 2 4 5 6 6 9 3 7 2 6 
216 7 8 5 1 5 9 0 6 0 5 
233 5 8 4 5 9 6 0 6 3 4 
236 9 1 1 6 9 0 1 4 7 8 
245 9 6 4 3 5 0 2 9 0 4 
10
141 6 2 1 5 8 2 1 1 1 1 
156 4 1 1 5 3 1 4 8 5 1 
187 0 5 7 3 5 1 9 3 8 2 
188 9 6 1 7 2 8 3 1 2 2 
188 4 2 0 9 5 0 8 4 9 0 
188 1 4 3 5 4 0 2 6 3 9 
196 4 3 7 8 2 9 9 6 0 0 
205 0 4 6 7 1 8 7 1 8 5 
213 1 5 4 5 3 7 4 5 5 9 
232 3 1 5 8 0 8 4 5 7 9 
10
164 0 0 6 5 5 6 0 4 9 2 
164 2 4 3 4 2 8 2 3 6 4 
166 7 1 0 2 9 7 1 5 9 0 
166 1 5 1 1 1 2 6 8 9 3 
168 3 6 1 6 3 7 8 1 0 4 
198 6 7 0 7 2 1 1 3 8 3 
203 1 0 2 8 9 2 2 8 0 8 
208 6 6 0 2 8 0 4 2 3 6 
227 3 4 8 8 7 1 3 2 7 4 
249 9 5 0 4 8 5 1 6 6 9 
10
178 3 2 3 4 2 8 3 8 5 4 
181 7 7 0 7 5 8 0 1 9 2 
208 0 9 5 1 2 1 5 5 4 9 
210 9 2 5 7 7 8 2 0 4 3 
215 4 9 4 5 1 8 5 4 9 4 
221 7 7 1 5 5 9 3 4 2 8 
244 6 3 6 5 8 1 9 6 5 2 
255 3 6 5 7 6 5 2 9 9 4 
261 9 7 1 1 9 8 7 8 9 1 
298 8 6 7 5 9 5 3 8 8 2 
10
145 0 0 5 6 6 0 2 5 7 0 
205 8 2 3 4 3 7 4 3 0 7 
214 2 9 4 7 5 6 1 5 3 7 
224 7 6 2 4 8 9 0 3 1 8 
230 7 4 8 2 2 6 2 1 4 7 
244 5 9 7 9 6 9 9 1 2 1 
251 1 5 8 3 6 4 9 9 8 1 
265 9 4 8 1 9 9 0 5 5 7 
272 7 9 9 0 2 6 6 6 7 2 
273 9 3 6 9 7 7 2 0 1 8 
10
141 6 3 2 4 5 9 0 1 0 1 
141 4 6 0 2 3 9 8 1 1 4 
192 2 1 1 6 8 6 4 1 9 6 
199 3 1 0 6 9 0 6 5 4 8 
230 9 6 1 7 3 9 7 4 8 3 
240 7 0 7 4 8 5 5 3 2 5 
258 7 2 5 3 8 2 6 4 7 9 
266 2 8 6 9 2 3 3 7 6 9 
306 9 3 4 7 3 4 9 9 3 8 
334 9 8 9 7 4 6 5 6 4 7 
10
160 7 4 1 5 3 7 5 1 8 0 
175 6 5 0 0 9 7 4 2 5 1 
211 4 5 9 5 1 1 9 1 2 4 
213 5 1 1 3 9 2 6 6 7 4 
216 3 5 8 3 8 1 4 6 6 0 
226 4 0 9 4 2 6 9 6 5 4 
228 2 9 2 6 5 1 5 2 5 8 
231 7 3 6 0 5 4 1 9 2 5 
240 7 3 4 8 6 3 2 7 3 4 
272 5 9 5 4 7 3 7 4 9 3 
10
139 2 1 1 2 8 0 5 1 6 3 
148 4 2 2 5 7 4 1 6 3 0 
148 2 7 4 1 3 6 3 4 3 2 
181 5 1 2 6 2 9 2 4 9 5 
208 5 5 2 0 4 1 8 2 3 7 
214 2 3 7 8 8 0 7 0 1 7 
217 5 6 4 5 8 7 4 6 5 1 
229 0 7 9 6 0 5 8 4 1 8 
247 2 0 9 9 1 7 3 9 7 6 
258 6 2 8 6 2 4 5 9 8 5 
10
123 2 0 0 0 3 6 5 3 0 8 
172 2 7 6 2 4 7 0 2 9 2 
174 1 9 6 0 4 2 2 9 5 2 
209 0 2 6 1 9 6 8 2 9 6 
213 7 3 7 0 2 0 0 4 6 7 
214 8 4 2 5 0 0 9 1 7 6 
220 6 6 2 8 2 4 4 2 9 4 
231 5 1 7 1 8 6 9 3 1 6 
233 3 0 6 7 8 1 3 9 8 4 
245 6 1 9 9 6 8 4 3 3 2 
10
188 7 0 2 1 9 0 9 0 7 0 
214 2 8 8 3 0 0 9 0 9 2 
218 4 7 1 2 7 0 5 6 1 9 
219 1 8 3 8 9 2 1 0 9 7 
227 7 9 5 4 1 3 6 0 9 4 
227 5 5 0 7 4 1 8 5 0 9 
230 7 1 8 5 1 3 0 9 3 6 
234 1 9 8 2 5 1 3 5 5 7 
260 7 4 6 8 1 1 7 8 8 3 
281 9 9 5 4 4 5 7 3 8 6 
10
140 3 3 0 0 1 3 3 0 6 9 
185 2 2 7 5 3 2 0 5 3 6 
214 8 0 3 7 9 6 4 3 7 2 
218 5 7 0 1 8 0 5 1 7 9 
219 5 2 9 1 9 1 4 3 7 0 
221 0 1 9 7 4 4 8 1 7 6 
240 8 4 2 8 8 9 7 6 0 1 
246 0 7 9 4 4 1 9 5 5 7 
281 8 7 9 7 3 0 0 7 1 9 
296 9 8 4 9 8 8 5 1 4 6 
10
186 3 3 0 7 6 1 9 0 5 6 
207 6 6 0 6 8 4 0 6 4 4 
208 4 2 7 9 1 9 4 5 9 1 
210 6 4 5 4 2 2 8 8 3 2 
212 3 4 5 3 3 0 3 9 5 8 
233 6 1 9 6 7 0 2 1 1 7 
237 6 9 6 4 1 8 5 7 0 7 
243 7 9 6 3 0 0 4 7 4 5 
250 9 1 8 0 9 9 3 2 5 5 
281 9 8 2 5 7 4 2 6 5 9 
10
152 5 3 1 4 2 8 3 4 2 4 
216 0 0 2 4 7 5 6 7 8 9 
220 7 4 3 6 0 6 4 2 9 4 
224 4 9 7 6 4 2 5 0 7 3 
225 6 7 3 5 6 5 2 0 1 9 
230 5 3 7 2 5 9 4 1 1 9 
242 9 9 3 0 6 0 3 3 4 7 
259 8 9 2 7 0 0 7 4 4 9 
270 9 3 0 9 7 1 7 8 5 3 
318 8 3 9 5 6 2 9 7 8 7 
10
180 7 2 2 0 3 5 2 1 1 8 
205 4 2 9 3 4 8 2 3 0 5 
211 7 0 0 4 1 9 8 8 8 5 
211 4 4 4 8 4 7 7 3 6 2 
221 0 9 5 5 9 9 1 9 3 6 
226 8 5 6 8 6 0 2 6 0 2 
232 7 0 8 7 9 7 2 6 3 1 
237 2 4 7 2 9 0 6 2 6 8 
252 9 7 6 8 2 0 3 1 3 7 
276 9 7 6 5 1 3 4 6 7 5 
10
137 4 1 0 4 6 0 3 5 7 0 
156 3 5 5 2 4 2 0 0 6 2 
165 5 1 0 5 2 7 7 4 3 6 
194 1 5 2 0 3 0 9 7 8 6 
209 7 3 4 4 8 6 1 7 1 4 
211 5 2 8 9 8 4 2 0 3 1 
230 6 8 8 0 1 1 4 2 2 9 
236 1 6 6 9 1 3 5 2 4 9 
247 8 5 5 5 4 8 6 7 7 3 
283 7 7 6 1 9 4 8 7 9 5 
10
150 1 5 6 1 0 6 7 4 6 2 
158 5 2 2 7 1 2 9 1 5 1 
161 0 1 0 4 6 9 3 4 2 9 
172 3 4 3 6 4 2 6 1 0 5 
184 6 3 0 4 7 9 8 1 0 6 
198 5 5 4 4 3 2 7 6 0 1 
213 9 3 5 2 2 0 3 4 7 1 
234 3 7 4 2 5 5 7 3 1 9 
246 5 5 7 4 5 5 5 6 1 8 
248 1 6 8 7 3 8 9 4 3 9 
10
139 1 0 8 0 4 5 0 1 7 1 
142 4 9 1 0 8 4 4 0 3 1 
171 7 0 7 1 5 7 2 0 4 0 
177 4 7 0 2 6 7 4 3 9 2 
195 1 9 2 2 0 3 6 4 7 8 
198 3 7 4 5 4 7 3 7 8 1 
229 5 5 0 9 7 8 9 4 6 1 
250 5 8 5 5 0 5 9 7 6 6 
253 9 9 0 8 9 8 3 4 8 2 
260 7 8 6 9 2 4 2 5 6 4 
10
118 0 4 0 3 0 7 9 4 3 2 
188 5 4 2 5 7 7 9 0 2 4 
196 3 4 8 3 3 2 0 5 5 3 
198 5 5 1 1 9 3 4 0 6 7 
231 1 6 1 4 6 7 9 6 6 8 
239 5 6 4 6 6 4 0 5 6 6 
258 7 0 8 8 6 0 3 1 8 5 
258 9 8 3 9 0 4 9 5 2 5 
261 3 6 6 9 5 2 8 8 4 2 
269 9 4 6 2 7 4 2 7 1 8 
10
83 0 5 0 0 1 6 0 5 2 4 
149 5 6 1 2 2 2 7 0 3 4 
174 2 2 5 3 1 5 8 7 3 1 
191 4 6 7 1 4 1 0 3 8 4 
196 2 5 4 0 4 3 6 0 3 9 
207 9 1 1 5 4 0 0 8 5 5 
223 4 6 5 3 0 2 5 6 8 7 
251 6 5 3 6 8 8 9 3 3 7 
266 4 5 7 2 9 1 2 8 7 7 
291 8 1 5 9 9 4 8 8 0 5 
10
131 1 5 6 1 0 3 4 4 4 2 
135 3 2 1 6 2 2 3 2 3 5 
159 4 3 1 3 9 2 4 4 3 2 
180 1 6 3 5 1 9 5 0 6 6 
186 3 6 4 0 2 7 8 3 0 5 
207 6 3 4 6 0 7 1 9 5 3 
208 3 6 3 4 7 7 5 4 1 7 
227 4 5 5 6 9 6 3 4 2 3 
255 8 7 1 9 5 5 8 6 3 1 
296 9 5 6 3 7 7 1 9 4 7 
10
179 1 6 1 0 9 9 4 9 3 4 
185 6 3 1 6 2 2 3 9 3 3 
202 4 8 2 4 4 3 1 7 4 7 
210 7 2 1 8 8 0 7 8 1 1 
215 0 8 4 4 8 0 9 6 0 4 
220 6 6 5 0 8 9 1 8 4 3 
244 3 5 7 8 4 5 4 9 2 5 
255 7 7 1 2 7 2 8 6 5 6 
266 5 3 6 4 8 6 7 1 9 7 
272 7 6 9 1 4 6 0 3 5 9 
10
155 2 1 2 9 2 7 1 7 2 5 
184 6 8 7 1 4 9 1 3 3 1 
189 9 0 9 2 4 4 1 2 2 1 
195 4 0 5 6 1 1 7 8 9 2 
199 0 3 4 2 5 7 8 9 8 4 
227 9 1 1 1 3 8 6 7 9 5 
247 9 8 4 5 2 1 4 4 9 1 
253 4 7 6 9 0 3 5 8 8 2 
274 6 5 4 8 6 8 3 7 5 8 
307 9 6 9 3 7 1 7 9 7 2 
10
98 4 5 0 4 6 0 1 0 0 0 
131 7 0 0 1 5 1 1 3 7 2 
176 3 1 8 9 1 1 4 3 0 2 
199 0 0 7 8 4 5 5 6 6 6 
201 1 2 6 0 8 1 5 4 0 9 
208 3 7 3 9 4 6 0 0 8 5 
216 1 4 6 9 8 9 7 9 1 1 
247 1 8 6 8 7 3 8 9 0 5 
257 7 1 7 7 5 0 3 4 5 5 
261 4 8 5 5 3 4 6 6 9 6 
10
170 0 3 6 2 4 9 5 2 1 9 
194 8 6 1 2 7 6 6 1 3 4 
213 8 7 6 0 6 9 4 0 5 1 
214 4 7 7 3 8 3 3 8 4 0 
219 5 2 4 5 8 9 9 9 1 1 
243 4 6 7 5 1 0 3 9 1 8 
248 9 0 5 1 7 7 9 9 4 4 
250 9 6 2 7 4 6 4 1 2 9 
254 6 6 8 7 6 2 5 7 1 1 
297 9 2 9 0 8 9 7 2 2 9 
10
122 0 1 0 2 5 5 4 5 3 4 
143 0 7 4 2 2 6 4 2 4 3 
159 3 3 0 7 3 0 7 1 3 4 
179 3 1 0 8 5 0 9 1 2 6 
194 4 1 8 2 9 0 1 2 2 6 
218 2 6 6 5 0 8 3 8 0 9 
218 9 6 1 3 5 3 9 3 1 1 
236 6 2 6 9 2 2 7 5 3 4 
290 9 0 1 9 6 2 7 9 4 9 
321 8 7 9 5 5 7 7 0 7 9 
10
132 1 1 4 2 1 8 2 9 3 1 
151 1 7 8 0 0 6 3 2 6 0 
179 1 2 9 2 8 7 4 5 2 1 
199 4 9 1 4 3 1 6 3 4 4 
201 6 2 1 0 7 2 9 2 7 3 
210 4 6 4 3 2 8 4 4 8 4 
227 9 4 3 3 4 9 4 2 3 8 
250 3 4 8 4 7 9 5 6 7 5 
254 5 6 6 4 6 2 9 4 6 6 
267 2 8 4 6 7 2 6 7 5 8 
10
127 0 1 1 4 4 1 2 6 9 0 
159 0 4 3 9 1 6 1 5 0 6 
172 8 7 2 0 2 1 6 0 1 1 
189 3 1 8 7 9 4 0 0 2 4 
191 4 5 1 9 0 0 6 7 0 3 
193 8 7 2 4 3 6 3 3 3 3 
200 1 5 3 5 3 8 9 3 1 9 
209 8 1 1 2 5 8 3 5 2 9 
245 5 4 7 9 6 2 8 0 8 3 
246 4 2 9 1 9 9 2 4 8 8 
10
188 4 1 4 2 7 3 5 7 3 3 
188 0 8 4 1 0 3 7 6 7 4 
196 1 7 6 0 3 4 1 4 8 9 
213 7 4 2 8 3 2 8 0 7 4 
222 7 0 8 3 5 6 0 8 9 2 
250 9 0 1 2 4 0 9 4 5 9 
251 6 1 9 5 0 9 6 8 2 5 
257 6 8 6 0 7 4 2 3 3 9 
262 7 4 6 6 1 3 6 8 3 7 
263 0 5 5 6 7 8 9 9 7 7 
10
121 4 2 0 3 3 1 2 4 2 0 
138 3 3 6 2 7 4 2 4 0 0 
172 1 3 2 6 0 4 9 6 9 1 
190 6 0 3 1 4 6 9 2 1 8 
196 3 4 2 1 7 8 5 9 8 4 
202 3 2 7 2 8 8 9 1 4 4 
202 8 2 3 1 2 1 8 2 8 4 
253 8 6 7 3 4 4 0 4 1 9 
288 5 6 8 4 4 3 8 7 5 7 
296 9 8 9 0 1 6 6 7 3 9 
10
121 1 0 2 7 8 4 3 1 2 2 
175 7 6 4 2 0 6 4 2 4 3 
210 1 4 4 5 5 6 3 9 2 8 
212 0 5 7 6 6 8 9 2 3 3 
230 9 9 1 5 3 7 7 0 5 6 
242 3 4 2 9 6 6 8 8 3 5 
244 5 3 9 9 0 7 1 9 3 3 
250 4 3 8 3 9 8 9 1 0 8 
275 7 9 8 7 7 9 3 1 1 8 
301 9 1 4 8 5 8 4 9 7 8 
10
135 1 0 3 0 2 9 6 9 2 1 
136 7 2 1 1 0 8 0 7 2 3 
164 7 3 2 5 0 4 6 3 0 2 
171 2 6 1 3 8 9 2 1 3 7 
186 1 7 3 4 2 9 2 5 8 8 
222 8 6 6 4 4 4 1 4 7 3 
225 5 6 4 6 5 3 0 6 6 4 
235 7 9 1 0 4 9 9 3 3 7 
239 6 6 8 4 5 8 8 3 9 0 
318 7 5 4 9 9 7 8 6 7 7 
10
168 3 8 0 8 9 8 0 0 2 5 
171 7 0 0 7 0 3 7 5 8 0 
172 1 2 3 7 9 9 6 5 1 2 
195 1 6 6 4 4 1 3 6 0 7 
200 5 9 1 0 3 3 3 9 3 8 
210 2 6 8 9 6 3 0 1 6 3 
219 9 7 4 4 3 6 3 2 6 4 
238 7 1 3 7 2 0 5 9 7 7 
249 7 9 5 3 4 5 9 5 2 4 
290 7 8 9 0 3 3 6 8 7 7 
10
149 4 2 0 1 0 7 3 4 6 9 
189 0 6 4 1 9 5 6 2 2 8 
200 9 3 3 4 5 1 2 5 3 2 
210 7 6 5 2 3 1 3 8 6 1 
215 3 4 2 2 7 0 6 9 3 7 
219 3 6 7 2 2 8 9 4 6 3 
256 2 6 9 7 3 0 3 8 8 5 
259 6 8 0 7 5 9 5 9 6 9 
259 3 5 7 1 3 3 2 9 8 9 
310 8 8 6 9 7 2 7 8 8 4 
10
145 0 2 2 9 6 7 7 7 2 0 
155 2 3 0 7 9 2 4 3 4 3 
173 3 1 5 0 7 0 2 1 7 4 
174 1 6 6 0 8 2 0 6 5 4 
197 6 3 6 8 1 6 4 4 3 3 
203 7 2 4 5 1 7 7 4 3 1 
213 8 2 0 5 2 5 8 7 4 2 
215 3 8 1 6 3 9 6 5 6 6 
232 8 6 2 3 6 5 4 9 1 5 
239 9 1 1 9 7 0 4 9 8 1 
10
107 0 0 0 7 3 1 6 2 0 5 
164 2 4 1 6 8 7 2 0 2 6 
207 8 6 3 7 0 1 8 7 3 0 
217 9 5 1 4 0 8 3 4 4 7 
230 5 7 6 5 9 2 9 1 8 0 
236 2 5 7 2 6 1 9 8 0 8 
239 7 9 1 6 8 3 6 2 1 7 
279 8 5 3 7 3 3 9 8 6 5 
279 1 8 8 9 5 8 8 9 5 5 
280 4 5 8 6 5 0 9 8 6 7 
10
161 6 2 1 0 4 8 6 2 4 4 
165 5 1 8 1 3 5 3 0 6 2 
191 7 0 1 6 2 9 6 2 5 8 
199 8 7 7 1 1 8 3 1 1 1 
205 3 2 8 9 7 6 0 0 6 2 
210 9 0 2 2 2 2 6 4 7 3 
266 8 7 9 4 3 9 5 0 3 8 
268 7 2 5 6 8 7 7 8 6 2 
284 7 5 6 3 7 9 8 9 6 3 
293 4 9 7 6 8 9 5 7 1 7 
10
177 2 1 7 1 1 5 2 9 0 8 
189 0 0 7 6 9 3 7 5 0 3 
198 6 1 4 0 1 9 2 6 7 8 
199 6 1 0 2 2 7 6 8 8 7 
215 6 0 2 8 5 6 6 0 4 6 
226 1 1 7 8 7 2 5 8 8 2 
228 7 7 2 0 6 5 3 9 0 8 
239 2 7 4 6 3 9 5 9 6 6 
242 2 0 9 3 7 5 6 8 8 5 
283 8 3 2 9 8 4 8 4 7 9 
10
196 7 2 5 2 7 1 0 3 7 4 
211 3 9 1 3 6 2 6 3 7 7 
215 8 5 6 7 6 1 4 3 0 1 
216 8 3 2 8 3 3 1 6 0 7 
219 5 5 3 4 2 5 6 6 1 9 
220 7 1 1 4 6 8 5 5 0 9 
235 8 8 2 5 0 4 4 3 8 7 
238 4 4 7 2 8 6 8 4 0 4 
259 4 7 3 2 7 5 6 5 6 9 
265 7 0 4 6 8 1 7 5 1 8 
10
164 0 0 0 8 8 0 3 3 4 9 
195 0 7 1 9 2 4 6 8 1 5 
199 1 1 7 5 2 0 7 9 2 6 
201 5 2 7 9 2 7 6 0 4 1 
204 8 3 1 2 0 7 5 8 9 2 
236 9 4 2 4 6 3 9 0 8 1 
236 4 7 4 6 7 9 7 6 1 6 
244 9 5 4 8 1 1 6 4 7 0 
247 0 8 4 9 2 4 7 6 6 9 
272 9 1 6 7 3 5 7 7 5 6 
10
174 4 8 3 2 7 4 5 0 8 0 
192 8 6 3 1 0 0 7 2 2 2 
195 7 5 1 1 0 7 1 5 4 9 
196 7 9 1 5 6 8 5 0 3 3 
208 6 0 3 2 1 4 4 8 8 9 
215 3 4 0 7 3 7 6 7 7 6 
230 4 1 4 7 6 3 4 8 4 8 
258 8 7 3 5 9 6 6 4 6 1 
279 6 6 8 5 2 8 6 8 7 6 
287 7 3 3 7 9 2 8 7 9 5 
10
163 6 8 2 1 0 3 3 6 0 0 
180 6 1 0 2 4 3 1 8 3 9 
183 3 2 3 7 3 6 1 8 0 7 
184 5 1 0 3 1 4 8 5 6 8 
196 5 7 3 9 7 5 4 1 3 1 
218 0 4 9 4 3 8 4 4 7 8 
225 7 2 9 6 1 1 3 4 5 0 
253 6 7 9 3 9 2 4 5 7 1 
260 3 3 9 6 6 8 4 7 5 6 
269 7 7 5 1 3 5 5 8 5 9 
10
160 2 1 1 0 9 7 2 1 3 8 
172 2 2 7 5 0 8 0 2 6 6 
173 3 4 4 1 3 7 1 8 1 7 
198 3 6 1 8 7 0 0 7 1 6 
203 5 2 2 6 7 5 6 8 4 0 
214 9 0 3 9 7 4 7 4 3 0 
241 8 3 0 9 8 7 6 8 4 2 
241 5 4 4 6 5 4 0 5 4 9 
242 4 6 2 8 5 0 8 8 6 6 
273 1 7 9 7 7 1 4 7 5 9 
10
106 0 0 4 3 7 9 4 0 3 2 
137 3 0 0 1 6 5 4 3 5 6 
176 8 1 1 2 6 4 0 3 8 4 
193 3 4 2 0 5 4 7 7 5 4 
200 3 6 5 2 4 0 5 0 4 8 
206 1 8 2 9 0 1 7 4 7 4 
208 6 1 0 6 4 4 1 7 9 7 
235 2 1 8 7 1 1 4 8 5 6 
245 3 5 9 4 1 4 9 7 9 2 
267 4 6 7 9 3 5 8 8 1 7 
10
129 4 1 6 7 4 1 0 1 0 0 
151 3 4 2 2 5 7 1 4 2 7 
168 3 8 1 7 3 9 4 2 4 2 
176 1 1 7 3 2 9 7 4 9 0 
183 1 5 7 3 9 9 3 8 0 0 
191 0 3 4 8 5 2 6 9 9 2 
193 0 3 9 7 8 5 3 3 7 0 
196 1 9 9 4 0 6 2 5 5 3 
225 8 3 4 3 6 0 6 1 8 1 
273 9 4 8 2 8 4 9 0 4 3 
10
148 5 5 0 6 1 9 5 2 3 0 
155 2 1 2 0 5 8 2 5 1 8 
182 2 5 2 9 0 1 5 6 9 4 
192 9 8 3 2 4 2 4 0 2 2 
201 6 3 7 4 2 3 3 7 1 2 
219 8 0 1 5 9 6 7 3 3 5 
226 6 0 8 2 5 2 3 0 9 9 
240 0 9 7 1 6 9 7 3 2 9 
266 9 5 6 7 8 4 7 2 7 2 
287 6 3 8 6 1 3 3 9 9 8 
10
163 0 5 7 0 6 0 7 2 8 0 
172 1 8 3 9 3 3 2 2 1 5 
196 2 3 4 5 9 3 6 8 0 4 
208 3 5 2 6 9 6 0 6 9 4 
217 3 9 5 7 4 4 8 0 3 3 
222 9 3 0 5 8 8 2 0 8 5 
254 8 4 4 3 9 7 3 4 8 7 
255 4 7 7 2 7 6 5 8 4 5 
271 3 4 6 8 5 9 7 6 4 8 
296 7 0 9 7 9 1 8 6 6 2 
10
108 2 2 0 0 3 4 8 6 5 0 
121 1 2 1 1 7 5 6 2 2 2 
189 4 3 2 3 6 1 6 9 1 4 
191 7 0 5 6 4 5 1 2 3 2 
201 8 0 0 6 7 0 4 7 3 1 
212 2 2 9 0 7 7 7 8 4 0 
233 6 5 0 4 4 5 8 9 8 4 
240 5 3 3 6 2 5 8 4 6 9 
272 7 8 6 8 6 4 0 3 9 4 
329 8 6 9 4 5 7 8 5 5 8 
10
116 3 3 0 5 2 4 1 3 3 0 
137 1 4 1 1 5 8 6 4 1 4 
148 8 2 1 8 1 5 0 0 1 5 
174 6 9 1 7 4 2 4 1 1 0 
207 7 4 3 3 2 9 7 6 3 5 
207 5 0 8 0 6 1 6 2 9 4 
212 4 3 9 6 6 9 1 4 1 3 
220 6 5 8 1 1 2 4 4 6 2 
251 5 9 5 3 4 3 8 4 5 8 
254 4 7 8 0 6 2 0 9 3 7 
10
163 3 4 1 8 0 0 3 8 5 2 
179 2 9 0 6 5 5 0 2 8 7 
193 2 9 0 5 6 5 4 2 1 9 
204 1 1 6 9 6 1 3 4 8 3 
205 1 3 3 8 5 6 4 2 3 9 
217 8 6 1 4 2 7 6 4 8 1 
218 6 4 4 2 6 8 4 6 6 6 
239 6 8 9 5 6 5 2 8 3 0 
251 6 7 4 9 5 4 5 9 2 1 
295 9 2 9 2 1 7 8 5 6 7 
10
131 1 8 3 3 7 2 0 3 0 1 
151 3 8 0 0 0 0 3 8 9 2 
153 2 1 0 8 5 2 8 1 8 0 
171 1 5 6 2 5 0 0 6 6 2 
176 4 3 2 3 7 2 9 2 3 4 
208 4 1 2 5 5 4 6 5 5 7 
214 7 4 5 6 6 1 1 2 8 3 
246 0 4 7 4 1 2 9 6 6 9 
265 6 5 5 9 8 4 1 3 3 7 
318 9 6 9 7 8 8 8 4 6 3 
10
165 1 2 3 8 4 9 8 1 7 2 
166 3 1 8 0 0 3 8 6 1 3 
168 2 5 1 9 9 1 6 3 1 2 
170 5 0 1 6 8 6 3 0 4 4 
206 6 7 4 0 7 4 1 6 7 0 
208 4 5 8 0 0 2 7 6 0 4 
219 5 8 2 2 2 6 5 7 6 7 
256 2 3 7 8 6 6 6 1 6 8 
277 6 7 6 8 8 9 8 0 4 6 
312 9 4 9 8 4 2 1 6 9 8 
10
139 6 0 1 4 3 0 8 3 3 0 
143 5 3 1 0 5 7 2 3 7 3 
162 2 6 0 4 8 5 4 7 4 1 
162 8 1 5 2 0 5 6 2 0 0 
182 0 9 0 9 7 3 3 6 8 3 
203 1 1 4 7 2 5 7 2 9 9 
227 4 6 2 8 3 6 7 5 4 6 
227 6 0 3 7 9 1 4 7 9 0 
236 3 9 3 5 5 4 8 7 9 0 
302 7 8 9 4 9 0 4 4 7 7 
10
126 0 7 3 1 1 2 6 0 6 2 
133 0 0 7 8 3 8 1 3 0 0 
168 5 1 2 4 2 1 9 4 0 3 
211 0 5 4 0 8 3 8 6 2 9 
221 3 2 6 7 6 9 7 7 5 2 
231 6 7 4 3 8 9 3 3 5 7 
252 1 7 8 0 5 2 9 3 8 8 
261 8 7 4 0 1 2 9 8 9 4 
271 2 6 8 6 6 3 6 9 3 9 
293 7 5 3 6 4 4 5 7 9 9 
10
155 4 5 0 2 3 7 9 0 0 7 
159 0 8 1 3 0 5 6 1 7 5 
163 8 4 1 1 0 8 5 5 6 1 
199 2 4 6 2 1 3 8 4 2 6 
205 1 1 7 5 4 7 3 6 3 8 
212 1 3 9 5 9 4 7 6 2 2 
219 7 8 1 6 2 9 0 1 9 7 
236 3 3 9 6 1 0 4 8 6 7 
264 8 6 8 2 0 3 5 2 8 6 
293 9 3 6 9 0 6 5 9 7 8 
10
139 3 1 0 7 0 1 2 2 0 8 
145 0 3 5 2 2 9 5 2 6 4 
180 1 1 4 1 5 3 5 9 1 7 
205 7 0 4 1 7 6 6 8 9 0 
206 0 0 6 3 8 7 5 9 7 5 
228 2 9 5 4 0 8 5 7 7 8 
265 5 1 9 3 7 3 8 4 2 8 
266 9 0 5 8 1 2 8 7 9 3 
291 8 9 6 6 6 6 5 0 1 9 
308 8 6 5 6 5 1 9 8 5 6 
10
153 1 6 8 1 0 1 2 5 9 0 
163 1 6 4 8 2 1 7 2 3 1 
169 0 1 3 0 8 0 4 7 9 4 
184 6 7 1 5 2 4 1 4 5 4 
188 9 4 3 1 3 1 4 1 6 4 
214 4 3 7 0 4 5 7 8 7 3 
217 1 5 7 1 7 7 2 2 8 9 
230 4 7 2 5 4 4 5 8 5 8 
278 9 8 1 8 9 8 7 9 4 1 
304 8 4 5 8 3 4 9 9 5 7 
10
137 6 0 0 0 7 5 1 4 8 2 
147 2 7 4 6 2 0 0 4 1 3 
194 7 2 5 3 7 8 1 3 0 2 
207 2 8 1 8 1 5 9 4 9 3 
208 3 1 9 6 1 3 1 6 4 5 
209 6 7 2 6 5 2 6 8 0 3 
223 2 2 8 9 0 9 1 3 3 9 
255 7 7 1 7 9 1 6 8 6 0 
262 6 9 5 4 1 7 8 6 2 7 
333 8 0 8 4 6 7 8 9 8 9 
10
145 0 8 7 5 1 2 0 0 5 0 
163 0 0 2 8 7 7 6 9 8 0 
171 1 7 6 7 4 4 3 5 5 0 
183 1 6 6 1 1 2 8 3 8 1 
188 5 0 6 5 2 2 2 2 0 9 
210 8 9 4 1 1 7 3 1 3 7 
219 4 0 9 8 7 4 4 2 9 2 
247 8 4 0 8 5 9 8 7 8 1 
251 1 8 9 7 8 4 3 1 6 8 
265 7 2 9 7 6 2 1 4 0 7 
10
130 4 3 0 0 6 5 2 5 3 3 
181 3 6 2 0 9 2 2 1 9 7 
186 7 7 3 0 3 4 6 4 2 3 
186 5 7 1 1 0 7 5 3 3 9 
192 1 2 1 6 1 3 8 4 5 9 
216 6 3 8 6 1 7 0 0 1 8 
230 1 5 7 4 2 8 6 4 9 6 
238 3 0 4 9 7 9 3 9 8 5 
258 3 5 6 8 5 0 8 4 4 8 
279 5 6 9 7 3 4 6 8 1 6 
10
148 6 0 1 0 4 0 0 4 4 4 
200 5 9 4 0 5 7 3 1 7 2 
214 0 4 4 4 1 4 7 9 8 8 
225 1 0 7 7 9 7 7 9 0 2 
227 2 3 7 5 1 0 5 5 5 8 
229 5 9 5 6 6 9 5 1 6 1 
235 0 9 5 6 9 3 0 6 6 7 
239 9 9 3 5 0 2 2 4 3 6 
258 6 6 6 1 7 1 5 2 9 9 
304 9 3 5 9 8 4 2 6 9 7 
10
148 8 0 0 6 7 6 0 5 2 1 
163 4 5 4 1 3 7 0 4 5 3 
170 2 7 5 2 0 3 5 7 1 5 
203 5 2 9 6 4 8 0 9 1 2 
221 8 0 0 3 7 2 9 0 9 7 
225 6 2 4 1 5 5 9 9 0 3 
228 1 7 2 6 9 9 8 0 8 8 
241 3 9 9 8 2 2 1 8 0 3 
259 9 4 0 9 8 8 4 6 7 7 
273 9 3 3 9 8 4 1 9 2 8 
10
126 2 0 5 4 4 4 4 4 0 1 
140 0 6 1 7 7 1 4 1 8 0 
169 4 6 1 7 7 2 3 5 0 2 
180 3 7 1 1 5 6 7 6 1 4 
191 1 8 3 4 6 2 4 6 0 7 
192 1 1 5 1 7 0 0 8 6 9 
203 7 2 6 4 2 5 4 6 7 2 
203 7 2 2 8 3 0 5 2 4 2 
211 2 2 5 2 8 4 9 9 6 2 
221 5 0 9 9 6 8 6 0 7 2 
10
200 8 4 0 3 4 3 6 8 3 2 
212 6 8 0 2 9 0 7 9 0 0 
212 1 7 8 1 4 2 9 6 9 2 
214 2 1 5 8 6 9 9 0 6 7 
222 0 7 9 9 8 8 2 1 0 4 
224 0 8 5 7 4 9 9 8 5 2 
249 0 8 3 4 8 7 6 7 7 9 
255 8 7 1 1 7 3 6 7 5 9 
258 5 8 3 3 8 7 9 6 4 4 
268 7 9 0 8 6 9 8 9 8 1 
10
116 1 2 2 0 6 7 2 1 1 7 
148 1 4 6 1 7 3 7 2 2 0 
152 0 7 4 4 1 1 6 0 8 3 
157 0 8 5 0 8 8 5 0 5 0 
157 0 2 1 4 4 1 9 9 7 0 
158 6 7 0 5 2 8 3 1 5 0 
189 7 2 5 2 6 0 3 7 2 0 
201 3 0 7 6 2 7 7 3 2 5 
240 8 1 6 5 3 1 2 6 7 6 
254 6 7 3 5 3 5 7 9 1 6 
10
166 0 4 9 6 1 1 5 1 1 3 
175 1 8 3 3 5 9 1 7 8 2 
195 4 6 5 0 7 0 3 0 8 6 
218 8 3 4 6 5 1 4 2 1 7 
219 4 6 0 4 7 2 4 8 0 8 
234 2 7 9 1 9 6 1 5 7 5 
244 9 4 1 2 4 4 0 7 6 9 
258 7 2 9 9 5 3 7 3 3 4 
263 7 9 1 3 5 3 7 8 7 6 
275 8 2 7 7 7 7 9 0 7 3 
10
114 4 2 3 1 0 2 7 0 2 2 
198 1 1 2 8 1 9 3 9 6 8 
207 5 3 4 7 1 3 8 7 0 1 
212 7 7 3 6 6 6 6 0 7 0 
218 6 4 9 2 6 3 0 0 1 6 
243 3 7 7 9 0 0 4 6 8 7 
265 8 1 2 8 9 8 7 9 1 4 
265 8 5 6 8 0 9 6 7 6 6 
267 9 0 9 5 3 7 9 3 5 2 
274 7 0 8 9 5 4 5 7 5 6 
10
163 2 5 1 9 3 4 9 4 1 2 
166 4 1 7 2 0 5 7 6 7 0 
170 2 7 0 7 7 2 4 2 0 3 
191 3 4 1 4 6 1 0 3 9 9 
201 2 1 3 9 8 4 3 1 9 7 
205 4 3 5 8 5 5 6 3 5 3 
234 9 7 2 6 6 6 0 6 2 3 
258 7 6 9 0 2 4 4 2 5 8 
290 5 8 8 6 6 4 9 6 6 6 
314 8 8 5 7 7 2 4 3 8 9 
10
163 1 8 1 9 0 6 0 5 1 9 
167 0 2 0 5 0 3 6 6 7 7 
170 3 0 9 2 2 4 4 3 3 5 
178 6 9 6 1 0 4 0 6 3 1 
209 2 8 7 1 9 5 6 1 4 3 
209 2 5 0 8 8 7 8 3 8 6 
223 8 0 1 3 8 4 8 5 9 3 
245 1 1 9 9 0 2 8 9 9 6 
300 8 9 8 8 3 7 2 3 6 9 
316 7 6 5 8 7 7 7 5 5 9 
10
119 2 4 4 7 2 5 3 0 0 0 
139 2 0 0 0 9 3 7 5 5 0 
164 5 3 2 3 1 4 5 2 6 3 
195 6 7 9 0 3 2 0 3 3 3 
200 6 1 1 9 9 7 0 0 8 4 
211 2 1 3 8 2 8 9 0 7 8 
213 8 4 1 6 7 7 5 9 2 1 
221 0 6 7 4 3 4 7 2 6 8 
247 6 6 6 7 6 2 1 3 7 7 
260 9 6 6 8 7 6 1 2 1 3 
10
131 1 7 2 1 5 3 2 1 8 1 
151 1 0 2 2 0 4 5 7 0 9 
175 6 6 1 2 7 8 5 4 4 0 
195 7 4 0 7 8 1 3 1 1 3 
201 7 1 0 0 5 0 6 8 5 7 
213 1 3 5 1 5 8 8 8 7 7 
218 5 7 9 0 0 2 1 6 3 7 
234 7 2 0 1 7 2 8 8 8 5 
247 7 1 3 6 4 3 5 4 7 9 
290 8 9 8 7 2 5 8 9 8 0 
10
153 5 3 1 1 4 3 2 2 6 2 
157 6 9 3 1 2 8 2 2 1 3 
183 1 8 2 2 2 7 7 9 2 6 
183 8 0 4 2 9 2 0 0 0 7 
191 1 4 7 2 6 4 0 6 9 3 
212 5 9 6 5 4 5 6 5 0 0 
252 7 8 5 2 4 4 9 1 8 5 
265 8 3 5 7 3 1 3 2 8 9 
271 8 6 7 9 5 5 0 9 4 4 
333 9 5 9 4 6 1 4 9 9 7 
10
147 0 7 2 1 4 2 4 8 1 3 
158 3 3 4 0 1 7 6 8 3 4 
170 8 1 0 9 2 4 1 6 5 0 
179 7 8 4 7 1 6 6 0 2 0 
180 0 5 7 6 4 0 2 3 9 2 
195 1 4 6 4 6 9 0 7 5 6 
209 6 1 3 7 1 8 7 7 2 7 
220 9 8 3 4 2 2 4 1 2 5 
223 1 1 8 7 5 5 9 1 3 7 
232 5 8 3 3 1 6 7 6 8 5 
10
139 1 1 3 5 0 1 6 0 6 7 
140 0 4 2 6 4 6 4 2 5 3 
176 4 6 2 1 6 4 5 2 4 6 
193 4 3 3 7 4 3 9 0 9 0 
204 6 7 1 1 7 3 1 7 9 4 
225 9 6 5 2 4 1 0 8 2 3 
227 5 0 2 8 3 1 6 1 9 9 
228 4 9 7 1 4 5 5 0 4 8 
249 7 0 8 7 4 3 3 1 9 6 
263 5 2 8 2 9 9 4 4 7 7 
10
153 4 3 2 4 8 1 2 3 5 2 
160 0 0 8 3 5 3 7 5 1 2 
187 2 3 5 0 6 9 6 2 4 5 
195 5 4 4 9 5 3 2 4 2 4 
199 7 7 1 1 6 4 6 6 6 1 
207 8 5 3 6 2 3 0 9 3 1 
224 4 9 2 7 6 7 0 7 5 6 
238 5 0 2 5 5 5 7 8 9 7 
239 8 5 8 3 4 6 7 3 5 1 
263 7 5 6 6 7 7 5 3 7 4 
10
101 1 8 1 3 0 4 2 1 5 2 
120 3 5 7 0 0 2 1 0 3 1 
140 4 4 1 5 0 4 3 6 0 2 
146 1 5 1 3 4 8 9 1 0 4 
149 5 3 4 2 2 6 0 7 2 1 
180 4 7 5 2 1 4 5 7 1 1 
185 9 0 3 3 3 3 6 2 6 0 
205 7 1 2 3 2 6 1 7 4 9 
220 3 5 5 5 5 1 8 5 1 3 
233 6 3 5 6 4 3 5 1 9 6 
10
150 2 3 1 6 5 9 0 6 7 1 
154 0 0 4 3 0 5 7 8 1 7 
157 3 6 1 0 2 2 8 9 0 2 
170 0 0 8 3 3 0 6 1 6 4 
194 9 8 7 4 0 7 3 2 1 0 
198 0 6 7 6 7 6 6 0 1 6 
217 4 5 8 3 5 1 0 4 8 5 
244 7 0 7 0 6 4 1 7 6 6 
247 9 9 9 1 0 7 7 4 1 2 
270 1 9 7 8 7 8 2 8 8 8 
10
153 3 8 3 4 0 5 4 1 5 3 
192 0 8 1 0 7 4 2 6 7 9 
194 8 0 5 3 6 4 7 2 3 2 
194 8 6 2 0 7 9 6 1 9 1 
199 0 0 4 3 9 2 7 8 9 3 
201 2 6 5 3 6 3 3 3 6 6 
243 7 6 4 3 1 5 6 9 1 5 
251 8 3 2 9 0 9 4 3 9 8 
265 6 2 6 8 6 2 9 4 4 3 
330 8 9 8 4 7 8 4 8 2 8 
10
150 4 2 1 3 7 3 1 3 8 1 
180 1 9 5 1 8 6 6 5 1 2 
198 2 5 1 2 7 7 9 8 0 6 
201 1 4 4 8 6 7 0 6 6 8 
202 6 0 1 0 8 9 4 9 6 6 
211 2 9 2 6 9 9 4 6 4 5 
215 7 0 0 3 3 6 7 9 7 8 
228 4 8 6 6 7 7 0 1 6 7 
250 5 6 9 5 0 6 4 2 7 6 
284 3 6 9 8 7 8 9 8 5 2 
10
189 8 4 2 5 4 5 4 0 3 5 
209 0 6 9 3 2 9 5 3 3 6 
211 1 7 3 9 6 1 3 4 4 7 
221 8 5 3 5 0 6 5 1 4 7 
222 4 3 6 5 7 2 1 5 2 7 
227 8 0 5 9 8 2 3 2 4 1 
233 5 3 6 4 9 1 3 8 0 7 
247 8 0 6 8 3 1 8 3 0 7 
259 4 4 6 1 8 6 6 2 8 8 
290 9 4 7 7 2 6 2 9 4 9 
10
170 5 6 2 2 6 9 0 9 0 3 
178 1 1 4 3 0 5 8 7 7 6 
184 7 9 0 1 7 5 4 1 5 0 
186 2 8 0 8 9 8 0 9 1 1 
196 2 4 9 7 7 6 0 0 7 1 
202 5 5 3 9 6 7 0 1 9 4 
209 2 8 5 4 0 0 2 4 6 8 
235 8 0 2 8 8 1 7 7 6 0 
236 4 4 8 6 3 5 1 3 3 7 
322 9 0 9 9 9 7 2 8 4 8 
10
167 1 0 8 4 3 4 6 5 1 2 
182 2 8 8 1 1 7 2 0 4 4 
186 3 7 7 5 0 9 1 7 5 2 
199 2 5 3 4 0 0 7 0 7 9 
200 5 8 0 2 1 0 1 8 9 8 
207 5 5 3 6 8 1 4 7 0 2 
221 6 5 8 6 5 8 2 1 3 2 
222 1 0 5 0 8 4 9 4 6 9 
227 4 1 1 6 5 6 8 5 5 9 
247 9 3 7 3 3 2 3 3 7 6 
10
107 2 6 3 0 0 8 5 0 0 3 
174 8 6 1 1 0 2 6 3 8 1 
203 5 0 1 0 9 8 6 6 8 8 
203 1 4 2 9 2 1 5 9 9 4 
209 0 9 0 7 8 6 6 3 8 5 
233 1 9 6 0 2 1 0 8 8 9 
233 3 9 9 3 6 9 5 9 1 1 
234 5 9 5 0 8 6 0 7 8 4 
244 5 7 9 4 4 0 6 9 4 0 
251 3 7 9 9 4 1 7 3 0 3 
10
166 1 4 4 1 6 8 4 9 0 1 
170 2 2 8 1 5 5 6 3 2 1 
187 1 4 7 3 4 4 6 8 4 2 
194 7 3 2 7 1 7 1 5 3 7 
205 7 5 2 0 5 5 8 2 3 6 
210 6 5 6 3 0 3 1 3 7 6 
241 4 6 3 6 4 9 4 8 3 8 
252 5 1 9 8 5 8 7 0 7 6 
269 4 8 2 7 4 0 9 9 2 7 
273 7 8 6 0 5 4 0 9 9 7 
10
134 1 4 7 1 3 4 2 2 7 0 
141 0 5 2 7 1 1 2 5 2 6 
183 3 9 0 8 0 8 3 3 9 4 
184 6 6 0 4 1 4 2 1 8 6 
185 4 2 7 2 6 8 6 1 2 2 
211 2 5 6 5 3 5 6 4 0 6 
222 1 0 7 2 6 2 7 0 9 9 
234 8 2 6 5 9 7 2 6 1 1 
243 5 8 8 4 6 2 0 6 7 1 
243 8 9 1 5 9 5 3 2 1 8 
10
171 1 2 6 4 7 4 6 1 8 2 
178 1 5 4 3 1 2 7 5 6 4 
203 5 7 3 5 7 7 7 1 0 4 
205 3 9 0 9 6 8 4 6 3 2 
221 1 6 9 4 8 0 1 4 5 5 
225 6 2 4 9 6 5 4 9 2 1 
255 9 4 4 1 2 6 4 6 9 6 
257 6 4 7 7 5 5 6 2 3 9 
263 7 4 8 6 4 0 2 4 8 4 
271 8 9 5 6 8 1 8 7 1 1 
10
170 6 4 1 2 2 9 4 3 5 6 
172 8 5 3 0 7 6 1 1 5 1 
183 8 8 0 3 6 0 5 0 4 2 
200 4 6 8 3 1 4 3 3 2 4 
216 9 7 1 9 7 2 1 4 4 0 
219 0 4 6 8 6 6 0 6 5 9 
251 9 6 2 9 1 8 3 8 7 6 
269 8 8 5 0 6 6 5 6 9 6 
270 2 8 7 4 9 0 8 6 3 6 
325 9 6 8 8 9 4 8 6 7 4 
10
119 0 2 2 4 1 4 6 3 5 2 
139 3 0 7 0 0 8 4 1 5 3 
185 4 8 2 4 2 1 5 9 3 3 
204 5 0 3 6 3 9 9 2 1 8 
208 9 5 7 5 3 8 0 0 5 0 
221 3 8 9 1 0 1 8 3 8 2 
225 5 8 6 0 8 7 2 6 7 1 
233 8 1 6 2 3 8 5 8 2 4 
250 6 9 4 5 2 8 8 4 6 6 
318 5 9 7 8 9 5 3 8 8 8 
10
143 5 6 1 3 0 4 3 1 2 2 
188 2 7 4 2 0 0 5 9 1 4 
189 2 8 1 6 9 5 5 4 9 0 
204 0 8 8 2 8 4 4 0 8 2 
229 5 6 3 4 4 9 5 5 8 4 
235 5 7 2 8 6 0 0 5 9 5 
255 9 2 1 0 5 6 6 9 7 8 
268 3 7 2 8 7 0 8 6 7 7 
268 6 4 7 7 3 4 5 2 8 8 
270 9 4 6 3 4 2 5 4 7 7 
10
145 0 1 7 8 0 8 0 9 1 1 
179 5 2 5 3 0 5 3 0 3 8 
197 9 4 3 7 1 6 3 2 6 3 
213 8 6 7 0 5 2 1 9 2 1 
213 7 9 0 7 3 2 0 0 6 7 
215 0 1 9 7 4 2 6 5 7 2 
231 7 1 2 7 4 0 9 7 7 0 
241 8 4 1 7 9 3 6 2 7 4 
257 3 8 6 9 2 0 1 6 4 8 
327 9 6 5 9 6 6 6 7 8 7 
10
167 1 1 4 1 3 7 7 6 6 2 
189 3 4 5 5 0 7 6 4 1 7 
191 6 1 1 5 6 6 3 5 6 4 
210 8 4 4 2 0 0 6 8 7 2 
233 6 4 3 1 8 7 4 6 9 6 
237 8 6 6 0 4 7 4 6 2 6 
263 6 5 8 0 1 7 7 8 5 7 
266 9 6 3 6 9 6 7 3 2 3 
270 8 5 5 9 2 3 8 8 9 0 
298 8 7 8 6 5 4 4 6 1 9 
10
74 0 1 1 6 0 3 1 2 2 0 
184 2 1 2 2 9 2 4 5 3 8 
187 5 4 5 1 7 7 6 2 1 3 
193 6 1 5 2 0 2 1 7 5 6 
203 5 4 0 5 8 4 8 6 3 5 
213 2 5 9 2 6 3 8 2 1 5 
213 5 3 7 8 5 8 7 0 3 3 
214 3 6 7 3 8 2 7 0 4 3 
294 8 6 5 9 5 4 8 7 3 4 
328 8 6 9 7 8 7 7 7 4 8 
10
137 2 1 0 4 4 9 7 1 3 6 
148 2 1 4 4 2 0 2 3 8 1 
160 0 0 0 6 4 4 9 7 8 2 
165 4 1 0 6 5 1 9 8 1 2 
184 1 2 8 7 2 5 2 4 2 7 
231 4 9 9 9 2 4 3 8 4 0 
237 6 7 4 6 2 4 2 7 0 8 
272 4 1 8 8 2 7 7 5 5 9 
274 7 1 8 6 8 6 5 5 2 7 
283 6 8 7 9 7 6 6 5 4 5 
10
124 3 4 1 8 6 8 2 1 0 0 
147 0 4 5 3 0 3 0 5 8 3 
184 6 2 4 1 9 3 6 2 4 0 
188 3 3 4 0 8 6 5 3 4 6 
193 6 8 0 5 2 5 7 4 5 3 
221 8 0 1 1 7 7 7 7 1 8 
223 1 8 2 8 9 1 4 2 9 7 
240 8 7 0 2 6 5 2 7 4 9 
250 8 0 3 8 8 0 3 4 5 6 
253 9 1 7 7 6 4 0 1 5 9 
10
94 0 3 0 1 2 9 2 1 5 5 
175 0 3 8 8 4 4 0 5 3 2 
175 1 5 7 3 4 6 3 1 4 6 
180 1 6 0 3 5 2 9 6 5 6 
201 8 0 0 7 9 4 1 7 7 3 
217 0 8 3 8 7 0 0 2 5 9 
229 3 2 9 8 1 2 0 8 6 6 
247 8 1 1 8 8 1 0 8 4 7 
276 9 4 8 3 8 9 1 3 4 6 
279 6 6 3 7 5 2 4 7 7 9 
10
143 5 5 0 3 0 0 7 6 2 2 
147 2 8 1 1 6 1 1 1 9 2 
164 0 3 4 1 2 2 9 6 1 6 
166 1 0 7 1 9 4 6 2 7 1 
188 0 6 3 8 5 1 8 9 6 0 
195 3 1 6 1 0 4 4 7 3 7 
199 7 0 6 5 1 7 6 3 1 5 
214 7 4 7 5 4 8 3 3 3 1 
255 3 9 8 2 7 5 3 8 7 2 
302 6 7 8 3 3 7 9 8 3 7 
10
166 1 4 4 1 8 9 6 4 2 4 
191 2 9 3 2 3 1 9 8 9 0 
192 2 0 7 4 7 3 6 2 5 4 
202 3 3 7 0 7 5 9 9 3 1 
204 2 5 6 2 2 3 9 6 3 6 
219 8 5 5 6 3 4 1 5 0 2 
232 1 6 7 9 3 9 2 9 3 4 
236 3 1 2 6 7 4 3 7 9 8 
245 8 4 4 0 1 0 9 6 1 7 
256 7 9 7 5 9 4 5 1 1 4 
10
167 4 6 5 1 2 5 3 0 5 3 
183 7 0 3 0 9 3 7 1 7 2 
212 2 1 9 4 7 2 2 4 3 5 
212 3 1 7 5 8 7 3 1 1 6 
218 4 3 5 7 2 4 2 7 0 9 
253 4 1 9 6 0 0 8 7 3 8 
256 3 3 3 6 9 5 8 9 5 9 
257 8 4 7 2 5 9 9 0 0 9 
261 4 1 9 7 4 9 5 0 9 9 
283 4 7 5 7 3 1 8 7 9 7 
10
199 0 6 5 5 2 3 2 6 6 6 
204 2 0 0 5 8 2 4 9 5 7 
208 3 9 7 1 6 1 4 3 1 3 
228 4 4 7 7 4 7 9 2 4 4 
232 8 0 0 7 4 1 8 5 9 5 
237 7 5 0 4 9 9 3 4 2 9 
245 6 5 3 7 4 7 5 1 5 9 
270 0 9 7 3 8 1 9 5 8 7 
294 9 6 1 5 2 6 7 9 9 8 
304 9 8 5 5 6 1 2 6 7 7 
10
133 2 4 0 6 1 2 3 2 4 2 
140 2 1 1 8 3 8 1 2 8 3 
162 2 3 4 2 5 0 4 5 1 2 
190 4 8 4 9 3 1 4 0 7 0 
200 6 1 3 9 4 3 1 8 8 0 
217 4 2 6 4 2 0 5 4 3 7 
233 2 9 7 0 4 8 4 0 8 8 
233 1 0 6 6 7 0 7 9 9 4 
294 7 9 6 4 3 0 8 2 5 8 
296 6 4 8 8 7 1 9 0 9 8 
10
157 4 0 4 1 5 6 1 5 8 0 
165 0 1 5 1 1 4 8 1 7 8 
171 6 6 2 8 0 8 6 0 0 1 
174 3 5 4 4 1 8 4 3 6 6 
190 7 6 1 2 1 2 6 7 3 3 
209 7 5 3 8 3 3 1 5 6 0 
210 6 9 1 5 2 9 3 7 0 6 
257 4 5 8 9 9 6 4 6 3 3 
275 8 5 3 1 4 0 7 9 6 8 
286 7 7 9 3 8 0 4 0 4 8 
10
183 1 4 3 6 1 6 4 6 8 4 
200 1 6 8 4 5 0 6 2 5 3 
208 7 6 2 2 4 6 3 7 6 5 
208 5 0 5 5 7 6 4 6 7 0 
228 6 8 6 1 5 5 6 8 3 2 
240 2 5 7 4 3 2 9 5 2 9 
245 5 6 9 0 2 2 1 6 7 9 
250 8 0 9 3 5 3 2 4 1 8 
263 9 4 9 7 3 5 1 9 3 0 
295 8 6 7 1 3 4 7 7 4 8 
10
177 1 0 5 8 1 1 3 8 9 2 
183 1 8 3 5 3 3 9 1 4 3 
201 5 0 0 0 5 8 8 9 4 8 
207 3 6 8 8 1 9 1 5 0 5 
208 2 2 2 7 8 5 9 5 0 5 
236 6 7 7 3 4 8 8 0 7 1 
243 8 9 2 3 6 5 7 9 4 0 
244 1 8 6 6 7 8 8 0 8 9 
244 8 9 0 2 6 1 9 0 8 5 
268 7 1 8 6 5 4 7 1 5 6 
10
66 0 3 0 3 4 9 6 0 0 0 
155 3 7 1 0 6 9 7 0 5 0 
197 1 0 4 8 6 2 6 9 1 5 
224 9 7 6 1 0 5 6 4 6 1 
227 6 5 9 7 1 5 3 5 5 0 
230 4 9 9 2 4 8 9 1 5 2 
235 6 3 0 8 3 5 9 4 6 8 
235 3 1 8 7 6 8 9 0 6 5 
251 8 5 9 5 1 2 6 1 1 8 
262 9 7 4 0 2 9 7 7 7 6 
10
139 1 0 3 2 8 8 3 0 5 5 
180 1 0 8 4 7 9 0 3 7 5 
190 0 8 1 7 8 5 4 9 6 2 
228 5 9 2 3 8 3 7 6 1 4 
238 3 7 4 9 1 7 8 9 1 7 
260 1 1 3 6 8 6 9 8 8 9 
301 7 8 7 7 9 6 4 4 3 8 
312 9 9 4 7 9 6 1 3 8 8 
315 6 8 7 1 8 5 9 8 8 5 
326 9 9 2 4 7 6 8 8 9 9 
10
130 2 1 1 3 5 6 1 0 2 8 
171 0 3 3 6 2 9 4 6 1 7 
175 5 0 6 3 1 3 0 7 0 8 
179 0 9 3 4 8 6 3 9 0 2 
184 3 0 0 5 1 1 6 3 8 8 
193 4 1 8 1 6 6 8 0 9 2 
221 0 8 9 3 7 7 3 5 0 9 
229 7 0 6 5 7 6 8 0 3 5 
250 6 9 8 8 6 7 2 5 6 1 
290 7 2 6 8 7 6 7 8 8 2 
10
134 0 5 1 2 0 4 1 5 4 7 
138 1 4 2 1 3 8 3 0 7 6 
144 4 7 1 1 0 7 2 1 5 3 
165 0 9 0 7 2 2 5 8 1 3 
176 6 4 0 8 6 1 5 2 7 1 
201 5 1 7 4 5 2 5 3 2 2 
209 4 8 4 6 8 4 1 3 1 4 
215 0 2 4 7 8 1 9 3 9 5 
216 2 0 8 9 6 1 0 0 7 7 
219 8 3 6 2 3 6 6 7 5 0 
10
147 0 2 0 8 3 1 9 4 3 1 
148 3 2 1 0 9 4 4 3 1 7 
171 3 1 4 2 9 6 5 2 0 7 
179 0 2 3 8 4 2 4 0 7 7 
188 1 4 4 9 8 8 2 3 7 0 
197 0 4 9 7 8 8 1 2 6 1 
216 8 6 6 1 7 6 1 2 6 3 
216 7 0 8 1 1 2 8 0 3 5 
225 3 0 6 7 2 3 9 4 8 5 
284 9 2 9 9 3 2 6 0 6 8 
10
143 1 5 4 3 2 5 2 7 2 1 
151 3 4 4 7 1 3 2 3 5 0 
186 4 0 0 8 8 2 4 1 2 6 
192 1 9 4 0 2 0 9 9 6 1 
223 2 9 0 8 2 7 8 6 9 8 
228 0 9 3 3 8 8 8 1 6 8 
232 2 5 6 6 7 1 7 7 0 3 
235 4 4 9 5 6 0 4 6 6 3 
251 7 6 8 3 5 3 0 1 7 6 
292 7 6 8 3 3 7 9 5 3 7 
10
155 1 3 7 3 3 5 0 6 1 1 
186 1 8 4 0 9 2 4 7 8 1 
194 4 3 9 2 4 2 0 0 1 9 
195 0 4 3 2 9 1 3 1 7 9 
204 8 9 2 6 0 5 6 1 5 0 
209 1 3 7 6 3 2 3 3 1 9 
232 8 4 1 6 2 2 2 3 4 9 
243 4 2 7 2 4 4 6 5 8 8 
257 7 9 6 4 8 3 5 2 9 2 
287 9 1 9 1 8 5 7 9 9 3 
10
132 0 6 0 5 0 1 2 5 3 4 
174 4 4 0 3 8 7 6 0 3 6 
195 0 2 7 5 2 2 4 3 9 9 
204 4 8 3 0 0 7 0 8 8 9 
212 2 7 7 4 9 5 5 2 0 5 
224 7 3 6 2 5 4 3 8 6 4 
226 2 1 6 5 9 6 4 4 4 6 
243 1 9 9 7 2 9 4 8 9 1 
276 7 7 8 3 3 8 7 1 6 9 
313 7 9 6 9 7 4 6 6 1 7 
10
146 0 8 1 0 7 0 9 2 8 0 
156 6 3 2 4 0 7 3 0 4 3 
173 1 4 0 4 8 7 8 4 4 4 
181 4 2 1 1 4 3 2 3 8 8 
182 7 1 6 3 0 2 9 0 4 1 
189 2 1 4 6 1 2 8 4 3 5 
198 4 8 5 0 8 1 1 3 6 5 
256 9 7 6 3 2 6 7 0 4 9 
269 5 2 8 1 8 0 7 9 1 8 
290 7 4 4 3 7 5 7 4 8 9 
10
81 0 4 1 1 0 7 2 6 3 1 
153 3 2 2 9 1 4 8 2 6 1 
181 4 5 2 5 0 7 7 6 4 4 
184 8 9 0 2 5 2 4 3 2 2 
187 1 8 0 5 2 1 9 5 2 9 
201 1 1 9 0 4 2 8 8 5 5 
210 8 3 0 4 7 9 5 7 0 6 
216 7 3 0 7 8 9 1 8 5 3 
238 8 3 5 9 9 0 4 4 3 1 
275 3 3 9 9 3 4 8 0 7 9 
10
141 0 7 4 0 9 1 1 3 0 3 
144 0 8 5 3 0 0 5 4 2 1 
170 0 3 5 5 8 3 2 7 5 1 
189 1 1 0 7 8 8 1 9 9 4 
198 3 5 3 7 5 9 9 0 6 5 
205 0 3 8 6 3 7 2 8 4 4 
212 0 7 8 8 0 3 1 7 6 3 
224 2 1 9 5 3 6 8 2 4 6 
269 9 0 5 9 8 5 2 1 7 7 
273 4 4 9 4 3 3 9 9 6 7 
10
150 5 0 2 0 7 5 6 0 1 3 
156 1 7 4 9 0 9 9 0 3 0 
162 0 7 0 3 6 5 3 3 1 7 
164 4 5 4 5 2 2 5 3 0 4 
197 1 9 8 2 8 7 3 4 0 0 
215 0 6 8 5 4 8 9 1 3 4 
251 9 0 8 3 9 1 0 3 1 9 
263 8 9 0 8 8 4 8 8 4 0 
276 5 9 9 1 6 0 7 7 5 2 
286 9 5 9 9 6 1 4 5 2 3 
10
131 2 0 1 3 3 4 8 4 1 2 
142 3 2 3 1 6 0 6 1 3 1 
175 6 4 7 0 2 3 0 6 3 2 
189 5 6 1 5 8 6 3 1 2 6 
192 0 8 5 9 0 9 9 0 0 4 
228 7 7 0 0 6 4 8 6 6 7 
247 7 4 8 2 7 7 7 5 8 1 
249 7 1 8 1 8 0 5 0 4 8 
252 9 8 0 2 4 8 3 6 4 9 
261 4 7 7 4 7 1 3 6 6 6 
10
76 1 0 0 1 4 1 0 1 9 0 
138 0 9 0 3 5 1 9 0 3 4 
138 3 3 2 2 7 9 1 8 1 2 
177 3 8 2 3 5 4 2 7 0 4 
220 5 6 8 8 5 1 2 0 0 6 
222 5 6 5 1 7 1 5 6 6 4 
225 5 4 7 9 5 8 2 1 5 5 
233 2 2 5 8 9 5 5 6 7 6 
245 7 5 6 9 8 3 5 2 2 4 
248 3 8 4 6 1 7 8 9 6 7 
10
140 0 1 4 1 1 0 5 0 4 7 
199 4 8 5 1 9 9 3 5 1 4 
208 7 8 2 1 5 9 3 0 7 4 
216 2 6 6 5 7 4 1 2 8 8 
220 2 5 3 9 9 7 3 8 1 3 
225 5 4 5 9 7 6 6 1 1 2 
232 6 6 7 6 7 2 3 2 1 5 
238 6 0 5 4 4 4 8 7 8 6 
265 3 7 9 1 5 8 8 4 5 7 
267 6 8 8 1 1 1 9 7 6 4 
10
160 3 1 1 1 2 1 2 9 9 5 
194 7 0 0 2 8 6 6 3 1 5 
206 4 0 8 4 0 1 7 8 3 2 
209 7 5 8 0 0 1 6 8 3 2 
211 0 0 8 4 9 6 4 9 5 3 
215 4 1 3 5 9 4 1 3 7 9 
236 5 0 9 5 8 6 5 7 4 3 
243 1 3 7 3 8 4 7 5 9 9 
259 6 4 9 3 2 8 9 1 5 5 
304 5 9 9 6 4 9 2 6 9 7 
10
169 4 3 5 0 0 4 3 5 7 5 
183 2 9 0 8 8 5 0 6 5 1 
195 5 4 5 7 7 3 3 6 0 0 
205 9 3 3 8 6 1 2 0 2 1 
215 5 9 1 6 4 0 0 7 5 5 
229 2 6 3 2 9 1 4 4 5 9 
230 4 8 5 8 7 1 6 0 1 4 
233 7 3 1 5 1 4 7 5 6 9 
251 8 6 7 5 9 5 0 8 5 0 
256 7 2 6 1 6 8 7 6 3 6 
10
127 0 0 2 6 1 4 1 9 4 3 
182 3 4 4 1 6 4 3 6 8 1 
191 0 5 6 3 0 2 2 8 2 7 
194 1 7 0 5 6 8 2 2 9 8 
203 2 7 0 7 6 3 4 3 1 8 
205 6 1 5 6 7 5 8 3 2 2 
230 3 7 8 3 0 2 8 7 6 5 
258 6 6 4 2 8 6 8 6 8 2 
265 9 8 2 8 8 2 4 6 2 4 
316 9 8 3 0 7 7 8 9 9 9 
10
205 2 0 6 8 5 0 0 1 8 7 
210 2 9 6 3 3 0 2 3 7 7 
211 9 6 5 1 3 3 3 4 6 1 
212 4 5 0 2 5 3 6 1 9 9 
229 2 2 8 0 5 3 3 4 7 9 
241 1 8 9 3 9 6 3 8 7 2 
242 6 9 6 5 1 0 0 7 6 4 
243 9 5 6 5 3 0 2 8 0 2 
245 9 0 8 1 0 9 5 2 4 9 
251 1 5 4 9 7 0 9 1 8 7 
10
142 5 4 0 0 5 9 6 0 4 3 
152 6 3 0 5 3 8 5 2 6 2 
155 2 4 2 2 2 3 0 8 7 2 
166 4 1 1 8 7 2 6 7 2 0 
166 1 0 8 4 5 5 1 5 2 2 
175 7 4 0 4 3 6 3 8 8 0 
191 3 6 2 6 6 8 0 4 4 5 
223 8 0 5 5 4 3 0 4 8 8 
239 7 0 9 1 3 8 4 7 1 5 
257 7 1 6 0 9 2 1 6 5 9 
10
113 0 2 0 0 6 0 0 4 0 6 
162 2 2 2 4 4 9 4 4 5 7 
172 1 5 5 1 9 1 8 0 1 3 
237 8 2 6 5 0 4 4 5 7 5 
244 6 4 8 2 8 4 2 1 5 8 
248 6 5 9 8 9 7 0 3 0 6 
254 4 7 8 3 9 6 9 4 5 0 
319 8 9 8 8 9 9 4 4 5 6 
320 9 3 8 9 2 4 5 8 3 9 
352 7 7 8 6 6 1 8 9 8 9 
10
140 2 0 4 3 7 4 4 2 6 2 
157 2 2 2 2 3 8 1 1 7 8 
159 2 0 7 2 8 5 2 2 7 0 
170 0 6 1 7 3 0 3 9 3 4 
177 0 5 4 9 4 3 1 5 5 4 
203 0 7 8 0 9 9 9 4 2 3 
263 4 5 7 7 9 8 6 5 6 4 
266 7 6 8 5 3 4 3 2 8 6 
268 9 9 2 2 9 2 5 2 7 4 
290 6 4 6 8 9 9 9 4 6 7 
10
175 2 3 1 5 3 2 8 7 0 6 
178 1 3 7 8 8 8 7 1 1 1 
198 9 2 7 1 3 9 0 4 4 1 
202 0 7 4 6 4 0 1 4 3 9 
208 3 1 5 1 6 6 8 6 8 5 
229 5 3 2 2 9 0 7 9 9 4 
244 3 6 9 1 1 9 5 6 9 6 
263 0 9 9 8 3 8 8 6 5 4 
271 6 2 9 0 4 3 9 9 3 9 
297 9 9 5 4 7 9 6 8 8 3 
10
114 0 5 0 8 2 1 3 0 6 0 
161 0 6 7 0 4 4 1 2 2 7 
180 0 7 0 9 4 6 6 8 3 4 
204 7 9 1 9 4 0 6 1 1 0 
236 6 7 1 7 6 8 7 5 8 1 
241 4 9 8 8 0 7 1 4 5 7 
245 7 5 9 2 2 5 1 0 8 6 
258 5 5 9 7 0 1 7 5 8 5 
297 3 7 9 5 9 5 4 9 2 8 
298 9 4 4 8 8 6 9 3 6 4 
10
147 5 0 6 1 6 8 1 1 5 0 
149 3 1 0 6 2 5 3 0 8 5 
159 2 1 4 2 8 5 8 3 2 2 
160 3 2 7 6 7 9 1 0 4 0 
173 6 6 4 3 0 5 3 7 3 0 
186 6 6 4 5 3 4 0 4 3 1 
200 3 5 5 6 1 0 7 9 3 2 
217 7 0 5 0 7 8 3 7 2 6 
226 2 8 1 2 6 4 9 9 4 5 
229 0 6 8 8 1 5 4 5 3 9 
10
130 6 0 1 0 2 3 2 2 7 4 
134 3 5 0 8 8 6 2 0 3 0 
173 0 2 5 0 8 3 8 6 3 2 
183 4 2 3 5 5 1 2 5 7 3 
190 5 2 6 4 8 6 7 1 0 2 
194 4 2 7 5 4 5 7 1 3 1 
200 9 0 1 3 8 1 0 5 9 1 
214 8 0 3 3 6 2 0 4 4 7 
262 5 9 9 8 4 3 9 6 0 1 
328 7 6 8 7 8 4 8 3 9 7 
10
108 1 1 2 1 6 2 0 3 6 0 
116 4 2 3 6 2 6 0 1 2 1 
159 1 5 5 3 2 6 3 9 2 3 
167 4 5 6 2 2 1 5 4 5 1 
168 0 2 3 6 0 0 7 7 8 2 
182 5 6 4 9 6 3 1 1 3 1 
207 9 3 0 8 1 3 1 5 1 8 
233 6 7 5 4 0 9 8 5 4 3 
233 2 5 5 2 7 7 9 5 8 5 
306 8 7 4 5 9 9 1 8 6 8 
10
90 0 5 0 0 9 8 1 2 0 3 
172 4 3 6 5 0 1 0 7 5 3 
194 2 0 9 8 2 1 4 5 5 3 
203 3 7 7 4 3 0 0 8 1 4 
252 9 8 7 7 7 8 0 0 8 1 
266 9 2 5 3 8 4 9 0 3 9 
271 3 5 9 9 8 8 8 3 6 2 
272 7 8 6 2 5 8 8 5 8 5 
279 5 6 5 9 2 5 4 5 6 9 
323 8 9 7 6 5 1 9 4 5 6 
10
156 6 0 0 3 1 8 3 3 7 5 
184 0 5 3 1 4 6 4 9 9 4 
185 4 6 7 0 7 8 5 0 6 2 
206 2 3 8 4 5 1 7 9 1 0 
233 5 8 2 3 8 9 2 3 8 8 
246 8 5 7 3 3 5 6 2 1 9 
259 6 1 5 0 7 5 6 9 7 8 
275 9 4 7 9 4 3 4 3 5 5 
285 6 3 9 4 8 6 4 6 8 8 
300 9 6 2 7 7 1 5 5 4 9 
10
138 0 7 2 0 2 1 2 2 1 8 
141 2 3 2 4 2 1 6 3 0 6 
165 0 1 7 7 2 3 1 5 6 5 
188 2 1 6 7 7 2 8 2 4 0 
205 9 1 7 6 1 1 2 1 6 2 
219 3 6 5 5 4 9 1 7 1 6 
242 0 6 8 8 9 8 2 4 5 6 
243 8 0 0 5 7 4 5 5 6 8 
243 9 0 7 5 4 3 8 1 0 6 
269 6 7 7 3 9 9 4 6 2 8 
10
113 0 0 4 5 7 1 1 0 3 1 
172 2 9 0 9 5 9 0 4 9 3 
182 3 7 8 7 1 5 3 0 1 2 
200 4 3 0 0 8 9 9 4 3 9 
208 5 4 1 9 1 5 6 3 2 8 
211 8 2 0 6 4 5 1 7 3 8 
219 5 8 3 9 7 2 0 8 3 2 
221 4 8 5 1 3 6 9 9 3 0 
246 9 5 9 2 6 3 3 2 4 1 
250 3 9 8 4 3 7 6 3 2 7 
