250 15
1250 1250 1250 1250 1250 1250 1250 1250 1250 1250 1250 1250 1250 1250 1250
10
455 3 8 5 1 2 5 6 5 9 3 3 8 8 6 2
442 2 5 6 1 5 6 3 3 2 6 7 3 3 7 5
473 7 7 4 8 5 1 7 5 1 3 4 2 4 5 6
507 4 7 7 1 2 8 5 6 3 6 4 8 5 5 8
540 2 4 9 3 1 3 5 7 9 8 3 5 9 2 6
590 4 7 9 9 4 1 3 5 8 8 3 9 8 7 1
477 1 2 8 5 2 7 2 9 5 7 5 2 8 7 1
509 3 8 7 7 6 8 8 5 1 1 2 7 9 3 6
575 1 5 8 8 9 1 6 8 6 2 9 1 4 3 9
561 3 2 8 9 8 6 9 3 8 7 5 2 1 8 8
10
549 9 7 4 8 2 8 4 1 9 9 1 1 8 3 6
447 1 8 7 4 6 3 6 5 7 3 2 9 1 5 4
504 1 2 4 3 7 9 7 9 5 2 7 2 9 7 5
439 4 6 2 4 4 8 7 7 2 2 7 1 8 3 7
476 8 5 3 7 4 8 7 4 7 1 9 6 3 5 4
448 3 5 4 5 6 7 2 4 2 7 5 7 3 8 7
485 2 2 2 7 4 8 6 6 5 9 5 1 8 9 7
464 9 6 5 8 2 7 2 1 3 6 4 3 2 9 8
466 1 4 4 3 2 2 7 8 7 4 2 4 9 9 7
439 8 5 2 1 1 6 4 7 2 7 1 7 6 7 5
10
379 3 7 9 3 2 5 1 4 3 7 1 6 3 1 1
452 3 4 3 9 4 1 9 2 4 8 8 5 8 4 1
602 4 9 9 9 7 6 8 7 3 3 1 5 5 8 8
332 3 2 1 2 2 2 6 3 4 3 5 1 9 1 8
416 2 6 1 4 5 4 4 9 1 2 2 5 6 9 9
426 3 6 5 4 7 8 6 4 4 3 4 6 6 3 2
586 5 3 7 5 8 5 5 9 2 9 6 7 4 9 6
441 6 3 6 6 2 8 2 5 3 1 6 9 9 3 2
452 4 7 8 5 7 2 4 1 1 5 3 4 3 3 5
506 7 7 8 6 1 1 8 2 6 9 4 9 4 5 2
10
540 6 5 7 1 5 9 2 9 9 7 2 4 4 8 2
461 7 5 8 7 3 9 9 1 1 3 5 4 7 8 2
319 1 1 6 8 3 3 2 2 5 2 1 6 1 4 7
546 8 5 3 8 8 1 6 6 7 2 9 8 1 1 8
533 6 4 6 9 6 3 7 6 3 6 7 6 8 4 3
392 4 1 5 1 1 6 3 4 9 5 3 8 4 3 7
602 7 7 8 8 7 4 7 7 9 5 1 6 5 9 4
520 3 8 8 4 3 8 5 6 1 7 1 7 9 9 3
504 3 3 8 8 4 7 7 4 8 9 1 1 4 9 8
493 9 6 6 7 1 5 7 3 9 1 1 9 8 1 4
10
543 5 3 5 8 9 6 1 2 9 3 5 2 6 7 9
466 7 6 5 2 2 6 8 5 9 1 1 4 9 7 2
542 2 3 6 8 3 5 4 4 4 9 9 2 9 2 8
429 3 7 3 8 4 3 4 5 3 7 1 6 2 7 2
516 8 9 8 4 1 6 7 1 2 9 2 9 3 3 8
386 1 2 7 5 8 5 6 3 5 4 1 7 1 9 1
513 9 7 9 9 1 1 4 1 2 3 4 8 5 5 8
597 4 6 6 7 8 8 5 7 3 6 6 9 9 5 8
576 5 9 7 1 8 3 9 5 6 8 7 4 1 4 8
421 5 1 7 3 7 4 3 3 2 6 9 3 3 1 4
10
419 2 6 5 7 8 5 2 3 1 4 2 3 7 3 3
435 9 1 2 2 2 9 9 9 8 6 5 2 1 6 6
399 5 3 1 4 9 5 1 1 2 5 7 7 6 7 1
449 4 3 5 5 7 2 5 4 7 4 1 2 5 7 5
513 7 2 9 2 6 1 6 6 5 5 5 5 3 1 9
440 9 5 4 2 8 9 9 1 1 5 2 4 6 3 2
430 5 6 5 4 5 4 7 2 6 5 1 8 7 2 2
464 7 1 2 6 6 9 8 7 3 3 4 7 4 5 7
569 7 3 1 4 5 8 9 9 7 9 7 7 7 8 3
412 3 3 2 5 3 9 8 4 5 2 5 8 3 3 8
10
395 1 4 7 4 6 7 1 4 3 7 2 4 3 6 1
563 8 3 9 8 2 4 1 7 7 8 5 8 5 6 5
535 6 2 4 4 9 7 5 7 5 7 7 5 2 6 8
497 9 7 6 2 1 4 6 2 9 2 7 1 8 4 5
465 8 1 6 6 3 2 5 6 8 7 4 2 2 3 6
568 6 1 3 8 7 7 5 7 9 8 9 6 5 6 7
521 7 7 9 7 3 8 6 5 5 3 9 9 1 1 7
483 2 9 6 2 2 2 6 8 8 8 4 3 1 9 3
496 7 9 2 3 8 4 8 5 5 1 3 4 6 1 9
530 3 9 2 6 8 5 8 3 6 5 7 4 7 1 3
10
451 2 7 4 5 6 3 2 4 7 2 3 8 4 8 7
523 5 2 4 2 8 3 8 1 8 4 9 8 8 3 9
553 9 8 9 3 7 8 8 5 1 2 1 2 9 8 8
495 4 1 7 7 4 3 1 8 4 3 7 9 9 3 5
420 9 2 1 3 6 1 4 3 8 2 4 3 6 1 5
561 6 3 9 3 3 9 5 7 5 9 6 9 4 6 9
567 5 2 7 8 6 4 7 3 7 7 7 9 5 1 9
552 8 4 5 5 6 2 8 7 2 2 9 7 5 9 6
497 8 2 9 9 7 4 1 1 1 7 3 4 4 3 9
495 7 8 7 8 4 3 1 7 2 1 2 7 4 7 9
10
501 5 4 9 5 9 7 8 4 5 1 5 6 7 2 2
474 6 9 3 9 1 4 1 5 1 2 8 3 5 9 3
447 4 1 3 6 6 5 4 5 6 7 3 2 5 6 4
457 1 3 5 6 7 6 5 9 8 3 5 5 5 1 1
497 6 1 3 2 8 4 6 3 8 5 7 9 2 4 8
684 9 6 9 9 8 5 9 8 3 5 8 4 7 7 8
426 3 2 4 4 5 9 3 9 9 3 2 6 3 6 2
556 9 2 5 1 9 7 8 8 3 3 4 9 4 8 9
618 3 4 7 8 9 2 1 3 8 8 8 9 8 2 9
487 7 2 8 9 2 4 6 5 5 3 3 9 6 1 8
10
447 7 4 2 9 2 7 3 3 7 5 2 4 9 7 4
385 9 1 5 4 2 7 9 2 2 5 5 5 3 2 4
423 6 9 6 8 3 3 7 4 3 2 4 3 2 4 2
491 7 5 4 1 7 4 7 5 6 4 1 6 7 4 7
348 5 2 2 1 6 7 2 6 2 3 4 9 2 2 3
440 1 1 4 4 9 4 3 7 4 9 4 7 4 3 2
600 6 8 6 9 8 6 5 9 2 9 6 1 5 7 5
464 9 1 5 1 5 6 9 5 4 7 2 9 4 6 5
481 8 1 2 8 9 1 2 2 9 6 5 7 3 9 2
518 1 7 7 3 9 7 1 3 2 5 9 1 3 4 9
10
550 3 8 9 6 7 4 9 4 3 1 5 8 6 2 8
524 2 5 7 2 7 3 7 2 9 7 3 8 6 5 8
559 7 7 5 2 2 1 7 7 2 6 8 5 5 8 9
425 6 5 3 4 3 5 2 3 6 3 7 2 6 3 6
423 7 2 2 7 5 4 6 3 6 6 6 3 1 5 4
479 7 9 1 5 6 3 4 3 8 3 4 3 3 4 8
434 5 5 6 8 6 7 4 3 2 3 5 1 8 3 1
543 3 9 8 2 4 7 3 7 2 6 7 6 7 7 6
566 8 4 9 5 1 2 1 8 4 9 9 9 3 2 8
430 3 1 2 2 6 2 7 3 4 9 5 7 8 7 1
10
432 3 1 4 6 8 2 2 7 2 6 9 7 2 7 2
637 5 6 9 7 9 7 4 7 9 4 8 9 2 8 3
427 1 6 2 2 6 3 5 2 3 7 6 5 9 1 2
552 7 4 5 9 3 1 8 8 7 5 3 7 7 1 8
479 8 6 4 1 2 5 1 3 8 4 1 5 6 8 8
441 8 4 1 7 5 9 9 4 3 6 8 4 3 2 4
396 4 1 1 6 1 7 8 4 6 6 9 8 1 8 2
582 9 4 8 3 9 8 9 1 4 9 2 4 4 9 7
492 5 8 3 2 2 9 2 3 6 4 8 5 7 2 9
484 1 2 6 7 5 8 6 9 6 2 7 5 3 9 9
10
555 9 3 9 5 5 4 7 1 6 9 8 8 1 9 3
581 2 7 9 6 2 3 3 9 9 7 4 5 8 6 4
512 8 2 3 6 1 1 3 6 9 6 9 8 7 9 4
554 9 8 7 2 5 3 6 7 3 4 9 8 7 5 1
464 7 6 2 7 3 4 8 6 1 8 8 7 3 5 1
652 5 7 9 9 9 1 4 4 7 6 8 4 8 6 6
374 4 4 4 2 1 1 5 1 4 1 6 5 4 8 9
523 4 4 8 8 1 1 4 9 9 3 2 3 9 1 9
446 2 9 1 8 4 4 7 7 3 7 2 5 3 6 4
551 9 6 6 6 4 2 9 8 9 6 4 7 2 2 2
10
408 6 3 2 3 6 3 8 5 4 1 3 4 7 3 7
519 6 8 1 8 5 7 3 7 8 4 8 8 3 4 2
612 9 9 2 7 6 5 5 3 5 5 6 5 9 9 8
559 4 7 8 1 8 5 2 9 6 9 5 8 4 7 1
403 2 8 3 8 3 1 7 2 5 4 8 1 1 6 1
361 5 1 5 3 1 4 2 3 3 6 4 7 7 3 3
531 5 3 7 4 7 8 1 9 4 5 9 1 4 2 5
494 3 4 8 3 5 2 5 3 3 9 5 3 8 6 2
495 9 7 3 3 4 6 6 6 3 6 4 9 6 1 4
558 8 5 3 4 8 8 8 2 7 9 6 2 3 6 9
10
386 1 3 1 4 6 1 5 9 4 2 2 7 4 6 4
471 9 5 7 4 5 3 7 9 2 1 1 9 2 7 7
565 9 9 7 1 7 4 7 5 8 2 8 5 3 2 4
409 9 1 1 4 3 6 6 1 6 7 1 1 9 9 4
489 3 7 3 8 3 1 2 9 3 7 2 4 9 1 6
413 3 9 8 7 1 8 6 2 1 6 1 4 4 5 2
459 7 6 4 2 2 4 3 4 6 5 8 1 5 7 3
433 3 5 7 1 7 7 5 2 2 3 2 8 5 3 9
434 2 2 9 4 8 3 8 3 7 2 1 3 8 5 2
580 9 5 9 6 3 7 8 7 2 2 5 6 9 5 7
10
431 5 3 6 2 5 8 7 1 9 1 5 1 7 4 1
346 3 5 2 5 2 1 5 1 6 6 4 2 3 4 3
365 2 3 2 3 3 6 3 3 2 6 7 6 4 6 7
574 8 9 7 5 4 7 4 2 8 8 5 2 6 6 5
503 5 5 1 6 8 4 7 9 4 1 5 5 8 3 6
604 4 5 7 9 6 1 9 9 5 6 9 8 1 8 9
510 3 3 7 2 9 6 6 6 1 3 7 9 8 2 4
442 4 2 4 3 8 6 3 4 4 7 1 5 3 5 8
434 1 9 2 7 4 7 7 4 1 2 5 3 9 3 2
629 7 6 9 5 7 4 9 3 2 5 8 9 9 5 7
10
357 1 3 1 2 4 5 1 2 9 4 9 9 2 8 1
461 9 8 1 6 3 2 7 3 2 4 2 5 7 6 4
508 3 2 7 8 5 8 8 3 9 5 8 8 4 3 6
383 9 3 1 5 4 4 4 5 1 8 3 3 4 5 2
472 6 7 6 7 6 3 8 4 1 4 3 1 3 4 4
383 3 3 2 7 4 6 1 5 3 6 3 2 7 5 2
372 1 2 5 4 6 9 5 9 6 2 1 6 2 3 4
618 3 5 6 6 8 5 6 4 5 9 5 2 9 9 8
504 5 3 7 2 9 6 4 8 2 4 3 3 8 3 3
494 9 5 7 2 3 2 5 7 9 3 4 9 1 7 6
10
488 2 8 5 6 8 2 9 1 8 2 3 4 6 9 2
457 8 1 1 6 8 9 8 2 9 4 4 5 5 3 2
325 4 1 1 1 5 6 1 1 1 5 4 5 4 9 5
520 5 6 6 1 3 2 9 4 8 8 6 6 3 5 6
513 3 4 6 4 2 3 5 7 5 3 8 8 9 8 2
454 3 9 4 9 4 5 8 5 1 6 9 1 3 1 1
518 2 3 7 4 4 9 7 6 8 8 5 1 3 9 5
625 8 2 9 4 8 1 3 2 7 7 7 4 9 8 6
544 6 1 6 9 6 4 8 2 9 7 6 1 7 5 7
443 3 6 7 8 2 4 1 1 6 5 2 7 6 7 2
10
499 3 6 6 1 8 2 4 9 7 5 3 3 4 9 2
416 1 4 2 1 4 7 9 9 7 1 4 8 4 1 9
514 6 5 8 5 7 4 1 5 1 5 7 3 5 2 7
509 7 1 6 4 8 6 6 8 3 5 7 2 3 6 7
463 8 1 3 8 1 3 9 5 6 3 3 9 7 9 3
454 6 3 9 1 6 4 4 1 6 9 2 1 4 4 6
467 5 7 8 3 9 4 4 5 3 2 5 1 1 8 5
501 3 6 5 6 2 4 6 5 1 7 6 2 9 6 8
494 7 2 5 5 8 3 6 5 4 2 7 9 5 2 5
508 5 8 8 9 2 7 5 4 7 5 2 2 5 2 9
10
480 6 3 6 9 2 2 4 7 7 4 3 3 7 3 6
446 1 3 6 4 2 2 7 2 7 7 6 5 1 9 8
503 1 3 1 9 2 6 7 8 4 4 9 6 9 5 8
561 9 7 5 6 7 6 6 6 7 9 1 6 3 4 6
540 8 6 9 2 3 6 6 8 8 6 4 9 3 4 1
622 9 2 9 9 7 6 8 7 7 3 4 3 6 7 9
476 4 5 6 2 1 1 8 7 2 8 7 2 8 8 3
413 2 1 1 9 5 4 1 1 8 8 6 7 5 3 3
468 4 6 4 4 7 6 4 7 4 8 4 2 1 8 2
593 9 4 9 3 9 5 9 8 8 2 2 8 6 8 3
10
492 4 7 5 1 5 2 6 6 7 3 4 6 4 8 7
511 9 8 6 4 8 1 9 1 2 7 9 6 2 3 2
457 8 8 3 3 1 1 8 1 2 8 1 1 7 9 5
553 7 8 4 9 4 7 9 9 3 9 6 6 1 7 2
590 7 6 1 4 8 1 9 9 6 6 4 9 7 9 8
539 7 2 8 9 1 4 5 9 4 2 9 7 6 6 4
376 5 1 9 4 2 2 8 6 4 5 2 7 2 4 1
341 4 9 1 6 1 8 7 2 1 7 1 4 4 3 1
506 8 3 8 1 2 8 8 3 8 9 3 2 5 4 8
557 6 5 1 8 8 9 3 8 6 9 3 9 6 7 3
10
451 1 4 5 2 2 2 9 5 3 8 4 3 9 9 8
534 4 9 8 7 6 5 2 4 2 4 6 9 1 4 7
484 6 1 2 6 2 4 4 4 5 8 6 8 9 3 7
469 8 7 3 4 1 6 3 1 7 2 5 2 8 1 9
465 4 1 7 4 6 7 4 4 2 2 7 6 3 9 9
597 9 5 9 2 9 2 6 7 2 4 2 8 9 1 8
310 1 1 2 2 2 6 8 1 4 8 4 2 2 2 5
458 2 3 8 2 4 8 3 9 8 2 6 5 6 5 1
449 3 7 2 3 4 8 1 6 4 8 7 5 2 1 6
499 6 4 4 5 3 6 6 7 1 7 5 5 7 1 8
10
468 3 8 2 3 3 6 8 4 4 8 6 9 4 6 2
524 5 9 7 8 5 2 8 3 8 3 5 9 1 7 2
394 1 2 1 2 4 7 4 7 6 9 6 2 3 5 2
604 6 9 2 8 9 9 3 2 9 4 6 9 7 8 3
520 6 7 4 4 9 7 7 3 6 3 9 7 2 4 5
462 1 3 6 3 3 4 1 8 3 7 8 7 7 2 8
525 3 7 3 6 8 1 3 3 8 1 9 6 7 7 5
564 9 2 3 8 9 5 1 4 8 9 1 6 6 7 3
475 4 5 6 6 2 4 1 3 9 7 3 5 7 7 4
370 3 1 4 9 3 1 4 9 3 1 5 3 3 6 1
10
508 1 7 4 7 5 5 4 1 5 6 3 2 9 6 9
590 9 8 2 7 7 3 1 4 6 7 6 5 6 9 5
487 6 8 2 3 8 3 7 2 9 4 2 3 5 3 6
528 5 4 4 8 2 4 9 6 8 9 7 3 5 1 5
566 5 3 4 7 9 6 9 5 4 5 8 7 5 5 8
590 9 8 4 7 9 4 6 4 2 5 7 1 9 4 6
573 2 7 5 4 9 3 6 6 3 9 9 1 9 2 4
404 8 6 4 8 3 8 1 1 1 4 2 6 1 6 5
496 4 3 1 4 7 8 8 5 5 7 9 6 2 4 8
585 7 2 6 6 9 8 6 8 9 7 5 2 5 1 4
10
409 3 2 7 7 4 4 3 2 1 6 8 1 3 8 6
379 1 3 8 9 4 4 3 3 5 1 4 2 2 5 6
587 6 4 6 7 7 6 9 8 3 6 9 9 7 8 3
459 7 5 3 6 1 7 3 7 9 6 3 9 5 4 2
557 5 9 4 1 8 2 6 8 1 7 6 4 8 5 4
408 3 5 9 1 1 1 3 6 2 3 6 7 3 6 3
525 7 7 2 9 8 5 3 7 2 7 9 7 1 1 1
527 1 7 5 3 6 6 6 6 9 4 5 7 6 5 4
481 8 8 3 8 1 5 5 4 2 3 8 2 4 9 3
574 9 8 7 4 4 7 3 5 7 3 4 5 7 9 7
10
517 9 2 9 7 6 3 9 9 4 3 2 6 3 2 7
500 1 2 4 8 4 6 2 6 8 9 8 2 8 9 3
621 8 6 7 8 3 5 1 9 8 3 3 7 9 9 8
582 1 5 8 7 7 7 5 4 2 8 8 5 8 8 8
450 3 8 5 5 2 6 7 2 9 4 5 1 7 6 1
557 9 8 8 5 4 7 7 3 1 3 9 3 6 7 7
466 1 1 9 9 5 4 4 6 3 7 5 2 1 9 8
478 6 9 4 9 1 6 7 6 5 2 4 2 7 2 5
567 8 8 7 6 2 6 7 1 6 6 2 9 9 3 6
400 6 5 4 4 1 6 5 3 4 2 7 8 4 1 6
10
484 6 7 6 2 3 9 7 6 1 1 8 4 7 6 4
475 8 1 6 4 5 1 8 2 8 1 7 9 5 3 8
438 1 9 9 9 2 5 7 9 6 1 2 3 1 2 3
598 7 2 7 9 7 5 5 8 9 1 9 8 3 7 9
464 5 5 9 4 2 9 4 5 1 2 7 1 8 6 1
566 5 8 3 5 6 8 2 9 3 8 6 4 8 5 2
477 2 2 5 5 4 3 6 9 6 5 2 3 9 7 8
546 6 2 9 3 5 6 9 9 8 7 9 1 1 1 7
503 1 9 2 8 7 3 8 9 4 7 4 2 8 3 2
488 3 9 1 4 9 7 5 8 5 2 1 9 6 5 5
10
477 5 5 6 3 5 3 1 3 9 7 3 5 8 1 3
543 3 1 6 5 8 9 8 7 8 9 2 7 7 3 8
459 2 4 5 8 8 3 4 3 7 1 9 6 1 8 5
482 4 3 5 6 9 7 3 4 4 2 6 9 8 8 1
369 2 4 1 3 7 6 2 1 3 3 6 3 5 6 6
544 9 3 9 9 8 2 6 6 3 4 5 1 4 1 5
506 6 1 7 4 2 6 5 6 4 6 8 1 7 9 7
513 4 5 5 3 5 2 4 5 7 2 8 4 9 3 8
531 7 1 9 1 5 4 7 6 4 4 8 7 3 7 7
571 9 1 9 9 9 4 8 9 6 3 6 6 1 3 4
10
485 3 5 4 4 8 8 2 3 5 8 9 4 4 3 6
390 1 2 7 7 9 2 4 2 1 1 1 5 9 6 2
490 5 9 3 6 5 9 5 4 3 2 5 9 9 6 4
521 8 5 6 1 6 2 4 9 4 8 6 3 1 5 7
528 7 7 7 1 3 9 9 1 8 5 8 5 8 5 1
516 2 5 9 3 5 8 6 6 1 5 7 7 2 7 8
480 3 4 7 4 5 6 9 3 9 6 6 9 3 3 5
571 2 6 5 6 5 5 9 2 8 9 6 1 8 4 9
510 8 4 3 4 5 4 2 7 4 6 4 8 7 5 9
419 1 2 6 4 2 7 9 5 1 9 7 5 9 1 1
10
519 2 9 3 3 3 4 1 2 5 9 9 8 3 7 8
527 3 9 9 5 1 3 6 8 6 5 8 9 4 2 4
482 4 6 6 7 3 8 5 4 8 5 8 3 5 4 2
617 9 6 7 4 5 6 5 8 9 7 3 4 4 6 8
578 9 7 6 3 3 6 2 4 3 6 8 2 9 9 7
412 5 6 1 7 7 7 4 2 6 1 1 7 2 9 3
589 8 7 5 4 4 5 1 6 9 9 2 4 9 6 5
487 8 3 3 2 8 3 9 1 5 2 7 7 7 5 9
472 6 6 9 4 9 2 7 2 2 2 1 7 4 5 3
487 3 3 9 4 3 6 3 5 7 9 1 4 9 6 3
10
565 7 8 6 1 9 3 1 3 7 4 8 2 8 1 7
450 9 6 8 4 1 5 1 9 4 2 7 2 2 5 1
401 9 2 3 5 9 6 6 1 1 1 3 3 5 4 7
468 5 2 9 1 5 7 8 9 2 7 4 2 2 4 6
535 5 7 7 6 5 8 7 8 3 1 9 6 3 6 8
457 1 8 3 7 9 1 1 1 2 9 5 3 3 8 6
403 9 4 2 1 3 3 7 3 3 7 2 4 2 8 5
445 7 5 7 3 2 3 3 7 3 5 6 4 2 2 8
398 4 7 1 1 2 3 6 6 1 8 4 6 2 7 3
423 6 2 4 6 7 5 6 2 1 6 1 9 2 6 8
10
448 2 5 1 1 9 6 6 7 9 2 3 1 9 4 3
399 2 6 6 4 2 3 2 2 7 8 1 7 4 5 3
552 5 1 6 6 9 7 1 7 7 9 5 8 6 2 7
420 8 2 4 7 3 3 1 5 1 6 1 6 6 6 1
489 6 4 6 3 6 6 1 7 5 7 1 1 8 4 3
489 7 4 3 5 6 9 1 2 6 4 9 8 7 5 3
516 2 6 9 6 8 4 4 6 3 6 3 1 4 7 4
550 7 3 7 5 6 6 3 9 7 5 7 8 4 5 2
477 4 8 8 3 3 1 7 5 1 8 2 4 3 5 6
413 3 6 5 4 3 6 1 4 2 2 7 6 2 9 4
10
496 2 4 2 7 3 2 6 9 6 8 4 8 4 5 7
512 6 9 8 9 3 9 3 7 4 3 1 1 5 7 6
500 4 8 5 2 1 9 1 9 7 3 3 3 8 9 9
405 7 2 7 4 2 9 1 1 7 3 2 7 4 9 3
476 3 2 9 6 2 8 8 3 1 6 7 2 6 3 9
512 5 9 4 6 2 3 4 8 1 6 9 8 8 1 3
495 1 7 6 1 2 8 3 8 5 5 7 7 8 5 4
577 6 8 7 8 8 2 6 1 3 6 5 5 6 9 7
487 7 8 2 4 2 8 1 3 5 9 4 5 4 4 7
265 3 4 1 1 2 5 2 2 5 2 1 7 1 1 8
10
407 1 8 4 1 4 3 4 2 6 7 4 6 5 1 2
512 6 1 8 8 5 1 9 5 4 2 6 2 8 9 3
477 8 2 3 1 9 3 4 3 4 8 4 3 2 9 9
609 9 9 8 8 2 3 7 6 5 3 7 7 8 6 6
475 6 6 1 9 2 7 3 9 5 4 1 9 7 4 7
547 7 9 5 4 1 1 6 6 6 4 7 3 7 7 9
437 3 5 7 5 4 7 8 1 3 3 2 4 9 3 5
517 7 3 3 2 5 2 7 9 7 2 3 8 9 9 3
510 1 8 3 7 7 4 7 2 3 3 9 5 7 9 6
413 4 2 1 4 1 9 3 9 1 4 7 8 5 3 9
10
606 6 5 9 5 1 6 5 7 9 9 1 8 9 8 5
464 1 3 7 7 4 3 9 5 4 3 1 2 8 4 9
570 2 9 5 7 9 8 8 6 1 9 4 7 4 9 8
504 2 7 7 6 4 2 2 5 9 7 5 2 2 9 3
427 7 9 5 5 2 3 8 7 1 3 5 8 1 2 3
513 2 3 8 7 5 6 6 7 4 5 8 1 5 7 3
421 5 2 6 5 6 8 9 3 3 9 1 2 1 2 5
462 9 1 2 9 3 5 4 4 3 8 7 3 2 9 7
410 3 6 3 4 4 9 4 3 8 3 1 6 5 7 2
607 4 9 8 7 5 4 1 9 9 9 2 3 9 7 2
10
558 1 5 7 9 9 9 4 4 8 8 1 1 3 7 9
278 1 2 1 1 5 1 1 1 6 1 8 2 1 3 7
455 2 2 9 3 4 5 1 1 2 4 9 1 8 3 9
345 1 7 1 1 7 4 4 1 5 2 7 2 3 4 5
568 6 6 1 5 7 3 9 7 8 6 6 7 6 3 8
525 9 3 4 7 3 5 4 5 7 7 5 3 7 4 3
559 4 5 4 5 9 5 9 4 9 1 9 1 8 8 4
477 8 4 8 5 9 7 3 1 7 4 4 2 2 4 2
649 3 9 9 1 2 7 7 7 7 8 9 5 9 5 8
386 4 4 2 5 3 7 3 4 4 1 5 7 8 3 2
10
537 2 8 5 1 8 5 6 8 1 6 5 9 7 4 8
480 2 8 6 1 9 8 2 3 5 7 2 7 9 1 2
433 8 1 2 5 3 1 2 9 8 2 8 1 3 8 1
481 6 7 5 4 8 2 6 4 4 1 3 6 1 7 7
391 1 3 3 1 1 6 6 5 3 8 6 4 3 6 7
405 5 6 1 7 2 4 7 5 6 1 5 8 7 2 3
614 8 4 5 7 9 6 5 7 5 9 5 7 9 1 4
459 5 4 3 1 5 3 8 9 7 9 3 3 2 7 1
495 9 6 8 3 2 4 7 1 9 4 4 5 1 4 9
436 5 5 3 4 9 2 4 3 4 2 3 4 6 6 4
10
494 5 7 5 3 7 9 5 3 4 9 5 6 3 3 4
480 3 9 6 3 1 4 3 5 9 1 4 3 8 6 6
385 2 9 1 8 4 6 1 2 4 5 7 2 1 2 2
545 6 8 8 8 8 4 1 8 3 5 2 6 2 2 6
513 2 5 9 6 4 5 6 6 5 5 6 2 6 5 6
545 2 9 4 6 6 6 8 9 3 4 8 6 6 1 7
462 4 2 2 5 7 8 9 8 5 4 9 6 2 2 8
499 6 4 6 9 7 5 3 4 4 3 4 6 6 8 5
502 3 8 6 4 4 7 1 4 7 7 8 9 1 3 6
482 5 7 9 2 3 2 1 2 4 6 9 1 9 2 1
10
425 1 5 8 5 5 8 5 9 1 1 1 5 4 3 6
552 7 2 6 9 2 1 2 6 8 6 5 9 7 7 7
488 6 8 8 2 6 1 8 3 6 6 1 1 2 6 6
470 7 2 5 5 7 9 7 9 8 1 1 8 6 2 1
535 3 7 6 3 3 2 9 4 7 8 7 1 4 9 7
356 2 1 3 2 4 1 3 1 4 2 2 4 8 7 9
449 9 3 8 2 3 1 4 4 3 5 8 8 4 1 4
491 3 5 7 4 9 6 7 5 8 4 1 8 2 8 5
486 1 9 1 7 1 3 4 9 7 5 9 7 4 4 5
430 5 8 1 3 8 8 4 1 1 3 5 5 6 9 1
10
411 3 5 3 1 3 7 5 5 8 1 9 5 3 3 6
469 7 9 3 3 1 5 1 7 1 7 6 1 7 3 3
469 3 9 6 8 8 2 1 7 1 1 1 3 2 9 8
406 3 2 3 3 4 2 3 8 1 6 1 9 9 6 4
604 8 7 9 2 2 7 1 9 9 5 3 7 7 2 9
476 5 9 1 1 8 1 3 1 5 4 7 3 5 9 7
401 2 1 2 3 9 4 9 4 3 6 7 1 3 6 7
382 2 6 5 7 1 2 9 1 5 2 4 9 3 1 5
443 6 1 7 2 6 8 7 4 2 5 4 3 6 7 6
409 2 1 9 4 3 7 3 3 3 3 1 5 4 7 9
10
540 1 2 7 8 9 4 1 7 9 7 1 6 9 2 4
507 6 4 7 9 4 9 4 1 3 2 6 8 8 4 7
426 3 1 7 8 5 5 1 1 2 8 1 7 5 7 7
561 8 2 8 3 1 3 5 8 3 8 8 7 8 2 9
567 2 4 2 9 8 2 2 9 8 9 8 6 1 9 5
547 3 5 9 5 3 6 3 8 3 6 2 2 9 9 6
633 4 4 9 9 8 4 4 9 2 9 5 5 8 9 9
432 3 1 2 5 3 9 7 7 3 5 9 9 8 2 4
419 1 7 9 3 1 2 1 1 8 4 8 4 2 1 2
401 6 2 8 2 3 5 7 3 2 2 9 4 4 3 1
10
506 9 7 1 3 7 3 9 4 9 1 7 1 8 2 3
444 2 2 4 2 9 1 9 2 8 9 1 5 7 5 1
458 8 5 2 4 8 9 1 2 2 5 6 6 4 5 7
456 8 6 3 6 7 3 1 6 8 2 1 6 2 5 3
522 5 3 7 3 5 6 8 5 7 6 3 3 7 8 5
432 6 1 8 6 5 2 6 3 9 3 1 5 2 3 6
430 6 4 4 2 6 8 1 8 3 6 6 2 3 1 4
478 9 7 2 1 1 2 7 4 4 7 3 9 8 1 9
511 4 7 3 2 2 8 9 9 4 2 4 9 7 7 8
469 8 5 8 9 4 2 8 2 2 1 4 8 3 6 5
10
538 5 2 4 7 8 4 6 6 4 7 3 4 5 9 9
466 1 7 8 3 5 4 4 3 3 7 3 1 7 7 7
460 7 7 3 4 4 9 8 1 1 6 3 2 9 6 3
500 5 1 4 8 9 9 4 6 9 1 4 5 9 2 4
527 2 7 6 8 6 9 5 6 6 1 3 7 8 3 9
402 5 1 1 3 7 5 4 2 5 4 6 7 4 9 2
446 8 3 2 5 5 4 3 6 4 7 4 9 1 2 7
456 3 1 8 5 3 1 7 5 7 4 8 1 3 3 5
428 1 9 6 2 2 7 5 2 8 8 9 5 1 3 1
397 2 8 1 8 5 7 8 4 1 3 2 2 8 8 2
10
427 2 4 5 8 3 6 9 8 6 8 4 1 1 6 2
475 2 6 2 3 6 3 2 9 2 8 1 8 4 4 8
449 2 5 4 8 3 2 2 7 5 5 3 1 5 9 9
444 5 5 9 2 5 7 3 8 1 5 3 1 2 1 8
514 9 2 3 1 8 6 7 3 8 7 4 3 9 2 2
449 5 8 6 6 2 3 1 7 7 3 5 5 1 3 3
480 3 2 9 6 5 9 4 3 6 2 2 1 9 6 5
523 7 3 5 9 1 8 3 6 8 4 6 5 6 4 7
569 9 5 1 7 4 7 1 6 2 9 9 3 8 7 7
414 3 2 7 4 6 5 9 1 9 4 3 7 4 1 3
10
492 8 9 4 7 2 5 5 4 8 4 1 5 2 8 3
577 7 9 8 2 7 3 8 8 4 2 4 9 7 2 9
397 2 8 5 5 5 8 6 3 3 3 2 3 2 5 3
487 2 1 4 9 1 7 2 8 2 9 7 7 7 7 5
459 6 7 2 8 2 4 8 5 5 3 5 1 5 1 9
368 2 8 1 3 6 4 2 8 2 1 1 8 1 2 7
520 4 5 4 5 7 2 2 1 2 9 8 1 6 8 9
484 5 5 7 6 2 3 7 8 9 3 1 6 6 1 2
405 1 1 3 1 7 5 9 8 5 8 2 3 2 7 3
510 2 6 9 3 8 1 3 6 4 6 6 1 1 8 5
10
459 2 4 6 1 5 2 5 7 5 2 9 4 7 1 4
444 8 4 4 8 1 1 9 1 6 7 5 5 4 7 1
402 5 6 1 6 6 2 9 3 3 3 2 5 4 3 2
472 8 8 9 6 1 9 6 5 6 3 1 3 3 7 3
533 4 7 4 7 1 5 4 1 9 5 4 7 9 7 7
469 7 2 7 8 2 5 9 1 3 6 6 5 4 3 7
529 9 2 4 7 9 9 3 2 4 8 3 8 6 1 8
693 5 9 9 7 8 5 6 9 7 4 8 5 9 3 4
459 4 9 5 5 4 2 8 5 2 3 4 3 2 8 4
459 4 8 1 4 1 4 8 6 5 6 9 7 2 7 2
10
537 2 2 9 6 7 1 5 7 9 8 1 5 6 3 9
433 7 9 1 8 1 3 2 5 7 1 3 3 8 4 2
451 7 5 5 4 2 9 9 2 2 1 7 4 9 1 6
429 1 2 2 8 3 6 4 8 4 2 5 2 8 9 6
448 8 1 4 2 8 4 1 2 2 7 6 2 1 8 8
417 9 3 5 5 4 2 3 1 2 5 2 5 5 6 3
398 1 8 5 2 1 3 3 4 4 5 6 7 2 4 2
435 5 6 5 2 4 4 7 5 3 3 2 7 8 9 1
369 5 4 2 8 2 4 4 1 2 6 3 4 4 3 8
498 2 6 4 9 9 6 8 3 5 9 2 2 9 2 2
10
441 7 1 9 7 1 5 8 3 6 2 6 8 2 5 8
511 1 9 7 7 6 4 4 2 4 7 6 4 7 2 3
509 3 4 6 3 3 6 7 6 6 7 7 6 6 7 3
509 5 6 9 5 3 7 5 4 4 9 1 1 5 8 3
531 2 3 3 2 9 5 1 6 5 9 7 1 9 6 9
519 7 9 6 6 5 2 5 7 5 3 2 4 4 6 4
370 1 2 5 2 2 6 9 4 2 6 4 2 7 6 2
498 8 1 6 2 8 7 8 6 7 2 7 9 1 5 3
355 1 1 5 6 1 3 3 3 8 2 7 4 4 8 3
419 6 3 7 6 2 7 2 2 4 2 3 7 3 9 9
10
541 7 2 8 1 7 3 7 5 5 5 7 3 9 3 9
465 1 3 2 7 2 7 3 6 5 7 8 2 8 4 5
519 6 8 9 7 6 7 2 4 2 9 3 1 2 7 5
518 5 8 5 3 6 9 5 9 5 3 9 4 2 5 3
460 6 3 2 8 7 9 1 1 6 5 7 2 5 7 1
490 5 4 7 6 8 5 8 3 4 1 2 3 6 7 7
503 7 1 7 9 6 1 1 2 3 6 3 4 9 8 2
492 3 8 8 9 7 6 9 4 6 2 1 2 4 3 2
552 9 8 8 9 6 3 9 4 1 5 1 9 4 9 1
461 9 6 5 3 4 9 1 2 8 1 1 9 5 8 6
10
553 1 8 4 1 3 5 2 9 3 9 8 7 6 5 9
316 1 2 4 2 2 7 3 1 2 7 5 4 4 3 7
443 2 4 4 2 9 9 6 4 5 8 6 4 1 2 5
358 1 1 5 6 4 6 1 6 6 5 2 1 4 5 4
406 9 5 3 2 7 8 1 1 2 4 4 4 4 3 2
392 5 4 3 2 1 8 9 1 2 6 6 9 4 7 4
380 1 4 6 5 1 2 1 9 8 4 1 9 1 7 2
399 4 2 6 8 9 6 5 1 3 4 3 1 2 4 4
515 7 4 5 9 8 7 5 4 2 3 5 6 5 8 2
615 7 5 7 9 4 5 7 9 4 7 6 4 7 7 5
10
521 8 7 3 1 5 1 9 3 9 2 5 9 7 2 7
573 8 3 7 3 7 7 2 4 3 9 9 6 6 6 4
348 7 8 1 1 3 6 8 7 1 3 2 2 1 4 1
378 5 3 2 7 8 8 2 3 9 3 1 2 1 6 1
347 4 2 4 4 6 5 2 4 5 4 1 3 2 5 1
450 3 6 4 7 6 4 7 5 2 3 4 5 8 2 6
412 2 3 5 6 8 5 3 2 4 1 5 8 3 3 8
489 1 4 7 6 8 5 9 2 1 3 9 9 8 4 2
521 2 9 7 4 7 6 9 3 5 3 3 3 7 7 5
506 6 8 2 6 7 6 9 1 8 4 4 1 6 4 4
10
425 8 3 5 1 4 6 2 3 5 7 3 2 9 1 3
387 9 1 4 6 3 4 5 7 1 1 3 6 6 4 1
478 6 8 4 9 5 5 1 8 5 6 1 4 2 4 3
554 8 9 8 2 1 7 8 1 5 7 4 8 6 1 9
448 1 7 9 9 1 3 4 1 6 1 6 9 4 7 5
451 3 3 2 9 2 3 6 5 4 7 4 8 6 5 4
469 7 8 1 8 6 9 3 3 2 7 4 7 4 2 3
525 2 9 2 6 2 4 6 9 8 6 5 4 7 5 9
532 4 2 5 4 6 6 7 6 4 7 9 8 3 2 9
476 7 3 2 7 8 9 2 4 1 7 7 6 7 2 5
10
413 5 2 8 2 1 5 2 6 1 7 4 4 6 1 9
593 9 6 6 2 4 6 7 5 9 9 9 3 1 5 6
442 7 8 4 4 2 7 2 6 3 7 1 3 3 3 4
371 8 3 2 1 6 4 4 4 2 2 6 4 5 5 3
522 1 2 8 9 8 2 6 7 4 2 9 7 8 7 1
489 6 2 4 5 5 2 2 8 4 8 1 4 6 8 8
399 2 4 1 4 8 9 3 2 6 8 3 3 5 3 4
425 6 1 1 8 8 1 3 2 1 9 6 2 6 7 2
652 8 9 6 9 9 6 2 2 7 8 1 9 7 8 7
465 7 2 8 4 4 4 8 3 1 3 6 5 8 7 4
10
522 3 9 8 6 8 9 5 1 2 9 5 3 5 6 2
432 4 8 6 4 1 5 5 5 6 2 5 3 4 4 4
431 5 1 1 5 2 4 3 8 6 7 3 8 4 6 8
608 9 6 3 6 8 4 4 4 4 6 9 5 7 7 8
415 4 1 5 6 7 4 7 1 9 1 2 2 7 4 6
382 9 2 1 7 2 3 1 3 2 1 8 1 3 9 8
489 5 9 1 6 5 2 9 4 5 8 3 1 9 2 5
409 9 4 4 4 4 3 8 7 2 3 2 7 3 3 2
380 2 2 2 5 5 2 7 3 8 2 8 6 2 4 1
575 3 7 8 9 5 9 5 6 4 7 8 2 9 5 3
10
405 1 6 2 4 4 1 1 9 4 1 5 1 5 7 5
459 8 3 1 9 8 1 8 3 6 1 5 5 3 8 4
533 7 5 2 5 2 4 7 7 9 1 9 9 6 6 5
419 3 8 2 3 1 1 2 5 7 8 2 1 8 1 1
423 3 2 1 5 1 4 6 7 4 6 8 6 3 6 9
477 8 1 6 9 3 7 6 2 2 6 4 9 3 5 9
590 5 7 3 9 6 5 4 8 8 9 8 6 5 1 6
466 7 7 7 3 4 2 3 4 3 5 4 1 5 4 7
483 9 3 5 4 4 7 3 2 6 9 6 4 6 2 5
488 4 1 9 3 8 5 7 3 2 1 5 6 9 7 4
10
532 6 9 5 7 7 2 8 3 3 7 4 4 8 2 3
559 1 9 5 6 5 1 9 4 8 2 5 4 9 5 9
489 9 2 7 8 2 2 3 2 5 8 9 9 3 7 2
585 8 7 7 5 9 9 9 6 5 4 8 9 1 7 3
381 8 8 2 1 2 5 4 1 2 2 8 8 3 2 1
544 3 8 8 9 4 6 8 9 3 4 7 1 2 9 4
642 9 7 5 8 7 8 6 3 9 5 7 7 5 4 9
353 4 2 4 4 5 5 1 2 2 6 3 5 4 1 2
504 5 5 6 1 8 6 7 5 2 2 7 1 9 5 3
447 8 9 3 4 8 5 7 1 3 2 5 9 2 4 1
10
442 2 8 6 2 1 2 9 1 9 4 8 8 3 3 2
475 6 5 2 2 5 9 1 4 6 7 1 7 7 9 4
557 4 6 9 3 9 6 6 4 6 3 2 5 4 9 8
498 3 7 1 1 4 3 9 2 4 9 8 5 6 6 8
489 8 7 1 7 4 9 6 7 7 1 9 6 1 5 5
470 2 4 5 4 7 7 8 3 9 6 1 6 7 2 1
557 4 3 8 8 7 1 6 3 8 6 4 3 3 7 9
524 7 2 9 8 8 7 6 7 3 4 5 2 3 9 2
508 3 9 6 4 4 5 7 2 9 6 6 8 3 5 1
522 9 7 1 9 8 4 8 8 2 5 6 4 2 1 9
10
568 8 2 9 6 4 1 3 6 5 9 6 4 5 2 7
527 9 9 1 8 6 9 1 4 3 5 1 3 8 8 4
323 3 4 1 7 1 6 4 4 9 4 2 3 2 2 1
392 2 1 7 5 7 8 1 2 4 1 9 4 3 7 1
447 1 8 4 8 4 4 3 7 1 6 6 2 1 1 8
536 3 1 5 5 3 8 7 9 9 9 5 7 2 5 9
506 2 3 8 5 6 7 1 7 4 9 2 3 8 9 4
508 3 7 8 4 7 1 6 4 9 5 1 2 9 1 2
558 8 5 9 7 3 5 6 4 9 6 4 7 3 4 4
398 2 2 8 5 1 5 8 6 5 1 7 9 3 3 5
10
493 2 4 5 9 8 7 2 4 8 7 1 7 7 1 3
383 6 3 4 8 4 8 9 2 5 3 1 1 4 4 4
378 2 4 3 5 7 8 4 4 3 8 5 5 1 1 3
487 8 4 2 8 7 5 9 5 1 2 5 1 7 9 7
460 7 8 2 4 7 3 5 9 1 6 7 8 1 2 1
441 8 4 6 8 5 1 3 3 2 6 3 9 1 5 2
440 4 3 5 9 4 1 7 1 5 5 7 8 8 3 1
682 4 9 8 3 8 7 7 5 7 9 6 9 8 4 8
592 8 9 6 8 2 3 2 7 4 7 8 7 5 3 4
578 6 6 7 5 9 1 4 9 5 3 4 8 2 8 6
10
451 8 8 2 3 2 4 4 2 2 5 9 7 6 1 5
481 3 7 7 6 4 3 9 4 4 1 5 6 8 2 5
556 8 4 5 8 9 3 6 5 5 6 4 1 2 4 9
517 6 6 8 5 9 8 5 2 1 3 3 8 3 7 9
486 7 4 8 5 6 6 6 5 5 1 2 6 4 6 4
528 1 9 6 9 6 7 5 8 7 1 2 6 8 2 8
466 6 4 7 3 3 2 8 6 8 1 5 1 8 6 3
659 9 8 9 2 6 8 2 9 7 9 3 6 2 6 9
487 8 4 4 8 9 7 2 5 6 1 5 3 4 3 2
424 5 3 4 3 5 6 4 4 2 4 7 3 9 1 3
10
394 1 7 6 6 2 4 1 4 8 2 6 9 3 2 2
506 7 1 6 7 8 4 9 7 1 9 4 8 1 5 1
496 6 5 1 3 6 8 9 8 4 2 7 7 4 7 8
450 2 1 7 3 5 1 8 1 6 8 8 8 3 9 5
561 8 7 5 1 5 8 3 8 6 9 3 2 8 3 3
565 7 8 7 9 3 4 3 2 8 8 7 2 2 3 7
523 7 4 8 1 6 8 7 9 4 6 4 4 1 8 4
404 2 2 1 2 2 2 6 9 2 3 7 6 9 9 4
418 2 5 3 6 1 5 8 2 1 7 6 9 4 9 3
534 4 5 1 7 6 3 4 8 4 6 4 9 9 7 7
10
339 4 1 6 1 2 3 3 7 2 5 6 6 1 1 3
470 3 4 8 8 2 4 8 3 9 7 3 5 2 3 3
490 9 4 6 1 2 9 1 8 3 7 6 4 9 7 1
594 8 6 5 8 9 8 4 1 5 6 9 9 1 9 9
443 2 8 4 9 5 2 5 2 6 7 2 2 2 2 5
502 6 8 4 3 6 6 5 5 7 6 1 7 1 9 8
512 9 2 9 9 5 4 1 4 7 2 3 7 5 4 2
406 4 9 2 6 7 2 5 4 3 6 4 4 2 1 2
481 1 8 9 6 4 9 4 4 1 4 5 1 7 6 4
552 2 8 3 8 2 9 3 6 5 7 9 4 6 7 7
10
475 1 7 9 6 1 9 4 8 8 1 5 4 4 8 3
498 1 4 1 8 4 2 5 7 7 7 8 5 7 2 4
448 7 5 3 5 5 1 4 4 6 5 3 3 2 3 6
612 7 7 8 8 3 4 3 8 9 6 2 7 7 3 6
549 6 3 9 7 9 4 7 7 2 3 9 7 5 2 3
521 5 7 3 6 8 8 3 6 4 6 4 8 7 1 1
500 8 9 8 3 7 5 4 1 1 4 6 2 1 2 7
540 3 4 3 2 6 2 7 9 8 5 7 4 7 4 8
396 5 1 1 5 3 8 9 3 2 2 4 8 9 2 8
599 2 7 8 4 8 6 6 3 8 6 5 4 7 9 5
10
383 4 8 4 1 2 2 7 4 2 2 5 8 2 3 4
554 7 9 9 3 6 1 9 3 1 5 9 5 2 5 9
523 3 1 8 7 7 7 5 9 5 2 6 8 6 8 4
505 4 8 2 3 8 3 6 4 6 3 5 9 3 6 8
580 6 1 9 4 8 8 2 7 9 5 6 4 1 8 8
396 8 3 4 4 3 2 6 1 9 1 5 6 3 2 2
417 2 1 5 2 7 6 8 4 5 7 5 4 6 7 1
506 7 9 9 2 3 5 2 2 6 5 2 5 8 1 1
522 2 7 9 8 5 3 7 4 2 5 4 3 8 4 9
525 9 9 2 1 5 1 4 8 6 5 9 2 2 3 7
10
404 1 5 4 4 1 4 3 8 6 2 3 8 6 6 7
405 3 6 1 7 1 8 1 5 7 5 4 5 1 2 7
422 2 9 3 4 5 4 3 4 1 1 8 7 7 2 6
401 6 7 1 3 1 1 9 3 1 1 7 7 6 7 5
496 2 9 4 2 2 6 2 4 7 7 9 4 9 2 2
498 6 1 1 4 9 3 7 6 8 3 2 6 9 8 9
485 6 4 1 4 4 3 6 7 5 2 7 1 9 8 7
515 2 4 5 9 8 7 8 6 4 5 3 4 5 4 9
561 2 5 9 7 4 1 8 5 4 7 7 5 7 7 5
432 6 1 5 2 1 4 7 6 7 9 7 9 1 6 2
10
390 4 2 3 1 6 6 7 5 1 6 2 2 8 2 8
489 8 9 1 6 8 6 8 2 3 2 2 6 4 9 9
500 5 2 6 4 3 1 6 5 8 8 7 7 2 9 8
440 6 9 2 8 4 3 9 6 2 1 1 6 5 3 9
508 1 6 8 3 7 5 4 5 8 4 3 3 3 5 9
393 3 7 5 3 2 5 2 4 7 4 1 8 5 1 1
492 7 5 4 2 4 3 2 9 1 6 3 8 5 6 8
578 9 9 3 4 8 5 4 1 6 9 8 5 9 1 4
552 8 2 6 4 9 9 7 7 7 3 8 6 6 7 1
410 2 1 3 9 5 4 5 7 3 3 3 4 4 3 7
10
482 2 4 2 7 7 5 7 1 4 1 9 3 8 9 8
434 3 4 6 4 7 5 7 7 3 1 4 8 4 6 3
502 4 7 5 8 9 2 9 8 5 3 3 3 2 2 8
400 3 4 1 2 2 4 2 4 9 9 9 3 4 1 3
557 8 8 8 9 2 5 2 4 8 1 2 9 7 5 4
547 9 6 8 5 3 2 1 5 2 6 7 5 8 7 1
397 6 7 4 1 1 7 3 4 1 1 4 5 6 6 5
476 5 8 8 4 4 2 1 9 6 2 1 2 2 6 5
583 6 7 6 2 8 3 7 1 2 3 9 5 9 7 9
474 7 1 7 2 4 9 7 8 9 6 4 1 1 1 9
10
455 3 4 8 3 1 1 9 5 8 6 3 2 6 8 4
443 9 4 5 8 2 1 1 4 5 8 1 4 1 9 6
433 4 2 6 5 2 3 4 9 9 1 7 3 4 7 2
471 9 8 2 6 1 9 1 6 4 1 7 4 5 5 4
427 5 6 6 1 6 8 6 7 2 4 6 5 1 1 4
500 7 1 2 8 4 7 2 8 4 8 8 7 6 6 1
385 2 1 1 1 9 5 9 4 8 2 7 6 1 1 7
399 9 5 2 2 4 2 9 4 3 2 7 2 3 5 3
424 2 8 1 7 4 3 8 1 1 6 7 2 8 4 6
505 3 4 4 6 5 4 3 7 4 9 9 4 4 7 1
10
465 7 5 4 4 1 9 6 4 3 8 5 3 4 7 4
578 9 2 5 5 1 8 5 9 2 9 9 9 5 8 9
456 8 6 3 6 1 2 3 3 5 2 3 6 4 9 9
543 4 7 6 5 9 8 1 8 1 6 6 9 2 2 8
472 8 1 6 6 3 9 8 7 1 8 9 6 2 6 2
419 6 2 1 1 1 2 4 1 8 7 8 7 7 5 2
580 3 9 6 9 4 7 9 3 9 2 7 5 9 9 2
449 8 3 2 6 4 7 3 7 8 6 1 2 4 1 5
586 7 7 4 8 5 8 3 5 5 7 7 5 3 9 8
434 4 8 1 3 2 3 7 4 8 8 3 1 1 2 7
10
554 3 7 9 9 1 5 6 9 4 6 8 7 2 6 5
459 5 1 9 9 8 5 8 2 1 4 3 1 1 8 7
485 6 9 1 6 4 4 8 1 3 5 5 2 9 9 6
445 6 5 3 4 6 4 8 3 4 2 8 8 1 9 1
486 1 8 7 8 1 6 9 6 2 7 6 4 5 6 5
634 9 8 6 6 5 3 1 7 9 6 5 3 8 8 6
364 3 4 2 6 4 9 1 7 9 1 1 2 4 5 2
432 8 2 6 5 1 1 6 3 3 9 3 2 2 1 8
510 7 6 3 5 7 9 2 6 1 7 9 8 5 5 2
463 8 6 1 4 5 4 2 5 5 8 1 2 4 1 7
10
507 5 6 5 3 2 3 6 8 1 9 6 6 6 3 4
416 6 3 7 2 4 3 8 3 6 7 2 5 2 1 6
423 5 7 1 6 1 8 7 6 4 2 2 3 7 4 9
568 5 5 8 1 3 3 4 9 6 3 9 6 8 4 9
479 1 6 3 6 8 6 7 8 6 3 3 2 4 2 6
381 1 4 4 3 1 9 5 9 8 1 6 8 2 1 6
372 2 5 6 5 1 9 2 1 3 4 3 1 6 4 4
468 1 3 7 8 3 8 4 8 5 1 1 4 8 6 8
455 3 2 4 3 4 3 4 7 5 5 5 7 7 6 9
486 2 4 5 5 8 9 1 5 3 6 5 8 6 6 7
10
424 5 6 1 3 5 6 8 1 2 6 4 7 6 6 6
484 9 8 1 9 5 4 6 4 1 9 8 2 1 7 1
415 3 8 6 1 1 5 3 7 1 4 1 3 2 7 8
383 1 4 9 5 3 2 3 5 1 1 2 4 5 2 8
422 8 1 1 8 3 8 7 3 9 1 4 6 7 2 3
373 4 5 6 3 1 8 3 9 1 3 4 3 1 1 3
545 3 8 3 9 7 6 1 7 6 7 7 2 6 5 4
465 2 5 8 9 2 2 7 6 2 9 5 9 2 7 3
468 4 7 6 6 1 3 7 5 5 9 3 7 3 8 2
482 9 5 2 4 8 2 9 1 2 4 2 5 7 6 7
10
444 2 1 4 8 2 2 4 4 3 8 5 9 9 5 3
514 1 4 7 5 2 9 5 6 1 9 9 3 8 8 9
329 1 2 2 4 1 9 3 5 6 7 2 4 1 6 8
445 1 6 1 5 1 3 7 9 1 6 5 6 9 8 4
423 1 4 6 3 5 2 5 2 1 9 8 5 3 5 4
450 5 6 1 6 9 3 8 8 4 3 8 5 2 1 2
419 9 4 1 4 4 6 7 9 4 1 5 2 4 7 1
592 7 7 9 9 7 7 1 7 6 2 1 3 9 3 9
520 5 6 3 7 5 9 6 8 4 7 6 5 4 7 5
471 5 5 4 6 5 6 3 4 2 7 6 5 5 8 2
10
542 8 1 9 1 8 9 4 2 7 3 9 5 9 6 2
556 8 9 4 1 3 1 1 8 8 6 8 3 9 3 1
587 9 9 2 3 5 4 6 3 7 8 3 2 9 5 9
536 9 8 4 4 8 8 5 8 6 3 7 8 3 2 1
385 7 1 3 8 1 6 1 6 1 4 4 1 5 9 6
552 6 5 9 9 3 7 1 8 5 9 3 9 5 3 1
496 4 2 2 1 9 9 3 2 8 7 7 2 6 7 6
499 5 5 3 9 4 3 5 4 7 4 9 7 7 9 1
543 8 2 6 7 6 7 7 3 5 3 7 6 6 8 8
356 3 3 7 5 2 6 9 4 1 9 2 1 1 2 1
10
518 6 4 7 6 1 3 6 2 8 6 5 9 9 9 3
487 9 3 3 9 5 8 7 3 8 6 5 2 6 5 2
601 4 7 1 9 8 6 3 5 3 8 7 8 7 9 9
552 6 4 7 7 1 6 5 6 9 4 5 5 8 9 5
480 9 3 8 2 5 9 6 2 9 1 6 7 7 4 1
491 7 1 6 8 9 1 7 5 8 1 6 8 3 1 5
459 1 8 3 3 4 9 3 8 9 6 3 4 1 2 8
393 1 1 2 4 6 3 9 7 6 5 5 4 5 5 1
446 2 5 4 7 6 9 7 6 6 1 6 1 9 1 2
542 4 9 2 9 1 7 8 2 9 8 4 8 1 9 9
10
447 3 6 2 1 8 3 7 4 2 2 8 6 5 9 8
413 6 4 5 2 7 1 5 8 1 1 3 6 4 6 3
517 6 2 3 8 8 4 2 7 2 8 2 4 7 7 9
450 4 2 8 3 7 7 4 1 3 1 5 9 6 3 9
419 2 5 1 4 2 7 1 8 6 3 3 2 9 9 5
502 3 3 8 6 5 8 6 6 4 8 5 4 7 2 5
621 9 9 4 8 4 9 6 9 9 6 3 9 2 1 9
590 7 7 3 9 4 3 8 9 7 6 1 3 9 8 5
396 6 5 5 9 1 9 2 7 2 2 7 1 2 3 4
567 4 4 9 9 3 4 9 7 8 8 6 5 5 7 2
10
467 7 8 4 3 6 9 6 1 2 4 9 1 2 5 9
379 5 1 4 4 2 5 6 8 1 7 4 5 5 3 1
439 1 4 9 8 4 6 8 4 9 1 2 6 2 1 6
514 6 5 4 2 4 7 5 9 2 9 3 4 8 9 6
435 5 4 3 2 8 6 8 2 8 4 2 4 1 2 7
402 4 2 1 1 6 6 8 4 5 6 2 3 3 8 7
456 6 5 2 3 3 8 5 2 6 9 7 1 7 4 4
470 4 1 3 9 7 9 9 8 9 7 2 6 2 4 4
485 1 5 8 3 2 3 8 7 9 1 6 6 6 8 4
528 3 3 2 3 6 2 9 5 7 7 6 9 9 7 9
10
422 4 1 6 5 4 1 4 8 7 6 4 1 1 6 2
415 2 2 9 4 1 7 5 6 5 1 8 2 5 4 3
386 6 2 2 5 9 7 9 1 3 2 3 3 3 7 1
422 9 2 2 1 1 2 8 2 7 3 5 5 7 7 4
417 4 8 4 1 7 8 3 9 4 2 1 3 3 2 2
518 8 1 8 9 9 1 9 3 1 6 6 3 6 7 4
474 6 1 5 1 8 6 2 8 5 4 2 8 3 9 9
527 8 7 1 9 6 6 1 6 1 4 1 7 6 9 8
565 1 9 9 6 7 9 4 1 7 4 5 6 5 9 8
494 1 4 6 2 8 5 6 7 4 2 7 6 8 7 5
10
427 5 4 7 3 2 7 4 7 1 2 4 8 4 5 6
516 8 7 9 6 4 4 9 1 6 4 2 1 7 5 5
490 4 4 1 6 7 9 7 1 6 5 6 8 6 8 7
609 8 2 8 6 6 1 9 9 6 8 9 8 5 1 4
536 2 9 7 4 8 8 5 9 2 5 9 6 2 8 1
612 6 3 6 9 7 2 5 9 7 9 5 9 9 9 1
478 5 1 3 3 9 9 8 7 5 2 5 2 9 6 7
501 8 8 3 9 6 6 7 2 9 1 3 4 6 4 1
370 3 5 1 2 2 7 7 6 1 5 3 4 7 8 1
535 9 9 5 7 2 9 1 3 4 6 7 1 6 5 5
10
469 5 5 6 9 6 6 8 6 5 1 4 7 1 6 4
471 1 4 1 6 9 6 1 7 4 2 4 9 4 8 8
474 3 8 3 1 4 8 4 7 7 6 1 8 6 6 6
563 7 9 6 5 3 5 3 2 8 8 7 9 3 6 5
485 3 8 7 3 4 9 6 7 4 5 8 7 1 9 2
560 8 9 1 5 9 4 5 2 3 6 9 5 7 5 6
523 4 8 3 9 7 2 4 5 2 4 9 9 4 4 2
355 1 2 8 3 4 8 6 6 2 3 1 3 1 4 6
466 3 4 1 4 8 9 1 9 4 1 1 7 8 3 8
379 4 3 4 1 1 4 7 2 6 3 6 8 5 4 7
10
533 8 1 2 6 8 4 1 3 9 6 9 7 3 5 9
425 8 7 1 7 3 5 6 2 2 4 3 7 3 2 6
417 4 6 4 1 5 5 3 5 9 7 2 1 1 4 1
397 1 5 4 8 3 3 2 5 3 2 5 9 2 6 4
494 2 8 1 5 9 4 3 5 5 5 8 5 2 8 6
447 7 4 4 2 5 7 9 1 4 3 8 2 1 9 7
477 4 5 3 1 6 4 4 7 8 6 4 9 6 3 2
486 5 1 5 7 9 3 1 6 2 4 8 8 5 5 5
411 4 1 3 2 6 5 7 2 9 3 4 1 9 3 5
432 5 9 1 1 1 4 2 8 1 3 5 6 7 4 6
10
632 9 8 8 6 4 8 6 7 8 9 1 1 7 6 7
589 4 9 8 6 8 8 3 6 5 7 9 8 1 4 1
553 1 8 5 7 9 5 8 2 8 6 6 8 6 5 4
564 9 3 7 1 8 6 5 3 9 5 7 4 3 8 7
477 9 9 4 8 7 5 4 1 9 2 1 6 1 4 3
595 1 6 6 9 9 6 2 8 4 7 8 1 5 7 7
529 4 6 9 5 9 1 4 4 4 4 3 3 8 4 7
517 5 7 3 4 7 3 3 7 4 3 1 9 9 8 2
352 2 5 5 2 2 4 7 9 1 4 2 2 1 1 6
518 5 4 7 7 4 2 8 7 7 2 8 7 5 3 3
10
497 7 5 3 3 9 1 5 4 4 1 8 2 7 7 4
491 7 5 2 4 5 7 5 6 6 5 1 6 7 5 8
310 1 5 4 1 2 8 7 1 4 1 9 1 1 3 5
590 6 2 8 3 9 6 4 9 3 7 8 9 5 8 4
586 6 4 9 8 7 2 1 6 4 6 6 5 7 4 6
451 6 4 2 4 7 3 1 2 5 2 6 7 9 3 2
462 9 9 5 1 6 3 6 2 1 6 4 3 1 8 7
469 1 1 2 9 9 5 3 2 7 6 8 4 9 3 4
576 2 1 8 8 7 3 9 9 8 3 9 3 6 9 4
469 5 1 6 9 8 9 6 4 7 7 1 8 3 1 1
10
508 5 3 6 4 5 7 1 2 9 9 6 9 4 6 4
447 9 4 2 4 6 3 3 1 8 3 9 8 2 4 1
568 5 6 4 2 7 1 4 8 5 6 7 8 9 7 6
516 4 5 4 8 5 1 5 9 1 6 7 8 5 2 8
431 1 1 4 8 3 2 7 1 4 6 9 7 5 5 4
520 9 4 4 3 5 5 9 9 2 4 8 9 5 1 3
546 1 1 9 9 1 3 1 7 9 8 5 6 9 6 4
421 1 4 9 4 1 6 4 2 1 9 5 1 2 7 6
586 2 5 6 8 6 9 6 4 5 6 5 7 9 6 9
421 3 7 2 6 5 4 5 8 9 2 7 6 1 1 1
10
591 9 7 3 7 8 8 8 6 6 1 4 9 9 6 4
525 1 9 1 4 3 5 4 4 9 7 5 8 9 7 4
464 4 2 2 6 5 9 9 9 9 3 9 9 3 4 1
445 7 4 5 5 9 6 3 7 1 2 5 3 2 4 1
504 4 6 5 2 4 4 8 7 5 8 7 3 1 7 5
337 3 3 1 1 2 9 8 2 9 1 4 2 7 3 4
553 8 5 3 2 8 4 4 9 9 6 8 3 3 3 4
489 8 5 7 9 5 3 8 1 2 6 3 7 5 7 1
452 6 9 1 2 4 2 6 1 3 5 9 1 8 5 2
518 6 3 6 8 7 3 8 1 3 2 8 5 9 9 4
10
466 9 2 5 5 7 6 3 6 3 5 2 4 4 4 7
425 5 2 2 2 3 6 1 2 3 5 3 9 8 9 9
438 8 2 5 9 3 4 6 8 3 8 4 5 1 3 1
443 5 2 7 2 2 4 3 5 4 7 6 9 3 1 6
494 4 2 5 6 8 5 6 1 7 6 5 5 7 8 6
411 7 7 1 7 1 5 5 3 6 3 5 3 5 1 3
619 5 8 9 9 8 3 6 1 8 4 7 9 4 5 7
505 8 2 2 7 2 9 9 4 9 6 2 8 9 4 8
545 2 8 6 2 9 3 5 3 6 3 8 9 4 3 9
548 3 6 8 7 1 1 3 4 8 6 9 7 7 9 6
10
498 4 4 5 4 9 8 5 8 9 7 2 2 2 1 6
385 6 1 1 2 1 8 7 2 8 6 4 7 2 4 9
476 5 4 5 4 7 6 5 5 2 8 1 4 4 1 8
527 7 1 8 2 4 4 1 3 1 9 9 6 7 9 5
450 2 2 1 2 9 3 8 6 7 7 1 2 7 5 6
489 5 3 9 4 5 1 1 3 2 9 8 8 4 7 2
446 2 7 1 7 7 7 5 4 3 5 8 1 5 5 3
442 8 4 6 5 3 7 6 5 1 2 3 5 5 5 9
443 6 4 4 8 5 8 4 3 6 1 4 5 2 4 8
427 3 7 5 1 8 6 2 1 3 1 8 9 1 9 3
10
422 7 7 3 2 3 3 4 8 3 1 8 1 5 4 3
490 7 2 5 9 4 7 7 4 4 7 5 5 1 8 9
555 6 9 7 5 8 5 8 7 8 3 1 8 4 4 5
591 6 4 3 8 8 7 5 9 3 9 9 1 6 2 9
498 8 1 8 2 9 1 6 4 3 2 9 2 5 3 7
526 4 6 2 7 7 1 3 8 6 2 9 5 2 9 5
475 7 2 8 7 5 6 3 1 7 2 6 1 7 3 4
437 1 4 4 8 1 8 6 6 2 9 2 8 4 9 6
452 5 3 6 6 6 4 6 4 5 2 1 5 4 3 8
439 7 1 4 6 7 3 4 5 9 3 4 3 5 2 3
10
438 4 3 4 4 5 3 5 5 8 2 6 4 9 5 1
485 1 9 2 8 4 8 4 3 4 8 2 8 9 9 3
496 4 4 4 3 4 8 8 6 5 5 1 4 8 5 9
563 8 8 2 4 7 1 3 8 5 6 7 1 3 2 9
373 1 1 2 5 3 3 1 9 6 2 3 1 8 2 6
421 2 4 2 2 8 2 8 7 2 9 4 3 4 5 4
627 1 9 7 9 5 3 1 7 3 8 9 4 9 6 6
396 2 3 6 2 1 2 6 2 6 4 1 4 8 8 9
454 1 5 4 6 1 8 8 8 4 5 5 2 3 4 9
403 1 4 1 4 1 3 3 4 6 9 6 3 7 7 5
10
487 2 2 2 9 9 5 8 8 3 9 7 8 2 3 5
526 8 9 8 4 1 9 4 2 7 8 3 2 3 8 7
517 8 2 1 5 8 4 6 9 7 4 4 5 2 9 6
521 9 4 2 4 8 1 9 8 4 8 3 6 4 5 5
499 2 8 1 7 3 3 9 2 9 9 9 4 1 6 6
528 1 5 3 9 8 6 4 6 5 6 4 7 5 4 8
468 1 8 4 3 6 6 5 8 2 7 6 8 1 3 3
476 7 3 4 4 6 4 3 8 6 1 6 3 9 1 2
383 2 6 5 6 1 3 9 4 2 5 3 5 4 2 1
585 7 7 6 5 8 2 7 6 5 3 3 7 7 9 9
10
559 9 7 9 3 2 8 3 7 6 4 9 2 6 2 5
412 5 9 2 3 6 2 1 3 3 3 1 1 6 1 8
482 3 3 8 6 1 3 4 7 4 4 8 1 9 4 8
539 6 4 9 9 4 8 9 9 1 1 3 1 6 8 8
547 8 8 4 2 7 1 4 6 7 5 7 8 6 4 1
442 4 4 7 1 7 4 6 2 8 2 1 1 2 7 8
385 4 1 1 7 7 5 5 6 4 1 2 4 8 5 3
447 3 7 5 9 8 1 8 5 2 1 4 3 2 9 3
607 9 6 6 5 7 3 6 9 7 5 7 1 6 5 5
566 5 4 5 8 5 4 1 8 8 5 6 3 3 8 9
10
660 2 9 9 3 6 5 7 7 8 7 9 9 8 8 4
423 1 7 1 3 9 9 7 7 1 6 8 5 4 2 1
556 9 4 5 4 9 1 9 4 3 5 8 2 5 3 9
405 5 8 5 6 4 8 3 2 2 3 2 4 1 2 7
470 9 5 1 4 2 9 2 4 8 9 3 6 3 7 2
567 4 9 1 2 9 8 2 7 2 8 7 1 8 4 9
418 9 2 4 4 1 2 1 4 4 6 4 2 6 5 8
565 7 4 8 6 6 7 1 9 9 9 4 2 6 1 3
497 2 7 9 6 9 2 5 7 8 1 8 1 2 1 1
520 7 5 8 6 5 9 6 7 2 2 8 8 3 4 7
10
419 6 5 7 6 1 4 2 7 3 3 3 1 3 8 3
511 5 4 5 8 6 6 5 3 9 5 7 1 8 2 5
531 9 7 8 7 4 7 2 5 1 2 9 3 7 4 6
528 3 3 1 7 7 6 9 1 7 7 6 8 9 8 6
401 7 7 1 6 1 5 1 5 2 5 4 8 4 3 1
572 4 9 6 6 7 5 2 9 6 7 1 2 9 1 8
436 4 2 5 5 6 2 2 4 1 4 2 9 8 8 4
455 3 1 1 9 3 9 8 9 6 2 9 7 4 4 8
349 3 1 5 6 1 8 5 3 7 1 1 3 4 1 7
494 7 8 1 3 8 6 3 7 9 1 2 8 6 3 6
10
477 5 9 6 6 8 7 1 7 2 3 2 6 2 2 5
628 9 6 6 7 3 9 3 3 5 9 5 8 9 8 7
448 4 5 8 4 2 6 7 1 6 6 8 9 2 2 1
623 8 6 2 2 8 5 7 7 7 8 7 1 9 8 6
545 5 9 9 5 2 3 1 6 5 7 5 6 6 1 7
592 1 8 9 9 9 2 1 9 8 4 7 5 2 6 6
437 2 4 4 5 4 1 8 6 9 6 4 6 1 4 7
446 6 7 5 4 2 7 3 2 7 4 1 8 9 3 2
401 1 1 7 3 4 2 8 4 9 7 2 3 2 9 1
568 2 9 9 2 2 1 9 7 7 7 2 8 7 6 8
10
367 4 1 5 1 3 7 9 6 2 1 4 9 4 7 5
469 5 3 5 4 6 9 7 3 1 4 7 3 5 7 5
365 1 8 2 5 2 6 1 9 1 1 2 1 7 1 9
448 3 4 3 5 4 3 1 3 7 7 5 8 8 3 5
536 5 7 9 4 2 1 3 6 8 7 7 9 4 9 1
415 8 9 1 1 8 2 7 5 3 3 2 3 2 7 1
593 7 9 7 2 9 3 2 7 3 9 3 3 8 4 5
530 3 9 1 8 9 6 9 3 9 2 5 8 3 5 8
513 7 9 1 3 5 9 5 5 5 7 8 2 1 6 8
387 4 2 4 5 1 3 9 1 8 7 3 5 2 2 9
10
513 9 3 9 7 6 1 4 1 3 1 9 1 9 3 1
560 9 9 8 1 6 3 8 2 5 9 7 2 1 3 7
474 4 1 9 9 9 2 1 8 1 2 6 6 1 5 7
442 2 5 1 9 9 8 3 3 7 4 2 7 6 6 2
487 9 5 7 7 6 4 9 4 5 1 4 5 4 7 1
548 3 5 7 6 8 9 5 9 3 4 5 7 8 4 6
575 8 2 9 6 8 1 7 1 8 3 7 6 9 5 4
545 8 6 7 7 4 6 9 2 1 6 5 9 9 6 4
454 6 4 1 4 9 6 6 3 3 4 8 7 3 9 2
511 5 8 2 8 3 5 1 7 4 9 9 3 2 3 8
10
584 9 8 3 3 6 3 1 6 9 3 8 8 7 7 5
442 4 8 8 4 1 1 2 3 4 6 3 5 4 4 2
551 4 6 2 4 6 1 7 9 8 9 2 5 4 5 9
559 5 9 8 4 6 1 2 4 7 6 4 9 5 3 4
510 4 7 6 7 7 2 7 1 1 7 6 7 7 4 4
551 7 6 8 9 3 7 9 8 5 4 4 5 6 7 3
498 5 4 7 1 8 9 3 6 7 3 1 8 6 3 9
462 5 1 4 4 8 7 2 8 8 1 8 1 6 1 3
433 5 7 2 7 5 5 3 3 9 4 2 5 2 4 5
476 6 5 8 3 3 9 6 4 1 9 3 9 4 8 1
10
568 1 4 7 9 4 9 6 6 4 9 9 7 8 3 4
477 9 7 6 5 1 2 4 4 6 9 3 1 1 6 1
533 2 6 1 7 5 2 9 2 9 7 7 7 5 9 7
595 6 9 5 8 8 2 5 3 4 1 8 6 9 8 7
457 3 6 3 7 7 1 9 4 1 6 5 8 3 6 5
426 7 5 1 8 7 9 9 1 8 3 2 4 1 5 5
467 4 8 4 4 9 6 5 2 4 6 4 2 3 2 8
554 8 3 2 6 8 2 6 8 5 5 6 2 8 4 7
450 9 3 2 9 1 4 6 9 4 1 9 8 4 2 6
484 5 8 4 3 1 3 9 6 6 3 4 5 9 3 9
10
514 9 7 9 7 1 3 6 9 2 4 1 5 3 2 9
458 5 7 1 2 5 8 2 7 5 6 4 6 2 8 8
571 7 8 1 7 9 1 6 4 5 5 3 8 8 2 7
656 9 7 7 8 4 7 5 9 5 6 9 5 5 5 8
485 5 1 5 3 5 5 9 3 8 6 7 4 6 8 5
403 8 4 7 2 5 6 2 5 4 1 1 1 3 8 3
446 4 9 5 9 5 2 4 3 9 3 1 6 2 2 2
558 9 2 9 8 9 5 9 3 7 4 7 4 6 6 1
693 9 8 7 6 8 6 5 7 8 6 8 3 8 8 8
499 7 9 9 3 3 5 5 6 3 1 9 6 2 2 5
10
486 8 9 7 8 2 5 6 2 4 2 5 4 3 6 5
294 1 1 5 7 1 3 3 6 1 1 3 3 7 2 3
598 9 3 7 8 8 1 4 8 4 8 5 5 5 7 2
529 3 2 3 6 8 1 8 7 2 9 8 2 5 6 9
502 9 3 8 3 5 9 4 3 1 9 7 7 1 4 6
534 9 1 4 1 6 6 3 3 7 6 7 3 8 8 6
456 3 5 2 6 4 8 1 1 9 9 9 1 1 4 8
525 2 9 7 5 8 9 9 2 3 4 4 7 7 8 5
458 8 3 7 6 3 9 5 1 6 2 1 5 7 7 7
453 2 5 9 5 2 2 6 1 4 3 3 7 7 2 9
10
561 6 8 3 5 6 3 3 6 1 7 9 9 6 7 6
359 2 2 1 4 4 8 7 6 6 2 3 9 3 2 7
428 3 8 4 1 1 2 3 8 1 4 9 2 4 6 6
462 4 7 3 5 7 3 3 4 7 4 2 4 8 6 3
616 6 9 8 4 8 1 6 6 7 8 6 4 4 4 2
487 6 9 8 1 6 9 5 5 4 3 3 2 1 7 8
510 8 5 5 1 7 3 2 3 3 6 8 7 6 7 3
361 1 4 8 3 6 8 3 2 2 5 2 7 4 1 1
472 7 5 6 7 2 6 5 1 9 5 3 1 9 1 1
500 1 4 9 3 6 9 6 5 4 1 8 5 9 3 9
10
486 5 1 9 2 9 8 7 1 7 8 2 8 2 4 6
511 8 6 9 2 1 3 3 5 8 2 6 9 5 1 7
350 7 8 3 2 1 4 5 4 3 4 1 3 3 3 1
413 4 6 3 7 3 3 2 4 3 2 4 9 1 6 6
461 3 5 5 3 3 7 7 8 3 7 1 8 7 5 3
443 8 1 6 2 5 1 6 5 3 6 1 8 6 6 4
517 6 4 4 7 6 2 2 1 8 4 7 6 5 4 8
480 8 3 9 1 1 8 4 5 6 4 7 1 8 2 4
601 3 2 9 5 7 8 3 7 9 7 5 7 6 4 9
548 7 7 2 1 9 8 5 2 4 2 7 6 8 5 9
10
455 4 7 6 6 2 8 6 2 5 8 7 4 3 8 1
514 4 1 5 4 1 4 6 5 6 7 9 6 7 7 8
472 1 8 3 8 9 1 1 8 8 1 3 1 6 9 1
344 4 2 5 9 2 3 5 1 3 7 1 1 1 5 8
513 1 4 5 7 9 4 4 3 1 2 5 9 8 9 8
547 7 8 8 2 5 6 8 3 7 5 6 4 4 6 5
415 7 5 5 1 2 5 3 5 8 4 1 2 3 7 3
570 4 5 8 4 9 8 3 9 4 3 9 7 4 2 9
437 5 1 9 1 7 1 1 8 3 2 1 5 3 8 4
424 4 2 4 4 4 5 6 8 7 3 1 6 2 8 5
10
610 3 8 7 9 8 7 7 4 9 3 8 1 7 8 5
635 8 6 8 9 5 9 6 6 4 5 8 6 7 7 7
546 8 7 2 6 3 8 5 2 8 6 6 3 9 8 8
451 1 4 4 4 8 8 8 3 9 4 3 7 2 6 9
575 3 9 2 5 2 2 9 9 5 5 9 1 8 8 8
526 9 4 5 4 8 9 1 7 4 8 3 7 1 6 7
439 5 9 1 4 1 6 8 9 8 3 5 4 3 2 1
605 9 9 6 7 3 9 4 8 9 2 6 7 7 9 1
442 9 4 6 1 1 5 1 5 7 4 2 4 4 5 6
438 3 4 3 7 7 6 4 1 2 8 5 5 1 5 6
10
451 1 2 1 3 8 4 9 3 3 8 4 7 8 4 7
559 7 2 7 2 4 8 6 9 4 7 7 4 7 3 6
513 7 3 4 7 8 4 1 7 4 9 1 1 3 5 9
541 1 9 8 4 9 4 9 2 3 8 9 3 2 2 6
516 8 5 8 5 2 7 2 6 2 7 6 8 8 1 3
338 1 5 2 1 6 4 7 6 1 1 3 1 4 4 7
522 9 5 9 4 2 4 6 7 6 5 3 1 7 1 8
500 9 4 6 4 7 6 8 6 3 4 6 8 2 1 4
439 1 1 9 8 3 3 4 5 3 2 2 9 6 7 7
552 9 1 9 5 5 5 1 2 7 8 7 6 4 9 4
10
401 4 5 3 2 1 1 8 1 4 6 2 4 9 7 7
528 2 9 9 1 6 4 6 5 4 4 8 7 7 3 4
463 3 9 1 8 8 2 6 3 8 4 2 8 3 2 7
518 9 5 7 7 6 9 5 4 2 3 4 6 4 9 7
610 8 9 8 2 8 5 3 1 5 6 5 2 6 6 9
471 7 1 5 6 4 8 1 1 5 8 1 8 8 3 9
467 4 1 9 2 8 9 1 5 4 7 8 9 3 2 1
518 9 6 6 8 7 7 5 3 7 2 3 4 2 6 8
481 9 9 6 6 2 7 2 1 4 3 9 3 4 2 6
479 7 4 1 8 3 6 5 6 3 7 4 2 3 8 9
10
468 4 9 1 4 4 1 1 7 3 5 8 7 6 8 3
620 9 9 7 2 8 5 5 9 2 9 6 4 5 8 1
402 1 1 4 8 2 8 4 3 2 8 5 7 6 3 9
513 3 7 8 7 5 2 2 5 5 4 7 4 8 1 4
546 5 7 1 5 3 6 5 8 5 8 6 8 9 1 5
477 9 3 8 5 3 6 1 6 1 7 8 2 3 3 2
421 7 1 4 1 6 9 9 1 3 3 4 7 4 4 9
386 1 8 3 2 5 6 7 2 3 7 1 9 4 1 7
489 5 1 2 8 9 4 5 7 2 6 3 2 9 5 8
648 7 8 2 6 6 6 5 9 9 9 5 2 9 7 6
10
493 8 9 1 6 9 6 8 5 4 8 2 3 2 1 2
549 9 4 3 9 7 4 6 4 5 8 3 3 6 4 9
530 6 7 8 9 1 9 9 7 4 2 7 8 4 1 8
526 8 7 4 1 5 2 5 5 8 1 8 3 1 8 9
574 5 6 9 7 9 7 2 9 6 7 2 5 5 6 2
413 6 3 3 2 2 6 6 5 2 6 3 8 5 5 6
406 5 6 7 1 2 3 6 4 1 1 1 9 8 8 5
495 6 8 8 2 1 7 6 1 5 1 6 6 8 4 8
484 6 3 8 9 4 4 6 4 3 9 9 1 3 2 1
577 8 9 5 3 7 4 1 7 7 4 5 2 9 4 7
10
410 3 1 4 9 1 7 7 5 1 8 6 4 2 9 8
512 6 8 8 5 5 1 1 2 6 3 8 2 2 5 9
565 5 3 8 1 7 3 7 5 6 6 8 4 8 5 7
556 1 8 7 4 6 9 6 9 7 7 2 8 5 3 3
499 3 4 7 8 4 5 5 4 8 1 4 6 6 9 8
346 8 3 2 7 1 8 2 1 9 5 4 3 1 3 1
444 4 1 2 6 2 9 9 8 7 3 9 5 4 4 5
435 2 2 9 9 3 8 9 7 6 1 2 7 1 3 7
535 1 6 9 5 8 7 6 4 8 8 6 7 5 3 2
526 9 3 8 2 6 2 5 7 3 4 4 3 7 1 8
10
522 6 2 8 2 7 4 4 3 5 9 6 8 4 1 6
521 2 6 6 8 5 4 3 2 4 8 8 5 9 4 2
456 3 3 4 7 5 6 6 3 3 3 8 7 8 1 4
511 5 6 7 4 4 4 4 9 9 1 1 5 8 2 6
526 8 7 5 6 9 2 7 9 2 2 5 5 2 4 4
437 2 4 4 7 2 3 4 6 7 1 2 8 8 3 9
502 7 4 5 4 9 9 1 3 1 7 8 9 4 3 4
463 6 6 8 1 5 7 2 3 5 6 8 5 1 5 2
392 2 6 2 7 5 5 8 3 4 4 5 1 6 5 2
528 4 6 3 4 9 3 7 9 1 6 2 5 6 6 7
10
433 3 1 7 6 5 2 3 5 3 6 5 1 6 6 6
354 1 4 5 7 4 5 7 2 1 6 2 4 6 3 1
397 2 2 4 2 7 2 3 8 1 1 4 6 6 3 5
472 7 2 9 1 5 1 2 3 3 6 1 4 8 9 7
452 1 5 6 7 5 6 2 3 7 2 7 1 4 5 9
448 1 4 5 5 3 1 6 5 5 9 5 7 4 4 4
467 7 7 6 1 5 3 8 4 3 4 7 4 1 4 4
559 8 9 5 8 2 7 7 6 9 6 5 5 3 3 7
429 5 2 5 1 5 1 3 1 6 7 5 7 3 7 6
529 5 4 9 6 7 1 9 9 3 5 1 2 4 8 9
10
508 5 6 6 2 5 5 4 5 4 7 8 1 5 3 8
520 6 4 4 7 6 6 5 8 8 8 5 5 5 2 1
507 3 3 6 5 5 5 6 3 8 8 4 4 6 2 6
436 6 3 2 5 2 9 2 7 8 5 1 6 4 8 2
392 2 2 7 6 1 4 1 1 9 7 1 7 8 3 1
432 3 4 3 5 2 7 9 5 9 2 3 6 8 4 4
480 5 4 3 2 9 5 8 8 1 5 5 1 3 1 9
466 2 8 5 1 3 2 3 5 6 5 9 7 6 2 4
565 7 9 5 2 5 7 4 8 7 8 4 7 9 1 1
505 8 4 6 7 3 5 8 9 5 1 4 6 7 5 6
10
432 8 4 1 2 1 6 2 9 1 7 6 7 2 7 4
446 2 1 9 2 9 3 7 1 5 4 4 2 9 5 3
495 7 2 8 4 1 5 7 5 2 6 6 8 9 6 4
533 2 7 7 9 1 5 8 5 7 7 5 2 5 4 6
503 5 2 5 7 7 9 3 3 1 7 6 3 9 7 4
491 7 2 8 7 6 7 1 9 7 2 4 9 2 6 3
527 1 3 7 4 9 4 1 6 6 9 2 7 6 8 2
562 3 8 7 2 6 4 9 5 8 7 3 9 5 9 4
503 9 6 1 7 7 5 9 8 3 1 3 7 2 9 7
516 8 5 7 5 6 9 2 6 2 6 1 7 3 4 9
10
477 2 1 8 6 7 9 7 5 5 3 6 3 7 7 4
485 8 3 3 3 7 8 9 2 7 7 8 3 4 8 1
478 8 5 4 3 5 1 7 7 6 1 3 8 9 1 6
481 4 1 8 7 6 8 6 3 7 6 6 3 3 3 2
622 8 8 9 3 5 3 7 7 2 4 8 2 9 8 8
335 1 6 3 2 7 2 4 2 2 6 2 2 1 1 3
501 4 4 3 9 7 2 2 3 1 8 9 7 1 7 9
549 2 5 4 3 9 1 1 5 4 9 6 5 9 2 8
419 9 3 1 8 7 3 8 2 7 3 1 6 5 6 2
403 4 1 8 8 5 2 9 6 3 3 1 8 3 3 1
10
491 7 4 3 8 5 8 3 5 7 6 3 5 7 6 3
691 5 5 7 8 9 6 9 6 9 8 5 7 8 8 6
370 3 2 2 3 8 1 2 4 8 2 1 3 2 2 9
499 3 5 5 2 7 4 4 1 6 8 6 4 9 2 8
430 1 2 8 9 4 2 6 4 3 6 5 8 4 4 4
504 2 4 7 2 9 4 8 5 7 4 4 9 3 7 6
508 9 9 4 4 7 7 5 7 1 5 2 1 3 8 5
488 3 9 7 7 8 5 3 1 7 6 4 3 3 4 1
467 1 8 6 9 1 3 3 7 9 3 2 8 4 1 4
562 4 8 9 9 8 3 4 4 7 2 1 4 6 4 5
10
529 1 9 5 7 6 3 7 9 3 4 9 7 1 6 7
593 8 5 9 9 1 3 8 4 8 7 6 5 9 3 6
395 8 1 6 2 2 5 2 7 6 3 2 6 3 6 1
588 6 5 4 4 3 3 7 9 7 8 6 9 9 8 3
524 9 9 4 1 8 8 3 8 1 2 7 4 6 5 5
533 4 8 3 5 6 4 5 7 2 3 8 6 9 2 6
543 5 7 4 5 8 8 4 6 1 7 9 4 4 3 9
521 5 5 9 2 6 9 3 6 5 3 8 5 2 6 9
387 1 3 1 9 4 6 7 3 1 7 3 5 4 6 8
609 6 4 7 8 9 3 4 1 9 9 7 5 6 3 9
10
487 2 3 9 3 3 2 5 3 4 4 7 4 8 7 8
466 2 4 4 4 7 4 3 2 6 4 7 8 7 8 2
496 5 3 7 1 1 1 2 1 8 9 7 3 8 5 7
503 5 5 2 7 4 6 6 1 8 8 4 1 6 5 9
368 7 1 2 6 5 9 5 1 5 4 8 3 1 2 1
609 7 9 1 3 8 8 6 8 8 3 7 9 8 4 8
483 4 4 1 1 9 8 6 3 9 9 1 2 4 7 9
458 1 6 2 9 8 1 2 3 8 9 2 1 4 5 3
512 6 2 3 9 7 8 1 8 1 2 9 9 8 4 5
646 1 8 4 9 6 5 2 8 9 9 8 6 7 9 8
10
534 2 7 8 7 7 6 6 3 1 9 7 6 3 3 4
397 6 5 6 4 1 5 2 4 3 2 9 6 2 7 1
454 4 4 2 4 1 6 8 9 8 5 5 1 5 4 5
399 1 2 2 1 9 7 5 1 8 8 8 4 1 2 3
491 1 8 4 1 8 3 4 7 8 2 6 9 4 3 4
525 9 1 1 9 4 8 3 9 7 8 4 4 6 9 3
374 7 1 9 5 3 1 4 1 1 4 2 8 2 4 3
395 3 2 2 3 2 2 6 8 3 9 8 2 1 9 3
542 4 8 9 3 2 6 8 8 2 2 6 6 8 7 4
485 2 4 2 3 8 5 2 3 2 9 5 9 6 8 6
10
472 5 5 4 2 1 1 7 9 4 8 8 4 3 9 3
576 6 6 7 8 6 7 8 8 2 9 2 9 3 4 7
525 2 6 2 4 8 4 4 9 7 1 9 3 7 8 5
558 8 7 6 9 2 9 4 3 5 8 9 6 4 7 3
538 4 6 9 9 1 2 7 7 2 9 4 1 6 4 8
511 1 7 8 6 9 8 7 3 3 1 2 8 7 5 9
350 1 1 2 7 5 7 9 4 6 3 2 1 3 8 3
538 2 6 6 2 9 7 5 4 7 1 8 3 9 4 8
507 4 3 2 4 6 5 3 2 8 9 7 5 4 4 9
550 2 6 8 6 8 7 1 5 9 6 5 3 9 1 1
10
555 8 7 9 2 2 7 2 7 9 8 4 1 8 2 4
516 9 2 7 4 2 4 3 5 3 6 8 9 5 5 7
502 2 1 9 7 7 8 3 6 5 8 2 9 2 7 9
467 1 7 5 8 4 7 4 2 5 7 8 6 4 6 3
540 6 7 6 6 1 4 4 7 9 3 5 8 1 6 9
566 9 6 7 9 4 8 8 8 3 9 3 2 5 1 7
586 8 8 6 8 1 7 8 4 9 5 6 9 5 2 7
521 5 7 6 2 9 4 8 6 7 2 4 8 8 1 4
374 6 1 2 2 3 8 3 3 8 1 4 9 8 1 5
515 7 9 4 3 6 8 9 1 3 3 2 6 6 6 9
10
516 7 2 8 6 9 9 1 6 3 4 5 3 9 4 3
512 8 7 7 9 5 5 1 1 2 5 3 9 3 8 3
556 8 6 1 4 9 6 7 2 8 9 9 5 4 8 2
444 1 8 1 6 1 5 3 9 7 3 5 5 5 2 8
692 8 8 9 1 8 8 1 6 6 9 9 5 8 5 8
364 6 6 2 1 2 2 5 5 1 3 6 1 6 5 1
456 7 1 3 4 3 5 9 7 4 6 7 4 7 1 5
611 8 9 7 7 3 2 4 7 3 4 9 6 5 7 6
549 1 8 7 2 4 1 7 3 9 9 1 8 7 2 9
517 7 4 2 1 9 9 1 7 6 4 4 9 8 5 7
10
511 2 9 9 9 5 2 5 6 5 2 1 7 4 5 5
459 2 1 9 8 8 2 4 9 3 4 1 5 5 3 1
572 2 6 9 1 9 9 3 8 4 2 6 7 9 3 6
464 6 6 8 4 3 9 7 7 3 8 4 2 2 2 2
515 4 6 3 6 4 9 7 4 4 3 8 7 7 8 8
568 8 7 8 1 8 5 2 6 9 5 8 8 1 5 1
598 6 8 5 6 4 2 6 9 4 7 6 6 6 9 5
460 8 5 2 6 7 9 5 2 4 4 4 2 1 7 9
438 7 5 3 2 4 1 3 7 3 9 7 1 2 6 3
547 9 1 6 5 6 1 8 7 1 6 8 4 5 5 9
10
514 5 4 4 8 4 6 3 2 8 8 9 1 1 6 7
454 5 7 1 8 3 2 3 4 4 6 5 4 3 8 4
417 3 6 1 3 6 7 6 1 1 2 8 1 5 7 8
440 1 9 3 6 3 7 6 8 2 2 9 4 6 1 1
422 6 4 3 4 1 8 9 4 4 3 3 2 2 9 9
549 6 9 8 8 2 6 9 4 6 8 9 4 1 6 4
536 5 3 4 9 6 7 7 6 2 2 9 8 7 2 9
548 7 7 2 6 4 8 3 7 8 8 7 9 1 8 3
445 7 3 5 4 3 7 3 6 3 3 3 2 8 7 6
480 2 3 5 2 6 6 7 5 8 3 7 4 8 7 6
10
563 6 5 1 2 8 1 8 4 8 3 8 4 9 5 9
450 3 6 2 3 5 6 4 1 5 3 8 9 5 9 6
474 5 8 2 4 9 2 1 2 5 5 8 4 4 1 7
526 7 7 5 9 6 9 4 3 2 3 6 7 7 3 5
419 7 6 2 2 1 7 4 2 9 6 2 7 4 6 3
453 2 9 4 8 3 1 7 2 2 1 6 8 9 7 2
497 1 3 6 6 9 6 4 6 2 4 5 7 9 7 2
518 2 9 8 3 7 3 6 4 1 3 2 9 6 4 8
392 5 1 4 3 5 1 3 4 4 3 4 3 6 1 7
523 8 9 2 8 9 1 5 6 1 5 1 1 9 7 4
10
365 1 2 3 5 7 2 5 4 9 1 7 1 5 2 1
511 7 2 9 4 3 7 8 6 8 8 4 5 4 2 6
486 5 7 5 5 7 6 8 1 9 7 2 1 1 9 4
499 9 4 8 3 5 4 3 5 1 9 1 9 4 1 5
398 7 2 4 4 1 7 5 3 6 3 1 3 5 3 8
306 6 2 1 5 1 3 7 2 7 2 1 4 1 1 6
456 6 8 4 8 2 1 4 3 3 7 4 1 6 1 3
621 5 9 8 2 4 4 4 8 9 2 7 4 9 7 5
567 6 9 4 2 4 2 9 8 9 4 9 4 7 4 3
552 3 9 5 3 7 9 9 8 2 5 6 6 6 4 4
10
527 5 7 6 7 5 9 4 6 9 7 2 1 6 6 1
471 2 2 4 7 7 6 6 5 4 2 8 6 3 9 7
510 8 2 3 9 8 2 4 4 1 9 4 8 5 9 4
463 4 4 7 5 3 1 9 5 8 2 1 8 2 9 9
495 2 8 5 8 5 1 5 7 7 1 9 1 1 9 7
539 9 9 8 7 4 4 4 6 2 6 5 7 2 4 1
512 1 9 6 2 1 8 9 8 5 6 5 6 5 9 9
377 3 4 3 7 2 3 9 5 1 2 3 4 7 6 5
396 3 5 3 8 9 9 1 6 2 4 1 8 2 2 3
586 5 9 7 1 3 9 5 3 8 8 6 7 8 1 6
10
373 2 5 4 4 5 6 7 1 3 5 2 2 3 8 2
419 4 9 2 3 7 2 5 1 1 7 6 1 3 1 9
403 7 5 2 5 4 2 5 5 4 5 1 8 3 8 1
374 6 1 1 7 3 1 2 6 1 9 7 8 4 2 1
446 6 1 4 4 2 7 8 5 6 9 5 7 8 3 1
488 3 4 7 8 3 6 3 4 8 7 4 4 1 7 9
487 1 6 5 8 5 5 5 2 7 3 7 8 5 5 5
574 5 8 7 4 3 2 9 8 3 7 6 6 9 2 6
330 1 2 5 5 2 1 6 2 6 1 7 3 3 6 1
445 9 3 1 1 7 5 5 8 6 3 8 6 3 1 4
10
380 4 2 5 2 3 4 9 3 8 3 1 9 7 1 5
459 2 5 7 1 7 1 7 5 6 1 6 9 4 3 2
413 3 6 8 2 1 4 8 5 7 1 3 7 4 8 3
458 1 4 1 5 9 1 9 6 7 8 4 7 3 3 1
438 2 1 4 5 4 1 5 4 7 8 6 7 3 7 7
504 1 5 7 9 7 6 3 4 8 8 1 9 7 1 2
612 7 9 2 7 8 7 4 9 8 2 6 3 5 8 6
465 5 4 6 6 8 9 1 1 4 3 8 5 2 4 4
409 1 1 7 1 5 1 9 6 5 4 2 5 1 6 9
642 9 9 6 3 3 8 1 7 9 7 9 8 7 9 1
10
536 5 8 9 7 5 9 1 6 5 5 4 2 4 3 9
467 3 8 3 6 8 9 9 3 2 3 7 4 9 2 1
544 7 2 1 8 6 5 9 2 7 9 8 9 5 4 9
520 1 2 7 9 7 9 6 6 5 3 7 1 7 4 6
554 4 2 5 3 8 4 5 8 9 1 7 1 8 9 6
662 4 6 9 7 9 4 9 6 8 8 9 4 6 2 4
534 3 6 8 7 3 2 3 9 8 7 1 9 3 4 6
441 9 3 2 1 2 9 9 4 8 9 6 2 1 8 1
414 3 3 8 3 6 7 7 4 5 2 4 7 2 3 1
416 2 7 3 6 2 6 3 8 2 1 5 1 7 8 2
10
617 4 9 7 6 9 4 5 9 6 5 9 5 6 6 2
468 5 1 6 3 1 5 9 2 3 8 7 6 8 5 4
413 1 5 4 9 8 6 2 6 3 2 6 3 7 1 1
518 3 2 8 5 8 2 6 6 7 3 7 1 4 8 3
387 2 1 6 6 5 3 4 4 4 5 6 2 2 2 5
408 5 1 3 9 6 4 9 4 2 1 9 6 2 9 3
576 7 3 5 9 7 3 6 9 9 4 3 1 4 7 8
433 9 1 2 7 2 3 3 2 8 4 5 8 3 9 5
466 3 7 6 3 6 7 3 3 2 5 1 7 6 1 8
506 4 3 4 9 6 1 8 9 3 1 9 3 6 8 4
10
534 9 2 2 9 6 2 4 2 3 7 9 8 6 9 3
487 3 2 9 7 9 1 4 4 9 1 3 7 1 7 5
515 9 5 6 4 1 5 9 3 1 7 4 5 6 5 9
571 6 4 3 8 8 5 8 8 5 2 8 6 8 1 9
538 5 5 4 9 9 4 2 1 4 8 2 4 9 1 7
540 9 3 5 4 5 3 2 7 3 7 3 4 8 4 8
576 9 4 7 5 8 2 5 6 9 6 3 5 6 1 5
419 3 1 8 9 7 6 6 2 2 5 1 1 2 7 7
424 5 8 1 1 6 4 5 4 2 1 8 8 1 9 3
489 1 2 9 6 1 2 4 4 7 8 2 9 6 9 9
10
574 5 9 5 9 1 9 5 6 9 6 8 2 8 6 4
529 9 6 7 2 1 6 4 9 8 4 1 1 7 4 9
501 4 6 1 9 6 7 3 3 5 7 4 5 7 8 7
474 6 3 8 5 8 3 5 1 8 4 4 9 2 9 1
539 7 7 7 4 3 5 5 8 3 2 6 1 9 4 5
640 9 2 7 9 5 4 7 9 5 7 2 6 8 8 9
431 7 3 7 1 7 4 9 3 2 3 1 3 8 3 3
487 4 4 6 4 5 4 2 3 6 1 8 5 8 1 9
516 5 7 7 8 7 6 4 5 9 1 1 9 5 2 5
624 9 8 4 9 9 7 7 6 8 1 1 8 7 4 9
10
414 3 3 1 1 9 1 3 2 2 8 5 6 4 5 5
362 3 1 6 9 6 2 1 1 2 6 4 3 1 4 2
503 2 5 6 5 6 2 7 6 9 7 8 7 2 3 1
535 4 6 8 5 2 2 1 3 5 6 5 5 9 7 9
451 4 7 3 4 7 1 4 5 1 3 7 1 3 7 5
458 6 2 2 4 7 6 9 5 1 5 9 9 5 9 2
485 4 9 4 3 3 8 8 8 8 6 5 2 2 7 2
484 3 5 7 7 9 8 7 4 2 1 6 5 5 4 5
502 9 5 1 7 6 1 9 7 4 1 9 3 3 6 7
525 2 6 4 8 7 4 2 2 3 7 4 7 7 6 9
10
492 2 5 2 6 1 6 8 4 5 9 1 8 9 6 9
416 1 7 6 4 1 4 1 3 6 8 3 2 4 8 6
414 2 8 3 1 2 7 6 7 4 9 2 4 3 4 6
451 6 8 9 8 1 2 4 3 3 1 8 7 1 5 3
565 8 8 8 2 1 8 9 8 3 8 1 7 7 7 8
560 9 7 6 5 3 4 3 4 6 7 5 9 3 7 6
471 5 9 3 6 5 3 6 3 4 3 4 8 6 4 3
561 6 7 6 5 8 6 9 6 5 5 6 4 4 4 6
473 5 5 3 1 6 1 1 8 9 3 2 6 3 6 9
476 5 6 9 7 3 2 7 8 1 2 4 1 3 2 7
10
476 3 7 3 8 6 5 4 6 3 6 9 3 6 1 2
351 3 7 3 4 3 8 8 1 7 4 3 2 2 1 2
356 3 4 4 3 5 7 1 7 4 2 3 2 1 9 3
525 4 1 9 5 1 2 4 8 8 7 5 2 9 5 4
405 3 5 5 3 6 1 1 1 9 6 1 2 4 1 7
428 1 2 5 3 5 1 3 7 8 7 9 4 4 2 1
508 9 7 4 4 5 4 9 2 6 6 1 4 9 4 2
572 8 9 6 2 4 5 8 6 3 5 8 6 4 5 9
552 8 2 2 7 8 9 1 4 4 9 7 9 3 7 8
499 5 3 3 5 9 8 8 1 2 6 9 7 7 9 4
10
485 6 9 5 4 2 5 8 8 2 5 7 6 2 3 2
558 9 7 3 9 3 5 9 3 8 7 8 4 3 2 6
485 4 1 7 2 3 8 1 4 5 5 8 8 5 9 8
609 6 9 9 5 2 8 9 7 3 7 7 9 7 3 5
586 5 2 9 8 1 8 7 8 8 4 8 7 9 2 9
517 4 4 8 9 5 9 6 8 8 2 1 1 2 5 9
454 5 9 1 4 1 4 3 2 6 9 8 4 7 2 1
466 4 1 5 2 1 8 2 9 6 8 9 1 8 9 1
483 5 7 2 2 8 2 8 8 3 3 3 7 5 3 9
406 5 2 9 2 2 2 3 5 1 8 4 4 4 7 3
10
424 5 2 6 2 3 3 2 1 2 1 7 8 5 9 8
493 2 5 6 6 7 7 2 2 1 9 8 7 6 7 2
481 4 4 7 2 3 6 1 2 9 6 8 4 5 2 4
414 3 1 4 1 9 9 5 8 9 2 1 2 5 1 2
519 4 9 3 5 5 1 3 4 2 6 2 9 8 9 6
521 9 8 8 4 5 3 6 3 1 8 4 9 2 2 3
518 4 5 2 9 2 1 7 9 9 5 6 3 7 2 9
390 4 1 7 7 1 1 6 9 2 6 4 2 3 6 1
407 2 4 4 9 4 2 5 4 3 1 4 8 7 3 8
489 6 8 3 7 7 3 9 1 8 4 1 1 6 1 9
10
550 3 5 7 6 3 7 5 9 8 9 3 7 6 7 5
558 8 3 3 3 5 9 8 7 6 8 6 9 5 4 7
453 9 7 2 4 4 2 2 4 6 8 2 4 2 1 9
477 3 2 5 3 1 4 4 7 4 9 6 1 8 3 7
497 5 5 7 4 9 6 1 3 2 6 9 3 2 3 8
440 5 4 5 4 6 7 4 9 3 4 1 7 4 6 2
586 7 7 7 8 8 9 3 9 6 5 4 2 9 2 2
374 7 2 1 4 2 5 6 5 6 1 7 6 5 1 1
385 1 1 2 1 4 2 5 3 6 7 7 8 5 4 2
556 9 1 9 7 3 4 2 8 1 9 6 6 5 9 2
10
606 7 8 9 6 5 9 5 5 3 9 7 5 9 1 2
608 9 6 9 5 8 1 1 3 3 6 8 4 8 9 3
530 8 2 6 8 4 3 1 9 4 7 5 4 9 2 6
578 7 7 7 6 8 3 1 9 7 4 6 8 6 3 1
408 2 8 2 4 3 1 8 6 6 3 7 1 2 5 5
499 4 8 6 4 6 5 7 6 8 9 1 6 3 4 1
509 7 1 8 1 7 7 3 9 7 3 2 7 8 3 5
488 2 3 9 3 8 6 9 7 3 4 8 3 3 2 2
480 6 5 5 3 2 6 6 7 8 5 4 8 1 7 4
465 4 1 5 1 7 5 5 4 5 7 8 4 4 2 9
10
428 5 1 5 3 8 4 8 8 3 4 4 3 5 3 3
493 8 7 7 2 7 9 1 3 4 5 6 6 1 5 2
463 1 4 6 5 1 7 1 3 5 8 9 6 7 7 2
424 7 5 1 4 3 6 3 6 3 1 6 9 6 2 3
596 8 1 8 4 9 1 9 6 6 9 9 1 5 9 3
406 2 8 1 4 3 6 1 6 2 5 2 3 8 8 4
443 6 6 4 4 2 4 8 4 2 1 3 2 7 9 9
427 6 1 7 4 2 8 6 3 2 5 9 3 7 5 1
511 3 7 3 9 5 8 1 4 7 7 6 3 8 7 3
462 1 8 3 5 8 6 7 9 2 8 3 1 1 8 2
10
430 3 5 6 9 1 5 7 1 2 9 8 2 1 3 6
536 2 5 6 5 7 3 6 7 7 1 3 4 9 3 9
562 7 5 5 2 9 8 5 7 3 8 8 9 3 8 5
481 8 1 8 9 8 9 1 3 3 1 3 9 8 7 1
583 9 6 7 8 5 3 2 9 5 1 3 8 7 8 9
467 7 4 1 7 7 2 4 4 4 3 3 9 5 5 6
398 3 2 7 3 2 1 6 7 4 1 4 6 7 8 3
464 2 3 1 5 8 6 6 6 9 5 1 1 5 6 9
532 2 9 5 2 4 2 6 6 2 6 5 8 9 7 6
482 6 9 6 7 3 3 3 2 1 4 9 7 3 2 4
10
369 2 6 3 2 2 8 4 4 6 4 2 6 3 4 8
535 8 8 3 2 5 7 4 4 2 6 7 7 9 3 9
483 5 5 7 2 7 6 1 2 5 8 6 6 5 3 2
438 8 6 1 3 8 8 8 9 2 1 5 2 3 3 2
393 8 8 4 1 2 8 6 8 3 1 2 6 1 3 4
423 2 3 4 2 4 8 3 7 6 2 5 6 7 5 3
453 8 7 9 5 2 9 6 3 3 6 4 1 2 3 5
535 4 4 8 8 3 2 8 6 2 6 4 6 9 3 8
514 6 4 4 6 9 4 3 2 9 1 4 6 8 5 9
640 5 4 5 2 9 3 6 7 9 7 9 7 8 7 9
10
446 8 1 5 7 1 9 7 3 4 7 3 3 5 5 4
465 1 9 7 9 2 4 1 4 3 8 2 2 2 6 7
469 9 8 6 4 4 6 2 9 2 3 2 1 1 8 4
460 6 5 4 3 1 4 9 6 9 8 4 1 1 3 7
581 9 4 2 9 7 7 6 8 7 8 8 4 3 5 1
353 4 1 6 4 6 2 9 5 2 2 4 2 2 3 6
546 1 9 1 7 8 7 3 5 7 4 7 8 9 7 5
482 2 8 1 2 5 2 9 9 2 6 3 8 9 4 8
522 3 7 2 1 4 9 9 8 5 8 8 6 8 1 4
555 9 4 3 3 7 6 3 1 8 6 8 5 7 4 8
10
514 1 3 7 5 2 2 3 8 4 8 8 8 7 9 3
371 7 8 1 1 3 2 5 5 3 1 1 3 5 6 4
602 3 5 9 1 9 8 7 8 4 9 7 4 5 6 6
582 9 7 6 1 7 7 1 8 1 5 7 6 7 9 2
539 7 2 4 2 9 3 9 9 2 2 7 4 9 2 7
485 7 8 5 4 4 2 3 3 5 5 1 3 9 1 4
408 8 3 5 2 6 8 5 9 2 1 4 3 1 4 3
471 5 4 3 8 6 6 4 9 4 3 2 7 1 7 6
411 8 1 3 5 8 8 3 2 8 2 1 5 1 9 2
431 4 8 4 2 4 7 6 2 1 1 6 3 9 8 6
10
604 9 4 6 8 2 3 2 8 8 6 5 6 8 8 4
581 6 8 4 9 6 2 9 8 9 1 9 1 2 4 7
448 6 6 4 7 5 2 3 2 8 3 9 2 3 5 2
679 9 7 6 9 7 2 4 8 9 8 4 7 7 6 8
489 3 8 5 5 5 9 6 8 3 4 6 4 3 8 5
574 5 7 7 3 4 1 3 7 9 2 6 7 8 6 8
496 2 8 8 6 7 5 4 8 3 4 4 4 3 4 5
461 6 2 1 8 7 3 6 7 5 4 6 3 1 9 5
496 7 3 2 8 2 5 4 4 9 7 4 1 9 2 4
536 1 9 9 1 6 9 6 2 9 6 5 9 3 1 5
10
480 6 5 6 4 5 4 5 7 5 3 5 2 5 1 8
549 3 9 3 6 9 3 3 2 9 9 4 8 2 9 6
588 5 3 7 9 2 7 8 5 9 8 7 6 6 8 8
477 2 5 1 4 9 6 9 6 4 8 4 2 1 9 6
559 3 8 4 8 7 4 8 2 8 9 1 7 8 5 5
365 6 1 2 2 5 2 8 4 2 1 1 3 6 7 6
499 5 7 7 5 3 5 9 3 8 3 9 8 1 7 3
501 7 8 7 5 8 5 9 1 1 7 6 8 2 3 1
484 6 2 5 2 3 2 3 8 1 7 5 6 7 6 9
270 4 1 2 1 3 8 1 1 2 1 2 6 2 8 5
10
509 7 6 7 3 2 6 9 8 4 9 7 2 4 2 3
523 2 8 9 6 4 1 4 4 6 1 9 4 9 6 1
488 2 9 8 4 5 4 9 4 9 3 3 9 5 2 3
420 1 1 7 7 2 8 4 1 6 4 6 6 8 5 6
415 6 1 3 3 1 9 9 3 8 5 5 2 8 4 2
516 5 7 4 8 5 2 4 7 7 4 3 9 1 9 5
381 4 1 1 6 7 5 5 2 7 2 4 8 3 2 7
513 1 5 7 7 9 7 8 1 6 6 3 7 8 9 3
360 2 7 4 8 1 7 3 3 4 4 1 5 4 4 1
410 3 1 4 6 5 1 6 3 5 7 4 1 3 8 5
10
498 7 1 9 7 1 4 3 7 9 2 8 3 6 1 2
505 8 6 6 1 6 5 5 5 1 6 7 3 5 4 3
421 3 6 4 2 8 9 1 1 1 1 7 4 6 4 6
389 5 2 1 6 3 8 4 6 3 8 7 2 3 1 6
466 9 1 8 1 1 2 9 4 6 8 9 2 1 7 4
528 9 9 7 9 8 3 8 7 2 4 2 5 2 2 2
533 5 4 8 5 2 8 6 5 3 8 5 6 8 8 4
467 5 2 8 6 9 8 6 4 7 2 3 3 2 6 7
452 4 7 1 3 4 1 8 6 9 2 6 4 5 4 3
550 5 7 6 5 5 1 2 9 6 9 1 3 5 3 7
10
514 4 8 6 8 4 8 2 3 6 7 7 7 2 5 7
555 3 9 8 8 6 8 6 1 7 9 1 7 6 3 1
455 6 2 4 5 7 3 2 5 7 4 4 3 5 1 6
564 9 4 9 3 7 9 3 7 8 3 5 5 4 4 7
563 3 5 9 9 6 1 2 5 7 6 7 3 7 3 8
526 3 1 3 6 9 1 2 6 4 7 9 8 2 9 8
475 2 8 4 3 7 6 4 4 4 4 8 9 5 6 1
449 7 8 6 1 2 6 7 6 2 7 1 8 3 9 3
584 9 5 7 5 2 6 8 9 9 9 1 2 5 3 8
454 5 3 8 5 8 6 1 5 4 2 5 3 3 7 2
10
452 5 3 9 9 9 9 5 5 1 2 4 4 2 1 2
495 1 2 2 8 9 5 1 8 7 4 8 3 4 8 4
564 8 9 4 5 2 6 3 6 3 7 9 8 5 4 5
481 7 3 4 5 4 6 6 9 8 1 3 3 8 1 4
386 1 1 1 2 7 7 8 5 8 2 7 1 7 7 2
504 3 7 4 9 4 7 1 9 8 6 4 2 4 9 1
404 7 6 4 4 4 5 5 1 1 4 1 9 8 1 4
474 9 1 2 8 3 5 7 1 9 8 5 5 8 1 6
469 6 9 3 2 5 5 9 5 2 6 8 2 3 5 2
469 4 7 5 2 3 7 5 2 4 8 4 9 3 4 6
10
534 3 6 8 2 7 3 8 4 3 7 5 5 4 9 8
464 3 4 4 9 9 3 5 5 5 5 2 8 2 3 6
548 5 5 6 7 9 9 5 2 8 1 5 1 9 5 8
462 6 8 3 9 4 1 4 7 1 5 8 8 3 1 2
419 2 4 3 8 7 2 4 1 3 6 6 3 3 9 4
623 7 4 9 9 9 9 2 9 1 8 6 9 4 5 7
520 7 4 1 7 6 4 5 8 4 2 9 4 7 7 8
454 2 2 9 1 3 4 2 6 7 9 3 9 2 7 5
582 3 8 7 8 9 1 9 8 4 7 5 9 2 6 5
403 9 1 7 1 3 4 9 1 4 5 5 6 5 3 3
10
484 9 5 2 4 8 2 2 7 4 5 2 4 1 8 5
539 3 7 7 9 4 4 1 8 7 8 2 2 2 8 5
341 3 2 1 5 7 8 6 3 1 3 2 6 3 9 5
514 3 9 1 5 8 3 6 3 3 9 4 8 5 3 7
443 1 2 2 1 6 9 3 9 9 3 9 3 2 5 4
561 5 8 1 7 6 4 9 5 7 9 7 2 6 7 1
434 8 1 3 9 6 7 7 2 2 1 3 3 8 7 8
544 7 7 2 8 5 9 3 3 6 5 9 2 7 8 2
554 9 7 9 7 6 7 8 1 4 6 9 3 2 3 5
427 5 3 4 3 4 3 4 2 1 8 6 8 3 9 8
10
484 5 9 6 2 2 5 5 5 1 8 9 6 4 3 1
454 1 8 7 7 1 4 9 9 2 1 6 1 4 7 9
446 4 4 3 3 9 5 1 1 9 7 1 8 2 4 6
434 4 5 1 2 4 7 1 9 9 2 3 9 6 4 3
500 2 1 7 8 3 1 1 4 8 3 7 2 8 9 7
473 2 9 4 7 6 7 6 1 2 5 2 8 8 5 5
450 1 2 4 9 6 7 9 5 2 4 3 4 7 4 7
604 9 9 6 9 3 7 6 3 5 8 6 1 6 4 7
392 4 3 9 9 2 2 7 8 5 1 1 3 4 2 1
521 8 7 6 4 5 4 7 3 4 8 3 4 3 7 3
10
452 4 4 5 2 2 3 6 7 2 9 3 2 5 9 4
425 8 1 1 6 5 5 7 7 2 1 7 2 4 5 7
588 9 1 8 7 7 9 4 3 6 7 9 2 6 7 5
485 6 3 8 8 1 5 8 8 6 7 3 1 2 7 7
341 3 4 4 2 1 5 2 2 2 3 4 3 1 6 9
577 9 7 3 4 1 9 8 9 7 9 6 5 6 8 3
607 8 9 6 7 2 7 7 8 9 7 9 1 2 3 9
388 2 8 1 4 1 9 8 5 4 6 5 6 1 2 7
349 1 2 6 4 2 6 1 2 6 2 4 7 5 1 8
480 5 9 3 9 2 3 4 3 9 4 4 1 6 7 3
10
413 2 3 6 2 9 5 3 6 2 5 5 4 3 3 5
524 5 9 2 2 3 3 6 6 5 7 9 7 7 2 4
425 7 2 4 2 9 6 3 4 3 5 6 4 2 4 6
558 9 3 6 8 9 2 2 5 6 6 4 8 3 5 3
543 2 9 8 3 6 9 7 7 8 8 1 1 2 9 7
477 7 6 4 9 6 9 4 7 7 1 3 1 4 7 3
443 4 1 8 2 5 6 8 1 2 1 8 8 8 9 1
360 7 5 1 2 2 9 7 3 2 4 3 9 2 8 1
678 9 9 5 8 9 9 3 8 1 7 6 9 9 1 6
417 1 3 4 5 4 2 5 6 9 3 4 5 9 2 2
10
761 9 9 9 9 9 6 1 9 6 8 6 9 7 4 9
469 4 7 4 7 3 8 4 6 3 7 3 2 3 4 5
453 6 1 6 9 1 3 2 6 3 6 5 2 9 7 1
559 6 4 9 7 6 6 4 5 2 6 7 1 8 8 4
500 2 2 3 7 8 5 6 9 2 7 5 7 5 9 4
606 1 7 7 2 9 1 7 7 8 3 8 6 4 9 9
612 9 5 7 8 9 8 8 3 6 6 4 9 7 7 2
548 7 7 7 3 3 1 1 9 4 3 5 3 7 5 8
550 6 8 1 2 8 9 9 6 6 9 4 1 9 3 6
428 6 7 8 1 1 7 7 9 4 6 3 4 1 3 2
10
504 9 3 4 2 3 2 8 2 9 3 7 5 8 7 7
458 8 5 5 8 3 1 2 4 5 2 7 4 1 8 4
521 8 7 7 1 2 1 1 9 8 9 1 8 1 8 5
457 4 5 3 2 1 4 5 7 3 5 9 5 6 4 7
432 4 2 5 6 9 9 3 7 1 3 7 7 5 1 2
536 9 1 9 9 1 6 3 6 8 3 5 7 5 3 9
478 7 3 4 7 5 9 2 7 8 1 7 4 5 3 1
574 2 8 8 2 8 5 6 8 9 9 6 5 2 8 1
575 7 2 1 5 6 6 8 9 7 9 6 3 5 9 9
501 6 4 5 2 1 9 8 7 7 1 8 3 8 7 9
10
610 7 7 8 3 9 1 5 7 1 3 9 9 8 6 7
440 1 7 5 1 5 7 1 1 1 9 9 1 6 4 4
487 5 7 2 1 3 3 7 8 5 1 6 9 9 2 5
624 9 2 7 8 1 1 9 7 9 8 9 1 9 5 9
470 4 4 3 5 9 6 1 4 5 1 3 3 7 7 9
444 5 9 1 5 4 4 6 2 7 4 4 5 1 7 7
451 3 9 2 5 4 4 7 7 1 4 8 9 4 1 3
510 5 7 7 9 6 7 3 5 5 1 2 3 8 4 6
485 3 7 3 7 6 4 4 6 8 2 7 5 3 3 4
409 1 8 2 4 3 1 3 7 8 4 1 2 3 4 9
10
561 5 9 6 9 3 1 3 8 5 7 9 9 4 2 3
516 7 5 6 1 3 7 2 5 9 1 6 3 8 6 7
405 3 2 5 1 1 7 3 2 7 7 4 3 8 5 6
616 4 2 9 5 8 2 1 6 9 8 8 3 8 8 3
415 1 5 2 5 3 3 2 6 6 1 7 6 3 8 5
573 2 3 3 9 9 9 2 5 2 9 7 8 9 6 7
541 7 1 1 8 7 2 4 6 9 8 5 7 7 5 5
413 6 6 2 6 5 3 4 2 8 3 1 2 6 2 2
443 5 3 1 9 4 4 5 7 8 4 2 6 4 5 7
542 5 3 7 9 5 8 6 4 4 9 7 3 9 1 5
10
449 1 4 4 3 4 7 4 5 1 7 2 9 8 7 6
379 4 1 9 5 6 6 5 1 4 2 1 1 2 5 7
556 4 4 8 9 1 6 4 6 9 4 9 5 8 8 5
522 8 1 9 5 8 5 4 8 4 3 4 1 7 3 6
407 1 2 7 7 1 5 5 2 6 4 5 6 3 5 6
531 5 6 6 9 9 9 7 4 7 8 6 8 1 1 2
434 3 2 7 7 7 4 1 3 6 2 6 2 5 1 2
455 6 6 9 8 2 6 4 9 2 1 3 1 1 7 6
550 7 4 2 2 7 9 7 9 9 7 8 9 2 4 3
512 3 3 9 5 5 5 8 4 8 9 4 9 2 4 5
10
544 5 7 4 5 9 9 9 5 9 3 4 5 3 6 9
528 9 9 6 3 2 3 3 6 7 5 3 5 3 6 5
456 4 6 2 8 1 8 7 7 5 1 2 2 8 8 6
610 8 6 9 7 5 5 9 1 4 9 7 2 9 1 7
455 9 3 3 7 6 6 7 8 2 5 3 6 2 6 3
513 4 7 4 2 2 6 2 8 6 8 3 7 8 6 6
534 1 2 9 7 2 1 6 9 4 7 8 7 8 7 1
440 1 3 4 1 8 1 2 4 8 4 5 5 5 3 9
411 7 1 3 8 9 5 4 4 1 4 1 1 4 3 8
409 3 6 5 4 9 1 5 6 1 1 6 1 2 1 4
10
449 2 7 5 5 7 3 9 3 3 1 7 8 4 5 2
346 4 2 1 2 5 1 6 1 3 2 8 8 2 5 3
469 8 4 2 1 1 7 6 2 5 6 6 3 9 7 9
552 9 3 7 7 3 2 1 1 5 7 9 7 9 9 4
582 9 3 7 6 9 4 3 5 4 9 7 2 5 7 3
555 9 9 7 3 8 3 5 5 5 2 4 4 3 6 8
457 4 4 1 1 5 2 2 9 8 7 3 4 7 1 5
428 1 5 4 7 8 7 6 5 4 4 4 5 3 3 5
432 4 5 1 6 6 2 4 3 1 2 6 6 6 6 8
512 5 5 9 3 6 1 5 1 7 3 4 7 3 7 7
10
393 4 8 5 2 2 5 7 1 1 4 9 1 2 3 7
543 5 3 9 5 4 9 5 3 6 9 9 2 9 1 2
422 5 8 4 6 7 2 3 2 2 4 5 3 1 1 4
541 7 5 5 3 2 7 7 7 6 4 6 9 6 5 9
470 6 9 3 4 6 5 2 5 4 6 5 1 2 4 7
466 4 7 3 2 6 9 4 7 8 4 2 6 2 8 5
460 2 1 7 4 2 8 4 7 8 7 4 4 5 6 7
570 8 8 3 2 4 8 4 2 8 4 7 5 8 7 9
493 9 9 8 7 1 1 4 4 3 3 4 2 7 6 3
507 8 5 7 9 9 9 7 3 7 1 2 6 2 4 5
10
475 8 7 1 2 7 2 4 9 7 2 6 8 1 2 1
454 3 4 5 5 4 7 1 8 3 6 6 1 5 4 4
515 4 9 2 9 8 7 9 7 6 2 5 5 3 4 6
551 4 3 7 9 2 7 5 6 6 8 9 1 7 3 5
461 7 6 5 4 4 6 4 1 2 1 9 9 9 2 1
503 4 8 5 3 3 7 3 9 1 8 8 4 3 5 2
498 9 5 2 7 9 3 1 9 4 1 3 2 1 7 8
524 6 7 7 5 7 7 3 1 3 7 9 7 2 8 1
337 6 3 4 2 1 2 7 2 4 3 1 3 2 8 4
454 5 5 4 5 3 3 2 4 1 4 9 4 7 8 4
10
266 3 1 1 2 1 8 1 7 1 1 4 3 7 2 2
420 4 4 4 4 4 4 6 7 6 3 2 8 5 3 3
535 3 4 4 5 9 7 5 7 7 6 8 1 6 1 8
510 2 7 2 9 5 9 1 8 4 8 7 7 2 8 4
447 3 5 8 4 3 2 7 2 9 9 2 1 4 5 3
418 6 3 1 9 1 1 2 7 8 5 1 9 1 4 9
585 7 8 5 2 5 1 1 8 7 8 3 2 6 8 8
518 1 4 8 2 7 5 3 1 9 8 9 9 4 5 5
404 2 2 5 6 6 6 7 3 5 1 7 9 3 2 4
444 4 8 1 4 2 7 2 8 8 3 2 6 7 7 3
10
501 9 1 6 9 6 1 2 1 3 7 7 6 2 7 9
494 1 8 1 7 2 4 9 6 7 3 8 8 5 4 8
529 2 6 5 3 9 9 2 7 3 6 3 1 9 5 5
535 5 3 8 5 8 2 3 5 2 2 9 7 7 9 3
462 3 2 3 3 7 9 5 5 3 7 6 7 6 6 1
472 7 6 1 1 5 3 8 2 9 5 3 7 7 8 5
384 2 6 1 9 2 2 6 7 7 1 1 8 2 2 6
513 4 9 4 3 9 7 5 3 2 9 8 4 1 7 3
404 2 4 8 4 1 7 3 9 1 7 6 6 1 1 2
442 7 6 1 2 6 4 2 9 5 4 2 8 3 7 2
10
566 6 5 7 1 6 9 1 5 6 7 9 4 8 9 1
586 2 2 9 2 6 2 8 7 8 9 9 9 4 8 6
455 4 5 3 1 7 8 9 5 2 5 6 9 7 5 1
369 3 2 1 3 2 8 2 3 5 9 8 8 3 4 3
539 7 9 9 2 8 7 5 1 8 7 4 7 1 6 1
328 1 2 4 2 7 1 2 2 7 1 9 5 1 1 4
461 4 6 1 7 3 7 1 8 7 4 3 5 9 1 3
485 8 2 5 3 5 1 9 5 2 1 9 9 7 6 4
479 9 5 2 2 4 7 5 6 3 9 9 3 3 2 1
631 7 4 6 9 6 9 2 4 7 9 7 8 8 6 5
10
629 8 9 5 7 8 5 1 3 6 5 6 6 9 9 3
468 1 9 9 1 1 1 5 2 9 3 8 9 2 7 2
433 4 4 5 2 6 4 4 8 9 1 1 3 8 6 1
446 2 7 2 5 4 9 6 3 9 5 7 4 7 4 1
385 1 7 2 9 1 9 2 5 1 5 9 9 1 9 1
546 1 6 4 5 8 2 7 6 8 2 7 1 7 6 8
521 7 6 8 1 2 9 6 9 9 8 3 7 1 7 2
402 4 4 7 6 2 5 5 4 2 9 2 2 1 1 4
453 3 4 2 2 9 1 9 7 8 2 3 4 8 1 6
519 7 8 9 6 4 7 7 1 4 4 2 9 4 5 9
10
444 3 1 7 1 6 9 3 3 3 9 6 3 5 5 2
483 5 1 9 2 5 2 1 5 8 4 7 7 7 1 3
520 6 5 9 9 9 1 7 5 2 5 5 7 1 1 4
465 8 4 3 4 2 4 9 7 5 2 7 1 6 3 5
525 9 4 6 8 8 3 1 7 7 3 5 2 1 9 6
566 4 3 9 7 6 6 5 7 6 6 5 4 8 3 6
502 7 7 4 4 1 5 2 9 9 6 2 5 6 7 2
429 4 3 7 4 3 5 2 2 4 4 3 1 7 8 9
512 2 1 2 2 7 9 8 8 5 7 9 3 6 7 8
470 4 6 6 7 4 9 6 5 2 7 4 5 6 2 4
10
651 9 8 7 8 5 2 8 8 6 8 7 9 3 9 5
447 5 3 6 6 9 8 6 1 4 6 6 2 2 4 4
421 1 1 1 6 3 1 2 2 8 8 6 3 7 3 9
465 8 2 1 5 5 6 6 8 7 3 4 4 1 5 9
546 8 9 4 1 4 5 6 3 4 7 5 1 7 7 9
516 9 2 7 2 5 5 5 6 8 6 1 2 7 6 6
437 7 6 4 8 1 6 9 9 4 2 2 7 2 3 7
485 7 2 1 7 8 2 7 2 8 6 2 6 8 3 6
513 8 1 5 7 3 9 1 3 9 4 8 8 4 3 7
402 9 2 3 2 1 7 8 5 8 1 8 4 2 4 3
10
363 1 1 7 2 2 7 7 1 2 8 3 5 3 8 5
582 5 5 9 6 6 8 3 8 4 3 5 5 9 2 6
639 6 3 9 7 5 5 7 9 5 8 9 9 9 1 7
466 7 2 8 9 8 4 2 1 2 5 1 6 7 5 5
514 5 3 4 5 7 9 5 5 8 2 8 6 5 6 3
473 3 9 2 3 1 8 9 4 8 2 3 8 9 4 5
436 7 3 1 6 4 2 4 4 7 6 1 8 3 3 8
464 2 6 5 3 9 4 4 3 5 4 7 7 4 3 4
450 2 9 3 3 3 3 9 7 4 6 4 7 3 4 5
475 9 3 2 1 6 6 1 3 7 4 8 5 3 7 4
10
391 3 1 5 5 1 3 4 2 9 5 7 6 6 1 2
522 8 6 8 3 2 2 2 7 8 3 2 5 8 7 4
401 6 2 7 3 1 8 1 1 2 3 4 6 9 8 2
357 7 3 8 5 2 4 8 1 1 2 2 2 3 2 3
529 5 8 4 3 2 3 8 7 3 8 9 4 6 5 4
504 7 6 2 9 7 2 4 5 9 5 2 1 2 1 7
470 9 5 3 7 9 7 1 4 3 2 9 3 1 9 1
483 4 9 7 2 2 8 8 5 7 8 1 3 1 2 9
416 8 1 4 2 3 2 3 6 8 4 7 2 4 2 1
330 3 6 3 4 2 3 3 2 1 1 6 8 1 9 3
10
505 8 3 5 8 8 4 4 3 1 9 9 1 2 9 1
481 6 7 4 3 2 3 6 6 7 3 8 2 4 5 6
461 2 7 9 6 3 2 7 1 1 3 8 2 3 5 9
412 8 3 1 3 2 8 5 6 3 9 4 1 2 3 7
539 2 6 3 1 8 2 7 1 8 8 7 7 9 4 7
544 6 6 7 3 6 2 8 4 6 7 8 4 6 1 5
458 8 7 3 2 3 1 6 4 4 3 6 8 1 5 8
438 5 2 1 7 4 7 5 5 9 9 1 3 5 3 3
443 2 1 6 4 3 7 6 7 8 1 6 7 2 8 6
338 3 4 5 1 1 6 2 3 4 5 5 1 6 1 1
10
421 6 3 1 1 4 2 7 1 4 5 2 4 8 8 7
464 5 7 6 4 2 6 3 9 5 3 8 4 6 3 1
467 9 1 2 2 3 7 8 7 9 2 8 9 7 6 2
504 8 7 1 7 1 4 9 3 5 7 7 8 8 3 6
474 2 6 4 4 4 5 6 8 9 3 4 3 7 7 1
487 5 9 6 1 6 1 2 5 7 1 4 9 2 9 6
453 5 1 5 5 7 6 8 2 1 7 4 2 8 9 2
484 5 4 8 4 4 5 4 1 7 9 1 2 5 5 4
388 4 6 4 1 2 3 5 9 2 2 5 5 1 7 2
511 9 7 8 2 6 5 5 3 2 8 1 1 9 6 2
10
412 1 2 3 7 4 3 3 6 5 7 6 6 3 7 4
480 9 6 1 9 5 5 9 4 9 7 3 1 2 4 4
414 3 5 2 9 2 3 4 8 7 4 2 6 4 2 1
532 5 8 1 7 2 8 6 6 9 8 9 4 5 1 8
500 7 3 2 5 8 4 1 8 7 3 1 4 9 8 3
405 2 1 3 3 4 5 3 6 5 7 4 9 7 8 1
426 6 4 5 5 4 4 3 5 1 6 5 4 7 1 4
409 2 1 1 4 8 6 5 9 2 6 1 9 8 9 1
469 5 3 3 5 4 6 1 7 8 9 2 3 1 7 8
578 6 8 4 9 9 1 2 6 2 2 8 5 9 8 3
10
452 3 9 1 3 5 6 1 5 9 9 4 7 2 2 2
494 5 1 1 3 8 9 5 8 5 8 3 9 8 9 2
477 7 3 2 6 2 9 4 7 5 6 5 5 5 6 9
456 5 6 3 1 5 8 6 7 8 2 4 5 6 9 1
520 8 5 6 6 5 4 7 7 1 6 6 9 5 3 1
435 1 6 4 3 6 3 8 1 6 4 6 9 2 5 7
417 3 6 7 2 2 5 8 2 9 2 1 6 3 7 3
375 3 4 6 5 6 3 2 1 5 3 3 5 1 4 8
501 8 4 7 6 3 5 5 6 7 6 3 8 2 7 3
452 8 3 2 8 5 1 3 3 8 2 9 2 1 9 7
10
567 9 6 9 4 5 7 7 8 2 4 8 3 4 2 6
498 2 3 9 4 9 2 1 4 4 4 3 7 5 5 7
609 8 7 8 9 1 4 2 6 1 6 9 9 9 8 6
420 6 1 9 9 1 7 3 3 5 9 5 6 1 1 1
416 6 3 9 1 4 2 4 6 1 7 2 1 4 7 2
476 4 3 1 6 4 1 8 7 4 6 9 5 5 4 6
562 8 7 9 6 3 1 8 5 1 2 9 2 9 3 6
409 3 1 5 5 3 5 2 6 5 4 1 6 6 1 9
411 7 1 1 1 1 7 7 7 6 6 3 2 6 3 9
633 7 8 5 5 7 8 4 8 5 8 4 8 9 5 9
10
480 1 5 8 4 7 7 7 1 4 8 7 6 5 1 1
513 8 1 8 8 7 5 9 4 3 4 6 4 4 6 6
458 5 8 7 1 5 2 3 1 9 4 3 2 8 3 1
490 9 1 4 6 9 3 8 2 6 3 5 5 5 6 3
502 2 5 8 5 2 9 9 5 5 6 6 7 7 2 2
519 6 9 3 8 2 8 7 4 6 7 4 4 5 2 7
457 2 2 3 6 8 4 1 8 2 9 7 3 4 5 2
463 2 9 8 3 5 4 4 7 1 2 1 5 8 3 7
530 9 6 3 7 7 5 2 4 1 9 3 8 4 7 6
540 3 8 9 9 1 8 9 2 7 3 5 4 7 9 8
10
411 3 4 2 6 2 4 9 4 8 5 6 3 4 1 8
526 5 3 4 9 8 7 7 5 7 8 3 5 4 1 7
400 2 4 9 4 2 6 3 2 6 7 2 4 3 8 1
537 1 9 8 1 3 2 3 8 9 2 9 7 8 5 5
397 8 4 7 2 9 7 2 3 2 1 1 4 3 1 4
404 3 2 7 1 7 7 6 3 9 6 1 2 3 2 2
499 3 6 3 6 2 5 3 4 6 4 8 2 8 9 8
506 2 2 6 6 7 3 1 7 9 6 9 5 5 1 2
435 9 1 6 9 1 7 1 4 3 5 5 2 2 1 9
450 1 4 5 9 6 4 4 4 2 7 7 3 4 6 5
10
504 5 5 6 3 5 4 7 2 5 2 6 4 9 6 9
501 5 6 7 3 3 2 9 4 7 3 1 2 9 7 5
500 9 9 2 9 6 6 1 4 9 2 3 2 5 1 3
535 7 7 9 1 6 8 2 2 6 2 4 4 6 8 5
564 9 5 5 7 6 4 9 5 6 2 7 6 4 8 8
503 9 8 5 2 1 6 3 4 3 6 5 6 9 2 8
525 6 4 5 8 5 6 3 6 7 8 9 5 2 8 2
616 8 6 8 8 3 3 4 4 5 7 9 8 9 8 3
390 9 2 9 3 2 3 5 7 5 1 1 1 5 5 1
549 6 5 3 8 6 4 3 4 8 4 3 7 6 7 9
10
433 6 2 2 8 6 2 4 6 2 9 2 9 4 5 2
395 1 3 6 6 2 3 3 4 3 7 6 9 1 2 5
546 2 4 7 7 6 4 4 7 2 9 2 7 9 6 7
517 4 7 7 1 8 4 3 5 5 6 1 5 9 5 4
605 7 9 4 4 8 4 3 5 3 8 8 6 6 6 8
466 3 9 4 9 2 5 2 9 7 1 2 4 1 3 9
548 3 6 9 8 3 4 1 3 9 4 8 4 8 9 5
481 9 3 9 5 1 5 3 3 6 5 8 7 1 6 5
343 6 5 5 3 7 3 4 2 1 1 3 2 2 2 1
501 3 5 8 3 9 4 5 1 4 4 9 7 7 3 1
10
474 5 9 6 7 4 6 6 7 5 2 1 2 2 5 3
383 3 1 1 3 5 2 3 7 2 8 1 1 7 9 1
588 5 6 2 5 5 9 5 9 9 1 8 7 8 7 8
514 4 7 9 4 9 2 8 2 2 3 6 3 7 7 2
440 3 3 6 4 7 9 4 1 2 4 8 4 5 3 9
586 2 8 3 8 4 5 3 5 8 9 9 9 9 4 5
443 5 4 6 2 6 9 3 9 2 7 4 2 5 1 2
485 3 8 9 7 8 9 7 6 2 6 3 1 2 1 3
456 4 3 2 9 6 6 7 1 7 4 8 8 4 1 7
585 9 6 2 2 9 1 6 9 4 8 7 2 8 5 4
10
492 7 3 3 3 6 8 8 7 5 5 7 6 4 1 9
523 1 8 3 1 9 9 5 5 7 6 5 7 9 6 3
490 1 2 7 7 3 9 6 2 4 8 6 5 8 6 8
478 7 1 7 1 1 7 4 7 4 8 3 9 9 8 2
437 7 5 6 9 1 5 7 5 5 5 4 1 1 1 9
461 4 3 1 9 6 1 8 1 6 2 6 8 4 8 7
477 9 4 6 1 4 1 8 5 8 4 2 2 8 4 2
575 9 8 4 5 6 5 1 2 8 7 7 1 7 5 4
560 5 6 7 4 4 2 9 8 1 9 3 7 9 2 9
436 5 4 6 3 5 4 4 1 7 4 8 7 3 3 5
10
449 8 2 3 5 2 2 2 3 9 4 2 2 7 3 8
425 2 6 5 5 1 2 6 1 3 9 6 4 8 4 2
539 5 6 8 7 8 2 2 2 7 8 7 5 5 1 3
467 3 3 9 9 6 1 9 2 5 7 1 4 7 2 2
507 6 1 3 8 5 2 8 5 2 8 8 9 7 2 7
556 2 9 5 2 9 6 3 9 8 1 6 4 6 9 7
571 5 6 1 9 9 4 6 7 3 8 7 5 8 8 3
479 6 9 1 6 5 5 6 3 3 3 9 1 5 6 3
449 9 2 1 6 4 6 6 9 2 1 6 6 9 1 5
497 4 4 2 6 8 9 3 4 6 7 7 8 7 2 3
10
567 8 7 4 1 3 1 9 5 8 6 8 5 5 3 9
569 7 5 3 2 8 1 8 5 6 8 8 9 6 7 3
475 1 6 2 7 6 7 8 9 2 1 6 3 4 7 9
577 6 9 3 7 7 1 6 5 1 9 9 1 8 2 5
408 7 3 2 3 3 6 1 7 2 2 2 6 7 5 8
546 6 7 3 9 6 2 1 4 2 2 8 6 8 8 8
430 6 5 1 3 8 4 8 5 3 3 1 3 5 1 8
408 7 5 2 4 1 9 8 4 8 1 7 3 4 4 1
598 7 4 9 5 3 9 9 4 6 7 7 1 9 7 5
526 7 9 3 7 7 5 5 1 9 2 8 4 4 6 2
10
400 5 5 3 2 3 8 4 1 3 4 8 5 5 4 5
530 2 5 9 8 5 2 1 3 7 1 9 4 8 3 9
600 8 7 5 9 7 7 2 3 8 9 2 8 6 2 6
439 8 4 6 6 7 1 7 2 3 1 7 4 3 3 3
471 2 2 6 4 7 1 2 8 6 4 6 1 4 3 9
293 2 1 5 5 3 1 4 5 1 1 2 1 4 5 3
435 3 6 6 7 2 7 2 8 1 7 7 3 1 3 4
551 4 9 5 7 9 6 3 8 4 5 7 7 1 3 3
523 3 9 6 7 1 8 4 9 6 7 4 9 3 4 2
444 3 1 7 1 3 7 2 5 5 5 6 2 5 9 9
10
413 2 3 1 6 5 8 9 2 5 5 8 8 3 1 5
493 9 4 1 8 1 1 5 9 1 1 9 7 6 6 9
542 3 8 9 7 4 7 7 9 3 1 1 8 7 4 8
441 1 7 8 1 4 1 2 4 6 5 6 4 4 2 7
542 7 4 2 8 9 4 6 6 6 5 1 2 7 3 9
557 4 3 7 6 4 1 9 3 6 7 6 9 9 5 7
459 3 5 4 5 3 5 6 2 3 9 5 9 9 1 3
463 5 6 7 3 6 2 6 5 1 5 7 1 2 5 8
625 8 8 6 7 7 4 1 8 9 6 4 3 7 7 2
615 8 5 6 9 8 4 9 4 9 8 7 6 7 3 3
10
471 9 2 4 1 9 6 4 3 6 8 2 2 4 1 7
579 6 7 7 6 6 7 9 5 2 1 8 4 7 8 8
604 8 5 7 3 8 1 5 7 4 4 9 8 8 6 1
516 1 5 6 9 5 9 8 8 1 6 6 2 9 6 2
522 7 2 4 9 5 8 3 7 4 9 4 1 6 9 4
555 1 7 2 3 8 9 8 8 9 8 1 7 8 9 6
527 2 6 4 9 9 5 6 7 1 5 5 4 5 9 9
426 1 1 2 5 6 1 9 2 6 6 6 7 3 2 9
475 7 1 1 7 7 4 7 5 6 7 6 1 4 2 8
579 2 5 3 5 7 3 5 9 7 6 7 3 6 8 9
10
394 4 3 3 3 2 6 8 2 6 9 2 1 3 7 6
410 3 7 1 2 4 9 3 4 9 5 6 4 1 2 8
523 6 8 3 8 5 6 6 1 1 9 6 4 3 4 9
394 4 3 4 5 7 1 4 1 4 5 3 3 6 7 2
476 3 5 4 1 5 7 2 9 6 1 8 8 1 8 6
484 8 2 3 4 7 6 6 3 7 8 3 9 2 2 7
468 5 9 4 7 4 3 2 1 1 6 7 1 5 9 4
467 7 2 3 8 7 2 3 6 7 5 1 1 8 8 1
441 6 3 5 1 2 6 6 5 4 7 4 3 9 3 4
441 7 2 6 6 6 9 3 4 6 2 3 1 5 7 2
10
443 9 4 1 3 8 8 7 8 4 1 4 3 1 8 7
549 1 2 8 7 9 7 2 6 8 8 3 1 8 6 6
382 8 2 5 5 2 8 1 6 2 1 5 6 1 8 4
351 5 2 4 5 7 3 9 2 1 6 1 7 1 6 1
431 4 6 4 6 2 6 3 2 7 4 2 9 8 2 3
367 5 6 1 2 7 5 2 2 9 1 1 5 3 6 2
404 8 5 5 6 1 6 9 3 2 6 1 5 3 7 2
426 7 5 3 1 4 2 6 3 2 1 2 9 6 7 7
308 2 1 8 8 1 6 8 1 3 1 1 2 1 2 7
536 9 2 8 5 8 9 1 3 3 7 2 4 8 5 8
10
537 9 8 3 9 4 2 8 6 1 4 6 9 9 1 1
515 6 1 7 7 9 2 3 2 7 2 4 9 9 6 1
526 2 7 6 7 7 5 8 5 1 6 9 3 4 1 9
570 4 9 8 3 7 2 3 7 1 2 8 8 9 9 5
600 5 4 5 7 8 1 8 6 7 9 4 2 8 2 9
410 5 4 1 6 8 9 1 4 1 7 8 1 2 8 2
474 2 1 7 2 6 5 5 9 6 5 3 4 4 3 9
324 2 3 3 2 4 6 1 2 7 1 1 4 8 4 4
512 2 8 1 5 4 5 4 7 7 6 8 6 6 3 5
400 7 5 1 5 1 9 6 5 1 4 3 8 2 5 6
10
443 8 9 2 1 4 3 9 2 4 6 1 4 7 2 4
463 4 9 6 3 2 3 1 1 6 3 7 1 7 5 8
512 7 2 4 9 7 7 2 3 7 2 9 9 1 8 4
430 9 1 1 2 6 2 1 6 4 6 8 9 7 2 1
546 6 9 6 1 5 3 4 4 8 1 8 1 7 7 5
596 6 7 6 8 1 6 4 9 8 6 9 5 7 7 1
444 2 1 9 5 9 9 7 1 5 4 1 6 7 7 1
496 2 8 2 9 8 3 4 1 5 7 7 1 7 2 3
521 8 7 5 3 4 5 5 6 7 8 2 5 3 2 7
490 7 3 9 2 9 5 1 9 4 2 3 3 4 1 5
10
526 1 6 4 9 9 2 9 9 1 4 6 8 8 7 3
581 8 8 2 9 7 4 3 5 9 4 6 1 7 8 2
475 9 4 5 5 1 1 3 5 9 3 9 5 7 1 1
579 4 8 8 9 5 8 6 7 7 2 8 7 5 6 1
495 5 1 5 7 7 6 8 5 5 4 2 9 9 2 9
463 8 8 6 8 6 2 7 4 6 2 2 8 1 4 1
294 4 1 2 7 3 6 2 7 2 1 1 3 1 2 4
540 5 8 5 1 3 8 2 5 8 9 3 4 9 1 4
457 9 3 7 3 8 4 4 2 5 3 3 4 1 1 6
459 3 9 4 1 2 6 8 5 3 6 5 3 6 8 3
10
460 1 3 6 7 3 1 7 6 1 6 6 6 5 8 7
549 5 3 7 5 9 3 8 6 5 2 4 9 8 7 8
416 7 4 9 4 1 2 7 2 1 5 1 1 4 8 5
481 7 6 9 2 4 4 8 7 1 2 1 8 6 7 5
387 2 5 7 9 2 4 3 2 1 2 5 5 4 4 5
394 7 1 4 3 4 6 1 1 3 8 1 9 3 9 4
364 8 2 1 1 7 3 2 1 6 3 2 8 1 2 6
439 2 6 2 6 1 6 4 5 9 9 2 5 6 1 3
589 6 7 8 3 8 3 3 7 4 5 9 9 5 5 6
479 8 2 4 8 8 1 5 2 4 6 6 2 7 3 2
10
470 4 9 1 4 5 7 2 5 3 7 7 3 3 9 5
486 8 8 7 5 2 6 3 6 1 4 3 2 5 3 9
401 6 1 4 4 3 5 1 5 3 5 3 5 7 1 7
501 5 7 6 6 4 2 7 8 3 6 7 3 2 6 4
468 8 5 3 3 7 3 8 4 7 1 7 5 4 5 5
382 5 1 6 2 5 3 1 3 2 3 5 5 8 3 5
507 8 7 4 6 2 8 2 9 1 2 6 8 8 6 7
559 4 6 6 5 1 1 6 8 9 9 2 6 6 6 6
506 1 4 7 1 9 3 9 9 9 3 4 8 7 3 3
526 3 7 7 5 2 7 6 9 5 1 6 6 4 9 6
10
472 7 1 3 5 5 1 7 1 9 8 4 3 4 9 7
509 8 5 6 7 3 6 9 4 2 7 7 8 1 8 2
395 9 1 3 1 6 2 4 4 3 5 4 9 1 1 6
503 4 2 8 8 5 7 8 1 2 9 5 2 9 4 5
513 8 4 5 8 6 7 5 2 9 4 5 2 6 3 2
542 1 4 3 9 2 9 3 9 9 2 8 7 8 8 7
521 6 7 3 8 5 7 8 4 9 1 6 6 4 7 4
335 5 2 1 2 2 1 4 5 2 2 6 2 3 6 9
603 3 6 8 7 5 8 3 4 5 6 8 7 9 7 5
454 5 2 2 9 4 2 9 7 2 6 9 2 3 3 3
10
539 7 7 3 2 5 7 7 1 2 9 6 8 9 5 9
385 2 8 7 8 1 2 9 2 4 6 1 2 3 6 1
435 4 1 6 7 5 7 2 4 2 6 4 1 5 9 3
444 8 1 6 5 6 1 1 1 7 3 2 5 8 3 7
508 7 3 6 7 8 7 6 8 2 9 3 1 8 2 1
595 5 8 9 8 7 8 2 2 9 8 3 8 6 6 3
608 8 5 8 5 5 2 5 5 8 6 9 4 7 6 3
480 5 1 2 5 6 7 3 2 8 2 9 5 8 5 9
502 6 4 3 6 2 7 9 6 4 6 9 7 6 1 9
570 9 9 7 5 8 8 7 3 4 3 9 4 1 7 2
10
521 4 3 4 5 7 9 9 8 9 4 5 9 4 4 5
491 8 4 9 2 8 1 5 2 6 3 6 1 6 9 1
347 4 6 1 1 2 7 7 5 4 5 2 3 1 6 1
612 3 6 9 6 7 8 6 6 8 6 6 7 4 3 8
568 4 4 5 7 8 1 2 4 9 9 3 7 7 5 3
437 2 1 7 2 1 8 8 8 3 3 8 9 8 7 4
426 5 1 8 3 3 5 8 6 1 8 1 7 1 9 5
443 7 9 1 6 3 2 2 7 2 4 7 6 5 3 2
649 4 2 6 9 9 8 3 7 8 9 3 7 9 9 7
545 3 5 1 9 7 4 8 4 3 9 7 7 6 9 8
10
646 5 9 8 5 6 7 3 1 8 8 9 9 9 6 6
530 9 5 3 5 7 1 4 3 9 5 7 2 4 6 4
475 2 4 1 4 7 5 1 6 8 5 6 1 9 6 7
444 2 9 1 6 6 9 1 3 2 4 2 8 6 4 5
332 6 1 1 6 2 2 4 8 1 3 1 3 5 8 1
472 7 2 4 6 4 5 3 5 7 2 8 2 3 9 7
459 7 2 4 6 4 3 7 6 3 3 4 1 8 9 4
497 9 6 1 4 1 1 1 9 7 9 3 3 8 5 1
486 8 4 3 7 4 8 9 5 1 4 2 9 8 2 7
661 7 9 8 5 7 3 9 4 9 8 8 1 8 7 2
10
537 5 5 6 8 5 6 2 9 7 6 6 6 5 2 2
426 5 7 4 5 4 6 2 4 1 5 6 4 8 1 2
426 6 6 6 5 5 3 6 4 1 1 3 1 7 5 5
474 2 3 5 7 6 7 4 2 9 6 3 1 6 4 5
526 5 1 7 9 8 7 8 8 4 6 1 1 8 1 7
613 4 9 8 7 9 8 3 8 6 2 6 8 3 8 5
416 4 8 3 3 4 6 9 2 1 6 9 3 1 4 7
466 4 1 5 2 8 6 8 6 5 6 4 1 7 2 3
533 8 5 5 2 6 8 2 9 2 9 9 7 3 5 4
480 1 7 1 7 6 6 4 4 7 7 2 3 8 9 1
10
428 1 9 4 4 3 3 2 3 4 1 7 9 3 1 9
486 4 5 4 5 9 8 6 5 9 3 4 4 4 3 6
520 9 2 5 9 1 6 7 7 5 5 9 7 5 8 5
493 3 2 7 4 4 8 9 7 9 2 7 5 5 6 5
469 3 1 4 3 6 7 8 6 4 9 9 2 1 9 2
497 7 9 2 8 6 7 6 9 6 1 1 4 5 6 2
415 2 2 8 1 5 9 5 6 1 4 1 2 4 9 7
580 9 2 8 5 1 5 9 5 9 9 3 5 8 4 9
637 3 6 7 7 7 6 9 7 5 7 9 5 8 8 8
553 8 4 2 8 7 4 8 3 8 5 8 1 2 9 8
10
445 3 5 3 8 9 5 8 2 6 6 1 1 5 3 5
477 2 7 7 5 3 9 4 2 9 4 6 6 3 2 6
441 9 3 7 4 2 8 9 1 1 2 9 9 2 5 8
627 8 8 8 6 6 4 8 8 1 5 7 7 8 5 5
563 9 8 5 3 7 7 1 8 4 5 1 6 8 6 8
473 9 5 2 5 2 1 9 8 8 6 6 8 3 3 1
439 2 5 9 5 3 8 1 3 3 3 5 9 7 1 5
502 8 3 8 7 4 1 6 4 2 4 8 6 7 1 7
530 8 8 1 8 3 1 2 2 5 7 9 5 7 5 4
426 8 5 9 1 1 6 7 1 2 9 2 3 2 1 6
10
505 3 2 8 1 7 4 7 8 8 6 5 3 7 3 2
523 4 8 3 5 6 8 2 2 5 5 9 8 3 3 8
525 1 4 6 1 4 9 6 7 9 7 8 2 1 9 8
439 5 1 6 5 8 2 7 5 2 9 3 3 2 1 7
537 7 5 7 3 5 7 3 8 5 8 3 9 2 6 4
538 9 4 8 6 9 7 3 7 1 6 2 4 3 4 7
491 8 7 1 1 7 6 4 3 2 2 4 5 9 7 9
497 9 4 5 3 6 9 9 1 5 8 3 2 7 6 5
513 1 6 5 9 7 1 9 4 2 6 9 8 7 5 1
425 2 2 6 1 4 4 7 2 4 9 6 9 4 5 3
10
543 6 8 4 7 6 4 3 8 2 6 9 2 2 3 6
422 4 3 2 3 2 7 8 1 7 5 5 7 9 8 2
603 2 5 9 1 6 3 8 8 7 4 8 1 9 9 9
437 7 1 5 1 3 2 9 7 1 6 1 6 9 7 1
545 2 8 8 7 1 7 3 8 5 5 6 2 5 6 7
554 7 6 2 9 5 6 1 9 7 4 9 6 5 5 6
486 3 4 4 9 3 8 3 9 5 4 6 2 7 9 1
527 7 4 7 5 4 7 3 3 4 9 6 4 3 8 8
608 5 7 9 6 7 8 9 3 4 9 4 2 9 7 1
493 5 5 3 7 8 3 7 2 1 3 9 2 6 8 7
10
448 5 7 5 4 8 2 4 3 4 2 1 3 3 6 6
435 5 6 7 3 9 4 2 1 2 1 6 5 4 2 6
400 1 4 6 3 5 3 1 6 6 3 3 9 4 3 4
542 9 4 8 1 3 1 3 5 8 8 7 5 5 5 3
436 3 2 9 8 3 8 3 2 5 6 2 4 5 2 6
551 4 4 8 3 8 2 5 9 9 4 7 1 7 5 2
492 9 7 2 9 2 5 6 5 6 6 3 1 8 3 1
559 3 3 8 8 3 5 6 3 9 8 8 2 4 7 9
594 9 9 9 5 8 3 3 4 5 3 5 9 2 7 7
430 1 5 8 4 4 7 1 1 7 3 2 2 9 6 6
10
505 3 2 8 6 7 9 3 6 6 3 3 4 8 3 9
457 3 3 1 7 4 1 9 8 1 6 7 7 4 8 3
486 4 3 4 9 9 1 4 3 5 2 5 8 7 5 5
487 4 6 1 1 7 8 3 7 7 2 7 3 2 9 9
445 6 9 2 8 5 7 8 6 1 2 1 3 3 9 3
330 1 2 4 3 6 5 4 1 2 8 1 9 6 2 1
466 2 8 2 5 2 5 9 9 3 7 3 2 7 1 6
527 9 7 2 8 3 6 4 2 8 2 9 7 6 1 9
377 3 2 1 1 8 2 1 1 4 6 5 6 2 8 5
414 5 2 2 4 8 2 6 3 2 3 6 7 8 3 3
10
474 2 6 4 8 5 3 8 5 6 5 7 5 2 3 7
449 7 9 3 3 7 2 1 4 4 4 2 9 2 6 4
472 9 9 5 5 4 2 6 2 9 2 7 1 1 3 3
432 1 5 5 3 4 3 9 2 1 9 7 2 4 6 3
397 1 5 2 9 7 3 8 6 4 5 1 8 3 3 1
501 5 9 6 9 1 7 2 6 3 4 9 2 6 1 5
503 5 4 9 1 8 1 3 8 5 5 9 6 2 4 2
463 8 2 6 7 4 7 2 2 9 1 7 2 5 6 5
619 8 6 7 6 4 5 8 9 7 9 5 8 5 6 3
548 8 2 9 4 7 2 4 5 9 3 2 7 5 6 6
10
591 9 9 9 3 1 1 9 4 8 4 9 4 1 9 8
512 6 7 8 3 5 4 9 7 3 1 2 8 9 1 5
406 2 5 9 4 3 2 1 3 2 4 4 2 7 3 3
481 9 4 6 5 8 9 5 2 2 7 4 9 2 1 1
454 5 5 4 6 7 6 1 8 4 2 8 6 3 5 2
463 9 3 5 6 6 5 2 8 2 2 5 6 3 6 6
446 5 3 2 9 6 2 3 7 8 3 2 3 8 1 4
605 7 9 6 7 4 3 5 9 8 7 8 3 7 2 2
450 1 9 5 6 4 8 1 5 1 7 1 9 1 3 8
494 1 7 6 6 8 8 3 3 1 1 9 5 8 6 2
10
504 3 5 9 1 5 2 2 8 1 8 1 9 9 9 4
519 6 7 3 2 9 7 3 2 4 9 5 2 7 7 6
448 1 5 6 3 1 6 9 7 3 2 9 8 6 6 1
437 2 1 9 3 1 1 8 5 8 2 6 6 7 5 7
521 2 3 8 5 6 8 7 8 7 7 3 5 5 4 3
498 5 9 5 4 4 2 8 4 5 5 5 4 7 7 2
463 3 6 8 2 8 9 6 2 1 2 4 3 9 6 4
427 6 2 4 8 1 9 6 4 5 5 2 1 9 7 2
499 6 7 6 8 3 5 4 3 8 9 6 1 1 6 2
422 2 8 6 2 4 6 1 4 2 8 3 8 3 3 6
10
512 5 3 1 7 9 4 7 1 1 8 7 3 7 9 5
476 2 9 5 4 4 3 7 9 1 1 5 7 3 7 7
477 5 2 4 5 4 6 2 4 9 6 1 4 7 4 8
363 2 3 7 5 2 3 1 1 4 6 1 3 4 9 6
547 4 3 9 5 9 4 8 4 9 5 5 7 8 3 1
485 3 8 3 7 3 3 4 9 5 2 9 9 2 4 6
496 3 8 9 4 1 3 6 8 4 4 3 1 9 8 3
386 4 5 5 4 6 2 6 2 8 2 3 1 3 1 3
583 9 3 7 5 9 8 3 2 7 8 2 3 4 9 7
575 5 7 5 9 5 8 9 4 4 6 3 5 9 8 9
10
566 9 7 1 1 9 8 5 3 7 8 2 9 8 9 2
393 6 3 2 4 5 6 7 1 5 3 9 8 3 2 3
475 6 7 2 9 2 5 7 7 1 8 5 5 3 6 4
420 4 2 8 2 3 4 3 6 9 1 7 9 4 2 1
491 4 6 2 5 9 2 7 4 2 4 6 7 8 4 4
442 9 6 7 7 1 4 2 2 3 2 3 7 4 3 8
489 7 2 9 6 2 4 1 2 4 1 9 8 7 7 8
430 7 4 2 1 5 8 6 5 6 8 4 2 1 8 2
432 1 6 2 2 3 6 6 8 6 6 6 3 5 3 7
509 3 9 4 1 8 2 6 8 4 5 3 5 7 4 1
10
565 8 1 7 8 6 6 1 8 3 6 8 2 5 9 9
499 1 5 8 1 5 4 7 9 2 9 1 7 5 1 8
526 7 5 9 8 2 6 5 9 3 4 2 9 5 1 5
495 6 5 6 3 5 2 8 5 8 2 6 3 2 9 3
463 9 3 2 7 7 4 5 9 4 1 6 5 1 9 2
546 3 5 8 9 9 4 1 3 2 6 1 5 6 9 9
626 6 7 9 5 9 9 8 9 9 4 7 4 1 7 7
553 5 2 9 9 6 1 7 3 9 4 8 8 2 8 5
529 4 8 8 1 9 2 8 8 2 4 6 5 8 4 1
534 6 6 5 9 3 2 8 8 1 6 7 2 3 7 8
10
333 3 5 2 3 1 6 8 8 1 2 5 3 2 4 4
530 5 2 1 9 5 3 7 6 9 4 9 4 7 2 7
528 9 9 3 6 2 3 6 7 6 6 4 4 6 6 3
411 2 6 5 2 3 5 8 7 1 5 2 9 6 2 5
455 1 2 7 5 3 4 5 4 6 5 9 1 8 2 2
521 7 2 4 8 4 1 5 5 6 8 5 5 7 8 2
444 8 3 4 4 1 9 6 4 5 5 3 1 9 6 2
468 5 8 1 1 1 1 5 3 6 7 6 6 5 6 6
467 9 8 2 3 5 9 2 8 6 4 5 9 2 1 1
598 9 4 4 6 1 9 1 6 8 9 8 5 8 1 9
10
535 3 7 7 4 3 2 7 7 4 2 5 6 8 5 8
431 1 2 6 9 8 3 7 5 4 1 2 7 3 7 8
390 7 1 6 8 3 8 5 3 2 3 5 9 1 1 4
508 4 3 8 2 7 7 7 6 7 4 6 5 5 8 5
444 5 1 8 2 1 8 4 6 7 7 1 1 7 2 4
402 3 4 3 8 5 4 9 2 8 3 6 3 2 9 1
487 6 5 3 7 4 2 7 6 8 4 4 2 4 5 5
482 2 6 8 2 8 6 6 2 4 5 8 3 1 1 9
400 1 3 4 1 3 1 9 1 7 9 1 4 8 1 8
420 7 9 8 3 3 4 3 1 3 3 6 2 1 5 1
10
543 1 9 9 2 4 6 9 8 7 5 6 9 1 7 3
444 7 9 2 2 4 8 5 3 9 2 1 6 2 7 5
522 9 1 8 4 1 1 9 7 7 8 8 7 2 1 7
535 4 9 2 9 6 7 7 7 2 2 5 3 9 7 9
505 6 9 2 1 8 6 2 7 6 5 8 5 3 1 1
489 8 5 1 3 8 5 7 4 5 7 3 8 2 9 3
543 4 1 9 1 2 1 5 2 9 8 9 6 7 5 8
579 6 9 8 6 8 5 4 7 7 3 5 1 9 3 2
492 4 9 1 3 6 8 9 5 5 7 3 3 4 5 4
519 2 2 9 6 9 5 3 3 3 7 7 3 7 4 8
10
580 5 3 3 2 9 6 6 9 4 7 5 6 9 8 9
470 5 9 2 2 2 5 7 5 7 6 3 5 3 5 9
455 7 4 2 3 7 8 8 8 8 3 3 2 6 1 1
389 4 4 5 4 3 9 4 2 4 6 5 4 4 1 3
545 7 4 8 9 5 4 4 2 5 7 6 1 3 7 7
317 2 6 1 1 1 4 1 7 3 2 5 6 1 5 2
486 3 6 9 1 6 7 3 1 8 1 6 8 3 6 5
464 5 4 4 5 8 9 3 6 1 6 4 6 2 3 9
514 4 2 9 5 4 2 1 3 9 4 6 9 5 2 9
524 9 1 6 9 8 3 4 3 4 7 8 6 5 5 2
10
551 1 3 5 7 5 4 8 4 9 9 9 6 7 5 7
392 2 5 9 2 5 3 2 1 4 4 2 3 1 7 7
487 9 4 7 9 9 8 5 1 4 3 4 7 2 3 3
518 6 9 1 3 8 4 5 6 2 7 2 6 7 8 3
497 5 8 8 5 4 3 4 4 3 7 3 9 3 5 3
622 9 9 2 2 7 8 3 3 8 8 6 8 7 9 6
432 3 2 1 2 6 1 9 2 6 7 1 8 8 3 8
448 6 4 2 8 9 3 5 1 5 4 3 2 4 3 4
415 3 2 7 1 7 9 4 8 3 1 1 3 8 5 3
327 3 5 4 2 5 2 5 1 7 2 1 7 3 4 2
10
490 6 1 1 5 7 3 6 7 7 5 6 9 8 5 2
381 1 3 4 4 5 8 3 9 6 2 5 6 1 5 3
487 5 4 6 1 1 8 7 9 7 3 2 8 9 9 5
398 3 2 5 9 1 1 9 3 3 4 3 8 9 4 4
490 2 5 5 4 5 1 4 4 3 7 9 5 5 5 8
568 6 8 7 1 5 1 2 9 4 7 2 3 9 1 7
516 3 7 7 3 1 9 2 9 5 3 9 3 7 4 8
504 4 6 5 3 6 4 4 5 8 6 2 6 1 9 7
464 1 6 4 7 2 5 1 9 7 4 2 2 9 1 4
487 3 8 5 1 8 5 3 9 6 6 1 2 7 4 2
10
514 7 3 4 1 6 7 8 2 9 7 4 9 8 7 1
483 9 2 2 2 4 6 1 3 9 5 7 4 4 6 6
565 5 5 7 7 4 2 2 4 3 6 8 8 9 9 7
361 4 2 5 3 5 6 3 4 2 3 6 2 4 9 1
471 8 1 5 3 5 6 6 7 4 4 9 6 7 1 3
396 2 3 3 1 2 2 2 3 4 7 1 5 8 9 5
354 1 2 8 4 1 1 9 4 8 7 3 5 1 4 1
451 2 5 2 4 2 2 4 9 9 3 1 4 9 6 5
404 2 2 9 5 2 1 1 4 2 9 4 9 5 1 4
565 4 9 5 8 7 8 8 6 3 6 4 3 6 5 5
10
501 4 9 1 1 7 2 8 4 9 2 7 4 9 1 6
565 9 6 3 8 7 9 2 6 5 8 1 8 9 3 1
480 4 3 9 7 7 9 3 6 4 3 5 8 2 1 5
567 2 9 8 7 1 4 8 9 4 4 8 8 8 1 7
499 2 5 5 5 6 9 4 9 1 4 9 8 2 8 6
470 4 2 7 5 5 2 6 9 7 4 8 1 5 4 2
370 1 2 9 1 2 3 5 2 8 2 5 5 4 9 2
535 8 9 4 2 4 3 8 9 1 8 9 1 4 9 1
420 2 1 4 3 8 9 1 9 1 7 2 6 6 7 4
539 8 8 7 4 2 1 6 1 7 4 6 5 8 3 5
10
417 4 8 8 6 2 7 2 1 3 3 2 3 6 4 6
557 8 5 3 6 5 3 3 5 7 3 8 2 7 6 9
443 2 5 3 3 1 7 2 1 6 5 6 6 9 8 9
507 9 4 7 8 2 4 2 1 9 1 4 8 8 6 4
446 5 4 8 1 5 2 9 7 4 4 1 1 3 3 7
481 1 2 3 5 7 1 9 5 8 5 9 7 4 9 6
492 5 1 8 5 9 6 1 5 9 1 8 1 5 4 4
438 1 3 4 3 8 7 6 7 1 7 4 5 1 2 8
395 2 1 4 1 6 5 9 5 4 2 4 2 8 7 2
508 5 6 7 7 6 2 1 4 6 6 4 7 4 1 7
10
634 7 8 8 8 5 6 4 9 4 7 6 4 9 3 2
582 6 9 9 2 2 8 6 9 5 8 2 4 9 3 8
518 8 2 2 6 8 7 5 7 3 7 5 4 9 2 6
343 3 4 2 6 1 8 9 3 6 3 1 1 4 1 9
515 6 7 4 3 2 9 8 5 7 5 9 5 8 6 3
429 6 7 5 7 9 4 4 4 5 1 3 6 2 3 1
536 9 9 4 2 5 5 4 3 6 4 8 1 6 7 3
435 1 3 4 7 1 9 7 5 6 5 5 9 3 3 8
407 3 2 9 2 4 8 4 6 1 7 7 7 1 8 1
546 9 6 5 3 9 4 7 1 6 7 9 1 3 9 4
10
418 3 1 4 6 3 3 4 5 6 5 3 3 6 4 7
407 6 2 6 4 2 2 7 4 3 4 4 1 7 1 4
488 1 1 7 5 8 6 6 6 8 1 6 9 8 8 3
383 5 3 2 4 8 8 1 1 3 2 2 6 6 4 7
529 3 7 5 4 3 8 9 3 5 8 6 9 8 5 5
576 4 9 7 8 7 3 1 7 4 3 9 3 7 6 2
380 4 1 1 1 9 3 2 4 5 3 3 9 1 6 6
500 8 8 2 2 7 6 6 2 2 4 2 5 8 5 8
485 8 5 4 4 8 7 6 3 1 7 6 5 5 5 3
335 1 5 5 6 4 1 6 1 2 6 1 8 3 4 1
10
562 9 1 8 8 6 9 3 7 3 5 6 3 9 9 4
551 3 9 7 8 4 9 5 5 6 9 6 6 2 2 2
599 6 4 9 9 4 1 5 9 4 8 7 3 9 5 1
568 9 8 6 6 3 1 1 9 2 3 9 7 9 2 1
307 8 3 1 1 4 6 5 4 1 1 1 1 2 7 7
550 8 4 6 9 8 9 2 8 7 1 8 2 8 3 2
541 9 6 3 9 5 7 6 3 6 9 3 7 7 1 4
430 7 3 7 9 1 4 9 4 3 8 2 4 1 6 2
515 6 5 6 2 6 5 2 2 8 9 7 1 2 5 9
419 5 3 1 7 2 7 9 6 6 1 7 9 2 1 8
10
328 6 2 7 4 1 7 3 1 1 3 5 8 4 4 1
541 5 4 2 6 9 8 9 9 4 9 4 9 3 4 8
478 8 2 1 9 7 8 3 7 4 1 2 6 5 6 8
447 2 6 4 7 7 3 8 8 9 2 4 3 1 1 5
514 6 8 9 1 7 5 4 1 4 8 6 2 3 2 8
485 4 3 9 6 9 5 5 3 1 1 1 5 5 6 9
443 2 6 3 5 7 1 6 2 1 9 8 1 6 3 1
404 6 3 3 4 2 6 6 8 8 3 1 3 5 1 8
508 3 3 8 2 1 7 6 4 6 9 6 6 4 7 7
557 9 4 9 9 5 8 3 2 8 3 6 1 8 7 5
10
519 5 4 9 3 9 3 2 4 4 8 2 2 5 6 5
468 3 1 3 7 9 9 3 4 5 6 3 9 6 3 5
500 2 3 9 2 9 8 2 1 4 2 8 2 9 3 8
534 5 6 7 7 8 7 1 4 1 5 9 1 3 2 9
440 2 8 9 4 7 3 8 1 3 2 5 8 2 9 1
551 6 3 8 6 4 2 5 5 7 9 3 8 7 4 2
509 3 7 9 7 8 8 2 3 9 1 2 2 5 7 2
523 5 8 6 7 6 6 3 7 2 6 4 4 2 7 3
443 9 6 1 3 8 8 9 6 2 2 5 1 5 1 3
389 5 4 3 2 3 9 9 6 2 9 3 1 5 2 2
10
405 4 1 7 7 6 6 2 7 2 1 4 3 9 1 1
453 5 2 9 1 7 4 7 3 7 9 1 6 3 1 4
496 7 9 4 5 3 1 2 5 1 1 5 9 9 8 4
468 5 1 4 1 8 6 8 4 9 2 5 3 9 5 1
536 3 9 7 9 7 4 3 8 8 6 2 4 2 4 3
626 9 7 6 7 7 9 7 2 5 5 8 6 9 8 8
543 9 1 6 9 2 1 8 4 6 4 2 9 9 8 9
534 5 5 8 9 6 5 3 3 8 4 1 5 3 5 9
520 9 7 2 1 3 9 2 8 5 8 8 2 3 9 5
546 8 8 5 7 3 8 6 9 5 6 8 6 3 1 5
10
441 1 6 2 3 2 8 6 4 9 8 5 7 6 6 4
529 7 2 3 1 4 6 6 7 5 8 6 1 8 8 8
444 7 5 5 4 5 4 8 2 5 2 5 3 5 1 4
470 9 5 1 8 2 6 7 2 7 3 6 5 5 2 5
487 4 8 4 2 7 9 3 6 2 7 5 6 7 3 2
496 5 9 2 7 4 9 6 6 3 6 6 5 5 4 2
559 3 6 8 6 4 8 4 7 3 7 5 9 7 3 6
380 5 4 3 6 2 5 2 9 2 6 2 1 1 6 6
565 8 3 6 6 5 9 2 2 4 4 9 7 9 8 5
586 6 5 6 8 6 5 2 7 9 8 8 7 1 9 1
10
482 1 6 7 7 6 3 7 2 7 6 5 5 3 1 9
425 7 8 3 6 2 6 1 1 7 8 4 4 3 1 2
516 2 4 6 5 9 1 8 4 4 9 3 5 5 6 5
411 1 3 6 5 5 5 1 2 3 4 4 9 7 3 6
427 6 5 5 3 7 9 4 3 6 2 1 4 5 5 3
481 2 5 6 9 4 3 3 1 8 2 4 7 7 9 3
499 7 7 7 9 3 3 3 3 4 1 6 1 2 9 9
524 3 4 7 8 9 5 4 5 3 5 1 8 7 8 8
585 6 7 3 9 4 7 1 8 4 7 9 4 5 9 7
519 9 9 4 8 1 7 9 3 8 4 3 7 5 3 6
10
476 3 1 6 7 9 9 7 8 2 1 7 1 4 5 4
501 8 2 5 8 5 7 8 4 2 6 4 3 4 7 6
524 1 3 6 8 5 1 9 6 5 9 5 3 4 5 9
278 3 2 4 3 1 8 3 6 1 1 4 1 1 3 8
530 3 7 9 9 4 7 9 1 6 6 8 8 1 7 1
420 1 7 6 8 1 4 4 8 3 2 5 4 3 3 7
579 7 3 5 8 8 7 2 7 6 3 5 4 9 8 8
506 5 7 2 8 4 9 3 6 8 2 1 9 9 6 6
646 7 6 6 1 8 5 1 7 5 9 9 1 8 9 6
509 9 6 5 4 3 3 2 8 2 7 1 4 8 7 7
10
489 7 3 7 6 4 9 7 6 2 7 6 1 7 3 4
401 4 2 2 9 5 6 1 6 4 7 5 3 5 3 2
396 5 1 4 6 3 9 9 4 1 4 8 4 6 1 1
540 1 9 7 2 8 3 7 3 8 5 6 2 7 9 4
440 3 7 2 9 5 9 2 1 2 5 1 7 5 4 9
482 1 5 9 2 2 9 6 6 2 9 9 4 4 3 3
452 5 5 1 4 1 5 4 9 7 9 2 1 2 6 7
569 6 6 9 7 7 1 6 7 2 2 1 5 9 6 9
496 2 2 9 2 7 1 6 5 4 9 6 5 7 3 2
509 2 6 1 3 7 2 7 5 9 9 9 5 4 3 6
10
418 6 6 1 1 3 3 7 7 6 2 4 1 7 7 4
436 5 1 9 1 6 4 2 2 7 4 4 4 2 6 7
393 3 4 3 1 6 9 4 3 9 3 2 8 4 7 2
582 9 8 4 7 6 6 1 8 5 7 5 6 2 8 6
577 8 9 8 7 1 2 7 3 3 9 4 7 2 8 8
547 2 4 7 7 5 6 2 9 2 8 6 7 5 4 9
563 3 8 1 1 3 5 5 8 8 9 9 9 9 1 7
415 6 2 5 1 4 6 2 7 4 1 4 9 4 9 1
479 1 2 9 2 8 8 1 2 2 7 8 4 4 6 7
467 4 2 3 6 6 7 1 5 6 7 8 4 1 4 5
10
491 9 2 7 8 8 5 6 6 2 5 8 6 1 2 2
563 2 6 9 7 9 6 3 4 3 9 8 4 7 4 3
527 9 4 9 6 6 5 6 8 7 2 7 6 3 1 3
426 5 4 5 3 5 6 8 7 3 3 2 6 3 5 2
497 7 5 3 8 7 5 4 6 1 7 7 3 6 6 1
480 1 4 1 4 2 2 6 2 8 9 7 9 6 7 9
445 7 2 4 4 8 4 8 8 1 1 8 2 5 7 2
477 5 5 4 9 3 5 7 2 8 7 4 5 2 6 9
461 2 4 6 1 6 9 7 6 4 4 4 1 9 4 8
493 9 3 8 1 3 7 9 3 9 6 4 4 4 2 8
10
464 8 6 5 9 4 8 5 1 2 1 8 9 3 3 7
431 6 2 4 3 1 4 1 7 7 1 7 3 4 9 5
364 1 1 8 3 1 4 2 1 8 3 6 6 5 2 4
426 3 2 7 7 1 1 4 1 7 2 7 1 6 9 9
445 9 5 2 6 6 6 1 4 3 8 4 6 1 5 4
497 7 3 1 9 2 3 7 5 7 7 7 5 5 3 7
428 7 1 1 5 5 8 9 8 8 5 3 4 1 8 3
578 7 7 5 6 9 4 6 9 2 8 5 5 5 6 5
541 8 1 7 6 5 4 8 7 8 5 2 9 1 8 7
535 5 8 2 9 6 2 9 8 6 3 6 8 4 7 5
10
459 1 6 3 6 5 9 5 9 5 5 1 9 8 4 3
610 8 7 1 6 7 8 7 8 8 4 7 8 5 9 7
464 7 4 5 9 5 1 9 3 6 2 6 5 6 2 4
522 3 8 6 9 8 7 1 8 5 3 6 6 1 2 8
470 4 4 4 2 1 1 3 8 8 8 9 4 2 9 2
445 6 2 6 8 2 4 1 6 8 1 8 2 2 4 3
499 3 4 9 2 7 5 3 7 6 7 3 9 4 2 3
581 6 9 5 2 8 4 8 3 8 3 9 2 2 7 8
493 9 9 3 2 2 1 6 6 5 1 3 4 8 6 6
537 2 2 9 5 4 9 9 6 8 8 7 5 6 5 6
10
404 6 5 1 7 2 3 1 1 2 4 7 5 7 5 3
487 9 6 5 2 5 8 6 5 5 6 2 3 3 8 5
317 8 1 1 2 4 2 8 2 1 4 5 6 3 6 2
397 9 3 3 1 8 7 3 3 1 2 1 4 2 7 6
588 9 8 8 9 5 3 1 9 2 2 6 7 5 1 8
472 5 1 7 7 6 7 7 9 1 3 8 5 1 4 8
440 3 7 6 3 5 7 7 4 2 1 2 9 7 1 5
477 5 6 6 8 5 7 2 4 4 1 9 3 1 5 7
479 3 7 9 2 6 6 2 1 6 1 8 1 2 9 5
549 2 8 5 4 5 5 9 3 7 9 6 9 8 9 2
10
550 6 8 9 3 3 6 6 7 2 2 3 4 8 4 9
559 2 9 5 5 9 7 5 9 2 7 9 4 3 3 6
461 7 7 2 5 5 5 1 9 6 6 2 2 4 4 4
355 4 5 4 5 3 6 2 8 1 1 3 6 3 4 2
491 6 8 5 1 2 6 4 6 2 6 5 8 5 3 7
428 2 2 2 6 6 8 2 5 9 3 4 6 5 7 2
396 4 1 3 2 6 9 9 5 2 8 1 6 7 4 2
460 8 9 4 3 2 3 8 6 3 1 4 1 8 3 8
327 2 2 2 7 1 7 9 5 4 8 3 5 1 1 3
441 1 8 9 5 6 9 1 9 2 1 7 3 2 1 3
10
535 6 5 5 4 1 9 5 7 9 4 8 1 8 2 9
458 3 8 5 7 2 2 1 5 2 8 3 2 3 9 7
484 6 1 2 5 4 3 7 7 6 5 4 3 9 7 5
401 3 6 1 1 1 9 8 7 3 2 5 9 7 2 8
423 8 1 1 3 6 3 1 6 2 4 5 2 6 8 3
496 4 5 3 9 7 7 7 8 6 5 1 5 4 5 5
488 2 2 6 7 6 7 3 7 4 9 4 2 2 7 9
619 9 3 8 5 5 6 3 7 9 8 6 9 7 5 2
563 6 6 7 3 8 6 3 7 8 3 9 4 2 7 7
506 2 9 3 1 4 7 8 9 7 4 5 8 7 4 3
10
518 7 4 3 7 3 8 9 7 3 7 1 5 7 8 7
491 4 7 1 8 4 6 2 7 5 8 4 4 9 7 1
493 9 5 1 5 4 7 3 9 5 4 9 9 1 6 3
480 2 8 1 7 5 1 6 1 7 7 5 5 8 4 5
369 5 4 6 5 6 9 1 6 1 1 2 9 1 3 5
414 1 3 3 5 3 3 4 4 7 6 4 3 8 5 5
489 8 4 6 8 1 9 3 9 7 6 1 4 4 1 4
494 3 4 1 3 6 9 3 4 7 9 4 1 9 8 6
397 2 3 6 2 1 9 1 3 1 5 7 1 9 9 4
452 1 8 5 2 4 1 6 9 7 2 8 5 1 2 5
10
404 4 6 1 3 2 8 8 1 4 5 5 9 5 7 5
529 6 3 9 6 2 6 1 3 3 5 9 9 8 5 5
504 8 2 9 1 8 1 6 3 8 2 4 7 5 3 5
481 4 2 7 3 9 8 2 6 4 7 1 6 2 8 4
488 2 7 6 8 4 3 4 9 2 6 6 3 3 3 3
335 1 2 5 2 4 6 6 2 8 5 1 2 1 2 9
499 3 8 3 8 6 5 2 7 9 1 2 3 6 5 7
541 8 6 4 9 8 1 4 8 5 2 2 5 7 8 2
474 9 1 5 4 7 2 1 2 4 9 1 6 8 6 2
543 8 8 5 6 4 4 1 6 5 5 4 1 9 6 4
10
550 9 7 1 3 3 9 5 5 7 5 4 9 9 2 7
538 6 6 9 8 2 2 6 7 4 6 3 2 4 1 9
447 2 8 1 5 3 3 5 7 4 7 8 8 1 3 4
319 5 2 3 6 1 1 3 3 3 2 1 5 6 4 7
642 5 5 9 8 9 6 3 9 7 1 6 8 8 9 3
591 9 4 6 9 8 4 7 8 9 5 5 3 8 2 1
452 3 3 1 1 3 6 3 5 6 4 8 6 8 6 6
427 7 3 3 7 1 5 8 4 5 9 2 5 6 2 5
425 2 6 3 6 3 8 4 8 1 2 5 9 6 2 7
442 7 1 3 1 8 8 6 5 9 4 2 1 1 9 5
10
385 1 3 4 5 5 8 3 1 7 5 1 2 2 5 9
455 4 9 6 7 2 4 2 4 4 6 4 4 1 2 9
550 6 9 4 4 4 8 9 4 8 5 8 6 7 1 2
603 8 8 7 9 6 4 2 7 7 7 9 2 4 3 4
416 2 1 9 2 3 1 2 2 1 7 6 6 5 5 7
465 8 3 6 8 1 6 3 1 1 2 8 9 9 7 1
449 3 9 5 2 3 4 7 7 9 5 5 7 2 2 1
657 8 8 9 8 1 6 9 7 4 7 7 9 7 3 9
383 8 3 1 6 3 7 7 2 2 4 3 2 5 7 7
391 2 1 2 6 4 1 9 7 8 7 3 2 3 5 5
10
440 2 3 3 3 6 9 6 1 6 1 8 5 9 3 9
485 1 4 8 1 5 9 3 5 3 5 5 2 7 9 8
559 6 8 9 2 1 9 4 9 4 3 7 9 6 2 6
455 4 2 4 3 8 8 7 2 3 5 9 7 8 2 3
503 8 5 5 6 9 2 7 9 1 5 3 1 2 1 6
591 8 8 8 9 5 6 4 7 8 2 8 4 4 4 4
429 3 6 5 8 1 3 4 2 4 4 8 6 5 9 1
456 9 1 4 4 5 4 1 8 6 5 1 6 6 4 3
327 3 3 3 1 3 4 7 1 4 6 6 7 4 1 1
514 7 1 5 6 7 1 3 8 1 9 3 2 9 7 2
10
432 1 9 5 8 1 2 3 5 4 2 4 2 7 5 6
524 8 3 1 5 8 7 1 8 9 8 2 3 8 1 2
421 3 2 8 3 3 3 7 3 7 5 9 1 3 4 2
497 1 6 9 6 3 2 1 8 8 1 5 1 7 9 4
460 3 4 3 3 8 3 6 5 2 1 5 8 9 9 7
391 3 3 1 5 7 3 9 5 3 1 3 8 6 4 3
485 7 3 8 3 7 3 9 2 7 6 4 8 3 1 1
449 7 1 1 9 6 9 2 3 4 4 5 5 7 7 4
396 1 5 3 9 1 1 5 7 8 2 2 4 5 5 1
468 3 9 4 1 4 4 1 2 2 8 5 4 8 3 9
10
472 1 1 9 1 6 2 6 6 9 7 3 9 4 3 1
552 4 8 4 8 8 3 9 5 9 4 2 5 8 2 6
494 1 9 5 7 1 7 9 5 3 1 8 1 6 6 9
541 8 5 5 2 4 6 9 9 2 5 5 2 5 9 9
592 4 4 6 7 9 7 6 8 3 7 9 4 7 4 5
389 5 7 4 1 3 5 5 5 7 4 2 4 2 2 1
437 5 9 3 5 2 7 4 3 1 7 4 6 7 3 3
496 1 8 5 3 3 3 2 8 6 8 1 7 5 5 8
473 7 7 1 9 8 2 9 3 3 5 3 5 3 6 2
479 2 7 7 5 1 2 7 3 6 8 3 3 9 1 4
10
466 3 6 9 3 4 3 3 8 2 1 1 6 9 6 7
440 8 1 4 9 8 1 2 6 2 1 5 4 2 8 3
467 3 2 1 8 9 3 6 3 7 4 7 4 6 8 3
553 6 7 2 6 2 3 1 6 9 3 5 7 8 8 8
485 2 8 8 2 6 7 2 2 8 4 7 7 1 4 7
457 8 6 8 4 1 7 7 1 2 7 6 3 1 4 6
525 7 9 8 5 4 7 2 6 6 4 4 6 1 5 7
547 2 4 9 9 5 7 2 1 5 9 3 4 9 2 8
440 8 9 7 3 2 5 2 2 6 7 2 5 4 1 2
504 8 5 2 3 9 9 5 8 4 4 6 2 6 8 2
10
413 3 2 7 7 5 6 7 2 1 4 6 1 5 1 4
572 7 7 7 7 4 7 6 4 9 5 4 1 7 6 4
377 1 4 1 2 5 1 9 2 7 3 5 6 8 2 1
405 4 8 4 4 3 3 4 3 7 3 5 7 2 6 1
554 9 6 9 8 1 5 3 1 8 4 8 4 4 9 6
430 6 1 4 6 3 3 2 8 9 8 2 1 7 1 2
506 7 5 2 1 6 3 6 5 6 9 9 2 1 8 3
420 6 1 6 9 1 9 9 2 5 5 8 5 1 8 4
510 1 6 5 3 7 6 5 6 7 9 6 8 2 9 3
381 2 5 1 9 2 9 7 2 6 5 4 1 2 1 8
10
520 6 7 9 3 5 1 4 2 8 8 3 7 2 3 8
403 4 9 5 4 3 7 9 5 4 1 1 5 7 1 2
341 2 9 2 2 4 4 3 6 2 2 3 1 1 2 6
388 1 1 2 6 1 1 7 4 6 9 5 2 2 2 9
480 3 3 8 4 6 1 2 1 3 7 6 6 8 6 7
426 9 5 1 3 1 4 1 5 3 7 6 8 1 5 4
437 1 7 2 3 2 5 8 3 3 6 6 8 7 2 9
514 3 3 5 4 9 7 4 6 6 4 3 5 8 7 9
421 7 2 2 6 4 5 2 3 9 8 1 7 1 3 8
532 3 5 2 9 9 9 3 6 3 8 8 8 1 5 8
10
516 8 4 9 1 8 4 1 4 1 3 6 8 8 3 5
509 3 5 2 7 9 3 5 2 3 3 5 6 9 8 7
501 9 7 2 8 2 9 6 3 1 5 7 8 9 3 4
451 6 9 2 9 2 8 6 1 5 8 7 4 2 1 2
495 2 2 6 6 2 7 8 8 6 3 9 6 2 5 9
457 9 1 4 1 4 8 1 9 3 5 1 6 9 8 5
400 1 1 2 6 8 6 7 1 7 2 7 2 5 1 7
581 9 7 7 5 4 8 7 5 8 3 1 8 9 8 4
390 7 4 6 1 2 4 7 8 7 4 1 2 1 4 3
484 9 4 6 1 4 7 3 9 3 3 5 8 6 2 6
10
383 6 1 8 8 2 3 7 3 1 1 4 1 4 9 7
576 4 8 7 1 2 3 4 9 9 8 8 6 4 8 2
519 4 3 6 6 3 9 3 6 9 6 7 1 9 1 4
498 7 4 1 6 2 4 8 8 8 7 2 7 3 8 8
578 7 5 9 7 4 4 4 4 8 6 8 4 7 1 6
428 4 2 7 5 2 4 4 1 7 1 4 8 8 7 4
510 7 9 2 3 3 2 7 3 1 4 9 1 9 9 4
571 8 7 6 2 7 5 3 3 7 9 1 5 5 1 9
552 8 1 8 3 8 7 2 8 8 8 8 4 4 3 2
453 2 2 1 6 1 2 4 8 6 8 9 3 5 8 5
