250 10
1250 1250 1250 1250 1250 1250 1250 1250 1250 1250
10
303 8 8 5 4 2 8 5 5 7 8
307 1 5 9 6 5 6 7 1 9 6
280 9 8 5 4 5 6 7 2 2 4
281 9 8 4 2 1 6 5 7 9 4
319 2 9 9 7 1 8 8 4 9 9
293 6 3 7 6 4 2 6 9 8 4
259 8 6 6 6 2 5 1 5 7 1
298 9 2 9 6 2 7 7 7 3 7
314 7 2 3 8 7 8 3 8 6 4
215 6 8 1 2 1 5 7 7 2 4
10
271 6 8 2 5 9 2 8 5 1 4
243 3 1 4 1 6 6 5 5 9 8
312 5 9 5 6 2 8 7 3 9 4
261 4 3 7 5 8 3 6 2 3 8
328 4 5 9 7 4 1 9 8 8 8
283 9 3 5 8 1 6 2 3 6 5
284 5 6 4 7 3 9 8 8 3 2
297 6 4 8 5 5 4 9 7 5 5
331 6 5 2 9 7 8 9 7 3 2
302 9 5 7 1 9 8 8 1 3 4
10
209 2 2 8 3 5 6 3 3 3 2
197 1 4 2 6 1 9 5 1 7 1
289 5 6 7 5 7 1 6 6 7 4
237 3 5 4 7 1 1 7 9 5 6
270 3 9 7 4 3 7 2 4 7 7
195 4 1 1 5 4 3 1 7 3 7
250 2 3 9 4 4 8 3 5 6 1
308 9 5 4 8 9 1 1 6 6 7
347 8 1 6 4 7 7 9 3 8 9
237 9 6 3 3 1 6 4 5 5 5
10
178 7 3 3 2 3 1 1 3 5 3
276 2 5 6 9 6 5 4 4 4 6
256 9 3 1 4 7 2 6 9 3 4
233 7 2 1 3 5 9 7 5 1 3
241 6 9 1 1 5 9 6 5 5 1
320 9 1 1 8 5 7 8 6 9 1
282 5 3 2 8 7 1 5 5 8 5
307 7 6 8 4 3 9 8 7 8 1
285 6 2 7 2 9 8 3 5 4 4
193 1 4 4 6 1 4 3 9 1 8
10
226 1 2 9 2 3 7 6 8 6 6
382 8 4 8 9 7 6 9 2 9 2
229 6 9 1 4 2 5 2 9 1 8
260 8 4 6 3 2 3 6 6 8 6
315 5 7 7 8 6 3 7 7 4 8
302 2 6 6 7 7 8 4 1 9 5
253 8 3 9 1 1 7 5 5 4 6
241 7 2 2 4 5 3 8 6 2 3
307 7 5 9 3 1 9 7 5 7 6
277 8 8 8 4 7 1 7 3 2 5
10
323 8 9 9 5 9 4 3 5 8 4
285 2 9 8 8 1 6 3 4 7 9
268 7 3 4 7 1 8 6 5 7 2
283 8 4 5 4 5 1 8 4 7 4
222 2 1 7 4 5 9 5 1 4 2
264 5 8 2 2 8 3 2 5 8 9
318 7 8 5 8 3 6 5 2 8 8
248 8 1 2 2 9 4 2 7 7 3
287 8 1 6 1 9 9 4 8 3 3
288 7 6 7 5 6 4 5 3 3 5
10
245 5 4 6 1 9 1 1 2 7 9
201 1 1 9 4 5 5 8 1 2 1
318 9 9 2 8 1 5 8 6 7 7
241 5 7 9 2 2 4 5 1 8 2
264 7 6 3 5 8 6 5 1 4 2
283 8 2 3 2 9 4 6 2 7 8
278 6 8 6 5 8 5 3 6 2 3
276 6 6 2 8 7 2 1 8 9 2
256 5 2 4 5 7 4 1 5 7 8
302 9 6 8 3 2 9 4 1 8 7
10
279 1 5 8 8 7 2 1 7 9 8
277 6 7 1 3 9 7 4 1 2 8
295 9 9 1 9 3 4 7 4 1 5
201 7 4 9 1 2 3 4 1 3 7
297 6 4 1 9 5 9 1 9 7 3
314 3 3 7 7 9 6 4 7 4 6
182 5 2 6 3 1 7 2 2 1 8
265 3 6 8 6 1 4 9 5 7 4
244 3 4 1 5 6 8 7 2 4 1
307 9 6 6 5 6 3 2 3 9 9
10
286 6 1 4 6 8 3 8 8 2 9
234 6 4 2 5 1 2 8 9 7 2
266 9 5 8 2 3 7 2 8 6 4
237 3 3 3 5 5 8 3 5 6 1
200 4 2 7 2 3 6 1 6 1 8
256 1 5 5 4 5 8 6 2 6 9
241 8 2 8 1 4 2 6 9 2 7
297 3 7 6 9 9 1 8 6 1 5
259 4 6 3 6 5 8 6 2 7 1
236 1 4 2 9 2 8 5 9 2 2
10
316 6 3 8 5 7 5 8 2 7 5
308 5 3 5 7 6 7 9 4 9 1
231 1 4 2 5 8 2 3 3 8 5
204 2 2 2 5 4 4 8 7 3 2
253 7 9 6 2 5 8 1 5 8 1
231 2 5 9 5 6 9 2 7 1 3
264 9 8 1 1 6 6 6 2 4 7
252 3 1 1 6 1 5 5 8 9 8
265 8 6 3 1 6 5 6 5 6 4
239 5 6 1 9 1 9 3 2 4 5
10
302 9 4 1 8 7 1 8 1 9 2
249 4 5 7 3 5 5 3 8 5 3
223 7 2 3 3 4 4 2 4 6 2
326 9 9 7 7 6 6 3 3 7 6
317 9 3 7 3 7 4 9 6 7 6
166 2 5 7 2 2 3 3 4 3 2
345 5 4 2 9 8 5 9 2 9 3
288 6 4 6 6 8 5 2 1 6 7
304 1 8 7 6 7 8 2 9 8 8
323 8 7 9 6 1 7 8 2 7 9
10
307 9 3 6 6 8 2 1 9 6 3
269 4 1 7 9 5 5 2 5 9 1
234 1 2 5 8 3 6 6 1 5 4
265 3 4 8 9 1 4 9 6 3 2
275 8 8 4 9 2 5 1 3 1 9
252 2 3 8 5 5 3 7 2 5 3
280 8 6 9 1 5 1 5 8 7 7
239 8 3 6 9 2 1 1 2 3 8
196 2 3 1 3 2 1 7 9 4 8
227 4 1 9 7 2 5 5 8 1 3
10
339 6 2 8 6 8 7 8 7 7 4
294 8 2 3 8 6 6 7 5 1 2
274 8 4 1 8 6 5 4 2 1 5
312 4 8 9 5 4 8 3 4 9 6
290 8 7 1 8 2 7 4 3 4 7
291 5 7 9 9 1 8 4 7 7 1
296 1 1 6 8 3 8 6 8 9 4
272 8 4 1 3 1 7 7 8 8 6
180 3 2 2 1 9 2 2 8 2 2
197 1 8 9 2 5 5 4 1 1 4
10
355 7 1 9 9 8 6 4 6 4 7
256 7 6 9 2 6 3 1 7 4 5
299 7 1 9 9 2 9 6 3 1 8
230 4 9 2 6 1 4 2 1 4 9
236 4 9 6 1 7 6 3 1 5 4
253 6 8 2 6 2 9 2 9 4 3
334 3 3 4 8 5 8 9 8 9 6
295 7 8 1 8 4 5 7 9 5 6
305 3 5 2 8 2 6 9 6 9 5
301 4 9 5 3 7 6 6 7 9 2
10
293 4 4 4 6 6 6 6 5 5 9
245 1 8 3 4 9 4 1 2 8 5
376 5 7 3 8 9 9 4 8 9 9
244 2 4 1 8 7 7 5 1 4 4
203 1 5 7 1 1 6 5 7 8 3
208 4 4 9 2 5 1 8 3 4 1
282 3 4 8 5 9 1 3 6 9 5
352 8 8 9 7 5 6 3 6 9 9
332 7 5 8 6 9 7 3 4 9 2
259 7 8 1 6 6 3 7 8 3 2
10
167 1 3 2 4 5 1 9 3 1 3
215 1 3 8 6 6 1 6 1 1 9
195 6 7 1 3 1 5 7 5 2 2
303 6 3 9 1 9 2 8 6 7 8
196 8 7 3 3 1 1 2 5 7 2
308 9 4 6 7 1 1 9 3 7 9
271 1 6 3 7 8 8 3 1 4 5
274 3 9 4 3 8 8 6 8 2 8
232 4 7 2 3 8 2 4 7 2 9
260 8 1 7 2 6 3 6 2 5 2
10
284 8 1 9 5 5 1 9 2 6 6
205 1 5 1 6 7 4 3 3 2 6
219 1 3 5 3 5 1 9 5 8 1
366 9 5 9 9 7 4 2 5 9 6
225 5 9 9 3 4 5 1 9 3 3
199 9 8 1 4 1 3 3 1 2 6
329 5 7 8 4 8 6 6 9 5 8
226 5 2 5 3 5 1 9 4 3 4
294 3 6 6 9 5 8 4 9 1 5
323 9 3 3 7 6 3 9 7 5 9
10
207 7 1 1 1 9 1 5 2 2 5
357 9 6 5 9 7 6 4 2 6 7
252 9 4 5 4 2 3 5 5 5 8
228 3 9 7 1 2 8 3 8 5 4
199 6 9 5 3 1 3 1 3 3 8
274 2 9 8 3 6 6 3 4 9 5
298 3 1 6 5 6 6 9 9 7 7
261 8 8 2 5 1 7 5 6 2 9
304 2 1 3 9 9 3 8 8 3 7
286 7 9 9 7 9 1 4 7 2 3
10
322 8 6 8 1 9 9 3 4 6 9
275 2 8 6 5 6 9 1 2 8 9
225 6 1 7 3 2 1 2 8 9 2
220 1 5 3 7 5 2 6 9 6 1
215 6 4 5 4 2 4 6 6 2 6
309 8 6 9 7 2 5 3 7 4 7
246 3 6 8 2 6 8 2 8 5 1
225 7 3 2 5 2 2 1 9 7 7
277 1 6 7 8 2 9 5 1 7 9
390 8 5 9 9 9 1 9 4 9 4
10
322 8 6 7 9 3 8 7 4 3 7
219 4 1 6 4 5 3 4 3 5 4
248 1 2 3 6 3 5 6 8 9 5
214 1 2 6 5 6 6 5 5 1 2
368 9 6 2 7 9 9 8 3 5 9
275 7 9 7 3 6 2 7 6 6 1
156 3 2 3 2 2 6 3 1 1 4
197 3 4 1 1 4 3 2 1 7 8
275 7 7 9 8 1 6 6 1 5 2
319 7 6 4 4 8 5 5 7 7 7
10
282 4 2 4 2 7 8 8 5 7 9
345 7 8 3 8 6 7 6 5 8 9
198 4 7 1 3 5 9 1 8 1 1
198 2 7 2 2 4 8 5 4 1 8
245 6 1 2 5 4 8 4 2 4 5
240 4 1 6 2 7 7 8 4 3 3
272 2 7 4 5 7 8 7 4 1 6
203 3 1 6 1 8 4 5 6 2 2
232 5 9 1 7 8 5 4 3 1 1
277 1 2 4 6 9 5 2 3 9 8
10
249 9 9 3 2 4 5 1 9 4 7
279 4 8 5 7 5 6 7 4 2 8
272 5 1 8 4 3 1 9 6 5 9
286 2 7 6 1 7 6 8 8 9 9
167 1 1 4 2 2 1 8 3 6 3
217 3 3 5 1 5 5 2 4 8 7
190 1 5 9 2 1 8 4 2 1 4
348 6 4 6 8 4 9 4 7 8 9
290 5 1 5 7 8 6 2 9 6 3
288 7 4 9 9 1 3 6 1 3 6
10
261 6 7 4 8 2 2 1 7 8 5
292 9 8 2 5 4 7 4 2 8 3
237 3 7 2 3 9 1 3 3 9 2
287 3 4 3 7 2 8 6 7 8 5
224 5 6 2 5 3 3 1 9 3 6
181 1 1 4 2 2 6 5 9 5 3
253 3 5 9 1 2 5 9 5 8 4
216 8 5 1 2 2 9 1 3 2 9
323 8 2 3 7 3 2 9 8 7 9
278 1 2 7 9 8 8 2 7 2 6
10
278 5 8 9 8 5 4 2 9 1 7
213 3 6 1 8 2 6 2 6 1 5
358 5 7 7 9 8 3 7 4 9 4
286 5 7 5 4 6 5 6 8 4 5
146 2 6 2 2 2 1 9 2 1 1
235 9 6 7 5 2 3 2 4 1 9
231 3 2 1 4 9 2 9 1 2 4
321 8 9 5 9 4 2 4 6 8 9
242 3 9 9 7 6 2 4 3 1 4
381 9 7 9 9 8 4 3 7 9 6
10
335 1 4 5 9 9 8 8 6 5 9
408 9 3 4 9 8 8 6 4 9 9
265 5 8 6 6 2 6 7 7 5 2
180 2 3 1 4 4 5 3 6 2 4
219 4 3 7 3 3 2 2 7 7 6
210 2 2 1 7 6 2 4 4 5 4
313 3 8 9 7 7 1 6 8 4 9
277 8 5 3 8 5 1 4 4 6 6
258 1 7 7 6 7 2 3 1 9 5
243 6 5 3 4 2 9 2 1 7 6
10
223 1 8 3 9 6 1 2 8 4 2
268 3 1 9 5 6 5 3 6 3 7
213 2 6 6 3 6 3 1 8 8 1
316 8 8 3 7 9 7 3 2 5 4
297 6 5 3 5 8 2 6 8 6 6
222 5 2 4 2 6 2 3 3 5 7
342 7 8 5 7 8 5 4 7 7 7
251 7 1 7 5 1 7 9 7 2 2
301 7 7 9 2 8 4 6 1 5 8
257 7 7 8 8 4 2 6 6 2 1
10
292 9 2 8 1 8 5 5 6 4 8
380 9 5 4 9 8 9 5 9 8 2
262 3 6 9 6 1 5 7 9 8 2
295 8 9 1 6 5 1 8 5 3 9
257 2 8 8 1 8 1 5 6 9 6
280 5 7 5 7 7 2 9 5 4 3
353 7 6 4 3 8 9 5 5 9 9
312 2 3 6 9 2 7 7 5 9 5
255 8 5 7 6 4 4 1 5 5 1
215 6 2 6 2 5 1 4 8 5 2
10
202 2 8 8 2 3 4 5 8 2 2
219 3 5 1 4 7 7 3 3 2 6
180 1 9 3 1 1 3 3 5 7 8
314 2 4 6 6 8 9 3 6 9 9
304 2 7 6 6 9 2 2 6 9 7
277 5 6 8 2 9 5 8 9 5 1
219 1 5 6 2 7 8 2 3 3 5
309 5 5 9 7 8 7 4 4 4 6
221 1 7 7 3 6 3 1 7 5 9
327 7 1 8 3 6 9 7 8 8 7
10
256 3 2 1 7 3 7 8 2 3 8
276 7 7 5 2 7 4 9 4 2 7
261 8 5 5 3 5 7 4 7 1 3
240 5 8 3 7 2 4 2 3 7 6
272 7 7 1 9 4 8 4 4 3 3
316 9 7 9 5 4 2 6 9 8 7
305 8 6 7 3 6 2 9 3 7 7
340 9 5 6 6 6 2 8 6 6 8
183 1 6 1 5 6 4 2 5 3 1
270 9 9 7 1 7 8 2 8 3 4
10
222 2 2 5 4 2 7 6 8 2 8
176 1 3 5 1 9 4 3 8 2 2
245 8 3 1 6 4 3 4 2 7 5
230 2 4 6 7 5 1 4 5 4 4
274 8 5 1 8 5 4 4 7 3 1
295 4 6 7 4 7 7 2 4 7 8
283 7 2 8 7 2 4 5 9 4 8
214 3 4 4 3 3 7 1 2 8 5
301 7 7 8 4 5 2 9 6 9 4
311 3 9 6 8 9 8 6 2 3 5
10
295 9 2 7 3 6 2 8 7 5 9
260 2 2 1 9 9 3 8 3 1 6
252 3 1 9 4 8 7 3 1 3 8
360 7 1 9 9 7 8 9 1 4 8
248 7 4 4 7 4 2 3 5 7 3
316 7 7 6 5 3 8 9 1 5 8
305 8 2 8 4 7 7 3 4 9 3
197 3 6 6 1 5 3 8 2 4 2
202 4 9 6 3 4 2 3 5 2 4
263 7 8 2 4 5 3 1 1 8 6
10
263 4 7 2 5 4 7 7 5 8 3
291 4 6 4 9 8 3 2 2 8 3
281 4 4 1 8 7 2 9 4 1 8
274 4 8 9 6 6 4 1 2 7 7
337 2 9 9 5 8 6 7 6 6 9
308 9 9 6 8 1 4 9 5 7 3
311 9 2 2 7 3 6 4 8 9 8
282 1 4 5 4 4 8 6 7 8 7
265 1 5 2 6 8 8 6 4 3 3
164 3 1 5 3 1 5 5 1 1 3
10
319 6 2 1 8 4 9 4 5 9 7
261 4 3 6 7 5 7 4 3 5 3
381 9 7 7 8 7 9 8 5 8 4
199 1 1 5 2 3 4 7 2 5 4
243 2 6 3 6 7 3 4 3 5 6
288 3 5 7 8 7 4 7 6 4 3
195 2 2 1 3 5 2 1 7 7 8
268 7 6 9 3 5 3 9 5 4 4
194 5 2 7 2 1 6 2 5 8 1
307 5 9 8 2 9 6 6 8 2 9
10
229 5 1 3 2 3 3 8 8 8 4
291 3 8 8 7 4 4 9 2 8 2
320 8 7 9 9 2 6 3 5 9 1
248 6 2 9 5 4 2 2 3 7 6
308 5 4 9 9 3 9 9 3 2 2
230 5 1 3 3 5 2 5 3 7 6
206 1 5 6 1 1 7 9 1 5 5
367 8 4 2 8 9 8 3 4 8 9
213 4 5 4 3 4 4 6 8 2 4
202 3 9 2 1 2 6 5 3 8 4
10
267 6 4 8 7 6 1 7 5 2 5
233 3 5 9 3 1 2 6 7 8 2
253 5 2 6 5 2 5 7 1 6 9
295 8 3 8 6 4 4 1 9 7 5
258 1 6 5 9 9 9 2 1 2 1
268 1 3 1 8 5 7 8 6 4 5
257 4 4 5 3 7 9 6 1 2 6
240 5 1 5 4 5 9 8 1 1 3
262 3 6 1 8 8 8 2 4 5 2
274 3 6 1 2 6 5 7 4 9 8
10
221 4 2 2 3 5 3 7 7 3 3
289 9 6 4 5 2 6 6 5 7 5
293 5 1 2 5 9 1 9 6 4 9
297 6 9 9 8 6 3 2 6 7 2
235 8 9 1 2 3 6 1 3 7 4
265 6 5 8 1 9 1 2 6 9 6
261 9 1 9 1 6 1 1 7 6 8
324 9 8 6 8 8 2 3 1 5 9
249 3 2 4 5 5 3 9 2 2 8
258 2 9 6 8 1 7 8 3 2 9
10
284 5 6 5 8 2 8 4 4 7 1
363 9 4 8 2 9 8 9 8 5 8
282 3 7 1 4 5 8 3 4 9 8
275 5 5 1 9 4 4 4 6 7 2
329 7 8 9 7 9 7 6 3 2 4
242 2 7 4 5 3 5 3 6 6 9
240 3 9 4 1 4 9 6 9 5 5
267 6 8 1 6 3 9 2 5 7 4
236 1 6 5 1 7 5 4 5 6 5
305 8 7 3 9 5 3 9 1 4 6
10
249 3 7 4 9 7 1 7 2 3 3
239 2 4 8 4 9 2 8 8 1 3
282 1 8 4 7 4 8 9 6 5 7
288 8 4 5 9 2 2 9 7 2 3
229 8 1 8 6 3 3 1 3 2 3
293 1 8 2 6 9 5 6 8 6 8
214 6 9 5 7 3 1 2 1 1 5
293 4 9 5 8 8 1 5 9 3 7
190 2 2 2 6 1 1 4 2 5 6
312 7 3 9 6 9 5 8 2 3 5
10
287 5 6 3 5 9 1 7 6 7 1
252 7 2 2 5 8 3 5 9 2 6
284 5 8 9 9 2 3 7 2 2 6
278 3 7 5 8 4 9 4 7 6 2
247 8 6 4 7 3 2 2 7 6 2
253 5 2 6 9 3 3 4 8 3 1
326 6 7 4 8 5 5 9 4 3 9
277 6 9 3 1 6 7 6 7 7 2
278 6 5 5 9 3 3 2 5 3 9
270 4 6 5 2 9 8 2 5 8 5
10
200 6 2 9 1 1 1 1 2 6 6
206 1 5 3 5 4 1 6 9 4 1
226 2 7 7 2 4 9 4 6 5 4
301 7 4 1 7 7 8 2 4 3 8
252 4 3 2 8 1 1 3 9 9 5
310 9 4 7 7 7 3 3 1 6 4
223 4 5 3 4 4 2 4 3 8 1
257 8 6 3 4 5 5 8 6 1 3
289 5 1 2 4 9 4 7 2 9 5
272 3 6 9 8 2 7 1 3 8 2
10
225 5 6 2 3 5 7 7 1 2 2
258 7 3 9 3 2 8 3 5 4 8
258 4 3 7 7 5 6 4 2 4 5
206 5 4 7 2 5 2 6 3 1 5
262 8 5 5 7 3 4 1 7 4 7
346 7 6 2 9 8 8 4 6 4 9
303 3 8 6 8 9 2 9 6 6 1
261 5 7 9 4 2 5 9 1 5 5
249 8 1 9 4 3 7 1 4 4 6
299 9 8 9 6 4 6 4 3 3 7
10
265 8 8 7 7 1 3 3 4 3 8
164 5 4 6 3 1 1 2 2 5 1
311 5 2 5 9 4 4 4 6 9 8
342 6 9 8 4 8 8 9 1 6 3
253 6 3 8 6 2 1 6 9 1 9
226 9 4 4 1 4 1 3 2 7 3
327 8 3 8 5 7 3 8 7 4 8
282 5 1 7 8 8 1 5 3 3 6
258 5 5 6 8 5 6 7 2 2 2
257 5 2 8 6 1 2 9 1 9 2
10
223 8 3 5 2 6 3 2 8 1 4
217 4 3 8 4 2 7 5 5 1 2
220 1 2 4 6 3 4 5 1 6 5
344 9 2 4 6 5 9 8 7 9 1
220 5 1 6 1 7 2 5 2 7 4
208 1 2 3 9 6 2 1 9 3 4
265 6 7 4 3 7 7 4 5 5 6
263 6 1 6 5 1 1 9 7 9 1
183 5 6 3 6 3 1 1 1 4 3
183 3 5 6 2 1 2 5 1 3 9
10
224 9 8 8 1 2 4 1 4 4 3
199 1 1 2 4 1 6 6 6 4 5
266 2 7 8 6 2 7 5 9 5 6
260 2 5 5 9 1 1 7 7 7 4
297 8 9 8 2 7 2 8 9 7 2
254 3 9 4 9 1 9 8 9 2 1
220 3 9 2 8 1 1 8 5 4 4
238 5 1 7 1 2 7 9 9 8 1
322 4 2 7 6 8 9 8 5 4 4
213 5 9 8 5 1 6 2 1 1 1
10
299 2 7 1 4 5 9 6 4 9 9
299 7 4 6 7 7 7 6 4 2 5
171 2 4 5 1 5 2 4 6 4 2
217 1 9 1 2 5 3 4 6 9 7
265 7 9 6 2 5 3 3 8 9 3
232 1 5 2 4 7 2 8 4 7 6
259 9 5 2 7 2 5 7 4 2 5
239 3 5 3 7 2 8 3 5 5 6
292 8 2 6 7 2 4 9 1 1 9
187 8 2 7 1 1 2 2 9 2 3
10
265 9 8 1 7 1 4 5 5 5 8
359 7 1 9 9 9 1 5 4 6 9
244 8 1 2 2 6 5 9 1 3 4
243 1 7 4 3 8 2 4 3 9 7
337 9 2 9 6 5 8 3 9 5 7
312 3 6 6 7 9 3 7 5 9 3
317 6 4 9 7 1 7 9 9 4 7
222 2 5 6 1 9 3 4 5 6 4
243 7 1 5 5 8 3 2 4 1 2
337 8 8 3 7 4 9 8 6 4 6
10
238 6 6 6 3 4 9 7 1 2 3
278 8 2 9 4 5 6 5 9 4 1
252 8 8 8 4 1 3 6 7 4 5
326 9 7 9 9 1 5 5 1 8 7
231 3 5 5 1 6 8 8 3 1 5
375 9 9 7 7 6 9 7 7 2 9
299 3 5 6 7 9 2 6 3 8 3
288 9 6 6 5 3 5 4 5 7 1
292 2 1 8 3 6 8 9 4 5 9
240 4 5 3 3 7 8 2 4 8 2
10
280 3 7 5 6 7 9 6 9 2 3
228 8 3 5 1 2 6 5 3 3 7
260 6 3 7 4 3 1 4 7 8 5
215 2 6 8 2 2 6 3 9 7 4
344 7 4 8 8 3 7 9 3 9 6
279 7 6 7 6 7 2 9 3 1 2
251 6 5 8 6 1 9 2 3 3 3
245 1 6 3 4 9 5 5 6 4 3
297 3 1 6 9 8 2 3 7 9 3
290 4 5 8 8 7 6 7 7 2 1
10
246 8 1 1 1 6 7 4 8 7 4
274 9 2 4 4 9 4 3 4 7 1
267 8 1 4 7 4 4 7 2 4 2
343 1 8 8 6 8 8 7 9 9 3
228 4 2 7 1 4 8 7 2 2 4
221 5 6 1 7 3 5 6 4 3 1
219 6 6 1 5 1 4 1 7 6 9
250 3 5 9 8 7 5 4 7 1 1
296 6 7 7 4 8 7 4 3 5 5
256 7 8 9 6 1 3 5 2 5 1
10
265 2 2 9 6 7 2 4 8 6 5
266 3 3 4 3 8 2 8 4 7 7
191 3 3 2 5 1 6 7 3 1 2
270 6 4 6 8 9 1 5 5 4 1
263 3 5 8 5 4 4 6 5 4 8
262 3 9 9 8 5 2 5 8 1 5
290 6 3 6 8 9 1 5 9 3 5
287 1 3 3 8 9 7 9 5 4 3
212 1 1 2 2 4 4 7 7 7 6
298 9 7 6 6 3 7 3 2 9 3
10
313 7 6 4 8 8 3 9 6 3 6
206 3 1 7 5 1 3 6 4 1 6
253 9 4 1 5 3 1 6 8 3 9
336 9 3 3 9 7 6 5 6 5 4
245 8 2 3 3 7 4 2 1 3 9
291 8 6 8 5 7 3 5 4 2 6
307 1 2 6 6 7 6 9 5 6 8
301 6 2 8 8 8 3 9 7 2 4
181 4 4 2 6 2 1 8 1 2 2
282 8 4 9 1 7 8 4 9 3 6
10
229 7 8 1 3 4 5 3 7 3 7
199 8 2 5 3 3 2 4 7 1 2
248 1 9 8 1 8 3 8 2 6 3
255 3 2 6 5 2 7 9 1 1 9
264 7 1 2 7 3 8 1 7 4 4
259 3 1 8 8 3 9 1 4 1 9
216 3 6 7 5 3 2 4 4 2 9
322 8 8 2 8 3 6 6 9 8 6
201 2 7 2 8 5 3 2 3 4 2
282 1 7 1 6 3 8 6 4 9 9
10
276 7 4 3 2 9 1 9 9 5 1
330 4 5 7 7 6 7 4 8 8 5
195 3 9 6 5 1 3 5 7 3 2
175 2 5 2 2 6 4 5 4 2 4
209 3 1 7 1 8 5 5 4 3 3
292 7 8 1 9 4 6 2 5 7 1
210 2 1 6 5 6 7 1 6 1 4
281 4 5 5 5 3 9 9 8 1 7
177 5 9 4 2 1 9 3 2 2 1
236 9 4 5 2 4 3 1 5 9 2
10
399 7 8 5 9 5 7 9 7 9 9
342 9 3 8 8 1 8 3 5 7 9
284 4 4 9 5 8 2 8 4 3 7
217 1 7 1 3 5 7 5 4 4 4
274 1 2 9 9 3 8 9 3 2 4
318 7 7 9 6 7 4 6 4 6 6
345 5 9 4 8 6 9 3 9 8 9
347 9 7 3 4 9 9 4 8 7 8
264 9 5 2 5 8 7 1 8 2 1
177 2 1 4 8 1 3 1 9 4 2
10
226 3 5 2 4 3 8 4 4 7 2
276 4 3 5 9 2 5 7 1 6 6
283 3 1 4 9 4 1 8 6 8 4
301 4 8 8 2 5 7 9 9 6 4
280 5 7 8 5 8 1 2 9 2 8
311 8 6 8 7 8 1 3 3 7 7
248 1 9 3 6 4 8 3 8 5 4
180 3 2 6 2 1 4 9 3 1 6
239 2 4 9 2 4 7 4 3 6 8
296 9 9 4 9 1 6 5 9 5 1
10
226 7 7 9 4 1 4 5 8 3 2
195 3 9 5 3 2 5 2 1 2 5
290 6 8 6 5 7 6 2 1 5 6
230 5 9 2 1 4 3 8 2 9 1
222 3 4 8 1 2 7 9 4 4 3
209 1 3 6 6 4 1 6 1 3 3
210 1 8 6 2 1 3 2 8 8 9
208 6 5 1 3 4 5 1 8 2 6
252 9 9 9 3 1 2 7 1 1 9
271 3 9 2 5 8 2 9 8 4 6
10
181 2 4 2 1 4 8 2 4 7 1
334 5 5 8 9 9 6 8 4 2 5
245 6 4 4 6 6 2 5 7 2 5
256 6 6 4 2 6 8 6 5 1 6
208 5 8 1 3 1 2 1 6 8 7
229 5 4 1 2 3 8 6 2 7 1
241 3 8 7 7 3 2 2 5 4 8
299 1 2 7 5 8 4 7 6 7 8
321 6 7 7 6 9 3 7 6 5 3
331 8 7 6 7 9 5 3 4 9 3
10
262 2 4 5 8 8 3 2 6 8 2
278 6 1 4 8 9 3 2 7 7 1
249 7 1 2 2 9 5 5 4 4 2
258 6 9 3 7 2 7 5 1 2 9
238 1 2 2 2 7 7 8 3 9 1
323 8 4 5 7 1 7 5 5 9 6
266 5 9 5 9 3 1 4 5 8 1
299 1 3 7 8 5 6 6 2 9 4
236 1 2 4 9 8 4 2 5 1 2
200 7 3 2 4 1 1 5 7 4 2
10
346 4 2 6 8 9 4 6 6 8 8
308 9 4 9 2 5 2 8 4 5 9
310 8 9 8 9 2 1 1 3 9 7
277 1 1 7 7 3 5 8 2 6 8
327 6 7 8 5 4 8 7 7 6 6
274 9 7 5 6 2 6 4 5 4 1
280 2 6 4 7 4 2 6 6 8 9
178 4 4 2 2 6 2 3 4 1 7
191 3 5 7 2 6 6 1 8 3 1
337 9 5 8 7 1 5 9 8 8 5
10
353 6 6 9 7 4 9 7 5 9 6
286 8 2 5 7 8 7 1 4 3 2
224 7 9 8 1 4 1 3 3 2 7
333 4 7 9 4 8 4 7 7 8 7
260 7 7 7 7 1 1 7 8 4 6
290 5 2 8 7 5 7 8 1 2 5
234 6 5 5 3 8 1 6 5 4 2
333 5 9 7 7 5 6 6 9 7 6
279 5 7 2 5 5 6 7 2 6 8
272 8 2 3 9 1 2 4 9 3 8
10
214 3 3 2 2 2 8 4 8 8 5
297 6 4 5 5 1 9 4 4 9 8
221 5 5 9 2 5 4 2 3 3 7
253 7 1 3 5 2 9 8 2 1 4
252 4 3 5 9 3 6 2 1 1 9
347 9 2 8 9 4 5 2 4 8 7
245 3 3 1 9 6 2 8 4 4 4
215 1 9 5 4 4 7 2 3 5 5
295 5 7 6 8 5 6 7 3 2 6
244 1 1 3 6 5 5 4 9 9 5
10
151 2 9 1 3 1 5 2 5 1 6
270 9 6 1 9 2 1 4 9 3 4
246 4 6 3 7 4 2 7 5 4 4
305 4 1 9 8 2 4 6 7 8 5
183 1 4 3 5 9 1 1 5 2 5
287 4 5 3 6 9 1 9 8 2 6
278 3 6 3 8 1 6 8 2 9 4
388 8 8 4 8 9 9 8 7 7 5
277 4 5 2 5 9 8 1 5 4 8
233 7 9 4 1 6 6 1 1 8 2
10
272 9 5 8 2 7 1 5 8 5 5
356 9 5 6 7 9 7 4 9 5 2
294 4 3 7 8 9 1 6 1 2 8
242 1 9 6 1 7 2 7 5 6 4
230 4 3 3 4 6 4 2 2 8 5
295 9 4 5 9 6 2 7 1 2 4
369 9 9 8 9 4 8 4 5 9 4
297 6 2 1 9 9 3 2 2 6 9
265 9 8 6 2 1 7 8 3 3 5
210 4 5 1 3 1 2 9 2 6 9
10
274 2 3 7 9 3 7 4 6 4 5
266 3 5 2 2 5 9 9 7 2 9
296 8 3 2 7 9 2 8 3 5 2
345 8 5 4 8 9 6 2 9 7 4
272 9 5 4 5 4 1 5 8 5 5
254 4 1 9 2 7 6 6 9 4 2
263 3 2 7 9 8 2 2 7 6 2
284 3 9 7 7 5 5 9 2 3 7
256 2 3 8 3 4 4 5 7 6 7
280 9 7 6 4 6 1 8 1 5 3
10
262 6 6 2 3 7 8 2 2 4 6
243 8 5 4 4 3 5 3 9 6 2
196 5 8 3 1 7 4 1 2 6 1
189 1 6 5 4 7 5 5 1 1 1
196 4 6 2 1 8 6 2 5 2 1
263 4 2 8 4 8 3 8 7 2 6
311 4 8 3 9 5 6 4 8 9 6
307 8 6 1 5 7 1 6 3 7 9
261 9 6 1 4 4 5 4 5 4 4
273 2 6 9 5 7 3 7 3 9 2
10
371 7 9 3 8 9 4 9 1 9 9
299 6 4 2 2 9 7 2 4 9 9
313 8 5 1 3 3 9 9 9 5 8
323 6 7 6 5 9 3 8 7 8 2
258 7 6 3 9 1 6 1 8 2 9
382 3 9 7 9 6 9 9 9 8 7
230 2 1 9 6 1 5 3 8 9 3
304 7 3 9 8 5 6 2 9 3 4
290 8 1 7 3 6 5 7 5 7 1
285 6 9 6 1 5 8 8 9 8 2
10
254 6 1 8 5 1 5 7 7 5 5
219 5 9 8 1 4 9 1 6 1 3
286 3 3 1 6 5 7 3 8 8 9
269 4 2 6 7 5 2 6 8 6 5
235 7 5 5 5 5 3 2 6 1 8
219 5 2 4 2 7 1 8 7 3 2
243 4 6 2 4 6 7 3 5 7 3
285 3 5 7 6 3 4 8 2 7 9
173 5 4 2 4 2 1 3 3 3 2
292 7 2 6 3 7 7 5 3 3 9
10
297 3 2 7 8 6 5 8 6 4 4
263 2 5 1 5 4 5 7 2 8 8
239 1 1 6 1 9 1 9 4 7 6
267 6 7 4 7 9 1 5 5 3 3
378 9 3 7 7 8 9 9 3 6 7
297 9 1 8 7 3 4 3 3 4 9
316 4 6 5 7 9 6 8 5 4 1
326 6 2 1 7 8 8 8 8 7 4
277 2 4 8 2 8 7 7 6 5 3
296 5 3 8 4 1 9 7 5 9 7
10
252 5 8 8 6 2 4 4 5 4 3
307 6 9 1 8 3 2 8 4 9 8
279 7 6 3 5 6 2 6 8 6 1
264 4 4 8 5 8 6 1 3 7 3
220 6 1 2 4 6 4 5 3 2 1
234 5 5 9 3 9 2 5 8 1 2
221 3 2 6 4 6 2 7 9 4 2
235 8 1 5 7 1 2 1 9 9 1
280 5 5 9 7 1 1 8 6 4 7
269 4 5 2 9 1 4 7 7 3 8
10
225 3 6 1 1 2 4 8 7 9 5
133 1 3 1 5 1 4 1 3 2 3
323 5 3 6 8 6 5 3 9 9 3
239 9 3 2 4 6 3 3 4 2 3
260 9 3 2 3 5 2 2 8 9 2
192 1 5 4 4 2 7 3 8 5 4
250 7 1 2 6 2 3 7 4 9 3
208 6 7 7 1 4 2 4 2 6 3
264 3 1 4 6 5 8 9 1 4 6
241 4 5 5 5 2 3 6 8 7 3
10
236 3 1 1 1 5 7 8 5 6 8
254 8 3 6 1 2 8 5 6 7 3
268 8 5 6 4 1 4 9 3 7 2
280 2 4 9 8 3 9 5 5 3 8
204 1 2 4 6 3 7 2 7 5 3
287 4 6 9 8 4 5 6 1 4 8
282 1 7 7 7 8 8 2 9 4 5
301 3 5 8 8 8 1 2 9 9 2
350 8 1 8 6 8 5 6 1 9 4
241 8 9 6 6 7 1 2 5 2 1
10
253 2 4 8 7 3 8 2 2 7 6
277 8 8 3 4 9 6 6 8 1 1
217 3 8 5 1 4 7 1 5 3 7
288 7 9 2 7 6 7 6 4 1 6
252 5 9 1 1 5 1 8 5 7 8
345 6 8 6 6 9 9 1 1 6 9
278 8 2 7 6 7 3 7 4 2 2
265 4 6 5 3 3 9 8 8 8 2
300 6 9 1 8 5 8 6 7 2 5
217 2 8 8 7 2 4 1 2 5 6
10
280 3 7 3 6 5 2 4 6 8 9
267 8 4 6 1 1 9 9 8 3 4
244 5 5 2 6 3 8 5 8 1 4
269 7 8 4 4 2 5 4 7 7 4
294 1 3 2 9 5 9 5 1 9 4
230 4 4 5 8 4 3 1 2 5 4
283 8 5 5 2 9 8 2 8 1 8
283 8 3 8 3 5 6 7 6 1 5
260 5 2 1 8 1 7 1 8 7 7
319 6 9 4 8 2 8 4 3 9 6
10
186 3 5 5 1 1 9 3 2 1 6
208 3 1 7 2 3 1 7 8 7 2
242 3 2 1 9 4 7 6 6 4 1
323 7 1 3 7 9 5 7 7 7 3
221 3 5 4 3 6 9 2 3 5 1
226 4 9 3 1 6 1 4 2 7 6
303 9 5 4 7 6 9 4 2 4 3
245 6 6 9 2 3 1 5 1 8 8
313 1 7 9 9 8 8 5 1 7 3
245 9 3 2 5 3 6 5 1 1 5
10
248 6 9 4 7 1 3 1 1 9 8
259 3 3 3 9 9 5 1 4 3 7
178 3 3 5 3 2 3 2 1 7 1
290 9 9 2 8 4 1 7 3 1 8
242 1 5 6 3 2 5 7 5 6 7
291 2 7 1 8 5 8 8 4 8 1
303 3 3 4 8 8 3 7 5 5 9
265 1 1 3 8 7 4 8 8 4 5
284 7 3 1 4 6 8 7 1 8 3
279 3 4 9 9 4 4 4 5 4 3
10
319 9 4 3 8 6 2 3 8 7 9
299 3 7 2 9 5 4 9 4 6 8
278 6 2 5 2 2 9 7 4 9 4
317 7 1 8 7 8 4 3 3 5 9
218 3 7 7 3 2 7 5 3 2 5
205 4 6 7 2 6 2 6 5 3 1
307 2 7 6 1 9 8 8 6 9 7
302 8 1 2 5 7 8 8 5 3 6
267 8 1 5 6 6 2 7 8 4 3
264 6 9 5 5 6 6 1 7 4 6
10
249 6 9 6 9 2 1 4 2 7 1
198 4 9 7 1 6 2 2 2 7 1
255 4 6 1 2 5 8 5 8 8 1
314 2 8 5 5 9 9 2 5 6 8
228 9 4 1 2 1 2 6 3 8 7
268 5 7 1 6 3 7 7 3 8 2
214 4 8 9 2 1 3 3 8 5 8
287 8 2 2 4 7 8 5 6 6 5
234 5 8 3 2 1 3 9 9 5 3
170 2 4 1 2 6 7 2 4 2 2
10
246 1 9 1 2 3 7 8 1 9 9
309 6 6 4 6 5 7 6 9 7 3
298 8 3 7 2 4 6 9 2 7 5
200 1 9 3 2 4 7 7 2 1 7
262 9 8 5 1 8 1 4 9 4 5
249 6 3 8 1 8 1 8 4 4 3
272 2 1 9 2 4 8 9 3 6 8
308 2 6 3 9 3 5 9 1 8 9
202 3 7 7 1 4 4 2 4 6 1
331 1 3 2 8 8 9 9 8 7 7
10
163 3 5 4 4 3 1 7 6 1 1
267 2 4 8 5 7 6 3 2 4 7
204 3 3 1 1 4 9 1 3 9 5
230 5 5 9 3 3 3 8 2 4 4
312 6 9 4 8 2 8 8 3 7 2
270 9 1 6 4 3 3 4 3 7 8
317 6 6 9 8 9 3 1 7 8 3
297 8 5 3 8 7 2 3 1 3 8
292 9 8 2 6 6 1 3 7 8 1
226 3 5 3 1 8 1 6 3 3 8
10
249 3 1 3 4 2 9 8 4 9 1
277 9 6 6 2 1 2 6 7 8 8
214 1 2 6 9 2 3 4 8 1 6
203 6 4 3 2 3 9 2 2 1 5
224 4 3 8 5 1 2 1 8 6 9
258 4 8 4 4 4 4 9 4 4 9
264 1 3 7 1 8 8 6 9 6 5
326 9 1 6 5 6 4 8 7 7 8
269 2 5 1 8 3 3 8 3 9 6
274 9 6 8 5 2 4 8 7 4 2
10
289 5 2 1 7 7 4 9 8 6 5
276 8 4 2 9 5 8 2 2 2 5
274 3 6 9 9 6 2 4 7 1 5
266 1 1 2 9 7 8 4 3 3 9
295 6 3 9 4 8 2 4 3 6 7
174 2 2 1 4 1 5 1 2 5 6
309 8 3 5 5 6 1 6 6 7 8
284 9 1 7 3 4 7 6 6 7 3
301 6 8 7 4 8 3 6 5 3 8
239 4 9 5 2 2 6 6 5 7 2
10
294 7 7 9 5 9 3 1 6 5 3
310 3 3 5 6 8 6 9 9 1 9
273 9 4 4 5 1 9 6 2 7 1
201 1 4 2 1 6 2 5 9 6 4
256 7 2 6 4 6 5 1 3 4 9
293 5 1 6 6 9 7 9 3 2 2
275 8 9 8 2 4 3 5 5 2 9
270 2 5 5 9 7 4 6 2 4 4
246 3 1 3 6 8 5 5 7 5 3
333 2 8 2 9 5 9 7 3 9 8
10
220 4 5 6 1 4 7 4 3 1 9
329 3 3 8 7 9 6 8 7 7 5
289 9 1 9 7 5 4 2 7 2 6
329 7 6 1 9 4 3 7 7 9 6
231 4 6 8 4 3 7 5 4 2 1
184 1 5 4 2 7 6 3 4 2 1
252 9 4 6 5 1 4 7 8 1 1
217 5 3 5 1 8 2 7 9 1 3
324 9 6 9 1 9 7 4 7 7 4
251 4 2 8 5 1 7 5 1 6 9
10
247 1 8 5 2 4 9 9 5 4 2
253 5 6 5 6 9 8 2 6 1 1
254 2 3 4 6 5 8 8 6 4 1
184 2 5 8 2 3 5 3 9 1 3
264 7 8 5 3 6 6 9 1 1 6
227 3 5 7 8 1 3 4 5 3 4
324 8 9 8 6 4 7 6 8 5 4
224 1 5 9 5 7 1 6 9 2 4
242 7 2 2 2 4 9 7 5 4 1
307 6 6 8 9 5 1 7 1 6 4
10
286 8 2 7 1 5 6 9 8 6 6
272 3 7 9 6 8 4 1 5 4 3
259 8 5 1 4 6 5 5 1 1 8
364 9 9 6 8 7 8 8 7 3 2
322 8 7 8 6 6 8 1 2 9 5
288 5 4 6 5 5 7 6 8 1 9
303 8 1 2 8 5 7 5 7 5 5
301 3 3 9 4 7 9 5 1 4 9
325 9 6 9 7 5 9 1 9 5 6
333 7 5 7 8 9 4 4 7 5 5
10
325 3 1 7 8 8 4 3 6 9 9
271 3 7 9 5 3 1 4 5 9 6
256 3 7 4 3 6 9 5 1 7 3
338 9 7 7 8 7 8 1 8 6 1
211 2 4 6 2 3 3 7 6 6 4
263 5 3 7 9 7 3 2 8 3 2
236 2 5 6 7 4 6 3 1 3 9
297 6 8 9 4 9 4 6 9 1 4
262 7 8 4 6 6 3 1 6 5 4
301 8 5 3 3 8 6 9 4 4 4
10
249 5 2 1 6 8 4 3 3 4 9
188 3 6 1 2 6 5 4 5 2 6
356 7 9 8 4 8 9 6 5 7 8
234 6 5 2 2 5 4 3 8 9 2
336 7 6 3 7 8 7 8 8 5 4
226 4 5 2 1 8 6 8 2 2 1
317 9 2 3 8 1 7 6 3 6 9
262 9 8 8 3 2 4 4 1 3 7
278 1 6 7 9 5 2 9 7 5 5
233 1 9 2 8 4 1 4 2 5 6
10
272 8 8 1 3 5 8 1 4 6 8
213 4 8 3 1 3 2 6 7 5 7
258 3 1 1 2 7 7 9 9 5 5
261 7 5 3 9 1 3 5 3 7 5
185 3 1 3 3 6 2 5 8 2 5
247 6 2 2 8 3 6 2 1 4 7
277 6 7 3 8 7 3 6 1 3 1
314 8 1 1 5 9 4 8 2 9 1
279 7 5 2 7 4 9 2 4 9 1
269 8 9 9 2 1 6 9 6 4 4
10
285 5 2 2 8 4 7 2 8 7 8
230 5 7 8 2 1 9 8 1 4 3
233 4 6 7 1 5 9 3 8 2 6
159 1 7 6 1 2 6 6 4 1 4
267 6 2 4 6 3 7 1 6 7 8
287 7 2 8 5 6 2 6 6 5 8
314 4 5 6 6 4 9 9 8 6 5
229 2 4 9 7 9 2 1 1 2 3
284 7 2 3 8 8 1 8 1 2 5
241 7 8 4 2 1 8 7 8 2 7
10
288 3 3 8 4 7 5 7 8 7 7
302 8 8 8 7 1 4 7 8 3 7
312 4 9 9 5 7 9 8 6 1 6
270 2 6 8 7 3 3 9 3 5 6
238 6 2 7 3 1 6 5 5 6 2
233 4 8 7 4 5 3 8 2 2 4
277 9 6 8 3 6 2 6 9 3 5
252 8 6 9 7 5 3 2 3 1 2
313 9 7 8 1 8 5 4 5 5 7
208 1 1 5 9 2 2 1 7 8 2
10
335 8 6 3 9 6 6 3 8 6 6
239 7 3 1 3 2 3 9 5 7 5
231 5 3 2 2 3 8 1 6 7 9
249 2 8 3 3 3 5 3 7 8 9
320 7 2 2 5 8 9 3 3 8 6
294 7 3 9 3 7 7 7 5 1 8
222 1 3 9 1 1 9 8 1 6 7
188 5 1 1 1 5 2 7 1 3 9
319 5 2 1 7 2 8 9 9 7 9
203 3 8 3 1 5 3 8 2 3 6
10
304 9 8 9 8 4 1 3 2 9 4
197 2 2 7 3 6 2 4 7 5 1
235 3 2 7 1 6 6 6 1 4 7
362 9 1 4 9 8 9 4 8 4 6
339 5 9 9 9 5 7 6 2 3 7
291 6 5 9 8 5 5 4 2 2 6
268 8 3 2 8 6 3 5 2 1 5
207 6 4 1 2 1 3 8 5 2 6
280 9 1 9 7 1 7 3 6 1 6
262 7 4 5 5 6 6 4 3 2 3
10
212 1 3 1 3 2 8 3 7 8 6
300 2 6 6 3 9 9 2 3 8 7
266 7 7 1 3 6 5 9 5 4 7
202 2 2 1 2 6 6 7 1 5 3
308 4 3 9 3 7 3 8 1 9 7
249 6 6 6 7 1 2 1 5 5 6
276 6 4 6 5 7 1 7 5 6 4
300 4 8 2 9 1 9 6 2 9 5
247 3 7 8 9 4 4 1 9 1 6
226 3 9 6 2 9 2 1 7 3 8
10
333 6 6 4 9 4 9 7 5 8 5
258 5 1 7 3 5 5 7 6 6 6
247 5 3 8 2 9 8 6 1 3 1
251 6 4 7 5 1 5 1 2 9 3
303 9 6 6 6 5 4 7 9 1 5
163 1 8 8 1 2 2 5 7 2 5
332 9 6 9 7 6 7 2 3 9 4
222 9 1 8 2 3 1 4 7 4 5
287 2 5 6 8 5 3 5 4 8 4
267 6 4 3 7 5 4 2 8 3 9
10
258 6 6 6 6 1 2 7 6 1 9
292 6 1 9 8 9 4 7 5 1 2
288 1 7 9 6 6 3 4 8 8 6
333 5 9 5 6 6 6 7 2 9 9
267 2 1 5 3 7 6 9 7 5 9
212 1 9 8 2 8 6 1 8 2 3
199 6 3 1 2 1 9 3 4 4 4
245 4 8 3 7 3 4 2 9 2 9
276 9 7 3 3 7 4 3 3 5 5
329 8 2 7 7 9 7 7 5 1 4
10
264 7 2 8 5 8 1 9 7 1 1
212 3 1 1 3 5 6 4 7 3 8
322 5 3 9 7 3 7 9 2 7 7
268 2 9 8 6 9 2 6 1 2 3
304 8 2 1 8 8 4 6 6 6 1
238 1 2 1 6 4 7 3 4 9 8
240 3 8 4 9 1 8 1 3 6 5
218 7 7 6 1 3 4 7 6 3 4
226 4 4 1 2 7 5 8 7 2 7
302 4 8 2 6 6 5 6 2 6 9
10
298 4 8 7 8 5 7 7 5 2 4
208 1 6 2 9 2 3 2 4 7 3
221 8 4 4 1 3 9 5 4 3 3
224 1 4 8 1 6 2 5 6 6 8
270 1 4 5 9 8 5 3 3 4 3
282 9 3 8 2 6 4 7 8 5 4
290 7 8 7 9 7 4 4 1 3 1
249 4 7 7 6 3 9 2 7 1 5
233 8 9 4 7 2 4 2 2 1 5
323 3 5 3 7 8 4 9 3 9 8
10
266 5 1 8 4 8 4 5 7 2 9
366 9 9 6 7 8 7 3 1 7 9
268 5 5 7 8 4 3 1 6 8 5
280 1 7 8 1 9 9 2 7 4 9
231 2 1 9 4 7 4 2 8 5 4
325 9 3 8 7 1 9 6 9 5 6
264 3 3 1 5 9 6 7 2 8 3
366 7 6 4 6 6 9 9 5 9 9
237 1 5 6 8 4 6 4 6 2 5
327 6 5 9 9 3 5 4 9 6 6
10
273 2 4 4 7 6 5 9 1 6 6
257 4 3 3 6 4 8 8 4 1 7
188 1 4 4 3 7 2 1 5 3 7
210 3 6 3 1 7 4 3 9 2 8
239 8 9 8 4 4 3 2 5 2 3
266 1 2 7 2 9 7 6 3 5 5
246 1 2 7 4 7 9 4 1 6 1
198 3 7 8 3 2 1 2 1 4 6
213 7 3 2 2 3 7 4 1 6 3
292 7 4 5 4 9 3 8 5 3 7
10
289 9 4 7 6 2 7 8 4 3 1
274 1 4 8 6 2 5 6 8 9 4
280 4 3 7 9 9 2 2 2 3 5
261 5 8 6 6 1 3 4 1 8 9
351 5 9 9 7 7 9 6 7 5 8
273 6 4 7 7 7 4 1 6 3 8
213 7 2 3 2 3 4 9 8 3 2
275 9 5 8 5 1 8 6 3 2 3
264 4 3 7 2 8 7 3 3 3 7
318 9 4 7 4 6 9 3 8 9 1
10
325 6 2 7 6 7 4 9 7 7 6
264 8 6 2 8 1 1 3 8 7 8
208 1 8 9 2 3 4 2 8 4 9
234 6 8 3 4 2 4 5 2 4 7
265 8 8 6 6 5 2 1 3 6 3
297 8 3 7 5 4 8 2 6 7 3
272 6 2 6 6 4 7 6 5 3 3
252 9 3 2 2 4 4 9 1 2 6
259 6 6 4 8 5 4 3 2 4 2
274 8 2 9 3 7 2 7 4 5 2
10
319 7 4 8 7 4 2 8 4 9 7
375 8 8 6 8 7 6 6 2 9 8
256 5 5 8 3 6 4 4 3 5 3
281 1 5 8 8 3 6 5 8 6 8
286 8 2 5 5 8 2 2 1 8 8
249 1 7 5 9 4 4 3 6 7 1
178 2 2 3 3 5 2 8 1 2 2
341 7 4 3 6 6 6 9 7 8 9
205 1 6 1 6 3 7 3 3 2 5
222 5 1 5 1 5 8 6 2 5 4
10
197 4 5 1 3 1 2 8 3 5 3
155 2 6 2 1 1 1 4 6 6 7
238 2 8 8 4 3 2 2 1 9 7
259 8 6 5 4 2 1 6 8 4 9
306 9 4 6 6 9 4 5 4 2 4
297 7 9 5 4 9 7 2 3 7 4
180 5 1 2 1 4 3 9 4 1 4
220 4 6 8 6 4 5 1 3 1 3
313 8 8 1 3 4 8 7 7 8 7
334 5 7 7 9 6 5 3 7 4 9
10
254 6 1 4 8 4 4 6 1 3 7
319 6 7 8 8 4 6 5 1 6 9
316 5 6 2 6 7 9 8 2 9 1
251 8 2 3 3 4 7 8 5 4 1
233 4 7 1 2 6 7 1 5 7 5
295 6 9 8 5 3 8 5 5 8 3
265 9 7 7 6 6 4 3 2 3 2
251 4 2 8 3 5 8 7 1 4 3
241 4 7 6 1 7 8 7 6 4 1
339 9 1 9 8 3 5 5 6 8 5
10
276 8 2 7 6 3 3 5 9 8 1
332 7 1 7 7 9 8 4 4 7 2
216 5 3 3 3 6 6 5 4 2 3
284 6 8 1 6 6 6 6 6 5 1
300 6 6 1 6 2 7 9 6 9 4
331 8 3 7 5 7 5 6 1 9 8
261 8 1 4 4 8 5 2 1 9 1
218 1 5 3 6 6 2 1 6 4 5
337 4 5 3 9 2 9 9 1 8 9
200 1 1 3 3 1 3 8 5 5 8
10
304 6 8 5 3 4 9 7 1 8 5
277 8 8 4 8 2 6 4 8 6 1
286 9 2 6 4 2 8 6 7 5 7
291 2 4 7 4 5 8 9 7 9 3
271 1 2 2 2 9 7 4 9 9 7
295 7 6 5 3 4 7 9 7 7 5
315 7 8 1 5 7 8 6 8 7 6
220 9 1 3 7 1 1 4 2 2 7
246 2 7 5 5 5 8 1 8 2 7
248 4 7 9 6 4 2 1 8 3 9
10
302 6 1 8 3 6 7 9 9 2 9
241 9 1 7 4 3 3 2 6 3 4
247 7 5 4 3 8 4 7 3 2 3
322 9 7 5 4 9 4 9 4 6 1
194 4 5 3 6 1 7 1 2 4 3
316 3 7 6 5 9 5 8 8 7 5
243 8 9 7 5 3 5 2 9 1 2
287 2 1 1 9 5 7 4 5 8 6
234 1 6 7 6 5 4 3 6 1 8
268 9 9 9 5 1 3 5 5 3 6
10
218 8 8 2 3 5 2 1 5 4 6
303 6 6 9 9 1 9 4 2 3 8
357 5 1 8 8 9 5 3 7 7 9
252 2 9 1 2 9 9 1 3 9 3
294 5 8 2 6 9 3 4 6 4 6
320 7 8 9 1 3 9 6 6 7 9
296 6 7 6 8 4 1 5 6 9 6
283 5 5 6 7 3 5 9 4 6 3
272 7 1 1 7 1 4 9 4 8 7
239 6 4 1 3 8 4 8 2 3 1
10
319 1 4 2 9 8 9 5 2 7 7
370 5 3 8 5 8 9 8 5 9 6
262 2 1 3 5 8 9 2 8 9 3
244 6 4 7 2 8 1 4 3 3 5
192 5 5 2 4 1 2 4 1 1 9
260 4 4 5 2 2 7 6 7 7 6
254 6 2 9 6 1 2 8 4 7 3
266 6 9 1 1 4 9 5 8 5 7
298 5 9 3 3 7 3 9 5 6 7
353 7 9 6 9 7 8 9 1 2 8
10
236 1 9 8 2 3 9 7 8 6 1
244 4 2 6 3 8 7 3 1 2 6
348 7 5 4 3 8 9 7 6 9 7
218 4 2 9 4 1 3 4 4 5 6
299 8 8 2 5 3 6 2 5 9 9
281 7 5 6 5 8 1 1 4 9 2
183 3 3 6 3 3 2 5 4 1 8
288 8 7 7 8 1 2 9 3 3 7
250 7 6 5 7 2 6 2 3 4 6
223 2 3 6 3 4 6 9 8 5 1
10
227 1 9 2 2 6 4 2 5 8 9
274 3 8 1 7 5 4 3 6 9 5
274 2 3 5 9 8 2 7 3 7 1
269 2 4 7 5 9 5 6 7 1 9
237 9 5 1 3 2 8 5 6 4 2
281 6 4 9 8 3 4 9 1 2 7
256 7 6 9 3 3 1 8 6 5 6
244 6 7 2 5 5 8 4 3 2 4
269 9 4 1 6 2 7 7 6 2 6
259 4 2 6 4 7 5 7 3 2 5
10
268 8 5 5 8 3 1 1 6 7 7
225 4 1 6 1 7 5 7 4 2 4
310 8 7 3 6 7 6 9 3 1 7
271 4 7 1 8 4 6 5 6 7 2
300 4 7 5 4 7 5 6 9 6 6
284 6 8 3 4 3 9 2 5 8 8
216 2 3 9 1 7 5 6 3 4 3
245 5 4 9 1 4 8 6 3 1 6
284 5 6 9 4 9 3 1 1 9 1
226 6 8 2 5 3 1 1 5 7 9
10
332 9 1 5 5 7 9 8 5 2 6
294 7 3 1 5 4 2 8 5 8 8
181 1 2 5 2 9 1 2 6 3 4
283 6 2 4 9 4 7 3 4 4 8
289 9 6 8 8 1 3 6 9 4 5
261 8 2 1 8 6 1 3 9 1 9
234 2 2 5 8 3 7 2 5 2 5
251 7 5 1 4 3 7 3 9 9 1
242 3 5 3 9 8 2 4 1 4 2
325 6 8 8 6 8 9 9 7 1 4
10
287 6 8 2 6 8 7 3 2 3 8
327 4 1 9 7 9 9 6 3 4 3
284 9 9 2 7 7 1 8 6 3 3
292 9 1 6 5 7 5 5 5 2 5
332 9 2 5 7 3 7 5 7 9 9
258 6 3 6 8 2 2 6 2 8 3
207 3 1 2 3 1 7 9 4 4 4
203 3 5 2 5 6 1 1 2 5 9
272 7 8 6 6 7 6 3 2 4 2
239 5 6 5 5 7 1 4 6 2 6
10
285 2 3 6 9 5 4 8 4 5 7
269 8 9 7 8 2 1 3 4 5 5
279 1 5 6 3 7 3 7 9 9 5
269 6 8 9 5 1 7 9 6 2 3
320 9 7 8 3 3 6 8 1 8 5
279 4 3 7 4 3 9 8 2 7 8
258 2 7 3 2 9 4 9 9 5 5
337 7 5 4 8 9 5 9 1 2 8
299 1 8 7 9 3 9 4 4 7 5
300 4 3 3 5 6 8 9 3 9 5
10
242 2 1 3 8 5 5 1 9 7 2
272 3 7 7 7 3 2 7 6 7 6
225 3 3 3 6 4 2 8 3 5 3
263 4 8 7 5 6 7 1 7 8 1
276 9 8 3 3 3 6 4 7 3 9
251 5 7 1 5 7 4 2 8 6 4
276 5 3 4 7 1 8 5 6 9 1
271 2 2 7 9 3 8 4 3 9 2
191 2 9 9 3 5 2 1 6 2 6
220 1 8 7 2 7 4 8 2 3 3
10
248 6 6 6 2 2 8 1 3 9 5
230 4 5 4 8 1 4 4 7 2 9
139 2 2 5 2 2 2 3 3 2 4
258 7 1 2 7 4 1 4 6 5 6
301 7 8 3 8 3 9 1 2 7 9
258 7 6 5 5 3 7 1 1 8 1
219 4 1 5 4 3 2 4 3 6 4
223 3 5 1 6 4 6 3 1 2 7
246 3 3 4 6 6 1 8 3 8 3
330 8 6 2 9 8 7 2 2 8 2
10
248 2 8 5 5 1 4 9 3 7 6
259 9 5 7 7 1 1 6 6 2 4
347 7 3 8 7 8 9 4 9 4 5
312 9 2 3 7 9 1 8 2 3 9
334 6 2 9 9 4 5 7 8 6 6
347 6 2 9 9 8 9 7 2 2 7
227 5 1 9 1 4 2 5 4 9 2
263 1 5 9 3 3 7 8 3 8 4
315 6 8 6 8 2 6 1 9 7 9
190 7 4 1 3 1 3 4 9 2 7
10
283 6 5 3 6 7 4 3 9 4 4
221 2 3 9 6 2 7 8 1 1 3
356 9 8 9 8 2 9 8 9 5 5
310 9 9 8 2 8 2 9 9 2 8
260 4 4 3 2 1 7 6 7 9 9
278 6 3 5 7 1 3 7 3 9 4
202 3 6 5 2 5 5 1 6 6 2
299 9 3 5 9 8 3 1 3 5 6
392 6 8 9 4 7 9 9 9 8 8
283 6 6 9 6 5 5 1 2 5 5
10
267 1 9 9 8 2 6 4 9 9 1
174 1 1 5 2 7 3 6 4 1 5
306 6 8 8 1 9 9 4 6 7 5
280 7 5 7 5 3 9 3 7 2 6
280 8 5 9 7 3 3 2 2 7 2
238 3 6 3 6 2 8 5 4 6 4
242 3 2 7 4 7 1 8 3 2 4
352 2 1 9 8 6 7 9 9 9 7
310 6 9 7 6 5 9 9 9 3 2
282 7 1 6 5 4 8 3 4 6 4
10
282 2 2 9 6 7 5 2 7 9 3
246 3 3 9 3 8 3 3 8 4 3
250 2 2 7 7 4 2 8 8 5 5
291 2 8 8 6 7 7 7 1 5 2
289 3 3 5 6 6 9 9 2 3 7
336 6 7 7 6 7 2 9 7 7 8
276 1 2 9 2 8 6 9 7 6 4
225 7 4 4 3 3 1 5 5 5 5
278 6 2 5 4 8 5 5 3 9 1
287 7 6 2 6 8 2 9 4 4 6
10
318 6 7 9 9 9 1 4 3 5 3
312 9 8 2 2 6 8 9 2 7 5
275 4 9 8 1 2 6 6 8 9 6
288 5 4 3 3 9 8 8 1 3 6
223 1 9 7 4 3 2 8 7 1 6
243 6 2 2 8 5 4 2 9 1 4
212 8 4 2 7 3 3 2 6 1 4
289 9 6 6 6 5 5 4 5 4 4
208 4 4 3 5 2 6 3 5 6 1
290 2 7 9 8 8 2 3 5 4 9
10
247 1 5 9 6 1 8 7 9 6 2
195 2 8 3 1 5 3 7 5 1 9
230 4 2 7 3 3 7 1 4 9 4
291 4 9 8 5 7 1 2 3 9 8
259 1 2 6 7 4 5 9 1 7 1
391 8 5 3 9 9 9 7 9 6 8
356 9 7 9 4 3 6 9 1 9 8
245 2 7 4 3 5 2 6 2 6 9
351 7 3 9 9 3 8 9 5 5 8
245 7 5 2 5 7 1 3 5 3 8
10
263 9 4 5 3 1 6 3 9 6 9
237 6 4 9 1 6 3 1 8 4 7
240 3 5 1 3 5 7 1 5 9 7
242 7 9 8 4 1 8 2 5 3 4
247 4 5 6 9 2 1 7 8 3 6
280 9 9 1 9 1 6 3 8 5 5
256 2 8 1 8 9 2 1 7 3 7
300 7 5 6 6 7 1 7 3 6 3
194 4 9 3 1 5 3 2 7 4 1
264 8 8 5 4 6 5 4 4 4 1
10
210 5 2 2 4 9 1 2 7 2 2
245 2 8 7 6 4 6 2 5 8 1
303 8 6 8 9 5 4 2 6 2 6
239 9 5 1 4 1 4 5 9 3 5
217 4 3 6 4 6 9 2 1 1 1
251 1 9 3 7 5 8 7 5 1 6
232 2 4 3 3 5 7 6 2 6 6
288 2 6 7 7 2 8 5 9 6 8
249 1 9 4 1 8 5 9 3 5 7
151 5 6 5 1 1 1 1 6 1 8
10
273 9 7 8 7 1 6 5 9 1 4
277 7 6 6 7 8 2 2 7 4 2
289 6 9 8 7 4 9 9 2 1 2
225 2 9 3 2 2 1 9 7 9 8
219 5 3 7 7 2 3 2 5 1 5
265 1 4 4 7 4 8 1 3 7 7
243 4 4 3 1 3 7 1 7 9 8
280 8 6 5 3 8 8 3 5 1 5
210 1 6 3 5 3 1 3 8 9 4
214 1 2 4 8 1 4 7 1 5 4
10
214 4 1 6 9 1 3 1 4 1 8
276 1 4 1 8 9 3 8 7 4 7
201 6 4 2 1 7 5 5 1 3 3
277 6 9 4 3 9 1 7 9 4 2
352 4 2 8 5 9 4 8 9 7 9
285 5 1 3 8 7 4 4 1 8 5
250 9 9 6 2 4 4 6 1 4 1
292 8 6 4 8 2 7 3 2 7 3
232 1 2 6 9 2 6 2 2 8 1
323 5 2 9 6 4 8 6 8 8 6
10
302 8 3 8 8 3 9 5 5 4 1
334 8 5 9 6 9 7 1 3 9 4
278 5 3 8 5 6 6 9 3 1 8
270 9 8 2 5 4 1 3 8 6 7
219 2 3 5 1 7 4 3 7 4 5
253 2 8 7 4 6 9 2 9 7 1
247 4 1 7 1 7 3 8 9 3 3
245 4 5 6 1 9 5 5 3 3 8
273 4 5 1 7 8 4 3 4 9 2
275 3 5 2 6 5 1 6 1 9 9
10
335 8 7 7 5 1 9 9 3 9 3
297 5 9 7 5 9 4 8 2 2 9
270 1 7 5 6 9 7 3 1 5 6
231 5 7 9 2 7 8 1 7 1 3
282 4 1 6 6 8 1 5 6 9 5
246 2 4 6 9 3 8 2 7 3 5
276 6 1 2 8 9 6 1 7 4 3
260 3 5 7 6 3 5 8 1 2 8
357 9 6 2 6 9 9 9 7 3 6
172 1 9 2 1 2 1 3 6 7 5
10
209 8 4 3 5 3 2 6 2 2 3
227 2 7 3 1 3 6 3 7 7 7
237 5 3 1 9 6 5 1 5 4 1
224 3 3 4 5 6 6 4 6 1 5
244 6 7 5 6 2 4 1 7 6 3
201 3 5 5 3 6 1 8 2 1 2
313 6 8 7 8 3 7 7 5 4 7
301 7 7 1 1 8 9 4 9 6 8
250 4 6 8 7 3 1 4 9 3 6
250 3 2 4 5 1 5 7 7 9 3
10
340 9 8 3 8 5 7 1 9 9 8
236 7 7 4 4 3 8 5 8 1 4
346 4 1 4 9 8 6 9 1 9 9
291 1 1 9 8 5 6 4 9 7 4
281 9 7 5 4 8 6 1 2 5 4
228 6 1 5 2 3 7 1 3 7 5
221 1 8 6 7 1 2 2 6 9 5
205 7 1 6 3 3 3 1 7 5 1
295 6 7 1 3 7 3 8 5 7 9
315 2 8 9 9 9 6 3 1 7 5
10
272 9 2 5 1 5 6 9 8 2 9
292 9 7 6 1 8 7 4 2 6 3
296 4 3 2 9 8 4 5 4 6 2
240 5 6 5 7 5 8 2 4 2 2
284 7 8 5 6 5 9 9 1 2 2
288 4 8 7 3 8 8 1 5 7 4
234 6 9 6 8 3 2 3 2 5 1
284 8 5 1 9 9 6 2 7 2 2
288 6 2 8 2 9 2 4 1 9 7
328 7 9 8 5 5 7 9 1 6 4
10
294 9 3 2 9 3 8 3 9 1 8
288 8 5 1 8 7 3 1 5 6 7
280 5 7 7 7 2 7 5 2 6 1
220 6 8 2 3 1 7 6 2 4 6
296 6 6 6 8 6 2 4 4 3 9
317 7 1 8 7 2 7 6 6 8 3
284 9 2 8 8 2 2 2 2 8 2
275 8 1 2 3 9 8 5 6 1 6
258 5 7 8 5 1 8 1 4 2 9
207 4 7 2 1 1 8 9 2 5 5
10
203 1 8 6 2 1 8 4 4 5 3
179 1 2 3 3 2 7 3 4 3 9
218 1 1 1 9 6 1 1 4 8 1
263 9 4 6 5 2 5 2 8 6 3
304 4 3 1 5 7 9 9 7 6 4
212 3 8 7 1 4 6 1 5 6 4
262 3 5 4 1 8 2 6 6 7 9
310 9 7 8 1 7 7 9 5 1 6
250 8 4 4 3 3 4 2 6 8 6
306 8 5 5 3 8 3 5 5 9 4
10
349 8 9 8 9 8 7 4 5 3 2
291 5 6 7 8 3 3 6 8 7 6
363 7 5 8 9 8 4 4 8 6 7
291 1 7 9 5 7 8 9 3 2 6
285 5 5 9 7 7 6 1 2 3 6
259 2 3 9 9 1 8 3 8 5 2
230 5 4 3 3 5 2 3 4 8 2
350 6 4 9 5 8 8 8 1 6 7
253 6 6 7 3 3 8 3 5 4 9
274 2 1 8 8 8 8 1 1 5 6
10
292 4 1 5 6 9 6 2 9 8 5
302 6 2 7 8 8 1 2 7 8 4
284 9 2 7 5 4 9 3 6 3 4
318 9 4 5 9 9 2 1 2 7 6
246 1 9 2 3 5 8 7 6 7 6
284 8 6 9 9 5 2 1 7 6 1
332 8 9 6 9 2 9 6 6 4 6
305 5 2 5 5 6 6 8 8 9 4
258 1 2 9 5 8 6 8 8 1 2
298 5 3 7 9 6 8 8 5 2 1
10
322 9 6 9 5 5 1 9 6 8 2
311 4 8 9 8 8 7 2 5 1 9
320 9 8 3 8 8 6 1 5 7 1
264 3 9 7 9 1 4 4 1 7 7
215 2 3 7 4 4 3 5 2 7 3
300 6 1 3 9 6 7 6 6 4 3
239 3 8 4 7 6 3 3 9 2 2
254 6 8 9 2 1 4 9 9 3 4
225 1 7 1 1 9 5 2 7 8 5
294 4 9 6 6 7 5 5 1 6 4
10
337 6 8 7 5 6 6 8 6 9 2
226 1 9 1 5 6 8 5 8 2 1
390 9 9 5 7 8 9 9 8 3 6
264 3 3 6 6 7 5 5 6 3 3
290 9 7 5 8 2 5 2 8 3 9
227 1 4 2 3 5 9 4 2 5 8
233 2 7 3 5 9 2 1 9 8 1
211 9 6 8 2 2 2 6 4 1 3
321 8 1 9 4 8 2 6 8 6 8
266 9 1 1 9 2 6 3 8 2 5
10
282 9 4 3 1 9 5 8 5 2 3
296 5 5 8 9 3 6 7 4 3 2
214 5 1 1 8 3 7 2 5 4 1
188 2 1 2 2 7 6 1 2 2 8
292 1 2 7 1 7 9 5 7 9 9
267 6 6 1 3 6 4 8 8 1 8
264 8 3 9 4 1 1 5 1 7 9
341 9 4 6 7 8 3 4 8 9 2
244 4 5 6 6 2 6 6 9 3 5
208 4 2 5 4 2 2 4 3 6 5
10
340 6 3 7 9 8 8 7 5 4 5
241 3 9 8 4 4 3 4 6 9 1
270 4 8 4 5 7 6 2 6 6 8
226 6 2 2 2 3 3 9 6 6 5
262 9 8 1 9 2 2 8 2 5 1
243 4 9 2 5 6 7 4 5 4 2
285 6 5 5 6 5 4 3 8 4 7
309 9 4 6 6 4 8 6 4 4 2
262 6 3 4 3 7 9 1 7 1 7
264 6 6 2 8 6 1 8 6 1 3
10
280 7 7 5 6 6 5 3 4 4 7
342 8 2 2 8 8 6 3 6 9 9
243 1 9 7 2 9 1 4 5 9 3
260 9 9 1 2 4 1 3 3 8 8
293 9 6 1 7 4 2 5 7 8 6
269 8 5 4 1 9 2 2 2 6 9
352 9 4 8 4 7 7 8 7 3 9
270 2 3 9 6 8 6 4 2 5 5
307 1 3 5 7 7 7 7 3 6 8
232 7 7 2 4 7 1 6 1 1 3
10
213 3 8 6 2 2 1 8 8 5 1
294 7 8 1 6 8 1 7 4 2 8
211 4 4 9 9 1 1 1 5 1 5
173 2 5 7 3 7 3 2 2 1 2
246 7 2 6 9 3 4 1 2 2 2
246 4 9 4 9 1 8 2 9 2 3
256 1 9 9 2 3 6 8 5 6 4
267 5 5 1 7 4 8 6 2 4 8
251 5 9 1 7 6 1 1 7 4 8
297 8 4 4 8 5 2 7 9 4 1
10
244 8 6 1 3 8 1 5 6 2 6
271 8 1 3 4 5 2 6 4 8 3
283 4 7 9 8 3 6 2 1 6 5
279 5 2 7 7 8 4 7 9 3 2
330 7 4 8 9 2 9 5 2 6 8
283 7 1 9 6 8 6 4 1 1 6
204 3 6 4 1 1 3 9 4 5 6
309 2 7 9 3 7 8 9 7 6 5
238 9 5 4 4 2 1 5 6 8 2
235 7 4 3 4 5 2 1 7 5 8
10
275 3 6 5 5 9 3 2 3 8 7
227 2 9 7 3 1 6 5 1 7 7
392 8 1 8 7 9 9 3 6 9 9
272 3 9 2 3 8 9 2 4 5 6
120 2 1 1 2 1 6 5 2 1 2
200 2 5 7 6 1 4 1 5 5 5
243 6 4 1 4 2 8 6 2 7 4
270 7 2 3 9 4 1 2 3 8 3
321 8 3 3 6 9 8 5 6 3 9
252 2 6 8 7 3 6 7 7 3 1
10
234 5 9 8 2 6 1 5 3 3 8
223 1 6 9 7 2 2 1 6 3 7
215 4 5 4 5 3 4 1 7 6 3
321 9 2 5 7 5 8 1 3 8 5
239 7 4 7 1 6 3 9 2 2 1
236 9 5 7 2 3 1 4 4 5 7
213 6 2 7 5 1 9 1 8 1 4
245 6 5 1 2 8 7 8 6 1 3
302 8 2 6 7 1 5 9 2 7 8
249 7 7 8 5 3 6 6 2 1 1
10
279 4 1 7 8 8 3 1 5 8 2
258 5 4 8 7 4 6 1 9 1 3
188 1 5 5 5 5 3 2 1 4 4
314 2 7 4 9 4 5 8 2 9 5
258 6 9 1 9 1 5 5 4 4 6
313 9 8 9 2 3 9 6 6 4 7
315 6 4 7 4 9 6 7 9 1 6
269 4 4 8 5 3 7 4 8 5 9
287 9 1 1 8 2 7 5 3 8 3
160 6 4 6 1 1 2 1 2 3 5
10
318 9 4 2 7 9 6 9 2 2 3
268 2 6 8 8 3 6 8 1 3 5
287 5 4 6 8 6 7 1 7 6 5
272 4 5 8 3 8 5 6 1 4 6
325 7 4 7 8 8 4 3 6 7 1
326 8 4 5 8 9 9 7 9 1 2
291 7 7 2 8 8 3 5 9 3 2
263 4 2 3 4 9 3 6 6 7 3
284 5 6 8 9 8 5 2 6 2 2
321 9 6 7 6 5 5 8 1 2 7
10
208 2 5 6 1 2 5 9 3 3 4
305 4 7 7 5 6 6 5 8 7 3
299 9 7 8 2 9 8 2 3 4 4
274 5 3 5 1 7 6 8 6 8 2
212 2 1 8 5 2 1 9 9 4 1
306 8 9 8 7 2 6 5 6 5 2
247 4 3 5 5 2 9 1 6 7 6
235 4 7 8 4 1 5 9 2 1 4
290 7 8 3 5 6 2 8 1 8 3
228 4 3 5 5 2 6 5 1 1 9
10
190 4 6 6 1 7 2 4 1 2 3
243 9 1 2 3 8 1 3 9 4 1
222 3 2 8 4 6 3 6 2 2 7
282 3 2 8 8 4 9 5 5 2 8
279 2 7 7 8 7 1 4 9 7 6
279 8 5 9 5 7 3 1 6 5 3
287 8 2 4 5 6 7 2 1 6 9
270 9 5 2 4 1 7 7 7 8 2
298 8 8 2 5 7 4 3 7 8 7
250 1 2 5 7 1 3 6 2 7 9
10
248 8 6 1 5 2 3 9 3 3 8
316 4 6 5 8 4 4 9 7 9 2
286 2 4 9 4 4 6 7 5 6 9
255 3 9 1 3 4 3 4 9 7 9
330 9 6 9 5 6 3 9 6 5 3
356 8 8 9 3 9 1 9 1 9 9
303 9 8 6 1 9 2 5 2 6 7
315 1 5 7 7 9 5 4 7 6 9
300 8 5 3 3 8 3 9 6 8 1
274 1 8 5 8 8 1 7 1 3 9
10
215 1 5 3 4 3 9 8 1 3 5
205 9 3 3 6 1 7 1 5 1 3
258 5 5 7 4 1 9 4 3 9 2
332 9 6 9 8 1 9 6 7 5 1
237 7 3 3 2 7 3 3 9 2 8
247 1 9 6 2 4 8 1 4 8 6
314 7 3 9 4 7 2 7 2 6 7
243 2 6 8 4 2 3 5 1 9 4
220 8 5 6 1 8 3 1 2 3 4
303 9 9 9 3 8 6 7 2 2 6
10
281 1 2 7 4 8 6 7 8 9 4
270 8 5 4 1 8 4 8 3 3 8
155 3 3 2 1 1 1 7 1 6 5
254 6 7 8 1 7 3 1 5 9 2
294 8 6 7 7 7 5 4 2 2 4
274 5 9 6 6 4 2 9 4 1 6
237 4 5 9 6 1 5 1 8 2 8
251 1 5 4 9 8 4 1 1 7 3
293 2 2 9 8 7 1 1 5 9 7
259 3 3 9 7 5 7 2 9 2 1
10
244 7 3 5 7 3 3 3 3 6 1
310 8 7 9 2 6 8 5 9 2 6
283 6 2 9 9 2 9 3 8 1 5
216 3 4 7 1 5 6 5 9 2 5
267 4 9 2 5 9 2 3 2 6 4
289 9 3 7 3 9 3 5 2 2 6
284 1 5 1 5 7 5 8 8 8 7
174 4 4 5 2 9 2 1 2 1 3
284 2 8 1 7 9 2 7 8 5 5
264 8 1 2 7 6 2 7 6 1 3
10
193 3 5 7 2 3 7 3 4 2 3
267 3 2 5 3 1 7 9 6 8 6
240 6 7 8 7 1 1 5 3 6 4
291 8 6 5 4 4 8 4 2 6 8
215 4 3 7 2 4 2 5 6 3 9
297 9 5 7 7 4 1 5 7 5 4
320 2 9 8 5 7 9 7 5 2 9
281 9 3 2 7 6 1 1 5 6 7
243 5 4 7 3 6 8 2 2 4 2
211 9 6 5 2 1 4 5 7 3 3
10
151 4 7 1 1 1 7 1 1 6 1
219 7 5 7 2 1 5 2 8 8 1
311 4 7 3 9 6 5 7 1 8 3
288 5 2 8 7 4 9 7 1 1 6
241 1 4 3 4 8 4 7 1 2 7
263 5 1 8 5 7 5 4 9 1 8
322 7 3 5 8 9 3 3 5 6 8
272 9 3 1 5 4 9 6 6 2 4
315 5 4 8 1 5 6 8 6 9 8
305 7 3 2 6 9 6 1 9 8 4
10
228 5 2 5 1 7 2 3 6 9 2
291 2 2 7 5 4 4 6 9 9 9
265 8 3 7 1 8 7 3 1 6 3
290 8 3 5 1 2 8 8 9 9 7
298 8 9 4 7 5 4 9 5 4 3
204 4 5 9 6 3 3 1 3 3 2
250 5 1 9 4 5 4 5 1 4 6
211 2 1 5 8 1 2 8 1 2 6
206 3 5 9 2 2 5 7 8 3 1
230 2 6 2 4 8 7 2 3 4 4
10
280 7 8 1 3 8 3 7 8 4 7
235 1 6 7 8 4 6 2 3 4 6
257 2 9 6 4 9 2 3 3 8 4
306 6 8 2 5 7 6 6 8 6 9
217 2 4 4 1 2 9 7 2 8 3
332 5 9 1 9 3 9 9 1 7 8
294 6 1 4 9 4 7 4 9 4 7
217 4 2 1 4 5 7 3 7 4 2
283 4 8 7 6 9 8 2 1 1 4
384 9 9 6 7 6 7 9 8 8 5
10
255 2 1 9 5 9 6 3 4 3 4
363 7 7 4 9 6 9 6 6 6 8
275 5 9 3 5 4 9 4 1 5 5
284 8 2 9 1 4 4 9 3 7 4
250 6 3 2 4 3 4 6 3 7 9
303 7 7 6 5 5 2 6 1 8 8
239 2 5 8 2 7 7 1 1 5 8
216 3 4 2 4 5 8 1 6 7 3
268 4 4 5 1 8 8 8 2 4 3
259 5 1 8 2 5 5 2 7 6 8
10
213 4 5 1 3 8 1 7 6 5 1
308 7 8 1 8 1 9 8 1 6 6
264 3 3 7 8 4 2 5 9 4 8
291 3 6 7 6 9 1 4 6 9 5
252 4 2 8 8 1 7 5 5 1 8
263 4 9 7 3 8 3 3 3 5 6
208 1 1 8 4 7 3 6 6 1 5
205 4 3 9 7 1 5 5 1 2 1
240 8 1 2 3 4 2 9 4 7 4
251 4 6 8 8 6 4 3 3 1 1
10
279 7 4 3 9 4 2 7 6 3 2
229 6 2 4 4 1 5 6 2 6 5
222 9 1 3 1 1 1 9 8 4 8
263 4 6 9 1 5 6 9 4 5 6
211 2 3 1 4 3 8 8 8 4 1
244 2 7 8 5 3 1 9 1 6 2
281 4 5 9 6 8 3 6 9 2 1
236 7 9 8 1 5 6 4 1 3 2
262 4 3 2 3 6 2 7 8 9 4
277 5 4 4 5 2 9 7 4 7 8
10
264 5 2 7 1 5 4 2 3 9 9
275 6 8 3 8 2 6 4 5 3 5
228 4 9 7 1 3 6 3 3 4 9
254 2 5 9 7 8 2 5 9 1 2
253 2 1 9 2 6 5 9 5 4 4
255 2 1 8 4 9 2 2 2 9 4
247 7 3 7 6 4 1 1 3 7 3
220 9 3 7 2 3 2 3 7 4 4
239 5 6 3 9 1 8 5 1 4 2
314 7 9 8 6 5 6 5 4 9 2
10
276 8 9 3 6 4 9 6 3 4 1
203 2 5 9 5 2 2 8 7 1 3
286 8 4 6 6 3 5 5 6 6 6
291 5 3 2 7 7 6 8 1 5 3
307 4 9 8 6 5 9 8 2 1 8
257 3 6 6 5 5 1 8 4 4 8
245 4 4 2 4 9 1 3 3 7 3
208 1 7 2 4 6 1 8 2 2 8
303 7 5 9 6 2 6 8 9 5 5
298 1 9 6 4 9 9 6 1 7 5
10
266 4 5 1 4 3 8 8 9 8 1
313 6 3 9 4 8 7 5 4 6 6
260 5 1 8 7 2 4 3 7 5 4
204 1 4 8 1 5 7 2 7 3 4
262 6 9 2 6 1 5 3 7 8 7
170 2 1 1 2 1 4 9 9 2 2
220 8 7 6 2 1 1 5 3 4 5
262 5 9 7 4 4 5 8 2 3 3
325 7 3 9 8 5 5 8 5 5 3
276 3 8 9 7 3 5 8 4 5 4
10
282 6 2 6 5 8 3 6 5 1 9
254 7 1 5 2 5 9 1 1 7 5
254 2 4 9 3 4 2 6 6 5 9
235 4 7 6 9 3 1 3 5 5 2
195 2 1 2 7 1 4 3 8 4 3
194 6 9 2 1 6 6 1 6 2 3
210 3 4 3 6 1 8 6 1 4 4
291 8 5 4 6 5 2 5 6 8 7
240 6 6 8 3 2 6 4 8 3 6
343 4 3 5 9 7 8 7 2 4 9
10
215 7 7 4 2 6 7 3 3 1 3
298 6 7 4 5 8 3 3 6 8 4
274 9 5 8 3 6 7 2 7 2 1
257 7 3 1 2 6 9 7 8 1 9
220 4 9 4 7 1 8 1 1 4 5
258 2 5 8 9 4 4 1 4 4 6
273 5 5 8 1 6 8 1 9 3 9
286 6 4 4 7 7 3 6 7 5 5
311 3 5 1 9 9 9 3 1 8 4
331 6 9 2 9 6 7 3 5 9 5
10
235 9 9 5 4 2 8 1 3 2 2
218 3 9 2 1 6 1 9 4 4 7
289 1 5 5 6 9 9 2 9 5 8
295 3 4 4 7 9 8 2 1 3 9
239 8 3 2 6 2 3 9 8 2 2
210 7 2 4 4 1 2 6 1 3 6
249 9 6 4 4 2 6 2 8 2 5
247 1 9 1 4 5 7 4 4 8 4
259 2 2 4 7 5 8 2 6 6 4
255 9 8 9 1 6 5 4 6 2 1
10
376 9 4 3 8 8 6 9 1 9 4
236 3 6 1 8 1 7 2 1 6 9
268 8 7 2 5 4 6 1 9 6 8
245 5 2 2 8 6 5 2 9 3 4
203 2 8 8 1 5 4 2 7 3 4
208 6 1 6 5 2 2 3 9 2 4
295 5 7 7 5 8 1 9 3 7 5
308 1 9 6 8 5 1 9 4 8 9
312 9 8 5 7 7 1 6 3 5 3
247 9 6 6 4 2 1 3 7 4 5
10
260 5 7 6 5 3 3 6 7 6 5
303 9 9 8 6 8 2 3 5 2 9
238 5 2 4 4 7 3 6 3 6 1
291 3 3 4 6 6 5 5 7 8 5
259 4 3 7 3 3 6 3 2 9 5
154 3 1 9 1 3 1 6 1 2 4
279 3 6 5 7 6 2 9 7 5 5
247 1 5 7 4 4 9 2 5 6 9
335 3 7 8 8 6 7 5 7 8 5
296 9 3 8 8 4 2 4 5 4 9
10
401 5 7 9 9 8 9 9 7 9 4
230 3 2 6 4 8 2 6 4 2 4
281 5 3 4 4 9 8 1 8 7 3
302 3 6 9 8 3 7 9 9 1 6
306 7 9 2 7 1 7 5 4 9 6
282 3 1 1 6 7 6 8 3 6 5
307 4 8 3 9 1 8 8 1 6 9
214 9 7 6 1 6 5 4 1 1 1
220 2 6 1 7 4 2 2 6 3 7
255 7 7 5 2 4 4 6 6 8 3
10
256 2 4 1 8 7 3 5 9 8 1
233 3 4 9 5 2 6 7 3 1 8
275 5 3 7 9 5 3 5 9 5 2
359 9 5 2 9 9 9 2 4 7 3
234 5 9 9 4 1 6 4 8 4 3
252 4 7 8 7 2 1 4 8 5 2
297 5 8 3 6 8 5 3 4 8 8
320 3 8 6 8 4 4 4 7 8 9
274 8 6 1 7 3 5 5 7 3 4
248 9 1 1 5 1 6 2 8 5 6
10
280 9 8 4 5 4 5 4 8 4 1
267 6 5 3 3 7 3 8 5 3 7
275 2 6 4 8 2 5 6 2 9 9
356 9 6 7 2 6 9 9 5 9 9
263 9 1 2 1 3 8 9 7 4 4
268 7 3 3 7 6 4 2 9 3 6
194 6 1 9 2 4 3 3 2 1 6
247 6 5 9 1 9 6 1 8 2 3
279 3 4 8 7 7 5 4 1 8 1
290 6 3 5 4 7 9 6 5 5 2
10
285 6 1 9 1 6 8 8 7 3 7
270 3 3 4 1 6 4 9 9 8 7
278 6 9 9 2 5 1 7 7 6 3
236 6 1 4 4 2 3 7 6 5 9
211 2 7 5 1 6 4 8 6 2 4
272 1 4 4 9 7 3 5 4 4 6
263 4 7 9 4 5 6 7 4 2 4
366 5 9 7 7 8 8 4 7 9 7
310 9 6 1 4 9 9 9 3 2 5
304 3 5 1 9 8 9 5 6 7 3
10
319 8 8 7 3 9 9 5 7 3 1
216 7 6 1 5 3 4 1 8 3 7
223 8 1 4 1 9 2 4 8 2 4
271 6 5 7 6 6 2 6 2 1 6
259 7 5 5 1 9 5 3 1 2 9
214 8 7 1 3 2 1 2 1 6 7
204 7 5 2 3 6 4 3 8 1 1
263 2 4 4 7 5 4 8 6 3 8
244 5 3 1 5 2 8 6 7 3 6
319 8 2 8 4 6 8 3 5 7 8
10
266 5 6 7 1 8 3 6 9 4 8
247 2 4 1 7 9 2 6 4 6 1
315 7 4 1 9 8 2 2 5 9 7
243 4 5 3 2 2 3 9 9 8 4
301 2 5 9 4 7 5 8 7 8 1
322 8 6 3 5 4 3 9 9 8 6
294 9 3 9 3 5 2 9 2 6 2
175 5 4 3 7 1 4 2 4 2 1
270 3 7 6 2 7 4 8 9 5 7
368 6 4 9 9 9 9 6 4 1 8
10
350 8 3 2 9 5 9 7 9 6 3
328 9 7 7 9 8 1 7 7 3 5
308 2 6 2 7 8 8 6 8 7 2
186 4 9 3 4 1 2 1 8 8 2
325 9 1 7 7 4 8 2 8 7 5
290 8 3 5 1 9 1 9 3 6 8
238 1 4 9 2 6 2 8 5 5 3
326 3 7 2 9 9 1 8 1 9 6
286 7 9 2 2 9 4 7 9 1 9
363 5 4 7 8 9 5 9 7 8 3
10
245 3 2 2 6 8 9 2 9 2 3
223 6 5 4 7 2 5 5 5 3 1
271 1 1 5 6 5 7 6 9 5 9
304 8 8 4 3 9 2 7 1 6 9
348 7 7 6 9 1 3 9 6 9 7
220 3 3 3 6 3 1 8 8 1 7
275 7 8 4 4 5 5 5 3 8 5
301 9 1 2 6 4 6 1 5 9 8
247 2 6 1 3 3 8 7 5 7 4
277 7 5 5 7 2 9 5 2 2 4
10
271 3 5 4 8 8 7 2 3 1 9
375 9 8 8 9 6 5 9 6 2 8
241 4 1 6 3 6 1 5 8 6 4
233 9 9 2 1 6 3 5 7 2 4
302 7 1 6 4 7 2 5 9 6 8
287 5 6 9 7 5 3 3 7 4 8
246 2 8 7 6 9 1 3 6 1 4
120 1 4 1 1 1 3 1 4 5 3
337 7 7 7 5 7 7 7 2 3 9
318 7 8 2 6 9 7 5 1 5 5
10
308 7 1 4 9 5 6 6 4 8 2
251 8 3 1 8 1 4 4 7 1 9
205 5 2 2 5 3 5 2 9 2 7
216 7 2 5 2 7 1 1 8 5 4
254 4 9 4 9 1 3 2 4 9 5
300 5 8 9 5 8 5 6 3 8 1
277 8 6 1 3 2 8 9 3 6 3
187 1 7 2 7 4 1 2 2 5 2
334 4 8 9 3 5 7 8 9 9 5
253 5 1 7 3 1 2 9 9 8 7
10
244 8 4 5 2 7 5 6 4 1 2
345 4 6 9 7 7 3 9 9 6 7
217 4 1 6 1 1 5 7 4 8 7
271 4 1 5 7 9 2 5 6 2 8
269 7 1 6 2 5 8 8 2 3 5
189 2 8 9 2 2 1 2 2 8 5
267 8 5 2 1 7 4 7 6 5 9
325 3 9 8 8 9 3 1 9 9 6
256 1 1 9 8 1 6 6 5 6 2
360 8 2 5 9 5 6 9 3 6 9
10
331 9 5 5 6 6 9 3 6 3 9
265 4 6 3 1 8 5 6 4 8 9
270 2 1 8 5 3 8 8 1 4 8
223 6 5 4 4 5 5 4 7 1 5
302 4 9 5 8 2 9 8 1 4 9
218 6 9 1 1 7 3 8 4 1 1
298 5 1 7 2 5 8 9 4 6 7
206 7 1 9 5 1 4 1 1 2 5
291 8 7 9 3 9 3 3 5 3 9
281 5 3 9 3 7 5 5 4 5 4
10
350 4 5 9 8 9 9 6 7 3 8
215 7 2 5 4 3 7 3 3 1 2
296 1 9 9 7 5 7 5 5 4 9
250 5 9 3 1 9 7 2 6 5 6
257 5 8 7 2 6 6 6 2 4 6
300 4 8 9 5 7 1 7 1 9 2
345 8 3 8 7 6 9 8 9 3 1
329 9 5 2 3 9 9 8 7 1 9
260 7 2 5 8 5 2 1 8 2 8
343 7 1 7 7 8 7 4 2 9 6
10
353 7 9 9 9 6 6 1 6 8 8
266 3 2 1 6 6 8 3 5 7 5
168 1 1 8 1 7 5 1 5 1 3
258 5 8 3 9 4 2 3 4 5 7
218 4 1 8 3 1 4 4 3 5 5
272 8 3 7 4 6 2 9 5 3 5
217 4 5 2 3 5 5 2 6 2 7
295 6 7 7 9 1 6 7 8 3 7
296 9 8 4 1 6 1 9 8 8 3
289 7 9 6 6 4 4 9 4 1 6
10
325 5 5 4 8 9 4 8 9 6 4
275 6 9 3 4 2 4 4 2 9 8
237 5 3 9 2 7 9 1 7 2 2
241 8 1 9 8 2 1 2 1 2 7
266 7 3 2 4 1 9 4 9 8 3
285 8 3 6 1 8 8 5 9 2 6
292 4 8 8 4 7 4 7 2 4 6
242 4 6 5 2 5 4 1 8 8 6
234 2 3 7 8 1 5 7 6 3 6
242 4 5 4 1 6 9 3 9 3 8
10
303 3 7 6 8 8 5 7 2 2 5
326 9 5 7 5 8 7 3 5 5 6
280 7 6 7 3 9 4 7 6 2 1
229 1 5 2 8 9 1 5 1 4 5
267 4 9 8 5 6 2 8 1 1 9
288 2 6 4 9 5 1 6 3 9 6
232 8 1 1 4 3 2 1 9 9 7
199 2 8 2 2 5 4 3 4 6 4
318 7 2 4 9 8 2 2 9 7 3
348 9 1 6 5 7 9 8 2 5 7
10
322 8 7 1 3 4 8 9 9 8 7
178 9 3 4 2 1 2 4 5 2 1
281 7 4 5 9 1 3 7 3 7 4
213 6 4 7 8 3 2 3 1 1 4
294 6 8 1 4 8 6 5 4 8 1
247 1 1 7 7 4 3 8 7 6 2
294 1 6 9 6 7 4 8 6 9 3
222 3 9 2 5 3 5 6 4 3 3
282 1 3 4 6 4 4 7 2 9 9
297 3 3 6 9 4 6 6 9 2 8
10
410 9 5 4 9 8 8 9 3 7 8
211 1 1 5 3 6 4 7 6 1 7
279 4 2 9 9 2 4 4 7 1 9
255 2 3 7 8 4 6 7 1 5 3
234 6 2 1 1 8 7 1 2 7 4
374 8 9 9 7 8 6 9 5 5 8
313 6 5 7 1 4 7 7 7 9 8
297 2 7 5 2 9 5 9 5 8 8
265 2 8 1 3 9 5 7 7 7 5
219 2 9 3 2 6 3 4 6 5 6
10
203 2 1 8 5 4 1 6 3 2 2
289 7 5 4 2 6 5 9 2 8 7
270 6 4 5 4 9 9 1 5 3 2
325 8 1 3 6 8 6 4 6 8 6
261 7 4 8 3 8 6 2 1 3 7
342 9 2 1 8 7 8 5 1 9 7
213 9 1 1 2 3 5 1 8 6 2
283 3 5 6 3 6 7 9 4 6 4
254 8 3 9 3 3 1 5 6 9 2
172 3 1 7 3 2 6 3 5 1 5
10
268 7 1 1 2 4 6 6 9 5 8
283 9 2 3 3 2 5 8 9 8 2
199 6 9 3 4 5 2 4 1 3 1
233 8 3 2 5 1 9 2 7 1 7
279 7 5 6 1 6 8 9 9 2 5
270 8 8 5 2 2 2 2 8 9 9
257 5 7 8 5 4 7 3 6 5 1
276 2 7 7 4 9 6 3 8 7 3
214 3 5 2 6 3 7 4 1 4 4
216 1 8 4 2 4 6 1 3 8 8
10
317 5 4 7 7 8 5 6 3 9 3
304 7 1 5 7 2 8 6 8 3 9
262 8 3 5 2 5 8 4 1 4 9
262 8 8 2 7 6 1 3 9 6 2
318 5 7 5 8 7 8 2 2 8 6
265 5 6 3 2 3 6 7 6 9 5
287 4 2 5 6 8 1 3 1 9 9
256 8 5 2 6 2 2 9 5 5 1
207 4 6 4 5 3 3 4 1 5 3
326 9 9 5 3 9 5 5 6 7 7
10
291 9 5 4 7 3 6 5 7 8 1
282 4 5 5 8 9 1 3 4 7 2
201 5 2 3 1 4 7 2 6 6 4
260 7 1 2 1 8 7 7 6 3 4
170 3 5 3 1 5 6 2 4 1 1
300 9 4 4 8 3 5 6 1 3 6
301 5 5 9 8 4 8 6 5 3 1
217 4 2 2 1 7 5 4 2 6 8
236 2 4 3 7 9 4 9 2 1 1
194 5 7 8 3 6 3 2 1 2 1
10
316 7 9 9 9 2 7 2 8 3 9
274 4 1 9 1 7 7 7 4 6 3
350 9 5 7 5 8 6 5 4 5 9
282 6 3 7 9 2 4 7 3 4 6
283 4 6 1 3 6 4 8 5 8 7
214 2 1 6 4 6 4 9 6 1 3
240 7 5 5 5 5 9 1 1 1 5
201 2 5 6 5 3 4 3 7 2 2
289 3 7 1 3 8 5 6 2 9 9
277 2 8 4 7 7 5 6 8 4 1
10
275 4 1 6 1 2 9 8 7 8 7
309 8 2 9 6 2 4 7 7 7 6
215 4 7 3 5 3 5 3 1 2 9
298 4 8 4 9 7 3 9 8 3 3
278 2 4 4 8 6 5 6 3 7 6
274 4 3 9 5 9 1 6 4 5 4
298 5 2 8 1 7 8 8 5 7 8
260 6 4 3 3 6 4 3 6 6 6
274 8 9 4 9 2 1 2 3 3 8
313 8 7 8 4 3 7 4 5 9 5
10
216 7 4 3 5 1 2 2 5 4 9
248 6 9 5 4 3 2 4 1 9 5
305 1 8 4 5 7 9 4 6 9 5
234 6 8 4 7 6 2 7 2 1 1
274 4 4 6 8 5 2 2 8 8 3
276 5 8 5 6 2 4 8 9 2 9
233 3 1 6 3 5 6 6 4 5 4
313 6 5 8 9 1 5 3 6 6 9
222 7 4 8 3 3 2 6 4 3 5
270 6 8 1 8 6 4 6 5 1 8
10
343 3 2 7 7 9 8 6 7 5 8
195 3 5 4 6 1 4 2 5 4 4
279 6 2 6 7 4 3 4 5 9 6
254 2 6 8 2 3 7 9 6 2 7
323 8 2 9 7 7 7 2 4 8 1
250 8 4 6 8 4 2 7 3 1 2
268 3 7 6 7 2 3 8 5 9 4
337 7 7 9 9 3 5 9 8 8 2
295 1 5 8 6 3 9 5 9 6 9
180 4 6 9 2 3 4 5 1 2 1
10
179 5 3 6 1 2 4 8 2 3 2
196 1 3 5 3 6 1 5 1 4 4
215 9 6 4 6 1 1 3 9 3 3
245 6 6 1 3 5 6 1 2 5 9
234 3 8 3 5 8 8 5 1 1 3
289 9 6 8 6 3 1 1 9 8 9
326 9 1 8 5 9 9 5 7 2 1
267 6 2 8 5 6 5 4 1 5 2
297 9 9 3 9 1 8 4 2 5 1
340 7 9 8 7 5 2 7 7 9 5
10
291 7 5 2 5 9 1 6 5 8 4
280 7 2 7 4 9 1 5 3 6 5
178 4 9 5 1 1 3 9 3 2 2
202 1 5 8 7 1 2 7 3 2 5
226 5 7 1 5 8 3 2 6 3 5
212 7 1 2 4 2 8 3 8 3 4
280 3 8 4 9 3 5 9 2 4 7
289 8 5 8 1 4 5 6 6 8 5
286 1 9 9 3 9 8 2 5 6 5
254 8 6 3 2 3 9 5 9 2 8
10
317 2 3 7 5 6 5 9 4 8 8
260 9 2 8 3 1 7 4 7 5 2
262 4 5 9 4 8 5 7 6 2 2
308 7 5 6 9 3 4 5 7 9 3
350 8 7 3 7 8 8 9 8 4 7
259 7 7 4 1 4 3 7 6 8 2
261 5 4 4 5 6 4 3 8 5 6
340 9 6 3 6 5 9 5 9 9 1
288 4 6 1 7 7 6 2 5 7 8
310 8 1 6 7 3 7 2 1 8 9
10
221 2 4 5 5 4 4 2 5 4 9
265 1 9 4 6 5 9 8 5 1 6
259 1 1 1 8 3 8 5 6 9 4
331 8 2 9 6 9 3 6 1 9 1
264 2 8 9 4 6 4 5 6 2 8
332 6 7 2 6 8 7 9 2 9 2
197 3 2 9 1 7 3 3 2 2 3
297 3 9 6 8 3 6 5 6 3 9
313 6 8 5 5 5 8 8 8 5 6
230 3 6 4 8 1 8 1 3 6 1
10
319 7 4 7 8 3 5 8 1 8 8
252 5 4 1 7 6 4 2 1 6 3
272 4 2 2 9 5 4 1 7 5 8
234 3 6 2 6 7 2 8 2 1 6
282 7 9 8 1 7 9 3 5 5 3
260 8 6 7 7 1 6 4 8 2 1
201 5 6 4 1 2 2 6 1 6 8
252 4 4 4 5 2 7 4 8 6 3
279 5 8 1 9 4 2 2 8 8 9
233 5 9 5 1 7 6 8 1 2 4
10
262 5 3 8 4 8 1 3 4 8 1
264 6 1 3 2 8 3 8 9 2 7
173 2 1 2 1 2 5 9 4 2 9
244 6 1 7 7 2 5 1 8 2 5
250 1 2 8 3 9 6 3 4 3 9
277 6 1 1 4 8 7 7 9 3 6
276 8 9 2 5 2 7 5 1 5 8
265 1 7 5 3 5 7 4 1 9 8
381 8 6 4 8 9 4 9 3 9 6
197 1 4 4 6 3 4 5 6 1 5
10
338 5 4 8 6 5 9 2 6 8 9
296 4 8 4 7 8 5 1 9 7 2
245 2 9 1 4 2 9 3 7 8 4
292 3 4 2 8 8 7 9 1 3 5
258 2 2 3 5 8 7 7 1 4 5
295 8 7 1 5 7 7 2 5 8 4
254 6 2 6 3 4 9 6 1 4 7
300 8 2 6 6 2 5 8 7 4 9
246 9 8 9 3 1 5 2 7 3 4
247 5 1 8 9 3 1 1 7 6 5
10
266 6 6 6 4 8 4 2 4 4 3
272 4 7 6 3 6 7 4 9 2 9
295 8 7 2 4 8 5 7 9 7 2
334 6 5 7 6 8 8 6 7 1 9
201 1 4 6 4 3 1 6 5 3 8
305 8 7 6 8 6 4 3 1 6 3
299 1 8 6 9 9 7 1 2 4 8
258 2 2 6 7 9 4 2 4 4 4
280 2 4 7 8 5 2 5 6 7 4
267 5 9 1 5 7 8 3 2 2 6
10
270 7 7 9 2 5 7 2 6 4 9
280 6 3 9 6 3 5 5 1 8 5
232 8 1 5 1 4 3 9 4 5 1
210 2 7 3 1 8 6 3 7 5 2
228 1 6 4 5 1 5 2 5 8 9
277 5 9 8 8 6 2 3 1 3 4
312 8 3 4 4 9 9 5 9 2 6
280 1 8 8 7 2 8 9 8 8 1
264 8 6 5 6 2 9 1 6 2 5
207 6 2 2 1 3 7 7 4 3 2
10
278 2 3 3 4 7 7 9 4 4 6
278 5 6 8 3 7 3 7 7 5 4
217 3 5 6 1 7 2 8 1 4 6
212 3 7 8 6 2 1 3 5 4 3
306 4 2 6 9 5 7 2 2 9 9
206 6 2 3 4 2 1 2 3 8 1
287 5 8 9 3 7 1 6 1 6 7
190 1 5 2 2 3 1 7 3 9 1
246 5 7 2 4 1 9 1 8 8 5
282 3 3 2 7 3 9 1 5 8 9
10
336 7 6 4 9 6 4 9 8 5 7
296 1 4 8 8 9 6 7 6 2 3
248 7 3 3 1 6 5 7 6 5 6
245 4 9 8 6 9 1 2 8 2 3
305 9 2 1 9 8 5 8 4 1 2
209 5 5 1 2 5 2 2 4 5 8
288 7 8 1 7 2 7 3 2 8 7
228 8 8 1 4 1 1 3 6 9 2
283 8 9 6 2 5 7 4 8 7 2
296 6 6 3 6 7 9 4 8 3 6
10
289 7 4 3 5 8 3 1 7 9 8
253 8 2 3 7 4 3 4 9 4 2
229 4 3 1 4 3 7 7 4 3 7
276 6 2 4 5 9 4 3 4 4 6
321 6 6 3 9 8 1 6 1 8 9
113 1 2 2 1 4 2 1 1 3 1
343 8 6 6 5 7 6 4 9 9 8
259 1 4 7 5 5 5 3 4 7 9
287 9 5 7 2 8 5 2 3 7 2
179 4 8 3 3 1 7 1 5 1 4
10
179 2 4 2 4 4 8 1 1 3 3
265 9 2 5 2 7 6 3 6 6 4
226 7 5 3 6 2 4 4 6 1 4
239 5 9 4 7 1 4 3 6 7 1
280 6 2 8 3 7 9 2 2 6 7
265 9 2 2 7 3 1 1 5 5 9
320 9 4 1 3 6 9 7 9 6 4
285 9 9 8 9 1 5 5 7 2 3
388 8 7 9 9 6 8 9 9 5 6
249 8 1 3 2 5 4 8 1 7 5
10
186 5 4 1 8 2 1 2 2 1 4
364 4 6 6 7 9 6 9 9 6 6
328 6 9 5 8 5 9 5 3 8 2
324 5 9 8 3 9 5 8 7 5 7
293 8 1 1 9 2 5 8 7 5 2
276 5 1 8 4 4 4 9 6 8 2
191 4 2 9 2 3 2 3 3 1 9
310 6 3 9 7 7 5 4 5 5 6
263 7 8 5 1 8 5 2 4 5 3
333 6 6 3 9 4 8 2 6 7 9
10
307 9 5 8 3 7 6 1 8 5 5
261 2 7 5 5 2 7 9 4 9 4
199 6 2 6 2 7 8 1 1 1 1
249 5 9 5 1 1 5 3 9 9 5
318 8 8 9 1 5 4 7 6 8 9
287 7 7 4 9 3 7 5 3 4 2
352 7 8 3 9 9 4 3 4 7 8
211 2 3 9 2 8 4 3 4 2 1
241 1 2 9 2 6 3 5 7 6 7
268 7 3 9 2 5 9 3 4 7 2
10
286 5 8 7 5 8 5 3 6 3 4
295 6 2 7 3 5 9 4 8 8 5
289 6 5 8 6 9 6 3 3 2 5
268 8 7 4 5 3 1 7 4 4 9
201 3 5 6 1 3 6 3 8 1 9
288 2 7 6 5 9 8 4 2 8 2
297 6 3 9 6 6 8 2 6 1 7
219 1 7 2 5 7 6 3 1 8 1
299 1 6 7 9 6 3 2 8 9 7
291 6 3 8 6 7 2 5 4 5 9
10
359 7 5 4 8 7 6 7 3 9 8
227 3 7 8 3 3 8 2 4 5 2
213 4 5 1 2 8 6 6 7 1 4
243 2 9 2 5 4 9 7 4 3 7
260 1 7 8 4 8 3 5 2 7 6
215 1 9 6 4 4 5 1 6 9 1
163 3 3 3 5 4 3 2 1 1 1
274 8 5 1 9 1 9 2 2 6 3
321 6 1 7 6 2 8 8 4 9 5
239 6 3 5 2 8 2 3 9 4 7
10
302 9 7 6 1 8 3 9 1 7 7
295 4 5 8 7 7 1 1 4 8 7
340 9 9 4 8 4 9 2 2 6 9
247 2 2 9 6 5 8 1 4 5 6
316 9 8 9 5 6 8 7 2 2 2
281 3 1 2 6 9 8 2 5 9 1
302 2 8 6 8 7 2 8 1 9 6
288 9 7 2 1 6 3 3 5 9 9
227 1 2 6 3 6 2 6 9 6 1
271 1 3 5 9 6 5 5 3 6 6
10
372 8 3 9 7 9 4 8 5 8 3
332 7 6 9 7 5 9 6 8 6 3
251 7 2 3 9 3 8 3 6 1 4
243 7 7 1 6 2 9 5 2 4 3
201 7 6 1 5 1 3 5 2 1 5
272 7 6 2 7 5 1 4 7 6 6
241 7 1 1 7 5 9 2 5 1 1
268 6 9 2 2 5 4 9 7 4 6
211 8 5 1 2 8 1 6 9 1 2
285 9 2 4 5 7 5 6 2 6 2
10
295 9 7 5 6 6 5 5 7 2 6
262 3 2 3 4 9 2 7 3 5 6
282 6 5 5 8 1 6 8 6 2 9
238 1 3 8 1 7 2 2 7 9 7
296 2 2 7 3 9 8 9 1 5 8
320 8 2 9 4 8 7 4 8 4 4
198 4 9 6 2 1 1 8 9 6 1
264 8 5 6 2 1 8 6 9 7 3
266 2 4 3 9 6 6 2 2 4 9
306 6 2 3 8 6 8 3 5 8 3
10
215 2 8 2 5 2 4 8 2 4 8
244 9 2 2 5 4 1 2 6 7 2
281 5 6 1 4 8 8 7 5 1 8
281 3 4 1 7 9 6 4 9 3 6
232 1 9 7 7 4 6 1 5 7 1
221 9 1 2 2 1 9 4 6 4 4
321 9 3 2 7 3 4 8 4 9 4
242 1 3 8 5 1 2 6 2 7 9
319 6 6 9 9 1 3 5 6 8 7
271 6 1 5 6 3 7 8 8 5 4
10
285 3 5 8 7 5 4 1 9 6 6
255 8 3 6 1 5 6 3 6 8 1
238 6 1 8 3 3 4 2 7 3 9
244 4 7 3 2 4 4 5 7 9 1
226 8 8 5 2 4 5 4 2 2 4
258 1 5 9 7 7 7 5 3 3 2
308 9 2 6 7 3 9 7 7 4 5
311 6 6 7 4 9 2 4 9 8 6
280 9 2 2 8 4 4 6 4 7 1
322 7 4 8 9 7 3 6 1 7 1
10
331 9 3 4 9 2 8 5 5 9 7
223 1 3 5 1 4 9 7 3 6 6
298 6 6 4 9 4 2 2 7 7 6
221 1 2 1 7 1 8 6 4 4 6
275 2 4 9 4 3 6 3 7 9 8
265 2 6 4 4 8 3 9 2 4 8
169 4 7 5 2 1 6 3 5 2 2
233 1 4 3 4 9 7 2 1 7 1
262 6 5 6 3 6 3 1 4 6 9
188 6 2 6 4 2 1 1 2 4 7
10
294 6 3 8 6 6 6 3 9 2 9
248 4 3 5 2 5 6 6 7 6 2
255 3 2 8 2 8 3 4 3 7 4
313 6 2 9 4 5 9 4 9 5 6
297 1 8 8 3 9 8 7 9 4 7
183 6 8 4 1 2 4 1 2 2 6
323 9 2 1 6 8 3 3 6 7 9
236 1 6 4 5 1 4 7 9 9 4
334 7 4 8 3 9 4 8 1 9 6
234 4 3 1 3 7 7 4 5 4 8
10
298 2 5 9 6 9 4 8 9 4 1
264 2 9 5 7 5 7 5 2 2 4
191 1 5 6 3 4 3 2 6 7 1
253 8 8 1 8 3 3 3 4 5 1
269 4 1 3 8 7 5 6 7 2 8
347 9 4 3 7 6 9 6 6 7 2
303 1 5 9 7 5 5 9 6 8 1
317 3 2 8 8 8 2 5 5 9 6
316 9 5 3 7 3 6 4 4 6 8
192 5 5 1 9 2 1 4 2 1 3
10
280 4 7 9 9 1 4 3 5 6 4
264 5 6 3 6 8 3 1 5 7 2
214 2 2 1 6 1 4 6 7 6 4
241 1 5 4 5 3 6 6 7 7 2
317 1 9 6 8 5 7 8 9 8 6
284 6 5 6 7 5 7 4 4 6 1
296 9 9 6 1 7 2 8 4 8 3
370 6 6 8 5 9 5 8 4 9 7
280 7 8 7 6 2 9 1 1 5 9
350 7 1 6 9 2 9 5 5 9 8
10
264 4 2 9 4 4 3 4 7 9 8
244 3 4 1 9 1 4 7 1 3 7
269 5 7 3 6 9 8 1 2 2 3
272 4 8 2 5 7 9 3 4 3 6
230 3 5 7 8 2 6 2 6 1 5
240 2 6 5 5 8 6 2 6 1 6
230 4 2 1 8 6 2 5 1 3 2
351 3 9 6 9 8 5 7 8 6 6
371 7 7 5 8 8 9 3 9 7 9
358 9 3 9 9 3 8 6 9 4 8
10
279 8 1 6 9 4 4 6 6 3 3
257 4 9 1 4 8 1 7 7 6 7
237 9 2 4 1 4 2 7 8 6 1
287 3 8 6 6 4 6 8 3 5 6
207 4 4 2 4 9 1 4 9 1 1
306 9 7 9 8 1 7 8 3 3 4
202 5 8 3 7 2 1 4 4 4 1
332 8 7 7 9 2 9 5 3 7 1
292 9 3 1 4 8 8 1 6 8 6
284 6 6 4 9 2 6 2 1 8 8
10
325 9 8 7 1 5 4 8 2 9 9
216 8 4 4 3 3 2 1 8 4 3
239 5 4 6 4 8 7 1 5 2 1
261 9 5 3 4 3 9 3 5 4 4
214 2 7 2 2 3 3 5 1 9 4
256 3 8 1 7 8 5 3 2 1 7
259 6 3 1 2 5 8 3 3 9 8
256 7 6 5 9 5 4 2 7 1 1
231 6 6 1 3 7 2 5 8 2 9
309 8 2 2 7 5 1 8 9 4 9
10
151 1 2 1 4 4 2 5 8 2 3
271 6 8 2 7 1 3 8 5 6 8
250 1 4 7 4 4 8 7 4 1 8
279 7 9 7 6 3 1 7 4 5 5
230 7 5 7 4 3 7 2 1 1 2
273 6 8 8 6 3 6 2 7 7 1
226 1 7 9 3 5 5 8 6 2 2
272 6 6 6 4 4 9 2 8 5 3
290 6 3 3 9 9 2 8 2 2 2
227 7 3 6 8 2 3 1 7 4 1
10
214 5 6 2 6 6 2 2 2 4 5
332 6 9 8 9 4 8 6 9 4 5
353 8 8 2 9 3 9 8 6 7 8
238 6 2 3 4 9 8 3 2 2 3
192 6 1 4 3 1 3 6 8 1 6
287 1 6 6 9 3 1 8 7 6 8
295 2 8 4 8 3 8 7 1 8 7
191 2 4 7 2 1 9 1 6 2 6
279 5 3 6 7 4 5 8 7 2 7
204 3 4 7 2 4 6 1 8 2 9
10
217 8 1 2 4 3 2 5 1 5 5
228 3 8 9 1 6 8 7 6 1 1
265 7 5 6 2 1 7 9 1 9 1
273 1 3 9 8 1 9 6 3 7 2
231 3 2 2 4 6 7 3 6 6 2
345 6 7 8 8 5 1 8 6 6 9
229 4 4 3 3 2 7 5 3 7 5
263 3 9 3 8 4 7 1 7 9 2
263 2 5 8 3 7 1 2 6 9 9
247 5 2 6 5 3 6 4 1 8 2
10
208 3 6 1 3 4 2 5 2 7 8
259 3 2 8 5 7 6 2 3 9 2
250 4 2 2 5 7 6 1 4 6 7
236 1 4 4 9 3 4 5 4 5 5
236 2 1 4 4 5 5 3 3 9 5
218 2 9 7 4 1 7 3 2 5 5
309 9 2 7 8 2 6 4 8 7 6
325 1 6 9 7 9 8 2 6 7 7
312 3 7 3 9 4 4 9 8 7 9
236 4 1 1 3 5 5 5 8 8 1
10
262 4 5 5 5 8 1 1 9 8 5
205 1 3 9 4 2 5 1 5 6 6
286 7 2 3 7 5 1 7 5 5 6
259 8 4 9 1 3 8 3 4 6 1
297 3 3 7 9 8 2 7 2 8 4
311 6 9 5 5 5 7 7 8 7 4
309 9 7 9 4 7 3 1 5 9 4
241 8 2 6 5 3 9 2 4 4 1
368 7 5 7 8 8 9 9 6 6 5
291 3 7 5 6 7 5 9 1 6 3
10
273 5 9 6 4 5 5 9 9 5 2
304 6 9 4 6 6 2 3 3 8 8
334 6 8 9 5 6 8 9 6 9 1
269 1 1 3 8 3 9 1 5 9 9
311 5 3 6 6 5 5 7 8 8 6
261 2 1 1 8 6 1 5 6 6 7
277 3 3 2 6 6 5 3 3 7 9
259 4 3 6 3 5 9 7 9 2 5
232 3 1 9 1 1 8 6 5 5 8
237 4 3 1 9 2 5 1 1 8 8
10
181 2 8 2 1 3 3 5 4 5 8
260 9 5 1 2 7 1 2 7 9 6
285 9 6 1 8 2 8 3 5 9 2
273 7 6 5 7 3 9 1 4 2 4
326 8 3 5 1 9 7 9 8 5 8
284 6 6 2 6 8 4 4 5 3 9
267 5 8 4 9 6 2 5 1 4 6
243 4 4 4 6 4 8 6 3 5 2
220 1 5 7 3 2 5 4 9 7 7
249 7 3 3 8 2 4 4 5 7 1
10
215 4 5 4 2 2 7 8 7 5 2
278 1 6 4 5 7 6 6 1 9 8
258 1 5 8 5 3 9 8 5 3 4
291 6 2 7 6 7 3 4 6 5 9
266 3 7 7 2 8 6 7 5 2 9
232 4 4 4 7 2 2 9 6 3 6
250 5 6 3 7 3 4 9 7 2 3
330 8 7 1 8 3 6 7 4 7 7
303 6 7 1 6 4 9 4 1 8 7
260 9 6 2 2 8 3 5 8 5 2
10
219 6 7 3 6 2 2 5 2 2 7
260 2 2 3 7 2 5 7 4 6 9
290 2 6 2 7 3 8 3 7 9 9
215 8 1 1 1 1 4 9 6 3 8
333 6 9 5 5 9 7 9 6 2 8
295 6 7 5 7 4 3 1 5 9 8
279 5 5 3 7 5 1 9 9 7 3
192 2 3 1 2 9 3 8 1 2 3
309 8 6 8 7 1 9 3 8 6 7
304 8 5 5 3 6 7 8 6 3 6
10
204 3 7 5 4 4 4 6 5 4 1
325 2 1 7 8 7 8 7 1 7 8
259 8 7 4 9 3 1 2 6 4 7
225 2 1 5 6 4 8 7 2 1 3
280 1 7 5 9 9 1 3 2 4 8
336 6 7 2 9 7 2 8 5 9 8
269 4 6 8 3 2 5 4 5 9 9
317 5 5 1 7 2 8 9 3 8 9
242 3 9 9 7 4 3 3 6 5 1
228 5 1 2 4 6 6 5 9 1 2
10
283 9 8 8 1 6 9 4 3 4 6
336 5 5 8 9 8 7 9 5 6 1
200 4 4 2 6 1 1 6 8 4 6
241 2 2 1 9 2 9 8 8 4 1
275 5 3 2 2 8 9 5 6 4 6
201 8 5 9 3 2 1 4 2 2 2
321 5 7 1 7 9 8 6 3 8 2
304 9 9 8 4 7 8 7 5 1 1
282 6 8 3 6 9 3 8 9 2 2
255 3 5 7 2 5 3 4 5 8 6
10
282 3 9 5 6 3 8 8 7 5 6
259 6 8 1 6 7 7 4 1 1 5
251 4 1 2 5 3 3 9 4 7 4
258 4 3 8 7 6 2 1 3 8 6
230 9 8 2 3 3 5 1 4 3 4
228 3 5 4 4 8 2 1 7 4 6
375 8 6 7 9 9 8 9 3 2 7
296 5 1 5 3 7 9 5 3 6 8
209 8 2 1 3 4 1 5 6 2 5
251 6 5 6 3 7 1 8 8 1 8
10
302 5 6 4 3 8 9 9 8 5 5
259 5 4 4 7 6 1 1 2 8 6
238 3 8 9 5 4 2 1 9 7 3
242 6 9 1 4 7 3 3 3 4 3
239 2 1 9 5 7 5 7 4 2 4
280 8 6 5 5 6 4 5 7 3 5
299 5 8 5 1 7 7 9 8 9 5
252 3 9 6 2 4 6 8 7 4 7
238 8 9 2 4 6 4 3 2 4 3
187 2 8 6 1 8 3 2 3 1 6
10
225 3 6 1 8 4 4 6 4 2 6
218 2 6 4 2 8 5 2 4 1 8
274 3 9 5 6 9 5 3 9 2 3
240 6 6 4 5 8 5 1 5 1 1
210 6 1 4 2 4 3 4 3 6 3
229 8 4 7 3 3 1 9 3 2 5
298 4 6 5 3 8 5 7 3 8 9
243 9 1 4 5 2 4 6 4 3 1
270 4 1 4 9 2 7 9 4 2 3
293 5 3 3 3 9 2 9 9 4 9
10
304 7 7 5 7 4 6 4 6 7 3
277 9 9 6 6 2 4 3 4 4 5
336 3 6 9 9 4 7 9 9 6 8
278 9 7 9 1 4 5 9 1 2 5
205 1 8 2 1 1 9 4 4 7 8
238 6 1 9 3 1 8 9 3 2 1
243 9 1 5 3 7 5 1 9 3 1
282 6 9 5 6 3 9 2 8 4 4
308 9 9 4 7 3 7 4 8 3 4
201 8 4 3 1 2 4 8 2 1 8
10
295 9 2 4 6 5 9 1 1 7 3
204 2 8 5 5 2 5 5 4 4 2
279 9 6 2 2 6 9 6 1 5 5
283 5 7 8 5 1 8 7 4 6 2
331 3 3 5 8 9 5 7 2 9 5
284 1 7 4 9 7 6 3 5 7 4
223 6 7 2 5 2 7 4 5 1 8
299 2 1 7 5 8 5 3 6 9 7
249 7 5 7 2 6 6 2 9 2 5
332 5 9 8 9 5 6 1 4 8 5
10
328 8 4 3 6 4 6 7 5 9 6
205 6 9 2 4 6 4 1 1 2 1
213 6 5 2 1 5 8 1 6 3 2
323 7 2 4 7 9 2 9 7 7 5
228 6 7 9 2 6 2 3 9 3 3
281 7 2 4 9 3 9 5 2 3 3
258 3 5 3 9 3 9 6 3 2 2
319 8 5 9 6 9 7 6 1 1 7
273 7 5 7 4 8 2 7 4 1 8
327 6 6 6 4 7 6 7 8 5 9
10
238 6 9 7 4 1 7 8 8 1 3
283 4 8 1 4 8 3 6 7 8 7
334 7 9 9 4 4 9 5 3 9 7
314 1 4 3 5 9 8 4 8 9 7
303 7 5 1 3 6 2 9 9 6 9
265 5 4 7 4 4 6 4 5 6 4
328 8 7 4 8 5 1 8 7 5 7
305 7 6 6 1 9 9 8 8 1 8
258 4 9 2 8 7 2 5 7 2 3
263 4 3 5 7 5 8 5 9 4 2
10
242 2 1 6 9 7 3 1 9 1 8
238 3 2 4 6 5 3 9 1 2 9
280 3 7 8 3 7 4 7 7 2 8
267 9 3 1 4 8 2 9 6 1 1
273 1 5 1 9 5 8 3 7 4 6
263 7 3 2 1 8 7 3 9 6 3
255 3 3 2 2 8 8 8 8 2 5
239 1 3 5 2 1 5 9 9 9 4
244 8 3 6 2 3 6 7 9 1 3
260 9 6 7 4 7 2 2 2 1 8
10
306 9 6 6 7 1 6 1 9 9 6
288 5 9 5 4 8 3 3 3 9 5
292 4 6 8 8 8 6 1 1 8 2
250 4 8 1 3 2 3 7 2 9 8
274 7 3 8 6 9 1 1 6 5 4
217 2 2 8 9 1 7 1 4 1 7
141 1 9 4 2 1 6 4 2 1 1
261 5 4 8 4 7 8 4 1 4 1
257 5 6 7 4 6 4 3 9 4 7
270 7 2 3 6 7 3 2 8 5 6
10
273 2 2 6 3 9 9 6 5 5 2
318 4 8 6 9 2 8 6 6 4 8
215 2 6 6 3 1 7 3 7 3 9
252 7 2 6 7 5 3 2 5 2 4
311 6 9 8 1 8 8 7 9 3 8
301 9 3 7 5 4 6 8 6 1 9
224 2 6 8 1 8 6 3 6 2 2
311 7 8 4 5 9 5 4 7 3 7
204 3 5 2 3 6 7 1 2 3 6
214 6 5 7 4 1 3 2 4 4 7
10
232 3 2 5 2 7 5 4 8 8 1
358 9 9 8 3 6 6 8 8 7 6
259 4 3 3 6 2 7 2 5 9 9
274 8 3 5 4 8 2 6 6 2 4
338 5 6 9 1 8 9 7 8 7 6
255 2 2 4 2 9 8 7 4 2 7
281 6 1 8 8 1 3 2 7 6 8
233 2 8 9 1 8 1 7 8 4 3
219 4 3 2 1 1 7 8 6 5 5
249 5 8 1 5 8 2 4 5 3 8
10
295 7 8 7 9 2 5 1 3 9 4
240 3 1 5 1 4 2 7 1 9 8
230 9 7 2 4 1 1 7 1 9 2
259 8 9 3 6 4 4 1 3 7 5
335 8 9 6 4 5 6 7 4 9 5
277 4 6 4 5 8 9 1 1 7 3
294 8 5 3 9 4 8 3 1 1 7
225 3 9 1 6 3 5 7 4 3 1
331 8 7 1 7 3 8 8 6 8 4
233 9 4 4 3 2 3 2 3 9 3
10
268 7 7 2 4 9 2 5 1 6 6
236 1 3 1 7 4 7 3 4 4 6
286 2 9 6 7 5 7 2 7 9 4
299 7 9 7 5 4 2 8 9 4 4
190 1 5 4 4 2 6 6 5 1 3
304 2 4 6 6 8 6 6 6 8 6
328 9 5 6 3 6 9 8 6 6 5
270 2 9 2 6 9 8 3 8 7 1
269 2 6 9 5 5 7 2 5 8 1
255 1 3 9 3 8 3 3 2 9 3
10
232 3 6 5 4 4 7 2 5 5 2
312 6 7 5 5 9 4 5 5 8 3
330 7 7 9 9 5 2 8 1 6 5
234 3 6 3 9 1 6 2 6 7 3
245 8 2 3 3 8 1 1 6 3 8
266 7 3 4 3 7 6 5 5 6 1
231 6 1 5 6 1 6 2 1 5 6
256 1 5 8 3 5 9 4 4 7 7
270 4 2 7 2 8 5 5 9 8 4
237 6 5 5 1 3 6 6 6 2 8
10
267 6 9 8 3 5 3 4 6 6 1
304 5 7 5 8 6 8 5 3 2 6
243 3 5 6 9 7 4 1 1 3 3
287 2 8 9 9 4 3 6 3 6 7
181 3 3 2 2 3 8 5 4 2 5
257 1 7 3 8 7 1 8 7 5 1
265 2 3 5 1 8 8 3 8 8 9
213 2 3 6 3 1 5 1 8 7 6
307 9 2 1 6 3 5 8 3 7 9
289 5 1 3 9 5 6 8 5 2 4
10
196 3 6 9 2 3 1 2 5 5 3
297 2 6 9 9 4 3 9 7 1 8
203 3 1 4 8 3 1 8 3 1 2
238 4 4 6 2 1 9 7 6 8 1
208 1 4 3 5 6 9 6 1 1 3
263 4 5 2 6 8 3 9 4 1 3
221 7 3 2 1 7 2 1 1 9 1
333 5 9 5 9 5 7 7 5 8 6
284 8 2 6 6 8 3 2 4 6 3
210 3 5 7 2 1 3 3 5 5 8
