100 25
500 500 500 500 500 500 500 500 500 500 500 500 500 500 500 500 500 500 500 500 500 500 500 500 500
15
744 10 3 8 9 5 7 1 7 3 5 4 3 2 8 3 9 9 9 6 8 8 9 6 6 4
751 1 8 2 7 5 10 4 1 10 7 6 7 8 9 7 10 1 5 9 10 3 3 10 9 1
746 10 2 8 3 2 6 9 10 6 2 10 3 3 7 5 9 4 10 4 7 1 4 9 8 4
685 7 10 8 3 8 10 10 1 3 3 8 2 7 7 6 10 2 6 9 2 9 10 6 1 3
523 9 3 9 4 5 1 7 4 1 6 2 9 2 2 3 3 1 7 4 1 7 7 4 4 3
625 3 1 6 3 8 9 6 7 5 5 10 6 4 7 6 4 4 4 9 4 4 4 6 4 9
762 8 5 10 7 3 6 6 10 4 6 6 3 1 2 7 5 3 4 10 10 4 2 1 9 10
764 10 1 6 9 8 3 9 10 7 5 10 10 9 8 7 9 8 2 6 3 7 1 8 10 4
699 10 6 9 10 7 1 4 6 9 2 4 6 9 7 1 2 1 5 1 3 7 7 2 7 9
543 8 6 9 10 5 6 3 2 1 6 8 4 4 4 4 6 1 4 3 1 1 1 8 3 3
566 7 7 3 6 1 2 4 1 6 4 8 6 6 3 1 7 2 3 6 7 3 6 5 10 4
572 7 2 5 3 1 10 7 6 7 9 4 6 3 6 2 3 5 7 4 5 6 4 10 4 7
773 9 5 3 8 8 1 10 4 6 5 2 8 3 3 6 9 7 10 4 8 8 8 9 9 8
619 3 1 7 3 8 9 4 9 7 3 10 2 9 2 2 3 3 4 7 3 1 7 10 10 5
466 1 6 9 3 10 6 6 8 4 5 8 1 8 9 1 3 6 1 2 3 5 4 8 3 5
15
746 7 6 4 8 8 9 1 8 4 3 8 9 4 4 8 5 4 9 3 3 10 6 3 4 9
563 3 1 1 2 7 7 4 6 1 7 1 9 3 9 10 7 1 2 2 5 7 9 1 10 4
753 9 7 5 9 9 2 4 8 10 5 10 5 1 10 2 5 5 3 3 3 4 5 9 7 3
655 8 7 3 7 4 6 10 2 6 7 8 1 9 8 6 4 9 1 5 10 1 4 3 4 9
596 5 4 10 3 4 4 6 8 5 6 7 3 4 5 1 3 6 6 9 2 1 2 2 8 6
796 10 5 2 10 8 10 3 4 9 4 8 2 2 1 2 4 3 8 8 10 8 2 10 9 10
566 1 8 4 5 5 2 1 1 7 5 4 7 9 9 10 2 3 8 1 8 5 1 10 4 1
570 5 8 7 1 4 6 1 7 3 6 5 9 7 8 9 2 4 1 1 9 3 3 6 7 2
605 9 5 1 6 3 6 9 6 5 10 1 8 1 4 5 8 10 7 1 3 2 4 8 7 5
720 2 2 9 9 7 5 4 10 9 9 6 4 8 10 1 4 2 3 4 9 10 10 7 6 4
534 1 4 9 5 4 4 4 1 6 7 9 1 4 2 10 7 10 2 7 1 4 4 1 2 4
586 5 2 8 7 4 10 7 2 1 1 8 9 9 9 6 1 9 4 7 2 5 1 5 8 2
562 4 6 4 9 4 10 3 7 3 10 3 10 9 3 1 2 8 3 4 1 1 1 5 6 4
741 10 7 6 4 8 2 7 6 3 5 7 7 2 2 9 4 3 10 2 1 9 5 10 9 5
690 1 6 4 9 5 6 7 8 6 4 2 10 9 1 9 7 4 6 7 1 3 9 9 6 2
15
666 3 4 8 6 6 5 9 3 9 6 1 4 3 9 3 6 8 10 4 5 6 4 8 3 5
661 4 9 7 8 1 6 6 2 5 1 10 8 10 8 3 1 3 9 3 3 5 2 8 6 8
656 3 3 8 7 2 6 9 10 5 3 7 4 8 1 5 6 1 3 8 10 7 7 8 5 3
611 10 4 3 7 2 2 4 8 4 3 8 2 1 4 6 8 3 1 2 7 8 6 10 8 1
725 6 3 6 10 2 2 4 3 6 1 1 10 10 7 10 9 9 6 5 4 10 10 1 4 3
778 10 8 5 6 3 3 4 2 4 10 2 5 4 10 7 7 10 10 8 5 6 9 2 10 5
542 2 1 8 7 9 2 3 2 5 8 7 9 5 2 7 3 8 1 3 10 6 5 5 3 2
707 10 3 4 10 7 3 7 6 5 9 10 9 2 6 4 7 1 5 1 1 5 9 8 7 6
621 7 3 10 3 9 8 1 6 2 7 3 7 4 9 1 5 7 6 8 5 4 9 8 2 6
738 7 8 5 9 2 7 9 9 8 10 6 7 9 7 10 4 7 5 5 8 9 3 10 1 1
633 10 1 6 7 7 3 8 1 4 5 7 9 8 2 3 1 8 5 5 7 7 6 9 2 4
645 3 10 9 8 6 1 9 2 9 8 1 4 10 3 8 4 2 4 4 4 5 1 3 8 4
679 5 2 6 2 2 6 9 4 8 10 9 8 1 8 5 10 4 9 9 5 9 5 10 6 4
658 8 1 9 4 2 1 8 3 10 4 2 3 1 7 5 2 1 6 4 7 6 10 1 8 3
695 8 4 3 9 5 10 6 8 4 5 1 10 4 2 3 3 10 4 3 7 4 10 2 8 5
15
784 9 5 7 2 8 9 8 6 4 5 6 7 7 10 8 9 9 7 6 4 6 7 8 10 10
545 6 2 5 8 2 1 6 4 5 1 10 5 7 4 3 8 3 2 1 7 9 10 7 2 7
636 6 3 5 4 9 10 5 5 4 6 6 7 2 5 9 1 5 1 5 2 2 9 5 5 7
666 10 9 1 4 9 1 3 2 6 10 4 10 7 8 6 4 6 8 1 5 7 5 1 4 6
752 5 7 10 9 5 1 5 5 9 9 2 6 6 7 4 8 3 2 6 4 5 7 5 5 10
651 10 10 6 4 4 10 4 3 6 6 9 4 9 7 3 2 5 2 1 10 2 9 10 1 4
678 6 9 3 8 6 10 7 6 7 1 3 6 3 9 2 2 5 8 5 3 9 4 7 3 8
682 1 5 8 10 3 2 3 6 5 5 6 5 8 10 7 4 7 9 1 8 10 9 4 3 7
681 5 5 1 1 8 1 6 5 2 9 9 7 1 7 10 4 9 7 4 6 6 7 9 10 6
721 9 3 8 10 3 2 8 7 5 3 3 8 7 6 8 10 1 2 3 5 9 5 10 8 2
604 10 9 8 6 2 4 7 6 4 8 6 4 7 8 3 4 2 3 6 9 1 1 1 2 7
751 7 10 7 9 2 4 8 10 1 6 4 2 3 9 4 4 5 10 3 4 5 7 4 8 6
827 2 7 2 6 4 3 3 8 9 4 10 3 8 1 9 7 2 3 10 9 4 7 7 9 10
655 1 5 8 5 5 1 5 9 6 6 8 8 9 8 2 8 4 7 8 5 9 1 9 1 6
641 6 3 3 8 5 2 3 4 9 3 1 9 2 1 4 8 9 10 1 8 10 6 2 4 4
15
813 10 1 2 10 8 10 7 10 7 1 9 1 3 3 8 9 5 5 6 8 7 3 9 9 7
618 1 9 8 3 10 8 3 3 9 2 6 6 9 4 3 8 10 2 5 4 7 1 3 7 3
784 5 5 2 2 5 7 8 5 10 3 7 10 8 9 5 10 1 9 10 3 5 9 8 8 1
547 6 10 6 3 5 4 7 7 1 6 4 8 3 7 4 7 7 3 3 4 6 3 2 5 3
699 1 7 6 6 5 2 8 2 10 6 4 5 9 3 6 7 8 6 6 1 1 9 8 6 9
865 10 6 9 7 10 9 6 9 9 1 8 2 7 3 7 1 10 8 7 1 8 7 7 3 9
706 1 6 8 7 1 3 8 1 9 2 6 8 3 10 7 2 2 6 6 4 2 6 6 10 7
539 9 5 5 4 1 10 5 5 3 7 6 10 8 2 1 8 9 7 3 3 1 3 9 6 3
769 5 2 7 9 4 9 1 9 7 3 7 10 2 10 7 6 8 10 8 1 6 5 9 5 7
776 8 1 8 10 8 1 1 9 3 6 7 3 8 3 6 8 2 10 10 6 4 9 5 2 10
822 9 8 1 9 9 8 5 3 9 2 6 9 4 4 5 9 6 10 10 10 5 5 3 8 1
688 3 5 6 10 10 10 5 6 4 4 5 10 2 1 5 3 2 10 7 5 6 3 5 7 6
731 5 3 5 9 3 6 8 10 10 4 3 1 10 3 4 8 10 8 4 4 2 6 7 6 9
613 5 1 10 6 2 9 8 7 9 7 2 9 7 5 9 6 10 4 1 1 1 3 6 6 1
706 9 7 8 7 10 2 10 2 1 9 9 8 6 6 10 8 5 8 2 2 7 7 3 8 1
15
578 1 9 10 1 6 3 9 5 5 6 5 6 1 4 9 1 1 9 4 10 10 1 6 1 2
597 1 7 4 6 8 1 5 3 1 10 6 8 9 9 4 8 2 1 10 6 3 2 10 6 7
589 1 7 4 7 5 5 7 1 8 9 6 4 1 3 1 5 4 4 5 5 9 7 8 9 3
573 1 8 4 5 2 4 6 3 3 9 6 2 4 2 5 9 9 2 6 10 3 4 10 5 10
779 4 10 5 10 1 6 9 3 5 3 9 9 4 9 10 3 2 3 6 8 7 3 2 8 10
749 3 6 2 10 5 7 2 5 7 10 4 6 3 9 2 7 9 9 8 10 6 1 9 5 4
693 8 7 10 6 3 6 6 9 6 2 9 9 5 5 4 7 5 2 8 3 5 4 6 8 7
629 1 8 6 2 9 4 4 4 7 9 5 2 4 3 3 5 5 4 7 5 5 7 5 6 8
444 1 6 7 5 10 3 4 2 3 7 5 1 3 5 2 2 10 5 3 9 1 5 4 5 1
679 4 8 7 8 10 6 8 1 5 10 10 7 7 7 5 7 9 2 5 7 10 9 4 7 7
674 6 9 2 10 3 6 2 7 9 1 10 2 2 6 6 6 1 3 1 8 4 2 7 5 6
713 5 9 10 4 7 10 5 2 5 7 2 8 6 4 10 10 6 10 4 10 4 7 4 3 2
595 6 1 10 8 3 6 9 9 1 6 8 5 1 6 2 3 1 10 8 4 1 4 4 2 4
695 1 9 1 7 10 10 6 6 2 6 7 9 4 2 7 3 7 5 10 6 4 9 3 2 7
623 4 6 6 4 7 6 10 6 9 7 10 5 9 10 4 8 10 2 6 3 2 3 5 1 10
15
654 7 5 4 5 3 4 10 8 9 9 5 10 8 1 6 3 8 2 2 10 1 9 1 10 1
708 10 6 6 6 8 9 4 8 2 8 6 1 2 2 9 4 10 4 6 7 5 10 4 3 1
716 9 5 6 8 8 5 5 8 7 6 2 8 3 1 9 1 7 7 5 8 5 6 3 2 6
562 7 7 10 1 6 6 10 7 2 9 1 6 4 4 4 5 2 5 3 1 2 4 3 4 9
705 2 2 10 7 8 5 2 2 4 3 8 6 9 9 10 8 6 6 10 2 6 2 3 10 5
609 8 8 7 7 7 8 2 4 6 2 3 9 10 8 2 10 2 2 3 4 2 1 5 1 10
648 7 2 1 5 6 6 10 4 9 8 4 3 6 5 2 5 4 7 2 1 9 9 5 4 9
727 9 2 6 10 5 9 6 3 8 10 9 5 6 2 7 6 8 9 1 2 3 9 3 10 1
690 6 8 1 2 7 9 8 6 3 9 8 7 4 3 9 6 9 8 7 6 1 7 9 3 3
845 10 7 7 1 6 8 10 10 6 10 8 8 3 6 10 5 10 4 10 8 9 7 7 7 7
678 1 8 2 9 1 1 4 8 9 1 6 3 4 7 2 7 9 7 7 7 8 2 1 6 6
741 8 7 4 10 4 7 3 1 8 9 9 1 6 6 3 6 1 8 9 2 4 7 5 1 8
622 10 1 9 2 7 6 2 2 7 2 10 9 7 3 10 7 2 1 3 1 9 9 9 8 1
560 2 3 9 1 1 3 6 3 3 10 2 5 8 7 7 7 9 6 5 9 9 10 4 4 7
708 8 5 9 9 5 1 6 4 5 1 4 3 4 1 8 2 10 5 5 10 9 7 4 3 5
15
710 9 1 3 1 6 10 4 9 9 10 6 3 9 10 6 5 5 4 1 8 5 9 2 5 10
723 7 4 9 10 2 8 7 9 5 7 9 5 9 9 9 5 6 2 6 6 7 8 3 4 6
646 2 5 7 2 9 8 3 6 8 6 1 2 10 9 6 4 1 6 5 6 4 5 9 7 9
614 6 7 4 6 7 7 10 10 5 4 1 6 9 8 3 2 7 1 10 1 5 5 1 2 1
655 9 3 7 3 2 3 9 1 9 5 9 7 2 3 2 3 9 6 4 9 4 2 6 7 9
603 10 4 10 4 10 8 7 10 10 6 1 3 9 5 1 4 6 1 1 5 3 2 4 2 4
589 5 2 4 4 1 5 6 2 10 2 2 4 5 7 4 10 4 8 6 3 1 3 4 9 4
676 4 3 5 6 5 5 9 9 10 1 3 8 2 2 10 4 10 3 5 7 3 10 7 1 4
569 2 9 9 3 10 4 1 5 5 9 7 9 6 10 2 5 10 1 7 7 3 1 6 9 2
668 1 5 6 3 8 1 8 8 5 6 9 9 8 8 9 1 7 9 2 7 8 2 6 5 6
618 2 10 2 1 4 8 6 6 5 7 7 8 5 1 10 9 1 7 1 3 6 6 10 2 10
542 2 4 10 1 3 6 6 2 4 4 9 9 8 9 8 1 5 5 2 9 2 9 3 4 6
705 7 10 1 5 5 9 3 4 9 9 7 3 8 7 1 8 8 6 6 10 4 1 8 7 6
621 1 2 8 10 3 3 4 10 4 7 7 10 2 3 8 6 3 1 7 2 6 1 5 8 10
525 2 2 7 4 1 4 8 7 1 8 7 10 1 2 3 7 9 7 5 10 10 1 5 3 6
15
652 7 9 9 5 2 4 10 9 1 1 1 4 9 4 7 7 5 1 4 8 2 8 9 3 4
556 3 1 8 2 1 6 7 5 5 1 5 10 9 7 3 3 3 5 5 10 3 1 8 9 4
624 3 4 1 5 4 1 6 3 5 9 2 5 4 6 8 10 5 5 2 10 10 10 4 3 5
721 5 8 9 10 2 9 9 3 9 2 9 6 2 4 8 6 9 4 4 4 1 5 6 9 8
643 10 4 2 6 1 8 7 8 2 8 8 1 1 7 8 6 10 5 4 2 6 1 8 9 6
612 10 10 3 6 3 5 10 5 1 1 9 5 9 3 4 1 9 2 3 7 6 2 6 8 6
557 2 7 3 10 3 6 1 7 4 1 7 1 3 2 6 4 10 1 2 10 2 4 8 5 7
649 2 9 9 5 9 7 2 3 2 9 5 1 2 5 10 10 9 3 10 9 4 10 2 7 2
757 8 8 5 2 4 1 1 6 5 2 7 1 6 10 5 4 3 9 10 5 9 6 7 1 10
774 10 6 4 6 3 4 8 10 10 8 10 8 2 3 4 8 8 6 2 9 6 5 3 10 1
808 6 6 7 8 9 7 3 9 10 3 3 1 7 8 8 10 8 9 9 10 5 1 3 2 9
588 7 9 5 1 5 5 4 8 5 6 2 9 1 3 4 3 3 2 9 2 9 7 5 1 3
696 8 9 9 7 1 5 4 6 9 8 3 9 9 4 2 2 3 10 5 8 1 4 1 2 2
682 4 3 8 8 7 7 8 9 4 4 4 8 9 9 7 2 3 8 1 2 3 6 10 9 10
694 4 7 4 8 6 5 6 1 4 7 8 5 4 5 9 4 8 3 9 8 2 9 9 7 4
15
716 3 5 9 6 1 9 7 6 8 6 4 10 10 6 9 1 10 2 6 4 9 5 1 5 10
650 7 1 1 7 7 8 8 9 8 10 10 3 7 1 1 5 10 2 1 1 5 6 9 8 7
657 8 3 2 8 10 9 5 9 1 6 9 9 5 9 2 5 4 5 3 10 6 2 8 2 5
629 1 7 4 10 8 10 6 2 5 4 3 8 6 9 8 7 1 9 2 1 3 2 9 10 4
689 8 3 10 10 4 3 4 10 5 2 6 10 7 5 8 7 5 5 3 3 2 3 9 5 8
392 1 2 1 7 7 1 9 5 1 10 5 1 5 2 4 5 10 5 1 9 3 1 7 2 1
721 2 8 4 7 4 6 6 6 7 8 8 5 6 5 5 6 10 10 1 9 3 10 1 3 7
583 1 4 4 8 4 1 5 7 2 8 2 5 8 5 10 7 1 2 9 9 6 1 6 2 7
603 1 4 9 2 4 4 1 2 4 10 1 9 10 4 9 5 10 3 8 1 5 8 6 9 5
788 6 7 10 8 7 6 2 10 10 10 10 2 5 1 6 1 6 3 8 10 1 7 6 3 3
689 7 5 7 3 3 6 5 8 2 5 9 1 9 1 10 4 8 6 5 5 4 8 5 7 9
694 1 3 9 7 3 7 5 7 10 4 8 3 3 5 2 10 1 9 7 8 4 9 10 1 10
663 1 4 3 4 8 6 9 8 2 7 6 8 10 8 9 8 8 5 6 6 5 6 5 10 2
732 9 5 9 10 9 8 5 1 10 8 4 10 2 4 5 6 10 3 6 3 7 10 3 9 5
598 1 9 7 6 8 8 2 8 3 8 3 3 4 8 2 10 8 3 5 1 7 1 2 5 10
15
762 7 2 5 6 3 3 4 8 9 4 7 5 8 5 5 9 3 8 9 4 5 9 5 4 5
571 6 8 8 6 10 3 5 2 1 8 1 5 1 7 2 9 2 6 2 4 6 5 1 10 7
574 4 2 3 7 7 1 2 4 8 6 4 3 1 4 7 7 9 1 7 6 6 2 6 7 3
643 6 7 2 5 4 6 1 7 3 2 1 10 5 8 4 10 2 7 4 7 9 1 7 6 1
718 9 10 2 6 3 8 2 6 6 9 6 8 7 3 5 9 4 10 1 10 8 8 3 4 3
479 1 6 2 4 9 2 3 3 1 8 5 6 7 8 4 4 3 3 8 1 5 1 7 1 7
682 10 9 10 2 2 10 6 4 5 5 2 1 9 7 5 9 1 1 7 5 7 5 10 8 7
698 7 2 1 10 6 9 3 4 7 8 5 2 1 6 8 5 8 5 9 2 1 7 4 6 9
758 7 10 2 6 2 7 3 5 10 5 8 10 4 2 8 2 1 7 10 10 3 7 3 3 3
561 3 2 4 9 3 3 4 10 6 2 9 3 2 7 1 10 6 4 2 1 2 7 9 3 8
786 5 5 9 9 1 10 9 10 5 6 6 7 7 2 10 6 4 5 10 3 10 2 5 9 1
844 10 10 10 8 1 2 7 5 9 7 5 7 9 3 9 8 1 10 8 8 4 3 6 5 2
617 5 7 3 2 5 10 10 5 2 6 10 6 8 7 5 9 1 4 6 8 4 10 3 9 1
604 6 6 7 1 2 3 9 9 3 9 3 7 3 10 10 2 6 8 3 5 4 4 4 8 2
589 6 4 8 3 7 7 5 2 2 9 10 7 1 9 10 9 9 6 3 2 10 1 8 3 4
15
608 7 4 4 3 10 7 3 6 10 6 6 2 8 2 6 3 3 2 3 3 2 4 5 7 6
511 1 3 9 1 10 1 7 2 6 3 9 9 7 5 3 7 2 10 1 6 2 2 9 4 2
651 10 4 1 7 8 8 4 9 7 3 5 3 1 5 1 5 9 3 6 7 8 4 7 2 4
678 7 4 9 9 2 10 2 9 6 10 5 2 4 7 7 3 7 3 6 3 1 9 2 7 8
667 6 1 1 6 6 8 10 7 9 7 3 1 10 10 3 10 10 7 3 10 1 5 7 5 10
771 9 9 9 6 1 2 6 10 4 9 10 7 7 10 4 5 2 4 9 8 2 4 9 10 3
676 3 8 2 10 5 5 9 3 4 1 6 10 8 4 8 2 6 8 7 9 4 4 1 1 5
672 4 3 6 6 8 3 2 9 9 9 2 2 8 8 2 4 5 10 1 7 3 7 8 4 5
684 4 9 3 6 5 2 9 3 8 6 10 10 5 1 6 2 5 10 8 5 7 10 6 2 1
756 10 10 10 4 6 7 5 7 10 1 6 10 7 2 3 1 2 10 1 8 10 2 9 2 9
618 5 10 5 5 6 2 8 2 3 4 9 5 6 3 1 8 8 2 9 10 6 1 3 8 10
633 6 4 9 3 5 3 1 4 9 1 1 8 2 1 3 8 10 8 7 8 7 4 3 9 5
557 4 9 5 10 10 10 4 3 3 4 7 6 5 4 3 7 4 2 1 1 10 2 2 5 4
623 5 6 4 5 1 3 2 2 5 5 6 7 5 3 8 9 7 5 5 2 2 7 8 5 6
611 3 1 3 10 5 2 10 3 7 7 3 4 8 2 8 9 7 9 1 1 9 2 8 5 3
15
758 10 9 9 6 1 8 5 10 2 3 9 5 4 5 8 2 10 8 3 2 4 10 5 10 6
756 4 6 8 2 6 4 1 10 9 2 10 3 3 6 10 4 4 10 5 5 3 10 2 10 7
656 3 4 2 4 8 8 5 1 6 1 6 7 3 2 8 8 5 8 9 9 1 8 5 10 2
664 10 6 4 8 6 3 7 8 4 10 5 4 7 9 5 3 9 6 2 2 1 5 6 5 6
673 4 3 1 9 2 7 8 8 10 8 4 5 6 4 7 10 8 5 1 2 3 6 10 4 5
605 4 8 10 4 6 8 6 1 5 3 5 10 4 5 3 2 7 8 1 7 7 6 6 1 4
767 9 9 10 9 2 4 9 3 9 5 6 4 1 9 5 10 7 2 10 1 7 3 5 9 8
756 6 5 10 7 5 9 2 8 8 5 5 1 4 9 10 4 7 8 6 10 3 5 5 5 2
563 10 2 3 4 4 2 8 1 9 9 10 2 6 2 2 2 7 4 4 2 9 4 5 2 4
697 4 8 8 3 10 2 8 7 3 5 9 8 4 7 10 10 6 1 6 10 10 5 1 7 6
487 3 4 9 9 7 6 7 1 1 9 10 8 10 1 4 5 7 1 3 5 2 3 7 2 9
734 10 5 5 4 2 5 4 8 9 4 8 4 5 8 5 10 1 4 2 8 1 10 9 7 2
576 2 10 5 3 10 3 6 3 2 8 3 3 2 7 7 3 7 3 3 10 8 5 1 10 5
622 2 2 6 8 10 1 6 2 8 9 6 8 5 7 10 7 5 3 8 3 8 2 4 2 5
581 10 2 8 2 7 8 6 10 5 10 10 6 7 4 4 4 8 1 7 5 1 6 1 1 5
15
558 4 5 6 3 1 3 7 7 4 7 2 10 5 8 7 5 10 1 7 7 2 1 2 6 8
539 2 10 10 2 3 9 9 1 5 7 8 2 1 7 4 3 2 2 6 3 3 10 8 4 1
545 8 1 2 4 10 1 5 1 2 8 4 6 1 3 5 8 7 8 4 8 6 5 6 5 3
708 7 4 8 10 6 6 6 4 8 7 6 1 9 9 7 6 5 8 5 2 6 1 7 9 1
566 3 1 3 2 2 5 9 3 6 3 7 6 5 3 3 6 5 2 10 5 4 3 7 9 5
535 1 1 9 3 7 2 6 9 3 6 5 2 2 5 2 8 4 10 4 8 7 2 9 6 3
690 2 7 6 3 9 7 2 9 8 10 5 10 8 6 9 7 6 7 1 10 10 6 5 2 2
727 1 3 1 10 9 9 5 5 8 10 8 3 10 8 6 10 8 4 7 6 7 9 4 8 8
707 3 2 8 6 10 6 7 5 10 10 7 10 7 9 5 5 2 6 5 4 3 8 2 5 6
678 6 9 5 5 9 10 2 8 1 10 4 7 5 6 3 3 8 2 10 6 6 6 2 6 10
529 2 4 5 8 4 1 4 1 1 7 8 9 10 5 3 10 7 8 4 10 7 5 4 1 2
736 5 2 1 6 1 1 6 7 10 4 8 10 6 10 5 7 4 10 6 5 7 7 6 7 2
750 10 9 9 7 9 6 7 8 3 1 7 6 10 5 4 2 10 6 5 2 4 9 10 8 5
551 3 6 10 1 3 4 6 6 6 1 6 2 7 2 9 3 7 3 1 5 2 10 2 7 5
801 6 7 7 1 8 10 8 5 4 10 5 7 3 10 5 10 3 9 7 7 2 10 9 10 10
15
661 9 8 2 6 2 9 4 6 1 7 4 3 4 8 1 1 7 5 8 5 4 2 5 7 10
669 10 1 7 2 8 4 6 3 1 10 2 9 3 7 5 7 7 10 8 10 3 4 9 2 5
720 9 9 2 6 4 6 6 7 6 1 7 10 6 4 9 8 4 2 3 6 2 5 3 1 10
652 6 8 7 9 6 3 3 3 1 9 10 2 6 3 9 9 7 9 1 7 1 6 9 1 2
542 1 2 2 2 6 3 2 2 6 4 1 5 7 3 7 7 9 1 10 7 7 7 6 4 8
605 10 4 2 10 2 7 5 4 1 9 10 1 2 9 1 8 6 4 4 7 1 4 7 10 10
579 9 1 10 5 6 3 3 3 6 1 1 7 4 7 8 8 10 3 4 8 2 3 7 5 3
661 9 7 4 8 3 4 1 1 9 2 9 7 6 8 2 6 8 5 2 9 6 5 5 10 1
805 7 9 10 10 9 9 8 10 9 9 9 5 9 2 3 8 3 6 8 9 5 2 3 2 2
654 7 3 3 5 2 2 10 5 6 4 9 9 6 3 10 8 2 2 5 9 3 5 10 5 6
706 3 4 1 7 10 10 10 9 5 4 10 6 3 10 3 9 2 5 8 10 9 5 9 1 5
679 9 6 9 4 7 6 1 9 7 10 5 10 7 4 1 2 2 2 7 8 3 3 6 9 2
680 4 5 3 1 10 3 9 9 9 2 6 5 7 4 9 10 6 3 5 3 10 3 10 10 1
640 1 6 9 10 8 3 3 3 4 5 4 10 8 9 2 9 8 8 6 6 9 7 7 1 4
540 10 10 1 5 3 10 8 3 1 2 2 7 10 1 1 8 5 3 1 2 8 7 2 8 5
15
722 1 6 8 4 8 3 10 2 8 8 8 10 5 5 5 6 5 7 10 3 10 10 7 6 9
513 1 6 7 9 1 1 8 7 2 6 4 7 1 9 2 7 3 4 3 4 6 2 6 5 1
588 4 7 9 1 1 6 7 8 6 10 10 2 9 2 3 9 7 4 10 2 5 1 7 10 1
679 3 2 3 10 10 4 8 8 2 5 5 3 2 3 4 4 2 10 7 8 9 2 2 4 8
651 5 10 6 2 4 6 9 3 5 6 5 7 5 2 6 2 4 10 5 4 9 9 7 3 8
661 2 3 8 8 1 1 1 4 6 7 6 10 8 1 4 3 1 10 8 3 3 5 6 6 7
702 7 8 8 8 7 2 1 4 2 2 9 9 6 2 2 4 7 9 9 8 4 5 9 10 5
621 10 8 2 4 6 6 10 2 7 5 5 3 7 4 7 7 8 1 9 2 8 6 2 2 4
557 10 1 10 8 8 2 4 4 1 1 1 9 1 1 4 8 10 7 5 3 5 2 10 3 5
537 5 7 4 2 6 4 8 2 5 5 6 9 9 2 7 8 3 2 1 6 6 5 5 2 3
670 5 5 8 4 10 8 10 2 3 6 1 4 4 10 10 10 7 1 4 8 8 9 4 7 8
709 4 8 5 8 8 8 9 4 6 7 1 4 6 1 4 7 7 2 9 8 5 6 4 5 7
636 3 4 10 9 2 5 5 9 5 3 7 2 4 9 2 1 9 8 10 2 2 3 8 1 7
595 1 8 4 10 1 8 9 8 3 2 8 2 1 7 5 1 4 5 7 9 5 4 2 7 2
571 2 3 5 3 3 9 5 3 7 8 3 3 6 2 3 7 8 7 1 10 9 4 1 5 8
15
678 10 8 3 8 10 2 2 4 1 1 3 3 1 2 4 3 6 2 8 9 10 6 3 10 9
680 8 7 4 8 2 5 8 6 3 8 8 6 1 3 9 9 5 5 5 2 3 6 6 5 2
706 6 7 3 6 4 9 8 5 2 9 2 8 6 2 6 7 5 7 7 2 9 10 8 4 10
779 8 5 9 10 5 5 9 6 8 8 6 6 4 3 4 6 6 6 8 6 4 3 7 8 9
560 5 1 7 1 9 10 3 7 3 2 7 3 1 1 6 5 8 5 4 5 2 4 1 5 9
700 1 1 10 10 9 2 6 8 6 7 6 1 5 10 5 1 7 6 8 10 2 8 9 9 5
657 4 10 10 4 5 10 4 5 3 5 2 9 3 1 8 1 9 3 3 9 8 4 7 3 10
647 4 5 10 6 8 6 5 4 9 1 7 8 7 4 7 1 7 5 8 3 8 5 1 3 2
570 4 6 2 10 6 2 5 7 1 5 10 10 7 1 2 1 6 10 2 2 2 4 3 10 2
714 7 6 3 2 3 5 10 10 10 9 7 3 5 8 3 1 1 4 8 2 8 4 7 6 7
633 7 5 1 8 6 1 6 3 3 9 3 9 7 2 6 7 6 8 7 10 5 1 6 4 6
681 4 5 9 10 9 2 2 3 10 10 9 2 9 6 1 10 2 1 1 9 6 8 1 7 10
728 9 8 6 6 8 6 5 4 8 2 8 9 3 10 9 7 9 2 4 10 3 3 4 5 1
702 9 3 6 2 6 9 9 4 8 1 8 8 8 3 1 10 10 9 5 9 6 7 3 7 8
639 6 10 10 5 1 8 8 10 6 9 7 5 8 7 5 8 4 3 3 5 10 1 1 1 5
15
625 8 7 8 4 5 3 4 4 1 2 10 4 1 7 8 2 3 8 1 6 2 3 5 5 8
562 2 4 2 7 6 6 3 6 3 3 1 2 2 5 5 7 9 9 3 3 5 3 8 4 5
631 5 3 2 5 7 6 5 2 7 1 1 2 10 6 5 2 2 10 4 1 7 9 8 8 6
717 10 10 1 8 9 9 8 7 3 10 1 1 9 8 10 6 9 7 1 7 4 10 2 3 5
512 1 3 8 3 4 1 2 8 1 2 2 7 6 8 3 8 3 8 2 5 10 1 10 10 2
734 5 2 5 2 4 9 9 8 7 1 1 3 8 8 8 10 5 7 10 2 5 10 8 3 9
852 9 2 9 10 4 8 8 10 10 10 7 3 3 3 10 1 3 8 5 8 2 4 5 4 10
609 1 9 2 7 7 10 3 4 6 5 10 5 1 1 10 3 8 7 1 1 1 6 10 4 8
615 10 10 10 3 3 6 1 5 1 7 6 6 9 3 1 5 7 3 4 6 8 10 4 9 7
519 7 2 6 1 2 3 5 9 1 5 3 4 2 3 8 1 8 6 3 2 10 10 7 4 2
716 9 3 10 8 6 2 9 1 9 6 4 4 9 2 9 4 10 8 6 5 7 1 5 7 2
662 6 3 9 7 8 2 8 10 3 10 3 1 9 1 4 6 9 2 10 8 4 6 1 4 4
700 7 8 1 2 5 8 8 9 5 4 10 6 5 8 4 9 6 5 7 4 3 6 9 3 4
540 9 7 5 6 6 2 1 6 3 10 3 8 6 5 10 2 8 2 2 1 3 2 8 2 2
732 3 9 4 10 1 10 5 10 3 8 4 5 10 1 10 5 1 8 8 10 2 3 9 8 2
15
676 4 6 10 6 3 10 9 2 6 5 5 5 4 7 9 4 7 8 9 2 2 3 6 3 3
697 3 5 9 8 10 9 3 8 3 8 6 2 10 5 5 9 9 6 6 9 10 1 10 5 4
655 7 7 10 1 5 4 10 4 7 7 4 1 10 7 5 7 1 9 6 7 2 2 10 3 8
571 4 8 10 2 2 6 3 4 4 1 5 8 6 4 3 7 1 2 5 4 3 3 8 4 9
602 2 1 4 6 8 10 5 9 1 4 5 3 4 7 7 10 10 9 8 2 7 1 2 1 10
757 10 2 1 10 8 2 8 8 8 8 6 7 5 8 9 7 2 4 4 1 8 6 7 3 9
777 6 3 4 9 9 8 5 9 5 3 2 2 8 8 3 10 2 8 10 3 10 6 5 4 8
623 2 8 1 7 7 2 8 10 3 8 2 7 2 1 4 2 7 4 4 5 4 3 2 9 5
766 6 3 10 6 9 5 2 9 3 8 9 2 9 8 9 1 1 8 8 6 10 3 9 10 4
546 6 2 7 8 8 8 5 9 1 10 9 1 6 3 3 6 4 4 8 4 1 1 6 1 4
540 9 3 4 1 5 10 8 3 2 7 5 10 10 5 1 7 10 9 6 7 2 3 8 5 1
774 9 4 6 9 2 4 9 10 9 4 8 5 7 9 9 2 8 2 5 2 10 1 8 4 6
702 1 6 5 6 5 1 1 10 4 10 3 8 10 9 8 7 2 8 4 2 7 8 3 6 2
580 6 3 10 2 2 10 4 4 4 1 2 1 1 1 10 10 1 4 9 10 6 1 5 1 3
826 9 10 8 7 1 4 9 1 6 9 6 9 7 5 8 5 7 6 10 9 10 2 3 5 9
15
678 9 2 7 2 6 10 6 9 1 2 7 3 10 8 2 3 6 10 8 9 5 9 3 6 5
733 4 9 9 4 3 4 7 10 4 4 10 1 1 2 9 10 1 10 6 2 3 8 3 2 10
585 6 7 5 5 6 2 3 1 6 9 9 2 4 1 3 7 1 1 6 10 1 1 6 10 6
664 1 9 4 7 2 6 6 7 9 10 8 9 3 1 3 2 10 5 4 6 2 7 3 3 8
686 4 7 1 4 9 8 5 7 10 1 1 2 7 4 8 5 10 4 7 5 3 1 5 9 2
669 3 5 1 5 8 5 3 10 6 4 8 3 7 1 3 9 4 10 4 5 2 10 6 8 3
623 2 6 8 1 8 7 8 7 5 4 2 10 6 3 6 9 5 3 7 2 3 2 4 6 7
618 3 8 6 4 3 3 1 6 3 7 1 4 3 10 2 4 2 8 10 8 6 3 2 7 2
631 6 3 6 8 4 10 5 5 1 6 10 6 9 1 9 6 10 3 3 10 8 3 4 10 3
735 4 9 3 6 2 10 10 9 10 10 6 1 2 10 8 5 4 9 3 3 3 8 4 10 1
635 3 9 6 8 10 5 4 4 3 9 7 3 6 5 3 5 1 7 9 1 8 5 3 3 7
661 3 5 4 5 7 6 3 10 5 3 9 1 10 6 1 10 5 10 3 3 5 10 4 6 10
702 10 5 9 8 1 9 10 10 6 9 4 9 10 5 2 10 4 4 1 2 9 5 5 4 6
662 2 4 3 10 2 7 4 9 2 4 6 9 2 3 3 3 2 4 7 9 5 9 7 5 7
573 4 4 6 2 8 3 4 4 1 5 8 5 10 10 3 8 8 4 9 6 10 3 4 5 6
15
630 6 4 3 9 2 9 4 2 6 4 6 3 3 3 5 4 10 9 2 4 9 8 5 3 7
629 3 7 1 7 8 7 10 2 3 4 2 2 3 9 8 1 7 7 10 4 6 7 4 1 2
498 4 1 2 3 6 7 8 1 5 1 8 8 9 4 3 3 8 8 3 9 1 3 1 2 2
592 8 1 3 2 6 5 7 3 7 4 7 1 2 8 1 4 2 7 4 7 9 8 2 5 5
797 3 10 9 10 2 10 10 5 3 10 7 4 5 4 8 5 7 10 5 5 8 7 7 10 5
653 10 2 3 3 9 3 4 6 2 1 10 5 9 9 9 5 10 2 8 8 5 2 2 4 7
622 1 2 4 3 10 8 2 3 2 2 1 7 10 6 5 4 2 2 7 6 6 9 10 10 9
611 1 1 4 4 2 4 6 9 9 9 2 7 8 9 6 7 4 1 6 9 1 8 7 8 3
696 5 6 9 6 3 6 4 1 10 1 7 3 8 4 1 1 6 9 10 9 1 6 3 8 2
591 9 3 9 5 9 9 10 4 3 4 2 7 9 1 6 2 5 5 1 3 6 1 6 10 5
670 7 5 9 6 4 9 9 8 4 5 6 3 3 8 10 7 1 1 4 6 6 8 1 3 7
731 2 8 10 7 7 10 2 10 8 6 4 10 7 1 4 1 7 6 1 4 9 3 5 6 10
735 3 5 7 2 10 6 9 9 10 7 5 8 9 10 1 7 9 10 9 6 1 4 4 9 1
614 6 5 1 3 6 5 5 7 3 9 2 1 10 9 7 7 3 7 1 6 6 6 8 5 5
712 4 10 9 4 5 10 9 3 2 8 5 2 8 2 3 10 6 8 10 3 9 6 10 5 10
15
652 5 2 1 3 5 3 4 3 6 4 1 10 10 6 5 8 3 6 6 2 7 10 1 7 6
544 1 2 1 10 8 2 8 10 2 3 7 7 8 7 6 3 1 2 3 3 1 6 4 5 9
700 5 9 5 5 9 4 2 1 4 1 10 8 10 7 3 6 7 8 9 4 1 1 10 9 9
638 2 10 8 6 8 8 1 10 3 7 3 2 6 7 2 10 1 4 7 10 7 2 7 4 6
721 9 8 5 2 6 5 6 5 9 10 3 2 10 6 5 4 7 1 7 5 10 9 3 3 10
645 6 3 10 9 6 10 7 5 1 1 1 10 2 3 5 5 9 1 10 7 10 2 2 7 4
572 3 10 2 3 9 10 5 4 1 2 9 10 6 1 5 2 6 6 1 5 7 10 6 4 8
719 4 6 2 3 3 9 2 10 1 9 4 8 6 5 10 7 5 6 8 7 4 7 10 7 10
657 10 8 2 7 2 2 8 1 5 8 6 5 8 2 6 9 9 4 1 1 2 5 8 8 8
749 7 1 6 10 10 8 4 6 10 4 9 10 2 7 9 2 9 7 1 5 3 9 2 9 2
549 3 9 1 5 4 7 4 6 3 4 1 9 2 8 9 5 2 2 4 5 9 6 2 4 3
659 8 6 4 6 1 9 7 2 6 7 5 8 5 7 1 10 8 10 5 6 3 1 4 7 6
708 10 10 7 3 6 10 3 4 5 10 1 8 3 3 9 6 10 4 4 9 8 1 6 2 7
759 7 8 1 4 7 5 2 5 8 8 2 2 2 8 4 6 4 4 7 6 10 7 9 10 5
643 3 7 6 5 7 6 10 2 4 8 5 7 8 7 3 3 2 8 10 8 8 4 5 7 2
15
563 4 2 3 8 6 7 1 2 7 4 4 4 8 2 1 7 8 9 9 3 7 2 4 2 4
651 7 1 5 10 7 5 4 5 2 6 6 3 5 5 7 2 5 1 6 10 10 7 6 1 6
767 3 8 5 7 8 1 8 5 7 4 6 5 3 10 9 6 2 10 8 3 2 7 5 10 5
807 2 6 8 7 4 4 2 10 9 9 5 4 7 9 10 7 6 9 9 7 2 3 4 4 5
606 2 8 10 7 8 8 7 7 2 6 4 1 1 7 2 6 5 6 3 3 5 8 7 2 5
521 1 2 5 5 3 3 10 3 6 10 1 8 9 4 1 2 4 6 5 1 4 2 8 3 6
561 6 3 9 4 2 4 7 10 2 1 2 9 4 2 7 5 1 5 1 1 9 6 5 3 8
686 10 9 4 4 10 1 3 10 2 5 1 7 2 4 4 7 4 2 10 1 3 4 4 2 8
592 9 10 6 3 9 9 10 2 1 5 1 8 5 3 3 7 5 1 7 6 8 7 5 4 1
695 7 7 3 1 1 10 7 8 7 10 7 7 8 7 9 5 9 2 4 5 8 2 6 7 6
805 3 6 3 8 3 2 5 1 8 9 6 6 8 9 4 10 8 10 10 9 1 9 7 10 10
621 8 2 6 3 8 9 4 3 2 7 5 7 4 6 6 4 10 9 6 7 7 7 9 3 7
614 3 9 1 2 9 10 10 5 6 5 1 4 9 10 2 6 6 3 6 5 2 10 6 10 5
717 1 6 3 5 3 10 5 7 8 6 4 4 8 4 5 1 5 10 4 9 6 5 6 10 6
571 7 6 8 1 2 2 2 1 4 7 4 3 2 4 8 2 10 8 1 7 5 6 5 6 1
15
707 1 10 4 7 10 7 8 8 2 6 9 8 7 10 7 1 6 3 7 8 8 7 10 2 5
719 8 3 4 5 10 9 1 2 8 7 10 10 2 10 3 3 5 7 6 5 3 6 6 5 8
703 9 2 2 10 4 4 8 2 10 4 5 6 3 6 5 7 8 2 2 5 10 5 3 8 6
612 7 5 1 2 4 6 5 6 9 6 2 10 3 9 1 5 8 8 3 10 1 2 5 3 9
513 2 4 8 3 2 7 4 3 10 9 3 2 2 4 4 2 8 3 10 1 9 1 6 1 4
635 4 10 10 8 2 4 5 9 5 3 5 10 10 3 5 8 6 5 1 8 1 1 6 6 4
693 1 3 4 8 9 8 10 8 6 4 8 4 5 5 10 6 9 5 9 1 9 5 6 6 4
714 6 4 10 10 2 3 6 9 6 2 10 7 4 4 5 6 3 7 7 10 5 7 5 2 2
619 7 2 1 6 7 10 5 6 1 1 3 9 1 1 8 5 7 6 4 8 2 4 6 10 3
774 1 5 8 10 8 5 10 6 10 10 1 3 4 9 7 4 1 4 8 3 4 6 5 8 8
661 2 4 2 9 7 10 6 5 6 3 1 5 10 6 10 9 10 3 4 10 10 4 1 4 2
587 8 6 1 7 10 7 5 2 3 9 4 3 1 2 3 5 3 5 1 6 7 10 9 5 3
615 9 10 8 2 8 8 5 8 3 1 8 1 8 6 1 9 10 5 2 4 6 2 4 9 8
874 10 7 10 5 7 1 9 9 10 8 2 4 10 2 6 10 2 8 10 8 1 9 6 9 8
604 3 3 6 5 1 8 8 3 3 2 10 7 7 10 3 3 4 7 10 4 1 5 9 5 2
15
724 9 8 2 2 3 10 4 6 9 4 10 10 1 2 7 9 1 1 3 5 6 7 7 8 8
570 7 8 2 2 6 5 8 7 10 3 2 1 1 1 6 4 8 1 3 1 3 4 5 8 6
645 5 5 2 1 9 5 6 6 10 4 2 1 3 4 5 1 8 6 10 9 2 9 5 3 3
734 9 10 1 6 6 5 10 2 2 6 5 4 1 2 9 9 7 8 8 6 9 8 10 6 6
685 4 2 2 7 5 3 1 5 9 5 6 4 9 4 2 8 1 10 8 6 1 4 9 9 2
664 1 10 1 5 5 4 10 6 10 1 5 1 4 1 8 4 9 10 3 10 1 1 4 4 8
660 8 1 5 4 1 3 7 6 6 10 10 4 2 1 8 8 1 9 8 2 6 6 9 2 7
715 8 5 7 4 3 5 9 7 5 7 6 1 7 9 5 10 1 9 2 1 7 7 10 8 5
623 3 6 4 1 5 3 1 3 9 6 9 2 1 3 4 8 4 10 4 5 5 3 9 8 10
575 10 3 1 6 9 4 8 1 7 5 4 7 4 7 2 10 8 4 9 8 5 2 6 1 1
583 1 6 7 5 3 8 10 1 6 3 2 4 6 4 10 2 7 1 3 10 3 8 3 9 9
575 2 1 9 9 3 1 2 8 3 6 10 1 3 5 10 2 7 4 1 10 7 9 5 2 8
753 4 10 5 10 4 1 6 5 6 3 8 7 9 7 9 6 9 10 3 3 7 3 3 2 5
629 7 9 8 1 10 10 6 6 5 7 1 4 7 2 10 6 9 5 3 4 1 5 9 1 1
608 4 7 4 4 4 2 4 5 1 2 9 6 6 2 10 5 5 9 5 10 4 7 4 4 4
15
669 10 8 5 8 4 7 8 8 7 9 6 9 6 5 6 1 7 2 2 2 10 4 2 6 6
716 10 5 8 6 9 1 3 6 2 1 7 5 3 6 10 4 6 6 9 4 1 4 9 9 1
724 4 9 6 1 3 2 2 4 8 3 6 6 5 4 7 6 1 8 10 8 3 10 10 4 2
669 7 2 5 3 7 8 5 7 10 6 6 9 10 3 8 4 7 10 2 4 1 2 6 8 2
862 9 8 10 7 7 3 9 9 9 2 10 8 10 10 2 9 8 7 4 9 6 3 9 6 6
786 8 6 4 9 9 9 5 3 10 10 1 8 6 8 5 7 7 4 10 5 3 7 2 5 3
650 1 5 9 10 2 6 2 2 8 3 6 4 1 3 7 10 1 4 5 8 1 9 10 5 10
630 6 3 10 3 9 4 10 5 2 8 10 8 7 1 9 5 3 4 5 7 9 2 3 2 10
606 10 4 9 5 9 1 8 6 10 8 3 8 5 5 4 1 5 1 1 1 3 6 7 8 1
681 4 5 5 8 10 6 7 4 7 1 2 6 9 10 5 8 9 9 10 2 4 1 5 1 6
701 8 9 4 8 3 6 7 8 1 2 4 5 7 10 7 6 7 3 9 2 4 9 7 6 6
694 5 4 10 5 2 2 8 3 7 3 10 2 5 3 9 8 4 2 9 2 9 7 6 8 6
708 7 6 8 10 6 4 7 10 1 8 8 5 4 8 1 8 8 5 8 5 6 8 3 4 2
576 2 4 3 1 5 1 6 6 6 4 3 4 9 2 1 9 1 8 8 6 3 1 3 7 6
550 4 6 10 6 6 10 3 5 5 2 3 4 4 1 1 2 4 1 7 6 5 3 7 8 6
15
723 5 7 6 3 6 7 5 1 4 5 2 4 10 9 8 3 5 6 7 3 9 8 10 8 10
728 9 1 7 6 3 4 9 4 9 8 4 1 10 9 5 2 3 5 8 4 10 4 7 4 8
630 8 1 4 5 6 2 1 7 3 9 10 9 4 8 3 10 5 7 8 1 1 5 4 4 4
777 8 10 10 6 6 5 1 8 9 4 7 3 3 8 1 2 10 8 2 10 6 10 1 6 4
532 3 6 8 6 2 9 4 7 5 8 3 9 5 2 4 6 10 4 1 4 6 1 1 1 10
738 4 9 5 9 4 9 6 9 7 9 6 1 3 3 10 8 9 6 1 8 9 2 6 2 9
725 6 4 7 3 7 2 3 10 8 3 10 9 6 10 2 3 9 7 7 6 6 3 1 3 7
665 2 9 6 2 3 9 8 1 5 6 6 6 7 6 8 4 9 1 10 2 4 10 8 5 8
690 8 2 5 7 5 8 7 6 6 10 1 5 2 9 2 9 6 5 10 9 3 4 10 8 5
737 4 8 6 5 6 2 2 10 4 6 2 4 2 10 10 2 8 9 4 7 9 8 3 7 2
641 2 5 3 9 3 6 2 8 8 5 7 4 5 4 6 6 8 7 4 2 9 1 3 9 7
648 4 2 2 2 8 6 3 4 7 3 7 4 4 10 10 6 2 8 1 4 2 6 10 6 9
581 1 1 10 3 5 8 4 5 5 10 2 5 3 10 7 2 10 9 5 1 9 6 9 2 4
611 2 4 10 6 1 8 10 5 6 6 9 8 4 9 5 6 10 8 2 3 6 10 5 1 5
557 1 7 3 8 1 2 9 3 4 10 1 5 4 3 5 6 4 6 2 4 9 2 8 4 7
15
509 3 6 8 4 8 2 9 6 3 5 9 1 10 1 2 5 6 7 4 3 6 3 2 4 6
699 10 9 5 5 2 10 1 2 8 10 4 3 10 2 8 6 10 4 4 2 2 9 6 2 10
801 3 3 10 10 5 7 8 5 6 8 3 6 9 9 9 7 6 9 7 3 2 6 8 8 6
596 7 1 9 10 6 10 6 10 9 6 4 4 1 2 5 3 8 1 1 2 2 4 9 4 6
635 3 3 5 7 4 2 6 3 8 6 2 2 6 1 8 8 8 2 10 3 5 3 2 4 7
752 3 3 3 5 6 5 10 4 10 10 10 10 8 5 9 9 7 9 2 4 10 5 3 7 8
576 7 5 8 1 3 5 4 2 6 5 4 8 1 3 5 10 1 6 9 4 4 4 7 6 3
770 9 10 6 5 1 2 6 5 10 5 5 3 8 8 8 1 9 5 8 4 10 2 9 8 7
736 10 4 8 5 9 1 8 7 4 9 5 1 7 3 3 9 5 9 3 8 9 9 4 8 9
541 2 3 6 5 1 8 8 3 2 2 6 3 9 3 4 6 2 3 8 9 4 9 3 5 5
582 7 4 7 2 2 5 1 4 3 6 3 6 7 10 5 8 6 4 4 1 7 7 1 9 6
634 2 9 3 9 5 9 2 3 7 7 7 2 6 10 10 4 7 3 2 8 9 6 7 2 1
595 5 9 9 3 6 6 10 2 7 3 2 1 1 8 3 2 1 7 2 2 8 4 2 6 10
781 4 9 1 5 7 7 3 8 6 2 10 1 9 5 10 10 6 6 8 1 8 6 3 5 9
732 10 9 7 2 7 10 10 2 2 1 3 3 9 1 7 8 7 8 9 10 8 2 2 6 8
15
733 4 9 9 10 9 6 5 5 7 6 10 3 10 3 4 8 4 5 6 6 4 3 9 3 6
796 7 8 7 5 10 7 10 9 2 1 3 2 3 3 9 10 10 8 10 10 3 2 9 2 9
688 8 1 6 9 7 3 4 1 5 10 6 1 9 6 4 1 8 8 2 10 3 6 10 10 6
704 10 9 2 6 5 9 5 7 8 4 6 2 8 7 4 2 8 1 7 8 1 6 1 2 8
637 8 2 3 7 8 10 7 7 7 8 5 9 4 1 1 10 6 3 4 10 10 10 9 1 4
739 3 6 1 4 9 1 7 9 10 8 3 1 8 1 7 4 4 10 4 9 5 8 7 10 8
580 8 5 10 6 1 5 8 1 2 8 5 7 2 7 9 2 5 3 4 10 8 4 9 1 5
735 2 3 3 7 7 5 5 6 10 2 9 4 3 7 10 2 9 9 5 8 2 9 4 6 9
635 9 8 8 3 5 6 1 7 7 2 2 1 4 3 5 1 7 7 2 5 10 3 7 2 6
670 9 9 7 7 1 4 9 5 2 7 9 4 7 6 1 4 1 6 7 2 5 2 2 10 9
742 4 10 10 2 8 9 7 10 10 7 4 8 7 7 1 2 10 8 5 7 4 6 5 5 5
708 5 2 5 3 6 1 8 1 10 6 2 9 7 10 7 7 7 10 2 5 3 6 6 10 6
607 6 10 7 1 2 4 2 2 10 6 2 5 1 2 3 7 7 6 4 3 2 7 4 10 8
795 4 10 7 7 10 7 10 10 4 5 5 4 10 1 4 4 7 10 6 8 8 1 10 10 4
714 9 5 2 4 7 2 9 6 2 5 4 3 10 6 1 9 8 6 9 4 7 7 9 6 8
15
744 5 4 8 5 3 4 7 10 9 3 8 6 9 6 4 8 3 7 8 1 2 6 8 10 6
640 6 9 6 2 1 6 4 2 2 7 3 9 3 2 10 5 4 4 10 7 2 7 4 1 7
754 2 10 6 10 7 8 2 3 10 5 1 1 9 3 6 3 2 9 8 4 3 5 7 3 5
640 9 2 5 8 3 7 2 7 3 9 9 4 4 10 5 9 2 5 8 10 5 1 1 3 3
693 4 9 3 1 5 9 1 8 3 4 1 10 7 9 7 6 10 5 10 2 6 7 6 4 8
610 7 4 8 4 10 1 9 10 4 2 10 9 1 1 8 3 1 3 1 1 5 9 7 7 3
577 2 6 3 2 7 7 10 5 7 2 1 7 4 1 10 6 9 6 3 2 2 9 1 10 3
778 10 6 7 2 10 6 3 4 10 1 7 8 1 4 10 6 3 6 10 1 9 6 2 9 1
647 3 8 9 5 5 6 7 1 3 2 9 2 3 8 7 6 4 10 3 6 2 1 10 3 10
549 8 1 2 5 2 6 7 1 5 8 6 3 2 8 8 2 9 4 1 5 5 4 10 1 6
745 2 4 7 6 9 10 7 3 9 8 9 10 1 10 4 7 7 4 10 5 5 8 1 8 7
470 2 5 3 1 5 7 2 3 1 5 6 1 10 7 5 1 9 2 1 6 8 5 2 7 10
685 10 10 2 9 1 4 8 8 1 3 6 10 5 9 6 9 6 3 4 2 4 8 1 9 1
775 9 6 6 10 7 1 7 9 5 10 10 4 1 9 7 3 10 8 5 6 5 10 1 5 6
708 7 8 1 10 5 2 10 1 6 8 5 7 4 3 6 4 5 5 6 3 8 9 3 1 7
15
545 1 3 2 2 7 8 8 4 7 1 8 3 6 6 2 1 10 5 8 2 3 9 2 2 7
613 5 3 5 1 10 9 3 6 3 10 9 5 7 4 9 8 6 3 1 9 3 9 7 10 8
642 3 10 5 1 3 10 8 4 6 10 4 8 2 8 8 5 9 9 3 9 3 5 1 4 5
627 2 10 9 5 8 10 8 2 10 9 10 8 5 6 2 3 9 4 3 1 5 1 8 2 9
818 5 7 5 10 6 7 3 9 9 9 3 7 6 7 3 3 9 4 10 6 8 5 7 9 2
493 2 1 10 9 2 3 9 3 2 1 3 2 8 5 7 9 1 4 1 4 4 2 2 5 10
692 7 1 4 3 10 3 8 2 9 8 7 7 7 5 9 2 8 7 7 4 1 6 6 2 10
605 9 9 4 1 5 4 4 1 9 3 10 6 2 4 1 8 4 7 5 3 5 5 7 1 4
576 2 1 7 1 5 10 10 3 5 1 7 5 8 7 9 3 7 5 3 10 4 7 7 9 6
539 1 4 4 6 5 3 9 3 3 7 2 3 9 4 8 9 5 2 2 10 5 9 6 5 8
700 6 1 6 8 7 9 5 10 9 6 8 10 5 7 3 8 8 1 10 2 10 1 1 4 9
678 5 9 4 8 4 7 3 7 4 4 10 3 6 10 2 7 5 8 2 10 5 8 7 2 8
566 5 7 5 4 2 5 5 1 1 1 3 9 1 5 8 2 10 3 4 10 5 1 9 2 9
650 5 7 7 6 4 5 4 2 10 6 1 1 9 6 2 4 8 4 5 7 7 7 6 3 7
699 4 5 10 5 8 2 6 9 5 5 9 9 7 9 1 10 9 7 6 6 8 1 8 7 3
15
574 4 7 5 7 4 5 8 8 1 3 7 6 5 4 2 2 6 4 3 7 9 3 9 6 3
658 6 2 3 9 1 9 6 10 8 1 8 8 8 10 1 7 5 1 2 2 7 10 9 3 5
697 1 10 7 8 5 2 7 3 1 3 2 9 10 7 8 8 2 7 8 10 1 6 8 8 9
551 4 3 2 5 9 9 7 5 3 8 2 7 9 8 3 1 9 7 2 4 9 9 8 6 2
693 8 5 10 4 9 8 10 6 3 10 3 7 4 4 7 3 8 7 9 10 3 9 5 3 5
508 9 4 10 2 6 3 6 2 1 6 9 8 8 3 9 3 9 7 2 2 5 1 8 2 1
681 6 6 1 5 2 4 10 2 6 9 5 1 5 4 1 10 3 6 10 6 10 6 3 10 10
564 3 3 8 3 6 7 3 6 4 4 3 2 10 8 7 1 6 6 1 1 1 8 3 1 9
667 5 3 5 9 2 1 10 7 9 3 1 2 1 8 3 7 2 9 1 1 6 4 9 9 2
618 8 6 10 8 1 1 5 4 6 9 3 1 2 1 4 8 3 5 8 4 4 4 8 1 5
605 6 2 1 5 2 1 10 5 10 8 5 10 7 2 6 7 10 2 1 9 6 3 2 9 7
624 3 9 8 7 6 1 6 1 10 4 2 7 1 3 4 5 10 4 5 7 3 5 3 2 9
748 6 9 7 6 1 7 5 4 7 8 5 9 10 4 10 9 3 1 10 1 2 4 7 6 6
775 6 5 9 4 4 3 6 10 8 2 5 9 6 9 6 9 6 4 10 3 4 4 1 10 9
657 7 5 9 9 3 3 9 7 4 1 5 1 2 6 6 7 7 1 7 2 10 8 10 4 2
15
688 3 1 4 9 3 7 10 3 6 6 2 3 8 7 4 7 4 9 8 10 6 3 8 7 7
672 6 5 7 2 8 8 4 2 7 5 4 7 1 9 7 8 2 1 3 10 7 7 8 10 9
774 9 9 10 7 10 1 9 7 7 4 5 3 1 6 10 7 3 5 2 8 3 8 8 8 8
623 4 2 2 1 9 10 1 10 1 9 7 1 7 7 10 8 3 7 10 1 8 6 7 4 6
600 7 2 4 9 9 4 5 5 3 10 8 4 7 8 9 8 5 2 5 1 2 9 6 3 3
657 6 5 5 2 2 8 4 5 10 8 1 6 1 2 4 4 8 9 8 10 1 6 9 3 6
489 1 3 4 3 7 8 1 8 5 1 8 3 6 9 3 5 2 1 2 1 2 1 2 5 9
736 6 8 4 9 2 1 6 4 6 6 3 5 8 2 8 2 2 1 9 8 9 8 9 9 8
721 10 1 3 7 4 10 2 2 8 10 7 3 10 9 10 7 10 5 3 10 7 10 2 3 1
816 10 7 7 7 2 1 9 9 10 6 4 6 7 6 10 9 6 6 1 7 9 6 9 6 6
684 7 4 6 6 7 8 1 6 8 2 6 5 7 6 3 10 3 10 3 2 7 8 6 6 8
716 3 9 8 8 3 4 3 4 4 10 8 4 2 10 5 7 7 6 3 9 9 5 10 7 7
777 2 6 7 9 4 8 5 9 5 7 10 8 2 5 5 3 1 10 10 5 1 3 4 10 7
751 9 9 4 8 1 2 6 4 10 5 1 9 3 1 7 10 3 2 7 9 2 7 7 2 7
788 9 9 9 4 7 7 7 6 7 2 7 8 4 8 10 9 7 10 2 2 10 8 7 1 6
15
516 3 2 4 5 5 9 8 6 1 5 10 6 4 9 2 3 6 3 9 2 7 8 1 2 3
730 6 10 10 10 4 6 8 5 6 6 9 1 3 6 7 9 2 5 6 9 4 5 9 4 3
524 8 2 5 1 5 2 5 4 5 9 1 8 8 6 7 7 7 8 1 1 1 6 10 2 3
734 10 1 4 10 3 8 10 6 7 2 3 8 2 6 5 7 8 7 6 5 4 5 8 4 5
611 6 10 7 1 2 4 5 2 6 5 10 10 10 3 2 9 5 3 10 2 2 10 4 5 1
569 7 8 7 6 2 3 2 8 5 7 4 1 6 6 1 2 6 6 6 1 7 4 3 1 7
700 5 10 1 6 6 7 10 10 6 1 10 2 1 2 5 2 10 1 8 10 1 7 7 5 6
673 2 3 10 5 3 3 2 4 3 3 10 7 9 3 6 5 1 7 9 4 5 10 4 7 6
807 7 9 4 8 2 9 6 9 6 7 10 9 4 7 10 9 4 3 9 3 1 4 6 10 10
587 5 5 7 4 7 1 3 2 4 7 8 5 1 2 9 7 5 5 3 5 3 1 7 4 7
733 2 1 3 10 4 6 5 5 7 8 2 6 6 9 8 5 9 9 6 6 4 8 5 7 5
641 3 1 7 8 3 3 9 10 10 8 1 7 3 10 1 8 9 1 1 4 6 7 10 5 7
612 2 7 2 7 4 4 1 6 3 1 2 6 1 2 1 1 1 9 8 4 2 10 7 10 8
777 5 6 10 5 10 10 9 6 7 5 7 10 1 9 6 6 6 3 6 4 9 7 6 9 6
695 8 4 2 8 10 6 10 3 7 3 7 1 6 3 6 9 8 4 5 7 8 8 10 4 4
15
626 5 7 3 6 2 4 7 9 3 8 10 10 6 6 9 5 1 9 2 3 6 6 3 4 3
599 1 2 2 10 5 9 2 5 7 4 7 1 10 1 4 6 10 3 6 4 7 1 9 8 4
491 4 3 5 3 6 3 2 6 7 4 9 2 4 5 2 6 3 1 1 8 5 1 3 6 9
607 8 9 7 8 2 6 2 8 4 8 1 9 6 5 2 9 3 3 5 4 6 1 4 8 3
602 2 5 4 3 10 7 1 1 4 8 2 2 10 5 3 6 1 10 9 7 6 7 5 7 6
485 2 10 2 2 4 8 9 2 4 4 7 5 3 1 4 8 8 2 5 4 2 4 7 1 3
709 5 3 3 5 4 3 9 6 5 7 1 8 3 9 7 9 8 5 8 4 10 3 4 6 7
753 6 9 9 10 7 3 10 10 3 4 10 7 5 6 9 1 4 1 8 6 10 6 4 1 2
534 9 1 8 3 8 3 2 6 3 5 9 2 9 7 1 3 1 8 3 2 2 7 2 3 4
722 4 4 5 7 9 9 2 3 6 4 9 9 1 8 6 9 4 2 9 10 5 9 4 1 7
643 2 5 8 7 4 7 7 9 2 2 3 2 10 8 4 10 5 9 1 8 8 3 6 8 7
739 9 6 8 1 6 8 6 9 9 8 6 8 7 3 8 1 4 5 7 1 7 5 5 10 1
678 8 8 9 1 8 10 4 5 1 8 7 2 7 6 6 2 5 8 8 9 10 3 9 4 3
518 2 1 10 1 1 4 4 8 6 10 2 2 2 6 9 1 8 8 3 5 8 2 4 4 5
687 4 8 5 8 3 10 5 10 10 7 2 3 4 1 5 10 3 1 4 2 8 3 4 5 5
15
657 7 6 10 7 9 4 1 6 8 10 9 6 3 7 2 2 8 6 3 1 3 3 8 9 5
582 4 1 4 8 8 1 9 3 4 10 2 9 10 4 3 2 6 5 7 4 3 2 6 9 1
518 4 3 1 8 3 1 10 3 3 8 7 3 2 5 6 5 1 2 8 2 3 3 5 9 3
738 6 7 6 10 8 8 5 8 1 1 8 9 8 1 1 4 7 9 10 4 2 4 5 9 7
614 3 7 9 3 7 1 9 9 5 8 9 9 5 9 1 4 9 2 5 9 1 2 9 1 10
656 3 8 7 4 5 8 2 9 5 2 9 1 10 7 6 5 2 3 8 3 3 6 3 8 10
644 9 1 8 8 2 3 6 5 6 6 1 1 9 9 5 5 2 10 8 6 5 1 3 4 6
624 2 3 3 7 1 9 6 1 5 1 1 10 10 3 7 8 10 9 1 10 7 9 5 2 5
731 10 5 4 1 5 5 9 6 6 2 8 5 10 10 6 5 5 6 7 7 5 1 3 8 6
730 1 10 8 3 6 10 1 6 9 4 10 10 7 8 10 10 8 4 2 10 2 7 8 4 2
641 1 9 6 1 9 9 1 3 3 3 4 5 2 9 7 5 9 9 3 6 7 5 9 10 1
761 10 10 6 8 7 1 1 9 7 2 5 9 8 3 9 7 5 1 8 7 2 3 3 6 2
651 7 9 9 7 10 9 5 4 6 2 8 5 3 6 7 2 3 7 3 2 3 9 1 1 5
693 6 9 7 1 1 5 3 10 4 2 5 10 1 1 9 3 9 4 7 6 9 10 10 5 2
677 9 6 2 1 9 6 7 1 9 10 7 5 9 8 5 10 7 7 2 3 4 10 4 6 9
15
638 2 6 10 10 6 7 6 4 3 4 1 10 4 7 4 1 4 8 5 7 9 1 2 4 10
723 8 9 2 10 1 3 3 5 6 3 9 10 4 3 4 6 1 6 8 6 3 7 7 2 1
803 3 10 5 10 10 3 7 6 6 3 10 10 7 5 1 7 10 10 4 5 5 10 9 10 2
640 1 4 6 7 2 5 6 9 2 1 9 9 7 3 8 10 1 3 10 10 1 3 4 8 1
854 9 10 10 2 9 10 7 6 10 5 3 8 4 2 9 3 8 8 6 8 9 4 1 6 8
601 2 8 7 7 7 3 8 8 3 2 4 3 1 7 1 3 4 2 1 10 3 7 3 10 6
552 8 3 3 2 7 4 4 1 10 8 10 6 2 2 1 1 3 1 4 8 10 4 2 6 3
712 4 2 2 10 1 2 8 6 10 10 8 6 3 1 3 6 4 9 7 9 3 6 1 1 9
691 5 2 8 3 7 3 10 5 7 10 6 6 7 4 8 7 5 6 9 3 6 9 1 1 9
693 5 3 9 4 8 8 2 1 7 3 5 10 2 4 4 4 3 7 7 8 8 9 9 5 6
699 9 2 6 2 7 7 3 10 8 9 9 2 7 5 9 9 10 1 2 4 3 10 9 8 3
591 4 10 9 1 8 8 9 6 8 4 8 1 9 6 4 2 7 2 6 4 1 3 5 1 7
740 4 9 10 7 5 2 8 10 1 2 2 8 6 4 7 2 7 4 7 8 9 3 6 10 6
656 7 4 2 2 1 6 9 8 2 5 4 1 1 4 3 2 2 8 10 1 2 4 9 10 10
757 9 8 6 8 1 2 8 9 6 8 5 9 1 8 7 4 7 3 4 10 1 5 3 10 5
15
673 4 9 7 9 5 2 5 3 5 4 5 5 1 7 9 7 1 7 7 8 2 1 10 7 4
718 3 4 8 9 1 6 7 8 7 10 10 8 9 2 5 10 5 10 3 10 10 3 2 5 9
766 6 7 5 6 6 7 10 6 9 9 3 6 10 6 9 9 9 9 7 8 1 3 1 5 1
544 3 1 8 7 1 7 4 8 4 2 8 8 4 5 6 6 10 3 1 5 2 1 6 10 8
695 4 1 4 7 2 5 5 3 5 3 10 9 6 9 6 9 1 10 5 10 10 7 7 9 1
702 5 6 1 1 1 9 5 1 9 8 2 6 2 7 7 8 4 6 10 8 7 7 2 8 8
680 8 6 7 6 3 4 6 1 4 2 3 5 7 3 8 8 3 4 1 8 10 3 8 9 9
616 3 3 2 8 8 6 3 1 8 10 5 7 9 3 2 5 1 5 9 2 10 6 4 5 5
666 1 1 10 7 2 7 5 6 9 1 9 9 6 7 5 7 4 3 5 2 6 2 9 10 8
588 10 2 8 8 5 10 7 5 4 1 5 2 8 9 2 3 4 4 5 7 1 7 8 1 5
624 8 1 7 2 2 5 4 9 4 3 8 6 5 10 7 9 4 5 2 6 8 9 7 3 3
746 8 10 6 9 2 5 8 6 9 2 2 2 4 6 1 9 1 8 1 8 10 5 9 10 4
685 3 6 6 6 7 3 8 4 6 7 10 2 3 3 8 2 2 6 3 8 4 2 9 8 10
740 5 4 3 4 7 1 2 5 10 5 1 3 1 1 5 6 7 5 10 7 8 7 9 6 7
772 10 4 2 1 1 2 9 9 4 7 5 10 6 1 8 9 5 5 9 5 10 9 5 9 8
15
564 9 3 10 9 3 4 8 2 2 1 8 5 8 6 3 1 1 2 9 2 5 9 7 1 4
550 4 8 5 9 4 10 4 3 6 3 5 2 6 3 10 7 7 1 2 1 6 1 1 5 7
606 1 5 8 4 3 9 3 5 8 6 1 9 8 7 2 2 9 2 2 4 10 6 1 8 7
740 5 1 4 10 8 1 5 5 8 8 6 1 5 6 7 10 10 7 4 6 8 7 8 3 8
609 4 3 2 10 6 3 5 6 1 5 3 2 3 6 7 10 3 3 9 4 1 8 8 10 3
673 5 4 10 7 9 6 8 7 3 7 9 8 4 9 10 7 4 2 7 9 8 2 3 2 9
686 5 9 10 2 3 5 1 1 8 9 5 4 6 3 9 8 6 8 9 5 4 6 7 2 7
694 7 9 5 6 8 3 3 7 4 3 10 10 7 9 7 8 4 8 7 9 5 1 3 1 2
679 7 9 4 2 1 10 3 10 9 8 1 4 3 3 6 5 1 6 6 4 5 1 4 3 8
823 5 10 10 9 8 4 6 10 6 10 5 2 2 6 8 6 7 10 9 6 2 2 1 9 8
642 4 9 9 3 7 1 3 9 5 5 1 8 6 2 9 3 8 8 2 4 9 3 10 2 4
614 7 5 10 4 6 3 3 10 7 3 7 4 7 6 3 7 3 5 2 8 4 4 4 5 5
610 4 1 7 10 6 1 7 9 1 5 4 4 10 3 7 8 8 4 4 10 3 9 8 5 3
622 9 4 1 1 7 6 5 7 3 1 4 8 2 5 8 10 4 7 3 10 1 7 9 8 4
633 3 8 8 2 4 2 9 5 6 8 2 5 5 10 5 4 10 4 3 10 9 3 3 7 5
15
710 2 3 1 9 9 10 9 6 1 7 6 8 10 3 10 1 1 3 10 5 5 1 3 10 10
789 9 8 7 6 4 10 10 8 9 7 7 10 5 4 10 7 10 3 9 5 4 2 1 3 2
671 2 6 7 2 6 4 6 5 7 6 3 5 4 8 3 4 4 6 5 6 10 8 4 7 8
504 1 8 4 2 5 1 1 4 3 8 5 5 4 3 1 3 10 6 3 9 4 2 3 6 9
709 5 6 3 1 6 10 9 2 10 9 5 6 7 7 7 6 5 9 3 7 8 10 2 9 3
648 10 3 2 10 10 7 2 4 7 3 4 10 2 6 1 9 1 6 5 1 5 5 2 9 2
706 1 9 4 6 3 3 2 10 7 5 7 6 6 10 1 4 6 6 7 7 8 4 2 8 3
749 5 6 9 10 4 8 1 1 5 7 6 4 6 9 9 1 4 8 10 3 7 7 1 4 9
627 6 3 8 6 2 8 5 8 6 2 8 3 10 4 7 2 5 6 3 1 4 3 6 9 5
525 2 10 4 4 5 3 10 3 6 6 2 1 1 6 5 1 4 9 2 2 1 3 4 2 6
666 9 1 3 1 2 10 9 8 8 7 2 4 9 10 6 8 2 5 10 8 4 4 1 3 8
611 2 3 6 4 10 8 4 2 4 10 8 9 7 9 10 8 5 6 1 4 4 6 9 2 8
622 4 10 2 2 9 9 10 2 8 9 6 4 1 4 7 1 1 10 2 6 1 4 4 7 9
640 3 6 9 6 1 4 10 1 7 2 9 7 3 1 2 10 6 7 9 2 9 10 8 2 6
782 1 6 10 9 4 4 8 8 9 10 1 8 10 4 1 8 6 10 10 9 3 9 1 3 6
15
517 1 2 2 7 7 4 6 9 2 6 2 6 7 10 5 10 4 1 6 6 2 7 7 4 2
721 9 2 2 2 9 10 7 3 8 3 9 3 8 10 6 10 10 5 6 4 3 4 2 10 7
733 6 3 9 6 8 1 8 9 8 3 2 1 4 7 10 8 9 6 1 8 8 8 3 9 1
595 4 4 1 2 9 8 4 2 4 4 7 5 10 3 4 8 5 10 4 7 4 9 1 8 2
585 5 5 8 6 3 7 4 8 1 1 9 1 1 8 6 10 4 1 8 3 9 4 6 8 5
552 6 2 6 1 2 2 2 4 8 3 4 6 3 8 7 6 4 4 7 5 2 10 1 4 2
572 4 4 7 5 10 6 6 2 4 6 5 7 5 3 2 9 1 4 10 2 1 10 1 6 2
732 7 10 6 10 5 1 10 3 7 7 5 6 9 1 5 5 8 10 6 1 3 1 7 9 3
688 7 4 1 6 1 8 5 5 3 6 8 1 8 2 8 5 3 10 4 8 3 7 7 3 8
498 2 4 10 4 8 9 5 6 6 8 5 3 1 1 2 3 5 2 10 10 3 2 3 2 1
695 5 8 10 5 7 7 10 8 7 10 8 7 4 4 5 5 5 6 3 1 3 8 6 9 1
481 1 7 7 9 9 1 1 1 2 6 8 4 2 1 2 2 9 6 7 4 3 3 9 2 1
743 8 7 5 7 9 4 3 5 10 7 9 5 8 9 8 9 4 8 2 1 8 7 2 8 3
643 6 7 2 3 3 6 8 4 5 2 2 8 8 2 3 9 8 6 7 7 7 7 4 9 8
725 6 10 2 4 4 2 9 3 8 10 5 9 6 2 4 6 10 9 4 10 8 6 8 10 4
15
707 10 7 6 10 4 1 8 6 3 2 1 4 5 6 5 2 9 3 8 4 1 4 9 10 1
494 5 3 9 3 10 6 2 2 2 10 3 8 8 5 4 3 7 5 4 1 7 2 5 1 1
832 9 6 9 7 8 10 8 10 10 7 9 4 9 2 7 1 10 8 3 3 6 4 8 3 9
748 6 2 8 9 4 5 9 8 7 6 4 4 2 8 10 3 2 4 10 7 7 4 10 1 4
587 3 6 3 10 4 5 9 2 5 10 2 3 9 2 10 4 5 4 2 9 4 8 2 4 2
672 9 2 9 7 1 9 9 4 2 9 10 4 7 10 9 5 10 2 4 4 7 4 9 7 10
637 6 5 4 1 10 3 3 7 7 9 7 1 1 1 8 7 10 1 5 7 3 3 6 5 8
669 7 6 2 4 7 6 8 10 5 3 1 4 2 2 9 5 3 9 3 1 5 4 3 7 1
591 5 4 2 2 4 10 6 6 7 6 4 8 6 1 8 3 9 3 4 3 1 9 1 3 4
551 5 8 1 3 9 1 1 8 3 4 3 5 3 7 1 6 5 3 8 1 9 4 2 8 3
593 3 4 6 6 2 10 6 5 9 5 9 4 5 8 6 4 5 2 4 3 9 2 3 3 10
758 9 10 6 6 4 7 9 4 9 6 1 4 2 5 8 4 3 10 6 1 10 1 7 7 9
551 1 6 5 3 6 8 10 3 4 9 10 3 4 4 7 10 10 7 3 6 1 2 4 5 10
545 3 5 9 3 1 6 2 8 3 2 5 2 4 8 4 1 1 4 3 9 3 1 5 10 1
783 2 10 5 10 10 5 10 10 6 7 10 8 9 10 6 8 1 6 5 6 4 6 1 9 2
15
597 10 6 9 1 6 2 3 2 1 2 7 8 9 2 3 5 6 1 1 4 7 8 6 10 10
772 9 6 8 5 4 10 10 9 6 5 3 8 9 6 9 9 5 6 7 6 8 9 3 5 3
837 9 7 5 10 2 7 7 9 9 9 2 10 10 2 10 6 9 6 3 9 1 2 8 2 8
548 8 2 3 7 2 8 7 7 1 5 10 8 8 7 3 4 2 3 2 5 2 4 10 3 10
678 9 6 9 2 8 4 6 5 3 10 4 7 7 1 10 5 1 4 9 3 10 10 3 5 4
666 7 10 3 1 10 6 6 4 8 10 3 7 5 1 10 5 1 9 5 6 2 1 9 1 6
697 3 6 2 4 8 7 3 9 9 2 8 3 8 5 8 8 2 4 8 1 9 2 6 10 6
579 6 3 6 5 10 5 8 3 4 4 3 5 9 8 8 5 4 5 3 4 1 1 5 1 4
637 1 7 1 6 6 4 8 2 8 9 9 3 7 8 9 4 4 2 4 1 3 7 7 7 2
562 6 3 5 7 5 7 3 4 3 4 3 9 5 1 10 7 2 1 8 8 4 6 9 1 1
817 8 6 6 8 10 1 8 7 7 5 8 8 1 9 10 3 3 3 7 7 8 9 6 5 4
689 8 5 10 7 1 1 3 6 7 8 5 1 9 9 2 2 10 2 8 3 1 9 7 5 6
662 7 10 1 4 3 2 10 8 6 4 3 9 7 10 6 10 7 7 2 4 8 7 3 1 6
598 4 2 8 8 8 3 8 3 3 9 1 6 3 9 6 6 5 7 3 2 2 5 9 7 10
745 8 6 9 9 10 3 8 4 4 7 10 9 4 1 2 7 5 4 10 9 6 2 5 6 7
15
721 7 10 6 3 5 2 7 8 8 5 5 8 2 10 10 1 3 5 4 8 9 7 4 8 1
561 3 1 8 1 5 7 10 3 2 6 8 3 6 2 7 9 2 4 6 10 2 5 10 4 8
660 7 6 10 6 4 3 4 3 5 1 10 10 10 8 6 2 2 4 2 9 7 1 9 8 10
629 3 8 10 10 6 2 5 10 2 4 7 3 2 7 2 1 8 8 4 6 4 8 2 1 7
650 3 5 1 4 7 1 3 10 5 8 7 7 8 1 10 4 3 7 6 6 4 2 3 1 6
599 1 1 8 1 9 5 2 10 6 4 10 6 3 1 2 4 2 6 7 3 6 8 9 3 7
539 1 6 1 8 4 8 8 2 1 3 10 9 2 5 1 6 4 9 10 5 2 8 3 1 2
643 9 1 9 10 10 2 3 8 3 4 3 8 4 6 1 5 6 2 10 3 3 5 6 2 8
584 8 10 7 5 1 5 1 7 5 3 4 1 2 4 2 2 10 7 9 4 7 3 1 4 1
644 2 6 5 5 10 10 10 7 8 2 7 7 4 1 6 4 1 2 8 4 2 2 2 8 5
626 9 5 6 9 7 8 6 5 4 3 5 5 8 3 5 10 7 7 1 4 4 9 2 6 1
722 6 9 5 8 10 1 9 6 8 7 3 2 2 8 6 7 5 6 2 9 10 7 8 4 1
580 7 7 9 1 8 8 7 1 6 1 8 3 3 1 5 1 3 9 4 1 3 4 7 3 7
614 6 10 9 3 8 10 9 8 1 1 5 10 10 6 4 3 4 2 4 2 5 7 6 3 5
708 2 2 3 1 3 9 10 10 7 10 1 8 8 4 3 10 10 2 9 4 7 9 10 10 8
15
575 1 3 5 1 6 3 9 8 6 7 2 3 8 6 8 2 7 3 6 8 5 3 8 10 3
673 6 2 2 10 2 8 6 9 3 7 3 3 10 2 2 8 2 5 10 9 2 1 7 3 8
620 9 8 4 2 3 1 8 3 4 4 2 2 8 8 7 7 8 7 8 2 4 1 7 1 2
692 6 4 10 6 4 6 4 1 4 7 8 8 8 4 7 6 6 10 4 1 2 2 6 10 10
818 10 8 1 7 8 9 7 5 10 4 1 5 7 9 1 5 1 9 7 2 2 7 4 9 8
679 3 2 4 7 6 2 2 6 7 3 2 4 4 2 8 5 5 5 8 8 2 10 5 6 8
595 6 10 5 3 2 1 6 8 1 6 9 1 7 5 9 3 10 7 2 4 4 1 7 2 8
527 1 10 2 6 2 7 1 1 1 4 2 4 8 1 1 10 8 7 10 1 10 1 5 10 3
693 6 8 7 6 3 8 2 4 4 9 3 3 7 2 2 6 8 9 6 2 9 9 1 8 8
690 2 8 3 9 8 1 1 3 5 2 8 10 2 2 5 9 6 7 8 9 7 5 2 6 8
789 3 10 5 7 10 9 2 3 4 4 3 10 3 5 8 2 9 9 8 8 10 3 4 6 8
839 10 10 7 8 8 8 6 5 3 2 9 2 10 8 5 1 8 10 9 10 5 10 5 1 7
530 4 2 3 1 4 1 1 6 9 8 2 9 9 5 2 10 3 4 3 8 4 1 8 6 6
848 9 6 5 10 2 10 5 8 9 3 9 10 2 7 7 9 10 9 9 7 10 6 1 1 3
627 2 5 4 3 9 6 8 5 6 9 3 1 10 1 4 4 5 5 4 9 2 7 8 5 9
15
704 6 5 4 7 7 7 10 1 3 1 1 1 8 9 7 8 10 8 8 10 4 1 9 3 10
688 3 5 3 10 7 8 8 4 3 9 3 8 10 9 5 7 4 7 8 2 4 5 2 10 3
716 9 5 8 2 7 1 10 7 7 10 4 3 6 6 8 8 4 10 6 2 7 2 1 7 10
656 9 7 4 4 4 5 1 1 7 3 10 5 1 1 4 3 1 9 3 1 5 7 5 9 7
792 2 10 7 10 7 5 1 8 5 5 8 2 9 9 1 7 10 8 9 9 7 9 6 6 7
631 6 4 5 7 8 7 10 8 9 4 6 2 2 10 4 4 4 10 3 5 8 2 5 1 2
555 4 6 1 1 1 3 8 5 2 4 8 4 1 3 6 10 6 10 7 3 2 5 5 2 1
614 6 10 3 6 9 9 6 1 7 4 4 4 3 9 7 5 6 4 3 1 6 8 4 4 5
789 4 8 10 6 10 8 7 7 7 5 3 1 6 7 10 4 10 10 7 2 7 1 4 8 4
640 6 8 5 5 8 1 2 3 8 8 1 10 1 7 5 5 3 2 3 4 9 9 10 3 6
771 4 9 10 4 3 10 5 9 9 4 2 7 3 7 2 4 3 7 9 6 10 8 5 10 6
613 9 8 3 5 1 3 8 10 5 4 8 9 10 9 1 4 3 3 1 3 9 5 6 5 2
741 7 2 9 6 8 3 10 5 10 4 7 7 9 5 3 8 4 10 3 4 10 7 10 8 8
667 3 7 9 1 9 9 2 5 4 4 5 7 2 3 7 4 3 10 10 8 10 3 2 10 3
748 7 2 4 10 4 2 7 5 8 2 5 5 8 3 9 5 9 9 3 10 5 4 3 9 3
15
671 6 2 6 1 9 2 6 10 10 3 7 2 5 7 5 5 1 5 5 10 3 8 9 3 2
599 6 8 2 8 5 2 8 6 1 2 7 9 3 4 7 6 2 2 5 10 7 2 4 2 7
803 9 8 6 10 7 5 3 2 7 1 7 10 1 3 10 1 3 6 5 5 7 10 9 8 2
644 1 4 1 7 5 2 2 8 5 10 7 4 8 10 2 4 9 9 5 2 9 3 7 8 7
738 8 4 10 3 7 5 4 3 3 3 1 9 9 2 9 7 2 10 9 8 6 8 10 2 4
781 6 5 9 10 7 3 10 6 3 7 5 2 9 3 10 5 1 7 9 5 3 9 6 8 7
598 1 1 10 6 2 3 4 8 1 7 7 3 7 10 4 8 3 6 6 5 3 10 1 8 7
555 4 4 6 7 3 10 2 7 3 8 5 6 1 1 7 9 10 2 4 2 2 2 2 2 6
662 5 1 2 5 8 2 5 9 6 7 10 5 8 6 8 10 4 5 5 6 10 7 10 3 1
631 6 4 7 10 1 7 1 5 1 6 8 4 7 7 2 7 8 7 5 8 1 2 10 7 7
763 7 4 9 9 1 6 2 6 8 3 8 9 9 10 2 6 9 3 10 2 2 5 7 6 8
712 2 2 7 10 3 2 5 6 10 9 7 8 6 1 10 5 8 10 5 5 5 8 10 2 2
754 4 3 3 5 10 3 2 10 10 1 10 7 1 5 1 3 10 8 7 6 6 8 5 9 10
688 9 10 9 2 3 7 7 2 7 9 7 8 6 4 5 4 10 8 2 7 4 7 6 3 10
683 5 4 2 5 4 7 5 4 10 7 6 10 9 5 6 4 3 10 4 3 1 8 1 2 3
15
549 5 10 4 6 4 6 1 2 7 5 1 5 3 3 2 2 3 5 2 8 3 2 8 1 4
614 10 4 8 8 5 9 10 7 8 4 2 5 2 8 7 1 5 3 2 7 3 3 2 4 4
839 5 10 7 6 2 1 5 10 10 10 5 5 5 9 9 5 8 10 9 7 1 7 1 2 3
683 10 3 6 10 9 9 1 1 2 5 10 10 2 9 8 3 8 2 10 10 2 3 1 4 4
671 1 4 10 7 6 8 5 8 7 4 7 5 4 4 6 9 3 3 3 6 8 8 4 8 4
646 9 6 6 3 2 7 5 4 7 10 4 6 7 4 9 9 1 4 5 2 2 1 3 4 5
591 9 2 2 3 7 7 7 5 1 1 4 2 7 4 10 3 3 4 8 3 4 4 3 4 9
593 4 4 6 6 8 4 2 10 1 8 6 4 7 8 4 4 2 1 1 10 2 10 6 7 6
703 2 5 1 8 10 10 9 10 8 4 1 9 7 8 3 6 3 1 6 10 4 1 10 9 10
573 6 2 8 1 8 5 6 7 9 10 10 3 5 3 6 1 7 7 4 6 9 2 2 2 1
567 5 1 7 9 10 8 4 1 2 9 5 3 5 4 8 4 4 6 9 2 1 2 8 3 2
585 6 4 5 2 8 3 2 9 1 6 2 4 9 4 3 1 4 9 7 6 1 7 5 4 9
553 2 1 3 7 3 8 9 2 7 4 9 5 8 8 7 4 1 7 1 10 9 1 3 9 2
611 3 4 10 5 2 1 4 1 8 9 1 2 4 10 1 9 9 9 1 2 3 7 6 9 6
583 1 2 5 5 2 1 10 4 5 4 9 9 6 2 2 7 4 1 8 9 5 2 1 9 9
15
738 5 4 3 9 4 7 3 4 8 6 9 4 10 2 6 2 4 9 5 4 6 10 4 7 10
741 10 9 7 10 9 4 5 6 1 2 10 8 7 4 1 7 7 4 10 5 3 8 9 8 6
622 5 10 7 4 5 10 7 1 6 8 10 3 7 3 9 10 2 4 5 4 2 2 3 3 6
732 9 6 1 8 7 10 3 9 5 4 10 2 1 5 3 9 1 2 7 4 5 9 3 10 6
754 5 10 7 9 9 7 10 1 5 10 10 8 7 8 8 7 8 1 8 6 10 10 2 8 1
684 6 7 2 1 10 8 2 10 10 8 2 10 1 6 8 2 5 2 4 1 2 2 10 4 5
721 3 10 1 10 4 5 8 1 6 7 10 4 10 8 7 1 7 6 7 2 5 10 10 1 10
718 8 7 7 9 8 4 5 2 3 1 5 8 1 10 10 3 6 8 6 2 9 1 2 7 8
608 9 4 5 8 3 3 10 6 6 10 3 4 9 2 2 1 1 9 2 2 10 1 3 9 6
716 6 8 5 4 7 2 6 4 6 2 6 4 1 9 10 9 8 8 4 8 6 7 1 3 4
610 4 4 7 2 6 2 6 5 6 6 8 2 4 8 1 5 6 10 8 3 3 3 9 3 6
710 10 2 6 3 8 3 4 7 8 2 8 7 8 5 2 4 7 6 4 6 10 6 5 10 9
794 9 9 7 3 4 8 5 7 8 1 3 6 9 9 8 2 1 9 9 2 7 3 7 7 6
713 4 3 5 2 1 4 8 7 10 8 10 1 1 7 10 5 9 4 9 9 1 7 8 3 5
706 4 8 8 10 2 2 1 9 7 5 1 9 1 9 2 8 4 3 8 3 7 5 8 7 6
15
540 10 10 4 1 5 10 7 2 4 2 10 9 4 6 1 9 6 2 2 1 6 8 5 5 4
573 5 3 9 8 5 6 8 3 6 4 2 5 5 6 7 2 10 1 9 5 2 5 5 1 6
695 1 7 9 10 7 2 10 3 10 9 4 7 10 6 2 2 10 4 7 6 8 5 9 2 5
461 2 1 2 8 7 3 1 4 1 8 5 1 10 9 9 10 3 1 1 3 6 3 10 7 1
577 5 8 7 3 3 8 6 4 1 4 10 5 10 6 8 9 7 8 1 9 3 8 7 3 3
736 8 10 10 9 4 9 9 7 6 6 4 8 8 5 7 6 3 5 3 6 5 8 10 2 5
468 7 2 1 1 10 9 9 1 6 2 9 3 7 8 2 10 6 4 1 3 6 2 4 1 8
794 5 6 5 6 9 7 9 9 9 9 10 10 5 5 9 10 8 3 10 8 2 2 9 4 8
745 10 9 8 5 5 3 8 9 8 4 1 8 8 3 2 6 6 7 4 4 9 3 6 10 3
581 3 8 8 8 5 5 4 10 2 2 5 2 1 6 1 4 3 4 8 9 8 3 1 8 3
490 6 2 8 2 9 1 1 10 4 4 8 3 3 2 1 6 1 4 1 2 8 3 6 7 5
613 3 5 5 3 6 3 4 9 5 2 5 10 9 6 2 4 5 2 9 10 8 1 6 1 9
642 6 3 10 4 5 7 10 9 3 4 4 3 8 1 2 4 9 10 5 3 4 3 3 10 3
738 10 5 3 7 10 4 8 6 7 4 8 10 4 2 8 7 4 2 4 3 1 5 7 6 10
633 3 4 5 8 4 9 5 1 5 1 9 7 10 3 5 7 8 9 1 9 10 10 7 1 6
15
561 9 8 9 2 10 2 2 4 6 10 4 3 6 4 10 5 5 4 1 3 9 1 7 2 1
570 4 1 9 5 8 9 5 1 8 10 2 1 9 1 7 1 3 4 7 10 1 3 9 7 2
731 9 3 5 9 4 2 2 7 8 6 5 6 3 5 8 5 2 8 9 3 8 5 6 7 1
681 3 2 6 5 5 10 3 4 7 3 2 5 10 3 7 9 9 10 1 10 5 4 9 4 8
684 10 10 8 8 6 7 6 1 6 9 10 3 8 6 7 4 6 1 3 10 1 3 9 4 5
667 8 5 10 9 9 10 3 1 3 2 2 3 6 2 9 7 9 3 9 9 1 1 5 6 7
772 1 9 2 7 5 4 6 9 7 6 3 5 4 4 2 10 10 10 6 8 9 10 9 7 9
696 5 3 1 9 2 9 7 4 6 7 5 2 8 10 8 4 8 6 8 5 8 6 5 1 5
572 5 7 4 7 4 7 7 7 4 4 2 6 4 4 1 6 2 7 1 8 8 4 2 3 2
675 10 2 9 6 3 6 2 8 7 8 1 8 7 4 9 1 10 6 1 8 9 5 9 3 5
644 7 9 7 1 8 1 6 1 4 3 4 6 10 10 3 6 6 1 5 9 9 3 10 4 10
604 4 2 9 3 9 10 8 2 6 8 10 4 7 4 4 10 10 8 5 4 3 4 6 5 7
744 7 7 7 2 9 6 5 6 7 10 9 3 9 5 5 9 9 1 7 10 3 7 6 10 5
646 9 7 3 3 5 2 9 6 10 5 1 1 8 2 1 7 2 4 6 4 8 9 1 1 4
617 6 6 1 5 8 9 3 9 2 1 2 8 10 4 1 5 7 7 8 2 10 4 6 5 1
15
780 5 10 9 9 9 1 6 4 7 3 2 3 4 5 7 6 2 3 10 4 5 6 10 8 2
638 7 1 4 3 3 10 1 9 7 7 8 7 1 3 4 10 7 8 3 6 3 5 9 7 1
669 1 5 6 2 3 10 2 9 6 5 9 4 6 5 8 4 8 9 7 6 1 4 2 2 8
683 1 4 8 1 6 6 4 5 7 4 10 3 3 10 4 5 9 9 9 9 2 10 10 10 1
701 6 10 5 1 6 8 4 2 8 8 4 3 9 4 1 7 10 10 8 3 7 9 6 5 7
739 8 5 7 10 9 8 9 9 7 2 7 2 6 10 3 2 1 1 8 10 5 5 10 4 8
766 8 4 8 8 9 5 6 7 8 3 3 9 2 6 5 7 1 7 8 10 1 9 3 4 3
753 10 1 9 7 9 7 9 2 9 3 8 1 8 5 6 9 2 7 4 9 6 4 9 3 7
637 2 7 1 8 10 5 10 10 10 2 2 7 4 6 1 5 4 7 1 6 2 5 4 1 2
645 6 9 2 5 1 5 2 8 3 4 5 4 9 9 6 9 10 2 7 7 3 2 1 3 6
689 5 5 6 9 1 4 5 4 6 5 1 10 6 9 8 4 5 2 3 8 6 9 8 6 3
724 10 9 5 1 9 10 4 5 1 7 8 5 5 2 10 5 6 8 9 7 6 2 4 10 5
788 9 7 7 1 5 4 4 6 9 6 10 10 3 10 7 1 10 2 9 7 9 7 10 4 7
745 8 7 2 8 1 2 7 8 10 5 1 5 2 7 4 7 8 9 3 10 1 8 1 8 3
519 7 1 2 1 5 8 4 1 6 1 2 2 1 5 6 9 8 9 3 10 1 3 3 7 4
15
593 5 5 1 4 5 5 5 3 7 8 1 5 7 8 4 10 10 8 4 1 2 9 10 4 2
573 2 4 4 6 6 7 9 7 2 3 9 6 2 4 2 8 10 9 6 7 10 5 1 5 4
633 3 9 1 7 7 9 5 10 8 8 8 1 6 4 2 10 7 2 6 4 6 6 8 2 4
594 4 3 6 10 6 7 4 10 3 6 6 1 8 7 5 4 4 6 3 4 3 9 6 5 1
547 8 9 9 1 8 7 8 4 1 2 3 8 1 1 5 6 3 8 5 2 9 2 10 4 1
627 2 4 8 10 7 1 1 1 9 4 5 6 2 8 9 6 3 1 3 6 2 2 10 7 6
750 7 5 1 2 8 6 1 6 4 4 10 7 5 10 7 6 1 9 5 5 10 3 10 7 10
588 5 7 7 1 1 6 1 4 9 10 7 9 3 3 5 1 10 2 6 5 6 1 6 5 10
656 2 1 9 4 5 10 2 6 9 9 4 8 7 4 4 10 2 8 9 8 5 1 10 1 7
641 5 9 8 3 1 1 6 3 2 1 8 3 4 7 3 6 5 3 7 9 5 7 9 6 8
651 2 1 2 10 7 3 6 9 7 6 8 1 1 3 5 7 8 5 3 8 1 10 9 1 9
740 10 7 6 5 1 6 3 8 8 10 8 10 7 10 5 3 5 6 2 7 7 8 5 6 5
654 5 9 2 9 2 2 2 4 6 8 2 1 5 4 3 9 10 7 2 9 8 5 8 7 8
674 10 8 3 7 4 3 6 9 1 4 1 9 8 3 9 2 4 4 2 8 2 1 10 9 3
693 2 7 8 9 8 10 9 7 1 5 8 3 9 9 1 6 5 10 5 8 5 3 6 9 6
15
797 9 7 1 2 10 7 8 6 10 7 5 3 5 2 7 4 1 6 9 4 9 6 6 6 7
570 1 1 8 7 2 9 8 1 3 2 3 8 5 2 7 8 1 9 7 2 10 4 6 8 2
521 6 9 7 3 5 5 5 6 1 10 3 4 8 9 1 8 6 4 4 3 1 1 3 5 7
776 8 2 2 9 7 7 1 6 8 3 5 5 4 9 9 1 6 10 9 10 10 4 9 1 5
615 4 10 6 6 5 7 1 6 3 3 3 1 4 4 10 5 3 5 6 1 3 2 2 5 10
662 10 7 3 8 8 9 4 2 6 4 4 7 5 5 5 9 7 1 6 1 2 3 8 10 7
647 2 6 7 6 2 5 3 10 3 4 9 10 7 1 5 8 9 3 8 5 3 4 1 5 9
662 6 1 4 6 7 3 3 7 9 1 10 8 9 10 6 2 10 2 4 8 6 6 1 2 7
584 4 8 6 1 9 4 9 1 2 2 6 8 4 2 7 8 6 3 2 9 5 8 8 4 7
557 3 5 5 3 10 10 10 3 4 9 8 7 9 2 4 6 9 1 5 3 8 6 4 7 2
672 9 9 7 2 3 2 10 8 9 2 10 10 1 1 1 1 3 7 7 7 7 9 1 6 1
724 10 10 6 8 4 1 4 6 3 2 7 8 9 2 5 6 1 5 7 6 2 7 4 6 4
558 8 3 10 3 8 4 1 10 7 5 4 8 2 6 1 3 10 5 8 1 5 3 2 1 1
548 2 1 4 1 5 4 9 9 2 2 5 6 6 2 5 7 4 9 3 5 1 1 3 6 9
690 4 8 2 10 2 4 10 5 5 8 7 3 10 8 8 2 10 5 2 9 8 1 9 8 6
15
822 5 10 6 8 9 4 2 10 10 1 3 5 6 8 10 3 6 8 1 9 1 3 10 10 3
600 1 10 6 8 1 1 1 2 9 9 3 7 6 5 6 1 2 6 3 3 10 4 3 4 1
610 1 2 5 4 4 1 3 8 9 9 4 1 10 4 1 3 7 7 6 5 9 5 9 10 3
646 1 7 3 8 10 3 4 10 1 8 8 3 6 7 6 1 9 9 3 7 6 6 6 9 3
678 6 7 4 8 6 1 8 6 6 1 7 9 10 1 6 6 5 8 9 1 4 4 2 3 7
759 10 5 4 6 8 6 5 9 8 5 4 3 1 2 6 6 6 2 6 7 9 8 9 3 8
624 9 5 10 5 6 6 1 8 4 5 9 2 5 9 9 9 2 1 2 1 1 7 6 1 7
668 1 1 2 10 10 4 6 8 9 2 5 6 6 2 7 7 7 8 2 7 5 10 10 2 3
614 10 1 9 4 4 4 8 3 4 6 7 9 10 4 6 5 4 6 7 4 4 4 3 6 3
695 2 7 5 10 4 1 8 4 3 1 5 6 5 9 3 8 5 6 6 10 1 4 9 5 9
819 9 8 4 4 10 10 8 3 5 1 5 7 4 8 8 8 3 10 9 2 1 4 9 6 10
719 9 3 1 8 6 1 1 10 9 6 1 6 5 9 3 2 4 6 5 2 9 4 7 6 5
783 6 6 8 9 5 8 10 6 7 10 3 5 9 7 5 10 10 9 8 3 4 1 7 7 3
554 5 1 3 2 4 1 7 8 8 2 6 8 7 9 4 9 7 1 1 1 9 8 5 4 7
641 2 10 7 9 1 5 9 3 2 6 6 9 9 4 6 9 5 9 2 9 6 2 3 8 1
15
617 10 6 3 2 7 1 7 5 2 4 5 7 8 8 8 5 10 1 6 3 3 8 8 4 9
724 8 2 5 7 1 8 6 9 8 3 9 10 5 7 6 3 2 8 6 1 9 8 1 4 9
688 5 9 3 4 8 7 5 6 5 7 9 3 9 6 5 6 7 9 7 7 3 2 10 7 2
620 1 4 4 7 8 5 2 2 8 9 1 8 3 5 9 6 9 4 1 5 8 8 2 7 5
702 9 8 2 6 6 3 3 9 1 8 6 7 10 4 1 10 5 9 3 10 2 6 1 10 7
625 7 5 8 9 4 3 2 10 8 1 5 4 4 6 3 8 5 3 3 1 9 2 1 1 7
593 6 1 1 4 3 1 9 5 1 7 4 4 10 2 9 4 8 4 8 10 3 7 10 2 6
614 1 10 7 3 10 1 2 5 3 10 6 7 3 3 10 6 9 4 2 3 9 5 3 9 10
777 10 1 4 10 3 1 6 10 4 2 6 4 3 9 8 9 10 8 7 5 1 8 6 7 6
643 8 10 4 4 10 4 1 1 7 10 9 5 7 9 4 2 10 8 2 3 5 4 2 4 10
694 9 6 5 8 3 8 6 2 1 7 9 4 10 6 10 10 6 7 1 8 7 4 7 7 10
604 3 3 8 8 3 8 4 4 3 3 1 4 3 2 7 1 5 1 5 6 10 7 5 4 9
594 4 10 1 2 1 2 2 3 1 3 7 7 3 7 2 2 9 10 5 7 7 5 8 3 10
719 8 2 10 1 6 6 8 10 5 9 3 5 3 6 6 1 4 9 10 10 5 7 6 9 4
554 5 7 2 4 10 2 5 1 6 1 9 3 5 7 2 5 2 5 8 2 1 1 2 10 2
15
573 3 3 4 5 2 7 1 10 6 10 10 8 3 7 6 8 4 1 2 9 10 1 1 2 1
481 2 3 1 6 5 7 2 2 2 6 3 3 7 6 6 4 2 1 8 10 2 5 8 4 4
730 7 6 2 5 8 7 6 3 10 4 8 5 8 1 9 4 1 6 2 1 6 8 6 8 9
658 2 8 10 8 5 5 3 4 4 7 10 2 4 10 4 9 6 8 8 4 7 5 6 1 2
611 1 10 3 6 3 8 4 7 9 8 3 10 4 8 3 6 3 1 2 1 10 10 6 4 6
599 4 5 2 1 1 3 9 9 3 8 2 8 3 10 5 8 5 4 5 1 10 5 10 5 9
632 6 1 10 1 4 5 10 4 8 7 7 9 9 3 4 5 9 8 10 2 4 3 9 2 1
703 2 8 8 6 6 2 7 8 6 9 1 9 9 3 7 9 5 7 2 8 3 1 8 6 7
570 2 1 10 5 9 1 3 10 2 6 7 2 2 6 4 10 7 2 6 10 1 7 4 2 8
597 6 1 6 2 6 9 4 7 3 7 1 9 4 2 1 10 7 6 6 3 6 6 4 9 6
681 9 4 3 1 8 8 6 5 4 3 8 6 10 9 10 1 4 10 2 7 7 9 8 3 4
617 3 6 9 2 6 8 8 3 10 2 8 5 8 6 1 3 9 10 7 8 6 1 6 3 6
653 1 6 7 5 10 5 7 8 1 8 5 4 5 9 5 5 4 4 1 10 7 8 10 9 9
607 1 9 1 9 2 6 10 8 1 2 1 3 8 6 10 1 8 7 5 9 5 3 5 7 2
681 10 2 6 10 1 6 4 7 6 7 8 5 10 2 4 8 6 2 1 6 7 3 5 10 5
15
703 3 2 6 8 2 1 3 8 1 2 5 1 5 3 8 8 9 6 10 4 8 10 1 4 10
744 3 2 9 9 6 2 8 4 9 8 10 2 8 1 10 7 2 8 9 1 3 9 3 9 8
769 6 4 7 7 10 7 9 2 6 8 9 1 4 10 9 10 8 3 9 1 7 6 10 3 10
661 7 10 8 8 1 7 3 4 3 5 10 8 5 2 9 9 1 9 1 10 5 8 2 2 4
718 10 9 6 5 5 9 8 4 8 10 7 10 5 1 6 5 4 10 6 7 5 5 2 4 1
874 9 10 10 4 9 10 5 10 6 8 3 6 5 2 6 10 4 3 10 10 1 10 10 7 10
759 7 3 2 7 5 3 8 6 10 10 3 8 7 10 7 7 3 9 8 4 7 3 4 3 9
717 10 8 9 9 4 8 1 5 1 8 2 3 4 6 4 3 1 1 10 8 1 7 10 8 9
781 7 7 7 3 2 2 6 7 3 10 10 9 3 2 6 1 7 9 9 5 6 10 2 10 7
520 1 1 6 5 1 6 1 9 9 8 4 9 10 8 1 6 6 2 3 5 3 7 1 5 4
803 9 1 8 8 4 9 5 10 10 4 9 10 10 4 5 7 6 9 5 9 10 1 1 8 2
718 7 10 1 7 3 9 10 10 3 10 8 5 4 2 1 6 9 9 6 3 2 7 2 10 2
597 10 5 1 3 5 7 10 7 9 3 3 2 4 1 3 5 3 4 1 1 8 1 1 6 10
765 7 5 4 7 1 10 8 3 6 9 9 8 5 8 6 4 4 5 6 8 3 8 8 9 6
639 7 6 9 10 9 5 2 6 2 6 4 5 4 2 1 7 10 5 6 4 7 9 5 1 8
15
740 10 5 7 5 6 6 5 8 9 4 7 10 5 10 5 9 7 1 8 3 10 2 6 3 8
637 8 7 4 8 3 9 1 5 5 2 9 9 9 7 9 10 1 1 1 4 8 3 3 1 2
602 5 6 8 8 3 5 8 4 10 1 1 2 7 6 3 2 2 5 1 5 3 9 1 8 5
605 1 4 10 3 8 6 9 5 7 4 5 8 8 2 9 10 3 4 7 2 2 2 7 2 6
803 2 10 10 6 7 4 6 10 9 9 4 7 8 4 7 9 8 3 6 9 6 7 8 7 9
613 10 4 3 10 7 4 7 4 4 10 10 2 1 8 2 6 3 3 9 3 1 6 7 3 1
444 1 5 1 2 1 3 5 3 2 3 5 10 6 2 2 1 5 2 4 5 6 9 1 2 7
651 2 10 1 6 3 2 4 6 5 5 9 2 7 3 5 6 7 6 4 9 1 4 1 4 9
618 9 7 8 2 9 7 5 1 5 1 6 9 1 4 1 7 10 6 2 4 9 8 6 1 7
792 10 6 9 9 9 2 3 9 1 1 3 5 9 9 10 7 5 6 8 3 1 9 3 8 3
633 2 4 10 4 7 1 2 6 6 7 6 8 1 1 4 2 5 8 5 9 8 10 2 5 5
593 3 10 6 5 4 7 1 3 5 10 6 8 5 2 10 8 5 1 2 3 10 8 4 7 2
708 7 7 2 8 1 7 3 3 8 1 10 3 10 1 7 5 9 2 5 4 9 5 10 8 6
618 3 9 10 6 7 8 2 1 3 9 2 8 4 7 7 1 10 1 5 7 5 7 1 7 2
641 1 1 1 8 4 1 1 9 7 9 4 4 6 6 5 3 2 7 3 5 2 7 9 8 7
15
665 6 3 5 4 3 7 3 10 10 2 2 5 4 2 1 6 8 7 7 6 5 8 7 2 6
668 10 4 3 3 1 5 9 7 6 3 3 4 1 7 5 2 9 8 9 2 2 8 7 2 7
687 5 4 5 7 8 1 7 2 9 7 2 5 6 7 10 5 9 1 9 4 3 10 6 2 5
763 7 7 9 10 1 8 7 4 7 1 4 8 1 8 9 2 8 5 6 3 10 6 4 8 9
700 7 4 3 4 8 9 6 8 10 9 7 7 5 5 6 9 6 10 1 1 7 2 2 5 8
741 9 10 3 8 10 1 6 10 8 5 8 7 1 2 7 8 3 3 1 9 8 2 1 10 1
626 1 9 6 8 7 2 8 6 10 9 2 7 4 1 2 4 4 2 7 10 6 1 9 3 3
662 6 10 8 8 10 2 9 1 8 6 3 3 8 2 7 7 7 1 6 9 7 1 8 6 1
579 9 4 10 6 8 3 7 2 3 6 8 1 7 4 3 5 8 1 7 7 8 6 3 8 1
679 9 10 6 5 7 1 7 2 3 6 7 4 3 9 7 5 8 1 9 9 4 7 3 5 6
682 8 5 9 1 7 1 5 5 10 5 10 8 2 1 6 9 8 4 7 2 6 6 2 7 9
756 2 1 9 10 9 6 4 4 8 4 7 9 3 4 10 4 5 7 9 6 3 4 9 9 4
686 7 8 5 3 9 1 2 9 8 10 3 10 3 2 3 7 3 1 7 5 4 7 10 3 7
753 3 5 6 9 2 3 5 10 9 6 6 9 6 5 6 4 9 10 3 4 7 4 6 5 5
679 6 9 4 5 10 8 3 2 5 3 5 2 2 10 3 6 7 5 10 6 4 2 8 5 5
15
607 4 1 1 5 1 1 10 2 4 5 9 8 6 5 6 4 7 8 4 3 8 4 9 6 5
693 1 9 4 1 6 1 5 6 5 7 8 5 3 8 8 9 3 10 4 10 2 7 8 9 5
677 8 9 6 7 6 1 4 9 10 1 8 9 3 8 5 5 5 1 2 5 3 4 3 3 2
638 1 4 2 9 2 10 3 6 6 5 1 9 8 5 4 2 3 6 4 7 6 5 10 5 3
582 5 2 3 4 7 6 4 6 5 2 6 7 1 9 4 8 9 9 8 3 8 1 3 5 1
626 9 8 3 3 8 9 7 5 1 4 9 3 2 2 7 3 1 6 1 10 8 2 10 5 5
733 8 10 10 9 10 5 2 7 9 8 2 9 7 4 1 5 9 1 8 2 4 8 9 1 7
673 8 6 8 2 10 10 5 10 3 8 10 1 8 1 7 8 4 6 8 8 1 4 4 2 1
723 6 8 2 10 6 1 9 4 4 9 6 4 5 2 6 8 1 4 8 4 7 5 10 5 7
704 6 4 3 4 10 2 7 4 7 2 7 9 7 5 10 1 10 9 6 5 7 1 10 4 2
618 3 9 2 3 9 5 8 5 6 9 6 1 10 5 10 8 10 1 3 4 5 7 2 2 7
779 5 1 9 7 4 3 3 10 10 1 2 7 8 3 6 1 4 9 5 10 6 1 3 10 7
775 10 9 5 9 2 1 8 6 4 3 10 8 1 8 7 9 3 9 2 3 3 10 3 7 6
681 4 2 8 4 5 4 5 1 8 3 2 2 4 10 7 5 3 10 8 8 9 7 2 5 9
687 6 9 7 6 10 2 3 2 2 7 10 2 10 2 9 4 3 4 8 2 5 8 5 1 7
15
717 1 1 5 2 10 10 9 5 6 6 10 2 3 6 9 2 8 10 5 5 10 9 4 9 10
822 7 9 5 7 10 8 7 3 8 3 7 1 6 9 3 4 7 10 9 9 5 9 3 7 2
737 7 5 7 8 10 7 9 3 10 2 9 9 1 9 4 10 3 1 3 2 7 7 5 7 7
568 2 10 4 1 8 6 9 2 2 2 5 7 4 8 6 6 7 3 7 3 3 7 8 4 2
542 9 2 2 5 4 5 10 6 6 4 2 5 4 1 1 6 9 5 5 2 6 1 5 10 1
648 1 10 6 6 8 10 10 9 1 9 4 9 5 10 5 10 3 5 5 3 4 5 1 4 9
697 1 5 10 7 6 4 1 6 10 5 5 9 3 4 10 7 10 9 2 2 9 10 7 2 4
718 10 10 1 6 3 8 6 10 3 1 2 3 7 1 5 7 8 3 5 6 9 8 9 8 2
528 2 7 8 3 5 9 6 8 3 5 5 6 4 6 2 2 4 8 1 4 3 9 1 7 2
635 5 7 9 1 8 8 7 7 7 9 8 7 4 3 1 10 10 9 1 4 6 10 4 2 6
773 5 3 6 4 10 10 7 9 10 1 2 10 8 10 8 1 1 7 6 8 9 1 2 6 10
578 4 8 5 7 9 1 6 9 4 1 7 6 7 2 6 1 3 1 2 3 1 9 2 3 2
747 9 10 8 3 3 6 5 9 8 10 3 3 5 1 8 2 8 10 9 7 5 5 1 3 1
656 2 4 5 4 9 7 6 6 4 9 1 6 5 2 6 8 6 8 9 10 1 4 3 9 3
611 7 10 5 9 1 3 6 3 1 4 2 1 10 9 6 4 6 4 1 9 4 1 7 6 8
15
672 5 9 2 10 6 5 3 5 4 4 7 8 3 8 1 10 2 9 5 8 4 3 1 9 3
651 6 7 2 6 2 5 5 8 1 1 5 6 10 7 6 5 4 2 6 9 8 7 10 3 8
675 9 6 4 9 9 1 2 8 4 2 5 5 6 3 9 10 9 9 3 2 9 3 9 2 1
793 1 7 4 4 2 9 3 10 3 9 3 7 9 9 9 1 9 10 8 10 10 6 4 10 5
671 1 6 9 10 8 3 2 10 3 4 5 5 10 4 3 9 3 3 6 5 6 5 7 9 6
658 7 9 4 5 9 6 6 6 6 8 1 4 10 4 6 6 5 9 2 4 2 1 1 6 5
503 3 8 7 7 2 1 3 5 2 1 9 2 2 2 6 1 2 7 3 2 10 1 6 3 6
565 7 1 7 1 6 8 8 9 3 1 5 2 2 4 7 8 5 4 1 4 6 9 7 10 1
584 5 2 7 4 7 10 3 4 3 7 10 2 1 4 7 4 3 7 6 4 6 7 6 2 7
628 2 3 9 7 8 4 1 8 5 2 4 7 3 8 6 3 3 3 4 9 5 8 5 5 8
662 10 8 3 1 1 6 8 4 8 9 1 5 10 10 3 10 2 3 6 4 10 6 3 6 10
608 7 1 6 4 1 8 1 1 3 7 5 3 10 6 6 6 7 5 6 2 9 10 4 4 8
659 8 2 3 6 4 9 2 9 7 3 8 3 6 6 10 7 5 3 3 3 5 4 4 4 1
603 5 10 7 7 1 8 6 3 3 2 7 1 9 4 4 1 7 7 6 3 7 4 1 6 2
802 7 10 7 10 10 6 1 5 3 8 4 3 5 7 10 9 10 10 7 1 9 1 1 10 10
15
527 3 5 2 2 2 8 9 8 7 10 3 3 7 9 2 8 10 3 2 6 6 7 1 1 7
633 7 4 8 3 9 8 2 2 8 9 7 8 2 10 10 8 8 1 3 6 9 2 10 2 9
635 9 6 10 9 5 6 5 7 3 2 5 5 4 10 3 5 8 2 5 4 1 4 10 10 4
684 7 10 7 10 3 7 3 3 4 5 2 6 5 5 4 9 2 1 9 10 5 3 4 7 5
601 4 4 1 9 6 6 4 3 10 1 4 4 2 9 2 9 9 1 4 3 7 8 6 5 7
698 4 6 4 7 6 7 3 2 10 8 4 10 7 6 8 10 2 7 4 1 6 2 4 3 10
768 3 4 9 10 6 2 3 8 5 8 5 8 9 7 6 2 8 2 5 10 9 5 6 10 8
823 4 9 10 7 6 6 4 6 7 6 8 3 7 8 10 6 3 10 4 10 10 5 2 10 7
594 4 3 9 1 2 6 6 9 4 9 5 8 7 7 9 1 1 1 8 9 6 3 3 2 7
619 4 10 3 1 4 4 6 7 8 8 5 8 7 5 7 1 1 3 4 2 6 2 1 7 5
668 1 3 1 5 10 2 10 10 7 5 2 7 5 6 9 9 8 5 10 7 4 7 1 2 4
604 5 7 3 2 4 9 1 2 10 8 8 9 4 6 8 2 7 3 1 7 2 9 8 2 6
642 6 4 2 7 4 6 8 2 10 3 9 4 5 1 5 7 5 9 2 7 4 9 2 6 1
650 9 6 6 7 4 10 3 8 7 5 6 7 6 3 4 3 2 3 4 1 6 8 5 1 1
593 2 6 4 4 2 10 6 2 5 6 6 1 8 3 8 6 3 10 4 2 6 4 10 2 5
15
805 4 10 4 6 7 7 8 6 8 1 9 8 4 5 9 2 8 3 10 5 7 7 4 7 6
515 2 3 5 5 1 7 3 9 7 2 2 1 3 7 4 1 9 1 2 4 9 3 7 6 6
755 9 8 8 10 3 3 5 8 8 8 10 4 5 8 1 6 4 5 8 4 2 4 2 5 8
585 6 4 2 2 1 1 5 5 9 9 4 10 1 5 4 1 2 3 3 3 4 5 8 2 9
772 9 3 3 10 2 4 8 10 9 3 9 5 1 9 8 2 1 9 9 2 7 3 6 1 9
583 6 8 9 4 2 10 2 7 5 10 3 8 8 3 5 10 9 3 1 3 1 5 1 3 7
676 10 7 3 4 4 8 2 7 8 6 4 2 4 9 3 6 3 4 5 8 8 6 9 6 2
639 3 7 6 10 2 3 7 3 5 2 3 6 9 10 2 10 5 2 3 3 10 8 4 8 7
758 10 3 3 2 7 6 1 9 1 2 6 7 10 4 10 8 8 7 10 8 8 2 10 9 4
722 10 4 9 5 4 7 6 6 9 7 8 2 10 8 3 7 8 9 4 1 5 2 4 6 7
700 1 10 5 8 2 4 5 7 1 9 10 1 9 9 9 10 6 4 7 7 1 8 9 3 4
724 5 1 8 7 9 7 3 9 3 7 4 8 6 1 6 3 2 10 2 8 3 10 10 9 8
510 6 4 4 5 4 5 7 10 7 4 6 3 6 7 2 8 8 1 2 4 3 2 4 1 7
707 9 7 4 9 5 6 8 6 6 3 10 3 3 4 3 10 2 10 7 2 2 2 7 3 10
706 8 10 4 6 2 4 10 6 3 8 9 7 1 3 4 3 9 7 9 1 9 10 9 4 7
15
610 3 8 3 3 2 4 9 7 6 5 1 1 9 3 1 4 6 2 8 6 2 7 5 10 6
625 2 8 10 9 9 7 1 7 9 3 5 4 2 9 1 7 9 6 1 3 3 10 8 1 1
834 4 7 5 6 9 9 4 9 1 7 7 8 9 9 9 9 9 8 5 10 8 7 7 10 5
660 5 2 7 9 6 7 1 3 9 2 5 4 1 4 5 10 10 9 1 8 8 2 9 1 10
828 5 9 9 4 2 1 6 9 10 7 9 9 8 4 8 2 10 7 10 8 4 3 9 4 6
564 10 3 2 4 2 3 8 2 6 3 4 5 8 8 10 2 6 3 3 5 7 2 5 5 2
669 10 10 4 2 5 9 2 5 10 2 3 9 8 2 5 10 2 3 4 8 4 1 4 8 6
571 3 6 6 2 2 3 2 1 3 4 10 3 5 1 1 5 10 8 9 9 5 1 8 3 10
675 10 9 8 10 10 2 8 3 1 4 6 2 6 6 3 7 10 10 2 6 4 5 4 2 8
758 9 2 4 8 10 1 8 5 10 1 3 1 10 10 7 10 7 10 1 7 1 7 5 3 4
843 9 2 9 7 10 6 5 10 6 9 6 7 10 1 9 10 2 10 8 3 2 7 10 4 9
619 7 7 7 8 8 4 1 6 1 8 6 4 8 1 6 4 10 5 5 3 6 3 9 5 5
714 3 6 9 3 7 8 10 7 6 8 4 10 7 9 9 9 2 8 2 10 9 6 8 6 2
702 6 6 1 3 2 7 6 8 6 4 1 9 10 4 7 10 1 3 8 10 1 9 4 2 6
700 3 10 9 3 7 5 10 7 10 6 4 7 7 9 7 6 3 9 4 9 6 2 7 2 2
15
650 10 2 8 3 7 10 2 2 6 5 10 2 10 7 7 4 9 6 3 9 1 10 4 9 4
671 8 3 2 2 4 2 6 6 9 9 5 10 2 7 5 8 3 2 5 3 7 6 6 6 7
593 4 6 10 1 9 2 4 10 1 10 2 1 5 6 2 9 3 4 4 4 4 9 7 10 2
594 2 1 6 6 3 7 2 5 4 10 6 7 3 4 1 9 7 6 6 5 9 7 9 6 9
597 4 2 7 6 3 5 9 4 6 9 4 5 10 3 5 10 7 6 5 7 1 6 3 2 4
812 8 9 3 9 1 9 9 8 3 9 5 4 2 4 8 10 6 10 7 1 6 7 1 9 8
579 7 8 3 7 6 7 10 2 2 2 7 10 3 10 2 2 2 3 4 3 6 3 1 9 9
787 4 3 10 8 7 2 1 8 7 6 6 5 3 10 6 8 1 5 8 7 2 7 7 7 10
824 9 4 5 3 10 9 7 5 10 7 5 7 10 5 3 5 5 6 10 10 1 10 7 9 6
844 3 1 4 10 6 8 7 10 10 8 1 9 9 4 10 8 5 10 9 10 1 2 10 9 1
566 5 9 9 3 8 6 6 4 1 9 9 4 8 5 6 4 2 8 1 3 8 9 5 5 2
620 4 8 1 8 7 2 3 1 5 5 9 7 5 9 5 9 4 5 3 4 4 1 4 10 8
614 4 5 5 6 5 5 9 5 9 1 1 9 1 9 7 4 1 2 7 3 5 2 3 7 4
714 9 5 2 6 10 9 2 5 4 8 1 4 6 7 4 10 6 10 6 2 3 5 9 10 2
702 3 8 2 8 8 10 2 1 4 4 9 10 2 10 2 8 8 8 8 2 7 6 3 6 7
15
657 8 1 8 10 7 6 10 10 5 3 4 2 8 9 9 4 1 2 4 2 7 5 9 5 4
665 4 1 8 4 8 1 5 2 2 10 10 9 7 7 1 7 2 10 10 8 5 1 10 4 9
610 1 1 10 7 1 8 6 2 6 8 6 6 5 5 1 3 5 1 7 6 9 5 10 10 10
672 2 1 2 4 6 4 6 6 10 5 9 9 7 7 5 9 3 7 6 9 10 2 2 6 3
692 9 9 2 5 8 5 6 6 2 3 4 5 5 7 5 7 10 1 1 10 9 9 9 2 10
743 8 6 7 8 7 3 5 4 9 4 9 2 6 8 3 1 2 4 10 9 3 2 5 6 4
645 7 3 5 7 4 7 1 3 8 8 1 10 9 1 1 6 4 8 9 9 9 2 2 8 2
718 10 1 8 6 10 5 8 5 10 5 1 2 3 3 1 1 8 7 6 2 6 8 9 9 7
715 8 9 2 5 4 6 2 8 2 9 3 10 5 5 1 8 3 6 10 3 6 8 5 7 9
682 5 10 2 2 6 10 5 2 4 3 6 2 8 9 9 4 7 9 7 10 3 2 3 7 4
625 8 10 9 8 5 1 8 7 8 8 10 1 2 7 1 9 2 4 2 6 3 4 8 4 3
595 4 7 6 1 3 10 4 2 5 5 9 6 3 2 6 6 5 8 6 6 8 7 10 5 1
649 7 10 7 3 3 8 3 9 5 10 9 4 8 6 3 7 10 9 3 8 10 4 8 2 1
651 9 3 3 7 4 5 10 6 6 1 5 1 5 2 8 8 9 2 5 1 9 1 7 7 8
665 5 1 7 9 7 6 6 5 10 4 8 9 7 6 7 9 1 2 3 3 8 3 8 1 8
15
643 7 2 3 4 4 2 8 5 3 3 7 9 4 5 10 8 4 2 4 7 8 6 6 6 8
623 2 7 9 5 7 7 10 9 2 6 3 6 8 2 2 6 10 7 2 3 5 7 9 5 10
692 2 9 3 8 7 10 2 4 3 4 7 9 5 4 2 3 8 8 8 2 6 7 10 7 9
713 5 9 10 8 1 6 1 8 7 9 3 3 7 1 1 10 3 6 5 6 10 8 4 9 8
529 5 4 6 1 6 10 5 10 3 1 4 8 7 1 3 9 9 1 6 10 5 4 8 2 1
741 8 9 3 9 6 6 7 4 1 6 4 2 1 9 4 1 9 9 9 7 7 7 10 9 8
664 10 3 2 9 8 6 2 5 5 9 4 7 6 3 8 4 2 10 7 4 5 1 5 2 1
785 7 3 10 5 7 10 9 7 10 9 4 6 3 3 9 1 9 5 5 5 3 8 5 10 6
651 4 6 9 7 6 9 7 2 1 8 7 6 8 10 10 6 8 9 5 3 3 8 9 1 1
647 1 2 1 9 3 4 2 4 7 1 3 5 6 7 10 8 3 5 5 2 6 1 7 10 7
528 1 5 4 4 4 7 7 3 1 6 1 7 9 2 8 10 9 3 10 2 10 1 6 8 1
501 9 3 2 3 4 1 8 1 7 3 1 1 4 2 3 2 4 3 7 1 7 2 8 5 7
783 9 2 8 8 2 8 7 10 10 9 6 9 9 7 7 2 1 2 4 6 9 5 7 5 6
572 2 6 3 9 4 4 4 5 5 10 2 8 4 3 2 4 1 7 2 5 1 8 8 9 2
613 4 1 8 8 8 6 5 7 4 9 9 4 6 9 8 3 4 1 5 4 3 4 1 2 6
15
661 2 10 8 8 3 2 10 1 2 8 2 5 7 1 4 5 5 8 6 9 5 9 2 4 7
699 4 9 7 6 6 2 3 3 10 3 1 2 8 6 9 8 3 4 3 4 9 5 9 5 1
618 4 1 1 9 10 2 6 6 10 5 3 7 5 1 4 1 3 1 7 6 8 2 7 6 3
726 10 6 2 7 2 6 9 8 10 2 5 7 4 8 10 9 2 1 10 1 3 3 2 2 8
684 1 6 9 9 3 9 6 5 5 9 9 8 2 3 10 8 1 8 9 9 10 4 1 4 2
728 8 9 1 6 9 5 8 6 3 2 10 6 1 9 3 9 9 5 5 7 6 8 5 3 9
671 9 1 7 5 10 5 3 2 2 4 8 5 5 5 8 7 10 10 2 1 10 4 9 8 8
728 10 8 10 4 8 9 3 8 4 7 10 3 3 8 8 9 8 1 1 8 10 8 1 5 8
675 8 7 5 8 3 7 5 3 9 5 6 9 3 6 7 3 10 2 7 4 1 4 4 7 1
702 6 3 3 4 2 9 8 7 10 6 6 4 5 9 5 6 8 1 6 3 9 4 10 9 7
575 10 2 1 1 4 1 10 5 5 4 8 2 4 2 3 10 3 7 2 3 8 9 4 5 10
497 9 1 3 1 2 4 1 3 3 1 9 9 4 1 4 6 7 5 1 10 6 8 8 5 3
677 7 8 4 2 2 5 8 6 2 9 5 2 7 2 2 6 2 5 10 2 9 10 8 10 10
637 8 5 4 8 6 1 3 4 1 2 5 8 1 1 7 3 10 3 10 9 4 6 7 3 7
665 6 1 8 3 8 3 2 7 3 10 6 9 10 1 1 7 5 10 6 7 1 10 8 7 8
15
662 1 4 8 6 2 7 3 9 9 4 8 3 10 1 3 10 8 9 8 8 3 2 4 6 6
611 4 7 9 5 3 7 1 1 6 4 10 9 1 6 6 10 2 7 8 1 9 1 6 5 1
591 8 1 9 10 5 5 8 2 8 2 2 6 1 10 1 2 9 1 6 10 5 5 9 6 1
493 1 3 8 2 8 9 10 6 2 3 6 3 1 6 6 10 4 6 2 5 7 3 1 9 2
620 5 3 8 9 4 4 1 6 8 8 3 7 2 6 4 10 9 4 5 5 1 6 4 2 9
748 9 8 9 2 3 8 9 6 10 1 9 7 9 4 9 9 2 9 4 2 2 9 4 1 8
643 10 5 5 8 7 5 8 3 2 7 9 4 5 5 5 7 5 7 6 3 9 4 1 2 5
698 9 1 10 1 1 7 2 9 7 10 8 1 3 8 3 7 3 9 8 9 7 7 6 2 8
719 7 6 6 5 7 2 8 10 7 10 7 1 8 8 7 6 3 6 4 3 4 4 2 4 5
754 8 2 7 8 10 9 9 3 9 8 4 6 4 10 10 4 5 3 10 10 3 7 3 2 7
900 10 8 9 10 4 8 5 10 10 6 7 6 9 2 9 7 2 7 6 1 10 4 10 7 2
655 5 7 10 4 7 10 10 5 4 3 3 1 8 8 10 10 8 5 9 7 8 3 2 1 2
712 2 9 7 8 6 9 3 5 3 3 10 6 1 7 8 8 3 4 8 5 2 9 10 8 2
620 2 2 5 4 8 2 6 7 8 4 5 8 2 4 10 2 10 6 2 10 4 4 1 9 5
578 1 7 8 9 3 9 4 2 7 10 2 5 2 6 5 5 6 6 2 5 1 1 10 4 5
15
579 5 1 8 7 7 2 2 5 5 10 1 6 3 2 6 3 8 1 1 8 7 3 3 8 9
582 10 6 3 1 5 3 2 7 4 7 2 10 8 7 2 2 5 5 10 2 3 7 8 1 3
565 3 7 3 3 10 1 3 10 3 4 4 10 3 2 2 7 3 1 5 2 7 3 3 8 5
747 10 9 7 2 9 8 2 4 4 10 9 6 1 9 4 6 9 10 1 9 6 6 4 8 6
566 7 9 6 3 6 3 8 5 4 3 9 9 8 8 2 1 3 5 2 3 1 6 5 1 2
685 3 7 9 1 4 3 9 5 9 2 1 9 3 4 8 5 1 6 7 5 9 5 1 3 8
672 10 1 10 1 10 5 5 10 9 1 1 2 1 9 6 7 5 4 3 6 8 9 8 5 6
652 4 1 4 7 9 7 4 10 3 1 5 9 8 2 9 6 9 5 6 6 2 10 9 1 4
671 7 9 8 3 8 5 1 1 4 3 3 10 5 6 4 6 2 5 7 5 8 6 1 6 10
682 1 10 1 9 6 9 8 5 10 2 3 4 3 7 7 4 9 10 3 9 2 1 9 6 3
692 9 5 1 2 10 9 1 7 9 10 2 2 10 10 10 8 1 2 4 1 3 8 5 1 4
601 7 3 9 8 10 3 2 3 7 9 5 3 3 2 4 2 8 4 4 7 10 5 2 3 9
708 10 1 7 1 7 2 1 9 8 5 3 9 6 10 3 7 1 8 6 7 5 4 8 6 9
750 9 2 1 8 7 4 5 4 10 8 2 4 7 9 10 9 2 2 5 4 6 8 6 8 5
674 9 6 7 9 7 3 2 6 9 6 2 2 7 7 9 4 6 7 6 2 1 2 3 1 5
15
691 8 1 2 4 5 4 3 3 5 7 8 9 8 10 6 9 6 8 3 10 9 3 4 9 7
565 5 2 1 6 5 5 7 5 2 7 9 5 6 4 5 5 6 3 4 8 1 9 10 10 2
689 1 5 10 8 7 8 1 9 2 9 8 7 4 1 1 1 9 10 5 3 10 7 2 10 7
567 9 10 2 4 2 2 5 2 1 4 9 5 3 5 8 6 10 2 7 1 4 3 7 5 5
761 10 7 9 9 5 5 5 10 10 5 8 10 4 9 1 8 10 1 4 4 3 9 9 5 9
662 1 6 3 8 3 7 4 5 7 5 10 5 3 1 3 3 1 7 8 7 9 6 7 8 2
756 7 10 6 7 9 2 2 7 7 3 5 3 7 4 10 6 9 4 3 6 9 3 9 7 2
679 9 1 2 8 2 7 6 7 6 2 3 4 1 5 6 10 9 9 2 5 7 2 8 8 9
633 8 2 1 10 6 3 9 3 7 8 8 1 4 6 8 1 8 5 4 7 1 9 3 2 3
588 7 3 6 6 8 4 8 5 7 3 5 1 4 4 2 8 10 6 1 7 2 3 6 2 5
605 1 4 2 2 6 5 7 4 3 7 7 9 8 3 5 5 5 2 9 9 6 3 6 6 9
813 8 7 4 10 6 4 6 10 10 7 3 1 6 10 10 3 6 4 5 8 6 10 8 5 3
774 8 8 3 10 5 3 3 9 4 4 5 10 5 1 1 7 4 8 10 9 4 6 6 8 4
639 2 4 8 9 7 2 9 6 1 6 10 10 4 3 4 9 9 6 3 4 2 7 10 4 8
596 10 1 5 4 4 7 2 1 10 4 3 7 10 8 2 6 1 3 3 4 1 1 8 8 7
15
637 6 1 10 3 8 8 1 1 10 8 2 3 9 3 5 2 8 7 7 5 5 6 1 9 1
772 7 7 4 7 6 1 8 3 10 8 7 5 6 3 8 2 4 7 7 1 2 9 10 10 4
679 7 7 4 9 10 6 3 3 7 7 2 2 4 4 8 2 2 3 9 5 5 6 4 5 2
668 6 9 1 3 7 6 3 7 8 1 2 3 4 7 7 6 3 4 2 7 9 5 9 5 1
518 4 3 4 7 6 6 10 8 1 3 8 5 10 5 2 4 5 4 6 5 1 3 8 5 4
659 6 5 10 7 10 8 9 9 5 4 1 1 1 10 5 2 7 7 1 5 9 1 7 8 2
739 5 5 4 5 3 3 2 9 6 8 1 6 5 10 10 9 4 7 3 4 8 7 3 6 6
630 4 6 6 5 6 6 5 2 7 2 3 2 2 4 5 10 9 10 2 9 4 7 6 9 4
747 6 2 10 5 8 5 8 6 9 2 10 5 4 8 5 9 7 2 10 6 7 3 2 7 7
629 9 7 6 5 3 3 4 5 9 1 5 5 9 1 3 8 4 2 1 9 1 6 10 4 6
620 4 3 6 4 9 6 1 8 3 8 5 9 10 4 2 7 2 3 5 9 3 2 10 7 7
745 7 6 3 8 6 7 10 2 4 7 9 7 10 7 10 5 5 5 9 9 4 3 10 9 1
634 6 7 3 8 1 6 7 3 1 10 8 8 1 8 8 10 4 3 2 4 10 5 4 9 1
619 2 7 6 3 7 1 5 6 2 3 7 5 4 10 9 10 6 5 2 2 2 9 4 9 7
650 7 7 7 8 1 5 6 9 3 2 6 6 1 9 7 4 1 4 1 6 6 6 3 2 9
15
612 2 4 1 10 1 4 6 2 9 6 10 1 9 8 8 6 8 8 2 1 7 4 5 1 5
485 5 3 3 3 2 7 8 1 2 10 4 3 8 5 1 9 1 6 2 8 7 8 8 2 6
538 3 2 4 10 8 6 2 3 5 1 8 10 5 7 3 4 5 5 2 8 10 4 1 1 3
717 5 6 5 4 1 9 4 8 2 6 6 4 3 3 4 3 9 8 9 10 9 3 4 6 10
596 7 4 6 4 9 4 10 3 4 7 5 10 9 1 4 4 10 9 3 3 4 5 6 6 5
548 3 5 4 1 3 2 8 4 2 1 3 1 8 10 6 2 10 2 8 3 1 10 5 8 4
703 7 8 7 4 3 9 1 8 4 1 6 2 7 1 9 1 5 8 10 10 7 7 6 3 2
596 9 8 4 1 5 1 10 3 4 6 1 1 8 8 1 4 7 8 4 8 2 8 1 9 8
678 8 8 10 4 4 5 8 4 10 5 7 3 9 8 1 10 9 2 3 5 4 4 10 4 9
672 10 10 3 9 10 2 6 2 3 3 10 2 1 2 10 3 2 3 4 3 1 6 7 9 9
742 10 9 7 5 9 7 5 5 6 4 4 7 8 6 8 5 4 9 8 2 5 3 9 4 1
591 6 9 9 7 7 8 9 3 7 7 3 8 5 10 2 9 6 3 1 5 1 5 2 2 8
709 4 9 9 8 10 9 8 9 4 10 5 1 6 1 5 2 6 9 6 2 3 2 4 9 1
666 7 4 4 3 1 4 6 5 7 2 4 3 5 2 5 8 9 7 6 9 9 2 10 9 3
653 2 9 9 10 8 9 2 1 9 4 6 8 1 1 3 6 3 3 4 3 4 9 2 6 8
15
692 6 9 1 3 6 6 7 8 7 4 4 3 10 2 3 3 4 2 9 4 10 2 4 9 9
597 3 1 3 1 10 9 5 4 6 4 9 3 9 8 1 4 3 2 10 5 9 7 5 8 1
695 5 5 8 10 8 8 1 7 7 2 3 2 5 6 9 4 6 9 1 10 2 2 2 6 4
636 4 5 3 3 4 4 4 9 10 8 9 7 2 8 2 2 4 6 4 6 6 3 8 3 2
700 8 5 7 6 8 3 1 4 7 4 3 7 10 5 2 9 6 3 4 2 3 8 7 9 9
567 4 7 7 1 2 8 9 3 8 8 2 7 4 10 7 5 6 1 1 9 9 3 1 2 10
658 5 8 3 3 3 8 2 3 4 9 6 5 3 3 7 9 5 5 8 5 9 6 7 5 3
751 3 6 8 9 9 3 10 10 3 6 10 10 4 5 6 3 7 10 5 10 2 6 7 2 2
758 4 7 10 8 10 3 7 5 2 5 9 2 10 8 9 9 4 9 8 4 7 9 3 8 3
624 5 2 1 6 10 10 6 3 10 3 6 5 9 4 2 5 4 4 3 5 2 4 10 10 8
689 9 5 3 9 6 2 4 7 10 5 7 4 3 8 7 7 1 3 8 1 9 7 1 2 1
702 6 9 9 7 9 3 10 7 6 6 10 5 7 6 6 10 3 1 8 5 2 3 5 4 9
621 8 3 3 3 5 3 10 1 5 10 6 5 9 5 2 4 7 10 8 2 6 4 4 4 5
632 2 9 1 4 6 8 7 2 3 2 9 10 8 7 5 9 3 3 8 7 1 6 10 6 1
731 7 9 8 10 4 3 8 2 8 2 4 8 10 6 4 7 7 4 3 9 6 6 6 4 10
15
741 10 8 10 1 3 9 9 5 9 8 2 8 3 8 6 10 6 4 3 7 3 9 9 8 1
582 4 3 8 3 3 6 2 4 2 2 3 7 3 10 6 4 10 3 5 5 3 1 5 10 7
832 9 1 9 8 7 3 6 7 10 10 7 10 4 6 10 10 4 4 9 7 3 6 4 6 1
686 4 4 9 3 3 3 7 9 6 10 1 6 3 8 8 7 7 5 2 8 9 7 7 7 8
679 6 4 4 5 9 10 4 9 2 5 5 5 10 3 6 6 2 3 10 10 7 5 9 2 4
638 2 5 3 4 5 5 7 7 10 4 2 5 4 10 4 2 5 9 1 1 3 6 5 10 8
593 9 2 8 8 9 2 1 4 5 8 8 1 9 6 9 3 8 2 3 4 3 4 1 1 4
514 1 3 6 6 3 8 1 5 3 7 5 10 4 9 2 4 3 6 4 3 2 5 5 8 5
809 6 6 6 9 4 6 7 6 7 3 6 4 9 9 4 10 4 8 8 3 6 9 10 8 6
619 8 9 7 10 8 8 1 10 2 8 3 4 7 6 2 2 6 2 2 6 2 10 8 5 3
606 2 4 3 8 3 9 7 1 9 9 2 4 8 10 2 6 5 9 4 8 5 4 1 4 10
635 3 10 5 3 7 7 7 4 3 3 2 7 9 9 6 7 9 6 5 4 9 4 4 6 9
668 7 9 5 9 3 8 8 5 2 10 1 3 8 9 8 2 7 8 1 5 1 6 3 7 6
746 1 7 9 10 5 7 9 5 5 8 10 9 6 7 8 1 2 4 4 10 6 4 2 6 10
696 5 1 9 7 1 9 2 2 7 2 7 6 2 4 3 4 3 7 10 8 7 6 7 8 9
15
584 5 8 10 2 7 9 8 2 2 8 8 4 1 9 9 10 6 2 3 9 3 6 6 6 3
585 3 2 1 8 7 7 2 10 4 3 8 9 5 1 3 5 5 4 10 6 4 1 7 3 3
597 3 10 6 1 1 6 5 4 7 4 7 5 9 7 3 1 4 10 1 2 10 4 5 3 6
852 3 5 9 5 8 4 7 9 9 9 3 8 3 3 10 9 10 6 10 4 4 3 10 10 8
583 7 7 3 1 8 5 4 5 6 10 1 9 1 2 1 7 2 7 4 1 3 6 10 9 7
739 6 6 5 1 1 6 8 10 4 7 10 3 5 8 8 5 10 7 10 6 10 10 8 5 4
752 9 10 8 7 7 9 2 6 5 10 5 10 6 9 8 1 1 3 6 2 2 2 10 7 6
756 2 10 10 8 5 3 3 9 9 6 4 4 10 4 5 9 1 5 10 8 7 9 9 1 1
608 3 9 10 1 8 8 3 7 6 3 8 1 1 1 4 10 7 4 2 5 9 3 9 9 4
626 5 4 4 4 5 5 2 1 3 4 2 10 7 7 7 8 8 1 4 5 10 7 6 10 4
632 6 7 9 3 10 2 6 4 6 10 3 6 8 5 2 5 3 8 7 6 4 3 6 4 7
727 6 9 1 8 4 10 8 10 2 7 3 9 6 9 8 10 9 6 7 10 2 2 10 6 3
639 2 3 4 7 6 1 7 8 10 3 3 6 3 3 3 7 1 4 4 7 9 6 8 5 4
647 8 9 4 8 7 6 4 10 4 9 1 2 7 2 1 10 9 1 6 3 10 6 8 2 2
615 1 5 1 9 8 6 10 5 5 5 2 9 5 5 8 4 9 5 4 7 10 3 3 6 3
15
626 4 10 4 4 9 6 8 1 2 2 2 8 9 3 10 9 9 2 5 5 6 7 2 4 9
625 2 1 8 7 6 1 1 2 8 6 3 8 9 5 9 10 8 2 5 2 4 8 5 9 5
639 5 3 3 8 1 3 8 6 4 8 1 3 5 6 5 8 7 3 1 8 10 8 5 9 4
737 2 9 8 7 8 3 5 4 8 5 1 1 9 5 4 7 5 7 8 10 10 2 1 6 7
825 10 7 6 8 1 9 4 6 10 4 3 1 8 9 3 3 6 10 9 7 10 10 3 6 3
678 10 1 4 5 3 5 2 6 1 1 1 5 9 5 9 9 7 10 3 5 9 5 6 9 10
637 4 3 8 9 1 1 1 4 5 5 3 4 7 1 9 10 2 3 7 7 1 5 4 10 1
617 4 6 5 5 3 3 1 5 2 1 6 5 5 9 2 3 9 4 10 4 2 5 10 3 9
769 7 1 4 3 9 5 8 10 2 10 8 6 10 9 5 4 9 3 10 8 9 8 8 7 10
648 4 9 3 2 6 8 9 9 6 4 10 6 6 4 1 8 4 9 3 5 7 4 10 6 8
674 6 5 9 6 9 4 1 9 2 4 3 10 10 9 3 7 9 7 4 7 1 1 3 8 9
490 8 5 1 1 3 4 2 8 3 8 2 1 4 3 2 10 3 3 4 6 1 7 10 2 2
530 5 1 6 8 10 4 10 1 7 3 2 1 1 3 6 9 6 5 1 8 6 2 2 4 7
603 2 8 6 5 7 8 3 2 5 2 3 1 8 7 8 8 4 10 5 4 9 1 5 3 4
920 8 9 5 10 10 8 8 7 4 4 10 7 8 10 10 2 2 7 7 7 8 7 10 9 7
15
788 5 3 3 10 7 5 3 8 7 10 9 3 10 4 2 1 1 8 10 4 5 9 7 9 3
594 2 9 7 6 6 2 10 2 7 1 5 3 8 6 10 5 6 6 1 3 6 3 4 3 1
577 6 5 8 1 7 4 1 2 2 1 1 8 7 4 9 9 3 9 1 4 10 7 9 2 4
698 9 7 2 2 9 9 1 9 2 5 1 7 4 10 3 5 9 8 10 10 3 10 3 2 2
671 7 3 1 6 8 2 3 1 5 2 8 5 2 6 8 2 10 8 2 5 8 5 10 7 10
707 2 2 8 6 3 6 7 4 8 3 10 9 10 5 6 5 4 1 9 8 10 4 4 7 6
702 9 8 10 8 1 6 6 8 5 5 10 7 6 2 5 5 5 2 10 3 1 1 2 10 1
630 10 8 9 1 4 5 6 6 6 9 4 1 4 6 2 7 9 4 5 8 8 5 9 5 5
752 8 4 7 1 9 4 9 9 7 5 9 7 1 10 9 2 3 5 8 10 4 2 9 6 9
649 4 6 8 6 4 7 9 7 1 9 3 4 10 7 4 5 8 4 7 2 10 3 5 5 7
609 3 2 8 4 7 9 2 8 7 1 9 7 8 3 6 5 6 9 8 3 3 5 3 1 5
687 1 2 10 10 4 7 7 6 5 5 1 4 3 7 9 5 4 8 2 9 6 4 6 8 4
664 3 3 2 1 5 4 7 9 3 4 4 10 6 3 9 2 9 9 8 9 10 3 8 3 3
653 4 8 9 5 2 10 8 8 7 3 6 2 9 5 6 2 2 6 9 1 5 1 1 4 5
699 9 8 10 2 7 9 2 7 1 9 4 3 4 2 6 10 3 9 9 8 10 7 8 2 4
15
717 8 4 1 8 3 9 10 10 1 8 10 5 6 4 8 8 9 8 3 6 10 5 10 9 1
569 2 1 9 9 6 3 5 3 10 7 6 10 1 4 3 5 1 1 5 5 7 7 7 6 4
706 2 7 7 6 5 8 9 6 8 3 7 6 9 3 9 6 8 10 3 8 9 1 4 4 9
686 6 10 7 3 9 7 8 8 7 4 8 6 1 4 10 3 1 1 10 1 2 10 4 7 1
669 6 3 8 8 9 5 6 3 8 1 8 1 1 2 10 6 9 9 4 1 9 4 7 4 6
837 10 8 3 10 9 4 3 4 8 8 8 1 10 7 7 10 8 6 7 6 3 10 1 7 4
525 5 3 5 6 4 10 10 6 2 8 9 1 4 8 10 2 5 2 3 2 6 1 3 2 1
692 5 7 10 9 8 2 6 2 1 4 7 4 3 7 4 5 7 10 5 3 2 5 10 10 10
482 2 4 10 10 8 8 9 4 1 9 4 5 1 7 5 1 1 5 1 2 4 10 4 1 3
618 10 9 5 4 10 9 2 1 2 10 6 9 3 1 8 5 5 3 5 8 5 8 5 7 2
572 7 1 2 8 2 9 6 2 8 2 6 3 6 3 1 3 4 5 1 7 2 5 6 5 10
672 5 4 9 5 8 9 4 2 6 4 6 9 4 9 8 4 8 10 2 5 1 6 2 6 9
676 7 6 8 10 5 9 5 3 2 10 6 7 4 2 8 6 3 3 6 8 7 7 5 7 8
710 2 10 10 7 1 7 3 4 7 8 3 7 4 2 7 5 5 3 8 7 10 1 7 9 10
552 1 1 10 3 7 3 3 3 7 3 3 1 2 4 3 10 10 6 10 9 2 3 8 8 2
15
607 7 1 1 7 5 10 6 8 9 10 2 5 5 6 3 5 1 3 7 1 6 7 1 4 2
607 7 10 5 9 5 10 2 8 3 4 3 3 10 1 1 10 5 4 3 3 10 1 2 6 3
617 7 9 5 5 4 4 4 5 5 3 3 9 8 3 10 2 6 5 2 8 1 4 1 6 5
556 1 7 4 2 9 10 7 3 8 5 8 8 4 4 3 9 10 5 2 4 2 9 2 1 9
703 8 8 3 7 4 7 7 7 10 9 4 1 5 3 10 8 4 3 1 6 6 6 7 2 2
662 8 9 6 1 2 1 1 5 4 4 7 1 9 2 7 10 10 4 10 3 3 1 9 7 2
661 4 3 4 5 8 5 3 10 3 9 7 5 9 1 3 4 8 6 8 4 10 7 5 9 5
700 2 4 6 9 1 3 10 2 9 2 9 3 9 7 7 5 5 10 6 10 8 4 5 2 5
692 8 1 7 5 10 7 5 7 8 10 5 6 8 2 4 7 5 9 6 4 8 10 6 1 2
642 6 3 1 3 7 1 7 7 9 7 8 2 2 7 9 1 6 1 5 10 3 4 8 6 4
667 5 10 9 2 10 8 1 2 10 2 3 7 8 8 7 7 6 1 2 10 4 3 1 3 9
526 2 2 2 4 4 1 2 7 2 6 5 7 2 5 7 6 4 6 1 5 4 4 2 8 4
729 3 10 10 9 10 4 6 10 2 4 6 1 4 6 7 2 7 5 6 10 4 9 6 5 10
609 6 8 1 4 7 4 6 10 1 1 1 3 10 9 4 8 10 4 6 2 5 1 10 5 9
532 2 4 4 1 10 3 8 3 8 5 6 1 5 3 4 9 2 3 5 6 2 4 5 6 8
15
750 4 3 4 6 2 8 1 2 6 9 8 10 6 10 9 8 1 9 10 8 5 10 8 6 3
788 10 5 6 8 10 5 7 1 9 4 1 8 2 10 5 6 7 9 5 8 8 5 9 4 6
650 1 5 8 1 7 6 9 4 9 10 1 3 4 6 10 9 10 4 8 5 3 1 4 10 9
497 8 9 3 2 1 8 1 1 2 10 5 4 3 1 2 5 10 2 3 4 4 1 9 3 8
680 6 10 5 6 4 8 5 6 5 9 1 5 2 10 1 8 10 4 8 3 9 10 9 2 1
687 1 2 5 4 7 7 4 5 10 3 7 10 10 10 9 9 5 4 4 10 2 10 4 6 4
679 3 10 7 4 6 1 9 4 5 3 7 8 7 6 3 9 9 7 9 9 2 5 3 1 6
666 4 4 3 9 10 9 10 3 7 9 10 6 7 2 8 8 7 4 3 5 4 3 9 6 7
740 9 7 6 2 10 3 8 3 10 3 7 7 4 7 3 3 4 7 7 4 2 6 8 10 9
702 8 1 1 7 4 6 1 9 4 10 4 7 8 5 4 6 9 10 10 5 3 4 2 4 8
767 3 4 5 8 6 5 6 3 8 6 6 5 3 1 10 5 1 7 10 10 4 10 1 9 7
673 5 8 4 8 5 5 5 9 8 9 10 8 7 5 6 7 2 1 1 4 1 2 10 3 7
580 9 3 10 1 5 2 2 7 1 6 5 9 1 2 3 9 4 7 1 8 3 7 10 6 4
587 2 2 7 5 3 1 4 3 10 6 6 9 10 10 1 2 6 8 2 2 9 1 3 2 7
752 4 10 10 3 1 6 2 4 10 5 7 7 6 4 3 7 5 6 8 9 5 7 4 4 9
15
681 7 3 5 7 4 5 6 10 4 10 5 7 6 9 3 1 10 2 8 10 3 3 8 2 10
686 6 10 2 2 9 2 3 5 5 6 2 2 6 6 2 7 1 3 8 9 7 5 7 9 5
618 6 6 9 8 10 7 2 1 5 2 9 1 5 5 4 4 4 3 4 1 8 5 3 5 7
488 5 2 5 3 6 5 6 6 2 4 4 7 9 10 1 2 5 8 3 4 6 3 1 5 5
513 6 9 7 2 5 2 6 1 7 3 6 6 6 9 4 1 5 1 6 7 3 2 10 2 1
591 5 5 7 6 10 1 1 2 7 9 5 2 4 6 5 7 3 6 2 3 8 3 7 7 7
602 5 2 2 1 6 3 3 6 10 2 8 9 1 7 5 3 4 1 6 10 3 4 7 1 5
692 4 4 3 9 9 2 2 8 9 2 8 7 5 1 5 4 6 4 6 6 9 1 5 9 4
592 1 10 2 7 7 5 4 2 2 6 6 4 3 10 2 10 1 6 5 8 6 2 1 3 10
615 1 7 4 3 10 6 10 2 5 1 3 8 8 7 6 8 3 3 5 5 5 5 2 10 5
502 2 5 8 4 7 6 7 6 2 8 8 8 3 6 2 5 6 6 3 4 4 6 6 4 2
471 1 8 4 4 5 9 8 2 3 6 3 8 7 9 2 5 2 6 2 3 1 8 1 8 1
581 2 8 10 3 9 7 2 2 5 1 1 2 1 7 5 10 9 8 5 9 1 7 5 3 4
720 4 2 9 9 3 10 4 5 8 7 3 7 1 9 3 6 9 8 9 7 4 6 3 7 5
678 9 7 10 2 6 8 1 9 6 4 9 8 4 5 3 5 8 5 1 6 9 2 4 5 8
15
600 1 5 8 9 10 3 6 2 6 5 10 10 4 2 3 2 5 4 8 4 9 1 5 9 2
714 4 10 1 5 6 3 7 5 6 3 6 10 5 9 6 1 8 5 8 9 5 4 6 10 3
617 2 6 7 2 6 10 10 4 7 1 7 6 9 7 8 8 6 1 7 6 10 1 10 7 3
743 2 2 8 10 6 2 5 10 10 7 1 4 10 7 8 1 7 9 9 2 3 1 2 4 7
746 6 4 9 8 8 10 10 8 9 2 8 7 4 6 1 3 1 8 10 1 5 1 8 7 10
689 4 3 1 10 3 3 2 2 8 8 3 4 5 8 7 3 4 10 6 5 1 5 8 6 5
563 8 9 2 5 6 10 5 1 2 5 4 1 8 8 8 5 8 4 9 2 6 4 6 1 1
581 3 2 3 8 3 2 5 7 7 7 3 2 5 2 6 4 10 7 1 6 9 3 5 3 10
690 8 2 4 1 7 3 8 4 8 2 2 10 4 1 6 5 4 10 6 2 5 6 3 4 9
668 10 2 5 2 5 1 8 2 8 9 6 7 4 5 8 6 5 7 6 7 5 9 5 6 4
781 2 9 8 10 3 8 9 4 9 9 4 10 6 6 6 1 3 9 6 2 3 7 6 7 10
846 7 6 8 6 8 9 9 10 5 4 1 6 6 4 10 7 6 9 9 10 6 7 7 5 7
626 6 3 3 5 1 2 8 9 6 1 1 3 7 4 8 2 7 6 10 6 3 7 1 3 2
680 6 7 4 8 2 1 8 10 1 6 4 7 3 5 7 8 6 2 4 9 2 2 8 9 9
598 1 3 3 9 1 8 8 3 7 10 7 9 4 2 2 10 3 3 7 7 4 1 5 2 8
15
593 3 6 10 10 6 8 6 1 9 2 3 7 7 4 3 8 4 1 3 2 8 7 6 4 2
658 3 2 7 7 1 8 4 3 10 9 10 8 2 8 9 3 8 1 5 7 3 3 7 10 5
615 9 10 2 8 1 2 1 9 2 10 2 1 2 4 6 9 7 6 2 6 2 7 3 1 2
776 5 8 2 7 8 2 10 3 10 1 10 8 7 10 3 10 3 3 5 5 9 6 10 10 9
617 9 2 8 10 9 10 3 5 4 4 4 4 6 9 3 3 1 4 4 5 1 8 5 2 8
554 5 1 5 5 3 1 5 6 9 9 3 4 9 8 1 6 4 1 8 10 5 1 1 8 1
639 6 2 7 10 8 9 7 4 5 2 8 1 5 8 2 10 10 2 4 8 10 3 2 2 10
663 8 6 1 5 10 1 2 6 8 5 8 1 7 10 3 4 2 1 1 4 6 9 4 7 7
548 5 9 5 1 1 7 8 2 8 3 5 2 6 6 8 1 10 1 3 8 3 2 10 1 2
725 6 3 7 9 4 3 9 4 9 6 8 1 1 10 7 5 8 7 7 4 3 9 1 4 1
654 1 7 5 9 10 3 2 1 9 5 8 1 9 7 5 8 4 4 4 4 8 4 10 8 1
769 5 1 8 10 10 7 8 7 3 9 7 4 5 4 9 2 8 10 6 5 7 6 9 5 9
607 7 1 7 9 8 2 5 2 5 8 5 5 4 2 8 2 1 8 1 1 4 9 6 5 4
652 4 8 2 6 4 8 5 2 1 10 3 9 10 2 7 7 10 7 10 9 9 6 4 5 3
646 4 6 4 5 4 4 10 5 1 10 8 4 6 4 9 10 7 2 9 9 5 6 5 9 5
15
682 10 2 10 8 4 8 3 7 1 5 4 10 9 8 4 6 7 4 6 1 2 7 5 10 4
758 9 6 3 9 1 6 2 10 10 8 2 9 6 9 3 6 9 4 8 4 6 1 5 5 2
636 1 2 5 9 6 6 7 4 5 4 10 10 6 8 3 3 2 7 9 5 8 5 9 6 5
547 8 1 5 6 5 4 6 6 6 2 8 2 8 1 1 3 5 1 6 1 5 6 10 4 10
766 7 8 1 5 3 2 2 3 10 4 4 1 4 6 8 9 9 4 9 9 8 10 2 4 6
855 9 2 10 9 3 7 5 5 9 1 4 5 4 4 7 7 9 10 10 3 6 10 4 10 7
679 4 2 3 5 8 1 3 10 7 4 1 8 6 3 5 8 8 5 7 7 3 9 2 2 6
721 8 8 10 10 9 5 1 4 3 6 8 8 8 8 8 8 6 3 10 2 5 5 8 3 4
753 10 3 3 8 5 3 10 9 1 7 9 9 2 10 1 8 10 7 8 6 4 7 10 2 9
520 3 4 8 1 2 2 6 4 6 9 9 3 7 3 7 5 2 2 3 3 3 1 2 10 6
692 4 5 9 7 2 3 6 5 6 8 3 4 1 9 3 10 1 2 6 2 7 8 9 10 10
531 1 8 8 7 8 4 3 10 3 4 4 2 3 4 1 3 5 1 4 7 2 3 6 2 5
641 1 4 1 6 5 3 4 2 3 7 7 2 6 7 9 7 8 4 10 9 9 6 5 4 7
622 10 5 2 2 1 1 2 7 2 6 9 7 7 3 6 10 4 6 5 8 7 3 6 4 3
635 5 8 3 10 8 2 8 4 5 1 6 7 9 3 1 2 1 5 2 3 10 4 2 10 3
15
534 8 4 9 3 2 9 5 1 6 3 9 9 5 2 1 5 2 7 2 3 10 4 3 5 4
611 3 8 8 7 1 3 7 9 9 7 1 6 3 3 7 4 5 1 1 8 5 4 4 1 7
655 8 10 1 2 4 5 6 10 1 8 9 3 7 3 6 1 4 6 4 9 10 7 4 10 2
632 1 4 7 9 10 3 1 2 9 8 2 4 4 3 4 10 6 5 2 6 2 10 9 4 5
614 9 2 9 1 3 7 1 2 3 2 2 10 5 7 10 4 7 6 1 10 7 5 5 5 10
700 10 8 9 3 5 9 7 2 2 4 7 6 10 5 6 2 10 8 9 3 9 4 6 9 3
758 5 8 3 7 10 10 2 6 8 9 5 10 4 9 7 10 2 7 9 1 6 3 6 7 3
699 2 8 1 5 5 1 1 4 9 8 4 5 6 8 7 9 6 2 8 9 4 9 6 7 6
454 1 6 10 6 9 2 3 4 9 3 7 1 4 1 2 4 2 2 1 6 5 1 10 3 1
629 3 4 1 3 4 3 1 5 3 9 3 4 7 5 6 10 5 9 5 6 2 7 10 10 9
689 3 10 7 1 9 5 2 4 8 2 6 10 7 2 3 10 8 3 8 7 5 9 10 1 5
705 10 5 2 9 2 7 3 10 7 2 3 10 9 6 7 1 8 4 1 5 8 6 5 2 3
654 9 2 1 9 6 6 5 6 8 8 1 1 1 7 3 1 3 3 2 10 4 3 4 6 9
588 1 3 7 1 3 7 2 9 1 10 1 8 4 6 7 4 4 10 6 7 3 10 5 7 1
607 3 5 1 5 5 1 8 3 5 1 4 4 7 1 5 8 9 5 7 3 8 8 7 3 4
15
661 6 3 2 3 5 5 9 9 3 9 3 8 8 4 7 10 3 9 4 2 2 6 8 8 1
600 6 1 6 1 6 7 1 7 4 3 2 10 4 7 9 3 10 2 10 2 1 6 5 4 5
643 9 3 2 9 5 5 6 7 10 2 7 4 3 2 4 5 2 4 1 4 1 3 1 8 3
683 7 4 10 2 8 4 3 7 10 9 8 4 8 5 4 2 2 5 7 10 3 2 2 7 10
724 1 5 6 8 2 3 9 8 10 6 5 5 10 10 8 7 2 1 9 5 4 4 9 9 6
700 10 4 6 6 10 9 10 5 6 6 6 2 7 9 7 9 9 10 4 4 1 2 5 3 8
702 7 7 9 4 5 9 7 8 9 2 7 6 9 4 5 4 4 3 5 9 7 2 3 8 4
677 4 4 6 3 6 3 7 8 5 1 8 10 4 7 9 4 7 9 2 1 7 4 7 7 10
458 4 4 4 2 10 10 9 5 1 7 4 3 1 8 8 5 4 1 3 3 1 2 5 1 1
593 2 8 9 2 2 7 9 2 5 4 5 9 9 10 5 7 3 9 1 5 3 3 1 9 8
800 8 9 7 8 5 3 5 5 8 10 3 2 8 8 7 4 1 7 7 3 5 3 4 9 10
671 1 4 6 7 10 7 2 10 3 6 7 4 7 10 10 1 10 10 1 5 8 2 10 5 9
754 2 1 6 8 6 7 9 7 10 9 9 8 9 5 4 2 5 9 9 2 2 8 3 4 10
509 6 3 2 5 9 2 7 8 2 1 10 4 2 4 3 2 10 6 1 2 3 1 3 5 1
604 10 10 2 6 6 9 3 6 2 1 5 10 4 5 2 9 6 1 2 1 9 5 6 3 4
15
671 4 3 5 8 5 9 8 7 3 5 10 4 9 9 7 9 5 2 2 3 8 6 9 7 8
650 1 2 4 5 1 4 2 7 1 2 3 9 6 3 7 8 4 6 9 8 3 9 6 6 7
721 7 1 10 5 8 6 7 1 8 10 3 4 4 6 2 4 1 7 10 7 3 10 9 8 3
713 10 8 1 5 5 10 9 10 4 6 7 10 5 4 9 7 5 7 4 6 2 4 3 4 6
684 8 3 6 5 1 7 2 3 8 4 2 2 5 3 3 9 10 10 8 2 4 6 4 8 6
530 4 2 6 2 2 8 5 1 7 10 6 6 4 7 5 6 8 9 1 4 10 5 2 2 5
784 9 10 7 7 10 7 7 3 1 8 2 9 10 10 9 3 10 10 8 3 5 9 2 3 9
600 10 5 6 1 5 5 9 5 7 5 1 1 5 6 9 6 8 6 1 8 2 5 2 3 1
683 4 3 9 5 3 10 4 6 6 10 9 8 7 6 7 3 1 10 2 4 7 1 7 9 10
657 3 2 3 5 1 1 5 10 4 9 7 10 10 2 3 7 5 8 3 1 6 10 8 9 9
602 2 7 9 3 3 3 6 3 1 8 3 5 1 4 8 6 2 4 3 3 4 10 5 10 9
598 7 9 2 4 4 9 4 3 2 8 9 10 5 7 1 8 7 2 7 6 6 2 3 5 7
644 8 3 3 2 10 4 10 1 7 4 8 6 6 4 4 6 4 4 5 6 10 6 6 1 9
682 6 2 6 3 10 2 8 8 3 5 1 6 6 10 7 10 3 9 9 5 3 6 7 10 1
681 7 10 9 6 7 8 10 1 6 4 10 5 8 6 5 5 7 9 5 1 7 4 8 4 1
15
764 1 8 2 5 10 10 9 8 9 2 8 9 7 9 6 6 7 9 6 6 1 5 4 2 8
668 5 6 8 8 1 6 7 9 9 8 2 9 6 1 5 2 8 5 4 8 9 2 1 3 4
621 10 8 9 4 9 4 4 3 6 8 7 5 6 5 3 4 2 3 6 3 7 3 6 1 4
633 2 9 4 10 2 9 1 7 6 10 9 9 10 2 2 7 9 1 1 2 6 7 8 1 9
648 1 5 2 8 1 1 10 5 6 4 7 3 7 1 8 7 6 5 7 1 1 9 2 10 6
627 4 7 1 1 5 3 1 4 3 1 9 8 7 2 7 5 8 8 1 5 5 10 6 9 10
655 8 5 1 2 2 8 8 8 3 8 3 1 1 3 1 9 5 4 9 7 7 10 5 4 10
702 7 10 3 8 10 1 2 7 4 9 9 8 9 7 1 3 6 7 1 4 3 4 9 9 4
614 10 5 1 8 9 10 8 3 4 7 5 7 5 9 2 1 5 3 3 9 4 4 5 3 2
544 3 3 2 4 4 4 10 7 2 7 2 7 9 7 3 4 9 7 5 9 6 2 1 5 8
648 6 6 7 7 2 6 8 2 3 2 3 8 1 6 4 1 5 9 4 7 8 7 8 8 3
644 8 1 4 4 7 1 6 4 10 10 10 9 2 4 8 5 9 7 7 9 3 3 6 1 2
551 8 5 7 5 5 8 2 2 1 10 7 4 5 8 4 9 1 6 3 4 7 1 10 1 2
477 6 1 7 2 3 2 7 1 7 9 1 7 9 5 5 3 5 2 2 2 2 7 5 2 5
640 5 6 5 6 1 1 6 4 9 7 7 10 5 2 5 7 1 3 4 6 8 7 9 4 2
15
669 5 6 7 5 4 3 9 1 4 10 5 3 3 9 8 4 4 9 5 8 8 2 10 6 7
563 4 10 9 4 3 2 4 8 2 3 5 2 2 9 6 10 4 1 8 6 1 2 1 3 4
610 9 1 4 9 2 9 9 7 7 8 4 7 4 7 6 3 8 2 1 2 8 5 6 1 8
629 1 7 5 2 7 8 7 1 9 9 2 5 2 5 8 7 5 10 3 3 7 3 7 1 5
621 3 2 2 5 6 6 6 3 9 3 4 1 1 1 3 8 9 6 8 3 7 6 5 5 5
700 6 7 1 2 6 6 9 6 10 9 9 9 7 6 3 10 2 6 2 6 9 3 5 2 8
667 3 9 1 1 7 6 8 2 10 3 10 10 1 4 7 9 5 8 2 9 6 10 6 3 5
674 1 3 8 2 5 10 2 8 6 10 8 5 9 5 9 10 1 3 9 7 3 9 7 2 3
677 2 8 4 7 1 8 3 8 6 10 2 3 3 4 8 3 9 3 7 8 3 9 10 4 8
643 4 4 10 7 2 7 9 7 1 1 7 5 3 4 4 2 8 1 10 9 10 1 5 7 10
705 2 5 2 10 9 9 6 9 6 8 7 4 9 1 1 4 7 4 8 6 4 10 10 7 4
605 5 6 2 2 5 6 7 1 5 8 6 3 4 5 7 10 5 9 8 8 3 1 2 4 3
571 8 3 4 1 9 9 3 5 4 2 2 4 10 2 8 3 5 2 2 2 7 4 3 4 8
657 4 6 8 6 7 1 8 9 7 3 7 5 1 8 4 1 6 4 9 2 4 7 3 2 2
727 10 1 5 9 5 10 9 7 1 7 7 2 1 9 7 8 4 6 7 3 2 9 2 7 10
15
664 2 5 3 8 9 9 5 6 10 6 8 10 2 10 5 2 1 4 3 4 1 7 9 2 4
704 9 9 8 2 10 7 2 10 5 4 6 6 4 8 7 9 7 7 9 1 4 5 2 1 3
511 5 10 5 2 4 4 3 2 2 10 9 4 8 6 1 1 2 7 2 4 3 5 3 1 5
808 6 9 4 7 1 6 6 6 5 5 7 2 9 10 5 8 10 9 10 6 5 8 8 9 7
641 10 6 4 8 7 10 4 5 1 8 3 3 3 1 6 1 5 4 7 6 5 2 4 4 5
641 8 9 2 1 1 7 7 9 4 9 2 8 6 1 10 4 5 5 6 2 10 3 6 2 7
727 4 10 3 8 6 4 9 1 5 2 1 10 10 3 8 7 10 1 9 6 5 4 9 6 7
703 3 6 3 3 8 8 7 7 3 3 3 9 3 9 10 4 1 5 7 4 4 6 10 8 10
612 4 3 2 3 6 1 6 10 5 10 6 10 6 7 5 5 6 10 1 8 2 4 9 10 1
632 9 8 7 8 5 4 2 4 3 3 1 3 5 8 5 8 9 10 1 6 8 6 1 1 2
664 10 5 10 9 10 9 4 1 5 3 3 6 8 7 4 7 9 3 8 1 3 3 3 1 4
602 10 2 8 3 1 7 7 4 6 4 3 6 2 10 6 3 8 3 2 1 5 9 4 5 4
578 3 1 10 7 9 9 10 1 1 3 4 3 1 4 5 10 3 8 10 4 4 6 7 4 5
591 2 5 7 1 10 2 2 9 1 5 1 1 6 6 5 2 7 7 8 9 10 8 9 2 4
808 10 3 2 10 7 1 10 9 6 7 8 8 10 1 6 6 8 7 9 6 8 10 3 8 6
15
732 10 6 7 4 3 2 9 8 5 1 10 1 5 1 6 10 3 10 3 6 8 9 3 5 4
700 2 6 2 8 2 10 7 2 10 7 5 7 10 3 3 6 10 10 3 4 1 5 3 8 9
780 5 10 9 10 9 3 10 6 10 10 8 4 8 7 4 1 9 2 7 5 4 8 1 4 4
745 3 10 9 2 8 6 6 10 10 2 1 2 10 5 7 8 2 6 5 9 9 4 2 9 1
709 1 9 8 7 3 8 7 10 10 4 6 1 7 1 5 9 4 4 5 8 3 2 10 4 6
520 6 2 5 1 6 3 6 8 3 4 7 6 8 1 4 3 5 2 7 8 9 3 6 3 5
574 7 6 7 5 3 7 4 4 1 6 1 3 1 5 1 3 1 4 10 1 8 8 1 9 8
700 1 6 4 9 2 5 5 10 8 6 6 1 9 9 8 3 6 7 3 8 8 4 1 2 8
698 1 5 9 9 6 6 9 5 9 10 8 6 1 9 7 10 4 3 6 6 6 1 5 5 9
755 7 6 3 3 2 1 7 2 9 5 9 9 9 8 9 1 2 8 6 9 10 6 4 9 7
741 9 8 5 5 1 7 1 9 8 5 6 3 8 5 6 5 6 10 6 3 5 1 6 5 3
703 2 4 8 8 4 7 2 7 7 10 5 1 2 8 10 3 6 1 10 4 6 8 10 9 6
542 7 3 9 1 3 7 8 9 2 10 3 4 3 5 8 5 3 3 8 2 2 3 4 1 1
737 5 6 2 5 5 7 3 3 10 3 10 6 6 4 5 7 9 10 6 1 4 5 4 9 4
593 7 2 7 5 7 9 1 5 5 5 8 4 6 8 4 7 5 3 3 7 5 2 2 10 4
15
690 5 9 10 6 3 10 8 2 2 3 1 6 6 5 10 7 8 6 6 3 10 8 7 4 4
592 3 10 2 10 5 4 9 3 2 8 6 3 2 8 10 7 5 2 1 2 3 1 8 3 10
761 5 9 9 2 8 1 8 10 8 6 1 8 3 6 6 5 3 10 10 4 9 10 10 4 1
758 6 2 2 3 10 2 1 8 8 4 8 9 10 5 9 8 9 3 10 6 8 2 10 2 10
612 7 7 5 10 3 6 3 3 3 6 1 5 7 3 7 4 5 3 1 3 3 10 9 4 10
505 3 3 4 7 3 10 3 2 3 9 7 2 5 2 9 5 5 8 1 4 4 5 10 2 3
607 7 7 4 7 8 1 1 9 1 8 3 3 2 8 3 8 1 8 3 3 3 1 9 2 7
559 6 5 7 5 5 1 10 6 5 2 5 2 3 6 9 8 4 2 2 4 2 10 5 6 1
552 6 7 2 2 9 9 9 10 2 4 6 4 4 1 3 4 10 6 6 9 3 4 3 1 6
667 8 7 3 4 6 10 9 2 2 9 4 9 6 10 9 2 9 7 7 7 4 5 2 2 5
667 8 1 8 10 9 2 4 1 4 5 7 9 6 7 9 10 8 9 3 6 1 10 5 3 2
530 2 5 3 2 3 7 10 9 6 3 5 1 3 8 4 4 9 6 6 7 3 3 1 7 2
542 9 2 10 2 7 10 4 5 6 5 9 1 6 9 2 3 4 4 2 1 7 2 8 4 6
630 2 4 10 5 7 9 8 7 8 1 10 6 1 3 7 7 7 4 2 5 1 8 4 9 3
626 6 7 2 4 7 8 3 4 2 8 7 7 10 4 9 6 1 8 4 6 3 2 7 5 2
15
796 6 10 6 10 2 6 10 6 9 3 5 8 8 8 10 8 7 3 7 10 7 3 2 7 5
669 3 1 3 8 6 1 3 7 3 2 5 8 7 3 9 6 4 10 9 5 2 8 3 7 3
760 3 5 7 8 8 7 1 3 7 2 4 10 9 2 9 8 6 8 6 1 5 8 1 10 9
532 3 1 6 4 3 5 8 2 2 2 2 9 9 2 4 6 9 10 6 7 10 4 6 4 1
611 7 4 2 1 10 2 8 10 5 3 9 1 1 2 1 4 5 10 10 4 6 8 4 1 5
778 9 6 5 9 8 8 5 9 10 4 8 2 4 5 2 2 1 10 8 1 5 10 10 7 3
681 5 10 2 10 4 6 4 9 3 10 3 2 5 4 5 7 2 3 6 9 7 4 6 7 7
659 1 6 10 5 9 10 6 10 10 10 2 4 6 9 3 6 1 9 3 3 5 6 1 7 2
753 8 3 4 7 1 7 6 5 9 5 6 5 1 8 8 2 6 1 8 10 5 9 7 3 9
547 9 3 10 6 3 7 4 4 4 1 3 6 5 3 5 6 6 1 8 7 3 1 2 1 4
708 5 10 5 5 6 8 6 10 9 6 2 4 8 1 5 8 1 4 8 7 2 2 6 9 6
761 1 8 6 9 4 4 4 8 7 10 9 10 1 2 6 9 2 4 8 7 4 10 1 3 9
678 6 3 6 2 2 10 5 2 10 10 3 6 9 8 7 6 10 5 10 3 9 1 4 4 3
638 6 8 9 8 5 5 6 1 1 4 8 8 10 4 10 8 7 7 7 2 2 8 4 3 3
571 10 1 7 8 2 9 8 10 1 8 6 5 5 4 1 3 10 9 1 2 7 2 3 4 1
15
799 3 4 9 9 6 6 1 8 8 1 5 10 7 3 10 1 8 2 7 7 9 10 3 10 6
610 2 6 10 5 6 1 8 5 7 2 6 8 8 4 6 10 5 5 6 7 3 2 8 2 2
659 2 9 9 3 6 9 3 3 9 6 6 10 4 9 1 3 1 9 7 2 2 5 8 1 5
564 6 9 1 2 8 6 5 5 3 7 5 6 7 4 2 1 4 1 7 4 2 4 6 5 6
739 1 6 8 7 4 10 5 1 6 1 6 10 8 6 8 9 10 8 10 10 7 6 2 8 9
619 5 7 3 6 1 4 7 8 8 1 6 10 7 5 1 9 7 4 4 7 7 3 9 6 3
689 1 5 4 8 6 6 8 9 8 6 7 5 10 8 1 10 5 3 5 10 5 2 9 9 5
697 5 9 7 10 7 3 5 5 10 6 1 7 3 5 4 1 5 2 10 6 3 7 2 4 1
563 8 2 3 5 1 10 3 5 5 1 5 2 10 4 10 2 1 4 1 9 8 10 1 1 1
722 10 8 5 6 10 5 4 6 4 10 10 9 2 9 4 2 1 5 5 7 3 5 9 4 3
648 7 10 2 6 4 3 3 7 1 1 4 5 9 4 6 2 1 7 6 3 10 9 3 7 4
633 3 3 1 7 3 2 4 9 3 8 3 10 1 8 2 5 5 8 8 2 6 8 6 2 5
596 1 8 10 4 9 8 3 6 1 10 4 9 2 4 6 6 4 1 5 7 9 5 9 3 3
807 8 9 4 10 1 8 7 7 4 1 7 4 4 2 10 2 5 3 9 9 8 3 9 9 7
725 5 10 4 4 3 4 9 9 8 2 4 8 7 1 8 9 10 7 3 5 6 4 7 2 4
15
765 1 6 10 6 7 5 8 9 4 5 6 3 8 9 8 5 6 7 6 7 1 10 3 10 10
661 10 5 5 6 10 4 1 6 6 1 1 4 1 6 6 5 2 4 1 9 5 1 2 9 5
686 6 2 9 7 7 1 4 10 3 7 8 6 10 6 4 1 2 6 5 1 6 8 8 9 8
657 5 7 7 7 9 6 8 10 2 7 3 3 2 10 5 7 5 7 9 2 3 3 2 7 5
588 6 10 1 8 3 7 8 2 5 3 3 2 5 8 4 4 4 7 5 5 1 6 2 3 4
673 4 3 8 8 7 5 3 7 7 3 8 4 9 1 7 4 5 1 9 2 2 9 2 3 5
717 3 10 1 2 5 4 9 9 7 4 6 7 6 10 7 9 2 6 2 1 5 8 8 2 10
556 5 3 2 4 3 2 6 6 3 2 6 3 7 5 9 7 3 3 2 3 8 2 1 7 8
583 2 8 6 2 3 10 4 2 2 9 7 6 9 8 1 8 5 5 6 8 7 1 4 10 7
611 6 1 1 6 9 3 4 5 4 10 5 7 2 8 1 10 9 1 3 9 9 10 5 4 7
660 10 8 10 6 3 8 4 5 10 1 6 6 1 4 4 9 10 3 7 5 3 1 10 1 1
777 6 8 10 9 1 5 7 3 8 6 1 10 9 10 6 1 6 7 4 5 9 4 5 9 10
682 6 3 7 8 2 4 5 7 6 4 6 8 8 3 1 1 4 6 7 1 3 5 7 6 10
688 6 2 7 10 2 3 6 10 6 7 4 4 7 2 2 2 1 8 5 10 9 2 10 8 4
525 7 2 5 2 8 3 6 4 7 7 3 1 1 4 1 8 10 6 3 9 9 8 7 3 1
15
805 9 5 10 9 1 10 4 9 8 9 1 2 5 8 9 8 10 2 10 6 2 7 1 8 7
605 8 5 8 2 10 3 9 10 7 7 1 3 3 5 6 2 8 3 3 5 1 8 4 2 7
618 6 10 3 2 8 10 3 10 2 6 6 1 5 1 2 1 6 7 4 9 8 6 4 7 1
648 6 9 2 1 7 7 8 6 6 6 1 7 5 7 5 8 4 1 10 4 8 5 2 3 3
725 4 2 8 10 8 10 10 9 10 2 3 4 2 9 4 6 3 9 1 9 5 3 4 8 7
511 1 5 6 5 8 3 8 7 7 2 7 9 1 5 2 3 9 2 1 2 3 10 3 4 6
592 6 6 9 4 2 6 4 2 3 9 1 5 10 6 5 4 7 7 7 5 8 4 4 1 5
584 1 9 1 2 4 5 6 4 7 5 10 10 5 2 9 7 2 4 6 9 4 4 1 6 2
622 6 7 9 5 9 8 4 7 4 7 4 5 4 6 4 3 9 9 3 4 3 10 2 3 2
651 1 10 3 10 1 7 9 8 6 3 2 5 9 4 5 1 7 9 3 7 2 1 1 9 1
791 6 4 6 9 7 8 10 6 9 7 1 10 7 7 2 1 6 10 3 5 8 6 10 9 8
659 4 2 6 3 3 3 9 7 7 9 6 2 7 4 8 9 1 9 9 5 5 4 3 1 1
567 7 6 7 1 3 2 3 5 2 9 6 6 5 4 4 3 7 10 6 1 6 5 7 3 5
662 10 4 1 6 9 1 8 6 2 2 3 2 1 1 7 7 7 5 9 8 8 4 10 3 6
676 8 3 2 5 9 6 1 3 1 9 9 2 9 8 8 5 2 6 9 9 8 2 5 9 2
15
591 10 4 1 7 10 1 5 1 1 8 5 1 3 1 9 1 3 3 1 6 6 9 4 8 2
693 2 7 6 7 6 5 4 6 9 6 6 7 1 5 6 1 7 5 2 2 3 10 5 9 4
566 6 2 6 5 1 6 2 7 10 9 7 2 3 8 1 3 7 6 1 9 5 2 1 5 4
694 8 10 5 5 7 1 8 1 8 2 6 10 5 9 3 5 1 9 5 2 7 8 4 6 2
552 2 7 5 2 1 7 10 10 6 6 10 8 1 1 6 8 3 2 2 10 3 10 9 1 1
729 3 4 2 6 10 6 5 4 8 5 10 4 4 5 9 8 3 5 8 3 4 8 5 8 10
546 9 6 5 1 5 7 3 1 5 2 3 7 1 10 2 10 4 5 5 2 4 2 3 4 5
640 6 9 2 7 1 8 8 2 6 10 5 3 4 6 7 10 2 3 8 3 6 7 2 2 1
642 4 9 3 2 1 10 8 4 8 5 1 5 9 5 8 7 4 5 1 5 1 2 4 6 9
519 5 7 3 10 2 3 7 1 1 8 2 9 9 4 3 9 2 1 2 1 10 8 8 2 8
606 1 6 2 5 4 1 7 8 9 2 7 3 5 7 1 8 2 3 2 5 10 8 3 9 2
617 2 6 7 6 3 3 8 2 5 10 2 6 9 9 5 2 10 2 9 9 10 1 3 5 3
740 6 8 6 7 8 2 10 9 4 10 4 9 5 4 7 2 4 7 8 8 5 6 2 4 10
719 8 8 5 9 8 9 9 2 8 2 1 10 1 1 8 5 10 2 1 5 5 10 1 10 3
722 4 1 10 1 5 1 2 7 6 8 2 8 5 10 7 7 5 8 10 2 6 7 1 8 9
