100 25
500 500 500 500 500 500 500 500 500 500 500 500 500 500 500 500 500 500 500 500 500 500 500 500 500
15
886 10 7 2 10 8 5 2 9 6 6 6 9 1 8 2 8 4 8 2 5 9 4 3 2 3
730 8 3 9 9 10 1 6 6 2 8 1 5 5 9 6 6 4 1 10 7 2 3 4 3 6
643 3 1 2 1 1 5 6 4 8 5 3 6 8 6 4 2 6 6 4 5 1 5 3 8 6
984 8 9 8 6 2 2 9 4 4 2 10 5 8 10 7 4 1 8 1 9 9 9 5 6 9
829 3 8 5 4 9 5 2 3 3 10 8 7 10 1 4 10 6 2 1 7 9 7 4 5 10
790 8 9 6 7 8 7 6 3 3 2 4 4 7 4 6 6 4 9 1 7 7 8 7 2 3
759 2 10 9 10 7 3 8 1 3 4 6 7 7 8 10 2 3 4 6 8 9 2 10 5 2
818 9 5 1 7 5 9 3 3 10 7 7 6 8 2 10 4 3 6 6 3 8 9 3 8 3
748 8 1 1 8 6 1 5 6 6 10 4 9 7 6 5 2 1 6 2 1 6 5 4 4 9
765 1 8 10 2 1 8 7 6 2 7 2 6 3 10 2 6 10 6 6 6 6 1 3 3 9
747 10 10 2 2 5 2 9 7 9 3 3 2 2 1 8 4 8 10 5 5 2 8 2 3 7
817 5 4 4 10 1 1 1 9 2 8 9 8 9 8 1 1 8 4 10 7 5 6 5 5 3
823 10 5 4 1 8 10 10 8 3 1 3 3 1 8 7 2 8 10 9 7 5 9 3 9 3
871 8 10 10 2 7 3 4 7 6 8 7 7 7 8 1 1 5 10 1 5 4 1 2 2 9
735 3 5 6 9 10 1 1 8 6 1 6 7 9 2 7 2 3 4 9 10 2 3 6 4 8
15
869 9 5 8 3 3 9 2 3 9 1 9 4 7 7 8 10 6 6 1 4 10 8 2 7 1
811 9 7 3 3 9 1 4 3 3 3 8 9 3 3 6 5 8 2 10 5 3 9 9 8 5
790 7 9 6 7 4 3 9 7 3 8 7 8 6 3 10 2 7 2 1 3 7 9 7 5 2
761 2 3 6 7 2 3 3 8 8 8 4 6 7 3 2 9 10 8 1 7 10 4 2 6 3
945 8 7 1 8 2 10 1 8 6 10 10 5 6 9 5 8 1 4 7 6 6 8 3 5 7
860 10 9 2 1 6 8 5 2 10 1 6 8 3 2 3 9 9 7 7 8 6 10 7 6 10
842 5 5 2 6 1 10 8 3 2 10 8 7 1 7 4 10 5 3 6 9 10 4 3 5 7
994 9 7 10 7 9 5 3 10 1 9 6 5 9 4 4 8 8 6 3 9 9 9 8 6 6
794 5 8 9 9 5 10 10 8 4 3 8 7 6 8 1 7 6 1 2 9 2 5 6 3 7
777 8 6 9 3 2 6 3 8 7 3 6 1 9 6 5 6 4 7 6 6 5 8 5 10 1
752 3 2 4 7 3 1 8 5 5 5 9 7 9 5 3 3 5 6 7 2 5 7 3 4 5
823 6 9 7 1 10 9 5 8 3 3 1 10 8 9 2 7 2 6 5 4 1 10 4 3 7
906 8 2 6 1 2 1 9 8 3 10 9 1 2 8 7 5 4 3 6 5 9 10 9 9 10
696 3 7 1 5 10 1 2 7 4 3 1 4 6 1 4 2 10 3 9 10 9 8 6 7 8
791 2 7 7 5 3 7 2 9 10 10 4 1 5 2 8 4 10 4 1 9 7 1 1 4 7
15
783 2 7 5 4 9 4 2 5 2 5 2 9 3 10 1 8 4 5 3 8 6 6 10 6 9
891 9 6 1 9 7 5 1 2 10 10 7 10 10 5 2 4 8 5 2 7 3 7 3 2 3
834 9 1 3 2 4 9 5 9 7 6 5 9 10 5 3 9 7 5 2 2 5 6 2 7 6
644 9 3 2 3 2 6 5 3 4 2 8 2 10 9 2 4 9 6 3 2 1 3 7 10 3
849 9 9 6 3 6 1 1 5 10 1 10 9 1 6 7 3 8 5 2 3 6 5 3 8 5
771 3 9 4 9 9 3 1 8 6 3 7 1 2 5 3 10 8 1 6 6 6 7 6 9 6
668 4 10 1 2 4 7 9 10 1 3 5 3 6 2 6 7 6 2 7 6 8 4 10 4 8
919 10 8 5 5 8 10 1 7 4 9 6 8 2 10 3 3 4 2 2 7 10 7 2 6 5
738 8 8 5 1 1 5 6 9 6 2 3 1 1 9 3 7 1 8 7 8 3 8 5 9 8
707 9 8 5 1 2 8 3 2 3 4 3 8 9 3 7 8 2 7 7 2 2 8 2 3 6
711 4 5 6 2 5 1 9 8 9 2 7 2 4 8 9 3 2 3 6 2 5 9 5 6 9
760 1 10 7 6 7 2 9 2 9 3 6 1 4 10 4 6 5 3 8 4 10 4 9 5 3
602 3 1 10 2 3 9 9 4 8 1 5 2 9 7 9 7 3 2 9 4 2 4 1 7 2
764 9 10 5 10 6 1 9 4 4 4 5 1 5 4 6 8 6 3 2 7 7 1 8 5 7
731 3 2 1 6 7 2 1 10 8 10 10 6 5 1 7 6 5 1 5 4 4 5 6 5 8
15
687 1 9 2 5 10 6 8 9 5 5 7 6 6 1 7 3 1 10 6 2 10 1 10 8 1
775 10 1 2 8 3 8 7 9 6 6 4 1 5 7 6 10 5 9 4 2 9 4 3 8 3
683 3 2 6 4 3 3 2 9 5 3 9 7 4 8 3 3 1 2 8 6 9 4 7 3 5
803 7 6 4 8 6 6 6 1 8 7 9 7 1 1 8 8 5 6 3 2 6 6 10 2 6
768 3 3 8 3 6 6 2 1 3 9 8 3 6 8 2 8 10 3 4 3 7 5 7 4 5
961 8 10 2 10 4 8 10 6 5 9 9 3 9 8 10 1 3 5 6 6 4 7 6 10 5
718 2 3 10 5 9 1 7 5 9 8 3 4 2 4 5 10 1 4 4 7 6 4 2 8 6
793 10 4 2 5 2 1 4 9 9 6 10 6 10 1 9 4 10 1 1 5 6 7 5 10 4
837 3 9 8 4 7 7 3 10 9 3 9 8 7 8 7 5 7 5 10 8 5 3 3 3 2
874 8 7 2 9 9 5 9 10 8 9 6 8 3 2 10 3 5 2 8 7 2 10 9 10 1
861 10 1 3 10 3 2 9 4 4 10 8 2 6 7 9 5 10 6 5 9 2 1 2 7 8
791 2 3 9 8 4 8 5 3 10 5 10 1 1 5 2 3 6 3 4 8 8 4 10 3 10
825 6 4 2 1 10 7 3 4 3 6 7 10 9 6 6 5 6 2 9 7 4 7 7 9 9
901 4 8 5 6 2 7 8 6 7 9 5 6 8 6 8 5 4 4 8 7 7 6 10 6 6
751 6 6 8 3 5 5 7 10 5 2 6 8 7 2 4 9 5 3 9 7 10 1 2 6 6
15
726 6 8 3 9 7 3 10 4 6 1 9 7 3 6 7 9 5 1 5 9 2 8 5 2 1
792 3 10 9 7 5 3 6 9 5 1 9 5 2 1 10 9 4 9 7 4 1 4 8 10 5
756 10 4 4 8 5 2 5 8 5 2 10 8 4 10 5 2 1 3 4 4 8 1 7 7 3
675 3 10 4 1 2 5 10 4 3 3 2 10 9 1 6 1 10 8 1 2 2 5 7 6 6
757 9 1 3 9 4 8 8 3 7 9 8 5 2 1 8 2 5 7 10 1 1 8 4 3 5
682 2 3 7 7 3 7 10 9 7 2 1 2 3 5 1 10 7 3 7 3 3 10 8 7 6
864 5 9 5 8 7 2 2 8 4 8 4 6 5 4 4 5 8 7 9 10 2 10 4 2 8
836 1 1 3 5 1 4 7 2 6 4 8 9 2 8 6 4 6 10 3 9 3 8 5 5 6
779 6 4 2 9 9 8 8 8 8 2 1 8 2 2 10 9 4 1 9 7 7 10 6 5 2
672 4 4 5 7 5 2 3 1 8 3 1 6 10 1 9 4 9 1 2 7 9 3 6 1 8
743 2 2 10 6 5 7 8 5 3 1 7 9 2 7 4 9 10 4 7 1 6 8 5 3 3
733 3 6 10 8 8 9 7 9 1 5 4 6 2 4 5 10 2 6 4 4 4 9 5 7 1
669 4 7 1 5 3 3 8 5 10 4 5 1 8 10 1 9 6 4 2 2 2 5 10 6 2
698 3 7 8 2 10 5 4 3 2 4 9 4 10 1 1 1 6 3 3 10 1 7 5 3 5
744 5 7 6 1 6 2 10 8 8 8 5 1 7 2 10 4 2 3 6 10 2 1 6 6 10
15
794 2 5 3 7 9 6 10 4 4 5 8 5 1 8 1 4 7 10 10 2 4 5 5 10 4
818 1 3 10 1 7 4 3 5 9 3 10 6 5 9 9 8 6 9 8 5 4 4 3 8 4
738 7 3 2 4 2 10 10 5 1 7 9 8 5 5 2 3 6 1 8 5 2 2 2 5 9
805 8 6 10 8 8 9 7 7 8 5 1 2 10 4 5 7 10 8 1 3 3 5 5 5 5
824 2 8 10 8 6 3 8 4 9 8 9 3 1 3 2 4 5 9 1 9 9 1 7 9 9
807 2 6 10 7 4 10 1 3 9 7 6 9 6 5 5 1 4 7 4 5 5 3 9 9 2
597 7 1 3 3 1 1 4 9 1 8 1 1 5 8 2 1 3 2 6 8 2 4 5 10 7
944 10 9 10 10 8 6 4 7 7 7 1 4 9 3 10 10 10 1 4 4 5 9 10 3 10
677 3 1 3 5 1 7 10 6 7 1 1 9 6 5 9 4 1 3 1 10 10 8 8 7 2
955 7 9 10 2 6 7 7 10 7 5 7 10 9 6 8 6 1 5 3 8 3 9 5 3 9
751 6 9 2 1 9 8 3 5 3 8 3 1 8 3 8 6 6 7 5 9 3 6 7 6 4
627 7 3 6 6 3 4 1 3 8 1 4 5 10 2 1 3 3 4 3 4 3 4 3 2 8
764 4 10 8 3 6 2 4 1 7 2 10 9 2 2 7 8 3 4 5 6 6 7 10 2 9
846 3 1 9 4 8 3 7 8 4 7 3 6 10 8 6 9 10 7 8 1 6 4 4 9 6
762 1 9 5 10 8 1 7 9 10 1 9 10 4 3 5 5 4 3 8 4 6 4 6 8 8
15
764 6 9 3 2 3 8 5 1 6 6 10 1 6 3 10 1 7 2 4 4 3 6 9 7 8
790 7 1 10 4 6 10 3 6 7 7 3 5 6 7 8 2 4 9 10 3 4 8 10 7 1
828 2 5 5 5 6 7 5 9 10 7 6 1 6 9 1 8 10 6 8 7 9 9 3 9 1
878 10 3 2 10 2 8 5 10 1 2 5 7 5 5 10 9 4 7 6 6 8 4 3 10 6
795 4 6 6 2 2 2 2 8 4 9 6 1 9 3 4 7 10 9 8 7 3 9 10 1 2
754 6 4 2 6 6 5 3 1 1 10 3 10 10 8 4 4 10 5 5 5 3 2 7 3 3
876 7 7 2 7 4 10 10 2 8 8 8 3 3 9 4 10 2 6 10 1 8 6 5 6 7
854 7 10 10 7 5 4 8 4 5 10 1 9 5 2 9 6 10 9 3 4 8 1 1 2 3
884 1 3 10 8 8 6 5 7 9 7 7 8 4 7 9 4 10 1 6 6 8 7 4 8 8
823 7 5 1 1 5 6 9 4 6 7 4 6 8 5 6 5 4 8 10 5 1 6 8 8 8
757 5 5 5 8 1 5 2 9 4 4 10 3 10 1 8 8 4 4 8 4 4 5 9 7 2
850 9 3 2 5 3 4 5 3 2 9 1 1 10 9 10 9 7 8 7 10 9 8 5 3 2
846 5 8 6 9 4 7 9 8 3 6 8 4 5 4 4 4 10 3 2 7 4 5 8 7 10
843 3 7 1 3 7 2 1 1 10 3 8 10 7 3 7 7 2 5 4 8 9 6 8 7 8
888 10 8 2 2 9 5 9 5 7 7 1 8 5 4 6 8 5 7 6 8 4 10 8 3 9
15
713 9 9 5 4 9 3 7 5 9 6 2 2 9 3 6 7 4 1 8 6 3 9 10 6 3
835 8 7 4 6 7 9 10 1 10 3 4 1 1 9 9 8 1 8 9 1 10 8 8 3 2
865 5 4 6 10 6 6 8 9 6 7 10 1 3 9 7 6 4 3 5 4 4 10 2 7 8
872 3 8 7 7 6 4 7 3 1 4 8 10 3 10 1 5 5 4 5 8 7 9 9 4 5
672 5 4 6 7 4 7 8 8 4 2 10 5 7 5 8 2 3 4 9 4 6 1 5 5 2
808 10 10 4 7 2 7 7 9 9 8 10 8 9 3 2 5 8 2 7 2 10 1 1 9 1
657 4 9 4 4 9 1 5 1 2 2 1 4 9 3 8 4 4 9 8 4 7 3 9 2 3
815 8 9 9 3 7 3 10 8 6 8 4 1 7 9 2 7 2 10 6 6 1 4 1 8 2
809 10 8 8 9 7 5 5 3 1 4 5 6 5 4 3 7 5 4 4 9 6 6 1 2 9
707 7 10 3 7 5 10 9 7 2 4 2 2 2 3 1 7 2 9 2 3 2 10 4 6 4
781 5 1 2 9 1 3 8 2 9 7 1 5 3 10 6 9 2 4 8 10 2 10 1 3 3
668 4 4 4 5 5 2 7 4 4 10 4 2 9 9 2 3 8 5 4 9 1 1 6 6 1
686 3 6 7 5 3 10 2 6 4 3 10 4 2 1 4 7 8 5 4 3 4 1 6 5 6
794 1 1 4 10 8 5 7 3 6 9 2 6 2 9 3 6 2 5 9 9 7 10 4 8 6
722 7 1 4 4 7 2 2 8 4 7 9 7 10 1 7 1 4 3 6 10 4 2 6 2 3
15
771 1 4 4 10 2 6 1 10 1 5 5 5 10 1 8 5 7 5 8 8 9 4 4 10 6
820 9 9 10 1 10 4 2 10 6 5 4 5 8 9 8 1 7 10 3 3 3 1 6 4 4
928 9 3 5 3 8 2 4 4 5 8 9 5 5 10 10 2 9 5 9 3 10 4 6 5 6
716 5 3 5 3 9 6 2 5 9 9 9 4 9 1 3 5 8 7 7 4 4 3 2 3 4
944 10 4 7 6 10 2 10 3 2 6 9 6 1 8 4 5 7 5 1 6 10 9 2 9 10
761 1 1 7 5 8 9 6 2 10 5 8 2 2 8 8 6 4 4 1 7 9 3 10 1 8
788 10 7 3 8 5 4 9 7 9 7 4 4 10 4 1 5 2 4 7 1 10 1 6 3 9
866 10 4 5 3 1 9 1 7 6 5 10 5 7 2 9 4 5 10 3 10 4 6 1 4 9
729 1 10 7 1 10 9 1 5 8 2 2 10 10 1 1 3 8 6 7 9 6 8 2 7 4
900 9 9 4 3 3 3 2 10 9 5 8 7 6 8 4 8 1 1 10 2 10 6 10 10 8
855 2 9 1 10 6 8 3 6 10 3 3 9 1 8 10 10 1 2 8 9 10 1 2 10 8
740 10 9 8 9 3 9 2 3 1 5 5 7 9 7 9 2 6 1 7 3 2 5 9 2 3
806 1 5 10 7 5 9 8 8 1 6 6 8 5 1 5 1 2 8 9 2 7 9 10 9 7
870 8 10 10 3 1 9 5 3 2 4 9 7 8 5 6 6 4 8 5 9 4 6 2 6 3
712 2 2 1 4 7 1 1 8 1 6 8 5 9 2 3 4 1 6 7 6 8 3 8 8 8
15
968 10 7 9 7 5 1 6 5 6 7 8 9 3 6 8 8 10 7 5 3 6 4 8 6 10
878 10 5 2 4 3 5 8 4 6 8 8 5 5 6 6 7 5 10 9 1 9 8 10 4 4
777 9 6 5 7 2 9 5 2 3 6 2 5 1 9 2 8 3 5 8 6 3 6 7 8 10
776 4 2 6 8 2 1 1 5 6 5 8 2 10 10 4 2 7 9 10 6 1 3 10 8 6
874 6 2 10 9 4 6 8 9 4 4 7 1 8 8 8 4 3 10 9 6 6 10 6 9 3
757 5 5 9 9 10 2 1 5 8 5 5 5 4 2 5 4 9 7 4 8 7 8 10 2 1
955 9 9 3 9 2 5 4 8 9 7 10 9 2 7 10 4 10 4 7 10 3 5 5 3 6
788 9 1 4 1 10 9 1 9 4 2 7 7 3 3 1 4 8 7 9 6 5 9 8 4 4
824 8 1 2 10 7 4 9 3 3 3 8 3 4 10 3 8 6 7 8 1 6 6 2 9 7
603 3 4 10 6 2 1 6 1 5 7 1 3 8 3 4 3 1 6 6 3 10 3 3 3 2
718 1 10 1 5 9 6 5 7 4 8 3 8 10 3 5 4 4 7 4 5 6 2 4 8 5
692 3 1 3 6 7 2 7 10 7 8 4 7 9 1 10 5 6 1 3 7 6 4 1 3 6
834 10 9 4 8 6 1 3 10 9 7 4 2 4 5 4 4 2 9 1 7 1 8 6 3 10
857 6 10 9 1 7 9 7 9 8 3 5 10 5 1 8 6 7 3 2 5 6 9 1 9 3
795 8 8 9 10 9 6 2 3 6 5 1 10 3 5 7 1 5 8 3 2 7 1 8 1 8
15
782 6 4 5 9 3 5 8 2 5 1 3 2 8 3 7 3 9 10 5 3 7 7 8 3 10
894 9 8 5 2 3 10 7 7 10 6 7 8 8 4 9 9 3 4 7 7 4 2 1 4 6
712 4 9 6 5 10 10 5 1 7 1 8 3 3 4 3 7 8 6 3 7 5 6 7 7 2
772 6 4 4 6 6 9 6 3 1 7 7 6 10 9 2 1 10 4 6 6 4 3 3 7 6
854 10 5 3 7 10 9 1 4 9 2 9 7 10 9 6 9 1 6 4 7 1 8 7 1 3
812 2 1 4 5 3 4 8 7 6 8 2 3 1 10 8 1 10 9 5 10 8 7 10 4 6
831 8 7 3 6 7 6 8 1 4 4 7 6 1 9 5 1 4 6 5 6 7 10 6 2 10
800 8 3 2 8 9 3 10 9 9 10 8 1 7 2 1 5 8 3 9 3 2 7 9 5 5
905 9 7 4 8 1 9 4 8 4 7 9 4 8 9 4 6 1 1 7 6 5 10 3 5 8
716 7 10 5 1 4 8 8 5 5 3 7 3 8 8 2 3 3 4 7 1 7 1 6 3 10
782 7 4 8 1 4 4 6 4 3 5 3 5 7 5 10 6 10 9 5 7 6 4 1 9 6
842 9 7 5 5 9 3 5 3 7 7 9 6 8 4 6 6 8 6 6 1 10 2 2 9 6
796 10 9 6 2 1 8 5 4 7 4 6 9 5 1 1 5 8 3 1 2 8 8 10 10 10
804 8 5 4 1 2 8 3 2 7 10 9 9 10 2 10 2 5 8 3 2 1 3 5 8 9
645 3 8 3 3 7 8 10 6 7 7 7 1 3 4 4 7 6 5 3 2 4 2 3 4 1
15
882 7 8 3 7 6 2 7 10 4 10 7 7 2 1 6 3 5 2 10 10 10 5 10 10 4
857 4 5 5 4 10 3 1 7 4 1 4 6 8 10 10 10 6 7 6 8 4 5 6 9 5
770 3 6 9 4 1 4 3 4 9 3 5 8 5 5 2 4 9 2 7 6 7 3 1 8 10
675 8 5 8 10 3 1 9 6 7 1 1 2 5 1 2 7 5 3 10 3 7 8 5 9 4
721 4 7 1 3 6 9 8 2 1 8 1 4 7 1 7 7 5 6 2 10 4 9 10 4 8
779 6 4 8 4 6 9 3 5 7 6 1 7 10 2 8 4 1 4 8 10 9 10 2 3 3
793 4 7 2 4 6 10 5 10 10 8 7 9 5 1 10 1 1 1 10 1 6 9 3 3 6
838 7 10 2 1 2 3 10 2 9 3 2 6 8 10 7 5 2 6 9 3 10 9 8 5 3
771 10 1 3 7 10 7 8 3 8 3 2 5 10 2 10 8 3 2 10 2 7 10 5 10 9
891 2 3 5 7 9 8 9 7 10 2 7 2 6 9 10 6 7 9 3 7 5 9 6 3 9
761 5 2 7 5 6 10 4 3 9 6 7 1 4 5 3 6 5 9 1 3 8 6 6 3 4
866 1 6 8 2 7 2 8 8 10 10 8 4 9 5 10 7 2 1 3 4 7 10 4 3 9
673 7 1 1 7 7 8 8 1 9 7 6 2 10 3 3 2 10 6 3 2 4 2 9 9 1
846 2 5 1 9 3 3 4 9 7 10 3 5 9 8 9 6 4 4 5 7 5 9 6 2 3
755 9 3 9 6 4 10 7 8 7 10 3 5 9 2 9 4 8 5 9 8 1 1 1 5 2
15
735 9 1 1 4 7 4 4 2 3 6 9 3 1 4 6 2 10 6 6 5 6 9 7 4 5
846 7 10 1 1 5 4 10 4 3 4 9 7 9 4 7 2 6 8 10 8 4 10 6 6 8
852 7 1 10 10 7 6 8 5 8 6 5 5 8 7 5 8 3 7 3 7 2 7 8 8 7
909 8 1 1 9 5 8 7 4 5 7 5 10 7 9 4 3 9 9 7 6 2 4 2 1 9
737 4 6 9 5 5 6 9 10 3 4 7 10 9 2 2 7 1 4 1 10 2 2 8 5 3
813 3 3 5 9 9 9 5 8 9 9 9 3 10 8 6 2 2 2 8 10 2 8 7 6 1
803 5 5 1 7 10 1 6 1 7 3 6 9 3 7 5 6 9 5 10 3 7 9 3 7 9
818 9 1 7 7 9 2 8 7 3 1 2 10 7 2 8 9 1 5 5 10 7 9 6 5 10
776 8 7 6 9 3 3 2 7 1 7 8 1 7 1 8 5 7 3 8 7 10 5 8 3 9
913 8 4 9 4 7 10 3 7 4 4 7 6 5 4 4 6 10 8 3 10 9 9 1 3 10
710 7 5 1 2 3 1 8 7 2 5 5 7 6 6 6 7 4 10 2 1 1 3 2 7 8
1007 9 5 9 5 10 10 6 7 9 7 9 9 2 8 6 8 6 8 5 10 8 5 8 9 2
642 1 9 10 2 2 10 8 3 5 3 6 9 8 1 2 5 2 6 6 3 10 3 2 7 3
735 1 9 6 3 1 2 8 5 3 5 9 4 7 7 4 2 9 7 8 3 4 5 3 7 7
617 3 7 8 2 4 5 7 3 3 1 3 1 5 5 4 10 4 3 4 3 3 5 1 9 9
15
770 3 7 1 1 1 1 7 10 9 6 5 1 10 6 2 7 7 10 10 7 5 6 5 9 3
812 4 8 6 9 2 6 9 5 8 8 3 7 2 1 8 5 6 7 9 4 10 7 1 10 7
650 3 9 3 6 10 2 3 2 3 1 2 7 1 4 7 10 10 2 10 9 1 1 5 7 4
737 6 6 7 3 10 9 10 4 8 3 2 3 6 3 5 2 5 4 2 4 9 4 7 9 8
747 9 4 7 6 6 7 8 2 3 10 6 10 1 2 1 5 8 2 8 3 8 1 5 2 8
827 6 5 9 6 6 8 1 5 7 4 2 9 6 7 2 8 1 6 10 7 8 5 1 5 8
763 8 10 6 1 7 6 1 1 8 6 3 3 9 1 8 4 2 8 5 7 4 3 9 4 9
799 3 5 10 4 7 4 2 7 9 3 9 10 2 9 8 10 5 3 7 6 3 4 9 7 1
876 4 10 6 10 2 6 5 10 8 5 2 6 10 8 5 7 5 8 7 10 5 4 1 4 10
781 1 10 9 6 2 8 5 2 1 9 8 3 3 5 10 10 3 8 1 5 2 7 2 9 4
811 4 3 10 5 3 8 6 3 9 9 9 1 3 9 7 8 1 1 2 7 3 8 6 2 7
828 8 2 1 4 10 10 1 3 10 4 5 7 5 5 9 3 3 10 5 3 5 7 7 6 7
798 9 6 3 1 5 2 8 6 8 3 6 8 2 1 1 10 6 8 8 4 9 4 1 2 9
794 6 4 3 4 8 1 3 2 4 3 9 1 10 3 8 10 9 3 4 9 3 8 2 7 10
881 8 2 10 3 3 10 8 9 8 2 5 9 8 5 7 6 10 5 9 4 2 3 2 10 10
15
849 1 7 7 4 3 9 6 3 9 8 8 9 8 5 9 2 1 9 7 9 6 6 3 8 2
876 5 3 5 2 6 10 5 5 5 8 10 2 7 7 4 8 7 6 8 2 8 10 10 4 5
782 2 3 1 8 7 1 9 10 6 8 10 4 3 10 1 7 3 5 1 6 1 7 5 5 9
808 3 7 7 2 10 1 9 4 1 1 10 5 10 7 9 9 8 8 2 7 1 3 9 2 4
709 7 4 5 2 5 9 9 4 6 8 8 3 3 6 5 1 1 9 5 2 3 6 1 7 2
648 6 8 3 3 6 9 2 3 2 5 3 2 6 2 1 2 7 1 8 10 8 9 1 6 3
679 1 3 8 4 1 1 3 1 9 5 9 3 10 6 2 4 3 3 5 8 4 10 10 4 3
781 3 9 5 2 8 1 7 5 5 6 10 4 2 2 6 6 3 3 2 9 7 5 8 1 10
743 9 8 3 7 1 2 3 2 8 3 8 6 2 5 3 7 4 10 9 7 8 2 7 1 2
814 8 7 4 3 4 9 8 1 1 7 8 6 6 9 3 5 1 7 3 10 9 1 1 6 5
657 8 7 6 5 2 1 1 3 5 2 7 5 6 1 4 3 9 5 3 5 7 4 1 9 2
926 9 8 9 7 9 8 10 10 5 7 8 9 6 6 10 3 5 6 3 4 1 6 3 9 3
834 1 9 9 10 7 9 9 3 5 10 10 1 1 1 7 6 2 7 6 6 2 10 8 3 7
856 10 4 9 2 7 10 9 1 2 1 10 1 2 3 8 6 6 10 8 10 4 7 5 10 10
641 1 7 9 5 8 2 8 5 3 6 10 2 1 4 6 5 1 6 9 3 1 2 2 1 3
15
691 5 5 8 6 3 2 5 4 2 5 2 3 3 6 5 5 5 10 7 8 6 3 1 8 2
771 2 6 7 3 10 4 9 10 4 4 8 7 4 1 7 4 4 8 5 6 4 2 8 8 9
813 6 7 3 7 6 10 8 2 6 1 5 2 4 10 1 8 7 7 6 5 8 5 5 2 7
857 8 7 7 9 10 9 8 6 1 6 5 5 10 3 4 8 10 5 5 7 4 8 7 4 1
794 6 8 8 4 5 6 10 6 7 10 5 5 9 4 2 1 4 6 5 5 8 5 8 3 3
822 5 5 9 4 6 3 4 3 2 4 7 3 6 8 8 7 4 8 2 6 4 10 1 8 5
886 7 5 4 6 5 8 3 10 3 10 2 4 8 1 8 8 9 7 7 7 5 8 7 10 5
838 4 8 8 8 4 8 2 7 10 6 8 5 4 6 5 7 2 1 4 6 4 5 3 9 10
765 1 10 8 1 9 2 9 9 2 4 1 6 2 8 7 6 9 5 9 1 10 3 5 5 8
932 3 4 3 8 4 9 10 3 3 9 6 10 5 8 2 4 4 10 9 6 10 10 5 2 6
831 8 1 2 8 3 8 2 2 2 6 8 9 8 8 4 2 3 5 4 10 4 3 5 1 8
693 9 8 1 7 6 6 9 8 6 1 4 4 5 8 8 7 5 1 1 6 2 5 1 3 4
796 3 6 2 2 3 9 10 8 10 6 3 2 4 3 4 6 8 8 7 6 9 8 6 10 2
727 6 5 3 10 6 7 8 8 8 9 7 2 2 2 8 6 1 4 1 4 6 6 3 1 4
785 10 9 2 8 5 5 5 2 4 3 9 10 10 4 1 1 4 6 9 6 10 5 4 3 3
15
682 6 2 5 1 10 2 5 2 1 5 5 9 5 4 2 2 9 4 4 2 4 6 4 7 10
843 10 1 1 4 2 6 1 3 9 5 10 1 7 9 2 6 8 7 5 5 4 7 2 5 6
794 8 6 5 2 6 10 9 8 6 10 1 8 3 6 4 7 1 6 3 2 4 8 3 4 4
827 7 7 1 3 9 9 1 1 7 1 7 4 5 6 3 3 9 7 10 8 6 9 10 4 7
751 5 3 6 7 9 5 4 9 6 2 10 7 7 1 9 1 8 2 8 7 4 1 1 7 3
614 6 2 4 1 9 2 9 5 4 5 5 2 1 1 2 8 3 9 10 6 9 2 3 8 1
817 9 8 1 1 3 1 7 5 10 1 2 10 2 10 7 3 6 7 7 7 2 7 1 10 8
932 1 10 8 6 10 9 8 10 4 5 7 8 9 7 6 5 9 7 6 4 6 9 6 2 10
796 1 5 1 9 5 8 10 7 10 4 5 7 1 6 8 6 2 9 5 2 6 9 2 5 6
697 1 4 5 1 4 6 2 1 6 10 2 1 7 8 6 7 9 6 2 2 3 10 6 6 4
719 3 1 1 6 5 4 4 9 7 9 4 8 6 2 4 8 3 3 9 5 9 1 9 9 1
800 7 5 3 7 9 5 2 7 6 10 2 5 1 3 7 10 6 10 9 1 5 4 9 1 5
636 6 6 6 5 4 9 9 1 4 7 4 4 7 1 4 4 4 1 6 4 5 7 3 10 4
851 5 2 9 8 6 7 4 7 1 4 8 2 4 9 5 10 7 7 7 7 10 10 10 3 3
732 4 5 2 9 10 4 8 4 4 2 4 5 6 9 10 7 2 7 3 1 5 5 4 5 7
15
891 9 7 9 8 4 3 10 2 7 10 2 8 3 5 3 6 9 6 6 1 8 9 4 8 9
695 3 1 1 10 2 10 5 1 3 7 2 6 4 1 7 1 4 7 1 7 7 6 2 3 10
740 8 8 10 2 8 3 6 6 7 3 1 2 4 6 4 7 4 4 7 6 9 8 2 2 1
834 10 1 10 5 7 1 4 3 3 6 3 3 5 1 7 2 3 10 8 10 9 8 7 2 7
775 2 3 6 8 6 5 7 9 8 3 7 7 8 8 9 3 4 2 4 7 1 4 3 2 6
752 10 9 7 1 1 8 8 2 9 4 7 8 1 6 10 6 2 3 1 4 4 1 4 6 9
729 4 3 4 5 7 1 6 5 4 9 8 9 8 1 1 1 7 7 2 7 3 2 8 6 3
814 5 7 6 5 9 7 7 3 3 6 4 10 4 4 5 9 5 2 4 10 10 7 3 4 4
770 7 1 5 8 4 10 1 8 6 7 6 1 1 6 1 9 8 1 4 4 6 10 4 10 4
634 2 7 6 8 6 3 7 10 6 1 4 3 2 1 1 4 3 4 1 8 2 6 8 9 10
760 5 3 7 8 5 8 10 6 8 5 6 1 6 2 3 4 9 8 4 1 9 2 3 9 5
978 2 2 3 5 2 10 7 10 7 10 9 7 6 10 5 10 10 9 10 4 7 1 6 7 7
702 9 2 4 1 6 2 4 6 2 3 4 8 6 9 8 4 8 5 1 8 6 3 2 2 3
602 5 4 6 8 10 7 7 3 2 1 3 8 4 1 8 2 6 9 5 1 6 1 6 6 2
630 2 1 10 2 7 8 8 5 10 2 1 1 4 1 3 2 6 6 5 3 3 10 1 10 9
15
793 5 5 5 5 2 6 10 6 4 2 9 2 5 8 1 8 9 7 9 9 6 1 10 1 5
618 4 2 10 7 10 7 9 6 9 3 2 2 6 1 6 7 1 1 4 4 1 7 9 10 4
830 3 3 5 8 3 7 5 4 5 10 7 8 4 9 1 8 8 9 1 5 2 2 3 2 6
895 2 6 5 8 3 7 1 8 3 7 3 9 6 7 5 7 10 7 3 5 5 7 10 8 9
863 8 6 9 2 8 6 5 10 3 10 10 4 7 9 1 4 5 2 8 6 8 4 2 10 8
840 3 8 9 10 8 7 3 5 3 7 9 7 5 10 10 2 5 1 8 1 2 3 5 10 9
878 6 6 5 3 7 2 7 2 9 3 8 10 5 8 4 9 9 7 6 2 3 8 2 5 9
762 10 10 7 6 5 2 9 3 4 3 1 4 3 5 8 10 3 6 7 1 9 9 9 8 2
819 6 7 2 7 8 10 8 9 9 5 1 7 8 7 5 10 9 3 5 4 6 3 5 5 8
669 2 9 7 2 1 1 10 6 9 1 4 1 6 10 9 5 8 4 3 3 6 8 1 5 1
954 8 8 9 5 4 9 9 1 5 3 8 8 4 10 3 7 6 7 4 7 9 10 1 1 9
787 3 8 6 4 1 4 10 5 3 5 6 6 3 8 7 1 10 2 3 8 7 2 5 3 8
690 10 2 10 10 9 2 6 2 6 5 7 5 7 2 9 9 1 2 3 3 2 1 7 8 4
705 6 3 3 5 8 7 7 6 3 1 4 4 2 3 2 10 3 6 9 7 2 6 2 8 10
768 6 2 10 6 3 5 1 3 2 2 9 4 6 7 1 4 2 2 7 8 10 5 9 7 7
15
773 1 3 7 9 8 1 3 3 7 2 10 7 9 3 1 7 4 10 4 9 6 1 4 9 4
746 3 2 9 6 1 5 10 2 6 8 7 4 7 4 9 6 3 5 1 5 8 3 5 8 3
819 1 7 4 3 10 10 5 7 9 8 5 9 3 7 4 1 5 10 1 1 9 2 1 7 2
880 5 6 10 10 2 3 10 3 4 4 8 8 5 6 8 5 5 9 3 1 10 8 10 6 8
924 10 10 6 1 5 6 2 4 8 5 9 9 10 6 9 10 7 5 3 2 9 5 1 5 2
751 7 2 4 6 4 10 3 8 4 10 8 8 1 1 4 3 8 10 2 6 4 2 8 1 3
602 4 3 10 7 2 10 6 4 2 2 2 1 6 9 3 6 4 2 4 3 2 10 9 3 3
839 6 2 8 6 5 4 10 1 10 10 1 10 4 10 7 7 6 7 6 9 3 3 9 7 1
849 6 9 6 1 7 2 5 3 9 7 10 9 6 7 8 4 3 1 8 7 6 2 9 1 5
716 3 5 1 8 4 7 10 8 10 7 7 6 7 3 8 6 3 3 5 2 4 4 3 3 6
841 1 3 10 3 5 1 8 2 5 1 5 8 2 5 10 10 10 10 9 7 5 7 4 3 9
779 7 5 4 8 1 8 7 1 4 7 5 8 6 1 7 10 3 9 2 6 4 7 9 10 3
852 3 5 10 8 7 3 6 7 6 9 1 4 5 9 9 10 4 5 1 10 6 7 8 9 4
681 3 5 1 5 2 3 10 3 6 5 9 5 2 1 3 10 2 2 8 7 5 8 8 10 7
739 2 9 1 4 1 3 6 9 5 4 5 3 10 6 8 3 8 6 7 3 9 7 3 6 5
15
908 7 4 9 10 6 6 10 9 7 7 4 8 9 8 5 1 10 7 3 8 1 1 6 6 6
826 3 7 3 1 3 8 4 6 2 6 2 6 5 9 1 6 10 9 8 5 8 5 8 10 9
748 9 5 2 3 7 4 6 5 5 7 1 10 1 4 1 1 8 6 10 10 1 7 7 5 2
878 8 5 2 5 7 4 2 8 5 3 10 7 8 10 6 5 10 2 6 3 8 7 4 6 3
899 4 10 9 1 6 8 2 8 3 6 6 10 7 8 7 1 4 10 4 2 9 10 6 7 4
713 4 1 6 9 4 6 8 10 2 9 2 1 5 2 10 8 7 3 6 3 5 10 6 9 1
832 9 3 7 8 2 10 4 5 1 5 7 9 5 3 8 8 9 5 2 1 7 8 4 2 6
890 2 8 6 10 5 5 10 5 2 8 8 5 2 5 10 8 4 5 5 10 5 8 2 6 4
780 1 2 1 10 3 9 3 8 10 10 3 2 6 8 1 6 2 10 4 9 7 3 10 5 5
721 4 4 10 7 4 8 4 2 8 4 6 1 4 7 10 7 6 6 7 5 3 2 6 3 1
890 8 4 8 8 9 9 3 4 2 9 9 5 8 4 5 10 9 4 8 7 4 5 3 7 5
797 6 9 5 2 4 6 3 6 6 8 6 9 7 8 2 8 1 5 4 1 2 9 1 8 4
645 1 5 3 4 9 2 7 2 10 2 4 10 9 6 5 1 9 1 1 5 3 5 5 8 6
943 10 8 5 9 7 8 8 9 7 8 9 9 10 5 1 4 5 2 1 9 9 5 7 8 7
706 5 6 2 7 1 3 2 2 4 4 1 6 8 7 6 2 9 5 8 8 3 7 3 3 6
15
827 6 5 4 6 5 5 7 3 9 6 4 10 3 5 3 8 3 6 6 7 8 5 9 6 1
663 5 3 2 2 3 1 9 1 1 9 7 8 2 9 2 10 7 1 7 6 4 2 1 10 4
764 7 10 6 2 9 7 7 8 5 4 1 6 4 10 1 7 1 8 5 3 4 4 7 9 4
733 7 5 8 10 1 2 1 4 2 1 3 1 1 10 7 6 10 8 8 7 4 3 9 3 6
670 1 2 8 4 9 2 3 2 5 3 10 9 4 1 10 2 7 6 4 1 5 2 10 10 3
674 2 1 6 5 3 7 8 10 7 7 9 9 6 1 10 2 4 2 2 1 3 3 8 1 1
943 9 10 10 9 8 1 6 8 7 6 10 6 7 1 6 2 6 4 6 10 8 8 10 3 10
738 3 2 1 3 9 8 10 8 8 10 3 1 2 2 4 8 4 9 7 9 8 8 3 3 4
792 6 6 10 10 8 2 3 1 3 10 1 2 5 4 3 10 10 10 1 8 10 4 7 5 2
759 8 7 5 5 6 1 3 1 1 6 7 7 5 9 9 2 6 7 2 3 1 1 9 8 7
747 4 10 7 4 3 3 10 10 1 5 4 10 10 2 7 8 3 7 10 8 4 2 4 10 1
820 6 8 2 10 8 5 6 6 5 9 6 3 9 3 7 5 6 5 1 4 4 10 3 1 8
925 6 9 7 4 2 8 6 5 2 10 6 6 1 6 4 4 8 8 1 8 10 5 5 6 10
827 1 10 8 2 2 8 3 1 6 8 2 10 2 10 6 8 1 6 9 8 4 4 5 7 5
810 7 9 6 2 5 10 3 4 10 6 5 5 4 1 1 2 2 10 1 7 9 7 9 7 10
15
787 8 4 8 2 3 1 7 8 5 5 4 9 1 4 2 8 8 3 10 5 4 9 3 5 10
775 8 4 10 5 7 8 3 9 10 9 5 9 2 1 7 4 8 3 8 2 1 3 1 10 8
725 4 6 4 4 8 9 5 3 3 10 4 10 2 7 3 2 1 3 2 1 4 1 3 5 10
861 1 8 8 3 3 8 7 10 2 4 6 8 1 10 8 7 2 10 5 2 4 4 6 6 9
806 1 9 4 10 10 7 9 2 9 5 1 6 9 9 4 9 6 8 3 3 6 4 6 5 4
838 6 6 3 9 5 5 6 7 8 1 4 7 3 3 9 3 8 7 5 9 7 7 3 1 9
743 1 5 4 2 3 4 3 5 9 2 1 10 6 9 3 9 7 7 1 9 9 3 6 4 3
781 6 1 3 7 7 6 7 1 8 8 3 8 4 5 2 7 1 8 9 7 10 1 1 4 5
829 5 4 5 4 9 8 1 10 1 10 4 1 2 3 10 9 8 4 7 6 10 4 7 1 7
813 1 2 3 10 2 7 4 6 9 3 8 6 1 9 7 9 2 10 9 4 4 8 9 4 7
599 2 7 3 10 5 2 4 9 7 2 1 1 4 10 1 8 2 3 1 1 9 5 4 7 5
668 2 1 4 6 9 3 8 2 9 6 8 4 4 8 3 3 4 3 8 9 1 2 8 1 2
815 4 8 5 9 3 9 10 2 8 7 10 8 2 6 5 10 4 3 2 4 1 6 5 2 1
870 2 4 3 7 8 10 8 1 7 1 7 10 9 1 8 9 6 8 5 6 10 9 4 7 4
757 4 2 8 5 1 1 4 4 7 5 9 10 2 5 5 7 3 1 3 5 3 10 9 4 10
15
786 5 6 5 1 6 7 5 4 9 4 4 10 7 7 10 6 4 6 9 5 3 4 4 10 2
817 5 5 1 6 9 6 4 9 4 7 7 1 6 5 9 7 6 7 8 5 7 7 9 7 5
717 1 7 8 3 3 8 3 10 4 9 3 4 7 4 1 4 4 7 5 10 2 5 8 1 7
563 9 5 5 6 4 4 7 3 10 1 1 1 3 5 3 5 5 1 1 7 5 3 3 2 3
828 6 8 9 4 5 8 3 5 9 5 1 7 3 5 10 4 1 8 2 3 3 9 6 7 8
758 3 8 9 3 1 1 7 2 7 3 2 10 4 10 2 4 10 8 1 3 6 6 3 8 6
827 9 6 6 1 8 5 5 7 5 5 10 7 1 5 6 6 10 7 6 9 5 2 2 1 5
852 10 3 2 4 3 8 3 3 4 3 4 6 10 10 2 9 4 3 10 3 9 10 9 5 7
916 9 10 8 8 3 7 4 1 4 10 10 10 7 3 8 7 1 1 6 7 5 8 6 2 5
851 9 2 4 6 9 7 2 5 6 9 4 3 7 3 3 6 10 7 3 9 7 3 10 7 9
785 4 10 7 6 3 3 9 9 1 10 7 1 8 7 9 8 9 5 3 2 6 4 5 6 4
802 10 9 7 7 9 5 2 7 6 2 6 5 7 4 1 8 3 8 8 2 2 5 5 3 10
875 6 7 5 10 9 5 9 3 6 10 6 10 9 9 6 1 5 10 2 4 5 4 10 3 1
777 1 8 5 5 8 1 3 6 8 10 10 2 10 9 6 4 8 6 1 5 5 2 7 4 1
780 7 7 5 8 7 6 10 10 5 2 8 2 2 2 7 4 3 8 10 8 5 5 9 6 4
15
791 2 6 9 2 4 5 6 3 3 5 10 7 2 10 6 6 9 5 7 7 1 6 4 6 1
773 3 10 9 2 8 4 3 5 9 10 2 6 3 1 8 4 7 1 2 7 7 7 10 8 9
797 4 10 8 3 7 7 1 1 8 4 7 1 4 10 4 8 9 4 6 8 9 2 9 1 2
643 5 9 1 2 9 1 4 6 2 8 8 1 5 1 8 2 1 9 2 3 10 3 1 5 3
936 10 5 8 10 10 2 4 10 7 4 7 1 8 6 8 7 7 10 4 1 5 7 5 8 8
824 2 5 5 8 4 7 6 3 6 1 9 5 4 8 7 5 5 7 7 6 7 9 8 3 1
828 10 1 5 9 3 8 6 7 3 7 6 2 2 9 8 5 2 4 6 7 9 7 2 3 1
867 6 1 7 8 8 4 3 5 4 5 9 9 10 9 4 9 1 7 3 8 1 5 1 10 10
833 1 4 1 5 7 2 1 6 10 8 10 7 4 3 2 9 10 9 2 2 9 5 6 10 2
668 3 10 9 2 6 8 1 1 9 3 7 2 4 7 2 2 2 2 10 3 7 3 10 8 3
840 7 10 6 8 1 10 6 3 3 7 7 6 5 3 2 7 7 4 1 9 6 7 8 3 5
793 6 9 3 3 4 6 6 3 9 8 2 5 2 8 6 10 2 4 2 4 7 9 2 2 9
773 5 6 8 3 9 5 5 7 4 6 1 9 9 1 10 2 5 7 7 7 7 4 6 3 8
829 4 7 6 7 8 10 4 3 5 4 7 3 8 5 7 8 7 10 8 1 3 7 3 7 3
857 4 9 9 5 10 8 10 10 5 6 6 10 9 4 1 2 1 4 1 10 4 8 1 10 5
15
795 4 2 8 8 7 9 9 1 8 5 7 7 6 6 3 2 8 8 2 1 3 8 4 10 2
807 2 1 5 5 2 7 7 5 4 10 5 1 5 8 6 5 1 8 3 10 3 10 8 9 7
773 2 9 10 4 10 6 4 4 6 7 6 3 3 1 4 5 5 9 6 2 9 2 4 4 8
843 3 10 9 7 2 5 7 3 1 8 3 10 8 4 8 2 7 3 8 8 7 10 9 9 7
626 4 9 4 3 7 2 9 8 2 2 2 1 3 5 2 7 9 7 10 3 5 4 1 6 9
771 3 10 8 1 10 8 2 1 3 5 3 8 4 7 1 9 4 9 5 6 7 8 9 6 2
849 1 2 2 8 9 10 3 4 1 10 8 7 10 9 8 5 4 3 6 5 8 5 8 7 8
767 8 10 4 4 8 3 4 3 3 5 2 3 2 1 10 6 7 7 6 9 10 4 9 3 2
978 9 5 6 7 4 10 2 7 7 8 9 6 9 4 6 5 9 7 9 10 1 10 1 8 1
991 7 3 1 8 8 1 4 10 9 8 10 7 9 10 8 10 10 8 5 3 8 10 3 2 3
755 1 8 2 8 10 10 7 8 3 7 10 9 8 5 4 3 1 4 7 1 4 4 6 2 2
740 3 2 1 2 4 9 7 5 7 9 5 7 9 3 3 2 6 5 10 10 4 2 8 9 2
829 2 9 6 5 4 6 6 1 8 4 10 5 7 5 10 2 5 7 4 7 8 8 1 7 4
876 8 7 7 10 8 4 2 2 7 9 7 5 3 10 1 3 1 6 7 7 4 3 2 3 8
830 10 5 8 7 8 5 7 5 6 3 6 10 5 1 7 5 1 9 3 5 4 6 1 10 8
15
652 5 1 4 10 10 9 10 6 9 2 5 1 7 4 1 7 5 6 1 8 3 1 9 10 2
725 4 9 4 10 2 9 6 3 3 3 1 2 3 7 7 6 3 6 9 8 6 1 10 8 8
833 8 7 3 6 9 5 4 3 2 9 6 6 6 5 10 4 10 2 7 8 5 1 10 2 3
750 1 6 10 9 4 3 4 6 1 4 6 8 7 3 9 4 1 1 5 2 10 6 5 10 10
849 4 7 5 4 1 7 5 8 10 7 4 8 7 2 3 6 8 8 9 7 8 10 2 8 6
924 1 1 10 10 9 5 6 9 1 9 5 1 8 10 10 6 3 10 4 9 6 4 4 4 9
867 8 5 3 1 1 8 4 10 4 7 6 2 10 9 10 4 4 10 2 9 6 5 4 4 2
739 2 1 2 4 2 2 4 8 9 5 9 10 7 4 3 9 3 6 5 5 6 6 8 7 1
724 7 2 7 5 3 4 6 1 10 7 3 4 5 5 1 3 9 2 8 4 1 9 3 9 8
820 1 6 10 6 3 8 5 9 9 5 2 6 1 10 7 6 4 6 1 9 1 5 7 6 5
933 7 6 9 4 4 4 7 4 9 8 10 1 7 10 6 7 5 8 10 7 6 8 7 6 5
627 3 1 2 10 3 1 9 10 8 9 5 3 1 1 2 4 3 2 2 5 5 9 5 1 1
712 4 6 10 8 10 1 8 10 10 2 10 3 3 2 3 2 10 1 10 4 10 6 9 2 1
803 6 3 4 8 4 3 3 2 2 9 6 2 7 4 3 7 7 8 9 5 8 8 10 5 8
785 10 3 10 1 8 7 7 1 1 1 9 6 1 10 4 7 2 7 5 9 1 6 9 4 2
15
594 5 7 8 5 1 1 1 7 2 10 2 1 2 1 7 4 9 8 4 3 3 3 2 1 1
836 5 2 10 2 10 7 7 2 6 9 2 1 3 6 10 1 5 9 5 4 10 9 10 10 3
726 2 3 3 5 4 9 8 5 10 5 3 3 10 4 5 9 8 3 10 6 8 3 8 2 4
730 4 9 9 10 7 2 7 6 5 3 9 8 10 4 7 2 1 3 6 2 1 3 7 7 6
743 5 10 10 7 5 2 3 7 7 9 1 7 8 6 2 3 9 2 8 6 4 2 3 2 1
833 7 8 2 8 1 3 7 8 8 8 7 5 1 10 1 9 2 2 4 9 10 7 9 3 3
909 4 7 5 1 7 8 3 7 6 9 6 10 3 10 2 10 3 2 7 7 1 10 1 3 9
640 2 5 5 1 6 10 1 5 9 1 3 1 7 5 3 1 10 6 7 5 6 1 7 6 5
836 7 7 6 4 3 4 9 5 2 8 2 6 3 10 8 7 6 5 6 7 1 7 10 10 1
826 6 4 7 1 9 5 6 3 9 3 10 10 10 1 3 10 4 5 10 9 5 8 7 4 6
878 6 5 2 9 3 7 10 4 2 9 7 3 9 10 10 2 8 9 5 1 7 7 3 6 9
744 7 10 2 5 6 10 3 4 9 3 6 8 10 2 9 4 10 1 4 5 7 2 3 6 1
871 2 10 8 1 2 7 6 3 10 3 1 7 2 10 7 10 10 9 10 3 8 8 7 4 3
630 2 1 5 1 5 10 3 5 4 3 4 2 3 5 2 1 7 6 6 4 2 7 10 3 8
994 8 7 9 3 7 5 4 10 1 10 10 9 9 7 10 3 3 5 5 2 9 7 3 5 10
15
755 3 5 6 4 2 1 10 7 8 8 7 9 3 3 2 8 4 3 4 9 3 10 4 4 2
772 7 5 4 10 6 8 1 6 7 9 7 2 8 1 2 10 4 5 3 3 9 3 1 1 6
788 3 10 5 3 3 10 1 2 2 8 10 6 9 1 7 9 6 3 4 8 3 9 4 1 7
706 6 3 2 3 7 7 2 2 1 7 1 9 4 3 5 4 4 3 5 10 4 6 1 8 5
692 1 8 6 10 4 3 2 9 7 4 5 2 4 7 10 5 7 3 4 3 2 7 4 5 2
707 7 1 2 9 7 6 4 7 4 9 2 7 8 4 10 5 9 2 10 1 2 4 3 2 1
809 5 10 5 10 3 10 1 5 3 6 3 4 5 2 5 10 10 6 9 1 8 4 3 9 10
837 3 8 9 3 10 10 6 3 7 4 2 4 10 10 8 6 3 4 6 8 3 9 7 6 6
835 1 6 4 4 7 7 8 8 8 10 6 8 4 2 9 9 2 7 3 3 7 5 9 10 10
710 4 7 4 4 6 7 5 3 7 7 2 1 5 4 3 8 10 2 3 9 7 8 4 5 4
757 5 9 3 4 7 7 3 2 5 10 4 10 4 4 3 5 6 3 9 1 5 10 2 9 2
786 6 3 8 7 7 5 5 10 3 8 3 5 6 5 6 1 7 9 3 8 3 1 7 2 8
776 6 3 9 7 8 2 10 2 8 5 7 7 6 10 3 2 7 1 2 8 6 7 2 8 3
839 5 6 3 7 5 4 1 8 10 7 7 7 5 5 7 6 1 6 8 5 4 4 2 7 7
691 2 6 6 5 1 2 2 2 7 9 4 7 10 1 6 2 6 6 6 6 9 7 1 10 1
15
862 3 8 8 4 8 10 4 6 9 10 10 1 3 7 6 8 5 2 4 7 8 7 9 9 2
695 1 2 2 3 10 6 1 10 4 6 2 5 2 8 8 5 6 1 1 2 9 10 4 10 6
700 6 2 7 5 9 7 5 5 5 1 5 5 2 7 4 5 10 4 7 5 9 1 4 1 9
851 7 7 6 10 5 8 6 5 8 3 10 4 9 4 4 7 5 7 10 4 8 10 2 4 1
717 7 5 1 3 10 2 7 2 5 3 8 6 4 7 1 3 6 3 7 10 8 6 3 2 5
646 2 4 7 2 9 10 5 8 2 4 5 1 7 2 1 9 10 2 9 3 9 3 7 7 3
799 7 8 2 5 7 2 4 5 9 5 3 2 2 7 6 6 8 8 5 2 9 7 9 7 5
853 2 7 6 6 6 2 2 3 8 6 7 9 8 3 10 3 6 2 8 8 9 8 6 5 6
749 2 6 1 1 8 4 2 8 1 7 2 8 8 9 1 1 8 2 10 6 10 6 2 7 5
720 4 8 4 9 6 5 10 2 10 7 4 1 7 9 8 7 8 1 8 8 6 1 2 1 1
787 2 5 4 3 1 2 9 2 2 3 9 2 4 10 1 10 10 5 4 7 4 10 8 2 9
710 2 10 3 6 6 2 2 8 3 6 4 7 1 5 1 10 3 8 6 1 7 4 3 4 5
871 7 2 1 10 5 1 3 1 5 6 8 8 9 10 8 4 8 5 8 7 3 9 1 9 5
629 8 1 5 4 3 3 9 8 9 5 3 1 2 3 9 2 7 9 3 5 4 4 6 1 1
903 8 3 3 4 8 7 5 4 7 3 10 2 9 9 8 1 8 9 2 3 7 10 9 10 4
15
639 3 3 2 3 9 9 10 5 1 2 8 1 8 1 10 1 6 2 6 5 8 7 2 4 7
710 2 10 2 3 2 7 5 9 9 6 3 10 3 2 9 7 3 3 2 8 4 5 9 5 4
752 3 7 1 5 2 10 10 1 3 1 7 1 5 7 3 4 8 7 8 2 5 10 8 7 7
709 2 8 4 1 10 1 1 1 7 3 2 9 5 5 7 10 10 4 3 10 4 4 1 6 7
837 10 8 5 8 4 5 2 5 10 3 5 5 2 6 10 1 9 9 3 7 1 6 8 1 8
880 4 9 10 2 6 1 7 10 10 4 9 10 3 6 1 3 10 4 5 7 8 10 7 9 2
780 7 4 3 1 3 3 2 4 5 10 4 6 4 6 1 5 6 1 7 9 10 5 8 6 4
818 4 4 1 8 4 5 9 4 6 10 7 4 8 8 10 6 2 7 2 1 2 10 5 2 8
739 4 2 4 9 1 1 1 10 10 3 6 3 8 8 2 3 6 9 7 4 3 5 10 6 9
900 10 5 3 6 4 6 1 2 7 9 5 1 4 9 7 9 8 2 7 10 6 4 9 4 9
813 1 3 10 1 6 1 3 4 8 7 6 3 2 7 10 10 10 10 2 7 6 1 8 3 2
814 4 4 8 10 10 9 7 2 6 4 8 5 2 3 7 2 3 4 7 10 2 7 10 4 6
872 3 7 3 10 10 9 6 10 3 5 10 4 2 10 6 8 6 1 3 8 4 8 3 10 5
754 5 4 8 6 10 2 6 8 3 10 8 7 3 6 2 2 5 8 1 4 7 2 5 9 2
699 1 3 10 6 10 10 5 6 6 4 7 2 10 8 6 5 3 1 2 6 4 6 8 4 2
15
664 1 8 9 6 5 2 3 7 3 8 6 9 1 3 4 6 4 3 5 1 2 6 2 10 1
805 5 2 3 2 4 3 1 5 1 9 1 8 9 6 5 10 3 8 9 2 7 9 8 4 8
826 10 2 9 7 7 3 1 7 2 1 5 6 9 9 6 4 3 9 7 3 2 9 6 3 8
640 2 5 2 4 7 10 6 7 3 1 10 1 4 2 8 3 6 5 3 7 5 4 3 1 5
773 3 7 2 7 2 4 3 5 2 1 8 9 9 8 6 1 6 4 6 7 9 3 8 1 7
725 3 1 6 1 3 6 3 5 4 6 1 6 9 10 6 10 4 1 2 10 7 4 10 5 8
832 8 10 2 3 3 5 7 3 1 8 10 4 5 1 2 1 10 8 8 10 3 7 5 5 4
708 4 7 3 2 10 1 2 8 5 9 1 7 3 7 5 1 7 3 8 2 5 1 3 10 8
714 4 6 7 5 5 7 4 5 2 3 7 9 9 3 5 7 9 6 8 2 2 8 1 1 4
921 8 10 9 3 7 9 2 3 10 7 5 5 4 9 9 9 7 1 8 5 4 1 10 3 10
769 8 4 6 1 3 6 6 1 1 4 7 3 7 9 9 5 5 3 6 9 2 8 9 3 9
738 9 3 2 9 9 10 6 5 9 3 2 2 9 1 5 4 2 6 4 2 5 6 8 7 8
715 2 1 2 3 10 8 2 7 9 2 4 7 10 8 6 6 10 4 5 5 3 3 8 6 6
786 10 1 6 8 8 6 4 3 9 1 1 10 7 4 9 3 7 8 10 1 7 7 9 3 5
881 7 8 7 5 3 6 1 2 7 10 5 6 1 9 5 10 6 2 7 3 6 9 10 10 10
15
888 2 7 5 10 5 8 2 6 9 7 10 4 9 8 2 2 9 6 5 5 9 10 1 1 7
763 5 3 8 8 4 1 5 4 6 1 6 7 10 5 3 2 8 6 10 5 5 7 4 2 4
671 1 3 4 5 7 9 2 1 7 5 7 5 9 5 2 2 2 4 5 4 9 2 1 6 10
753 10 2 8 2 4 2 10 5 1 10 9 5 1 1 4 7 2 5 5 9 5 1 5 10 10
895 9 2 3 10 4 3 1 10 7 10 9 4 5 4 2 1 3 10 7 5 6 9 6 1 7
814 9 4 8 9 5 8 6 4 6 2 8 5 8 10 2 2 5 7 8 6 10 1 4 5 2
941 6 8 6 2 4 2 1 10 5 8 5 8 2 9 10 8 1 8 10 7 6 7 2 5 6
883 8 3 9 7 7 10 3 5 2 7 5 6 2 8 8 7 3 3 5 9 5 8 2 6 5
658 6 5 9 8 7 1 5 1 4 5 1 9 7 2 5 2 8 3 7 1 10 3 7 4 1
719 7 5 2 2 6 8 7 5 8 4 9 4 10 4 5 3 10 2 10 2 2 3 3 4 4
827 6 5 5 9 8 2 5 9 9 6 3 2 7 7 4 4 3 5 1 10 8 3 6 7 9
1018 6 7 3 2 7 1 2 6 10 5 10 7 2 10 5 6 10 9 7 10 6 10 10 6 9
830 6 1 2 6 4 10 8 3 8 7 9 9 10 8 1 5 4 5 4 4 4 7 5 5 4
663 10 3 2 5 4 10 3 9 3 4 7 7 2 4 1 3 6 2 8 4 6 2 7 4 1
796 4 8 4 8 9 9 9 10 7 6 3 4 8 2 4 4 4 10 4 9 1 4 4 1 6
15
814 10 10 8 5 6 3 2 6 10 3 5 6 8 2 7 7 9 3 8 7 5 2 3 9 6
785 2 5 7 5 9 5 7 10 5 7 3 2 5 10 1 5 9 3 5 2 6 10 7 3 8
846 1 4 4 7 1 9 2 5 3 9 5 1 9 10 5 5 10 6 9 5 8 8 5 10 4
586 2 6 5 1 8 3 10 8 3 2 1 10 7 2 1 1 8 5 4 1 7 1 5 7 7
876 9 9 8 6 10 6 4 6 6 4 10 8 4 6 3 2 7 5 8 10 4 4 3 4 7
853 6 7 4 9 5 4 1 6 1 6 10 8 7 3 3 4 7 8 10 10 2 10 4 10 1
860 8 3 7 8 4 8 8 9 7 9 10 5 5 3 6 3 3 10 2 7 1 6 1 2 5
929 2 9 8 4 1 10 6 10 7 4 2 9 10 8 7 9 3 10 7 5 6 7 3 5 9
799 2 2 6 8 6 1 7 9 2 10 9 8 7 5 6 7 7 2 9 5 1 6 4 8 5
760 3 10 8 1 5 3 3 2 9 6 5 5 4 10 2 6 4 1 6 4 4 9 6 7 7
694 6 7 3 2 2 2 8 9 4 6 4 1 5 4 4 10 7 6 3 2 1 4 10 10 5
743 3 7 4 9 9 1 7 10 5 7 3 9 3 4 1 4 5 2 8 5 5 7 1 7 3
963 8 10 7 8 8 4 1 9 9 5 1 2 6 9 7 2 9 10 9 6 8 7 6 8 7
873 9 10 1 4 8 3 7 7 6 6 6 7 3 9 7 3 2 9 10 6 1 3 6 9 5
835 1 2 6 6 7 8 10 6 10 8 6 7 10 8 1 5 10 1 2 3 10 9 4 5 1
15
851 1 1 5 9 5 6 9 6 10 6 10 3 8 8 6 8 8 5 8 1 9 10 5 3 3
801 3 3 8 6 10 9 4 5 10 4 3 8 9 7 4 9 10 10 10 1 2 3 4 2 7
795 1 10 5 3 8 4 10 9 8 5 9 7 7 2 6 2 10 1 1 8 7 9 1 6 3
720 7 2 8 5 10 4 3 9 9 5 5 6 2 1 2 6 2 6 7 2 1 6 10 8 5
649 1 10 7 9 6 4 3 2 6 6 2 7 5 2 4 5 8 2 3 1 9 7 5 2 3
777 4 5 10 4 8 5 10 1 2 4 9 7 10 6 2 9 1 7 7 8 8 3 9 10 3
688 4 3 7 9 6 1 10 6 2 1 9 6 3 2 8 6 10 1 6 6 3 7 10 2 8
994 6 10 8 3 10 2 7 3 6 8 8 8 9 7 8 10 10 8 2 7 3 3 3 6 9
715 8 4 3 3 2 2 2 2 4 3 10 6 6 4 1 6 8 10 1 3 1 1 9 2 9
806 2 2 9 7 9 10 2 8 5 2 9 4 7 6 10 5 5 4 1 5 9 7 2 7 8
723 6 3 8 4 10 5 3 10 9 8 3 5 3 5 7 4 7 7 9 7 2 1 2 7 1
733 1 1 2 1 9 6 1 1 7 7 5 7 10 7 10 5 1 2 2 5 2 8 8 8 5
666 2 2 6 5 3 2 7 2 1 6 8 5 5 2 4 9 6 10 7 1 4 8 6 1 2
807 6 4 9 10 7 9 4 4 6 2 10 1 6 5 2 6 8 3 4 9 4 7 2 7 8
652 1 4 9 2 9 5 10 2 10 7 5 3 2 2 9 5 4 2 10 6 3 3 2 8 1
15
720 7 7 3 6 5 1 6 3 8 1 9 2 9 5 10 3 2 10 7 1 1 8 1 8 6
730 8 5 3 7 8 5 7 6 4 9 1 10 7 7 4 1 1 4 9 3 4 5 2 8 5
704 2 4 2 7 4 6 7 2 7 2 6 8 3 3 3 5 7 2 5 7 10 10 6 7 2
808 9 10 2 2 5 3 4 3 8 4 10 10 5 9 9 2 7 3 9 3 2 1 6 2 10
674 6 5 9 4 7 2 5 1 4 4 2 3 8 6 10 3 1 2 8 5 10 7 5 1 1
736 5 2 10 6 6 9 7 10 6 6 8 6 1 9 6 3 3 1 1 2 4 6 10 5 4
822 9 2 4 4 3 5 1 7 4 7 5 9 2 4 3 10 10 7 6 3 9 5 6 10 7
666 3 9 3 8 10 6 8 6 2 8 3 1 3 1 10 4 5 8 1 1 6 3 8 10 2
980 5 9 6 2 3 10 8 7 9 8 8 9 8 10 5 3 8 10 5 9 9 1 1 10 7
697 3 10 9 7 9 10 6 3 10 1 3 9 3 2 5 4 7 1 3 3 7 6 3 2 2
738 7 5 2 7 8 4 7 2 1 3 3 2 7 2 5 7 10 7 8 10 3 3 5 7 9
770 8 5 9 2 8 3 7 5 2 5 2 5 5 10 1 2 1 8 6 5 2 7 4 9 8
725 6 6 5 8 8 3 8 4 5 1 8 2 4 7 9 6 3 7 2 6 4 3 2 8 3
939 8 9 1 3 2 4 10 4 2 6 4 9 8 9 2 8 3 10 10 9 8 5 9 8 8
880 10 9 2 10 6 8 7 3 4 9 10 5 1 1 2 7 10 2 7 6 2 10 9 9 9
15
834 6 10 4 3 7 6 4 8 9 2 10 9 6 6 9 4 5 2 10 4 7 2 3 8 4
900 2 3 1 8 2 5 10 6 10 6 9 4 7 9 2 3 8 9 9 8 10 7 2 9 4
823 9 7 2 1 7 1 9 1 9 6 6 8 9 9 4 1 5 9 3 1 8 3 7 9 6
627 9 2 3 2 7 9 6 10 4 2 4 3 1 5 3 10 4 3 7 2 3 4 1 5 7
927 8 8 4 10 1 6 5 7 10 9 3 8 5 2 9 1 6 10 4 9 3 7 3 2 6
715 3 9 5 2 2 1 5 4 4 3 7 9 3 2 10 4 4 7 1 10 9 5 3 2 3
684 6 6 3 5 4 10 6 9 7 1 8 9 5 1 9 3 4 1 1 2 5 9 2 4 1
779 8 8 7 2 3 10 1 6 8 10 1 10 3 4 3 2 8 3 6 3 10 4 5 7 1
715 10 5 2 2 6 2 4 4 9 9 2 4 6 2 7 10 6 3 8 10 4 1 5 5 7
713 9 2 1 9 7 5 9 6 4 6 2 6 9 7 2 4 7 6 8 2 2 6 4 2 5
757 5 5 6 9 1 6 1 3 9 4 6 8 8 1 1 1 3 9 5 7 5 6 7 7 10
764 1 4 10 4 5 2 3 4 3 3 2 1 6 5 7 8 10 9 3 9 4 9 4 10 10
814 7 8 8 5 3 6 1 8 8 4 9 6 10 3 4 10 7 9 8 5 2 1 2 6 5
730 2 1 1 6 1 4 4 8 5 9 6 1 8 6 10 6 4 8 3 2 9 2 3 2 8
820 2 6 10 7 5 10 8 5 5 1 6 2 7 5 6 8 5 7 8 9 9 8 4 6 6
15
961 9 6 1 5 9 2 7 10 8 10 10 9 3 9 9 2 5 3 7 9 2 9 3 7 7
761 5 6 5 6 7 1 6 5 2 6 4 8 7 2 4 5 10 8 5 9 7 3 2 9 1
803 1 10 10 9 9 10 3 4 3 4 6 7 9 5 3 10 1 7 1 6 2 9 2 3 5
776 4 7 6 10 2 5 8 1 4 1 8 4 6 7 8 10 1 6 2 8 4 10 1 1 5
810 9 6 7 3 3 7 4 3 4 8 8 10 2 1 3 10 4 9 10 5 2 1 4 8 10
815 6 1 6 7 3 8 7 4 3 5 9 5 3 9 3 4 7 5 3 1 10 7 2 10 6
945 10 8 6 1 8 4 4 7 3 2 8 8 8 8 10 8 5 6 5 1 10 10 2 9 5
946 9 6 7 8 5 3 9 10 5 8 4 2 10 10 6 2 3 9 4 10 9 4 7 4 6
701 3 9 4 10 7 4 8 5 2 4 4 3 9 4 5 3 3 10 8 1 6 2 4 7 9
800 9 2 4 9 6 8 10 8 7 3 10 7 2 6 6 2 7 7 10 5 1 9 1 3 1
761 8 8 10 1 2 3 5 7 6 6 4 5 3 10 1 7 2 4 1 2 7 6 6 10 9
902 5 8 4 6 2 1 1 4 6 7 6 8 10 8 4 7 9 8 2 10 9 6 2 7 7
800 9 8 5 2 5 1 3 3 7 3 5 5 3 10 6 10 10 3 4 1 6 8 8 8 7
939 1 9 7 4 9 10 8 6 4 4 10 4 1 10 8 5 4 8 3 6 8 10 8 10 10
743 9 5 1 4 1 3 7 1 4 1 10 2 10 10 1 4 5 5 9 8 4 6 8 3 6
15
874 10 5 2 7 1 7 3 1 3 7 4 2 7 7 10 5 10 10 10 9 6 2 10 1 5
885 2 7 9 8 2 9 1 9 3 8 2 2 3 8 10 4 9 9 5 9 8 1 3 1 10
786 5 5 6 2 6 3 7 4 10 7 8 2 2 3 10 6 8 4 2 9 3 9 5 9 2
763 10 1 6 5 1 1 9 5 3 5 7 6 7 8 4 2 1 7 7 10 9 4 6 6 3
842 6 2 6 4 1 5 7 8 4 10 8 9 7 6 4 10 5 6 1 7 7 7 4 6 4
715 7 5 5 5 5 2 7 9 3 8 6 2 7 2 2 4 9 4 5 8 2 6 4 1 10
864 5 4 5 6 10 8 10 1 5 1 6 9 4 7 4 8 9 9 9 8 10 2 10 7 1
654 7 4 4 9 1 1 4 1 5 2 3 1 1 2 10 4 3 8 6 8 10 6 7 4 1
939 9 4 6 4 2 9 9 10 2 2 8 9 8 2 8 5 5 8 9 9 7 10 6 10 9
932 9 3 9 4 2 8 3 1 9 10 5 3 6 9 9 9 10 3 2 7 8 4 6 2 10
797 8 5 4 9 6 3 4 1 7 4 6 9 7 3 4 1 9 5 8 10 9 4 10 3 5
766 5 2 10 9 6 2 10 3 1 7 8 8 8 5 1 2 3 3 4 9 5 2 9 3 10
711 6 2 4 5 8 10 7 9 6 6 3 1 7 4 8 7 9 3 8 5 3 5 2 2 4
660 9 7 4 10 2 4 9 4 2 2 2 10 9 1 10 7 4 2 3 6 3 3 2 8 4
915 6 6 6 7 1 7 10 10 6 8 2 9 8 4 7 3 8 3 5 9 3 10 10 5 7
15
701 4 8 2 8 2 2 5 2 8 7 6 5 4 2 1 6 3 3 10 7 1 10 2 10 1
605 1 3 9 5 1 2 8 6 1 1 3 2 6 5 6 4 9 5 10 1 6 9 6 4 5
644 5 1 9 9 1 9 1 1 5 1 8 1 2 9 7 4 3 1 4 9 4 2 2 1 1
697 8 2 9 7 4 8 9 9 9 10 1 5 5 1 2 2 4 4 7 3 1 5 5 9 4
689 2 5 3 6 6 4 10 9 1 3 4 8 5 6 3 5 3 5 4 1 7 7 2 4 9
708 4 2 5 7 1 1 1 3 6 7 2 6 6 7 8 10 3 8 8 1 5 3 6 10 8
698 7 9 2 1 4 1 9 1 7 4 10 6 1 6 9 5 9 1 3 4 7 3 1 3 1
749 10 3 7 2 5 1 1 9 2 8 5 9 10 10 2 2 9 3 1 2 2 3 10 1 7
724 1 4 2 4 10 4 10 2 1 6 1 4 5 3 10 2 9 10 7 9 5 8 3 10 6
685 1 3 7 9 4 7 6 8 6 9 5 8 7 2 7 3 1 2 1 6 3 1 1 2 5
701 1 6 6 5 9 1 3 3 7 1 3 4 7 8 1 9 4 6 10 1 3 7 7 7 10
773 2 5 9 1 5 5 3 4 7 5 4 10 2 7 4 9 2 6 5 1 9 1 2 9 9
772 2 7 6 9 4 1 4 9 4 4 4 4 7 10 2 7 3 7 8 2 7 8 9 1 6
680 8 5 1 10 3 9 4 8 3 2 6 2 3 2 1 5 6 7 4 8 3 9 6 4 3
775 6 3 4 6 9 8 7 6 1 4 4 8 8 4 1 4 6 2 1 9 9 9 1 1 9
15
654 7 2 1 3 10 7 3 7 9 4 2 6 8 2 2 7 7 4 8 6 5 1 8 8 5
787 2 3 10 1 6 8 8 6 2 7 3 4 9 3 9 6 7 9 5 4 8 8 5 10 6
731 10 7 3 10 1 10 3 2 1 5 10 2 6 5 3 6 6 7 4 1 1 3 8 9 7
691 6 4 4 9 8 3 6 8 2 4 6 6 3 6 9 6 6 2 10 8 3 2 2 3 3
805 10 1 6 2 4 6 5 4 4 2 9 3 1 6 5 2 10 2 6 10 5 5 8 6 9
486 2 5 4 3 3 1 10 2 5 2 2 3 4 4 4 6 2 2 7 9 1 2 6 3 7
855 6 4 9 9 6 4 9 2 7 8 2 7 10 1 2 5 10 9 9 9 8 4 8 6 6
782 6 4 6 4 6 1 9 5 3 10 9 4 1 5 3 10 6 7 4 3 6 3 1 9 8
916 1 5 8 7 7 6 5 8 1 9 8 10 4 4 7 10 7 7 2 8 7 5 10 3 4
947 7 8 1 8 3 10 2 7 4 6 8 10 7 8 10 4 6 6 7 4 10 6 4 2 6
723 4 1 4 5 2 4 1 5 6 7 9 9 4 2 9 1 9 3 1 9 6 3 1 3 2
841 8 10 4 8 5 3 10 2 8 2 7 3 7 9 10 5 5 9 2 10 1 7 7 3 3
835 1 8 4 7 7 3 1 7 10 6 6 9 10 1 5 4 8 9 8 6 6 6 1 4 2
726 1 1 7 7 3 9 10 4 6 2 5 4 8 3 3 6 4 8 1 5 10 2 10 10 6
804 4 9 7 3 10 1 6 8 4 4 4 5 2 9 6 4 3 8 1 2 9 5 8 5 10
15
596 2 3 3 6 6 4 4 1 6 7 3 9 8 3 5 1 1 8 7 9 1 1 2 6 2
691 3 2 8 5 2 8 8 2 8 3 9 7 7 1 1 3 9 8 2 7 1 1 3 7 10
806 2 3 4 1 8 2 10 1 10 1 10 10 7 3 8 9 4 8 2 8 2 7 4 10 6
604 2 1 4 2 1 1 1 3 1 5 4 1 6 3 2 9 5 9 10 6 3 9 3 2 6
669 1 9 4 9 1 2 4 10 3 1 10 6 5 1 7 7 10 5 4 9 3 4 2 5 2
834 3 8 5 4 10 10 6 4 1 9 8 6 4 9 8 2 8 4 7 1 3 8 2 8 2
858 3 6 3 4 6 10 6 5 5 7 5 10 4 9 6 2 1 9 2 7 6 10 6 8 2
801 3 10 6 2 8 4 4 4 5 10 4 9 4 5 10 5 2 4 1 10 1 6 10 10 5
732 10 7 5 1 3 2 4 9 1 1 3 9 10 4 2 7 10 3 1 2 10 10 2 3 4
739 3 3 5 3 1 4 5 3 7 6 4 7 6 5 7 7 3 7 8 7 4 5 7 5 7
678 4 4 2 1 1 9 2 5 9 7 6 5 2 3 3 5 8 5 6 2 9 4 4 2 4
794 10 4 10 7 8 2 3 4 8 1 5 1 7 1 3 4 10 7 10 3 8 10 7 10 10
725 2 10 9 3 3 9 6 9 5 5 7 3 4 4 5 2 10 4 10 2 7 8 7 6 2
728 2 7 6 9 5 8 4 3 6 1 3 1 8 9 3 9 10 3 1 2 8 5 4 3 6
788 2 3 3 10 1 6 10 7 2 10 5 2 6 7 1 3 9 7 6 1 5 9 3 1 9
15
678 3 1 6 7 9 3 1 7 10 1 4 6 3 10 9 1 2 3 6 2 8 2 9 10 6
754 2 6 1 3 9 1 6 6 3 8 2 2 7 2 10 2 6 10 10 4 7 9 4 3 7
834 4 10 2 5 10 6 5 4 9 10 6 4 10 2 1 10 8 10 10 6 1 5 8 1 6
979 10 8 5 7 1 2 1 4 9 10 7 10 9 9 9 10 3 5 4 6 3 4 9 3 5
776 5 8 8 4 3 2 1 4 5 6 1 3 8 1 3 4 5 7 3 8 9 10 9 10 7
789 2 1 8 4 7 3 8 6 3 7 2 4 10 9 10 10 4 3 2 4 4 7 5 7 7
937 1 5 5 8 8 7 9 9 3 8 10 8 10 1 2 6 6 10 6 7 5 10 7 7 7
836 8 2 8 10 6 5 1 8 4 2 9 2 5 6 3 8 3 1 3 10 10 6 10 5 6
774 4 6 10 9 6 9 6 4 9 1 5 9 7 8 10 2 3 3 5 1 5 3 2 1 8
645 5 7 2 1 8 10 6 7 8 4 1 6 9 3 3 2 3 1 1 2 3 7 8 9 3
905 3 8 6 9 10 2 6 8 10 9 8 4 8 9 2 1 6 2 2 10 4 10 6 1 8
827 10 4 5 5 10 1 2 6 2 2 8 10 5 6 1 7 7 8 9 9 7 9 2 3 3
751 8 7 8 2 1 1 3 4 10 4 7 2 4 6 4 7 7 9 3 6 8 2 7 3 5
795 6 7 10 9 6 10 5 10 10 3 8 5 9 2 4 7 2 1 9 9 2 5 1 9 8
862 2 9 9 8 2 3 2 7 2 10 7 1 8 10 5 2 5 7 4 1 5 9 5 9 9
15
814 3 8 4 7 6 1 10 5 1 2 4 7 10 4 2 10 8 8 10 9 6 7 5 4 8
826 4 2 8 9 9 9 5 10 2 7 1 6 8 4 10 10 2 8 6 10 2 2 5 3 5
895 8 6 6 7 7 8 10 10 1 9 4 9 10 7 2 9 2 5 7 9 4 3 9 8 5
717 5 7 7 8 7 3 8 1 3 4 9 10 3 1 6 4 6 5 8 1 6 4 7 5 7
720 3 5 5 2 9 3 6 3 8 2 9 4 4 8 4 4 8 5 7 9 5 5 2 5 2
661 6 5 5 1 7 9 2 8 6 10 4 7 6 1 2 9 2 1 8 2 3 3 10 1 6
754 2 1 6 8 4 2 7 10 5 6 10 4 5 6 3 1 5 1 1 6 8 7 6 3 6
775 10 8 6 3 8 9 1 5 7 1 8 6 9 2 1 1 10 6 6 6 1 9 3 5 5
671 6 10 5 6 4 4 10 6 9 3 5 1 2 8 7 4 5 2 5 7 6 2 6 3 2
644 1 10 9 3 5 7 10 3 10 4 2 2 9 2 10 3 9 5 8 5 3 1 3 4 3
901 9 6 4 4 8 3 9 2 9 5 7 10 1 10 10 5 5 1 8 7 6 10 8 1 8
902 5 10 9 7 3 8 4 5 4 6 8 10 4 8 5 6 9 3 7 3 5 7 6 10 1
901 6 10 2 10 6 6 8 6 10 4 2 9 7 8 4 3 8 3 7 8 10 7 10 5 6
916 9 4 1 3 4 3 8 8 5 10 8 5 5 8 10 1 9 1 3 2 8 8 3 10 9
825 3 5 1 5 5 10 2 5 1 10 8 6 10 6 10 1 3 10 4 6 1 1 9 5 8
15
690 4 1 2 4 3 7 9 1 10 9 2 6 8 3 2 8 2 2 10 5 8 9 6 1 3
769 2 4 1 7 5 7 2 5 10 1 1 10 2 6 1 3 9 7 6 9 6 10 6 2 4
864 10 6 4 6 5 6 7 3 7 9 10 7 4 5 10 8 2 1 10 7 9 4 3 3 7
588 5 3 4 4 8 4 3 5 3 1 1 2 8 4 5 1 4 2 9 2 10 6 2 6 8
753 4 2 9 3 3 5 9 2 10 5 1 9 1 7 9 1 5 10 2 6 6 1 9 2 1
743 6 6 2 7 2 4 1 8 5 3 2 7 8 3 2 7 3 4 7 8 10 5 7 9 7
899 1 1 9 1 6 10 7 8 8 5 5 6 8 9 10 6 10 2 3 8 10 5 1 8 8
786 2 8 8 4 8 5 7 6 1 7 5 2 7 7 7 5 8 8 3 7 5 6 6 8 4
718 4 6 6 8 6 2 4 9 4 9 1 6 1 5 4 3 2 8 1 5 1 2 7 5 10
909 5 9 6 8 2 2 4 9 10 6 6 7 4 7 7 10 10 5 7 9 1 10 6 8 2
876 2 1 9 8 7 9 10 10 5 10 4 2 4 9 10 2 4 7 2 9 7 1 9 8 9
812 6 2 3 9 10 9 7 6 3 3 5 6 7 8 8 9 5 3 10 4 10 6 1 8 5
766 3 9 3 5 9 1 7 10 6 5 5 4 8 8 1 2 9 9 1 4 7 8 8 4 3
765 3 1 7 3 7 10 5 2 6 6 6 1 9 2 3 10 6 9 4 5 8 6 1 3 9
789 3 6 10 3 7 4 3 7 8 10 3 1 1 6 1 3 1 9 1 8 6 10 3 2 5
15
857 7 10 9 8 10 9 1 8 1 9 3 2 3 10 10 5 4 6 9 1 5 1 6 7 6
841 6 9 10 4 7 3 3 2 7 7 10 4 7 7 5 5 2 2 4 10 6 9 6 4 4
831 3 5 8 4 5 1 9 8 7 6 9 4 10 2 7 6 8 1 7 9 3 8 10 5 8
691 5 2 7 2 6 3 3 4 10 1 1 7 10 9 2 7 1 8 6 6 1 1 8 10 3
819 6 8 8 3 2 2 6 8 3 9 8 7 6 9 8 4 6 1 4 3 9 2 2 6 10
747 1 9 9 7 2 4 8 8 4 6 3 7 10 6 3 2 4 3 4 7 6 1 5 8 6
583 4 9 6 5 9 5 3 6 7 1 3 2 9 1 3 5 1 1 3 1 4 9 6 9 7
831 6 4 9 3 1 7 9 6 8 10 7 3 9 2 6 5 7 7 5 7 10 6 5 6 1
930 8 10 9 5 7 10 9 6 8 4 9 8 9 7 3 3 3 3 9 10 2 7 9 7 2
820 7 10 10 2 4 10 3 3 3 6 8 9 6 7 9 4 4 2 1 4 5 3 3 3 9
679 4 3 3 6 3 1 4 4 5 6 1 1 7 6 7 7 7 7 1 5 5 10 4 4 6
688 7 7 10 8 9 4 1 2 4 4 1 1 6 7 8 8 9 4 9 3 2 4 2 10 3
762 5 2 6 2 1 10 3 9 4 4 2 10 10 1 1 4 9 4 8 10 5 7 7 6 8
754 8 5 6 5 7 6 5 7 9 6 6 4 6 1 9 9 8 1 3 5 7 8 4 6 1
745 9 9 1 7 5 2 9 5 1 6 7 2 1 5 1 1 1 6 1 5 1 10 10 10 10
15
827 5 5 8 3 7 7 2 1 1 9 10 4 4 7 2 3 2 6 2 9 8 10 2 6 7
901 7 3 10 3 6 10 2 2 6 9 6 10 1 8 7 6 8 3 9 10 7 3 6 7 5
788 1 6 3 8 3 10 9 5 1 10 5 8 2 7 9 7 4 2 7 4 5 8 1 1 2
738 10 7 6 10 10 6 4 10 5 5 10 2 5 4 1 5 3 1 5 2 9 3 7 4 7
582 1 6 10 7 8 2 8 1 2 1 1 9 3 4 1 5 9 1 4 1 5 1 10 9 7
861 9 10 3 1 9 5 8 2 8 6 1 8 10 10 5 6 3 2 6 8 10 8 9 8 1
794 3 4 1 4 8 7 6 4 8 9 2 7 9 5 5 1 1 9 2 2 10 8 2 8 9
786 5 6 10 7 6 9 7 3 2 6 1 3 3 8 5 4 3 3 1 4 8 8 5 9 9
779 1 4 2 2 7 4 9 7 9 1 8 3 10 10 2 9 3 9 9 3 3 5 7 8 7
774 4 10 4 10 7 2 7 2 9 1 2 2 8 8 2 2 8 9 7 4 10 2 1 8 8
883 1 4 4 4 9 8 1 9 6 5 10 2 8 10 4 8 4 2 4 9 3 10 8 5 10
687 1 3 8 9 9 5 9 7 5 6 7 8 9 4 1 4 7 6 4 2 1 2 1 1 10
680 3 5 5 8 4 1 6 8 5 9 5 6 9 3 6 2 4 3 10 6 6 2 7 7 3
908 10 3 5 7 3 7 9 10 1 6 10 7 9 7 4 7 7 3 5 9 4 8 5 1 6
697 7 2 2 2 2 1 9 8 3 2 1 1 10 5 5 6 10 10 2 9 3 7 2 5 5
15
865 4 6 7 8 10 3 1 9 7 7 1 9 9 5 9 5 2 7 3 6 3 10 4 10 7
726 8 1 6 4 9 2 7 5 7 4 8 9 4 3 2 1 6 1 4 6 9 4 7 5 1
730 3 5 3 10 2 3 5 5 6 2 8 1 8 5 3 4 8 2 6 3 8 7 6 4 10
760 1 1 10 3 9 9 3 8 1 7 6 1 7 10 8 1 3 6 8 5 7 3 7 10 9
668 5 4 7 4 4 2 6 2 6 3 7 5 6 6 3 2 6 4 3 1 1 10 7 7 8
763 6 10 5 2 9 2 6 4 6 7 7 6 3 7 2 5 7 5 5 8 1 3 8 4 7
709 4 7 1 2 8 4 10 7 2 5 5 8 4 3 3 8 8 7 3 1 5 2 10 3 9
787 8 4 4 8 8 10 1 9 7 2 3 6 3 10 2 2 7 7 7 7 3 2 7 10 4
776 9 1 1 10 3 7 3 4 5 7 8 4 2 1 5 5 10 6 7 2 10 6 4 2 7
700 9 3 8 2 8 10 2 10 4 8 1 4 2 1 6 3 7 1 3 8 9 3 5 1 6
728 4 10 8 6 4 6 10 5 8 4 2 9 7 3 1 9 7 7 3 2 6 1 2 2 7
933 8 7 6 8 7 5 5 7 8 10 1 8 7 3 10 10 5 6 7 10 6 4 3 6 6
791 8 5 8 1 1 5 6 7 9 5 2 10 10 6 10 2 1 1 8 3 4 10 10 9 2
801 2 1 3 7 1 9 10 9 2 9 8 4 1 2 8 10 5 7 2 6 5 5 2 10 10
772 10 6 1 6 5 8 7 1 10 6 7 2 3 5 4 4 4 4 5 7 9 2 1 5 6
15
894 6 1 10 3 7 1 9 6 10 2 8 9 2 7 10 3 6 6 5 9 3 4 8 9 9
643 5 2 7 10 2 5 2 7 5 2 2 6 4 10 10 5 4 1 6 1 2 4 2 1 2
901 9 6 3 6 1 5 7 10 1 6 4 5 8 9 7 8 6 8 1 4 10 6 10 7 3
611 6 4 5 8 5 7 4 2 10 1 4 3 5 6 2 3 2 3 5 2 6 6 9 4 3
943 9 3 10 9 10 9 7 3 1 8 6 6 10 5 9 7 8 6 4 5 1 6 2 9 9
891 10 5 8 8 9 4 10 4 7 5 10 5 9 4 10 3 9 7 7 4 5 1 1 7 5
735 3 2 8 6 1 2 4 3 10 3 7 8 1 10 2 3 4 2 2 8 1 6 9 5 5
743 8 10 2 3 2 8 1 2 9 5 5 5 8 4 3 8 4 2 10 1 6 5 1 1 9
725 7 4 3 2 6 8 9 1 1 2 10 6 7 6 4 9 2 3 5 5 1 7 7 6 6
812 4 3 8 9 3 3 9 10 9 6 9 9 1 1 10 7 3 5 5 9 4 2 10 1 10
857 4 2 9 7 1 7 5 10 5 2 8 4 8 5 9 4 5 7 10 2 6 9 5 8 7
792 7 3 2 5 2 8 3 1 10 2 8 7 7 2 4 3 5 7 8 7 8 7 9 1 6
903 4 5 7 1 1 6 2 8 7 7 4 6 1 10 5 9 5 9 3 7 7 7 4 10 8
773 10 8 7 4 4 7 2 8 1 5 3 1 7 5 5 4 9 7 9 3 7 7 4 4 6
717 6 8 10 1 1 9 8 8 2 8 9 3 8 2 2 2 1 5 1 7 1 9 4 4 5
15
857 8 8 7 10 3 2 1 6 7 9 8 8 1 6 6 10 5 3 3 9 1 1 10 7 4
688 1 1 1 3 1 2 10 5 7 1 8 1 6 7 9 5 6 1 7 9 2 9 9 6 8
956 1 3 8 1 4 6 9 4 3 10 9 9 10 4 4 9 5 10 3 8 10 10 4 10 8
746 1 3 8 5 10 4 9 7 9 3 2 5 2 4 8 7 7 9 10 1 8 1 8 7 7
757 3 4 2 8 6 9 6 10 4 2 9 1 2 1 5 4 2 10 8 10 4 8 6 3 6
786 6 9 9 4 8 5 6 8 7 8 1 10 6 5 5 1 4 1 3 3 5 9 2 10 2
815 10 6 1 9 6 9 9 3 8 1 9 4 5 6 5 6 3 7 7 6 7 5 10 7 5
962 9 2 2 8 2 2 2 8 5 6 9 9 10 9 9 6 10 9 3 6 5 6 7 2 7
673 3 9 9 7 2 8 4 6 9 2 9 1 3 1 5 2 2 5 2 8 4 9 5 7 1
976 5 9 8 5 1 9 3 1 9 3 8 6 9 8 2 8 10 6 6 7 10 10 8 9 8
695 8 8 8 7 2 3 8 9 2 9 1 10 2 2 6 8 5 5 8 7 3 1 9 2 1
849 8 6 9 10 10 4 9 7 5 5 9 10 8 2 9 5 5 1 4 7 7 8 10 2 3
641 10 8 2 1 4 2 2 4 6 5 7 4 4 1 1 2 3 3 1 1 8 5 8 6 10
817 1 8 3 10 4 10 8 9 10 9 2 10 10 3 3 5 1 5 7 3 8 8 6 4 9
904 9 6 8 3 8 7 1 7 5 3 5 4 5 9 10 5 6 9 2 10 5 3 7 6 8
15
643 2 10 9 4 8 2 7 9 7 3 1 6 9 4 6 2 8 1 1 2 3 4 6 10 6
804 4 6 9 9 6 7 3 10 5 6 6 3 3 3 1 2 8 9 6 1 9 2 5 7 8
862 7 10 9 6 9 7 4 6 4 7 5 8 4 1 10 7 5 1 7 5 8 9 3 9 1
920 8 6 1 4 8 4 3 5 9 8 8 9 8 8 2 2 9 7 7 10 2 9 7 2 7
673 5 3 8 4 9 9 4 2 8 7 2 2 2 7 5 1 9 2 4 5 5 3 3 6 6
837 2 5 8 10 9 1 10 2 2 9 6 6 8 6 9 8 5 3 10 4 3 9 8 3 7
871 1 6 8 5 3 10 7 10 7 5 10 6 6 9 9 7 3 6 3 7 4 3 10 8 2
852 7 3 10 10 4 4 10 10 2 6 10 7 7 8 2 10 1 2 2 3 4 3 10 10 10
742 5 9 3 4 1 3 5 3 8 6 6 3 3 5 9 7 8 3 10 2 1 8 4 1 10
874 6 8 3 9 5 8 4 8 10 1 7 7 4 10 10 2 3 10 1 2 5 7 10 7 5
836 6 5 5 10 7 2 5 1 10 3 4 9 5 9 8 1 8 3 1 6 10 3 2 8 4
932 6 9 1 1 7 6 8 5 1 10 9 9 4 10 8 9 6 9 1 5 1 5 3 3 6
730 8 10 4 3 6 6 9 10 5 9 5 6 5 1 2 2 1 4 4 9 4 7 1 10 3
642 2 4 6 5 4 7 10 6 2 6 3 1 1 3 3 7 5 8 4 1 8 10 6 6 5
879 7 10 6 4 10 6 4 7 1 7 5 9 8 6 8 3 1 10 7 4 10 2 4 4 6
15
638 9 7 10 1 10 1 3 2 1 3 7 2 3 5 4 4 1 1 9 7 2 4 4 7 7
752 3 4 1 10 7 7 5 9 6 8 8 4 10 1 7 2 6 4 3 5 9 3 4 7 8
871 6 6 10 5 1 10 3 9 9 3 7 10 5 1 4 9 4 7 10 5 3 10 2 7 9
820 9 8 3 7 8 5 8 2 5 6 7 10 8 1 6 10 10 3 7 1 2 9 8 7 2
737 3 3 4 1 1 7 1 5 6 6 1 9 5 7 10 2 3 9 2 7 2 7 4 1 3
883 10 3 10 9 10 10 5 9 1 9 2 6 5 5 7 1 5 7 10 5 2 7 5 10 6
746 10 5 8 4 5 4 5 4 3 5 8 5 8 2 4 4 8 9 9 8 6 1 2 1 3
750 1 9 8 2 8 10 3 3 10 1 6 7 2 1 8 2 3 10 4 9 9 1 10 4 5
790 6 7 4 6 4 8 6 1 8 5 9 5 8 7 5 5 5 3 3 7 6 5 7 6 4
902 1 7 5 10 10 10 5 2 5 10 4 9 9 4 9 8 9 5 3 1 10 10 8 9 6
832 10 5 2 4 7 3 10 1 5 6 2 9 8 9 5 3 2 9 9 9 3 9 7 9 3
790 8 10 5 4 8 3 3 3 6 9 3 2 2 8 3 10 7 2 6 7 8 6 10 4 5
862 9 3 9 6 5 5 9 3 4 5 3 8 3 7 9 5 4 8 8 1 1 9 10 9 9
877 8 9 2 7 3 2 3 9 2 7 4 7 10 4 5 8 7 5 6 8 7 6 2 9 10
848 1 10 9 2 4 6 5 9 5 3 10 6 3 5 5 7 8 9 9 1 6 8 4 3 8
15
775 8 9 8 8 5 5 1 1 5 6 4 1 4 5 2 8 5 4 10 9 5 10 1 8 2
740 1 1 4 6 2 3 4 7 4 3 10 3 2 10 10 9 9 6 1 1 2 3 8 7 5
766 4 4 8 10 9 3 1 2 5 1 6 1 5 3 2 3 8 9 10 10 6 5 7 5 10
662 7 3 8 5 2 3 1 1 5 4 9 2 5 7 5 2 1 3 9 3 5 1 7 10 9
961 8 6 6 5 7 4 7 4 7 5 8 4 4 10 10 3 7 10 8 7 4 4 9 4 7
970 4 6 4 5 6 6 9 9 6 9 9 10 4 10 4 7 10 3 3 1 9 8 6 7 10
753 4 5 1 9 4 7 7 5 10 10 2 10 1 8 7 2 10 1 2 1 4 1 3 7 9
893 10 4 5 2 5 8 7 5 3 8 9 4 7 9 1 6 10 8 1 9 4 2 3 4 10
735 1 5 8 6 4 10 6 3 1 2 2 5 3 3 4 10 5 8 1 9 9 4 8 9 7
668 10 6 2 8 3 7 2 5 3 3 4 4 2 1 1 2 4 9 8 3 6 6 9 4 8
821 3 4 9 3 10 9 3 8 10 4 6 8 10 5 4 6 2 4 5 10 10 7 7 5 1
917 6 10 10 6 8 3 9 3 10 1 7 3 3 6 7 7 9 2 7 8 9 10 6 9 7
750 1 1 10 3 4 8 10 10 7 6 3 9 5 2 4 5 7 9 8 8 4 1 4 6 10
831 5 10 5 7 7 7 3 1 9 7 10 3 8 7 3 4 9 1 1 5 2 4 6 3 9
758 3 8 8 10 5 1 6 2 9 1 10 5 9 4 7 8 4 5 5 3 7 4 3 7 7
15
661 4 9 1 9 4 3 6 6 4 2 9 3 7 4 2 2 3 3 7 4 5 7 10 4 2
847 6 7 2 4 8 6 2 4 4 1 2 10 8 6 6 10 7 10 2 5 2 5 10 8 10
730 4 5 1 6 7 8 7 6 6 6 1 7 7 3 1 10 8 9 2 2 7 1 1 2 7
724 4 5 2 9 9 3 3 6 7 6 8 8 1 1 5 3 2 5 3 6 9 2 5 3 5
832 6 3 4 4 4 1 3 8 6 6 2 6 2 10 9 3 9 7 9 8 3 9 2 8 3
672 8 3 3 2 1 3 5 10 7 7 2 3 4 3 9 9 4 4 7 10 7 1 7 7 1
703 10 4 8 8 1 1 6 3 7 4 7 4 8 6 2 4 2 8 3 2 3 1 8 1 3
774 9 4 6 5 6 6 4 7 3 3 2 5 6 9 5 6 5 8 7 8 7 2 2 8 5
770 3 4 5 4 6 5 1 4 4 6 2 6 1 7 1 6 10 5 5 8 10 10 2 1 4
840 8 5 5 10 7 3 6 3 6 6 3 7 4 4 4 3 8 9 1 5 9 8 8 7 2
792 3 2 5 9 4 2 3 4 4 9 10 2 9 10 1 1 10 10 2 2 5 3 9 8 3
895 4 4 6 6 2 5 5 5 3 10 9 9 1 10 6 1 1 4 9 9 9 8 7 3 4
821 10 3 3 2 1 3 3 2 7 5 8 7 9 4 10 10 7 3 3 9 7 4 4 8 5
833 8 7 2 1 10 3 6 7 2 10 1 8 9 8 8 9 8 1 4 1 7 6 9 10 2
755 4 5 7 4 6 3 2 5 10 8 7 2 3 1 10 10 6 8 6 2 3 3 10 7 5
15
864 6 6 6 5 5 2 4 6 10 5 4 7 7 10 4 4 10 5 3 4 10 7 3 2 5
796 4 6 3 7 4 2 10 7 1 9 3 10 4 2 5 7 9 8 10 5 5 1 1 1 9
843 5 8 8 3 2 10 5 10 1 4 6 10 1 9 6 2 4 1 3 9 6 8 9 4 8
905 7 8 7 6 6 10 5 4 5 10 1 5 4 6 9 2 8 6 1 8 10 4 8 2 7
745 4 7 2 4 8 10 4 10 1 9 5 9 8 4 5 3 4 5 2 3 4 6 1 3 2
789 1 3 5 10 9 3 5 5 8 6 7 9 8 9 2 9 8 2 6 2 5 4 9 9 8
815 7 3 5 2 5 2 3 5 5 8 1 4 10 9 4 3 4 9 9 7 5 7 7 8 2
744 10 9 2 1 10 2 1 4 4 10 1 5 2 2 2 6 6 4 6 9 9 8 3 6 5
855 7 9 4 6 3 6 5 10 1 6 6 9 2 4 3 1 3 7 9 9 4 7 6 4 8
763 7 9 10 9 3 4 7 10 1 2 5 2 1 9 2 7 4 3 9 4 3 10 6 7 10
830 7 9 1 6 3 4 4 6 2 5 8 6 6 7 5 2 5 8 3 1 10 6 6 10 2
762 3 1 6 10 6 2 2 3 10 7 3 9 8 1 8 3 3 10 6 1 2 7 10 3 10
901 3 5 8 10 9 9 1 8 10 2 9 1 5 7 1 7 3 10 2 10 9 9 8 2 5
769 3 9 6 1 2 8 3 5 8 3 10 3 2 7 7 5 5 4 9 9 1 8 10 9 3
674 2 3 3 1 2 10 5 2 2 1 8 5 9 5 2 10 1 5 5 7 5 7 3 7 10
15
666 3 1 10 10 5 6 2 2 2 2 6 9 2 5 4 2 4 6 7 8 7 3 6 1 2
895 2 1 1 10 10 3 3 9 8 6 7 9 9 6 7 7 9 1 6 10 8 7 5 10 10
785 1 2 10 4 1 1 5 8 9 10 6 3 10 3 3 5 2 6 1 9 4 7 6 3 10
991 5 6 10 4 7 5 7 5 8 9 8 9 5 10 8 3 8 9 8 4 7 8 7 7 5
768 1 1 9 5 3 1 9 2 7 5 4 8 5 10 4 10 7 10 8 3 7 5 3 9 4
753 4 1 6 4 2 9 3 7 3 3 7 4 2 9 1 5 10 5 5 6 4 9 4 1 9
907 9 7 5 10 6 9 8 6 2 6 3 9 3 9 6 6 2 3 10 6 9 10 1 3 9
870 10 4 2 6 5 2 4 9 5 7 8 9 8 1 8 9 10 6 3 10 7 2 8 7 1
777 8 4 7 6 7 1 1 7 6 7 2 8 3 10 9 3 3 4 7 1 7 5 6 2 6
780 5 2 6 3 8 9 2 8 2 7 10 3 3 2 7 9 7 4 7 3 10 10 3 3 3
719 10 2 4 3 3 2 3 6 6 6 9 2 1 2 10 7 2 2 4 6 5 10 1 5 4
791 9 10 9 8 3 9 1 4 2 1 5 3 10 3 3 8 10 7 5 5 2 5 9 6 7
702 8 5 1 2 10 10 10 10 2 2 3 4 10 7 3 6 7 3 7 2 6 7 5 8 4
684 6 7 1 9 2 1 1 1 6 2 1 3 7 7 8 7 9 2 8 4 5 5 8 8 2
832 3 6 10 6 6 8 6 6 3 5 8 6 9 6 4 10 6 6 10 7 8 3 6 1 4
15
910 10 7 2 8 8 6 9 9 10 1 5 3 4 9 8 7 4 9 4 9 4 10 5 10 3
807 7 5 6 1 5 1 9 3 4 4 8 10 5 7 1 7 9 2 9 4 1 6 3 6 10
780 2 9 1 3 9 7 2 7 6 6 10 4 6 4 2 8 4 7 8 1 3 10 5 4 10
756 5 8 5 1 5 7 10 1 2 1 9 3 7 2 6 5 8 10 4 5 6 10 3 7 7
709 1 9 7 6 2 8 3 7 6 5 2 3 9 7 6 1 5 8 9 1 5 6 5 2 5
796 4 3 3 5 1 3 7 4 2 6 9 8 5 6 4 3 1 10 3 10 9 3 9 5 8
750 9 8 3 4 8 7 4 4 1 1 4 7 1 4 1 8 5 6 3 10 10 9 9 8 3
704 5 3 5 4 8 10 2 5 8 4 3 7 8 7 8 3 3 3 3 5 1 1 9 9 8
774 3 10 7 10 2 9 9 1 8 7 6 10 7 3 10 8 4 3 3 5 4 1 2 9 5
906 7 2 2 8 4 7 7 10 9 6 9 10 6 6 1 7 9 6 5 4 9 4 9 8 4
739 5 1 9 9 3 9 2 1 2 8 6 1 6 5 7 5 7 3 9 5 6 6 10 6 8
864 7 1 10 10 5 7 8 10 5 8 2 9 1 5 10 10 3 1 2 3 9 9 1 7 9
794 1 8 8 5 9 6 2 4 8 2 8 9 5 7 9 1 3 3 1 6 3 10 5 5 9
742 6 5 3 10 9 6 6 8 3 2 8 4 1 9 4 3 8 3 8 1 2 7 6 6 2
953 10 8 8 7 10 10 5 3 9 9 9 1 7 6 2 10 5 1 3 10 1 9 7 5 8
15
848 10 1 4 2 9 4 3 7 8 5 7 2 7 3 5 1 1 8 8 9 7 10 1 4 10
755 2 3 5 7 8 5 4 9 1 9 7 2 7 7 1 3 4 6 3 4 10 5 2 4 5
908 4 6 9 6 4 4 4 8 5 10 3 6 8 10 8 7 7 7 1 9 2 7 8 10 1
680 6 1 5 8 4 7 8 1 9 9 9 1 4 1 1 6 3 2 6 6 10 8 9 1 3
609 3 1 5 7 9 3 7 1 1 10 6 3 2 1 4 2 5 10 2 5 3 2 8 1 5
665 4 8 1 6 8 5 2 1 1 4 4 4 10 5 2 5 7 3 6 5 1 3 10 1 9
835 9 10 3 8 4 8 6 2 10 9 8 4 5 1 4 7 1 3 5 2 9 8 7 8 3
740 4 2 8 5 9 9 10 4 2 4 3 6 9 9 2 6 3 8 4 10 3 3 5 3 1
805 8 4 9 6 4 9 1 9 4 3 4 2 2 4 10 5 8 9 5 6 5 3 7 1 10
751 1 10 5 2 6 2 9 9 9 10 5 3 7 1 5 3 3 4 8 6 10 8 4 2 9
782 9 4 7 9 9 4 9 1 5 10 9 2 4 1 8 9 6 4 4 9 1 3 3 6 8
729 2 5 6 1 3 2 5 10 3 6 2 7 1 7 3 2 10 5 6 4 6 7 5 1 7
920 1 7 10 5 7 6 4 5 7 9 3 10 7 10 9 4 10 3 2 2 4 10 6 6 9
771 2 10 8 4 5 6 8 5 10 2 10 1 7 6 10 1 1 4 10 2 8 4 8 3 10
652 3 10 6 9 3 1 9 7 4 4 6 6 1 5 3 4 6 1 6 3 9 6 4 2 1
15
711 2 3 2 9 1 1 1 8 7 2 5 9 10 2 10 5 4 4 6 3 7 10 1 2 3
736 3 9 3 3 9 6 8 2 5 2 5 4 4 10 3 2 4 2 2 8 9 9 8 7 3
774 2 6 8 7 9 6 5 8 3 8 8 6 1 7 3 5 2 1 9 4 5 2 7 4 9
671 4 8 4 4 3 6 1 2 8 2 6 4 3 2 6 6 5 10 9 1 3 9 6 6 4
716 7 4 3 1 9 10 8 4 1 6 2 2 10 6 3 10 7 7 5 3 3 10 8 1 4
616 7 7 3 5 8 2 6 2 3 3 4 5 7 5 1 9 10 3 7 4 1 3 2 2 3
704 4 3 10 3 2 2 7 3 7 9 1 9 7 3 7 2 9 7 4 6 4 1 1 2 2
776 4 2 1 5 7 5 3 4 1 8 9 10 6 2 9 2 9 8 10 1 5 5 1 2 3
744 1 2 3 10 7 4 1 1 5 6 1 7 7 5 8 5 8 8 2 1 6 10 7 7 9
720 2 3 6 7 9 10 9 1 1 2 9 5 7 5 6 5 7 8 2 2 10 2 10 5 3
790 3 5 7 9 4 3 10 9 8 5 8 2 5 3 5 7 1 4 2 10 6 10 7 5 8
796 5 7 5 2 2 6 9 9 6 10 4 3 8 2 2 8 8 5 7 7 9 1 9 2 7
709 5 6 4 10 9 8 1 8 5 8 6 5 4 1 5 4 3 2 8 1 7 6 3 3 9
874 1 6 6 8 10 8 3 8 4 6 7 8 9 5 7 3 10 6 8 8 1 9 9 1 2
750 1 8 8 9 6 8 8 6 2 10 7 2 7 4 5 10 4 7 7 5 2 1 2 4 3
15
864 5 6 9 8 9 8 2 1 1 5 6 8 2 9 1 10 9 9 4 1 10 3 6 5 5
833 10 4 1 6 3 4 10 2 5 7 6 4 5 7 2 1 7 8 9 3 9 8 10 10 5
709 1 2 8 2 9 9 9 6 3 10 4 9 5 3 2 9 7 7 5 7 2 5 2 5 1
880 10 9 3 4 9 1 8 1 10 1 3 6 7 9 7 3 10 10 10 4 9 3 7 3 4
686 1 4 5 10 8 2 5 7 1 6 6 6 2 3 7 3 1 9 5 5 6 2 8 1 10
732 5 5 4 8 3 1 2 4 5 2 2 8 9 5 2 8 3 6 7 10 10 6 7 4 7
792 3 1 4 3 4 10 5 10 10 6 1 7 7 5 2 10 4 9 4 9 4 3 10 5 9
766 4 5 8 10 7 6 8 3 5 1 1 10 7 5 7 8 1 8 5 9 4 2 8 8 1
891 2 9 3 10 5 6 10 9 4 8 6 7 5 9 5 9 1 9 7 4 10 9 2 7 4
855 8 2 7 2 7 7 3 3 1 7 1 8 5 9 6 1 9 5 7 6 9 10 4 5 10
775 2 6 9 3 7 3 1 6 9 5 4 2 4 3 9 8 6 8 5 4 9 10 10 8 1
678 4 6 2 5 3 6 9 2 5 10 1 3 9 2 7 1 10 2 10 1 10 3 3 10 1
780 2 9 5 5 6 2 10 10 5 1 4 8 6 2 7 6 5 9 10 6 9 4 8 9 7
843 3 10 1 5 9 6 10 7 1 7 1 9 8 5 9 9 4 8 8 1 10 9 9 1 10
712 6 5 6 1 4 3 2 7 2 2 9 1 1 8 3 5 1 8 9 7 9 3 5 3 9
15
693 9 1 5 5 5 7 4 5 2 4 7 4 4 1 5 10 2 8 2 1 3 1 9 8 8
714 5 8 5 5 7 7 6 5 3 2 6 2 10 4 9 1 1 7 3 7 8 7 4 6 4
767 9 3 5 3 7 7 1 4 1 3 7 5 3 4 4 8 5 10 4 7 7 2 4 9 9
750 6 4 7 6 1 3 8 10 10 2 5 4 3 5 3 9 3 5 4 9 7 4 3 9 4
837 3 5 4 6 9 3 1 5 8 9 9 4 6 4 10 2 10 7 4 7 2 6 3 3 2
667 2 3 6 6 9 9 5 9 5 2 3 3 7 2 2 1 3 9 9 7 2 5 10 10 4
695 10 3 4 3 2 5 4 1 4 1 8 5 5 3 3 2 8 2 1 7 10 3 7 1 9
876 4 7 3 1 7 9 7 1 7 5 10 7 1 1 4 2 1 9 6 10 9 8 5 9 10
735 5 8 2 6 6 9 10 2 10 5 1 1 3 5 8 2 2 9 7 3 1 9 10 7 9
663 5 4 1 4 6 9 2 6 5 1 5 2 3 7 4 4 8 6 1 3 7 4 1 1 3
723 5 7 8 1 7 5 7 9 6 6 2 3 3 8 6 4 2 2 9 6 5 1 1 7 7
751 9 7 10 4 2 8 6 5 9 5 8 6 6 1 4 6 7 6 6 4 1 1 3 8 3
1017 5 10 10 10 5 4 9 2 5 9 9 10 9 4 4 5 3 10 10 7 9 8 3 8 10
760 4 5 5 7 8 4 2 5 5 3 1 10 7 10 5 3 9 2 2 2 7 2 3 4 10
723 4 4 4 8 10 6 2 8 7 2 2 7 1 6 3 10 9 4 6 5 5 4 5 3 5
15
864 6 4 2 1 3 9 2 9 2 5 10 6 8 8 8 9 10 5 3 6 6 5 2 5 4
701 1 8 7 6 9 1 5 7 4 2 4 4 2 3 7 2 10 10 6 10 1 6 4 2 6
799 7 5 7 5 9 6 2 1 5 10 3 10 9 2 10 4 8 4 7 1 3 5 6 2 9
786 2 6 9 4 7 8 8 7 1 1 9 7 9 3 1 10 4 2 10 8 8 9 9 9 9
650 8 2 6 5 1 1 5 9 4 3 3 8 6 4 1 6 2 1 8 5 3 5 3 6 6
767 8 2 4 2 3 4 9 6 5 3 5 9 3 1 7 6 4 3 2 7 10 6 4 7 9
884 6 9 10 5 1 1 8 9 3 3 6 2 8 7 8 9 2 10 9 10 5 10 7 2 8
748 5 8 4 2 3 5 1 9 1 8 5 10 3 8 5 10 3 2 2 10 7 2 8 9 1
837 6 4 7 5 8 9 1 3 7 4 9 5 9 9 1 4 1 9 10 10 4 4 1 5 7
785 5 3 8 9 3 7 8 2 9 4 5 6 1 3 9 3 10 6 7 3 4 6 4 5 4
848 4 9 6 8 3 7 6 1 7 5 3 2 2 9 4 7 8 5 8 10 10 8 1 3 10
773 2 7 8 6 5 5 7 1 6 10 5 6 7 9 3 8 5 3 10 6 5 4 9 7 4
839 2 5 2 10 7 6 6 1 9 9 1 10 10 4 7 4 4 8 6 8 10 3 5 1 6
833 7 8 2 9 1 4 10 4 3 7 6 9 7 2 6 7 9 10 2 9 10 4 6 3 1
725 6 3 4 8 4 4 8 1 8 9 4 2 7 5 6 10 6 6 2 1 6 8 1 2 2
15
980 1 10 7 8 9 8 7 2 9 8 7 7 1 10 5 7 7 9 7 10 8 1 1 2 9
929 9 4 4 6 9 5 3 8 4 7 7 8 2 4 4 5 6 8 7 10 3 8 7 5 9
791 4 8 9 6 4 4 7 9 6 4 7 3 9 9 1 5 4 10 1 7 5 3 1 1 9
809 10 4 7 2 8 4 9 9 2 3 8 1 5 3 9 1 8 10 5 6 3 9 3 10 6
800 3 5 2 9 9 8 3 9 9 7 6 1 1 9 10 4 9 3 2 1 4 7 9 10 3
684 10 3 7 10 6 5 5 4 3 2 2 2 9 5 8 7 7 4 8 3 10 3 6 2 1
878 1 6 7 5 5 10 6 1 2 3 1 9 7 9 9 10 9 3 10 7 9 3 5 10 10
640 2 6 5 9 2 1 5 1 6 7 2 5 2 2 9 7 3 7 6 9 5 2 7 10 2
879 8 4 2 9 10 5 6 5 3 2 6 10 4 10 10 9 6 3 6 6 7 10 10 10 2
781 7 3 5 2 6 7 2 9 1 10 2 6 8 6 1 2 4 8 8 6 2 3 2 7 10
914 7 10 10 2 7 5 8 3 5 9 10 7 1 5 8 7 5 5 9 8 4 1 3 9 7
1042 8 10 8 5 10 10 4 8 4 10 10 6 6 2 7 7 10 5 10 4 3 10 8 7 10
699 4 5 4 9 9 6 1 2 7 5 2 10 1 8 3 5 8 5 5 1 2 7 7 6 4
685 5 10 5 3 9 2 9 1 10 6 1 3 2 6 8 7 4 8 2 3 2 2 2 3 8
808 7 8 1 6 1 3 7 2 3 9 10 1 10 9 7 4 5 6 5 1 10 8 2 3 5
15
808 4 1 9 5 5 6 7 10 8 8 1 9 8 7 7 5 4 5 4 7 8 8 2 1 4
762 3 4 3 5 4 4 5 9 10 6 5 4 5 4 1 8 2 2 4 8 3 8 10 8 9
811 2 5 6 8 10 10 7 6 7 9 8 7 4 7 3 7 7 2 8 7 9 1 2 2 5
834 3 4 6 5 2 9 4 7 1 5 3 8 2 10 2 5 7 9 4 10 4 8 8 5 3
714 1 6 6 10 4 5 1 6 9 2 1 10 4 3 8 3 8 3 6 3 9 6 5 5 4
786 2 1 6 7 9 6 4 9 4 7 6 2 6 8 4 4 3 7 2 7 3 7 6 10 7
943 4 9 9 7 6 9 10 5 1 6 10 5 3 4 6 6 10 8 9 10 8 9 8 1 6
753 8 2 3 10 3 3 8 6 8 6 6 4 7 5 6 9 4 2 8 5 1 9 3 7 5
819 3 3 1 5 8 6 2 8 4 2 8 10 3 4 7 1 4 10 3 7 1 9 1 10 9
797 9 10 9 7 4 2 5 10 8 2 6 5 7 2 8 8 6 1 3 2 10 6 8 4 10
833 2 9 10 8 2 4 7 3 5 7 6 2 6 7 7 8 5 10 7 4 8 10 1 2 6
755 1 7 6 6 10 10 9 2 9 5 9 5 10 1 6 2 1 2 7 6 1 7 10 9 6
852 6 6 6 4 7 5 6 4 9 10 9 3 9 7 2 10 5 4 6 5 7 2 4 6 5
817 9 7 3 4 1 3 10 2 8 10 4 2 6 7 1 10 10 2 4 1 7 10 8 8 4
945 10 1 8 6 8 2 8 6 3 3 10 6 2 7 10 9 9 3 6 2 10 10 8 8 7
15
1063 10 10 3 7 8 4 5 3 9 8 8 5 4 7 7 4 9 9 6 10 2 9 10 7 9
747 1 4 10 2 5 3 6 9 7 7 8 2 7 4 10 8 7 5 5 4 2 6 3 7 3
884 8 1 5 5 8 6 7 9 3 6 5 2 7 7 10 10 4 1 7 10 8 4 6 6 10
770 4 6 8 5 5 7 2 7 3 4 2 4 9 10 2 8 10 7 1 2 3 9 7 5 4
875 10 8 1 7 9 1 9 10 2 10 4 5 10 6 3 2 7 8 3 1 5 10 10 4 6
817 2 2 2 6 7 10 2 9 7 1 6 9 2 8 3 6 2 10 5 6 5 9 8 4 10
943 5 8 7 3 7 9 5 10 8 10 10 10 3 4 3 9 8 6 4 2 9 9 7 8 3
870 7 9 9 8 8 4 6 1 5 8 7 8 4 2 4 9 4 3 4 3 10 6 10 6 7
732 8 7 2 1 1 5 8 9 5 6 1 7 3 2 9 4 5 2 6 10 6 10 4 3 7
768 2 10 7 8 6 4 4 1 7 10 2 1 7 3 3 8 5 7 2 1 9 9 4 3 6
834 10 5 1 10 4 9 10 2 3 2 8 10 6 2 4 1 3 3 5 10 3 9 10 9 10
904 9 3 10 8 10 4 10 3 5 6 6 3 1 4 3 7 6 8 1 9 9 7 9 8 6
933 10 10 3 6 9 8 5 5 1 9 5 8 5 9 10 2 5 4 9 10 4 1 9 1 10
719 5 3 5 8 8 7 9 6 2 6 5 6 2 8 8 2 2 2 3 8 9 2 2 4 4
733 7 6 1 4 8 5 8 8 6 7 5 4 6 7 3 5 5 1 2 4 8 1 3 10 6
15
793 4 7 6 3 9 10 6 3 3 3 1 1 4 10 3 3 10 2 9 10 9 4 5 9 10
810 7 6 5 1 10 1 9 10 8 1 2 5 8 10 10 6 9 10 9 2 3 6 3 7 1
721 2 6 4 5 10 3 7 2 8 4 4 2 5 8 5 6 6 9 10 6 4 1 8 7 8
808 4 1 7 5 10 4 4 7 8 7 9 6 5 1 7 2 8 3 9 4 9 5 9 3 6
834 2 7 10 5 10 7 9 3 10 9 5 4 3 4 2 8 4 6 2 2 10 8 3 6 8
835 4 5 9 1 6 2 6 8 1 9 7 5 3 7 8 10 5 10 4 8 1 2 3 5 3
789 6 3 10 9 2 9 10 5 3 3 4 9 4 2 9 6 8 5 3 7 3 7 2 6 1
835 8 4 10 4 1 1 10 6 7 8 10 5 1 2 4 6 7 8 1 2 8 8 6 3 6
636 2 8 3 5 2 10 4 1 1 10 7 3 1 3 1 5 3 10 2 1 4 1 6 10 4
792 4 8 6 1 1 4 2 9 10 9 1 10 5 1 10 9 1 6 10 9 2 2 8 7 7
904 9 4 5 8 7 6 9 6 6 5 10 5 10 6 9 10 6 1 5 5 9 6 3 1 10
1008 9 10 3 5 5 9 2 9 7 6 9 6 10 9 6 10 7 6 8 7 8 9 4 6 3
720 4 5 10 4 10 7 8 1 10 3 4 3 2 2 9 1 3 2 1 8 9 7 9 3 2
714 4 5 9 3 9 7 10 2 1 2 7 2 8 7 1 4 10 4 1 9 9 1 1 7 2
865 2 1 8 5 10 5 8 4 9 6 5 9 2 8 7 2 6 8 9 2 8 6 5 3 9
15
804 5 2 3 1 8 7 1 2 8 8 9 6 5 5 6 9 3 5 10 5 10 5 1 1 3
776 10 2 7 2 9 6 1 8 1 8 5 5 7 7 2 6 3 5 10 3 6 5 1 1 7
861 1 5 7 10 10 2 7 2 6 6 10 9 10 8 7 1 8 8 9 3 2 2 10 2 5
771 1 5 6 6 8 10 3 3 6 2 10 5 7 4 6 2 5 7 4 9 1 5 7 10 6
813 4 6 2 10 1 4 1 10 2 3 10 4 5 10 4 2 6 7 8 8 8 5 10 1 2
676 1 1 3 3 2 2 7 1 7 9 3 8 4 3 2 7 3 4 10 10 5 7 4 6 3
775 5 7 8 9 2 7 8 8 3 6 7 6 1 6 7 5 3 3 9 3 9 4 1 7 2
800 8 8 3 2 6 1 6 5 8 5 6 10 3 6 7 3 4 2 8 1 10 9 4 2 8
806 3 7 5 10 6 6 9 4 4 2 9 7 5 6 5 10 3 9 8 1 5 1 4 5 10
780 1 5 7 2 6 3 2 5 10 7 10 5 7 8 1 7 8 4 3 5 2 9 1 4 1
669 7 1 4 5 6 8 10 1 3 5 1 5 2 10 6 1 8 7 5 4 1 1 10 2 5
938 10 9 3 4 9 5 7 9 2 10 3 6 10 10 8 7 2 7 5 6 7 5 7 4 9
845 3 4 7 10 3 5 2 1 1 6 2 10 6 9 5 2 9 4 6 10 7 3 8 4 9
757 10 6 4 1 6 2 2 6 3 6 3 3 4 5 10 4 1 9 5 6 7 8 9 10 3
897 6 5 8 1 8 1 2 10 6 10 3 1 5 5 10 6 10 9 8 8 4 9 5 10 1
15
843 4 10 7 8 8 4 10 2 8 4 8 6 3 2 9 2 6 9 1 9 6 4 6 9 5
753 7 7 6 3 10 2 8 5 1 7 3 8 6 4 6 6 4 7 6 8 4 5 5 9 4
840 8 10 1 10 9 2 4 4 5 5 6 1 4 8 7 6 9 2 7 1 8 9 8 8 9
774 1 8 3 10 4 6 2 1 9 9 3 6 1 9 8 1 7 4 5 1 6 3 4 8 8
759 5 8 2 5 7 1 10 5 9 10 4 3 2 3 7 3 9 1 1 1 5 8 2 2 10
804 4 3 10 9 6 5 7 6 10 1 7 9 1 9 4 2 8 7 7 1 4 8 8 1 7
910 9 7 7 4 4 6 2 9 2 1 9 8 9 2 6 9 9 5 10 10 9 6 8 9 6
945 10 5 4 9 5 1 8 7 7 10 10 8 5 9 9 6 10 2 3 2 1 9 10 3 2
877 7 7 10 3 9 4 4 10 7 8 6 2 3 10 7 10 6 3 5 1 7 5 9 9 10
706 4 1 10 9 4 6 2 4 3 3 8 5 9 4 5 2 1 4 1 4 10 4 7 9 3
804 5 7 4 8 7 4 5 8 6 1 10 6 2 5 9 1 5 7 7 5 4 5 3 1 8
893 4 6 4 3 9 7 9 2 9 1 3 10 10 10 10 10 6 10 7 2 4 9 2 2 2
805 7 10 4 2 8 1 2 9 7 1 4 7 7 8 3 6 10 7 6 4 3 7 4 7 3
716 6 2 9 2 8 5 2 7 9 9 1 5 2 1 10 10 3 2 1 2 3 7 6 6 8
767 3 6 2 4 10 8 5 4 5 1 4 5 6 9 9 7 2 4 8 6 5 6 5 9 10
15
755 4 2 3 7 4 9 9 6 7 4 6 5 8 2 1 8 7 4 9 6 2 6 1 3 10
894 5 7 1 5 3 4 8 4 7 9 6 7 1 6 8 9 9 4 5 3 3 10 8 3 9
696 9 8 2 3 2 3 6 8 2 6 2 8 9 4 3 7 4 4 3 7 3 8 6 3 2
696 5 2 1 1 1 10 9 9 8 7 10 4 7 2 7 2 9 4 10 7 3 1 3 5 1
762 3 9 7 4 4 5 3 4 6 7 9 7 3 2 1 7 6 1 8 1 10 3 5 4 9
646 2 5 2 10 9 2 8 7 3 5 4 9 8 2 2 7 7 2 2 3 8 5 5 1 2
825 7 8 10 9 7 3 1 8 8 2 6 3 6 6 5 10 7 1 9 6 2 6 1 7 7
911 8 5 5 8 1 3 4 8 7 10 7 7 10 10 9 10 2 3 2 2 1 6 8 7 6
746 4 3 10 1 2 8 5 5 7 4 8 10 6 4 1 6 3 9 9 1 2 9 10 8 1
828 4 7 6 8 7 10 10 9 5 5 9 8 8 2 4 8 2 4 4 2 8 6 2 7 6
647 4 2 8 2 3 10 7 4 10 4 3 6 10 7 2 5 2 1 8 5 3 2 6 7 2
705 6 1 8 9 6 1 4 3 10 10 1 6 5 3 4 4 5 7 9 6 5 2 3 7 4
648 2 8 2 2 2 1 9 3 9 10 4 2 7 5 1 8 4 2 4 10 1 8 10 8 2
845 9 1 6 4 1 5 6 2 7 8 6 10 1 4 3 8 1 10 8 6 2 7 1 1 9
815 2 7 5 9 10 8 3 6 2 10 4 8 1 1 8 1 9 6 5 5 6 1 8 7 9
15
754 1 2 9 5 1 1 5 7 1 9 4 3 5 1 4 10 9 6 8 4 8 10 2 2 7
849 6 5 6 10 2 4 4 8 9 2 8 10 1 8 9 9 9 3 2 6 6 2 2 3 6
722 10 1 10 2 8 4 10 3 6 3 6 4 9 7 10 6 2 4 7 2 2 3 5 9 3
674 4 8 3 2 5 2 10 10 7 2 4 10 8 2 3 6 2 2 2 8 2 7 9 7 4
690 7 2 4 2 2 2 7 4 5 4 5 5 4 1 8 7 9 2 10 3 10 2 10 1 10
820 2 8 9 10 1 10 2 3 8 7 3 5 3 4 3 5 7 9 9 2 5 7 6 5 10
730 9 9 10 5 2 5 7 2 8 4 2 1 1 3 1 2 1 7 10 6 6 4 9 8 8
803 7 1 10 9 7 10 1 9 1 10 2 2 9 2 4 7 10 9 3 10 4 5 3 2 7
669 1 4 10 4 8 5 3 9 8 2 1 2 3 9 10 7 3 4 7 4 5 10 1 4 2
789 10 6 10 7 5 6 4 7 5 2 6 1 1 2 8 5 5 3 10 9 10 7 5 6 4
727 9 9 3 2 10 1 9 1 5 2 9 10 1 7 3 5 10 2 2 6 5 3 4 7 3
822 6 4 10 2 6 5 3 2 5 10 10 10 9 1 3 4 6 7 4 3 7 8 5 9 5
896 7 5 7 10 2 6 10 5 1 9 5 5 3 10 9 3 1 9 6 9 1 3 9 7 9
829 7 4 4 2 5 7 6 6 2 2 1 10 4 4 8 7 7 4 6 10 7 10 10 5 5
856 1 10 1 5 10 2 7 6 8 3 8 6 10 6 10 4 6 3 7 7 7 10 10 8 8
15
791 1 5 7 3 3 10 10 8 3 5 10 10 6 3 10 7 1 3 4 10 2 3 1 2 6
791 7 8 6 10 4 5 2 1 7 4 9 8 3 4 9 9 8 2 3 1 8 5 9 5 5
682 6 8 5 3 1 8 3 3 3 4 4 8 2 2 5 6 7 2 2 7 3 9 10 1 5
876 1 1 7 10 1 6 3 6 9 10 10 7 5 3 10 1 9 3 8 9 10 5 9 2 7
845 8 4 1 6 7 3 9 7 6 5 5 6 3 9 4 7 7 9 10 5 7 4 1 7 4
681 4 10 1 4 5 8 10 7 5 2 4 8 1 2 9 10 6 2 2 5 6 2 6 7 6
724 6 8 6 10 4 6 8 4 7 3 6 1 10 1 8 5 7 8 2 1 4 5 8 1 3
798 9 6 9 10 9 6 7 2 5 3 6 5 2 8 1 2 10 3 3 6 3 5 2 4 10
724 7 3 5 6 4 4 6 8 5 10 2 2 2 6 4 2 7 4 4 10 5 7 9 5 1
590 5 1 6 5 7 3 2 8 2 9 2 1 7 1 1 2 1 2 9 10 4 10 4 6 1
886 10 9 8 5 10 6 5 6 3 5 4 10 8 4 2 1 4 10 2 2 4 8 8 9 9
681 5 9 4 6 1 3 1 3 7 6 8 3 1 9 9 9 2 3 2 3 1 2 3 3 6
765 6 10 8 9 1 10 1 8 5 1 8 1 4 6 2 2 9 7 7 3 6 8 7 1 8
974 8 2 6 5 4 6 4 4 9 9 9 7 4 4 10 10 1 6 9 8 8 7 4 2 10
740 8 1 8 2 6 3 8 2 5 9 1 2 3 1 5 1 5 7 2 7 2 10 1 8 10
15
744 7 3 2 9 8 1 3 10 2 2 8 1 6 6 7 8 8 1 3 2 7 8 7 4 7
787 3 4 9 4 10 1 2 1 7 9 6 8 4 6 5 3 3 10 5 10 1 1 4 5 7
941 7 1 1 10 4 8 3 2 5 7 10 10 9 7 2 1 7 9 8 10 9 5 3 8 7
743 1 2 2 5 3 1 9 6 9 7 7 8 9 5 4 3 2 1 10 10 7 8 3 2 6
797 2 10 4 6 1 4 2 7 6 7 2 10 5 6 7 3 9 4 4 3 8 2 3 4 8
736 3 9 4 9 4 4 6 8 10 1 8 2 8 1 4 6 5 6 8 1 9 7 5 6 7
986 10 1 5 6 10 2 9 4 5 10 4 2 6 7 9 7 10 8 9 7 5 8 9 10 8
861 5 5 10 9 8 6 10 9 2 1 8 8 2 10 6 2 1 9 10 6 2 10 5 9 4
785 8 5 2 1 1 10 7 9 9 5 5 6 7 2 8 6 9 7 9 2 10 4 5 3 3
780 6 6 7 8 7 7 2 9 9 5 8 5 6 1 1 10 5 1 1 4 8 9 4 6 2
754 9 2 9 6 1 4 10 6 7 10 1 3 3 2 2 9 1 2 2 5 3 10 6 10 10
670 5 3 8 9 4 3 1 6 8 3 3 2 3 2 2 10 9 1 2 2 2 8 9 2 10
786 5 7 4 2 1 3 1 6 8 1 5 10 9 10 4 8 6 5 3 4 4 6 5 8 9
857 5 4 6 6 1 9 9 2 6 8 6 4 8 3 8 2 5 7 10 7 6 9 10 3 4
832 9 6 8 3 2 6 1 3 3 4 8 5 8 7 2 9 9 4 1 9 1 9 9 3 10
15
850 9 3 3 5 3 8 1 8 3 5 1 10 10 5 9 6 2 4 8 4 8 10 8 6 10
759 7 1 7 4 6 5 1 1 5 6 2 1 7 9 4 6 9 3 1 6 6 9 8 6 6
738 3 8 1 4 2 10 6 3 7 3 7 9 2 6 1 8 8 7 3 2 10 2 8 2 5
790 9 1 6 2 5 7 3 3 5 2 4 9 6 8 6 5 8 8 2 7 2 8 10 10 3
852 9 5 2 9 1 5 6 4 3 10 4 10 9 1 10 5 7 7 5 9 2 4 1 9 7
818 4 6 9 4 7 5 1 2 9 6 8 10 6 6 5 10 2 2 8 7 10 5 4 2 5
899 7 9 10 5 6 10 2 7 10 10 2 6 1 9 10 1 6 1 3 5 9 7 8 4 4
558 3 2 3 5 8 5 2 8 10 1 9 2 6 1 1 3 10 3 5 1 3 2 6 5 2
710 10 7 9 4 1 1 1 6 9 3 5 9 8 1 6 5 7 5 6 2 4 1 4 7 8
821 2 9 2 2 4 1 5 10 6 5 9 10 9 6 8 9 2 6 1 1 2 9 3 10 10
800 3 2 8 8 7 6 10 6 6 5 9 1 10 6 5 10 5 9 5 2 5 5 6 4 9
784 1 7 3 2 4 8 7 2 6 10 4 7 4 7 6 8 3 7 4 6 5 7 8 6 2
746 1 5 5 6 5 5 9 8 2 5 9 3 3 6 8 3 2 3 9 5 4 10 10 4 5
837 1 9 6 4 10 7 5 1 4 10 10 6 7 2 3 4 9 5 7 9 4 3 3 9 9
729 2 3 1 6 5 4 7 4 6 1 8 9 10 6 5 7 9 1 2 4 1 10 7 7 3
15
717 2 10 7 4 2 1 4 1 5 6 8 1 9 5 6 4 2 2 3 5 4 7 7 10 5
701 7 2 3 7 5 9 10 3 3 1 3 10 4 3 7 2 5 9 7 7 5 1 1 9 1
809 6 10 8 9 1 10 3 4 5 3 7 4 9 5 5 5 1 7 2 8 7 7 7 4 7
599 5 8 3 4 6 4 1 7 3 2 1 7 10 4 2 9 10 1 2 5 3 2 4 7 4
919 10 6 6 1 5 5 6 8 1 10 9 9 5 1 10 1 7 6 3 9 7 7 10 7 8
695 9 1 9 10 7 3 1 5 2 2 8 6 10 1 4 9 3 2 6 1 7 6 9 3 5
745 7 8 5 10 3 3 10 3 1 1 8 10 9 3 4 7 1 5 10 1 2 4 7 6 8
715 4 5 1 9 5 3 2 3 9 2 1 5 7 8 3 8 10 3 9 6 5 6 3 4 5
799 2 3 10 7 3 8 1 2 9 7 9 10 4 4 1 5 8 5 2 5 9 3 3 1 6
785 2 1 8 1 7 4 9 1 10 7 6 10 1 9 10 6 9 1 8 10 7 3 6 2 2
720 2 4 5 9 9 3 8 3 4 10 5 5 1 4 3 3 3 10 9 3 7 5 3 2 7
705 5 6 9 2 7 1 3 2 10 3 7 4 9 1 3 3 8 4 1 7 9 5 7 5 4
687 6 8 10 9 4 2 3 7 1 2 1 6 7 1 8 1 7 7 8 8 5 2 8 6 8
755 7 4 4 8 8 1 3 3 2 8 6 6 6 2 6 3 8 7 2 7 10 2 6 3 9
705 8 1 9 1 2 2 1 7 1 10 6 4 6 1 1 7 5 3 7 10 8 3 3 7 2
15
809 6 4 6 5 2 10 5 7 3 6 5 2 5 6 8 5 7 6 10 6 7 3 6 3 5
879 10 9 5 4 2 10 3 4 2 4 3 9 10 8 4 6 2 8 4 6 4 8 5 9 3
856 1 9 8 1 5 4 7 8 3 8 10 4 9 6 1 10 6 10 8 5 2 6 9 8 8
699 2 7 6 3 6 7 5 9 4 9 4 3 9 2 3 2 5 4 8 9 5 3 8 9 7
728 7 3 5 8 6 3 9 10 8 4 6 1 6 1 5 3 3 3 7 7 2 10 5 7 4
714 10 1 5 5 1 9 4 1 5 1 1 5 9 7 5 4 5 9 3 6 9 3 2 7 6
757 5 6 7 4 7 6 6 9 5 4 5 2 5 8 4 2 6 4 3 7 7 3 7 9 6
794 5 9 4 5 2 10 4 7 4 2 1 2 2 10 8 7 8 8 5 3 3 5 1 6 10
725 9 8 7 10 2 1 9 4 4 5 3 3 10 6 7 3 1 2 7 6 2 7 6 5 3
801 7 1 5 7 10 5 9 9 8 8 3 1 2 9 2 1 8 3 9 10 6 5 10 7 5
844 8 2 1 5 3 10 5 9 10 9 1 7 7 7 10 9 8 8 8 4 2 7 7 4 1
633 3 8 5 2 4 5 9 7 7 2 1 4 2 9 1 2 3 8 1 2 2 4 6 4 4
840 8 6 8 9 8 1 4 6 6 2 6 9 4 5 2 3 3 7 4 9 9 9 4 8 4
820 5 1 1 8 2 6 8 8 10 2 9 4 6 2 10 7 9 3 3 7 7 7 2 1 9
913 1 9 8 5 6 8 6 9 6 6 2 10 2 9 10 5 2 8 4 6 6 5 6 3 8
15
791 6 4 8 4 5 8 4 3 10 10 3 5 3 4 8 7 9 1 7 9 3 4 8 6 6
549 9 2 1 7 1 10 5 3 2 2 3 2 8 1 2 9 3 3 5 8 2 5 8 5 4
628 1 3 8 7 3 6 5 7 4 7 2 2 4 4 2 9 8 4 9 1 7 6 9 10 1
786 4 1 3 6 9 9 10 6 9 6 7 5 6 9 2 8 4 10 2 1 3 7 4 1 4
932 5 9 7 3 6 10 3 10 10 4 6 8 3 10 9 5 6 5 1 10 7 5 5 4 7
803 7 8 3 7 3 8 7 10 9 9 7 2 8 3 7 3 6 6 1 5 2 5 6 5 8
711 3 4 1 8 4 3 4 6 1 8 7 9 1 9 4 3 5 2 7 7 9 2 7 4 2
849 7 6 1 4 10 4 7 2 5 7 8 8 4 6 2 4 10 9 9 8 8 8 4 2 1
768 9 9 5 5 5 4 5 2 6 8 3 7 3 5 5 1 6 6 7 5 4 4 6 8 7
672 5 3 4 10 1 5 8 1 2 3 3 1 10 5 4 7 2 5 1 3 3 10 4 1 9
831 8 6 8 7 2 6 3 8 8 9 1 10 6 9 2 9 6 2 9 1 1 9 9 3 4
705 10 4 4 1 4 4 2 6 5 7 2 4 4 3 2 5 7 5 7 8 6 6 6 3 3
712 4 5 4 7 3 3 7 5 8 2 1 9 3 3 3 6 9 4 9 10 5 4 3 3 8
906 2 6 1 1 4 1 2 2 7 10 10 10 2 1 8 4 10 9 9 9 7 9 9 8 4
814 8 10 3 8 7 9 7 3 10 2 10 4 2 5 7 6 10 2 6 4 4 7 8 3 4
15
912 6 10 4 5 10 1 4 7 5 3 9 10 8 10 5 1 9 7 9 8 1 6 8 10 3
840 7 10 6 1 8 8 8 4 6 1 4 7 10 1 3 10 5 10 6 4 10 7 2 7 4
956 8 4 8 3 5 1 3 1 8 10 4 10 10 9 6 5 8 3 8 7 7 7 1 1 10
799 6 4 1 3 3 8 2 1 3 7 8 2 2 7 7 7 5 3 1 4 5 10 2 8 10
637 9 2 10 1 9 8 10 4 5 3 6 4 4 7 3 3 4 2 1 8 3 3 5 6 1
836 10 5 6 5 4 8 9 7 8 7 9 2 1 4 6 5 1 2 4 9 10 7 7 10 6
961 7 7 7 7 2 6 4 7 3 8 8 5 9 6 8 8 3 6 10 10 7 8 5 9 9
736 4 1 5 2 6 3 7 5 9 3 6 9 1 3 6 3 9 1 5 10 5 2 10 4 7
912 7 5 7 9 5 9 3 9 4 8 8 10 9 3 10 7 1 3 7 7 8 1 3 5 10
876 6 9 10 9 2 5 3 7 9 3 7 3 6 10 2 6 2 9 6 10 8 7 8 3 4
719 2 3 10 5 7 4 6 7 9 3 3 6 8 3 8 6 1 8 2 6 3 5 9 9 7
757 9 2 4 7 9 7 1 4 4 3 5 8 8 4 6 7 10 7 1 9 3 5 4 4 1
717 8 1 8 8 5 1 4 9 10 7 5 2 2 3 2 6 2 5 9 5 4 1 8 9 4
938 5 3 3 8 8 9 3 1 6 6 8 5 5 5 9 7 10 8 10 6 2 10 6 4 9
797 4 7 3 9 7 5 6 2 9 2 8 2 7 6 1 7 8 10 7 5 5 8 9 7 2
15
708 2 1 6 5 7 8 5 1 9 5 7 3 9 6 2 8 3 6 10 3 9 6 1 4 6
856 4 9 10 10 1 10 8 6 1 9 10 3 1 4 5 8 8 7 1 2 10 5 5 2 6
893 1 7 7 5 2 10 7 7 8 3 10 5 1 4 6 8 10 8 9 7 8 10 3 8 5
815 10 10 6 2 6 10 6 5 10 2 5 6 6 4 3 7 6 8 7 5 10 7 2 2 2
1046 7 9 9 9 4 9 1 9 9 8 10 7 8 10 3 9 6 8 2 6 9 3 6 3 4
882 3 5 5 6 7 5 7 10 9 4 6 9 9 7 10 6 10 6 7 10 6 1 7 10 1
669 6 3 1 1 7 2 8 1 1 4 8 5 3 8 3 5 3 1 7 7 7 8 8 10 2
812 6 5 7 1 7 7 2 1 6 9 10 2 6 3 10 7 3 1 4 10 9 2 3 9 3
620 5 9 9 2 4 5 6 1 9 3 2 10 6 1 1 9 1 7 5 1 1 2 9 2 7
815 1 5 7 2 3 3 7 9 2 7 7 5 5 5 7 3 6 6 9 8 2 10 7 7 10
701 6 8 4 8 2 10 4 4 5 1 4 5 4 5 8 5 5 6 1 9 7 1 4 2 3
756 9 1 9 5 10 6 4 5 3 1 7 10 1 3 3 3 4 6 3 6 9 5 4 3 8
930 6 4 6 10 8 7 4 5 7 7 8 6 3 5 8 1 7 9 1 2 10 4 8 9 9
744 9 1 4 8 7 1 2 1 10 1 2 2 9 2 3 9 2 7 10 7 9 7 9 8 8
848 8 10 1 3 1 3 2 1 5 8 10 8 5 3 5 5 8 4 3 6 8 8 2 5 7
15
842 9 9 5 10 10 5 6 7 4 10 4 3 9 3 4 1 4 8 9 4 1 10 5 9 6
757 5 2 4 7 9 4 4 5 3 5 4 7 5 9 7 1 10 7 9 1 9 4 6 7 2
680 1 9 5 2 2 9 7 2 5 2 7 6 4 2 3 9 4 4 5 10 8 5 2 7 5
709 4 8 8 5 9 8 7 4 7 7 6 1 7 3 6 5 4 1 3 3 2 7 2 4 6
882 3 5 4 4 8 9 2 4 8 9 9 2 2 8 5 6 7 6 10 3 9 10 3 6 2
801 4 1 6 5 7 4 4 5 10 5 6 9 8 8 5 2 5 6 4 8 5 6 4 8 2
757 6 5 8 4 7 7 1 1 3 5 10 8 4 5 6 8 8 7 4 1 7 3 10 6 2
907 7 7 8 10 10 1 6 9 5 7 10 9 5 4 6 6 7 3 8 8 5 6 8 9 3
710 2 5 9 1 1 5 3 1 9 4 9 2 8 5 6 10 7 1 3 2 6 8 8 6 1
955 2 8 2 7 8 10 8 10 8 8 10 10 6 8 9 1 8 7 2 8 8 3 2 2 1
874 7 4 2 2 6 3 1 8 4 10 10 9 3 8 5 7 4 6 9 6 5 1 2 3 7
704 5 9 1 1 1 1 7 4 2 7 3 6 8 3 7 1 8 4 6 10 5 10 5 3 5
856 5 6 8 1 7 9 9 4 10 5 10 8 3 6 3 3 8 1 6 4 9 8 8 3 5
979 9 6 10 2 4 9 5 10 10 5 9 3 5 8 9 9 7 3 3 7 4 8 4 4 8
728 2 5 8 3 7 5 3 4 7 6 4 1 3 5 5 3 4 8 3 6 5 10 9 7 8
15
712 9 4 10 2 6 2 1 10 3 4 2 1 8 5 9 8 3 9 6 9 2 4 6 7 1
837 10 8 2 9 1 8 8 8 1 5 7 10 1 3 8 1 6 4 2 6 1 7 6 3 9
696 2 1 6 8 7 6 2 2 2 4 4 3 10 9 10 1 2 5 1 2 1 10 1 9 8
923 4 10 2 8 3 7 3 2 7 3 8 5 5 5 4 4 8 10 10 10 5 10 1 9 6
695 2 5 4 4 1 6 7 9 7 1 2 9 1 4 6 7 5 5 5 9 4 10 7 1 6
808 4 9 2 8 6 4 6 4 1 2 9 8 4 10 1 1 5 8 2 5 7 3 9 10 6
756 7 6 2 10 4 2 6 10 7 6 9 10 8 3 1 3 7 5 4 7 1 3 6 3 6
727 2 4 1 10 7 7 1 4 1 4 3 7 1 10 4 5 7 7 2 10 2 3 10 10 2
776 7 8 8 3 8 2 5 4 8 6 7 4 9 9 2 1 4 8 6 5 3 7 8 5 2
780 9 3 1 3 1 8 4 8 7 2 8 8 9 8 7 7 5 2 2 4 1 2 8 8 8
738 4 2 9 8 2 5 1 6 1 3 7 7 5 7 7 2 2 1 10 10 9 1 8 4 8
713 1 4 8 1 4 2 6 2 2 6 4 5 3 8 8 6 1 7 1 6 9 3 8 6 8
820 2 8 3 1 1 8 9 7 8 8 7 10 9 10 1 9 3 2 2 5 7 8 6 5 4
800 3 8 4 10 8 1 9 3 9 3 5 5 9 3 10 10 3 4 1 1 10 6 5 2 9
834 10 7 3 9 7 5 6 8 3 3 6 7 8 2 1 3 10 1 4 10 8 10 10 7 5
15
696 7 8 6 1 6 7 6 2 5 2 7 3 4 4 8 3 8 6 10 3 7 1 5 4 7
690 4 4 3 3 9 8 2 7 9 1 2 8 3 3 3 1 8 5 8 3 6 9 9 2 8
856 7 1 8 3 4 3 7 8 8 8 9 3 1 9 1 2 8 8 1 4 5 3 7 10 9
738 10 10 4 4 6 9 7 6 1 9 1 2 2 5 6 3 6 7 10 2 4 3 2 4 8
693 3 5 3 2 5 9 5 9 8 5 4 1 6 3 4 5 7 4 3 2 10 7 9 6 1
776 7 6 10 7 1 4 5 9 6 10 7 10 5 4 8 1 1 1 3 5 4 3 10 6 2
696 10 8 4 9 3 4 6 3 1 10 7 3 2 7 7 5 1 3 8 4 1 2 1 3 1
756 2 3 5 6 10 8 10 9 4 4 6 1 7 5 6 3 10 1 7 8 2 7 3 3 10
867 4 4 4 2 6 5 7 10 4 8 10 2 1 10 7 8 3 7 8 6 6 6 1 10 9
793 1 9 6 9 6 5 1 3 9 5 8 2 3 5 2 5 9 8 3 9 8 5 6 1 2
751 2 1 9 1 8 6 2 4 9 9 7 1 5 5 10 1 3 6 1 4 4 9 4 9 9
814 3 4 7 4 6 6 3 4 5 3 2 10 7 10 10 5 9 6 2 8 4 10 6 8 1
675 3 6 7 5 2 6 5 1 2 5 1 2 9 4 9 7 9 7 7 5 5 1 10 1 9
739 1 10 5 7 3 5 2 10 5 3 9 1 10 1 7 10 2 3 9 9 8 7 5 1 6
918 2 8 5 2 5 4 8 3 7 7 8 9 10 5 9 9 3 10 5 2 7 8 4 5 7
15
827 4 6 8 9 10 4 10 9 5 6 1 7 7 6 6 8 10 4 5 1 5 10 7 2 8
801 8 10 9 1 7 1 1 8 9 10 7 1 4 1 7 5 6 7 3 6 9 8 2 3 1
797 9 4 1 4 8 1 2 4 5 4 4 10 7 6 5 10 8 10 4 1 6 3 4 5 6
688 4 5 7 8 5 10 2 2 9 2 2 8 4 7 6 1 5 4 1 4 7 2 3 8 6
817 9 1 3 10 8 4 2 2 9 4 6 1 2 5 2 9 2 8 9 10 5 9 8 7 6
717 2 5 9 5 10 1 10 5 6 8 1 8 4 4 2 3 4 2 9 2 10 1 9 9 8
669 7 7 3 9 5 1 6 4 3 9 1 3 6 3 3 2 4 5 8 3 8 3 10 5 1
806 9 8 5 8 8 2 7 5 6 2 3 6 3 9 4 7 4 9 6 7 6 2 9 5 7
787 8 6 8 10 1 5 9 6 5 1 3 8 6 7 10 5 6 1 10 7 8 4 2 7 1
927 9 10 6 10 6 2 3 4 9 6 2 4 7 9 10 7 10 10 4 2 3 6 8 3 3
797 5 2 9 5 10 3 6 5 3 7 7 9 9 4 1 10 3 10 3 5 9 5 7 9 1
843 7 2 7 9 3 2 3 1 10 5 7 5 7 8 6 1 8 1 7 10 7 6 5 6 9
755 7 1 3 6 4 2 3 4 7 8 5 5 8 3 9 2 4 4 9 9 2 5 2 6 8
850 1 6 9 3 10 5 1 3 1 8 10 7 10 1 2 7 6 9 8 4 9 7 5 9 4
738 7 2 7 1 2 8 6 1 3 7 4 4 4 1 1 9 2 9 8 7 9 5 1 5 9
15
628 3 2 10 5 6 3 1 1 3 5 8 10 6 1 3 3 4 3 7 9 5 4 7 7 1
784 1 9 7 6 8 9 1 3 8 2 8 10 8 5 7 5 1 8 1 8 5 2 3 5 1
930 2 1 6 9 9 6 5 9 3 9 1 10 3 10 8 4 8 10 1 1 6 10 3 10 10
671 5 2 10 3 5 6 8 4 7 2 6 2 10 5 1 8 8 1 4 5 7 4 9 7 7
765 2 4 4 5 8 6 5 2 4 8 4 7 2 6 3 1 3 9 1 3 4 10 6 10 8
760 4 4 10 3 7 3 4 7 2 6 6 3 8 9 9 1 9 10 2 3 6 1 7 3 5
831 6 9 9 4 6 5 3 3 2 5 7 6 2 5 6 4 4 9 6 5 7 6 9 5 5
797 8 2 7 10 3 1 4 10 8 9 2 6 10 7 6 10 10 3 8 1 3 2 9 4 1
804 10 1 5 3 1 1 7 8 3 5 8 10 9 2 1 6 9 7 6 8 6 5 2 5 6
853 8 5 10 2 9 6 10 2 4 3 8 9 4 10 4 3 6 10 2 5 1 7 6 7 3
838 6 7 9 3 4 8 3 6 8 10 9 2 8 8 1 1 7 10 1 6 10 4 1 3 1
688 7 1 4 10 3 4 10 4 7 2 1 1 9 10 6 7 6 4 7 10 4 2 5 3 2
705 2 8 1 3 1 3 5 6 6 3 9 1 8 7 8 7 4 1 4 8 6 8 6 10 3
881 3 6 6 2 3 1 4 5 9 7 3 2 7 9 7 6 9 10 6 10 9 10 3 7 4
782 1 5 10 5 1 5 2 7 3 2 4 7 9 8 10 5 9 5 2 10 9 3 1 1 4
15
724 9 2 3 6 1 4 7 5 8 7 6 6 1 4 5 1 7 5 4 10 4 5 1 5 5
815 4 6 5 8 1 4 3 2 5 5 6 7 2 6 6 10 4 10 9 4 1 10 2 1 6
670 3 4 3 7 5 10 1 4 3 9 4 1 4 10 5 10 3 1 6 2 5 4 10 5 1
831 8 5 4 9 9 2 1 2 8 7 4 4 5 2 7 6 2 10 1 9 9 9 4 7 3
893 9 3 5 1 2 5 3 5 8 8 4 10 1 9 6 7 10 1 9 10 10 2 8 4 8
738 8 5 8 6 8 5 6 10 6 5 7 4 6 5 2 7 2 7 3 3 3 3 7 3 5
873 10 7 7 3 6 8 5 8 10 2 6 8 1 6 7 2 2 10 1 10 10 2 5 7 7
984 2 10 10 2 10 10 5 8 5 10 4 10 4 9 6 10 2 4 1 7 1 10 9 9 10
855 3 10 10 1 8 7 1 10 2 9 2 5 2 8 4 7 5 8 4 7 2 5 8 10 7
756 10 5 10 6 4 2 3 4 5 4 3 10 1 1 7 9 7 5 1 4 5 6 7 2 7
643 4 9 1 10 3 5 6 4 1 2 2 4 7 2 5 2 7 2 4 7 4 10 8 3 1
837 8 1 9 4 6 2 2 6 10 10 10 10 5 6 2 10 1 10 4 5 1 2 4 7 2
856 10 3 3 9 5 9 9 7 5 6 1 6 4 4 4 8 4 8 5 2 4 9 3 10 10
823 9 3 7 3 5 9 7 7 10 5 5 6 2 4 8 2 9 8 9 4 2 2 9 9 5
742 3 5 3 6 3 3 8 2 9 1 7 1 8 9 9 1 6 9 6 5 1 5 6 5 8
15
798 9 8 5 8 10 3 1 4 3 8 4 2 6 6 8 4 2 4 1 4 7 2 1 8 9
695 5 1 1 2 1 9 6 6 10 10 8 7 7 1 3 5 2 2 2 1 3 7 7 3 3
614 5 6 1 3 1 5 9 4 1 2 7 5 2 8 2 2 6 9 2 7 4 3 4 1 2
748 2 4 10 10 2 6 4 10 7 2 2 5 3 8 6 8 6 6 2 5 10 3 7 4 4
749 4 9 7 2 4 5 7 5 7 9 6 2 6 5 9 9 8 8 1 2 4 4 9 2 3
914 7 5 1 2 4 4 4 5 1 7 3 7 8 10 10 5 10 8 2 8 9 1 8 10 9
666 2 3 6 10 5 7 4 7 5 2 7 1 5 5 4 10 5 6 2 5 10 4 2 4 1
905 8 6 4 9 7 2 5 6 5 10 8 6 10 8 2 8 7 9 8 1 5 10 3 8 2
730 7 1 8 9 3 5 10 2 5 4 3 9 9 9 2 1 7 10 5 1 1 2 6 5 7
790 8 8 1 5 2 6 4 10 6 5 3 7 3 8 7 7 4 8 7 1 3 5 5 3 3
816 8 4 9 2 8 5 3 7 2 10 4 1 2 2 5 10 6 9 10 9 4 2 4 3 8
670 1 1 5 6 7 6 6 5 7 8 4 7 1 1 7 5 7 3 4 8 3 2 7 10 2
882 6 1 5 6 2 10 6 1 3 4 4 8 7 10 7 6 8 8 8 8 6 5 6 6 7
816 4 3 2 5 6 5 2 5 6 5 7 8 4 10 5 2 8 9 3 10 3 9 9 1 1
627 2 5 3 4 2 3 4 6 5 3 2 5 4 7 5 2 3 6 6 2 3 5 4 9 10
15
801 7 10 2 1 6 7 3 6 2 4 1 4 4 9 4 4 5 10 10 1 6 7 9 6 6
892 9 5 4 5 7 4 5 2 9 5 8 7 3 2 3 4 8 8 4 7 7 6 6 10 9
709 8 2 3 1 2 1 9 4 4 1 3 5 7 10 8 4 6 6 10 7 7 3 10 3 3
873 1 2 7 6 8 1 7 10 8 6 2 7 9 10 5 6 9 9 4 5 10 3 9 10 10
732 4 5 8 5 8 5 10 6 7 8 7 2 3 6 2 2 1 4 8 7 3 8 3 8 7
797 1 4 2 5 6 5 4 2 9 2 6 8 10 9 4 4 2 9 6 10 2 6 4 1 6
888 10 6 1 3 9 9 1 7 6 5 2 7 7 9 5 3 5 7 1 10 6 6 7 4 8
661 3 9 1 7 3 3 4 7 10 1 2 8 4 3 10 4 8 2 2 2 10 9 3 1 1
781 2 5 5 7 5 2 7 3 1 5 1 9 1 9 3 6 9 9 3 8 1 9 10 1 7
938 6 7 4 8 1 5 5 4 3 4 6 9 10 8 1 10 8 10 9 6 3 9 8 3 8
674 3 2 2 4 3 2 1 6 3 4 1 1 7 10 7 7 3 3 2 10 2 4 6 7 10
636 1 7 7 6 1 6 10 10 1 3 1 3 4 3 10 2 8 5 1 7 8 1 9 9 3
810 8 4 5 4 9 4 8 10 2 5 2 9 8 7 10 10 2 8 2 5 2 3 6 5 10
837 6 6 2 6 10 7 1 9 8 7 10 7 10 9 3 2 8 5 4 3 3 1 4 4 3
844 3 4 1 3 3 9 3 8 9 10 10 9 10 8 6 2 1 6 6 4 9 2 3 8 3
15
672 4 5 4 6 9 4 8 2 10 2 4 2 9 1 7 6 9 5 10 6 3 2 2 5 3
763 4 10 4 10 4 9 10 4 1 10 7 8 10 6 7 4 1 2 10 1 8 3 1 3 3
816 5 10 9 4 10 4 5 9 4 2 3 4 5 6 2 10 9 2 9 5 7 9 7 1 7
848 2 8 7 6 6 7 8 1 8 1 6 9 4 9 5 9 6 6 7 6 9 4 4 3 6
838 8 9 8 8 1 5 9 9 3 9 4 3 2 2 1 4 3 6 9 9 4 8 10 10 7
795 8 10 6 10 5 4 3 2 5 8 2 7 2 9 8 10 6 1 7 2 3 1 1 8 4
885 8 10 9 4 7 6 9 8 7 8 5 9 5 10 4 8 3 2 3 6 1 6 8 1 2
808 1 6 7 10 9 4 6 10 9 1 7 9 5 5 7 2 10 6 6 2 6 7 2 3 6
954 7 9 8 4 9 1 9 9 6 10 10 8 4 6 7 5 5 10 2 4 10 1 3 6 6
772 8 5 4 2 2 1 7 10 7 1 5 2 10 10 7 1 5 5 2 6 6 5 8 10 8
919 6 3 3 7 10 2 2 7 8 4 5 7 6 5 3 4 10 9 9 6 5 9 7 9 9
791 8 10 2 8 10 4 4 5 8 5 6 5 9 2 5 7 10 1 5 8 2 3 8 3 6
831 3 8 2 10 5 4 8 9 10 6 7 4 8 6 5 2 7 9 2 8 2 8 8 2 5
844 5 10 9 9 5 5 9 5 7 5 3 10 1 8 9 9 1 8 8 7 4 2 1 9 5
916 7 9 1 8 9 9 10 9 10 8 9 9 1 2 8 8 4 8 5 9 1 8 7 2 5
15
933 8 8 3 3 9 6 10 2 2 9 7 3 8 9 10 8 8 7 4 5 5 7 8 5 7
839 9 4 6 10 2 8 8 4 8 4 2 2 7 6 1 9 7 9 5 2 5 7 4 9 10
775 7 4 3 8 9 6 10 2 1 7 6 3 7 3 7 8 1 6 3 7 6 7 2 10 5
772 7 1 5 6 2 5 2 7 2 8 4 3 2 10 7 10 5 4 10 7 4 4 7 3 4
799 9 3 3 8 2 9 2 6 6 4 6 4 5 4 9 1 1 3 5 5 7 8 4 9 10
933 10 1 1 5 3 5 2 9 6 9 10 10 7 7 4 9 7 7 6 1 9 7 9 10 2
646 8 3 7 5 8 3 5 6 2 10 6 1 3 4 6 1 3 1 2 10 4 3 10 4 2
968 6 7 10 9 10 7 9 8 10 5 5 8 9 8 6 9 4 9 9 8 2 7 2 6 7
744 6 3 3 10 10 10 8 1 6 8 8 6 7 2 4 2 2 1 9 4 7 1 10 1 9
844 10 1 10 1 8 2 2 8 8 9 7 5 6 4 5 2 9 7 3 2 9 1 1 8 6
738 8 1 4 7 3 8 9 2 10 5 3 9 6 8 1 10 3 5 5 1 2 4 1 4 5
802 8 2 3 1 5 7 3 9 2 6 5 8 10 7 2 4 5 4 7 7 6 9 9 6 2
756 1 4 4 6 8 9 8 9 8 2 4 5 10 6 4 6 7 7 5 1 7 7 10 7 8
731 7 7 5 4 6 6 7 9 4 4 5 7 3 2 3 10 8 9 1 5 7 2 5 5 2
655 8 1 1 5 4 1 5 2 9 3 3 2 9 6 1 8 4 7 5 10 3 7 8 2 4
15
840 3 4 4 2 1 4 3 9 1 10 9 4 2 4 4 5 9 7 3 9 9 8 6 6 8
736 6 3 5 7 3 2 7 2 3 8 7 6 1 3 6 8 6 3 9 2 4 9 2 5 4
733 7 6 2 10 7 7 1 8 1 2 5 10 7 6 1 5 3 2 10 1 3 9 10 7 4
885 10 8 4 4 3 7 8 5 2 3 6 10 4 4 8 2 8 9 7 10 6 7 9 9 5
694 1 6 8 9 8 10 2 4 4 2 3 4 5 6 7 3 10 6 6 2 2 2 1 7 5
971 8 10 5 7 8 8 8 5 6 7 3 2 3 8 9 9 10 7 4 10 10 4 3 5 8
810 2 9 9 5 6 1 6 5 2 2 3 9 9 2 5 5 10 10 2 9 3 6 5 8 8
747 5 6 2 5 4 5 3 3 2 2 7 10 1 6 2 10 6 1 7 8 8 3 8 4 10
737 6 2 9 6 1 6 8 2 8 2 5 1 8 5 8 9 3 6 1 4 5 9 5 10 4
869 1 6 4 2 3 2 5 8 4 9 9 1 4 8 10 1 1 7 7 6 8 8 4 9 9
716 8 5 9 2 1 8 2 4 9 1 9 8 3 6 4 6 7 2 1 4 7 1 1 6 2
787 3 5 9 10 5 4 6 6 6 10 5 8 2 6 9 2 4 1 6 2 10 6 8 4 7
703 5 9 1 6 9 3 9 9 3 8 8 7 3 3 4 1 8 2 9 6 1 6 2 3 5
783 8 6 2 1 5 2 1 3 6 8 2 6 10 9 9 2 7 1 4 8 1 5 7 1 7
753 9 6 6 1 8 9 1 4 4 10 3 1 2 9 3 1 7 5 5 5 10 4 10 5 2
15
862 8 8 10 7 1 9 3 1 8 10 5 9 3 3 4 5 2 3 10 9 5 5 6 10 2
900 9 7 9 9 1 7 8 6 5 6 9 8 2 7 8 8 9 3 2 1 3 5 6 2 10
826 7 4 9 4 2 4 10 2 3 3 10 8 7 4 9 1 4 5 8 9 5 2 8 6 8
882 2 6 6 3 7 4 9 10 2 8 2 3 10 9 3 3 5 10 7 7 3 9 10 10 8
763 4 6 1 3 6 3 4 7 9 8 2 7 6 7 6 2 1 3 5 5 10 2 7 6 10
879 8 8 6 1 2 7 10 1 7 10 8 1 9 5 6 2 9 10 5 10 4 3 7 3 9
744 5 6 4 3 5 3 10 5 8 7 4 6 5 8 7 4 2 1 2 2 7 7 5 5 2
755 2 2 3 7 5 5 4 5 7 3 6 5 3 7 10 7 3 8 5 6 1 6 3 1 7
795 4 5 4 10 7 10 5 3 2 3 9 3 3 10 1 5 1 7 8 8 2 7 3 6 7
719 5 1 9 7 8 3 3 5 5 2 8 3 6 5 6 5 4 3 10 1 9 4 10 7 6
827 3 5 9 6 7 4 8 9 2 5 9 7 7 3 3 8 7 10 10 6 2 6 4 7 1
914 1 2 5 6 1 2 5 4 6 9 6 7 6 10 9 10 9 10 1 8 5 3 5 4 8
686 2 8 10 7 8 4 5 5 9 3 2 4 5 6 1 3 9 1 7 7 6 3 1 6 8
925 8 8 10 8 8 8 6 5 7 10 6 7 9 6 1 2 7 10 6 6 6 3 1 5 8
768 1 5 1 7 3 6 9 1 1 6 8 9 9 7 3 4 7 3 7 8 7 8 2 8 2
15
903 10 3 7 6 9 8 1 7 10 9 9 3 8 9 4 9 10 4 3 3 3 2 9 6 9
795 3 9 4 5 4 5 5 3 8 10 8 1 2 7 10 1 8 3 1 9 3 4 9 5 7
864 6 5 5 4 2 6 7 8 9 9 6 7 6 9 6 1 4 4 3 6 2 7 10 5 8
847 5 4 10 8 8 1 9 4 5 2 1 9 4 6 10 2 6 10 7 9 7 3 8 7 6
1020 10 7 9 5 8 9 8 4 10 8 2 10 10 5 7 9 1 7 6 7 9 6 3 8 9
766 8 5 7 5 1 5 7 6 7 2 2 6 9 8 8 1 5 9 1 6 8 5 6 5 4
714 6 6 8 3 3 10 1 7 1 7 1 4 9 1 2 1 2 4 5 7 7 7 2 9 7
719 3 1 4 3 6 7 1 10 6 4 6 4 8 5 3 3 4 2 9 6 10 1 7 5 8
550 4 7 1 6 1 5 2 6 6 2 1 5 4 3 8 5 1 3 2 6 6 3 2 6 5
698 7 4 9 2 8 4 4 2 9 2 5 5 9 9 7 2 1 6 4 2 5 1 7 9 4
678 5 2 2 5 8 3 9 1 8 2 8 3 9 8 4 7 9 3 2 5 2 3 1 5 4
648 3 4 1 1 9 5 6 3 7 8 3 1 8 9 2 2 5 2 2 8 3 9 3 7 2
824 1 2 3 2 8 10 4 9 5 10 2 7 10 4 9 1 8 10 7 9 4 4 4 9 7
757 4 1 3 1 6 10 4 3 9 6 6 3 5 8 4 6 8 4 5 9 9 4 8 5 5
841 2 8 7 7 2 4 8 8 8 9 7 7 5 8 6 2 7 6 2 3 4 8 8 7 1
15
756 6 3 1 4 7 1 5 10 6 2 4 6 4 3 10 8 3 7 9 8 10 3 7 5 6
674 3 1 7 2 4 3 4 2 4 1 4 4 9 9 2 5 10 4 6 2 3 9 6 3 7
900 4 9 7 6 5 8 8 7 10 3 8 9 3 3 3 6 2 10 6 8 5 6 4 6 6
799 7 7 4 4 2 8 5 10 8 7 4 6 7 3 2 6 3 6 6 3 9 4 7 8 4
884 9 10 9 5 1 7 8 1 5 10 7 1 10 7 10 9 8 7 6 2 7 7 1 1 5
675 10 1 9 8 4 1 6 5 9 6 2 2 10 7 7 2 2 4 3 1 8 1 4 5 2
864 3 2 1 8 10 4 2 1 2 7 9 5 2 9 9 10 7 1 4 6 10 10 8 1 8
887 4 10 10 6 3 2 8 6 7 9 4 2 2 5 10 9 9 9 6 4 3 9 3 2 8
953 9 10 1 10 7 1 4 8 8 8 6 6 3 10 2 9 7 6 1 9 10 6 10 5 4
819 3 5 5 6 7 6 9 10 5 7 9 8 5 3 7 1 3 7 10 7 3 3 2 8 3
928 8 7 7 10 8 5 8 7 6 5 10 5 10 8 9 1 4 9 6 7 8 1 7 9 1
825 7 8 5 1 1 6 6 4 4 2 7 4 10 6 4 10 10 9 4 10 2 6 9 6 2
811 5 1 9 7 10 2 7 5 2 5 8 10 9 6 5 5 4 9 6 5 3 5 2 6 2
750 5 4 4 6 7 4 7 9 6 10 1 4 3 2 2 8 5 9 10 8 6 6 10 2 5
810 2 2 3 2 10 1 9 1 3 10 3 7 8 8 1 7 8 4 8 1 10 8 10 2 10
15
723 2 2 10 3 10 8 5 5 10 4 4 8 3 4 1 3 3 7 4 4 5 5 5 8 5
641 9 2 8 5 5 2 1 4 6 1 7 5 6 2 10 7 1 2 7 2 2 10 8 3 3
698 5 10 5 7 1 4 6 1 4 1 7 7 8 7 2 6 1 3 10 10 2 4 1 8 3
752 8 9 10 2 6 6 7 6 3 4 10 1 9 5 4 2 1 7 4 7 3 8 8 10 1
765 7 7 2 8 4 7 6 6 6 6 8 6 2 1 2 10 2 9 1 8 6 8 10 4 1
904 1 7 7 8 10 1 4 8 10 9 4 8 9 6 9 8 2 5 6 6 10 5 5 7 5
879 10 5 1 2 3 3 8 6 5 4 3 8 3 5 5 7 8 10 8 6 10 8 1 10 10
859 1 10 8 2 7 4 5 10 9 7 5 10 1 4 4 7 4 8 1 10 4 5 4 2 5
811 8 3 4 3 2 4 8 4 7 10 1 9 9 2 6 6 6 9 8 7 6 7 8 8 5
773 7 2 9 10 5 9 8 9 10 7 5 1 3 2 6 5 4 5 1 4 9 1 7 6 4
856 4 8 10 7 2 3 9 2 10 6 1 9 8 5 8 1 8 9 1 4 9 9 3 6 3
851 4 10 5 10 9 2 10 2 10 5 9 4 3 10 6 10 7 7 2 1 3 3 1 4 9
948 10 9 10 5 9 7 7 6 7 5 8 6 10 10 5 7 3 3 3 5 6 6 5 7 8
757 10 1 5 10 2 8 10 3 10 6 2 5 9 2 2 5 9 3 7 2 4 5 8 3 7
816 4 8 3 6 4 1 6 2 6 9 1 8 9 8 4 1 9 10 4 6 6 7 2 9 6
15
926 1 10 4 8 4 1 10 4 10 9 10 10 6 7 5 4 6 10 6 10 2 6 9 10 3
740 9 5 6 7 2 3 3 8 1 3 9 1 2 2 5 8 4 9 8 1 5 9 5 1 6
779 8 2 9 1 5 6 4 8 3 8 5 8 8 7 4 5 10 6 2 4 3 6 7 1 4
924 7 6 9 10 6 6 6 2 10 9 10 7 4 4 6 2 5 6 5 2 8 9 8 3 3
728 2 1 10 1 9 2 5 2 1 6 9 1 6 10 9 6 7 8 7 5 2 5 4 2 4
881 3 7 7 10 3 2 10 7 7 7 9 5 4 2 1 4 6 4 8 8 9 9 5 10 8
716 3 3 2 3 1 10 1 9 8 3 3 10 1 4 8 2 1 6 9 10 8 5 2 2 3
740 8 10 7 5 4 4 9 1 1 3 2 9 2 8 1 10 5 4 3 4 1 10 1 10 5
769 2 10 1 2 10 6 10 7 6 8 7 4 6 3 4 7 3 8 1 7 2 3 7 4 10
817 10 3 6 5 5 6 3 5 4 5 2 7 6 10 6 3 8 7 8 7 5 1 2 5 3
972 10 10 10 9 3 2 6 5 6 7 6 4 6 10 10 3 2 8 5 4 6 8 6 5 6
677 10 5 9 8 2 4 7 2 3 3 1 7 8 4 7 5 3 2 1 10 9 4 6 3 1
787 8 4 1 2 10 8 8 5 1 9 1 2 8 6 3 9 3 7 1 7 2 7 4 9 9
815 10 1 10 6 1 1 1 5 1 10 7 5 7 2 9 9 3 9 9 6 2 7 1 10 5
849 5 10 1 7 1 6 1 9 1 6 10 3 8 4 7 7 10 3 1 7 8 7 6 1 8
15
826 10 6 8 7 8 1 6 3 4 4 8 1 7 5 2 6 3 10 10 8 3 4 5 10 7
769 6 9 10 1 9 3 8 2 1 10 2 3 1 8 2 10 8 6 7 10 6 1 1 10 3
968 8 7 10 5 2 1 6 2 9 9 2 10 3 6 5 10 2 6 3 8 7 9 7 10 9
847 9 6 5 4 10 6 2 9 4 8 9 8 6 5 5 7 7 1 4 3 10 6 7 2 7
832 9 9 3 10 8 2 1 1 7 4 6 7 4 10 7 4 4 7 7 1 8 3 7 6 9
800 7 9 9 10 7 2 3 5 7 4 7 2 8 4 10 8 4 7 3 3 10 2 3 9 1
788 5 4 3 4 1 1 5 2 6 3 2 7 10 7 8 10 8 4 5 7 8 6 1 10 6
850 8 5 6 10 7 4 3 2 8 10 6 4 10 7 10 6 2 5 7 8 10 4 1 5 2
829 8 6 8 1 1 6 6 10 5 6 10 10 10 8 1 3 9 2 5 3 2 9 7 5 2
737 2 9 9 1 3 2 8 6 2 4 8 3 7 9 10 3 7 8 5 2 5 5 5 5 3
769 10 1 6 4 1 10 8 4 5 9 6 2 3 10 4 5 5 3 1 7 3 8 4 6 5
760 8 8 3 2 3 8 10 6 4 3 10 2 3 2 8 2 3 6 9 1 10 9 9 6 6
762 4 10 1 3 8 1 2 9 7 6 5 8 3 9 1 3 2 7 2 9 5 1 8 6 1
696 6 2 6 10 2 7 10 8 7 2 1 4 1 1 9 10 1 6 8 2 7 5 10 2 8
763 1 1 5 1 1 7 3 8 3 8 6 10 8 1 2 6 4 8 9 7 8 10 2 6 1
15
692 6 3 4 8 5 9 8 4 3 1 3 3 9 1 4 10 7 5 7 9 4 6 5 4 7
705 5 9 7 3 4 6 6 9 9 4 2 3 9 1 3 3 10 8 2 6 5 4 5 2 8
794 5 8 1 5 4 8 10 5 10 8 10 7 10 1 2 7 3 4 4 9 4 6 5 1 8
856 4 4 10 3 9 3 5 6 6 10 2 10 4 10 7 3 8 5 10 2 1 9 3 10 8
805 1 6 3 7 1 7 1 6 7 4 5 4 6 6 6 3 4 10 8 6 9 8 4 1 9
815 4 9 4 9 9 5 1 6 10 1 2 2 1 5 10 10 7 1 5 6 10 10 3 9 8
834 9 2 9 8 7 5 8 6 5 5 8 8 6 4 5 6 1 3 3 2 10 7 10 8 2
646 9 1 2 5 8 1 5 7 2 3 2 1 6 1 4 7 7 2 2 6 5 7 3 9 10
896 8 7 2 6 3 6 6 4 9 10 8 10 7 2 6 6 7 3 5 10 8 1 2 8 8
942 2 10 6 2 6 6 9 7 3 9 7 5 3 8 6 3 8 9 9 10 9 5 4 3 10
844 4 1 5 8 10 2 6 7 6 3 8 4 4 7 8 6 7 4 4 9 9 7 7 1 8
637 3 3 7 3 3 4 8 3 3 3 2 2 9 10 6 3 10 4 5 8 6 2 1 2 2
765 5 9 1 3 2 3 4 6 7 9 10 7 4 3 2 10 4 4 9 3 3 8 10 2 2
735 5 5 9 6 3 10 7 6 1 5 2 4 7 6 6 5 4 7 2 1 2 3 8 6 9
721 3 2 9 10 5 10 10 5 9 3 2 9 7 2 7 6 4 4 5 1 10 1 10 1 7
15
780 6 6 7 1 8 8 6 9 2 10 7 4 2 9 1 1 2 8 2 5 3 3 1 6 6
646 10 1 5 4 3 1 10 1 9 1 1 6 1 1 10 8 3 3 6 1 8 8 8 8 8
797 2 7 5 1 3 10 2 1 1 8 3 9 7 3 7 9 2 7 9 10 5 4 6 8 5
857 10 9 3 7 6 6 10 8 2 4 5 1 5 8 4 5 2 8 2 9 5 8 8 3 10
755 2 10 5 7 6 4 6 7 2 8 7 4 1 5 2 9 10 9 1 3 2 4 6 7 7
879 6 10 6 5 10 9 9 8 8 10 8 6 5 7 2 2 3 5 1 3 2 9 10 1 4
920 4 6 8 7 5 5 4 3 7 9 10 10 4 6 6 3 7 6 8 5 9 7 1 4 8
761 9 1 9 3 9 1 10 8 1 10 7 5 1 4 2 3 3 4 8 7 2 8 8 3 2
648 6 9 3 8 8 3 3 4 5 4 1 5 3 7 4 5 8 1 4 2 4 2 9 2 5
776 7 10 2 9 4 1 6 6 9 10 4 1 6 2 3 9 10 6 1 3 5 4 9 4 5
790 3 1 2 5 8 6 4 9 4 2 7 7 6 6 1 3 7 8 5 6 10 9 3 7 9
704 7 4 3 9 9 5 2 7 6 7 1 1 4 1 10 7 4 3 7 1 10 1 4 3 10
759 3 4 10 5 9 3 5 2 9 2 2 3 3 5 7 6 5 10 7 5 7 7 10 7 3
790 2 8 7 3 3 4 5 9 3 5 10 9 7 6 3 2 4 6 9 9 7 6 9 2 4
693 7 2 8 8 6 2 4 7 8 3 2 2 3 6 1 9 4 8 7 7 5 6 1 3 6
15
814 9 2 6 2 10 4 4 7 7 9 5 4 4 8 6 2 2 6 7 1 1 9 6 8 7
673 8 10 1 2 2 7 4 3 2 1 6 6 5 1 6 4 2 3 1 8 10 7 9 7 3
815 8 5 1 3 5 6 10 6 10 7 10 3 9 1 5 1 9 6 1 1 9 7 7 6 6
775 9 2 2 8 8 6 6 9 4 9 4 5 5 4 4 1 7 2 9 1 8 7 4 8 9
634 2 7 10 7 4 1 8 9 8 3 1 4 10 4 3 5 3 3 9 5 1 1 4 7 9
579 8 7 2 3 5 6 3 3 7 5 1 1 3 4 9 3 1 5 6 2 3 3 3 2 8
633 5 1 6 8 3 5 10 7 8 6 2 1 4 3 7 6 2 2 6 4 10 8 2 7 1
684 8 4 6 5 8 4 6 3 7 2 8 4 3 1 10 9 3 1 2 10 2 7 3 7 1
747 9 4 1 6 7 1 10 7 9 3 3 7 10 3 5 9 1 5 10 2 4 6 4 4 5
718 7 4 6 9 4 9 2 2 8 5 4 1 5 4 6 6 8 1 9 3 7 5 8 4 6
634 2 4 6 1 5 10 6 10 7 8 2 1 8 2 3 7 4 1 9 3 5 6 2 7 4
809 1 7 4 10 1 8 10 10 2 4 8 8 10 4 1 6 6 9 7 3 3 8 3 9 3
835 1 5 2 8 9 6 7 10 3 3 5 6 5 5 6 6 7 7 7 6 10 6 4 5 10
643 1 6 3 3 7 2 9 10 6 9 7 1 1 6 1 8 8 1 6 3 2 4 6 7 3
756 4 3 9 1 3 5 2 3 3 1 7 3 6 5 7 3 10 10 9 6 9 9 8 6 1
15
907 7 9 5 6 2 1 8 9 10 4 7 9 3 4 8 7 10 3 9 5 4 10 10 4 9
921 8 8 10 8 9 5 7 2 4 8 1 10 10 1 4 8 7 10 10 8 8 4 8 2 5
712 1 7 2 1 8 9 7 9 3 6 1 5 4 7 7 3 3 6 5 2 10 9 10 1 1
614 2 7 4 9 5 5 2 7 9 2 1 1 4 4 8 2 5 6 10 1 7 9 1 2 3
716 10 2 5 4 3 7 5 2 5 7 7 2 10 3 1 3 7 7 5 7 5 3 6 3 8
908 6 2 6 3 8 2 4 6 8 4 9 6 7 6 10 1 10 8 7 3 2 10 3 6 10
884 6 8 10 2 5 7 7 7 7 5 6 8 3 7 3 1 3 2 6 8 6 8 6 6 10
733 5 1 8 4 2 10 5 4 4 8 7 7 6 10 9 2 2 1 4 6 1 2 10 4 8
1008 9 6 8 10 6 8 5 8 3 5 10 8 1 10 8 9 4 10 5 10 4 8 6 7 2
895 7 8 3 2 5 7 4 2 7 5 9 10 6 3 8 10 10 3 1 6 3 8 7 2 8
818 4 3 9 7 3 1 10 3 9 7 2 10 5 9 7 8 3 1 3 10 5 7 9 4 7
816 8 1 1 9 5 1 4 8 6 10 1 6 6 7 1 1 1 7 10 8 9 10 3 1 6
775 2 3 7 6 3 7 2 5 3 7 8 9 3 7 4 1 9 5 7 8 3 4 8 7 5
663 8 8 6 2 6 3 9 2 6 2 4 5 6 1 7 10 9 7 1 7 1 6 4 5 1
881 9 1 7 2 4 3 9 1 7 3 6 5 3 7 6 7 9 9 5 10 5 10 5 2 8
15
766 2 3 1 4 5 10 9 4 6 8 8 4 4 5 6 7 6 2 7 9 4 5 3 6 9
904 4 9 10 8 3 9 7 5 8 7 6 5 3 8 10 6 6 5 7 5 6 7 6 7 1
717 1 9 4 7 7 5 4 10 6 3 2 6 4 6 10 9 2 6 4 9 3 4 9 1 3
760 3 6 4 10 8 1 7 5 5 2 5 5 5 5 7 9 10 6 5 2 9 1 1 9 6
635 2 7 9 4 3 6 10 1 1 2 2 1 5 5 6 5 8 6 2 2 9 6 5 1 5
697 4 4 10 10 9 6 10 1 8 5 5 6 3 1 7 9 9 6 10 1 7 1 3 4 3
755 9 7 10 8 1 6 3 8 10 4 1 9 6 7 3 10 1 5 1 5 1 3 6 6 2
863 9 7 2 6 3 8 1 10 8 6 7 5 1 10 3 9 7 2 2 9 1 7 10 5 9
789 4 4 3 5 2 10 9 7 7 3 4 4 5 9 9 8 7 9 2 4 1 2 5 9 3
862 10 2 3 8 4 10 3 7 4 2 8 6 9 6 7 9 6 1 10 4 10 7 3 8 7
763 8 5 10 2 1 2 5 6 4 6 5 8 1 7 5 4 8 6 2 2 6 5 6 2 6
826 3 3 3 5 9 5 7 10 8 7 4 8 6 1 10 7 8 4 9 6 3 9 7 5 2
736 3 2 1 7 9 5 6 1 8 1 8 6 6 4 9 6 1 9 6 5 6 9 4 7 5
897 10 6 7 7 9 6 6 7 6 1 6 2 6 7 10 9 10 10 9 8 6 2 5 2 2
813 10 3 6 6 6 8 1 3 3 8 1 2 10 7 4 4 7 9 5 5 4 9 1 5 6
