100 10
500 500 500 500 500 500 500 500 500 500
20
346 8 3 8 8 3 8 2 6 9 5
266 5 4 7 4 2 9 7 1 6 1
175 5 3 1 2 5 5 3 8 2 1
309 3 2 9 5 4 3 5 6 7 5
218 7 3 1 6 1 8 5 1 4 4
317 3 7 6 3 6 2 7 2 6 9
337 5 3 6 2 2 9 7 9 8 5
194 3 5 2 7 2 9 6 1 2 2
258 3 3 3 4 8 4 6 4 7 1
330 6 8 2 5 8 2 6 7 8 7
308 7 7 7 9 1 6 4 3 4 2
312 2 3 9 9 1 8 4 3 8 5
258 2 5 3 9 1 5 6 3 4 7
262 3 4 2 1 1 8 8 3 7 7
255 4 1 7 2 1 7 7 2 4 8
305 7 9 6 6 4 2 2 1 7 4
355 8 7 4 2 8 3 9 8 8 4
243 1 8 5 9 1 5 1 5 2 5
259 3 8 2 5 1 6 4 1 6 8
327 4 7 2 6 6 4 3 9 8 7
20
248 9 7 1 2 3 3 3 3 5 6
190 6 7 1 1 4 3 1 9 1 1
385 8 8 5 8 9 3 7 9 8 3
241 4 3 5 9 1 8 3 2 3 4
284 2 4 8 4 7 8 4 7 3 4
376 3 3 9 8 7 8 4 5 8 8
313 3 6 5 6 6 9 1 6 8 6
202 8 2 2 4 2 5 4 1 3 3
261 6 2 2 8 3 4 8 8 2 7
346 9 1 7 4 5 3 6 6 9 4
321 5 3 4 1 9 2 6 9 6 9
275 2 3 9 7 7 5 6 8 1 2
300 2 6 6 5 4 8 7 4 6 4
313 7 9 1 4 9 7 3 5 7 4
272 3 1 8 8 8 5 6 3 6 1
357 5 4 9 4 9 8 7 2 6 5
340 6 8 2 9 9 5 4 6 6 8
289 2 9 9 1 3 5 3 4 3 5
210 5 4 3 2 3 1 2 3 9 1
193 3 1 2 4 2 3 8 9 3 2
20
316 6 4 8 8 4 4 8 1 8 1
226 1 9 1 7 8 9 1 3 4 4
261 3 9 1 9 2 9 5 9 5 2
279 1 5 5 1 5 6 8 6 6 4
234 4 1 2 9 9 3 9 2 2 6
371 7 7 9 9 8 5 5 4 6 2
235 1 2 2 5 6 1 7 9 1 9
344 6 5 4 7 3 5 9 3 9 7
313 7 5 9 5 5 4 6 7 3 2
195 9 5 2 1 6 4 1 2 3 1
380 2 9 8 9 8 3 6 3 8 7
315 8 5 6 5 8 1 6 1 7 2
211 5 1 4 1 2 3 7 8 5 1
312 9 7 7 7 7 5 3 4 3 1
279 4 4 6 8 3 1 8 5 6 2
354 9 3 7 7 9 2 9 2 4 8
330 4 7 3 9 7 7 8 2 4 8
280 7 3 1 4 4 8 5 3 5 9
277 4 4 4 9 6 2 8 7 3 4
294 7 6 9 9 5 4 3 2 3 2
20
268 8 3 6 6 2 1 6 3 3 4
320 8 7 5 8 4 5 8 1 4 5
258 3 1 5 3 1 6 9 3 8 3
290 2 7 8 2 1 8 4 3 9 3
282 2 7 7 1 1 4 7 7 2 9
356 8 7 7 5 5 1 7 3 7 6
329 3 5 9 7 3 1 8 3 8 3
302 9 1 2 5 8 8 3 8 4 7
304 2 1 4 6 6 7 7 6 9 7
255 9 1 1 1 6 1 5 1 7 6
223 2 2 9 8 6 3 2 4 2 1
256 4 7 3 8 4 9 5 4 1 5
314 1 5 6 8 4 8 8 2 6 9
331 3 3 9 3 3 3 9 6 6 6
252 4 3 6 3 4 2 4 2 9 2
296 8 3 6 1 7 5 9 7 3 1
259 2 6 7 3 2 5 1 4 3 7
349 8 1 8 8 9 3 8 1 5 8
229 5 7 2 6 1 4 4 5 1 4
287 6 5 6 6 5 1 5 2 5 5
20
338 8 3 7 3 2 4 8 1 8 9
225 3 2 3 7 4 6 4 7 2 4
272 8 2 1 7 9 7 2 2 9 3
260 9 1 5 2 8 5 3 4 3 3
327 8 5 1 9 1 4 8 5 9 5
320 9 4 4 4 4 1 3 9 4 9
225 4 2 5 6 6 4 6 2 3 1
283 3 4 8 2 2 6 2 8 4 9
391 8 9 6 2 3 6 9 8 9 6
258 1 6 7 4 4 1 2 3 6 4
323 7 5 6 7 8 4 4 3 4 8
320 4 4 4 7 9 7 8 2 5 7
255 4 9 3 6 3 8 3 7 3 2
301 8 5 1 6 1 9 7 4 6 8
317 9 6 1 2 3 7 8 6 7 7
272 2 2 7 4 6 8 8 6 4 4
279 3 6 6 8 5 8 3 2 4 5
244 2 4 2 3 9 1 5 2 8 7
220 6 9 1 5 8 4 2 4 1 1
311 5 6 9 4 4 4 9 6 3 2
20
349 3 8 9 3 9 6 3 3 5 8
213 2 1 4 2 1 2 7 9 4 2
292 9 2 1 9 7 9 3 4 9 2
290 5 2 8 2 6 6 5 4 8 2
284 2 9 6 3 2 5 5 6 2 8
323 2 9 5 7 8 8 4 7 4 6
337 5 7 2 1 8 9 7 8 4 9
184 1 6 1 8 4 5 4 1 5 2
263 2 2 7 9 8 5 4 8 3 2
269 1 2 3 4 1 5 8 4 8 8
341 4 3 5 2 3 8 9 9 8 6
281 7 2 7 4 6 1 9 1 3 4
184 1 4 4 3 1 7 7 2 1 1
317 3 9 6 5 4 3 5 1 6 9
306 3 6 7 1 9 5 9 4 4 3
371 7 5 3 5 8 7 3 9 9 8
268 4 4 6 5 2 5 8 1 3 6
285 6 2 7 3 4 5 2 5 5 9
276 6 1 6 6 7 4 7 1 4 6
347 8 3 8 7 6 8 8 4 2 6
20
259 2 7 3 7 7 1 3 6 5 6
306 7 3 7 1 2 5 1 1 9 9
285 8 6 5 5 3 7 9 3 2 2
234 5 9 1 5 3 7 3 9 1 4
319 6 6 9 3 3 8 8 5 2 4
227 2 1 6 9 3 8 7 2 1 6
347 6 5 9 1 8 1 4 7 6 7
349 2 9 7 5 8 9 5 4 9 5
352 9 8 4 3 1 9 8 7 8 4
312 6 5 7 4 1 3 9 9 7 2
200 6 8 2 3 5 3 1 2 2 2
295 5 9 2 6 4 1 9 6 2 7
284 1 9 8 6 4 4 4 2 5 4
354 7 6 1 8 8 9 4 4 8 8
281 1 8 5 8 5 6 6 5 5 2
322 9 1 9 4 3 9 4 8 5 1
379 5 9 6 9 1 9 9 9 7 2
346 6 4 9 5 4 2 6 5 6 7
308 8 8 6 4 9 8 2 4 3 1
273 7 4 1 4 8 1 7 2 9 1
20
259 5 2 1 9 4 8 9 5 2 9
259 1 4 7 2 1 3 3 7 6 6
291 6 5 5 5 3 6 5 8 1 8
253 8 6 3 2 2 4 4 7 2 3
320 8 4 9 8 6 4 2 2 2 8
249 1 6 9 1 9 3 2 3 2 5
248 5 4 5 5 2 3 1 3 4 9
355 1 8 8 1 6 8 9 8 8 2
261 8 4 9 9 4 3 4 3 1 1
306 7 9 6 4 1 1 4 9 6 3
276 3 7 8 1 9 3 2 2 2 7
242 1 7 6 2 6 3 2 3 5 2
350 2 7 9 8 4 5 8 9 3 7
316 7 5 9 6 6 3 2 4 5 6
204 2 3 4 1 5 1 4 9 3 2
291 5 3 8 1 4 7 7 5 3 5
256 1 4 7 7 2 6 8 8 3 2
322 6 3 9 1 6 7 8 8 2 7
287 1 9 4 8 5 8 9 2 6 2
329 8 5 7 2 1 2 9 6 8 4
20
277 1 8 6 5 8 5 5 1 7 2
297 4 6 8 6 3 1 7 7 4 5
225 1 3 4 9 4 5 6 4 5 2
283 4 9 4 7 1 9 5 7 5 3
333 7 1 9 8 1 6 3 3 8 8
229 2 9 2 8 3 7 2 3 2 6
211 4 4 1 9 2 4 3 8 1 5
201 3 1 1 3 9 9 7 6 3 1
366 9 7 6 1 9 9 5 6 8 2
313 9 5 8 2 2 2 4 2 9 4
349 8 5 5 8 2 8 7 5 8 6
227 6 2 1 8 4 5 6 2 6 2
334 2 7 8 9 1 1 8 4 8 4
310 4 7 8 8 2 8 2 4 1 9
274 6 9 2 8 1 1 9 2 3 5
352 6 2 9 5 3 9 5 7 6 9
261 8 5 6 3 5 4 3 1 6 1
208 3 2 5 4 6 2 8 3 2 2
271 7 3 4 5 6 1 7 1 9 2
330 8 2 4 3 3 3 9 3 8 8
20
262 7 7 1 3 6 7 3 6 1 7
353 9 5 6 9 9 5 9 7 4 1
240 4 6 7 6 1 2 4 6 3 1
358 8 7 9 6 2 4 9 5 3 7
286 5 9 6 1 1 3 3 7 8 2
232 2 3 4 8 2 5 4 2 8 4
332 8 7 2 4 6 6 9 2 8 6
286 1 9 5 1 6 5 6 8 2 8
252 3 4 6 6 1 2 9 8 3 1
352 9 8 1 9 5 4 8 5 8 5
212 3 1 5 4 4 9 6 1 3 3
282 7 1 5 3 9 4 4 6 7 4
302 1 8 5 7 5 6 8 4 2 9
291 6 8 3 7 7 8 2 2 8 1
181 2 2 1 2 3 2 6 2 8 2
277 5 9 3 3 6 4 8 4 4 3
315 5 6 2 9 5 5 8 7 6 5
382 8 5 8 8 5 2 8 5 7 8
243 4 4 5 9 5 1 2 4 5 4
307 2 3 8 6 4 7 4 5 5 7
20
296 5 4 4 4 4 3 8 1 6 8
229 3 3 2 3 7 6 4 5 3 8
341 6 3 6 1 5 7 7 3 9 9
231 8 9 1 5 1 4 4 1 1 4
323 7 8 3 6 8 6 2 7 8 1
344 9 5 6 4 9 7 2 1 8 4
201 3 1 1 5 6 3 7 2 3 5
295 5 4 8 3 6 7 1 6 4 4
311 7 5 6 5 3 5 8 8 4 2
312 3 8 7 8 8 6 4 7 2 4
324 2 5 8 4 4 3 6 6 8 5
324 4 9 4 1 7 3 7 8 8 1
262 6 2 1 7 4 8 6 4 8 2
313 8 4 3 3 5 2 1 7 9 7
293 7 4 7 2 2 3 3 5 7 6
222 1 4 7 6 5 2 2 5 1 5
283 1 8 9 8 5 1 2 4 4 5
267 3 4 6 5 6 6 7 9 1 3
324 8 7 4 7 8 4 1 6 8 5
356 1 9 9 8 6 4 8 4 5 6
20
237 6 2 7 1 5 2 1 3 1 8
276 4 9 2 9 2 4 1 5 9 1
241 7 1 3 1 9 8 3 6 2 2
269 1 5 5 5 3 4 8 4 6 4
280 4 5 7 1 3 9 4 4 1 9
289 1 1 5 7 9 5 5 2 9 6
337 7 8 4 8 3 6 3 7 8 3
306 2 9 1 6 8 2 7 8 7 5
257 8 1 6 2 5 3 7 5 2 3
388 8 6 6 4 7 4 6 7 9 6
353 2 9 9 9 8 4 7 2 7 3
265 6 5 2 4 5 5 5 2 7 5
315 2 3 6 4 6 7 7 5 8 7
349 8 4 3 3 9 5 9 2 8 7
326 9 8 9 2 3 1 2 5 8 1
281 5 9 8 4 4 3 1 9 2 2
305 5 3 6 5 7 6 6 5 4 6
292 9 1 3 4 5 2 2 5 8 9
207 4 5 2 7 3 2 1 9 2 4
326 3 5 5 4 6 8 9 9 3 9
20
252 4 7 3 7 6 4 1 1 4 6
323 5 9 5 6 6 3 8 9 3 6
288 3 5 6 5 5 7 8 2 6 5
287 7 1 4 2 5 1 9 3 8 5
357 9 5 4 2 5 7 7 6 6 9
215 2 2 4 7 7 2 9 5 2 2
315 6 9 9 2 1 6 6 9 3 2
222 3 9 1 6 3 6 3 7 1 5
198 3 4 3 4 4 7 4 4 2 2
321 7 6 1 4 9 8 8 5 7 2
293 4 3 3 3 1 9 6 7 8 7
312 3 8 3 6 5 8 3 6 9 7
274 9 2 7 3 7 3 5 4 1 2
328 6 5 7 3 3 6 6 3 9 6
358 9 3 8 2 6 3 5 9 8 6
268 2 9 2 8 6 4 5 6 2 6
325 1 9 7 5 8 2 8 7 8 1
310 9 6 3 3 5 6 9 7 4 4
275 1 7 2 9 3 7 9 3 6 6
295 7 4 6 7 3 7 5 8 5 1
20
272 8 1 1 1 8 7 4 4 9 3
374 1 7 8 5 6 8 7 6 8 7
232 5 2 1 5 9 5 2 3 3 6
322 3 8 7 7 4 4 6 7 2 7
212 2 4 5 1 1 5 3 6 1 9
279 4 9 8 8 3 1 3 2 5 1
331 4 2 9 1 8 2 8 9 4 6
349 5 6 5 9 2 8 8 2 9 5
207 2 3 3 6 3 1 1 4 3 8
233 3 2 2 2 5 4 3 9 5 8
330 9 5 8 9 3 4 5 6 6 2
270 9 2 3 2 5 7 1 5 5 8
256 6 7 6 2 1 5 1 1 2 8
278 8 8 4 7 1 9 1 4 6 1
297 9 9 2 2 3 1 6 4 5 7
225 4 1 2 8 7 5 2 1 7 4
335 8 5 6 9 1 2 5 2 9 6
265 5 1 6 7 1 6 2 1 6 7
358 9 7 7 7 3 5 7 9 7 1
339 3 5 8 9 4 1 7 7 9 5
20
311 7 2 7 5 8 9 5 9 1 7
304 6 1 9 2 7 1 4 7 5 5
216 2 3 6 3 3 9 4 1 3 1
340 7 9 4 5 3 5 8 4 8 6
253 1 8 7 6 1 1 6 3 2 6
270 2 7 3 2 3 7 6 7 4 9
268 3 2 2 1 8 2 4 8 6 8
281 5 4 6 4 3 3 1 5 8 5
307 5 7 4 6 4 1 5 3 9 4
256 4 7 5 9 1 3 2 2 5 7
341 9 2 7 2 4 9 9 9 4 6
257 3 8 8 6 5 4 5 1 1 3
273 9 2 8 2 6 7 1 5 5 1
320 7 8 6 4 1 3 5 6 3 9
293 4 6 4 6 9 5 5 6 2 7
288 3 8 6 4 3 3 6 2 5 7
317 6 7 6 7 4 7 9 3 4 5
217 1 4 2 8 1 4 3 9 6 4
334 1 8 7 7 4 9 6 2 4 9
332 5 8 8 7 3 8 4 9 4 1
20
314 7 1 3 4 9 2 5 5 9 6
275 8 2 3 1 9 4 5 7 2 6
183 3 1 5 2 2 1 1 2 2 6
314 8 4 3 5 7 3 5 9 8 1
301 1 6 8 1 6 4 5 5 7 6
324 4 4 7 6 9 2 7 5 8 4
300 8 4 1 9 5 8 1 9 6 4
306 2 9 9 4 2 2 7 7 5 1
306 5 3 9 7 1 8 1 7 9 2
286 1 4 9 8 1 2 6 7 6 1
241 3 4 5 3 9 2 5 7 2 4
234 9 1 3 6 4 4 2 2 8 1
300 6 1 2 4 6 3 7 8 9 7
322 9 5 8 2 6 8 5 1 5 2
229 4 6 5 1 4 4 2 2 6 2
322 2 7 7 3 4 7 9 9 4 5
363 6 7 7 4 2 7 9 9 8 2
380 6 9 5 1 7 9 5 4 9 7
387 8 2 9 4 4 9 6 5 7 9
279 6 2 6 6 8 9 1 8 1 5
20
346 9 3 6 9 2 3 5 3 8 7
311 4 9 5 4 7 5 7 2 7 1
243 6 3 3 4 5 3 7 1 3 7
267 6 4 8 5 4 2 3 4 1 7
349 6 8 3 7 9 4 7 6 9 4
303 2 9 3 8 2 6 9 4 4 9
262 2 3 4 6 1 4 6 8 6 4
287 4 5 3 5 9 7 9 9 1 6
276 4 5 2 9 2 3 9 4 4 6
359 8 2 9 2 1 9 8 8 5 6
231 3 6 2 2 9 5 5 4 2 4
287 2 3 9 8 5 1 4 1 6 7
298 1 1 6 5 4 8 8 7 9 5
255 6 3 3 1 2 5 7 5 3 7
243 3 4 6 8 5 6 4 3 3 2
304 4 6 2 8 2 4 8 9 7 3
265 4 2 5 6 7 8 5 1 2 6
304 8 8 8 1 5 2 4 9 2 1
323 3 1 9 3 9 8 5 3 7 5
257 9 1 3 1 5 2 4 7 7 2
20
351 5 3 8 7 5 9 1 7 8 8
284 1 5 9 1 4 3 7 3 6 3
321 5 9 5 8 4 2 9 5 3 6
267 3 2 4 5 9 1 4 6 4 7
327 4 8 4 4 3 9 9 9 7 1
334 6 8 8 4 4 3 8 6 3 7
314 8 9 3 9 1 4 6 3 5 8
295 5 5 3 9 1 6 7 6 7 3
333 7 5 3 9 6 8 9 6 4 4
272 5 3 3 4 1 4 7 6 4 8
221 3 4 2 6 4 3 7 6 5 1
217 3 3 2 8 6 9 5 6 2 1
223 3 6 2 8 7 1 2 9 1 4
306 3 9 2 1 8 7 7 4 5 9
265 9 6 2 6 7 5 6 6 1 2
262 6 4 7 1 3 2 3 3 5 4
322 2 4 6 8 9 9 6 1 8 5
306 5 5 7 7 9 8 7 5 3 1
336 9 4 9 9 5 7 4 6 1 5
308 8 5 5 7 6 4 9 3 4 3
20
254 8 4 4 1 8 3 4 5 3 1
333 8 1 9 3 6 7 8 5 5 5
255 3 4 7 4 6 8 2 5 4 3
180 3 3 1 4 7 5 4 2 3 2
264 8 4 6 3 4 1 6 3 1 8
278 3 8 3 8 8 8 1 2 2 9
316 4 1 9 7 7 1 2 9 9 4
286 8 4 6 8 2 4 4 2 9 1
305 9 4 2 9 3 4 7 8 5 5
242 7 3 5 5 1 5 9 5 2 1
258 7 1 2 4 8 2 7 3 5 4
368 2 8 5 7 7 2 7 6 9 8
351 6 5 1 2 9 2 9 9 9 8
379 9 6 9 9 8 2 9 1 2 8
328 6 4 8 8 8 7 2 5 3 7
238 1 2 5 9 3 5 7 1 7 2
339 5 6 6 3 8 8 6 9 6 3
296 7 4 6 5 2 5 1 8 2 9
257 2 9 4 3 9 3 1 4 2 7
361 6 7 7 8 4 4 9 4 4 7
20
351 1 5 8 2 5 3 6 8 8 9
320 7 8 8 8 5 3 1 1 5 4
253 1 8 8 2 2 1 5 1 5 2
170 2 3 1 4 6 8 4 2 2 4
324 9 2 8 7 9 5 2 3 5 5
200 9 1 1 2 1 1 9 9 1 1
316 1 9 9 9 6 2 6 5 4 5
352 7 6 3 6 2 8 9 4 9 6
302 9 2 1 7 6 1 6 9 4 9
232 9 5 2 2 1 3 7 5 1 5
225 5 8 1 5 6 3 9 5 1 1
259 9 5 3 5 9 7 2 2 1 5
291 8 6 5 2 1 3 9 9 1 6
276 1 9 5 3 4 1 7 3 7 4
295 4 8 4 8 8 7 2 6 2 8
315 1 6 4 6 8 3 8 6 8 8
237 5 6 1 7 5 9 2 7 1 3
273 5 7 4 3 4 6 4 1 5 5
277 5 2 1 6 5 3 9 8 5 5
309 8 7 7 1 6 7 4 9 2 4
20
247 8 8 2 9 3 2 4 3 1 6
272 1 3 7 5 9 5 3 5 4 7
295 8 1 6 1 5 5 2 2 7 7
242 4 2 4 7 1 5 4 9 5 3
217 2 2 5 3 5 5 3 4 1 6
267 8 9 3 2 1 7 2 1 9 1
379 9 9 8 2 6 7 4 7 5 6
238 1 1 6 1 1 1 9 7 4 8
307 1 8 4 6 2 2 5 6 9 8
222 1 5 1 9 2 9 4 3 8 1
277 8 3 4 1 9 3 5 9 3 3
290 5 6 3 5 4 9 3 4 6 5
281 7 2 4 9 8 9 2 2 4 6
274 5 9 3 1 2 6 8 6 3 6
275 3 8 6 7 4 5 3 1 5 5
242 4 3 5 8 9 4 3 2 6 1
333 8 4 8 2 4 3 2 6 5 9
270 7 4 1 2 1 9 7 2 9 3
336 2 6 5 5 9 1 8 5 6 9
284 3 3 8 4 2 5 3 3 6 6
20
246 3 8 2 4 5 5 4 7 5 2
325 5 7 3 4 4 9 3 4 9 7
226 7 3 1 9 4 5 8 2 3 2
319 9 3 8 8 6 7 2 7 1 7
250 4 5 5 3 6 5 2 6 3 5
347 3 4 8 5 7 2 6 6 7 7
373 9 4 8 3 8 8 7 2 3 9
329 6 5 2 3 7 8 6 4 9 8
323 5 9 9 7 6 2 1 8 4 3
351 9 7 8 7 6 4 1 6 8 3
309 1 2 9 1 7 6 6 5 9 3
274 1 6 6 3 4 6 6 7 1 7
198 1 7 2 9 2 8 6 1 1 3
241 1 2 6 1 4 3 2 8 6 4
235 4 3 3 3 9 1 2 3 8 2
290 3 8 4 4 1 9 3 6 8 6
252 8 1 6 3 6 7 1 3 1 9
317 9 1 8 3 1 1 9 2 8 5
277 3 9 6 5 6 6 5 3 1 4
250 3 9 1 2 1 3 3 6 4 8
20
284 8 5 4 8 9 4 4 4 3 4
288 7 3 6 3 1 1 8 7 5 4
300 3 7 5 6 5 3 3 4 6 9
301 3 9 8 2 4 1 5 4 3 9
249 1 5 8 6 6 4 1 4 4 5
252 9 1 3 6 1 4 2 2 5 8
301 2 5 2 9 3 8 8 4 5 9
351 7 5 3 3 8 7 8 5 6 8
308 3 8 9 4 6 9 4 7 1 2
310 7 9 3 5 7 8 6 7 1 7
364 3 8 6 9 4 3 8 8 6 9
368 8 2 8 6 7 9 8 8 6 2
252 1 5 3 7 3 6 3 4 5 8
310 8 6 5 7 2 1 6 4 9 1
324 6 3 9 9 9 2 3 2 9 2
300 1 5 9 3 4 5 6 7 2 9
231 1 5 3 5 5 3 8 7 3 1
216 6 2 2 4 9 6 1 1 2 8
360 3 9 9 4 9 1 8 5 6 5
304 3 8 8 7 6 2 5 3 1 8
20
321 9 3 8 2 4 5 1 4 6 9
334 8 6 3 2 3 6 9 6 7 7
226 2 1 5 2 2 8 8 4 3 4
326 6 4 2 8 6 5 9 3 7 9
281 9 3 2 2 5 1 3 6 7 9
224 4 8 4 5 5 4 2 5 2 3
259 5 4 3 8 7 1 3 9 3 4
339 4 6 5 5 9 2 6 5 8 8
254 3 2 1 6 4 9 9 3 8 2
244 4 2 7 1 5 3 6 1 2 6
245 4 7 2 7 9 8 1 1 5 3
249 4 5 3 8 8 3 7 6 2 2
202 4 2 5 7 1 5 2 4 3 4
319 2 8 5 3 8 7 5 4 9 6
359 5 4 5 9 7 4 7 5 8 9
297 7 5 4 2 9 6 3 7 6 1
247 2 4 4 7 6 9 2 6 1 6
237 3 2 5 4 1 3 2 8 4 8
252 3 1 9 8 6 2 3 1 1 8
308 6 2 1 3 8 9 9 8 9 4
20
332 9 8 3 8 4 1 6 7 5 5
354 3 4 7 8 3 5 5 9 9 7
207 6 1 2 9 2 5 3 5 6 1
267 8 4 4 1 2 2 3 6 7 6
227 2 5 2 2 9 7 4 8 4 1
308 3 7 5 9 2 5 4 4 9 4
301 7 3 7 4 4 2 1 7 4 9
254 8 7 1 2 1 5 6 2 8 3
237 3 8 7 2 2 2 1 3 3 3
242 3 8 5 1 1 8 3 2 5 4
300 3 3 8 5 5 2 9 5 3 9
352 8 8 7 3 9 1 3 5 7 6
330 8 1 6 4 5 8 7 6 8 5
248 8 1 4 9 4 2 1 1 9 2
212 2 7 2 2 3 1 8 4 4 3
358 9 6 8 8 4 2 3 6 4 7
287 3 5 1 2 1 9 9 6 9 8
250 6 4 3 8 5 4 2 3 2 7
290 7 7 1 4 4 7 6 6 2 8
294 6 5 2 4 3 5 7 6 8 4
20
274 4 8 8 3 8 1 4 6 2 3
348 8 8 9 3 6 1 6 2 6 6
268 7 9 6 6 8 3 2 2 1 3
232 2 3 4 3 8 5 4 5 6 3
298 3 4 6 3 6 9 7 7 4 5
251 1 4 6 6 4 5 3 3 8 1
263 9 1 8 7 1 3 4 5 4 2
283 1 7 5 1 9 9 2 3 9 3
241 1 4 5 1 2 9 7 8 2 4
284 1 7 6 2 7 6 3 5 5 7
250 2 8 1 6 3 6 5 6 8 2
284 7 4 6 7 5 3 9 3 3 3
351 9 7 7 4 4 5 2 8 5 7
321 8 4 5 9 4 8 4 9 6 2
290 4 4 7 8 6 4 4 5 6 1
283 2 1 9 8 4 1 6 5 7 2
293 8 9 4 5 5 1 6 8 1 2
320 5 8 5 9 9 7 7 6 2 5
237 3 6 7 2 2 6 4 5 3 3
324 9 8 4 5 8 7 1 5 3 9
20
207 3 1 2 8 1 7 1 7 7 1
221 4 5 6 2 4 3 3 6 2 1
261 1 6 3 5 2 2 6 8 9 2
341 7 4 2 9 8 4 5 9 9 5
171 4 1 2 1 5 7 3 7 2 1
330 4 6 9 9 7 7 2 7 4 6
345 9 8 3 6 9 4 8 2 5 5
278 1 2 7 6 3 7 2 9 7 7
258 5 2 8 2 7 1 2 5 2 5
258 2 2 6 4 7 5 7 2 7 2
409 2 9 8 8 7 8 9 6 9 4
410 5 9 9 2 9 7 9 8 9 4
334 5 3 2 2 8 8 5 7 9 8
297 5 2 7 4 4 9 7 4 1 8
327 2 8 5 6 7 7 2 8 8 4
224 2 9 6 6 3 2 3 1 3 3
185 3 5 1 8 3 2 6 2 4 1
297 6 2 2 5 1 9 9 6 6 6
288 9 9 2 9 1 9 1 9 3 3
210 7 3 1 5 5 2 2 2 4 4
20
261 5 3 4 9 7 7 1 3 5 5
315 1 9 8 4 3 9 8 3 6 2
252 3 8 3 1 8 5 4 5 6 1
309 9 2 7 8 7 2 7 8 2 3
250 6 7 1 3 1 9 1 7 2 9
274 5 4 1 8 1 7 9 2 7 7
232 4 1 2 2 6 2 6 1 9 3
360 3 9 8 6 8 1 2 2 9 9
264 9 6 1 9 1 1 1 4 4 8
309 2 5 8 2 5 4 5 7 6 7
310 9 2 8 7 4 4 1 6 3 8
390 5 7 9 9 9 4 8 3 5 6
257 6 5 5 3 1 3 1 5 9 1
204 8 3 2 4 6 3 2 4 2 4
322 4 8 9 7 9 2 8 1 4 1
289 2 5 2 1 3 6 7 8 7 7
284 7 6 7 9 4 9 1 4 3 1
236 4 8 1 7 2 7 1 8 5 2
271 7 3 4 4 4 4 9 6 5 3
205 2 1 6 3 4 1 8 5 3 2
20
249 1 9 1 3 1 5 7 4 7 7
297 7 7 6 2 6 6 4 3 3 5
288 4 1 3 7 9 8 9 4 3 6
242 2 9 2 5 2 6 1 2 7 6
312 5 9 1 8 7 6 1 9 7 5
265 2 8 2 5 2 6 8 5 5 6
250 5 3 6 6 3 8 1 3 2 7
337 7 1 8 8 5 6 9 1 4 7
244 4 5 5 8 1 8 4 8 1 3
329 2 8 9 5 3 9 8 2 3 9
277 5 3 6 5 2 7 3 3 5 5
294 3 9 8 9 3 3 3 2 3 5
368 7 4 7 8 9 2 5 8 7 7
201 2 3 4 7 2 5 3 2 1 5
334 3 8 3 7 6 9 6 8 6 6
302 9 3 7 4 6 6 5 1 8 1
242 6 1 2 8 3 8 1 7 7 4
284 1 9 5 7 1 2 6 1 7 8
304 4 8 8 1 4 6 2 4 2 9
258 5 1 6 5 3 9 3 1 5 8
20
368 3 9 8 5 8 4 4 9 9 3
302 8 9 2 6 8 9 5 5 3 2
357 9 5 8 8 8 8 3 1 7 5
243 1 9 5 7 6 6 3 5 1 1
346 9 8 8 9 4 8 6 3 4 3
267 1 9 7 5 2 3 8 5 3 2
360 7 4 8 2 5 4 8 1 8 9
240 1 2 5 8 7 2 6 4 7 2
304 9 5 3 9 1 8 6 7 1 9
274 2 4 5 7 1 6 3 8 6 4
256 4 2 5 2 8 9 1 5 2 9
244 1 3 7 6 1 2 2 9 2 8
269 3 2 8 8 9 6 1 2 2 7
274 8 1 4 1 8 4 7 1 5 8
320 8 4 5 5 1 8 7 5 5 5
163 1 7 2 3 3 3 1 1 5 2
325 9 5 9 7 7 1 6 1 7 1
295 4 1 3 8 6 9 8 7 7 5
256 4 7 1 4 3 3 5 9 3 5
283 4 5 4 5 7 8 5 1 7 2
20
283 7 4 9 7 3 3 2 1 4 6
239 8 2 8 2 2 1 2 9 1 4
354 7 5 9 5 3 2 9 8 5 3
272 7 5 3 9 9 5 6 2 3 1
198 5 1 3 4 2 7 1 5 7 1
300 3 2 9 8 2 5 6 4 7 2
261 3 4 3 4 6 6 2 5 7 5
326 3 3 5 8 7 1 6 8 7 7
189 1 7 1 3 4 2 1 3 5 5
335 7 9 8 4 7 3 1 2 3 9
269 3 2 4 9 1 6 4 6 9 4
345 3 9 9 2 5 4 7 6 3 9
314 3 8 8 7 3 5 1 6 5 5
297 9 2 7 7 4 9 4 6 2 4
310 4 8 3 1 3 5 8 8 7 4
272 1 2 6 3 9 7 5 6 8 1
335 8 2 4 9 4 9 9 6 2 9
371 6 5 7 6 5 5 6 5 7 8
294 7 5 5 6 1 3 6 7 6 1
217 1 6 2 8 8 4 3 8 1 1
20
318 5 1 7 4 8 7 4 4 8 8
353 7 4 6 7 8 8 6 6 6 3
268 5 3 2 1 5 5 6 1 9 8
228 1 1 7 6 1 5 3 8 2 7
206 7 2 1 1 4 5 8 6 2 3
207 3 4 2 1 2 3 5 9 4 2
314 4 4 6 4 6 5 8 4 7 5
265 5 3 4 8 3 3 9 2 6 4
336 5 4 9 4 6 6 6 3 5 9
250 9 7 1 3 9 7 6 1 1 1
223 5 3 1 2 3 7 9 3 6 2
269 4 6 6 4 2 7 8 2 1 5
328 7 1 9 5 9 9 5 6 5 4
283 5 2 3 5 5 2 4 3 9 9
312 9 8 5 5 8 1 5 2 5 5
270 2 7 7 5 4 4 4 8 1 5
357 9 5 7 6 8 4 6 1 6 9
357 6 7 9 6 6 8 4 6 3 5
203 6 2 4 6 1 3 1 4 5 2
349 4 9 9 9 9 8 8 2 4 3
20
211 3 9 3 6 2 4 1 7 1 4
310 9 8 1 6 2 9 5 5 4 8
319 5 7 5 7 6 7 7 7 2 5
290 3 2 5 1 6 9 9 5 9 2
334 2 4 6 7 9 9 9 8 8 1
340 7 6 8 4 3 1 3 8 4 8
295 3 6 8 4 1 1 7 2 6 8
383 9 9 9 4 6 8 1 9 7 1
331 8 9 2 9 4 8 8 4 2 7
354 5 9 9 2 8 7 4 9 6 2
278 8 8 3 3 4 8 7 1 3 5
214 3 6 1 6 6 3 2 1 6 2
326 6 2 6 2 3 9 7 9 7 3
261 2 4 7 2 9 8 7 1 1 3
300 9 7 7 1 5 1 2 2 5 6
251 2 5 8 6 4 6 2 3 4 3
257 3 3 8 9 8 9 3 3 3 1
281 6 2 4 4 1 7 7 8 4 5
299 1 8 9 7 6 3 3 4 7 3
198 5 3 3 5 8 5 2 1 4 1
20
342 6 2 6 8 8 5 4 6 8 7
286 7 6 3 2 1 9 4 3 7 5
281 6 2 3 6 9 9 8 3 3 6
306 6 8 6 4 9 8 2 1 2 6
354 7 9 5 7 7 5 3 4 7 5
255 2 7 3 9 3 7 8 6 1 3
320 8 4 6 9 9 5 4 7 4 4
209 3 3 1 3 1 8 3 1 6 7
226 9 3 2 2 1 3 4 1 2 7
348 2 5 8 4 8 4 3 8 9 9
419 7 8 8 3 8 9 6 9 7 6
325 9 8 6 8 5 4 5 2 1 7
320 2 8 1 9 7 4 8 8 9 3
221 6 7 1 1 1 6 5 2 4 3
308 7 8 2 9 2 3 7 7 3 9
219 2 7 4 3 5 2 3 5 1 8
269 8 2 4 9 4 3 9 7 4 1
232 4 2 1 3 7 5 2 3 7 5
286 7 4 9 4 3 4 1 8 3 4
342 1 8 7 9 4 2 9 3 7 6
20
223 3 2 2 1 6 3 6 4 5 8
311 5 4 4 8 6 7 7 4 5 5
252 2 1 4 3 1 3 2 4 9 8
283 3 5 2 3 9 6 4 5 9 3
332 2 8 6 8 5 7 2 8 6 7
341 3 9 6 3 5 8 1 2 9 8
269 6 2 2 1 7 8 8 7 6 1
247 6 3 3 2 4 3 4 3 7 3
296 6 3 7 9 2 5 4 4 4 6
263 9 1 2 9 7 5 2 1 8 4
334 8 5 9 7 4 5 9 5 3 3
344 6 7 7 5 2 7 7 4 7 3
244 6 8 1 4 1 9 4 2 5 4
268 8 1 2 3 1 8 5 3 4 9
353 9 9 6 1 3 7 1 9 7 6
239 2 9 1 5 5 2 4 2 4 8
258 2 3 2 1 9 7 2 1 8 8
285 3 9 9 2 6 6 3 4 4 1
309 9 4 2 9 7 5 6 4 7 3
229 6 2 1 8 4 1 9 6 1 3
20
278 6 2 2 8 7 2 6 6 6 3
288 7 6 4 1 1 9 2 2 6 7
333 5 7 5 3 9 4 5 7 3 8
278 7 3 6 6 5 2 1 7 3 9
263 2 6 5 8 3 7 2 6 3 8
240 1 2 7 2 4 5 2 7 1 9
213 5 1 6 1 2 5 8 5 1 2
211 9 1 4 9 5 6 1 5 1 1
276 9 2 5 5 2 4 1 8 4 8
234 3 5 5 9 5 8 2 2 2 1
353 9 5 9 1 1 7 5 9 5 4
258 1 7 4 2 3 5 4 4 3 9
264 7 3 9 6 6 3 3 2 1 3
289 7 2 5 3 8 1 2 8 5 7
229 6 6 1 8 9 1 1 1 6 3
283 1 5 4 5 4 7 9 8 4 8
288 4 6 4 7 6 4 3 5 3 9
309 3 4 6 3 9 4 2 9 5 7
275 3 3 6 3 8 8 7 1 3 7
279 4 8 2 4 7 1 6 9 4 5
20
343 7 3 8 5 9 5 6 1 7 6
308 3 2 8 4 3 9 3 5 8 6
337 7 2 6 9 2 6 7 6 6 9
212 4 2 1 6 1 7 9 2 6 3
383 2 8 6 6 1 9 9 5 9 9
243 9 1 5 6 3 1 4 3 1 9
253 1 7 4 7 9 3 8 7 3 1
333 9 8 3 4 3 7 4 3 9 3
166 4 1 7 1 3 2 1 2 1 4
306 7 5 2 5 9 7 3 2 4 9
310 5 9 7 8 5 1 2 8 2 4
275 2 4 7 6 2 6 2 9 1 8
284 8 6 2 1 5 1 2 7 5 9
335 6 9 4 9 4 8 3 8 3 7
381 6 7 6 6 3 8 8 5 8 9
287 1 9 6 6 6 2 4 5 9 1
368 9 7 9 8 9 6 3 1 6 6
309 8 1 5 8 3 9 6 2 7 6
283 1 7 8 3 5 7 8 5 2 2
301 6 9 2 8 2 6 4 8 6 6
20
294 3 8 1 7 3 9 7 4 9 4
376 6 9 8 3 3 9 5 9 7 5
231 8 1 1 4 4 1 4 9 3 4
320 4 8 1 6 6 8 8 2 8 8
291 9 5 9 3 5 2 1 6 5 1
333 7 7 9 3 5 2 7 3 4 7
242 3 5 2 1 9 5 5 9 2 4
309 4 8 5 3 9 5 7 2 3 8
240 7 5 1 7 3 5 2 7 1 8
368 8 6 6 6 4 1 9 8 9 5
293 9 2 8 3 4 6 1 3 4 7
301 7 7 3 3 4 7 3 2 8 5
225 4 7 1 5 8 3 3 5 3 3
325 2 4 3 5 5 7 7 9 9 6
247 4 7 3 2 2 6 3 1 6 4
217 2 3 3 8 6 9 7 1 1 2
265 1 3 5 9 4 1 7 6 5 4
237 2 4 6 1 5 1 3 4 8 3
306 5 7 9 3 1 2 1 3 6 8
324 8 6 1 4 9 9 5 5 7 7
20
240 8 3 2 5 3 7 1 4 7 3
291 9 1 4 9 7 9 4 3 3 6
334 7 7 5 2 6 1 7 4 5 9
307 3 3 9 5 1 8 6 5 3 7
217 7 6 2 1 4 6 1 1 6 2
294 7 2 9 3 7 6 1 6 5 2
267 2 4 2 9 2 5 5 3 8 8
278 2 8 1 3 4 8 8 2 7 7
236 2 8 3 1 3 5 9 2 1 7
268 7 7 2 7 8 2 2 8 5 1
342 9 9 7 7 9 8 2 5 1 4
291 1 3 9 6 9 1 5 4 3 9
237 4 4 6 2 3 5 4 1 5 1
330 4 4 7 8 9 9 1 2 8 4
292 6 6 4 8 3 6 5 1 8 3
351 4 7 9 1 8 2 3 8 8 4
348 8 4 9 6 7 4 8 7 2 3
322 4 1 5 2 3 9 9 7 9 6
246 7 4 5 5 1 7 1 3 4 3
291 1 3 6 6 2 1 9 6 7 5
20
276 6 3 3 8 5 2 2 9 5 5
346 4 3 9 6 5 8 5 7 6 6
228 1 5 8 2 1 2 6 7 1 2
292 7 8 7 5 2 5 1 1 4 4
287 9 3 5 2 8 4 2 6 4 4
228 6 2 1 5 1 5 8 6 6 3
268 3 4 8 7 8 3 2 4 2 3
235 9 2 2 1 4 7 1 9 1 4
315 4 6 6 5 6 6 1 9 8 4
322 6 9 6 6 6 3 3 6 4 4
273 4 9 5 8 6 3 2 3 6 2
310 3 8 7 4 3 1 8 1 7 4
168 2 9 1 2 1 3 2 8 1 1
250 9 6 2 5 7 2 2 8 2 4
360 3 4 9 6 1 7 7 7 6 9
263 5 4 5 7 2 6 5 2 5 6
292 5 1 7 4 3 8 2 2 9 8
210 1 6 7 2 1 2 2 8 3 3
368 9 7 1 7 9 2 9 9 8 3
353 8 6 4 8 9 2 9 3 8 3
20
345 7 9 5 6 1 8 8 5 6 3
306 1 9 4 1 8 2 6 2 9 7
330 4 3 9 6 7 3 7 6 5 6
291 7 7 3 4 5 7 2 4 5 7
295 9 4 8 3 8 3 2 1 7 2
281 6 8 6 4 4 1 9 6 3 2
366 9 2 8 8 5 4 9 6 5 6
324 9 4 6 7 7 9 4 9 4 2
255 5 4 4 6 3 7 1 5 5 4
320 8 1 8 7 4 5 7 4 6 1
265 4 1 3 3 9 8 6 1 7 3
232 1 5 1 2 7 5 1 5 9 3
304 5 8 9 7 5 2 1 5 3 6
197 2 6 4 7 2 1 5 1 2 3
312 6 5 2 7 8 6 2 9 5 6
318 1 9 9 3 1 9 5 2 4 9
286 6 9 6 3 4 7 6 2 3 2
294 5 6 8 6 2 1 7 6 7 1
295 7 5 4 3 5 8 3 3 6 5
248 3 2 3 9 8 1 8 2 8 2
20
284 9 8 1 8 7 8 2 2 1 6
370 8 5 8 1 6 3 6 9 9 2
300 4 1 6 4 8 3 4 7 7 7
427 9 9 7 3 8 3 6 9 7 9
315 6 9 5 2 8 8 5 1 5 3
342 5 6 1 9 8 9 7 5 8 7
207 1 2 3 1 6 3 7 7 4 1
301 8 6 7 4 3 3 6 2 4 3
307 1 6 8 7 7 3 6 1 4 9
321 7 9 2 8 9 2 6 3 8 4
304 7 5 4 2 9 8 1 8 6 6
314 2 2 9 5 5 7 3 6 9 3
301 2 5 3 3 3 8 7 7 7 8
303 7 9 9 7 1 4 2 8 4 1
286 2 3 6 1 2 6 5 9 8 6
273 7 3 1 1 6 2 9 1 6 8
234 2 8 2 2 5 5 2 2 8 4
273 3 5 2 8 1 4 9 5 5 7
303 5 8 4 1 5 5 3 3 9 7
278 1 2 9 2 9 2 4 2 5 7
20
351 9 8 7 2 8 7 9 6 5 1
321 8 4 5 4 9 3 7 3 5 4
178 5 2 3 2 1 2 7 3 1 2
343 9 8 4 5 9 5 1 1 9 5
355 9 7 4 9 8 1 5 9 8 1
245 1 8 1 6 1 2 7 4 5 6
287 2 7 7 1 4 5 3 8 7 3
225 5 1 3 4 6 6 1 3 7 3
273 1 4 5 3 9 6 5 2 5 7
305 5 5 5 8 7 1 7 8 4 3
245 9 3 3 7 9 5 7 3 1 1
295 3 3 8 2 4 6 8 9 3 6
311 9 8 9 1 2 3 6 3 3 1
283 5 9 7 2 6 3 2 3 2 8
312 3 6 3 9 8 3 9 9 4 3
368 9 8 7 1 5 3 5 6 6 8
286 1 9 4 7 6 2 5 8 9 1
335 7 6 3 7 9 8 7 9 5 5
320 7 3 5 9 4 2 7 8 4 6
262 5 6 4 9 4 9 8 2 2 2
20
208 2 5 2 2 8 6 2 2 2 5
314 5 7 9 3 1 2 8 8 6 1
353 4 5 8 9 2 6 3 9 8 6
258 2 5 1 9 1 8 5 1 8 7
254 2 1 7 4 6 5 1 9 5 3
306 8 1 9 8 6 2 6 1 1 7
207 1 1 2 1 2 4 6 6 5 5
289 9 7 7 1 8 3 9 1 1 1
257 3 7 4 5 1 9 5 9 5 1
192 3 1 2 8 7 3 2 4 1 4
259 6 2 8 5 1 9 3 2 4 3
242 2 2 8 1 5 8 4 6 2 6
272 8 7 1 3 6 6 9 4 1 6
213 2 7 2 8 5 6 1 1 1 9
363 8 6 6 6 9 3 6 1 9 4
285 7 7 2 8 9 9 3 2 3 4
325 8 1 5 7 8 5 4 1 8 8
213 3 1 6 6 2 2 7 6 3 1
266 5 5 6 3 2 6 6 5 6 1
353 7 2 3 3 9 6 9 6 8 8
20
310 3 8 2 8 7 7 7 3 8 5
251 1 9 1 3 8 5 6 9 1 8
366 6 2 6 5 5 9 9 7 6 9
311 5 4 2 4 8 6 8 8 5 9
286 1 7 5 2 9 2 4 8 6 7
311 5 5 1 9 5 9 5 6 7 8
269 7 3 6 7 6 2 2 6 4 5
244 2 2 9 5 1 9 2 8 5 1
348 9 7 6 9 4 6 2 8 7 3
277 7 9 2 9 2 3 8 5 2 3
269 6 7 1 6 8 2 9 1 6 3
225 3 5 8 9 2 1 3 4 3 1
271 8 4 8 5 5 4 5 1 2 2
217 2 9 5 2 1 4 3 4 2 3
343 9 4 4 6 9 3 2 1 9 8
223 3 8 2 3 8 6 4 5 1 2
356 5 4 7 2 7 2 8 8 8 8
391 9 5 8 3 8 4 3 5 9 8
343 6 7 8 1 5 4 7 4 8 4
240 1 1 2 3 6 5 6 6 6 7
20
290 1 4 4 8 6 9 2 4 9 4
236 5 3 4 5 6 4 7 2 1 6
290 2 6 5 5 2 4 6 8 5 5
309 4 1 7 1 5 1 9 9 6 8
254 1 2 5 2 5 6 8 1 7 5
402 9 6 7 4 9 9 6 8 7 6
261 7 3 2 8 6 9 7 9 1 2
218 1 7 2 6 5 5 4 3 4 3
242 1 7 1 8 5 8 6 7 2 5
261 4 7 6 2 6 1 7 2 2 3
309 5 8 9 7 5 3 7 1 2 5
260 3 3 2 4 2 1 7 8 7 6
283 1 6 5 5 7 5 4 5 5 5
238 9 5 1 3 1 6 5 7 2 4
239 4 2 3 8 5 2 8 6 1 4
301 5 1 2 9 5 4 6 9 9 3
262 7 4 1 5 2 6 3 5 5 6
337 8 4 8 7 2 3 1 2 8 7
361 1 7 9 8 8 1 8 6 8 5
288 5 7 3 1 9 1 9 8 3 3
20
274 9 1 5 9 7 9 3 7 2 3
226 5 3 2 3 8 4 1 3 7 3
376 9 7 5 6 9 8 3 6 8 6
264 3 6 7 4 5 1 6 8 1 6
308 3 3 7 1 4 6 7 8 7 5
280 1 9 9 3 7 4 1 7 4 3
339 7 6 5 5 9 2 8 4 5 5
291 6 4 7 9 1 4 5 4 4 7
296 6 2 9 3 2 9 8 1 4 3
359 4 8 8 8 6 4 2 9 8 5
198 1 5 2 6 4 4 1 3 7 3
319 9 5 1 3 9 8 8 2 7 6
347 9 5 6 3 5 4 9 2 4 9
311 4 5 4 4 5 1 7 6 5 9
243 1 2 1 1 8 4 6 5 9 6
267 2 3 6 4 6 5 8 5 2 5
274 6 2 2 2 5 9 4 3 6 8
333 5 9 7 6 6 2 5 9 2 6
251 5 5 4 8 5 7 4 1 1 4
286 9 4 4 4 6 7 5 5 2 5
20
283 2 3 9 9 3 7 3 3 4 8
393 8 9 8 8 6 1 4 8 9 2
252 9 2 1 9 2 9 8 3 3 4
286 7 3 9 2 5 5 1 8 2 3
241 7 1 6 3 6 3 2 6 3 5
348 3 9 5 5 9 7 2 5 9 5
350 7 5 4 6 4 9 6 3 7 8
218 2 5 3 2 5 8 1 1 4 8
296 6 5 4 5 1 4 9 9 7 1
284 3 7 1 5 5 3 8 6 8 6
342 8 6 8 9 6 1 6 9 5 2
209 5 1 2 5 4 6 2 1 2 8
304 8 6 6 4 9 3 5 2 2 8
298 6 6 6 4 5 5 8 2 4 2
293 6 3 1 2 9 9 9 7 4 6
266 5 9 1 7 2 8 2 4 9 1
286 5 3 1 3 9 2 9 7 7 7
270 9 8 1 1 2 5 8 6 1 7
279 2 8 5 5 1 8 4 1 4 9
260 5 2 2 2 6 5 8 4 8 2
20
250 3 4 9 1 3 3 8 7 1 2
332 7 2 5 1 9 5 9 5 6 7
289 1 6 8 6 9 4 3 8 1 5
158 1 1 1 3 3 2 4 5 6 3
291 9 9 6 6 8 4 2 3 1 2
327 9 4 1 3 8 8 7 6 6 8
327 1 9 9 3 4 8 4 4 8 5
307 8 1 6 7 6 5 4 5 4 6
390 9 5 6 9 3 9 4 8 6 8
211 5 2 1 4 7 1 4 5 4 5
288 2 4 8 3 8 6 7 3 3 7
345 9 7 3 5 4 1 9 8 5 9
299 4 1 8 3 5 9 5 3 5 6
220 2 2 3 8 1 3 3 5 5 7
265 8 8 3 3 1 1 4 7 3 6
211 9 3 3 8 2 6 3 2 1 3
273 6 1 3 1 9 4 9 2 7 2
320 5 6 4 7 9 2 5 8 8 3
298 7 8 3 3 2 3 6 5 9 4
248 4 4 9 9 3 7 3 5 1 1
20
245 1 2 3 3 3 8 6 7 4 9
246 1 2 5 6 8 1 7 5 6 3
250 3 3 3 2 6 2 8 8 7 1
283 7 1 9 4 1 4 4 3 3 7
247 8 4 1 8 1 3 9 4 3 4
330 6 6 8 9 6 7 8 3 3 3
261 2 8 8 2 8 6 7 1 2 1
262 1 9 2 6 1 1 4 4 9 8
335 9 4 7 2 8 3 5 2 7 8
327 4 8 9 5 6 4 8 3 2 5
281 2 2 7 1 8 3 4 7 7 4
302 8 3 8 3 2 1 6 8 3 8
395 6 8 9 7 9 8 2 9 4 6
323 5 5 7 9 1 4 6 4 9 3
240 3 9 2 7 1 5 3 9 6 1
152 7 1 1 3 1 4 2 2 4 2
235 7 2 1 4 2 7 6 9 1 5
228 1 4 1 3 6 2 9 1 9 2
298 5 3 9 4 7 6 2 4 4 4
304 3 5 6 6 5 4 9 7 7 1
20
338 6 3 9 3 6 8 7 3 8 2
295 3 8 4 7 2 6 2 5 7 9
282 9 2 7 9 1 1 3 6 1 6
176 2 1 2 4 9 6 1 5 4 2
325 3 9 6 3 5 7 6 4 3 9
272 5 4 4 1 6 1 9 5 7 3
286 4 3 4 4 9 6 4 8 8 3
263 1 6 4 5 6 9 3 1 6 7
280 8 7 9 3 8 2 1 5 2 1
211 1 7 6 9 2 9 3 3 1 1
249 8 2 6 3 3 6 4 1 2 5
242 4 3 7 1 1 2 8 1 6 2
253 6 8 1 4 7 2 1 6 1 7
334 3 5 5 9 3 6 8 3 8 7
324 1 9 3 7 8 7 3 7 8 7
284 1 1 8 9 6 4 6 3 9 3
230 4 2 4 7 4 6 3 9 2 5
334 7 8 5 5 1 1 6 2 8 8
323 9 7 5 7 7 5 6 7 2 1
284 7 8 8 3 1 9 3 1 4 2
20
224 4 4 2 2 4 7 5 6 3 6
321 3 9 8 3 6 1 8 3 2 9
237 5 4 4 2 6 1 3 7 3 4
234 6 4 2 4 7 5 1 6 4 5
297 2 3 7 6 5 5 9 3 4 7
369 8 1 9 4 4 1 8 7 9 7
338 9 3 9 3 7 1 2 9 8 1
287 5 9 3 2 6 3 1 1 7 9
294 8 1 5 7 7 7 1 5 5 6
359 4 9 6 9 7 1 2 7 9 7
329 9 6 7 8 4 7 3 7 3 3
277 8 3 4 5 6 1 1 8 5 7
211 1 5 1 8 1 3 7 5 5 4
276 5 7 1 9 7 5 4 2 2 8
255 5 2 6 8 8 8 1 2 1 8
245 4 1 4 7 8 1 8 2 3 7
294 3 7 4 3 7 4 1 7 8 8
231 1 9 2 2 9 8 7 1 1 4
291 5 9 6 2 4 2 7 1 7 3
227 5 2 1 3 2 8 4 3 9 1
20
259 3 2 8 9 7 3 8 7 1 1
223 7 7 3 4 1 5 2 6 2 3
240 3 7 3 2 1 1 8 6 5 1
301 5 3 4 1 7 2 9 4 8 4
283 1 1 1 5 7 8 8 6 9 5
291 4 1 5 7 8 8 3 1 9 3
311 3 9 9 6 7 9 6 7 1 1
280 6 1 8 7 5 1 2 8 2 5
317 9 5 7 6 8 1 9 4 3 3
323 8 4 8 2 8 7 7 7 2 5
328 6 5 9 5 2 9 6 7 2 4
395 9 8 8 7 8 4 8 4 5 8
287 6 3 1 7 5 6 9 2 3 9
287 1 8 5 5 8 7 1 7 5 6
260 6 8 1 4 1 5 3 6 6 4
167 1 1 2 2 9 2 1 5 2 6
232 6 1 3 7 5 5 5 1 1 7
223 4 1 1 8 1 9 1 8 8 3
329 7 1 5 6 6 9 8 9 8 3
148 2 2 1 1 4 3 4 7 3 1
20
221 2 1 3 4 6 3 6 6 5 1
296 9 9 2 1 2 8 4 5 7 3
348 2 9 8 8 4 4 2 6 8 6
239 3 1 7 9 6 2 5 1 1 6
335 6 8 2 3 8 7 8 7 9 3
265 2 4 4 5 8 6 5 6 4 7
316 2 9 1 7 6 8 8 9 4 6
279 4 7 6 4 4 9 5 5 4 2
310 1 9 7 1 6 4 6 9 5 5
315 4 8 9 8 1 4 4 8 2 8
300 2 7 6 3 5 8 3 6 7 3
248 8 2 3 9 2 3 1 2 4 9
208 2 3 1 8 8 1 2 8 2 4
346 4 9 8 8 9 1 4 1 9 5
315 1 4 8 8 9 4 9 1 6 4
282 1 7 2 1 9 2 4 4 9 8
291 6 6 5 4 6 1 2 7 3 9
331 6 5 6 2 8 3 9 7 8 1
295 8 1 4 7 4 2 6 8 6 5
275 9 7 2 5 5 2 2 9 4 2
20
263 5 1 8 7 8 9 1 1 3 5
320 8 6 9 8 9 4 1 6 1 6
230 3 1 6 1 7 5 7 2 4 4
211 5 6 3 6 3 8 1 2 1 2
335 9 2 7 5 8 3 6 4 4 7
274 4 9 3 8 6 4 6 4 3 3
305 6 3 4 5 4 8 7 9 5 7
359 3 9 7 7 3 2 1 8 8 9
304 4 6 6 1 4 4 6 9 7 5
294 6 4 3 2 2 8 4 9 5 8
330 8 6 6 7 8 7 2 8 2 8
236 1 6 5 3 6 1 9 3 3 1
281 2 2 5 8 8 9 9 7 4 1
236 4 9 1 3 7 9 2 8 1 1
303 3 9 8 7 4 9 1 7 2 3
369 9 3 9 6 8 8 9 7 2 7
322 9 3 6 2 7 7 3 8 4 5
252 7 4 2 7 2 9 7 1 5 1
224 1 4 1 2 2 6 6 9 6 3
254 3 1 8 7 5 3 1 7 6 1
20
290 9 9 3 2 5 3 8 2 3 3
376 9 7 6 8 1 3 1 9 8 8
293 7 9 3 1 4 3 8 3 3 8
209 4 4 3 2 8 1 3 4 5 2
203 1 1 6 2 4 3 2 1 8 2
362 7 8 9 1 5 4 6 8 5 4
338 9 2 8 5 3 8 7 3 9 1
213 3 1 2 4 7 4 1 8 4 5
372 8 8 3 5 6 5 1 9 9 8
202 1 1 5 3 8 1 2 5 1 8
236 4 7 2 7 3 3 6 1 3 5
288 6 5 7 5 2 6 5 7 2 7
272 4 7 2 2 4 5 7 9 7 3
282 7 7 6 8 4 2 2 6 3 3
330 7 8 3 1 3 8 3 9 9 4
353 6 5 8 8 3 4 5 2 9 9
348 9 2 7 5 6 8 1 7 7 5
192 5 2 2 1 1 1 2 6 2 8
293 9 7 5 7 2 7 2 6 5 3
334 6 9 9 2 4 6 8 3 6 2
20
343 6 7 4 7 9 4 9 4 5 8
239 1 7 2 9 1 5 8 3 4 5
356 7 9 4 7 8 6 7 5 7 4
229 5 1 1 6 2 5 8 1 7 6
381 3 8 8 9 3 8 7 7 5 9
225 4 7 1 5 5 2 4 3 4 4
310 1 5 7 7 5 1 2 8 7 7
267 4 3 2 6 3 8 5 1 7 7
309 9 3 3 8 9 5 6 1 8 4
318 7 2 5 6 3 9 3 8 8 3
247 3 2 2 8 7 3 4 3 8 3
307 6 7 9 1 3 4 1 4 6 3
244 3 8 3 1 7 3 3 6 5 2
244 6 7 1 6 1 1 1 7 5 5
213 4 9 2 5 3 5 3 2 1 4
229 4 2 8 2 1 2 8 2 2 3
227 6 6 5 7 1 4 2 3 1 2
376 7 8 8 5 5 1 8 9 3 9
282 3 5 7 3 3 9 5 8 3 5
254 3 2 1 4 8 4 5 9 4 8
20
267 9 9 1 9 2 7 1 5 4 3
325 3 9 5 2 8 2 9 8 6 3
271 8 8 1 1 4 7 8 2 4 5
331 8 8 6 2 3 5 4 3 5 9
246 1 7 1 6 4 2 4 2 9 5
220 8 5 1 5 4 8 5 3 1 1
237 2 6 8 9 6 5 2 1 1 3
371 6 6 4 8 7 2 6 9 8 9
209 2 1 4 9 6 1 5 1 3 3
329 9 3 3 3 7 7 9 7 2 8
291 7 1 1 5 6 4 5 3 8 9
243 2 8 1 2 4 2 8 4 2 8
332 8 7 9 8 6 4 8 2 2 1
275 3 1 6 8 3 2 2 7 9 6
226 7 1 3 9 5 3 6 1 1 5
260 2 9 5 2 2 5 6 7 4 1
247 1 9 3 8 3 7 5 7 1 3
332 9 1 4 5 3 5 5 8 8 8
311 1 6 7 1 1 4 8 7 6 8
386 1 9 7 6 8 8 4 8 9 8
20
294 6 1 5 6 6 3 8 9 2 7
348 6 7 7 4 7 5 7 6 6 6
354 8 7 8 1 7 8 3 5 5 5
326 9 9 7 1 1 5 6 6 3 3
293 6 9 1 2 7 6 5 9 2 6
306 1 7 9 1 1 2 7 4 6 6
299 4 1 5 8 8 8 5 7 2 8
323 4 2 8 5 3 7 4 6 8 7
332 6 8 3 1 6 5 7 5 6 9
364 9 2 9 9 1 9 7 8 6 4
268 7 4 2 1 6 6 2 6 9 2
289 1 5 6 4 4 2 6 5 8 5
271 9 4 1 2 7 8 6 8 4 2
321 1 9 6 4 3 7 7 6 7 3
252 5 1 4 3 9 4 7 9 2 2
218 5 2 2 8 9 1 5 9 1 3
299 5 5 8 8 5 7 6 5 1 5
262 4 4 7 2 6 4 7 8 1 3
377 8 5 6 9 1 5 8 7 7 7
269 9 6 2 7 2 7 1 4 3 8
20
369 4 4 6 4 7 6 7 9 9 7
399 6 7 9 9 9 6 7 6 7 3
299 6 4 3 4 7 3 3 6 9 5
266 2 8 1 8 8 7 3 3 5 5
360 6 7 7 7 9 9 2 5 6 4
259 8 3 3 2 8 9 8 2 2 2
337 9 2 5 2 7 6 7 5 5 8
372 5 9 7 8 4 8 7 4 6 8
291 8 2 6 4 2 3 7 3 2 9
349 6 7 2 7 9 8 6 9 8 5
245 4 7 6 3 5 7 4 6 1 3
257 2 5 2 3 5 2 6 9 3 8
310 5 5 3 8 5 6 5 2 9 5
286 3 9 4 8 7 7 1 3 6 4
284 9 6 7 4 3 5 1 8 1 6
330 9 6 1 6 2 7 9 3 9 5
261 9 4 4 6 3 2 9 3 4 2
284 3 7 4 7 6 6 6 8 1 6
173 1 1 4 5 4 7 7 1 1 4
244 1 2 5 7 7 2 4 7 8 1
20
248 7 1 2 9 6 7 5 6 1 6
195 3 1 4 9 5 4 5 1 2 2
240 7 6 2 1 4 3 6 6 4 2
245 3 2 3 6 2 4 2 4 9 7
284 5 9 2 6 3 5 4 5 7 3
349 5 8 6 6 7 6 5 1 9 4
258 6 8 3 3 4 6 3 4 4 3
334 9 2 5 2 8 9 5 7 7 6
268 5 9 3 7 5 2 4 1 3 7
243 1 8 8 9 2 4 6 1 1 1
259 1 1 4 4 7 9 4 3 6 8
204 3 6 1 7 3 2 2 9 5 2
274 2 2 6 3 4 5 1 7 8 5
385 9 9 6 8 5 9 9 3 6 2
333 4 4 7 2 8 6 6 6 6 7
280 7 3 2 5 7 2 1 7 8 8
288 1 8 1 9 3 8 9 2 5 9
385 9 9 7 9 7 1 5 8 7 2
300 9 8 7 6 1 5 2 2 6 1
261 9 1 8 2 4 8 3 3 1 6
20
249 5 1 3 6 2 4 1 9 9 2
233 3 1 3 6 1 7 5 5 5 5
337 7 4 9 7 7 7 4 7 4 1
277 9 4 7 1 6 1 3 5 3 6
357 4 8 9 2 6 1 4 9 8 3
289 1 9 7 8 7 1 3 5 1 9
268 4 6 3 1 1 5 8 5 5 5
275 4 5 4 2 3 1 3 9 7 7
285 4 7 4 8 4 5 2 1 9 6
295 2 6 7 4 3 5 8 7 1 9
291 7 5 6 2 5 7 2 2 7 6
305 5 9 5 2 2 7 1 4 7 9
333 8 5 7 7 5 4 2 3 8 5
297 2 8 7 9 1 6 7 6 2 7
291 2 3 8 7 7 7 2 8 3 4
328 3 4 8 6 8 3 3 5 5 8
322 4 2 9 9 3 6 1 1 9 7
324 8 4 6 6 2 7 5 3 4 9
369 7 9 4 9 8 7 6 8 5 6
324 2 9 8 2 8 7 8 4 4 4
20
308 9 2 6 5 7 8 4 4 7 3
306 5 9 1 1 3 9 7 8 7 5
271 4 5 1 7 8 2 2 6 6 7
349 2 7 7 2 6 6 9 7 6 9
164 1 3 6 2 3 2 3 1 2 3
308 5 9 5 5 6 5 1 6 6 4
257 5 1 8 3 7 1 9 8 2 1
366 4 5 6 8 5 4 9 6 9 8
289 7 3 5 4 6 8 4 8 1 8
391 9 5 7 2 3 6 7 9 8 6
301 6 7 8 5 8 1 4 5 4 2
302 8 5 2 7 8 6 2 7 2 9
347 8 6 9 6 9 1 4 5 2 6
266 7 2 4 2 6 1 6 4 6 3
276 9 2 6 3 2 3 5 1 5 7
225 1 1 2 7 8 4 4 6 7 3
303 5 4 7 8 6 6 1 5 7 3
373 4 8 7 6 9 7 2 5 9 8
359 7 9 8 1 9 3 5 5 4 9
257 9 3 3 1 2 3 2 3 7 8
20
334 4 2 7 6 9 9 3 8 6 8
348 8 8 3 8 9 7 3 8 6 2
368 7 9 6 5 4 6 8 5 8 6
290 1 5 5 7 8 6 6 7 9 1
347 7 8 5 3 5 6 5 4 6 8
268 8 3 1 8 3 8 5 1 4 6
261 3 3 4 9 3 9 7 5 4 5
192 3 3 4 1 3 9 3 4 1 5
351 8 4 3 6 9 5 6 9 5 8
243 1 7 2 9 6 2 1 6 9 1
277 5 7 2 2 6 2 5 6 2 9
373 4 7 7 2 6 6 7 8 9 6
338 5 7 6 6 7 3 8 7 7 4
251 1 2 5 8 7 8 3 7 3 5
364 9 7 5 8 3 3 9 4 8 4
275 4 7 3 2 3 8 4 9 2 9
283 3 4 7 1 5 5 6 7 5 5
194 4 4 1 8 2 6 3 2 1 5
375 6 8 9 3 3 1 6 9 7 6
284 9 7 2 1 2 8 1 8 1 9
20
330 1 9 5 1 5 7 9 4 5 9
255 6 1 8 7 2 3 5 1 4 3
388 9 9 6 7 9 7 2 8 6 5
370 5 8 8 5 8 7 7 3 8 5
363 7 7 4 9 9 5 7 8 3 7
330 1 1 9 6 9 7 5 3 8 6
325 7 4 8 8 8 7 3 1 5 6
255 2 3 9 8 1 9 6 7 1 3
313 6 5 7 6 6 3 5 8 1 6
279 5 4 5 4 6 4 1 9 7 3
280 2 3 2 7 8 8 5 6 8 2
227 4 7 2 8 2 1 5 8 4 1
268 7 2 2 1 9 3 2 1 9 9
341 7 9 6 2 5 6 5 1 5 7
213 3 5 2 4 6 4 7 4 3 2
272 6 3 7 7 1 1 2 2 5 7
201 8 2 2 6 2 1 7 9 1 1
353 8 5 6 8 7 4 4 7 6 7
258 8 1 3 5 7 7 2 2 4 7
248 2 1 6 8 8 9 2 2 1 8
20
260 4 6 9 6 3 3 1 1 4 5
342 2 9 7 7 6 4 5 8 9 4
360 9 8 9 3 8 1 7 8 2 2
268 6 7 1 3 5 2 1 3 7 9
271 1 9 5 3 9 9 4 3 2 3
295 9 5 2 6 7 7 4 5 2 9
340 8 4 5 9 5 2 5 7 9 4
349 8 2 9 4 9 6 4 4 5 5
325 6 4 6 1 9 7 2 9 9 3
335 5 5 9 9 9 1 7 9 5 1
326 9 1 8 9 1 4 7 9 6 1
325 8 1 6 3 8 1 9 1 9 5
287 8 7 6 9 4 4 5 1 3 3
246 5 1 7 8 1 6 2 2 5 3
309 9 3 6 9 3 6 1 4 7 2
304 7 7 4 4 9 3 1 6 5 6
271 3 2 5 3 2 8 8 3 6 4
277 6 5 3 7 8 4 1 5 6 4
312 3 5 7 5 9 3 2 3 9 6
268 9 8 1 4 4 5 5 3 4 5
20
317 8 3 2 2 8 2 5 7 7 9
280 9 4 1 3 3 3 3 8 7 7
199 3 9 3 5 3 5 1 2 3 1
310 8 9 4 1 7 8 1 5 4 6
273 8 1 2 8 2 8 5 8 8 2
329 4 8 3 8 3 3 9 6 9 6
301 2 6 6 3 3 3 3 8 8 7
365 7 3 8 6 7 6 7 2 5 9
327 8 5 7 8 3 9 6 7 1 5
300 5 3 1 7 5 9 9 7 8 4
271 1 5 5 9 3 1 5 3 8 6
283 5 7 4 1 4 6 4 5 6 4
217 1 6 3 7 5 4 2 9 1 2
310 5 8 6 7 2 5 5 7 1 7
296 6 7 8 3 5 5 3 5 2 4
345 7 6 7 7 9 5 4 6 3 9
365 8 9 6 3 6 9 6 7 7 2
302 9 1 1 1 7 9 7 7 6 6
340 9 4 9 2 1 5 8 4 8 1
267 3 9 1 6 4 2 1 2 9 6
20
305 9 6 4 6 3 4 5 9 4 4
226 1 7 2 5 7 3 1 2 7 4
210 3 1 6 4 5 1 1 3 3 7
234 8 9 2 7 5 4 1 4 1 1
264 1 3 2 7 9 2 8 2 5 9
313 5 1 1 7 6 8 5 6 9 8
349 6 5 7 9 5 2 2 7 8 8
342 7 9 8 5 6 5 5 3 2 9
315 4 7 3 7 9 5 6 3 5 7
309 3 7 7 8 7 5 5 4 5 5
304 7 2 1 5 7 2 8 7 6 7
316 7 8 3 5 7 5 3 9 3 7
355 8 3 6 6 5 9 9 5 7 3
326 5 5 8 1 7 8 8 5 3 4
254 4 9 4 1 1 3 4 7 1 9
334 2 7 9 2 3 8 4 5 7 6
191 2 6 2 1 2 3 1 6 7 1
343 5 9 3 8 3 6 6 3 7 9
237 4 2 1 4 5 4 2 3 9 5
271 2 4 7 6 8 3 5 3 6 1
20
354 9 1 5 5 7 7 4 8 9 4
330 8 4 8 2 7 4 2 5 5 9
289 7 9 1 1 3 5 8 3 6 4
367 1 7 7 9 7 9 4 9 8 4
245 7 6 1 9 8 3 2 5 5 1
401 8 7 6 7 6 4 9 3 9 6
307 6 3 3 9 4 9 8 1 9 3
269 2 9 2 6 1 8 1 9 6 4
277 5 3 2 4 9 6 7 8 4 4
261 8 5 1 9 4 6 8 1 1 4
242 9 3 4 8 5 2 4 2 2 5
263 2 3 8 8 6 5 2 3 3 5
362 6 2 4 8 8 4 8 4 9 9
328 2 9 9 2 2 3 1 1 9 8
229 2 6 3 1 9 9 2 1 2 6
308 1 5 9 7 3 5 5 5 8 1
204 2 7 2 7 4 1 6 4 1 2
284 1 8 7 9 3 6 3 3 4 6
293 1 8 5 2 8 8 1 6 6 7
314 2 8 4 6 7 3 8 1 9 7
20
165 3 4 1 6 1 5 2 5 2 3
220 3 3 6 4 1 5 1 4 6 2
372 6 9 4 5 9 8 3 6 8 6
251 3 3 9 6 4 1 7 3 4 2
261 1 4 3 7 9 1 8 3 1 9
235 2 3 6 6 8 7 5 3 2 3
358 8 7 8 3 1 4 7 1 7 9
305 3 9 9 5 9 5 3 4 5 1
225 9 4 1 5 1 3 4 8 4 2
317 5 7 6 4 8 6 6 2 6 3
255 7 2 4 4 4 6 3 1 8 2
286 8 3 3 8 8 1 8 5 2 8
285 6 4 6 4 8 5 2 3 4 7
281 2 4 5 8 5 7 6 7 2 7
283 7 7 6 2 3 1 6 1 9 1
258 4 8 4 1 4 7 5 2 6 2
300 1 4 2 8 9 1 9 8 7 5
375 7 9 8 4 5 5 4 4 9 4
311 9 1 6 2 1 7 7 6 5 6
292 4 5 7 7 9 8 1 3 3 6
20
263 2 7 5 4 1 3 8 8 5 1
317 3 7 5 4 8 5 9 3 4 7
292 4 4 8 7 4 5 6 7 3 5
253 8 2 6 9 1 2 6 7 1 1
316 5 5 8 2 4 6 7 8 1 8
240 3 3 4 6 6 6 5 2 5 5
175 4 2 4 3 6 6 1 7 1 1
311 4 6 4 3 9 5 1 4 8 8
279 7 3 3 9 3 4 1 9 6 5
223 2 3 6 7 9 2 1 7 2 3
396 8 9 9 9 8 4 2 5 9 2
289 4 6 6 5 2 6 4 5 7 3
298 5 5 4 8 1 3 5 8 7 7
223 2 5 3 1 9 6 3 7 2 4
239 4 5 4 4 3 4 1 3 8 2
298 3 8 9 5 4 5 8 2 3 2
217 1 4 8 3 7 1 1 1 4 5
237 1 2 8 2 1 9 8 6 1 3
347 3 9 9 6 3 3 4 2 9 5
322 4 5 8 5 5 9 4 6 8 1
20
247 7 3 4 9 4 4 4 2 4 2
353 7 8 3 4 2 7 1 7 9 9
321 8 7 8 8 3 6 1 7 1 6
272 1 1 3 4 9 3 8 6 8 6
262 3 3 7 4 2 9 4 8 2 6
371 8 9 2 9 7 2 9 4 8 6
320 3 9 2 3 1 5 9 3 9 8
288 8 8 2 3 3 7 2 5 7 3
290 8 4 4 2 6 1 3 5 4 9
264 1 6 1 7 4 3 5 5 6 9
248 1 8 6 1 6 6 2 1 2 9
197 2 4 1 3 8 6 8 9 1 1
397 7 6 7 8 7 3 5 9 8 7
285 2 2 9 1 2 5 7 3 3 9
362 5 5 6 8 6 6 7 6 7 9
321 8 7 8 3 1 5 2 7 3 8
336 8 8 5 1 9 6 7 8 3 5
390 6 7 9 7 9 5 8 8 4 5
215 2 4 3 5 2 1 5 3 4 5
286 6 8 7 4 1 7 1 4 6 2
20
268 6 1 4 9 3 1 4 4 9 4
327 5 8 8 3 4 7 1 9 6 4
330 7 5 6 8 8 2 8 9 4 4
314 9 5 8 5 3 4 5 6 1 6
212 1 1 3 3 8 7 7 1 5 1
286 4 5 8 8 5 5 1 9 5 1
285 4 7 2 5 4 9 6 7 5 3
317 4 8 6 8 5 3 3 3 8 7
278 6 2 6 1 5 7 6 1 4 9
373 8 5 6 7 6 2 7 4 9 6
279 6 4 3 2 2 7 8 1 7 7
255 5 6 2 5 7 1 1 1 9 6
240 1 2 5 3 4 9 5 6 5 3
326 6 1 8 6 7 7 4 4 8 3
226 5 2 5 4 5 4 1 5 6 1
308 3 8 7 8 9 8 7 1 1 4
258 6 6 1 9 9 9 3 7 3 2
288 1 7 4 2 9 3 7 7 8 2
254 3 3 3 1 9 6 6 8 2 7
326 8 5 9 1 6 3 5 9 2 5
20
301 8 3 7 6 7 7 9 5 1 1
276 6 4 6 5 1 5 6 6 4 2
247 7 2 3 5 2 7 3 4 8 3
299 3 7 2 6 9 5 3 2 8 7
294 2 7 7 1 6 8 9 4 3 4
271 4 3 8 6 3 2 5 2 4 4
272 8 9 3 4 7 4 5 1 5 2
226 2 1 3 3 6 1 2 6 4 9
268 1 2 6 8 3 7 8 8 2 5
340 7 6 9 5 1 9 3 9 1 7
391 2 7 9 8 6 9 9 6 5 8
232 6 7 3 5 5 4 5 1 3 2
249 1 8 1 9 9 1 2 2 5 9
291 5 9 8 7 7 8 1 4 1 1
238 8 6 4 8 7 4 2 1 3 1
299 6 9 2 2 7 1 2 4 8 8
366 6 9 9 1 2 7 6 8 8 3
380 9 8 7 8 6 4 7 4 4 9
168 1 1 1 7 1 2 9 2 2 3
348 9 1 7 8 8 7 9 8 1 8
20
386 7 7 5 4 8 3 9 5 7 8
368 6 8 8 7 8 2 5 4 9 3
281 4 7 6 8 5 2 2 2 6 6
241 5 9 1 8 3 5 3 6 3 3
331 4 8 4 3 1 3 6 9 9 5
282 9 3 9 2 1 2 4 4 4 5
300 7 2 9 5 2 5 6 2 8 2
303 6 3 6 3 6 9 5 1 4 8
330 5 6 6 1 8 1 9 3 7 6
283 9 9 1 2 9 6 4 3 5 4
315 1 5 8 4 9 4 6 8 7 1
253 2 9 1 7 8 1 5 3 1 8
193 6 2 2 7 1 1 2 4 1 5
273 5 1 3 1 2 6 7 6 7 9
208 3 3 6 3 4 6 3 5 1 1
214 3 1 5 1 5 2 5 2 7 2
290 8 4 7 9 2 8 4 4 1 3
385 7 7 9 8 3 4 5 6 7 9
241 7 3 1 4 7 1 1 9 6 2
277 9 1 4 6 9 3 1 1 3 8
20
291 9 6 3 6 4 4 5 3 8 1
335 2 9 8 4 4 4 2 5 6 8
323 9 6 3 5 5 3 4 7 9 5
283 1 9 1 9 4 8 8 4 3 9
234 8 1 5 6 6 6 1 2 2 6
264 1 1 6 6 1 9 1 4 8 6
276 3 4 4 8 8 6 5 6 5 5
389 2 9 8 7 8 8 8 3 7 9
325 3 8 7 1 5 8 7 7 1 8
252 2 6 5 5 4 4 4 7 5 1
339 7 8 3 5 9 1 2 5 9 8
278 9 9 6 2 2 5 5 3 1 1
205 1 3 2 4 6 3 7 5 2 6
315 9 2 9 3 1 1 7 6 7 3
265 6 5 7 4 6 7 1 1 1 5
238 5 4 6 5 2 1 3 7 3 1
347 1 8 9 6 9 1 8 7 8 2
343 3 5 8 8 3 8 2 7 7 9
370 9 4 8 8 2 6 4 6 6 8
248 3 3 2 8 1 4 9 7 5 5
20
229 3 7 1 3 4 5 7 7 4 2
365 9 7 5 3 3 9 2 8 8 8
331 7 9 4 1 8 8 4 3 9 2
317 2 4 6 9 9 2 4 5 8 6
269 1 1 8 6 3 7 7 8 5 2
244 8 1 7 5 3 5 3 6 1 1
313 9 2 9 3 8 4 1 9 7 1
369 7 7 9 7 3 9 8 6 5 4
243 3 6 3 4 2 4 3 4 8 1
191 2 8 2 4 5 6 3 4 2 2
250 8 5 3 1 9 3 2 9 1 1
239 3 6 2 3 2 7 2 2 9 5
355 5 8 9 2 2 6 8 2 6 8
344 8 5 2 4 7 4 9 9 7 6
216 4 2 1 3 9 8 6 4 2 3
225 6 5 4 9 1 4 8 2 1 2
336 3 9 5 3 4 9 9 8 7 4
232 2 5 3 5 2 4 7 6 5 1
268 5 3 4 8 6 4 8 5 4 1
323 5 4 6 7 7 4 8 8 5 6
20
277 7 6 2 2 5 4 5 7 9 1
341 4 9 8 2 8 1 7 7 8 1
233 5 8 3 7 1 7 4 3 4 2
229 1 3 3 2 7 4 9 1 3 5
257 7 3 1 3 9 4 6 5 8 1
299 9 6 1 7 6 9 2 5 4 7
284 6 3 3 6 8 4 9 3 6 3
235 1 6 5 6 5 6 6 3 1 4
370 8 3 6 5 9 4 6 1 9 8
261 6 8 1 4 8 1 7 4 5 3
305 4 7 6 7 2 5 4 2 6 6
331 7 9 8 7 1 1 4 6 2 8
379 3 2 9 8 9 5 9 6 7 8
305 8 7 1 3 8 4 7 8 5 3
269 9 1 4 4 3 3 2 8 8 2
311 4 6 7 4 9 2 2 6 9 1
297 9 2 7 4 5 8 7 4 2 4
346 7 3 1 4 8 8 7 6 9 8
251 4 8 1 4 9 8 1 5 2 7
328 6 6 5 2 8 2 2 6 9 5
20
344 6 1 7 7 7 3 3 9 9 4
206 6 2 7 7 1 2 3 3 1 3
248 7 2 2 4 3 8 1 4 6 5
349 3 5 8 1 4 2 3 9 9 9
261 7 2 7 2 3 6 8 9 1 2
199 1 4 2 4 5 1 4 4 7 2
286 2 2 3 3 7 9 1 7 7 9
324 7 9 1 4 9 3 7 4 7 6
229 4 1 7 1 9 9 1 1 1 5
289 2 6 4 2 8 8 8 7 4 4
230 9 3 5 4 3 2 5 6 2 1
249 4 9 2 8 8 1 5 5 1 6
323 2 6 9 9 9 4 1 3 7 6
207 4 1 5 6 5 8 2 1 5 1
342 7 3 9 1 4 8 3 9 6 5
265 4 6 7 7 1 5 6 5 3 2
187 1 3 5 1 4 4 1 8 3 4
284 5 8 2 7 5 8 6 2 5 2
357 9 2 8 9 3 6 8 3 5 8
199 7 1 2 2 1 9 2 7 3 1
20
230 2 9 4 1 2 3 9 1 3 4
307 2 4 9 9 8 8 4 1 5 5
254 8 2 6 1 5 4 2 2 4 4
341 6 9 6 4 5 8 3 5 9 2
267 4 2 6 8 6 7 7 4 3 4
300 3 4 7 6 5 3 3 6 8 4
287 7 8 6 3 9 8 2 7 1 1
217 7 1 1 3 5 1 2 2 4 9
259 5 1 4 3 7 7 1 4 5 9
278 5 6 4 5 2 7 3 8 6 2
328 8 4 6 6 1 1 9 6 5 9
246 2 1 1 7 2 3 9 1 7 8
241 4 8 5 8 3 2 6 2 1 2
266 5 3 1 8 3 8 4 6 7 7
237 1 4 6 9 4 5 8 2 3 1
259 5 1 5 3 6 2 5 1 7 8
335 3 1 9 3 9 9 6 1 7 9
306 1 3 5 1 1 9 8 7 9 8
282 4 6 8 7 2 5 3 9 3 1
267 3 7 4 5 7 6 5 1 5 6
20
446 8 9 6 7 9 7 7 9 9 7
311 2 9 6 5 6 5 2 7 8 4
292 6 9 4 1 3 1 5 6 2 9
240 1 6 9 3 2 9 1 1 4 4
274 9 6 2 8 7 7 1 6 3 5
383 9 1 8 6 8 7 9 9 7 4
241 9 5 3 2 9 5 2 1 2 2
359 9 4 7 9 7 3 3 9 8 4
220 4 7 1 1 2 8 1 6 3 4
281 3 6 7 4 5 3 4 5 6 1
333 9 1 7 9 5 4 6 3 9 4
266 7 6 3 3 8 1 1 7 6 2
267 4 8 2 5 2 9 4 8 2 8
222 8 6 3 5 2 2 4 1 1 5
249 6 2 3 4 1 3 7 9 6 1
340 9 7 6 6 3 4 7 5 4 8
246 9 4 2 8 1 1 2 9 4 1
320 1 7 9 4 2 8 6 3 9 4
370 8 9 2 9 3 8 9 8 9 2
176 1 3 2 2 3 1 7 8 3 1
20
298 3 9 8 8 1 4 3 9 4 3
232 6 2 5 3 1 5 1 4 4 4
313 9 1 6 5 8 6 6 8 4 5
339 6 9 6 7 7 1 8 7 6 3
348 3 8 9 7 2 1 8 1 8 5
297 9 8 7 2 2 1 5 4 6 1
233 7 1 1 1 8 6 1 7 4 4
349 5 7 5 2 7 5 6 5 8 9
340 9 7 3 8 8 3 3 8 9 1
197 2 6 3 7 3 5 6 1 1 1
361 9 8 3 2 9 9 4 7 6 9
321 8 8 5 1 8 2 7 9 4 1
353 9 6 5 8 5 9 7 3 5 4
289 4 8 2 8 6 6 8 5 2 6
233 3 1 2 2 4 8 8 5 1 8
233 6 8 3 1 7 7 1 7 2 2
277 8 2 3 8 7 4 3 8 4 6
197 4 1 1 5 1 7 2 2 3 8
304 6 4 7 1 6 7 7 6 5 3
291 4 1 9 6 8 8 4 5 6 2
20
250 4 9 3 1 4 6 5 6 4 1
379 6 5 9 6 3 5 3 9 8 7
251 2 6 2 5 7 8 5 8 2 3
325 7 4 5 6 3 7 5 7 8 4
308 2 4 9 4 7 2 8 3 6 3
246 4 1 4 2 5 6 1 5 7 4
210 3 8 3 5 4 6 3 4 2 2
325 4 9 7 4 1 6 3 8 8 3
298 6 6 5 9 3 3 7 2 6 3
320 7 3 9 8 1 6 5 2 7 5
316 9 5 9 1 1 2 3 9 5 3
288 7 4 4 2 8 8 2 9 7 2
295 9 4 6 4 9 8 1 1 1 7
241 2 8 4 4 2 6 4 6 1 4
322 6 8 7 1 5 9 4 6 7 2
266 9 3 3 1 6 4 9 9 1 3
220 2 1 2 1 4 8 4 7 6 3
315 9 7 2 7 6 6 4 7 5 3
231 4 4 9 1 4 5 3 8 1 1
236 2 8 1 2 2 2 2 9 2 9
20
236 4 2 6 7 4 3 2 8 2 4
341 3 4 9 1 7 7 8 3 9 4
278 7 4 2 8 6 8 2 2 7 5
285 2 5 2 1 6 4 8 2 8 9
288 5 4 8 5 6 8 6 4 2 3
375 6 4 9 5 5 8 9 2 6 9
216 2 1 5 3 9 9 4 2 3 4
338 5 7 1 8 9 2 8 9 6 9
251 6 1 7 7 2 2 2 6 5 2
288 2 1 4 8 6 8 8 4 9 1
247 5 1 5 2 1 6 8 4 4 3
265 5 4 1 4 5 7 2 3 8 6
311 6 8 7 1 6 4 7 1 3 5
199 2 4 5 1 2 5 1 9 3 3
214 1 1 7 1 3 5 5 6 1 7
341 8 4 7 9 1 4 1 8 5 9
278 2 1 4 1 5 3 2 9 9 8
303 7 3 9 2 5 4 2 9 2 7
272 3 1 8 8 9 5 7 2 4 2
273 5 1 4 6 5 8 2 9 7 4
20
319 3 6 9 5 8 5 9 8 1 2
291 8 2 7 4 1 3 9 4 3 7
235 2 5 1 6 5 5 3 3 3 9
187 1 5 2 2 1 5 5 5 3 5
341 6 5 9 8 9 5 3 2 7 4
258 2 3 6 2 4 2 9 6 2 7
246 2 4 4 7 5 7 3 6 2 9
298 7 9 5 1 7 9 2 7 3 1
266 7 5 1 2 4 8 6 2 4 9
317 6 8 7 5 2 5 5 8 1 8
286 2 5 3 3 7 3 6 1 8 7
241 3 4 5 2 7 6 2 3 4 6
219 1 2 1 4 5 7 9 1 1 9
323 9 1 8 4 3 7 9 7 1 8
266 1 2 7 7 3 5 4 7 6 3
252 2 2 8 5 1 3 8 7 3 1
301 7 4 6 7 3 9 1 3 9 3
261 5 6 4 2 4 3 2 8 5 5
305 4 5 8 5 2 6 1 4 8 7
305 2 4 7 4 4 9 5 8 3 8
20
308 1 7 7 4 9 9 7 8 3 1
281 9 5 1 6 9 3 3 7 2 9
214 1 1 4 6 8 4 4 2 6 3
244 2 3 3 8 5 6 4 5 2 7
299 1 4 4 8 8 1 8 6 7 6
229 1 9 1 4 2 2 6 2 9 1
286 4 2 8 8 6 3 5 3 1 9
326 6 9 1 2 7 5 7 9 9 1
158 2 1 1 7 6 6 2 1 5 1
315 9 5 7 3 7 8 5 2 6 2
243 8 1 2 7 5 2 8 1 5 5
325 6 3 5 2 3 7 4 5 9 8
307 4 8 3 7 5 4 8 7 4 8
259 1 8 8 3 2 7 2 4 3 4
345 5 6 6 7 5 1 6 4 9 9
296 3 6 8 7 4 5 9 2 5 3
321 2 4 6 3 9 8 8 7 3 8
304 3 5 5 6 8 8 4 5 6 7
278 8 5 5 4 3 2 4 6 6 1
268 8 2 6 7 1 6 6 5 2 3
20
373 7 3 8 9 9 7 7 8 2 8
287 2 7 5 7 8 1 4 6 7 4
271 8 2 2 3 1 4 6 9 3 9
190 3 2 2 2 4 3 3 6 1 8
266 6 7 7 3 1 6 9 3 1 3
231 3 5 1 6 7 3 9 3 2 6
329 3 3 7 2 5 7 7 6 9 7
339 7 8 9 9 6 1 8 6 1 1
309 4 8 9 5 7 8 2 6 4 2
314 6 7 3 5 8 2 6 6 7 6
299 8 4 1 6 9 1 7 8 5 3
195 3 3 1 5 6 3 2 4 5 2
231 1 7 4 1 5 7 1 5 5 4
274 8 4 7 8 1 1 3 5 5 3
195 1 4 3 8 4 2 8 3 2 3
348 7 6 7 9 7 9 3 7 5 3
297 1 2 7 2 3 4 5 7 8 7
313 6 9 8 6 6 7 4 1 5 1
386 7 6 6 6 6 9 7 9 6 5
286 3 9 4 4 1 4 3 8 8 4
20
238 6 8 4 1 2 8 3 6 2 2
297 5 9 8 3 9 4 4 2 2 2
165 3 3 1 4 5 6 3 2 1 5
293 8 2 9 9 1 1 8 5 1 5
261 3 4 4 1 2 5 6 6 6 6
303 6 7 6 3 4 6 2 9 5 2
305 3 2 9 8 8 7 6 3 3 5
354 8 9 8 6 5 4 1 1 5 9
298 7 9 1 4 1 1 9 8 7 3
343 3 9 8 6 5 5 2 9 5 7
265 6 1 4 2 7 1 5 2 9 6
286 7 9 4 1 9 9 2 9 1 2
305 9 7 4 3 3 8 7 3 4 6
278 5 4 7 4 5 1 8 3 5 3
209 4 1 8 2 5 3 3 1 2 3
264 6 7 2 9 1 1 5 4 5 5
351 5 9 4 4 3 6 3 9 9 6
168 1 7 1 3 7 7 4 2 2 1
246 4 2 8 3 3 4 3 5 4 5
314 8 7 4 8 6 4 7 9 1 6
20
267 5 2 3 3 6 6 9 1 4 8
322 6 1 6 9 7 2 2 4 8 9
226 3 2 4 5 3 2 2 2 8 4
383 1 9 7 7 2 9 8 7 9 8
300 8 5 3 6 6 5 5 7 4 6
301 4 3 9 1 4 9 3 9 5 6
394 8 5 8 3 9 5 8 7 8 7
203 2 4 1 4 8 3 5 2 1 7
274 7 1 6 9 1 6 2 9 2 5
226 1 3 4 7 2 7 8 6 4 1
321 7 9 9 7 2 2 1 1 8 1
297 6 3 7 2 7 6 9 2 4 2
334 6 3 9 1 1 6 6 5 5 9
213 1 4 1 2 1 6 7 7 6 4
394 5 9 8 6 9 9 8 1 7 6
319 6 5 3 3 2 3 8 5 8 9
288 5 8 5 2 5 1 2 5 8 2
213 4 7 2 2 1 9 3 1 2 5
391 9 2 9 8 1 3 8 6 9 6
235 2 2 4 1 3 9 9 5 2 7
20
298 9 8 4 3 8 9 1 9 2 1
379 5 9 9 4 4 6 3 8 6 8
240 4 8 5 3 3 2 1 2 2 8
383 9 6 7 6 4 9 7 9 2 8
235 8 6 1 1 8 4 1 8 4 1
341 7 9 6 6 5 6 5 6 5 4
337 3 8 8 6 2 5 8 1 6 6
185 7 5 2 3 3 2 2 1 2 1
390 8 7 7 6 7 4 6 9 8 5
343 9 6 5 8 4 7 3 8 5 8
181 4 4 1 4 8 1 3 7 2 2
264 5 7 5 8 7 1 1 9 2 2
302 1 5 8 7 7 9 2 4 6 6
345 3 8 9 3 9 4 7 4 6 2
282 3 7 3 8 7 6 8 9 3 3
358 5 8 7 1 6 3 4 6 8 8
263 7 4 1 1 1 9 8 9 3 6
337 4 5 8 4 6 9 7 3 3 9
271 6 8 3 2 2 1 5 5 6 7
290 8 7 7 6 1 8 8 2 1 2
20
254 9 1 1 3 2 6 1 4 7 8
266 4 8 8 2 6 1 3 3 1 8
277 3 8 1 5 2 4 8 9 5 7
318 4 4 9 9 8 5 4 8 1 7
240 3 2 9 6 5 4 4 1 3 3
342 8 6 6 8 1 6 5 8 8 1
239 3 8 5 6 5 6 6 3 1 2
258 5 5 2 8 8 5 7 1 4 4
323 9 9 5 5 6 3 6 5 4 4
364 9 4 5 9 8 8 2 8 4 8
306 7 6 8 5 8 7 4 7 1 2
381 7 7 9 9 9 9 2 8 8 1
226 3 5 7 2 1 4 8 1 3 1
234 1 8 5 4 2 7 2 3 2 7
287 5 2 4 7 6 5 2 4 5 9
333 4 5 9 3 2 7 5 7 8 6
256 2 1 8 3 5 2 4 5 7 2
361 7 7 6 1 6 6 9 6 6 6
291 5 6 6 5 4 9 6 2 5 2
307 8 3 5 9 7 4 1 4 4 7
20
242 6 1 5 1 7 4 3 8 4 2
199 4 1 2 1 1 7 3 6 3 7
312 8 5 2 1 5 7 8 2 7 9
352 1 9 5 7 6 7 9 4 8 8
244 3 7 6 4 5 7 1 1 2 4
344 8 4 7 6 3 9 7 9 3 5
347 6 3 4 8 7 9 7 5 6 9
218 1 4 2 8 7 6 9 4 1 2
270 5 8 4 2 2 9 5 3 4 2
298 1 5 2 9 7 3 2 9 8 9
258 3 1 1 6 9 7 1 7 9 3
191 4 5 3 6 2 4 6 4 1 2
363 3 4 7 6 6 6 9 9 7 7
269 4 5 8 6 3 3 9 5 1 2
202 1 4 7 7 1 4 1 3 3 1
334 9 1 6 6 6 5 2 3 9 7
259 3 6 1 3 2 5 9 7 5 4
306 8 3 1 2 5 7 6 8 9 3
402 9 2 8 7 9 5 7 6 8 6
355 9 3 8 8 8 9 7 5 1 9
20
318 3 6 8 4 8 3 5 3 5 6
263 9 8 2 3 1 1 6 5 2 6
339 9 6 3 2 8 3 9 2 4 9
292 3 6 9 2 6 5 1 7 5 2
335 6 6 5 8 8 5 5 9 6 3
290 3 5 6 2 6 3 8 6 4 6
298 9 3 5 5 3 5 8 7 5 3
317 4 8 4 8 6 4 4 2 6 9
250 8 3 1 2 8 4 6 4 7 1
316 5 1 6 3 6 9 7 7 9 1
303 4 2 2 7 1 8 8 5 9 6
277 6 9 1 4 6 9 4 1 7 1
247 4 4 1 9 6 4 1 4 6 5
252 6 7 2 4 9 2 1 4 3 7
233 7 3 1 9 2 3 3 4 5 5
262 4 3 2 7 6 9 8 1 6 5
292 5 6 2 5 5 3 7 1 6 8
358 7 5 6 5 9 8 8 2 4 9
277 8 7 1 6 5 3 6 4 5 3
403 9 9 7 7 7 5 7 6 3 9
20
310 1 8 4 3 7 2 7 9 9 5
310 4 8 8 5 9 5 3 3 1 7
294 2 9 8 8 4 6 3 7 5 2
278 5 6 2 1 8 8 4 8 1 8
352 7 8 9 9 6 6 5 1 3 5
312 5 3 1 7 9 7 8 8 5 7
170 3 1 3 8 4 4 1 1 4 1
276 5 8 1 3 9 4 3 1 9 2
347 5 6 1 8 4 7 8 9 7 9
227 3 4 1 9 7 6 1 3 8 2
325 7 6 9 9 7 3 3 4 2 7
199 1 2 3 4 1 3 5 2 8 3
354 9 4 5 7 7 8 3 1 8 8
303 8 3 2 7 8 2 3 7 7 8
275 6 8 1 5 5 4 6 3 4 5
313 1 8 7 3 4 3 9 8 4 8
165 2 1 1 9 8 9 1 1 3 2
319 8 7 1 8 7 3 3 1 9 9
240 7 1 1 9 6 6 3 6 3 6
259 4 1 2 6 1 9 3 8 6 9
20
357 6 8 9 6 3 1 9 7 4 5
336 7 2 8 9 4 4 7 6 5 4
203 3 3 4 1 9 9 2 6 2 1
240 4 3 5 7 4 6 2 4 1 7
312 7 7 6 9 9 2 1 1 6 3
328 4 5 9 8 4 7 3 4 7 2
399 9 9 5 1 7 8 9 7 9 5
332 2 9 8 2 3 7 3 9 8 6
232 4 3 5 1 1 6 1 3 7 3
255 8 3 2 2 6 4 5 4 3 9
233 5 9 1 1 4 2 6 7 4 2
265 3 7 3 9 9 3 5 2 5 2
305 3 6 4 7 9 9 8 8 1 7
257 7 6 2 3 2 6 1 3 8 2
283 3 5 3 6 1 6 6 3 6 9
256 9 6 3 8 9 1 1 5 2 3
336 4 4 7 7 6 2 4 4 9 8
209 1 3 1 7 7 5 2 1 4 8
236 3 2 5 2 5 1 4 7 4 5
290 7 4 7 5 8 7 1 3 7 2
20
468 9 8 8 9 5 9 9 8 8 7
296 9 5 2 1 7 8 5 2 3 9
340 8 6 5 2 9 2 7 8 7 4
305 3 8 5 6 9 7 2 8 4 6
316 5 2 2 2 9 5 9 3 7 9
265 6 9 3 1 3 4 9 3 2 4
319 7 4 7 7 3 1 5 6 7 5
304 6 2 6 5 8 4 5 6 6 5
303 9 7 9 5 1 1 5 4 1 6
298 1 6 7 9 7 6 6 4 2 7
238 8 1 2 1 6 5 7 6 1 5
286 3 7 1 2 8 1 9 8 6 6
270 6 7 1 6 4 4 2 7 8 2
187 3 2 2 5 2 3 2 2 4 8
207 3 6 3 5 2 4 3 2 7 1
357 9 7 8 3 9 7 6 4 4 2
211 5 3 2 2 9 3 1 6 5 2
358 8 8 4 9 4 8 6 6 6 7
284 8 4 1 3 3 1 9 8 4 8
245 3 1 1 9 8 8 2 9 6 4
20
409 9 9 9 7 6 4 7 2 8 4
327 8 2 1 1 6 3 8 9 7 9
372 6 9 9 6 4 7 8 9 3 4
208 2 2 1 2 7 3 7 2 5 4
356 4 6 3 9 3 9 8 7 6 9
271 5 3 3 6 9 2 7 1 2 9
299 7 8 3 2 2 7 5 9 5 6
213 3 2 3 4 3 2 6 6 1 7
221 3 9 1 2 1 3 8 4 2 7
386 6 8 9 3 8 7 5 5 5 7
254 1 4 5 3 8 2 7 7 4 4
328 8 9 6 4 9 1 4 5 6 4
269 4 1 6 9 7 9 1 3 4 5
336 7 8 1 4 9 1 9 4 9 6
212 3 6 2 5 1 9 3 5 2 6
290 6 7 1 7 4 2 9 8 3 5
353 6 8 6 6 7 8 9 3 7 3
254 2 4 2 2 5 4 8 2 8 5
306 4 6 7 6 1 8 8 5 1 7
318 6 9 5 5 6 8 5 5 1 7
20
282 9 3 9 4 8 1 3 4 2 2
252 7 2 4 1 3 5 9 1 6 1
266 5 9 1 4 2 9 8 2 3 4
273 1 9 2 3 8 5 2 7 6 8
269 3 1 7 1 3 9 1 5 6 9
339 6 8 1 8 6 7 5 8 9 6
266 5 2 1 9 2 4 5 3 8 8
227 6 4 1 2 2 6 9 5 5 2
223 4 5 4 3 5 1 6 9 2 2
352 9 1 9 8 6 6 9 8 1 4
273 5 8 2 4 3 9 9 3 7 1
369 5 9 5 4 9 7 9 9 6 6
204 1 8 4 4 1 6 2 4 5 1
234 1 8 3 7 1 3 2 3 4 7
215 5 3 4 2 2 4 6 2 6 2
271 2 4 5 2 8 5 7 2 5 6
330 9 1 7 3 3 2 6 4 9 8
254 3 3 4 6 8 3 6 8 5 1
246 2 1 3 9 2 5 7 2 8 6
295 6 4 9 3 5 3 7 4 2 6
20
359 7 7 5 6 8 3 5 9 8 3
217 7 2 1 6 3 1 8 4 3 2
371 6 7 3 9 9 4 8 9 5 7
342 9 6 8 9 3 1 6 1 6 5
218 2 6 3 5 2 5 5 3 6 1
235 1 5 3 3 5 3 2 1 8 9
299 4 5 5 6 9 8 5 7 1 6
247 4 3 5 1 2 5 1 7 7 6
246 1 6 4 8 7 4 3 7 4 3
339 7 9 2 7 7 7 2 7 8 5
290 4 3 2 5 5 7 9 6 9 2
313 2 4 6 5 6 8 6 8 8 3
311 7 6 3 2 9 8 2 5 8 3
212 7 8 2 8 4 1 1 3 2 2
231 4 1 3 5 7 2 8 1 6 3
326 1 4 8 6 5 7 6 8 6 6
343 7 2 8 3 9 9 3 3 5 9
232 3 1 9 8 4 7 2 7 1 2
212 3 7 3 8 3 1 7 1 1 2
390 6 9 9 7 2 7 7 6 6 6
20
253 4 5 6 1 6 4 5 1 2 8
249 1 4 5 1 9 5 3 6 3 5
431 5 4 8 5 9 9 9 9 8 9
186 6 4 1 7 2 5 3 1 1 2
320 7 3 9 2 2 1 9 3 5 7
328 2 8 8 5 1 6 2 6 8 6
366 3 8 7 2 9 7 4 4 9 6
359 6 1 8 6 5 3 9 5 9 7
305 7 1 5 1 6 3 4 7 8 5
252 3 8 2 7 6 1 9 4 3 2
309 6 6 6 9 6 8 6 2 2 6
240 5 6 1 6 4 3 8 4 3 6
218 6 2 1 6 3 7 6 6 1 3
334 9 8 4 8 5 2 7 5 6 1
336 6 6 9 3 1 8 4 7 2 9
344 9 9 4 3 2 1 5 2 9 9
384 4 7 8 3 7 2 6 8 8 9
336 7 9 3 4 6 1 6 2 8 8
275 5 5 2 8 8 4 3 3 7 4
314 8 6 4 4 8 2 1 4 5 9
