100 20
500 500 500 500 500 500 500 500 500 500 500 500 500 500 500 500 500 500 500 500
20
739 8 8 8 5 9 9 2 2 5 2 6 3 10 8 5 9 5 4 5 3
713 1 8 7 2 2 1 8 2 8 10 8 3 5 6 8 2 9 5 1 4
747 1 6 8 5 10 4 1 3 5 9 8 9 2 5 5 1 9 6 2 9
819 7 4 3 7 7 6 10 4 10 3 5 9 8 3 4 7 10 6 5 4
642 7 2 4 2 1 1 1 9 3 8 1 6 5 1 6 3 4 7 7 7
587 9 2 8 8 1 5 3 9 3 4 3 6 2 8 1 2 4 3 5 2
817 3 3 9 4 1 6 3 10 9 7 4 8 7 6 8 4 4 7 7 5
729 7 1 7 10 6 3 9 7 2 7 2 6 2 3 10 7 5 9 4 7
719 5 6 7 7 2 7 7 9 5 6 2 4 4 1 2 2 10 3 9 5
513 5 4 4 2 8 1 5 4 8 1 7 1 2 2 10 2 6 2 2 1
611 2 4 7 9 4 4 7 9 3 5 2 1 6 2 3 3 1 9 2 6
691 3 3 7 3 5 7 1 4 9 3 8 5 4 4 3 6 6 4 6 10
615 9 8 6 1 2 7 6 5 2 1 3 1 6 9 8 7 5 6 1 4
759 1 2 5 3 2 8 8 6 5 5 5 4 7 6 5 7 5 9 5 10
799 8 7 5 6 6 7 4 8 10 10 1 1 10 5 5 10 9 2 5 3
636 4 1 2 10 6 2 8 7 4 4 4 7 6 1 1 7 6 9 7 3
831 5 1 5 8 8 6 7 5 3 10 9 9 9 2 5 3 8 8 1 8
744 6 10 6 10 9 7 8 5 10 7 6 1 7 10 1 1 1 6 9 1
818 2 4 7 4 6 6 6 8 10 1 10 6 7 3 9 8 7 3 2 10
719 5 2 2 1 4 9 7 6 7 9 7 7 3 9 5 7 6 5 9 3
20
881 8 9 2 9 1 8 6 7 10 5 7 7 10 2 1 8 10 10 8 6
653 1 2 10 3 7 1 6 6 6 2 9 9 5 3 5 9 2 1 5 5
604 5 6 1 9 1 2 1 1 10 5 3 1 8 1 4 8 5 9 2 10
683 6 9 5 9 4 10 9 3 2 8 8 5 5 2 2 1 3 6 6 1
708 1 4 1 6 3 7 10 4 5 10 5 7 9 2 2 6 3 4 9 7
604 3 3 4 4 4 1 5 10 4 1 2 3 2 9 9 10 10 6 6 5
806 5 6 8 8 8 9 4 9 1 6 7 10 9 2 9 2 3 3 8 1
776 7 5 6 3 9 3 6 10 9 6 8 8 9 1 1 2 3 8 7 1
765 10 8 8 8 2 1 8 3 9 6 9 9 3 9 5 8 9 8 3 1
696 9 5 1 4 7 7 10 2 3 9 2 9 5 1 4 4 10 4 1 8
648 6 4 8 6 4 1 5 5 9 7 5 7 9 2 1 3 1 2 4 1
689 5 4 6 2 5 5 5 5 7 8 2 9 1 1 8 5 5 4 4 9
715 9 1 7 3 10 1 10 9 6 10 3 10 1 6 4 7 8 2 8 2
612 1 6 10 3 5 4 5 9 2 2 1 3 10 8 5 9 6 1 5 3
666 1 1 3 10 2 9 2 10 1 10 5 8 2 2 5 1 4 6 1 7
567 2 2 2 2 2 4 1 9 7 3 10 4 5 8 5 3 2 3 2 6
835 9 7 6 2 7 3 3 6 9 9 9 8 10 10 7 5 2 4 5 10
610 3 7 5 4 4 9 9 8 4 2 6 2 2 3 2 7 9 7 4 1
758 4 2 6 5 8 8 3 10 8 9 8 7 4 7 1 2 3 10 10 1
680 3 6 4 7 1 6 5 1 3 8 5 8 2 9 6 9 1 10 2 10
20
615 1 5 1 5 10 5 7 2 8 3 6 2 5 9 7 8 3 7 5 3
660 5 10 7 2 10 8 5 4 6 4 9 1 4 7 6 5 9 1 1 6
833 8 8 9 5 9 9 2 5 2 10 3 10 5 6 8 7 2 9 6 9
781 1 1 8 7 3 5 5 9 9 10 9 6 2 9 8 8 3 6 4 7
755 3 1 2 7 8 6 10 8 9 7 9 7 1 4 7 7 1 5 10 9
684 8 1 9 8 10 2 5 4 6 2 2 4 4 8 6 3 9 5 10 3
648 9 8 6 5 9 3 5 10 7 1 2 6 3 6 9 7 1 2 2 6
705 9 6 4 9 6 9 3 9 4 1 4 7 3 1 9 9 5 5 4 8
701 6 1 6 6 5 6 5 7 1 5 8 7 9 4 8 4 4 6 1 2
758 10 3 6 7 8 2 7 1 9 8 5 9 6 5 7 10 3 7 9 5
659 3 4 6 1 8 10 2 10 4 1 2 2 6 9 1 6 5 10 3 3
740 4 6 8 6 9 3 2 3 7 1 5 8 8 8 2 7 10 4 3 10
783 7 8 6 2 2 3 9 9 8 9 1 3 7 1 7 1 8 7 10 4
587 1 8 9 4 4 9 2 4 7 2 4 3 1 1 3 4 7 4 4 4
649 9 5 3 4 9 5 9 9 10 10 4 6 2 4 3 3 2 1 6 1
692 5 6 3 8 7 9 1 5 4 5 5 6 9 7 1 10 1 8 2 7
675 1 8 5 7 9 3 2 1 3 1 10 7 2 4 10 3 10 8 8 7
782 9 8 7 6 9 10 10 2 7 5 6 8 6 8 4 6 3 2 1 8
754 1 4 3 9 1 7 4 7 10 10 8 5 9 6 2 1 2 10 1 5
788 5 6 3 9 8 9 9 9 8 7 8 9 7 2 4 4 5 1 5 4
20
879 2 7 8 8 5 9 2 10 6 6 10 8 8 10 4 1 7 10 2 3
588 4 3 5 4 8 2 3 6 1 8 7 2 5 1 9 4 3 9 1 2
868 10 10 3 8 7 10 8 1 10 10 3 6 1 5 9 10 10 8 8 8
778 9 2 8 10 1 7 1 4 9 6 3 10 7 10 2 6 8 2 3 5
588 2 5 1 1 9 1 8 5 7 2 1 5 1 7 9 9 1 10 8 6
651 2 4 9 7 1 2 1 1 2 8 7 6 9 10 1 1 10 3 6 3
722 2 2 9 8 4 1 3 5 2 10 7 1 5 9 8 10 10 2 9 9
690 10 6 2 2 10 10 9 2 6 8 3 5 4 8 3 2 5 10 2 4
745 6 8 6 3 3 7 10 9 7 4 7 7 6 6 5 5 4 1 5 3
548 3 1 2 10 10 6 7 2 5 2 8 3 2 10 9 1 2 6 3 1
699 5 6 3 5 9 7 7 10 1 6 3 4 5 6 6 10 4 10 9 1
700 8 9 3 5 6 2 6 10 8 8 1 5 9 2 5 2 7 1 8 4
659 1 3 2 10 9 8 7 1 1 5 9 7 3 6 2 8 10 6 2 6
642 1 6 1 6 9 7 6 2 7 8 10 3 1 8 7 5 2 5 7 6
803 10 9 2 9 7 3 5 9 6 10 8 8 6 8 6 7 9 5 4 3
725 10 7 1 3 8 10 1 10 3 7 2 7 1 1 10 9 2 8 10 5
697 5 10 10 4 5 2 4 5 1 7 9 7 8 2 4 5 3 7 9 2
635 10 10 3 5 9 6 1 8 5 5 6 3 1 6 6 1 10 2 9 3
899 5 10 4 9 2 3 1 7 8 6 10 6 9 2 7 3 8 10 10 10
724 2 6 8 8 10 7 8 7 6 8 3 3 1 4 9 3 5 6 2 6
20
547 1 5 3 9 7 1 8 4 1 3 2 6 5 9 4 2 5 7 3 3
734 7 8 7 4 3 5 1 9 7 6 10 6 2 7 9 5 1 7 8 3
855 9 6 7 1 9 8 6 9 7 5 10 6 10 4 3 10 3 2 8 7
694 4 1 8 5 9 10 5 7 2 2 5 3 6 8 9 7 8 4 7 2
659 4 2 1 7 2 7 5 6 7 4 2 8 4 7 10 5 2 8 3 9
563 8 9 2 3 10 7 3 5 2 3 9 3 3 8 4 1 5 1 4 8
793 10 7 8 5 8 3 6 2 5 9 5 10 5 4 7 7 6 8 3 5
699 3 1 10 1 7 7 1 5 4 4 5 6 3 10 8 5 6 1 10 7
570 8 5 7 2 3 9 4 2 1 5 3 6 4 8 4 5 6 6 1 2
711 2 10 2 2 9 1 10 9 8 3 7 1 5 9 2 6 6 8 8 8
817 6 8 9 8 8 10 8 6 3 8 8 2 2 1 7 7 10 4 3 5
789 3 7 10 3 4 6 3 1 8 5 1 1 8 7 4 6 9 9 7 9
643 3 3 10 2 4 3 5 1 6 1 9 5 2 7 6 7 1 10 8 3
650 1 6 4 10 1 2 4 7 6 9 3 3 10 8 10 9 6 2 2 2
780 8 8 8 2 7 6 4 8 10 2 3 9 5 1 7 2 5 1 5 6
865 10 4 8 9 10 7 9 10 3 8 2 10 1 1 1 6 10 9 6 5
671 2 8 8 5 4 5 6 9 5 2 1 10 3 10 4 7 4 2 3 10
812 10 10 9 10 10 9 10 4 6 2 2 3 8 2 4 8 5 10 2 5
772 4 6 4 1 6 4 2 8 9 5 10 6 5 10 8 8 5 8 4 5
745 6 2 9 3 5 4 5 10 9 10 1 5 1 9 5 10 3 4 8 7
20
895 10 2 6 9 1 9 8 10 7 3 7 8 9 3 2 3 7 10 7 6
616 9 7 10 1 8 10 1 1 3 4 6 3 6 3 5 2 1 4 3 2
606 3 3 1 8 6 1 1 2 10 2 9 7 1 7 9 4 7 10 3 4
750 5 10 6 9 3 4 5 7 3 9 9 3 7 6 7 9 9 2 6 8
711 3 1 6 4 1 6 10 3 8 3 5 10 1 10 6 4 5 8 6 7
676 6 6 4 7 4 4 7 8 2 10 10 1 5 3 2 10 4 6 6 9
809 7 3 7 6 8 8 1 7 9 5 10 8 5 10 3 9 4 9 6 5
565 2 1 7 4 2 1 3 1 3 3 3 7 8 3 6 9 3 2 10 7
706 10 9 3 4 10 5 6 3 5 5 8 5 10 2 5 2 1 4 4 8
873 3 1 9 10 4 2 4 10 10 9 6 4 10 2 5 8 6 8 9 4
613 6 7 5 10 7 1 1 2 3 6 7 7 5 3 1 1 6 10 3 3
677 1 9 7 7 2 8 7 1 10 1 1 7 1 1 10 7 9 1 5 3
684 6 3 8 5 1 3 4 6 3 4 8 2 5 4 5 8 7 7 10 7
784 8 3 9 3 8 7 1 1 4 3 3 3 9 2 5 10 9 8 9 8
650 9 8 7 4 2 6 2 7 7 5 4 3 4 4 3 5 1 6 8 8
576 8 9 6 8 9 8 1 3 4 5 2 6 1 6 7 9 2 1 5 1
678 9 9 9 9 1 2 1 10 5 6 10 4 7 9 2 3 8 3 5 1
552 7 5 1 7 5 2 2 2 1 3 1 1 4 4 8 4 10 9 10 3
855 9 7 8 10 7 5 10 6 9 8 1 4 4 7 4 6 8 10 8 2
858 10 10 8 9 6 4 3 6 8 3 6 10 5 5 3 8 10 9 10 4
20
674 8 5 7 7 1 7 3 2 1 4 10 3 7 4 2 4 7 8 4 10
683 10 3 3 2 2 5 5 7 2 10 2 6 6 8 1 8 7 6 3 8
676 2 8 8 1 7 3 1 8 8 6 7 5 6 5 3 10 3 7 2 6
815 5 8 5 9 4 5 8 10 4 9 6 9 4 8 1 5 7 10 2 8
801 2 6 9 1 4 6 5 7 10 7 4 2 4 7 1 8 6 10 10 9
747 6 6 4 6 5 3 3 5 8 9 6 4 8 2 9 4 7 7 4 2
694 2 4 3 6 2 3 10 9 3 5 1 6 5 6 3 5 8 9 4 6
773 8 8 7 1 7 10 5 5 6 2 6 2 9 10 8 1 10 2 5 5
799 2 8 10 8 8 7 2 5 8 2 7 5 7 9 9 6 5 1 5 10
842 3 7 7 10 2 7 10 4 8 10 3 8 9 3 6 10 10 3 1 5
765 7 10 6 5 8 6 8 2 6 3 9 4 3 10 7 2 10 5 10 6
698 10 7 2 3 8 3 1 7 5 7 10 6 8 1 3 1 8 3 4 6
576 7 1 4 4 3 1 5 1 5 10 9 5 5 5 10 10 3 4 1 5
675 5 3 6 7 10 5 1 6 6 8 6 10 5 6 3 1 3 1 7 5
658 8 1 7 10 2 6 3 8 10 1 7 7 2 8 10 3 3 4 2 1
766 8 2 7 7 6 6 2 10 7 2 7 10 2 5 10 6 3 5 7 8
564 7 5 7 5 9 2 4 3 2 5 2 9 7 9 3 5 3 3 3 2
712 2 7 2 7 3 8 10 10 5 4 3 6 10 3 5 2 4 2 8 1
741 8 10 4 8 2 5 8 10 3 9 8 10 5 2 2 9 5 3 2 5
715 7 6 8 1 1 8 9 8 7 2 1 2 3 7 2 9 9 10 1 5
20
707 2 10 6 1 1 6 4 8 3 6 9 6 8 6 10 9 2 2 8 2
729 1 4 7 1 7 4 3 10 4 10 8 3 9 3 7 9 3 7 7 6
707 10 9 1 6 2 4 1 7 10 2 9 3 5 10 6 9 7 3 9 9
859 10 1 3 10 9 6 5 9 7 4 4 10 9 6 6 5 9 2 5 7
774 2 1 8 9 5 2 1 9 4 2 8 9 8 3 5 4 10 6 9 8
512 5 9 1 2 5 3 5 6 6 7 7 4 1 9 9 9 3 1 4 2
720 5 7 3 9 7 10 2 8 2 7 2 5 8 5 6 7 6 4 2 7
728 6 10 4 1 1 5 6 5 2 10 5 7 7 10 4 3 3 9 8 10
791 10 8 8 5 5 8 5 5 4 9 3 10 4 9 6 9 1 9 8 6
760 4 9 9 3 8 1 3 3 8 4 4 9 9 7 7 9 3 5 4 10
634 4 5 4 2 10 3 7 9 5 3 1 4 5 9 10 9 4 5 9 2
683 8 8 9 3 8 8 5 6 2 2 5 8 3 8 4 8 3 10 5 1
818 4 3 5 4 9 6 10 1 10 2 7 4 10 2 9 2 10 10 2 3
689 8 1 8 1 1 4 6 6 7 2 9 4 9 4 5 5 1 4 4 6
736 7 2 8 8 1 4 4 5 5 7 2 10 9 2 5 6 9 3 2 2
639 9 3 5 6 8 2 4 2 10 1 3 1 1 9 5 3 10 10 4 5
707 7 2 3 8 1 9 2 2 6 7 6 9 8 7 3 4 4 4 8 2
706 8 3 5 7 5 7 9 10 8 7 6 10 1 9 3 5 2 2 4 4
801 8 6 8 1 8 8 4 6 1 5 1 7 10 5 4 9 8 10 7 6
612 5 6 2 8 2 1 2 5 3 3 8 8 6 6 5 1 10 5 2 3
20
683 6 1 4 6 9 3 4 10 6 6 8 6 3 1 2 6 4 8 2 9
770 5 7 5 7 5 2 8 9 6 6 10 4 8 2 7 3 9 4 10 1
808 7 6 9 9 6 1 5 10 2 4 6 2 9 10 9 6 9 9 4 9
801 5 4 7 6 9 6 2 7 9 1 10 2 10 8 2 1 10 4 3 7
775 9 2 3 2 9 6 10 8 5 7 4 7 8 10 4 10 6 5 7 6
745 7 2 6 4 5 4 5 3 6 6 5 10 3 5 9 4 10 7 7 4
765 5 9 3 3 5 6 9 10 6 2 5 1 2 3 7 4 10 6 8 10
692 7 1 5 2 3 1 8 10 4 5 10 4 6 1 8 4 5 10 6 1
713 9 2 3 7 3 4 9 1 9 2 10 3 5 5 5 8 6 7 9 5
736 2 6 5 9 5 1 2 9 7 9 1 10 1 3 9 8 2 7 9 10
622 3 6 2 5 3 6 4 7 4 3 4 3 9 8 5 7 10 1 2 4
882 7 8 8 8 9 8 9 3 10 2 4 10 6 8 6 7 10 2 6 10
713 7 6 5 3 3 9 5 7 2 10 4 10 2 1 3 8 9 1 1 6
815 3 7 3 4 7 6 10 6 8 6 2 9 8 6 6 6 7 8 1 5
750 7 2 2 7 3 7 10 3 7 10 10 8 6 7 10 7 5 4 10 1
711 8 6 10 9 2 2 6 3 1 5 1 8 6 2 5 3 4 10 6 4
635 5 9 8 5 2 8 8 1 5 1 1 3 6 1 6 3 10 3 4 1
744 6 5 7 1 2 5 9 1 9 4 4 10 2 10 9 6 1 8 2 9
725 1 5 3 6 5 4 9 2 3 1 6 10 7 5 5 7 7 9 10 6
754 9 7 2 10 10 9 4 10 10 7 4 1 3 7 10 5 2 3 9 7
20
771 5 9 2 3 8 7 4 9 2 3 5 6 3 5 8 2 10 7 8 10
621 6 1 8 9 5 2 1 7 3 6 4 9 2 7 10 1 4 1 9 1
653 4 10 4 8 8 10 7 3 1 8 5 5 3 8 7 10 5 1 5 5
846 9 4 3 7 9 6 9 5 2 4 8 4 9 9 4 2 9 10 7 10
747 10 1 3 9 4 8 9 7 7 1 6 2 3 6 8 9 3 10 10 10
811 4 1 7 9 10 5 3 10 6 7 4 8 9 5 9 3 6 6 7 2
658 9 10 10 10 5 8 9 10 4 3 1 7 3 10 3 3 2 4 1 1
719 3 10 5 10 4 6 5 1 5 10 9 4 1 3 7 10 9 5 3 10
593 9 3 4 3 3 10 8 7 1 3 3 5 7 9 2 9 1 4 1 4
680 2 9 5 7 3 6 5 2 10 3 6 10 1 8 9 5 7 1 8 6
662 6 2 3 6 3 5 1 10 2 1 9 4 3 6 8 10 10 6 4 5
692 3 8 3 10 10 6 5 4 2 5 10 1 10 7 9 8 3 5 9 5
751 7 9 8 10 3 1 8 3 7 9 2 7 5 2 10 9 9 3 6 2
862 6 8 6 3 7 4 10 4 4 9 10 9 7 3 9 3 9 2 5 9
600 5 8 3 7 7 5 5 2 4 6 10 4 4 10 2 1 7 3 8 4
738 9 1 7 7 7 1 4 7 9 4 5 9 2 4 3 2 1 9 5 9
691 10 3 2 1 9 3 9 5 9 2 1 1 10 2 4 4 10 9 5 1
671 4 2 7 8 8 9 6 3 5 10 6 1 8 8 1 4 3 2 9 2
903 10 3 10 5 10 10 9 1 10 5 6 1 9 10 4 1 4 6 10 9
541 6 5 5 8 2 1 1 4 10 1 7 1 3 8 9 3 2 8 3 3
20
729 3 3 6 2 2 5 10 2 9 7 9 4 7 6 4 1 9 8 6 2
681 2 7 9 3 8 6 7 6 6 6 6 7 2 3 1 10 1 9 7 4
761 9 3 4 7 10 6 7 2 6 3 6 3 7 7 1 9 9 7 8 9
705 2 3 2 4 8 9 3 4 1 8 9 7 5 8 6 10 6 6 5 4
874 5 6 5 10 3 9 8 8 10 2 10 9 5 3 6 3 6 7 5 9
783 7 6 9 6 2 1 8 6 4 6 4 10 3 1 7 6 4 9 10 9
783 5 10 10 2 10 4 6 4 7 7 8 6 6 1 10 9 4 5 2 5
896 6 2 8 7 5 4 8 9 10 5 8 10 2 1 8 1 8 4 8 10
649 7 2 2 4 3 1 3 7 4 5 2 4 9 7 10 6 3 2 10 10
884 5 5 6 4 9 9 7 10 9 10 9 2 6 8 7 7 8 6 3 7
729 3 4 9 4 10 6 6 3 8 3 7 10 5 4 4 9 4 5 1 2
652 10 6 6 1 9 2 8 8 1 8 1 7 3 10 9 9 1 3 10 7
713 6 9 5 4 8 7 5 8 5 7 4 7 6 3 9 4 5 1 1 7
712 1 10 2 2 7 6 4 6 7 3 9 5 6 8 7 1 4 6 5 7
778 5 10 1 8 1 10 4 4 6 6 2 9 9 6 9 10 2 5 7 9
811 3 8 8 10 1 6 10 9 6 10 4 8 9 4 4 4 8 1 10 2
627 9 6 7 4 1 6 1 2 4 5 8 5 1 2 3 6 3 7 2 9
689 5 1 5 9 4 8 7 2 1 9 7 10 1 1 9 3 6 2 2 8
620 7 5 4 4 3 1 10 3 1 7 7 5 8 3 6 5 6 6 9 1
632 1 1 1 9 4 6 5 1 5 8 10 5 2 3 7 1 6 9 5 5
20
847 3 3 10 6 7 2 7 6 5 10 9 9 9 2 4 7 8 4 3 10
734 2 2 10 6 10 3 7 7 5 4 8 8 4 9 9 10 6 3 3 6
607 4 2 10 1 9 1 3 6 6 1 1 3 4 10 2 4 8 8 5 3
778 3 6 2 1 7 9 2 8 8 6 4 1 10 2 2 10 9 8 2 9
614 1 6 3 10 8 5 2 8 9 2 9 6 4 6 8 8 2 1 5 3
752 8 2 7 8 8 7 3 3 10 4 7 7 2 9 6 2 8 1 7 6
694 9 10 4 6 4 4 2 2 10 5 5 4 4 9 6 1 8 7 1 3
678 8 3 2 4 8 4 2 9 8 6 9 7 6 2 2 2 3 5 4 3
531 4 1 1 10 9 4 9 2 3 1 10 9 1 1 3 4 1 5 7 6
910 9 8 9 7 1 5 3 9 3 8 9 9 10 3 1 7 6 9 9 7
789 6 6 8 6 5 10 9 2 7 7 8 4 8 1 3 5 9 1 8 2
657 10 5 1 5 10 1 5 4 5 10 6 7 5 10 3 3 9 2 3 4
581 5 4 4 8 2 3 7 3 2 4 1 7 2 8 6 8 6 6 1 6
782 9 6 2 4 3 5 3 9 8 5 4 5 6 9 7 3 4 10 10 8
737 7 6 6 10 7 6 3 8 1 10 6 6 1 6 10 1 10 3 6 2
456 6 9 8 4 2 1 3 3 4 6 2 1 1 1 5 1 3 8 1 1
546 5 2 1 10 5 2 1 8 6 8 8 1 7 8 1 4 6 2 3 1
750 6 7 5 6 10 2 3 4 4 4 5 10 8 5 8 2 10 5 9 4
541 4 5 1 1 5 5 6 10 1 4 7 1 1 4 6 4 3 3 9 8
755 6 3 1 3 5 9 5 2 9 9 6 8 6 10 3 9 8 6 5 7
20
724 5 1 5 6 10 5 9 7 8 5 3 5 7 3 1 5 9 6 2 2
719 2 10 6 7 4 5 1 10 2 8 10 4 7 3 9 4 3 9 2 2
614 4 10 7 4 10 2 5 1 2 5 10 1 1 4 3 10 6 6 8 5
652 7 2 8 7 2 7 8 6 1 3 10 1 2 3 4 1 10 10 5 2
782 6 5 1 1 1 3 10 10 5 9 2 9 3 7 9 1 6 10 3 9
764 1 9 8 7 2 6 4 6 9 9 5 5 6 10 7 9 7 3 10 4
640 2 2 1 4 2 2 2 10 6 6 6 5 3 3 6 3 9 9 7 4
704 4 9 3 7 8 7 7 1 2 8 9 2 3 5 10 9 10 3 7 9
758 7 6 1 7 8 6 10 8 6 7 10 2 4 8 3 1 6 10 4 7
665 6 2 3 3 5 10 7 6 1 7 2 10 7 8 8 3 1 2 6 3
799 1 2 1 4 3 9 9 7 8 7 4 9 9 7 5 4 3 9 6 5
759 1 5 10 7 10 10 10 6 6 4 4 10 2 3 4 2 2 10 2 2
680 5 4 3 3 7 4 3 8 9 8 5 1 5 1 9 6 3 8 1 4
691 7 6 10 2 7 6 8 9 3 8 5 5 4 7 1 2 1 9 1 2
650 2 2 5 3 8 2 2 2 9 4 1 6 5 9 4 9 6 2 8 9
627 5 8 3 5 5 2 4 1 7 10 4 1 8 9 3 7 1 10 1 9
637 3 4 5 7 7 1 4 5 3 9 3 1 1 8 10 3 6 9 2 9
811 1 9 10 10 6 7 7 9 2 5 4 10 5 7 6 6 2 6 2 9
712 8 3 8 6 9 4 7 10 3 1 5 8 4 2 7 7 7 8 3 2
690 9 5 4 10 6 9 2 8 7 7 4 2 5 4 2 1 8 1 4 5
20
798 5 6 7 9 6 8 10 7 9 6 1 10 5 7 5 3 9 1 1 7
725 2 8 9 9 2 4 4 5 5 2 9 4 6 8 8 9 6 6 6 6
735 5 2 6 6 5 5 9 7 2 4 4 4 9 6 8 1 9 4 3 5
682 2 1 4 8 10 3 6 7 1 4 4 8 10 1 1 2 6 8 8 5
742 4 4 1 7 9 1 5 2 6 3 6 8 1 5 8 9 10 9 8 10
717 1 9 1 10 8 3 1 8 10 9 3 2 7 3 10 1 7 2 6 10
565 5 5 1 8 5 6 2 6 3 10 1 6 1 3 8 9 1 3 9 1
726 1 8 1 8 10 9 7 4 7 9 4 8 7 1 2 10 7 6 1 1
770 7 10 1 6 10 6 10 3 10 7 10 6 3 3 2 5 3 10 5 9
737 6 6 9 10 1 3 5 5 6 9 8 9 4 8 2 8 3 4 8 6
663 2 9 9 5 6 2 6 4 7 5 1 1 7 7 3 7 6 5 1 10
532 3 5 2 3 1 7 1 5 6 3 9 3 4 9 1 6 2 9 1 5
722 9 6 5 2 2 8 10 6 10 7 1 2 6 6 1 3 4 3 6 7
784 1 7 5 2 7 7 3 8 7 8 4 7 9 5 1 5 10 8 9 2
578 3 3 5 2 7 6 9 10 1 1 3 7 1 6 6 10 3 3 9 3
693 5 3 8 5 4 6 5 8 6 2 3 10 8 6 3 1 3 4 8 4
745 2 7 10 8 3 1 2 1 10 2 5 6 10 3 3 10 9 5 6 4
715 8 8 8 4 10 6 9 8 7 2 1 4 6 5 4 5 1 2 10 7
809 9 6 8 10 1 10 1 3 5 10 4 3 6 1 4 7 9 6 2 10
896 9 5 2 8 6 9 2 9 2 10 5 10 9 4 6 8 9 10 10 4
20
463 4 1 3 10 1 1 5 2 4 1 6 3 4 6 3 1 2 5 4 10
468 5 4 5 4 6 1 5 1 1 1 1 2 4 4 4 6 3 6 4 8
610 8 3 1 4 3 5 9 4 10 8 8 1 2 9 6 2 1 7 2 9
859 5 7 8 5 10 7 4 2 6 2 8 7 10 6 10 8 6 10 3 5
847 6 2 2 9 10 10 4 7 9 4 5 9 9 2 3 1 5 9 5 9
776 4 9 9 9 10 4 8 6 6 2 1 4 3 2 7 9 4 9 4 10
720 8 2 4 3 10 2 5 1 3 10 3 9 8 4 3 2 6 9 7 5
781 4 8 7 10 1 9 10 5 6 5 10 3 3 7 2 8 7 5 7 8
651 3 1 9 7 10 3 4 10 9 4 9 2 4 6 6 9 6 1 3 1
574 9 3 2 3 1 4 4 8 4 10 5 1 2 5 3 1 5 3 8 6
728 2 2 10 4 1 1 4 10 7 4 6 9 10 5 3 1 6 9 4 2
885 6 7 9 5 2 9 7 8 10 7 8 9 8 7 4 9 4 7 5 4
672 6 4 9 9 5 6 8 2 1 1 6 3 10 10 3 2 2 6 9 6
818 5 5 5 9 9 10 3 4 7 4 9 8 8 3 1 2 10 6 9 5
685 4 2 4 5 8 7 3 4 7 8 10 4 3 6 1 7 4 5 3 10
693 8 8 7 5 8 4 6 6 6 1 10 6 8 1 3 1 5 2 9 2
681 7 2 1 5 3 1 4 7 9 4 10 2 10 5 8 8 6 5 4 2
640 2 3 6 8 2 2 1 1 8 5 9 4 9 1 6 3 9 3 1 7
707 10 7 10 7 2 5 10 8 7 3 6 4 1 2 3 3 4 2 6 8
820 5 10 3 9 8 5 7 4 6 7 10 5 9 10 7 2 5 10 1 6
20
527 6 2 6 4 10 3 3 10 1 3 5 2 1 10 3 6 4 1 2 7
756 7 7 7 3 5 6 8 2 3 3 5 2 10 5 3 10 9 10 2 5
776 7 8 4 10 9 5 7 8 7 3 8 8 10 10 1 8 4 1 6 9
706 2 4 3 5 9 6 2 2 6 10 7 3 5 3 4 3 7 8 6 8
648 6 1 5 8 6 10 8 2 6 2 3 4 4 4 3 1 1 9 8 3
531 2 10 1 1 4 1 1 8 8 5 1 4 6 1 7 10 5 1 9 4
740 2 2 3 1 5 6 1 10 9 3 9 4 10 2 2 2 10 2 5 8
657 4 3 2 3 10 4 7 9 6 9 2 1 3 5 1 1 9 8 8 5
729 4 4 3 8 10 6 8 9 10 4 7 2 2 6 5 7 6 4 8 6
595 4 8 7 7 1 1 9 4 8 8 3 3 7 5 2 5 1 2 3 6
766 5 7 3 1 3 1 5 9 6 2 8 10 3 8 9 8 9 10 3 7
750 4 9 6 6 6 6 1 6 4 10 6 2 7 7 2 3 5 8 10 9
865 8 5 7 10 6 1 4 6 6 10 2 9 9 6 5 10 7 6 3 10
774 7 1 1 10 7 4 10 5 9 10 8 8 2 1 10 6 1 8 8 3
614 10 4 2 8 4 9 1 4 2 1 5 4 6 3 10 7 8 4 9 2
695 7 3 6 5 4 4 5 5 7 9 2 4 6 5 5 9 4 9 6 4
647 1 5 9 7 4 7 8 4 6 8 4 5 2 10 4 2 2 8 4 3
762 7 3 7 5 9 9 6 6 6 6 8 5 6 2 4 3 4 3 4 6
703 4 10 1 3 9 1 8 8 4 3 5 8 5 5 6 7 7 5 9 6
759 6 4 9 10 3 4 4 9 3 4 8 2 9 2 2 3 2 10 7 7
20
545 8 4 3 1 2 1 5 10 2 9 1 1 1 7 10 6 4 2 5 7
641 10 10 6 5 1 4 2 4 2 3 1 10 4 10 3 9 7 3 10 2
581 7 9 4 4 5 1 4 2 5 8 2 2 9 2 2 4 6 2 7 4
572 10 8 7 5 4 3 3 4 2 10 3 8 1 1 4 4 4 2 3 1
890 3 8 5 6 4 2 9 9 7 8 3 8 8 3 9 3 10 8 9 6
694 8 5 4 7 3 5 8 4 4 2 7 2 9 5 10 10 4 9 2 5
685 3 10 5 1 7 6 3 9 5 7 1 10 2 4 4 9 5 9 2 3
779 6 2 2 9 6 9 3 7 8 5 2 3 7 6 8 6 8 10 10 2
682 8 6 2 4 4 2 1 2 3 6 9 9 6 2 7 7 8 9 3 4
673 1 1 2 4 3 7 2 9 9 9 2 7 8 3 2 7 5 5 3 7
879 5 4 1 9 4 8 7 5 9 6 5 10 9 7 2 9 5 9 9 10
805 2 7 9 7 5 6 9 6 5 3 10 10 2 3 10 1 5 2 9 10
670 6 2 1 5 4 3 8 7 9 1 1 9 2 8 2 10 9 5 2 10
765 3 6 7 6 8 5 7 3 10 6 8 9 6 8 7 2 4 1 2 5
765 1 4 2 10 10 4 2 5 7 7 8 6 6 6 6 2 9 9 6 4
645 9 4 9 3 6 4 5 9 5 1 6 3 1 3 10 8 5 1 4 6
728 10 8 9 7 6 5 5 1 6 4 9 3 3 10 7 3 6 3 10 4
746 5 9 3 4 7 5 7 7 10 3 5 5 10 9 3 8 6 1 3 6
766 7 3 10 9 5 5 5 5 6 7 3 4 7 1 2 4 9 4 5 8
706 5 9 2 9 10 3 7 4 2 10 3 10 5 3 2 9 1 10 10 6
20
636 10 2 6 8 10 6 10 2 1 3 8 4 4 7 4 1 3 2 3 7
660 7 9 3 6 1 2 8 9 1 1 4 4 6 4 7 6 5 8 9 6
834 10 9 10 6 4 8 6 6 5 4 3 8 10 8 3 4 9 3 2 3
691 8 5 9 4 4 1 8 8 6 3 1 2 7 4 6 9 10 3 1 5
796 1 9 7 10 2 9 6 3 10 6 10 9 5 10 2 10 4 3 6 5
802 8 9 9 8 3 5 9 10 6 10 5 10 10 3 2 8 3 4 2 1
704 5 5 7 2 1 6 1 4 6 4 9 9 5 4 8 9 4 4 5 8
727 7 9 8 2 8 9 5 5 1 9 3 6 7 2 7 4 5 1 10 2
665 4 3 1 3 4 10 3 3 8 5 2 7 6 10 8 10 6 3 2 8
656 5 8 3 5 4 9 4 1 3 1 6 3 9 6 7 9 6 5 8 8
782 4 4 9 8 5 9 6 3 6 5 1 4 6 1 9 7 6 10 5 7
688 7 1 1 9 10 9 1 3 3 5 7 4 9 4 8 1 7 1 1 8
829 1 1 8 7 9 5 8 2 4 7 8 5 8 5 5 6 8 10 10 8
610 10 7 6 6 6 7 1 3 6 2 3 2 6 3 8 6 2 2 10 6
818 5 9 7 1 9 8 3 9 3 5 1 1 9 1 9 1 7 8 10 6
633 1 9 4 2 5 3 7 2 4 3 3 4 8 2 7 8 2 3 8 10
676 9 10 7 4 9 2 6 4 4 3 2 4 3 2 4 9 9 7 3 8
715 6 4 3 6 1 5 7 6 8 8 2 10 3 3 10 1 3 5 7 8
654 1 1 4 3 4 4 3 2 5 7 1 7 8 8 9 3 10 1 6 6
618 2 7 1 4 8 10 2 3 1 4 5 9 7 8 8 2 3 7 4 1
20
719 9 5 6 2 4 4 4 8 3 10 10 9 2 2 7 8 1 5 9 2
796 4 1 9 5 9 8 4 1 9 6 8 1 3 4 10 2 9 10 2 6
801 6 8 5 2 1 9 8 2 10 9 6 7 9 1 5 3 6 2 8 6
699 2 5 9 9 3 10 1 4 6 5 7 8 3 10 1 6 8 5 3 3
711 1 2 4 7 6 5 1 9 9 5 1 9 8 3 7 8 3 8 8 1
592 1 1 7 3 9 3 6 6 3 7 3 1 8 4 2 9 4 7 2 6
848 10 9 9 9 7 8 5 5 5 9 3 9 3 2 3 4 5 5 9 7
593 3 5 8 1 1 7 2 2 1 4 4 9 1 5 2 3 8 3 9 3
688 3 2 4 5 9 3 5 1 6 7 10 7 5 2 10 8 10 3 9 2
746 4 4 5 7 2 9 8 4 3 8 9 3 7 6 3 2 10 10 5 3
794 10 3 9 7 5 10 10 7 1 10 3 4 6 3 10 7 9 3 1 5
753 10 7 10 7 9 9 1 7 4 9 4 9 2 3 2 3 9 3 6 1
663 10 10 6 10 1 1 5 4 3 7 6 2 8 4 6 6 2 10 7 5
585 5 2 2 6 10 3 2 7 4 7 4 1 7 6 5 7 8 6 2 3
748 5 5 6 1 8 1 10 9 5 10 7 5 5 1 2 3 7 1 8 8
626 3 2 3 2 3 10 8 5 4 4 6 2 5 1 8 9 6 1 8 5
781 7 3 9 2 10 5 8 5 8 3 2 9 3 7 9 1 9 2 3 7
768 5 4 5 6 5 5 8 2 8 5 6 10 6 10 7 8 2 10 8 5
682 9 9 4 10 2 8 7 2 6 6 4 2 5 2 8 4 7 9 2 3
905 5 9 7 6 7 3 10 10 10 1 9 10 5 4 6 7 10 2 9 10
20
618 10 2 2 1 8 5 7 1 4 10 7 5 10 10 7 1 2 2 8 1
597 3 6 1 1 2 4 9 9 9 4 3 6 3 2 2 3 6 4 2 4
684 10 10 9 1 10 6 3 7 2 1 5 4 6 6 1 4 3 10 7 4
472 5 4 4 5 2 8 4 4 1 3 4 6 1 10 6 2 2 5 1 3
647 4 9 2 10 9 7 1 4 3 3 10 5 10 4 4 2 8 2 6 1
804 7 8 5 8 4 9 3 8 8 9 7 5 4 10 8 4 6 5 5 6
872 4 3 9 9 6 10 9 4 2 3 8 10 4 7 6 8 10 5 10 8
685 2 4 8 4 7 3 1 3 6 10 6 5 3 10 10 9 7 4 2 4
651 8 3 5 9 4 10 1 1 3 4 7 10 3 6 2 3 3 7 1 10
818 6 1 10 6 5 3 6 8 7 7 3 5 8 5 2 7 7 8 10 3
798 8 7 7 3 10 2 3 7 5 8 7 8 9 10 3 10 8 1 8 9
606 1 10 8 10 8 6 7 1 3 2 6 10 4 1 1 3 6 2 3 1
907 6 6 9 1 7 10 10 8 9 4 3 1 8 1 10 1 4 10 10 9
619 4 6 3 1 3 2 9 7 5 3 7 8 2 5 7 10 2 8 4 2
568 3 3 3 8 3 7 1 7 4 7 9 7 3 9 5 5 1 1 1 6
807 7 2 6 3 6 3 5 6 10 4 6 9 6 8 10 5 6 4 10 9
654 4 6 9 2 7 5 3 6 3 4 5 8 4 9 6 4 1 1 8 8
649 7 6 5 2 2 3 6 3 8 10 9 2 8 8 8 6 5 2 5 2
625 2 7 10 3 6 4 9 2 3 2 1 5 7 2 6 4 4 2 9 7
858 7 9 8 7 2 7 8 4 9 2 9 8 9 10 8 4 5 7 1 9
20
785 8 4 6 4 2 4 10 8 9 5 7 6 9 3 2 10 9 8 2 4
529 7 8 6 8 3 1 7 1 1 6 5 1 1 4 3 6 10 5 6 3
730 8 6 8 3 10 7 1 6 6 5 10 6 4 10 6 3 8 2 2 5
794 10 10 6 7 6 10 6 3 7 6 1 8 1 7 3 5 7 5 10 9
760 10 6 5 1 5 5 6 5 8 6 1 5 4 1 10 4 7 6 4 10
621 2 9 3 4 7 9 3 3 2 4 9 2 3 1 10 8 6 1 2 8
546 6 7 7 8 6 3 5 8 8 2 5 4 2 5 2 10 1 4 2 2
611 1 7 2 3 9 10 10 7 2 3 2 10 3 2 10 1 3 6 1 1
608 10 2 7 6 2 8 4 2 7 5 6 4 1 8 4 9 3 5 5 2
731 6 1 7 1 5 8 4 3 2 6 9 10 7 2 7 9 6 2 8 5
665 4 3 6 6 1 5 7 3 6 2 9 4 4 9 7 6 7 3 10 7
661 5 9 5 7 2 1 6 4 4 7 6 6 4 10 6 3 3 8 7 2
635 1 4 6 7 9 6 5 8 2 3 2 8 6 5 5 5 2 3 10 2
783 7 9 2 8 4 10 6 10 6 5 7 9 2 7 3 6 2 9 5 8
727 10 2 9 10 2 8 4 2 4 3 3 2 8 8 10 6 7 7 3 6
536 7 9 1 2 7 3 1 6 5 4 7 6 2 2 1 6 8 4 1 4
977 2 10 10 3 6 9 8 1 7 9 7 9 6 1 7 6 10 10 7 10
712 3 6 2 3 5 2 8 5 9 3 6 5 10 8 3 1 9 2 9 4
738 4 7 4 4 9 1 8 7 9 8 3 7 3 7 8 4 9 4 3 8
764 5 8 5 7 6 3 2 5 9 10 10 9 5 9 5 5 1 10 2 5
20
692 4 3 8 2 9 5 5 2 10 3 2 8 2 9 5 3 8 1 1 10
781 4 6 4 3 9 9 10 1 5 10 2 7 2 9 6 2 9 4 9 8
874 9 1 9 10 6 10 8 2 2 8 3 9 10 2 1 3 7 5 8 10
695 4 7 8 2 10 3 5 1 2 8 9 2 10 9 9 3 3 5 10 2
862 1 5 7 7 1 8 7 10 2 9 9 7 9 7 10 1 7 8 8 2
787 9 9 2 7 1 1 8 7 9 4 3 2 8 4 9 7 7 9 7 9
617 2 3 1 3 10 6 3 7 5 2 5 6 9 7 4 7 4 2 10 3
803 7 4 4 10 10 7 5 2 6 4 9 9 7 7 9 7 1 5 9 6
745 1 8 2 8 8 8 1 3 10 6 2 7 6 4 5 8 5 8 5 10
606 8 7 1 9 10 9 3 2 3 4 9 4 2 4 5 5 6 4 2 3
700 9 4 7 7 3 6 4 8 7 5 2 6 4 7 8 8 6 3 2 2
791 3 4 9 5 10 2 1 8 7 8 9 10 10 4 7 2 2 3 5 8
782 1 10 10 3 1 8 4 10 2 10 10 10 1 2 7 10 7 6 1 6
697 8 8 4 1 2 7 4 5 2 3 4 9 4 9 9 4 6 10 2 2
692 10 4 7 6 10 2 10 3 2 6 1 5 9 4 4 2 3 5 8 10
780 7 6 8 3 7 6 4 6 9 3 4 8 6 1 6 3 3 10 2 4
659 4 1 1 6 10 8 7 1 10 4 7 3 4 6 4 4 5 9 10 2
813 4 1 6 10 2 9 9 1 10 6 7 5 7 7 1 9 8 10 7 5
789 4 10 3 5 2 9 5 4 10 7 9 9 8 4 1 3 2 8 2 6
654 2 10 8 9 2 1 6 4 9 9 3 4 7 7 2 6 1 5 3 4
20
798 4 8 9 4 10 10 7 10 4 6 5 8 2 5 1 2 10 6 7 2
601 6 6 2 9 6 7 7 3 2 1 2 1 8 5 7 6 1 6 4 7
818 8 7 1 4 4 10 10 5 2 4 6 8 8 3 10 5 10 10 7 2
700 5 7 3 8 9 3 7 1 5 6 1 9 8 6 5 2 3 5 4 8
711 10 3 1 1 7 3 9 9 1 7 3 7 7 10 10 4 3 4 9 10
599 2 5 2 2 8 7 1 2 4 3 2 6 2 1 6 8 8 4 3 10
609 4 2 3 6 7 7 5 3 9 8 1 4 2 2 3 1 7 6 5 5
618 7 2 8 2 7 10 6 3 4 2 4 1 4 3 6 1 7 6 5 3
843 2 10 6 10 7 9 1 2 6 1 8 7 6 4 10 9 6 9 7 8
639 8 5 7 3 5 10 4 5 8 1 10 1 8 10 3 1 3 2 1 4
794 2 4 8 5 6 9 2 2 6 9 7 3 10 3 5 7 7 7 5 9
789 9 9 5 9 3 1 6 2 10 5 3 10 7 5 1 10 6 9 6 10
801 1 10 9 1 8 10 4 9 9 2 2 4 10 5 8 4 2 3 5 10
725 6 10 1 3 5 8 10 3 5 9 2 8 4 3 7 3 5 6 8 8
586 6 7 3 2 2 7 1 3 8 3 4 3 1 2 5 10 7 5 3 9
845 9 5 8 10 8 8 10 10 10 10 5 5 2 4 2 10 2 8 7 5
543 10 5 4 4 10 3 1 5 8 8 6 4 2 2 1 9 1 3 1 3
836 9 6 6 9 10 8 9 7 6 8 8 5 5 9 9 8 2 5 7 9
847 6 10 6 7 8 3 6 10 7 10 7 10 3 1 8 9 9 5 3 2
682 6 5 4 5 7 9 1 8 10 2 3 4 6 3 7 5 3 4 6 2
20
853 3 10 6 5 7 8 9 8 8 3 1 8 7 1 4 4 10 10 5 7
751 10 10 8 3 5 5 1 3 1 1 9 8 10 7 4 1 9 8 5 3
803 9 8 1 1 4 10 5 10 9 2 10 6 10 5 9 6 7 2 1 3
807 10 6 3 7 8 6 5 10 10 8 2 2 8 8 1 6 8 6 1 10
799 7 10 8 4 3 7 7 2 5 4 6 7 8 3 5 2 6 7 4 9
756 9 10 7 8 5 7 9 7 10 3 2 2 2 9 5 2 2 4 10 8
757 6 9 8 9 5 1 2 6 7 3 4 9 4 3 6 9 6 7 10 8
714 4 1 4 7 1 5 2 9 6 8 9 6 2 5 1 7 10 5 7 8
716 5 10 10 5 4 10 1 8 3 5 10 6 8 9 5 4 5 4 1 1
671 1 6 6 7 2 1 4 8 10 9 6 4 3 4 6 8 8 7 5 1
665 5 4 9 3 5 7 4 1 2 2 6 5 2 8 9 9 7 3 9 6
706 8 2 3 3 8 3 9 3 2 5 7 10 9 2 2 3 6 6 6 7
758 3 5 7 8 4 1 1 7 3 9 4 8 8 8 6 4 8 7 7 5
800 10 6 9 5 10 6 6 10 7 1 5 6 1 9 5 5 5 6 10 5
741 10 6 9 2 10 1 1 2 6 9 2 8 5 6 9 9 10 2 5 5
558 1 6 5 5 2 6 1 7 6 2 4 4 3 5 1 6 9 7 4 2
809 5 9 1 5 6 7 4 10 1 10 3 10 5 1 10 10 5 5 7 9
675 9 6 7 9 1 9 5 7 6 3 3 4 5 3 4 9 2 7 4 6
650 10 4 7 6 5 1 5 10 1 2 3 2 4 4 8 7 3 7 9 8
646 2 1 2 7 7 8 5 1 10 7 1 9 4 5 1 7 2 9 3 4
20
726 4 7 5 8 8 9 4 1 10 7 5 9 8 8 5 3 1 8 2 2
653 8 1 3 10 6 7 5 6 1 3 2 7 2 10 10 6 7 7 1 9
500 6 3 5 6 10 8 2 1 6 6 2 1 2 6 1 2 2 1 1 6
737 8 10 4 6 4 7 8 7 1 5 3 8 5 8 8 10 2 6 9 7
669 1 1 4 9 7 3 6 2 4 6 6 10 9 2 1 7 5 4 3 8
848 10 3 10 6 2 4 10 5 5 6 10 10 6 7 6 2 6 6 10 3
760 8 8 1 9 3 7 2 1 10 5 8 6 7 10 9 10 6 6 7 6
680 2 6 4 5 6 3 6 5 7 3 3 3 10 8 8 4 9 1 9 4
766 5 3 8 6 1 10 1 4 9 5 8 2 1 4 10 5 9 9 4 6
600 7 10 7 4 4 5 1 3 4 6 4 5 5 8 5 7 2 6 5 3
586 4 8 3 2 5 2 2 7 6 10 7 1 1 9 5 9 10 4 4 5
908 4 1 10 10 1 7 5 10 6 10 10 10 10 8 5 3 6 9 2 3
762 6 6 8 1 3 7 9 8 6 6 4 6 2 8 9 2 3 7 1 10
707 9 1 5 9 7 3 7 6 3 9 7 6 1 6 3 3 5 8 1 10
713 10 7 4 6 5 2 2 8 6 6 1 1 4 7 5 9 7 10 4 10
682 1 7 3 6 4 1 4 4 4 8 4 6 6 6 8 8 5 9 6 10
642 8 2 7 2 5 1 3 4 5 3 10 9 6 1 2 7 2 6 3 9
836 9 8 1 1 4 9 10 7 5 6 10 1 10 1 7 4 8 7 8 9
897 3 7 9 8 9 8 6 10 3 4 9 8 9 10 8 2 6 6 8 8
760 7 1 10 1 2 3 4 10 2 5 6 8 9 4 7 8 1 8 6 4
20
556 10 1 2 7 1 1 5 4 1 3 1 2 10 6 10 1 5 3 9 5
759 6 5 1 4 9 5 6 4 1 9 3 8 8 8 6 10 3 10 9 6
698 2 8 9 3 5 2 4 3 2 7 2 8 8 7 2 6 6 7 4 5
721 1 8 9 5 1 1 10 8 3 1 6 6 3 9 4 10 4 10 4 10
759 1 3 7 6 6 4 7 9 7 4 7 6 9 7 6 5 6 2 8 2
688 6 5 6 1 6 10 5 4 1 10 2 7 1 1 6 7 1 10 10 2
676 8 3 10 10 6 3 10 8 1 5 1 7 7 8 9 2 1 1 4 4
802 9 5 6 5 3 1 8 4 5 10 2 3 9 10 8 2 9 10 8 4
671 7 2 3 6 5 9 6 10 1 1 2 9 8 5 5 5 6 3 1 2
862 10 2 9 9 6 9 9 3 4 3 8 8 7 9 6 5 10 2 8 4
711 6 2 3 4 6 8 2 4 10 7 5 2 10 5 2 10 9 5 1 7
652 10 6 2 9 7 6 3 2 10 9 7 3 2 3 7 6 1 6 9 5
751 3 1 3 9 8 9 7 10 4 4 9 3 6 7 3 2 10 7 8 4
727 7 10 1 8 6 3 7 10 6 1 4 6 6 9 10 4 7 8 6 4
532 9 4 3 4 4 4 4 4 6 6 4 1 5 7 6 5 1 4 5 3
707 2 9 2 8 4 6 10 6 1 10 6 9 8 1 7 3 1 5 5 7
785 10 4 7 2 4 6 1 9 7 8 4 7 9 6 7 6 7 4 7 4
864 10 10 9 6 9 9 4 5 6 9 4 5 9 5 1 4 3 5 10 8
823 3 8 8 3 7 8 5 7 10 10 6 9 2 2 1 8 4 9 10 1
726 1 10 10 9 7 3 9 8 7 7 3 4 5 7 1 4 8 6 5 2
20
721 2 5 1 9 2 5 7 9 1 5 3 10 7 9 7 3 7 6 9 9
825 9 4 9 10 8 9 6 9 7 8 7 8 5 7 8 7 4 2 5 3
597 2 10 4 8 4 8 3 4 2 2 4 4 1 4 4 3 3 5 9 9
762 4 7 3 4 6 8 3 10 6 9 7 7 10 4 1 6 1 2 10 5
514 4 9 2 10 2 3 5 1 2 1 2 3 7 10 10 6 2 3 1 5
675 3 6 2 7 10 6 3 1 1 3 9 1 6 9 7 9 10 9 7 4
625 2 3 2 10 7 7 2 9 5 2 9 3 8 7 5 10 5 2 2 2
746 8 7 1 3 1 5 6 6 8 4 3 5 8 1 3 6 10 10 8 8
570 6 4 3 9 3 10 4 1 3 6 8 2 1 5 10 4 7 3 5 2
753 1 8 7 10 5 3 1 4 9 4 10 6 8 7 9 4 7 4 5 1
571 10 3 2 2 2 1 6 3 5 9 4 8 9 5 5 8 1 1 3 2
709 3 1 8 6 1 10 7 10 6 2 10 1 5 3 4 1 4 10 3 2
732 7 7 7 5 1 4 1 7 6 10 10 4 8 2 9 9 5 3 2 6
679 7 2 9 7 7 5 6 9 4 2 4 6 2 9 3 4 9 3 3 3
689 1 10 6 1 5 9 7 8 3 10 2 1 1 3 6 10 8 7 7 1
623 3 2 3 8 5 3 9 4 4 7 3 10 5 10 3 8 1 7 2 8
824 2 1 7 2 8 9 7 5 9 8 2 3 9 6 10 1 10 7 5 1
491 1 3 1 2 2 9 1 4 5 4 3 6 3 9 2 10 9 2 4 1
561 3 10 3 6 2 10 1 2 4 9 7 2 4 3 7 2 5 3 4 2
674 5 8 4 4 8 2 8 8 5 6 1 8 4 3 2 10 8 2 2 6
20
844 9 8 7 3 8 9 7 3 9 4 10 8 9 5 7 9 5 5 5 3
796 4 5 2 6 7 3 3 10 7 6 4 10 10 8 2 9 10 6 2 8
642 2 6 1 3 4 10 3 10 4 7 1 8 7 9 4 7 1 4 8 1
691 3 9 4 1 6 10 3 4 2 9 9 5 7 1 2 4 9 3 3 2
653 3 10 5 8 3 1 8 1 10 7 8 3 3 7 7 6 5 3 8 2
738 5 8 9 5 5 6 2 7 7 7 3 6 2 4 9 5 8 5 2 1
819 5 4 10 7 8 3 7 5 6 7 9 3 7 6 8 5 4 5 10 8
625 2 1 3 9 5 7 1 2 9 2 2 8 5 2 8 3 5 5 2 9
707 2 8 4 2 7 3 4 4 4 10 6 10 4 1 8 10 4 7 3 8
647 6 5 3 2 2 7 6 2 2 10 8 7 1 1 6 5 6 1 6 9
682 8 8 7 10 7 4 4 5 1 8 4 2 4 4 1 2 6 8 10 2
660 7 8 6 6 8 9 7 2 8 2 2 4 1 3 7 8 9 1 1 9
638 4 2 9 5 8 7 4 2 4 7 1 8 1 1 9 5 6 2 5 5
673 2 4 4 6 2 9 4 6 2 7 5 6 7 10 6 4 6 5 6 4
704 9 2 8 1 5 2 1 2 3 1 3 7 7 1 9 5 8 10 9 7
693 6 1 9 2 6 4 9 6 1 9 8 2 4 8 5 10 8 1 2 10
794 1 4 5 6 7 6 8 10 7 9 4 1 7 1 10 8 4 8 8 7
764 6 9 3 1 8 9 10 4 5 9 6 5 9 3 10 8 6 3 1 7
675 3 8 7 3 7 4 3 7 10 10 8 2 1 4 5 1 1 2 7 7
702 10 10 2 10 10 6 4 9 6 7 8 1 7 5 2 6 1 4 3 5
20
826 9 6 1 4 2 8 6 3 5 3 3 10 9 7 9 9 7 7 7 10
549 5 1 1 1 10 3 8 5 2 5 5 10 1 2 7 8 4 1 8 1
729 9 3 6 3 7 4 7 3 5 2 4 5 9 9 10 5 8 2 10 7
717 1 7 8 3 4 4 5 7 4 3 8 2 10 2 4 2 3 9 10 5
805 6 9 9 5 6 7 6 1 6 8 10 8 8 2 5 8 5 1 4 8
646 9 8 7 5 8 6 2 10 3 2 2 2 10 3 3 2 4 3 10 2
733 9 5 2 9 7 6 7 10 7 9 10 6 2 4 1 9 4 3 9 2
706 4 1 1 5 4 10 4 5 7 5 8 6 7 1 4 6 7 3 6 4
774 10 7 7 8 3 5 6 9 7 3 3 4 8 1 6 10 5 10 4 3
740 1 8 8 4 9 7 5 2 7 1 4 5 7 10 10 5 2 9 4 8
800 1 3 4 10 4 10 6 8 5 1 8 5 2 10 5 7 10 10 5 7
743 9 1 4 10 1 10 5 3 10 1 2 9 9 8 7 1 1 9 5 1
723 7 7 4 8 2 6 1 2 6 4 8 2 10 1 10 8 10 3 6 7
767 8 5 6 10 7 2 6 8 9 8 1 1 8 8 3 9 6 2 10 8
773 8 4 1 8 7 5 6 8 5 3 7 6 10 7 10 4 2 8 9 9
694 5 2 5 3 4 2 3 9 3 7 7 10 7 10 5 3 4 5 3 4
640 1 10 7 1 7 5 3 3 7 4 4 3 4 3 1 8 4 4 10 8
698 8 7 2 7 9 6 10 4 2 9 7 3 8 3 1 9 8 1 9 5
743 6 10 10 6 3 10 7 6 5 9 1 5 5 4 3 10 2 2 6 7
632 10 1 1 7 3 2 3 1 7 3 7 7 6 10 2 8 4 9 6 9
20
785 9 1 10 5 8 9 1 7 7 6 10 1 4 3 1 4 10 3 5 10
746 1 5 3 10 4 2 6 9 5 9 2 6 4 9 9 9 10 6 6 5
807 7 4 10 10 3 2 1 3 8 6 1 6 9 10 5 8 8 9 6 10
950 7 10 7 9 9 7 10 6 6 8 7 3 10 1 10 7 6 9 6 9
709 2 1 8 2 5 6 10 5 8 7 2 7 5 9 2 3 3 7 4 7
658 2 6 4 6 5 1 8 5 5 10 2 10 4 10 4 3 1 7 8 4
668 6 3 6 1 1 4 2 2 1 5 8 9 7 10 1 9 3 9 7 7
785 9 8 6 6 5 9 9 10 8 5 4 9 1 10 1 8 8 2 1 8
794 10 9 10 4 6 9 5 5 9 6 10 4 2 1 2 8 4 2 10 8
711 7 8 10 7 7 2 6 1 7 4 1 8 6 10 8 5 3 8 10 1
703 3 8 9 7 1 3 10 2 3 7 4 6 7 10 4 3 10 1 7 7
684 10 5 8 9 7 2 2 8 5 2 7 7 1 5 6 3 7 8 1 7
652 8 3 5 9 9 1 7 2 4 1 4 9 8 4 5 5 4 4 1 8
628 7 4 8 2 3 3 5 4 8 3 9 5 5 8 7 8 1 1 5 7
655 4 8 2 2 2 5 8 4 8 5 4 1 9 2 5 10 9 4 7 5
633 3 4 6 8 6 5 1 10 1 4 2 9 4 7 4 5 8 3 1 5
566 7 1 1 8 6 1 3 8 1 3 9 5 6 2 4 4 1 7 1 9
674 10 9 3 3 2 9 5 1 9 10 1 4 6 10 2 2 5 5 2 6
748 10 6 3 5 4 6 6 9 8 10 1 2 3 4 5 7 8 4 7 10
698 3 1 10 6 2 10 9 5 2 6 6 2 3 4 5 4 2 10 3 6
20
815 7 10 7 2 8 2 7 10 7 3 6 1 9 8 9 8 3 9 9 6
715 1 4 8 2 3 7 7 3 2 4 5 4 8 6 8 10 10 8 7 4
781 4 10 6 2 10 8 10 7 2 10 8 3 5 7 6 3 4 6 7 9
619 1 8 2 7 2 6 3 3 6 3 9 3 10 1 3 3 8 4 3 4
737 4 4 4 9 5 5 8 7 8 3 6 10 4 4 8 2 4 1 6 10
747 4 2 7 6 3 10 1 5 8 8 3 2 5 9 10 6 8 2 5 10
857 10 4 3 7 9 6 8 9 7 3 9 6 7 7 9 8 5 7 6 9
798 4 3 10 10 7 6 8 3 6 8 5 6 9 6 2 10 1 10 7 4
710 5 1 2 1 8 3 10 5 5 3 5 7 9 5 5 10 3 7 7 7
604 7 9 9 2 8 5 1 1 5 1 1 6 7 5 10 6 3 3 2 1
681 10 4 3 1 8 3 4 7 2 8 5 10 1 4 9 7 9 2 3 5
702 9 7 4 8 7 5 5 5 2 1 9 7 9 9 8 6 2 3 9 6
667 7 3 2 7 7 7 3 2 2 10 10 1 1 8 4 8 8 9 9 6
527 2 6 3 9 2 9 4 4 3 10 3 4 5 1 1 8 1 2 6 4
707 5 7 4 5 10 6 6 9 5 2 7 6 4 8 9 4 3 10 2 4
747 5 1 2 6 6 8 8 10 7 7 6 5 10 3 8 1 7 3 6 1
720 4 8 2 10 1 1 1 5 10 10 8 7 10 5 8 9 2 7 4 1
741 9 6 5 7 5 6 2 4 7 3 4 2 4 8 8 8 10 6 5 9
790 9 7 10 10 2 1 6 6 8 6 5 10 6 2 6 5 8 2 1 8
649 7 4 1 5 7 3 7 6 7 1 10 7 8 5 3 4 3 1 10 2
20
633 3 6 3 8 8 2 2 5 5 1 9 6 7 10 10 9 2 3 8 5
814 10 9 7 6 6 2 3 4 10 2 8 7 9 3 5 10 9 4 3 8
797 8 3 8 9 9 6 5 7 10 2 3 3 8 10 10 1 6 4 2 9
618 2 2 1 2 5 1 7 7 1 7 5 3 8 1 3 6 8 6 8 10
700 1 4 10 7 2 5 3 10 5 8 1 9 2 2 9 9 4 4 2 2
720 9 1 10 7 10 7 10 8 7 6 3 4 2 9 3 2 8 4 1 4
713 9 6 10 3 10 8 3 8 8 4 10 2 2 6 2 7 1 7 9 4
709 10 8 4 9 8 9 5 1 7 1 4 10 3 10 8 2 2 3 7 4
730 4 2 1 3 5 10 4 10 9 7 9 3 8 10 3 4 5 8 7 1
742 6 8 6 9 7 8 7 9 1 4 9 8 5 10 6 4 4 5 1 7
421 1 7 2 1 2 6 6 1 1 7 3 1 1 3 4 4 2 4 5 5
803 6 7 2 6 1 9 9 10 1 9 7 8 7 3 8 1 8 6 7 7
890 9 8 9 6 9 7 6 4 3 10 3 9 10 3 10 3 8 3 8 2
729 9 10 10 8 5 3 8 1 1 9 2 1 5 3 5 8 9 9 10 2
621 8 10 3 4 2 10 4 3 5 3 3 1 3 7 9 8 7 3 9 6
530 3 7 5 8 1 2 6 4 1 1 3 5 8 1 7 5 2 5 8 1
599 3 1 7 6 1 4 6 1 4 4 1 8 9 3 1 5 1 9 4 4
632 3 8 3 2 5 1 4 4 10 8 2 9 5 8 9 6 6 3 1 2
802 10 4 8 7 10 3 7 6 6 6 1 10 2 10 8 9 6 7 9 2
663 7 4 5 10 10 4 9 1 1 8 3 6 5 8 8 7 10 2 1 6
20
717 2 1 8 1 9 5 7 3 8 4 2 9 8 4 5 3 4 4 7 2
876 6 5 10 8 4 1 7 9 8 8 5 9 8 7 4 2 9 5 9 7
654 7 10 5 1 1 5 2 1 3 4 7 1 6 4 6 8 10 7 3 9
697 7 2 10 4 7 6 9 3 5 6 6 10 2 3 4 7 6 6 5 1
618 8 9 2 9 8 1 8 9 1 4 4 7 5 2 2 5 10 7 1 2
700 7 3 4 1 6 6 1 4 10 9 4 3 2 1 1 10 6 9 5 9
650 2 3 1 1 5 3 7 9 5 3 9 8 7 10 5 7 3 8 5 2
734 9 7 9 2 1 5 2 1 9 9 4 10 1 10 1 8 6 7 2 9
859 2 6 7 9 2 8 8 3 10 5 7 4 7 6 9 5 4 10 7 9
712 6 7 4 9 3 10 1 3 6 3 9 3 5 2 9 2 7 4 5 7
708 2 10 5 6 10 2 7 7 2 1 6 10 3 8 2 5 9 5 3 9
565 2 3 4 6 6 5 1 10 2 2 6 4 7 5 9 3 3 2 3 4
684 7 9 8 1 4 8 7 4 7 2 5 3 6 1 4 4 7 7 2 2
753 4 4 4 3 7 2 9 9 5 9 7 8 2 6 9 2 6 5 6 10
636 10 7 6 7 3 3 3 4 3 5 1 9 4 2 9 3 5 5 2 3
730 3 8 3 3 9 3 5 10 2 3 2 10 9 8 9 1 8 5 4 2
635 5 9 2 6 4 8 2 1 10 2 3 2 1 8 3 7 7 6 9 7
751 5 10 1 8 1 5 3 6 9 8 1 9 6 5 7 10 7 2 7 10
756 1 1 8 9 5 9 8 5 9 1 5 4 6 1 7 7 2 9 7 4
832 2 7 2 10 6 5 8 9 4 10 8 9 8 4 5 3 6 9 9 5
20
613 3 6 2 10 1 2 6 7 8 2 6 4 2 8 8 4 5 5 8 8
741 3 9 2 9 10 8 6 2 3 5 2 6 10 7 8 9 10 6 1 2
838 8 3 9 3 7 2 9 4 10 3 7 9 5 3 9 5 4 9 10 3
778 4 5 9 4 7 8 1 3 6 6 9 8 3 10 9 6 7 5 9 2
648 10 7 1 8 2 2 6 9 10 8 5 4 2 1 3 9 6 1 4 7
612 10 6 8 7 1 10 5 4 6 3 3 1 6 1 1 4 3 8 3 2
607 3 4 5 1 2 3 10 4 2 8 5 1 10 2 2 8 9 5 5 1
629 9 4 8 3 7 1 4 10 1 1 8 3 1 3 1 9 2 7 10 8
718 2 5 3 8 7 4 9 6 6 1 7 8 8 4 3 5 3 8 10 8
631 10 5 2 3 1 7 10 9 1 5 2 1 4 1 6 5 4 8 6 8
595 4 5 5 1 4 1 1 3 2 10 7 4 5 8 3 1 6 1 8 8
706 8 7 7 9 5 2 8 3 3 9 9 2 4 4 2 3 2 10 3 10
631 7 8 8 1 2 1 3 2 10 2 5 5 1 10 4 1 7 10 10 1
563 6 5 8 9 1 4 4 6 9 1 6 3 1 9 7 3 2 8 1 1
575 3 10 2 4 7 4 3 3 1 3 2 4 4 4 8 6 9 2 3 7
721 7 3 7 4 4 3 2 7 6 2 4 10 6 6 3 1 2 9 4 10
828 8 1 7 7 10 7 10 2 10 4 4 9 10 3 5 5 3 4 5 10
724 10 4 10 8 10 10 2 1 9 1 3 7 4 10 1 9 1 6 2 10
690 5 2 10 1 2 9 10 9 5 1 5 5 1 8 7 4 4 4 9 6
574 5 2 6 7 2 4 10 2 6 6 2 2 1 8 9 10 3 1 8 6
20
732 2 10 7 9 2 4 7 3 7 8 9 9 8 8 7 3 4 4 1 1
587 9 2 1 7 5 4 3 2 7 1 3 5 6 8 7 1 7 3 10 4
785 9 4 7 1 7 9 6 6 3 8 10 7 2 8 5 1 8 6 9 2
693 6 3 8 5 6 3 3 6 9 8 9 4 6 2 4 2 4 3 9 5
701 6 8 5 1 6 5 8 9 4 2 3 9 6 4 8 3 9 4 3 4
614 3 3 7 4 5 2 5 2 10 10 4 6 7 2 2 4 2 1 8 1
712 7 4 1 4 3 6 1 6 10 9 2 6 5 5 8 3 7 5 9 2
692 4 3 8 10 3 4 8 5 3 1 6 6 10 8 9 10 4 10 1 1
675 10 6 8 8 6 10 4 3 5 3 3 6 5 6 2 10 1 8 4 5
590 3 5 1 9 6 3 4 10 8 4 4 1 1 3 1 10 10 6 9 3
795 7 9 10 1 5 5 9 9 3 10 6 9 6 9 7 4 3 1 3 5
675 4 3 5 1 1 1 8 1 10 5 4 5 7 4 3 6 10 6 5 8
679 8 2 2 7 10 7 4 3 8 4 4 6 4 5 2 5 7 2 8 6
669 7 9 9 3 3 10 4 1 6 7 2 6 7 1 4 2 1 1 4 3
752 4 2 3 2 10 9 1 4 10 9 1 9 9 10 2 10 3 7 5 6
855 5 10 5 2 4 3 7 10 9 7 8 8 7 1 2 1 9 7 9 9
698 2 9 5 6 5 4 1 3 9 10 9 1 1 7 9 8 10 9 2 5
874 1 7 10 5 4 10 4 2 4 10 4 9 6 6 9 2 7 9 10 2
617 8 6 2 4 1 1 1 7 3 4 1 8 4 2 4 1 6 6 10 10
726 8 2 3 7 5 10 7 7 10 2 6 6 7 1 6 2 2 4 4 5
20
667 10 4 2 6 1 8 7 3 9 5 2 10 3 2 6 6 5 1 5 2
779 1 1 2 9 9 10 4 5 7 6 3 9 2 1 7 7 2 9 8 10
617 4 10 4 7 9 2 9 9 1 1 5 10 1 2 5 10 2 1 3 8
897 2 3 7 7 5 10 4 10 10 5 9 9 3 5 10 8 8 6 1 8
633 2 10 6 10 2 3 3 1 7 10 7 1 3 5 9 4 5 4 6 5
746 7 10 4 5 1 8 6 2 4 8 3 2 8 8 3 1 10 10 10 1
626 10 9 8 4 1 4 10 1 1 7 6 1 3 8 7 5 7 7 5 1
633 3 8 1 2 2 6 6 10 6 9 5 7 8 8 6 8 1 2 2 4
690 1 2 2 8 8 9 1 9 1 8 8 10 4 3 10 5 1 6 7 6
665 9 10 4 6 10 3 5 4 6 3 5 6 1 5 8 9 3 7 3 4
678 6 9 3 3 2 10 3 2 5 2 6 3 6 10 5 1 8 4 10 4
821 6 1 7 5 9 6 7 9 6 9 8 9 10 9 2 4 2 5 7 4
658 4 10 8 6 1 1 5 10 9 1 6 2 6 9 5 4 8 1 1 5
729 5 7 1 7 2 4 8 8 8 9 6 2 7 8 7 1 7 3 2 8
634 9 1 3 9 5 9 7 5 9 2 2 2 1 2 8 7 3 7 3 6
825 7 8 7 9 9 6 1 10 7 9 7 7 3 4 7 1 3 7 3 9
615 2 1 3 8 9 3 3 8 2 1 7 10 8 6 6 10 3 2 9 4
635 3 10 6 8 10 8 3 3 1 3 10 1 1 4 10 8 5 2 6 7
974 9 8 3 6 1 5 9 5 9 9 10 8 9 7 9 3 10 9 3 10
534 1 9 7 6 8 2 4 3 10 1 1 6 2 6 5 1 2 7 3 1
20
754 8 3 10 8 2 3 5 1 2 7 9 9 9 1 6 9 10 5 3 2
725 7 5 9 8 1 3 4 7 6 2 6 5 3 5 5 6 7 6 6 7
764 7 2 4 7 4 9 3 2 9 10 7 4 10 7 1 7 4 5 6 5
797 6 5 6 8 2 6 8 1 10 6 8 5 9 10 4 1 6 8 1 6
926 1 10 3 6 8 9 10 10 7 5 1 9 10 6 7 9 4 10 5 9
751 6 10 4 4 1 8 9 8 9 8 10 4 7 4 7 9 1 8 2 1
759 5 3 6 9 1 4 10 9 3 1 10 7 10 10 4 4 8 6 8 4
749 3 1 10 5 4 3 5 4 8 4 5 10 9 4 5 3 8 4 4 3
823 2 7 9 2 5 3 10 10 8 10 9 2 5 9 5 1 2 7 8 10
715 10 9 6 9 2 4 10 3 3 8 5 9 1 6 7 5 3 8 1 4
890 3 8 3 5 10 8 10 10 3 9 7 9 9 7 8 3 8 8 10 2
704 1 2 5 8 1 7 1 5 8 3 10 7 8 10 10 6 1 4 2 8
642 2 8 6 6 6 4 8 6 5 4 7 1 3 10 1 2 3 10 9 3
951 1 10 9 6 8 6 10 8 8 5 9 9 7 2 3 4 10 6 8 10
820 6 3 7 5 7 6 5 9 9 9 7 8 3 10 10 8 4 2 4 8
650 1 9 9 4 6 4 6 2 5 2 10 5 2 5 7 10 10 5 5 2
600 2 8 1 6 3 1 7 4 9 2 4 7 3 6 10 7 5 6 9 1
634 3 10 4 2 2 5 3 7 1 3 10 6 1 3 10 2 9 2 10 4
731 7 10 10 4 5 3 5 9 9 10 1 2 8 3 4 4 2 5 10 1
710 2 8 4 9 5 2 10 10 10 7 1 5 8 7 1 8 1 8 10 2
20
579 7 6 1 4 8 6 6 10 8 6 5 3 1 10 5 1 6 1 1 4
693 1 3 10 1 1 9 4 3 6 9 5 4 1 6 7 2 9 1 6 9
744 2 8 7 6 7 1 6 5 10 4 10 5 4 8 4 6 3 10 9 6
756 7 4 7 8 5 5 7 7 5 6 9 9 4 7 2 2 9 1 9 3
784 6 3 6 6 3 8 2 7 8 10 8 2 8 1 7 1 9 5 9 1
673 2 5 2 8 2 9 9 6 4 8 4 6 7 9 9 5 5 2 3 5
629 5 7 5 6 2 10 3 7 10 7 4 1 4 2 3 3 4 2 3 6
764 9 6 2 7 3 10 7 4 7 8 7 7 9 9 2 9 4 3 7 8
852 10 8 9 2 7 6 10 8 10 2 6 5 2 3 8 5 5 9 1 8
807 4 1 5 2 2 2 2 3 6 3 6 9 9 6 8 3 9 9 8 10
677 2 1 4 7 7 7 4 3 10 9 1 1 8 1 7 8 4 9 2 1
647 2 4 4 8 2 7 7 9 10 4 9 8 3 4 6 5 1 3 4 2
592 2 6 5 2 7 7 3 5 6 4 2 1 1 4 7 6 4 9 10 2
649 7 1 9 9 8 9 4 6 1 5 9 7 4 6 7 2 1 1 2 4
677 10 5 10 4 1 9 3 4 5 2 5 1 3 1 5 2 10 6 4 6
625 7 7 5 10 9 8 4 2 4 5 2 5 4 8 8 8 6 1 5 1
649 5 9 3 4 1 8 9 10 5 9 9 4 4 5 4 8 1 8 1 1
900 4 3 7 1 6 5 3 10 8 10 2 10 3 7 7 2 9 8 9 10
702 2 6 6 2 1 3 4 3 1 9 6 6 7 1 3 5 9 8 8 5
788 10 10 10 4 2 8 7 1 9 8 4 6 7 9 10 3 4 2 4 4
20
790 2 5 5 4 5 8 9 8 5 9 3 10 8 1 7 2 7 3 7 6
692 2 4 4 9 10 8 6 7 10 1 4 9 4 1 6 1 2 3 2 9
699 7 4 8 2 1 3 9 6 9 2 8 6 3 7 8 10 5 5 9 1
630 10 4 4 2 7 1 4 4 7 6 2 8 8 7 5 9 2 3 7 3
584 4 1 4 2 4 4 10 4 3 7 2 4 4 8 6 1 10 1 1 3
865 1 10 3 2 9 9 7 8 4 9 4 10 8 6 5 1 4 7 8 10
684 2 8 2 5 2 7 10 1 6 3 1 6 3 7 7 7 10 6 2 9
789 5 1 5 8 10 4 8 3 6 1 5 5 10 8 6 9 9 7 7 6
692 2 8 7 10 1 5 9 3 5 10 8 1 5 1 3 8 9 3 3 3
664 2 7 9 8 4 1 2 9 2 4 10 7 4 2 10 2 3 8 2 3
625 2 5 2 10 5 3 1 7 4 4 5 8 7 4 5 7 5 5 6 3
781 8 2 8 9 6 6 8 8 2 8 4 2 5 3 9 7 6 3 8 10
629 3 7 2 1 6 9 3 9 5 6 10 4 2 7 7 10 2 1 3 10
567 1 4 5 1 2 2 3 7 1 7 3 1 4 1 2 9 5 8 7 8
684 5 2 5 2 6 8 5 4 5 7 10 5 5 6 3 5 7 6 8 2
774 4 4 5 7 9 4 4 9 1 10 10 8 5 6 9 1 10 1 7 5
724 8 8 5 3 6 7 2 6 8 6 3 1 10 2 6 6 8 8 4 2
729 5 9 4 6 6 7 2 8 5 7 7 7 4 6 4 7 6 6 9 2
595 3 2 10 6 4 5 6 3 9 7 4 1 1 9 1 1 7 1 1 8
613 2 1 7 3 8 5 1 4 3 3 7 4 9 5 7 6 6 3 6 2
20
544 4 5 1 3 7 2 6 7 8 3 9 6 1 3 10 2 6 3 1 1
637 9 1 4 2 1 9 2 9 10 4 8 8 1 9 2 2 4 2 3 2
721 8 7 2 1 7 1 2 9 2 8 1 9 10 7 8 3 8 9 8 2
537 1 2 2 2 6 7 3 1 1 3 6 9 2 5 4 1 3 2 4 10
776 6 7 7 3 10 4 4 2 10 2 3 4 6 5 3 6 8 8 10 10
660 5 3 10 4 3 5 2 1 5 3 6 4 8 6 9 2 1 3 10 9
736 7 6 9 6 8 1 1 9 8 2 3 5 2 10 9 8 3 8 10 4
756 10 6 8 10 5 5 1 2 7 10 4 2 10 10 6 7 9 2 8 5
759 7 4 4 6 6 2 8 3 10 6 6 7 8 10 9 3 4 2 2 8
732 9 8 3 2 6 6 6 5 9 3 9 7 3 4 4 9 9 4 5 3
558 1 6 4 1 2 9 1 10 2 3 10 2 2 5 5 9 3 5 10 1
708 4 2 5 9 4 5 2 5 8 6 2 6 1 2 5 9 9 9 2 7
555 5 10 1 2 5 1 9 6 2 3 1 7 9 1 2 2 1 5 4 9
709 3 6 8 8 2 5 10 4 5 6 7 3 7 9 4 3 6 6 3 4
699 6 5 10 3 6 2 2 7 9 1 8 4 4 6 9 4 5 9 3 3
695 5 6 5 8 7 9 8 4 9 2 7 1 1 2 1 10 7 7 1 6
861 7 7 6 10 5 8 10 5 9 10 6 7 2 1 8 10 6 6 5 9
734 1 1 10 1 10 9 6 5 8 2 1 5 5 10 3 6 9 7 9 2
747 8 7 3 6 2 9 10 10 8 1 1 4 3 1 10 10 2 7 6 10
685 6 3 7 5 3 8 2 3 2 6 4 7 5 3 5 3 7 6 1 9
20
669 2 7 5 10 6 7 3 2 3 8 9 7 7 3 6 10 1 2 3 4
789 8 9 2 7 5 8 7 1 9 3 5 8 5 4 9 3 2 7 10 10
505 2 9 5 7 9 4 2 1 3 5 4 2 5 9 1 5 4 3 3 1
586 3 6 5 2 1 2 3 10 3 10 1 3 8 10 1 10 6 4 1 7
760 5 8 5 1 10 10 9 2 8 4 7 8 7 4 4 1 3 1 9 8
677 5 1 10 3 5 2 8 5 1 3 10 9 7 6 10 6 6 2 8 1
776 8 3 7 7 3 6 8 9 2 7 4 10 4 8 2 7 9 3 6 10
534 3 7 5 4 1 5 6 1 6 1 1 4 1 8 1 1 6 10 5 3
472 8 3 1 9 6 1 4 1 1 2 6 5 10 8 2 1 1 6 8 1
919 10 7 1 8 10 9 10 2 10 10 7 9 6 3 4 10 9 10 6 7
674 2 9 1 3 7 10 6 7 6 3 6 4 6 4 6 5 4 2 5 9
611 10 7 3 8 8 7 1 4 3 7 2 5 5 3 2 1 1 7 9 5
644 7 2 2 7 9 4 8 8 7 3 8 2 3 8 10 5 1 5 8 5
613 6 9 1 6 3 10 3 5 10 4 4 5 3 3 7 7 2 4 4 1
749 5 10 9 5 7 1 2 9 10 7 4 8 3 8 2 8 8 3 1 5
781 5 9 3 4 6 10 7 7 5 6 10 3 9 4 7 9 9 1 7 3
826 5 3 5 5 5 6 8 8 10 8 10 6 2 1 10 8 10 9 2 2
795 3 4 10 5 8 3 10 7 2 8 9 7 9 1 9 2 3 5 4 6
842 4 4 10 10 8 9 8 1 2 8 7 2 5 2 9 9 10 10 4 10
620 7 6 5 8 9 5 5 2 5 3 4 5 7 9 6 6 2 7 1 1
20
569 9 5 4 2 9 6 7 5 2 4 4 9 2 5 1 8 1 1 4 4
891 7 6 10 4 1 3 6 7 8 9 3 8 8 2 8 1 8 4 8 10
727 3 5 2 6 7 1 5 8 9 8 2 8 4 2 10 4 1 10 10 8
796 1 8 9 3 9 10 3 8 3 4 9 4 9 3 1 2 3 9 2 10
723 5 8 9 6 7 1 3 10 4 6 3 10 10 1 3 3 4 1 3 5
770 8 1 9 6 5 7 5 2 5 9 2 5 7 10 4 5 5 7 10 3
780 2 10 7 8 7 8 1 7 3 3 3 8 4 2 6 7 8 6 8 8
767 2 6 8 10 5 9 1 3 6 1 3 8 4 6 6 9 4 8 6 9
691 8 10 9 5 2 7 4 4 4 4 3 10 2 2 3 7 1 9 6 5
804 5 7 8 1 10 9 3 1 10 3 8 6 7 10 7 10 2 5 7 6
721 4 2 4 5 1 2 4 9 9 10 1 10 3 5 10 7 5 7 8 3
802 6 5 8 9 8 5 10 10 4 8 1 8 6 8 7 6 5 6 1 6
755 9 5 5 9 2 7 9 8 4 9 6 10 3 8 8 7 3 3 5 1
737 9 2 3 9 3 8 5 9 2 2 8 1 3 6 3 9 10 9 9 8
867 7 1 3 7 6 10 10 7 10 3 10 2 8 9 4 10 4 8 6 10
740 4 7 9 10 1 4 3 3 6 7 6 10 5 1 5 3 3 7 3 6
739 2 3 1 9 6 10 4 9 9 10 2 6 9 6 2 6 5 1 1 10
831 1 7 9 3 5 8 5 7 6 9 3 9 4 1 4 4 10 9 1 5
603 5 4 2 3 7 3 9 4 8 2 5 2 9 2 3 7 9 6 3 2
799 10 9 9 2 5 5 7 5 2 9 9 3 10 7 10 2 6 7 8 1
20
832 7 5 8 10 10 8 10 2 5 2 1 5 10 3 9 8 5 7 9 2
711 4 10 3 2 5 7 3 10 5 4 10 2 4 2 6 4 6 10 4 7
692 1 6 8 3 6 2 1 10 10 1 5 6 5 7 10 3 1 5 9 6
696 1 4 4 5 2 7 9 9 1 8 5 6 5 5 9 4 1 9 2 9
662 3 5 5 10 4 2 6 5 3 6 4 3 3 9 6 1 4 9 10 5
713 2 5 4 8 7 1 6 3 10 8 2 6 9 1 9 7 3 1 5 7
703 1 2 5 1 3 3 2 4 10 10 6 10 2 2 6 8 7 4 9 7
652 9 3 9 2 5 4 3 7 5 4 7 3 1 1 10 9 1 4 7 5
741 1 1 7 5 9 9 3 9 7 2 4 5 3 9 6 6 1 10 6 9
560 9 1 5 4 1 5 6 3 2 8 3 8 1 3 1 6 3 5 3 4
662 9 9 3 4 1 1 9 6 9 10 1 6 5 1 2 2 1 10 5 6
687 9 5 2 10 9 6 1 8 4 6 10 8 3 2 9 5 1 1 10 9
570 7 3 6 1 7 6 1 4 9 3 1 2 8 8 5 2 2 4 3 1
736 7 8 7 2 7 7 7 9 4 6 8 3 1 9 9 5 2 10 4 2
772 8 6 7 4 6 3 10 1 4 3 9 10 10 4 4 4 1 9 9 8
952 9 10 5 10 7 4 4 10 9 10 3 10 9 3 9 1 8 9 5 8
610 8 7 9 3 3 2 3 7 2 8 1 7 2 1 10 7 3 1 1 5
681 7 2 4 6 7 7 9 3 7 3 7 5 7 8 4 2 1 8 1 7
724 3 7 7 9 1 9 9 7 1 7 9 2 3 8 9 7 2 8 4 7
701 7 6 8 9 7 2 7 3 7 4 8 2 5 10 4 7 7 6 8 1
20
656 9 8 1 6 5 2 3 7 6 4 7 9 4 9 3 5 5 2 8 6
625 1 8 5 1 8 5 3 10 3 4 2 4 10 7 7 9 1 1 2 8
862 8 1 9 6 9 8 8 8 3 10 7 6 5 5 6 7 10 10 4 3
635 6 9 3 4 9 2 1 2 4 5 8 6 3 4 10 4 5 6 5 7
666 8 10 10 3 4 9 1 10 4 6 3 1 2 4 4 9 5 5 4 6
760 3 2 9 10 8 5 8 4 5 8 1 7 5 8 8 8 6 5 5 6
747 7 1 4 8 5 7 7 5 6 4 2 10 3 7 8 5 1 10 9 3
777 9 6 4 7 4 2 3 7 9 9 2 6 5 10 2 5 9 7 6 9
692 2 1 1 3 8 8 4 6 2 2 1 10 8 7 4 8 8 10 9 1
632 7 4 1 8 1 8 9 4 2 5 2 7 6 4 2 5 2 5 9 8
692 1 1 9 8 2 1 2 9 3 4 7 6 3 4 10 3 6 9 9 6
513 2 3 3 3 7 3 3 7 1 8 3 3 2 5 5 6 4 6 3 8
683 10 5 4 2 10 7 1 4 10 1 1 1 5 5 1 9 8 9 9 1
743 5 1 10 3 9 6 9 5 9 2 6 10 4 7 2 8 6 3 1 8
881 10 2 10 8 3 6 9 2 7 10 8 9 6 8 7 3 10 6 9 1
672 9 6 3 4 6 3 5 4 7 1 10 4 9 6 6 6 10 3 5 4
814 6 5 10 6 3 5 6 9 7 8 2 7 1 6 6 3 8 6 10 9
575 1 1 8 9 3 2 9 1 2 2 1 6 3 5 10 3 1 9 9 2
632 4 7 8 2 1 9 9 4 2 6 1 1 5 8 6 10 1 5 6 8
674 5 6 4 2 6 8 6 4 1 10 7 1 6 1 7 7 2 10 4 8
20
722 10 1 4 5 1 9 3 3 10 1 7 3 7 5 9 1 3 10 2 9
779 9 8 7 5 8 9 4 3 5 7 6 8 8 5 1 7 7 4 4 3
570 6 5 10 1 7 1 4 2 6 6 3 1 2 5 7 7 7 1 2 9
757 8 7 9 4 2 8 3 5 10 7 6 3 4 7 7 6 10 2 3 4
818 3 1 6 6 8 5 9 6 9 7 9 2 8 3 5 1 7 9 1 9
770 1 4 2 4 6 5 5 7 6 10 4 4 10 5 7 3 9 4 10 5
688 5 3 9 8 10 2 8 2 2 8 5 1 4 9 3 1 10 3 8 9
765 10 3 5 9 6 5 4 10 3 6 10 10 3 1 9 4 6 3 5 2
564 8 9 3 8 6 3 4 1 6 3 4 1 7 3 8 6 2 3 1 5
715 5 1 9 10 7 1 1 6 3 6 7 4 9 6 9 7 5 7 4 1
679 5 2 5 2 5 1 7 7 9 1 10 1 7 10 7 2 5 7 5 6
765 4 4 7 7 4 5 10 10 6 1 9 2 5 10 1 2 9 7 7 9
584 3 3 2 5 3 5 3 3 6 2 5 9 1 9 10 6 1 10 8 4
881 2 2 9 7 10 10 7 8 9 4 5 3 6 7 2 7 10 5 10 6
733 2 2 8 6 8 5 1 8 4 7 7 9 1 8 10 10 5 1 10 4
762 8 1 2 10 9 7 2 5 7 9 8 6 5 7 3 7 8 8 1 4
728 9 10 8 3 2 9 5 2 5 3 7 2 9 4 6 1 3 6 6 4
772 4 1 9 8 8 3 6 6 8 8 9 8 3 5 6 2 4 7 8 2
901 10 8 6 9 10 9 5 9 8 8 10 4 8 1 3 2 8 4 5 8
808 5 1 8 3 10 5 5 8 7 4 3 9 7 10 5 6 6 9 10 1
20
728 7 10 3 4 6 4 5 1 1 10 8 5 6 1 10 10 10 4 3 10
695 6 8 5 6 3 7 3 2 6 5 10 4 7 5 6 3 10 5 5 3
855 9 7 2 4 9 10 1 8 6 7 7 10 6 6 7 4 6 4 6 10
831 8 9 8 7 9 7 8 2 1 4 9 10 5 8 6 10 10 3 8 6
690 1 9 9 9 9 4 9 2 3 8 6 2 2 8 8 6 9 2 6 4
634 5 8 4 1 1 10 3 8 2 2 7 5 1 2 9 10 8 3 1 8
902 7 3 8 6 9 8 6 6 9 10 7 9 5 9 10 1 9 5 6 5
621 4 9 2 10 1 4 9 1 3 4 6 5 6 8 6 4 4 7 10 2
862 2 9 8 8 10 7 4 10 5 8 8 4 8 8 4 7 10 4 8 8
725 1 7 2 4 2 9 5 1 6 3 6 7 7 2 8 9 4 8 5 8
812 6 7 10 8 9 1 9 5 6 8 7 5 5 2 3 2 10 8 1 7
708 2 6 10 4 3 8 2 3 4 4 6 6 9 10 9 6 10 2 2 2
833 5 9 8 10 5 2 10 8 5 5 6 8 10 4 8 5 4 9 2 4
608 2 5 1 6 10 3 10 4 5 3 7 10 4 1 3 2 2 4 5 5
551 10 4 1 10 2 5 8 9 3 2 6 1 1 8 2 9 2 5 9 9
843 5 9 8 6 2 7 6 4 10 10 2 10 3 10 8 5 9 2 8 4
775 1 3 9 9 6 5 1 9 4 10 10 9 3 5 10 3 2 3 6 6
673 8 7 2 6 6 9 4 8 2 5 6 5 6 4 5 3 6 3 6 8
633 8 9 2 6 1 3 1 3 7 9 9 7 3 1 9 8 1 8 7 3
597 5 7 10 4 4 1 4 6 1 1 1 2 7 7 1 4 7 8 4 4
20
597 5 9 5 3 3 2 4 4 3 8 1 1 7 7 8 2 2 3 1 10
763 7 7 4 3 3 10 5 9 6 6 7 5 8 8 1 6 9 8 7 1
789 2 5 7 1 7 7 9 2 9 4 10 10 2 5 5 10 7 7 7 8
692 5 5 6 8 9 4 6 8 2 7 4 4 10 9 1 4 9 3 4 1
666 7 1 2 2 4 3 10 8 10 1 3 5 3 5 8 4 5 4 10 7
788 1 3 6 6 10 8 9 9 6 8 9 2 3 10 5 10 7 1 10 6
574 10 3 2 4 10 7 7 4 4 1 1 4 2 10 5 2 10 2 2 5
841 1 9 6 9 2 10 1 9 7 2 6 8 10 6 10 5 5 1 7 9
548 9 5 9 7 1 1 7 1 3 3 8 7 2 4 6 3 7 1 5 2
762 8 2 9 7 5 6 9 3 3 4 10 10 3 10 5 5 9 4 3 2
643 6 5 3 4 4 4 7 6 10 3 3 5 6 2 7 2 7 2 4 5
756 4 1 9 2 4 10 8 3 9 6 7 7 1 5 10 8 4 1 1 8
696 1 10 1 10 4 2 8 8 10 10 7 4 5 8 5 2 3 3 1 7
678 3 6 7 3 1 9 5 4 2 5 10 10 5 8 2 6 9 5 1 2
550 5 2 8 7 8 5 4 2 5 3 1 3 4 10 2 3 3 3 1 6
604 10 2 3 9 7 4 5 5 7 3 4 2 9 6 4 2 6 2 2 1
764 2 6 3 3 9 8 10 8 6 9 6 8 5 10 3 2 8 4 7 4
684 7 2 7 1 9 2 9 5 6 1 9 7 7 9 6 1 2 8 6 3
801 10 9 10 7 4 5 2 6 10 7 9 1 8 1 9 3 4 8 1 5
713 8 6 2 1 7 6 3 8 2 6 9 7 1 5 4 8 10 5 4 9
20
705 2 5 4 2 2 6 9 1 10 4 1 4 6 9 4 1 10 9 3 7
713 8 7 6 1 8 3 2 9 3 3 7 1 8 1 9 2 6 6 1 9
631 3 6 1 7 1 1 5 5 10 8 6 8 2 3 3 1 2 8 10 6
734 3 1 8 2 1 7 7 6 8 4 1 6 2 7 10 7 9 6 5 3
762 2 7 6 6 6 4 10 10 4 10 3 2 10 10 9 7 4 2 1 10
626 1 4 3 3 8 5 6 5 2 10 4 6 3 6 3 3 3 8 5 10
681 10 4 4 9 2 1 4 6 7 10 7 2 8 9 5 6 7 3 3 6
724 10 5 3 4 4 5 6 7 10 5 7 2 8 5 2 4 9 6 4 5
800 3 2 3 9 7 6 10 7 10 6 10 6 4 3 6 4 10 7 2 2
651 4 7 3 8 6 1 10 2 9 7 6 8 2 8 9 7 5 2 9 3
695 2 8 5 8 10 10 3 3 3 6 1 2 6 8 6 3 8 2 5 8
674 8 3 4 8 3 1 2 1 1 8 8 10 9 9 3 8 3 10 5 5
610 7 5 3 6 10 4 4 2 2 1 4 3 2 5 4 7 9 9 5 6
594 3 2 3 3 8 8 8 3 6 5 5 2 1 3 6 6 6 1 6 7
629 9 3 6 10 1 7 7 2 6 5 7 1 4 9 3 5 8 3 4 3
848 10 8 9 9 10 8 1 3 9 6 2 5 10 8 10 2 9 4 5 1
829 3 10 5 3 5 3 4 1 7 7 10 9 9 3 7 9 2 10 9 8
806 6 1 6 4 4 9 4 7 10 10 6 5 1 5 2 9 8 8 6 6
685 6 2 10 10 5 2 3 6 10 9 9 3 7 5 5 7 3 4 2 2
825 9 7 4 5 2 7 9 4 9 2 8 7 5 7 8 7 8 9 9 6
20
749 10 1 2 10 7 3 5 10 8 9 6 2 3 3 6 6 9 10 7 2
689 5 3 8 9 3 6 5 5 8 8 1 8 7 7 1 5 1 8 2 2
734 3 8 3 6 4 8 7 7 5 7 5 6 7 3 6 7 5 7 4 4
723 9 7 5 4 2 5 7 4 7 5 2 8 5 9 8 7 4 6 1 7
659 8 10 9 1 10 2 9 7 3 2 6 5 5 2 1 7 1 3 9 10
724 10 6 4 7 3 6 7 8 9 9 4 7 1 7 7 4 6 2 1 10
700 10 9 7 9 10 10 9 2 7 9 2 2 1 6 3 10 1 3 6 4
737 8 8 6 7 10 6 4 10 9 3 9 7 2 5 1 3 2 3 9 10
698 9 5 8 2 6 7 1 7 4 9 1 8 5 5 2 8 2 1 10 4
653 1 8 5 1 2 2 10 8 4 2 2 10 4 3 1 9 9 10 2 3
735 8 8 9 1 10 10 2 3 6 10 1 9 1 3 7 9 7 5 4 1
696 3 5 9 4 8 7 3 9 1 1 8 6 8 1 6 9 4 5 6 3
700 2 1 8 1 5 4 2 6 8 5 8 5 8 7 10 9 3 3 5 2
654 9 5 4 5 5 1 10 1 6 2 9 1 7 10 5 7 7 5 4 5
729 5 8 3 9 7 6 7 7 2 7 4 2 10 8 1 4 7 8 8 4
720 8 3 4 4 3 9 5 1 9 4 2 6 6 8 8 4 8 1 3 10
715 10 8 4 7 5 1 10 4 3 6 9 1 9 4 7 5 9 9 6 1
725 4 4 2 4 8 3 2 8 6 4 10 7 7 8 7 8 8 2 8 4
750 6 4 1 7 4 1 2 9 10 6 8 8 8 8 10 5 4 1 5 8
809 6 4 8 3 8 6 9 1 9 10 6 4 8 3 10 10 5 6 4 7
20
679 8 10 8 9 9 8 7 2 7 5 1 1 3 9 2 1 4 7 5 8
683 3 3 5 5 2 7 8 7 6 4 7 1 4 3 2 2 7 9 7 3
612 1 5 4 2 9 4 4 6 3 5 10 3 7 4 4 5 5 5 2 2
615 8 9 1 10 9 1 2 1 5 5 2 6 3 5 9 6 8 5 10 2
745 6 8 1 9 3 9 6 9 1 7 3 10 6 5 8 3 7 2 7 3
744 4 6 7 3 8 9 9 8 6 10 9 3 6 3 1 7 2 6 9 1
630 8 9 10 3 5 2 7 1 5 10 2 1 1 6 6 7 4 5 2 7
719 1 3 9 8 9 10 9 6 3 3 1 4 3 5 2 6 10 2 1 9
622 4 8 4 1 8 1 3 8 9 1 10 3 5 2 1 3 4 8 10 1
818 2 6 5 9 9 9 3 8 7 9 10 7 6 8 8 4 9 5 1 2
579 6 7 10 5 5 4 5 7 2 3 1 2 2 2 1 7 3 5 9 8
774 2 2 10 6 6 8 3 1 5 10 6 1 4 3 8 5 6 8 9 7
564 9 6 1 1 6 8 7 7 9 5 2 1 4 3 1 4 2 4 6 1
731 7 7 3 6 4 5 8 3 1 8 4 10 9 7 4 1 4 8 8 1
714 10 8 6 1 4 5 8 4 7 8 2 7 5 2 8 10 2 5 10 2
662 8 7 2 1 5 8 2 6 2 3 6 6 7 2 2 7 8 3 10 8
805 2 6 4 5 10 3 7 2 4 10 9 9 10 9 1 8 8 5 1 9
716 9 7 6 4 8 2 9 3 1 7 5 9 7 4 4 3 7 10 5 1
765 2 6 10 8 10 10 4 2 7 1 8 3 4 4 10 1 2 5 2 10
767 6 1 5 8 9 4 6 10 2 5 8 9 4 7 3 5 10 8 2 7
20
574 6 4 2 7 10 4 2 2 9 7 3 2 1 7 6 4 2 5 6 10
811 8 10 6 6 10 7 6 7 8 3 10 4 9 3 3 6 6 1 7 10
647 2 8 4 9 9 1 8 8 1 9 5 8 2 9 2 3 8 4 7 2
693 7 3 3 7 10 9 1 6 8 10 1 2 4 10 8 5 1 2 10 6
698 3 7 10 9 4 1 5 6 8 7 1 9 2 7 10 3 4 2 8 6
679 10 9 6 5 9 1 1 7 5 1 3 7 10 8 4 6 1 7 3 8
608 2 7 1 4 1 3 10 3 3 6 7 2 7 3 9 7 5 2 5 9
673 10 8 9 5 5 4 2 10 6 3 4 4 1 6 4 3 1 8 10 5
650 7 5 3 6 4 7 8 2 3 9 3 5 9 6 6 10 3 9 1 2
689 9 4 6 5 2 5 7 8 1 1 7 8 4 7 7 7 3 7 5 7
730 6 8 1 4 4 5 5 1 6 8 8 3 10 8 9 2 8 4 5 7
547 3 8 1 4 1 10 8 6 9 1 9 2 1 9 2 4 5 3 2 3
741 5 4 2 3 6 3 8 8 3 5 3 9 10 3 4 2 10 2 9 10
746 5 7 3 2 7 8 4 4 1 10 3 2 5 9 10 9 6 7 6 10
742 9 8 4 9 9 4 10 6 3 8 1 8 3 7 9 10 6 5 1 7
744 7 2 3 4 2 10 10 8 5 5 1 2 3 3 7 6 10 7 10 9
717 6 6 3 8 2 6 1 5 2 2 8 10 8 10 2 4 10 1 4 9
636 2 9 5 5 10 4 4 2 4 7 7 4 2 2 10 6 7 3 7 6
761 4 3 1 8 2 2 6 10 8 10 5 5 7 4 3 2 7 10 5 4
670 10 10 7 4 10 2 7 5 4 10 5 5 1 8 5 5 3 5 6 1
20
653 5 5 7 3 2 8 3 4 3 7 1 9 2 3 4 8 7 6 1 9
772 6 8 1 9 10 10 2 2 3 8 3 3 10 10 10 4 8 6 7 2
806 8 10 6 8 3 8 8 7 7 6 7 5 5 3 9 4 9 3 2 2
752 2 9 5 8 4 1 9 4 10 10 4 3 2 8 10 4 5 4 8 10
710 6 10 1 2 6 7 1 8 6 5 8 6 8 4 2 7 1 8 8 10
761 2 2 2 8 8 9 6 5 6 8 10 5 5 7 7 1 6 8 3 4
871 7 8 4 2 5 3 10 9 9 4 10 8 9 3 3 3 9 7 8 4
878 8 8 10 7 9 1 4 5 9 6 7 9 8 8 8 2 9 4 5 4
791 7 7 9 4 10 6 6 3 5 10 7 1 8 5 5 5 8 5 9 2
728 8 1 10 4 5 1 9 2 6 2 8 8 10 2 1 9 1 9 10 6
572 8 4 9 5 4 3 5 2 7 10 1 1 1 4 5 2 2 1 7 8
666 1 6 6 10 2 4 9 2 10 9 2 6 3 4 4 4 4 4 3 5
907 7 10 8 6 5 9 8 7 7 9 10 9 7 6 5 6 6 1 9 8
880 10 6 7 4 4 10 9 9 7 9 2 3 6 9 8 1 5 9 7 5
666 10 5 5 7 1 3 1 3 7 9 7 4 4 7 8 5 1 3 6 9
745 6 6 9 3 5 5 9 5 7 1 3 10 6 3 4 9 1 9 7 4
666 3 9 8 4 9 8 10 1 8 3 1 4 1 3 10 5 7 4 3 5
689 8 5 8 7 10 1 4 5 4 2 3 2 9 10 7 4 4 3 4 10
722 2 3 9 1 7 4 5 8 8 7 10 6 7 7 4 8 3 1 7 1
745 10 4 5 8 8 10 3 8 3 4 7 5 6 1 6 8 9 5 8 1
20
752 7 4 4 9 10 2 1 7 3 3 3 6 9 5 8 9 10 8 1 7
607 8 10 3 4 4 2 6 8 7 5 2 7 4 1 1 8 6 7 2 2
750 10 9 5 3 5 6 10 10 1 4 8 2 10 9 6 4 9 2 4 1
663 6 5 2 9 8 6 1 1 10 2 10 3 7 5 9 8 1 3 10 3
753 10 2 1 4 8 9 2 1 10 4 8 6 9 5 3 6 10 1 9 3
739 6 10 9 1 9 7 1 1 1 1 4 7 10 4 9 4 9 7 6 5
706 1 6 3 10 2 10 1 1 4 10 6 8 9 9 9 2 4 6 8 1
770 7 5 2 1 10 8 9 10 5 9 3 8 9 1 7 2 1 4 3 5
738 1 5 5 7 7 7 6 5 3 6 7 4 10 9 1 8 1 10 9 8
739 8 5 1 4 6 9 6 5 5 3 3 5 10 2 10 7 3 6 3 7
776 1 3 7 5 5 1 1 9 9 1 9 7 10 7 4 6 3 8 9 8
749 7 3 9 1 5 5 7 3 6 6 3 8 2 3 1 9 10 9 10 3
804 10 9 5 1 3 7 2 9 7 6 4 4 8 6 8 8 10 1 3 10
653 6 1 2 10 9 6 2 1 8 3 9 1 9 5 10 7 9 1 6 2
673 4 3 6 7 7 2 6 3 9 10 1 6 10 5 6 9 1 6 5 2
663 10 4 6 2 1 6 9 8 5 1 2 7 9 3 5 8 4 6 1 1
762 8 1 10 2 10 8 5 3 6 9 1 7 4 5 3 10 8 4 7 7
675 8 10 2 1 1 10 9 2 1 6 3 7 5 5 8 10 3 7 1 9
677 1 4 5 5 8 6 9 2 5 5 1 5 1 2 5 7 10 7 9 2
707 5 3 5 2 8 8 5 4 4 10 3 3 5 3 9 6 5 6 6 4
20
607 7 1 2 5 6 3 8 6 4 2 3 7 3 4 10 1 5 4 5 3
668 3 1 2 10 4 6 1 9 10 9 1 2 4 8 1 6 10 7 3 3
651 10 7 1 10 7 5 2 8 2 4 6 6 7 10 2 2 2 7 5 5
653 10 1 2 7 7 1 7 8 1 6 4 6 7 2 2 10 2 8 7 6
741 3 4 2 4 9 3 9 2 10 10 2 9 4 4 5 4 3 9 3 10
683 7 10 6 4 8 1 5 5 3 3 6 10 6 9 1 2 7 6 10 4
638 1 3 1 6 8 2 5 3 8 10 3 7 8 9 5 9 2 2 5 10
853 10 8 7 7 7 7 5 10 6 7 7 8 6 4 8 5 6 8 2 5
719 2 7 5 8 5 7 3 6 1 5 8 10 8 4 2 5 5 9 10 2
771 7 5 10 1 6 3 9 7 9 6 1 8 10 10 4 8 4 1 6 7
868 3 2 8 10 7 7 8 10 1 5 7 5 10 10 2 5 9 8 8 9
762 8 7 4 3 7 5 2 10 7 5 9 1 9 2 5 1 2 9 1 10
554 1 5 7 1 4 4 7 7 1 8 4 2 5 8 5 8 2 6 1 1
795 1 8 9 7 8 7 3 8 8 6 3 7 4 5 3 3 10 3 8 7
768 5 1 3 8 1 9 5 10 10 3 6 9 3 1 2 9 6 8 2 8
542 1 2 5 8 9 2 1 6 6 1 1 6 4 6 1 6 5 4 10 2
758 9 3 9 1 1 10 4 1 2 10 4 8 8 7 3 3 8 2 3 9
603 10 4 6 5 4 10 7 9 7 3 4 3 1 6 3 3 2 5 3 2
670 7 8 1 9 10 9 1 7 2 10 2 5 5 2 2 3 6 4 8 4
783 8 6 10 2 5 3 6 8 1 7 2 8 1 1 9 9 3 10 8 9
20
614 7 3 3 10 2 3 9 7 1 3 2 10 3 8 6 1 4 3 8 4
849 2 9 3 6 5 5 10 7 9 10 9 10 6 7 3 3 9 1 7 8
535 3 7 9 2 2 4 2 1 4 2 8 1 4 3 2 7 4 3 8 6
724 4 9 6 7 10 10 6 4 5 1 5 9 2 3 9 7 4 8 9 2
744 4 6 8 1 9 6 6 8 10 6 7 5 7 6 3 3 3 2 4 9
739 5 3 6 8 7 1 8 1 4 9 8 2 5 5 4 7 10 8 6 10
647 10 8 10 5 2 1 1 1 10 3 7 1 4 4 1 6 6 4 4 9
597 10 1 7 8 1 7 3 9 4 3 6 6 2 4 2 3 3 4 8 1
724 6 7 7 9 8 7 8 1 9 2 3 2 4 10 4 1 9 5 10 3
728 1 3 10 3 3 2 9 10 3 3 4 6 7 10 4 2 9 7 1 5
797 10 6 9 5 7 8 3 9 10 9 2 3 2 4 3 6 8 6 5 2
739 3 10 7 10 4 9 2 9 2 5 2 7 8 9 6 7 2 7 4 4
693 6 6 4 10 3 2 7 9 1 10 5 4 5 4 4 1 3 8 9 6
664 2 5 1 2 9 9 2 7 2 6 10 9 1 10 7 8 3 8 2 5
838 5 5 7 10 9 10 1 6 5 9 1 7 10 10 3 8 2 5 10 10
697 9 1 2 2 6 4 4 5 3 8 8 7 6 3 7 6 6 2 2 10
719 1 2 7 1 6 7 2 1 6 9 1 10 3 9 6 2 10 8 4 1
702 6 7 2 2 5 7 9 3 7 7 3 5 7 9 4 8 7 4 6 4
665 2 4 7 6 2 3 2 5 8 10 6 7 6 6 2 5 1 7 2 8
867 9 3 10 5 10 4 1 7 10 8 5 1 10 6 8 4 8 7 7 3
20
624 7 9 8 7 7 9 10 1 3 6 1 6 1 2 10 7 2 3 4 3
724 7 1 6 9 6 8 7 3 7 1 1 7 5 1 8 10 9 4 6 3
700 5 8 6 10 3 8 8 3 6 3 5 3 10 3 9 5 4 1 8 5
700 7 1 2 4 8 7 6 2 4 9 6 5 9 9 3 2 9 3 9 4
812 5 4 9 4 6 9 6 10 6 10 3 3 6 7 9 8 5 2 7 6
659 4 2 5 4 8 6 10 5 10 5 5 2 4 3 9 10 4 3 10 1
621 2 6 3 2 10 2 3 1 1 4 7 9 7 4 4 4 9 6 6 2
831 3 1 10 7 9 5 2 4 7 2 6 7 10 5 6 4 6 9 7 10
655 2 2 10 4 9 7 6 2 1 3 10 5 1 1 3 9 10 2 2 6
682 7 6 4 3 4 8 2 8 3 2 5 9 3 3 10 10 2 6 3 10
664 6 10 1 2 10 2 2 4 1 10 3 2 4 4 6 7 10 10 8 6
640 2 10 1 3 1 4 5 8 9 7 3 4 9 5 4 8 10 3 5 1
673 4 1 1 1 8 4 7 10 5 9 6 7 7 9 7 1 4 2 8 3
729 9 7 1 10 3 6 6 6 9 8 1 7 1 9 6 2 9 4 5 8
739 10 2 9 9 9 7 3 2 5 3 8 1 8 4 8 3 6 1 2 10
840 3 3 10 8 9 9 8 4 9 4 8 3 4 1 9 9 4 8 3 9
879 9 6 8 9 5 9 7 9 4 6 3 8 8 7 7 5 5 7 9 6
732 4 4 10 10 7 6 4 6 8 4 5 5 2 9 10 8 7 2 2 2
550 8 3 8 5 6 1 6 6 4 1 9 4 4 9 10 4 3 2 3 1
596 9 10 3 1 8 6 2 1 8 8 5 6 3 2 3 1 5 5 5 1
20
538 6 9 2 4 5 8 3 3 5 1 4 3 2 8 1 5 8 3 1 7
574 5 1 6 10 4 5 4 3 5 4 7 6 4 3 3 1 4 5 1 5
879 6 10 8 2 9 9 10 8 7 2 9 7 6 10 5 9 9 1 4 10
731 3 6 8 3 10 3 9 1 2 9 8 9 6 7 7 3 6 2 5 5
784 6 3 6 6 2 9 4 8 4 10 5 9 8 9 4 1 4 7 7 5
761 10 4 6 5 6 3 3 6 2 5 7 7 7 8 9 10 8 1 5 10
744 3 5 9 7 5 5 2 4 10 7 1 6 4 6 10 4 9 6 7 3
902 4 2 2 5 3 9 8 6 10 5 7 3 10 1 9 8 10 8 5 10
481 5 1 3 5 4 3 3 5 1 2 7 3 6 7 4 8 1 4 8 6
631 9 6 1 3 1 10 9 7 3 2 3 9 9 10 6 3 1 3 1 1
759 5 1 7 7 5 4 6 7 3 10 5 3 8 7 3 7 6 6 9 8
827 5 1 2 4 10 2 5 10 8 5 8 7 10 3 9 1 8 8 3 8
416 10 3 3 3 3 2 3 1 1 2 2 2 3 5 2 4 3 6 9 1
564 2 3 8 2 10 1 8 1 7 1 4 2 10 5 5 5 1 2 2 8
703 6 1 3 3 3 3 7 8 7 3 6 8 3 6 6 1 8 9 5 4
777 6 10 8 9 2 6 7 6 3 5 6 3 4 5 8 8 8 5 8 5
606 4 1 6 7 5 3 2 2 9 8 10 7 4 9 4 2 3 2 5 2
731 3 1 5 7 8 7 9 10 9 2 10 3 1 10 3 1 4 8 6 8
735 1 10 1 4 6 9 9 9 3 5 4 8 7 10 8 5 5 3 2 9
635 3 1 7 4 5 5 3 7 4 1 7 4 6 2 5 4 1 6 10 9
20
838 5 3 1 8 8 10 3 4 7 9 8 8 10 4 1 3 8 10 2 8
764 9 10 1 1 9 4 8 5 10 4 10 9 9 3 3 7 5 3 8 7
779 6 3 9 5 10 9 8 4 4 2 8 7 3 7 7 2 5 8 8 5
800 1 4 7 5 10 5 4 7 7 5 6 8 7 5 3 9 8 5 3 8
735 8 5 5 6 2 2 9 6 7 5 2 8 8 10 1 4 3 9 2 7
469 6 8 1 2 1 7 1 4 3 2 7 2 1 4 3 5 4 1 9 8
892 4 1 6 7 2 9 8 8 6 9 5 10 10 1 10 8 9 2 9 3
601 4 9 2 3 6 7 1 7 4 1 8 1 2 1 10 6 4 7 5 6
764 10 7 1 8 7 4 9 9 4 2 10 9 5 4 8 8 4 6 10 8
702 5 8 2 6 3 5 3 2 8 5 2 6 6 3 9 4 6 10 2 6
630 4 6 4 5 3 8 3 1 7 3 5 9 6 10 2 1 4 2 10 1
752 9 3 5 1 6 7 3 8 7 6 6 6 9 3 5 10 2 9 2 5
786 3 9 10 5 7 9 2 1 10 2 2 8 4 9 5 4 7 5 7 9
816 8 6 5 8 10 7 4 9 9 3 5 6 7 6 7 3 2 5 8 9
715 7 9 3 8 9 3 9 4 2 4 5 1 9 8 10 10 6 4 7 7
662 5 2 4 1 4 5 1 8 8 4 3 4 8 3 1 6 3 5 9 8
699 5 8 8 7 5 1 5 9 1 2 1 4 10 5 10 6 6 7 5 6
735 2 10 3 7 10 4 6 3 3 6 3 8 5 6 8 6 8 8 10 7
836 1 7 8 9 1 4 6 8 10 2 8 10 7 10 10 9 1 9 6 4
769 3 2 2 9 10 7 1 5 10 9 8 4 7 6 2 5 2 6 6 10
20
900 7 4 10 10 9 10 1 5 10 3 8 8 4 2 6 6 9 7 9 1
690 7 9 3 7 7 5 4 1 10 3 2 6 9 7 9 9 4 3 3 3
749 5 10 4 7 6 8 9 6 3 4 2 3 10 4 7 3 9 10 2 2
792 10 6 8 7 9 9 9 1 4 8 3 2 3 9 10 8 8 5 5 5
794 6 7 3 2 8 10 5 4 7 2 10 7 8 9 6 5 8 8 8 1
745 9 9 10 5 7 6 2 9 1 3 1 3 7 7 9 8 8 7 1 8
725 6 7 1 3 3 8 2 9 6 10 8 2 9 2 1 5 5 5 1 10
770 1 4 6 6 2 8 3 8 6 5 7 6 5 4 3 2 6 10 10 5
822 8 4 3 10 10 10 5 1 6 2 6 6 9 3 4 2 8 7 9 9
649 2 4 10 8 2 10 10 3 5 2 2 2 9 4 1 10 4 2 1 8
640 7 5 1 2 9 8 5 4 6 4 5 8 1 1 2 1 6 7 5 6
792 3 6 6 7 7 10 6 10 7 6 8 1 10 7 2 4 6 10 5 2
688 10 1 6 10 8 6 2 1 6 10 9 3 3 1 6 9 8 4 1 7
661 6 5 4 5 3 2 5 2 7 3 1 3 5 6 6 2 9 10 2 6
707 8 1 6 9 7 5 1 9 5 8 9 1 10 1 5 3 4 1 7 3
789 7 10 3 5 10 9 5 5 9 10 10 2 1 9 4 3 3 6 8 9
636 5 6 1 9 2 6 3 7 2 3 8 7 4 7 9 10 7 2 6 3
665 1 4 1 9 9 8 9 9 4 6 3 6 1 2 3 10 6 6 1 8
813 1 6 10 5 8 10 8 5 10 1 5 9 1 4 3 2 3 10 9 3
646 1 7 8 8 4 7 7 7 4 9 5 7 1 6 4 6 3 1 9 3
20
669 9 9 3 9 2 4 1 4 2 5 8 2 9 7 10 2 10 5 6 1
638 7 3 7 1 6 3 5 9 1 4 10 4 1 4 8 8 3 6 3 8
669 8 5 2 8 3 8 5 6 1 9 7 2 6 8 3 1 3 9 5 3
662 6 6 3 2 10 5 2 6 2 9 5 2 10 6 1 2 5 8 3 3
658 8 10 5 5 2 4 1 3 6 5 10 5 5 7 7 8 2 1 10 6
796 8 6 6 7 3 10 1 7 5 8 9 10 4 2 2 10 1 8 10 3
766 1 2 10 10 5 6 4 8 6 4 6 7 10 9 4 10 3 6 4 2
756 4 8 5 9 7 9 4 4 7 2 1 10 10 10 3 4 3 3 10 7
804 3 8 10 7 2 9 7 10 2 2 5 10 3 9 5 1 10 7 9 3
784 6 4 7 4 8 4 7 10 7 3 3 6 7 6 1 9 10 8 3 2
807 1 8 9 6 2 6 10 6 3 6 9 10 7 10 8 4 10 2 4 3
855 9 10 8 4 4 5 10 9 7 8 3 4 5 6 10 1 6 4 10 9
735 3 3 6 10 7 10 6 5 7 2 4 4 8 10 2 10 7 3 2 8
861 4 5 2 9 1 10 4 8 10 10 2 8 9 2 10 5 5 6 8 8
681 5 10 9 6 9 2 1 7 6 3 5 2 6 8 4 1 2 4 6 9
662 6 2 6 10 1 5 1 8 4 10 6 6 6 6 7 8 5 2 5 4
705 9 9 3 10 10 3 5 5 10 4 2 1 5 1 2 4 6 4 9 9
705 4 5 4 6 3 7 9 1 1 3 8 3 10 9 6 3 8 9 10 1
818 3 8 10 6 4 6 1 7 1 7 7 1 10 9 9 10 9 5 6 10
765 9 7 9 1 6 3 8 1 2 8 5 8 10 9 4 2 7 5 5 4
20
697 5 10 4 10 3 10 1 3 7 1 10 9 3 9 9 9 6 3 2 2
596 3 7 4 1 4 1 1 2 10 7 2 2 10 3 7 3 4 1 7 5
688 1 4 5 7 2 3 3 8 8 9 4 3 4 4 4 8 5 4 8 9
596 2 4 3 10 2 6 8 1 3 1 7 9 1 6 2 6 5 7 2 9
581 4 4 2 4 1 1 1 3 8 8 3 3 6 8 3 8 10 3 3 9
716 3 5 1 5 1 7 3 8 6 7 3 5 4 8 6 8 9 5 5 9
687 10 9 4 3 3 3 1 1 7 5 1 2 8 8 6 10 9 3 10 8
743 10 7 7 1 3 2 3 10 5 1 7 8 3 5 9 5 3 8 9 6
729 5 10 1 4 2 8 2 7 1 8 8 9 5 8 3 1 9 9 5 5
739 7 3 10 7 4 6 5 1 7 5 1 8 1 1 6 10 5 9 3 10
598 10 1 1 1 4 2 4 6 4 5 10 4 3 4 6 3 6 9 4 2
687 2 1 9 2 4 9 2 10 10 10 2 8 3 7 1 9 2 2 6 4
696 3 8 8 2 6 8 1 5 5 1 10 1 10 7 5 9 10 2 1 7
689 5 1 7 3 5 2 1 7 1 8 3 2 9 4 3 10 7 9 5 8
678 8 10 5 5 8 3 4 4 10 6 3 3 2 3 4 2 2 5 9 10
603 6 7 4 4 2 3 2 7 7 5 2 3 3 7 1 3 4 8 10 9
897 7 8 10 7 4 9 8 7 9 8 8 6 8 7 3 3 4 8 6 1
621 9 4 9 3 1 4 3 5 5 3 5 1 5 8 4 8 6 3 6 5
515 8 9 2 8 4 2 6 2 4 8 8 3 1 8 5 3 3 3 4 5
578 8 7 5 5 5 7 3 4 6 3 4 3 6 2 7 7 6 3 2 1
20
825 4 3 10 10 5 7 8 9 7 10 5 2 1 7 3 2 8 7 1 10
632 8 4 2 4 4 5 10 6 4 4 9 3 8 4 4 7 4 5 4 2
737 8 10 6 8 6 5 4 7 8 5 2 2 5 8 4 9 4 10 5 8
514 5 10 1 4 8 3 9 1 1 6 5 3 2 1 7 10 2 8 6 3
645 3 3 5 9 7 2 10 6 1 6 9 1 10 9 9 9 1 4 3 5
670 7 9 8 7 2 4 1 7 3 6 3 5 2 1 5 1 8 10 8 2
772 1 7 10 6 5 2 10 10 3 3 4 4 4 10 8 9 3 10 10 6
779 3 7 9 10 10 5 3 5 6 9 6 5 1 6 4 1 7 7 4 8
774 1 8 9 9 4 9 3 2 7 9 4 4 4 3 4 3 10 2 5 10
723 6 9 3 10 10 2 6 2 5 8 7 4 4 6 10 6 7 8 9 1
806 7 10 8 7 3 8 1 4 2 8 5 7 5 10 8 7 8 9 8 6
924 3 5 1 10 5 9 10 10 9 9 10 8 8 4 4 8 9 4 9 8
752 6 8 4 9 3 1 8 3 10 9 4 4 6 8 4 4 8 8 3 7
801 6 4 7 6 8 10 2 9 4 7 2 4 8 9 7 6 8 2 9 9
684 3 1 6 9 5 10 5 3 2 8 7 1 3 5 3 1 8 7 9 5
580 4 7 2 1 3 5 3 3 6 2 4 3 7 6 7 4 8 3 5 5
645 8 1 3 1 7 3 9 6 3 7 8 6 5 3 2 2 3 6 2 8
719 6 5 7 6 7 8 10 3 2 3 6 7 8 7 7 8 1 2 3 7
709 9 9 3 5 1 3 4 2 6 4 10 2 10 10 8 10 6 6 3 10
673 1 1 6 4 10 2 5 4 7 10 1 6 7 9 6 9 2 1 4 10
20
786 4 5 3 7 2 9 8 6 4 2 6 10 8 3 8 9 3 8 4 6
754 4 9 3 5 6 1 5 7 6 9 3 4 8 7 9 6 3 10 9 10
793 1 8 8 7 4 4 2 9 10 2 7 6 10 3 9 3 6 3 1 10
607 1 5 7 7 6 2 2 8 4 5 1 1 4 2 9 2 3 9 10 1
668 3 2 3 9 7 8 6 2 1 1 4 10 1 3 7 3 6 9 10 3
685 7 4 8 6 6 6 1 8 8 4 5 2 1 7 8 9 1 10 4 8
636 6 7 6 8 10 5 3 8 10 2 7 4 1 8 9 2 2 4 1 3
812 5 10 9 1 7 9 8 7 3 7 5 5 10 1 4 5 2 8 5 3
618 1 5 5 9 10 2 9 2 10 8 3 9 1 7 1 6 2 3 3 2
699 7 10 7 10 4 7 4 6 1 3 2 1 8 2 7 1 5 4 10 10
719 7 9 9 3 1 10 1 8 10 7 7 4 3 9 1 10 2 8 1 6
684 8 8 6 4 10 1 2 10 3 7 6 1 2 9 8 5 6 9 5 3
594 5 1 9 1 4 9 8 2 2 2 3 4 2 2 4 6 9 4 9 1
648 6 5 1 5 3 1 4 8 6 9 2 9 4 2 9 2 1 5 8 5
664 4 4 8 3 10 5 4 2 1 7 8 3 5 4 4 6 9 8 7 1
700 9 3 2 4 6 6 5 5 6 1 5 7 10 7 3 4 2 3 10 8
554 5 7 3 3 1 8 6 1 2 6 2 8 1 4 3 8 4 6 7 3
551 2 7 7 6 8 7 6 6 4 6 1 3 4 2 7 4 2 1 5 1
715 5 5 10 3 4 3 4 8 10 5 10 1 10 10 1 1 4 2 2 9
729 3 7 3 10 10 3 7 4 7 6 1 5 7 6 5 6 10 4 7 7
20
612 8 3 8 6 8 2 5 4 8 1 3 6 8 4 4 4 2 3 4 4
859 7 3 6 8 6 10 1 3 8 10 10 10 4 7 7 9 9 4 3 10
765 8 1 7 8 4 4 2 2 5 2 10 8 8 5 6 10 8 5 9 5
524 5 5 2 3 4 4 9 3 1 4 8 2 7 10 1 8 5 4 2 7
817 7 8 9 5 7 9 6 3 4 10 9 10 4 2 7 1 2 3 6 7
816 1 3 5 5 6 7 7 1 9 8 5 8 9 3 9 9 4 9 5 6
837 9 7 9 7 9 5 4 9 10 9 7 4 4 1 4 10 10 8 1 2
694 8 6 1 1 2 3 6 7 4 2 5 9 8 10 9 6 8 1 7 10
747 8 10 3 2 2 4 3 6 9 1 6 4 6 8 8 3 6 9 2 10
565 2 3 4 5 10 3 10 5 2 1 4 9 4 5 5 8 2 6 3 3
704 5 4 2 7 1 8 2 6 6 9 1 6 4 5 9 7 9 4 7 7
754 2 7 10 3 1 8 7 3 4 7 10 2 9 5 9 2 1 6 8 8
723 5 1 1 10 7 7 10 8 7 1 10 1 9 4 5 7 2 7 7 10
780 5 10 10 9 2 8 6 1 8 10 1 4 7 2 8 8 9 1 1 3
589 3 2 3 1 8 8 2 7 2 7 2 6 6 9 5 4 3 4 6 4
675 10 5 7 5 10 7 3 7 5 4 1 6 6 10 2 7 1 6 5 6
637 5 1 2 6 10 3 2 8 10 9 1 4 2 1 10 5 5 3 7 1
893 8 10 6 10 3 7 2 6 2 8 6 7 7 8 9 3 5 9 10 10
672 8 6 1 4 9 4 6 8 3 7 5 3 4 1 9 7 6 8 3 8
882 2 1 10 1 7 7 8 10 5 5 9 3 6 8 10 6 10 10 2 9
20
677 9 5 1 4 10 5 4 1 7 8 9 4 6 2 1 3 4 6 3 8
706 2 5 1 10 8 9 8 6 3 7 4 10 3 3 7 5 1 8 5 7
600 4 5 1 5 10 2 9 6 9 7 5 1 10 9 8 3 1 3 1 1
799 10 3 10 6 5 9 8 7 2 8 5 10 5 9 5 6 1 6 5 7
639 8 1 2 4 5 3 1 5 7 8 9 3 10 4 5 3 1 6 7 2
787 5 5 2 3 6 7 8 10 5 10 9 8 7 2 6 10 3 4 6 5
825 8 6 7 3 10 4 6 7 7 2 3 5 6 2 8 9 6 6 9 10
811 5 5 7 10 10 6 4 4 8 6 9 4 7 4 8 3 6 8 5 2
880 3 5 6 4 8 9 8 10 10 6 9 3 2 9 4 5 9 7 8 7
770 6 10 9 6 10 4 5 7 1 10 6 10 9 5 2 8 2 5 2 2
719 3 4 6 7 8 3 10 4 10 5 6 1 10 8 8 7 9 2 4 1
725 6 6 8 6 5 4 9 3 10 5 10 3 1 8 8 3 10 1 4 7
623 3 10 1 5 5 1 7 5 2 2 10 5 9 8 3 9 5 3 9 10
681 7 5 1 4 1 4 7 6 1 7 8 10 10 2 2 9 3 1 3 10
667 10 9 5 6 9 4 5 3 3 8 4 4 8 5 2 7 9 2 1 7
767 6 9 6 3 5 6 4 10 5 5 9 7 8 4 7 1 5 8 8 1
755 9 4 6 1 9 9 1 8 2 6 2 9 3 10 7 1 9 4 5 8
746 4 1 9 10 6 6 1 9 7 2 7 9 5 1 3 10 9 7 2 3
738 1 6 10 1 6 4 5 2 7 4 9 6 4 4 7 10 9 4 3 10
542 8 1 6 1 6 8 3 3 3 2 7 4 4 10 4 4 4 1 1 8
20
677 8 10 8 5 10 6 1 2 4 4 7 1 9 1 1 4 5 3 3 9
653 7 4 8 2 2 2 9 3 8 2 9 4 2 6 4 4 8 8 5 1
628 9 8 1 7 4 3 9 3 8 2 8 10 3 5 7 1 9 1 5 1
715 6 1 1 2 5 10 10 10 5 4 5 6 9 5 2 5 10 1 3 6
514 4 5 1 9 10 9 2 2 10 5 2 2 1 3 4 5 2 4 2 5
656 8 8 7 8 4 1 7 10 3 4 1 2 10 1 8 9 1 2 1 10
601 4 8 5 1 6 7 8 4 2 2 8 2 1 6 5 10 7 6 4 4
729 8 8 9 9 2 6 9 3 7 8 4 7 3 6 6 5 1 10 1 1
796 2 2 8 6 1 6 1 7 3 8 9 10 6 4 4 7 7 7 9 8
686 5 1 1 3 2 1 9 5 7 3 2 9 10 7 9 6 3 6 8 8
669 2 3 2 2 7 10 2 7 1 7 1 8 3 5 9 6 8 1 3 8
698 7 8 1 2 10 9 5 3 5 10 5 5 5 2 10 5 8 1 3 8
817 9 8 6 4 5 8 9 4 9 10 4 2 5 8 8 3 8 4 2 10
674 6 9 7 7 3 4 1 7 5 9 4 1 6 10 10 2 6 7 3 2
674 2 1 8 9 6 7 4 4 2 8 1 10 9 5 6 3 6 1 5 3
557 1 1 1 5 6 9 5 3 1 2 1 8 8 10 6 2 4 1 10 4
646 6 1 1 6 4 6 8 8 2 6 3 8 5 5 4 6 4 3 3 7
637 10 5 2 5 9 5 2 7 2 10 6 2 2 10 8 5 9 8 2 1
882 6 7 10 6 9 9 10 10 7 8 2 3 10 8 2 7 5 10 3 3
660 1 4 6 7 6 8 6 7 5 1 6 8 1 8 10 8 8 3 1 4
20
864 7 6 6 10 4 7 7 8 3 9 5 9 7 1 8 6 10 7 2 3
637 5 3 2 4 6 7 3 8 7 9 2 10 1 8 5 10 2 4 1 5
832 4 2 10 10 9 5 6 8 7 4 4 8 2 8 5 1 10 6 6 5
695 6 10 9 5 9 4 1 4 7 3 7 7 3 3 5 1 5 2 10 6
735 10 1 6 7 6 6 10 4 9 5 3 1 8 3 6 10 6 2 6 10
768 10 7 6 6 1 4 6 7 4 6 6 8 10 8 1 9 5 8 3 3
567 7 7 6 3 8 2 6 6 1 4 5 5 1 2 2 6 4 5 10 2
707 7 4 5 3 5 3 9 7 7 4 8 1 7 6 3 2 4 6 9 6
758 10 10 7 1 8 5 1 2 6 1 5 9 9 6 2 8 3 10 6 4
764 3 7 3 5 8 7 9 1 8 7 7 10 2 8 7 3 6 4 9 6
650 6 4 3 8 6 4 8 2 7 5 3 5 9 4 10 9 6 3 3 1
805 3 3 7 3 5 8 9 2 8 4 7 9 1 2 5 2 10 6 7 8
832 10 8 4 9 9 5 10 8 10 8 1 3 4 8 6 5 6 5 5 9
744 7 10 4 10 1 1 9 9 5 10 5 5 1 2 2 8 5 8 6 10
775 9 4 3 4 4 6 2 5 8 9 10 5 10 2 8 8 5 1 3 10
660 3 6 5 4 6 3 3 3 10 2 8 10 5 3 1 8 2 5 1 9
642 2 5 7 10 3 9 3 4 4 10 1 2 6 6 2 8 5 10 1 3
587 10 4 2 6 9 1 2 4 4 10 1 8 10 4 5 3 2 3 3 3
572 4 4 6 1 3 7 3 2 8 4 1 3 1 2 5 9 4 1 7 9
731 8 1 8 1 4 10 4 8 10 8 1 2 3 4 5 2 1 7 10 6
20
785 7 5 9 4 7 7 7 8 8 3 2 8 3 9 1 10 6 7 10 6
874 4 9 9 9 2 6 8 3 3 8 1 7 10 7 7 10 9 7 6 10
727 10 10 9 4 6 7 9 6 2 1 1 1 4 10 7 5 5 8 3 9
779 3 4 2 10 5 5 4 6 8 4 7 10 10 8 4 4 9 7 10 1
773 10 2 3 6 5 1 4 6 6 8 10 10 1 9 9 10 6 6 6 8
748 9 4 4 7 9 6 1 9 5 5 4 8 1 7 10 8 10 2 6 4
888 7 4 10 9 4 9 8 6 7 6 7 7 6 9 1 4 10 8 5 3
842 3 7 9 1 6 10 8 9 3 3 10 2 7 10 2 1 9 10 7 4
791 5 8 6 7 5 9 3 5 7 7 3 1 9 3 6 5 8 1 7 10
532 1 7 4 9 4 6 8 1 7 6 2 1 1 8 6 1 3 3 6 1
462 1 3 1 2 10 4 4 3 9 3 1 1 1 6 4 7 5 2 10 2
682 2 3 3 7 10 2 1 6 3 5 1 9 10 1 3 5 6 8 1 6
570 6 9 1 5 7 7 7 2 9 8 8 2 3 6 4 1 2 2 3 3
625 7 2 10 4 3 1 6 7 4 1 3 5 1 10 2 8 3 10 5 5
733 9 7 1 8 7 7 7 5 5 6 3 3 10 7 3 3 3 4 8 9
598 3 6 6 10 4 5 3 1 8 2 1 2 1 5 5 8 8 4 8 8
692 2 10 9 10 5 2 9 7 4 4 7 2 7 1 5 8 7 8 2 1
703 3 1 1 10 7 6 10 8 9 1 8 5 6 3 7 3 10 5 4 1
654 5 5 6 7 5 4 8 9 1 9 7 1 1 3 7 4 5 8 1 9
679 10 8 2 3 5 5 9 9 4 2 3 9 5 1 9 3 2 3 9 2
20
833 2 10 9 10 9 8 2 7 1 9 7 10 9 7 6 1 8 9 2 1
834 2 5 6 10 8 10 7 8 4 9 9 9 10 2 5 2 5 5 4 4
445 3 1 4 1 3 8 4 1 4 6 8 1 4 3 7 4 1 2 4 1
824 5 4 10 7 8 3 8 10 9 6 5 6 9 8 4 4 8 4 1 6
625 8 4 5 7 5 7 7 3 1 5 6 5 5 2 7 1 9 1 6 4
575 10 4 4 6 5 1 2 2 10 1 3 2 10 9 2 7 2 5 2 4
560 2 6 4 9 9 2 1 5 1 8 7 9 3 4 2 4 3 4 2 4
708 5 3 2 9 2 7 10 5 1 8 2 4 7 1 4 8 7 8 5 7
977 5 10 5 5 8 10 10 9 6 7 8 10 6 2 10 8 5 10 3 8
695 6 8 2 10 5 4 8 3 9 10 7 4 2 10 10 3 2 6 10 1
746 1 7 4 5 10 4 8 2 10 9 9 10 2 1 6 9 6 3 5 9
711 10 8 3 4 2 9 4 8 6 4 2 8 5 5 7 2 8 1 7 4
828 6 5 9 4 4 5 8 7 10 4 7 8 5 4 7 6 9 5 7 2
665 2 2 8 6 2 2 10 10 4 7 1 7 3 6 5 2 5 7 1 2
703 8 1 2 9 6 1 5 9 8 9 9 10 1 7 2 9 4 9 1 2
665 2 6 8 3 10 5 1 8 6 7 5 4 5 8 1 2 5 2 7 2
750 2 5 8 6 6 6 5 6 6 4 4 10 3 2 6 6 4 2 8 8
845 5 10 7 10 4 7 7 10 7 9 7 10 2 7 1 9 5 5 9 6
763 9 1 7 4 10 4 2 2 5 3 8 6 8 2 3 5 9 5 10 7
636 9 5 2 10 1 7 3 1 9 1 10 8 3 9 5 1 3 10 6 2
20
676 7 10 5 7 8 4 7 4 6 4 2 1 4 4 3 5 7 9 7 5
742 10 8 8 10 9 6 8 1 3 2 6 8 9 7 2 2 10 4 4 2
641 7 5 7 8 3 2 2 2 2 6 7 6 5 6 10 3 2 5 8 5
662 9 8 9 2 10 7 3 4 8 2 6 3 4 5 3 7 6 7 1 1
777 9 10 5 1 1 7 8 10 8 7 6 4 5 8 6 4 10 2 9 5
805 5 3 3 7 3 9 6 6 9 1 9 7 5 4 8 3 10 3 8 8
551 4 7 2 5 6 2 5 3 6 3 8 4 4 8 8 7 2 2 10 4
838 7 10 4 7 9 5 5 1 5 4 3 8 7 8 9 7 9 10 8 7
625 5 7 4 8 7 7 2 3 9 4 6 2 5 3 2 6 1 7 7 5
778 4 9 8 5 7 10 8 5 8 7 2 3 2 6 8 8 6 3 9 4
921 4 8 9 8 8 6 10 1 9 9 6 10 8 2 9 4 7 2 8 10
761 6 7 1 7 3 8 10 9 2 10 3 9 10 1 2 8 8 2 8 1
803 8 4 6 2 8 10 2 7 4 2 9 2 7 8 3 4 10 9 4 9
671 6 4 6 7 8 1 9 9 9 2 4 1 7 1 5 1 8 8 2 1
744 2 3 9 8 8 4 2 1 10 1 3 3 9 1 10 3 9 3 6 10
792 7 10 5 1 3 1 7 8 9 2 9 5 7 9 8 10 6 9 3 9
732 8 5 7 3 6 1 2 3 1 1 6 9 10 4 3 2 10 2 10 10
530 2 4 3 10 2 5 6 2 7 9 5 1 5 5 8 4 1 2 3 2
742 8 5 6 2 2 8 3 5 7 9 8 7 7 5 5 9 6 6 3 2
840 2 4 6 10 3 10 7 8 2 10 1 4 5 5 10 6 7 10 9 7
20
760 5 10 9 1 5 6 3 9 4 2 1 4 9 2 10 3 7 4 9 8
650 4 1 8 10 1 10 6 5 1 3 9 5 10 3 3 5 5 1 1 5
756 3 10 1 7 5 3 9 6 5 8 2 3 8 9 9 6 9 6 8 6
761 6 5 2 8 6 10 5 7 5 9 10 2 5 4 2 8 3 10 4 10
646 10 4 2 2 1 5 4 9 3 6 4 8 3 2 2 9 8 5 2 8
796 6 4 8 1 10 6 8 6 6 5 1 10 5 2 10 4 3 9 3 4
776 7 8 9 4 1 6 5 7 3 6 3 5 10 6 1 8 9 1 9 7
662 4 8 2 7 6 7 2 1 10 9 7 4 5 5 2 9 7 7 6 1
693 4 7 6 7 2 5 10 8 7 1 10 8 3 3 2 2 4 7 6 2
701 2 7 8 2 8 1 9 9 1 9 7 9 2 8 1 7 5 5 2 10
636 6 10 1 2 2 8 2 8 9 3 2 9 1 5 6 2 2 6 10 5
660 9 4 6 10 1 2 5 2 3 6 9 3 3 10 6 4 10 3 2 8
810 8 10 9 6 7 2 6 3 5 1 9 5 10 2 8 5 5 5 9 9
704 7 4 7 4 3 9 6 7 2 2 2 5 10 4 7 4 1 5 7 10
706 7 7 7 8 1 5 6 5 5 5 2 8 9 10 2 6 6 4 9 4
808 2 8 7 4 3 8 6 10 6 10 4 6 3 6 4 10 7 7 10 1
698 4 8 4 4 4 6 7 8 9 9 5 2 3 5 7 5 4 5 5 2
802 9 10 8 5 3 1 6 4 10 7 4 6 8 6 5 7 7 5 10 4
724 10 1 9 7 4 9 4 7 6 4 3 4 6 1 8 3 1 2 2 9
826 2 7 3 5 2 9 9 7 10 8 5 9 6 6 5 4 1 8 6 9
20
687 1 2 4 7 2 9 9 6 3 7 5 5 5 9 9 8 6 1 10 7
819 8 7 9 6 2 3 10 4 10 2 6 4 10 5 8 7 9 4 2 10
697 4 10 1 7 1 3 8 4 7 7 6 2 6 10 10 10 6 2 6 10
590 4 3 3 5 8 2 6 5 7 6 6 10 3 1 4 7 6 1 2 3
571 2 1 5 3 2 7 1 8 1 3 1 3 6 3 5 10 1 9 10 7
723 6 5 9 8 6 10 1 4 1 4 6 7 5 3 7 5 7 2 5 7
649 2 3 10 8 1 4 8 4 4 2 2 1 7 7 5 1 2 9 6 10
839 9 1 7 1 9 10 10 6 6 10 5 2 7 2 7 6 7 6 8 3
760 3 8 3 10 6 7 10 8 6 8 9 2 5 6 8 10 3 6 3 9
834 7 3 9 6 4 7 2 5 8 4 6 10 1 8 9 3 3 9 5 10
604 6 5 10 1 5 6 4 4 4 1 7 1 1 3 6 4 1 8 8 4
796 6 6 9 9 3 1 8 10 9 10 3 8 5 5 2 2 4 5 4 5
740 8 1 7 1 9 4 5 8 8 6 2 7 2 4 5 9 5 10 7 3
613 9 5 4 1 9 4 6 2 2 1 3 8 7 7 7 4 7 2 6 7
820 9 5 4 5 2 10 4 5 6 7 10 7 9 3 8 8 5 4 6 6
597 8 8 4 5 4 1 1 9 3 1 5 10 4 5 10 6 2 8 4 2
690 6 8 6 2 10 3 1 4 4 3 6 7 9 8 8 1 8 9 2 1
769 10 5 3 2 7 4 10 9 4 10 5 5 6 4 7 5 3 5 8 8
566 6 5 6 3 9 1 1 3 1 4 4 5 1 8 10 6 4 4 8 5
701 3 8 6 10 9 7 9 9 4 10 9 6 2 5 9 1 3 2 1 2
20
763 4 4 3 10 2 6 6 4 9 6 5 8 5 7 6 2 9 3 3 9
732 4 9 2 9 9 2 10 6 9 9 3 9 4 5 2 8 6 2 10 8
779 10 2 10 5 4 7 9 7 7 8 3 4 1 8 10 2 9 2 5 7
697 6 5 9 3 3 1 8 10 2 10 3 7 7 1 1 10 2 10 3 5
906 10 10 1 10 10 10 8 8 6 8 4 7 9 3 3 9 8 10 7 5
845 7 3 7 3 5 5 8 8 4 8 1 5 8 9 6 2 8 7 10 10
796 9 4 5 9 2 3 10 7 8 5 3 6 9 6 2 3 9 9 1 5
674 5 7 3 6 6 7 6 4 5 1 6 8 5 6 4 4 8 3 2 6
714 1 3 4 8 10 2 2 6 10 7 9 10 7 3 1 6 3 7 1 9
568 2 10 5 1 3 4 10 2 6 2 2 8 2 8 4 4 3 4 7 7
674 6 5 5 4 5 2 4 9 9 3 4 9 5 8 9 5 2 6 4 2
779 10 1 8 10 10 9 4 5 3 6 10 5 7 3 5 10 4 4 10 2
612 7 1 8 9 3 4 4 5 6 4 2 4 9 8 2 2 1 6 7 3
789 3 1 10 1 8 8 5 7 10 1 9 10 7 7 1 4 5 8 6 3
628 1 3 6 2 4 2 3 8 9 7 3 7 1 5 5 3 10 2 5 3
724 2 6 2 9 6 3 3 9 8 3 8 6 8 3 5 7 7 5 3 4
824 9 6 8 8 6 5 5 10 3 8 4 5 4 9 2 8 5 7 9 9
661 4 2 5 7 10 5 7 2 2 1 9 9 10 7 1 1 5 1 6 8
773 10 1 6 9 3 10 7 2 4 5 9 4 5 5 9 6 7 4 8 9
713 2 8 7 1 9 9 2 7 6 2 9 6 2 7 3 5 4 3 7 8
20
670 6 5 1 7 3 6 10 2 4 10 5 6 6 4 5 9 2 2 9 9
652 5 10 9 6 7 2 8 4 1 8 10 3 1 9 5 8 2 5 8 7
759 6 3 6 6 9 7 6 10 5 9 7 6 9 10 1 3 6 6 2 1
797 1 6 4 7 8 8 8 3 10 6 8 2 7 5 6 5 8 9 2 6
607 8 1 2 7 3 6 10 2 8 1 1 7 1 4 10 6 10 4 2 1
814 9 10 10 1 6 2 9 10 3 2 7 9 10 6 8 1 4 3 9 5
845 1 8 7 7 3 2 9 3 5 7 5 9 9 9 10 9 10 7 1 10
548 6 3 3 9 9 1 8 10 4 3 5 3 2 8 3 3 1 1 9 6
549 8 7 6 7 10 2 5 1 9 8 1 8 4 2 1 10 1 1 1 3
679 1 3 3 6 10 1 5 9 2 9 4 8 2 8 8 7 9 3 4 6
687 3 4 7 1 4 10 6 5 6 9 9 1 7 5 10 3 1 2 5 3
692 8 2 1 8 1 5 1 8 7 3 9 7 3 5 9 2 10 6 2 7
632 7 6 2 5 2 3 10 6 10 7 1 6 5 10 6 5 4 3 7 2
635 10 2 4 7 7 4 8 2 3 8 1 1 4 10 2 4 4 9 3 10
703 5 10 4 8 9 7 7 4 8 4 5 4 5 3 2 3 9 1 6 4
616 10 10 1 5 9 4 9 5 3 3 10 4 2 9 1 7 9 1 7 4
664 9 1 7 4 3 4 9 7 1 5 9 2 1 3 3 8 10 8 6 5
764 7 8 7 1 3 2 1 5 1 10 8 10 7 10 7 8 6 10 9 4
762 10 6 10 1 1 7 4 7 6 10 4 2 4 5 4 8 5 8 5 8
593 4 9 5 8 7 1 6 1 9 7 8 3 8 9 2 3 3 1 8 1
20
888 8 10 7 9 9 6 2 9 10 5 2 3 3 6 8 9 6 10 8 10
648 4 10 9 7 10 8 3 4 5 1 3 1 3 2 7 9 3 4 7 5
712 10 2 9 8 8 6 1 8 9 1 3 3 8 7 1 5 1 10 7 5
758 9 2 1 9 7 2 7 7 9 9 2 10 2 10 1 6 10 4 7 6
797 3 2 8 8 8 10 9 8 1 1 6 9 8 6 1 2 2 10 9 6
732 3 9 1 7 5 5 7 10 8 10 2 6 6 3 5 4 2 7 8 1
639 7 1 2 2 9 7 9 8 3 8 1 5 3 10 6 2 9 3 3 5
723 4 8 8 3 2 3 5 5 9 2 7 6 8 2 7 9 1 9 1 5
644 3 1 2 7 10 2 4 8 1 6 7 6 5 5 10 2 6 2 6 8
752 10 9 3 4 8 2 5 2 6 7 4 10 2 3 2 9 9 6 7 10
572 6 4 8 6 8 2 4 6 5 7 2 2 1 6 9 5 6 1 1 7
662 1 9 7 6 3 4 9 2 5 8 3 2 6 8 5 4 5 5 4 9
630 1 3 6 6 3 8 8 1 7 9 4 1 9 4 6 8 1 6 4 2
724 10 7 3 1 2 1 7 7 1 9 5 10 9 4 4 7 5 5 6 7
616 5 7 1 7 6 2 1 9 2 5 6 6 6 8 9 9 2 3 2 9
576 3 6 3 9 2 8 4 2 1 7 1 4 3 1 8 4 3 8 10 3
742 7 7 7 9 9 3 1 9 3 5 8 3 1 10 3 6 10 10 7 4
668 7 6 2 5 10 3 5 3 6 2 9 8 9 2 1 8 5 2 8 7
663 6 7 9 5 5 5 5 10 8 3 3 1 6 8 8 1 4 1 1 8
780 4 4 10 9 4 9 2 4 6 5 7 2 5 1 9 7 6 5 1 10
20
770 7 7 4 2 7 5 8 10 1 5 9 9 10 7 1 4 3 6 8 10
701 8 2 4 9 9 9 6 8 5 2 2 10 7 3 3 2 7 5 2 2
696 6 3 6 1 8 8 2 10 3 9 6 1 5 8 5 5 7 9 4 1
674 9 4 2 7 8 9 1 2 2 8 6 7 8 5 5 8 4 3 3 6
642 2 1 1 5 7 4 2 5 9 2 6 4 10 10 10 5 5 1 8 3
774 6 3 8 6 8 7 5 5 1 9 4 9 4 8 5 3 7 8 7 3
706 5 10 5 5 4 2 6 9 9 9 2 4 1 8 10 4 10 4 1 5
640 3 10 6 4 4 8 2 6 10 5 10 2 1 2 1 3 1 7 4 9
617 7 1 3 4 2 2 2 6 10 8 2 1 10 10 8 7 1 1 1 9
544 3 7 1 4 6 9 6 6 3 8 5 2 2 5 3 9 1 6 6 5
744 2 9 1 2 8 7 4 9 4 2 10 1 6 2 10 1 8 9 3 7
889 6 3 9 3 6 8 6 10 8 6 9 9 4 7 10 2 4 9 4 6
671 5 1 1 9 3 2 1 2 9 6 4 3 8 10 2 7 9 10 8 7
668 7 2 8 2 4 2 3 6 3 4 9 9 2 6 7 8 3 3 10 6
878 2 6 1 5 9 10 5 9 10 6 9 10 9 3 3 5 10 6 2 6
611 3 2 3 2 5 4 4 9 3 7 10 4 7 1 9 10 1 2 10 3
614 4 7 1 10 4 6 8 8 4 1 10 7 2 9 8 10 4 3 6 1
726 6 3 6 1 3 9 2 7 6 4 3 10 1 9 10 4 4 9 10 2
792 8 8 1 7 8 6 5 6 7 9 6 4 4 7 6 5 3 10 10 9
883 6 9 7 8 8 8 9 10 5 3 1 6 3 8 9 1 9 9 10 8
20
716 8 2 3 9 7 10 10 10 1 5 2 4 7 1 2 5 8 2 5 8
509 6 4 5 3 4 3 7 6 2 7 3 1 7 8 1 9 5 3 1 3
544 10 4 8 3 4 2 9 2 5 1 4 3 2 8 5 6 6 2 2 1
791 2 9 1 3 10 4 6 9 10 10 9 6 5 1 5 5 6 8 9 4
542 4 8 2 1 2 5 5 7 1 9 8 3 2 2 6 1 3 7 2 4
790 10 5 6 2 7 10 9 5 9 1 5 5 8 2 2 3 8 7 9 1
599 1 2 1 2 5 1 3 7 10 3 1 7 3 5 6 2 6 9 2 10
750 10 5 9 3 7 1 8 3 6 2 2 10 5 3 2 9 7 8 4 6
781 9 3 2 9 9 5 6 9 8 6 3 5 2 2 2 3 7 10 8 9
907 5 5 8 3 10 1 3 7 10 8 9 9 9 1 10 2 6 5 3 10
759 2 1 8 7 7 1 5 1 7 7 7 8 4 2 4 6 7 10 6 9
839 10 8 9 1 3 9 5 3 7 6 7 9 5 5 1 9 4 8 4 10
728 8 8 9 3 7 8 2 4 8 5 1 8 6 8 2 1 5 3 3 9
642 5 2 6 9 4 10 9 2 1 10 3 2 5 9 2 8 3 4 2 6
663 5 1 9 9 9 3 2 9 2 3 5 7 3 5 6 8 1 9 1 8
742 1 10 1 9 3 8 5 7 9 4 7 9 6 6 5 1 2 9 8 2
697 7 6 5 4 5 1 6 6 8 1 3 8 9 8 6 4 2 2 8 9
589 7 6 7 2 4 7 9 5 1 6 1 2 2 10 5 9 1 6 9 4
642 5 2 1 3 3 10 10 4 4 3 4 8 2 6 3 7 10 1 3 8
693 4 10 6 2 2 2 10 5 10 10 9 7 8 2 5 10 2 1 8 1
20
639 6 10 1 1 3 4 7 3 1 5 3 4 8 8 2 2 9 5 8 7
684 9 1 10 1 3 10 3 10 5 4 3 1 5 10 9 9 8 3 5 1
758 10 4 10 4 4 4 2 5 4 5 9 8 5 3 10 6 1 9 2 7
621 10 1 6 3 1 7 7 9 4 2 4 2 7 4 9 1 1 7 1 6
755 8 1 8 4 4 9 1 5 5 3 3 8 5 1 5 3 7 7 7 10
527 2 7 2 2 6 2 2 4 7 2 6 6 5 6 2 2 2 3 10 5
757 10 9 2 7 5 6 10 6 4 6 7 5 8 3 7 3 7 6 5 4
690 2 9 10 10 10 7 9 7 3 1 2 2 4 9 3 1 9 6 7 3
807 4 10 2 1 6 8 8 7 10 8 2 10 6 1 7 8 10 1 9 4
705 7 1 5 9 10 5 2 2 2 9 2 5 6 4 8 4 9 8 7 2
742 6 6 9 7 9 3 9 3 9 8 4 6 2 3 3 8 10 5 8 1
769 9 1 9 7 9 6 9 5 6 7 8 3 8 8 1 7 7 4 4 2
750 6 9 8 8 4 9 7 3 5 5 6 1 6 8 8 4 5 3 4 7
706 4 4 4 4 10 4 1 1 10 1 1 4 9 10 6 9 9 9 9 2
561 10 3 2 1 7 8 5 7 2 9 10 1 2 3 3 4 2 4 7 5
680 8 4 1 8 1 9 7 3 7 10 1 5 1 5 10 4 3 6 8 8
639 7 9 5 8 8 9 6 2 6 4 5 5 1 4 4 9 1 6 1 9
812 9 6 8 3 9 10 2 6 3 10 6 10 1 1 3 7 6 10 5 3
656 7 5 10 2 10 7 2 4 5 7 2 4 2 3 2 6 8 2 7 2
792 7 7 6 6 7 5 8 9 5 3 8 10 9 5 2 1 4 5 3 8
20
684 10 2 9 1 3 3 4 5 7 2 7 4 4 2 5 7 4 6 2 10
684 4 6 6 10 6 1 5 2 10 4 9 2 6 9 10 3 10 4 2 1
641 9 1 6 3 3 1 3 6 10 4 7 7 3 3 3 6 7 4 6 3
775 10 4 3 6 10 6 7 7 1 10 6 8 8 1 7 9 10 2 2 4
854 7 8 3 4 9 7 10 9 9 2 7 5 8 1 6 3 3 10 3 8
808 9 3 3 2 1 8 9 1 6 8 7 6 10 4 4 9 7 7 9 10
632 10 1 1 8 1 1 8 2 10 9 4 3 5 9 9 1 3 5 10 4
746 4 6 9 4 10 1 6 5 1 5 10 3 5 10 10 9 10 2 7 8
557 9 1 6 5 2 4 4 5 2 9 10 2 2 6 3 3 3 5 5 5
742 1 6 8 3 2 8 10 2 7 1 8 4 6 2 8 6 1 5 9 9
616 7 2 4 4 7 7 10 1 6 2 2 8 6 10 7 1 2 1 2 5
723 9 10 3 5 7 4 3 5 4 4 5 7 7 3 6 8 4 9 9 1
560 6 5 6 1 3 3 7 4 2 8 4 2 3 1 6 10 4 7 1 7
698 7 2 1 8 4 10 2 7 5 6 9 1 9 7 1 2 5 5 4 9
757 6 7 6 7 9 10 8 7 1 5 2 9 5 2 3 2 8 1 6 7
748 8 2 9 10 10 4 5 7 7 4 3 2 9 4 7 1 4 7 1 9
743 1 1 8 10 5 7 5 3 6 10 1 7 4 7 10 5 4 7 1 8
676 3 6 5 8 2 7 9 9 3 4 6 1 5 3 9 9 5 4 7 2
669 3 3 2 2 8 1 10 6 5 2 1 2 7 9 6 7 10 6 2 10
720 8 7 1 8 6 9 8 3 5 1 5 2 10 8 10 9 5 10 5 2
20
584 7 10 5 4 2 1 2 8 1 3 5 4 8 9 2 9 4 4 6 8
498 4 7 4 1 5 5 6 1 1 3 1 3 3 7 6 1 1 2 6 9
739 7 9 2 2 10 5 10 1 10 4 9 7 6 1 6 9 9 5 7 2
640 2 2 7 10 8 5 10 6 7 5 6 3 5 2 2 1 2 5 5 1
783 2 1 7 7 9 9 7 3 7 10 2 5 10 8 3 9 3 8 5 5
719 6 8 6 9 10 5 6 6 5 10 8 2 4 5 1 9 1 10 9 3
676 3 5 4 3 3 2 5 7 7 5 6 8 6 3 1 9 10 7 1 6
631 3 10 1 9 10 5 9 6 3 4 3 10 8 7 4 3 1 6 2 1
547 4 6 7 8 5 8 1 4 2 4 5 5 3 7 6 6 1 7 3 1
851 8 5 5 5 10 2 8 9 8 4 5 6 6 9 3 9 9 9 10 10
562 9 4 3 8 2 5 2 2 7 9 6 1 2 4 1 9 8 2 4 7
666 8 1 4 3 8 7 6 6 2 9 5 6 1 1 6 7 4 3 5 10
685 2 4 4 7 3 9 4 5 5 2 9 7 1 2 5 2 7 4 2 10
641 3 3 3 4 7 5 8 7 4 5 3 1 1 10 9 10 9 1 9 8
782 5 9 5 3 9 7 1 8 5 4 6 8 7 9 6 3 2 9 5 8
710 10 2 4 2 9 3 8 4 7 6 10 7 6 5 6 6 4 5 2 6
624 5 5 2 9 5 8 6 10 2 1 6 1 3 5 5 4 2 5 6 8
794 9 7 7 4 9 7 5 8 4 10 8 5 4 5 6 8 3 8 5 6
559 9 7 1 5 6 4 5 2 1 8 9 7 1 10 1 10 1 9 7 2
549 10 10 3 5 10 2 3 2 6 1 1 4 2 10 10 2 3 5 4 6
20
509 1 3 1 4 4 3 2 9 1 1 8 2 3 5 2 6 8 8 9 3
703 4 1 3 3 2 10 10 5 7 2 8 7 4 5 2 6 7 8 4 5
761 6 1 5 4 7 7 2 4 8 8 2 4 9 6 8 6 10 3 6 2
622 7 5 9 1 2 2 4 4 2 3 5 9 2 5 7 5 5 6 3 3
884 5 4 9 10 9 8 10 7 3 9 3 2 9 6 6 4 4 9 6 9
685 7 1 2 2 7 1 5 8 4 10 9 4 10 2 3 2 9 1 3 9
712 9 9 7 7 8 3 8 5 9 8 7 5 3 7 2 6 6 7 1 1
866 10 2 10 9 5 10 8 9 1 10 3 3 10 9 6 2 9 1 5 9
688 8 7 1 1 2 7 5 5 4 9 6 2 10 10 1 1 1 10 4 10
728 7 9 7 2 1 7 4 10 2 6 1 6 8 2 8 4 6 8 7 2
707 10 4 2 2 10 1 4 2 9 8 5 6 6 2 6 5 7 8 7 4
548 1 4 2 4 5 3 5 3 7 10 6 1 2 10 1 5 7 2 5 10
742 9 8 7 3 7 1 2 1 10 10 6 3 9 7 3 4 9 1 2 7
617 2 1 3 1 6 1 4 6 4 7 3 6 8 4 8 10 10 4 7 1
707 3 1 5 10 5 7 2 4 5 6 7 1 8 3 5 5 10 7 5 4
623 9 6 5 1 1 4 6 9 4 7 1 7 1 5 2 4 6 2 5 9
716 10 1 7 10 7 2 4 8 10 4 8 8 3 10 7 5 2 1 3 9
690 2 10 7 10 10 10 7 3 7 4 9 8 3 5 4 1 2 1 6 3
598 2 4 2 3 7 8 1 2 8 5 7 2 6 6 6 4 5 5 7 2
574 6 1 1 4 2 2 8 3 4 8 3 5 10 9 3 2 3 6 4 5
20
645 9 6 8 2 1 6 5 3 7 7 2 2 9 4 3 2 7 1 6 4
767 7 10 6 1 8 4 7 6 5 7 10 6 2 6 7 9 9 2 1 10
594 6 4 8 6 1 3 7 5 2 1 9 1 10 8 5 7 2 3 3 3
848 6 9 7 4 2 7 1 6 7 3 1 10 9 5 6 9 9 10 4 6
651 9 7 1 7 1 2 10 8 3 4 9 4 5 8 9 8 7 6 6 3
840 8 3 8 10 1 8 5 4 7 7 2 7 10 6 8 3 5 6 4 5
827 10 1 10 8 5 6 1 7 10 6 8 8 2 4 7 7 2 7 7 6
759 6 2 3 7 4 10 6 4 7 4 7 5 8 10 10 10 7 3 2 8
739 7 9 10 3 4 4 9 7 6 4 10 5 5 1 3 6 6 8 3 1
715 7 2 2 5 1 9 3 7 7 1 10 10 3 10 6 1 6 5 2 8
638 10 3 5 2 2 2 3 3 9 4 2 9 6 8 1 2 3 4 8 6
696 7 6 9 6 1 3 8 2 9 10 10 2 1 2 4 8 2 6 3 6
890 7 10 6 8 6 2 6 9 5 5 7 10 10 1 9 2 3 10 3 8
748 2 5 7 2 1 9 7 2 7 3 1 1 8 4 7 7 10 3 10 9
751 4 4 10 4 5 6 7 1 6 7 1 9 10 7 8 5 5 1 6 1
725 8 6 9 4 1 4 7 5 3 3 7 1 4 4 2 1 8 9 10 8
652 9 4 10 2 5 3 10 8 2 4 2 4 4 1 1 10 1 8 9 3
651 1 8 8 1 2 7 8 9 6 10 1 2 2 3 3 3 5 1 9 2
636 7 4 6 6 1 7 4 5 3 6 7 4 7 2 1 4 5 3 10 3
572 10 3 3 6 1 2 6 5 4 7 1 5 6 1 4 10 2 6 1 8
20
680 4 10 5 9 2 1 6 7 5 4 10 2 10 8 9 7 4 2 2 8
745 10 7 4 3 3 9 6 5 10 3 3 4 4 5 8 7 4 7 10 1
743 9 4 2 3 5 5 8 10 10 3 7 1 9 3 3 3 10 4 6 3
593 5 4 4 1 1 5 8 1 2 6 5 5 2 1 8 7 2 5 9 7
612 1 10 1 3 9 4 8 3 3 4 5 5 3 4 4 5 10 8 1 6
710 9 3 9 6 4 9 9 7 1 1 1 9 5 6 3 3 10 2 5 2
802 10 4 10 2 2 5 6 9 10 8 2 2 5 8 5 1 8 9 6 2
589 9 1 6 10 1 1 5 8 2 5 1 9 4 1 3 7 1 8 6 6
614 5 3 4 4 5 8 10 6 3 9 5 6 3 6 4 7 6 1 5 3
861 4 10 5 3 10 3 10 9 6 5 6 10 10 7 7 9 3 10 9 2
723 1 5 6 4 1 10 9 4 10 7 8 5 3 5 7 9 7 1 5 7
899 9 8 7 9 10 8 3 10 6 8 9 8 10 5 1 9 5 7 6 4
650 5 6 10 8 9 9 5 3 1 5 2 6 3 3 7 8 1 7 2 4
766 7 8 7 1 1 9 7 4 4 5 2 10 6 8 7 3 7 1 8 10
842 8 9 4 8 9 8 7 3 3 2 8 10 8 5 10 10 1 9 5 10
674 3 8 7 6 3 2 6 7 10 5 6 4 3 9 2 4 1 10 5 5
758 7 1 6 3 8 4 3 8 9 5 9 6 5 9 5 7 2 6 4 7
733 6 10 9 8 5 2 6 2 7 8 3 1 6 1 7 3 6 9 5 2
773 2 9 5 3 10 4 6 7 9 6 9 4 6 6 7 6 7 2 8 5
806 6 8 6 8 9 4 5 9 10 7 4 5 8 9 9 9 2 10 5 3
20
681 7 4 7 1 2 6 7 3 9 4 9 5 4 9 2 9 5 6 2 2
795 10 2 8 10 3 10 8 3 5 10 3 5 1 8 6 3 5 10 6 6
795 3 3 9 8 5 7 7 4 6 7 1 9 3 8 7 3 2 6 8 9
810 1 8 6 6 7 2 6 10 10 6 2 10 7 7 6 10 7 10 2 2
845 10 2 6 7 8 9 6 7 2 10 9 4 8 4 4 7 3 8 5 9
668 1 8 7 4 3 8 3 6 3 2 10 9 4 1 1 3 10 3 7 1
597 9 3 4 6 4 2 7 7 3 5 1 2 1 4 9 8 7 10 2 2
820 5 5 5 7 9 10 7 2 6 8 10 8 4 4 4 4 7 4 5 7
782 2 5 4 10 1 4 7 5 9 3 10 9 4 1 5 5 9 10 4 9
754 2 4 2 1 6 10 7 5 1 5 5 5 8 2 4 3 9 8 9 10
621 7 5 3 2 7 1 6 5 3 5 10 7 2 5 4 3 3 7 1 9
925 5 4 10 6 1 10 9 4 10 9 7 2 7 6 3 9 9 9 6 7
890 10 5 6 10 1 10 6 5 9 8 5 5 8 7 8 1 8 5 10 6
856 9 3 6 9 7 1 7 8 4 10 4 7 10 8 1 7 6 9 10 9
818 1 7 9 7 9 3 3 9 8 7 8 1 6 2 7 9 5 8 5 8
811 10 1 7 4 10 6 9 1 7 2 7 2 7 1 9 4 6 6 10 9
672 9 4 3 8 1 4 8 8 3 7 5 8 1 4 5 4 9 4 6 1
831 9 3 7 7 7 8 1 2 6 8 7 10 5 1 7 7 9 9 9 2
765 8 2 8 8 7 7 8 2 7 3 10 6 7 8 2 7 7 1 6 8
740 5 1 2 1 9 5 1 7 9 7 6 6 7 3 6 10 8 10 2 4
20
626 9 1 5 3 9 9 5 1 2 9 4 1 3 5 8 9 3 8 7 2
716 2 10 1 4 10 6 7 5 4 1 10 3 8 9 8 9 8 6 6 4
766 4 6 9 4 2 7 7 5 9 7 5 3 6 10 2 9 3 9 4 7
675 3 1 9 10 8 1 6 2 7 10 9 5 4 5 5 4 3 9 1 1
858 9 8 10 3 1 4 3 4 10 8 5 9 5 8 3 10 9 9 9 5
672 4 9 7 1 7 6 10 5 6 2 3 4 2 3 2 8 7 6 8 8
586 4 4 3 2 7 2 8 10 6 7 3 3 7 7 2 1 4 2 3 6
822 7 5 8 10 7 10 7 1 3 5 7 10 3 7 2 3 10 8 8 4
605 6 9 5 9 3 5 7 5 3 5 7 9 1 6 8 3 2 3 6 2
632 3 2 2 3 3 10 2 9 7 2 2 7 4 10 7 6 5 1 10 4
642 8 4 1 10 1 7 7 8 3 5 3 8 3 7 9 4 3 8 4 4
664 4 6 6 9 6 8 3 3 4 3 9 9 1 6 3 4 7 4 9 2
624 10 2 3 5 7 4 8 8 4 3 2 3 3 2 4 7 6 8 6 3
812 9 7 3 7 2 10 9 10 8 1 1 9 10 7 8 8 4 6 6 5
688 6 9 1 10 3 9 7 9 8 5 2 5 2 4 4 1 3 5 8 9
698 1 5 3 9 9 7 4 10 2 8 6 8 10 1 1 6 9 1 1 4
677 7 7 5 6 5 6 10 5 2 5 2 6 8 3 3 9 9 2 6 4
768 7 8 1 9 10 9 8 3 4 10 1 5 3 9 10 6 3 6 10 6
598 9 3 3 7 1 7 6 5 3 4 10 5 3 7 5 10 5 4 5 2
1012 10 5 10 10 10 8 10 10 3 8 8 8 6 5 6 6 9 8 10 4
20
742 7 5 10 10 1 5 8 4 10 2 8 4 9 10 3 2 2 7 5 3
747 7 9 4 10 8 6 7 1 3 6 6 9 2 1 9 2 10 2 9 8
737 1 8 9 7 3 7 10 1 8 5 9 2 4 8 9 2 6 6 7 1
745 2 9 4 3 9 9 9 9 9 2 6 2 3 8 3 8 10 2 7 10
676 10 2 8 8 7 3 4 9 5 4 8 2 5 3 10 9 2 5 2 2
776 10 3 9 5 3 10 7 3 4 3 8 7 8 9 6 6 6 4 9 2
707 3 4 6 4 8 4 1 10 2 8 7 4 9 9 7 7 2 4 6 9
778 8 5 9 3 4 10 6 9 2 8 10 10 6 7 6 7 5 1 3 3
565 4 10 9 4 3 1 7 5 4 2 6 2 3 1 4 3 3 7 7 5
797 2 5 9 6 3 7 6 10 5 8 5 4 7 6 8 7 3 7 7 5
718 5 7 1 5 6 3 9 6 10 8 5 5 8 10 8 8 3 1 7 3
778 9 2 5 6 3 6 8 10 3 8 9 6 6 1 9 1 9 4 7 5
643 6 9 2 9 6 5 7 3 8 7 5 1 5 2 9 10 2 8 1 2
702 10 9 1 9 8 5 8 3 3 6 5 9 5 8 7 5 3 5 4 9
556 7 6 6 6 6 2 8 9 7 9 3 1 1 2 7 4 3 2 3 2
801 2 9 1 7 1 9 10 10 10 10 10 3 5 6 7 9 7 8 2 4
771 3 7 10 4 2 7 4 8 6 2 4 7 9 7 1 7 3 10 9 1
719 2 6 2 7 8 1 8 7 4 8 7 6 5 3 6 5 6 8 9 9
666 10 9 5 9 9 2 10 6 4 8 3 4 4 4 1 10 7 5 3 1
747 10 4 2 4 3 9 7 1 8 7 10 2 3 2 8 6 8 4 6 9
20
677 4 7 2 9 4 8 5 3 3 2 3 8 8 7 1 6 3 8 5 6
733 4 3 3 3 10 6 8 5 9 6 7 5 6 3 4 5 6 5 5 10
867 2 3 6 9 4 10 10 7 9 8 8 3 3 10 7 9 10 7 7 3
672 10 2 10 3 3 4 2 2 3 5 9 10 1 2 2 3 9 9 2 5
696 9 1 5 3 2 9 10 9 5 10 1 7 10 7 3 10 3 2 1 3
611 4 7 3 5 1 4 4 4 2 1 7 5 5 8 7 8 1 10 6 10
879 9 5 9 8 8 10 6 7 7 7 7 7 9 3 2 2 6 5 2 7
703 9 10 4 5 3 6 8 7 2 6 10 1 9 2 4 3 2 7 6 8
738 8 1 8 3 1 3 2 5 10 6 5 10 8 10 7 3 7 1 6 2
768 8 9 8 5 6 5 2 5 9 10 3 10 2 3 6 4 5 5 1 7
810 6 5 1 5 10 9 6 5 9 10 2 8 8 9 10 7 5 2 5 4
641 4 1 4 4 6 5 3 3 3 3 3 9 5 2 4 5 8 3 6 10
665 2 5 8 5 3 5 3 3 9 3 4 1 9 4 3 7 5 5 10 1
750 4 6 9 4 8 6 1 7 9 3 5 2 9 3 8 8 4 3 9 4
607 6 2 1 8 3 4 4 10 9 2 10 2 1 1 2 7 8 3 8 5
707 9 7 8 7 1 10 4 4 5 6 7 3 2 7 4 3 5 5 4 8
774 10 10 5 9 4 10 6 2 3 8 9 1 2 10 7 6 6 9 5 7
730 10 3 1 1 6 8 5 1 9 7 9 6 5 9 7 10 4 8 3 4
657 5 1 3 10 2 3 6 7 2 5 8 9 6 8 5 7 1 6 9 5
630 1 10 1 9 9 3 9 7 1 3 5 3 1 9 7 4 7 6 6 7
20
765 4 6 5 5 10 6 8 10 1 1 3 7 10 6 9 4 5 7 7 1
642 2 5 9 2 10 6 8 10 5 1 7 1 1 9 8 5 6 4 6 1
557 3 3 5 3 5 5 10 1 1 1 3 7 4 10 6 9 4 8 1 3
716 2 2 7 5 4 8 3 2 7 7 2 6 10 2 3 10 7 5 1 3
663 1 9 10 9 1 6 3 7 8 9 7 8 2 3 3 1 1 2 5 5
724 6 8 10 10 2 10 3 8 5 8 6 9 1 6 6 3 6 4 1 1
653 9 5 3 4 3 1 9 6 8 5 5 1 5 3 10 9 8 2 6 2
680 3 6 5 2 1 10 1 2 5 4 1 9 5 1 6 8 6 5 1 8
723 9 3 9 1 6 9 3 7 5 1 7 1 3 3 6 1 7 7 2 8
722 9 9 2 8 1 6 7 7 10 5 4 2 4 2 5 10 8 8 9 1
614 9 7 1 8 4 4 5 3 9 9 5 6 1 5 3 4 3 4 6 7
803 6 2 3 3 1 10 5 7 6 8 4 8 9 7 1 2 7 9 3 7
647 3 8 3 1 3 1 9 2 8 2 1 9 6 8 4 8 8 7 6 3
770 7 1 3 5 5 1 10 10 2 4 8 9 5 5 6 8 8 9 8 6
814 9 6 10 10 3 1 5 10 9 5 6 6 10 1 4 9 10 1 7 3
695 6 1 6 2 1 5 6 10 5 3 4 5 10 2 6 9 3 3 2 8
546 6 7 9 7 7 2 7 2 3 1 3 6 2 10 1 2 9 4 4 2
585 6 4 6 6 6 4 6 9 4 2 3 7 2 5 2 1 4 4 7 3
817 10 3 5 5 2 8 10 5 9 1 4 5 10 1 8 6 10 2 4 9
604 6 1 1 8 10 7 10 7 8 3 2 9 2 9 1 5 7 2 2 2
20
638 8 6 1 1 4 2 2 8 10 5 10 2 4 8 9 9 1 9 5 6
783 2 1 3 4 9 10 5 10 4 10 10 4 3 7 7 9 4 10 3 8
671 6 3 4 3 4 6 1 9 5 3 1 7 7 7 10 10 6 2 2 4
722 9 1 3 3 2 8 8 7 1 5 1 7 6 1 9 4 6 8 7 6
804 6 7 8 1 1 5 5 8 10 10 2 10 6 1 10 7 10 1 3 5
528 5 3 1 9 6 2 9 6 3 10 4 8 1 5 4 5 2 1 5 5
809 2 3 1 5 4 4 8 9 10 7 8 10 9 6 5 6 5 2 10 7
637 8 10 2 1 7 9 5 5 6 9 8 1 2 9 4 5 6 2 10 3
564 4 6 3 7 2 6 1 5 8 9 1 5 1 4 1 5 3 7 3 6
802 3 9 10 10 10 8 3 5 5 9 7 8 1 3 7 4 2 5 8 7
692 4 1 9 9 3 6 10 3 5 4 4 4 3 8 4 3 10 4 3 5
707 8 1 3 7 5 2 10 3 10 1 6 1 6 10 4 6 5 7 6 10
582 9 8 2 5 7 7 3 4 4 1 2 3 7 9 6 1 5 2 2 9
682 4 9 7 4 10 7 4 6 7 6 6 3 1 1 5 8 8 2 3 6
831 6 4 10 4 2 5 5 9 8 9 10 4 3 7 6 2 2 7 5 10
647 3 3 2 2 7 1 10 8 1 2 2 2 7 1 8 7 10 8 6 6
688 10 3 8 7 2 4 1 1 4 4 10 8 2 1 10 8 3 6 10 5
689 6 7 8 7 2 7 10 1 10 3 1 5 2 9 3 5 3 3 6 8
845 7 7 4 1 3 10 8 8 9 9 7 10 4 1 9 10 4 4 10 5
643 2 8 5 10 5 4 1 1 7 6 8 1 4 10 4 7 7 10 2 3
20
689 3 3 1 1 1 4 4 7 9 7 5 1 1 5 8 6 7 8 8 10
582 3 9 2 9 6 9 1 1 3 1 8 8 7 2 3 9 3 6 2 1
832 7 4 9 7 4 7 9 5 7 4 9 5 7 4 6 1 9 10 5 2
760 3 3 2 5 10 9 3 8 2 9 5 6 5 6 8 8 9 3 10 7
772 7 10 4 5 2 5 10 6 7 9 6 3 7 7 2 2 1 10 7 7
637 9 5 1 5 10 3 7 4 1 3 9 7 10 8 4 6 1 5 8 7
597 1 1 4 1 10 1 8 2 7 5 5 1 10 3 7 2 7 6 4 2
655 2 2 5 6 3 6 5 3 4 8 8 4 6 10 5 8 5 8 4 1
736 8 10 8 4 5 5 1 6 6 3 10 1 5 6 2 6 8 6 7 8
754 10 6 8 10 8 5 4 7 8 5 2 6 10 7 1 8 5 1 7 6
818 7 9 1 8 7 7 7 1 6 6 5 9 9 3 10 8 2 9 10 10
848 4 2 8 8 8 8 8 10 5 1 10 5 10 2 5 8 2 5 4 10
749 3 6 1 3 2 3 8 9 9 4 8 9 4 3 9 10 3 9 1 10
681 1 5 8 8 5 10 7 1 7 4 5 1 8 8 9 7 4 4 6 1
789 10 2 6 9 2 10 8 9 6 1 4 7 2 5 7 3 10 3 7 6
780 3 8 7 9 2 9 2 5 5 4 8 10 7 1 4 7 3 7 5 6
835 3 4 2 4 3 9 4 7 5 7 10 7 10 3 8 4 10 7 8 1
746 4 3 7 6 8 1 7 2 6 3 6 9 2 5 10 6 8 10 6 7
793 8 2 10 9 4 7 8 8 6 6 7 2 3 3 2 1 6 5 7 9
683 1 6 2 5 5 7 10 4 5 5 4 4 3 4 7 4 5 7 9 7
20
712 4 10 8 8 3 9 5 2 2 2 10 8 3 3 5 8 2 8 10 5
585 7 4 1 2 9 4 10 1 10 7 4 1 4 1 3 10 9 1 4 4
834 3 6 7 7 10 10 5 8 3 4 6 4 8 8 10 7 5 6 9 9
689 3 6 10 7 10 7 9 9 6 1 2 1 5 6 6 1 1 8 6 4
767 6 6 9 8 2 9 4 9 2 4 2 7 10 9 5 2 2 8 4 8
675 8 5 7 6 1 6 6 2 9 9 3 5 3 5 1 9 3 1 8 6
637 8 4 10 6 4 10 7 2 3 1 10 10 1 1 7 1 3 2 1 3
693 8 3 1 8 8 5 4 2 8 8 5 1 8 4 2 8 1 9 8 10
842 2 8 8 8 4 9 8 2 4 8 7 3 7 7 2 10 10 9 7 10
735 5 8 1 2 6 8 3 2 10 3 5 2 10 2 10 5 10 5 5 7
670 5 4 5 8 8 7 10 7 10 5 7 2 3 10 2 8 2 2 7 3
734 6 2 9 8 3 7 7 3 4 2 7 6 6 1 9 10 6 8 5 3
775 1 7 10 1 1 10 10 2 6 4 10 4 1 7 2 2 6 10 5 9
764 8 6 2 10 10 7 8 4 4 10 2 4 7 7 4 4 6 3 10 7
783 5 3 10 8 8 10 2 2 1 6 2 5 9 2 10 3 5 7 6 4
669 7 8 1 7 8 5 9 2 10 4 1 10 3 1 3 8 4 10 1 1
735 10 5 7 7 2 2 5 6 10 6 1 9 1 4 10 2 7 5 9 2
789 3 1 9 2 2 9 7 5 4 9 10 9 9 8 6 4 3 3 10 4
616 2 6 8 2 4 2 8 3 9 5 6 1 1 8 8 2 3 4 8 8
608 2 5 1 8 7 7 1 1 10 2 2 1 7 9 9 9 6 4 2 6
20
721 9 8 8 5 6 7 8 5 5 1 4 10 2 10 6 10 4 4 7 4
671 2 7 1 5 4 1 8 8 3 4 6 4 7 6 5 9 4 10 10 9
705 2 3 3 5 1 5 4 10 4 10 8 9 8 7 5 4 4 4 4 5
872 3 1 4 1 9 9 5 6 10 6 10 9 9 4 5 4 10 10 2 3
770 6 3 10 5 8 6 8 4 5 10 7 8 1 1 3 8 1 5 10 9
625 3 9 8 1 6 3 6 2 2 10 10 2 5 9 4 10 1 2 8 6
570 4 3 5 4 6 7 7 9 5 2 7 1 2 3 5 5 6 1 8 4
546 1 1 2 4 1 2 10 3 2 10 4 2 10 8 5 5 1 7 2 1
652 1 4 7 4 5 3 10 6 2 4 8 5 5 10 10 9 3 8 1 5
816 10 4 7 9 7 3 1 10 8 8 6 7 8 3 4 7 5 7 1 7
681 2 5 5 10 8 5 10 7 2 8 5 5 9 2 3 5 1 4 8 7
644 7 8 10 2 5 2 4 8 4 2 6 8 5 10 1 10 2 10 2 1
720 6 7 4 2 7 8 8 2 5 3 10 4 9 1 5 5 1 8 4 8
612 1 1 6 4 6 9 6 1 3 2 6 9 3 9 1 5 2 6 7 3
775 6 10 3 6 7 10 7 3 10 3 2 3 7 2 9 1 10 2 7 8
654 5 8 2 10 6 7 4 1 4 5 10 7 3 9 4 2 6 5 4 9
832 7 10 10 10 4 2 7 2 5 10 10 3 4 10 10 3 8 5 10 4
693 9 3 3 6 10 4 5 2 5 5 2 5 9 5 4 4 7 3 6 9
749 5 5 5 8 2 7 8 3 8 7 9 1 2 1 5 4 7 4 8 10
672 4 8 10 6 8 8 1 8 6 4 1 1 1 2 10 8 2 7 7 7
20
499 5 3 3 6 6 3 2 8 4 3 4 3 1 1 6 9 8 1 8 1
698 2 3 9 9 4 5 10 2 7 8 10 7 1 9 7 3 4 2 5 6
803 10 2 4 9 3 6 10 7 6 2 7 1 10 8 6 5 8 9 4 6
814 10 4 7 2 2 10 5 9 8 2 10 3 5 2 3 9 7 5 7 9
636 1 2 2 1 6 9 8 4 2 4 8 2 9 5 10 2 7 2 7 3
689 10 1 9 4 3 7 8 6 9 8 8 4 5 9 7 2 1 2 1 4
699 9 6 4 9 2 5 8 8 7 4 10 1 1 7 9 4 7 7 10 3
705 4 5 5 5 7 6 3 3 8 9 2 10 7 6 4 9 2 4 7 4
774 7 8 10 3 4 3 2 6 4 3 6 5 10 1 4 7 8 8 9 5
743 1 8 9 10 9 9 1 5 4 6 9 9 1 5 7 8 6 7 6 1
762 6 6 3 3 8 4 8 9 7 5 9 3 9 4 2 7 6 9 8 5
630 4 2 3 10 3 7 8 4 5 2 2 6 3 10 10 6 3 3 5 5
793 8 1 7 8 3 9 4 8 6 3 2 5 7 10 7 9 1 8 9 6
719 9 7 9 5 4 2 7 10 3 2 7 2 7 6 7 3 7 1 8 8
609 1 1 4 9 2 5 1 1 5 9 5 1 8 4 4 3 4 6 4 6
859 7 2 8 5 7 6 8 5 9 2 10 8 10 1 1 1 6 10 8 4
697 9 3 4 2 2 3 9 4 8 4 9 1 6 7 3 7 3 10 4 8
795 6 8 8 1 10 7 6 6 9 10 8 1 6 4 8 6 3 2 4 10
599 7 2 3 4 9 5 7 7 8 2 1 5 3 1 3 10 10 1 6 1
606 3 2 6 10 1 9 8 4 5 5 5 2 1 4 5 10 10 3 2 5
20
651 2 3 8 9 5 1 7 5 1 7 6 1 3 6 6 2 9 4 6 7
601 2 1 8 5 6 4 9 6 3 1 2 2 2 3 8 1 8 6 4 3
688 3 3 10 6 4 9 4 2 6 1 3 9 6 7 2 5 9 4 3 3
691 3 6 7 4 5 9 3 2 4 3 10 9 6 7 6 3 1 2 3 9
802 2 8 7 7 8 7 5 10 3 1 1 10 3 4 10 8 5 9 7 9
676 9 6 10 2 7 8 1 1 2 3 5 6 6 1 2 1 5 8 5 3
652 7 5 10 4 3 10 4 2 2 3 2 5 5 8 1 5 1 6 9 9
768 6 3 6 1 7 8 9 3 2 2 8 8 9 3 8 3 10 6 6 1
618 7 4 2 3 4 4 8 5 10 6 10 8 1 10 1 5 8 1 6 2
655 1 5 7 2 7 8 1 2 3 2 5 6 5 6 7 4 8 8 6 1
637 7 9 1 10 10 10 1 2 2 2 1 3 6 3 8 8 5 8 6 4
650 4 4 10 6 2 6 5 4 1 2 6 9 5 3 8 4 2 3 7 5
591 1 6 3 6 2 6 1 5 5 3 4 6 4 4 10 10 1 6 8 4
773 3 9 9 8 2 6 1 8 1 2 10 6 7 5 4 7 10 10 5 2
601 7 4 9 9 4 3 4 8 1 1 4 1 2 6 8 10 5 5 5 9
746 4 7 5 2 3 9 10 9 1 6 1 4 8 10 5 4 10 5 5 3
437 2 5 1 6 2 1 8 5 1 1 3 5 3 3 3 8 4 4 2 6
546 7 6 1 10 3 1 4 6 5 3 1 5 1 6 2 4 9 1 9 10
757 10 6 1 1 5 7 9 6 6 10 10 7 10 1 3 4 7 6 2 1
651 9 5 4 10 9 10 6 3 2 10 5 2 1 5 1 10 7 3 4 4
20
793 10 9 5 7 10 6 8 3 8 5 1 2 5 10 3 9 10 9 5 6
684 4 4 7 8 8 2 9 10 3 2 2 3 7 5 1 3 7 1 8 8
718 9 6 7 4 4 6 2 9 3 2 7 1 10 5 6 7 6 3 6 10
603 4 3 9 5 5 3 4 2 1 2 5 4 2 9 6 4 4 5 9 9
651 5 3 5 5 4 1 9 1 10 6 6 2 7 1 7 5 2 5 9 5
598 8 4 2 10 6 4 4 3 8 8 1 4 2 8 3 8 8 4 6 3
739 4 3 5 7 4 5 1 8 3 4 6 9 8 4 9 1 10 5 3 2
742 4 1 6 2 5 10 1 5 7 9 7 8 1 4 4 9 8 5 8 5
743 7 6 8 8 9 4 8 2 6 8 3 8 1 9 10 5 6 9 1 1
747 6 10 2 4 7 2 7 1 10 4 10 9 5 2 9 9 8 1 4 6
553 1 10 8 3 10 9 2 1 6 2 6 3 1 10 1 9 3 3 3 6
672 2 10 5 9 6 7 7 4 4 9 9 8 1 3 5 10 4 1 9 5
691 8 2 7 2 7 4 6 8 6 8 4 9 2 5 9 8 2 3 1 7
573 10 2 7 10 1 4 1 1 1 6 1 9 6 9 2 4 5 4 7 2
777 9 2 4 5 7 9 7 1 9 5 1 1 10 4 1 3 8 10 3 7
676 3 3 6 5 5 10 1 6 5 8 5 7 2 9 4 1 10 4 5 2
597 6 1 1 9 6 5 6 6 6 3 9 8 2 9 4 1 3 5 8 3
590 6 4 3 3 3 1 6 4 4 6 1 10 4 9 6 7 5 1 6 10
830 10 7 9 1 2 7 3 8 9 7 8 4 9 10 3 5 8 10 3 2
738 10 9 2 8 9 10 10 7 6 2 5 2 3 10 6 9 5 5 4 10
20
706 8 10 6 5 2 9 7 1 9 2 1 2 10 3 6 7 4 4 7 8
736 4 3 9 9 1 6 4 4 10 2 6 2 2 8 6 8 2 9 6 10
764 10 2 10 3 6 5 8 4 2 9 4 8 7 2 1 10 3 8 7 3
809 10 6 1 2 4 9 2 9 2 9 6 3 8 4 7 6 7 7 10 10
839 3 3 3 10 9 8 3 9 8 10 8 10 6 8 9 1 1 7 4 4
665 2 1 9 5 4 8 6 2 6 1 8 10 4 10 1 5 6 6 3 1
625 10 2 3 4 4 2 1 2 1 8 1 6 2 6 8 3 9 7 9 6
633 9 9 1 2 4 3 6 2 4 2 2 9 3 10 5 5 8 5 7 8
649 7 8 5 5 3 8 7 5 7 7 3 1 5 1 6 1 1 1 10 10
602 5 10 4 6 10 2 2 4 5 10 1 10 4 4 8 8 2 1 2 2
745 8 9 4 3 9 7 7 2 2 8 4 10 7 6 8 5 2 6 6 6
549 2 5 2 1 2 6 1 9 10 4 6 2 3 10 4 3 1 1 1 8
779 2 5 2 3 10 6 10 5 4 8 6 8 10 9 6 2 6 6 6 4
548 1 3 3 4 3 2 2 2 2 2 7 2 9 8 3 1 6 3 10 9
673 1 6 4 3 2 4 2 5 4 4 4 7 10 1 8 4 9 10 3 1
623 9 9 6 5 9 1 3 3 8 3 1 2 5 6 9 7 6 3 6 3
621 1 6 2 2 6 7 1 1 5 4 5 3 8 8 10 10 3 2 10 9
859 3 4 7 5 10 9 7 7 10 6 8 9 6 8 7 8 7 5 2 6
523 9 5 2 1 3 2 6 2 2 1 1 9 4 2 9 4 3 7 4 1
744 9 4 5 8 9 6 9 8 4 8 10 4 3 7 4 6 5 7 2 6
20
895 5 9 8 6 5 9 5 6 9 8 9 7 8 10 7 7 5 10 4 3
728 7 5 1 10 3 4 5 9 5 3 2 8 6 4 7 1 10 9 5 6
761 4 10 10 6 1 5 4 7 4 10 2 9 3 3 2 6 1 10 5 7
665 6 9 1 3 9 3 7 6 2 4 6 7 9 9 1 5 3 8 3 9
652 3 7 4 9 9 9 1 1 3 3 4 2 6 5 3 8 8 2 10 7
694 4 6 2 4 5 9 6 4 4 1 6 8 7 5 7 8 3 7 2 10
779 1 4 4 9 4 2 8 10 2 6 10 5 7 7 7 10 8 10 8 7
689 5 7 1 5 2 10 2 9 1 8 6 8 7 8 1 7 5 6 8 2
662 5 3 4 8 1 4 6 4 2 9 10 5 1 10 9 4 5 8 9 5
770 10 6 9 5 10 3 9 7 1 4 10 7 5 3 6 3 3 3 8 10
894 6 6 6 7 6 9 4 10 9 7 7 4 7 5 1 9 9 10 1 8
593 5 10 3 6 2 1 1 1 4 9 5 3 6 3 2 5 3 8 1 10
794 6 5 10 9 5 5 9 8 7 7 2 3 5 6 3 5 9 4 9 5
595 2 5 5 8 2 6 1 4 3 2 8 3 5 8 6 8 7 4 3 4
658 8 4 4 3 6 8 4 9 6 2 8 10 2 4 6 6 2 5 1 4
536 5 8 1 6 7 3 8 2 1 10 3 6 1 5 9 2 5 2 9 2
803 7 8 3 5 4 1 4 8 7 10 2 9 9 10 5 9 2 10 8 5
882 9 7 4 6 6 8 6 1 10 10 4 10 6 10 6 9 6 6 4 9
646 3 7 5 7 7 3 10 1 7 1 6 4 2 9 2 7 7 7 5 6
663 7 6 3 2 4 8 8 6 7 6 5 6 9 10 4 9 4 1 1 4
20
755 10 6 6 6 5 8 2 10 2 8 10 10 7 9 1 5 4 4 1 3
628 3 5 5 8 4 5 5 1 1 3 10 7 2 3 9 6 1 5 10 8
746 10 4 9 1 4 7 6 5 1 8 9 10 2 2 4 3 1 9 5 6
579 4 5 1 4 6 2 10 5 8 2 2 10 1 5 5 7 2 6 2 4
710 1 6 3 4 8 1 8 10 6 2 9 6 2 10 7 8 10 7 1 9
694 10 5 1 5 1 3 1 10 1 10 4 9 6 2 9 7 8 9 4 1
917 9 4 10 10 4 1 10 10 5 10 8 9 5 2 9 10 7 2 7 9
912 2 3 10 10 9 4 9 9 9 4 6 8 10 9 7 9 10 1 6 7
664 9 8 1 3 3 5 5 6 2 8 9 6 7 7 8 4 7 1 8 3
680 3 3 8 8 3 9 5 2 1 3 10 2 3 7 5 5 8 9 3 7
735 8 9 9 8 1 8 1 8 8 3 10 3 2 4 4 2 8 2 9 6
641 2 7 6 1 10 4 7 10 3 1 7 8 2 5 10 4 5 6 2 3
746 5 10 9 2 8 2 4 6 5 4 8 8 5 8 10 3 4 4 1 9
763 9 7 8 3 10 3 3 6 8 8 3 8 3 6 2 8 6 7 5 5
799 4 6 1 5 5 8 5 10 6 3 9 10 5 6 8 8 7 6 7 8
850 8 6 8 4 8 9 3 4 10 8 10 5 3 4 8 3 6 7 9 4
518 5 7 1 5 5 2 1 4 6 2 3 3 5 2 8 4 1 1 5 10
704 6 9 10 3 9 2 5 5 3 10 5 4 7 1 10 1 7 1 2 4
704 7 10 6 8 9 6 1 8 7 2 8 8 1 8 3 3 5 4 6 3
772 5 10 4 7 9 10 4 6 10 1 3 8 7 10 1 5 2 10 7 1
20
737 8 5 8 2 8 3 7 4 4 4 10 3 8 4 9 1 10 2 7 7
721 7 8 10 5 1 8 3 2 6 4 2 5 7 4 8 4 7 8 7 1
666 4 8 4 3 3 9 10 2 2 8 6 2 3 6 4 3 3 8 9 6
638 3 2 1 8 3 8 8 9 8 2 1 1 3 8 4 5 6 3 10 9
675 3 8 9 9 5 3 5 3 6 7 3 3 3 3 8 9 2 7 3 7
806 2 2 7 1 8 8 6 8 4 10 10 4 10 4 3 9 7 4 4 9
771 7 1 3 4 8 5 9 1 8 10 3 5 7 4 10 3 8 2 6 9
771 6 9 8 10 4 10 7 5 7 3 1 10 2 3 2 4 5 5 6 6
758 6 4 4 7 1 5 2 10 5 5 1 9 7 6 10 9 10 4 8 1
772 6 10 4 9 6 10 2 4 7 5 3 10 3 7 3 6 10 1 8 6
769 10 7 7 4 1 7 5 9 3 10 2 7 3 5 8 2 3 8 5 7
768 9 4 7 6 2 8 2 4 7 6 2 8 8 5 2 7 4 8 5 5
641 3 8 9 10 8 6 3 8 4 6 10 3 1 8 1 2 3 1 7 7
608 3 10 6 2 1 10 3 7 4 7 4 10 2 1 1 4 8 1 1 3
723 4 7 7 1 1 8 8 3 4 10 7 5 4 7 5 3 4 9 9 3
727 9 6 5 10 7 7 3 6 10 8 3 8 1 4 2 7 4 2 10 3
664 7 10 4 9 3 4 7 2 6 1 6 2 7 5 8 7 5 10 6 1
753 4 10 10 5 10 8 4 4 1 5 7 4 8 5 4 9 7 3 10 5
708 3 8 4 5 1 7 1 4 6 8 1 8 4 8 10 9 8 5 10 4
717 5 1 4 4 5 9 10 8 6 7 7 9 4 7 3 3 2 8 5 3
20
728 5 5 6 4 5 6 1 3 7 4 10 2 10 5 3 1 8 6 10 7
679 3 3 8 8 8 2 1 6 1 6 3 5 7 1 2 7 9 9 9 2
673 5 1 6 7 6 3 8 2 3 2 5 8 10 3 3 9 7 6 6 3
502 2 5 3 5 4 4 3 6 2 5 6 3 7 8 2 1 3 5 2 4
591 4 8 7 1 2 1 5 4 3 3 10 3 5 7 7 6 5 7 5 3
723 6 4 7 1 4 5 3 5 7 3 9 3 9 7 6 4 2 9 1 8
571 9 10 1 1 1 4 7 3 5 1 1 5 2 4 5 5 9 8 7 3
705 2 5 4 2 4 7 5 5 10 5 1 10 2 10 3 6 9 6 7 5
660 2 2 5 2 4 10 6 3 7 9 4 4 1 10 3 7 5 7 6 3
811 9 8 9 3 3 5 10 3 10 1 5 5 10 5 7 7 5 10 2 4
665 6 6 7 10 3 7 8 8 1 5 8 9 1 3 3 6 1 10 1 5
817 8 1 7 1 8 8 9 7 8 3 3 5 10 5 4 8 7 6 4 10
816 3 1 9 3 5 4 3 9 6 1 9 9 10 5 6 2 3 9 4 7
907 6 5 10 9 2 9 8 7 7 4 1 10 9 7 5 8 10 2 3 9
695 4 5 6 5 5 3 3 7 6 2 7 10 5 3 10 5 1 8 3 6
499 8 3 1 2 4 1 5 4 10 3 5 4 6 4 2 4 5 3 3 3
618 6 5 8 10 3 7 1 4 3 1 7 8 1 1 1 1 1 4 9 7
918 10 9 8 7 7 5 8 8 7 9 10 3 9 7 3 8 8 9 9 1
613 5 7 5 2 4 2 6 9 2 4 1 9 1 8 9 10 1 7 2 7
814 7 5 6 4 3 6 4 2 6 1 8 10 8 8 9 9 5 10 6 10
