100 15
500 500 500 500 500 500 500 500 500 500 500 500 500 500 500
25
405 5 6 4 4 3 1 2 10 3 8 3 4 7 4 1
527 7 9 2 1 6 8 1 10 7 6 3 8 2 2 10
481 5 4 4 3 1 2 9 9 6 10 5 8 4 1 9
531 9 4 5 1 10 9 9 2 9 2 10 5 7 8 2
350 2 4 3 4 2 10 1 10 10 2 1 1 7 2 1
421 3 2 8 4 7 6 4 2 10 6 8 3 4 6 8
473 2 8 1 4 6 4 1 10 7 5 6 1 6 2 9
453 4 7 10 8 3 10 7 3 6 4 1 5 9 7 1
455 3 2 9 7 7 3 7 2 7 7 4 8 4 2 10
492 7 4 8 5 3 9 10 7 9 2 8 10 3 7 2
398 7 4 9 3 2 7 10 1 1 3 6 6 2 9 4
538 9 4 4 5 5 7 3 6 6 10 4 7 7 6 3
553 1 6 8 4 6 10 4 3 2 10 6 5 10 10 9
354 5 8 7 3 2 8 1 2 6 5 6 2 1 4 8
446 1 2 5 3 9 7 4 6 6 4 8 9 3 3 5
455 4 10 3 10 2 7 9 1 9 9 5 1 6 4 4
350 5 3 10 8 1 9 7 2 8 1 1 4 6 4 3
439 2 5 8 9 4 2 8 9 6 1 7 9 5 4 6
581 1 10 3 4 10 9 6 9 9 9 8 1 2 8 8
478 3 9 8 4 4 9 2 6 4 7 4 6 5 7 6
402 1 2 5 5 9 1 8 4 10 3 4 1 3 6 7
444 4 8 2 2 4 7 2 10 5 5 1 3 7 1 2
560 4 10 2 9 3 8 3 10 6 10 10 1 2 7 7
415 1 1 5 6 6 1 4 8 10 6 10 1 1 8 8
528 8 10 1 2 3 7 6 10 10 3 7 9 4 4 10
25
474 8 5 6 9 2 4 8 7 3 8 2 7 2 1 6
450 9 2 2 9 5 1 4 4 1 9 10 4 4 4 3
370 5 6 10 1 7 2 5 4 4 4 10 4 6 9 1
481 6 6 5 8 9 2 1 6 6 7 5 6 3 3 6
373 6 7 8 3 3 3 6 1 1 6 2 9 7 2 6
498 3 10 10 9 7 8 7 9 1 3 9 5 5 6 1
465 10 5 3 8 3 9 5 7 9 5 4 3 2 10 1
510 8 2 6 6 7 9 1 4 4 4 6 4 6 10 8
368 3 8 5 1 4 2 4 5 6 7 1 3 7 5 1
479 2 7 3 7 3 5 9 8 10 7 3 4 1 5 8
416 8 5 8 6 7 2 2 1 5 8 8 4 5 4 1
519 3 2 7 9 4 2 10 10 10 3 9 6 6 6 9
539 10 3 10 3 10 6 5 4 1 6 7 6 8 8 4
396 7 4 6 1 1 6 9 2 4 6 5 1 6 2 6
515 10 7 9 7 6 4 7 4 9 6 10 1 5 2 7
519 6 8 6 3 8 2 2 8 1 9 6 7 10 3 5
422 1 10 2 8 6 6 4 7 4 1 3 1 8 1 5
306 4 6 6 1 6 1 1 3 5 2 2 7 7 3 5
387 7 1 3 4 3 3 5 4 10 7 5 6 2 7 1
444 6 9 5 1 3 9 4 8 10 5 8 1 2 5 2
625 9 9 4 1 8 7 7 6 8 9 9 9 9 3 4
473 3 3 9 3 1 6 9 7 9 7 10 10 1 7 9
425 5 3 8 4 2 3 10 10 10 4 1 1 6 4 5
524 10 7 5 5 6 10 9 6 4 2 10 5 1 8 4
498 1 3 3 3 9 6 3 9 5 4 4 9 8 5 9
25
491 1 1 8 5 5 8 3 9 6 10 1 4 3 4 10
519 2 10 2 4 10 8 3 7 6 4 7 4 4 9 9
403 7 4 5 8 4 5 3 7 9 2 7 9 4 7 1
404 8 9 4 9 10 1 5 1 4 2 3 6 2 4 7
360 1 1 7 3 4 1 4 6 10 1 2 7 9 8 10
465 9 2 10 2 3 7 5 4 10 4 6 1 6 4 10
455 9 6 4 7 7 3 1 6 1 6 2 6 3 10 2
553 9 3 9 7 9 1 7 8 5 10 5 6 2 4 5
451 7 8 1 6 2 4 7 4 1 5 3 1 10 2 6
393 8 1 8 6 2 2 8 2 6 3 8 8 8 10 1
406 2 1 8 7 6 4 7 4 3 4 7 1 10 3 2
461 8 6 9 6 2 7 4 6 4 5 3 8 2 8 5
634 6 1 5 7 10 10 8 7 10 3 9 8 4 7 10
501 7 9 9 7 7 1 10 8 5 4 7 4 2 4 3
466 2 1 6 5 3 5 3 3 9 10 9 4 6 9 9
364 4 9 6 4 1 9 1 1 6 5 1 1 9 4 6
493 1 1 10 3 5 10 4 9 4 8 1 2 7 2 6
505 3 5 3 5 4 4 5 8 8 9 5 10 8 10 7
341 3 3 10 8 8 3 3 4 2 1 5 4 2 7 5
566 3 4 4 9 8 8 7 8 2 8 10 3 7 2 5
474 7 6 9 3 8 2 1 1 1 8 2 4 9 10 10
383 5 4 6 1 5 2 5 10 1 3 6 8 1 5 3
518 9 3 1 8 4 1 6 7 9 8 8 5 7 4 8
491 8 6 1 3 10 1 10 2 3 6 7 6 8 3 2
507 6 6 10 6 4 8 4 7 9 7 7 2 3 1 5
25
459 1 3 5 6 9 1 5 8 9 4 9 8 5 5 4
581 9 1 1 4 7 10 10 1 7 10 2 7 9 3 3
411 1 5 2 1 10 4 9 1 2 6 4 5 3 4 9
516 9 5 3 10 2 6 3 8 2 7 7 10 4 2 6
487 6 5 10 7 2 6 9 4 6 7 2 7 10 8 6
480 2 6 6 8 1 7 4 7 2 10 5 7 1 3 9
445 1 10 3 6 10 3 3 1 5 4 6 8 9 10 6
579 10 9 10 2 10 1 5 9 7 10 1 10 1 6 4
513 2 6 8 9 2 9 3 7 3 4 7 6 10 2 10
557 3 8 8 6 10 4 8 9 9 1 7 5 6 7 10
551 4 8 9 10 7 10 2 10 6 9 7 2 1 2 6
456 3 7 4 10 1 2 6 10 5 3 9 3 10 10 8
524 7 7 7 2 6 4 7 9 3 8 8 3 9 9 2
425 1 6 10 1 1 4 5 8 1 6 9 5 8 3 7
448 2 7 8 6 4 2 3 7 9 5 6 10 7 2 9
522 8 3 2 7 8 5 4 3 3 6 9 9 8 9 6
539 5 6 8 8 7 2 6 8 7 8 5 5 9 3 2
489 6 9 6 6 3 5 7 3 9 7 2 10 10 1 5
517 5 4 1 6 4 9 5 7 6 8 5 6 4 5 8
480 10 8 6 8 2 8 7 3 7 4 6 4 1 9 10
361 7 2 4 9 2 3 7 1 8 3 3 10 7 9 3
472 4 8 6 6 7 3 9 5 8 1 7 7 5 3 9
476 4 3 9 6 10 5 9 2 8 9 6 9 3 1 1
444 6 6 9 7 6 6 9 2 4 2 6 3 3 6 8
515 9 9 8 7 1 4 9 10 4 10 7 2 5 2 2
25
428 1 5 9 6 5 10 2 6 2 3 10 2 9 6 6
524 7 8 8 8 6 8 8 1 9 4 3 8 5 9 10
319 2 1 3 8 5 2 3 3 1 4 10 2 5 1 2
402 8 8 4 1 2 1 8 2 6 6 5 7 7 1 5
379 4 7 3 3 2 1 8 4 3 6 9 2 5 6 4
412 10 1 7 9 9 2 4 1 8 3 7 6 3 2 1
504 2 3 8 8 8 4 10 4 9 7 8 6 1 10 6
617 8 8 1 5 9 9 6 4 6 10 9 2 8 2 5
554 10 8 10 8 7 10 9 1 5 5 5 4 2 1 9
310 1 5 4 8 1 7 1 2 9 3 4 1 8 5 4
498 2 9 9 2 5 4 6 7 7 9 7 6 2 5 9
413 9 1 10 3 6 1 7 5 6 3 8 1 2 5 5
537 7 4 9 4 6 7 8 4 5 10 9 10 2 8 3
459 4 9 7 9 2 10 2 8 3 1 8 9 5 1 9
508 1 5 1 10 7 9 5 9 5 7 3 9 4 1 5
495 1 6 4 8 7 4 9 1 10 8 10 9 9 6 7
547 9 8 6 3 8 2 10 9 4 10 6 1 1 6 1
435 1 5 7 10 2 8 7 8 3 2 3 7 5 5 7
518 9 5 8 9 9 9 7 4 9 2 7 10 6 3 1
478 4 5 4 2 7 3 1 9 4 5 3 5 8 8 10
512 3 1 8 8 10 4 9 2 6 4 5 6 10 1 10
448 5 8 3 3 4 5 5 10 9 7 2 1 4 1 1
349 1 6 5 2 3 2 2 5 2 1 2 9 8 6 10
419 2 4 8 8 6 1 4 8 10 8 4 4 8 1 1
433 2 10 6 8 2 10 7 4 4 5 9 8 4 1 4
25
590 5 9 6 10 5 8 9 8 9 7 8 3 8 9 4
590 4 2 5 4 8 4 8 7 9 10 10 8 6 5 10
389 2 10 4 6 1 1 9 8 2 1 8 2 9 4 8
431 10 10 5 1 3 1 8 6 3 1 1 9 4 4 9
350 7 9 6 2 1 4 5 1 6 5 10 1 2 8 8
621 7 2 5 9 7 6 6 9 10 7 1 3 10 2 9
666 10 7 7 9 8 5 10 9 3 7 10 4 7 9 7
395 5 9 3 4 6 1 4 9 10 1 10 4 2 1 4
414 3 7 7 5 4 6 8 6 1 7 5 2 1 10 5
412 2 9 2 5 4 4 5 8 4 4 9 9 3 6 2
642 7 3 7 9 9 9 1 9 6 10 10 8 9 1 3
462 4 1 5 1 3 10 7 7 9 9 6 3 5 6 1
595 6 7 10 10 10 4 2 9 10 8 1 8 3 2 10
560 7 10 6 9 1 2 9 10 5 7 9 1 6 2 10
446 8 7 6 5 9 2 1 8 1 6 9 4 2 5 1
466 3 8 3 9 3 3 2 10 8 8 3 2 7 6 3
497 3 2 7 4 8 5 10 4 9 7 8 8 9 1 3
504 2 5 3 3 8 5 5 10 9 6 4 10 10 6 2
385 4 8 3 6 6 9 1 5 3 5 4 3 3 8 1
477 2 2 7 2 9 4 6 7 3 6 10 5 7 9 1
498 8 10 1 8 1 2 9 7 8 9 6 3 5 6 6
349 5 9 7 10 3 10 5 1 2 1 1 4 1 7 5
428 5 1 1 9 1 6 4 10 4 1 5 1 5 4 7
541 10 8 2 4 10 7 7 2 3 9 7 3 4 4 3
539 7 3 2 6 8 7 5 3 8 8 10 4 1 7 10
25
562 5 4 9 10 4 7 3 7 8 10 9 4 4 10 7
632 10 7 6 7 7 7 7 4 8 10 2 4 9 10 9
363 3 3 8 6 2 4 4 8 6 1 1 5 7 4 6
473 5 8 1 1 4 10 6 9 8 2 6 5 6 2 3
435 6 3 9 10 8 4 1 4 1 10 2 3 3 10 1
436 8 2 3 6 3 10 1 10 5 1 4 5 5 5 4
494 6 7 4 10 2 5 10 6 2 8 1 6 4 1 7
344 3 3 10 3 7 1 3 4 10 2 4 6 4 10 6
487 9 4 6 6 3 10 4 4 1 2 1 1 9 10 10
436 2 2 7 2 10 6 3 8 1 4 6 6 8 1 2
411 7 9 2 3 3 2 3 8 10 2 6 6 2 5 7
487 10 5 6 5 2 6 9 1 1 7 3 8 10 5 6
517 7 3 2 6 7 5 3 7 6 9 6 4 1 1 7
460 4 5 1 9 1 4 9 10 8 1 4 7 10 9 3
423 7 6 10 6 7 6 1 2 3 1 4 1 5 8 9
447 5 6 1 4 6 4 4 4 1 9 3 6 5 5 8
532 8 9 9 8 7 5 2 3 7 5 6 8 10 7 5
464 8 4 1 2 9 7 6 8 6 2 2 3 2 8 6
562 8 9 8 6 5 8 6 5 1 7 7 3 8 8 10
542 10 9 3 7 4 5 2 8 10 7 7 1 7 10 3
430 10 3 5 10 2 5 4 9 8 3 4 1 2 2 5
438 9 10 8 5 1 2 9 4 6 7 4 8 3 6 3
389 1 4 9 1 10 1 6 5 2 6 1 9 4 6 2
467 3 8 10 6 10 4 6 4 10 6 2 3 2 3 10
526 6 10 5 2 3 10 6 4 9 8 8 3 6 8 10
25
525 7 7 10 7 8 5 1 4 7 8 5 7 10 4 7
563 3 1 6 3 10 8 5 6 7 8 4 9 9 8 6
399 3 8 3 6 2 1 2 10 3 8 4 10 4 7 2
417 5 10 9 4 6 3 9 10 5 1 1 2 2 9 2
473 3 1 6 5 3 6 4 8 2 10 9 4 5 5 5
455 10 6 7 7 1 5 5 2 10 8 2 8 3 2 9
411 2 6 5 2 7 5 4 5 6 1 8 2 5 10 7
477 1 10 6 3 7 7 1 7 2 10 1 10 6 10 6
597 6 9 9 5 10 7 3 10 5 5 5 6 7 10 10
513 8 10 7 8 2 4 6 9 3 10 2 4 2 9 2
494 4 9 4 4 4 8 6 7 9 8 9 5 6 1 4
398 2 7 10 1 1 6 2 5 9 7 7 7 8 7 3
420 2 7 4 5 2 4 6 3 6 8 6 1 10 7 4
475 8 6 1 8 7 4 2 5 6 2 7 10 5 2 9
441 2 10 3 6 4 10 9 2 4 4 10 5 7 4 2
441 6 7 10 6 9 5 6 5 1 1 10 1 4 5 1
529 5 6 7 5 10 4 5 6 10 8 2 1 3 7 8
397 1 3 10 7 3 3 1 3 3 7 9 10 10 1 5
543 6 4 1 8 5 7 7 5 10 4 5 9 7 8 9
436 6 7 5 4 3 1 8 10 10 2 5 10 7 1 2
562 8 4 6 6 10 2 7 10 3 2 9 2 10 3 6
387 3 6 4 7 1 4 5 2 7 8 7 10 4 4 7
539 1 6 4 5 5 9 7 8 9 7 4 5 5 10 8
551 10 3 10 1 8 9 3 9 4 2 1 8 5 1 10
473 8 6 1 2 4 7 2 3 10 7 10 7 6 8 5
25
449 10 1 1 1 1 6 8 5 5 7 9 4 6 6 4
545 4 7 9 2 4 2 7 9 2 10 5 10 10 4 8
519 8 1 6 5 5 9 4 4 5 2 9 10 7 3 8
417 2 1 5 7 6 10 6 3 1 3 1 2 1 8 10
405 10 7 4 2 2 5 4 3 2 3 8 3 9 9 3
533 9 2 8 8 9 8 8 2 5 3 10 3 8 9 4
418 6 9 2 3 5 3 6 2 2 2 9 3 6 2 10
471 8 7 1 7 1 8 1 7 2 7 6 7 9 6 1
627 10 6 3 3 5 10 8 8 5 7 10 8 9 1 8
520 9 2 9 8 4 7 1 5 8 4 1 4 10 6 10
572 10 3 1 4 6 10 3 3 9 10 1 10 4 10 10
376 3 1 7 3 7 5 2 1 4 4 8 6 2 3 7
385 6 3 2 5 5 3 3 1 1 6 2 7 6 1 7
527 9 8 2 10 7 10 1 5 1 3 3 2 9 10 6
532 8 6 5 8 9 9 9 7 3 1 3 1 2 8 8
339 2 4 3 3 6 2 8 1 9 3 8 7 3 2 5
448 6 1 10 4 6 6 2 8 1 8 3 3 1 8 3
482 4 7 3 10 3 9 1 1 7 7 1 9 10 3 10
341 3 6 2 5 1 1 5 10 8 3 1 6 6 10 1
570 6 8 5 7 8 6 3 7 10 8 10 3 6 4 6
542 5 8 5 2 4 10 8 9 7 8 8 2 8 5 3
449 10 1 4 6 4 4 5 5 6 1 5 10 7 5 4
519 4 5 7 2 9 9 10 1 10 9 2 6 5 8 7
580 4 5 1 7 7 9 7 10 10 6 5 9 10 4 3
412 4 3 8 1 7 10 4 3 9 1 6 8 7 4 1
25
509 8 2 6 3 10 9 10 5 5 3 3 1 10 5 1
369 1 3 6 5 6 2 1 6 3 8 7 10 3 9 2
500 5 3 4 6 7 4 6 10 10 7 5 10 1 5 2
483 3 9 4 2 8 9 1 7 1 8 9 3 1 10 6
501 5 1 9 3 1 9 7 10 4 10 6 7 6 9 1
543 1 6 7 9 8 8 8 6 8 7 6 3 3 5 9
489 9 10 8 8 4 9 7 1 10 2 8 6 9 4 2
546 10 2 2 4 7 1 2 9 2 8 3 8 8 6 6
524 5 8 10 8 2 10 9 8 5 8 1 2 8 3 2
448 5 7 9 6 5 1 1 3 6 9 8 9 6 7 3
376 5 1 3 4 3 6 8 1 1 5 4 4 4 10 6
478 7 9 2 9 4 7 5 8 8 3 1 10 2 5 6
414 5 7 8 5 1 10 2 1 7 10 2 6 4 5 1
465 7 6 8 2 3 10 3 8 7 9 2 2 3 2 4
520 1 5 6 6 5 10 10 2 6 10 9 10 8 7 2
422 3 10 10 6 9 2 8 2 2 6 5 3 2 7 8
511 4 4 9 2 5 9 1 9 9 5 1 8 7 1 10
482 9 10 6 3 5 5 7 7 9 2 2 4 8 8 1
616 10 7 1 5 5 10 3 5 7 9 9 1 8 10 8
555 5 10 6 5 1 9 3 8 10 7 9 9 9 1 8
454 3 7 1 5 8 3 6 4 8 2 1 9 8 1 9
630 7 4 10 4 9 4 10 9 4 8 3 7 6 6 9
497 8 8 9 6 2 10 3 10 7 5 9 7 3 2 2
477 7 10 2 10 10 8 1 6 3 2 7 5 2 10 1
453 5 8 6 4 8 1 9 3 1 6 6 4 10 8 1
25
365 9 5 9 2 1 5 3 7 7 3 2 2 2 10 3
472 6 10 8 8 6 9 2 7 7 4 2 7 1 4 4
492 9 7 7 9 7 8 7 1 9 6 2 3 5 1 6
515 7 10 5 5 2 9 9 6 6 6 5 2 8 7 2
453 4 2 4 10 8 2 5 8 5 1 1 7 9 7 2
446 8 8 5 3 3 5 2 3 9 5 6 3 7 3 9
419 4 8 2 2 7 1 9 1 6 3 2 10 9 10 7
394 2 7 7 9 1 4 8 3 3 6 6 9 6 4 3
491 4 4 4 6 7 9 2 10 10 3 3 6 7 8 1
557 7 2 5 5 2 10 7 9 3 9 5 2 6 2 6
533 5 6 10 1 10 3 6 9 4 9 7 1 4 4 3
499 9 9 1 7 4 8 2 1 2 4 7 9 9 2 8
455 1 3 6 10 6 10 10 2 4 3 3 7 9 1 6
589 5 9 8 1 6 10 8 8 5 7 2 6 6 2 10
562 10 8 10 6 1 5 7 10 1 3 8 10 6 10 9
598 8 1 10 8 10 7 4 1 8 10 8 8 10 7 6
538 6 4 10 6 4 7 6 8 5 8 4 4 9 9 6
460 8 3 3 9 1 7 8 7 8 3 2 9 1 7 5
451 5 4 4 4 2 1 2 10 9 9 9 8 9 9 2
461 4 3 4 3 4 2 10 8 4 4 1 9 10 10 4
427 4 9 2 8 3 8 2 2 7 5 5 3 4 3 8
519 2 1 9 7 8 8 7 4 4 10 9 2 1 7 9
560 4 4 8 9 4 6 8 8 2 7 6 9 10 6 7
426 4 8 10 5 4 4 7 6 9 3 3 8 4 4 8
532 7 6 9 3 8 8 7 7 6 7 2 8 9 6 1
25
411 2 1 7 2 10 6 7 2 1 4 3 6 3 9 9
664 9 7 10 9 9 1 10 10 7 9 8 1 7 4 9
544 10 3 2 7 9 10 1 3 8 2 6 2 7 1 10
507 4 1 1 6 10 5 7 5 3 6 3 10 5 2 9
556 7 9 4 3 6 10 4 9 9 2 6 6 5 10 10
450 1 5 2 4 8 9 6 7 5 1 1 3 5 9 9
400 6 10 5 6 5 4 8 1 3 1 4 7 10 7 2
529 10 7 5 3 8 5 2 10 3 4 2 5 7 7 7
424 6 7 4 10 2 2 9 4 3 5 5 8 3 6 3
468 1 3 6 4 7 6 2 8 5 6 6 8 5 10 9
638 10 7 2 8 9 7 5 5 4 10 6 10 10 2 7
533 4 5 7 9 1 10 7 10 7 8 6 4 8 5 4
535 9 4 9 7 5 9 6 5 1 5 9 3 5 7 7
581 9 3 7 4 7 10 8 8 5 8 7 6 3 8 2
584 8 9 2 9 9 7 7 7 3 4 6 2 8 1 8
442 1 5 7 3 5 1 8 10 6 10 5 6 6 2 2
467 8 1 2 3 3 3 9 1 7 9 2 10 8 9 5
590 9 9 7 8 5 5 10 9 6 4 9 5 6 6 9
413 1 5 10 5 6 2 4 7 2 3 7 4 6 5 7
559 6 6 3 8 4 2 9 9 1 5 6 8 10 4 8
493 7 5 10 8 1 5 6 9 7 7 4 9 9 3 2
424 2 6 8 8 3 10 5 7 4 7 3 7 2 9 2
427 9 3 3 8 8 1 1 9 3 2 2 6 5 10 2
415 3 10 5 9 7 10 1 4 1 1 3 9 3 9 3
585 2 10 6 9 10 4 9 10 4 7 8 10 9 4 2
25
697 8 1 10 1 10 8 9 10 7 10 1 2 8 7 10
521 5 1 8 1 6 10 1 4 9 7 9 4 7 5 9
522 5 2 3 8 9 2 1 6 1 8 8 4 10 4 9
557 10 6 3 10 3 1 6 6 8 6 5 4 9 9 10
441 7 5 8 1 1 3 7 9 10 2 4 8 6 8 4
419 9 10 1 5 3 8 2 3 5 3 5 7 2 4 8
571 6 8 1 2 4 8 10 10 5 5 7 4 6 3 8
551 7 10 7 3 4 4 1 9 6 9 8 5 9 2 8
474 5 10 7 2 9 4 8 4 2 5 10 3 2 2 7
509 1 7 4 9 8 7 7 9 9 5 1 6 5 2 5
601 10 6 8 10 9 7 2 6 1 9 7 7 2 7 8
577 9 4 2 5 7 6 6 6 9 3 9 6 9 10 8
454 10 7 8 9 8 2 4 1 4 8 7 3 2 1 2
432 7 3 1 3 5 4 6 2 7 3 6 3 10 3 5
573 8 6 6 7 7 7 9 4 3 8 10 8 2 5 9
461 3 8 8 9 2 9 9 8 3 1 8 4 6 8 1
456 10 1 3 2 4 8 6 1 7 8 7 6 6 7 3
535 3 8 7 1 4 8 10 7 8 7 8 10 2 8 10
344 1 5 1 5 1 2 4 4 7 10 3 3 3 5 8
508 1 10 7 5 7 3 9 8 10 8 10 4 2 7 6
575 9 6 3 6 4 8 3 9 8 9 7 4 3 2 6
534 7 10 4 10 1 10 8 5 7 9 1 9 6 10 4
491 5 4 1 2 3 5 7 9 1 8 4 9 2 10 10
560 5 7 8 8 6 10 4 5 5 8 9 5 5 7 7
417 3 10 10 8 5 9 3 8 10 1 6 1 1 5 5
25
507 9 4 6 9 6 9 2 5 4 4 4 3 3 8 6
552 7 10 4 10 5 9 5 7 4 3 5 1 8 9 8
334 5 8 7 4 5 4 1 2 9 2 4 1 1 1 8
445 8 6 7 4 5 5 9 6 4 3 1 4 2 4 6
513 7 5 1 5 10 2 5 7 10 7 7 5 1 4 4
489 10 5 10 6 4 7 2 1 7 7 1 1 5 2 10
518 9 9 5 1 3 2 7 8 10 4 10 9 2 5 10
510 8 8 5 9 2 3 9 5 7 8 10 1 10 1 3
343 7 1 9 2 1 2 3 4 5 8 2 1 4 2 6
429 2 5 3 9 6 4 8 6 5 5 3 1 4 5 6
450 4 8 7 7 5 6 2 4 2 7 5 7 4 3 10
364 8 4 6 8 1 5 6 4 4 2 1 6 2 2 6
488 3 6 10 5 7 10 1 10 3 5 9 2 9 1 1
412 7 4 5 7 6 9 2 5 5 2 10 4 2 9 1
495 4 3 8 5 2 6 10 10 9 4 3 3 9 2 5
386 9 7 1 9 3 1 3 2 4 4 10 3 6 9 1
336 2 6 5 10 3 6 4 2 8 1 1 7 5 4 2
444 5 1 4 4 5 10 3 2 4 3 9 4 10 4 4
595 6 2 9 6 5 8 10 7 4 9 8 3 10 5 3
436 3 10 9 10 2 9 8 2 3 4 6 8 7 1 3
441 7 7 6 4 8 1 3 4 10 3 9 5 6 7 4
450 6 5 10 8 4 3 3 6 8 5 8 3 7 1 5
357 2 2 9 9 1 3 3 1 1 7 4 4 9 1 7
422 4 1 5 4 6 8 4 5 7 3 10 3 5 4 1
500 6 3 1 5 5 8 9 8 8 2 7 2 6 2 8
25
470 2 4 8 8 7 9 4 4 4 9 2 2 1 10 6
485 10 5 6 6 4 5 3 10 1 7 1 6 4 4 2
539 5 1 6 9 4 10 5 10 8 7 1 1 6 8 4
465 4 2 3 9 6 2 1 6 7 7 1 9 10 4 9
464 7 3 1 10 5 5 10 1 4 6 10 5 10 7 1
445 2 4 7 2 7 2 7 10 1 9 4 7 1 3 3
423 6 10 6 8 4 9 2 1 2 7 2 6 1 9 9
568 7 4 6 6 3 9 7 9 9 7 8 7 1 6 8
451 3 9 9 3 1 8 8 5 3 8 2 3 6 6 8
698 7 7 1 1 10 9 8 10 3 8 10 9 10 1 9
481 6 10 8 5 9 4 6 5 5 2 5 8 1 5 7
442 5 9 9 1 2 4 10 5 10 5 1 7 3 5 7
403 8 2 5 5 8 8 3 3 1 3 5 1 6 1 1
439 9 4 1 9 6 6 1 1 3 5 4 7 8 1 3
511 9 5 8 6 6 8 2 10 1 3 4 6 7 6 4
475 4 5 3 8 9 8 8 1 5 6 7 5 5 2 6
381 4 8 2 1 10 3 5 2 8 3 2 3 4 1 7
431 5 1 2 3 10 10 2 2 5 2 8 1 2 7 10
487 2 6 3 1 8 6 6 4 4 3 3 8 10 5 10
495 4 7 7 5 5 10 1 3 4 9 10 8 6 6 3
410 6 7 5 6 7 5 2 7 10 1 3 1 4 2 6
488 5 9 9 3 10 3 4 6 10 4 2 5 4 5 6
487 4 9 1 2 5 10 8 4 7 4 7 6 10 2 3
424 6 10 3 7 2 5 7 4 8 1 9 8 1 8 7
408 5 1 5 4 4 4 4 7 4 1 6 9 10 9 3
25
458 10 8 6 5 6 7 8 2 8 5 3 8 2 1 1
511 2 5 9 3 10 10 1 8 6 7 3 7 2 7 7
359 3 6 10 8 2 1 5 4 3 3 1 10 4 10 10
467 8 8 7 6 6 1 10 2 5 7 2 2 3 8 7
460 2 10 6 2 7 9 4 5 10 1 3 2 9 6 8
572 5 10 10 8 10 6 7 4 7 10 10 5 4 1 3
567 9 4 4 10 4 7 7 10 2 6 1 9 8 2 6
468 2 9 8 2 8 6 3 8 9 6 7 2 5 2 7
533 4 4 5 9 10 9 1 5 4 2 8 9 8 2 9
505 9 6 5 1 7 4 9 8 7 1 2 8 6 8 5
521 8 10 3 6 6 9 5 6 2 4 7 4 8 5 3
485 9 5 1 1 4 1 2 6 8 8 7 5 8 3 6
488 1 5 3 7 9 6 10 2 3 7 4 6 8 7 4
488 6 3 8 1 6 6 1 2 9 10 4 9 7 10 6
538 9 2 2 6 7 2 3 4 4 9 9 4 7 9 9
383 4 4 1 5 8 3 4 4 5 3 4 3 5 7 5
509 2 10 1 6 1 7 8 9 7 6 5 10 6 8 6
426 9 1 6 9 2 7 7 3 7 1 4 3 7 6 6
443 5 8 2 3 5 10 2 3 4 10 3 6 4 2 3
560 8 6 8 8 4 8 7 3 10 6 7 9 9 8 4
424 3 7 2 9 1 6 2 2 5 10 3 2 6 3 8
441 3 6 8 7 3 1 10 8 8 4 6 5 3 7 6
384 2 1 2 4 4 6 9 6 1 2 3 5 2 3 7
575 7 9 4 8 8 8 10 2 9 9 3 4 6 8 7
507 9 8 6 9 4 8 10 6 4 8 2 4 2 10 2
25
572 9 7 5 1 9 9 7 5 8 7 9 5 4 3 5
577 8 1 1 4 3 10 5 8 1 9 2 6 6 10 10
381 1 2 4 3 5 7 5 5 1 7 10 9 2 5 1
497 8 5 10 9 8 6 7 3 3 1 10 5 8 5 2
606 8 4 7 2 10 7 10 10 4 3 5 1 6 10 8
613 6 10 1 9 10 9 8 8 3 7 1 4 3 10 10
460 7 4 4 5 3 6 5 3 1 6 4 9 6 3 10
521 4 7 1 3 5 10 9 9 5 1 8 2 3 9 10
456 6 4 5 6 5 9 5 1 1 7 7 8 5 3 5
468 6 5 8 8 6 1 4 3 8 5 8 1 10 2 10
505 9 4 10 7 1 4 3 10 5 6 4 10 7 5 7
544 4 7 1 2 6 8 9 10 4 8 3 4 4 1 6
634 10 10 9 10 8 7 4 10 9 3 2 10 8 9 6
424 1 5 8 3 10 5 2 8 10 2 10 7 3 9 3
521 6 7 1 1 7 5 9 9 1 8 8 2 2 3 6
528 2 3 7 9 5 6 3 9 1 10 1 7 6 2 9
465 6 9 3 3 3 8 9 9 5 4 6 10 2 3 2
423 8 10 1 4 1 6 2 2 1 10 1 3 4 9 8
379 3 5 10 4 1 1 3 9 8 6 9 1 2 10 3
422 2 9 10 10 3 2 2 10 3 6 1 4 5 8 3
475 10 1 5 9 5 4 3 5 5 6 7 4 5 8 7
443 4 2 2 6 5 2 6 9 9 6 3 1 10 5 1
570 10 2 10 2 10 8 3 8 8 8 5 2 4 9 5
511 1 6 8 3 4 10 7 8 6 3 6 6 6 8 9
494 9 7 2 5 6 7 1 5 2 5 9 1 9 7 5
25
470 5 10 4 3 2 3 10 10 9 4 7 1 2 8 10
482 10 6 4 8 7 1 8 2 4 7 9 7 2 2 3
473 3 5 8 3 1 3 4 10 10 9 6 8 8 6 6
544 3 4 6 7 8 2 10 9 4 5 9 1 10 2 8
678 8 3 5 10 10 10 10 7 3 7 2 9 10 1 8
462 8 10 5 4 7 1 4 6 9 4 10 4 4 7 6
475 2 10 1 6 3 3 7 10 3 8 4 8 9 1 3
586 9 3 3 10 9 8 10 7 2 8 5 2 6 4 1
418 1 7 4 7 8 2 10 1 10 5 5 9 5 9 3
408 1 9 1 3 6 6 5 7 6 3 7 8 3 9 4
525 6 9 6 10 1 4 10 10 4 9 4 1 5 4 3
370 4 8 10 4 3 4 7 4 2 4 9 4 6 1 2
502 10 4 6 5 5 5 3 4 4 7 1 6 10 6 7
379 8 1 10 7 4 1 8 5 7 2 10 1 4 5 3
520 9 5 10 10 4 6 8 2 4 10 8 1 2 8 6
518 4 9 5 7 9 5 1 5 9 7 7 8 3 2 8
493 10 10 10 3 2 1 8 8 10 7 4 8 8 6 1
450 4 10 7 6 4 4 4 4 2 10 6 8 6 8 3
463 9 4 2 4 5 1 2 9 7 4 8 10 4 3 6
429 2 5 4 7 5 6 1 4 6 10 7 4 4 8 3
473 4 8 4 5 6 8 10 3 8 5 2 1 4 10 7
590 9 8 3 8 5 10 10 7 1 8 3 6 5 3 3
477 9 5 4 3 10 2 8 6 9 2 8 10 1 10 2
355 1 8 7 2 4 4 3 7 9 6 7 1 1 2 2
525 8 9 6 9 4 8 4 8 7 3 1 6 10 4 6
25
342 4 7 7 7 3 3 3 2 5 7 4 1 4 7 4
436 6 9 9 3 7 9 6 2 8 1 2 3 6 9 8
536 9 5 5 6 3 8 7 10 10 4 6 7 4 2 3
410 3 8 8 4 4 5 6 2 3 9 6 2 3 8 5
568 8 4 4 2 2 6 5 7 3 10 10 8 8 10 8
431 4 8 6 1 1 1 8 9 8 10 2 10 4 10 2
418 4 2 2 4 10 4 3 6 7 4 8 1 1 1 4
541 8 7 1 6 6 5 6 4 6 9 3 7 8 1 5
558 10 4 3 3 8 8 9 6 7 6 3 4 6 7 3
608 8 6 9 10 6 10 8 9 3 5 8 1 6 4 9
524 10 6 9 2 7 7 7 3 8 8 4 6 6 5 1
445 5 10 10 5 4 3 5 5 8 5 6 9 4 4 5
467 2 7 3 5 4 9 4 10 7 8 1 2 9 1 2
443 9 1 2 9 3 3 2 9 4 4 7 1 7 2 1
543 4 6 1 9 3 4 8 7 5 9 8 8 6 1 7
561 4 5 2 9 3 10 9 7 10 7 6 6 6 7 7
382 1 5 4 8 9 6 4 1 7 6 2 4 4 9 1
474 7 3 4 2 7 2 6 1 4 6 8 5 9 4 9
427 5 10 6 4 6 9 7 2 7 1 10 2 8 1 4
487 7 10 2 10 3 7 3 9 5 3 6 5 5 10 5
472 9 5 3 6 4 4 5 8 1 2 1 4 9 9 10
398 1 4 7 1 1 2 7 6 6 9 6 8 8 3 3
408 6 5 8 4 1 4 7 8 5 1 4 7 6 4 7
528 1 4 10 4 2 10 8 10 10 5 2 10 3 2 10
313 3 3 3 10 1 1 2 1 5 9 2 2 5 5 6
25
440 2 4 10 10 10 2 1 2 6 4 4 10 5 10 10
514 9 10 2 10 9 3 1 1 8 9 9 1 6 6 7
519 3 1 3 7 8 7 8 9 2 7 9 6 1 3 6
519 2 1 9 8 4 10 9 6 9 5 4 4 7 4 8
476 5 3 8 1 5 7 9 6 6 3 9 6 9 3 6
650 10 9 8 8 7 5 6 6 9 9 6 1 9 7 10
501 4 6 7 6 10 1 10 8 3 3 2 1 8 8 5
454 4 8 2 6 7 1 4 9 5 4 8 8 1 5 9
527 10 4 10 7 5 9 2 2 3 7 4 9 7 7 9
492 7 1 7 10 3 10 6 5 6 2 10 9 7 5 1
655 9 8 9 6 4 6 6 10 9 10 4 8 6 6 10
439 2 10 3 3 6 2 7 2 2 3 4 7 10 10 10
462 3 5 7 2 10 10 2 5 7 10 1 2 3 8 2
468 4 7 5 9 5 4 8 5 6 10 4 4 2 9 4
476 5 8 4 1 7 9 8 4 3 6 1 8 9 8 2
451 9 5 1 6 1 10 2 1 7 5 2 4 9 2 8
550 6 1 5 10 6 10 10 8 10 2 6 7 7 1 3
364 4 6 2 7 1 9 3 5 2 2 6 6 1 1 6
505 10 10 10 7 9 9 1 9 1 1 2 2 5 10 4
472 6 7 6 1 10 1 4 8 4 3 4 3 7 4 9
408 3 5 4 8 8 7 3 4 2 3 7 2 10 1 1
393 6 3 8 7 2 3 4 6 6 3 1 7 8 2 4
518 6 6 8 7 10 2 4 7 6 9 6 3 4 3 4
525 8 6 10 7 4 6 3 4 1 4 10 10 8 8 8
462 5 4 4 1 8 3 4 8 6 1 5 1 10 10 9
25
630 10 9 5 9 8 2 7 8 1 8 3 4 8 4 10
572 10 8 7 8 8 6 10 2 7 9 10 2 4 4 5
427 7 10 1 3 7 1 7 6 8 3 5 4 3 4 3
451 10 10 5 2 1 6 9 2 9 9 9 1 3 3 1
383 6 10 1 3 6 4 4 2 7 7 5 2 2 3 3
512 9 2 1 7 4 10 3 4 6 8 3 1 4 10 10
382 4 3 9 2 5 4 5 3 6 3 6 4 3 10 8
554 10 5 10 1 3 6 2 9 1 9 7 6 8 5 5
482 8 1 5 1 3 4 3 10 8 5 7 5 6 9 5
501 1 1 7 6 9 10 6 4 5 9 5 7 1 6 8
287 1 5 3 4 7 2 6 5 6 1 2 2 1 6 3
585 6 10 6 5 8 9 5 8 9 10 6 3 2 3 5
324 7 2 2 4 1 5 8 1 2 3 7 3 1 10 5
456 7 1 8 7 6 10 2 5 1 6 1 5 4 4 5
400 2 7 8 10 4 4 2 3 5 8 1 4 1 3 8
486 2 1 5 9 4 3 9 9 5 1 5 8 7 4 10
512 8 3 7 4 3 4 7 8 3 7 5 7 8 5 5
470 8 8 8 4 8 9 6 5 10 1 1 3 3 9 1
464 3 6 9 1 9 8 7 7 6 4 1 6 3 3 7
470 6 10 4 7 6 1 5 6 4 7 2 10 5 3 2
492 5 5 9 8 9 6 8 2 6 3 2 8 6 9 4
466 3 8 5 9 4 7 8 6 2 1 7 4 5 3 9
526 3 3 6 5 7 9 4 7 7 5 4 5 9 8 5
381 5 1 1 7 1 4 7 1 3 1 8 4 9 1 9
501 6 8 6 5 10 7 6 8 9 3 4 5 1 8 3
25
466 3 4 7 9 8 6 10 4 3 3 4 10 4 1 8
414 1 1 3 10 4 9 7 5 5 2 3 7 6 5 7
505 5 1 8 1 10 7 5 5 5 1 8 10 3 3 10
375 1 9 5 6 4 9 1 7 1 1 10 5 4 1 5
479 7 6 2 3 7 6 7 9 8 2 4 3 7 10 2
420 7 9 7 4 4 5 1 8 5 3 4 3 6 2 5
406 7 2 6 9 1 8 9 2 10 2 10 6 5 5 1
481 2 1 9 5 9 5 5 8 1 7 6 2 7 1 7
459 2 6 4 4 5 2 2 10 7 9 9 6 8 8 3
350 8 1 6 3 3 5 2 3 3 3 6 9 1 1 4
537 3 8 5 5 10 8 5 2 3 9 5 4 7 1 8
405 4 6 4 2 6 4 2 8 2 6 1 8 7 2 2
500 6 2 5 3 7 4 5 7 4 6 10 7 8 2 4
494 3 2 5 3 9 10 4 2 10 10 9 1 1 4 5
385 4 10 4 6 7 3 3 2 2 1 2 2 9 8 8
450 1 2 8 5 3 8 8 9 9 6 1 2 3 6 4
350 3 6 10 6 4 2 6 7 2 5 5 5 1 6 2
438 9 8 8 4 1 2 8 1 5 10 3 3 5 7 4
514 5 9 3 8 10 1 10 2 3 8 8 8 7 7 3
478 6 5 9 1 8 2 6 4 6 3 9 2 7 5 10
372 4 10 1 7 3 9 2 4 1 3 6 3 6 9 4
599 1 10 10 5 9 9 8 9 9 9 4 10 3 9 4
511 8 1 7 1 8 5 7 1 9 10 10 6 7 2 3
508 5 10 10 8 1 9 1 9 7 1 10 8 8 10 6
467 10 2 4 2 4 8 4 4 8 6 7 8 1 9 3
25
591 2 2 8 10 9 5 7 4 6 10 9 8 10 4 7
488 9 9 4 7 4 2 4 5 10 5 7 6 8 5 9
490 1 8 5 3 6 8 10 3 9 8 9 4 9 7 2
589 9 2 6 9 1 9 3 8 10 7 8 8 10 10 7
536 7 1 4 10 3 6 7 10 1 5 5 3 9 5 7
507 10 3 8 5 10 3 10 2 8 4 8 1 6 4 4
421 10 8 5 5 2 3 5 6 1 1 7 10 8 2 3
480 2 5 3 6 5 10 9 1 8 8 6 8 5 3 7
333 2 4 8 4 3 3 7 4 10 2 9 10 2 4 2
361 7 9 2 1 1 5 1 3 3 2 5 9 10 10 2
349 3 5 9 1 2 5 7 4 7 8 3 1 5 10 1
412 2 3 6 6 2 1 8 8 5 2 10 8 4 6 9
400 6 3 3 5 2 5 6 1 2 5 8 5 3 7 10
613 8 2 7 8 10 4 5 7 8 10 5 1 9 6 4
478 3 10 7 5 5 6 6 2 8 3 5 7 10 9 8
402 7 4 3 3 1 3 8 2 1 9 2 9 7 4 1
500 4 3 10 8 2 9 2 7 8 7 10 9 2 10 6
490 10 6 3 2 2 9 1 9 10 4 2 1 2 4 10
339 2 8 10 3 7 3 5 3 4 4 10 5 3 5 1
371 6 6 5 7 6 4 2 3 1 1 6 9 1 8 5
406 4 2 7 8 6 1 10 1 1 5 3 5 7 5 7
427 10 1 3 3 4 8 1 3 10 3 10 5 2 10 5
473 6 9 6 1 3 1 3 2 9 10 10 4 9 10 9
488 5 9 5 10 3 6 1 7 2 7 4 5 5 10 10
423 3 6 10 8 5 3 10 2 9 9 2 1 2 9 6
25
470 6 7 3 2 5 1 10 9 9 2 2 1 6 6 10
398 5 7 10 5 3 5 1 7 2 1 3 5 4 9 9
294 3 2 2 5 3 8 1 1 6 2 5 5 7 3 2
433 6 8 1 4 4 7 1 2 1 5 9 8 10 4 7
385 6 9 5 1 9 8 5 1 4 3 5 6 1 1 2
426 6 1 4 8 3 3 5 2 4 10 5 8 5 6 6
531 8 6 10 5 9 1 5 7 3 8 1 10 7 8 3
545 2 6 2 4 7 8 9 6 8 3 7 9 10 3 8
454 8 1 6 8 1 1 3 6 3 10 10 2 3 3 6
566 8 6 3 5 10 10 10 7 2 6 6 9 2 3 2
528 7 5 6 2 7 3 8 10 8 5 9 10 3 7 5
450 5 8 7 6 2 10 1 8 10 4 6 5 2 10 2
496 5 8 8 2 4 8 3 9 2 5 1 8 7 5 7
429 10 1 8 1 1 5 2 10 8 1 2 3 7 9 9
456 5 7 1 3 2 5 6 9 1 6 6 2 6 6 6
505 2 10 3 3 5 6 10 5 2 9 6 8 7 6 3
488 9 10 6 8 3 8 9 2 4 7 7 2 5 5 2
398 2 8 1 5 2 9 9 2 4 7 9 8 3 10 1
580 4 10 1 6 10 7 10 10 9 5 10 3 4 8 6
412 4 8 1 5 5 4 7 2 7 7 1 10 2 4 4
495 10 5 6 10 5 4 4 4 3 7 10 4 6 5 5
598 10 10 1 2 8 9 7 4 10 9 4 9 5 2 6
572 9 1 8 4 5 5 10 8 8 9 3 2 6 5 6
425 4 4 6 4 9 7 1 1 8 8 5 4 7 10 2
536 9 8 8 4 6 7 9 7 10 1 7 2 8 6 5
25
515 1 6 5 6 6 7 9 4 9 6 9 4 6 5 9
431 1 7 7 4 1 3 7 9 8 4 8 2 5 8 10
440 4 5 10 2 7 8 2 5 1 3 4 2 8 1 10
467 6 3 2 6 7 5 1 6 3 3 10 9 2 6 7
450 1 3 9 1 7 5 5 7 4 6 6 2 5 7 10
524 5 1 4 4 9 9 7 6 9 7 8 4 4 2 6
550 10 8 4 7 4 8 8 6 3 1 8 8 8 8 10
437 3 7 9 4 7 2 9 6 3 6 1 4 5 4 6
542 3 7 5 1 10 3 8 5 8 9 6 2 8 10 9
433 2 4 3 2 4 6 3 10 1 1 4 10 10 5 8
446 6 4 10 1 8 4 3 6 4 2 3 2 6 1 10
412 9 1 5 1 10 3 10 1 7 5 1 4 1 5 4
571 10 8 10 6 1 5 9 5 7 7 9 9 6 8 9
377 5 7 7 4 6 2 3 1 4 3 8 8 10 3 4
398 2 2 2 3 6 5 7 7 1 5 4 9 5 5 3
400 9 8 2 5 2 7 3 5 9 3 1 7 6 6 1
396 2 1 6 1 5 7 3 9 1 3 2 3 8 4 5
548 7 3 9 4 9 7 2 10 10 3 1 9 3 10 7
374 5 4 3 1 10 1 3 1 10 4 7 10 3 2 2
574 10 2 4 4 9 4 3 8 10 7 8 8 10 2 1
380 2 3 4 1 5 8 4 5 2 5 1 2 10 8 4
553 8 6 7 3 2 9 1 9 8 10 3 10 8 9 3
459 8 2 2 7 5 3 8 10 7 2 10 1 6 6 2
540 5 1 6 6 10 9 9 4 3 5 1 3 6 10 6
494 6 5 4 4 2 4 3 7 4 9 4 8 9 4 8
25
372 3 3 8 8 1 6 4 1 1 9 2 6 7 10 4
515 6 3 3 4 4 9 6 3 4 8 1 6 6 10 9
528 5 2 4 9 7 6 5 4 7 4 4 8 8 5 10
442 7 4 7 6 4 4 9 8 10 1 7 9 1 4 6
425 7 3 7 2 1 4 10 7 2 4 7 8 4 5 2
403 8 1 9 5 8 1 3 2 2 4 8 2 5 8 6
530 1 8 9 5 5 9 8 6 10 5 5 2 7 6 10
494 3 10 4 9 4 8 3 5 5 8 10 2 2 4 9
483 7 3 5 9 9 1 10 6 4 3 3 4 5 2 7
452 2 5 7 4 2 10 1 4 10 5 7 8 8 6 6
435 9 6 1 10 4 1 7 9 9 2 10 4 2 3 1
395 6 7 6 8 3 5 9 2 10 1 2 5 3 9 4
484 1 7 1 8 7 4 3 3 10 9 5 8 8 1 5
453 7 1 10 3 3 9 10 3 8 4 7 5 5 1 4
430 1 5 8 1 7 10 1 8 3 3 7 9 1 10 7
624 8 4 3 9 7 10 4 9 8 8 9 7 2 6 10
499 8 2 9 7 3 1 10 10 10 6 2 4 10 5 3
486 10 4 7 10 2 9 7 5 3 3 9 3 1 10 4
497 1 4 1 7 7 10 5 6 5 3 5 6 10 9 6
486 7 9 1 3 6 5 4 7 8 8 2 1 1 5 8
520 9 5 7 10 9 1 9 3 6 6 2 5 6 6 3
430 7 7 4 9 1 7 3 9 1 5 4 3 4 1 4
515 3 5 8 8 6 7 3 6 8 9 9 1 3 8 6
459 6 3 5 8 8 2 5 7 8 5 4 9 1 2 3
472 10 2 2 10 9 2 8 7 7 1 2 1 5 9 5
25
567 6 4 9 7 5 8 2 7 6 9 2 6 5 9 10
470 2 8 7 4 1 4 9 9 9 7 5 8 1 2 8
579 6 8 4 8 8 10 10 7 5 5 7 10 4 6 3
413 1 10 8 7 4 4 7 8 8 3 2 5 4 6 4
517 6 8 3 8 8 1 7 8 10 10 9 5 1 5 2
568 5 7 2 3 7 4 10 9 5 8 8 6 6 7 9
556 8 7 7 6 4 8 10 8 1 3 9 2 6 8 9
447 2 9 9 2 9 4 8 5 8 6 10 3 3 8 2
348 10 10 2 4 4 1 9 2 1 1 2 6 2 3 1
495 5 10 5 3 8 9 7 7 10 2 2 5 4 7 6
503 5 1 5 4 4 10 7 6 4 5 7 2 6 1 10
556 4 9 5 4 5 2 9 9 8 10 6 8 9 4 3
444 9 5 7 4 3 2 4 6 9 6 1 3 7 4 7
421 4 9 2 2 1 10 3 8 5 1 6 9 1 6 10
498 5 9 1 4 5 2 9 6 2 6 3 5 10 10 6
476 10 5 4 7 1 5 7 7 8 4 10 7 6 4 2
595 9 9 4 5 10 7 3 8 1 7 5 6 10 5 5
452 3 1 7 7 5 7 7 2 1 6 3 8 10 10 5
518 9 3 3 9 4 2 3 7 5 3 5 10 10 6 9
498 5 10 8 5 3 7 9 9 7 3 6 8 4 9 2
363 1 8 5 2 7 1 1 8 5 7 3 2 8 9 1
559 4 10 6 3 8 4 10 10 9 2 2 4 8 6 9
483 3 8 3 6 8 2 2 7 4 5 7 8 9 2 10
562 9 7 6 10 3 9 5 7 2 1 6 10 9 9 7
441 3 9 9 4 5 9 1 7 5 6 3 5 10 10 1
25
477 2 8 8 6 2 7 8 8 3 9 5 4 10 5 1
430 8 6 1 1 3 9 6 3 7 5 1 2 9 5 1
549 3 9 4 3 7 8 10 9 3 4 9 9 3 7 5
539 10 10 7 9 3 9 1 7 5 5 8 9 4 3 7
413 3 8 2 4 2 6 9 3 10 7 8 5 1 7 6
467 8 7 2 6 9 1 1 4 2 4 10 8 10 5 1
460 7 7 5 10 2 2 7 6 10 1 10 8 9 7 7
448 3 10 5 10 3 8 4 6 3 9 1 1 6 2 3
420 2 4 5 8 4 2 3 6 4 7 1 8 1 5 10
603 8 6 5 3 7 5 7 9 5 8 8 10 6 9 7
535 5 5 8 6 5 8 6 7 6 5 2 2 10 1 10
465 1 5 10 4 7 10 7 3 7 5 9 10 5 5 2
366 5 1 6 5 1 9 3 3 10 2 6 5 3 1 8
403 8 3 8 4 8 3 8 2 9 4 3 5 2 10 1
525 5 9 6 9 9 5 10 2 8 6 9 8 9 8 1
445 2 6 6 6 2 7 8 8 4 6 4 8 6 8 2
565 4 3 3 8 9 4 4 10 7 6 7 9 10 2 8
371 2 4 8 8 4 2 1 7 2 3 6 2 4 6 7
520 2 10 3 3 8 9 9 10 3 4 6 1 4 6 3
514 10 6 5 6 8 5 4 1 4 9 4 5 10 5 3
506 2 1 2 3 8 9 7 10 5 3 1 4 2 2 10
572 1 4 7 7 8 5 9 8 10 5 7 6 10 6 8
503 7 9 6 9 9 9 4 3 4 3 4 8 7 8 3
505 7 4 2 5 10 2 9 5 2 9 3 6 2 6 6
438 2 7 8 6 7 4 3 9 6 6 5 5 2 1 1
25
548 9 1 1 2 8 7 8 9 4 4 3 5 4 7 9
459 7 10 10 6 10 9 3 5 4 1 3 1 7 4 3
398 1 8 3 3 2 3 8 5 8 9 5 2 4 7 7
483 9 8 2 10 6 7 6 4 9 6 5 1 2 9 1
450 2 9 2 5 7 5 3 4 4 4 7 1 10 4 8
498 5 9 8 8 8 10 2 2 2 4 7 10 1 9 10
449 9 10 8 9 6 8 3 4 5 1 7 2 2 1 3
428 7 1 6 6 2 7 3 1 3 8 8 6 3 10 5
557 5 4 9 10 8 8 3 4 10 8 1 10 5 8 8
542 8 6 10 2 6 8 9 2 4 9 6 3 7 2 6
366 7 4 5 4 7 3 4 4 9 1 2 1 2 8 4
554 10 8 3 7 1 10 8 3 10 8 2 8 8 10 4
494 2 4 4 6 8 10 2 9 2 9 5 6 3 2 1
607 6 10 2 6 6 10 10 8 5 7 10 3 7 6 8
536 6 5 10 5 10 3 10 6 6 2 4 3 8 10 7
409 9 5 1 3 1 3 7 8 4 5 1 10 3 1 4
329 3 1 4 3 2 2 2 4 10 5 8 4 4 1 5
540 3 4 9 2 8 3 5 10 6 9 4 3 7 10 5
449 2 10 9 10 7 3 5 3 3 4 5 6 9 10 6
424 3 10 10 10 4 1 9 7 10 6 1 4 1 7 5
491 1 10 4 5 6 6 8 7 4 8 7 3 5 8 2
529 7 1 3 8 8 7 8 9 4 3 8 6 8 6 1
452 7 8 4 4 2 2 9 6 6 7 7 6 1 10 4
512 2 10 10 3 4 4 1 8 10 9 2 10 10 1 7
408 3 6 9 7 5 2 4 6 2 2 5 4 5 1 9
25
534 4 2 7 6 7 10 9 7 1 5 4 8 8 5 1
645 2 4 9 8 8 10 10 9 3 9 1 10 10 5 10
486 10 7 9 5 6 7 3 6 10 2 7 4 4 7 6
449 4 5 5 5 3 7 1 10 7 3 9 7 6 4 2
413 5 10 9 8 4 10 8 5 10 1 5 1 2 1 3
441 3 9 3 4 7 8 1 5 9 4 4 10 3 9 7
482 9 6 7 5 6 7 8 4 4 5 4 5 3 9 5
396 6 2 6 4 8 3 1 7 10 2 7 10 5 7 1
510 8 4 10 1 1 9 4 10 5 7 8 8 9 10 2
687 8 3 5 10 7 9 7 10 10 6 8 10 7 1 10
425 2 7 7 1 3 10 5 7 5 2 9 10 2 9 6
582 10 8 5 4 4 7 5 9 3 7 6 10 4 3 7
555 10 6 9 8 7 4 4 10 10 3 2 1 9 5 5
477 5 1 10 3 10 2 3 5 9 8 2 7 5 6 8
493 10 2 3 5 9 4 4 7 1 2 3 6 7 8 4
436 8 3 7 2 4 2 2 10 9 6 8 5 2 10 3
468 2 4 8 6 5 9 10 4 4 9 7 1 2 5 6
447 9 1 1 8 2 2 3 6 4 5 4 2 9 9 5
564 10 4 5 4 6 10 3 10 9 4 4 10 2 9 4
458 8 8 1 5 4 1 2 4 6 5 6 7 9 5 9
366 6 1 2 3 4 5 2 1 7 6 8 1 1 9 10
479 3 8 1 3 9 8 4 10 8 4 3 9 2 9 1
340 5 1 3 2 4 2 5 3 6 6 3 3 3 2 5
493 1 4 8 6 2 9 10 8 5 4 10 7 10 4 3
406 4 5 6 2 7 2 4 4 5 7 3 10 4 9 1
25
488 6 5 7 5 9 7 3 3 7 4 4 1 9 10 6
553 5 3 6 8 4 6 10 9 5 8 8 8 6 7 3
478 4 8 4 4 4 7 5 8 5 1 4 3 10 5 7
522 1 10 4 1 10 8 9 2 8 9 8 7 3 6 4
478 10 6 10 10 1 4 2 6 3 9 9 7 2 5 1
573 9 8 7 10 5 6 5 8 5 5 1 2 9 8 9
522 7 9 1 6 4 8 2 9 6 10 2 7 5 6 3
443 3 1 9 10 2 5 5 7 5 5 8 2 8 7 8
334 2 6 3 5 4 4 4 3 9 4 6 1 2 7 4
378 3 7 6 2 1 10 7 3 5 3 1 7 9 6 1
610 10 2 4 3 4 10 10 5 9 8 1 5 7 3 10
550 9 10 6 5 10 10 8 2 1 8 3 7 3 9 5
478 4 6 1 9 2 5 4 8 4 5 10 9 2 8 9
396 2 1 5 5 1 4 10 2 1 10 2 4 9 10 2
568 7 10 5 6 6 9 9 6 5 7 1 8 4 10 8
347 3 9 6 4 2 7 4 2 1 2 3 2 3 7 8
493 1 7 7 10 5 8 3 4 3 7 8 3 4 7 10
393 5 8 9 6 3 2 9 2 3 3 7 1 1 3 10
528 1 4 10 8 3 10 1 10 9 7 6 8 7 2 5
308 1 4 6 3 6 2 7 4 5 3 1 8 2 1 2
411 1 10 7 5 6 4 2 6 5 6 5 4 9 4 2
344 2 2 5 9 2 5 7 2 5 3 4 6 1 7 9
330 5 5 2 4 3 3 2 1 10 4 7 1 5 1 7
505 2 3 10 10 3 10 9 10 3 4 2 5 4 6 9
566 7 1 7 5 10 5 2 5 7 10 10 10 2 6 8
25
352 2 10 2 4 5 5 2 5 9 1 1 3 8 7 3
360 8 3 8 1 1 1 10 1 7 7 4 4 10 1 1
482 6 10 5 4 7 9 4 6 9 1 6 10 1 3 7
596 7 5 4 10 6 10 6 3 10 10 2 3 10 6 5
411 4 7 10 7 5 4 1 2 5 10 2 2 3 6 7
537 7 6 2 4 4 2 6 10 10 9 9 6 5 9 6
481 6 7 7 7 2 9 9 4 7 2 8 4 7 8 4
512 2 9 8 3 4 10 6 7 3 9 4 5 1 3 8
434 7 8 10 4 8 5 2 2 2 1 2 7 10 1 9
438 4 5 5 1 9 10 10 1 10 2 3 10 9 2 1
463 7 9 8 1 7 9 5 4 1 10 4 3 1 4 2
574 9 9 10 9 8 1 5 8 9 1 7 10 8 4 9
452 2 4 10 1 3 1 10 7 3 9 6 6 9 6 2
431 2 3 1 10 9 9 2 7 6 1 7 7 2 10 1
445 7 9 1 3 6 2 7 3 8 4 5 6 4 10 8
412 2 3 7 5 7 2 5 7 8 5 7 3 3 10 7
455 2 2 6 6 9 9 9 1 2 1 3 5 10 3 5
395 1 7 5 8 9 4 1 5 1 3 10 9 1 9 7
512 9 3 6 2 6 7 10 3 10 8 2 9 4 10 3
365 1 3 6 6 6 1 8 4 10 1 7 4 5 8 8
506 3 10 2 4 6 10 7 3 3 6 2 10 8 3 10
382 9 7 9 6 3 2 10 4 2 5 1 2 5 6 1
543 3 5 10 10 4 10 10 5 10 6 9 10 5 3 7
403 2 9 2 3 5 8 2 5 3 2 2 1 5 4 9
454 9 8 1 2 4 2 5 3 2 4 4 5 7 8 10
25
473 8 2 8 9 5 6 3 7 4 2 10 4 2 8 5
381 5 7 5 1 2 9 1 3 9 5 2 6 9 10 3
461 3 6 7 9 5 9 10 1 4 3 6 9 3 3 6
481 10 5 7 6 3 9 4 3 6 10 6 3 4 2 3
575 3 7 6 9 5 8 9 4 5 10 10 6 10 8 6
444 1 8 3 3 6 3 10 2 4 4 7 8 9 9 10
438 2 5 4 10 6 10 4 1 7 3 10 9 4 4 3
482 6 3 7 10 4 2 5 4 8 8 9 3 9 9 4
559 4 1 7 2 9 8 6 9 3 8 4 10 10 3 1
551 4 3 7 10 1 6 10 10 1 6 9 8 7 2 8
388 6 1 3 4 10 5 2 1 3 1 8 9 9 1 1
556 4 4 9 10 9 10 5 8 10 6 1 5 7 6 3
411 6 2 1 3 8 10 2 2 1 2 5 7 10 6 1
456 2 10 2 10 10 8 7 1 5 2 10 5 3 5 5
458 3 4 3 6 4 7 3 3 6 10 6 7 7 3 2
507 10 8 5 6 10 5 3 5 4 1 10 6 4 6 5
563 6 8 6 10 7 2 6 5 10 7 9 8 7 7 7
472 2 3 2 8 8 1 2 4 8 9 4 8 10 9 5
409 2 8 4 10 8 2 8 4 6 4 3 7 4 2 5
589 10 8 7 10 4 6 9 7 2 7 10 4 9 7 1
459 9 8 1 7 10 5 6 1 8 2 10 3 1 8 7
667 7 4 6 8 10 7 10 10 6 9 9 1 2 8 9
404 5 8 9 8 10 1 6 1 7 1 10 1 6 4 2
445 7 5 9 8 4 6 2 3 1 1 7 8 10 4 10
516 10 10 3 2 4 9 9 4 3 9 8 3 4 6 3
25
554 7 3 3 4 9 5 6 7 4 6 3 6 7 8 7
483 9 9 2 1 8 5 6 5 6 2 8 7 7 2 7
448 1 2 5 8 9 1 4 3 10 7 8 8 4 4 7
514 10 6 7 8 3 9 10 4 5 4 2 3 7 1 5
492 8 7 8 9 5 2 8 10 10 2 9 3 4 9 3
374 2 6 2 3 2 6 2 6 9 2 4 2 6 9 10
529 8 9 3 3 4 7 10 5 5 4 4 2 10 9 9
649 5 10 5 4 8 9 5 9 9 6 10 7 9 5 9
505 8 1 10 6 10 1 3 8 5 5 7 6 8 10 2
408 8 6 8 3 6 5 6 2 2 3 4 3 9 7 3
494 7 6 8 6 10 5 6 7 3 6 8 1 4 8 1
444 4 7 2 2 8 1 3 2 10 6 10 9 6 4 7
433 1 8 8 9 9 5 2 1 10 2 5 9 9 1 10
377 7 2 4 5 4 1 1 4 5 8 6 8 3 8 3
477 10 9 10 1 4 6 9 2 6 9 7 2 1 6 5
472 6 7 7 7 6 4 3 7 10 5 7 2 3 4 6
446 9 4 9 4 3 2 2 10 1 6 5 4 1 10 9
582 5 1 8 6 5 9 10 10 9 6 5 2 8 9 9
553 7 2 2 9 5 7 7 5 9 9 10 1 3 7 10
412 8 4 7 7 2 1 1 9 6 2 1 9 7 5 9
435 5 3 1 10 8 7 8 4 10 2 6 2 3 7 1
489 4 3 3 7 6 6 2 6 8 7 10 8 5 10 3
518 5 7 2 4 6 7 1 8 7 6 2 2 9 6 10
480 4 7 10 9 5 1 9 1 6 4 7 10 8 4 10
643 7 9 8 5 9 10 5 8 6 8 6 9 6 7 8
25
526 6 7 6 3 2 10 8 6 3 10 2 2 7 3 5
469 4 2 6 3 9 7 7 1 10 4 6 5 5 2 9
540 2 10 9 9 3 10 3 9 8 8 7 6 2 10 7
525 8 9 3 6 6 2 6 10 10 1 4 7 9 4 7
520 1 1 2 6 9 7 1 10 8 7 5 7 6 2 7
480 8 9 6 3 1 3 9 9 7 8 10 2 3 10 4
409 3 3 1 1 1 7 9 10 9 1 8 8 4 9 3
516 4 7 5 4 3 8 10 8 5 6 7 9 2 1 5
418 10 3 9 9 7 8 1 1 3 2 5 4 4 9 4
398 7 9 1 1 3 3 10 2 8 4 2 8 8 10 4
493 4 1 6 3 6 5 1 4 10 8 10 5 4 8 10
405 4 5 5 4 3 3 2 9 8 1 7 2 9 9 6
477 2 2 1 9 9 3 3 7 4 6 10 10 4 7 5
472 8 1 4 2 7 5 9 2 2 6 9 2 6 1 9
497 7 10 1 4 9 9 4 3 8 5 10 1 3 7 4
522 10 4 9 2 8 3 9 4 4 10 6 2 2 4 6
412 1 3 8 8 1 7 4 2 4 8 1 5 10 7 7
432 1 7 10 9 8 2 2 8 6 5 10 3 3 5 5
476 1 2 1 1 8 10 9 8 5 6 1 5 3 5 2
503 5 3 2 1 9 7 6 6 9 9 1 7 8 8 1
351 7 5 2 2 6 1 3 5 5 1 1 1 6 2 9
359 3 3 6 3 2 5 7 1 4 5 6 10 2 5 6
544 7 4 9 1 5 8 5 10 10 5 8 7 4 10 9
438 2 3 9 6 10 3 5 3 6 5 5 6 7 4 5
342 3 3 5 2 3 5 4 5 5 1 3 5 2 3 7
25
426 4 10 2 4 3 10 1 7 2 2 7 8 9 2 4
472 9 4 3 8 2 2 6 8 5 3 5 2 7 3 7
492 7 4 3 4 8 6 8 8 2 3 8 4 7 2 4
534 6 3 10 8 10 10 5 2 4 7 10 8 4 6 3
241 3 7 6 2 1 10 2 1 3 2 2 1 2 4 1
403 1 2 2 7 10 5 6 3 4 2 9 2 9 9 2
448 8 9 2 2 6 7 8 6 9 1 8 7 4 1 2
513 3 5 9 4 1 6 5 9 10 7 5 7 10 7 10
464 2 2 4 5 6 1 6 9 8 4 2 8 7 3 7
563 6 8 2 5 6 8 10 8 3 7 3 8 6 2 8
490 4 6 2 4 3 5 10 3 7 10 1 3 4 6 9
404 5 1 8 5 4 4 8 6 2 3 4 10 2 8 7
336 1 5 8 3 1 9 10 3 4 1 9 2 3 1 6
517 3 10 3 10 2 8 7 5 5 10 4 4 8 6 8
494 9 3 8 3 5 8 5 5 9 6 2 5 3 5 6
464 5 2 3 10 8 3 7 4 8 7 1 2 4 5 6
563 3 4 10 10 8 7 9 8 7 9 9 1 5 4 4
557 1 4 4 10 9 10 9 9 7 3 5 8 9 1 6
494 6 1 9 1 6 1 9 5 3 7 5 2 9 6 9
513 7 6 3 1 7 3 7 8 4 8 8 3 7 2 1
444 6 9 3 3 2 1 4 6 5 10 10 3 1 8 7
495 2 4 1 1 9 2 9 10 4 2 10 1 6 10 8
445 3 7 2 5 5 3 4 9 4 8 10 1 2 7 4
521 10 5 1 8 3 10 1 8 3 1 1 9 5 8 9
456 8 3 2 1 7 1 7 5 3 10 8 3 3 5 3
25
661 8 7 4 6 7 8 9 10 9 9 2 5 3 3 10
450 8 6 7 5 4 5 3 6 6 3 9 1 1 5 9
484 1 4 4 1 5 3 6 5 4 8 9 7 9 1 9
568 5 7 10 9 9 8 8 9 1 5 4 5 4 1 4
505 5 8 4 7 4 8 3 9 5 9 10 7 3 7 2
540 7 7 5 3 2 10 2 5 9 7 7 5 9 7 8
383 3 6 7 2 1 6 8 4 1 3 8 8 2 7 9
421 7 6 8 4 3 5 3 3 6 4 9 2 9 1 6
317 2 10 2 2 6 5 6 1 8 3 8 5 2 3 2
442 6 3 3 3 5 5 8 2 8 6 8 6 5 8 4
491 9 6 8 3 3 6 2 10 4 3 10 7 6 1 3
387 6 1 3 8 1 9 2 2 2 7 8 3 1 3 6
542 7 10 8 2 6 1 8 10 10 6 8 7 10 5 1
352 4 6 5 8 3 2 6 3 3 2 5 7 3 6 8
558 10 9 2 6 2 10 9 2 8 7 6 4 9 7 4
429 7 4 5 5 3 3 8 1 7 8 9 7 8 5 1
519 3 5 6 4 10 2 2 8 3 9 3 10 8 1 6
440 5 1 9 9 8 8 2 4 7 3 2 6 1 7 10
477 5 9 10 4 6 6 8 2 10 2 2 6 7 7 10
389 4 2 3 1 3 3 6 2 2 8 9 2 7 4 4
485 10 10 6 2 6 8 7 1 1 3 3 10 10 5 3
435 1 8 8 4 4 7 6 1 6 4 6 3 10 6 10
464 10 10 1 4 5 8 9 2 1 5 3 9 2 6 3
568 9 4 4 1 8 4 10 10 8 6 8 8 5 2 3
483 3 10 6 8 8 6 5 10 4 3 5 6 2 2 3
25
415 5 10 4 4 3 1 5 5 7 8 7 1 8 7 5
514 10 9 8 7 1 3 8 10 1 5 2 3 7 3 9
390 3 1 2 4 8 2 5 5 1 5 2 7 5 9 1
472 1 6 2 10 4 7 8 5 4 8 8 5 9 8 2
425 6 8 2 2 2 3 2 8 6 7 6 7 2 5 4
325 1 6 8 2 1 1 5 2 6 9 6 1 7 5 1
406 4 2 5 2 7 5 5 2 6 3 7 8 9 1 3
618 10 5 8 4 4 7 6 6 6 10 2 9 9 7 10
545 6 9 9 2 3 8 5 8 10 9 3 3 9 8 6
482 4 9 7 3 8 2 9 4 8 2 5 2 10 8 10
466 8 4 6 7 3 5 7 6 3 6 3 6 5 7 1
510 3 3 5 5 5 5 10 4 5 8 10 4 8 7 8
581 5 4 8 6 10 10 10 9 5 4 5 2 9 3 2
457 2 5 2 7 10 9 2 3 3 2 8 3 10 6 5
480 6 9 6 6 2 7 5 10 2 7 9 9 1 5 1
376 4 1 1 9 5 6 2 1 9 5 10 1 8 5 3
576 9 1 1 3 5 4 5 10 9 10 9 9 4 1 9
555 6 9 1 8 1 10 9 8 9 3 10 6 8 2 5
622 8 8 9 4 10 9 9 3 1 8 6 8 6 6 6
470 7 5 5 2 5 8 6 1 10 8 4 4 7 10 2
550 10 10 7 10 9 1 8 6 4 1 10 10 9 10 2
590 8 5 5 5 9 2 10 9 5 8 1 7 1 8 8
513 7 7 9 7 1 8 8 7 5 9 2 8 2 9 7
529 6 4 2 5 6 5 4 6 7 9 4 6 8 3 9
484 4 9 2 2 9 6 2 9 4 2 3 5 5 4 7
25
412 8 3 5 4 5 1 6 6 7 3 7 3 1 4 5
363 4 3 1 9 7 3 6 1 8 4 10 3 5 2 2
503 3 8 3 5 9 4 6 4 1 9 4 3 10 1 5
525 8 6 2 9 8 10 5 9 8 4 7 1 1 1 5
412 1 2 9 6 5 3 5 1 6 10 10 5 8 5 4
570 9 9 3 5 3 7 5 9 6 10 1 5 6 3 9
527 9 3 6 5 8 7 3 7 4 8 5 7 3 4 6
490 2 2 5 6 6 1 8 8 7 7 8 4 6 6 8
488 6 1 2 4 2 9 6 7 10 6 6 10 10 1 3
501 3 6 6 1 8 9 1 10 6 6 5 2 8 10 6
407 2 8 5 2 2 1 7 10 6 3 3 6 5 1 7
437 3 10 8 3 8 1 9 8 1 2 9 8 3 4 4
608 7 10 1 8 8 8 10 8 4 8 6 5 3 5 7
379 7 9 3 3 1 3 7 3 2 1 10 8 7 1 7
400 1 8 7 10 5 8 1 4 10 1 2 7 8 1 5
360 3 8 4 6 9 4 1 1 9 7 1 3 3 2 3
583 8 8 3 5 9 7 6 6 8 5 8 4 10 5 6
504 10 7 3 4 6 3 8 5 6 1 6 5 5 6 9
449 1 5 2 7 9 4 5 7 6 4 2 1 10 10 5
449 10 8 10 2 3 9 3 7 9 4 8 6 1 7 2
469 3 6 8 7 6 8 5 10 8 4 1 7 1 8 4
558 5 5 2 6 2 6 7 10 7 10 10 1 9 7 5
465 5 4 5 1 1 10 3 10 4 9 4 4 9 9 1
474 7 10 7 5 9 2 2 5 1 3 8 3 6 9 10
432 5 3 9 2 2 4 9 6 2 2 2 9 10 4 6
25
448 4 6 3 8 7 2 5 5 4 8 8 8 2 6 3
435 1 4 1 1 7 4 4 10 4 8 3 1 6 8 1
490 4 7 10 7 5 4 5 7 2 6 7 10 3 5 6
414 2 8 7 5 3 2 4 6 10 6 7 10 5 7 6
387 4 3 8 8 10 5 5 1 6 5 3 9 1 9 1
578 8 9 7 4 10 5 10 5 10 7 8 3 4 2 6
424 4 2 2 6 5 4 9 1 1 5 8 7 5 9 5
600 5 10 9 10 10 9 10 8 6 2 8 9 3 9 8
434 3 4 1 9 2 7 2 10 5 4 5 3 7 6 5
408 2 5 1 8 8 3 2 4 7 7 3 6 7 2 2
383 2 8 1 3 5 7 2 4 1 2 4 2 7 6 10
401 1 7 6 7 9 4 6 2 2 4 5 7 10 3 3
335 3 9 2 1 4 7 1 3 2 2 7 8 4 1 7
450 2 7 3 1 9 8 2 7 7 4 3 1 6 10 8
525 6 6 3 10 5 8 3 5 1 4 1 6 9 7 10
501 10 9 7 1 8 8 4 6 1 3 6 6 5 10 5
465 6 2 2 5 4 7 7 1 8 4 7 8 9 1 7
450 1 10 1 5 2 6 5 7 1 7 5 9 10 1 3
533 6 10 5 3 9 3 10 10 5 3 9 3 5 4 4
470 10 2 9 10 3 1 4 8 9 3 5 1 5 4 7
463 9 9 1 6 5 7 5 4 6 2 8 10 5 6 3
485 9 6 4 4 9 3 5 2 7 6 9 6 5 1 8
573 10 7 6 4 6 8 9 8 1 3 6 3 7 7 10
561 10 3 8 7 2 10 4 10 2 7 4 10 6 8 3
440 2 3 2 4 8 10 5 2 6 3 8 8 4 2 8
25
385 2 9 10 1 2 8 9 1 4 7 5 3 1 10 5
330 3 1 8 4 1 6 1 6 3 3 10 2 7 3 4
493 7 9 4 10 7 1 5 8 3 3 5 8 5 8 4
382 3 1 9 7 9 10 5 2 1 3 1 8 1 2 3
495 4 1 8 7 6 9 6 3 6 10 9 3 7 4 4
457 6 3 3 4 6 7 5 1 1 6 8 5 1 10 10
438 10 2 9 2 6 1 10 3 4 2 1 6 10 1 4
479 3 7 6 4 8 3 6 1 7 5 10 8 10 3 6
495 6 9 3 2 4 9 2 2 9 10 10 3 6 8 7
498 10 7 9 4 1 3 9 10 5 3 10 1 8 1 5
491 9 6 6 4 4 8 9 4 8 3 1 7 6 5 8
530 7 9 7 4 8 1 8 9 7 7 5 4 10 6 1
466 6 2 10 4 3 4 9 5 3 9 6 10 1 2 5
468 6 8 7 7 1 8 1 5 7 10 6 5 1 10 5
354 4 10 6 4 2 3 7 3 1 2 4 9 1 3 9
562 3 2 2 7 10 10 10 10 9 3 1 7 4 9 6
508 9 7 9 8 10 4 4 3 4 6 10 9 1 6 5
559 9 6 9 8 10 2 9 7 10 6 6 4 1 5 7
491 1 1 3 3 8 10 2 8 3 5 6 5 10 8 5
438 4 7 5 5 8 4 9 3 8 1 1 2 10 5 9
402 6 5 5 2 6 1 3 4 8 6 6 10 1 6 8
646 9 10 2 8 5 7 10 9 2 10 10 2 9 8 5
542 8 4 4 10 8 3 2 7 7 2 10 5 8 7 9
512 10 9 10 6 6 7 6 7 2 4 3 6 3 1 8
490 8 8 6 8 1 8 4 1 7 8 8 8 7 6 5
25
445 2 10 5 4 3 4 7 1 6 5 10 7 10 5 7
582 7 6 9 9 4 9 3 10 4 5 7 1 10 8 7
518 8 6 1 5 7 6 3 5 10 7 6 6 6 5 7
628 9 9 7 7 9 6 7 4 3 9 8 9 5 4 7
463 4 8 3 7 5 8 7 9 1 3 6 2 1 2 7
580 10 2 8 3 8 5 3 4 1 9 9 10 10 6 7
498 7 5 8 2 7 9 5 2 3 9 2 5 3 2 7
468 2 1 5 7 8 5 8 3 7 3 4 4 7 9 8
346 1 9 3 3 2 9 6 6 7 4 1 2 6 5 1
563 10 3 4 7 8 8 9 2 2 8 10 10 2 9 1
449 7 10 6 1 8 4 8 4 6 1 10 2 8 9 4
499 5 2 9 6 8 1 9 7 3 7 2 10 6 6 3
421 5 10 2 5 4 1 6 2 8 7 3 9 3 8 7
381 4 8 1 2 2 7 10 1 2 10 3 1 1 10 2
573 10 8 3 9 8 10 6 5 9 8 8 9 1 2 2
611 10 10 1 9 7 5 10 6 1 10 6 6 3 6 7
540 5 4 10 7 7 1 10 10 4 3 4 10 4 4 10
475 5 2 10 1 10 2 7 7 2 3 7 2 7 2 9
463 10 5 3 7 6 5 2 5 4 1 9 4 5 8 9
507 5 8 4 4 5 10 7 3 3 5 1 3 10 4 7
442 5 7 3 8 5 5 2 1 5 5 8 6 10 8 6
445 5 10 8 10 2 10 9 1 7 7 3 4 4 3 3
399 6 5 9 1 1 7 3 9 2 2 2 5 6 10 7
402 8 2 2 7 1 5 1 2 10 4 4 10 6 2 8
433 3 10 8 9 2 5 1 9 4 1 4 9 6 4 7
25
470 2 3 2 2 9 5 4 10 4 3 6 9 7 7 6
445 7 9 2 4 3 4 9 7 1 4 7 7 4 1 3
404 4 4 7 8 5 2 3 5 6 3 10 10 9 2 1
522 9 1 10 6 9 6 5 7 1 7 3 5 6 1 4
511 9 2 9 9 3 1 3 6 4 9 9 6 8 8 9
492 5 10 4 9 7 10 10 1 10 4 9 3 3 1 4
478 1 6 4 2 7 10 9 3 9 1 10 8 4 4 9
516 4 10 6 4 1 6 10 8 6 2 9 10 9 10 10
379 5 10 9 5 9 5 2 1 5 2 9 5 2 4 4
408 10 1 4 8 2 9 1 4 10 1 2 9 2 3 7
509 8 6 2 4 3 8 6 10 7 1 8 7 10 6 3
460 6 7 1 7 4 9 8 3 10 5 5 1 2 5 7
494 10 9 5 7 5 9 8 2 2 4 9 2 4 2 4
447 1 8 3 9 7 7 5 2 2 5 7 6 3 10 7
446 6 7 1 1 5 6 5 2 6 9 8 1 2 10 8
467 2 6 10 10 9 2 10 4 8 5 4 7 3 7 3
563 9 7 10 1 7 7 10 2 5 9 3 3 7 3 9
508 6 7 4 4 9 5 7 6 10 2 9 2 3 6 8
400 8 7 6 1 1 9 5 1 5 7 4 6 5 3 2
495 7 4 7 3 2 8 5 7 6 7 7 4 7 3 7
405 4 4 7 8 8 2 1 7 6 7 5 1 2 6 4
521 9 3 8 5 7 9 9 6 2 3 6 3 5 5 3
470 6 10 7 4 4 6 6 2 10 3 7 9 10 7 8
521 6 8 1 7 5 10 2 7 2 2 5 9 4 9 10
427 3 9 3 10 2 5 9 1 3 6 2 9 5 8 9
25
545 3 7 7 7 8 8 5 9 5 8 9 9 6 8 2
386 5 8 9 4 4 4 4 8 8 4 4 6 1 5 3
404 9 2 7 8 1 9 9 1 6 2 6 4 5 10 3
409 1 5 7 3 3 5 8 9 1 4 3 7 8 7 1
344 1 1 3 3 4 4 4 5 4 4 10 6 7 10 3
499 5 9 1 10 7 2 10 8 5 5 3 1 2 5 5
387 6 3 2 6 6 4 4 2 6 3 5 2 2 1 8
403 7 3 9 2 7 5 7 2 4 3 8 6 7 3 2
528 10 8 8 3 7 7 6 1 5 5 8 10 2 2 9
406 2 2 10 3 4 6 5 5 5 4 8 3 9 6 3
352 7 3 6 7 3 1 5 1 8 4 2 4 2 9 5
559 4 9 4 10 8 2 10 8 6 6 9 4 5 3 7
492 8 2 10 3 10 7 7 1 4 5 3 9 7 4 6
460 8 7 7 9 7 6 4 3 9 3 2 5 4 2 4
572 4 9 3 5 6 10 10 8 8 7 4 2 2 9 7
485 5 2 9 1 9 10 1 2 5 5 9 9 10 3 2
304 5 10 3 9 3 1 8 2 4 3 8 1 2 5 1
461 2 4 4 3 9 5 3 4 10 10 3 1 2 2 6
597 9 8 4 7 8 8 6 7 1 9 10 7 5 5 3
396 1 6 5 2 4 3 3 5 9 8 4 3 9 7 7
434 2 3 1 1 10 6 5 2 10 4 9 7 5 2 4
406 2 2 9 3 1 6 10 8 9 2 8 1 4 8 6
522 9 2 5 10 5 7 1 5 3 9 8 5 2 5 10
451 5 8 4 1 5 8 8 2 9 4 4 8 5 5 10
496 5 5 8 10 10 7 3 8 5 1 5 8 10 8 1
25
420 1 3 4 2 3 10 2 5 4 6 1 10 10 9 1
487 3 7 10 5 9 2 2 7 9 2 8 8 7 3 8
540 6 8 9 6 8 6 1 5 7 8 8 3 7 9 9
523 8 1 5 1 9 5 6 2 5 10 3 5 6 1 6
423 4 9 5 7 3 5 7 4 2 10 1 3 1 9 3
425 4 3 7 4 2 9 6 2 10 4 3 9 2 10 7
469 5 5 7 1 5 4 5 9 8 3 4 1 9 10 7
608 10 4 1 10 10 9 3 7 4 4 2 8 10 2 5
486 7 3 4 4 8 9 9 2 5 3 4 8 5 10 3
431 2 1 5 10 4 6 4 4 6 8 10 8 6 8 1
411 10 5 8 4 7 4 4 1 8 3 9 7 6 4 1
409 7 10 4 7 5 2 4 10 5 2 2 8 2 7 1
513 9 1 6 2 4 6 6 10 3 5 4 2 7 9 5
414 1 6 6 2 5 3 4 3 8 10 2 4 9 6 2
476 4 5 9 4 1 9 10 8 2 8 8 8 1 10 1
584 1 7 8 1 9 6 7 9 8 10 10 7 7 9 4
552 2 9 6 5 10 6 8 10 3 7 3 2 9 10 2
476 10 4 8 9 2 8 2 6 2 5 2 4 9 8 2
557 10 10 7 1 10 4 1 5 7 5 10 10 10 9 3
503 6 1 8 10 8 9 7 7 5 1 7 5 8 3 2
357 5 4 4 1 1 2 3 10 6 4 3 2 5 5 6
390 2 2 10 5 10 3 5 5 10 2 3 2 3 2 2
356 2 3 4 1 2 10 2 1 2 6 3 3 8 6 6
354 4 10 2 8 4 1 4 3 10 8 7 3 1 10 2
572 10 4 6 5 1 8 10 10 4 6 6 7 2 4 9
25
388 1 1 2 7 6 1 5 2 8 8 8 5 8 8 3
326 6 7 4 1 2 7 10 1 5 1 3 4 5 9 2
407 10 8 1 1 2 1 4 2 7 9 4 8 1 8 8
472 1 5 6 9 9 7 4 1 8 10 9 4 1 5 6
401 2 7 3 6 3 8 3 5 6 1 2 9 10 7 3
517 9 3 5 8 5 7 9 8 4 6 10 2 2 2 4
389 7 6 2 1 4 2 4 4 3 3 9 1 1 1 10
446 8 7 7 1 4 2 3 7 10 5 6 3 8 5 3
438 3 9 7 8 8 1 8 4 2 5 2 6 10 1 3
481 7 6 5 7 5 6 4 1 6 1 10 9 8 6 9
463 5 7 6 8 7 1 4 1 10 10 6 7 2 4 7
356 1 1 4 3 6 9 1 3 5 3 5 2 9 2 1
395 1 9 3 3 6 3 5 4 10 3 10 5 9 1 5
522 8 7 7 5 2 6 8 7 4 7 5 9 5 1 10
453 2 7 1 6 7 8 3 4 10 4 9 5 4 7 9
451 8 1 7 3 7 5 1 4 4 6 1 3 4 10 9
367 3 4 2 3 3 4 7 4 9 1 4 1 8 1 6
557 9 10 10 10 9 7 5 7 7 1 3 1 7 9 8
405 2 8 4 7 4 5 10 2 2 3 3 8 9 6 7
455 2 10 4 1 2 6 9 8 2 9 2 9 10 8 1
380 3 7 3 2 9 2 10 1 1 2 2 5 10 1 2
446 9 10 5 4 7 1 2 1 3 9 1 6 5 7 7
494 3 3 6 1 9 3 5 9 1 7 4 1 6 5 7
625 10 6 9 10 6 10 7 9 4 8 8 2 2 10 7
569 6 2 2 9 7 5 9 9 4 8 1 5 5 5 8
25
441 10 2 4 3 6 4 2 3 5 4 8 8 8 2 6
474 5 5 8 2 10 4 2 9 1 5 10 7 4 10 1
525 3 4 3 7 3 3 4 9 5 10 4 10 8 4 6
516 5 9 3 9 10 9 9 6 8 3 3 1 8 10 1
371 7 1 3 9 1 10 8 2 1 2 5 1 9 1 1
519 10 3 8 3 9 10 1 8 1 6 6 9 4 1 1
455 2 6 3 5 7 3 6 3 10 8 2 3 4 4 10
627 8 3 2 10 6 10 7 9 9 10 7 5 6 9 3
459 5 9 3 2 6 2 8 8 10 2 8 5 1 10 6
358 4 4 10 3 1 10 1 4 1 5 5 2 1 2 7
394 1 2 10 9 6 7 9 5 1 3 4 9 1 7 3
458 6 1 3 10 4 2 2 10 10 7 4 5 2 1 4
530 6 8 1 7 2 6 8 1 3 8 10 5 10 8 9
441 7 9 6 2 3 7 2 8 2 2 5 10 5 10 2
480 7 5 2 7 6 9 4 5 7 1 9 1 4 4 7
505 9 3 8 1 9 1 7 4 8 10 1 9 1 7 4
356 1 6 7 3 5 1 8 2 10 4 7 3 10 7 1
502 4 10 7 2 5 9 1 7 7 2 3 9 9 1 9
375 3 3 10 1 9 4 5 4 5 2 3 3 8 1 4
394 5 1 7 2 1 4 10 4 10 3 7 4 4 4 10
477 2 1 5 3 8 5 8 10 1 1 3 3 10 1 8
478 10 8 8 8 1 8 4 10 1 3 2 1 10 4 4
519 10 10 7 10 7 2 8 8 6 1 9 9 6 4 4
429 3 4 10 2 9 4 3 4 2 8 9 6 5 9 2
470 9 1 9 5 1 3 3 6 5 7 10 5 3 6 10
25
445 8 6 8 10 1 3 6 7 2 1 1 8 3 7 9
311 1 4 8 4 2 1 6 6 4 2 10 9 5 4 1
460 1 1 7 1 8 7 6 3 1 9 10 7 4 8 7
429 5 4 9 4 4 2 1 6 2 6 7 8 2 3 9
447 8 5 4 1 3 6 10 7 6 3 1 4 5 3 2
528 9 5 4 10 10 4 10 3 8 6 4 2 2 2 6
490 10 9 8 4 2 10 10 3 10 3 5 2 1 8 8
488 3 6 7 7 7 3 8 3 7 9 5 10 8 6 4
442 1 5 6 3 5 5 6 9 9 9 5 5 5 3 2
397 4 9 6 2 1 7 9 4 5 3 6 5 2 5 7
326 3 7 3 10 1 5 3 1 1 2 4 5 10 5 7
510 1 10 4 10 5 2 3 10 9 10 5 2 8 2 3
483 8 6 9 3 4 9 2 8 10 4 3 7 9 4 1
523 6 9 6 7 4 10 5 2 6 7 2 8 4 5 10
571 7 8 9 6 9 10 7 7 10 2 1 9 4 8 5
402 5 9 10 9 5 3 10 3 7 1 2 4 8 2 2
496 10 2 5 7 6 8 4 2 9 1 3 9 8 5 7
441 7 9 9 4 2 5 10 2 8 9 7 7 3 7 2
520 4 7 1 9 10 7 8 3 10 3 10 2 10 3 5
439 3 7 10 7 5 5 9 6 3 2 1 9 4 6 8
636 6 6 3 9 9 10 4 10 4 10 6 5 8 5 4
469 10 1 8 5 1 9 4 5 1 4 1 6 6 8 9
488 10 10 6 7 6 2 5 6 8 2 5 9 4 9 7
364 3 7 7 6 1 7 3 4 9 2 7 7 1 7 7
478 9 1 2 9 3 3 10 10 5 6 9 5 1 5 1
25
509 9 2 7 2 10 8 1 2 2 6 8 9 10 6 5
626 8 7 9 8 4 10 7 7 9 8 1 9 9 7 8
447 6 2 6 9 9 3 4 4 2 5 4 1 8 5 1
479 10 1 1 4 9 10 8 1 3 4 9 4 4 10 3
426 10 4 10 7 3 4 6 3 9 6 1 6 5 7 2
499 8 5 1 4 7 4 8 3 2 10 8 10 6 6 2
388 3 1 6 3 6 3 2 2 1 7 8 1 5 7 7
437 3 1 9 10 1 10 8 5 3 1 9 5 6 6 8
409 4 5 1 2 10 1 5 3 7 3 5 5 5 5 5
486 7 10 6 2 5 3 9 8 6 7 3 1 10 2 1
528 4 7 2 1 10 3 10 8 4 5 4 8 3 10 10
508 10 4 9 6 4 3 10 4 7 4 9 4 8 3 9
265 1 8 5 2 1 1 6 6 10 2 8 2 1 10 2
576 5 6 5 9 10 1 1 9 9 3 9 8 10 6 10
384 6 7 4 5 1 2 6 2 8 6 1 3 7 9 7
429 4 5 8 7 4 5 8 9 9 2 2 1 4 3 3
474 2 7 7 7 5 6 7 6 5 9 1 10 7 8 2
466 2 4 8 1 9 2 5 4 3 9 1 1 10 7 10
595 6 10 4 10 9 9 8 1 4 10 7 7 5 7 6
379 10 2 4 2 1 7 6 5 1 1 5 9 2 4 4
443 2 5 7 2 3 10 1 4 8 3 9 7 10 1 8
328 1 4 2 4 2 7 10 1 7 1 3 4 5 1 10
550 6 2 7 4 2 10 8 7 4 10 3 1 7 9 6
575 10 9 6 6 10 5 8 3 3 6 6 4 5 8 7
379 3 7 8 7 6 1 10 4 2 5 5 2 1 9 5
25
504 3 7 7 10 3 8 6 4 6 8 2 3 5 2 9
399 1 1 3 1 7 5 3 9 5 5 4 2 1 3 6
363 3 6 8 7 3 2 1 10 3 2 1 8 4 1 6
473 3 9 10 7 3 8 6 7 1 2 4 4 10 3 9
459 1 8 1 6 6 4 10 8 4 5 9 8 4 7 1
556 9 9 1 3 6 10 3 3 9 8 10 6 8 5 7
501 10 7 1 4 8 2 4 5 10 7 1 9 6 3 1
360 3 1 3 2 5 2 7 2 8 3 7 10 8 4 2
461 9 2 3 4 4 3 9 1 8 8 8 6 3 10 7
427 1 7 3 3 9 7 1 1 4 9 2 8 4 6 9
528 4 9 4 3 9 7 4 9 6 2 9 4 6 8 6
381 8 1 1 1 7 2 4 2 2 4 7 7 1 10 8
517 3 3 8 9 9 1 9 7 7 5 5 4 10 6 6
542 8 3 7 2 8 10 6 6 2 6 4 7 7 5 3
513 2 8 9 10 3 1 7 8 7 9 2 5 10 6 7
524 6 1 4 7 8 4 7 8 5 5 10 8 2 2 10
634 6 8 10 5 9 10 7 7 8 10 5 1 6 9 5
448 5 1 2 9 7 2 2 9 3 1 5 5 5 3 8
358 6 5 6 6 2 5 4 6 4 2 5 7 2 4 4
536 1 7 1 1 9 9 5 9 3 7 5 10 7 4 2
452 9 8 2 7 4 3 5 4 4 4 1 10 2 1 8
429 4 9 3 9 7 3 4 3 1 7 4 9 10 4 1
585 5 2 4 2 10 5 9 7 3 9 8 8 3 8 10
549 9 1 2 5 7 9 7 8 1 7 1 2 3 8 6
411 10 6 1 6 3 1 2 6 5 2 8 3 10 6 2
25
426 9 8 1 3 4 8 6 3 9 1 9 2 1 10 4
529 8 2 2 4 4 10 9 3 8 4 3 9 5 2 9
464 10 4 2 9 6 1 7 5 2 6 2 6 2 4 5
402 6 9 1 9 3 2 10 5 2 1 7 2 7 10 5
472 7 10 4 6 8 9 9 2 4 3 4 8 1 1 2
447 4 4 5 8 6 6 4 10 9 3 3 4 7 8 2
565 3 2 1 5 8 6 3 10 6 10 1 4 9 1 6
467 3 9 4 4 10 4 5 10 3 1 6 7 5 2 4
392 10 3 2 10 3 1 10 2 2 4 1 3 1 7 5
434 6 9 7 1 6 4 3 7 2 4 4 3 6 9 4
425 7 5 9 6 1 5 8 4 10 6 3 1 2 9 4
438 9 2 1 7 2 4 9 3 2 8 10 9 4 1 2
451 4 1 3 1 4 6 5 9 10 5 1 5 2 5 9
474 1 5 8 6 1 10 1 10 1 3 5 8 7 4 10
547 9 9 5 7 6 6 2 4 7 7 9 5 5 7 10
413 2 5 1 4 7 7 8 5 8 3 8 6 3 9 1
498 6 9 6 2 6 10 5 2 8 4 1 4 10 10 8
530 6 4 8 8 1 8 9 4 8 7 9 8 8 8 4
437 2 3 7 1 8 8 4 3 3 6 4 10 2 8 5
384 1 6 7 2 9 3 4 6 10 1 10 5 1 7 6
575 7 10 6 4 6 6 8 10 5 1 8 8 8 1 8
457 1 3 9 9 3 6 2 10 5 7 8 7 6 2 1
452 9 7 6 5 4 4 8 2 4 7 4 6 7 4 2
469 3 3 10 3 6 2 8 9 10 10 8 8 2 4 2
343 1 7 5 3 4 2 5 3 10 5 10 1 5 5 6
25
504 10 1 2 9 3 6 3 2 6 7 7 7 3 2 10
493 3 1 5 10 3 8 4 9 7 7 1 9 10 4 1
513 4 7 1 5 10 6 6 5 3 9 4 1 2 8 9
519 8 4 4 1 5 1 3 10 4 8 5 10 10 4 2
566 5 1 9 10 10 10 10 10 6 1 6 8 2 5 4
515 5 8 6 4 8 4 7 10 4 6 1 9 9 9 2
503 10 1 2 10 4 9 6 10 8 1 1 9 4 5 4
435 1 7 3 4 3 5 7 9 4 4 6 7 8 1 5
443 5 7 5 6 3 5 6 9 10 1 5 8 4 3 6
576 6 7 8 6 6 5 6 9 10 7 10 4 6 7 6
351 3 5 10 6 2 1 1 6 5 4 5 6 8 5 1
382 4 1 3 9 5 9 9 2 10 1 5 4 1 10 4
353 2 4 4 1 8 4 4 7 10 2 3 3 2 7 5
543 3 2 9 8 4 10 6 9 4 6 2 10 7 6 6
534 2 1 6 6 8 9 10 4 2 6 3 7 9 9 10
465 7 3 3 2 7 10 3 3 9 9 7 2 3 2 2
404 9 8 3 5 6 7 9 1 2 1 4 4 6 10 2
441 6 6 7 1 7 5 3 7 4 4 1 7 10 3 2
482 4 4 5 5 2 10 10 7 8 9 4 4 4 9 1
470 9 10 4 10 4 3 7 3 10 9 2 6 2 2 5
399 8 7 7 9 2 2 8 2 4 2 4 8 5 2 9
503 9 3 1 2 9 6 1 4 10 5 5 7 3 3 9
472 9 10 6 9 3 1 10 9 1 4 3 9 3 8 5
437 8 10 7 6 7 9 5 3 3 3 1 1 1 4 4
518 7 5 10 7 10 10 3 4 8 2 10 6 6 3 2
25
588 3 10 7 4 9 6 3 9 3 10 7 2 10 9 8
413 2 2 7 3 6 5 1 10 8 2 1 10 8 7 1
537 9 8 3 7 1 1 10 6 6 9 4 10 10 4 6
434 2 9 6 9 5 4 8 2 5 6 8 6 2 6 7
535 5 6 8 5 8 7 1 5 9 6 2 7 8 5 10
413 8 1 10 4 3 5 9 5 8 2 2 7 2 10 7
579 5 2 5 9 6 10 10 2 8 10 8 8 4 2 6
443 7 6 10 7 2 3 9 3 2 7 4 1 9 8 1
589 8 8 4 9 1 10 9 8 7 10 3 2 5 9 8
509 3 4 8 4 6 10 2 3 9 8 2 8 7 9 7
355 8 3 8 2 3 5 5 5 4 3 2 5 1 7 2
456 6 5 8 4 6 6 1 4 2 3 6 10 5 9 8
484 8 3 7 2 6 4 2 5 8 8 5 6 5 9 7
525 5 9 9 8 10 4 3 3 2 7 1 9 10 8 8
418 5 2 4 9 3 3 4 9 8 1 5 5 5 6 8
508 9 10 4 7 8 6 2 4 7 8 2 1 3 8 7
513 10 6 5 7 7 1 8 7 2 2 3 1 8 6 9
340 1 2 2 2 4 1 9 2 4 9 1 7 3 5 1
493 10 8 4 9 2 5 8 3 1 3 4 10 4 6 10
470 3 6 5 9 8 2 4 9 4 4 2 5 6 10 3
534 9 7 6 10 8 3 1 10 5 3 9 5 5 2 4
506 10 1 5 9 9 3 1 3 5 6 3 9 8 1 4
444 4 2 10 5 2 10 2 8 7 7 3 5 5 3 1
498 9 4 7 5 3 4 6 4 4 8 10 10 2 3 7
528 6 5 9 10 5 8 5 3 2 8 4 4 9 7 4
25
384 7 8 4 5 7 2 1 6 3 1 1 8 1 3 5
556 6 9 8 2 6 3 6 10 2 9 7 5 7 5 5
464 2 2 3 6 1 7 1 8 5 7 6 8 4 8 10
465 9 6 9 4 5 9 2 1 5 7 6 2 7 9 6
444 6 3 9 5 7 5 8 1 4 3 2 8 9 7 8
410 5 8 6 9 1 7 5 8 2 2 3 8 4 3 3
462 4 5 2 10 4 2 9 9 5 3 2 7 10 3 2
526 7 7 10 10 4 9 1 6 8 2 9 2 9 5 8
459 5 2 6 5 7 5 7 5 5 2 7 4 7 2 7
674 9 7 8 7 8 9 8 9 6 10 10 7 2 7 7
352 8 1 6 4 1 3 1 2 1 3 5 9 6 8 9
518 5 8 9 8 4 9 3 9 6 7 2 4 9 1 4
506 3 4 4 1 1 9 8 9 2 8 8 5 10 3 8
478 2 6 10 5 9 5 1 4 6 8 9 7 3 2 6
444 3 7 6 4 7 2 5 5 10 3 9 5 6 8 9
502 10 6 9 5 2 4 6 4 5 4 8 10 6 6 8
450 3 3 7 6 9 5 6 1 8 2 9 8 3 1 10
329 1 1 5 5 4 9 2 2 6 3 7 7 8 1 1
527 10 7 8 4 4 4 1 9 6 9 1 9 1 2 9
534 4 4 4 4 10 9 10 9 1 1 6 6 8 5 5
389 3 10 7 5 4 1 4 6 8 6 6 10 1 1 3
513 2 3 6 4 10 6 1 4 7 4 10 8 10 9 10
413 10 6 4 8 1 3 3 4 9 7 1 6 6 4 4
459 2 1 8 7 7 9 3 6 10 5 10 4 1 7 3
514 8 8 5 8 2 10 9 2 7 7 8 4 9 7 1
25
350 6 10 7 3 4 4 2 3 6 1 6 10 4 1 1
416 2 4 4 10 9 1 5 10 2 1 1 6 3 4 4
472 4 4 10 4 6 6 7 9 5 9 3 6 3 1 2
515 1 7 8 10 8 8 8 4 10 5 4 10 8 6 2
401 6 9 1 7 7 3 5 8 4 2 1 5 1 9 4
503 10 9 9 5 1 8 4 4 2 6 6 9 7 8 5
348 5 2 5 6 1 2 5 4 8 7 5 2 3 7 5
574 2 10 8 4 10 6 7 10 3 4 8 8 6 6 7
417 9 6 2 8 3 2 3 4 4 8 3 8 2 6 5
384 8 10 5 1 6 4 7 2 3 1 2 3 4 3 4
600 10 1 3 3 8 2 9 10 9 7 3 1 9 7 10
482 10 3 10 7 9 4 8 2 4 3 2 3 7 5 8
468 10 2 9 2 3 4 5 6 6 10 3 3 5 1 6
357 3 7 5 5 2 2 7 2 8 5 1 7 7 3 3
425 1 1 4 9 1 8 4 7 9 2 9 1 10 9 8
548 5 5 4 6 10 9 10 2 4 6 6 5 3 9 9
641 5 10 2 1 10 10 6 9 10 6 5 6 9 10 7
473 8 8 2 1 4 4 5 8 2 10 5 1 7 3 1
462 5 9 6 9 8 8 7 2 6 3 1 2 8 7 4
546 5 10 9 8 10 8 6 10 5 1 3 5 8 1 4
402 4 8 4 4 9 5 2 1 7 3 6 2 2 10 8
435 2 5 6 4 2 6 4 6 6 1 5 10 9 5 9
485 5 1 7 8 9 1 7 6 1 3 1 9 8 5 10
458 5 6 5 2 6 5 5 5 3 7 2 10 5 10 6
565 10 6 9 2 1 9 10 9 5 3 2 10 10 2 10
25
523 7 1 1 4 10 6 8 9 4 4 1 7 5 8 3
516 7 5 4 1 7 5 3 7 10 8 3 7 10 10 3
424 2 8 4 4 7 4 1 3 1 8 7 10 7 3 7
558 5 8 1 4 3 3 5 10 6 10 8 4 10 6 7
389 7 9 1 4 2 5 1 4 3 4 4 2 8 4 8
371 1 8 6 5 2 3 2 7 3 4 4 10 9 1 7
503 9 2 7 7 1 8 10 6 6 6 1 10 1 5 5
456 7 6 2 9 2 9 5 1 7 5 9 4 2 3 10
421 2 3 2 1 9 2 6 2 2 7 3 10 5 2 8
441 9 4 2 1 4 3 6 5 6 6 9 9 5 2 4
441 3 3 4 5 10 4 8 4 2 1 8 8 4 6 5
385 1 6 5 7 7 8 4 2 9 7 8 1 1 1 3
528 10 8 4 9 1 10 10 1 2 10 6 1 5 8 8
497 9 1 3 2 1 7 9 10 4 2 10 5 1 6 10
429 2 10 9 5 7 2 9 3 8 6 1 5 7 8 3
533 7 5 3 8 7 6 4 5 1 10 8 1 6 10 8
543 1 3 2 2 9 8 9 4 6 9 3 1 10 2 8
469 10 5 8 6 1 6 9 1 1 6 4 5 7 7 7
529 7 5 7 3 9 4 6 7 9 3 4 3 5 2 9
486 2 5 1 5 2 8 4 5 6 10 8 4 9 1 7
469 6 8 10 6 6 1 6 7 7 2 7 7 2 9 9
408 7 8 10 6 9 1 9 3 2 2 2 1 1 5 7
606 6 9 10 7 6 10 9 4 10 9 10 4 9 6 7
329 6 8 5 4 9 2 2 2 1 2 1 6 2 9 5
613 8 5 3 5 9 8 10 8 10 1 9 8 4 1 10
25
566 8 5 7 7 4 7 6 10 10 6 2 8 6 1 7
375 3 7 4 5 1 8 1 2 2 8 7 4 4 3 5
474 10 3 9 4 1 10 10 5 6 3 3 7 2 7 4
486 3 1 1 1 4 10 6 4 4 8 6 3 9 8 7
386 1 5 5 8 4 1 1 7 1 1 9 6 10 10 8
431 6 5 3 3 4 6 5 8 9 9 1 1 1 9 2
486 6 9 10 9 8 4 3 6 10 4 7 2 6 5 7
443 10 4 4 8 7 3 1 4 4 4 9 2 1 10 4
537 8 6 3 5 7 1 9 6 10 5 9 1 8 2 10
500 10 7 6 7 7 3 9 4 6 5 6 4 2 2 6
475 9 6 2 1 8 1 2 7 2 6 7 7 2 2 10
373 1 10 6 7 2 7 1 8 3 2 1 9 4 9 5
515 1 4 10 10 5 10 5 2 9 6 2 9 10 4 8
436 4 6 9 5 8 6 4 2 3 5 4 2 3 4 9
569 4 7 10 10 3 8 9 8 9 5 8 2 8 2 7
515 1 8 2 2 8 10 4 1 10 7 8 10 9 5 9
446 6 5 1 10 7 4 1 6 8 3 4 9 7 3 3
445 3 4 2 7 3 6 9 8 8 2 6 9 7 3 1
442 2 10 9 4 7 10 1 8 3 1 2 3 5 2 10
496 10 7 7 6 3 8 7 7 5 9 3 6 1 6 2
555 2 9 10 8 8 8 4 8 8 5 4 6 7 1 10
500 6 8 5 7 7 6 7 4 3 7 10 2 7 4 3
411 6 2 10 6 3 5 9 8 1 3 4 7 1 10 2
524 7 4 4 5 9 4 3 8 2 2 9 6 6 8 8
463 10 8 6 8 9 1 2 5 3 2 6 8 9 8 4
25
372 3 1 9 4 5 8 3 3 4 7 1 5 1 10 4
424 4 10 5 8 8 8 2 1 2 2 9 6 6 2 4
524 9 7 3 6 10 2 7 6 2 3 6 5 6 2 5
382 4 8 9 10 7 6 3 1 8 1 8 2 1 3 4
389 1 5 6 3 6 9 2 3 7 5 6 6 4 8 5
466 1 6 6 4 6 7 2 10 10 9 1 1 4 5 1
613 8 1 1 6 10 2 10 10 7 7 4 9 6 7 7
548 6 1 5 6 2 5 4 9 9 10 10 5 3 9 10
480 7 4 5 4 5 6 9 5 9 6 4 9 2 6 7
379 2 7 8 10 7 1 5 5 4 2 8 1 8 6 1
679 10 10 4 7 10 3 2 9 5 9 8 2 10 7 10
580 6 5 10 1 10 10 6 6 5 8 3 4 8 10 7
389 4 2 6 4 4 10 2 5 4 1 3 3 8 4 5
458 10 3 10 8 5 5 1 5 1 4 8 9 1 4 5
387 1 10 1 4 5 7 3 2 7 5 2 8 9 4 6
361 3 1 7 3 8 5 6 2 4 8 1 3 4 3 1
420 4 6 2 3 2 10 4 5 5 3 1 8 3 10 9
488 9 8 9 4 7 6 4 6 6 3 9 2 3 2 5
461 10 2 10 3 4 1 6 8 4 1 5 5 8 10 7
351 3 4 1 1 4 6 5 3 3 1 9 4 10 3 3
586 8 6 10 9 9 6 1 8 8 4 5 9 10 8 7
575 7 7 1 8 8 3 10 10 8 7 3 9 6 6 3
376 3 8 1 6 1 3 4 1 1 6 5 2 8 1 10
388 2 9 5 5 7 1 9 8 5 1 9 7 2 7 3
472 10 4 4 10 3 7 3 7 5 6 8 6 1 8 2
25
495 8 10 7 8 10 4 5 2 1 2 5 5 6 6 8
458 4 5 8 1 5 7 7 4 7 6 4 8 3 1 10
482 4 6 3 5 5 8 1 9 1 6 1 2 8 6 6
513 4 4 2 10 3 6 9 6 6 7 4 10 6 2 9
326 1 9 2 4 2 3 3 7 2 6 1 5 4 8 3
518 8 6 1 2 9 9 2 10 2 4 7 6 2 6 7
438 6 10 2 9 2 5 5 7 5 2 4 8 7 3 5
460 4 4 6 3 4 8 1 7 7 5 8 9 1 5 7
485 7 9 7 6 7 5 9 3 1 9 2 3 3 10 5
505 8 7 9 3 9 2 8 7 4 3 6 7 5 9 8
424 6 6 10 2 1 5 8 1 3 8 6 2 5 6 9
500 8 3 10 4 8 2 1 8 3 7 5 2 8 10 6
429 7 6 6 1 2 3 10 6 4 5 8 3 3 9 8
306 2 3 1 1 5 5 7 1 8 2 10 8 2 3 2
366 6 1 1 4 1 8 8 1 6 8 10 1 2 10 1
611 10 9 8 8 10 7 5 6 9 4 8 8 10 6 5
381 5 5 1 4 4 3 10 4 5 8 3 1 1 1 1
554 3 3 4 9 8 8 3 6 6 10 1 5 6 5 7
433 1 8 8 4 5 4 5 6 4 5 8 7 6 1 8
484 7 9 3 10 6 1 6 5 7 6 10 3 5 1 3
440 7 4 2 2 7 7 4 8 1 1 5 5 8 5 1
479 4 6 3 8 6 3 10 5 5 4 2 9 5 9 6
392 7 4 2 2 6 5 1 8 1 4 1 6 4 5 1
534 10 7 5 6 5 1 4 9 8 10 5 5 3 5 4
495 6 4 5 6 7 3 7 5 3 4 10 8 4 7 8
25
497 6 6 9 3 10 8 9 2 2 2 3 8 10 9 5
383 8 4 9 6 2 8 3 2 10 3 10 2 1 1 7
267 4 2 10 6 2 1 3 1 4 1 6 5 6 1 4
437 3 8 5 7 6 7 4 3 3 4 7 6 5 2 10
431 1 6 1 7 5 8 4 5 3 6 9 2 7 5 6
444 5 4 8 5 5 5 7 5 9 2 4 3 8 6 9
485 9 9 8 10 3 9 7 3 8 5 4 6 1 9 3
548 9 6 4 9 1 8 4 9 10 7 9 2 2 7 9
407 3 8 2 8 8 7 1 1 2 6 4 3 5 4 4
652 10 8 2 6 10 5 9 8 9 9 4 3 6 7 9
505 9 10 6 9 7 3 2 6 6 5 3 8 7 3 2
401 1 2 3 9 3 2 7 8 5 4 8 9 3 6 5
436 1 1 2 3 9 5 1 7 2 9 8 7 3 3 5
566 5 3 6 2 8 10 3 7 10 6 7 8 7 10 7
567 3 6 10 5 8 10 10 1 4 8 8 8 9 1 6
602 6 1 8 5 10 5 3 9 9 8 7 6 8 9 10
647 8 6 1 8 7 10 4 8 3 10 9 3 6 9 8
503 5 4 10 10 8 6 8 3 7 1 10 1 8 7 9
351 4 9 1 5 2 10 1 5 5 1 7 5 3 2 2
487 9 8 7 8 2 10 7 7 10 5 8 5 2 5 1
451 2 3 5 6 6 6 10 10 6 1 2 7 5 7 4
498 6 5 10 4 9 4 9 4 9 4 9 8 6 7 2
467 9 2 2 5 6 5 3 4 3 10 2 6 9 4 1
416 5 3 1 8 7 7 1 6 6 1 2 7 4 2 5
380 3 3 5 9 2 6 7 3 9 5 1 2 1 4 8
25
468 6 7 10 5 8 10 1 3 2 5 4 1 6 5 6
445 4 9 5 10 10 2 7 5 5 4 8 4 4 4 2
663 10 1 3 5 10 8 3 7 2 10 10 7 10 9 7
446 10 2 1 2 9 4 3 6 2 2 6 9 2 6 2
626 7 5 8 4 9 10 10 8 3 9 4 3 7 8 3
466 4 4 8 1 3 4 2 10 4 8 2 10 2 7 8
472 2 1 1 2 3 9 9 3 3 5 10 7 10 5 7
337 1 1 4 3 4 6 1 2 3 7 8 10 1 1 6
538 8 2 7 1 4 6 10 5 10 10 6 8 3 7 7
475 4 6 1 1 10 1 3 9 4 6 4 7 2 3 7
432 4 5 10 8 6 7 5 2 8 7 2 5 2 1 2
525 3 3 9 10 6 8 10 5 2 7 8 8 1 7 6
540 9 4 3 5 2 9 8 6 2 10 2 6 6 4 8
559 8 7 4 10 5 5 10 7 1 3 6 9 5 2 8
598 10 2 4 9 9 4 3 7 7 8 2 10 2 6 10
459 9 3 2 6 10 3 6 2 1 3 4 5 4 6 10
396 2 10 5 5 2 9 5 3 1 4 2 6 4 9 9
423 5 2 5 3 10 1 10 6 4 3 5 7 1 2 1
416 1 8 6 10 7 6 3 2 5 2 7 9 10 3 4
332 1 7 6 2 1 3 10 7 4 2 6 10 5 2 3
427 5 2 1 2 2 8 3 4 6 2 8 7 7 5 10
486 7 1 8 9 10 1 1 9 10 5 2 6 1 4 4
461 10 7 8 10 1 3 8 6 6 1 1 1 4 8 9
379 4 3 1 3 8 1 8 1 9 6 7 9 3 5 4
578 7 6 10 5 10 7 6 3 6 6 6 7 9 4 10
25
538 4 5 2 10 9 3 6 8 2 7 6 6 9 2 7
496 6 6 3 9 9 1 5 7 9 6 9 7 4 2 5
606 8 8 10 9 9 8 6 5 7 7 2 8 4 1 8
379 4 8 3 9 2 2 8 6 1 4 2 9 3 3 2
427 4 5 5 9 4 1 9 5 1 1 9 9 8 8 3
523 3 4 5 5 9 7 3 3 4 9 2 9 6 9 9
522 4 5 1 7 3 6 2 9 2 8 6 9 6 9 10
565 7 2 3 8 3 9 10 1 10 10 4 3 10 8 10
536 10 2 5 7 3 9 8 8 2 2 8 3 6 7 6
334 1 6 7 3 7 4 8 4 6 2 3 4 1 5 3
521 5 5 3 5 9 3 6 9 4 4 3 4 5 5 10
492 1 6 2 4 10 9 8 1 6 8 8 2 3 3 10
518 5 3 7 10 9 9 6 4 8 2 8 2 7 7 5
581 8 8 7 4 9 4 8 8 1 8 6 9 6 2 2
463 7 6 1 2 3 8 6 10 2 4 4 7 1 9 2
530 7 6 3 5 4 4 3 10 9 6 2 8 8 7 10
312 7 2 5 1 2 1 5 2 6 9 2 2 1 4 1
499 4 7 8 7 7 2 8 9 10 2 8 2 7 5 9
546 5 10 3 7 8 6 5 8 3 4 6 10 6 10 4
393 6 4 8 1 2 9 8 3 5 4 4 6 5 10 3
426 1 8 4 1 3 7 8 2 8 5 10 9 8 2 4
540 7 7 3 5 8 8 7 4 5 8 7 1 3 6 10
499 4 1 4 9 2 7 8 7 3 10 8 4 4 10 6
461 3 6 3 7 1 10 7 8 6 4 8 2 10 4 1
600 7 5 5 5 10 6 1 9 6 6 9 7 8 3 9
25
466 2 10 4 7 1 2 6 7 8 10 6 6 6 2 8
543 7 5 8 2 7 7 3 9 5 9 4 8 2 2 6
532 2 4 4 3 4 7 10 10 8 1 10 6 9 6 9
541 7 7 4 9 7 5 8 6 7 4 9 10 3 4 5
631 10 7 5 5 9 9 9 8 5 7 2 4 8 10 6
448 6 10 3 7 1 4 2 4 7 6 10 6 8 7 9
541 10 3 1 4 7 4 6 9 2 6 1 8 2 6 10
330 4 9 5 4 2 7 4 1 5 3 8 2 2 7 6
600 9 8 10 8 6 3 10 10 4 6 9 7 2 7 7
452 2 3 5 2 9 9 8 1 7 5 1 5 10 3 6
365 1 3 7 3 2 10 2 4 4 9 2 1 7 2 1
601 8 6 5 5 10 9 8 6 8 6 8 3 6 8 7
426 8 7 3 9 5 3 2 4 2 2 6 4 6 6 10
599 2 6 8 9 7 8 3 10 7 9 8 5 9 6 8
373 5 9 4 8 5 3 6 5 7 2 5 2 2 1 3
462 1 1 6 3 10 10 6 1 8 2 10 9 4 6 8
416 9 4 5 1 3 3 5 3 2 9 3 2 6 1 8
508 10 10 6 1 4 7 2 9 10 3 3 5 8 8 6
432 3 5 3 7 6 3 10 4 1 3 8 3 9 1 4
419 2 10 8 6 7 9 2 1 3 2 8 8 5 4 9
422 5 7 1 3 4 5 2 10 1 4 2 10 2 5 4
563 1 8 9 1 9 10 10 10 7 10 2 8 4 8 2
396 10 5 7 5 3 1 7 1 8 4 5 4 4 4 7
440 8 10 10 7 8 1 7 2 9 4 1 3 9 4 4
484 4 6 7 3 7 6 1 8 4 7 6 1 8 5 7
25
642 10 10 6 2 7 9 10 5 9 5 2 10 10 6 8
584 10 9 10 6 5 5 8 10 10 8 3 4 7 2 5
402 7 4 9 3 7 5 7 1 6 5 1 5 7 4 3
400 1 8 7 1 5 4 8 9 7 4 4 5 1 5 7
407 1 1 4 1 8 9 1 4 4 6 2 10 7 7 3
594 3 2 8 6 9 9 10 7 10 10 9 3 1 10 5
546 8 7 6 2 10 10 5 6 1 4 4 3 7 7 4
537 9 1 7 2 4 7 10 7 10 6 10 4 2 6 9
520 1 5 6 9 10 7 5 9 8 9 5 3 5 3 2
480 4 9 6 4 3 9 7 6 6 5 8 7 2 9 5
569 7 10 10 8 8 5 6 10 3 8 1 4 7 4 3
517 7 9 5 10 5 10 5 9 5 1 3 4 3 9 7
518 8 1 10 4 10 2 5 1 5 10 7 8 8 4 3
436 3 3 2 7 1 9 5 7 6 5 8 2 4 8 8
480 9 5 10 3 2 6 8 10 7 3 7 3 4 4 3
440 2 8 4 4 6 3 8 2 9 2 10 5 9 4 7
516 8 5 6 3 3 10 8 8 8 6 6 8 2 10 5
426 10 2 7 5 5 2 10 1 7 9 3 6 2 4 2
505 4 3 2 7 8 9 3 3 8 9 6 5 7 8 4
479 4 4 9 2 6 7 8 7 10 5 10 4 6 9 2
395 2 8 2 1 6 7 1 3 2 1 9 6 10 4 5
408 2 1 10 4 7 6 2 6 9 6 10 6 2 1 2
443 2 7 9 3 7 3 7 6 4 2 2 10 10 1 4
505 7 4 5 10 7 7 8 2 8 6 2 7 1 9 7
338 1 4 10 1 2 2 8 5 9 7 2 2 5 7 5
25
456 2 3 7 1 7 9 6 2 2 8 10 10 3 8 6
443 3 7 3 2 7 4 9 2 3 9 6 1 10 4 1
570 8 9 3 4 6 7 8 6 8 6 7 7 9 5 5
413 8 5 3 3 6 1 6 10 4 4 9 3 1 3 2
531 2 8 10 7 8 7 5 8 3 7 9 5 3 9 6
388 5 2 1 4 5 1 8 6 6 5 2 3 3 8 2
460 7 10 9 6 5 1 6 8 6 5 1 1 8 8 5
481 10 8 3 2 1 8 3 6 2 9 5 10 5 8 1
487 9 9 2 10 7 3 6 6 9 2 4 3 2 8 10
636 7 7 9 10 10 5 9 7 4 10 8 1 6 7 7
449 4 10 10 3 2 6 8 10 8 5 8 1 6 8 1
431 6 2 1 2 4 7 4 5 6 6 1 10 4 2 6
554 9 1 1 5 8 8 8 6 7 8 7 8 5 1 1
559 8 8 4 7 7 9 1 6 10 10 4 2 8 10 3
493 3 3 10 5 4 8 1 7 8 10 1 7 8 9 3
383 1 10 10 9 1 2 5 6 1 5 5 10 3 6 8
609 10 7 2 9 3 8 5 9 7 10 2 8 8 9 5
519 9 2 1 8 5 2 7 6 10 5 4 9 9 10 5
524 9 4 4 6 8 7 10 2 2 7 10 1 4 8 5
534 5 3 9 2 9 10 4 5 6 5 9 6 5 3 9
511 4 8 6 8 10 2 6 4 1 5 8 5 10 9 7
576 3 10 7 4 8 6 4 10 4 6 3 6 10 3 10
438 10 8 6 9 6 1 7 8 1 3 1 8 2 2 2
520 10 9 8 6 7 9 9 4 8 1 3 1 2 1 10
414 1 3 1 8 5 5 5 6 10 5 2 3 4 7 6
25
418 2 2 1 8 4 3 7 9 6 3 8 4 5 6 5
468 8 10 8 7 1 9 3 2 6 3 5 7 9 10 5
560 6 4 1 9 4 9 7 10 10 2 9 10 8 2 3
540 1 10 6 8 10 2 9 10 6 2 3 9 9 10 9
515 2 2 10 9 3 10 1 6 5 8 7 8 9 3 6
473 2 2 1 2 4 6 9 10 4 2 10 8 4 6 10
402 2 10 2 6 10 3 2 5 5 6 5 5 4 6 3
539 1 5 7 4 2 10 6 9 3 10 7 4 8 2 6
419 5 10 8 5 1 7 1 7 2 6 2 6 4 10 3
500 2 5 5 3 10 2 4 10 6 4 8 5 8 2 10
604 10 2 1 7 5 4 9 7 10 10 5 9 6 2 5
494 5 8 9 6 10 7 5 1 9 2 1 8 6 6 8
528 8 2 5 4 4 1 6 8 1 10 8 1 5 8 10
505 2 6 1 4 6 9 5 5 3 9 7 10 3 4 5
431 7 8 6 9 3 8 1 3 4 4 6 4 10 9 2
397 8 10 9 1 2 4 2 8 2 3 2 7 5 7 5
448 8 1 8 9 2 7 4 7 8 1 8 10 2 4 5
381 1 7 10 10 5 4 2 4 8 3 6 10 6 2 4
512 8 8 4 4 3 10 10 4 9 5 4 10 9 1 2
484 7 4 10 5 2 5 1 5 7 10 7 5 5 10 8
524 6 6 6 5 9 7 4 2 6 10 8 9 2 6 4
393 5 2 7 3 6 3 5 2 8 6 7 4 8 7 1
501 7 1 4 6 2 1 2 6 6 8 10 7 10 8 8
509 4 10 3 3 5 2 10 9 5 7 5 1 10 5 4
460 8 4 4 6 2 6 7 9 9 1 3 8 8 10 1
25
398 1 9 2 3 5 2 1 5 7 8 4 6 1 4 10
404 1 3 5 10 7 6 1 6 2 6 1 2 7 3 4
508 8 3 7 8 10 7 6 5 5 5 6 2 8 7 1
527 9 8 2 4 2 3 6 9 6 10 2 7 9 1 2
438 3 6 3 9 7 5 9 3 3 1 9 7 4 5 7
310 4 6 7 8 1 2 3 1 10 2 9 4 4 2 9
433 3 5 10 8 8 1 4 3 10 7 5 9 5 1 6
428 3 8 6 7 5 6 9 8 7 2 1 8 3 4 2
455 10 6 7 9 3 1 7 6 6 5 9 5 5 9 2
464 9 5 3 1 2 4 8 10 8 3 5 4 4 7 6
495 7 4 9 3 9 3 9 6 6 4 6 5 1 4 7
479 7 8 9 8 9 1 6 4 10 2 4 4 10 2 7
422 3 7 3 5 3 10 10 6 8 1 1 3 2 10 4
421 6 4 7 8 6 3 1 1 10 7 3 6 7 4 8
440 8 4 5 7 1 5 1 5 4 9 4 9 6 10 4
491 6 6 6 8 1 7 10 7 4 5 1 9 6 2 3
434 6 1 4 2 2 1 10 6 6 7 9 7 4 5 4
440 1 5 8 7 4 1 10 9 3 4 9 3 9 8 6
581 8 8 2 9 8 5 2 7 6 9 8 7 1 5 10
505 9 3 10 6 3 1 10 2 7 6 10 4 8 9 10
450 4 8 2 6 3 6 8 3 1 5 1 2 8 10 8
541 2 3 2 4 2 9 9 8 1 10 1 10 10 4 10
541 9 7 6 4 9 3 7 10 3 1 10 1 9 10 2
451 3 4 4 8 6 3 7 2 9 8 9 6 7 7 1
417 3 10 10 7 5 6 1 1 8 4 4 6 9 7 10
25
397 3 8 4 2 7 8 2 5 5 4 1 4 4 7 1
548 8 1 9 2 7 3 4 10 4 8 5 9 5 8 5
395 7 5 1 3 7 4 2 10 5 2 7 1 2 6 3
451 7 7 4 10 5 4 6 3 3 4 4 5 5 2 7
436 3 1 8 4 1 4 9 5 5 7 1 10 3 4 9
453 1 2 4 7 5 5 9 3 2 9 3 2 9 9 8
463 1 6 1 10 9 2 3 4 7 6 4 8 3 4 10
462 4 10 4 5 1 6 4 7 4 10 5 1 5 6 8
456 6 3 9 2 10 3 5 5 5 6 3 1 8 1 2
387 5 4 8 2 5 1 2 9 1 7 6 6 1 1 6
533 4 4 4 10 10 1 5 4 6 8 10 6 10 2 9
607 9 4 7 5 9 10 2 5 2 7 8 10 10 6 4
433 1 3 4 9 6 6 2 3 1 8 4 1 8 2 7
458 4 10 8 10 7 2 10 2 7 5 10 10 1 4 7
416 8 4 3 4 1 10 2 1 5 2 4 7 10 3 5
633 7 10 6 7 2 10 5 9 4 9 10 7 9 2 10
584 3 10 8 10 7 3 10 7 6 10 2 10 8 6 7
478 4 8 1 6 4 4 2 7 5 7 3 6 10 9 6
464 4 4 1 4 1 2 9 7 8 4 8 10 9 4 6
389 7 10 9 3 3 5 7 8 3 2 3 2 2 1 5
406 9 5 1 1 8 3 4 1 9 8 7 5 1 3 4
429 6 6 1 9 2 3 10 2 3 5 1 1 9 10 5
542 3 3 3 9 3 10 9 8 5 6 5 9 3 4 10
535 3 8 10 4 5 8 8 2 1 10 8 6 10 9 7
510 10 8 6 2 5 7 1 10 1 3 9 5 3 3 7
25
474 1 5 5 8 10 5 4 1 5 10 1 9 6 3 7
505 2 1 4 10 5 10 7 6 8 9 1 8 1 2 4
511 9 6 2 4 9 8 10 5 1 4 3 10 6 4 1
485 8 2 7 1 4 6 9 5 5 10 1 5 5 10 3
433 1 7 8 7 2 7 6 9 2 10 6 1 4 4 1
422 4 5 2 8 7 6 5 4 8 3 1 5 8 6 5
424 4 6 6 10 3 6 7 1 7 4 2 9 6 2 6
476 7 6 9 4 9 5 5 4 3 2 7 6 10 3 5
395 4 4 1 3 4 5 4 3 6 7 1 9 3 9 4
556 5 7 9 8 7 6 9 7 7 7 2 1 4 4 9
527 6 1 10 6 4 10 5 9 6 8 8 3 5 2 4
544 9 5 8 1 6 7 4 4 6 10 5 9 3 7 8
476 4 10 9 1 7 5 5 8 4 6 9 3 5 3 6
395 4 5 2 3 6 5 3 2 3 2 3 2 9 6 8
504 9 10 6 3 7 10 3 2 10 5 7 4 5 8 3
433 3 9 9 5 1 2 8 9 10 4 4 5 3 2 7
485 2 6 10 7 10 1 6 6 1 7 6 4 7 7 3
440 7 3 8 3 3 8 5 4 7 1 7 2 5 8 8
474 5 3 5 7 5 7 10 2 9 2 5 9 3 10 8
482 2 10 8 4 4 10 6 6 9 5 9 1 5 3 7
506 5 6 9 4 8 7 1 2 10 10 6 8 7 10 4
440 7 4 4 3 1 10 7 3 1 3 4 10 1 9 9
509 5 8 4 7 5 9 9 1 7 5 8 5 5 7 7
376 6 2 8 4 3 1 5 6 6 5 4 9 2 5 5
452 1 10 3 5 2 10 9 7 3 7 6 1 8 10 2
25
548 4 1 2 7 5 8 5 10 3 8 4 7 2 1 9
311 1 1 1 6 2 5 1 6 5 6 2 10 2 1 3
513 8 7 5 10 8 5 3 5 8 10 6 2 3 2 4
478 9 7 1 3 3 9 7 10 10 3 1 9 3 10 2
459 7 1 3 3 1 6 3 1 7 9 7 3 10 10 7
421 5 7 2 7 4 4 8 3 1 9 5 5 1 10 3
458 5 4 6 5 5 4 4 8 1 7 10 3 4 2 5
535 8 6 9 7 9 8 1 8 6 4 3 3 7 8 2
503 7 2 2 10 3 7 10 9 5 3 2 4 10 3 5
606 7 10 4 8 9 10 8 4 3 7 10 2 10 7 6
509 9 6 4 9 9 3 10 8 9 3 5 7 1 3 3
498 7 1 4 4 8 9 2 2 9 5 7 6 5 1 7
560 3 8 4 9 10 8 6 4 9 9 9 2 4 8 8
434 2 1 1 9 7 2 7 1 6 5 10 1 10 10 6
397 1 7 7 3 9 1 3 9 10 5 9 4 2 2 1
464 2 7 7 10 9 1 3 4 5 2 4 9 9 5 10
383 3 10 10 6 4 2 5 3 3 3 3 10 7 6 8
438 3 5 5 1 6 6 10 3 8 4 6 2 3 5 7
439 1 8 2 7 4 3 7 7 1 6 9 10 3 6 5
472 5 5 1 4 3 4 5 4 6 10 3 8 4 1 10
438 4 6 1 4 5 6 5 5 7 1 5 7 10 6 9
487 3 10 5 3 5 7 4 8 3 7 4 8 4 10 7
566 8 4 3 2 6 8 7 10 1 5 8 2 7 9 10
354 3 3 2 7 1 3 7 1 3 10 10 2 2 9 2
448 10 1 4 1 10 6 1 5 9 3 9 2 2 7 3
25
480 6 2 9 6 8 7 9 6 6 2 6 2 7 5 5
458 5 8 3 6 1 4 8 2 10 4 9 8 10 5 9
486 2 3 2 7 3 8 4 4 7 6 10 8 9 9 10
508 4 3 9 9 4 7 7 9 1 3 7 9 10 5 4
541 9 1 1 1 8 1 10 9 5 4 5 9 9 4 6
501 9 9 2 8 8 2 8 1 5 9 10 2 3 5 3
432 10 3 8 6 3 5 6 4 8 2 6 5 1 2 8
590 5 5 2 7 10 3 6 6 1 8 9 10 10 1 8
472 6 5 3 4 9 4 3 7 9 7 4 1 4 9 4
435 7 2 4 4 9 3 5 2 7 4 4 9 7 7 5
518 1 2 7 10 7 9 4 9 5 5 10 5 6 3 5
540 10 10 2 9 1 1 2 9 4 10 3 4 10 6 5
467 5 4 8 5 8 6 10 2 3 3 8 9 2 5 8
388 4 4 7 2 4 9 4 9 1 1 1 5 5 7 5
371 5 4 1 3 1 6 10 4 3 1 1 7 8 8 6
552 6 8 6 7 9 2 5 1 9 10 9 8 8 6 9
501 6 9 10 5 8 5 4 6 2 3 8 9 9 10 3
421 7 10 4 4 2 6 7 5 8 1 7 9 3 6 6
421 1 5 4 5 9 4 8 1 1 9 8 9 6 9 1
570 7 9 4 3 9 7 8 10 9 3 7 2 4 1 6
266 4 2 8 10 2 2 1 3 4 3 8 3 1 1 1
414 1 3 4 4 3 5 4 9 2 8 3 6 6 7 4
477 2 7 1 10 3 5 9 4 6 8 5 8 3 2 9
355 8 1 1 8 1 6 1 1 10 5 3 2 2 2 10
579 3 8 6 9 6 5 8 10 4 8 3 10 10 9 6
25
566 7 1 4 1 9 2 9 7 8 9 10 9 5 8 5
492 10 3 7 9 10 1 6 7 6 3 6 7 1 6 2
631 10 5 10 1 6 8 10 6 5 9 8 2 10 8 8
627 9 5 2 1 10 9 5 10 2 7 7 3 4 8 10
646 10 6 4 7 5 4 9 8 5 10 3 1 10 7 10
509 10 3 7 8 1 5 7 10 7 3 7 8 8 4 2
470 9 2 8 1 8 4 3 3 1 8 3 8 8 9 2
448 4 6 7 2 7 8 4 8 4 1 3 10 7 8 3
493 4 5 10 9 4 2 6 10 9 9 2 6 5 8 1
441 8 2 10 8 6 10 6 1 5 1 2 5 5 3 5
458 8 5 7 8 6 7 5 4 6 3 7 7 3 2 4
364 8 1 3 1 1 8 4 5 5 1 2 2 9 7 5
505 10 6 9 8 10 4 6 3 5 3 9 5 9 4 1
489 8 9 7 2 9 5 2 7 5 3 1 4 5 5 7
515 2 1 10 1 6 8 10 8 9 1 2 10 6 10 10
507 3 1 8 3 10 10 1 5 9 6 4 9 7 4 6
477 10 9 4 7 4 3 9 4 3 10 5 4 3 8 2
450 6 6 2 8 4 1 6 6 7 9 3 4 9 1 2
414 3 6 3 2 3 3 4 9 8 4 5 9 3 10 5
562 10 5 1 1 10 2 6 9 7 3 10 9 1 7 10
572 6 2 5 10 1 10 6 7 10 4 8 7 8 7 10
554 8 4 5 5 6 7 10 1 10 3 10 6 9 4 10
388 3 5 2 2 9 4 4 7 2 4 2 1 4 7 3
495 1 6 4 8 4 10 9 5 3 4 7 2 6 1 10
412 6 7 1 2 5 4 2 5 8 6 6 10 3 3 6
25
563 1 7 1 7 10 9 4 10 7 6 2 6 5 10 8
382 5 4 3 4 4 9 4 8 1 1 1 3 2 4 7
585 2 7 9 1 10 8 9 7 4 9 5 1 10 7 9
465 5 5 2 1 8 6 1 6 9 5 8 4 4 5 8
466 3 2 7 2 1 8 1 10 1 8 9 9 5 1 10
524 8 4 2 3 9 7 2 9 3 7 6 8 3 4 3
432 3 2 1 3 1 9 5 5 1 5 7 6 9 2 9
627 7 8 8 4 5 5 7 10 10 10 8 5 6 9 7
518 7 2 6 10 10 3 9 9 3 5 1 6 1 3 3
412 6 2 4 3 3 7 6 3 4 3 9 3 6 4 7
419 2 7 5 4 5 6 9 4 2 5 4 1 9 6 2
512 9 10 5 9 9 3 6 2 4 2 9 8 6 9 6
574 10 1 2 4 7 6 5 5 7 10 5 3 4 10 10
456 9 8 2 1 1 10 1 2 8 8 10 2 6 8 8
372 7 7 5 5 1 4 1 4 3 6 6 7 7 4 4
458 8 4 6 5 3 9 8 2 6 5 9 9 2 6 2
413 2 4 3 3 5 1 2 5 6 10 5 8 3 5 10
490 8 4 9 3 6 1 1 4 5 7 6 3 8 8 10
441 1 2 2 5 5 9 4 10 4 7 5 5 4 3 2
476 10 1 10 1 2 4 5 6 10 7 7 3 6 9 7
456 9 2 9 10 1 3 2 10 4 2 6 10 8 1 7
531 2 5 8 9 9 5 9 10 10 1 8 6 7 10 5
516 2 9 10 9 3 1 8 6 6 10 10 9 9 6 3
463 6 5 1 6 3 3 5 4 10 10 10 8 6 10 1
454 6 6 4 7 1 1 3 8 6 4 6 3 8 10 10
25
465 9 3 7 7 3 3 1 6 1 7 10 1 9 5 8
446 9 1 7 5 2 7 8 8 2 3 6 4 1 2 5
466 9 6 3 7 2 10 1 4 8 7 3 2 9 1 2
344 3 6 6 8 2 2 5 6 3 3 2 9 4 1 6
501 2 1 9 3 2 5 7 9 7 9 8 9 10 6 1
505 8 5 4 2 8 1 7 7 7 6 3 4 10 1 7
445 9 4 2 7 2 6 1 4 1 5 6 7 9 6 5
477 10 5 6 3 3 5 10 6 1 4 2 4 8 2 3
443 5 5 6 2 7 6 8 7 5 2 2 5 4 6 8
520 9 1 8 10 6 7 7 4 3 6 9 1 5 5 5
388 3 8 3 4 4 3 3 2 4 4 3 9 10 7 8
485 3 10 2 4 5 6 10 3 10 7 5 6 1 8 9
466 10 3 7 6 2 6 2 6 6 6 2 6 1 9 8
456 8 5 1 4 4 6 10 9 2 6 1 2 3 10 1
567 8 8 9 10 5 6 5 7 6 9 3 2 6 6 7
427 4 1 3 5 2 6 7 1 8 9 8 2 4 9 10
592 9 9 4 4 10 8 1 5 1 9 4 7 7 4 7
448 2 6 8 5 3 9 10 6 6 3 4 6 1 10 8
558 3 5 8 9 6 10 3 9 8 9 5 6 1 7 10
402 5 3 4 7 3 4 7 8 1 1 4 10 4 1 5
478 5 7 1 8 1 10 6 6 4 7 8 7 1 10 5
365 4 1 3 8 3 3 2 2 2 4 9 9 5 5 7
346 1 1 3 7 5 5 5 6 7 1 3 5 7 2 3
593 8 3 5 9 8 7 5 8 5 4 3 10 9 8 6
385 3 3 10 3 1 4 3 6 5 6 5 2 3 3 8
25
523 3 8 10 5 9 6 6 4 5 6 9 10 10 3 5
383 1 1 9 3 4 8 2 6 9 5 1 4 8 8 5
467 9 5 3 5 8 9 3 7 1 4 2 5 1 8 4
474 9 5 2 5 3 1 10 9 8 1 6 9 9 1 5
394 6 10 2 2 7 2 6 2 3 1 8 7 9 1 7
496 3 10 2 5 6 2 9 10 4 9 10 3 4 2 4
525 9 6 2 6 4 4 6 8 2 3 4 10 6 5 9
530 6 7 5 9 3 7 9 3 2 7 10 3 5 7 9
588 5 5 2 7 9 7 8 9 6 4 8 4 5 7 7
340 5 5 4 1 3 6 3 1 3 1 9 8 9 10 3
473 1 6 2 7 3 3 3 10 1 9 10 4 8 4 3
485 7 4 5 2 9 5 5 6 9 1 9 5 3 6 7
503 3 7 7 1 7 8 4 8 5 2 9 1 9 7 7
465 10 5 10 1 4 6 3 2 7 8 4 3 7 6 5
566 7 1 10 7 7 5 6 9 6 5 1 4 7 10 10
440 4 10 5 2 8 4 6 2 7 4 8 3 4 1 10
408 2 5 8 9 10 2 5 1 1 5 4 4 6 2 7
547 4 2 7 9 9 5 8 9 1 6 8 3 8 2 7
406 6 8 8 1 1 9 2 9 9 2 1 2 8 7 5
441 2 8 1 4 10 7 1 1 7 6 6 8 3 5 10
450 3 4 4 3 4 6 9 8 1 10 3 4 1 9 1
489 3 3 6 6 7 7 6 4 7 3 6 8 9 3 10
565 2 10 3 10 7 8 6 5 3 10 4 10 9 3 2
438 6 4 6 3 4 3 6 4 4 4 3 7 7 3 10
561 10 7 4 10 5 9 7 7 7 4 2 9 6 5 5
25
432 3 8 2 4 3 9 4 3 10 2 9 10 4 10 6
454 6 8 3 7 7 5 4 4 10 8 2 6 1 6 4
522 8 4 9 4 2 6 2 8 2 8 7 1 5 10 10
336 9 5 3 3 6 1 5 1 1 2 6 1 3 5 6
356 1 5 10 8 2 3 6 4 1 7 2 3 1 6 9
412 7 5 9 3 1 1 4 10 4 10 5 5 1 3 2
526 6 10 6 6 7 7 3 8 8 1 7 9 4 9 8
547 8 6 7 3 3 8 8 7 7 8 3 9 1 3 8
537 1 2 8 5 6 7 8 9 8 4 7 9 8 6 9
452 10 10 8 8 3 5 8 2 2 7 10 4 2 3 3
613 5 9 9 10 3 10 9 7 4 10 2 9 8 6 10
416 4 4 7 8 3 8 5 2 1 9 10 4 2 9 2
464 2 8 1 4 1 10 6 3 10 9 9 6 5 4 6
449 8 6 3 4 8 3 6 2 9 4 8 2 7 8 2
466 3 6 6 9 5 9 10 5 8 3 5 8 2 9 5
401 9 2 1 2 3 1 7 5 10 1 7 9 6 9 3
455 1 1 7 7 7 1 9 6 6 5 4 3 10 1 10
458 2 7 1 6 9 8 5 6 4 4 7 4 1 6 7
337 4 3 4 4 5 4 7 1 4 3 9 6 2 3 2
548 10 9 1 1 10 8 2 1 9 7 7 9 10 7 3
548 7 7 5 5 9 10 9 3 7 2 4 10 8 6 4
529 6 1 4 10 8 1 9 1 4 7 10 10 10 2 5
556 6 9 6 9 9 7 7 5 8 1 2 5 8 3 9
440 4 1 2 10 1 7 5 5 7 10 1 9 7 1 3
475 5 3 8 8 10 4 9 3 4 4 6 4 4 9 7
25
509 6 6 8 6 6 3 4 7 8 8 5 6 8 3 5
345 1 5 8 2 7 4 5 2 10 1 8 9 1 9 5
392 2 4 4 6 9 9 6 2 9 3 1 5 2 5 3
421 7 1 8 6 2 2 3 9 7 3 10 9 6 5 1
423 2 9 1 1 5 8 1 3 3 8 3 5 10 6 6
507 9 6 2 4 10 8 2 3 4 3 9 6 1 7 8
573 6 7 8 9 10 4 9 9 1 5 2 1 9 4 7
522 7 10 8 7 10 5 2 9 8 6 5 10 1 1 4
530 9 2 2 10 7 1 9 9 2 2 2 9 4 1 8
534 6 1 10 4 6 2 4 9 9 9 4 3 4 4 9
477 3 8 10 7 10 10 4 7 7 2 6 2 1 10 4
447 3 9 2 2 10 10 5 2 6 6 1 2 2 9 6
394 1 8 9 9 10 3 4 3 9 3 1 1 7 2 5
490 7 8 1 8 7 5 2 7 10 4 6 5 7 2 5
358 3 2 7 9 4 2 1 10 1 5 5 5 1 6 3
482 3 5 10 7 3 6 3 7 10 10 10 8 7 6 1
539 10 8 9 3 5 6 3 10 9 5 9 5 4 8 2
417 9 1 2 4 6 1 10 5 3 2 8 1 6 9 5
358 1 10 9 6 9 9 1 1 5 1 4 2 5 7 3
549 5 10 6 3 9 8 9 8 4 5 4 8 6 10 2
536 9 10 1 5 5 10 10 2 3 9 9 4 6 8 1
487 5 8 5 10 6 9 4 10 2 1 2 5 4 8 5
447 8 2 10 7 1 8 7 7 3 2 7 10 3 4 1
482 9 7 8 5 4 6 2 3 5 6 4 9 9 2 8
507 9 3 7 1 6 10 9 4 9 2 4 1 5 2 8
25
429 7 2 9 3 5 4 6 9 5 1 5 6 3 5 8
640 8 9 9 6 10 8 3 3 6 10 3 8 9 9 9
519 9 2 10 7 7 5 4 7 10 4 5 9 1 2 8
526 6 7 5 3 7 9 7 8 7 1 8 8 3 2 7
547 6 3 2 7 6 9 9 2 7 7 4 8 8 5 5
468 6 7 4 1 2 2 3 4 6 10 6 8 8 3 8
450 10 2 10 2 9 6 1 4 2 6 7 5 4 4 1
426 9 1 5 7 7 9 3 1 1 2 2 6 3 9 8
465 10 2 8 7 1 10 6 2 7 5 4 8 4 9 7
487 8 5 1 5 8 3 10 9 1 3 3 6 6 6 4
400 2 9 7 8 1 7 4 10 5 3 9 3 3 6 4
492 8 3 1 2 6 2 4 6 5 9 6 1 9 1 8
419 1 5 9 2 9 7 9 1 2 4 6 1 8 4 6
498 9 7 10 9 9 1 6 4 9 6 8 8 6 2 1
440 5 4 6 2 9 3 6 9 6 2 8 3 2 7 1
456 1 1 5 10 3 7 9 7 8 1 10 9 5 4 6
512 6 1 8 1 7 9 6 5 3 9 1 2 10 3 2
519 5 2 4 10 10 8 9 1 5 4 1 6 10 5 8
592 7 3 3 10 10 7 5 4 10 10 5 6 10 8 2
431 1 9 4 9 5 6 6 7 6 4 2 7 2 4 4
578 2 1 8 9 10 8 8 5 3 9 4 9 10 3 5
459 10 3 1 5 8 2 5 5 2 8 5 4 3 3 2
566 7 5 6 4 3 6 6 9 1 8 5 1 9 6 9
407 1 9 3 4 4 4 7 7 4 3 8 10 4 3 2
580 10 3 9 4 10 4 4 1 9 9 10 1 9 5 9
25
440 4 3 10 5 7 6 4 5 1 6 8 1 1 9 10
521 8 8 3 10 2 2 7 7 2 10 8 2 5 7 10
514 3 8 8 4 3 9 7 5 8 6 4 3 9 9 8
393 4 6 3 5 7 7 2 1 8 1 6 6 2 10 7
496 4 8 4 8 9 10 2 3 4 9 10 5 1 8 5
549 6 1 3 8 8 8 10 1 3 10 5 4 10 8 5
373 9 6 5 3 2 1 2 2 3 3 8 10 4 1 9
374 5 3 6 2 1 4 4 1 4 10 9 6 8 4 2
409 5 8 4 2 6 1 7 4 4 5 2 2 6 10 4
548 4 4 2 2 9 9 5 6 10 5 4 5 4 6 10
529 1 6 2 8 4 10 10 7 7 8 6 2 9 10 2
383 1 8 1 9 1 6 4 8 9 2 2 5 5 7 8
614 7 10 3 4 10 9 7 8 1 3 9 1 10 6 10
560 7 7 6 7 4 8 2 6 7 6 10 7 10 10 10
615 10 3 6 5 8 4 10 3 6 10 6 4 9 5 9
560 7 3 2 1 4 4 9 7 4 8 7 2 10 2 10
389 1 10 7 4 6 5 6 6 2 3 1 8 2 1 8
512 8 4 9 4 9 3 4 7 1 3 6 4 10 8 6
601 7 8 6 9 6 8 8 3 2 7 5 6 10 3 10
383 9 2 1 8 1 2 5 2 8 5 8 1 8 4 4
425 9 9 3 2 2 5 4 5 2 8 6 2 4 1 3
453 10 9 2 6 3 8 6 1 8 3 9 8 4 7 3
526 6 6 9 1 6 6 9 1 1 9 3 4 10 4 10
603 1 4 1 9 10 10 10 7 10 10 6 5 4 6 4
511 4 6 3 8 10 9 2 1 10 10 6 7 3 8 2
25
639 9 6 6 6 10 1 9 10 10 10 8 6 4 3 5
363 3 5 4 5 3 2 4 10 5 2 3 10 4 7 4
411 4 10 9 9 8 3 3 7 7 2 7 9 3 3 2
395 8 10 1 5 3 3 3 5 9 6 5 4 1 8 5
522 7 3 4 6 9 2 4 4 9 7 10 4 8 3 7
461 9 3 8 2 10 2 6 4 7 1 6 2 4 1 9
599 9 1 6 9 3 10 2 8 9 6 7 8 9 3 10
320 2 7 3 3 2 2 3 10 10 3 2 2 5 3 1
568 10 9 5 3 2 10 7 7 9 9 9 1 1 1 7
283 5 6 2 2 6 2 3 2 2 1 8 1 4 7 1
498 1 10 3 10 7 5 3 9 4 7 7 8 1 7 5
441 2 3 8 5 2 4 8 9 2 3 8 10 5 10 9
560 8 3 7 6 8 4 3 10 8 4 8 4 9 3 8
397 2 5 7 9 1 4 9 6 6 2 8 6 10 4 1
550 7 2 10 3 5 6 10 2 10 8 7 8 10 8 8
459 6 2 6 8 1 6 10 6 3 6 2 1 10 7 6
466 7 8 7 10 3 1 8 4 5 10 1 8 1 5 3
593 7 1 4 4 10 8 8 10 9 2 4 7 4 9 7
501 7 8 3 9 4 5 9 5 3 6 1 1 6 8 8
448 6 2 5 1 4 9 8 1 3 6 2 9 3 8 10
388 2 3 7 4 4 2 9 4 7 3 4 9 4 4 8
437 8 10 2 5 8 2 4 3 1 8 4 7 2 1 6
407 7 10 2 5 1 2 7 4 2 7 3 4 10 6 1
382 2 2 5 6 6 4 8 4 9 2 9 1 9 1 3
552 4 6 5 4 8 9 10 5 5 4 10 10 4 1 6
25
330 1 9 6 4 1 8 7 4 5 1 1 1 7 9 3
431 3 1 2 5 8 9 5 1 9 1 6 9 6 5 8
450 2 10 1 8 4 6 3 7 3 8 2 4 1 5 7
473 9 1 1 1 8 3 7 3 1 10 4 4 4 4 4
407 4 3 6 2 2 4 3 10 9 5 1 8 3 9 3
422 5 5 2 7 4 3 3 1 1 9 2 1 10 7 5
417 7 5 3 6 5 5 4 7 9 2 6 4 7 7 2
560 8 6 10 10 2 9 3 3 9 10 9 10 6 2 5
451 10 4 7 5 6 5 1 4 7 4 4 2 10 7 1
569 10 5 4 7 6 8 1 6 8 7 4 4 7 6 7
466 7 3 1 1 10 1 9 2 6 8 1 4 5 2 9
462 4 2 3 4 2 9 9 10 7 4 4 5 6 3 3
506 9 5 3 8 6 8 9 6 3 2 10 8 2 9 5
600 4 7 1 7 7 7 8 7 2 10 7 6 10 1 8
494 4 4 3 8 2 7 8 6 2 5 6 9 10 8 6
540 5 9 8 4 8 9 9 6 4 3 6 9 4 7 4
565 9 2 1 5 6 5 7 8 7 10 2 2 2 7 10
401 6 5 6 8 2 3 10 1 1 6 7 2 7 3 5
453 10 3 4 2 9 5 1 3 7 5 1 10 6 9 1
389 1 1 9 4 10 6 10 4 2 3 4 1 1 3 4
530 10 2 8 10 6 9 9 6 8 3 5 5 3 10 4
588 10 3 7 6 4 5 8 9 8 8 6 3 10 5 4
479 7 10 6 2 10 5 1 6 10 3 1 3 10 5 1
415 4 5 5 10 8 5 1 6 1 2 5 5 8 4 4
413 8 10 2 5 3 1 7 10 9 1 7 3 6 2 3
25
461 5 5 6 9 6 2 6 8 5 7 1 9 2 10 1
528 2 5 10 4 10 2 10 7 1 10 6 4 4 4 7
529 10 7 2 3 8 9 4 8 9 5 1 2 8 1 2
303 7 3 4 1 1 7 5 4 1 1 7 2 4 8 2
450 2 6 9 3 1 7 8 5 2 10 2 10 5 7 5
448 3 1 4 6 9 7 5 3 5 9 2 7 2 5 1
411 1 5 4 9 8 5 2 4 4 4 7 7 5 6 4
540 2 2 4 3 8 7 9 7 6 10 5 9 4 5 5
523 5 7 7 6 5 2 9 10 6 3 10 5 7 9 9
331 2 7 6 7 3 5 9 4 10 2 8 4 1 5 1
425 7 1 4 1 2 1 10 5 2 10 2 6 4 1 7
559 9 10 10 6 5 7 10 8 8 1 9 5 10 6 6
404 6 6 6 5 6 3 7 3 9 2 9 1 6 10 5
538 3 9 6 6 9 7 7 8 4 8 9 3 2 7 2
497 10 4 9 6 7 8 5 8 3 1 4 10 1 8 6
343 3 4 5 3 4 4 5 5 2 1 2 6 3 1 8
599 6 2 10 5 9 9 10 6 3 9 4 6 3 9 9
587 2 1 7 5 8 9 10 8 10 5 8 4 9 3 10
568 10 10 4 2 1 10 4 8 1 10 2 4 6 5 8
635 3 9 7 6 6 10 6 10 10 8 4 8 9 7 9
350 1 6 8 5 4 8 2 2 8 1 4 8 4 9 7
426 6 3 8 1 4 8 2 6 2 2 4 9 7 3 7
477 7 10 5 9 3 8 9 4 3 7 6 7 2 4 1
363 7 2 4 2 2 1 9 2 3 9 8 5 3 9 2
481 4 10 8 4 2 9 3 6 10 6 6 3 7 8 8
25
403 5 9 3 1 6 1 2 6 6 10 6 1 3 2 5
540 8 3 7 10 4 3 10 3 4 10 9 3 8 1 9
550 9 10 10 6 5 10 5 6 1 8 4 2 9 3 4
478 4 8 3 1 5 10 2 8 6 8 9 3 7 5 1
372 3 7 9 2 3 2 2 6 6 2 9 5 6 9 5
454 1 4 3 2 10 1 7 6 6 8 3 4 6 1 5
509 4 7 6 10 5 8 4 4 4 8 10 4 3 1 9
450 4 5 5 8 6 7 2 7 1 3 2 9 7 6 3
475 9 9 2 4 5 4 6 7 6 7 5 6 2 7 3
609 4 4 1 1 10 2 8 10 7 9 4 10 9 2 7
360 4 10 7 5 3 5 3 2 4 1 5 10 7 10 7
382 1 9 9 7 3 1 2 1 3 10 3 5 7 4 10
402 1 7 4 8 3 6 5 1 1 8 4 10 4 7 4
452 6 2 2 7 7 4 9 9 2 2 1 1 3 1 4
401 10 3 8 3 4 6 4 1 4 6 4 3 6 7 3
447 2 6 4 9 5 1 7 6 3 7 8 6 5 2 5
577 10 4 8 6 3 1 10 8 3 3 10 10 9 4 10
464 4 6 2 10 4 1 7 7 5 3 6 4 10 10 8
551 9 6 9 2 3 9 9 4 3 10 6 2 3 7 10
495 5 10 2 2 10 6 10 1 1 4 5 10 4 10 9
456 9 7 8 6 4 2 8 2 8 6 5 8 5 8 6
537 8 2 3 8 4 4 10 5 6 10 2 10 6 2 6
568 9 7 8 3 5 9 8 10 5 1 7 9 5 9 7
459 1 3 6 4 7 4 5 6 7 10 8 7 4 6 2
534 10 1 5 10 6 8 10 4 1 5 9 10 6 10 2
25
569 9 8 10 2 10 3 7 10 5 8 10 7 4 1 1
380 7 1 5 3 6 5 4 8 4 1 3 4 4 1 4
424 4 8 8 5 3 3 7 6 2 8 2 7 1 10 8
587 3 2 3 2 9 9 8 1 8 10 9 10 9 4 8
427 2 8 7 5 9 1 6 2 4 6 3 6 4 1 7
494 9 10 6 6 6 3 9 8 3 1 5 9 8 6 2
479 10 8 1 9 4 9 6 1 1 5 6 10 6 1 2
498 9 3 2 3 2 9 6 8 3 4 9 3 2 4 7
566 1 10 10 6 7 2 8 10 10 8 1 6 8 8 8
482 1 3 10 3 10 8 2 3 9 8 2 9 8 3 4
422 7 1 3 6 8 1 1 10 1 1 6 3 4 8 3
498 3 1 4 8 5 8 7 8 2 1 10 4 10 5 8
428 3 2 2 10 3 8 7 1 5 4 10 7 9 9 6
462 5 9 7 10 4 9 7 3 4 7 4 3 5 10 2
523 9 2 7 5 9 4 3 4 6 5 9 6 3 2 9
418 6 1 3 10 1 8 3 3 7 8 9 9 3 5 3
473 8 5 5 8 8 2 6 6 10 1 3 5 2 3 7
428 3 4 1 4 10 2 3 7 7 2 4 7 7 3 8
507 1 4 10 2 9 4 8 7 7 3 8 10 5 3 10
483 3 5 8 8 3 4 6 2 2 8 2 10 10 1 10
460 1 3 6 1 9 4 2 10 3 7 9 7 5 6 5
476 3 7 8 7 9 7 1 9 3 5 7 7 5 4 2
410 1 4 9 5 1 4 3 7 2 10 7 3 7 9 6
351 4 3 3 3 3 8 6 5 10 2 3 1 2 9 4
519 8 5 4 6 6 6 10 4 8 6 10 5 3 4 8
25
558 9 1 6 10 10 3 3 9 1 6 5 2 10 6 4
581 7 5 4 10 4 4 5 9 4 9 5 6 7 2 8
500 7 2 5 3 10 1 1 4 2 10 1 9 3 5 10
536 6 9 3 4 4 8 10 7 4 6 4 4 8 4 9
476 7 5 9 7 1 4 9 2 10 8 6 9 10 9 5
441 4 10 2 8 4 1 1 6 7 10 3 10 4 5 4
558 9 3 7 1 9 6 3 6 9 5 8 7 8 4 7
544 2 4 3 10 9 7 9 8 6 9 7 1 6 8 1
449 5 9 6 2 4 3 6 8 3 4 3 3 7 5 10
476 4 3 6 4 9 10 7 3 8 3 5 7 5 7 1
440 4 5 4 1 4 7 6 6 9 2 9 10 4 9 5
520 7 3 5 4 8 4 5 10 4 3 8 6 2 3 7
509 5 1 9 1 10 7 6 6 9 5 8 5 5 8 1
446 4 8 6 6 3 8 6 3 1 8 2 4 6 8 7
608 9 4 4 5 7 10 5 7 7 9 5 9 6 5 4
503 1 5 9 6 6 2 7 5 8 10 2 4 7 5 10
526 7 7 3 9 7 9 9 6 9 2 3 7 2 4 4
456 2 10 5 8 8 6 1 4 9 5 1 6 1 8 10
441 4 5 10 5 4 6 4 3 5 4 8 10 5 5 7
368 8 3 9 1 4 5 7 2 1 3 4 1 3 5 4
585 9 2 10 5 10 7 3 5 10 10 8 5 6 3 2
518 4 6 8 10 9 5 3 6 7 7 3 6 3 2 6
447 4 7 5 3 8 3 7 9 1 7 3 4 1 9 2
417 2 7 8 4 4 8 10 2 8 7 9 4 1 7 2
456 10 5 7 1 8 1 3 4 5 5 1 7 7 7 5
25
422 8 4 5 1 7 2 2 8 1 4 2 3 9 1 3
355 1 10 8 2 1 2 2 1 7 8 7 10 5 8 10
438 2 7 7 10 6 9 5 4 1 2 7 3 5 1 6
434 6 2 2 8 6 6 8 2 9 3 10 7 2 2 7
409 3 8 5 10 9 4 8 2 8 4 1 3 2 4 1
443 2 1 7 2 2 9 2 7 9 7 7 9 10 6 4
514 7 3 4 5 10 1 3 8 7 8 2 9 3 5 8
518 5 5 9 6 8 8 4 3 10 5 5 8 2 8 9
462 5 8 10 2 3 9 8 6 10 6 9 8 1 8 3
398 4 4 9 7 6 2 9 2 9 4 2 1 9 3 6
412 8 8 8 10 1 7 3 10 9 2 2 8 1 10 1
481 1 1 1 5 10 10 3 4 4 6 7 3 2 9 10
491 7 10 5 7 5 4 3 7 1 4 4 6 7 8 6
531 8 2 9 10 7 10 5 6 1 4 10 1 4 7 7
477 4 6 7 2 8 5 9 6 10 5 4 6 3 7 4
466 9 4 5 9 6 10 4 6 2 1 8 1 5 5 3
457 1 5 2 6 1 9 4 8 1 8 2 7 4 6 6
547 6 6 7 7 4 9 8 10 2 7 10 2 1 9 5
413 3 6 9 3 5 2 4 6 3 6 9 10 4 1 5
409 2 4 10 5 1 9 5 7 9 4 10 9 5 9 1
336 1 4 1 4 3 6 4 5 9 1 3 2 3 2 10
557 6 7 8 1 10 2 10 10 8 5 7 10 4 1 6
480 10 9 10 2 1 8 5 4 1 9 6 2 4 5 5
299 1 1 4 4 2 4 4 6 5 2 2 9 2 3 5
354 4 1 4 6 2 1 6 7 3 1 10 5 4 10 3
25
375 5 8 1 9 4 6 3 1 5 1 7 5 9 8 4
487 3 4 10 9 1 4 6 9 4 10 3 4 5 8 6
532 2 4 6 4 4 8 7 10 2 8 9 2 10 2 2
447 9 7 4 2 8 4 1 6 4 1 9 2 8 8 7
348 2 10 8 3 1 1 8 9 6 3 3 4 4 2 1
469 4 1 4 6 8 8 9 6 1 4 3 5 4 2 7
482 3 1 6 5 9 3 2 4 7 6 6 10 9 5 9
449 7 3 2 10 2 3 8 9 3 3 5 2 6 2 6
476 6 1 10 3 8 2 3 4 8 8 9 4 6 9 6
488 3 1 6 2 2 5 10 9 7 6 5 1 10 7 7
542 3 4 7 10 9 5 9 7 8 5 10 3 4 9 7
364 2 8 3 6 3 1 5 6 9 1 9 1 6 9 10
489 4 9 10 9 8 7 6 1 1 6 10 2 5 1 7
574 9 7 4 9 5 10 3 4 1 10 3 7 8 3 4
506 2 5 8 7 9 10 4 2 3 8 5 2 5 1 10
495 7 5 7 5 4 5 7 2 3 5 10 6 8 5 10
478 2 6 6 8 8 9 5 6 6 8 10 1 2 6 3
567 9 4 9 6 3 10 1 8 2 10 5 10 3 9 5
597 4 4 7 5 10 7 10 8 5 10 5 10 1 6 5
535 7 10 4 10 9 5 1 7 6 4 8 9 4 4 10
553 5 5 8 3 8 3 4 9 10 9 1 3 10 2 8
313 9 9 9 1 3 4 5 2 1 1 7 8 2 1 2
480 5 3 3 7 6 5 7 10 6 2 7 8 10 1 2
437 9 4 4 10 8 10 4 1 10 1 6 7 2 4 2
489 8 2 10 4 4 5 6 2 4 5 10 2 9 6 8
25
434 2 6 1 9 10 7 8 2 5 2 7 8 1 10 4
370 2 10 9 7 3 2 3 2 7 6 2 1 10 2 5
442 3 5 8 4 7 6 5 5 3 4 5 10 2 1 6
415 2 4 10 3 5 10 7 2 7 8 1 2 7 3 2
374 2 2 8 7 2 7 2 6 3 3 9 6 4 6 7
444 7 9 4 2 10 1 2 7 6 4 2 6 2 10 8
463 9 3 10 5 10 4 8 2 2 1 3 9 4 8 8
523 7 2 8 10 6 9 4 6 8 2 4 4 3 1 10
367 4 2 3 1 7 3 7 4 2 4 8 5 4 5 4
534 9 8 6 4 5 4 1 4 8 7 8 6 10 2 8
397 7 6 3 3 7 5 1 8 6 3 5 8 1 5 2
439 9 9 8 6 1 7 5 8 7 5 7 1 2 8 1
390 3 6 9 4 2 1 6 10 2 3 1 7 6 3 5
543 6 7 5 3 5 10 9 7 6 2 2 8 8 8 9
454 5 1 9 7 3 3 3 6 4 6 7 10 5 9 9
467 4 1 8 8 2 6 7 9 2 5 2 6 10 8 1
444 2 6 9 9 6 8 10 7 10 2 1 1 4 5 1
611 9 10 9 6 10 3 6 6 6 7 1 8 5 4 10
459 5 7 5 4 5 9 7 4 5 7 3 4 1 10 2
427 3 10 1 2 9 8 6 2 8 4 6 1 6 4 1
453 9 8 9 6 3 8 10 5 5 1 2 3 2 9 5
461 8 5 9 4 5 7 1 7 8 5 2 1 3 7 6
454 7 5 3 6 8 2 7 4 2 7 10 6 4 7 1
477 2 5 1 3 6 3 7 7 4 10 2 1 2 3 9
374 3 8 10 4 6 2 3 3 4 3 9 1 2 7 8
25
596 10 6 1 9 6 5 7 10 5 9 5 2 2 3 7
424 1 6 2 6 4 10 7 1 2 4 6 5 4 7 8
319 1 2 1 1 5 1 5 7 6 2 1 3 1 4 8
467 9 2 4 10 6 1 6 2 4 9 2 1 9 9 6
423 5 4 10 3 4 2 9 4 4 6 3 10 10 5 3
413 6 10 9 1 4 4 8 1 1 4 4 8 4 7 6
498 9 8 3 8 1 10 8 3 4 3 1 2 7 4 10
526 2 10 7 1 9 6 10 8 4 7 3 8 5 6 3
505 4 9 6 2 9 4 7 7 7 7 1 3 8 1 8
373 1 3 4 1 4 7 6 2 2 7 10 7 4 4 3
563 10 1 3 6 9 4 4 1 7 10 5 5 10 4 7
518 10 3 6 2 7 2 7 1 4 9 9 8 7 4 5
508 5 7 8 10 8 8 5 10 2 2 6 6 8 1 2
559 10 10 9 1 3 7 10 10 1 2 5 2 10 7 5
571 9 9 1 7 9 4 9 9 7 4 7 9 1 10 4
522 1 9 4 7 6 7 4 10 4 10 10 2 2 4 3
444 2 8 4 5 1 10 7 5 1 9 1 10 5 8 5
480 5 3 10 5 3 1 10 8 4 3 9 7 7 9 7
502 10 5 6 1 3 1 9 8 9 3 3 1 10 2 10
473 7 4 6 5 10 1 3 10 3 8 6 1 1 2 3
425 2 1 3 3 4 10 9 1 10 7 6 7 7 4 3
518 2 7 3 7 5 4 3 8 1 10 9 10 8 2 6
504 10 4 4 3 6 1 8 9 8 5 6 8 3 2 6
452 5 5 4 9 7 9 4 3 2 3 6 7 3 6 7
507 5 7 10 4 9 4 8 9 7 3 7 5 3 3 3
25
423 1 2 5 5 5 4 5 5 10 8 1 5 10 1 3
651 10 8 8 10 8 10 2 6 1 10 7 7 9 5 3
458 1 5 6 1 7 10 4 3 9 4 2 4 10 4 10
464 8 10 7 6 2 3 5 9 1 5 2 9 10 1 1
480 1 4 2 10 8 10 6 1 6 4 9 3 6 4 8
490 10 5 6 6 4 9 2 9 10 4 2 9 2 3 4
495 5 4 9 5 8 10 9 2 5 7 1 9 3 1 3
567 7 3 6 3 2 9 4 7 10 8 10 10 7 6 8
574 3 9 3 3 7 2 10 8 2 10 7 9 3 10 10
522 8 6 2 4 4 9 2 6 10 8 6 5 2 9 8
594 10 5 1 9 5 7 10 9 2 5 2 1 10 5 7
413 3 5 3 5 5 3 5 10 3 3 6 2 3 7 3
402 5 5 9 8 3 6 4 1 3 9 2 8 5 7 4
397 4 4 4 4 7 3 1 6 6 6 3 5 8 3 3
487 3 6 9 6 4 2 8 9 3 9 3 2 4 10 6
335 2 9 5 3 4 1 1 5 5 8 4 5 7 6 1
381 2 5 9 8 10 7 8 2 1 2 4 4 2 7 1
537 6 3 5 6 7 9 7 5 10 7 9 5 4 10 3
462 6 9 6 3 5 7 1 3 9 9 2 8 1 10 6
460 7 6 3 7 2 6 3 10 8 2 3 5 8 3 4
635 10 10 8 7 8 10 9 2 6 6 5 7 10 4 7
430 1 8 10 3 1 5 3 9 2 4 8 10 7 10 6
473 7 3 4 8 8 6 4 2 8 7 7 6 1 5 6
313 2 6 5 1 3 4 1 1 8 9 1 8 3 4 5
574 7 3 4 7 8 8 8 7 2 5 3 10 4 7 7
25
406 4 2 8 2 2 4 6 3 5 8 3 4 9 1 5
342 6 4 7 7 3 7 4 4 3 1 5 8 1 10 3
538 9 9 9 5 7 10 3 5 4 5 2 5 8 9 2
488 7 6 7 6 2 5 5 9 8 3 5 8 6 1 6
412 8 8 2 4 3 2 4 3 3 10 1 5 4 10 3
391 6 3 4 2 3 4 9 9 5 4 2 1 2 5 4
523 5 3 10 3 10 6 1 5 7 10 3 3 6 7 7
552 2 3 5 8 9 6 6 9 3 10 8 1 2 6 7
483 2 3 4 8 3 8 4 7 10 9 9 3 7 4 2
468 5 5 1 8 1 3 6 6 1 10 4 3 9 8 6
347 6 6 3 3 5 5 1 1 4 2 4 9 8 8 4
501 1 4 7 1 2 8 7 7 7 7 2 10 9 4 9
443 4 10 5 2 3 6 10 1 1 9 2 5 6 7 8
467 3 1 4 3 6 5 8 5 9 5 2 7 5 6 10
427 3 8 3 4 8 5 1 8 9 2 5 5 8 9 3
357 5 5 2 9 3 1 10 3 3 3 7 3 8 9 1
472 7 10 8 2 4 8 4 9 6 3 2 4 6 10 2
447 4 2 8 3 3 7 4 9 5 6 8 8 8 6 2
403 3 8 7 8 3 3 9 4 3 1 5 3 9 7 7
396 6 6 10 10 5 2 2 6 6 1 6 2 10 4 4
465 10 6 2 2 5 10 2 6 1 2 2 7 8 6 5
473 4 5 7 2 8 4 5 8 7 9 6 5 3 8 1
457 3 3 2 3 10 8 5 2 7 8 5 9 1 4 5
481 2 9 4 7 10 6 8 5 4 6 6 4 3 9 1
521 5 9 4 7 2 10 6 1 2 7 9 3 10 10 10
25
460 2 9 10 3 5 7 6 4 10 3 10 6 6 10 5
546 9 10 3 4 9 5 5 5 2 9 6 7 10 7 1
464 3 1 7 8 1 10 7 4 9 5 9 1 9 1 6
447 6 10 7 6 1 2 7 8 4 3 5 8 3 6 8
504 6 3 7 6 6 7 6 10 6 2 6 3 4 9 5
519 8 3 7 3 9 6 7 5 9 8 7 4 1 6 1
354 6 5 3 10 1 5 1 7 1 3 1 4 4 8 1
282 2 4 1 9 2 1 3 2 8 3 5 5 3 3 4
449 9 3 6 1 10 5 7 5 6 3 4 3 1 10 5
460 2 8 6 4 4 9 2 3 7 9 8 2 7 3 8
522 3 6 5 7 1 6 9 8 6 10 4 2 8 10 7
421 9 2 9 1 4 5 6 7 4 5 8 1 4 8 2
426 1 1 2 9 4 3 9 10 1 3 2 3 1 6 8
481 4 6 8 6 5 2 1 9 4 7 10 3 6 2 9
450 5 3 5 4 5 9 3 5 8 7 10 9 2 7 1
531 10 7 8 3 7 5 6 4 5 6 4 6 3 5 9
453 7 6 1 10 5 4 1 8 9 2 4 10 7 7 3
407 2 9 6 9 10 3 9 2 7 2 9 2 3 8 3
484 3 7 2 8 8 10 4 4 2 9 3 1 1 3 5
377 2 3 6 9 6 2 1 7 2 2 6 8 3 9 7
541 9 3 5 8 10 6 9 5 5 5 2 2 5 3 5
554 6 9 5 3 4 8 9 8 2 8 1 5 7 10 8
434 4 10 7 9 3 2 1 9 3 5 4 10 8 5 3
486 7 2 5 3 8 2 5 2 10 7 7 10 8 9 6
485 10 10 4 6 3 3 1 9 5 7 9 8 3 2 3
25
469 2 6 1 2 4 7 2 2 7 9 10 7 8 9 8
495 3 3 3 8 9 3 10 7 3 4 5 9 5 2 5
451 6 8 5 5 7 5 1 1 8 6 3 10 4 6 6
467 8 10 2 8 6 7 4 7 10 6 2 9 1 2 1
572 3 8 6 10 10 2 8 9 2 6 9 10 5 7 4
549 8 2 3 7 7 7 3 2 10 8 5 8 9 4 9
424 1 4 2 6 7 5 3 5 4 4 2 7 10 7 7
504 5 8 3 8 2 8 7 2 2 10 3 7 7 1 7
495 9 7 5 7 3 3 6 7 2 8 4 10 6 1 2
404 2 5 2 1 2 7 10 3 10 1 9 3 8 6 9
381 8 4 2 8 5 6 3 2 8 1 6 3 5 4 2
543 2 4 7 7 6 9 6 9 3 9 2 1 7 4 5
477 6 7 3 6 5 7 6 8 1 4 2 2 7 9 4
523 5 3 5 9 7 9 4 3 4 8 6 4 8 2 8
517 3 7 10 9 7 8 10 4 2 4 7 2 7 10 5
522 7 10 6 5 10 4 4 5 6 4 4 10 3 5 9
338 6 4 4 9 6 4 1 1 1 7 2 2 1 3 2
640 10 8 5 7 7 6 9 7 9 7 10 7 2 1 10
469 6 3 1 8 6 9 2 1 7 6 3 8 10 1 5
485 4 5 5 10 1 6 6 9 3 7 9 8 3 9 3
478 1 8 1 9 7 3 6 4 9 10 10 9 2 10 3
501 4 7 2 9 5 7 9 5 4 8 6 7 5 10 1
360 2 10 8 5 2 10 4 1 1 5 4 3 2 8 7
392 8 3 7 10 2 2 1 1 2 3 6 10 6 4 7
521 5 4 3 10 7 1 6 8 2 8 4 2 9 5 8
25
632 7 1 8 7 9 10 7 8 8 9 6 6 3 7 10
467 5 1 7 9 10 1 8 9 1 5 2 5 5 7 1
481 2 4 2 10 4 10 9 8 9 2 10 4 3 9 1
596 10 2 7 5 10 4 8 5 6 7 7 8 10 8 2
411 1 4 10 9 7 2 2 2 3 6 2 5 10 2 6
522 7 6 9 10 7 5 2 10 7 2 10 7 7 7 2
457 1 9 1 6 5 2 6 10 5 4 7 5 9 9 6
463 6 2 6 4 8 3 5 1 9 7 8 6 6 10 7
348 8 5 10 7 2 7 2 2 5 1 5 4 2 7 3
307 4 7 4 5 2 5 1 1 4 2 2 9 6 9 2
475 7 6 1 2 4 2 7 9 8 6 4 1 4 3 7
548 9 1 1 10 10 9 6 9 8 1 9 3 1 3 3
451 7 2 10 1 9 4 8 2 6 2 1 1 6 1 9
442 3 1 7 5 8 7 10 3 2 2 7 7 1 3 9
527 5 2 4 8 3 7 4 10 9 1 9 4 9 4 10
562 1 8 9 10 8 1 4 9 3 9 5 10 6 3 9
547 4 10 4 5 10 1 6 9 9 2 8 6 9 8 8
520 7 9 5 8 8 7 6 3 3 6 1 5 8 5 8
443 6 8 7 3 6 9 6 1 5 1 7 8 10 7 5
513 4 5 5 5 5 7 10 1 10 9 7 5 7 7 6
595 8 5 10 3 10 10 9 6 1 4 8 6 9 5 2
339 9 7 7 10 1 4 1 1 6 2 2 3 5 9 2
311 2 10 8 5 1 1 5 6 2 3 10 8 3 8 1
353 3 9 2 4 2 1 8 3 5 1 10 1 10 1 6
515 10 8 7 3 2 10 6 5 10 7 3 9 3 3 2
25
456 7 5 9 2 1 3 6 9 5 9 7 5 3 6 6
612 10 8 1 8 10 2 2 10 1 9 2 6 10 7 4
458 3 1 2 1 4 3 9 2 8 7 3 7 10 8 9
455 4 10 5 7 9 1 9 8 10 3 2 2 5 5 2
379 4 2 8 2 4 1 1 6 1 4 8 1 9 9 6
424 6 1 2 2 6 4 10 2 10 3 7 1 8 1 7
550 5 1 6 4 8 10 10 5 7 4 10 8 8 7 6
512 7 4 3 6 10 10 9 1 7 2 2 8 10 8 4
497 9 1 6 3 4 1 5 10 9 3 8 10 9 4 2
341 8 7 9 3 2 7 4 1 1 3 1 7 4 4 5
558 7 2 1 4 2 9 2 9 10 10 7 9 3 7 7
433 9 3 2 10 1 10 1 3 7 5 10 3 2 4 6
460 6 3 2 4 2 10 9 1 3 7 3 2 8 5 6
577 3 8 6 9 1 10 5 10 1 7 10 10 6 4 9
310 3 6 7 7 3 3 1 2 1 8 5 2 4 3 1
366 2 10 6 7 1 6 5 2 5 5 4 10 6 2 6
479 7 3 2 4 2 5 4 5 4 9 9 10 7 8 5
509 1 4 3 7 6 2 8 6 7 9 1 6 10 2 8
486 9 8 6 10 5 10 4 4 1 2 6 3 8 1 2
580 3 2 2 4 9 8 7 5 2 9 4 4 9 4 10
464 8 10 3 4 8 8 2 3 5 7 4 2 1 6 4
546 10 6 6 1 10 10 8 2 5 9 4 9 4 7 2
468 7 6 9 8 4 1 1 10 3 4 6 8 5 4 7
529 7 8 1 4 6 10 6 6 10 3 2 1 9 7 7
578 9 9 8 10 10 3 6 1 4 7 8 7 5 6 9
25
537 6 1 5 4 5 4 9 8 3 8 8 6 7 3 9
440 3 5 2 5 7 6 6 8 6 3 7 6 1 10 4
429 8 6 2 8 1 6 4 1 3 5 5 9 9 7 5
343 1 2 10 1 3 2 2 5 10 5 8 7 1 7 7
596 2 10 2 9 10 6 10 6 2 9 6 2 6 5 7
400 2 6 8 6 1 8 8 6 3 8 1 5 1 5 3
516 2 10 1 8 9 2 4 9 10 8 10 1 4 7 6
379 5 7 4 2 4 5 2 1 10 10 2 3 6 3 4
477 8 8 7 9 5 8 1 4 1 2 3 6 4 8 10
317 1 10 10 8 1 2 8 3 1 3 8 5 4 8 1
488 4 9 6 1 6 3 7 2 9 9 4 7 10 1 6
414 3 3 5 3 2 4 9 6 5 10 4 7 1 5 3
567 3 3 8 8 10 10 5 4 9 7 6 2 6 7 10
456 7 1 7 3 3 9 1 8 6 8 10 2 5 10 2
597 5 8 7 6 9 6 6 10 4 4 6 5 10 5 9
427 1 10 7 3 8 8 8 2 3 5 2 9 4 9 3
532 3 5 10 6 7 8 2 8 4 8 9 4 10 9 2
402 1 5 2 2 2 8 5 2 2 10 8 1 4 7 10
463 10 1 5 1 3 9 7 4 6 2 5 7 10 3 5
600 10 2 4 5 9 2 6 7 4 6 5 5 9 3 10
539 10 7 4 7 8 2 8 5 3 5 2 9 7 2 8
635 7 6 9 9 9 5 7 8 3 10 6 10 8 4 5
500 10 9 7 1 2 2 2 8 1 10 9 5 4 5 8
529 6 8 1 5 5 10 6 7 7 8 10 8 3 4 1
531 2 10 8 7 8 3 8 10 8 8 1 8 2 9 6
25
470 6 3 8 1 3 8 9 7 9 4 2 8 2 1 10
463 1 4 5 7 9 1 4 8 3 7 6 3 1 4 8
282 1 1 4 6 1 1 7 8 6 1 4 2 2 9 5
514 5 2 6 7 3 8 10 3 3 9 3 5 10 6 4
480 7 3 6 2 7 5 6 4 9 5 5 3 7 2 10
395 8 6 3 1 3 2 7 7 6 3 5 7 6 6 1
557 8 8 9 4 6 2 7 7 9 7 5 9 10 7 7
388 4 6 8 7 5 10 4 2 1 4 6 6 3 1 4
511 7 1 3 6 7 9 2 10 5 4 1 7 1 9 8
497 4 3 6 8 9 4 6 7 2 7 7 8 5 4 5
392 2 8 8 2 5 9 7 1 5 4 3 7 5 7 4
506 10 1 3 7 9 4 5 3 6 7 1 6 6 7 5
539 6 7 9 8 4 9 10 3 9 4 7 2 8 4 10
499 9 4 10 5 4 4 5 6 9 10 9 6 3 7 4
554 4 8 6 4 7 2 8 3 7 10 3 10 10 9 7
480 9 9 4 2 3 9 5 6 2 3 10 5 8 3 6
514 5 10 1 1 9 5 8 3 2 10 2 7 2 10 7
514 4 2 9 9 9 1 9 6 5 1 5 7 9 8 9
453 5 1 6 6 7 3 1 6 1 6 8 10 3 1 8
430 4 4 7 1 10 1 6 3 2 8 7 7 1 3 9
398 3 10 7 3 6 4 5 4 6 5 7 9 2 1 4
656 10 10 9 8 7 10 9 8 4 8 5 10 2 2 6
449 10 6 1 10 6 6 3 1 2 1 8 10 7 1 6
462 5 8 3 2 5 10 1 9 2 2 7 10 9 2 1
511 8 10 10 10 8 9 8 2 2 3 9 9 3 9 2
25
547 9 9 9 7 5 3 10 7 5 1 7 4 9 9 10
568 6 10 8 7 5 10 10 7 4 1 7 10 1 10 10
399 1 10 5 6 4 8 9 3 5 2 7 5 3 10 3
431 6 10 1 5 4 7 4 5 9 3 6 8 5 3 5
440 5 3 1 6 3 3 2 9 5 6 10 6 2 7 8
491 2 9 3 2 10 9 3 5 4 9 1 9 9 1 1
350 1 9 10 5 5 2 2 5 1 1 5 2 7 10 10
356 4 6 7 1 10 2 2 3 2 2 3 7 8 4 1
541 8 3 9 6 8 10 5 7 7 8 4 3 2 7 3
504 5 9 10 2 10 7 6 4 4 7 1 6 5 6 4
458 10 1 6 5 3 8 2 9 9 3 7 6 3 2 5
595 8 1 3 9 5 10 9 8 7 3 6 4 10 9 9
426 6 4 9 2 10 1 7 1 4 6 8 1 1 7 6
482 9 1 1 5 7 1 9 2 9 7 3 4 4 3 7
451 5 9 3 4 8 8 6 7 7 2 5 9 1 4 3
431 3 8 9 4 5 3 8 1 5 5 10 8 10 6 5
485 2 2 7 8 2 9 5 8 9 10 7 10 2 6 2
448 1 9 3 1 7 1 6 9 1 10 5 1 9 2 1
444 6 1 6 6 2 9 4 3 7 4 1 9 6 7 9
584 8 5 1 10 7 8 9 10 1 5 1 3 4 9 6
415 8 8 9 1 5 5 4 3 10 3 10 7 1 6 2
606 5 8 3 10 8 3 6 9 8 10 8 2 5 9 8
395 1 4 2 9 6 2 4 9 1 1 7 3 4 7 8
433 4 3 3 3 8 2 1 6 7 2 7 6 10 3 6
565 10 8 7 10 1 7 10 3 8 7 7 3 9 8 6
25
549 9 6 5 1 7 8 2 9 4 6 2 6 7 4 5
552 4 5 10 2 8 6 5 2 8 9 5 9 7 8 10
451 10 4 6 10 5 7 4 6 7 5 8 2 1 7 1
626 7 2 9 5 9 10 4 9 7 10 8 6 8 3 1
526 6 3 10 8 7 9 2 9 9 4 5 1 3 8 10
527 9 8 1 1 8 6 1 7 9 7 2 3 2 7 10
472 7 3 1 3 4 5 5 3 2 7 5 9 8 2 7
493 9 3 7 7 9 5 6 1 2 2 2 3 8 3 10
672 6 9 10 10 10 10 5 7 6 9 7 10 7 6 8
550 10 8 4 7 5 3 2 6 10 5 7 9 10 9 8
536 7 7 8 5 8 9 7 5 1 2 1 10 10 9 8
459 1 4 9 3 5 9 9 1 6 9 4 7 7 9 3
325 4 5 6 7 1 2 1 2 10 5 10 9 8 8 1
470 4 7 8 9 2 8 5 3 10 9 2 5 2 6 9
317 4 3 3 3 10 2 6 1 2 1 9 4 2 2 2
483 6 5 7 8 1 3 5 9 3 4 2 10 7 7 10
655 8 9 4 4 9 8 6 9 6 8 9 10 9 5 7
460 6 1 6 1 3 8 3 9 8 1 7 10 2 1 9
375 6 4 6 6 1 2 5 5 6 1 6 5 10 5 8
461 3 10 7 6 3 7 4 5 9 7 3 4 9 5 4
423 1 3 2 1 4 4 9 8 8 5 8 4 5 5 7
427 2 1 8 4 3 4 10 9 10 1 10 5 7 3 6
518 3 10 9 10 2 4 9 10 2 7 3 5 10 2 3
491 9 8 7 2 5 7 9 7 7 2 3 7 6 9 1
524 9 5 4 9 9 2 8 3 1 9 6 3 4 4 4
25
390 2 1 1 2 4 6 1 6 3 8 9 5 6 4 3
464 5 8 3 9 5 7 10 6 6 4 1 7 3 2 2
573 6 8 8 6 7 6 7 4 2 9 8 5 3 6 10
420 4 10 6 7 2 10 8 1 4 6 2 2 10 5 1
532 8 4 9 6 6 3 8 6 2 9 4 8 8 1 3
520 6 9 3 4 2 9 8 6 4 1 6 9 10 1 9
332 7 3 8 3 2 3 6 3 1 5 2 2 2 5 7
456 4 5 7 5 2 1 4 9 8 7 10 5 8 4 4
410 1 5 2 9 7 6 6 7 9 1 7 3 8 1 3
479 6 2 3 6 5 6 7 6 9 2 7 3 10 10 3
487 3 10 7 8 7 5 1 10 7 2 8 6 7 10 2
578 7 8 3 5 5 5 2 7 3 8 9 7 10 2 10
373 6 2 9 2 3 1 2 9 6 2 2 8 5 9 3
431 4 2 6 7 5 2 5 9 8 1 7 10 8 4 3
531 10 8 3 4 10 6 10 5 8 7 2 2 2 7 2
398 9 7 3 3 7 3 2 2 8 3 7 6 2 2 8
578 5 2 7 6 8 8 9 7 6 9 6 7 10 3 1
520 3 7 6 8 9 7 6 9 1 7 2 5 5 2 1
488 8 5 5 9 9 7 1 6 3 5 1 2 10 1 1
485 3 4 6 5 7 7 3 6 8 9 7 3 8 7 1
464 1 9 3 8 6 4 1 10 6 9 4 8 6 3 3
471 4 4 6 10 3 5 7 5 1 1 6 10 10 3 8
426 4 9 8 5 2 2 2 10 2 5 8 7 7 10 1
499 7 1 8 4 5 3 2 9 1 6 6 8 6 4 8
453 5 5 5 8 9 1 10 1 8 7 5 3 1 4 5
