250 10
1250 1250 1250 1250 1250 1250 1250 1250 1250 1250
15
379 4 7 1 9 3 7 7 9 8 7
269 8 3 3 1 5 1 4 8 8 6
357 8 6 1 7 9 6 6 6 4 3
313 9 1 3 1 6 2 3 7 6 8
398 1 8 5 9 8 8 4 1 6 8
297 3 8 5 7 2 8 5 4 4 4
275 7 4 8 4 1 6 5 7 4 1
343 8 9 7 1 5 4 8 3 8 7
317 9 1 3 6 8 2 6 5 3 1
379 5 2 7 6 7 7 6 4 9 6
220 1 1 2 1 4 5 4 3 1 8
372 8 8 4 1 5 9 9 1 9 8
404 8 7 5 7 9 8 9 1 2 3
300 4 8 2 2 3 9 5 6 6 7
250 5 1 1 2 7 8 1 9 6 1
15
327 5 2 9 7 5 3 5 4 4 6
292 6 4 1 3 5 7 4 5 3 6
348 8 7 9 4 5 1 3 9 6 8
347 8 5 2 2 7 8 2 9 7 7
340 3 4 6 9 1 2 7 9 6 5
320 1 7 6 6 7 2 5 1 4 7
235 8 3 2 5 5 6 3 1 3 1
376 8 8 6 7 1 9 9 3 4 6
380 3 2 3 5 5 8 7 8 8 9
322 8 9 6 8 1 8 5 1 2 5
318 2 8 9 5 1 3 6 9 9 5
316 5 1 8 9 1 4 7 9 6 1
268 4 1 6 1 5 3 9 4 4 2
363 8 2 9 2 8 6 2 9 6 6
367 9 2 5 7 2 9 9 8 9 1
15
324 5 8 6 7 4 8 1 9 3 4
344 4 8 2 6 6 9 5 5 7 6
334 3 1 9 9 4 6 2 7 5 3
374 6 6 8 7 3 9 3 1 9 7
308 5 2 4 8 7 4 3 2 4 4
332 9 4 7 3 3 9 4 3 8 7
324 5 3 8 6 4 3 8 7 2 4
325 9 1 9 6 4 1 2 1 9 7
360 7 5 5 9 9 3 8 5 3 2
332 3 7 7 9 2 2 7 6 3 7
332 8 8 3 5 1 9 4 8 4 6
310 3 6 5 7 9 8 4 4 2 1
247 8 7 2 3 3 1 5 6 1 5
351 7 8 5 2 9 9 2 6 6 7
271 5 9 3 9 2 3 6 9 1 1
15
309 9 4 3 6 3 1 9 6 8 1
236 2 9 1 3 7 4 1 7 7 1
319 9 9 8 3 5 8 1 2 4 7
329 3 1 6 2 5 6 6 7 5 9
394 1 5 7 9 5 6 8 5 6 8
304 9 4 4 6 7 5 1 6 7 3
332 3 2 6 9 4 4 4 6 4 7
336 1 5 5 3 9 2 2 9 7 9
338 1 3 6 7 8 1 6 4 1 9
292 8 4 5 5 2 3 5 9 1 6
252 4 9 5 3 4 7 3 4 8 1
360 9 9 7 8 5 9 6 1 6 1
303 5 2 1 4 7 3 6 2 4 6
343 8 4 9 5 7 7 4 8 3 3
294 3 8 5 6 7 7 3 3 8 1
15
274 3 4 9 7 1 5 2 3 2 7
271 6 3 1 2 3 2 6 1 4 9
360 2 1 4 4 4 8 8 7 4 8
201 8 1 1 5 1 2 1 8 2 4
245 1 7 1 3 5 2 3 7 5 7
366 9 2 3 3 5 8 8 1 4 9
195 9 4 3 3 1 2 4 5 1 1
350 3 6 7 5 7 8 6 4 3 4
330 6 8 4 4 4 9 6 9 5 3
356 5 8 9 4 3 6 5 5 9 6
337 3 2 2 8 8 3 7 5 4 6
375 2 1 8 7 7 6 4 5 9 7
274 5 1 2 5 4 7 1 3 7 5
339 5 4 6 9 1 9 3 1 8 8
309 4 3 6 4 5 3 8 9 4 4
15
297 2 5 5 8 7 4 2 4 5 2
379 5 6 9 9 1 5 8 4 4 7
362 7 9 6 6 3 9 6 8 7 4
382 5 7 6 6 9 8 1 8 1 8
267 5 5 2 6 6 3 3 6 1 3
318 9 8 7 6 3 2 1 2 6 8
196 1 5 5 1 6 1 2 1 2 4
208 2 7 6 5 2 1 3 6 2 3
302 7 5 5 5 7 1 4 3 5 6
352 5 2 1 6 2 6 8 5 8 8
225 6 1 7 4 1 2 1 1 1 9
243 1 8 1 9 2 6 1 3 6 3
320 9 1 6 7 2 6 6 6 1 4
362 9 4 4 3 6 5 7 3 7 7
357 2 8 6 6 8 1 4 7 5 8
15
382 8 7 6 2 9 9 3 6 5 9
244 1 6 3 1 3 6 2 9 9 4
301 7 5 2 1 7 9 3 6 4 4
322 7 5 3 1 2 9 9 3 4 8
274 4 1 9 4 6 1 2 3 6 5
346 9 8 5 5 3 4 9 3 1 9
317 5 3 1 9 9 4 4 5 1 3
312 3 3 1 1 8 9 8 9 3 4
194 8 3 4 2 1 2 2 7 5 1
317 7 6 4 7 3 4 1 3 6 8
391 1 8 7 5 9 7 6 5 9 6
331 6 8 8 9 5 4 2 1 4 5
321 2 4 3 1 8 9 9 2 1 6
386 6 7 9 5 8 7 8 1 1 7
270 4 7 6 2 8 5 5 3 5 2
15
223 5 6 4 5 5 6 1 1 4 1
315 5 8 5 2 8 6 2 3 6 7
296 8 7 1 4 9 6 4 2 7 1
321 4 2 4 4 3 3 5 5 8 9
322 3 5 3 3 9 7 3 7 3 8
222 4 8 2 1 6 4 2 2 5 3
253 4 7 9 5 1 4 2 1 6 4
383 3 9 3 9 7 1 9 3 8 8
321 6 6 7 7 5 1 7 1 5 4
334 8 5 2 5 8 5 8 4 3 2
218 3 4 5 3 7 1 3 3 2 1
299 1 3 6 2 4 1 6 9 3 9
442 6 8 7 8 9 7 7 4 9 6
309 4 5 4 8 3 9 5 5 4 3
375 6 7 9 8 4 7 9 2 9 2
15
268 8 6 2 1 4 4 9 6 7 1
283 2 8 3 5 1 4 9 8 5 4
326 8 6 8 1 7 7 5 5 4 3
257 5 7 2 4 2 4 8 5 8 1
348 3 8 3 9 8 1 2 8 9 6
398 5 2 1 9 9 8 7 4 7 6
226 2 8 3 3 4 1 4 3 6 6
257 3 1 2 7 3 5 5 3 2 5
258 1 5 4 1 5 2 7 4 4 7
324 3 1 2 9 2 2 9 7 4 7
334 3 9 7 9 2 8 9 1 7 1
274 6 3 9 1 7 3 3 4 1 4
349 7 5 6 6 5 4 9 9 3 2
367 9 5 8 5 6 8 3 1 1 9
281 1 9 9 3 2 2 5 8 6 5
15
234 9 2 6 2 4 3 1 3 8 2
426 8 7 6 9 4 8 2 8 9 9
313 7 9 1 8 1 7 6 5 5 5
296 6 2 3 6 2 4 1 8 6 9
338 3 4 4 6 4 3 9 9 2 6
291 3 9 2 8 3 7 3 9 2 4
360 3 3 9 3 9 8 9 1 3 4
283 3 7 7 6 5 4 4 2 3 3
447 8 9 9 9 8 1 6 2 8 9
278 3 3 5 4 1 7 3 7 2 7
228 5 2 4 1 6 3 1 1 3 7
242 7 4 1 5 5 1 4 5 4 3
217 8 5 8 4 1 3 1 4 2 1
238 1 1 3 2 9 2 4 1 5 3
317 9 3 4 5 8 3 7 8 1 2
15
286 9 5 6 2 2 1 4 5 9 6
247 3 7 3 5 8 4 3 6 1 1
313 6 5 4 1 9 1 8 1 3 6
409 1 8 3 9 7 9 5 5 7 8
243 2 4 3 3 4 5 6 8 1 1
294 3 2 5 6 2 7 3 4 9 5
343 5 5 3 5 9 2 2 9 4 8
314 6 8 1 4 3 6 8 2 4 9
255 5 5 4 8 1 1 5 4 2 3
363 4 5 2 4 7 7 9 4 9 4
274 4 5 9 6 2 1 4 4 3 5
322 8 2 5 4 2 1 7 6 8 8
270 4 6 5 9 1 3 5 6 6 2
215 3 3 4 5 2 5 2 2 4 3
309 6 6 8 3 5 9 5 6 3 2
15
285 5 7 7 6 3 6 3 6 5 1
289 1 4 5 4 1 8 9 5 4 5
329 7 1 6 7 1 4 9 7 7 4
370 3 7 6 4 1 8 8 6 9 8
214 3 8 6 1 1 2 6 3 5 3
286 6 3 3 8 7 6 1 6 4 1
276 6 5 4 2 5 5 7 8 2 3
310 2 4 4 2 7 8 8 5 3 3
273 1 8 6 6 1 9 3 7 7 3
339 1 3 4 7 4 8 1 9 5 8
368 8 8 7 1 7 3 5 4 9 9
304 4 6 5 3 9 5 2 1 6 6
350 3 2 5 8 3 8 5 4 1 8
275 1 6 9 3 4 3 2 3 7 7
309 6 2 3 8 3 2 2 6 9 7
15
330 8 2 3 1 6 8 5 7 6 5
283 4 1 4 9 7 2 5 2 6 1
347 8 6 6 6 5 7 1 3 7 7
201 6 7 3 1 1 9 1 7 3 1
404 7 7 1 9 4 3 9 9 7 9
243 4 3 1 2 7 6 1 7 6 3
380 1 6 5 8 9 1 8 5 9 6
274 3 2 1 7 1 9 2 6 4 7
233 7 5 3 3 2 4 4 2 2 4
362 8 1 5 9 3 3 6 9 8 5
300 7 1 5 2 2 8 8 7 1 4
377 4 4 6 9 6 5 2 9 9 6
311 5 9 5 9 1 3 4 3 3 8
251 3 6 7 1 7 2 2 8 8 3
322 5 1 1 1 6 5 7 5 6 8
15
230 7 8 8 2 2 7 1 1 5 4
246 2 7 4 3 6 6 1 9 7 2
366 9 9 6 6 3 8 9 4 6 3
358 2 7 1 9 8 6 5 4 6 6
350 4 5 5 4 8 8 7 8 6 3
294 1 4 8 8 2 7 3 9 4 4
438 9 1 8 7 6 9 1 7 9 9
300 3 4 5 9 4 9 1 4 6 4
370 8 7 6 1 6 3 5 9 8 9
248 7 7 4 1 2 4 6 5 3 3
384 6 1 2 7 7 8 6 5 3 7
320 9 7 9 2 5 9 6 9 2 1
289 6 6 6 4 2 7 2 7 4 6
254 9 8 6 3 1 3 6 2 5 2
269 8 3 7 3 3 3 8 2 8 1
15
349 1 5 8 5 4 7 9 1 8 6
403 7 2 6 9 6 4 7 3 9 5
172 2 8 3 4 2 2 2 6 1 2
301 6 4 6 7 3 6 3 1 4 5
308 2 6 3 1 6 2 9 9 6 5
388 9 3 9 3 9 9 7 4 9 2
281 1 8 7 6 7 2 1 7 1 6
357 5 9 8 2 7 3 7 8 6 7
273 1 3 2 5 5 8 8 2 6 1
379 4 4 5 9 4 4 6 9 9 7
480 9 2 9 8 9 7 9 7 6 7
345 9 6 9 3 4 5 8 3 7 3
348 4 3 5 1 8 8 7 8 3 5
260 3 5 4 1 4 5 8 3 8 3
375 5 9 6 6 8 7 6 6 5 4
15
361 9 1 8 6 4 1 9 7 4 4
287 4 7 3 4 4 4 6 8 7 3
324 1 9 2 9 4 7 2 7 4 8
329 5 8 8 7 6 4 2 5 1 6
295 9 7 1 9 1 2 4 5 9 4
374 7 5 9 5 8 1 9 9 2 4
186 5 3 1 3 2 5 3 2 7 1
227 3 7 1 7 8 1 1 5 2 2
243 2 4 1 4 2 5 6 4 8 3
393 5 7 8 4 8 8 2 9 8 7
357 5 7 7 6 3 7 8 6 8 2
247 3 1 2 2 4 8 2 1 9 6
335 2 1 4 9 7 4 8 2 9 1
283 3 8 1 1 5 8 5 9 4 4
295 9 4 6 2 2 5 9 5 6 2
15
267 1 9 6 7 1 4 7 1 4 5
261 7 9 7 1 5 4 6 5 4 1
335 4 7 5 8 3 4 8 9 5 2
433 5 3 7 9 9 3 9 8 4 6
342 6 3 9 2 9 7 3 3 9 4
331 7 8 5 3 9 2 5 2 2 9
299 2 6 6 1 8 8 6 9 1 1
212 2 7 3 3 3 1 3 2 3 7
262 7 3 4 1 4 1 7 6 7 3
288 8 8 1 4 6 6 1 4 1 7
307 5 6 5 3 4 9 5 5 7 5
392 5 8 8 7 2 2 8 9 8 8
187 1 4 2 3 1 4 4 8 1 2
293 2 4 7 1 5 9 7 6 6 1
225 1 2 9 3 3 1 2 5 3 7
15
297 3 6 8 9 4 8 1 1 4 3
357 3 1 8 9 8 1 8 9 2 1
381 5 2 5 5 7 3 7 8 6 7
278 1 9 2 9 5 4 4 1 2 4
287 6 9 7 1 3 6 9 5 3 2
236 1 7 1 8 6 3 1 5 3 3
437 8 9 8 6 5 8 9 4 9 7
380 3 9 3 8 6 8 9 8 3 4
249 8 1 7 2 8 1 3 4 2 3
383 9 7 1 3 9 5 9 9 1 7
397 9 1 8 9 5 2 6 6 5 6
270 4 8 4 3 5 2 8 6 7 1
326 3 9 4 6 4 5 8 7 8 3
293 8 6 5 2 2 6 5 5 4 8
268 1 2 8 6 1 3 3 7 6 5
15
341 2 5 6 7 9 3 7 6 8 2
205 3 4 4 2 4 5 2 4 6 2
328 5 9 6 4 1 2 9 9 7 7
361 9 7 7 5 6 8 8 6 1 1
369 8 1 6 6 9 7 6 1 4 5
342 9 6 3 9 3 7 6 8 3 1
383 9 7 6 2 5 5 7 7 8 9
330 6 8 8 7 1 6 3 6 8 6
251 3 3 7 8 1 1 5 8 2 3
302 9 7 5 7 6 7 2 3 2 3
331 6 2 6 5 6 2 7 4 3 8
242 2 7 6 2 3 3 9 8 1 2
379 9 6 5 7 9 1 5 7 9 4
404 7 1 4 6 8 9 8 1 1 9
269 4 8 2 9 4 1 2 2 7 6
15
307 3 7 7 7 3 3 3 7 8 5
341 5 7 7 3 9 6 7 6 7 2
293 4 5 3 4 4 5 3 7 3 7
238 1 1 9 1 7 6 4 4 5 1
293 1 5 4 9 5 4 4 1 3 5
308 1 6 4 6 2 9 4 6 8 4
298 9 5 1 5 3 8 1 4 2 9
295 8 6 6 4 8 5 6 1 4 1
275 5 2 8 3 1 2 6 9 9 2
321 3 1 5 8 4 4 7 8 5 2
260 7 1 1 4 7 4 1 3 1 7
353 9 1 8 2 9 9 1 3 4 6
340 9 1 6 4 9 4 4 1 9 4
345 8 8 6 7 6 6 5 2 6 3
304 2 5 2 7 6 4 7 2 1 6
15
285 2 5 5 1 8 5 4 9 1 4
352 5 9 8 1 9 6 7 3 4 7
256 2 6 1 8 6 1 2 2 4 4
311 6 3 8 8 4 1 5 3 3 6
297 1 7 7 9 3 4 1 1 4 9
358 6 2 7 4 5 4 7 8 4 9
271 8 4 1 8 2 7 1 4 6 3
297 5 8 5 4 2 5 8 2 1 7
237 3 7 7 1 3 7 2 1 2 7
387 2 5 6 8 4 7 8 5 4 8
378 9 1 3 5 4 6 7 6 7 8
211 2 7 9 3 5 1 1 2 1 3
368 9 5 7 5 8 2 2 9 2 9
306 7 2 6 2 8 9 3 3 6 1
380 8 6 6 9 5 6 9 3 6 3
15
352 1 9 6 7 9 3 6 4 3 6
366 6 8 2 9 2 4 8 3 9 7
295 4 9 5 5 8 1 3 8 7 3
356 4 4 4 8 8 8 6 2 7 3
323 8 8 1 5 9 3 2 2 8 7
338 3 6 9 9 3 5 5 7 6 3
295 1 1 4 2 8 9 5 1 7 5
214 5 1 3 2 5 5 2 6 3 1
281 3 9 4 7 2 6 4 6 6 4
298 4 6 3 2 3 5 5 7 9 7
365 5 7 9 4 5 5 9 2 2 8
327 8 4 9 5 1 9 8 6 2 1
245 4 3 9 6 2 1 3 6 1 4
212 1 7 3 2 5 2 1 6 1 6
309 5 6 9 6 3 3 6 8 8 1
15
262 1 8 3 4 4 6 4 7 6 2
391 9 7 3 2 7 8 8 9 6 5
236 1 4 2 3 2 7 3 7 5 6
269 2 4 5 1 2 9 9 2 5 3
352 2 6 3 6 4 9 8 2 7 6
389 7 5 5 9 7 7 4 1 9 7
384 9 5 5 4 9 9 2 5 3 7
378 1 3 2 8 9 5 7 6 7 7
376 2 3 2 9 9 9 2 2 4 8
273 6 2 9 5 5 4 1 2 1 5
286 3 7 3 7 2 6 2 6 7 7
323 3 8 5 9 6 7 1 5 3 5
341 9 4 6 1 9 9 2 4 8 5
240 3 6 3 4 1 2 7 7 5 3
298 5 6 5 3 3 6 5 7 8 4
15
276 3 1 8 1 2 3 8 2 5 8
292 2 7 6 3 4 1 8 4 9 6
358 4 2 8 9 7 5 6 7 3 2
250 3 8 9 2 3 4 2 2 7 5
295 1 1 3 3 9 4 2 9 8 5
346 5 7 4 6 1 6 9 9 6 5
322 3 4 7 8 1 7 5 9 3 5
382 1 5 5 8 6 7 8 3 5 9
266 4 2 3 4 1 7 8 1 7 2
264 1 8 1 7 2 2 9 2 7 3
298 2 1 8 2 2 8 8 9 7 2
322 1 5 9 9 7 2 1 5 2 6
294 1 2 2 1 9 3 2 8 5 9
292 9 5 1 3 2 7 5 1 8 8
328 1 5 3 4 9 1 6 4 6 9
15
338 9 1 7 7 4 8 5 8 4 2
291 9 3 7 3 6 2 3 8 6 1
378 9 1 9 2 4 9 6 3 6 9
326 6 5 6 2 7 5 9 7 3 2
331 6 1 9 4 1 7 8 6 6 3
253 3 3 4 5 6 1 2 1 4 5
268 4 3 5 2 5 1 4 5 1 8
359 9 5 8 5 7 8 3 3 9 2
273 7 6 2 7 5 4 2 3 9 2
298 6 2 9 4 1 7 4 3 2 7
301 5 5 5 1 8 4 9 3 5 3
332 8 1 6 8 2 8 7 1 8 3
324 4 8 8 8 3 7 1 1 5 6
307 4 9 2 2 7 2 8 2 1 9
308 4 6 7 2 4 6 4 8 3 6
15
342 9 6 8 4 3 9 4 2 5 7
375 7 4 6 3 7 7 8 1 6 9
322 4 6 1 7 9 9 3 1 4 3
312 4 5 9 5 3 5 5 8 6 3
321 5 6 8 6 7 3 4 3 9 1
229 2 6 2 7 4 3 2 1 5 4
313 9 4 9 1 1 7 6 5 5 6
255 3 7 4 8 2 8 1 5 8 1
313 7 8 9 2 5 2 9 9 1 2
367 2 4 8 5 8 4 8 3 1 8
351 6 4 9 9 8 5 3 6 6 1
369 6 5 5 1 9 5 9 4 1 8
308 7 6 5 7 4 2 6 4 1 5
274 7 3 6 2 9 3 3 2 6 1
277 2 4 8 1 1 2 9 4 7 6
15
462 8 8 8 8 6 5 7 8 7 9
236 4 3 8 3 3 2 1 7 5 4
279 4 4 7 1 4 1 6 3 9 5
303 5 1 6 1 9 3 3 3 3 8
247 9 2 5 4 2 6 3 2 6 3
327 1 3 6 9 3 3 8 2 9 6
301 5 4 3 9 1 8 7 4 1 2
348 9 9 3 8 4 5 8 3 4 5
280 7 4 3 5 5 7 2 7 5 1
235 1 1 5 4 6 1 1 7 6 4
264 7 2 3 4 7 1 9 2 1 1
300 4 4 4 8 5 2 9 1 4 3
342 5 3 1 9 9 1 3 9 5 4
378 9 2 1 7 7 5 2 9 8 9
284 6 9 8 4 3 2 5 3 1 8
15
339 3 7 8 6 2 3 9 3 5 9
366 8 6 7 8 7 4 3 2 3 6
306 4 8 8 1 9 1 2 3 8 9
312 7 9 6 3 5 4 1 8 8 7
325 9 8 1 2 4 5 7 9 7 6
323 7 6 3 5 9 5 3 3 6 5
305 2 5 4 2 7 7 3 2 6 9
373 9 8 5 8 6 2 9 3 7 4
311 2 6 4 9 5 2 1 9 4 7
384 4 6 9 9 6 6 5 5 8 5
372 8 8 4 9 9 6 4 7 5 2
431 7 9 9 9 8 1 5 9 9 6
414 3 6 9 9 7 4 5 6 4 8
366 8 4 9 8 5 4 4 4 7 6
247 6 7 3 6 3 3 2 2 2 6
15
341 5 1 3 9 9 1 5 5 6 4
246 4 4 5 2 5 1 3 6 8 3
280 3 5 9 3 3 5 8 1 4 5
342 3 9 1 5 8 1 5 4 8 9
391 5 5 1 5 9 7 6 8 7 7
303 6 4 5 4 6 4 5 7 6 3
408 7 1 8 6 6 9 2 7 9 9
221 3 5 5 4 1 6 3 3 5 2
324 4 4 4 5 8 6 7 3 6 1
352 5 4 5 8 3 8 7 3 2 8
304 4 1 8 7 5 1 1 3 5 9
385 7 4 1 9 8 8 7 6 8 1
290 5 6 2 4 3 3 3 6 9 7
363 6 4 6 8 7 9 3 6 8 1
246 5 4 2 2 2 5 1 7 4 8
15
289 2 5 1 4 3 6 5 9 5 7
387 9 3 7 6 2 8 4 7 6 9
331 5 8 8 1 6 7 8 5 4 4
426 6 9 5 9 8 6 3 8 9 8
254 6 1 3 5 6 2 3 1 8 2
336 3 6 7 8 1 1 5 9 8 9
322 2 4 4 4 4 8 9 1 3 8
291 1 7 9 1 7 3 8 9 1 4
351 4 7 8 6 2 9 1 9 9 7
311 6 3 8 9 2 2 4 1 9 5
335 4 7 8 1 4 9 5 5 3 8
362 5 5 1 8 9 4 2 9 6 8
240 2 7 5 5 4 2 4 1 4 4
308 8 4 2 2 4 5 4 6 2 9
286 9 4 6 1 1 4 5 9 3 6
15
419 9 4 7 5 9 7 9 7 3 6
187 2 9 5 1 5 2 1 2 9 2
220 7 2 1 3 1 2 2 4 8 6
370 5 4 6 7 7 9 2 4 5 7
340 3 6 1 6 9 5 5 1 4 8
329 1 7 6 4 6 8 5 6 9 5
316 8 9 6 4 3 3 5 3 8 6
349 6 1 9 7 8 6 2 8 9 1
355 7 4 4 4 5 7 6 3 6 7
296 1 7 4 9 2 4 4 8 6 3
288 6 7 4 8 2 5 4 1 8 2
237 9 3 4 8 1 3 1 2 2 5
269 8 3 4 5 2 6 2 6 9 3
343 1 4 7 5 5 5 4 9 8 8
379 7 6 3 7 9 8 6 8 1 2
15
264 7 4 2 5 1 6 5 2 4 4
321 4 3 2 8 4 6 1 9 8 5
375 9 4 8 4 2 9 2 5 8 9
293 6 8 9 2 1 6 6 6 5 3
286 2 6 6 6 4 7 1 1 8 6
295 4 3 5 5 8 2 4 5 1 6
347 7 1 7 7 2 8 1 3 9 7
339 9 7 7 6 4 6 3 6 8 5
305 2 3 8 9 4 1 1 5 2 8
303 1 1 6 6 1 9 9 7 4 3
218 8 6 2 1 2 1 3 7 3 5
265 7 6 5 4 9 1 1 1 8 3
252 2 5 5 3 2 8 4 8 2 5
259 6 4 1 6 4 5 2 6 8 3
339 5 3 7 5 8 9 4 8 3 1
15
282 7 6 4 5 5 6 2 5 5 3
219 7 1 2 3 1 8 1 9 2 1
331 4 9 1 4 8 7 5 4 4 7
277 5 5 2 3 5 2 2 7 2 8
283 8 7 4 4 1 8 1 3 8 5
312 6 8 2 8 1 3 9 6 1 5
294 2 4 8 7 2 4 2 4 9 5
405 1 3 5 5 9 8 6 5 8 8
334 3 5 1 8 8 6 8 6 1 3
383 7 2 9 5 9 4 7 7 8 1
280 4 1 1 6 2 9 2 8 1 6
275 8 6 5 2 5 2 4 8 1 4
306 9 1 3 6 9 3 6 1 1 1
354 3 9 9 3 4 8 7 2 3 9
322 9 9 4 2 4 1 6 8 8 7
15
319 7 4 1 5 7 1 5 5 6 7
333 2 3 6 7 3 5 5 9 7 6
293 6 8 9 2 6 1 6 6 7 3
255 6 3 3 4 1 5 9 2 4 1
338 6 8 9 1 8 3 5 8 3 5
341 6 2 9 3 7 3 4 3 4 9
401 4 2 3 9 4 5 9 7 7 7
316 7 6 9 8 2 8 4 2 2 4
364 1 8 6 9 7 6 2 9 5 6
283 2 6 1 8 2 3 8 3 9 4
401 7 7 4 7 7 8 8 2 3 8
264 4 2 2 2 7 3 6 9 5 2
322 9 9 9 6 5 4 2 3 9 2
243 1 2 9 5 2 3 5 7 4 1
219 9 3 2 3 1 9 1 6 2 1
15
324 5 6 4 9 1 5 6 5 2 8
238 9 4 2 1 3 8 5 4 2 1
288 4 7 2 5 5 8 1 9 7 3
331 6 6 8 4 6 6 7 7 5 2
341 7 2 8 9 4 7 2 2 6 6
347 9 4 7 1 7 6 5 4 5 7
289 7 2 3 2 9 4 5 9 3 1
270 9 9 5 4 4 1 5 9 2 2
318 1 8 7 8 9 2 5 8 5 1
354 4 9 4 9 5 7 6 3 1 7
324 4 4 4 5 6 3 8 7 6 3
304 1 3 7 3 8 9 7 2 4 3
312 3 2 9 7 4 5 4 8 5 1
267 8 6 5 3 7 3 4 7 2 2
377 9 6 9 3 8 4 2 4 9 8
15
294 1 9 3 3 9 6 2 6 3 7
294 3 9 7 7 4 2 5 6 6 1
330 9 3 5 6 3 3 6 1 6 7
390 7 3 8 9 6 9 2 9 8 3
256 1 1 8 6 7 3 2 2 9 1
314 6 8 4 3 8 1 5 5 7 4
235 8 9 1 3 1 4 2 2 3 7
270 8 3 8 2 1 9 2 6 5 3
395 4 2 9 7 5 6 6 9 1 9
383 6 9 3 9 2 7 8 8 2 8
240 1 3 7 6 3 3 4 2 6 3
333 8 7 9 5 3 9 3 1 1 8
279 3 7 5 5 2 9 2 4 4 7
327 6 6 3 5 1 8 6 5 5 8
346 2 7 3 5 7 8 9 8 2 5
15
344 9 4 6 7 2 6 9 8 4 1
340 4 6 4 5 5 5 6 6 7 6
372 6 2 2 9 3 9 1 9 6 9
336 6 4 2 2 8 6 9 1 7 4
352 8 2 1 8 6 5 6 3 1 9
308 9 6 5 5 3 2 5 6 3 5
360 4 9 4 5 4 8 8 4 9 7
434 8 7 8 9 9 9 2 6 1 7
271 9 5 9 1 2 4 9 2 5 2
247 5 5 3 2 2 6 2 5 7 7
329 3 3 6 6 9 1 8 5 6 1
371 8 3 6 7 7 8 5 7 4 2
357 9 2 1 6 9 6 2 9 8 4
314 8 6 4 6 3 4 4 3 7 6
282 5 8 8 2 2 5 8 6 3 3
15
326 8 8 8 2 5 9 2 6 4 7
360 9 3 1 1 7 9 5 7 7 7
361 9 2 6 8 7 4 1 1 9 6
305 7 3 7 8 2 2 4 6 9 1
276 4 9 8 2 6 8 2 1 2 6
382 8 5 9 5 8 7 8 3 3 2
323 2 7 6 3 7 5 2 4 7 8
328 2 7 2 8 2 7 7 1 2 8
371 6 4 2 9 8 9 1 3 4 9
317 7 4 9 4 9 5 3 4 1 2
301 2 6 6 8 1 2 2 9 6 7
219 8 3 7 1 3 5 3 8 2 1
334 5 4 2 9 3 3 6 9 8 4
293 1 1 4 6 6 2 6 1 5 7
187 4 4 1 4 4 1 2 1 9 1
15
311 5 5 3 9 6 4 1 1 5 8
276 7 2 5 2 5 1 8 5 8 2
251 2 7 9 6 4 1 2 8 4 3
296 2 5 2 4 7 5 3 9 7 5
227 1 5 1 3 7 3 3 5 4 3
428 7 5 8 2 9 5 5 9 9 9
344 6 1 6 1 7 8 6 7 7 6
321 5 9 2 2 5 8 9 8 7 3
223 4 1 1 6 3 1 4 5 5 1
275 3 6 9 1 3 1 4 4 4 9
342 8 8 3 5 9 7 4 2 5 5
319 1 1 2 5 7 5 8 5 4 4
261 9 2 7 2 7 3 1 1 7 4
307 5 5 5 8 3 5 3 9 2 3
218 4 5 1 1 2 2 8 1 5 5
15
397 9 9 5 7 8 6 8 5 8 2
323 9 4 5 3 6 1 9 1 4 6
392 5 9 2 6 7 3 7 4 8 9
374 7 8 4 7 5 6 4 1 7 9
305 3 1 1 2 8 3 4 5 7 9
412 7 4 9 4 3 9 9 4 8 7
364 5 2 8 6 9 1 9 9 2 4
347 9 4 8 5 2 5 8 4 9 3
240 2 3 2 1 6 5 4 6 2 4
414 1 9 8 2 9 8 7 8 7 8
344 6 7 1 9 9 4 6 5 9 1
296 5 8 3 9 3 4 6 3 1 4
347 1 3 8 7 7 3 1 9 9 6
287 1 2 9 2 8 3 6 2 9 1
419 9 6 6 5 9 7 9 6 4 5
15
300 2 5 3 7 3 4 6 6 1 8
404 8 7 6 8 1 9 9 1 9 8
278 6 4 5 1 4 1 3 9 3 9
331 1 8 8 4 6 3 9 2 8 6
412 7 8 7 9 6 6 6 4 6 6
287 3 6 8 2 7 5 5 4 3 2
202 3 6 3 7 1 5 2 2 2 1
195 1 2 9 5 3 2 2 5 3 1
384 6 6 9 6 6 8 8 7 9 2
252 1 4 4 8 3 8 3 1 9 1
318 3 5 7 5 5 3 6 7 7 5
336 8 3 3 2 8 9 8 3 5 3
291 4 1 8 2 6 8 2 3 3 6
358 5 6 6 7 2 7 8 8 2 5
316 1 7 3 9 4 8 4 5 6 3
15
412 6 3 9 4 6 7 9 8 9 4
312 7 6 2 5 9 1 2 9 3 7
311 4 3 3 7 3 2 7 6 5 7
305 9 5 4 3 4 1 7 7 8 5
322 9 3 1 7 1 3 8 3 7 7
304 8 1 7 4 3 9 2 4 1 7
330 8 7 2 6 6 8 2 2 5 7
401 9 4 7 9 7 9 4 8 9 1
248 1 4 8 2 1 1 8 3 9 4
339 7 6 5 7 6 3 5 2 7 5
365 6 1 5 8 5 3 8 2 8 5
301 9 3 5 1 9 1 6 4 4 3
362 5 2 6 6 9 5 9 4 8 2
307 2 5 1 1 7 9 9 7 2 5
395 9 2 7 6 3 8 6 7 4 7
15
208 7 1 1 2 5 1 2 8 4 1
312 4 8 1 7 6 6 6 8 1 2
323 5 8 1 7 7 3 6 1 9 5
323 8 9 7 7 4 2 6 4 7 1
326 9 4 4 3 3 1 7 6 9 8
252 1 2 3 5 6 4 5 1 5 2
243 6 9 5 6 1 4 1 2 2 7
349 7 4 6 3 5 5 6 6 6 9
288 1 4 9 2 7 3 4 3 1 8
348 6 2 9 8 6 9 1 4 9 2
281 6 2 4 3 1 8 3 9 2 7
317 8 4 9 2 3 1 9 5 3 7
321 4 5 3 7 7 4 7 6 8 2
278 5 3 2 8 2 8 7 7 2 1
471 9 1 7 9 8 4 6 8 9 9
15
320 8 1 9 1 4 7 7 3 6 6
347 7 6 8 5 6 5 2 1 9 6
250 4 8 5 4 5 3 2 7 3 2
314 5 2 4 1 3 3 9 9 2 9
212 9 9 2 4 1 2 3 6 3 2
341 9 7 8 3 9 8 2 4 5 4
262 3 1 4 9 2 4 3 4 6 2
310 6 2 7 5 2 6 8 1 1 6
344 5 6 6 2 4 8 5 9 8 5
269 7 8 7 1 3 3 5 2 6 6
395 6 8 8 9 8 3 9 1 1 6
329 4 2 8 5 8 3 9 1 1 5
322 1 9 9 7 1 5 8 1 5 8
192 3 3 2 1 3 4 1 1 1 8
352 7 2 6 1 7 8 8 4 3 7
15
322 5 9 1 8 1 9 3 9 5 7
299 9 8 9 3 5 2 7 5 1 1
388 9 7 1 9 9 1 8 7 6 4
400 9 7 6 7 8 3 9 9 9 1
323 1 9 3 3 9 7 2 7 7 5
354 4 6 9 8 2 1 8 6 7 6
358 3 8 2 9 8 7 2 1 1 9
326 5 1 7 7 4 3 6 3 5 7
316 3 2 8 4 7 9 3 9 6 2
382 9 2 5 9 5 8 8 1 1 5
281 1 7 9 5 2 3 2 4 8 7
327 3 7 2 5 7 6 5 4 7 5
341 3 4 9 4 7 9 4 7 6 2
390 5 4 4 9 5 7 6 8 7 7
222 3 5 1 7 5 1 5 6 1 1
15
351 6 3 2 9 7 7 5 5 2 5
230 1 3 1 8 3 1 7 7 3 1
264 4 3 6 4 3 7 7 1 2 3
226 6 7 4 1 2 3 7 2 2 4
230 7 7 1 3 5 1 3 6 3 3
369 3 2 7 8 9 1 3 4 2 9
381 8 7 6 6 8 6 5 9 4 3
363 5 1 4 8 8 1 9 2 5 7
304 2 9 9 6 2 5 4 3 1 9
349 7 5 1 5 3 6 8 9 9 5
324 7 1 6 5 9 6 2 6 6 2
403 7 3 9 5 8 6 4 9 4 8
362 5 8 7 5 8 4 4 6 1 9
268 1 2 9 7 1 4 6 2 1 5
319 3 1 1 1 9 9 6 9 5 5
15
232 1 7 5 5 3 3 7 4 1 2
418 8 7 6 8 9 6 5 2 9 5
403 6 3 9 6 8 9 8 9 2 3
332 6 3 9 4 9 2 1 6 6 7
365 9 4 9 8 6 3 6 3 1 4
323 6 3 3 6 9 6 1 2 5 6
299 5 5 4 2 3 5 9 3 4 6
356 7 2 3 3 5 9 6 4 8 6
261 1 8 5 5 3 2 2 5 6 8
364 9 2 7 8 4 4 9 1 2 7
356 6 5 4 9 9 4 4 5 2 3
357 1 5 2 4 9 4 8 8 5 7
387 2 6 4 6 8 2 7 9 9 9
380 5 9 3 8 9 9 4 1 8 6
384 8 2 1 9 9 8 2 7 8 5
15
279 2 3 8 7 2 5 4 1 8 4
255 2 9 4 5 8 2 7 1 1 1
383 6 4 8 9 5 4 8 3 1 6
328 1 8 2 4 9 4 5 5 7 6
357 7 8 6 9 1 4 5 8 8 6
281 7 6 9 4 2 3 2 1 9 7
326 4 8 8 2 8 8 5 7 5 3
392 6 1 8 5 6 4 6 6 7 9
319 1 4 3 7 5 1 6 6 1 9
348 1 4 2 7 9 9 2 5 3 9
259 5 8 2 1 4 4 1 8 9 7
347 6 9 7 5 8 7 4 9 5 2
298 3 6 7 1 9 9 2 5 6 4
367 4 3 1 4 9 9 9 2 2 7
386 9 9 4 2 9 6 8 3 6 6
15
260 9 4 1 6 3 5 3 5 4 3
360 5 9 6 3 9 2 8 8 6 6
238 1 6 8 5 6 3 2 1 8 1
328 6 9 3 6 7 4 7 5 5 2
228 1 2 5 5 5 4 3 3 3 2
339 7 5 7 4 6 2 5 4 2 9
306 4 3 6 4 1 7 8 4 6 5
391 7 8 3 8 6 2 7 7 4 9
316 1 4 4 6 4 5 7 6 3 8
358 2 3 9 3 8 9 4 8 9 4
387 9 8 7 5 6 2 8 8 2 9
357 7 4 5 9 6 5 2 4 1 9
295 8 9 8 4 1 6 5 1 5 4
373 4 5 8 4 8 9 2 9 5 6
240 3 4 4 4 5 4 5 2 3 3
15
385 8 4 6 6 8 3 6 6 3 8
317 9 8 8 4 3 2 8 1 2 8
328 4 6 5 9 8 8 1 5 6 1
387 9 5 6 9 5 1 7 7 4 8
358 4 3 1 9 7 3 6 9 3 7
375 6 9 2 9 7 4 8 7 9 2
342 7 2 9 1 5 3 8 2 8 8
366 9 6 6 4 8 4 8 9 5 3
274 5 7 2 6 1 4 5 6 1 8
252 5 3 4 1 2 9 2 5 8 5
305 4 1 1 4 5 8 3 8 4 8
308 2 9 6 2 5 7 7 8 1 6
285 4 5 2 2 4 9 5 5 2 8
327 9 8 5 3 8 1 9 1 7 2
371 6 3 1 8 6 8 7 9 4 5
15
368 1 8 5 8 8 6 8 3 8 3
256 1 1 9 4 9 4 1 1 5 1
301 8 7 4 6 6 2 1 4 9 4
289 2 5 9 5 4 9 5 3 4 1
347 9 4 5 5 9 1 4 9 3 6
253 6 7 9 5 3 1 3 2 2 5
297 9 6 4 4 1 6 3 7 7 6
375 5 1 2 3 8 9 7 4 6 9
328 8 8 1 3 6 3 8 6 4 6
282 1 7 1 5 2 8 6 5 4 5
246 3 7 8 2 1 7 5 7 1 3
240 8 2 6 3 2 2 1 3 8 5
319 4 8 1 6 7 6 6 1 3 5
229 1 4 1 6 1 1 6 3 9 5
252 6 1 9 2 6 1 8 5 1 1
15
297 3 8 3 5 3 7 3 9 7 5
275 6 1 5 1 7 5 8 4 1 2
332 7 5 1 6 3 9 7 8 2 5
287 8 7 8 1 2 9 1 2 3 8
314 4 3 7 5 7 9 1 3 3 4
340 5 1 8 3 9 1 8 6 4 6
271 5 4 8 5 2 1 3 2 4 8
453 5 9 8 9 8 3 7 5 9 8
299 4 3 7 2 3 3 6 6 6 8
288 4 4 3 5 5 8 2 8 4 5
354 3 6 2 9 7 9 7 1 2 4
256 3 8 6 1 4 4 3 2 5 9
300 9 3 6 2 8 1 6 4 6 4
369 4 8 6 9 6 9 4 3 3 5
338 5 4 4 2 6 6 8 9 2 7
15
275 1 7 5 2 3 4 9 1 7 6
259 8 5 5 2 2 2 7 1 6 5
299 9 9 1 5 2 9 1 4 1 9
205 3 5 3 2 2 8 3 3 3 2
204 6 5 1 1 5 4 4 2 1 2
402 5 2 8 4 8 6 7 8 5 7
206 3 4 3 6 2 6 1 6 3 2
361 7 8 9 1 6 8 8 7 4 4
389 5 9 5 5 8 1 9 8 5 9
306 5 7 9 6 1 5 3 8 4 4
293 7 6 9 1 2 9 9 1 5 1
415 8 7 3 6 8 7 4 9 7 9
284 8 5 7 1 9 1 5 1 9 3
340 7 9 7 4 8 7 3 5 4 4
356 2 4 4 6 7 6 8 2 3 9
15
326 7 7 6 8 4 6 7 3 6 1
328 2 8 1 4 8 6 4 8 4 8
291 6 7 5 2 8 3 2 2 5 8
376 8 4 2 3 8 8 5 9 6 7
334 4 9 4 8 6 4 2 4 3 8
375 1 4 2 5 9 8 8 5 6 6
269 1 9 1 4 7 6 7 5 1 1
304 2 6 2 7 9 3 7 3 1 2
331 7 9 1 6 3 4 9 4 4 6
285 7 1 2 1 9 1 8 1 3 5
351 5 8 1 6 7 6 8 3 3 7
311 6 1 4 6 9 4 1 6 4 5
276 8 3 5 5 4 1 9 1 5 1
176 2 6 3 2 1 2 4 3 6 1
333 1 6 8 9 2 6 6 6 6 4
15
347 4 7 8 5 9 5 1 9 4 7
315 6 5 3 3 8 3 7 8 8 1
237 3 4 6 1 3 5 2 8 3 5
253 2 5 6 8 1 7 7 2 2 1
211 2 3 1 1 7 9 1 7 1 2
323 2 5 2 6 8 4 6 4 1 7
266 6 5 6 5 2 8 4 4 6 1
380 4 7 6 7 9 5 5 8 9 3
293 2 2 9 4 5 4 5 7 6 3
264 1 9 5 3 3 8 9 2 2 3
326 9 6 9 2 8 6 2 7 8 1
259 1 4 3 5 5 2 2 1 8 6
232 3 3 3 6 2 5 2 5 6 4
331 1 6 8 3 9 9 4 5 9 1
297 8 4 4 1 5 7 1 2 3 9
15
302 9 2 5 6 9 4 2 1 6 2
325 7 2 5 3 2 1 8 5 8 8
352 9 4 8 2 5 5 6 7 7 5
268 9 5 1 4 6 3 6 1 4 2
334 2 8 3 9 3 9 1 3 9 7
280 1 8 7 1 3 6 8 1 3 6
347 7 2 5 8 6 3 7 1 6 4
254 2 2 8 4 6 4 1 3 5 3
251 6 1 7 2 4 2 6 3 5 3
383 7 1 7 5 6 5 5 7 9 6
290 8 1 1 9 1 1 6 3 1 8
204 3 6 2 3 2 4 2 1 6 4
316 4 6 8 2 6 7 5 1 2 9
300 7 4 6 1 3 5 7 4 6 5
303 7 6 7 8 4 6 3 1 7 1
15
149 1 1 3 5 1 2 1 4 2 3
229 1 7 1 6 3 1 4 6 8 1
327 8 3 7 3 6 1 5 6 6 8
346 8 9 2 5 5 5 6 9 3 7
346 7 7 4 2 8 8 3 6 9 5
220 5 8 1 1 4 5 2 2 9 2
195 1 4 2 4 2 2 2 9 5 2
322 9 4 3 8 8 4 4 4 7 1
234 7 4 1 4 2 9 1 3 8 3
330 1 4 7 7 1 7 8 1 4 9
209 6 5 7 1 3 3 5 1 1 1
189 4 5 9 3 1 2 5 2 2 1
289 7 3 5 1 5 4 4 4 5 7
356 2 8 2 7 5 8 7 1 3 8
306 2 8 2 4 9 6 1 5 8 6
15
343 7 5 8 1 8 2 6 9 5 7
263 4 1 3 2 3 8 1 7 9 4
220 3 6 8 4 2 3 1 4 4 3
369 6 9 9 4 8 9 8 3 6 1
278 1 2 1 2 5 8 7 7 9 3
250 9 8 4 7 2 4 5 1 4 1
322 2 2 7 9 5 4 6 7 2 2
365 8 1 8 4 5 9 6 5 3 6
393 3 7 6 3 9 6 3 9 9 9
324 2 5 3 1 7 8 8 4 5 7
372 9 1 8 3 6 1 9 4 2 9
309 5 7 6 6 7 7 1 4 1 5
266 1 2 4 7 6 3 1 5 6 4
310 2 9 1 8 4 7 6 4 2 7
302 1 3 2 6 3 4 9 9 6 5
15
363 7 3 3 8 2 7 3 2 9 9
197 2 7 2 2 2 5 2 5 4 3
375 9 2 6 3 6 3 9 9 5 5
369 7 9 2 6 8 9 4 7 1 7
274 2 3 4 4 5 2 2 3 5 8
330 9 2 5 1 2 9 7 2 3 8
343 8 5 2 2 7 8 5 9 8 3
371 2 7 8 3 8 8 7 4 3 8
375 7 1 4 7 3 9 7 8 2 7
336 5 9 2 6 5 9 7 2 7 5
402 8 3 9 8 8 2 8 7 2 5
382 3 7 6 6 8 6 7 4 5 7
299 7 8 2 9 5 2 2 8 7 1
312 1 2 2 6 7 6 6 5 3 5
312 9 5 1 6 3 7 7 5 2 3
15
314 7 4 7 7 2 6 1 4 4 9
324 1 8 6 8 1 9 2 7 3 9
303 4 9 5 4 2 7 6 1 6 8
364 1 5 5 6 8 9 6 2 2 7
310 7 1 3 2 6 4 6 4 5 8
315 2 8 4 7 1 2 9 9 3 5
368 4 1 9 7 8 1 2 5 7 8
404 7 8 3 9 4 7 2 9 7 9
263 8 8 3 1 4 3 1 5 7 6
290 7 9 2 1 4 3 7 3 4 7
328 8 3 4 6 5 9 4 2 4 5
258 3 4 4 3 3 1 1 5 8 8
346 6 6 7 7 6 5 2 5 7 6
226 5 3 2 3 6 5 2 6 2 3
398 8 8 9 6 7 2 4 6 8 7
15
336 5 2 1 6 8 2 8 6 7 4
315 9 7 7 2 7 5 3 8 8 3
435 9 3 9 8 3 9 9 3 5 7
363 9 7 8 7 6 7 3 4 3 6
244 9 3 6 2 1 2 8 7 2 1
328 1 8 7 6 1 3 8 3 4 9
243 3 6 3 4 3 2 7 4 2 4
313 8 8 4 7 4 5 6 7 3 2
280 5 3 9 2 3 7 9 1 6 2
347 7 7 6 5 1 6 9 3 4 8
395 4 9 9 8 6 2 8 2 4 8
305 5 7 6 3 3 4 5 3 7 9
304 4 3 1 3 7 2 2 6 9 8
428 9 5 7 7 3 9 9 6 1 9
412 7 9 7 4 8 9 8 9 2 5
15
350 2 2 8 3 6 8 3 7 9 7
248 7 3 2 8 1 7 2 1 2 5
356 5 2 8 3 9 6 6 1 5 5
343 6 7 7 4 1 6 8 4 7 7
193 7 3 2 3 4 6 1 1 2 2
299 2 1 5 5 5 7 4 7 9 1
376 6 8 7 2 7 8 9 2 9 6
291 6 2 8 3 8 4 2 1 3 4
371 6 2 5 9 1 3 9 4 5 8
317 5 3 8 5 6 8 2 7 3 4
227 3 5 1 2 2 9 3 6 3 4
338 7 2 5 3 7 2 8 6 8 4
325 6 5 4 7 5 9 3 1 5 5
341 7 5 3 9 5 7 2 2 2 8
360 5 1 8 3 9 3 9 5 3 4
15
346 8 1 7 2 9 7 5 8 8 1
337 8 5 6 3 9 1 5 2 3 8
342 4 6 6 3 8 1 5 9 1 9
312 2 9 2 3 8 1 9 9 2 4
218 1 4 2 7 3 6 2 3 5 1
304 2 5 7 3 6 5 6 2 6 4
323 9 6 2 8 1 6 9 8 5 1
274 7 3 1 1 4 2 6 7 4 6
338 1 7 5 8 4 3 6 2 5 8
377 7 2 8 6 3 6 7 7 4 9
364 4 5 8 4 2 8 6 9 1 9
303 9 5 2 2 9 1 8 2 8 2
323 2 3 9 1 9 2 9 2 9 4
376 4 1 9 4 4 9 7 8 6 7
201 4 5 4 4 2 6 3 1 2 3
15
320 8 6 9 2 5 8 4 5 2 4
420 9 2 9 4 8 7 4 5 8 9
333 5 2 8 4 9 8 1 9 1 5
301 6 3 8 5 5 8 4 2 2 4
211 7 2 3 1 4 2 5 2 6 3
411 5 9 5 6 6 7 9 9 7 5
310 4 4 4 5 3 8 4 4 2 9
312 3 6 5 9 8 2 4 6 1 3
250 3 9 1 6 2 3 5 3 5 4
338 9 7 4 7 9 1 3 1 6 4
240 4 6 6 4 3 2 3 8 6 2
290 3 4 9 4 6 3 9 5 1 1
267 7 8 7 5 1 2 4 4 7 4
470 9 7 2 9 8 7 9 6 7 7
223 6 7 7 1 5 1 3 8 5 1
15
363 8 3 6 4 8 9 5 3 3 4
342 2 8 3 3 8 4 8 2 7 7
271 5 2 6 7 5 2 3 1 6 3
333 4 8 8 5 7 8 3 5 7 3
381 1 2 7 3 4 9 9 6 6 9
263 4 5 7 4 7 2 1 9 1 4
264 6 3 4 1 6 1 3 4 4 7
392 9 8 7 9 3 7 6 9 3 5
409 4 4 4 9 8 5 4 8 9 9
377 6 1 7 7 9 8 4 2 7 5
407 4 9 8 9 7 9 6 3 1 8
446 3 6 6 6 9 7 9 8 8 9
288 4 5 1 6 6 4 3 5 6 6
402 8 3 7 7 6 2 4 9 9 8
364 1 9 2 6 5 3 7 9 8 8
15
392 7 8 5 7 7 7 4 5 2 8
368 8 4 4 7 9 1 3 6 7 7
341 9 9 4 2 9 7 6 9 2 1
220 7 6 2 4 2 8 1 5 5 1
288 7 5 8 1 2 3 8 4 8 5
191 2 7 4 4 1 1 3 3 2 5
396 3 1 7 5 7 5 9 9 1 9
398 9 4 9 9 9 3 8 2 5 3
344 9 2 5 2 3 4 8 7 6 9
309 2 4 8 6 8 5 3 3 3 3
237 7 4 3 4 3 3 5 4 3 3
254 8 1 2 2 3 2 8 2 2 7
247 1 1 8 7 2 2 1 9 4 5
286 5 6 9 5 1 2 5 3 2 9
299 8 7 9 7 2 2 5 8 7 1
15
231 9 2 2 4 1 3 5 1 2 6
342 3 3 3 9 6 2 8 8 1 5
225 1 5 3 6 1 9 1 3 8 2
320 7 1 2 7 4 8 5 2 4 4
430 3 2 9 7 7 9 4 9 9 9
345 9 3 7 3 6 5 9 7 3 4
192 4 6 4 1 1 1 4 3 8 3
264 9 1 1 1 7 9 5 3 1 2
363 6 6 9 3 8 3 7 1 9 7
262 6 9 5 4 4 1 1 8 4 5
367 7 3 8 5 6 4 2 6 4 9
284 1 1 8 1 8 8 7 6 1 1
315 2 1 8 7 6 1 7 7 4 2
240 6 4 3 2 5 2 1 3 2 8
275 1 7 9 1 5 1 6 9 9 1
15
238 2 3 4 1 1 7 7 5 1 4
356 1 6 8 8 7 6 2 8 5 6
370 6 8 3 5 8 6 7 7 1 7
348 3 8 2 6 5 4 8 6 6 8
216 4 8 6 9 1 1 3 1 3 1
411 7 4 5 9 5 6 8 3 5 8
341 3 4 4 7 4 2 8 6 9 7
276 3 5 8 1 5 5 4 9 7 1
257 2 5 3 4 2 7 5 7 6 3
329 9 7 6 3 7 9 4 3 2 4
309 8 1 3 8 4 3 3 2 2 9
409 8 7 8 3 9 2 9 1 4 9
366 9 7 3 5 9 7 1 8 7 5
230 4 4 5 5 5 3 3 1 6 1
256 7 3 7 1 2 6 6 2 1 5
15
350 9 7 7 9 6 9 1 4 1 4
291 3 8 4 3 5 2 5 5 4 8
325 4 3 9 3 3 8 4 8 1 8
198 1 9 6 1 2 8 7 2 1 1
340 4 6 4 4 9 1 8 8 5 4
343 7 9 5 7 9 2 8 6 2 2
279 1 9 8 6 3 4 1 9 1 7
342 3 3 2 9 4 8 4 1 1 9
355 2 7 4 8 8 4 7 7 2 4
265 7 8 5 1 5 6 5 1 2 4
311 8 6 7 7 7 2 3 8 1 2
340 3 5 4 4 8 2 8 1 5 7
345 6 2 7 1 8 9 1 9 9 6
337 8 9 1 8 8 7 3 6 4 3
298 2 4 4 9 7 1 1 8 9 2
15
230 8 1 4 6 3 1 2 7 2 3
377 5 6 7 4 8 8 4 8 2 7
379 4 1 5 9 9 7 3 3 8 4
280 6 9 3 2 7 2 6 1 2 8
279 2 5 3 3 4 5 8 2 9 5
278 3 8 7 5 7 7 2 2 6 1
292 5 2 2 6 4 5 2 7 3 7
295 5 6 5 2 5 4 3 1 4 9
301 1 9 1 9 6 9 2 1 1 5
306 1 4 8 6 1 4 6 4 5 9
318 1 9 1 3 9 4 8 3 2 8
350 9 9 8 2 5 9 3 2 9 7
225 4 1 2 5 4 4 1 5 6 4
368 4 4 5 9 1 7 6 9 8 5
275 6 2 6 2 3 5 5 7 8 4
15
255 5 3 1 2 5 2 9 8 1 3
332 4 1 6 3 7 4 4 6 6 9
329 2 6 5 4 5 6 6 9 5 6
309 5 8 4 3 6 8 2 8 1 8
344 9 7 6 5 1 5 6 6 9 7
395 9 5 9 7 7 7 4 6 9 2
362 9 7 5 9 1 6 5 8 6 6
263 1 5 5 8 3 4 3 4 9 2
370 2 8 7 4 9 9 7 7 1 4
324 9 4 1 6 8 1 4 6 6 4
247 7 2 4 4 4 3 7 4 3 1
305 6 1 6 2 9 2 9 7 4 1
257 1 4 3 4 5 8 1 7 9 2
283 2 3 7 1 4 1 6 7 6 7
208 4 7 6 3 2 5 1 7 3 1
15
390 4 1 1 7 7 9 8 6 3 8
301 9 6 3 2 5 5 7 4 7 3
249 4 6 3 5 1 2 1 7 6 8
306 6 5 7 4 1 2 7 5 8 7
291 4 3 8 2 7 1 8 6 7 2
252 1 6 1 3 7 2 1 9 3 8
343 8 2 1 7 4 9 9 7 6 2
441 8 1 9 9 9 8 4 3 1 9
403 6 3 8 9 7 3 8 3 9 3
341 3 3 5 7 6 5 3 6 6 8
368 4 8 5 5 7 7 2 9 5 9
298 6 4 7 4 1 4 3 8 5 8
331 4 1 7 8 2 8 2 3 7 6
307 9 3 1 5 6 3 4 1 2 8
332 8 8 4 5 5 9 3 8 7 3
15
203 2 3 7 1 3 5 5 1 2 4
326 7 5 1 2 8 3 8 4 9 4
262 2 7 3 2 3 7 5 6 5 4
271 7 9 2 3 8 2 1 4 9 3
251 2 4 2 4 1 4 7 8 3 6
318 9 7 1 8 2 8 5 5 6 3
412 6 7 4 9 5 6 8 8 2 8
369 2 4 4 8 7 4 1 8 9 8
350 8 1 9 8 5 5 5 1 9 2
347 2 5 9 5 2 8 3 3 9 9
240 2 5 5 1 6 4 3 2 9 4
316 2 1 8 7 4 9 4 2 8 2
354 7 2 4 4 9 5 1 4 7 8
328 7 1 1 7 9 6 2 8 2 5
245 2 5 6 1 1 2 5 4 4 9
15
360 3 3 3 8 7 8 9 3 7 1
355 8 6 6 6 5 8 5 6 2 6
330 2 2 3 9 7 5 3 7 2 5
312 2 8 4 8 2 1 8 8 2 8
329 1 4 2 8 7 5 3 9 1 6
270 5 2 5 4 4 2 2 6 9 6
304 4 1 8 1 8 6 8 7 1 3
325 7 8 4 6 2 7 3 8 7 4
386 7 9 5 2 7 7 7 6 6 9
335 5 1 1 2 8 5 8 3 3 9
273 2 9 1 2 7 9 6 7 2 1
326 3 6 7 9 5 5 8 3 3 1
316 2 9 8 9 5 3 5 8 5 2
354 7 6 3 8 3 9 4 9 6 4
316 6 9 4 7 1 8 5 1 4 8
15
336 5 7 1 4 8 2 4 9 9 6
330 5 2 6 6 5 6 7 1 2 6
390 7 8 7 7 2 3 7 9 6 9
293 4 9 5 2 5 5 6 7 3 4
256 3 1 4 2 6 5 7 6 2 2
208 6 6 2 2 7 1 1 8 4 2
429 3 4 8 9 4 6 7 8 7 8
334 6 3 4 4 6 5 7 3 3 6
345 7 4 6 3 9 3 6 1 5 7
375 1 1 6 5 9 7 8 1 3 9
292 2 5 3 4 8 6 2 2 5 7
155 1 1 2 1 1 4 2 2 3 4
311 1 9 1 3 9 9 3 5 5 7
218 4 8 2 3 4 4 3 2 3 5
206 4 3 9 3 2 1 4 7 2 1
15
340 5 2 9 3 6 3 9 3 9 5
250 3 3 1 8 1 1 8 7 5 1
302 6 4 7 2 7 1 7 2 8 4
300 1 9 2 1 9 4 4 9 5 6
425 7 1 8 8 4 5 9 8 7 8
294 8 2 2 3 5 1 7 8 3 4
352 3 9 1 6 8 5 5 7 6 8
334 7 4 5 8 4 8 7 6 1 2
359 5 6 1 7 8 3 7 2 7 8
330 3 7 7 8 6 3 4 3 1 6
376 3 6 2 8 9 3 9 5 2 7
227 1 1 1 6 2 2 3 9 4 5
403 7 8 3 2 9 7 7 4 9 9
295 6 2 9 6 7 7 1 1 4 3
328 9 6 7 2 5 5 7 6 3 4
15
387 5 1 8 8 7 5 2 6 6 9
345 8 6 9 6 7 2 3 4 4 5
341 6 6 4 9 8 4 4 2 5 3
373 9 3 5 2 9 9 2 7 2 9
324 2 4 9 9 6 6 3 9 3 1
360 9 8 6 4 5 7 5 9 4 5
304 6 3 5 4 8 6 1 9 8 1
236 4 3 5 3 2 6 1 2 2 6
223 5 4 6 1 2 7 2 7 4 1
307 8 8 5 2 7 7 4 5 1 3
374 7 6 8 6 7 4 9 5 6 3
328 7 9 9 4 3 8 5 2 2 6
304 1 9 2 6 3 8 1 9 8 8
281 5 5 3 1 9 2 4 3 7 6
282 4 6 7 7 2 4 3 5 6 3
15
328 7 3 9 1 5 2 9 9 1 6
403 3 3 8 8 4 8 7 5 4 9
283 5 9 1 6 5 2 2 8 7 5
377 7 3 2 7 3 9 7 7 8 6
344 8 4 2 9 7 3 7 1 7 3
411 7 6 8 7 7 9 9 6 5 2
290 8 8 1 4 1 3 4 6 4 9
283 3 4 8 7 5 3 1 6 2 4
256 7 4 3 3 4 1 4 2 3 7
279 2 2 7 2 3 9 1 8 7 7
308 9 1 1 9 3 2 1 6 7 7
284 3 1 2 5 6 8 4 5 3 2
347 3 3 1 5 9 3 9 4 3 7
324 4 7 7 7 1 9 7 4 6 3
297 2 7 8 6 4 3 9 1 4 3
15
326 3 8 7 2 5 7 3 5 7 7
292 6 6 8 4 1 5 6 9 5 4
301 5 5 1 4 6 1 9 8 7 3
348 8 4 1 4 3 9 7 5 3 8
325 9 8 7 2 6 7 6 3 3 3
393 9 3 9 9 3 8 6 7 6 2
312 6 2 2 2 2 8 5 9 3 8
375 2 7 8 9 9 9 4 7 3 2
394 6 7 7 4 9 5 8 2 7 6
253 2 2 6 2 6 6 1 6 8 4
333 4 1 7 3 5 7 6 3 5 9
261 4 8 6 3 1 3 3 9 5 6
201 5 5 3 5 1 2 2 2 4 5
381 9 8 2 7 9 7 3 5 5 7
325 6 2 5 1 8 1 8 2 5 8
15
296 6 5 5 4 2 2 7 2 6 8
352 5 1 7 8 6 6 1 8 7 5
373 8 7 9 1 8 3 7 3 8 7
198 5 6 2 1 4 1 5 1 4 4
299 2 3 6 7 1 9 4 9 4 2
338 3 3 5 9 5 1 4 6 3 9
404 4 7 4 8 7 3 8 6 9 7
125 2 6 4 2 1 1 2 3 2 2
385 9 6 9 3 6 4 5 6 8 7
326 5 6 8 9 1 4 7 9 2 2
296 1 5 2 1 9 5 5 5 9 4
324 7 5 3 3 6 2 7 3 5 9
316 9 5 9 2 5 4 4 8 9 3
320 3 6 4 9 2 5 7 5 8 3
354 1 7 7 7 7 3 8 6 1 7
15
348 5 5 3 8 2 7 6 5 4 7
174 2 2 2 1 5 6 1 3 4 2
308 5 2 5 8 9 4 3 7 2 1
285 2 3 1 6 3 3 6 7 7 7
315 3 8 4 6 4 4 5 3 4 7
336 3 6 7 6 9 2 7 5 5 2
265 6 2 5 5 3 3 6 4 2 4
244 3 4 8 2 1 6 4 2 1 8
404 8 6 6 5 9 7 9 6 3 5
305 1 5 6 7 2 4 4 8 8 4
274 2 2 3 6 1 7 1 8 3 7
399 8 7 3 8 3 6 9 7 9 6
270 1 8 8 1 6 8 8 4 3 1
343 9 4 4 3 8 5 9 2 2 4
313 6 2 8 4 8 1 5 7 6 1
15
332 6 6 8 5 3 1 2 8 9 8
299 8 1 8 2 4 6 5 2 5 6
286 9 2 2 6 7 1 6 5 3 2
295 8 5 5 2 7 9 1 7 9 1
265 5 8 2 5 4 6 3 4 1 5
224 6 6 1 4 2 4 1 6 9 2
334 1 6 9 9 6 7 1 5 8 2
393 7 8 8 4 9 7 1 3 7 9
352 3 2 7 5 6 3 6 5 2 9
275 1 7 1 1 5 2 4 9 8 8
241 1 1 2 4 5 1 1 6 6 9
286 4 2 6 2 2 5 3 7 9 6
297 3 8 7 2 3 8 3 5 9 6
219 7 8 6 5 3 1 1 7 3 1
282 2 8 4 5 6 1 9 7 4 1
15
327 7 6 2 8 2 9 7 8 2 3
378 7 7 8 6 6 3 8 8 3 5
360 8 7 3 5 9 2 6 9 6 4
324 9 9 3 9 3 9 4 2 6 2
365 4 9 3 7 8 4 5 8 2 8
417 9 4 6 9 9 1 2 6 7 9
223 6 3 5 1 4 8 1 2 2 4
376 8 6 6 6 9 8 2 9 7 1
341 5 7 5 5 6 5 9 2 6 5
228 4 9 3 3 2 3 6 4 1 4
349 9 5 9 6 5 8 7 3 1 1
352 5 5 6 6 4 3 9 1 7 7
201 2 2 2 3 1 5 2 8 5 2
313 4 2 1 6 8 5 2 4 2 9
354 7 3 5 3 8 2 7 1 9 7
15
301 2 9 7 1 9 9 8 1 3 2
274 6 4 1 1 4 6 6 6 4 7
280 3 6 2 8 4 3 4 2 4 5
300 8 7 7 2 2 8 5 1 3 7
295 5 4 7 4 3 6 4 4 5 7
313 4 4 8 7 4 5 1 9 1 7
314 2 3 1 2 6 6 6 3 8 8
317 7 3 7 9 6 3 2 6 3 2
413 5 4 4 9 1 6 9 9 8 8
322 5 7 3 8 3 8 4 5 3 4
449 6 6 3 8 7 5 9 9 6 9
287 7 3 4 6 7 1 1 7 2 4
387 3 6 9 4 8 6 7 4 9 6
224 6 3 4 8 2 3 4 1 2 1
200 1 3 6 1 3 8 1 2 8 1
15
317 2 9 6 2 6 9 1 9 2 7
438 6 3 7 5 9 8 6 9 1 9
396 8 9 3 9 3 5 7 9 6 7
288 7 2 8 1 2 5 5 7 8 3
321 7 8 2 2 6 6 5 6 7 7
194 1 7 3 5 2 6 1 2 5 3
287 2 2 1 3 6 9 2 6 8 4
418 6 9 6 6 6 9 8 5 1 8
319 6 7 9 7 7 1 1 2 1 9
275 5 2 3 1 7 7 6 3 7 3
346 9 3 9 2 4 9 6 7 4 5
223 5 3 1 4 3 3 2 9 5 4
371 2 5 9 6 6 6 6 9 7 4
281 5 4 9 7 4 1 1 6 9 3
346 5 8 2 3 8 3 6 6 2 9
15
289 2 7 9 8 8 2 1 3 1 5
308 1 8 5 1 4 6 7 7 5 8
354 1 3 6 9 9 4 4 3 4 6
298 1 3 5 7 1 8 2 6 2 8
292 7 4 5 5 1 9 4 8 1 4
355 6 8 2 8 3 3 6 7 3 9
382 7 3 9 8 6 1 4 7 6 9
340 8 7 8 2 4 8 5 6 3 7
389 8 6 7 2 2 8 9 5 9 8
194 1 1 4 5 1 2 3 6 1 3
288 6 3 7 1 3 7 4 8 4 4
280 1 8 9 3 9 4 3 5 3 1
314 4 2 4 9 4 5 4 4 2 5
251 1 9 2 5 1 6 8 5 7 1
233 6 4 1 2 8 6 2 3 2 1
15
336 8 2 9 6 2 7 2 7 9 3
347 5 9 4 4 9 5 2 1 8 8
303 4 4 4 9 4 1 8 2 3 3
366 8 5 3 7 6 8 3 6 9 5
243 9 8 5 2 3 3 1 2 9 3
234 1 5 7 2 4 4 6 3 3 2
348 4 9 7 2 9 7 7 4 7 2
413 8 2 7 8 6 6 3 4 6 9
376 8 2 4 6 6 7 3 9 2 9
266 5 3 3 2 4 6 3 9 6 5
286 2 8 9 1 8 9 2 6 5 2
248 3 5 3 3 8 5 2 7 2 1
344 7 3 3 7 4 7 8 1 2 8
406 4 9 7 9 7 7 4 2 3 9
297 2 7 9 8 1 4 9 4 5 2
15
379 3 7 9 4 9 5 2 9 9 7
342 1 3 1 7 7 9 5 5 8 4
364 9 6 2 7 6 6 8 9 7 1
331 6 2 8 8 1 5 4 9 3 7
261 5 8 1 6 3 2 2 5 5 5
199 6 3 1 2 2 1 2 6 1 7
350 6 1 9 3 7 9 4 6 4 5
214 6 9 2 2 2 2 4 2 9 3
279 7 3 3 2 6 1 4 1 7 8
320 8 9 9 5 6 5 5 1 9 1
314 3 9 8 7 3 3 5 9 1 6
326 7 4 4 8 9 2 6 1 3 1
396 4 9 5 7 8 3 8 9 4 5
302 6 6 4 2 5 2 5 7 5 7
380 9 2 7 8 3 8 6 6 1 6
15
223 5 7 8 4 3 5 3 4 1 1
350 7 2 8 9 2 6 9 4 3 2
263 8 6 1 3 2 2 4 4 4 9
411 7 4 6 9 3 7 9 7 5 6
294 1 4 2 2 9 6 4 9 6 5
325 3 5 6 6 3 6 6 7 7 5
319 8 9 9 2 5 3 3 4 3 9
332 4 4 8 7 6 3 9 5 5 2
307 4 3 2 7 1 6 5 5 8 7
290 5 6 4 2 7 1 4 8 8 4
358 6 6 5 9 5 1 6 9 1 7
327 8 4 5 5 7 8 5 1 5 3
277 1 6 9 1 4 4 7 7 3 3
305 1 3 4 7 3 5 9 8 2 2
318 2 7 4 7 7 1 2 7 5 8
15
364 4 3 8 5 8 2 8 8 6 4
315 9 3 3 1 5 8 7 7 9 2
290 6 9 5 1 6 6 3 4 2 7
361 7 2 5 9 5 5 6 1 6 7
275 2 9 2 6 3 4 7 2 1 8
293 3 8 6 6 2 7 2 8 9 3
442 3 8 7 8 9 3 6 9 7 9
404 1 5 3 9 5 6 9 7 8 8
302 3 3 9 4 6 9 3 1 8 3
317 6 5 7 8 4 2 3 9 2 5
309 1 9 9 3 6 6 2 1 4 8
324 5 1 8 2 9 7 3 2 3 5
332 6 2 9 1 4 1 7 3 9 9
352 5 8 1 6 6 8 9 6 7 2
263 6 2 1 2 2 9 3 4 8 6
15
262 9 7 2 6 6 4 1 5 2 2
422 8 3 6 8 6 7 8 8 7 5
227 3 7 3 1 1 1 1 8 9 8
317 2 2 2 3 9 6 5 1 2 9
300 5 6 7 8 6 3 3 3 2 3
383 7 6 4 3 9 9 7 8 2 7
302 7 1 7 4 7 3 4 5 9 1
331 8 1 5 4 1 9 7 1 7 8
258 5 9 1 7 4 3 5 6 3 1
372 8 8 7 5 7 6 2 7 8 6
280 6 9 9 7 5 6 1 2 1 1
278 2 4 3 7 7 3 4 6 5 3
252 7 3 8 2 1 8 1 5 6 2
353 8 5 4 7 7 9 2 9 6 2
337 8 1 7 5 7 1 6 2 2 6
15
292 9 6 1 3 3 6 5 7 5 6
234 9 7 3 3 1 9 2 7 4 1
354 1 7 9 8 1 4 9 9 9 3
341 6 2 8 7 9 1 7 3 4 2
309 5 8 9 5 5 1 6 1 3 7
309 4 1 5 3 8 9 2 2 9 3
337 7 6 3 7 1 6 7 5 8 6
239 7 3 6 4 5 1 4 1 8 1
236 3 9 8 9 1 3 2 3 3 2
346 1 6 3 7 6 3 8 1 9 8
303 2 2 7 8 2 4 2 4 5 7
174 8 3 4 2 1 3 2 4 1 1
316 5 1 5 4 4 5 8 6 6 4
328 3 1 6 1 1 9 9 9 5 9
359 8 6 7 2 6 6 3 8 9 6
15
279 8 6 7 4 1 3 9 8 5 1
294 4 7 5 6 2 7 1 1 7 8
299 2 4 4 5 7 8 7 4 1 2
344 5 7 2 9 9 1 2 4 7 6
275 1 9 4 3 5 2 6 1 8 7
320 6 6 4 1 6 6 6 5 6 6
369 5 8 4 5 8 3 8 5 7 6
451 8 8 8 8 4 8 7 7 4 9
269 3 2 4 1 5 8 5 4 1 7
267 2 8 5 7 2 9 4 5 3 1
260 1 5 1 1 6 5 6 2 9 4
345 1 3 2 8 9 6 3 9 5 4
367 9 7 9 4 4 1 9 8 7 6
293 7 6 3 5 6 2 5 9 1 2
304 3 2 9 1 7 4 3 8 7 5
15
352 3 4 4 6 6 6 9 6 1 5
230 1 8 6 5 2 2 8 6 1 1
420 6 2 6 9 8 5 5 6 6 8
264 1 9 6 2 4 5 6 5 5 3
373 4 9 6 6 8 7 5 3 3 7
260 4 4 1 7 7 1 1 9 8 1
323 8 9 6 4 1 5 9 7 2 4
388 3 7 4 6 3 9 7 8 9 7
370 6 7 8 1 8 7 7 9 3 6
338 7 8 4 8 3 1 7 8 6 6
297 9 4 1 3 6 7 4 6 5 2
321 8 1 4 2 7 8 7 7 5 2
354 9 5 9 6 6 2 3 5 9 5
336 5 2 3 7 6 4 8 5 1 5
345 7 1 5 5 9 1 5 8 1 6
15
340 1 7 5 8 3 4 9 8 7 3
429 9 6 2 9 8 5 5 9 1 9
372 7 7 8 3 6 4 7 1 9 8
380 1 2 5 8 1 8 9 8 7 8
259 8 3 3 2 4 6 1 2 8 5
327 2 1 4 7 4 8 9 6 9 1
254 4 5 3 2 1 7 9 3 7 2
334 1 3 9 4 5 7 4 7 6 6
377 9 4 9 1 8 4 6 1 9 8
333 9 4 4 4 8 1 4 8 2 8
285 4 8 3 8 5 3 1 3 8 5
419 6 9 4 8 7 7 6 8 3 8
324 6 5 1 2 9 8 5 7 1 4
351 7 3 8 3 5 7 1 6 9 8
378 8 6 2 5 8 2 8 5 7 7
15
403 7 8 9 5 9 8 8 4 7 3
277 2 3 4 5 6 3 6 3 8 1
303 1 5 8 1 6 9 8 7 4 2
322 8 4 5 5 8 8 2 1 4 3
298 3 9 3 6 5 2 4 2 5 8
307 3 6 6 9 7 2 2 2 5 3
276 1 3 4 8 3 5 5 6 4 3
249 4 7 7 4 1 9 1 3 6 2
372 9 8 8 5 6 2 9 9 4 3
340 9 3 7 4 2 5 8 2 5 6
331 4 6 4 3 7 9 1 6 2 8
338 7 6 5 9 5 1 4 1 6 6
305 6 4 1 7 4 4 8 9 1 3
246 5 3 4 6 3 8 1 4 2 3
308 9 4 7 1 1 6 8 5 4 5
15
301 7 3 7 1 5 7 9 5 2 3
276 1 3 4 5 3 5 3 7 8 6
346 2 9 9 7 7 8 2 6 5 4
396 7 4 4 6 9 4 8 2 5 9
420 9 5 6 8 9 3 6 4 8 8
358 9 9 6 2 2 7 8 7 2 9
276 2 1 8 3 3 7 7 2 5 4
319 3 8 3 7 3 8 6 6 8 3
312 2 6 6 8 8 4 2 1 5 6
301 1 6 9 2 4 6 7 4 2 8
368 3 9 9 1 6 7 8 9 3 7
294 4 8 9 1 9 4 5 2 2 5
436 5 7 9 9 3 7 9 7 9 6
374 7 1 8 8 9 2 6 4 4 4
321 9 6 2 3 5 5 9 8 6 2
15
283 3 3 6 6 2 7 7 1 5 3
414 2 8 8 8 9 5 9 7 5 5
343 7 3 5 7 4 7 8 2 9 2
330 9 2 3 4 8 4 5 7 7 4
358 4 9 6 8 8 7 5 3 8 1
350 5 2 5 3 8 7 8 4 2 6
277 5 9 2 2 1 5 3 7 9 8
292 5 3 7 4 3 4 6 8 4 2
349 5 2 7 9 2 1 8 3 3 8
296 6 1 8 1 4 1 6 1 9 8
279 1 5 4 8 5 1 1 6 6 7
333 5 9 4 9 6 2 2 6 1 8
262 2 2 1 7 1 3 7 7 9 3
299 3 3 8 2 6 9 1 9 6 4
340 1 6 5 9 8 9 6 3 2 2
15
286 7 4 7 4 2 6 5 7 1 5
327 2 5 6 2 8 6 4 4 6 7
232 2 6 5 4 5 2 3 5 5 1
324 3 1 1 8 8 3 1 4 8 8
204 4 6 7 2 5 1 4 7 1 1
322 9 4 4 6 6 5 4 2 6 5
295 1 5 9 5 1 6 9 6 4 3
356 5 3 8 4 8 4 2 8 2 8
273 7 9 9 7 1 1 3 1 7 4
365 5 3 6 9 3 9 1 9 1 8
252 1 4 6 4 3 3 5 4 4 6
321 1 6 5 5 7 8 2 1 5 9
309 7 4 8 5 1 1 9 9 2 5
393 7 9 5 4 7 8 9 1 3 9
267 5 2 4 1 3 1 3 5 7 9
15
364 7 4 3 7 5 4 7 3 7 7
316 4 2 4 2 9 4 7 4 4 4
389 1 8 8 5 9 9 9 2 5 6
300 2 9 3 7 6 2 6 5 3 5
302 3 2 2 9 1 9 5 2 9 2
323 2 7 8 3 5 6 6 5 2 8
316 3 8 3 6 6 2 7 6 6 4
302 1 7 9 7 4 5 7 7 3 2
237 1 5 2 5 2 2 2 8 9 4
396 5 6 8 7 7 8 1 4 8 8
314 5 1 5 5 2 7 7 7 5 4
281 4 1 7 9 3 2 1 4 2 8
401 8 9 2 9 8 6 4 5 3 8
234 1 6 3 8 1 4 1 4 9 3
258 2 8 2 2 8 3 3 6 6 4
15
208 8 8 2 1 1 5 3 1 7 4
234 2 1 1 6 4 3 5 2 4 3
301 1 7 7 7 5 6 8 1 4 2
413 6 5 4 3 9 6 8 7 7 8
224 9 1 1 4 8 3 2 1 2 1
360 8 4 8 7 1 1 6 9 8 8
302 5 1 3 9 6 7 2 2 3 5
346 4 9 2 7 7 5 6 5 1 8
336 9 4 2 1 7 2 8 1 9 8
294 2 6 8 5 8 6 6 1 2 1
364 6 4 1 6 6 8 7 4 5 6
276 6 5 7 2 3 3 9 7 4 1
351 9 5 6 4 8 6 8 2 2 3
364 4 1 7 3 7 5 6 8 9 7
218 2 1 2 3 5 1 2 6 6 6
15
330 4 2 1 8 4 3 8 3 5 7
349 6 8 4 9 7 8 1 2 6 6
319 2 2 9 2 9 2 8 5 7 4
320 8 3 4 6 9 5 3 1 3 3
410 5 1 5 7 7 3 8 6 8 8
340 2 5 9 5 1 5 9 3 6 7
277 6 4 1 5 1 6 7 4 1 5
330 2 7 8 4 5 8 1 2 9 7
309 4 3 6 8 3 2 5 4 5 5
300 4 9 1 5 1 4 8 8 5 7
395 1 5 4 9 6 6 5 9 2 9
324 8 1 4 1 9 5 6 1 1 8
350 2 5 7 2 5 6 9 1 6 9
240 2 8 7 3 2 3 4 7 5 3
301 6 9 1 9 2 7 3 5 8 2
15
421 6 4 7 8 7 3 7 5 6 8
318 8 6 1 8 6 6 2 9 1 3
336 3 9 5 2 5 9 9 4 2 5
302 2 9 7 4 6 6 4 1 4 6
273 2 5 1 2 7 2 6 5 7 6
352 1 8 6 6 4 7 7 6 1 9
361 6 6 2 6 9 3 4 4 3 9
367 1 1 8 5 8 8 3 1 8 8
338 3 5 7 8 2 1 7 9 6 6
294 4 9 7 3 6 1 7 2 3 5
405 5 5 9 6 7 9 4 7 9 6
371 6 7 9 4 8 3 6 8 1 7
300 8 5 8 6 4 3 2 4 6 3
445 5 2 7 8 8 5 9 1 9 9
287 4 2 5 2 4 6 3 1 7 8
15
375 8 1 9 3 2 9 5 8 4 9
378 5 6 8 9 9 6 1 1 6 5
290 5 4 2 1 5 4 1 9 5 9
400 8 9 9 4 5 6 6 9 1 8
311 3 2 9 8 3 5 3 1 9 4
314 9 6 7 4 3 6 7 2 9 3
222 3 4 7 2 3 4 4 3 2 3
241 3 3 1 6 5 1 2 8 7 1
285 8 6 3 6 2 1 4 1 2 9
347 8 3 1 6 3 6 9 4 8 5
275 4 8 7 4 7 2 1 7 7 3
239 4 9 5 2 8 2 1 1 4 4
286 1 5 2 6 4 2 7 6 6 5
336 4 1 8 6 9 1 5 9 4 2
392 8 5 5 8 8 7 5 4 1 8
15
225 2 9 3 2 4 8 1 8 6 1
318 5 2 6 2 2 9 7 9 1 8
263 8 9 4 6 6 2 5 2 3 1
288 4 3 3 6 4 2 5 7 8 4
447 9 5 8 8 6 5 7 9 5 9
321 5 8 2 7 6 3 8 4 2 3
315 3 4 5 8 7 3 5 7 1 3
290 9 7 7 1 3 5 7 5 3 5
274 7 3 7 1 6 6 1 7 3 3
328 3 3 2 7 7 5 2 9 5 5
262 2 5 6 5 2 6 1 1 7 8
195 3 3 5 1 4 4 4 1 3 2
348 3 1 9 9 7 1 5 8 9 3
372 1 7 3 6 8 8 7 8 8 4
231 3 4 7 4 3 7 2 3 4 2
15
251 8 7 5 2 6 4 1 5 4 4
240 8 4 2 2 2 2 1 8 9 4
313 1 2 7 8 4 3 6 6 3 4
354 8 6 4 9 7 2 5 9 7 3
403 3 8 9 7 8 8 6 9 3 3
300 3 9 5 9 5 6 1 5 7 1
413 7 7 6 8 6 7 9 2 7 7
260 5 4 2 1 6 3 8 4 2 4
285 5 7 4 9 4 1 2 9 5 2
300 4 6 3 3 8 3 6 7 4 3
281 3 3 8 8 3 8 5 2 3 1
297 1 8 1 3 9 5 3 1 6 9
281 9 4 7 2 4 2 3 7 7 4
438 9 4 7 8 8 2 8 9 4 8
343 8 2 2 4 7 4 2 4 9 8
15
358 9 6 9 5 3 5 4 4 6 9
257 5 5 2 4 1 2 7 8 4 5
351 5 7 9 1 6 6 5 7 3 8
263 4 9 3 5 5 5 2 4 1 4
285 7 1 4 5 6 2 1 2 5 8
342 6 9 2 7 2 4 6 8 4 9
243 9 7 2 2 6 7 3 1 3 1
275 7 9 2 9 2 3 4 3 5 4
179 6 5 4 1 5 2 1 1 4 1
302 8 5 7 5 5 8 2 2 1 5
415 4 1 9 9 7 7 8 3 7 4
278 3 3 1 1 5 1 9 6 8 6
331 3 6 5 7 9 8 1 5 7 4
226 3 4 6 5 3 6 2 4 2 3
288 3 6 7 8 5 2 3 1 3 5
15
285 8 4 6 5 8 1 6 1 2 2
206 4 9 3 5 4 1 2 6 2 1
363 7 9 2 9 7 6 4 5 8 2
301 3 3 6 5 3 2 9 4 7 5
332 2 1 9 5 4 3 9 9 1 4
337 8 1 5 7 5 8 9 7 1 1
450 7 1 7 4 9 7 8 9 7 8
416 6 4 7 6 6 4 7 6 8 9
364 1 6 7 8 6 8 7 2 5 4
285 9 8 7 4 3 5 2 9 3 2
282 6 2 3 8 1 1 1 9 2 8
323 3 9 8 9 4 1 2 9 7 5
269 1 6 2 6 9 4 6 2 2 1
374 2 1 6 8 3 6 4 7 9 9
315 6 2 3 4 3 5 7 8 5 7
15
206 3 2 7 7 1 3 1 1 2 3
238 8 2 2 1 4 6 4 2 2 4
343 3 3 7 4 6 8 3 5 6 9
313 7 7 5 4 2 2 4 6 9 7
329 8 7 8 7 1 2 8 3 3 7
333 3 8 7 7 9 4 4 5 5 3
225 4 5 9 5 1 8 3 1 1 2
345 8 2 5 7 2 2 9 2 3 8
235 5 4 6 1 7 5 4 4 2 1
388 4 7 9 7 5 9 2 1 9 8
312 8 3 4 4 5 6 4 5 6 5
276 9 2 7 1 7 2 3 5 2 4
335 6 8 9 9 2 1 9 5 4 4
285 5 5 2 4 5 8 2 7 3 5
288 5 9 4 2 2 7 7 7 6 4
15
324 1 7 4 3 5 5 6 9 8 5
346 8 7 9 3 5 3 8 9 1 6
232 1 8 4 1 1 3 3 3 6 9
285 3 7 1 6 6 3 8 5 2 2
335 3 2 4 3 6 3 9 1 8 7
268 3 5 9 4 9 3 1 2 5 2
284 3 1 5 8 3 5 2 8 5 5
271 6 2 1 4 2 3 9 8 1 3
397 8 6 5 8 5 4 7 5 8 6
373 9 7 2 5 9 3 6 2 4 8
296 3 2 5 4 3 1 9 3 3 9
347 3 3 2 3 8 7 4 5 8 8
271 3 1 1 2 1 9 9 9 8 2
380 9 4 9 7 6 4 3 5 3 8
375 8 6 4 9 3 8 5 7 8 3
15
290 1 9 7 5 5 5 2 3 5 7
254 1 2 6 8 1 8 4 6 1 3
268 4 9 5 4 4 9 5 2 1 3
276 1 4 5 7 2 6 7 1 7 2
242 2 4 6 4 3 7 2 7 6 1
417 6 5 1 8 7 4 8 6 5 9
366 1 6 6 9 7 7 7 8 9 1
446 9 2 5 8 9 8 8 6 5 6
245 3 4 3 1 2 1 7 8 3 8
197 2 7 4 3 1 3 5 8 1 2
336 2 5 7 9 2 7 5 7 7 4
355 8 4 1 8 2 6 9 1 8 6
305 2 5 8 6 7 1 3 6 8 5
310 6 8 9 5 7 2 1 4 8 5
359 7 9 5 2 9 7 9 3 3 4
15
255 2 5 1 7 5 4 5 6 7 1
313 2 4 4 3 9 9 3 3 8 5
331 9 5 2 4 6 8 3 5 6 4
307 4 2 5 9 2 8 1 4 1 9
370 8 5 5 9 8 6 1 4 7 5
346 8 6 4 9 6 1 5 7 7 4
370 5 1 6 5 8 2 7 5 2 8
380 9 1 5 7 9 8 7 3 4 1
271 9 9 1 8 1 9 1 3 9 2
268 4 5 8 2 1 8 6 3 4 5
310 7 2 8 5 3 1 6 1 3 8
241 5 7 1 8 1 1 6 6 7 1
347 8 4 9 6 1 7 9 2 8 4
311 5 2 2 4 5 6 3 4 9 8
310 1 4 5 9 4 4 5 1 1 8
15
420 6 3 8 8 8 9 7 5 3 4
379 3 7 5 9 6 9 4 1 8 6
291 7 5 9 2 6 1 1 8 6 7
382 2 4 6 5 9 4 7 5 8 8
302 6 7 2 2 8 3 9 3 2 6
331 7 6 5 8 4 6 4 5 1 6
305 8 7 5 1 8 1 2 2 8 7
361 2 6 9 9 8 5 4 2 6 4
327 7 3 6 2 5 5 5 6 8 6
445 4 1 7 9 6 8 7 9 4 9
364 5 5 8 9 7 3 2 8 1 6
235 5 6 6 1 1 5 2 3 8 5
377 6 7 6 5 4 5 7 5 6 9
344 7 3 2 9 2 6 8 7 5 5
321 9 6 8 4 5 7 4 1 6 2
15
205 8 8 2 5 2 4 1 4 6 1
250 2 4 6 7 2 9 3 8 1 1
356 6 8 6 9 6 1 3 4 8 8
173 4 5 5 2 1 1 5 9 1 1
367 3 3 4 7 8 2 8 9 4 5
307 8 1 5 6 2 1 6 2 7 6
407 7 8 3 9 9 9 5 3 9 4
271 1 5 5 5 8 2 1 6 7 2
196 7 8 2 2 1 1 4 2 2 5
359 8 7 4 9 7 6 8 1 2 1
391 5 1 8 9 2 7 4 9 8 7
418 9 4 8 7 8 2 5 7 6 7
294 6 3 1 7 1 5 4 5 5 7
312 9 8 5 3 6 7 5 1 1 6
335 3 4 6 5 8 8 2 6 6 5
15
283 8 9 9 3 3 2 4 1 7 6
261 9 4 6 1 3 5 7 3 3 1
301 2 8 2 9 8 1 9 1 1 3
315 2 4 1 2 7 8 5 9 2 6
260 4 4 3 9 5 1 1 8 4 1
401 1 3 8 7 7 4 5 8 9 8
296 3 3 5 6 6 2 6 5 2 5
300 2 7 2 5 8 5 2 3 8 6
391 8 3 5 3 9 9 6 9 3 5
260 4 4 3 4 4 3 8 7 2 1
357 3 2 8 1 8 5 9 4 5 7
294 1 6 3 4 9 6 2 6 6 5
244 2 3 4 1 1 9 2 5 7 7
345 6 8 9 8 1 4 1 8 7 9
189 5 4 2 4 5 1 1 3 4 2
15
304 2 3 6 5 6 1 7 7 4 6
271 6 5 4 3 2 6 8 2 9 2
301 8 4 1 2 1 9 6 2 5 8
374 7 3 1 7 2 5 9 9 4 8
260 4 9 6 8 1 2 1 5 7 5
334 2 6 7 5 8 5 1 2 9 7
392 5 1 7 7 7 7 9 6 6 3
302 5 1 2 6 3 6 5 5 7 6
325 6 8 7 2 7 6 6 5 7 2
390 8 5 4 8 5 5 7 3 7 8
299 1 7 7 9 4 1 6 7 1 4
342 4 8 8 5 7 1 3 6 4 9
404 6 5 5 7 7 1 9 5 3 9
399 3 7 8 7 9 4 4 4 6 9
305 1 7 7 8 3 3 9 3 2 4
15
338 2 9 5 1 9 8 4 8 8 5
362 3 5 7 5 6 1 9 3 9 7
218 1 8 1 2 3 3 2 2 2 9
326 4 9 1 9 6 4 2 7 4 7
281 1 3 6 3 3 7 3 8 4 8
221 3 5 8 7 1 3 2 4 1 3
389 5 8 4 7 4 6 8 7 5 8
361 2 8 4 9 5 1 8 7 1 9
413 5 1 8 6 9 7 9 4 1 6
324 9 8 3 9 1 6 1 4 9 5
285 8 2 7 3 6 6 3 2 7 3
337 3 6 5 5 9 4 7 3 2 5
447 9 1 2 6 8 8 8 7 7 9
321 7 2 3 5 6 4 2 4 1 9
329 6 3 6 5 8 2 5 6 1 7
15
354 4 2 2 5 6 6 4 8 8 7
357 9 9 7 1 7 2 7 8 8 5
388 1 9 9 8 6 7 7 7 6 3
333 6 5 1 9 9 3 6 6 1 1
280 5 8 4 9 1 1 4 6 8 4
316 9 4 6 1 5 9 7 1 1 6
242 1 3 6 1 1 5 9 3 1 7
324 6 4 3 3 6 6 2 6 5 9
339 2 4 3 1 9 9 8 9 5 2
258 3 5 5 5 2 2 4 9 8 2
287 6 5 3 6 6 7 5 4 5 1
347 8 8 7 1 4 9 6 5 8 6
274 7 7 1 2 2 4 9 7 1 6
306 6 6 9 5 6 1 3 3 6 6
395 6 9 9 6 7 1 5 6 5 9
15
319 5 4 6 5 7 3 2 2 7 8
346 3 5 1 8 6 7 6 1 5 8
379 8 5 4 5 8 5 8 9 4 4
350 9 9 1 4 7 1 5 9 3 8
311 9 1 1 2 1 8 7 4 3 9
269 2 8 4 4 6 2 5 7 2 5
340 9 1 6 5 3 3 4 6 8 9
299 4 3 7 1 4 9 6 5 3 6
264 3 3 5 6 4 8 4 7 2 1
241 6 9 3 4 4 3 5 7 4 1
325 7 2 1 7 8 9 1 3 5 5
268 3 6 8 2 4 5 7 4 2 2
355 9 3 9 3 7 3 8 6 3 5
373 5 6 5 4 6 6 2 9 9 9
297 3 5 1 4 3 5 3 7 8 8
15
341 6 6 6 3 7 9 6 4 2 4
237 1 9 3 9 4 1 1 7 4 2
252 6 2 8 7 1 8 2 2 4 1
379 5 4 1 9 8 5 8 7 7 3
354 7 6 9 3 1 8 7 8 5 6
392 7 6 8 4 5 8 9 8 5 4
276 1 2 8 4 5 7 2 7 9 2
383 2 4 4 6 8 9 8 7 9 3
317 9 3 8 1 4 2 9 1 9 5
302 5 2 6 9 1 9 1 1 4 7
264 1 7 5 1 1 7 8 2 5 8
274 1 4 5 5 8 6 3 4 2 3
295 4 9 3 7 6 8 4 3 3 3
260 5 5 9 5 2 3 2 8 2 3
220 4 4 1 4 1 3 1 1 7 9
15
360 7 1 7 7 7 8 1 3 6 6
286 2 1 9 8 2 8 1 6 7 1
353 5 1 8 9 5 2 1 6 3 9
335 8 9 5 4 7 9 4 1 5 4
354 6 4 9 8 9 1 1 6 9 3
271 4 9 2 5 6 3 5 1 8 2
311 5 3 2 3 7 5 5 8 9 3
273 2 6 4 4 1 7 6 8 9 3
278 2 1 3 4 6 2 6 5 9 3
210 6 6 9 2 2 3 3 1 7 2
245 6 5 1 2 7 4 2 2 9 3
344 9 6 6 7 7 7 3 2 2 5
223 2 4 4 3 1 6 6 4 7 2
293 7 4 3 4 4 8 3 4 4 4
325 6 9 7 1 8 6 5 9 5 3
15
328 2 8 1 3 6 9 8 8 9 3
401 8 4 5 2 9 8 7 9 9 6
365 1 1 7 6 6 3 5 9 6 9
305 7 4 1 4 3 8 4 9 4 7
346 3 2 7 9 9 5 3 2 3 4
258 5 5 2 1 1 3 5 8 8 6
383 5 1 7 9 7 3 9 8 6 2
286 3 1 8 5 3 4 5 8 3 4
370 7 5 9 9 5 2 6 8 7 2
387 3 8 5 9 9 6 3 5 7 6
356 7 1 3 3 5 9 5 3 5 9
409 8 4 7 7 8 5 8 3 8 4
379 3 4 7 6 6 9 9 3 8 2
214 6 6 6 2 1 1 1 1 9 6
409 1 6 8 7 5 5 9 6 7 9
15
355 1 1 2 3 8 4 7 6 8 9
265 3 7 9 1 2 3 5 9 1 5
309 3 9 8 1 8 6 9 1 6 3
317 4 4 4 5 3 5 8 1 2 9
377 8 2 7 5 9 1 6 7 1 7
363 3 3 9 6 5 6 5 5 7 7
350 2 1 7 9 3 2 8 3 8 6
314 8 5 2 6 9 2 1 3 5 7
243 3 6 2 3 4 5 1 9 2 7
337 6 9 2 4 3 6 8 6 4 9
319 6 4 1 8 8 8 2 4 8 1
236 3 8 7 2 2 6 6 4 8 1
251 9 1 1 1 1 4 5 2 6 7
243 7 2 8 1 5 3 4 5 5 1
378 3 4 7 6 7 7 4 5 9 8
15
294 3 5 7 8 6 5 2 1 7 2
251 3 7 6 2 1 5 2 5 2 9
240 5 9 6 1 2 9 4 4 1 2
232 6 2 4 1 6 2 7 5 4 1
221 5 1 2 1 1 1 7 4 1 9
298 9 1 6 4 5 6 7 3 2 2
342 1 9 4 3 8 6 8 1 8 5
294 5 5 5 4 3 7 8 7 1 4
265 2 8 1 2 9 6 3 1 8 4
291 7 8 5 1 3 2 6 4 4 8
268 7 3 7 2 2 5 9 1 4 3
326 1 3 8 9 3 8 7 2 2 5
310 7 9 3 4 2 7 9 9 1 2
363 9 3 4 1 9 4 8 1 5 8
287 8 8 1 7 6 4 4 2 2 2
15
251 4 8 6 3 1 1 5 2 6 8
325 5 7 6 2 6 4 4 2 8 9
231 1 9 5 5 3 2 2 7 9 3
305 5 3 8 2 4 8 8 1 5 4
345 7 3 4 4 9 5 3 4 9 7
365 9 2 5 6 6 9 2 1 7 8
266 9 9 2 3 3 4 5 1 9 2
305 5 6 8 7 3 1 2 4 9 5
353 1 6 9 4 9 8 2 1 9 7
416 5 8 8 6 9 3 8 6 7 6
337 6 2 7 8 8 7 1 5 3 3
305 1 4 7 9 7 2 5 2 6 1
375 4 5 6 6 7 5 8 6 2 6
327 7 6 1 3 4 8 3 9 6 7
226 4 7 1 5 3 2 4 1 7 2
15
361 8 8 5 6 3 8 7 2 2 8
334 2 9 1 9 5 7 1 9 4 9
312 7 8 2 5 3 5 7 4 9 3
419 8 6 3 9 7 9 6 4 4 8
241 9 8 3 5 1 2 1 4 3 5
362 5 3 4 6 5 8 3 9 9 6
286 5 4 1 5 2 5 7 8 4 3
319 7 7 4 3 7 9 1 6 7 4
296 9 3 8 5 1 2 7 8 3 2
341 5 9 2 2 5 9 9 5 1 8
357 1 7 8 4 7 7 7 5 5 7
288 6 2 7 9 3 4 2 9 1 2
280 1 8 4 7 9 1 3 8 3 2
414 4 8 6 3 9 8 9 5 8 7
322 6 1 3 8 6 5 3 7 1 7
15
326 6 2 4 7 5 4 8 6 4 1
365 9 3 2 6 9 5 2 2 7 9
278 6 8 5 2 2 4 9 9 1 3
303 5 4 3 1 6 5 9 4 7 4
232 5 5 4 3 6 1 5 5 4 2
386 7 4 6 5 8 9 6 6 2 6
298 2 6 1 1 8 2 9 8 6 5
400 2 9 6 4 8 6 8 8 8 6
266 5 1 4 3 2 2 4 5 4 8
215 9 1 5 3 1 1 4 8 4 1
293 2 5 9 5 5 2 6 9 7 1
281 6 9 4 5 1 3 7 4 5 6
276 2 6 8 4 6 6 4 4 2 2
366 5 1 1 9 8 7 8 3 2 5
254 7 3 2 9 3 3 1 8 4 1
15
347 6 8 3 9 6 7 6 3 4 2
363 6 9 6 9 5 3 9 4 3 4
236 7 7 8 4 3 1 1 3 1 6
368 6 9 5 4 8 9 9 4 7 2
416 8 4 5 8 9 7 4 5 9 7
325 7 3 5 9 4 7 5 8 3 2
300 3 2 9 8 5 3 2 7 7 3
437 2 7 9 8 7 3 8 8 8 9
330 6 9 9 5 5 5 4 1 5 5
357 2 4 5 5 4 3 8 9 9 9
304 3 1 5 7 3 6 8 5 2 4
375 4 9 6 9 6 5 3 7 9 5
402 2 7 7 5 7 5 8 2 9 9
308 1 6 3 4 2 6 8 4 2 9
333 3 2 8 7 6 8 1 7 6 3
15
373 6 1 9 3 7 5 4 4 9 8
385 9 6 4 8 6 7 8 8 8 1
329 7 3 4 7 9 3 2 5 6 4
259 3 6 3 5 2 6 2 6 2 6
295 9 1 2 8 2 2 6 1 1 6
383 6 1 8 7 9 7 4 2 8 4
286 6 7 4 3 2 4 9 7 9 1
195 1 3 8 5 1 3 1 1 1 5
232 2 4 1 3 3 2 4 6 6 5
324 5 9 3 9 3 5 6 4 7 3
297 2 5 4 9 7 7 2 2 6 1
379 5 7 5 4 7 4 8 5 7 7
293 6 3 2 2 5 9 5 6 3 4
322 8 8 4 9 4 1 7 5 2 5
330 8 6 1 8 5 8 2 1 7 5
15
287 3 6 7 2 3 4 6 6 9 4
294 4 3 5 4 4 2 9 5 7 3
361 4 5 7 6 4 8 1 9 7 9
290 3 5 6 3 1 6 5 3 8 7
304 4 1 4 1 5 2 8 8 4 7
301 8 7 1 1 5 4 5 6 5 9
276 2 7 4 6 1 4 1 9 7 8
276 8 7 9 2 3 5 6 9 3 1
311 9 8 4 6 4 8 4 3 4 3
268 9 6 7 5 3 7 1 5 1 1
346 9 7 3 2 4 7 9 7 7 6
249 4 8 4 2 1 4 5 3 3 7
404 5 5 9 9 9 6 5 4 7 4
367 3 7 6 7 8 9 3 9 7 1
332 1 1 3 7 4 6 9 3 4 7
15
372 8 4 3 7 6 9 2 5 1 9
353 6 4 6 5 9 3 3 3 6 7
335 3 4 3 6 2 9 5 9 6 6
216 8 5 4 3 2 5 5 3 1 2
285 8 3 2 3 6 7 3 4 5 5
309 2 9 2 8 1 6 6 9 6 4
277 4 4 7 6 2 2 3 4 6 5
363 7 2 9 6 4 2 6 4 8 8
370 9 8 8 8 8 1 7 9 4 1
322 6 2 8 5 2 3 7 2 3 9
298 1 3 5 9 5 7 6 1 8 1
313 6 7 2 7 2 9 4 5 8 3
256 3 5 3 4 2 3 8 9 2 4
344 8 8 6 7 5 7 3 7 2 5
342 3 2 9 8 7 4 1 1 8 8
15
307 7 5 4 3 8 1 1 9 3 9
403 8 7 2 9 9 4 3 5 6 9
329 1 2 7 6 6 2 5 3 9 6
272 1 5 4 2 2 6 5 6 5 8
282 2 5 2 5 8 9 3 3 1 5
295 2 5 5 5 5 8 5 5 3 2
275 6 7 1 6 8 3 3 3 4 4
374 3 5 8 8 8 8 3 4 9 2
283 5 8 4 3 2 8 6 4 3 6
181 2 1 6 1 2 7 1 1 3 3
384 4 1 9 5 7 5 8 9 2 6
368 2 7 2 5 6 6 8 6 6 9
359 8 3 8 4 4 7 9 7 6 2
289 2 7 8 5 4 4 5 1 6 5
362 2 7 6 2 8 7 4 7 9 9
15
450 8 7 7 5 9 7 8 8 8 6
344 2 8 9 6 5 9 9 3 2 3
244 1 7 5 2 2 4 7 5 2 4
269 8 6 5 5 1 1 3 7 3 7
379 4 1 7 9 7 6 7 8 6 3
414 7 6 9 7 9 9 5 3 9 4
259 4 1 7 1 9 3 6 1 7 1
334 7 9 2 8 1 6 7 4 2 8
347 9 2 6 2 3 4 9 4 7 8
318 1 8 2 6 7 7 8 1 8 2
319 7 1 2 8 9 4 3 1 4 3
414 9 9 5 6 6 5 9 5 9 7
285 1 6 3 4 6 7 6 6 3 2
352 6 9 9 5 4 7 6 6 1 6
316 1 9 2 6 6 9 5 5 1 5
15
367 3 4 2 8 7 9 3 8 3 8
388 1 8 7 6 9 9 9 4 7 1
380 4 6 8 8 6 7 1 6 4 9
228 5 5 3 6 1 6 1 3 2 4
300 4 5 8 2 9 2 6 4 3 3
269 1 4 3 2 1 5 8 4 8 6
398 9 2 7 8 9 1 7 4 5 7
318 6 9 2 3 1 5 9 1 7 9
421 9 3 3 9 8 7 3 3 7 8
316 5 8 8 6 3 6 6 3 3 5
307 7 5 1 5 3 5 2 6 9 9
275 2 9 9 2 7 6 2 6 5 3
324 2 6 8 4 2 9 5 7 6 6
444 9 2 4 6 6 9 9 7 9 8
384 5 4 9 7 7 1 1 6 9 9
15
367 1 1 5 3 6 8 8 4 9 9
312 6 8 5 7 2 6 3 8 5 5
309 2 7 7 6 2 3 5 7 4 9
386 3 9 6 7 3 9 6 8 7 7
355 4 1 7 3 5 9 6 3 5 8
285 5 4 4 2 4 7 2 6 7 7
369 5 1 6 9 9 3 6 4 6 2
424 7 1 9 4 7 8 8 4 9 8
376 4 3 3 9 4 9 6 3 5 8
294 3 2 8 2 6 8 5 5 5 1
332 9 4 5 3 7 6 4 7 6 5
317 7 7 2 2 7 5 6 8 8 4
339 4 1 7 8 8 2 7 9 6 1
294 5 8 4 5 9 2 7 1 8 1
300 7 3 7 7 3 2 5 8 6 3
15
355 8 7 5 6 9 1 1 9 1 9
337 8 7 5 8 3 3 4 3 8 7
410 7 9 8 5 8 4 4 5 9 9
330 5 6 3 4 7 3 4 6 5 7
356 4 3 9 7 4 9 7 2 6 4
396 4 9 5 9 1 6 8 6 9 9
297 6 8 2 4 2 2 4 6 9 7
248 1 8 4 2 4 5 2 2 2 9
355 4 4 3 7 8 5 8 1 4 5
343 4 8 2 6 3 6 7 6 7 8
257 1 8 6 3 1 9 1 9 6 6
257 6 8 4 3 6 5 1 3 1 5
329 2 7 6 9 9 5 7 3 2 1
425 2 9 6 8 6 7 9 4 9 9
251 1 9 5 5 4 6 1 2 4 4
15
307 1 1 1 1 8 9 8 7 6 2
306 6 7 4 4 6 5 9 3 3 2
337 6 6 8 7 3 1 7 3 9 6
351 4 9 6 3 6 5 6 6 7 6
297 7 5 1 5 5 8 1 9 1 7
315 2 7 8 9 5 3 5 1 6 5
331 5 4 7 5 4 6 2 5 6 7
255 9 1 4 6 5 1 1 3 1 5
335 1 5 1 9 4 5 2 9 9 8
213 2 4 4 3 1 4 4 4 9 1
307 8 8 9 5 4 5 4 5 6 2
298 7 9 4 3 2 6 4 3 3 8
302 1 8 5 8 6 2 3 5 2 8
197 2 7 3 4 2 7 1 6 2 2
349 2 2 3 8 8 3 9 6 2 4
15
329 8 2 6 6 5 3 6 1 2 8
358 5 4 6 3 6 5 8 2 5 8
287 9 4 4 4 3 9 4 3 6 2
195 1 3 9 5 2 3 1 2 6 2
338 1 4 6 7 8 8 9 1 3 1
283 6 6 3 3 9 9 1 4 2 4
428 9 6 6 9 2 9 6 6 8 9
275 3 9 4 6 4 1 2 1 8 6
373 9 1 6 3 7 9 8 8 2 3
319 7 6 5 5 6 6 3 5 2 6
199 7 2 1 6 1 4 3 2 2 2
272 7 3 2 2 8 1 9 1 8 1
308 2 9 5 6 1 8 1 7 5 8
300 5 7 2 9 6 4 3 1 2 6
328 4 4 7 3 3 9 4 9 2 8
15
276 8 3 7 1 2 3 4 3 7 7
299 9 1 2 8 2 5 5 6 3 2
254 2 5 7 5 3 7 5 4 1 1
284 4 2 1 3 6 9 8 4 2 2
309 4 4 2 4 9 1 3 9 7 7
331 3 3 3 9 2 8 5 1 6 7
355 8 6 2 7 4 9 2 8 8 5
387 8 5 3 5 9 5 4 7 6 7
307 1 5 7 4 9 7 1 7 1 4
314 4 2 7 1 7 6 3 6 7 8
306 5 4 6 6 6 9 1 1 7 3
329 7 1 3 9 3 6 1 1 5 9
291 6 6 9 3 3 9 1 3 8 3
343 1 3 8 9 7 2 7 8 9 1
303 4 3 2 5 4 6 5 6 4 7
15
371 4 6 3 8 9 2 7 8 8 3
246 8 2 2 2 1 5 1 9 7 4
325 1 5 2 8 8 6 5 2 1 5
337 5 5 4 6 8 8 8 2 1 1
323 7 9 5 5 3 6 4 3 3 7
268 8 3 3 2 7 1 4 5 4 3
346 2 7 1 8 8 4 7 1 9 4
465 9 9 1 9 7 9 6 7 9 8
361 7 7 1 7 7 3 7 2 2 8
341 7 8 5 8 1 5 7 3 8 4
269 6 1 5 9 5 4 1 3 2 1
334 6 4 1 5 2 9 7 1 6 9
292 7 8 6 7 4 2 3 7 2 3
339 8 7 9 8 5 6 2 2 6 4
368 3 3 6 6 7 7 9 7 5 3
15
313 1 4 4 1 7 6 4 9 8 7
315 3 3 4 8 6 7 3 1 7 4
412 7 6 2 9 3 6 7 8 9 8
355 2 7 7 7 8 9 2 7 6 5
333 6 9 4 7 6 6 4 6 7 2
386 9 8 4 4 6 2 9 5 6 8
316 5 1 4 6 4 7 8 3 3 3
349 6 9 7 3 2 5 7 9 6 8
313 5 4 2 5 3 9 3 8 3 7
275 4 6 3 9 1 3 5 1 7 4
350 9 9 8 9 1 7 7 4 3 3
249 4 9 3 7 4 4 2 5 2 1
331 8 3 8 4 9 1 3 8 1 6
326 4 1 9 6 8 4 5 5 3 2
250 6 6 3 5 3 2 5 4 3 5
15
325 5 4 7 5 6 8 4 6 5 2
251 3 2 3 2 8 5 2 8 8 1
290 4 5 8 1 7 1 1 7 6 9
391 7 1 9 4 2 8 8 6 9 7
347 4 3 7 7 3 2 6 9 7 6
289 8 7 2 5 2 1 5 2 7 9
314 6 2 1 3 7 5 3 8 2 8
284 3 8 5 6 2 6 8 2 5 2
331 3 4 1 8 7 8 9 2 8 1
270 6 7 1 4 1 7 1 6 4 9
393 6 4 9 5 8 8 6 2 5 8
402 2 6 8 9 9 5 5 4 9 4
329 6 2 2 9 6 1 8 1 7 4
336 5 6 1 9 1 3 7 5 6 7
337 4 3 1 3 6 3 9 3 5 9
15
220 6 5 6 2 2 4 1 8 5 2
271 5 9 7 6 4 1 6 8 1 1
376 9 9 9 5 6 1 8 9 8 3
324 1 7 6 1 6 9 3 4 7 8
240 3 2 4 5 6 1 5 7 2 2
273 1 1 3 1 6 5 9 8 4 4
292 9 6 5 2 1 9 1 6 8 6
226 2 1 6 4 8 1 1 2 2 2
438 9 8 8 9 9 5 9 3 6 4
358 9 8 9 5 3 3 9 9 2 5
294 8 7 5 4 2 6 4 8 9 2
342 5 9 3 7 6 9 7 3 7 2
327 6 2 1 7 4 1 9 8 5 4
329 8 6 8 1 8 1 5 1 6 9
301 2 9 2 8 1 7 4 2 3 9
15
292 3 9 9 8 3 4 4 4 4 3
321 3 1 4 6 4 9 3 3 4 7
255 2 1 5 5 4 3 5 8 4 3
331 4 8 3 5 7 7 1 4 2 9
403 5 3 4 8 7 7 9 8 7 2
341 7 4 9 6 9 4 2 4 1 4
386 6 9 2 9 8 2 5 6 9 7
298 1 1 2 6 1 3 5 9 7 9
249 7 8 3 1 6 1 5 6 3 5
378 9 3 9 5 7 1 8 9 6 5
310 1 5 1 3 9 3 7 8 7 3
296 4 7 2 7 2 1 8 6 4 6
321 2 9 4 8 7 1 9 1 1 5
385 7 9 8 2 9 6 5 8 4 6
353 7 4 2 6 1 8 8 8 8 4
15
275 3 6 2 5 7 6 2 6 8 2
284 3 2 8 5 2 3 6 1 6 5
387 9 8 9 8 8 4 4 9 2 3
340 6 3 3 2 8 9 7 8 9 2
326 3 4 7 3 9 3 6 9 7 2
213 6 9 3 2 9 3 1 5 1 1
416 9 4 1 7 9 3 9 5 2 8
402 9 3 7 3 6 3 9 8 5 9
317 8 9 6 1 8 1 4 5 1 9
381 7 7 1 6 8 6 9 6 3 5
271 5 1 5 3 1 9 5 3 8 2
328 8 8 3 9 1 4 6 3 8 5
320 7 7 2 9 2 1 3 5 8 9
332 3 5 2 5 2 8 7 2 5 9
272 5 5 8 3 4 5 3 7 5 1
15
340 8 3 6 3 9 5 9 1 7 2
324 9 9 1 6 9 2 5 7 5 1
277 2 5 8 4 7 5 2 4 5 2
149 3 5 1 1 2 1 5 3 1 2
282 4 4 7 6 3 5 5 1 8 2
337 9 9 6 7 7 6 5 7 3 1
243 9 8 3 1 2 4 7 5 1 4
332 5 9 5 4 4 7 4 5 2 8
318 8 9 3 1 8 2 3 7 7 8
232 8 4 5 3 3 5 2 3 6 1
325 3 4 1 3 2 9 5 7 7 9
343 7 9 4 8 6 7 5 5 6 1
359 9 4 8 3 2 6 9 8 8 5
282 6 5 4 5 1 3 3 6 6 7
360 5 3 2 8 9 4 7 3 5 6
15
304 2 5 1 8 5 6 6 1 1 8
301 4 5 4 8 8 6 3 2 3 1
389 7 7 8 9 4 4 4 4 9 8
366 9 7 4 7 1 4 9 6 7 8
256 3 3 1 1 3 1 8 4 4 8
311 4 8 6 4 5 6 2 3 5 8
238 3 4 6 5 3 2 4 2 1 6
321 5 9 8 7 1 3 8 7 2 6
242 9 4 2 2 1 3 4 5 2 7
228 2 1 2 2 2 9 6 5 3 4
319 1 3 5 7 9 5 4 6 6 1
355 2 4 2 5 8 1 6 8 6 9
299 5 9 1 7 4 9 7 3 5 1
338 8 6 9 3 2 6 1 8 8 9
341 8 6 4 9 2 4 7 3 3 7
15
284 3 3 4 9 2 9 1 4 8 1
377 7 6 3 9 8 9 6 3 6 3
329 7 2 9 4 1 8 5 2 7 6
344 7 6 8 7 4 3 7 3 6 3
418 7 2 7 6 8 9 9 9 7 1
428 5 8 8 9 7 9 5 2 4 9
306 6 1 6 2 5 6 8 2 4 5
252 1 6 6 2 3 1 2 8 3 8
335 2 8 7 8 4 6 6 2 9 4
284 4 3 8 1 1 8 1 8 7 9
316 6 6 9 1 7 1 6 4 7 5
330 5 4 2 1 9 8 4 8 8 6
375 4 8 6 8 8 8 4 2 6 4
331 8 9 2 5 9 6 4 2 3 4
299 9 1 9 1 1 9 8 2 8 1
15
435 8 6 4 8 5 6 8 8 7 8
377 8 3 7 6 9 4 2 5 6 6
339 6 7 2 6 2 9 3 4 8 9
367 2 1 5 8 5 7 8 7 3 6
345 6 3 8 3 3 5 8 1 8 8
423 8 4 8 5 8 9 3 9 4 9
302 1 1 8 1 6 1 7 3 9 8
228 2 6 1 5 3 9 1 2 4 4
377 5 2 1 8 8 2 8 4 5 8
422 5 7 7 9 7 2 7 8 3 8
229 7 1 5 1 2 9 2 7 4 1
350 1 1 7 6 5 3 5 3 8 9
364 2 6 7 8 9 7 7 2 6 2
239 2 2 1 7 1 4 4 8 3 5
305 8 6 2 4 3 2 8 7 3 6
15
205 1 1 1 2 5 1 8 1 3 4
378 5 9 2 6 6 4 7 8 3 9
300 7 3 6 5 9 3 4 1 6 2
313 6 2 6 3 4 3 7 5 4 8
366 1 2 6 2 9 8 9 5 7 6
349 8 7 6 4 2 9 6 9 3 7
400 6 5 4 7 8 7 3 6 5 9
356 8 8 2 9 2 8 6 2 4 8
205 4 1 4 1 2 8 3 4 4 1
216 2 6 1 5 4 5 1 2 5 5
210 8 9 4 1 3 7 2 3 4 1
228 9 9 1 2 5 5 2 2 2 2
305 7 3 9 4 3 4 5 9 4 4
301 8 6 6 7 2 4 2 8 1 6
322 6 5 9 3 3 2 6 2 7 9
15
369 8 9 5 8 8 3 1 6 6 6
266 2 8 2 8 5 8 2 1 4 3
314 5 2 6 5 6 2 3 6 2 9
359 7 3 5 9 3 6 5 6 6 6
246 1 3 1 6 8 2 2 2 8 3
253 3 6 5 4 5 1 2 3 1 8
310 1 7 4 5 8 1 7 2 4 7
289 8 8 5 3 3 2 5 8 8 3
298 5 8 3 1 8 2 8 1 5 5
313 9 2 6 3 8 4 4 3 4 4
245 1 7 4 7 3 2 1 9 3 5
323 4 4 4 9 9 6 3 5 3 1
328 7 2 5 7 8 4 3 7 3 4
273 7 1 1 1 4 2 4 5 8 7
242 4 1 8 3 5 1 6 8 1 1
15
301 9 3 8 2 2 4 6 4 7 4
223 4 1 5 3 4 3 4 1 2 3
310 7 5 5 5 3 9 1 5 5 5
328 6 8 7 4 5 6 8 1 5 3
292 5 9 8 7 2 5 4 1 5 4
342 5 7 8 7 2 1 6 5 8 7
386 4 5 3 8 5 7 6 3 7 9
403 5 4 5 8 9 1 8 7 4 9
270 1 2 9 2 7 4 2 8 2 5
324 3 9 7 2 1 8 9 4 2 9
220 8 7 3 2 1 2 3 4 2 7
262 5 2 1 1 3 9 7 1 4 4
250 5 8 1 4 1 2 8 2 1 7
324 5 3 3 2 9 9 6 7 4 3
314 2 4 7 1 5 4 5 8 7 8
15
305 4 4 6 4 7 4 6 6 1 4
359 9 9 4 8 5 2 3 3 5 9
294 9 3 5 1 7 5 5 4 1 5
290 1 9 3 5 9 6 1 8 1 5
363 3 4 6 3 5 7 8 9 8 7
358 8 7 4 8 3 9 6 9 2 2
311 2 5 5 2 8 5 7 5 8 4
361 5 6 4 6 6 4 5 6 7 8
234 4 8 7 4 2 5 2 4 3 4
423 9 2 7 4 8 4 8 2 8 9
424 6 7 8 7 9 6 5 5 5 8
300 3 8 6 9 7 1 1 4 9 1
248 3 3 3 5 1 9 2 9 6 2
285 4 3 6 1 9 1 3 2 9 6
292 5 3 6 6 1 9 8 1 8 1
15
316 6 1 1 6 4 7 4 2 3 8
309 3 7 8 7 4 3 6 2 3 5
450 8 2 7 6 9 5 9 9 8 5
304 6 4 4 8 4 1 9 6 1 1
332 4 2 3 3 9 6 4 1 8 8
320 3 6 6 2 6 7 6 4 9 6
325 1 9 7 2 6 3 6 4 9 8
342 2 6 3 9 4 1 7 4 4 9
288 6 5 1 5 9 4 5 9 3 1
258 6 9 2 2 1 8 7 3 2 4
330 8 9 5 4 1 9 4 7 3 8
414 8 7 9 9 5 9 4 6 4 7
327 9 4 6 8 2 3 4 5 9 3
338 2 3 8 6 6 3 9 2 4 6
341 1 2 8 7 6 7 8 4 2 2
15
330 2 9 3 8 2 8 7 6 7 5
343 9 1 1 6 4 6 5 8 3 7
237 1 9 2 4 2 3 4 7 8 5
351 8 1 3 8 6 8 2 4 4 7
328 7 7 2 4 6 7 5 9 7 2
367 9 3 9 6 7 4 2 3 9 5
291 7 6 3 4 9 7 1 5 3 1
369 2 7 6 7 2 6 5 8 6 9
228 1 4 3 2 9 7 2 1 3 2
341 4 5 7 6 9 2 1 7 9 4
401 1 8 8 7 4 9 9 1 3 9
349 1 7 5 9 8 1 7 8 8 3
376 8 5 5 7 8 7 1 9 3 8
312 5 4 6 5 4 6 1 7 4 8
256 7 3 6 4 2 2 2 9 6 5
15
268 5 1 8 5 3 5 2 1 8 5
295 5 8 1 5 3 6 4 5 8 6
301 9 8 9 4 4 2 1 7 6 5
345 9 7 5 9 3 5 5 1 2 6
408 3 9 6 8 2 7 8 7 9 9
341 1 4 3 8 5 9 3 5 3 8
377 5 1 3 9 6 9 8 5 2 4
336 2 1 6 1 6 8 9 9 3 5
360 1 9 8 8 6 5 1 6 7 8
286 2 2 2 5 7 3 5 9 1 5
357 2 5 9 7 8 8 5 9 6 1
314 5 3 3 4 6 4 5 7 6 4
368 8 3 6 1 7 6 7 2 7 9
249 6 6 5 9 4 3 1 3 3 2
261 7 3 7 8 3 3 1 9 2 2
15
304 5 5 9 8 3 3 8 3 1 2
315 9 2 3 5 7 5 2 8 6 3
314 7 5 3 2 3 8 5 1 7 9
289 6 8 1 2 1 8 7 3 3 7
254 4 4 6 2 1 7 5 5 6 5
311 3 9 6 2 6 3 9 9 3 2
262 4 9 7 8 1 4 2 7 4 3
408 5 7 8 6 9 5 8 9 5 5
298 2 1 7 3 5 9 6 5 2 5
263 1 6 5 8 6 4 2 1 2 5
291 3 8 2 9 9 1 1 5 3 5
389 7 8 4 6 8 4 6 9 1 8
253 2 6 4 5 1 7 9 6 1 2
301 5 6 3 6 6 2 5 5 9 3
296 4 4 8 8 3 8 4 2 3 3
15
371 7 1 9 5 6 1 6 8 7 7
339 2 2 5 7 5 2 6 2 6 9
292 8 8 1 1 6 3 6 3 4 7
233 4 8 2 3 6 8 1 2 7 1
294 4 4 8 2 1 8 9 1 6 5
289 8 9 7 5 1 6 6 8 4 1
270 9 6 9 5 4 3 1 1 1 4
222 7 4 6 1 3 1 8 1 5 2
264 7 8 1 2 4 3 1 9 7 5
251 5 6 1 2 4 9 4 4 2 4
266 5 5 5 2 8 3 1 2 1 9
352 9 5 2 6 9 6 5 8 3 4
425 9 6 4 9 9 9 4 3 8 5
390 9 2 4 9 3 7 7 1 8 7
364 9 4 9 6 9 1 2 3 8 5
15
414 6 6 6 8 6 7 5 8 4 8
399 5 6 9 7 7 9 2 2 9 9
433 6 3 2 8 9 5 8 9 8 6
234 6 2 1 1 1 7 3 6 4 8
246 5 8 6 2 2 4 4 3 4 5
357 8 7 6 9 7 5 4 3 4 4
285 1 8 1 3 4 5 8 5 7 4
203 5 3 1 1 1 1 4 1 3 9
279 3 4 1 3 9 4 6 7 1 2
300 8 3 8 5 1 8 4 9 6 1
403 8 5 1 8 9 3 7 5 6 7
256 2 5 8 2 2 4 3 6 7 4
375 7 2 2 8 9 8 6 2 8 2
350 7 8 4 8 8 3 5 6 4 4
375 5 8 5 8 5 6 4 7 9 5
15
447 5 9 6 9 9 9 7 6 8 3
298 5 5 5 2 7 5 1 5 1 9
235 1 7 3 3 4 8 6 4 5 1
328 7 1 6 3 5 8 6 8 7 2
313 5 7 4 1 7 3 6 9 3 8
198 4 5 1 4 5 4 2 3 3 1
321 8 6 5 5 5 3 9 1 3 5
287 7 9 5 1 5 8 6 6 2 1
326 2 9 8 6 2 8 4 4 9 5
329 9 5 8 2 8 2 2 6 5 7
326 2 6 8 8 3 4 1 8 6 7
369 3 9 4 8 8 5 2 6 8 7
458 6 1 8 6 9 7 7 9 6 9
322 7 3 2 4 7 7 5 4 2 5
398 3 3 4 9 5 7 8 6 3 9
15
265 4 3 6 4 2 4 1 6 9 6
386 7 7 3 4 9 9 4 2 9 8
225 1 5 4 4 1 4 7 5 5 2
306 7 7 6 5 3 3 4 6 1 7
327 6 6 8 3 8 1 6 7 8 4
338 8 5 3 5 8 6 6 1 9 1
205 6 9 3 1 3 4 8 1 2 1
310 3 9 5 3 4 7 7 7 1 5
311 9 5 8 1 3 7 7 6 1 5
298 5 3 2 6 8 7 1 7 1 5
336 9 9 1 6 5 8 2 4 1 8
348 3 2 3 8 5 4 7 9 8 3
349 4 3 7 4 5 6 8 6 9 4
290 7 9 8 3 6 4 7 4 4 1
228 5 6 3 1 2 5 1 8 1 7
15
261 8 4 3 2 3 3 8 1 5 4
330 4 2 2 9 9 7 2 9 4 1
258 2 2 1 3 8 2 1 4 7 6
321 5 6 8 6 5 2 5 1 8 5
285 2 7 2 2 2 8 9 7 2 5
410 2 5 5 9 9 6 8 9 1 6
211 1 2 8 1 1 1 6 8 6 1
311 9 3 8 3 4 3 1 7 4 8
320 5 3 2 6 6 4 1 9 8 5
259 3 8 7 7 3 2 3 3 6 3
257 5 4 1 4 3 3 6 8 7 2
381 6 3 6 6 6 6 9 3 3 7
214 2 1 3 1 7 4 2 6 5 3
242 8 1 4 4 1 2 6 4 3 3
284 5 4 1 3 7 4 3 4 6 5
15
365 3 3 8 9 2 4 8 6 6 5
379 7 8 5 8 6 7 2 7 8 6
242 8 5 7 2 4 3 3 2 3 4
180 4 8 1 4 1 2 3 3 5 3
261 3 4 9 2 6 3 5 9 4 1
451 9 2 9 7 9 3 9 1 5 8
258 3 6 2 3 1 5 9 5 6 3
333 6 4 3 6 5 2 7 8 5 6
245 2 7 7 6 4 3 1 6 2 3
274 8 1 9 5 1 5 1 6 7 4
262 2 2 4 7 4 2 6 3 9 1
287 9 6 1 2 8 4 6 3 5 1
235 8 3 3 7 3 5 2 2 3 1
342 2 7 4 1 8 2 9 7 4 8
250 2 3 8 1 3 4 7 6 5 4
15
366 9 9 8 8 4 3 2 1 7 8
241 3 2 7 8 3 2 1 3 2 5
301 7 2 7 2 5 3 1 9 1 8
284 2 7 8 1 4 6 7 1 7 6
298 6 6 4 3 6 9 4 1 8 2
328 7 7 4 3 4 3 6 3 6 8
316 8 6 7 8 1 4 3 8 1 6
308 4 4 6 4 5 4 6 9 6 4
345 4 8 2 9 6 3 7 2 4 8
337 9 3 1 4 4 5 8 4 3 8
319 5 8 4 5 9 7 3 3 6 2
254 8 6 3 8 3 1 7 1 4 1
330 2 8 8 2 6 9 8 1 6 4
333 2 6 1 8 3 8 2 6 9 7
329 5 1 9 3 7 3 2 3 4 9
15
373 9 1 7 6 5 9 5 4 9 5
400 8 9 2 7 6 9 8 4 1 9
336 5 6 2 5 7 5 7 1 6 8
394 8 5 7 8 9 3 9 3 5 3
345 4 4 4 9 5 1 4 9 8 5
286 3 5 5 4 6 7 3 5 8 1
345 2 7 9 5 6 8 1 9 2 9
323 6 9 9 4 3 3 7 3 4 6
369 2 5 6 4 5 6 9 5 2 9
323 2 8 5 9 5 2 5 6 6 5
377 8 7 5 3 7 4 7 4 5 9
331 4 2 5 7 1 1 6 8 4 9
290 4 1 1 6 7 1 3 8 5 7
239 1 6 1 4 6 6 1 2 2 8
317 7 8 4 7 4 4 9 1 9 1
15
263 5 1 5 8 3 4 1 1 8 3
310 1 1 9 4 8 3 6 2 5 4
444 7 1 7 6 5 9 8 4 9 9
289 1 1 5 8 5 3 7 4 1 2
327 8 4 2 2 5 5 6 9 7 6
340 9 5 2 8 8 6 5 5 1 2
288 2 7 3 4 6 5 3 8 2 5
313 9 3 6 9 1 4 3 8 7 4
414 8 5 8 4 9 7 3 5 5 9
309 9 4 5 2 8 8 1 8 8 1
293 6 7 8 5 5 2 2 3 3 8
284 6 1 5 1 6 9 3 6 6 2
252 3 8 8 8 1 3 2 4 8 1
338 5 2 3 4 9 2 7 8 8 2
349 3 6 5 5 7 5 8 6 2 6
15
346 8 6 5 5 2 5 8 8 8 4
413 9 3 2 9 7 9 6 4 6 6
342 7 1 2 4 7 5 6 8 6 4
336 8 5 6 9 3 2 5 2 7 4
321 5 3 8 8 6 1 6 4 5 4
205 1 5 2 2 4 1 8 6 1 3
271 3 2 4 3 7 1 8 2 1 4
268 3 3 6 5 2 7 6 7 4 2
351 6 4 6 6 4 1 8 9 6 7
380 5 5 9 6 9 2 8 2 7 5
328 6 3 5 6 4 2 9 1 4 7
257 2 5 1 9 1 3 7 1 7 2
225 5 1 6 1 3 1 8 3 3 3
338 8 3 4 2 3 9 8 1 5 8
343 3 7 9 2 6 9 5 4 1 8
15
381 9 8 2 9 6 9 6 3 5 4
233 1 5 8 4 3 3 3 2 4 3
428 9 3 2 5 8 9 6 7 8 8
262 1 8 3 4 1 1 8 3 5 7
240 7 3 4 2 2 2 7 2 2 6
287 3 6 2 9 4 4 1 6 4 6
412 8 9 9 6 3 9 4 7 7 8
218 5 2 1 8 3 2 1 7 5 1
333 7 5 6 5 3 9 5 2 6 4
436 7 2 7 9 5 8 7 2 9 9
375 8 9 8 8 2 4 7 6 8 5
309 9 5 8 6 1 4 9 6 2 2
314 6 5 5 9 6 6 1 2 5 3
293 9 3 5 5 6 5 3 1 8 2
218 4 1 1 2 6 4 2 7 4 1
15
275 4 9 3 5 4 2 6 7 4 2
180 6 6 1 1 3 4 3 4 1 2
309 2 4 5 8 3 3 2 8 8 6
358 5 1 5 5 8 7 9 9 1 1
267 5 3 4 2 3 9 7 9 4 1
262 1 7 5 1 9 6 2 2 8 3
237 2 1 5 1 7 2 5 2 7 3
318 1 7 9 6 3 3 8 3 6 5
307 8 6 4 4 1 3 7 6 4 6
180 3 3 2 1 1 1 7 1 7 3
347 1 2 9 6 7 9 8 2 1 3
395 3 4 6 9 4 7 9 7 9 3
320 4 3 4 7 4 4 9 8 8 1
309 1 9 5 4 4 9 8 9 3 2
303 1 1 9 5 3 5 3 7 6 5
15
302 7 2 5 2 2 8 2 8 5 8
307 5 3 7 2 6 6 7 2 4 4
269 2 4 2 3 7 6 3 5 8 3
364 1 6 7 1 8 9 7 5 7 7
289 6 4 9 3 4 5 7 2 4 2
328 7 4 7 4 6 5 6 8 7 1
325 2 6 5 5 7 4 4 3 9 6
293 5 8 6 4 1 5 4 3 6 9
293 6 8 7 3 3 3 9 1 7 4
381 6 1 9 8 2 8 3 9 2 8
342 5 7 6 4 1 9 9 2 9 6
344 4 1 4 1 9 6 7 3 5 7
220 5 1 3 2 5 9 1 3 6 1
334 5 5 5 1 6 8 8 1 9 5
294 3 6 1 2 2 8 6 7 6 7
15
205 4 1 4 3 5 3 1 7 2 3
254 5 2 8 1 1 9 2 7 9 1
297 1 6 9 2 6 1 6 7 4 6
362 4 9 6 7 6 8 6 2 6 5
266 9 2 2 8 3 3 1 2 8 4
366 4 8 1 5 9 9 2 8 9 5
343 8 3 6 5 8 8 2 5 1 6
352 1 7 6 8 5 8 3 5 8 7
301 3 9 3 3 2 9 8 4 7 4
267 4 1 7 2 3 5 5 3 1 6
387 2 1 7 9 9 3 3 8 8 6
279 2 6 3 3 6 1 5 8 5 7
292 9 2 9 4 3 1 5 6 1 6
306 2 6 5 7 3 1 4 5 9 8
392 9 3 6 5 5 9 5 8 8 6
15
297 6 4 6 9 6 1 1 2 1 5
251 1 9 3 5 6 2 1 5 4 6
267 5 3 2 4 3 7 3 7 4 5
347 5 7 2 7 7 4 8 5 8 4
346 7 4 5 3 3 4 6 6 9 8
401 5 4 2 5 9 6 5 7 8 8
336 6 9 4 7 4 5 5 3 7 6
308 4 7 8 2 4 2 9 9 5 5
392 9 5 9 4 1 8 8 6 9 6
289 2 6 7 3 8 8 5 1 7 2
375 3 4 8 1 8 9 8 2 6 9
212 4 7 2 2 2 9 1 6 3 2
304 1 7 6 1 2 9 8 9 1 7
287 3 8 3 1 7 5 1 8 6 6
242 6 7 4 2 6 2 5 1 7 3
15
287 6 4 4 4 1 7 8 9 1 3
380 8 1 6 5 8 4 6 9 2 7
361 8 8 6 3 5 9 6 5 1 7
280 1 5 6 4 6 3 4 3 8 3
221 2 8 1 3 4 7 5 5 1 1
325 3 5 5 9 5 9 4 7 2 1
427 7 9 6 7 9 8 7 5 4 6
335 7 8 3 9 3 3 9 7 1 4
408 3 9 9 7 9 4 8 5 1 6
305 1 8 6 5 7 6 2 8 9 3
248 3 5 4 2 6 2 4 6 9 3
290 8 6 5 5 8 3 1 2 6 4
337 5 6 9 2 4 8 6 4 2 9
429 9 2 9 6 8 7 6 2 7 9
270 3 4 1 7 4 9 2 2 8 3
15
353 6 4 9 8 3 9 8 4 1 1
297 9 8 5 1 9 2 3 3 5 5
307 8 2 4 7 7 4 7 1 1 2
406 3 1 6 7 5 5 8 8 6 9
334 1 3 8 8 4 6 1 9 9 6
327 1 1 9 9 8 3 2 6 8 1
374 5 6 6 8 5 8 8 2 3 4
242 2 2 5 5 3 4 5 7 1 3
236 6 1 9 2 3 4 2 5 8 2
285 1 3 9 7 5 1 4 4 8 4
353 2 2 4 5 8 8 1 4 8 8
276 1 6 5 2 4 8 2 4 4 8
368 9 1 2 4 9 6 3 7 4 9
390 5 1 1 9 2 7 9 9 2 9
221 4 9 2 2 9 2 2 6 3 2
15
466 9 9 7 7 7 9 7 4 9 7
280 5 4 4 8 9 2 4 2 1 1
265 1 2 5 6 1 5 7 1 2 5
356 6 7 4 7 7 9 1 2 7 8
285 6 9 7 1 4 3 6 9 6 4
410 6 2 3 6 8 9 6 7 4 8
308 7 1 9 7 9 3 1 4 5 2
413 9 7 8 5 8 1 7 9 2 9
297 9 4 5 5 2 8 5 3 2 5
382 8 6 6 8 2 7 6 3 7 9
341 9 4 3 5 2 7 9 9 3 3
311 8 2 2 1 2 3 9 7 7 9
377 8 6 4 5 5 5 9 9 6 5
419 8 3 2 8 4 7 9 8 5 9
300 1 5 3 6 4 3 6 6 5 7
15
386 2 4 2 5 9 6 8 3 8 7
317 2 7 7 5 4 5 5 7 5 5
312 7 7 4 6 2 3 6 9 9 2
380 2 7 6 6 9 8 6 1 9 5
378 3 4 8 6 7 4 9 8 8 3
337 1 3 9 1 2 9 9 9 5 7
371 7 2 9 3 4 7 9 1 6 8
307 1 9 9 6 2 5 8 1 7 4
333 7 6 8 1 4 6 7 9 9 4
298 7 5 1 1 9 4 1 6 6 6
243 1 7 4 3 5 7 2 7 5 1
340 3 9 8 1 7 9 2 9 3 8
356 4 9 9 9 8 1 1 5 6 7
192 1 8 1 5 2 1 4 4 6 1
349 7 8 5 1 8 2 9 6 9 5
15
349 2 8 6 3 8 5 5 5 7 7
343 6 2 8 5 6 8 7 1 2 4
336 9 2 4 6 7 3 6 2 2 7
319 8 3 5 8 6 4 3 9 2 3
283 2 3 1 7 8 1 1 1 7 7
280 5 4 5 3 8 2 3 7 2 3
285 9 8 4 2 1 8 6 3 5 6
353 3 8 8 1 4 7 6 9 6 8
313 6 6 2 2 6 2 7 9 1 9
314 2 8 3 3 6 5 5 8 5 7
322 4 2 3 8 7 2 5 8 8 3
308 9 8 6 5 2 7 1 5 4 7
314 9 2 7 1 1 6 2 9 7 8
330 8 2 6 9 1 6 5 6 5 3
367 5 2 6 2 4 8 7 3 9 9
15
249 6 5 2 3 4 5 4 6 7 1
312 3 4 1 3 5 7 5 8 3 9
319 3 3 4 5 5 7 6 3 6 5
312 3 8 3 9 5 7 5 3 8 1
339 2 6 8 5 4 9 9 7 3 3
306 4 6 5 7 8 3 6 3 4 1
389 9 2 5 8 6 7 1 1 8 9
373 4 9 9 3 3 8 6 9 7 7
270 4 5 9 1 4 7 2 1 5 5
317 3 7 2 6 6 1 8 5 1 6
345 8 2 3 7 6 6 9 1 7 3
328 4 7 8 8 2 9 4 5 7 2
353 1 4 5 2 9 9 5 2 9 9
402 9 6 9 8 3 9 4 8 8 4
268 4 6 1 7 3 5 7 4 2 2
15
344 6 9 1 4 7 7 4 5 9 7
300 3 9 7 1 2 7 8 9 2 6
295 4 8 6 8 4 6 5 1 1 4
365 3 9 4 3 8 2 9 7 7 7
378 3 5 9 4 2 8 9 6 8 7
304 5 4 6 6 4 5 1 9 2 8
308 2 9 7 7 6 4 3 2 6 5
302 2 7 1 2 6 7 7 4 6 7
297 8 1 5 1 9 2 1 6 7 6
320 6 8 4 2 7 2 8 6 5 5
285 7 7 8 4 3 5 3 5 7 3
365 7 6 8 1 7 9 8 3 4 7
251 4 5 6 3 1 4 3 4 3 9
323 4 3 1 7 8 9 2 5 7 4
220 6 2 3 2 1 8 1 2 1 6
15
314 4 2 2 9 4 6 8 3 8 2
361 6 2 4 9 3 2 7 3 5 9
215 2 9 2 1 3 7 1 1 8 4
334 3 6 5 3 8 1 8 9 6 6
227 5 3 2 5 1 5 3 7 4 2
339 5 2 2 9 9 7 4 8 4 1
263 8 7 1 2 2 8 2 2 4 9
288 5 6 7 6 1 3 3 2 8 7
326 4 7 3 3 9 4 7 7 2 4
269 2 7 3 3 7 3 1 8 4 8
263 4 9 5 9 2 1 3 3 6 3
351 5 1 9 7 4 3 6 1 9 6
333 5 2 9 6 9 8 4 4 2 1
278 8 2 4 5 1 1 6 8 1 5
191 1 6 9 5 1 5 1 3 3 2
15
275 9 7 5 3 5 2 2 4 3 6
292 4 2 6 4 2 6 7 7 4 5
330 5 8 7 6 3 6 1 7 6 9
282 8 4 1 8 2 4 3 4 4 6
326 2 3 3 5 8 8 1 6 9 4
318 1 6 9 7 1 9 3 1 5 8
290 8 5 2 2 5 1 5 3 7 7
275 1 8 1 7 1 3 6 8 6 6
343 9 1 2 8 3 8 9 4 3 2
355 7 5 9 6 5 6 8 7 2 3
366 9 8 9 7 4 6 6 7 2 3
337 4 9 6 9 6 2 4 3 3 6
314 3 4 5 3 7 5 4 5 5 6
300 6 9 4 1 5 9 2 6 3 6
305 9 4 3 4 6 5 4 1 8 4
15
348 9 4 6 7 3 1 7 8 5 6
249 8 1 8 3 6 3 1 6 6 1
300 2 4 7 4 5 9 3 5 7 4
246 3 3 4 4 4 1 7 2 1 4
313 4 4 5 9 4 6 3 8 4 3
338 3 7 6 2 7 8 9 4 4 3
367 5 2 4 6 4 6 8 9 4 8
315 8 6 9 5 2 7 7 3 5 1
264 3 1 4 7 4 6 5 1 5 2
320 5 9 8 5 8 2 5 6 5 3
222 1 9 1 2 3 9 2 1 6 5
342 5 4 9 6 8 2 3 3 5 6
294 5 6 5 7 4 1 6 5 2 4
276 4 3 2 5 2 5 9 1 2 6
434 2 6 9 9 5 7 9 1 8 8
15
384 9 4 3 7 4 9 8 5 2 7
305 5 6 4 6 2 6 8 1 1 5
301 6 6 1 2 2 5 7 5 5 8
288 3 4 5 4 3 1 2 9 8 7
269 6 4 3 3 2 3 7 2 2 7
348 9 6 2 8 6 4 4 4 6 5
299 6 8 4 3 5 9 1 7 4 5
297 1 5 1 4 5 6 2 7 7 8
257 2 6 8 2 9 2 3 4 7 1
339 1 3 4 3 7 8 9 8 3 5
343 2 1 7 6 2 7 9 8 8 5
385 8 7 8 4 6 7 5 2 7 8
242 9 9 2 1 1 1 6 3 4 6
373 7 4 2 6 5 5 8 7 4 7
339 5 9 8 7 8 3 4 8 3 3
15
289 3 8 1 2 5 7 8 1 4 5
354 4 5 9 6 4 8 7 3 8 3
334 5 6 7 9 1 5 7 6 4 4
268 8 6 9 1 5 4 5 5 2 3
330 6 1 9 2 3 9 8 7 3 3
420 7 7 2 9 5 9 6 5 8 8
228 4 7 8 3 4 1 4 1 1 5
336 5 2 4 5 1 5 9 9 2 7
398 9 2 8 9 4 4 5 9 7 7
386 3 9 4 6 7 8 9 7 7 4
233 3 1 7 3 4 4 2 2 9 1
323 1 6 9 2 8 9 6 3 1 5
314 2 1 9 2 8 1 4 7 7 6
336 5 2 6 5 5 6 3 5 2 9
285 2 4 1 6 1 7 9 2 6 6
15
367 5 7 4 6 9 6 6 7 4 4
378 1 8 7 9 2 8 6 6 8 6
267 3 8 5 7 3 1 6 7 2 3
342 7 5 3 9 5 8 4 6 1 3
274 2 7 2 9 4 6 3 2 4 5
322 8 8 6 7 6 3 7 3 4 1
243 2 1 5 6 3 6 5 2 3 3
265 8 6 6 1 2 2 4 1 8 8
336 6 2 1 7 7 5 3 6 3 8
279 7 6 3 5 4 6 1 2 2 6
312 5 1 2 4 7 4 5 4 9 5
373 5 4 1 1 8 9 8 4 8 9
331 8 7 5 9 2 8 2 8 8 2
286 8 1 3 1 5 8 9 5 2 1
340 4 9 6 6 6 3 7 8 1 4
15
275 2 9 1 2 6 3 9 7 8 3
363 7 3 2 6 1 8 7 7 7 9
286 6 3 5 3 6 7 6 6 3 2
319 2 5 9 6 7 5 6 5 2 2
333 7 6 9 5 3 8 5 9 3 2
368 3 3 1 8 2 6 9 4 8 9
294 7 1 4 7 7 2 2 3 8 3
248 2 8 2 1 4 4 9 2 6 4
326 5 3 6 2 8 3 8 4 7 3
354 5 2 3 9 7 7 5 1 1 6
343 9 1 4 7 2 7 4 9 9 4
268 3 5 6 3 1 6 6 9 2 3
226 3 2 2 8 1 5 2 1 1 7
325 3 6 6 8 3 5 4 9 8 2
347 2 2 7 8 2 6 7 8 8 5
15
404 8 6 1 8 5 3 9 9 5 8
427 4 8 9 9 5 7 9 1 4 8
261 2 8 2 1 7 7 3 3 4 7
317 3 7 8 1 7 2 6 3 2 9
245 9 4 3 8 2 1 3 2 1 4
328 2 9 4 5 9 8 5 2 3 5
294 2 1 5 1 6 2 7 9 4 6
366 4 1 9 8 8 3 4 4 6 7
363 9 9 2 5 8 1 8 6 7 6
295 1 2 5 3 3 8 7 2 2 9
316 9 9 8 6 5 3 3 9 6 1
323 4 1 8 4 7 5 2 5 9 5
346 1 4 9 9 8 1 6 3 6 3
257 2 1 7 3 4 1 6 3 5 6
411 7 6 8 6 9 6 9 8 6 2
15
279 9 4 1 1 4 2 4 8 8 7
318 8 9 5 6 1 3 5 9 8 3
284 3 5 8 3 5 1 9 6 3 4
297 2 1 3 9 6 9 1 6 1 2
290 1 2 8 6 6 1 3 9 2 6
297 4 4 4 4 7 1 6 3 3 7
389 8 2 9 6 7 6 7 7 3 5
314 4 5 2 3 4 7 4 4 9 8
305 6 7 4 2 8 2 3 9 1 6
439 5 1 9 6 9 6 9 6 5 6
312 8 8 2 3 3 8 4 8 5 6
332 9 9 4 6 6 3 3 3 8 4
216 7 6 4 2 1 8 1 3 3 3
318 9 4 5 5 3 2 5 8 8 3
273 7 2 8 3 6 4 3 3 4 4
15
255 7 1 3 5 2 4 1 6 4 5
318 3 8 9 1 6 3 8 7 7 4
342 3 4 4 8 2 6 8 3 9 5
325 1 9 9 8 2 4 4 2 9 8
391 2 9 4 7 7 7 6 3 7 8
396 8 4 6 3 7 9 9 6 9 5
276 1 2 6 7 6 4 3 2 7 2
274 4 1 2 3 5 8 6 1 8 2
395 9 2 6 2 9 8 3 7 5 8
410 7 8 7 9 8 2 7 4 6 5
318 1 7 5 6 5 2 5 9 9 5
410 7 4 5 8 6 7 9 6 4 5
266 2 4 5 7 4 9 1 2 8 1
320 7 4 1 5 4 2 4 5 9 9
307 8 9 2 2 2 9 6 1 3 9
15
392 5 4 2 6 8 5 4 8 6 9
353 9 3 4 1 6 9 9 2 7 6
349 7 3 7 6 3 8 3 9 8 5
237 2 7 5 3 2 1 6 7 7 3
295 1 9 3 4 8 1 2 5 7 7
316 2 2 6 4 5 9 7 2 5 5
269 5 3 8 3 2 1 7 1 6 6
282 6 2 7 3 5 4 5 6 4 4
267 2 3 2 5 6 7 4 4 2 2
288 3 9 4 8 3 4 5 4 2 5
264 1 6 4 3 1 9 5 4 3 6
270 2 6 5 2 3 6 9 3 4 5
257 9 8 1 7 2 4 4 7 3 2
233 6 6 6 4 4 1 3 5 3 3
330 3 4 7 5 3 7 4 5 5 9
15
326 6 3 9 9 2 4 3 6 8 3
300 9 1 2 5 2 2 9 3 6 4
378 4 9 1 9 4 6 9 6 3 9
358 2 7 8 3 9 5 2 9 7 8
296 3 1 6 5 9 4 3 5 1 4
336 9 3 8 4 3 9 3 2 3 8
301 3 5 5 1 4 4 9 1 7 9
332 2 8 8 7 1 2 9 7 3 8
364 7 9 5 8 4 9 1 6 9 5
282 2 3 9 6 1 5 8 1 1 4
368 9 9 3 5 9 4 2 9 3 8
387 7 3 1 5 7 6 4 9 8 8
232 6 3 1 1 5 7 1 3 7 5
407 5 9 9 6 9 4 4 7 3 8
406 9 1 7 6 4 6 4 7 9 9
15
391 4 8 1 5 6 9 8 7 4 9
373 9 4 4 7 2 9 8 4 4 5
241 1 5 5 6 1 3 2 7 4 4
313 6 1 7 8 2 7 3 2 9 2
289 1 4 3 9 5 1 6 9 1 2
291 9 6 2 5 7 8 1 3 6 2
268 6 5 6 1 3 1 7 7 3 5
188 9 8 1 2 6 2 1 2 5 1
331 8 6 8 5 2 1 8 1 2 9
325 2 1 8 7 2 2 8 8 3 6
287 2 8 5 7 2 3 7 9 2 2
307 8 4 2 4 9 4 2 6 7 4
304 6 4 8 6 4 8 3 2 3 4
317 4 3 2 7 7 6 2 9 5 4
367 2 6 7 8 2 3 5 9 7 9
15
306 8 3 8 5 4 8 1 4 8 3
297 8 2 5 7 1 8 1 2 3 7
301 6 8 5 6 2 9 2 7 3 4
256 6 3 2 8 3 3 8 1 1 2
332 8 7 2 9 3 8 5 3 5 5
258 9 7 8 2 5 3 1 1 4 6
351 7 4 1 1 9 6 8 7 4 5
428 3 5 2 8 9 9 8 9 3 8
301 3 7 8 4 3 5 3 3 5 8
327 6 8 2 3 9 7 6 6 9 1
317 7 4 2 2 7 9 4 9 8 1
201 1 2 3 4 3 9 1 9 2 1
294 9 4 7 1 6 4 3 8 2 4
328 2 9 1 2 9 7 3 6 9 7
289 7 7 6 9 2 4 5 2 4 3
15
349 8 8 6 6 7 5 6 1 5 4
281 1 1 8 4 3 4 9 4 9 1
237 3 2 4 5 4 6 2 7 3 1
326 8 8 9 2 6 2 5 6 1 6
204 2 1 6 4 3 1 4 9 3 1
273 4 6 4 1 8 7 1 3 3 6
313 5 4 1 1 8 8 8 5 8 2
253 4 2 4 8 1 1 2 5 4 5
276 9 1 8 3 4 6 4 3 4 2
315 3 2 5 3 9 4 8 5 5 2
310 4 7 1 5 2 5 6 7 8 7
376 1 1 7 4 9 4 5 6 8 8
322 1 4 9 8 6 1 3 3 5 7
309 2 7 2 6 5 3 9 3 6 5
354 2 6 8 9 3 5 4 2 6 9
15
316 8 6 1 9 5 6 1 6 3 4
334 4 6 1 9 9 7 3 4 3 4
271 7 3 4 8 2 7 3 3 3 3
290 8 2 1 1 9 5 3 4 8 4
284 7 8 1 6 3 9 2 5 7 2
337 6 8 5 4 6 2 9 3 3 7
375 3 8 5 6 7 8 2 9 1 9
267 6 6 5 7 6 2 4 2 6 1
243 5 8 5 4 4 1 4 1 6 3
282 2 3 6 1 8 6 3 7 1 7
319 7 9 9 3 8 5 6 4 5 1
311 1 2 1 8 9 6 6 5 2 1
363 7 7 2 1 8 9 7 9 8 3
369 3 5 8 5 9 5 5 1 9 8
250 6 4 2 2 3 1 5 6 2 6
15
300 5 5 4 8 1 5 7 6 6 1
361 1 6 6 4 9 5 7 7 4 7
260 1 3 9 5 2 6 6 2 5 3
307 5 8 1 6 1 6 8 1 7 5
280 4 3 2 6 9 3 3 2 8 1
247 5 5 8 1 2 4 4 8 9 1
330 8 7 2 9 8 7 1 4 5 1
352 5 8 5 7 9 7 7 2 6 1
287 7 3 4 4 5 7 4 9 2 1
273 1 9 1 2 6 7 6 5 8 3
226 4 1 3 6 4 6 3 2 2 1
355 9 2 1 4 8 4 3 9 5 9
323 1 8 6 6 3 8 4 7 2 8
277 2 3 8 1 3 2 8 4 6 5
260 1 6 6 4 3 2 6 6 2 6
15
316 6 5 4 2 4 2 4 8 9 8
351 8 6 9 3 6 5 2 7 9 7
338 3 5 9 5 5 5 8 3 1 7
238 6 7 9 1 1 3 2 6 4 5
314 1 2 9 7 5 1 2 3 9 7
306 7 4 3 9 3 4 6 1 4 3
264 8 8 6 5 2 4 2 2 6 4
368 5 6 7 9 5 6 7 7 3 4
411 9 9 9 4 7 7 7 6 2 7
249 7 2 4 1 1 8 1 6 1 8
405 4 1 6 7 9 4 6 6 6 8
396 9 9 8 8 9 3 1 5 6 7
272 1 1 2 3 4 8 7 4 7 2
251 3 5 1 8 2 4 2 3 6 6
230 5 6 1 2 7 3 3 4 5 1
15
286 3 6 4 5 7 8 3 1 3 4
310 6 1 6 7 5 8 4 4 8 1
306 8 2 5 4 3 9 4 5 7 4
289 3 6 2 3 9 7 1 6 7 5
431 6 4 9 8 9 4 8 6 6 6
316 8 2 7 5 6 8 2 4 8 2
265 4 5 7 3 5 7 2 6 2 4
349 5 6 4 8 7 8 8 5 1 1
371 9 5 2 6 8 6 7 6 7 3
336 4 1 4 7 1 7 5 2 8 8
328 6 4 2 6 3 6 4 5 9 8
278 5 4 4 2 3 5 7 5 4 5
298 5 5 2 7 3 4 3 7 3 6
360 2 9 3 9 6 6 2 7 7 9
328 5 1 8 2 5 4 6 8 4 8
15
252 5 4 6 1 2 4 8 3 4 3
304 4 8 1 7 5 6 5 9 4 1
358 2 4 3 5 8 7 4 9 7 8
367 8 9 2 6 4 9 7 3 5 6
215 4 5 6 5 4 3 2 4 3 1
316 9 3 6 9 8 2 4 1 1 1
271 1 5 3 2 3 9 5 4 4 8
271 6 1 5 5 1 3 7 8 8 2
346 7 1 5 3 7 7 6 3 8 6
262 4 5 3 3 3 1 3 6 7 7
250 5 6 9 1 1 2 7 7 8 3
348 5 3 6 5 6 4 5 6 5 7
363 1 8 8 8 6 1 5 9 9 6
287 9 9 4 5 1 4 3 4 2 7
297 5 1 2 2 4 4 6 1 7 9
15
335 5 2 6 3 7 7 6 8 7 3
309 2 5 6 5 7 7 9 1 1 1
222 5 1 4 2 5 9 1 2 4 2
243 3 3 5 4 4 6 3 2 4 3
263 7 5 7 7 3 2 1 7 5 2
382 8 3 9 8 2 5 9 3 6 6
254 4 2 8 4 3 3 7 6 2 1
334 5 7 2 9 6 2 8 4 9 3
332 5 3 1 8 9 6 3 3 8 4
252 1 7 3 1 1 8 2 9 7 7
282 8 5 8 3 1 3 7 2 8 5
336 2 6 2 7 9 2 8 1 5 6
222 2 2 5 6 1 1 2 3 8 5
261 4 7 5 2 4 2 8 4 2 4
215 4 8 5 1 2 8 1 6 1 3
15
430 9 4 6 9 9 8 5 9 5 2
339 7 8 5 1 8 1 9 2 9 5
330 9 9 2 8 5 8 3 3 2 4
315 2 8 7 9 5 4 1 7 7 5
239 9 6 1 2 4 4 4 1 2 6
329 3 6 7 9 8 5 2 2 9 1
337 6 6 6 7 3 3 9 3 8 3
413 8 6 6 7 2 7 8 9 5 9
273 1 6 5 4 3 4 4 5 8 7
206 2 9 5 8 2 2 1 3 2 1
362 3 1 9 7 6 8 8 2 2 6
429 6 3 9 8 9 5 3 7 6 8
250 3 8 4 2 5 1 4 8 6 5
331 9 3 2 5 3 5 1 7 7 9
318 9 7 5 6 7 4 5 5 1 2
15
346 6 6 1 8 1 5 8 3 7 8
366 6 9 2 2 8 7 6 9 7 8
315 4 5 9 3 2 7 5 8 9 4
387 3 1 8 7 8 3 8 1 7 9
381 3 3 5 7 9 4 5 5 7 8
349 5 9 6 7 5 9 4 2 2 7
272 6 4 6 3 5 1 4 7 5 4
271 3 3 7 2 5 4 8 1 9 2
379 8 5 9 7 6 5 2 7 1 9
348 9 6 9 6 6 2 3 2 3 9
336 5 2 5 9 3 5 5 9 2 6
273 5 8 1 7 7 7 3 1 2 3
348 4 2 7 9 8 2 9 4 4 1
311 7 6 4 8 7 2 8 5 1 1
374 5 5 2 8 4 8 7 1 7 9
15
373 6 9 5 4 7 5 8 5 8 4
316 2 9 5 2 6 4 8 5 9 4
301 3 1 4 7 2 8 4 2 8 5
367 9 3 5 9 3 4 8 8 4 4
338 5 2 1 6 9 2 7 9 5 2
381 6 3 2 9 6 8 2 4 6 9
319 3 5 6 6 2 2 7 4 1 9
239 9 7 5 3 5 2 3 2 3 1
303 4 4 7 4 6 2 7 7 2 4
379 7 6 6 7 3 8 4 7 3 8
355 3 9 7 7 6 3 6 1 2 8
141 2 5 5 3 1 1 3 1 2 1
309 3 8 3 6 5 2 8 2 9 5
250 1 8 1 2 3 5 3 5 7 9
426 9 3 4 3 9 8 6 3 9 9
15
242 5 8 5 2 1 5 8 1 6 3
457 5 5 9 7 9 4 8 5 6 9
314 9 8 2 8 2 7 3 2 3 7
356 1 5 1 5 8 5 9 8 1 7
225 7 2 6 2 1 5 5 3 5 3
462 5 9 8 9 9 9 4 4 8 8
415 8 8 8 4 9 2 9 3 4 9
267 4 4 1 6 2 8 1 3 5 8
312 2 6 4 6 7 5 3 2 8 4
266 1 9 3 8 1 8 6 7 1 3
384 1 3 6 7 7 8 9 5 4 6
254 2 8 4 5 4 5 2 1 5 6
254 3 9 3 9 1 4 1 1 8 6
353 5 2 4 7 7 7 8 6 5 1
339 3 1 4 4 7 8 9 1 3 6
15
357 8 9 7 8 2 5 3 8 6 8
307 6 8 8 2 4 6 1 9 4 8
346 3 5 8 5 4 8 9 7 6 3
260 9 1 3 1 1 3 9 6 3 6
318 5 1 5 6 8 7 6 1 7 2
351 7 8 5 6 3 7 1 9 6 9
259 5 7 8 5 2 1 8 6 2 2
334 4 1 6 9 1 4 3 6 9 9
354 9 1 1 7 8 3 4 5 5 6
383 7 5 5 9 8 7 1 5 4 6
405 3 1 3 9 8 6 9 9 1 6
282 1 3 5 9 6 1 1 6 9 2
356 9 5 4 5 7 2 6 2 7 8
365 8 2 7 7 8 8 4 2 7 3
313 8 7 7 4 2 5 1 8 9 5
15
286 6 9 3 2 4 5 3 2 3 9
392 8 1 3 9 9 4 2 6 5 8
297 4 5 3 9 5 2 4 5 4 4
277 4 9 6 3 3 7 8 5 1 1
288 9 2 6 4 5 2 4 9 2 3
376 1 2 3 9 3 9 9 4 2 8
368 6 8 8 6 3 9 7 2 8 5
221 2 5 3 4 1 5 1 6 8 4
326 7 4 2 4 5 5 4 6 7 8
281 4 5 7 1 6 2 8 6 3 4
273 7 4 6 8 2 6 3 2 6 2
317 8 5 5 3 4 4 9 4 3 4
299 2 5 9 5 4 9 1 6 3 4
448 8 9 9 9 9 8 6 1 1 9
337 9 4 5 3 9 4 3 7 5 6
15
389 6 4 6 7 5 2 9 5 4 9
248 7 2 1 3 2 7 7 3 1 4
267 2 7 9 1 4 4 4 4 3 7
341 4 5 8 6 9 9 7 4 1 1
301 9 1 5 2 9 2 3 3 9 5
382 4 4 7 6 3 7 8 8 7 7
409 9 4 9 1 9 4 9 6 3 9
278 8 8 7 5 2 3 4 7 1 5
304 6 9 2 2 8 5 7 8 1 3
379 2 9 8 5 7 8 8 9 5 4
286 8 2 6 3 1 4 9 9 1 2
364 7 4 6 1 6 8 8 3 7 6
372 5 1 3 7 1 9 9 8 9 6
383 8 8 9 7 4 7 2 5 7 8
370 5 1 5 4 4 4 7 6 9 9
15
404 9 5 5 8 6 9 6 9 7 1
297 1 8 2 1 8 1 5 8 8 7
310 1 3 5 6 3 7 4 3 9 7
323 4 8 7 5 2 6 3 3 9 8
351 7 1 4 9 1 3 8 7 3 7
309 2 9 7 6 5 5 4 8 5 3
281 3 3 6 4 5 3 9 6 1 1
354 8 6 5 6 7 1 6 4 4 6
239 4 2 4 4 2 5 4 8 5 2
191 2 9 1 4 4 2 2 3 5 3
289 4 3 2 5 8 2 3 8 8 2
337 9 9 6 8 2 1 4 2 8 7
250 8 3 1 3 2 2 7 2 4 6
301 3 8 8 4 4 1 9 2 7 4
329 4 5 7 9 3 2 9 2 1 6
15
283 4 7 4 7 4 7 5 3 2 3
297 8 7 8 8 1 2 5 5 1 5
284 1 7 5 6 1 3 2 2 9 9
337 9 1 1 4 6 4 9 5 2 5
338 6 3 6 5 9 4 6 1 7 3
276 6 2 5 5 5 1 5 1 9 2
364 5 8 2 6 7 7 9 5 8 3
408 8 5 7 7 9 2 8 4 3 6
357 8 8 6 5 8 6 9 3 1 3
219 7 3 5 5 1 1 3 6 4 1
321 4 9 9 6 2 2 4 7 7 8
272 7 1 2 2 7 2 5 8 3 5
328 5 5 9 2 1 7 7 7 7 6
400 4 9 9 8 6 5 8 8 6 4
352 8 4 5 3 5 3 8 5 8 8
15
430 1 6 7 6 7 9 6 8 7 9
271 4 4 5 9 5 1 1 6 7 3
334 9 9 7 7 8 7 1 2 9 1
384 7 7 9 4 1 5 9 4 9 9
333 6 8 5 2 4 5 9 6 7 4
385 3 2 5 5 4 9 7 6 9 8
253 6 6 5 1 7 3 4 4 1 5
224 7 1 4 3 1 1 1 9 7 4
308 7 9 8 2 7 8 2 6 3 3
277 1 9 5 1 5 3 8 3 1 7
250 7 1 6 4 2 4 6 5 6 1
292 1 6 2 3 8 8 2 1 1 8
321 1 7 3 6 5 9 6 3 5 6
356 1 6 1 7 8 9 5 3 4 9
318 9 3 2 3 7 8 9 6 2 1
15
308 7 1 7 7 1 9 7 3 4 2
229 4 4 1 1 4 1 8 7 5 3
381 4 4 4 6 8 1 7 9 9 7
323 4 8 9 5 2 6 5 4 4 6
379 5 6 7 7 6 9 5 4 7 6
229 2 1 7 6 3 3 4 1 4 3
330 7 7 4 8 1 1 9 4 8 6
332 4 1 5 7 7 8 3 6 2 3
311 4 6 5 6 9 3 7 3 1 3
393 7 1 6 6 3 8 9 3 8 8
349 1 4 3 6 9 8 8 4 2 4
330 5 4 4 2 4 9 8 8 8 4
426 1 1 1 9 8 9 9 5 8 8
363 2 2 6 4 9 1 7 9 5 8
454 9 5 6 9 6 8 5 7 9 8
15
302 8 2 4 3 2 8 9 7 1 2
335 2 9 8 5 9 5 1 4 1 7
329 4 3 2 8 1 7 6 2 7 7
346 9 4 3 6 5 5 2 2 5 9
254 6 1 8 5 3 3 1 3 8 2
276 5 9 5 2 2 1 6 9 2 6
336 7 1 7 8 3 5 9 9 3 1
371 7 8 1 9 9 5 3 8 8 3
318 9 1 1 9 2 8 6 7 2 3
213 1 5 4 4 1 8 7 1 4 1
272 7 5 9 1 4 8 5 3 3 1
321 6 5 3 3 5 7 8 2 9 3
414 6 6 6 9 5 3 8 4 8 9
206 2 7 6 2 1 2 3 2 9 4
285 4 9 3 3 2 2 8 3 5 7
15
312 7 2 7 2 8 4 8 5 4 1
315 3 9 1 9 6 8 3 6 3 4
303 7 5 9 3 1 3 1 8 5 9
344 5 7 9 7 2 2 9 7 4 6
282 6 9 8 3 5 4 1 6 3 5
403 7 2 5 8 6 3 3 9 9 9
336 5 6 3 7 9 5 2 9 9 3
236 2 5 7 7 1 1 3 5 2 4
291 9 3 5 5 7 3 1 3 9 3
328 9 9 3 2 4 4 9 1 2 8
403 1 8 7 9 3 7 8 9 5 8
297 4 1 8 5 5 6 2 1 8 5
274 9 6 5 2 4 5 9 6 2 1
310 8 8 7 9 2 7 1 1 6 5
250 4 3 8 4 3 2 6 7 1 1
15
244 6 3 8 5 1 4 1 6 8 2
298 2 7 6 5 3 9 1 7 6 6
246 6 6 5 1 2 6 8 1 4 1
286 1 7 6 4 2 9 2 1 7 8
330 4 9 7 7 3 5 4 6 1 9
355 4 9 9 1 8 5 9 3 1 6
351 3 1 7 9 6 5 7 5 3 3
384 8 1 6 7 5 8 3 4 6 8
354 8 8 8 9 8 6 1 9 1 3
366 2 4 8 8 7 6 6 4 9 4
235 4 5 6 3 2 3 2 3 6 4
375 8 5 7 9 1 1 8 7 7 8
225 7 8 8 2 1 1 1 2 8 5
304 8 1 3 4 5 7 1 2 6 7
226 2 9 6 7 1 1 4 6 5 1
15
254 6 3 1 4 8 2 1 8 2 5
298 4 7 7 5 2 6 7 5 9 2
338 2 7 6 7 7 5 5 7 2 4
264 6 6 5 8 1 2 4 7 1 4
413 5 3 7 9 7 1 6 6 9 9
336 8 4 8 1 6 9 8 5 1 3
275 4 3 4 4 6 4 1 1 8 8
230 1 2 9 1 2 9 1 1 2 6
436 5 9 3 8 9 8 8 5 4 7
298 1 3 6 2 7 3 3 4 6 9
375 7 2 6 7 9 2 8 2 4 7
220 6 9 4 2 4 5 3 3 1 4
243 2 2 6 3 2 6 6 3 1 3
344 4 7 4 8 5 8 5 7 5 4
387 6 1 8 7 5 7 3 8 3 8
15
292 9 7 7 2 5 6 3 2 9 4
398 5 9 9 5 4 5 9 7 7 6
363 4 9 7 7 8 5 3 3 9 5
273 3 5 7 6 2 4 7 7 1 2
313 1 6 2 8 6 4 1 4 4 9
285 5 1 6 3 7 2 4 1 3 6
333 7 1 7 7 5 3 9 2 7 2
175 5 8 5 3 1 1 1 5 4 3
339 5 2 2 8 9 4 7 4 4 1
403 3 6 4 8 9 4 8 5 5 8
292 9 4 2 8 5 4 2 5 7 2
281 2 4 7 1 2 8 8 2 8 4
272 8 6 4 3 7 2 2 2 4 5
382 7 9 7 5 8 5 5 9 8 5
333 8 9 7 7 7 1 9 7 1 1
15
340 9 9 8 1 4 8 1 4 7 8
323 5 7 8 4 5 4 3 3 8 8
390 8 4 3 8 2 9 9 1 8 6
298 4 5 2 4 6 2 6 2 7 8
208 9 8 7 1 2 3 1 7 4 1
261 9 5 6 4 4 2 2 4 9 3
271 2 7 7 7 1 5 9 1 5 1
336 9 9 9 4 5 2 1 3 7 9
342 8 1 6 2 6 8 4 1 8 9
193 4 9 2 5 3 2 1 5 3 1
388 4 3 7 9 9 9 1 5 1 6
228 3 4 7 3 7 4 1 1 3 1
357 4 9 2 3 6 8 5 1 9 9
279 8 6 8 4 4 6 4 2 2 1
341 3 8 9 4 6 4 1 4 9 8
15
260 5 6 2 1 9 7 4 3 2 1
345 1 2 8 8 5 7 8 3 2 5
242 2 3 1 1 4 7 7 9 7 1
280 7 9 7 3 6 9 1 8 4 1
295 4 1 1 4 4 6 4 4 9 6
303 5 5 3 2 6 4 6 3 1 8
391 2 3 8 4 7 6 8 3 6 9
255 2 4 5 9 1 3 1 4 4 6
336 8 2 3 3 7 9 7 9 4 1
296 5 9 1 3 4 4 2 9 5 8
364 8 9 6 8 9 4 5 8 2 2
357 3 1 2 7 8 3 9 8 9 4
312 2 5 9 9 1 7 1 7 5 4
281 8 9 4 3 8 4 4 4 5 2
352 9 4 9 5 6 6 3 5 9 2
15
432 6 7 5 9 3 8 8 7 5 9
326 3 4 1 2 8 8 5 6 5 8
319 2 8 1 4 8 1 5 4 7 8
322 3 5 9 2 6 3 7 5 5 6
374 3 3 9 9 9 6 3 3 2 7
310 3 6 7 7 2 5 8 4 1 5
325 9 7 2 3 3 7 7 7 2 8
326 3 4 9 9 1 7 4 1 9 4
352 7 9 7 2 7 1 7 6 4 9
393 4 5 8 9 5 7 7 9 6 4
350 8 6 8 8 6 2 6 5 5 2
405 6 8 7 9 5 8 3 8 5 7
286 6 6 4 2 2 7 7 7 6 2
285 6 6 9 5 6 3 1 8 3 2
355 7 5 7 5 6 4 4 8 5 6
15
266 8 1 1 4 4 9 2 6 7 1
354 7 2 7 8 1 6 9 1 5 5
315 1 8 7 4 4 6 6 8 9 4
268 3 9 7 4 6 1 3 4 6 5
395 5 3 9 8 1 8 8 9 5 8
365 3 8 6 8 8 4 7 5 4 4
264 2 7 1 7 5 3 5 3 2 5
392 2 9 6 8 7 6 7 3 8 7
330 7 3 1 7 2 4 4 9 7 7
307 1 2 4 8 5 4 5 5 7 5
337 7 5 2 8 6 8 7 1 2 2
340 3 9 4 2 9 7 6 2 4 8
261 1 5 2 6 3 5 1 6 8 6
296 5 2 9 1 7 4 9 1 6 2
344 9 4 3 8 5 2 6 5 9 4
15
371 6 5 9 9 5 5 7 1 8 3
214 2 3 1 1 1 4 7 4 8 5
387 8 9 9 7 4 5 6 9 4 5
275 1 8 7 1 5 4 3 6 9 5
359 4 7 8 5 7 3 4 4 7 9
287 5 3 6 9 1 2 5 7 6 3
369 7 2 4 3 8 9 6 4 3 6
290 4 3 6 7 6 1 3 6 2 5
335 8 2 1 9 7 3 5 6 4 2
264 4 6 1 5 5 3 3 7 2 4
192 2 4 4 5 1 1 8 2 1 2
312 8 7 2 4 2 3 5 6 8 9
276 4 4 6 4 9 3 3 5 1 2
375 6 5 6 8 9 4 6 1 7 5
314 4 6 6 6 4 6 2 3 3 7
15
253 1 9 6 4 5 1 6 3 6 3
227 5 4 4 1 4 2 1 8 6 6
400 9 5 5 8 7 9 3 9 3 5
391 5 9 7 9 5 4 4 4 8 8
213 5 1 1 5 5 4 2 6 4 1
320 7 2 1 3 9 7 5 6 2 3
330 4 5 1 2 7 9 8 2 3 7
324 6 9 1 3 4 5 6 7 5 9
287 3 9 8 4 4 6 7 6 1 1
414 8 7 3 9 7 4 6 7 2 9
306 2 5 1 7 5 5 5 8 3 7
330 9 1 8 1 5 8 7 6 7 2
291 8 8 3 7 2 1 5 2 8 5
353 2 7 7 7 7 1 9 9 1 5
341 6 6 5 2 6 2 9 4 3 9
15
333 5 4 9 5 7 5 3 5 3 6
284 8 9 6 3 5 8 3 2 4 4
384 8 4 9 8 4 4 5 5 2 9
250 1 3 3 1 5 6 9 1 9 2
267 7 5 5 1 1 8 2 8 9 4
339 1 4 6 7 4 5 9 3 7 6
298 2 7 9 7 7 1 2 7 7 3
308 1 2 5 1 4 9 4 6 4 9
325 9 3 2 3 1 8 8 3 6 9
255 2 1 9 7 3 1 5 4 9 1
368 6 5 6 7 3 3 6 5 8 8
330 3 6 7 5 5 6 8 8 6 2
262 7 6 6 4 4 8 1 1 3 4
414 7 2 9 5 9 3 7 5 7 7
351 3 2 7 8 3 2 8 4 4 9
15
249 8 1 2 2 3 7 6 4 3 3
366 7 2 8 5 4 7 2 5 8 8
338 6 9 4 5 6 5 6 8 4 3
324 5 8 6 5 5 9 4 9 3 3
396 9 9 7 4 7 9 4 6 9 6
228 6 2 9 3 3 3 3 7 3 1
360 2 8 8 8 6 9 4 5 4 3
327 5 2 6 7 8 5 5 1 1 6
439 1 4 8 7 6 8 9 7 8 9
304 9 1 4 7 1 8 8 2 5 1
262 4 1 6 3 5 4 8 3 5 2
277 1 4 5 2 2 8 9 6 2 5
325 6 6 4 9 2 2 8 4 7 3
313 2 8 1 2 5 9 5 9 2 7
383 7 5 3 5 4 8 9 9 5 5
15
311 5 8 6 6 7 1 5 7 2 4
228 2 6 2 2 3 4 7 2 2 4
202 6 5 3 2 1 6 1 4 1 4
353 9 9 6 5 9 3 1 5 1 9
302 4 8 2 8 3 8 3 5 5 5
398 8 7 6 9 5 5 7 9 3 6
370 5 2 2 5 9 3 5 9 3 8
308 2 5 4 8 3 2 4 9 6 5
279 4 7 8 5 8 3 1 6 4 1
350 4 3 1 9 8 5 1 9 8 4
398 8 8 1 7 8 1 8 1 9 8
318 9 4 1 5 2 9 6 4 3 5
426 3 2 7 6 8 8 9 2 8 9
285 9 9 3 1 7 3 5 1 1 8
341 6 3 6 3 3 4 9 7 6 8
15
302 5 6 4 1 3 9 7 2 5 7
348 9 3 3 1 7 7 4 9 4 7
300 5 4 3 6 5 3 7 7 5 1
211 2 1 2 2 7 3 1 1 9 2
361 8 7 7 8 5 4 3 3 8 6
250 4 7 5 6 3 2 1 3 7 6
324 4 7 7 7 4 2 6 2 4 6
344 8 4 1 9 3 8 2 7 4 6
334 1 5 6 9 7 3 2 1 3 9
257 1 6 2 5 3 2 7 8 8 3
276 6 2 3 4 4 4 8 2 7 3
319 6 2 2 6 3 8 2 6 2 9
328 6 2 7 6 4 2 7 2 4 6
318 9 9 6 8 7 4 3 2 1 2
303 1 8 5 5 3 9 3 6 6 7
15
339 9 8 6 8 9 4 2 9 1 1
367 6 9 1 1 9 8 9 8 6 6
341 4 9 8 5 5 9 5 5 5 3
324 4 5 6 4 5 1 9 7 2 5
237 1 6 4 2 1 5 8 4 2 6
273 3 6 2 8 5 6 4 1 2 3
377 8 2 9 8 5 5 5 8 3 4
291 3 7 8 6 5 3 8 2 3 2
276 1 4 9 7 9 3 2 3 5 1
289 5 4 9 4 4 1 1 4 1 9
315 2 8 4 5 1 9 3 7 4 9
315 8 6 1 4 9 8 5 6 5 1
383 6 3 3 9 7 6 3 6 6 6
377 9 1 6 3 4 7 9 5 3 7
356 3 6 8 7 8 9 3 1 1 8
15
287 2 4 4 6 7 4 5 5 3 3
347 3 1 7 5 9 1 5 9 1 8
312 7 5 9 3 3 6 1 4 5 8
280 6 6 3 5 3 2 3 5 3 7
253 1 5 6 5 5 3 2 2 3 6
389 9 7 6 8 2 9 3 8 6 8
377 3 8 3 9 7 8 7 1 1 8
281 2 4 3 8 1 7 6 2 5 5
418 9 9 6 8 7 9 5 2 2 8
232 2 2 8 4 4 3 4 2 3 3
296 6 3 9 7 1 6 5 3 3 5
297 4 9 8 2 6 1 6 4 3 8
362 7 2 8 2 7 8 7 9 3 3
288 3 1 4 3 2 3 6 8 9 8
290 3 4 1 5 7 1 8 2 5 6
15
205 9 9 8 4 1 1 3 1 5 1
287 1 9 6 1 9 4 1 6 4 7
287 7 8 4 9 3 1 2 4 5 6
306 8 2 5 9 4 2 7 1 3 3
332 9 4 6 9 5 1 6 3 9 1
294 8 1 5 8 5 1 1 7 2 4
270 6 8 4 1 6 9 4 4 1 2
245 5 7 3 1 9 3 1 8 6 1
363 4 5 4 3 8 6 6 9 5 7
409 9 6 8 9 4 8 4 9 4 6
330 2 4 1 4 9 9 2 4 4 8
371 3 6 5 7 3 3 8 9 5 8
303 4 6 8 4 7 4 5 4 3 3
375 8 1 5 8 7 1 5 8 8 4
350 1 3 9 3 9 6 9 5 2 4
15
251 4 6 8 7 1 5 4 4 4 2
219 6 7 3 4 1 4 6 1 4 2
276 1 1 4 2 3 3 6 7 5 9
343 9 1 9 5 6 9 1 5 3 5
298 1 3 5 5 4 5 9 4 3 4
241 2 7 4 3 6 4 1 5 1 5
332 1 8 1 5 6 9 5 6 8 7
289 4 2 9 1 5 7 4 5 9 2
270 1 5 4 3 3 5 9 6 1 6
247 4 4 4 4 6 3 3 2 9 1
311 3 6 2 5 4 4 6 1 9 7
383 8 7 4 7 7 7 1 7 6 8
306 1 2 3 9 3 9 3 6 1 6
235 2 6 8 3 2 6 5 4 7 1
380 6 3 7 8 1 6 6 7 9 7
15
348 7 6 6 3 6 7 5 5 7 5
289 5 6 8 1 7 4 5 1 1 5
355 6 8 6 9 6 7 7 3 3 2
300 4 2 2 7 4 9 5 3 5 4
278 3 4 4 9 1 9 6 2 2 1
213 3 3 3 2 1 1 4 6 1 7
340 8 7 6 8 5 8 4 6 4 2
385 7 2 8 9 6 6 2 2 9 6
302 4 3 8 2 1 3 7 4 9 8
347 5 8 8 8 6 5 1 9 9 4
350 8 4 6 8 2 4 5 3 7 6
323 5 9 6 7 2 6 2 6 8 7
303 2 4 6 6 3 2 8 4 2 8
270 4 6 3 3 4 6 2 3 8 6
281 2 5 4 4 9 4 1 1 4 8
15
342 3 8 7 6 7 2 4 6 4 7
374 6 2 9 7 8 2 4 8 5 7
342 6 7 7 2 9 4 2 8 6 6
403 9 1 9 9 6 8 4 5 7 4
321 3 2 3 9 4 8 7 2 2 4
369 3 5 1 1 7 9 8 9 9 8
352 1 7 3 4 9 7 6 1 9 8
373 4 4 9 9 3 4 8 1 9 5
327 5 6 3 3 2 7 9 9 2 8
294 8 1 1 7 4 3 6 3 9 1
332 5 4 8 6 8 5 6 1 8 1
384 2 8 3 7 6 4 7 9 9 7
318 4 6 2 6 4 5 8 2 5 7
350 6 1 3 8 5 5 9 3 9 3
296 1 5 5 5 3 5 8 3 8 4
15
340 8 3 9 4 4 6 3 2 3 9
363 5 7 5 6 9 3 4 5 8 5
320 7 8 3 8 5 3 3 7 3 6
265 4 5 6 2 2 7 2 2 8 6
271 4 3 5 3 8 1 3 7 7 4
276 1 8 4 1 8 4 9 5 3 3
242 7 6 2 5 4 2 6 4 1 2
243 4 4 4 8 2 1 2 7 7 2
435 5 6 9 9 6 5 7 3 8 9
347 4 8 2 8 5 4 8 1 3 7
273 7 8 2 2 7 3 1 6 1 7
407 6 7 6 8 6 6 8 7 5 7
274 1 1 8 6 4 1 1 8 8 6
234 2 7 1 7 1 2 3 3 9 3
444 9 1 2 8 6 7 9 8 6 7
15
313 2 1 8 6 5 6 2 4 2 9
322 4 3 6 7 5 1 4 8 2 9
401 9 7 5 2 8 7 8 5 6 7
302 5 2 1 6 1 6 5 2 8 9
345 6 5 5 6 6 5 5 2 5 8
344 6 8 7 4 5 8 8 7 2 4
355 3 4 6 9 7 3 5 3 3 7
292 9 4 4 7 4 3 3 7 4 1
376 8 7 5 1 5 7 8 9 2 8
327 1 9 9 1 6 7 9 7 6 3
438 6 9 8 9 8 5 9 3 4 8
292 3 5 9 6 3 5 3 5 2 7
444 9 3 9 8 8 9 1 3 7 9
366 9 5 7 9 1 2 6 2 8 9
369 5 3 6 4 9 6 9 6 1 4
15
259 1 7 1 1 8 3 5 1 4 9
378 3 9 9 8 8 8 4 3 6 5
280 9 3 7 2 8 2 2 5 3 2
325 9 9 2 8 3 5 9 1 4 2
307 2 8 4 3 9 9 2 9 9 2
278 5 2 7 4 9 2 5 1 2 2
220 6 3 3 5 5 2 1 1 3 2
339 1 2 2 7 7 5 3 8 3 8
254 5 5 6 7 3 3 2 2 6 1
362 2 3 5 6 9 4 7 1 7 7
367 2 1 5 9 9 6 4 1 2 8
399 9 1 9 9 4 7 6 9 8 1
292 9 6 2 1 6 4 8 2 3 4
253 1 8 3 4 2 6 1 3 9 7
251 6 1 1 9 4 5 1 9 3 1
15
434 6 5 1 8 7 9 8 4 9 8
394 8 9 3 3 6 9 5 9 7 9
319 7 3 7 9 9 4 2 4 3 1
430 6 1 8 8 8 3 8 8 2 9
312 5 3 6 4 1 6 6 5 2 8
298 6 3 7 2 8 5 6 3 3 1
273 4 5 7 5 4 5 5 2 6 2
273 7 3 2 1 4 9 3 2 7 5
387 9 6 5 4 7 7 7 6 7 5
291 3 1 5 2 3 2 9 8 7 4
329 4 2 3 5 2 3 9 6 5 9
252 9 5 2 4 4 8 1 1 8 1
370 9 5 9 4 9 6 3 6 3 6
273 7 9 7 9 1 1 5 2 3 4
292 9 5 7 3 9 1 2 9 2 3
15
295 8 6 8 9 2 6 3 6 1 1
289 7 1 2 6 1 7 2 6 4 7
331 9 2 4 3 4 7 5 3 4 7
315 1 1 8 2 5 4 3 8 7 8
334 5 7 4 7 6 1 8 7 1 4
298 2 3 5 3 4 7 2 8 6 8
402 8 9 8 4 3 9 8 2 6 8
284 1 8 7 2 8 1 7 4 9 3
325 3 9 3 6 8 1 1 3 6 9
400 8 2 6 8 9 4 9 7 1 2
319 4 6 4 7 8 2 1 4 3 9
327 7 7 3 5 5 1 6 5 8 7
369 2 4 3 8 3 5 8 4 9 9
374 7 5 7 5 6 9 1 1 6 9
297 5 1 2 3 3 5 9 9 1 4
15
294 6 9 7 1 1 7 7 6 4 4
414 9 4 3 8 9 9 7 7 1 5
330 4 7 7 6 3 9 1 9 4 8
402 5 9 8 8 3 5 9 7 7 5
337 8 8 7 4 4 2 7 5 9 4
249 1 8 2 3 5 7 1 7 3 5
245 3 3 3 3 5 5 4 6 1 5
419 9 6 5 7 4 9 8 1 7 9
252 9 3 9 3 1 6 2 5 5 1
332 5 5 6 3 6 8 5 5 9 3
281 3 5 5 8 3 4 1 2 9 6
287 1 4 8 3 6 5 6 4 9 2
375 5 6 2 7 9 9 2 8 7 5
370 7 9 2 7 7 6 8 3 7 3
274 6 5 7 6 3 5 1 1 5 6
15
352 2 8 3 7 8 9 6 4 5 3
278 6 1 7 1 5 5 7 4 6 2
232 2 6 8 1 3 1 3 8 2 5
252 5 2 1 3 8 5 2 2 2 6
388 6 6 6 1 5 9 7 5 8 9
419 8 9 9 7 6 3 7 5 1 9
280 1 4 1 1 9 1 4 7 3 9
252 3 9 6 2 2 3 3 6 8 4
366 7 7 4 1 9 9 5 6 3 9
293 1 6 5 2 6 2 4 5 7 8
366 1 6 9 9 6 8 8 3 3 2
390 5 3 3 7 7 4 9 6 4 8
325 5 9 4 4 3 7 4 2 9 8
199 1 2 1 1 4 2 2 6 6 5
307 9 3 2 3 8 3 6 9 4 2
15
383 5 8 1 4 9 5 7 9 6 6
367 9 5 6 9 5 6 4 7 8 3
323 6 4 2 2 7 4 9 8 7 3
250 1 3 5 2 2 5 9 4 2 4
282 4 1 3 6 4 1 4 7 8 4
369 9 7 7 7 4 9 4 7 2 5
319 6 2 8 2 8 4 2 3 8 6
302 3 7 8 4 5 6 1 7 1 8
338 1 8 9 6 4 6 5 9 3 5
354 4 8 6 1 7 3 5 8 8 9
437 9 5 7 7 7 9 2 7 6 9
324 8 4 6 1 2 5 9 5 3 8
291 5 1 1 3 1 4 5 7 7 9
222 6 2 5 3 5 4 2 2 8 1
311 1 7 2 6 5 8 3 4 5 8
15
317 6 4 2 8 2 5 7 7 1 5
368 5 9 5 8 7 6 9 2 2 4
312 2 9 3 5 2 7 8 9 1 5
419 7 2 4 4 9 8 8 8 8 5
299 5 1 8 4 7 4 4 7 6 1
430 6 4 6 9 6 9 9 4 7 5
288 8 6 3 3 5 2 9 6 1 2
357 8 8 9 1 9 5 4 4 9 6
277 5 8 3 3 5 6 7 4 1 2
303 5 2 2 8 3 6 9 4 3 1
345 1 2 3 9 8 3 4 6 5 7
330 6 1 6 5 8 3 5 2 4 5
337 3 2 1 5 7 7 5 1 9 8
339 6 6 9 3 2 6 7 5 7 7
276 6 8 2 7 3 2 9 5 5 1
15
400 3 1 9 4 7 9 7 7 8 6
208 3 5 1 9 1 1 3 9 2 1
437 2 9 9 8 8 4 7 9 4 9
340 9 3 8 7 3 7 3 1 6 6
351 3 6 5 5 8 8 1 2 8 7
347 7 9 7 7 3 7 3 8 2 6
328 3 5 3 8 2 1 7 9 5 8
214 5 3 3 3 1 6 3 4 7 2
347 4 9 5 8 7 5 7 5 5 2
336 6 1 2 7 7 7 8 3 7 1
292 8 8 4 7 5 5 2 1 6 4
358 3 1 7 7 8 8 5 1 5 6
306 4 9 1 1 7 6 2 8 6 7
325 9 9 2 2 5 8 2 5 4 8
265 4 5 1 6 2 5 7 3 5 2
15
359 8 5 9 2 9 3 3 9 3 7
335 7 1 3 7 4 6 8 2 8 4
360 8 1 2 9 5 7 5 6 5 6
268 1 2 3 4 1 9 4 7 3 6
250 2 7 1 5 3 1 8 4 6 3
320 5 5 2 2 1 6 8 4 9 8
265 8 3 3 2 6 3 8 8 1 1
381 4 1 6 3 6 8 8 8 9 6
321 4 2 3 5 9 9 3 3 9 1
339 5 5 8 2 6 8 4 7 1 7
327 7 6 6 5 4 9 2 6 1 7
257 2 7 5 1 7 3 5 6 6 3
400 6 8 3 8 9 6 9 3 9 1
382 4 1 8 6 9 7 2 7 1 9
289 7 9 5 5 6 5 5 8 2 1
15
346 2 6 4 6 9 3 9 9 3 3
168 1 1 1 3 1 5 2 3 6 2
318 2 7 4 9 4 4 9 1 3 3
350 6 8 8 6 8 3 2 4 8 4
318 4 3 5 2 7 6 9 8 6 2
393 9 4 2 9 6 7 9 2 1 8
329 7 2 6 3 7 6 3 7 6 6
345 6 8 6 7 5 4 9 8 2 2
276 2 3 2 6 1 7 9 8 3 1
353 1 6 9 9 3 9 1 7 7 5
299 6 8 8 1 4 6 3 6 5 6
328 3 9 5 6 4 3 6 5 4 8
202 1 2 2 6 4 2 4 3 3 1
293 5 4 8 1 4 9 2 7 3 7
365 7 3 4 5 9 5 9 3 3 4
15
301 9 5 3 7 7 8 1 7 3 1
308 3 6 2 3 9 3 2 4 8 8
272 7 1 3 1 5 9 1 9 4 4
371 6 4 7 9 5 2 7 6 1 7
357 9 4 1 7 1 5 8 7 1 9
239 7 1 8 4 3 1 3 6 3 1
287 8 3 8 4 5 1 8 4 1 2
287 6 5 1 2 9 1 2 1 9 8
179 3 5 7 1 1 3 1 7 8 2
366 4 5 6 6 9 4 6 6 2 7
369 2 3 8 3 9 4 6 2 5 9
355 4 4 5 9 4 2 4 9 4 8
211 1 7 1 6 3 3 1 9 2 2
260 3 8 1 9 1 4 2 6 1 7
298 9 2 1 5 7 4 7 5 2 2
15
348 4 5 8 3 1 9 5 6 5 9
216 6 4 4 5 2 1 1 9 3 3
361 6 9 5 7 7 9 1 2 3 7
303 5 7 3 7 5 2 5 9 8 3
258 6 9 3 4 1 4 3 7 1 6
294 5 5 5 1 5 6 5 6 1 7
316 9 8 2 7 2 6 4 1 6 6
391 5 6 3 7 9 9 7 4 2 6
259 4 8 4 3 8 2 4 2 7 2
208 5 4 2 2 5 1 1 9 6 1
414 5 8 8 6 6 8 7 5 8 7
401 1 2 8 9 9 1 8 7 7 7
362 9 3 8 2 3 6 7 5 4 8
269 4 4 4 1 4 4 2 7 8 7
397 8 8 5 3 7 8 7 8 6 6
15
316 6 7 7 5 6 1 4 1 7 7
294 8 8 2 4 2 2 4 6 7 7
335 6 7 3 5 9 7 2 7 8 4
378 2 3 8 6 3 6 9 8 2 8
276 5 2 1 1 4 9 4 8 2 8
288 8 4 9 6 1 5 3 5 2 3
349 3 5 4 8 9 5 3 8 9 3
341 2 1 9 4 9 5 4 1 6 7
207 8 2 5 1 3 5 1 1 7 3
360 2 4 6 5 9 9 8 5 3 3
250 8 8 4 1 4 7 5 7 3 1
347 8 2 7 9 4 7 4 1 6 4
246 2 6 1 3 4 5 9 3 5 3
285 1 5 8 3 7 5 7 5 2 2
310 9 6 9 6 8 3 1 4 1 2
15
203 5 5 4 3 2 4 1 9 2 1
269 3 9 4 2 9 6 3 2 8 2
335 2 4 6 6 5 8 8 1 2 5
386 3 7 8 9 1 4 7 6 9 8
317 3 4 6 2 7 9 8 5 2 2
349 3 6 8 8 3 2 7 1 9 6
371 1 3 9 3 7 3 9 7 7 6
343 9 3 9 3 4 6 8 1 3 6
354 7 8 6 7 3 3 6 9 4 7
307 8 7 1 4 6 9 6 8 3 1
312 9 3 3 5 5 2 4 7 1 6
217 1 4 2 9 1 2 3 8 3 3
253 2 3 4 3 5 7 5 5 9 1
346 5 9 7 2 7 9 4 9 2 5
398 3 8 8 7 7 7 7 2 5 8
15
305 4 5 3 8 8 1 3 5 3 4
287 6 3 3 7 1 8 2 5 5 5
248 4 8 4 1 1 9 7 3 3 3
324 8 8 5 4 1 3 9 5 1 9
344 9 5 6 5 1 4 6 5 9 8
367 6 3 1 6 2 9 8 7 9 6
335 8 4 2 8 3 5 9 8 2 4
230 7 2 2 5 1 4 4 4 5 4
320 7 3 5 8 8 1 3 3 9 1
300 3 3 9 7 4 5 6 3 3 2
354 9 1 3 9 7 8 7 5 2 1
402 2 7 8 8 1 9 9 6 8 8
307 6 4 6 9 3 1 5 2 4 5
328 1 3 8 2 3 5 9 2 7 9
302 8 9 8 6 3 1 9 1 7 1
15
299 4 4 2 1 9 3 6 2 5 8
278 6 9 3 7 4 9 1 2 1 5
343 8 5 3 4 5 5 6 6 2 7
346 3 9 6 5 9 4 9 8 3 2
329 4 5 4 6 9 5 3 3 8 3
267 1 2 6 3 3 2 5 5 6 8
370 8 7 3 3 9 4 7 1 6 8
276 4 7 3 1 8 2 1 7 6 8
339 3 3 9 6 2 1 3 8 8 9
274 4 4 3 4 2 4 8 6 4 3
322 1 9 9 1 9 7 6 7 5 1
394 4 4 8 9 9 6 3 7 5 6
306 2 7 1 3 9 6 4 4 3 7
467 8 9 9 4 7 9 8 7 8 9
193 8 8 2 2 3 5 2 2 3 2
