250 10
1250 1250 1250 1250 1250 1250 1250 1250 1250 1250
10
346 8 3 2 9 8 9 5 4 6 9
272 1 9 9 1 9 4 8 6 1 4
215 1 3 2 4 2 6 9 2 1 7
260 3 7 7 9 6 1 3 8 2 2
160 1 1 1 7 5 2 5 4 1 6
321 4 4 7 6 9 2 9 8 8 7
316 8 6 8 9 9 5 2 5 3 3
316 6 9 3 5 3 8 6 3 5 7
208 1 7 4 5 1 9 2 3 7 1
293 4 4 6 7 2 8 3 8 4 6
10
272 4 1 6 3 2 8 8 7 6 3
302 2 8 7 3 7 6 9 4 5 6
266 1 1 5 5 4 9 8 4 9 6
323 4 7 7 9 8 7 1 3 9 6
261 3 4 2 6 2 6 9 5 3 8
280 6 7 7 7 4 2 2 7 1 3
239 6 6 1 7 8 1 2 7 3 2
227 1 2 3 8 5 7 1 5 5 9
260 9 1 2 8 8 7 1 8 5 2
284 2 3 7 5 4 8 3 4 9 8
10
325 7 9 2 3 4 5 9 1 9 7
269 7 2 7 5 5 1 1 4 8 6
319 9 5 8 3 4 2 5 5 2 7
283 1 4 6 6 8 6 9 8 7 5
204 2 1 4 6 5 7 5 6 4 3
237 5 3 1 7 9 4 5 4 8 1
246 1 8 4 5 9 3 1 7 4 9
264 6 3 3 6 9 4 4 7 1 8
216 6 2 4 5 1 4 4 4 6 1
253 2 8 3 3 6 2 6 6 9 4
10
246 3 7 2 9 6 7 3 4 3 2
250 2 9 2 7 8 1 9 9 3 1
238 5 1 1 6 8 6 8 5 1 7
276 1 7 8 1 7 8 2 9 7 7
225 5 1 7 1 9 2 3 4 9 6
337 6 6 9 6 8 1 7 3 5 7
243 6 7 1 9 8 1 2 9 2 2
284 3 9 1 2 7 8 4 7 4 9
250 5 2 9 8 3 4 1 3 9 1
318 8 9 1 7 5 6 7 2 9 2
10
367 7 9 8 7 8 5 6 9 4 6
226 1 8 1 2 6 7 6 6 6 4
268 6 1 2 5 2 3 7 4 9 7
289 4 9 8 4 3 8 2 7 5 2
205 4 2 3 7 4 2 4 2 9 1
253 2 4 6 5 1 9 3 9 2 3
337 7 5 6 8 1 8 6 5 4 5
241 7 1 4 6 8 5 2 1 8 3
299 5 8 1 9 6 7 8 1 6 6
302 6 5 9 4 1 3 7 3 4 5
10
308 6 9 3 4 3 5 7 1 4 8
195 2 5 4 7 6 3 1 7 4 2
327 9 7 1 8 5 5 7 2 4 9
212 6 2 6 3 1 6 4 3 1 4
293 1 8 5 5 2 1 5 6 9 8
258 1 9 8 2 1 4 8 1 4 4
283 3 8 5 6 7 6 2 4 7 6
290 1 9 5 6 9 8 1 8 5 9
258 2 6 2 5 8 7 1 8 2 9
256 7 5 2 7 1 9 2 3 5 4
10
211 3 6 1 4 8 5 1 3 8 5
240 4 2 1 5 1 7 7 1 8 4
261 7 2 7 2 6 6 2 5 6 6
290 6 5 5 4 8 5 4 6 8 7
344 5 4 9 9 3 3 7 5 8 9
287 3 9 9 2 6 4 5 2 2 6
338 8 8 7 8 7 2 9 1 6 5
244 5 2 2 6 3 2 3 2 8 8
227 3 7 6 2 6 2 9 1 4 2
273 1 2 8 9 4 1 7 6 7 6
10
312 3 4 6 5 6 8 6 5 8 8
268 7 3 2 9 2 5 6 9 1 1
200 7 2 5 3 6 1 5 5 1 2
212 5 2 3 4 9 7 2 2 7 4
352 7 9 3 4 9 8 4 9 8 5
314 9 9 1 9 4 7 3 2 4 3
241 1 7 7 4 1 4 1 7 8 4
291 3 3 5 9 4 5 4 8 3 8
228 2 2 6 9 2 2 4 3 1 8
246 3 1 2 6 2 1 9 8 9 3
10
234 6 3 8 2 2 4 3 1 5 2
197 4 2 1 9 7 2 3 4 1 4
213 3 3 5 6 4 1 2 9 1 7
196 2 1 2 7 3 1 2 8 9 5
198 5 5 2 3 8 3 5 4 1 1
267 5 2 3 3 4 4 3 9 9 7
363 9 7 4 4 2 4 7 5 9 9
180 4 2 4 6 4 1 1 1 9 2
185 2 5 1 1 1 5 5 1 4 8
277 4 2 8 9 8 4 1 7 1 8
10
359 7 9 9 3 1 6 5 6 9 8
240 2 7 3 4 8 1 3 8 2 9
216 3 3 3 4 6 4 4 8 4 3
321 9 9 9 2 6 2 4 6 6 1
153 1 6 1 1 1 1 8 2 3 1
244 4 3 4 7 2 9 5 2 4 5
250 1 6 8 5 3 1 5 8 3 5
269 5 9 1 2 9 5 4 5 4 6
250 4 1 7 5 8 4 4 8 2 8
316 6 8 8 7 3 8 2 5 6 4
10
229 3 1 3 6 5 1 8 6 4 4
271 5 5 9 2 4 8 3 5 1 7
311 5 8 4 3 5 9 6 4 2 7
250 5 2 2 4 7 6 8 7 7 1
252 5 8 8 6 3 1 5 2 3 2
232 8 2 1 8 3 1 3 4 1 9
230 3 7 3 1 2 3 9 5 3 3
210 5 2 2 5 4 4 1 1 3 8
269 1 9 7 6 3 4 5 7 7 2
303 3 6 4 9 7 7 9 4 1 6
10
181 1 4 1 4 1 8 1 5 1 9
267 2 8 2 7 7 5 1 9 8 6
214 1 2 5 3 3 1 6 9 7 2
268 2 2 8 3 6 4 5 9 8 6
265 5 1 7 4 7 3 8 5 7 3
291 8 3 8 2 4 5 7 4 8 2
180 5 1 7 4 7 3 2 1 3 1
346 8 9 1 6 8 9 8 2 4 9
289 3 3 3 7 1 9 5 2 8 9
295 7 4 6 5 8 7 1 8 6 3
10
162 2 1 3 3 8 3 4 3 1 7
329 7 9 5 9 1 3 5 1 6 8
327 8 9 7 3 7 6 3 3 9 2
305 8 9 2 9 1 1 8 1 6 5
294 2 7 3 9 1 9 6 2 7 9
272 6 7 1 5 5 8 9 5 3 1
258 9 1 1 8 4 4 1 5 1 8
158 1 2 1 6 7 8 2 2 3 2
327 6 5 4 9 1 1 8 7 9 6
245 6 1 3 4 3 5 9 6 6 2
10
319 9 7 6 3 3 5 6 1 8 7
222 1 7 3 9 1 1 5 7 3 3
292 6 1 8 5 9 3 7 9 4 7
230 1 7 4 4 2 4 4 9 4 1
252 9 6 2 3 3 2 7 3 2 2
300 7 4 4 5 9 9 1 8 5 8
231 6 2 5 4 6 4 5 3 4 3
335 8 4 9 9 6 2 7 8 3 2
303 8 6 7 7 9 2 6 1 8 3
339 9 6 4 8 4 7 2 4 6 9
10
304 3 9 3 9 5 9 7 5 3 2
292 6 5 8 2 9 7 9 1 3 6
335 5 7 8 9 7 9 4 6 9 3
204 1 3 5 5 8 3 8 2 2 3
236 4 6 9 1 6 2 6 2 7 1
340 8 4 8 8 5 9 8 4 5 3
220 5 2 2 2 1 2 7 5 4 6
353 7 9 9 3 9 2 7 5 6 7
245 2 7 1 8 4 5 3 3 4 8
334 1 8 6 8 7 6 6 8 8 7
10
244 6 3 5 5 5 3 4 9 7 1
299 7 9 2 2 9 2 8 5 6 3
250 7 1 2 7 1 8 2 9 1 4
306 7 3 4 9 8 3 5 9 2 7
243 3 8 6 1 2 6 7 1 2 3
199 2 4 6 5 1 4 8 1 2 1
371 9 8 8 6 9 8 2 5 9 5
254 4 6 4 4 5 6 6 6 3 2
245 4 8 5 8 4 3 1 1 7 3
317 4 1 9 4 7 6 8 7 7 8
10
317 1 8 9 8 7 8 3 1 8 7
302 4 9 4 9 9 9 1 9 4 5
272 2 9 4 6 1 7 2 6 4 6
223 1 5 4 7 4 1 4 2 4 8
256 7 7 9 5 5 1 1 1 7 2
243 1 9 2 7 1 4 7 4 4 4
246 5 9 3 4 4 6 5 3 4 1
278 7 2 2 5 7 6 5 8 6 3
253 2 3 4 9 4 1 5 6 7 9
302 8 5 9 7 4 4 2 1 3 6
10
300 5 6 3 5 2 3 6 9 9 7
334 6 7 9 5 2 5 8 4 1 6
298 9 4 8 4 9 7 8 2 1 1
307 7 3 6 3 2 7 5 2 7 8
149 4 1 1 4 5 2 4 2 2 1
285 9 2 3 7 3 8 2 9 4 6
334 9 9 9 8 2 4 1 1 6 3
324 7 7 2 9 9 3 1 9 7 8
309 7 1 7 6 2 7 4 9 6 4
308 3 1 9 6 3 5 9 8 3 7
10
270 6 1 9 2 2 7 9 2 7 3
290 2 9 4 6 9 4 1 5 7 9
269 4 5 8 8 5 7 5 3 5 1
330 9 2 8 8 2 9 5 1 6 4
269 1 6 9 8 1 8 1 2 9 6
349 7 7 7 1 5 8 8 3 5 8
222 1 7 1 1 7 3 9 4 8 3
367 8 9 5 8 3 9 2 4 6 9
251 7 1 7 1 3 2 9 1 1 9
328 4 8 9 1 6 5 8 9 4 7
10
257 8 2 5 4 1 3 2 8 8 2
244 7 1 5 7 6 2 2 1 7 8
284 6 6 1 9 1 5 2 9 4 8
225 4 4 7 4 9 6 1 7 3 1
302 6 2 7 7 7 7 7 2 3 7
188 2 8 1 5 7 3 3 5 1 3
306 5 6 5 6 1 9 1 5 6 8
308 8 3 9 6 6 8 2 7 5 2
284 4 8 4 8 4 7 3 4 9 3
326 7 6 7 1 5 5 7 8 2 8
10
335 9 4 7 7 9 7 7 4 8 2
274 5 7 1 5 5 5 3 6 9 3
179 2 3 1 6 8 9 2 3 1 2
308 6 8 3 8 9 3 4 8 3 4
276 7 1 9 1 1 8 4 9 3 5
294 1 8 5 6 7 6 9 6 4 7
291 8 8 3 1 8 7 2 5 8 6
275 3 4 7 8 2 9 1 5 6 4
228 5 4 7 4 4 3 1 1 4 7
228 3 1 8 7 2 4 7 3 6 1
10
331 9 3 3 2 1 6 9 8 7 8
363 4 9 6 7 5 9 3 9 8 8
172 4 4 1 2 4 5 1 5 3 1
288 7 6 2 3 2 7 8 5 1 8
253 7 3 3 4 4 7 1 3 4 9
272 7 3 9 6 6 3 3 7 5 1
329 7 7 7 1 4 2 9 2 9 6
292 6 3 9 1 4 6 4 2 8 7
329 4 7 9 1 4 4 6 8 6 8
287 9 1 9 6 4 9 1 4 5 2
10
289 7 4 3 9 8 4 7 2 1 5
246 6 5 4 5 4 6 2 3 6 5
192 1 4 5 5 3 1 8 3 3 1
293 7 5 5 2 1 3 7 5 8 7
289 5 2 8 8 1 7 1 2 7 8
311 6 5 9 4 7 6 5 3 8 3
331 9 7 8 7 2 5 8 2 6 1
232 3 4 1 7 6 9 5 2 1 4
289 7 9 3 6 7 1 3 9 3 4
275 2 2 6 5 3 1 7 7 9 8
10
253 1 6 6 6 5 3 8 9 7 1
297 1 6 8 3 5 9 6 9 7 3
292 7 9 4 2 1 4 8 2 9 3
261 2 4 5 6 8 7 6 8 1 3
281 6 2 6 3 9 5 6 3 8 7
208 3 2 1 8 8 1 3 9 3 4
254 3 5 4 2 3 5 9 2 6 5
303 7 9 2 5 9 8 2 7 1 5
279 6 6 8 4 7 9 1 2 8 2
248 6 5 1 6 5 6 5 7 2 4
10
257 2 1 5 8 1 9 4 3 8 7
300 9 1 5 3 6 7 3 9 6 8
305 4 5 4 7 9 4 4 4 9 8
396 8 8 9 8 6 1 6 8 9 6
265 5 5 2 3 6 5 2 7 9 6
246 3 1 1 9 5 6 5 9 3 5
295 1 6 6 3 6 9 8 7 1 7
375 8 9 4 8 1 6 9 8 9 4
283 7 1 2 3 7 7 7 8 8 6
254 2 5 2 8 3 9 9 4 4 3
10
313 8 9 6 2 8 4 2 8 2 8
264 6 9 3 6 8 2 3 1 7 3
338 9 4 3 7 4 7 6 8 2 9
259 5 3 8 1 3 3 5 8 9 3
362 9 5 5 8 7 8 1 9 7 8
208 3 2 5 2 4 7 3 8 4 3
295 9 8 1 1 3 9 5 3 5 5
171 2 1 4 8 6 6 2 4 1 2
264 6 2 8 3 5 4 4 7 2 6
280 5 7 6 9 8 1 2 4 4 6
10
283 5 6 7 9 4 7 3 5 2 4
322 2 6 4 5 4 6 8 8 9 8
268 1 9 2 4 4 3 9 7 8 5
187 3 1 2 9 9 7 1 3 1 3
332 6 8 6 6 6 4 1 8 8 7
355 7 9 6 5 3 5 4 5 5 9
329 9 7 2 5 8 9 1 9 6 7
247 4 9 3 6 8 9 1 3 3 4
286 1 6 7 3 8 7 9 4 6 5
238 4 2 7 2 8 8 5 7 4 2
10
269 4 3 6 6 2 9 8 3 9 1
341 8 7 2 5 1 6 8 9 5 7
346 7 8 4 7 3 1 8 3 8 7
288 8 4 4 5 4 4 8 8 4 2
250 3 9 9 2 5 6 2 4 6 1
377 8 8 9 1 9 8 9 5 8 7
294 5 4 7 8 2 3 7 7 3 4
280 4 7 7 2 6 1 9 9 7 1
288 5 9 8 2 3 3 8 6 2 4
254 3 7 7 5 6 6 3 8 1 4
10
288 8 1 8 6 1 8 4 9 4 2
304 3 8 3 8 8 6 4 3 9 5
226 4 3 3 4 2 8 4 8 2 2
289 8 3 9 6 8 2 2 9 1 7
255 2 1 7 4 6 8 1 6 9 6
265 8 4 9 1 3 6 1 6 3 5
316 7 7 9 5 2 3 4 5 5 5
396 6 9 5 9 4 5 9 9 8 9
212 1 2 1 5 6 1 9 3 7 7
201 4 4 1 1 4 2 3 9 8 2
10
325 4 4 7 7 2 4 8 7 4 9
247 5 4 7 7 2 1 6 2 5 4
310 8 8 8 8 6 8 1 2 2 3
191 4 6 2 5 4 2 3 5 1 1
258 3 3 2 8 1 6 8 4 8 4
271 8 9 9 3 7 2 1 1 3 3
289 5 6 3 4 5 8 4 5 2 9
275 6 1 7 5 2 9 6 7 8 2
259 8 3 2 4 1 3 9 3 7 2
302 5 8 4 5 5 2 9 4 9 1
10
309 8 7 6 2 5 9 4 7 1 7
233 1 1 3 2 7 8 9 5 9 4
372 7 8 9 4 8 3 9 8 9 3
304 8 1 8 1 3 5 2 9 9 6
278 3 2 9 6 6 4 5 6 6 4
208 4 1 5 5 5 5 3 1 2 6
241 3 1 9 3 4 2 1 8 9 5
251 5 1 8 2 1 9 1 5 2 7
261 5 5 6 8 4 3 5 3 1 7
351 9 5 7 7 7 5 3 1 9 8
10
351 8 5 5 7 6 9 6 4 5 6
335 6 7 7 1 8 9 8 4 8 6
224 7 2 3 7 3 7 3 7 2 1
356 9 6 9 3 1 6 1 9 9 8
331 9 4 6 5 6 6 4 2 9 8
323 8 9 2 5 4 4 2 8 4 9
264 2 3 9 1 6 7 7 5 6 7
295 8 4 3 8 2 7 4 4 1 8
342 6 7 9 4 2 4 9 2 9 4
238 1 9 3 2 2 2 6 1 9 7
10
219 1 6 7 7 6 8 1 9 1 1
318 1 9 9 7 9 8 1 4 8 9
247 2 3 6 9 5 2 7 1 2 8
269 4 4 7 3 1 9 1 8 7 4
313 4 6 8 4 3 4 9 7 6 6
232 7 2 2 2 5 2 5 2 6 5
232 8 1 4 9 1 1 2 6 3 1
325 6 3 9 9 9 9 1 5 6 9
281 4 3 7 9 8 5 5 4 7 3
318 4 6 1 8 3 7 9 9 9 6
10
359 7 3 9 7 7 5 7 7 5 8
242 4 3 9 5 1 7 5 3 4 2
321 7 9 6 9 9 7 1 7 8 1
358 6 9 6 6 9 6 5 9 5 8
305 5 8 6 4 6 3 8 7 8 2
229 5 1 5 4 5 9 5 6 2 2
200 3 2 3 5 1 5 3 1 7 4
294 4 7 5 4 7 7 8 7 2 3
325 8 6 6 9 5 4 4 3 9 6
354 5 8 7 6 2 7 9 1 9 6
10
290 7 4 6 3 9 9 3 7 1 8
334 7 6 1 7 3 9 5 7 8 5
221 6 5 5 7 4 6 2 4 1 1
299 5 5 9 3 4 6 2 4 7 8
217 3 5 2 4 5 3 2 4 8 3
207 3 6 5 8 5 2 6 1 1 1
256 7 3 1 7 2 9 4 6 5 4
288 5 4 9 4 6 6 6 4 7 1
251 3 2 6 7 3 1 3 7 7 7
309 8 6 1 4 7 4 9 3 7 6
10
289 4 8 3 2 5 3 8 7 9 3
140 1 1 1 4 8 1 2 6 7 1
245 2 3 7 9 2 6 3 3 9 2
251 3 3 8 2 8 1 3 8 7 6
198 4 6 1 1 9 8 2 4 3 1
312 6 7 5 2 3 2 6 8 8 7
258 6 1 3 2 4 7 9 9 1 5
296 6 5 9 7 2 4 6 4 3 2
254 7 5 2 1 1 4 8 3 1 5
238 1 9 6 5 1 2 4 5 7 3
10
307 7 3 8 2 8 6 7 7 8 4
315 4 3 7 7 7 3 6 8 9 5
268 1 9 6 9 1 4 5 3 6 3
250 4 1 8 9 2 2 3 7 4 3
272 5 4 5 2 9 4 7 7 9 2
249 3 3 7 1 3 5 9 8 4 4
283 6 7 8 2 4 9 6 4 4 1
254 3 1 6 8 4 7 8 3 1 4
342 8 6 9 6 3 7 6 4 6 3
184 2 5 5 7 2 1 3 6 1 1
10
296 5 6 4 7 6 7 2 5 4 9
223 2 1 9 5 3 7 3 4 1 7
248 5 2 1 5 5 6 7 2 8 3
316 6 8 7 3 2 7 6 7 5 3
208 3 1 1 9 6 2 1 7 9 6
348 3 8 9 4 1 8 9 8 3 6
251 4 8 1 2 8 5 4 7 2 5
313 7 1 2 3 3 9 9 2 9 9
141 1 2 4 1 4 2 6 1 1 3
312 9 5 7 5 5 1 1 6 5 7
10
258 3 2 6 5 3 9 8 3 3 4
339 6 9 7 1 7 6 4 9 8 5
255 4 3 3 6 8 7 6 5 1 6
283 6 3 8 1 7 7 6 7 5 3
223 5 5 7 3 7 4 3 4 2 2
271 5 1 8 4 3 4 9 8 5 1
265 3 9 3 7 5 3 6 4 4 6
224 4 4 5 1 3 4 1 7 4 7
282 6 5 7 1 8 5 9 2 9 1
332 7 8 2 9 6 5 6 5 7 3
10
316 4 4 5 2 9 9 9 8 6 7
338 7 4 5 9 1 9 2 8 7 7
315 5 7 6 7 9 3 9 9 1 1
321 7 8 5 3 3 4 7 5 4 7
255 3 1 9 3 1 6 6 3 3 9
270 7 5 4 5 3 7 3 3 7 2
217 2 1 4 6 7 2 4 4 5 8
270 4 4 9 4 1 2 8 6 3 5
344 6 7 6 7 4 9 7 3 5 8
276 8 6 3 3 3 8 7 5 5 1
10
303 8 6 3 2 4 4 7 9 5 6
311 7 7 6 5 1 4 7 6 5 2
403 9 9 7 5 9 3 8 5 8 9
279 9 2 2 9 6 6 6 2 7 4
285 6 3 7 4 8 6 9 9 2 2
255 3 3 9 9 5 2 3 1 6 4
193 6 1 3 6 2 3 2 8 1 3
182 1 5 2 5 7 3 2 3 6 4
266 2 4 7 5 9 8 1 1 7 9
311 5 7 8 7 7 2 2 9 8 5
10
186 1 2 6 4 2 6 2 1 4 7
288 6 1 9 6 8 4 2 9 9 1
231 2 9 7 3 1 3 1 6 1 6
285 4 2 4 7 8 7 9 9 9 2
286 6 7 8 1 8 6 4 1 7 3
318 6 8 2 1 2 9 9 7 1 7
232 3 2 5 7 3 1 2 8 3 7
271 1 8 3 6 4 3 9 1 7 6
338 7 7 8 3 6 7 7 8 2 6
248 5 5 1 7 2 5 1 4 8 7
10
285 3 7 5 8 8 6 2 3 3 9
344 8 7 2 9 6 8 2 1 9 8
296 9 6 1 6 9 7 6 6 3 1
295 8 1 9 1 5 3 3 8 4 8
289 6 1 6 4 5 1 9 4 8 6
207 1 1 8 5 7 2 6 4 5 4
261 5 1 1 5 6 6 7 6 1 9
260 6 1 9 9 3 5 2 4 3 5
242 5 3 4 9 9 7 3 3 8 1
194 4 1 2 6 4 2 2 1 6 9
10
260 1 7 8 5 3 1 6 9 2 6
290 3 7 8 7 5 4 7 4 2 3
301 5 5 7 5 6 6 5 7 5 4
207 5 6 4 1 6 2 2 3 1 6
248 6 3 2 6 8 3 5 4 8 5
302 7 2 2 6 4 9 7 7 6 5
283 3 1 9 1 9 6 9 9 1 9
313 7 4 9 3 4 4 6 6 6 7
229 2 6 3 6 3 3 9 1 5 4
342 9 6 1 9 4 3 9 7 8 2
10
331 7 2 7 7 9 1 8 7 9 5
285 2 2 8 5 6 9 3 9 6 7
262 7 2 1 2 7 8 8 6 4 4
407 7 7 9 9 5 7 8 9 9 3
226 2 8 6 5 4 1 3 4 3 2
238 5 1 4 5 3 8 5 3 2 8
215 4 2 1 3 5 6 4 6 8 5
284 6 9 6 1 3 9 5 2 1 4
311 6 9 2 3 9 6 6 8 1 9
270 6 2 5 9 9 8 5 4 5 3
10
236 7 3 4 4 9 1 7 3 4 3
272 3 7 7 9 8 6 2 7 1 1
311 3 7 5 4 1 2 8 8 8 7
262 9 2 4 6 9 4 4 6 1 4
215 4 2 5 2 4 1 9 3 6 3
302 6 8 3 8 3 9 4 2 1 7
192 2 5 1 4 5 1 9 1 3 2
236 1 2 3 8 8 7 6 7 3 7
208 8 1 1 3 5 1 1 9 3 5
236 3 3 9 8 2 4 1 2 6 3
10
276 6 2 7 5 5 1 9 2 5 7
247 2 4 7 7 5 3 8 1 8 1
233 2 2 4 5 1 8 6 1 8 4
260 5 6 3 7 4 4 5 3 6 1
325 5 9 8 9 2 7 5 8 5 1
286 3 5 5 6 3 7 7 3 4 7
235 1 6 2 6 2 8 7 1 7 3
222 6 2 1 8 3 4 6 7 2 1
195 1 1 5 5 2 6 6 2 6 2
309 8 1 9 9 4 7 7 2 6 2
10
337 9 6 6 4 1 6 2 7 6 8
229 3 4 8 3 7 3 3 3 2 7
370 7 8 5 3 2 6 9 5 6 9
264 4 6 7 5 7 6 2 4 6 5
232 2 9 4 2 6 4 9 4 1 1
313 4 7 8 8 4 5 2 8 4 5
267 7 2 2 5 7 9 4 2 5 7
320 3 6 8 8 4 4 8 6 3 6
274 3 3 2 9 5 6 5 4 7 7
206 2 3 3 4 9 7 1 6 3 5
10
350 9 6 7 5 9 6 7 8 5 3
307 2 5 6 6 8 1 9 5 9 7
279 3 7 6 9 6 1 9 6 2 2
211 7 1 4 7 7 3 1 3 1 5
265 8 6 7 1 6 4 2 1 7 4
326 7 4 8 4 5 5 9 2 6 7
239 5 2 2 8 7 1 1 6 7 7
190 2 7 3 1 8 1 3 6 3 3
306 6 5 8 6 8 5 6 1 1 7
233 8 1 4 3 7 2 8 1 2 4
10
331 7 4 5 8 4 2 6 9 7 6
275 6 3 2 7 8 8 5 2 3 7
310 7 4 9 6 9 1 1 9 6 9
232 1 6 2 2 4 6 2 5 9 6
248 7 9 7 2 3 5 4 1 3 1
287 7 5 6 2 8 1 9 3 6 3
394 9 6 7 7 6 6 9 8 3 8
291 6 9 8 8 7 9 1 1 3 3
323 7 4 7 5 3 8 8 6 4 4
337 9 7 4 1 6 8 9 1 4 7
10
187 4 1 2 8 7 1 1 6 8 1
229 4 3 1 9 8 5 3 9 3 2
305 9 3 8 6 7 4 2 8 1 8
271 7 4 6 5 8 3 9 1 2 3
242 8 2 6 3 1 8 2 1 5 3
321 3 3 7 7 3 6 9 7 6 8
194 1 2 6 4 6 3 8 1 9 1
243 9 1 4 2 8 5 2 3 5 8
242 1 8 8 4 8 8 9 1 1 1
309 7 4 4 1 2 4 6 9 9 8
10
280 1 8 9 3 2 5 9 9 3 2
333 9 7 6 3 7 8 7 4 4 4
282 1 8 1 7 9 5 9 6 2 6
327 7 7 2 2 1 8 8 5 5 8
291 3 9 7 2 4 3 5 7 6 6
169 3 1 1 2 4 2 8 6 3 2
246 7 4 6 1 8 5 3 1 7 5
286 3 7 9 6 1 2 7 2 9 2
266 3 5 8 6 4 4 4 8 7 2
343 9 1 7 6 4 5 8 4 8 6
10
263 4 5 6 8 7 9 4 7 2 1
330 5 5 3 6 7 8 8 9 4 7
342 5 7 7 7 4 2 6 9 3 9
301 8 6 1 8 7 3 3 8 2 8
279 5 3 6 6 3 9 5 1 7 4
194 1 1 2 1 7 5 9 5 3 7
287 6 5 3 4 2 4 7 3 8 9
276 5 4 2 6 9 9 2 6 9 7
303 4 6 8 5 7 3 5 6 3 7
224 4 4 5 1 6 5 5 5 4 2
10
256 8 1 3 3 9 3 4 6 8 6
248 5 2 8 5 7 8 3 5 1 3
294 9 8 1 2 1 7 6 7 8 1
293 8 8 7 2 2 4 6 4 1 6
332 9 7 9 5 8 3 8 6 1 4
368 7 7 9 7 9 9 1 5 5 8
301 8 1 2 5 8 4 7 9 7 5
352 8 6 5 4 4 8 9 7 5 4
296 5 9 9 7 7 4 1 4 1 4
275 6 9 4 2 5 6 3 1 3 7
10
262 3 2 3 6 5 8 9 7 6 1
293 3 4 5 8 8 9 2 4 8 6
239 4 5 1 3 8 3 4 9 2 6
216 1 2 6 6 8 9 5 1 7 1
287 3 8 8 5 2 9 4 9 5 1
286 8 1 4 8 9 3 9 9 6 1
275 9 5 6 1 6 4 2 7 8 3
353 5 7 4 5 9 8 7 8 9 5
222 4 5 9 2 1 2 3 2 6 3
220 2 3 7 9 2 8 2 1 7 2
10
199 1 2 3 2 7 2 6 6 2 9
242 2 2 4 2 3 1 9 8 7 9
302 9 4 5 7 6 3 6 1 4 8
275 3 9 6 3 9 4 6 4 4 6
309 5 5 9 9 3 6 6 4 7 3
265 2 7 8 7 5 1 2 7 7 4
254 4 2 6 5 1 2 6 6 9 4
274 4 1 1 6 9 8 6 6 8 8
293 4 1 9 3 7 7 4 6 7 8
282 5 8 2 4 5 4 8 5 6 4
10
238 6 2 1 8 2 7 2 7 8 1
347 8 8 9 6 5 5 3 3 4 9
218 2 7 6 1 1 1 1 4 7 8
328 6 6 6 8 5 2 7 5 7 5
327 4 8 8 4 4 6 9 7 1 6
190 5 4 5 1 2 3 1 1 1 6
264 5 2 7 9 1 5 1 7 1 6
237 5 8 2 8 2 1 4 6 1 4
335 8 9 2 8 2 5 7 5 4 7
318 5 5 7 6 6 7 7 6 4 8
10
153 1 6 5 1 9 1 2 5 1 1
331 3 5 7 8 3 5 9 4 3 9
386 9 5 9 8 1 7 9 1 6 6
231 8 2 1 2 6 7 2 4 1 8
217 3 5 5 6 9 3 4 4 4 1
290 9 5 7 2 9 8 3 6 3 1
310 4 1 9 7 3 8 9 3 3 9
332 8 6 9 2 9 5 3 6 5 9
268 2 6 5 1 5 3 5 8 8 6
314 9 7 4 3 7 8 2 8 8 1
10
317 1 9 5 8 3 9 7 8 6 3
289 6 5 8 4 9 2 2 6 9 5
306 7 1 4 9 2 9 7 7 1 7
329 8 4 7 2 6 5 9 9 5 4
295 3 7 7 4 4 9 3 4 1 9
351 9 7 9 3 7 9 7 3 4 3
220 4 2 1 9 3 5 1 2 9 3
313 8 5 6 1 4 5 2 8 8 7
254 4 5 7 3 9 8 6 2 1 2
248 2 4 7 2 9 7 6 6 5 5
10
371 7 5 8 8 7 6 9 5 9 5
274 8 9 7 3 5 8 2 1 2 2
212 3 6 6 1 2 4 5 3 5 2
232 4 2 4 5 3 1 6 3 9 4
247 5 7 2 2 9 9 1 1 2 9
211 7 1 7 1 1 1 4 7 3 2
359 8 4 6 6 4 9 9 9 5 7
264 8 2 8 8 7 5 2 1 5 3
316 3 3 7 7 9 5 8 4 7 8
271 8 3 8 6 2 6 4 1 9 1
10
315 4 3 9 3 6 7 9 6 1 9
329 9 3 6 2 9 4 9 1 6 9
239 3 8 5 4 6 7 2 4 6 2
351 7 8 6 9 3 9 4 8 1 6
290 8 9 8 2 9 9 1 3 3 1
380 4 8 9 9 2 4 5 9 8 9
318 7 4 7 5 7 4 8 8 1 6
291 7 2 4 6 7 9 2 7 6 6
297 4 8 3 5 8 9 9 7 2 2
334 9 5 2 4 1 9 3 9 7 7
10
132 1 1 7 1 3 1 5 3 1 1
360 2 9 9 8 8 7 7 6 8 5
280 2 7 7 8 6 9 9 3 4 1
276 2 8 1 9 8 8 2 1 6 8
179 1 7 1 3 3 2 1 6 4 3
284 2 5 9 7 3 3 3 6 6 8
282 1 8 4 3 4 9 5 6 5 7
241 3 4 1 2 9 7 2 9 4 8
184 1 2 4 4 3 3 2 7 4 4
326 6 8 8 5 8 3 7 7 1 7
10
241 2 6 4 2 2 6 9 1 6 3
291 8 7 1 6 3 6 4 2 6 8
340 9 7 5 6 1 3 3 5 7 7
255 4 4 8 9 3 4 5 4 1 3
293 8 3 5 5 7 7 7 1 1 7
281 8 2 1 3 1 1 9 9 8 3
344 8 4 9 3 7 5 9 3 3 9
305 8 4 1 5 9 3 8 7 7 4
287 7 6 5 4 3 1 9 7 4 1
244 7 2 1 7 8 3 2 7 8 5
10
228 2 9 4 8 2 1 6 1 7 1
320 7 9 8 2 3 9 4 2 8 2
257 2 3 8 7 8 8 2 7 1 4
180 1 1 9 3 4 1 3 6 2 5
267 6 4 4 8 8 5 3 5 1 7
276 5 4 8 1 8 8 7 4 1 4
321 8 5 9 5 1 2 8 8 2 6
283 8 4 7 5 4 9 4 5 3 2
241 1 2 6 6 9 4 7 6 2 7
263 4 6 8 3 9 4 7 2 3 2
10
295 2 6 7 4 4 8 6 3 7 7
296 5 5 8 7 7 9 1 4 9 2
297 4 6 2 9 6 7 8 3 1 8
216 9 4 1 4 2 2 2 4 5 2
267 8 3 1 5 2 9 6 4 7 3
244 3 8 6 2 9 1 8 1 4 5
301 7 6 1 4 2 8 3 6 9 7
284 8 6 5 1 1 9 3 6 6 2
174 1 2 2 2 7 1 3 2 6 7
323 8 4 2 4 2 9 5 9 9 6
10
269 1 7 5 3 3 8 1 8 9 7
265 4 2 2 2 8 8 8 3 9 7
263 2 6 1 5 7 3 4 8 9 8
286 7 7 3 3 1 1 8 3 7 7
227 4 4 6 4 4 7 3 9 3 1
343 7 9 1 8 5 6 7 4 7 7
282 8 7 4 1 4 2 9 2 2 8
289 8 7 4 7 3 3 2 3 5 8
257 3 3 7 1 5 4 7 9 8 5
228 3 9 6 4 6 1 3 4 2 4
10
301 6 6 9 3 3 3 3 9 5 3
240 5 1 3 7 9 1 2 1 7 9
329 5 9 5 4 2 6 6 6 7 9
278 8 1 7 5 4 5 5 2 9 2
301 5 1 7 2 9 6 9 6 1 9
280 9 1 4 6 6 7 8 6 6 1
242 2 8 3 5 5 4 2 3 8 7
297 8 7 3 1 8 7 8 8 3 1
270 5 5 5 3 2 9 1 1 8 6
214 3 6 4 2 7 5 4 9 2 1
10
280 8 5 7 2 8 2 1 7 5 7
316 5 8 8 5 8 8 3 1 8 6
277 3 2 5 9 8 3 9 5 8 2
229 2 1 9 2 4 9 4 4 5 4
298 7 7 3 9 8 2 5 3 2 5
316 8 6 7 7 9 2 7 4 6 3
278 3 5 6 4 1 3 7 6 4 8
304 9 5 8 8 3 4 2 8 3 2
246 1 5 4 5 9 9 6 3 4 4
265 9 7 2 6 8 3 2 8 2 1
10
362 8 6 7 1 8 4 9 8 8 5
250 1 6 5 8 9 3 5 6 6 2
338 4 7 6 5 6 5 8 9 5 8
282 3 6 3 7 5 3 7 8 5 8
302 6 5 6 8 6 8 3 7 8 2
236 2 7 3 9 6 4 5 2 3 3
241 2 7 5 8 1 3 1 8 4 5
226 2 3 9 5 4 1 6 3 6 1
271 1 4 6 6 4 8 8 2 3 8
316 6 4 5 7 9 7 8 4 3 5
10
246 1 7 2 3 5 8 8 4 4 3
344 6 9 7 7 5 9 9 2 2 2
159 1 3 5 5 1 4 2 3 2 1
293 4 4 9 9 7 4 9 2 8 2
275 5 5 5 9 2 3 4 8 1 7
206 7 4 2 1 3 3 4 1 5 3
274 9 2 4 5 1 9 3 6 6 4
243 1 5 6 1 3 8 8 1 7 6
353 9 9 2 9 7 5 2 9 7 4
272 7 2 8 1 3 2 7 2 1 8
10
268 5 3 4 1 9 1 9 5 7 9
347 8 7 5 4 7 9 8 7 1 5
228 3 4 3 7 8 5 1 5 4 5
310 5 9 8 5 4 3 2 8 7 3
261 6 3 9 7 6 3 4 3 7 1
274 1 3 7 9 7 4 9 6 2 5
284 3 6 4 7 4 2 3 9 6 9
167 1 2 2 2 3 2 6 5 4 5
291 3 3 5 8 7 7 7 7 5 6
330 1 7 9 6 3 8 7 8 9 3
10
348 8 6 6 4 2 4 6 9 9 6
276 3 5 6 5 8 3 6 9 3 5
228 8 2 2 2 5 8 8 2 3 2
346 6 7 2 7 3 9 9 8 4 8
273 1 5 3 2 2 9 7 8 8 9
316 5 7 6 8 9 8 6 2 8 4
308 6 3 6 9 3 2 9 3 4 7
255 4 5 5 5 2 3 4 6 4 7
274 6 7 2 2 4 3 9 3 8 3
415 5 9 9 9 3 8 5 8 9 9
10
257 4 3 7 2 6 4 9 1 9 4
354 7 4 8 8 2 6 5 9 8 6
265 9 2 3 4 7 8 3 2 4 5
240 4 1 3 4 8 5 4 3 8 9
253 9 2 1 5 2 4 6 4 1 7
319 5 5 7 4 7 9 7 4 6 5
286 2 5 7 1 4 3 9 7 7 6
264 3 4 9 2 7 1 9 6 4 4
300 7 9 7 6 3 1 5 7 1 3
262 2 9 7 1 8 5 1 4 6 7
10
324 7 8 3 6 1 3 6 2 5 9
290 9 3 1 7 1 8 1 5 8 9
241 7 3 5 1 5 7 5 1 9 2
276 2 8 5 8 9 9 1 1 6 4
320 7 8 6 9 3 8 7 2 3 2
349 4 5 4 8 6 8 9 8 6 9
248 8 2 4 6 3 5 1 7 2 5
289 8 4 3 1 2 7 8 4 3 6
338 7 9 7 7 1 2 5 6 8 5
352 6 8 9 1 8 5 8 9 2 8
10
269 3 2 9 6 5 6 5 4 9 1
325 5 6 1 8 7 6 3 7 9 9
259 9 3 5 4 6 1 8 5 2 3
275 9 9 7 3 9 1 6 2 2 1
323 9 3 2 4 7 8 8 5 7 5
279 5 7 4 5 9 8 5 5 8 2
311 7 5 9 6 4 4 5 4 8 1
228 1 3 3 1 4 8 9 7 2 6
368 9 9 7 5 9 2 7 5 9 5
296 6 9 6 1 9 6 6 1 7 3
10
346 9 8 5 9 8 2 3 3 9 5
268 4 8 2 3 7 3 7 5 3 9
291 5 7 5 9 8 5 1 2 8 5
202 5 3 3 1 8 5 2 9 3 3
247 1 4 5 1 5 7 5 9 5 6
302 4 9 3 8 5 6 5 1 2 8
310 2 8 7 6 3 1 8 3 5 9
261 4 6 8 1 6 7 3 3 2 6
241 3 6 7 2 4 3 6 2 7 3
204 1 6 1 2 2 2 5 5 2 9
10
323 5 3 9 8 8 3 9 9 1 6
347 7 7 9 1 8 2 7 5 9 6
257 6 1 4 3 1 3 7 9 3 6
342 5 5 9 3 8 7 5 7 7 8
364 2 7 6 8 8 8 8 9 8 8
264 4 9 5 8 3 5 4 4 4 1
264 2 2 5 6 2 7 7 9 6 4
298 7 6 5 1 6 3 6 4 7 8
278 3 5 4 9 3 1 3 9 8 8
170 2 4 1 5 1 2 4 3 2 3
10
224 2 4 6 2 5 5 4 3 3 9
203 1 3 3 2 1 6 8 5 6 2
372 6 9 2 6 8 6 9 3 9 9
281 4 4 6 9 9 6 1 5 6 8
296 3 1 6 7 8 1 8 7 9 8
299 1 7 6 6 1 6 7 3 4 9
237 8 5 1 2 6 6 3 3 4 5
283 1 7 3 4 2 5 5 8 7 9
305 3 6 6 6 3 9 9 3 8 4
281 2 6 5 2 1 9 9 4 2 8
10
243 2 6 9 2 7 4 5 2 5 6
334 7 6 9 4 2 6 1 9 9 6
254 9 5 2 5 8 9 2 3 3 3
220 1 1 1 7 1 6 2 5 9 7
280 8 3 2 8 6 6 7 1 3 6
308 8 3 8 1 3 9 9 9 2 4
239 2 8 1 2 6 7 3 5 7 8
227 1 3 1 9 6 8 1 9 9 1
247 3 2 2 9 5 8 3 5 8 4
297 9 5 9 2 6 6 1 8 1 4
10
186 3 1 3 4 3 8 6 2 1 5
254 6 2 6 4 3 7 7 2 6 2
273 7 6 1 4 5 8 8 1 1 4
280 7 5 4 5 2 2 8 3 1 7
217 3 7 6 2 4 5 4 3 4 2
272 6 4 1 3 7 9 7 3 3 6
330 7 9 5 2 1 3 9 7 1 9
218 6 2 4 3 4 3 1 8 6 3
258 5 9 4 2 4 2 8 3 8 1
287 6 2 8 7 8 7 3 7 5 4
10
205 2 2 3 7 5 3 6 3 5 1
165 4 2 1 8 4 1 3 2 2 4
248 4 6 6 2 9 3 4 7 9 1
217 1 5 9 1 9 4 2 2 6 3
260 6 6 1 1 7 8 4 6 2 5
317 3 9 4 7 7 9 7 3 9 1
238 5 5 5 6 5 4 2 5 8 1
357 8 8 5 8 4 4 5 2 8 7
323 7 4 8 5 5 2 5 6 9 8
272 7 3 2 5 1 5 7 6 6 2
10
300 7 2 9 1 3 6 2 8 9 8
248 5 7 5 8 1 2 6 7 1 1
270 6 4 2 8 5 6 1 1 9 8
222 2 6 2 6 4 6 9 2 3 1
390 9 8 8 6 3 8 7 5 3 7
306 3 7 1 2 8 9 9 3 9 8
359 9 6 8 8 2 2 9 3 5 4
261 5 4 5 6 9 3 6 2 5 6
299 7 9 6 4 4 4 2 7 2 7
228 4 6 4 3 6 3 1 6 2 9
10
244 8 2 1 2 9 4 8 2 1 5
263 2 9 4 8 3 7 4 4 4 4
250 2 2 6 2 6 3 9 5 6 6
350 6 6 6 7 6 6 6 2 7 9
304 8 5 9 1 9 6 7 4 2 6
211 5 5 2 1 3 9 1 5 1 7
208 9 1 3 2 8 6 1 1 9 1
309 8 7 2 8 8 4 6 4 1 8
315 1 2 9 8 7 8 9 9 6 6
259 4 4 5 1 5 5 4 9 8 4
10
313 8 3 4 8 2 9 6 7 4 3
252 3 6 6 4 6 4 5 1 7 4
275 7 8 7 7 5 2 1 4 2 3
215 7 1 2 7 1 4 3 4 2 2
265 5 6 4 4 3 9 6 5 2 1
229 2 4 5 7 8 1 5 6 5 2
181 7 1 1 1 2 2 4 4 2 4
242 2 4 1 8 4 4 3 8 2 9
335 6 9 2 9 1 1 7 7 9 7
247 5 4 9 5 4 1 5 3 7 1
10
332 9 1 4 1 1 8 8 5 8 9
249 1 5 2 9 2 1 8 7 4 7
264 9 8 4 1 7 4 5 5 3 2
293 9 2 2 8 4 8 9 7 3 1
248 5 1 2 7 2 8 2 1 9 7
258 5 3 2 5 4 3 9 2 8 4
299 2 2 7 7 1 7 9 2 9 9
219 7 1 6 1 8 3 1 1 7 6
320 9 6 5 4 6 7 5 7 9 3
282 8 3 8 4 4 9 8 1 3 1
10
276 1 4 9 6 2 7 1 6 9 9
311 4 6 7 4 6 3 9 6 7 5
248 5 3 3 5 7 5 4 1 7 5
252 7 7 3 3 6 4 4 3 2 5
309 7 8 7 9 1 2 6 3 4 2
233 4 3 7 5 5 4 8 1 1 3
314 6 5 8 5 8 5 8 3 3 6
233 4 7 3 1 4 2 1 8 4 5
368 8 9 4 7 9 5 9 8 6 2
217 5 6 3 6 1 1 4 6 1 2
10
216 6 3 2 2 8 5 4 2 3 6
318 6 5 9 9 3 6 4 3 7 2
201 1 5 3 7 3 4 2 7 3 2
223 7 5 2 8 9 3 2 4 1 2
393 8 8 5 9 4 8 5 9 9 5
279 7 1 5 1 7 5 8 6 2 8
355 9 7 7 6 5 5 4 6 5 8
224 5 2 5 3 6 8 3 3 2 7
247 2 2 4 1 6 6 3 7 9 9
303 7 6 1 8 6 3 4 6 9 7
10
232 1 2 6 1 6 8 2 9 5 7
276 1 3 8 9 3 4 3 5 4 9
314 8 8 6 7 4 3 2 4 7 5
262 8 4 6 2 5 2 5 6 6 1
259 3 8 2 1 8 8 6 2 8 5
256 2 4 3 6 7 7 7 8 2 5
355 5 8 9 5 2 6 7 1 7 9
277 4 9 5 7 7 5 8 3 2 1
405 9 8 9 8 4 9 9 2 4 8
339 7 4 9 8 5 3 1 9 9 9
10
297 2 6 8 7 8 9 3 2 7 5
267 5 2 2 8 7 6 7 3 7 4
259 6 2 8 4 1 8 3 2 9 4
339 5 8 3 6 5 8 4 9 8 6
175 1 4 1 2 9 8 3 2 9 2
342 2 3 8 9 3 5 7 7 9 9
257 8 3 7 4 2 9 6 1 1 2
264 1 3 9 6 1 7 7 2 6 3
284 9 4 2 2 1 8 6 4 6 3
312 9 1 4 4 2 3 7 9 8 7
10
233 5 6 5 1 8 5 1 2 7 5
352 7 9 9 2 6 3 8 5 1 8
334 8 6 9 7 2 5 4 8 1 4
277 1 6 3 8 4 6 8 5 8 3
204 2 3 6 1 5 8 1 9 5 4
245 6 5 6 4 3 2 5 6 7 1
327 6 4 9 2 2 7 7 5 8 6
213 6 1 1 1 9 4 3 5 7 7
248 6 7 3 1 7 9 1 1 8 3
240 3 3 1 1 6 5 9 4 7 7
10
293 5 4 2 7 6 8 2 7 7 9
236 1 1 9 1 3 7 8 1 6 6
328 3 6 8 7 7 8 9 4 2 7
207 2 2 7 6 6 5 7 2 2 1
272 7 4 4 5 5 9 3 3 6 6
246 1 7 8 2 8 8 3 7 2 2
231 6 5 4 5 2 3 5 5 1 4
309 5 9 2 7 8 5 7 7 7 1
205 2 3 6 4 8 1 6 2 6 4
227 4 9 6 3 4 3 1 1 7 3
10
333 8 3 8 9 1 1 3 9 6 7
286 8 3 1 9 4 1 9 2 8 2
264 6 3 5 8 4 3 5 1 5 5
256 5 1 6 7 7 6 9 1 2 2
273 6 9 1 7 2 6 6 3 5 3
318 8 6 8 2 1 9 1 9 5 7
321 9 5 3 2 6 7 3 8 7 9
261 6 5 4 9 8 2 1 3 6 5
287 8 6 1 5 5 6 3 3 7 8
221 2 4 9 4 8 8 3 2 1 1
10
329 2 8 5 7 7 5 7 3 9 8
264 4 4 5 9 7 3 3 3 6 8
244 2 1 6 8 9 4 1 3 6 8
211 1 7 4 2 8 4 5 4 1 7
292 7 9 3 6 2 8 3 5 3 3
204 1 6 4 7 6 4 3 1 4 2
342 6 5 7 6 6 9 8 6 1 8
265 6 4 1 4 7 8 4 3 6 7
216 6 6 6 1 1 4 2 1 4 1
256 3 8 5 4 8 1 4 6 6 4
10
224 3 3 7 2 6 4 2 5 9 1
231 4 4 7 1 2 8 2 4 1 6
236 1 3 7 7 6 2 3 8 7 6
260 8 1 2 2 7 9 4 3 6 8
310 4 6 4 6 5 8 9 5 7 3
218 1 3 4 2 1 6 9 2 9 2
315 6 8 7 7 9 5 6 3 3 6
280 3 4 5 4 9 8 7 7 3 4
300 6 9 6 1 5 6 8 4 6 2
295 6 4 3 9 6 7 8 1 6 6
10
287 5 4 3 8 7 4 5 3 7 6
304 7 4 9 8 1 2 5 8 5 4
332 1 4 6 7 5 5 8 8 9 9
174 1 3 5 1 7 2 1 7 9 1
303 4 9 8 4 4 3 3 8 3 7
206 4 5 1 2 5 3 3 8 7 3
225 3 4 8 4 9 2 4 2 7 4
266 9 6 3 1 5 2 7 2 2 5
303 5 7 1 8 6 7 6 2 6 9
301 8 3 5 6 6 5 2 9 4 8
10
211 1 3 1 3 5 7 6 3 2 9
221 1 6 7 1 1 7 7 2 7 2
247 9 3 2 3 5 5 3 9 1 4
232 3 7 5 4 4 6 1 1 8 5
288 3 3 8 4 6 9 5 1 9 8
291 8 3 3 9 2 6 8 2 1 4
217 1 2 8 9 4 8 5 3 3 1
159 2 1 4 1 1 5 1 1 1 8
278 7 5 9 2 1 5 1 6 6 5
192 1 5 3 1 4 4 3 1 3 8
10
232 2 3 6 7 8 7 5 1 4 3
275 7 7 1 1 8 7 4 8 5 6
304 1 9 9 6 6 3 2 9 8 8
267 6 3 1 2 7 5 9 3 9 5
205 5 5 3 2 8 2 1 6 6 1
324 3 7 3 6 1 9 8 5 9 9
275 6 1 3 1 2 9 5 7 6 9
354 8 7 6 8 3 8 5 3 5 7
337 6 9 1 3 2 2 9 8 6 9
273 7 2 6 8 8 6 1 5 5 3
10
245 2 6 3 5 4 2 7 4 1 7
312 9 9 2 8 2 2 2 7 2 6
268 2 4 5 6 1 7 8 6 4 5
202 1 1 2 6 5 8 2 7 2 7
283 8 2 8 5 4 1 3 8 8 4
281 9 5 3 1 7 9 4 4 9 1
245 4 5 6 4 1 1 4 8 9 1
276 4 2 6 3 4 7 9 1 6 8
278 1 7 5 2 2 7 3 7 7 8
248 4 4 7 4 5 8 2 1 4 4
10
162 2 2 3 1 2 5 5 1 7 1
214 3 9 1 3 1 5 1 1 6 4
288 4 6 5 1 8 7 8 9 4 5
257 5 9 6 4 7 6 2 3 6 1
309 4 7 2 3 6 6 9 8 9 4
211 2 9 1 6 3 2 3 9 3 1
227 1 9 6 6 7 1 1 2 7 2
252 1 6 1 7 2 3 6 7 8 5
202 3 2 4 3 3 5 3 3 9 1
298 8 3 9 5 8 8 3 3 6 3
10
301 5 4 9 3 5 4 6 8 2 8
265 7 4 4 1 5 7 1 9 8 6
252 1 4 2 4 9 8 5 6 9 5
287 5 4 9 7 3 4 2 9 3 4
237 6 7 3 8 3 3 3 3 2 1
336 9 7 4 2 9 8 7 4 7 7
257 9 1 9 6 2 2 1 3 5 6
201 1 3 1 6 6 1 5 5 5 8
324 7 6 8 8 7 7 9 1 6 1
237 4 2 2 5 6 4 3 9 6 6
10
207 6 1 6 2 2 1 2 1 6 7
196 6 1 2 3 3 5 1 4 1 9
237 4 5 5 2 2 2 5 8 3 3
261 6 2 6 4 4 5 4 8 5 2
309 7 4 9 3 9 7 9 2 4 1
259 4 2 5 4 8 2 9 6 5 3
229 2 2 8 6 9 5 4 1 9 3
303 6 8 2 5 1 7 3 2 7 9
298 8 3 2 4 4 1 5 9 7 9
212 1 1 7 2 8 6 6 8 2 5
10
253 4 4 1 7 1 4 7 1 6 6
231 5 3 3 2 7 9 4 4 5 2
281 4 9 8 1 4 3 6 7 8 1
299 3 9 6 6 2 3 7 2 5 9
271 8 4 4 5 1 4 1 4 4 9
245 6 2 3 9 6 4 9 3 1 2
342 6 7 8 3 7 4 9 3 8 7
201 1 4 3 1 1 8 9 6 5 1
233 7 9 3 1 5 3 4 3 1 4
295 7 2 9 6 5 9 5 8 3 3
10
243 2 8 3 8 4 9 3 1 1 3
310 9 7 3 8 8 6 2 3 1 6
376 8 8 2 8 8 5 9 8 9 3
262 4 4 9 1 9 5 3 9 9 2
306 1 9 1 7 9 9 8 9 5 3
267 5 6 2 8 3 3 8 3 7 1
259 3 8 8 5 2 3 1 5 5 3
296 1 4 9 7 2 5 6 9 3 6
276 7 6 1 1 7 8 3 5 4 9
281 8 1 8 3 9 9 3 4 3 5
10
276 2 5 5 6 8 9 9 1 8 1
350 9 6 9 3 3 6 7 1 9 7
266 4 6 5 1 4 8 7 1 9 1
281 7 6 2 4 9 7 4 7 3 4
329 7 7 8 9 9 8 2 2 7 4
237 2 2 4 9 6 7 9 2 2 3
301 7 4 8 7 2 8 7 6 1 2
205 2 1 1 5 1 9 3 9 6 1
265 1 4 9 5 8 9 9 8 3 1
230 8 3 5 2 3 6 1 4 6 3
10
240 4 3 5 7 5 2 4 7 9 2
272 9 1 1 6 1 7 4 5 4 9
279 3 6 8 9 3 6 5 5 2 2
332 7 7 7 6 9 3 4 7 5 5
269 4 8 1 9 8 4 3 3 7 3
258 1 7 7 1 1 7 5 6 7 4
291 6 6 6 9 1 4 2 6 3 4
227 2 5 2 2 1 2 9 1 1 9
221 3 7 2 4 2 1 6 6 7 1
281 6 8 5 1 6 6 5 2 8 5
10
320 8 5 5 1 2 7 9 6 5 5
325 8 9 5 5 1 7 2 7 9 1
195 1 5 2 4 8 3 2 5 1 6
247 7 2 1 7 3 7 1 7 3 8
328 5 8 6 5 6 7 5 1 7 7
383 8 9 9 2 6 8 9 9 1 8
176 1 2 2 6 7 3 3 5 8 1
305 3 7 3 9 7 3 9 9 3 5
257 6 4 4 5 3 7 1 8 1 6
244 7 3 1 6 5 4 8 5 1 1
10
263 5 4 8 7 7 3 2 9 3 4
264 5 5 4 2 6 3 9 8 8 1
280 1 7 4 8 1 8 1 5 9 6
314 6 3 8 8 8 1 8 7 2 8
221 2 1 3 8 8 9 2 5 6 6
279 5 4 7 3 6 3 6 3 2 9
226 6 8 1 2 3 2 6 1 5 3
205 3 3 7 4 4 7 1 4 3 4
289 1 3 9 3 5 9 7 3 6 7
282 2 7 5 2 1 8 9 4 8 2
10
228 2 5 9 7 9 5 1 4 5 2
321 6 9 3 9 3 9 6 2 2 5
332 8 4 6 4 9 5 7 8 5 7
221 2 6 4 1 6 9 6 5 5 1
271 3 6 8 4 1 7 3 4 3 8
309 6 9 4 5 3 5 9 5 7 2
268 4 1 8 2 2 6 7 5 9 5
270 9 3 2 1 5 4 1 5 6 9
251 8 2 5 8 8 1 1 3 6 4
236 3 3 7 4 9 9 3 6 4 2
10
279 6 9 1 6 6 6 2 4 6 7
282 6 5 6 4 3 4 9 8 1 1
227 3 1 3 6 4 6 6 9 8 1
227 8 1 1 2 2 6 3 3 2 9
417 8 8 4 9 7 6 9 9 9 8
299 6 1 8 3 2 2 5 9 9 7
278 2 7 4 8 6 2 7 7 5 3
278 1 3 9 2 7 8 7 5 9 4
252 6 1 1 3 6 7 2 4 8 9
248 6 1 4 4 9 9 2 6 1 6
10
316 9 8 6 1 1 3 4 5 4 7
231 5 4 4 1 3 7 2 3 9 5
305 7 7 2 8 4 6 5 2 4 7
203 5 3 3 3 3 9 1 3 7 3
324 7 2 8 7 6 6 6 6 6 7
267 8 1 5 2 8 3 8 5 7 1
315 9 5 5 4 1 9 9 1 1 8
267 4 1 9 3 9 4 5 5 7 4
216 1 5 2 5 3 5 6 2 7 2
277 4 6 6 4 8 7 4 6 4 5
10
222 3 2 4 9 1 5 5 3 3 2
294 9 7 8 2 2 3 3 4 6 5
335 4 8 9 8 2 6 8 9 4 1
309 4 3 9 8 7 1 8 5 4 7
304 3 7 6 7 6 2 9 2 9 5
325 8 7 5 4 9 8 7 4 9 2
322 6 8 4 7 7 7 1 3 9 6
308 1 9 7 2 9 5 6 7 7 8
251 5 9 1 1 6 2 7 2 2 8
231 1 8 5 5 3 3 4 1 5 4
10
278 5 8 2 6 5 6 1 5 8 6
276 8 9 7 4 3 6 1 3 3 2
300 7 4 3 7 3 5 8 4 2 7
212 1 2 1 9 8 7 4 6 4 6
254 2 5 7 5 7 8 3 9 5 2
279 6 3 5 6 4 7 4 5 1 8
313 7 2 1 9 6 1 4 9 9 9
228 1 2 1 7 4 6 9 8 3 5
320 7 5 5 9 9 2 5 8 3 8
233 4 5 3 3 6 2 5 9 4 2
10
357 9 7 9 6 5 1 8 2 4 7
260 1 5 7 6 3 2 7 4 1 7
291 5 7 6 3 8 2 4 7 5 8
326 5 1 7 8 6 9 5 4 7 9
303 8 1 5 1 2 9 5 7 5 8
240 1 8 1 4 5 6 8 6 3 3
262 3 6 5 5 4 7 5 3 6 4
228 1 7 5 6 1 7 4 5 3 4
215 2 3 6 4 1 2 5 4 3 5
327 8 5 3 9 6 7 5 3 8 7
10
334 9 6 3 2 8 9 7 6 2 8
269 1 3 8 2 5 3 9 8 1 9
284 5 2 7 4 7 9 5 1 6 7
203 4 2 1 7 1 1 7 6 4 2
207 3 5 1 9 4 2 1 4 8 1
234 2 7 2 2 9 5 9 1 3 5
267 2 8 8 1 1 8 6 3 3 7
191 3 1 2 8 6 5 5 2 2 1
326 6 5 5 8 8 8 4 3 6 9
245 7 6 9 7 8 1 1 1 2 2
10
214 4 2 2 1 8 9 4 3 7 6
319 9 4 6 4 8 9 6 3 9 1
297 7 7 4 7 3 1 7 3 3 6
308 7 5 3 6 4 8 3 9 3 8
371 9 8 3 9 6 7 9 8 6 1
230 2 8 4 2 1 3 7 3 5 2
270 2 7 5 7 4 3 7 4 7 3
312 8 6 2 9 9 5 2 4 4 9
279 7 7 8 6 3 4 5 2 2 3
306 4 2 9 9 1 7 9 2 6 3
10
300 6 9 9 3 7 2 4 1 6 4
288 8 2 1 5 1 8 6 7 4 9
254 5 6 4 5 9 1 6 9 2 2
235 6 2 8 6 5 1 2 9 3 3
313 8 4 2 6 4 7 6 6 8 7
221 9 5 2 1 5 1 1 1 8 4
345 9 5 8 4 3 8 9 2 2 6
306 9 3 8 3 2 2 9 3 6 4
256 4 2 3 8 1 6 4 7 2 8
232 2 1 3 8 9 1 5 5 7 5
10
354 9 5 4 5 1 5 8 7 6 7
249 2 3 9 6 7 8 1 9 3 1
220 1 4 4 7 8 3 1 5 1 9
241 7 1 1 8 3 5 4 3 9 3
295 6 7 9 1 1 4 8 5 5 3
258 2 6 1 8 6 4 5 5 6 8
293 6 2 5 8 9 5 3 6 2 8
279 7 8 1 7 5 8 5 5 1 1
315 3 9 9 6 6 1 3 8 2 9
360 6 9 8 9 7 1 4 7 5 7
10
325 7 6 1 6 5 6 8 7 4 7
269 1 6 2 8 5 1 8 5 9 7
272 6 3 2 7 1 7 3 8 4 8
261 6 6 3 4 6 4 5 1 8 6
306 7 2 7 5 6 7 1 9 9 8
283 4 4 6 2 4 1 9 2 9 8
204 4 1 2 6 9 9 1 3 4 4
299 6 2 9 1 2 6 7 9 4 8
325 8 7 8 2 7 7 4 5 8 3
234 5 2 5 4 6 7 4 5 7 3
10
226 7 2 3 1 4 9 2 4 7 4
254 5 2 8 3 7 7 1 1 9 5
304 9 3 3 6 8 9 4 7 2 8
246 2 5 7 3 9 7 7 9 2 2
285 8 1 9 2 6 4 2 4 7 8
254 7 3 4 1 1 4 5 3 2 8
244 6 4 4 4 4 2 9 4 4 3
209 1 1 7 5 7 1 2 9 7 2
261 3 7 1 8 4 1 2 5 9 9
274 3 8 7 2 2 2 3 5 8 8
10
303 9 6 4 3 7 1 7 8 4 4
294 7 5 6 2 6 4 5 4 7 7
222 5 2 2 2 4 8 5 9 6 1
239 1 9 4 8 1 3 2 3 7 4
286 2 3 6 8 5 5 6 6 8 8
338 9 4 9 2 8 4 8 7 2 7
201 5 5 2 1 2 4 5 3 1 2
245 6 1 7 8 5 8 3 1 7 1
224 4 8 9 2 2 1 3 2 6 1
203 6 2 5 3 1 6 4 1 3 1
10
310 8 5 2 7 1 1 6 7 7 5
323 8 5 4 8 5 6 8 8 7 2
303 7 8 3 9 1 1 3 8 1 6
237 2 3 8 9 2 1 4 2 9 4
293 8 6 3 5 8 9 5 2 5 1
251 3 8 4 1 1 8 5 7 2 2
274 6 7 6 3 1 2 7 3 2 6
222 1 2 4 8 5 9 6 9 2 1
240 1 4 4 8 8 1 5 2 8 7
252 1 8 4 1 3 4 9 3 8 6
10
247 1 9 5 1 7 4 2 8 9 3
320 7 9 5 4 3 5 6 2 4 9
249 2 6 7 4 8 6 6 5 4 2
335 5 4 8 2 4 9 8 9 6 8
264 5 4 7 3 7 3 4 1 5 8
233 2 1 9 7 3 1 7 5 9 1
211 2 1 8 5 6 1 5 1 2 9
278 7 8 4 3 4 5 4 6 4 3
275 9 5 6 5 1 9 1 1 5 1
265 6 7 4 6 3 2 2 3 7 4
10
313 1 7 9 3 8 9 4 5 5 9
315 8 5 4 1 8 4 4 7 7 8
324 4 9 7 1 3 6 9 9 2 7
257 3 8 8 1 4 1 3 9 5 6
310 7 8 1 8 6 4 8 2 8 3
233 3 4 6 6 9 2 7 2 3 3
223 1 4 4 3 4 7 6 3 4 8
259 2 4 6 3 2 5 8 7 8 5
331 8 7 3 7 4 7 9 1 4 7
150 1 5 2 3 5 8 1 2 2 2
10
318 4 9 3 7 6 7 8 8 3 4
271 4 4 7 3 5 7 7 8 1 5
318 9 2 5 2 4 5 9 8 2 6
219 8 2 1 5 4 8 2 2 6 3
282 7 5 6 5 7 3 4 5 3 7
342 9 5 3 8 2 8 1 8 9 7
229 8 1 7 1 7 4 2 4 3 2
283 7 5 4 2 3 5 3 9 2 9
279 7 8 1 2 3 7 1 8 7 5
285 1 6 8 4 6 9 8 1 2 7
10
281 5 9 1 9 3 1 1 5 2 9
240 7 1 2 6 8 1 5 2 5 5
228 1 1 6 2 4 5 4 9 4 8
292 3 9 6 4 2 7 4 7 8 1
290 6 8 6 3 1 4 7 1 4 7
238 2 2 4 9 8 3 1 8 8 3
286 4 8 5 3 2 6 4 7 9 1
206 1 6 3 1 9 9 9 3 3 1
328 5 6 4 7 5 8 3 8 8 6
279 7 2 6 8 2 5 3 4 8 6
10
239 3 6 6 8 3 5 1 5 5 2
270 9 1 9 9 6 3 2 4 5 2
272 9 4 5 3 9 2 2 5 4 8
329 5 6 6 9 4 8 8 1 5 8
347 8 5 8 6 4 7 5 6 8 6
249 5 8 1 2 2 5 7 3 4 6
280 8 1 5 5 8 2 5 9 4 7
273 8 1 3 6 2 7 2 5 5 6
312 4 7 7 8 1 1 8 5 9 2
323 9 3 6 4 6 7 8 6 1 7
10
259 7 3 3 6 5 4 5 2 7 4
245 6 7 2 5 3 6 1 2 7 5
280 4 3 3 8 6 4 5 8 7 8
330 9 7 1 7 4 3 9 4 8 5
323 4 9 6 5 2 9 6 3 3 8
263 5 6 7 2 2 9 6 2 1 5
316 7 4 6 6 1 6 9 1 7 4
311 8 5 9 2 7 1 5 3 4 7
209 3 7 2 6 4 4 7 2 2 1
214 2 3 4 5 8 5 5 2 2 4
10
225 1 2 3 3 3 5 4 9 8 8
336 9 2 8 5 3 4 9 3 7 8
255 1 9 2 3 1 1 9 7 1 9
226 2 3 7 6 5 7 2 2 4 6
301 8 9 1 1 3 5 3 6 6 9
242 4 1 7 6 2 1 1 9 3 8
300 8 3 7 3 1 9 7 1 6 6
327 7 9 4 9 1 3 6 6 6 1
321 7 7 3 7 4 9 3 9 3 7
262 1 8 5 7 1 8 3 3 1 9
10
271 8 1 4 7 6 6 9 6 1 3
215 1 2 3 1 6 6 5 8 5 7
260 3 5 2 5 7 9 1 7 4 7
265 4 3 8 5 7 3 1 8 9 6
346 6 9 9 3 9 4 5 8 4 9
281 5 5 2 2 3 6 9 5 7 4
270 7 7 3 5 2 9 1 6 3 2
274 2 3 6 9 7 4 9 5 3 6
215 6 7 2 9 5 1 1 2 6 1
338 8 6 7 1 3 1 9 8 1 9
10
215 4 4 2 2 6 6 3 6 5 6
322 6 8 8 4 6 2 4 2 9 7
273 6 1 5 7 9 6 6 9 3 4
307 9 6 8 4 6 2 2 1 5 8
251 1 4 3 8 1 4 8 2 6 8
259 3 6 9 1 8 2 5 1 7 8
238 1 5 4 2 2 9 3 4 7 8
285 1 6 7 2 8 7 9 1 7 9
292 9 3 3 5 3 3 7 8 4 6
246 2 6 3 7 4 4 5 9 4 2
10
251 4 3 4 2 8 5 9 5 7 2
273 5 1 7 9 1 5 8 7 6 2
312 3 4 8 9 3 5 5 8 8 7
322 8 3 6 9 7 3 5 9 5 7
287 5 2 9 3 7 7 6 6 7 2
292 9 2 6 6 3 5 2 2 6 7
322 4 9 9 9 3 6 6 2 7 3
310 8 6 1 8 1 1 5 8 9 5
245 5 5 2 4 9 7 7 6 4 2
307 7 8 1 4 1 1 7 9 9 4
10
216 2 1 6 7 5 1 5 2 6 4
308 4 9 8 6 8 2 1 8 8 3
249 4 6 7 4 7 5 1 5 5 3
334 3 4 7 5 7 6 9 9 4 8
253 4 8 1 3 7 8 3 2 9 3
241 1 4 1 3 7 7 6 9 6 4
284 1 7 7 3 9 4 8 1 8 7
234 4 2 8 1 2 4 4 6 1 6
285 6 9 1 4 8 3 9 7 2 3
231 4 3 9 1 7 1 8 2 1 3
10
223 5 1 3 3 6 2 6 9 3 6
284 5 5 7 3 8 7 4 3 4 9
243 3 4 6 1 6 7 4 6 2 6
235 6 1 4 4 8 1 5 1 9 4
304 5 1 9 5 2 8 5 5 5 9
227 7 7 1 2 9 5 4 2 4 2
292 5 7 3 7 1 5 8 8 4 2
235 1 7 4 7 6 3 1 9 6 3
301 4 3 7 3 2 9 2 9 8 9
274 1 5 7 8 8 9 6 6 9 1
10
224 3 6 2 1 3 8 2 4 4 8
400 7 3 9 7 3 9 8 7 8 9
345 7 3 5 9 6 8 3 8 9 6
324 7 8 2 3 7 6 9 8 6 3
260 3 8 5 5 4 8 3 2 3 7
294 8 5 4 3 5 5 2 5 9 5
334 6 8 4 4 3 8 9 8 3 5
175 2 5 4 2 7 4 2 3 6 2
303 7 5 6 5 1 6 8 2 5 4
253 8 8 3 3 6 2 3 6 5 1
10
286 2 8 9 5 2 9 4 2 6 2
339 9 9 4 5 6 9 5 3 9 2
279 5 6 6 4 7 2 8 2 1 9
293 1 8 1 8 1 8 9 9 9 1
321 8 4 6 1 3 8 8 8 6 3
206 3 2 6 1 6 6 9 3 3 2
243 9 3 3 2 6 8 2 6 3 1
354 9 3 8 6 5 7 5 7 8 4
257 2 1 5 7 8 7 2 8 8 7
314 3 9 9 9 6 2 5 4 1 7
10
242 9 1 5 5 5 5 3 7 4 1
272 8 4 1 9 5 9 1 6 2 3
228 5 2 4 7 7 4 4 8 6 1
259 4 6 8 5 1 1 3 4 8 4
304 7 2 9 3 1 8 1 6 9 5
231 1 9 5 4 4 3 3 9 2 1
285 6 1 8 9 3 4 6 1 2 8
332 9 6 2 6 3 7 7 1 8 6
319 8 3 8 3 7 6 6 7 4 5
275 3 5 3 9 9 4 4 6 9 5
10
290 2 6 8 8 4 5 4 7 9 4
290 6 4 7 9 2 1 7 3 5 2
205 1 3 1 7 8 7 1 1 8 5
331 9 8 8 2 6 3 5 4 4 5
210 5 1 9 3 6 1 3 1 3 3
363 9 6 9 4 3 3 7 2 6 9
363 9 5 7 9 5 4 9 5 7 3
298 2 4 8 2 3 9 8 8 8 4
280 7 1 8 6 8 4 3 9 3 5
191 8 1 9 1 8 2 1 1 5 1
10
208 2 7 2 3 6 9 7 2 1 2
287 5 5 7 3 4 8 6 7 6 1
350 4 6 8 8 5 9 5 7 4 7
246 8 3 5 2 6 2 2 6 1 8
281 4 9 5 3 2 3 5 9 8 2
251 1 8 2 9 1 8 3 5 4 5
329 4 9 5 3 9 4 6 7 9 6
250 2 6 3 8 6 7 5 4 5 4
233 6 2 1 2 2 6 4 8 4 4
317 7 9 3 8 6 3 6 6 3 4
10
235 7 6 2 1 3 8 2 9 1 4
319 7 9 7 2 9 5 1 2 7 9
223 6 7 3 2 4 3 2 8 4 2
162 2 5 2 1 6 3 2 1 8 1
304 5 6 9 9 2 1 2 8 6 4
253 2 2 2 8 6 6 8 7 4 5
331 9 1 4 7 7 9 3 9 7 5
329 8 6 7 7 4 3 7 2 4 5
300 6 6 5 3 7 6 9 3 7 3
188 2 2 2 5 6 3 6 5 2 3
10
229 5 7 4 7 6 2 1 2 5 4
253 3 5 7 2 2 5 1 9 5 7
338 7 9 2 9 7 3 7 5 5 5
258 4 6 5 4 4 7 2 5 8 5
337 5 9 8 4 5 7 2 7 7 6
287 6 4 5 3 2 1 6 8 5 9
234 3 2 6 7 7 6 9 1 1 1
269 4 7 6 6 7 4 1 7 8 4
285 9 2 6 4 7 7 4 4 5 2
265 2 2 2 7 4 8 5 7 7 9
10
303 8 6 2 3 6 5 7 6 3 8
244 8 1 2 2 6 7 7 5 1 4
215 1 8 3 5 6 5 5 1 2 4
307 8 3 7 8 4 4 2 5 1 8
270 4 8 4 4 1 4 9 4 4 4
196 4 7 1 6 1 4 1 1 6 2
278 5 5 5 6 7 5 2 6 6 4
285 2 8 5 5 5 8 6 4 5 3
261 2 6 4 7 6 4 3 4 8 6
213 3 2 3 2 9 2 3 6 5 8
10
312 6 8 6 5 4 7 5 1 4 7
302 2 9 7 9 2 6 6 1 4 5
264 4 2 5 9 3 6 2 7 1 7
245 2 5 2 9 2 1 9 1 6 6
265 7 6 2 1 5 3 4 6 3 8
173 1 1 3 2 6 3 7 1 5 6
289 5 9 4 8 5 3 3 2 3 7
322 2 9 7 3 4 8 5 6 6 7
283 5 5 7 6 1 1 8 2 5 7
266 5 4 6 2 2 3 2 8 4 8
10
312 8 6 2 4 7 7 3 4 6 8
232 7 3 4 1 5 3 2 7 4 7
264 4 5 9 6 8 7 1 8 5 1
345 6 3 8 9 2 6 3 8 6 8
259 4 7 3 8 9 5 1 4 4 8
250 7 1 6 4 3 4 4 5 9 4
250 1 5 1 3 2 6 8 7 2 8
280 1 9 2 2 9 9 8 1 8 6
227 4 1 7 4 2 4 1 9 3 7
340 9 6 5 6 2 8 1 7 7 7
10
275 4 7 6 4 9 3 2 7 9 2
218 8 1 6 4 4 3 2 3 6 3
338 5 9 8 8 5 6 6 4 1 7
275 5 8 5 9 6 1 5 5 5 1
329 6 9 5 4 7 6 7 6 4 7
190 2 4 2 1 2 1 5 4 4 5
304 4 5 6 7 2 9 9 7 5 3
260 8 2 2 8 4 2 3 9 8 1
288 6 7 3 2 8 5 8 3 5 8
274 5 6 3 5 5 2 8 6 1 7
10
225 4 4 5 4 9 5 2 9 3 2
347 9 9 4 9 9 5 5 4 2 5
174 7 1 4 4 5 1 1 3 1 4
135 1 2 1 1 3 4 1 3 8 4
310 4 9 9 4 6 3 2 8 5 8
221 3 5 8 4 6 3 3 5 2 2
289 3 8 6 9 6 6 3 3 6 6
231 1 8 1 8 4 1 3 3 6 7
188 2 8 1 2 4 6 1 4 5 3
233 5 1 4 5 2 2 3 8 6 7
10
326 9 7 1 4 7 3 7 9 5 5
291 5 7 9 5 2 2 2 9 1 9
275 1 9 3 6 5 5 1 8 5 8
200 2 2 3 1 9 9 1 4 9 3
233 3 6 1 6 6 2 3 2 7 6
282 2 7 4 9 8 5 3 2 4 9
297 5 7 8 8 4 5 6 6 3 3
350 9 8 7 4 7 9 1 8 2 8
248 7 5 2 1 3 6 5 3 4 6
343 9 4 3 8 6 9 5 8 2 9
10
279 7 2 5 8 7 2 7 5 1 5
287 5 2 7 4 2 8 7 7 3 4
276 3 5 1 8 6 6 1 8 8 9
200 1 1 8 1 8 1 6 7 5 2
282 1 7 2 7 8 8 3 9 4 8
289 9 4 7 1 7 8 3 8 6 1
280 4 1 7 9 4 3 9 4 1 6
261 2 3 7 5 6 9 3 8 4 4
317 8 3 7 9 9 7 4 7 2 6
324 6 7 6 6 9 3 4 8 8 6
10
244 6 6 2 1 9 6 5 6 1 3
191 6 2 2 1 1 5 4 1 5 4
183 1 1 6 5 7 2 2 6 4 6
245 2 7 2 3 4 2 6 3 6 7
280 9 8 5 1 8 4 4 3 2 2
324 8 2 7 7 1 8 4 4 7 9
221 1 2 5 4 5 1 8 2 1 9
319 9 6 6 7 5 6 7 3 4 3
291 6 5 1 6 9 1 7 5 9 5
392 9 9 9 4 9 5 7 8 4 8
10
245 3 6 7 9 9 5 3 1 2 3
210 3 5 1 6 7 8 1 3 6 5
263 7 3 9 2 4 2 1 6 6 5
265 4 6 5 8 5 4 6 1 7 2
278 5 3 8 2 4 8 4 9 4 6
241 1 7 5 7 3 8 2 2 5 3
243 5 2 4 4 2 4 2 9 4 8
295 7 4 3 9 7 7 6 5 7 2
326 9 8 9 4 7 5 2 8 9 1
285 2 2 4 4 2 9 9 2 9 9
10
300 3 6 8 1 9 2 9 4 9 5
251 5 4 5 3 3 6 9 3 5 1
307 4 6 9 7 6 5 5 2 6 6
330 8 6 7 7 6 1 3 5 8 9
313 5 7 4 1 8 7 7 8 9 5
349 6 8 3 9 8 4 9 3 4 9
202 2 1 2 4 5 9 1 2 9 7
254 3 3 9 9 4 2 3 9 6 1
280 2 2 8 6 6 9 9 2 5 3
324 9 5 3 9 3 5 8 5 2 7
10
338 3 9 9 9 2 9 2 9 1 6
218 1 6 3 7 1 2 9 1 2 4
424 9 8 6 3 1 8 9 9 8 9
306 2 9 8 8 7 5 9 1 8 1
256 3 7 1 9 1 7 5 8 3 4
193 1 4 7 3 4 6 2 3 3 1
339 5 7 8 8 2 6 9 1 4 6
237 8 2 7 6 6 1 1 2 1 7
214 2 8 5 4 3 5 4 1 3 2
324 2 9 3 8 1 1 9 7 8 7
10
194 2 3 7 6 3 3 3 1 1 6
275 1 7 9 7 9 6 4 7 2 1
268 6 8 6 3 9 2 4 5 5 2
307 5 8 4 9 6 4 3 9 9 4
306 7 8 8 3 7 4 7 8 2 3
337 8 5 5 3 8 6 8 6 8 6
280 3 5 5 2 7 4 8 3 3 9
291 3 3 7 5 4 5 7 8 3 9
245 3 5 5 2 2 5 4 6 1 9
266 7 5 1 1 7 7 4 3 7 6
10
310 7 4 9 2 1 8 2 8 9 6
296 3 6 9 2 7 2 9 3 8 8
368 7 9 6 8 6 6 2 9 4 9
254 3 5 7 3 2 2 9 1 2 7
261 5 9 1 1 4 1 5 3 5 8
336 6 9 9 2 6 6 4 1 9 7
281 6 2 7 9 5 1 4 5 1 7
210 4 2 1 1 7 8 5 9 3 5
148 2 2 2 3 1 9 1 2 2 2
281 2 6 9 4 9 2 8 4 9 3
10
371 7 9 9 4 4 9 8 5 3 4
231 4 8 2 8 7 1 2 5 1 5
325 9 5 9 2 1 7 2 6 6 5
291 5 1 7 9 8 3 4 8 9 4
283 3 8 7 3 9 9 2 8 1 4
320 5 8 7 6 6 5 2 8 9 4
273 9 1 9 2 6 2 7 3 7 4
202 2 6 5 7 9 5 2 1 3 1
315 5 9 4 6 3 1 3 9 7 6
223 4 7 1 4 6 8 8 2 1 2
10
304 7 1 7 6 1 8 6 1 7 9
403 8 9 6 7 1 6 9 4 7 9
228 5 1 7 6 5 2 2 6 6 4
322 9 7 1 6 5 9 2 7 6 7
229 6 2 3 7 2 9 4 3 3 2
258 3 8 4 8 2 6 5 9 3 1
251 9 7 1 1 8 4 8 2 2 1
310 4 7 6 9 7 6 3 9 7 3
232 4 5 4 9 4 4 2 3 5 4
263 1 7 1 2 6 9 9 1 3 8
10
273 9 6 1 4 9 7 3 8 1 1
249 6 2 4 3 5 8 7 1 6 2
242 1 5 6 4 6 9 6 7 1 3
196 1 3 3 1 5 5 8 2 3 4
259 1 3 2 8 5 9 7 4 6 5
210 8 1 1 1 2 2 6 8 2 2
230 1 2 6 3 1 4 3 6 9 7
224 1 9 2 2 4 5 6 1 8 4
323 8 8 7 2 9 8 8 7 1 1
258 3 5 5 4 5 2 4 2 8 9
10
255 5 6 6 6 5 2 6 5 1 3
329 7 4 3 7 9 9 9 3 7 7
323 8 1 8 8 9 1 9 5 2 7
291 8 2 8 7 1 5 5 4 2 6
318 7 4 9 3 2 8 6 8 4 4
265 4 9 3 7 6 1 3 2 8 7
259 6 8 3 4 4 4 5 4 5 4
213 3 1 3 7 2 9 5 3 8 2
268 9 1 5 1 8 6 9 2 8 1
288 7 2 5 2 7 3 9 2 9 5
10
276 6 8 1 2 5 9 2 6 9 5
222 4 2 1 1 7 6 9 1 1 7
189 4 5 3 3 5 1 4 3 2 3
258 4 9 2 6 3 2 1 8 7 4
270 6 3 2 9 6 8 8 4 2 2
335 5 9 9 6 2 2 7 4 9 2
289 8 1 6 8 8 1 7 1 4 8
217 1 1 6 7 4 1 7 3 9 5
237 2 6 3 9 3 1 3 7 4 7
254 6 4 5 1 3 4 7 2 4 4
10
257 3 7 6 7 3 2 8 4 5 2
230 3 6 2 2 3 1 8 6 2 5
264 9 8 1 4 4 4 4 6 2 1
239 5 4 3 3 7 2 3 6 2 9
180 6 4 2 1 1 1 5 1 2 4
279 6 5 8 3 2 4 3 7 1 5
347 8 5 7 7 6 8 9 1 7 2
251 6 2 9 5 4 5 5 8 1 2
297 7 6 2 5 7 6 3 9 7 3
205 2 9 4 5 1 3 1 7 1 2
10
220 1 1 5 3 5 6 7 8 4 2
245 4 4 8 8 3 6 4 2 3 3
312 5 6 9 9 7 2 3 8 6 2
296 8 9 1 4 8 8 4 1 4 5
243 3 2 8 8 6 9 1 5 2 3
325 6 7 6 3 1 7 4 7 8 6
294 6 6 7 6 1 5 7 4 5 4
268 5 4 4 8 5 8 3 1 9 2
281 1 1 8 6 4 4 6 8 9 6
296 6 5 7 8 1 8 8 1 4 1
10
327 9 8 5 1 5 7 6 3 7 7
275 5 4 1 6 8 2 8 9 8 2
278 2 7 8 1 1 7 3 5 5 9
240 8 2 3 7 2 3 7 5 3 1
280 3 8 6 7 3 1 2 2 4 9
259 1 2 9 7 6 2 9 3 1 7
318 3 7 4 8 1 1 8 5 9 7
332 3 6 7 8 1 9 3 5 8 8
317 8 5 8 6 8 4 3 7 1 6
277 6 2 5 5 6 2 6 9 9 2
10
251 4 4 1 4 8 3 9 9 6 1
184 2 5 1 2 4 2 7 6 2 3
232 1 1 3 2 8 8 8 2 9 8
348 6 7 2 8 8 8 9 8 9 1
189 1 6 3 1 6 1 6 7 4 3
327 4 6 4 4 4 8 6 8 7 9
220 7 3 1 1 6 6 6 3 6 2
308 1 4 8 9 7 2 6 4 8 9
305 4 7 5 6 4 2 9 1 3 9
236 1 5 5 1 7 6 5 5 6 4
10
258 6 9 5 4 3 1 2 7 1 2
270 8 3 6 6 6 6 6 3 1 3
292 7 4 4 9 9 7 5 5 1 5
218 1 7 4 5 9 9 2 1 2 4
289 6 7 7 6 3 3 6 4 4 4
272 7 6 1 3 5 8 2 3 4 7
357 7 9 8 6 1 7 3 6 9 5
237 3 5 3 9 2 1 4 5 6 5
236 2 5 5 2 2 4 6 2 4 9
278 9 3 6 3 6 9 5 6 1 4
10
358 8 4 7 7 4 6 8 6 6 7
270 4 7 1 5 7 9 4 7 8 3
343 9 7 8 3 2 6 7 2 4 6
288 7 2 7 8 9 2 2 4 7 7
286 4 4 2 4 9 8 9 5 1 8
284 8 9 4 1 3 9 2 8 3 4
279 2 5 6 8 5 5 8 5 1 5
231 4 1 4 3 8 3 7 8 3 4
279 9 2 9 3 9 4 1 3 1 7
316 4 5 1 8 3 9 5 8 7 7
10
276 8 1 1 8 2 8 6 6 7 3
187 1 2 5 1 8 4 5 3 9 1
305 9 6 3 7 1 4 7 3 2 6
221 7 1 4 4 1 2 2 1 3 9
308 8 2 5 6 7 1 7 8 9 3
187 1 5 1 2 9 8 3 2 6 3
287 2 6 2 8 3 9 8 9 1 4
224 8 2 3 1 6 3 6 5 4 3
307 5 6 1 6 4 6 8 2 9 7
233 2 6 1 1 3 9 2 6 7 9
10
234 7 3 5 5 8 1 3 3 9 1
291 3 8 5 6 6 5 3 5 5 6
223 1 4 1 8 7 8 9 1 6 2
261 7 1 6 4 2 5 9 5 4 3
217 1 2 2 8 3 9 2 3 5 8
280 6 8 3 4 5 6 5 4 4 4
234 2 6 8 8 5 1 3 3 4 1
210 5 5 1 2 6 8 6 5 3 1
170 1 1 6 2 5 1 3 6 5 3
288 8 5 8 3 7 3 5 2 8 2
10
212 1 6 4 5 3 4 5 3 7 3
346 8 7 8 6 5 2 7 8 4 4
299 6 6 4 2 7 7 4 5 2 9
245 6 1 6 3 4 6 5 6 4 3
300 8 4 7 4 2 7 8 6 1 1
329 9 5 6 4 1 5 6 4 9 4
252 2 6 3 6 6 1 7 8 6 4
294 8 2 8 7 1 5 8 3 1 3
332 6 9 3 7 3 8 6 1 7 9
254 6 6 2 2 3 8 5 6 9 1
10
338 2 9 3 7 3 6 9 7 9 7
269 7 4 5 3 8 8 2 2 2 9
265 2 8 4 8 9 3 3 2 8 7
344 9 8 3 1 6 8 9 8 9 1
362 7 7 9 3 7 8 4 2 8 9
235 4 8 6 1 6 3 5 2 6 2
235 2 7 9 3 4 2 9 4 2 1
218 4 5 2 1 4 6 6 2 4 4
248 1 8 7 2 7 6 7 5 6 1
151 2 2 2 3 2 3 5 6 3 1
10
316 8 1 9 4 8 6 2 9 7 7
296 5 5 4 4 4 3 5 9 6 8
356 6 1 9 9 2 9 8 5 3 9
256 1 4 5 6 4 7 6 9 1 5
258 5 4 3 9 9 6 1 1 8 3
357 8 7 9 7 4 7 7 7 9 1
234 3 2 4 1 7 9 5 9 7 4
306 7 5 2 3 5 2 9 9 9 3
161 2 1 1 6 1 1 6 4 2 2
331 9 8 6 1 9 2 7 2 8 8
10
216 2 1 5 7 3 6 8 3 7 1
308 5 4 8 5 9 5 8 8 9 2
341 7 9 3 6 7 9 7 8 6 1
385 9 5 9 9 7 3 8 3 6 7
328 8 2 3 9 8 5 7 4 9 9
200 3 1 5 2 9 5 7 7 1 1
313 1 7 5 4 2 4 9 9 4 9
251 2 7 1 1 9 7 9 2 5 6
260 3 5 9 9 9 6 2 1 6 4
218 2 3 5 9 1 4 2 4 2 7
10
270 5 5 5 3 2 8 4 3 7 3
330 8 5 6 9 5 6 5 1 7 5
225 4 3 3 2 9 2 7 8 4 5
300 9 7 4 7 3 6 5 2 6 1
287 9 4 7 6 4 4 3 3 3 6
354 7 1 8 7 8 6 7 4 7 9
317 9 4 7 9 9 5 3 7 1 4
253 8 2 9 4 4 1 3 5 4 2
294 6 7 6 6 9 9 1 6 2 5
310 3 6 3 2 1 8 5 9 8 9
10
284 8 3 1 5 4 4 4 6 5 9
215 5 1 7 1 3 4 1 9 5 4
310 5 8 4 7 6 6 8 2 4 6
255 9 1 5 7 9 1 2 6 2 5
377 4 9 8 9 6 8 8 6 8 3
284 4 8 8 6 9 5 5 4 2 1
291 1 8 2 9 6 2 9 6 4 7
301 5 9 9 2 8 4 2 6 7 3
307 7 8 4 1 4 6 9 6 6 2
351 6 7 9 6 2 8 4 9 6 5
10
260 5 2 1 5 5 2 8 9 8 6
286 8 2 3 8 1 6 5 5 2 9
231 1 7 2 6 3 7 8 5 2 2
220 9 4 3 1 2 3 3 2 4 5
338 6 8 6 4 2 5 5 7 8 8
281 6 5 4 7 8 5 5 4 2 4
282 6 8 4 1 4 4 7 7 1 4
344 8 9 2 4 5 3 8 6 5 8
285 9 1 8 2 3 1 6 7 6 4
222 3 1 5 6 1 1 9 5 1 4
10
273 3 6 6 7 3 9 4 8 2 4
290 3 4 6 8 5 6 9 6 9 1
259 5 2 1 2 8 6 8 7 9 3
268 4 3 4 6 3 8 4 1 8 6
316 4 4 1 2 9 8 9 8 9 9
315 2 3 9 2 8 3 9 9 8 8
236 4 4 3 5 3 5 6 5 1 5
357 8 8 5 5 1 6 9 2 3 9
297 5 6 3 9 8 8 5 5 6 2
211 1 6 1 6 3 1 4 7 3 8
10
243 3 2 5 8 3 6 7 1 3 4
297 5 7 5 3 8 3 3 7 9 8
331 2 9 8 9 3 6 2 2 7 9
306 4 9 4 9 6 6 7 7 1 1
237 4 4 9 5 8 2 2 1 7 4
245 1 4 1 9 1 4 3 7 5 8
323 8 7 5 8 6 3 4 5 6 4
298 7 4 2 8 3 1 5 5 9 6
265 2 8 4 7 1 8 1 7 3 8
224 1 5 2 1 2 9 3 2 8 7
10
286 7 3 2 6 2 6 8 3 4 5
369 6 9 8 3 2 5 8 6 7 9
273 1 7 1 5 4 9 7 3 6 9
251 2 8 8 5 7 4 2 5 5 3
266 9 3 1 4 7 9 2 7 1 8
234 2 4 5 1 6 3 5 9 9 1
167 2 3 4 1 6 9 1 3 2 4
259 1 3 2 8 8 6 8 9 7 5
256 4 8 1 3 3 6 7 6 9 1
233 2 1 5 2 2 8 4 9 9 6
10
292 9 2 6 3 5 3 8 5 8 3
311 8 4 7 3 8 2 9 7 9 1
270 6 2 9 3 8 3 9 1 5 3
200 5 4 1 7 6 2 2 4 1 6
304 8 5 4 6 6 5 7 6 8 3
255 4 2 6 4 1 6 6 4 8 3
279 1 7 5 2 7 5 9 4 4 7
279 8 6 7 2 3 8 3 3 5 2
256 4 7 2 6 2 4 9 5 3 2
285 8 1 7 3 9 5 6 8 5 1
10
245 6 1 5 8 5 6 3 4 6 1
254 7 3 9 2 4 6 4 8 1 1
307 5 1 9 8 4 8 6 2 9 7
249 1 7 5 3 8 1 8 6 1 6
218 1 5 4 8 6 2 5 1 7 5
241 1 2 6 4 1 7 6 4 9 5
273 6 1 7 3 1 6 7 4 9 5
199 1 7 3 2 3 2 4 4 5 4
302 7 6 4 7 3 7 3 8 9 1
239 2 5 6 3 2 4 1 4 7 9
10
289 6 3 1 4 9 5 9 2 4 9
271 7 9 2 5 9 7 3 2 3 4
181 3 3 2 1 3 1 2 6 6 7
242 5 3 2 9 6 3 4 9 1 4
312 1 6 6 9 2 7 6 6 5 9
179 3 3 1 6 2 5 2 3 6 2
261 5 7 7 4 4 1 3 3 9 5
235 3 4 3 6 4 3 4 5 4 9
285 8 3 1 1 3 7 7 7 7 7
311 9 9 6 6 6 2 4 1 3 7
10
193 5 2 6 4 1 5 1 4 1 1
381 9 8 8 4 9 9 8 7 3 3
255 2 6 2 1 9 5 6 9 5 8
212 4 1 6 1 4 3 4 1 8 8
248 2 6 8 6 6 4 5 1 9 1
320 7 7 3 4 9 5 3 9 8 8
224 1 4 9 2 2 1 3 9 7 1
237 5 1 8 1 7 4 9 7 1 3
288 7 2 3 9 5 3 8 8 4 2
254 3 6 6 6 3 7 4 7 6 1
10
376 8 6 5 8 9 6 7 8 6 7
311 7 5 8 6 5 4 9 1 4 2
221 1 8 5 5 3 2 3 6 2 5
348 7 9 2 4 1 6 8 9 5 7
269 1 7 7 6 6 5 1 3 9 8
241 2 6 7 1 3 7 1 6 1 7
238 7 2 5 7 8 5 1 4 2 6
244 4 1 5 3 4 7 7 9 3 5
242 5 3 8 1 6 4 7 4 8 1
237 3 4 1 4 1 6 8 5 3 8
10
307 8 6 3 1 7 7 6 5 7 4
249 4 6 3 7 4 8 7 4 1 3
287 5 9 5 6 5 9 1 4 3 3
397 7 9 7 9 9 3 5 8 8 9
267 7 9 2 6 5 1 5 6 4 2
241 6 1 3 5 3 2 8 2 3 8
258 7 9 2 8 3 7 1 4 2 1
242 6 1 9 1 1 2 7 4 1 5
193 1 1 9 6 3 8 5 1 2 1
281 6 8 1 8 1 3 9 3 5 3
10
235 3 5 5 4 4 3 2 7 8 3
301 6 7 1 6 7 4 8 9 3 5
250 5 7 5 4 4 2 4 4 7 1
238 3 6 3 1 8 2 6 4 9 6
270 6 1 7 4 4 4 7 2 3 7
257 5 4 1 1 4 4 4 9 5 9
245 5 4 6 2 6 3 1 6 2 9
292 3 6 9 2 9 4 4 3 6 8
285 7 2 1 6 7 7 3 8 6 7
230 3 1 6 4 5 9 2 8 1 6
10
267 3 3 5 8 6 7 1 9 5 6
272 9 6 3 3 2 6 7 4 2 3
284 3 5 5 3 3 4 9 7 9 2
288 3 4 3 7 5 6 7 4 4 8
318 8 7 2 4 6 6 8 1 5 8
203 3 3 7 5 2 4 1 6 3 2
314 1 6 7 1 5 7 9 6 8 9
158 1 3 1 3 1 2 6 3 2 6
227 2 6 7 3 2 7 2 4 2 4
287 8 2 6 8 3 7 3 9 4 2
10
324 7 6 7 8 7 4 6 4 3 7
231 6 1 3 7 8 6 2 4 5 2
287 2 6 9 8 8 2 3 1 6 8
323 2 6 6 5 9 9 8 9 2 6
274 7 5 5 5 5 3 8 5 3 2
305 7 5 6 9 3 3 9 2 5 4
284 3 5 8 9 4 8 5 1 2 6
279 3 9 9 7 4 3 1 8 2 2
295 1 1 7 9 4 9 5 8 3 9
246 3 1 2 6 6 8 2 9 7 7
10
319 6 9 9 2 7 9 8 1 6 2
203 5 1 2 3 1 3 5 2 4 9
200 1 1 1 8 4 4 7 1 8 5
249 2 8 3 2 9 1 6 5 7 8
226 3 5 9 5 3 2 1 4 2 4
301 9 2 8 6 9 6 4 9 3 2
303 7 5 2 9 5 5 6 9 7 1
233 8 1 4 6 4 9 4 3 1 2
316 7 7 7 8 3 3 1 4 8 8
203 6 4 1 1 2 5 5 3 8 2
10
217 1 6 1 2 2 9 7 4 4 3
271 1 2 9 7 2 5 3 8 9 7
231 3 7 1 2 6 5 2 1 5 9
278 1 5 7 8 6 2 4 9 7 8
353 9 5 8 2 2 6 6 2 9 9
248 5 4 5 6 6 6 1 6 3 3
310 8 8 1 4 7 7 5 6 8 1
228 9 1 5 5 4 2 6 1 6 1
294 3 3 8 3 6 6 9 7 2 7
265 2 8 7 8 2 3 4 5 6 3
10
256 3 1 8 8 5 6 2 4 7 7
237 2 4 4 5 6 3 4 8 8 4
293 6 3 8 3 3 2 8 8 8 4
245 1 5 3 9 2 3 7 7 1 6
299 5 8 5 5 8 5 1 3 7 7
315 7 6 7 2 7 5 9 8 1 2
239 9 2 4 1 2 3 3 4 8 3
346 8 7 5 4 4 8 9 4 9 4
272 7 3 7 7 3 4 5 7 6 1
259 6 5 1 9 9 2 1 1 9 6
10
228 6 6 2 3 5 1 4 7 6 2
257 4 6 5 3 4 8 5 4 3 5
262 9 5 1 2 1 1 1 4 9 8
259 7 1 2 7 2 4 5 9 8 3
378 7 6 8 8 1 8 7 2 7 8
251 6 1 9 5 8 2 3 6 2 5
272 6 2 9 3 8 6 5 8 1 3
363 7 8 7 2 7 6 9 5 9 4
228 2 3 2 9 2 6 8 2 6 2
298 8 4 5 8 2 3 4 2 1 9
10
258 6 1 6 6 7 8 6 5 3 2
309 7 7 8 4 1 4 7 2 6 3
338 7 9 7 6 4 6 2 8 8 3
285 9 8 4 1 9 7 4 2 6 2
296 2 8 7 7 4 3 3 8 2 7
292 9 1 7 8 9 4 1 1 9 5
204 3 2 6 3 8 2 1 4 6 7
241 1 2 7 3 5 1 7 4 8 8
233 4 1 5 3 2 8 5 2 2 6
338 7 5 9 9 1 4 8 2 4 5
10
341 8 4 6 9 7 5 6 7 5 6
281 3 7 3 6 8 5 7 5 3 7
211 7 8 1 3 9 7 1 1 1 1
341 6 8 8 8 5 2 9 6 5 2
413 8 9 9 8 4 4 9 8 9 6
248 4 2 8 9 1 7 7 1 2 1
315 1 6 8 5 2 9 9 3 6 7
264 3 8 4 4 2 6 8 3 3 5
314 5 9 3 7 1 5 6 6 5 4
227 1 5 1 2 1 9 6 4 2 8
10
240 5 7 4 3 6 3 3 3 7 5
282 8 1 7 3 3 3 9 4 4 5
228 6 1 2 9 1 7 1 6 5 5
354 2 8 8 9 8 6 7 6 8 7
213 4 8 2 7 2 1 2 2 3 4
273 4 4 6 5 9 4 2 7 9 6
219 2 2 2 5 1 2 7 8 7 2
282 8 2 4 5 2 5 4 6 6 8
275 9 7 1 3 5 1 3 2 5 7
276 8 9 1 1 8 6 4 6 4 3
10
292 9 3 4 3 7 7 7 2 3 6
263 7 6 5 2 4 6 4 7 6 2
196 1 4 7 3 4 7 2 4 1 6
258 3 5 7 9 5 2 7 5 3 2
324 4 2 8 9 4 7 7 6 6 8
257 7 5 5 5 1 3 8 2 4 1
244 4 5 2 9 3 2 4 6 7 4
255 9 8 8 1 1 3 3 2 3 2
392 8 8 9 9 4 2 8 7 6 8
183 4 5 4 4 3 4 3 2 2 1
10
247 1 1 8 2 8 8 9 7 4 4
296 4 9 1 1 3 6 7 6 8 7
243 4 2 4 8 5 1 5 3 1 9
265 6 2 2 7 8 9 9 1 7 1
229 8 2 1 2 4 7 6 4 3 2
275 2 1 6 9 5 7 7 7 4 8
336 7 7 2 5 6 8 3 9 4 9
203 2 1 4 9 4 6 4 4 3 2
242 6 3 6 7 4 1 5 1 7 4
257 9 1 8 1 9 7 2 1 9 4
10
283 5 1 9 1 5 7 8 3 5 9
290 2 8 7 8 8 7 2 3 5 6
292 6 6 2 7 8 4 5 3 9 6
271 6 7 2 2 4 9 3 4 6 7
295 8 3 3 2 6 2 7 6 8 6
269 8 8 6 3 3 3 2 2 8 3
264 1 6 1 7 8 7 4 9 8 5
323 5 9 3 2 6 9 6 2 9 9
237 4 4 2 5 3 1 3 9 9 3
213 1 7 8 4 5 1 5 3 3 1
10
316 7 1 9 7 2 6 1 6 8 9
367 7 4 9 8 9 8 7 9 5 3
297 5 6 1 7 1 9 8 6 9 2
278 7 3 3 2 5 6 5 8 7 5
202 3 2 6 2 7 6 7 1 1 2
269 3 3 9 9 4 8 3 2 1 6
255 3 3 4 2 7 5 7 7 5 6
357 9 5 8 9 7 4 3 5 9 7
256 6 1 7 4 4 5 1 3 8 7
265 1 8 7 9 7 5 6 1 4 2
10
290 9 7 1 4 8 5 2 6 6 5
311 6 9 3 9 4 6 1 9 2 7
291 9 7 6 3 4 5 2 8 3 2
267 4 1 8 8 4 9 6 1 7 2
284 2 4 6 9 5 9 6 9 3 3
276 6 9 8 4 7 1 3 8 1 1
174 1 2 4 1 6 1 1 3 7 8
228 1 8 8 3 3 4 4 6 1 2
255 9 3 5 1 5 1 2 6 2 9
218 1 6 8 1 1 9 3 2 8 3
10
267 8 6 2 7 8 6 5 4 5 1
355 5 9 8 1 3 9 9 2 6 7
270 3 6 7 1 6 6 3 9 5 6
291 8 3 2 6 8 6 6 6 3 8
268 6 4 1 4 4 5 5 8 7 5
251 9 3 7 1 8 4 3 1 6 2
263 7 5 2 9 3 9 1 7 2 1
262 4 1 8 3 8 9 3 6 3 6
149 7 2 3 1 8 2 2 1 2 1
174 4 3 2 4 5 1 3 1 6 2
10
216 4 3 7 4 7 9 2 3 3 2
210 4 1 5 1 5 3 3 3 2 9
330 7 8 3 8 4 9 3 4 3 8
377 8 2 6 9 8 8 5 9 9 7
256 3 4 5 9 8 8 2 5 7 4
258 8 1 5 3 3 9 2 3 1 9
274 6 5 7 1 2 8 4 9 6 2
250 3 3 4 5 7 8 1 5 2 9
256 8 3 4 3 3 5 8 1 6 4
291 6 3 8 1 3 6 3 4 9 9
10
243 8 8 1 2 1 4 1 8 6 1
298 8 7 1 8 4 6 4 1 6 5
287 4 3 1 7 7 8 9 9 5 2
215 3 2 4 4 6 5 1 6 8 4
275 2 7 6 7 3 8 5 9 7 1
216 5 2 3 6 2 6 1 3 2 8
249 1 8 1 9 2 8 3 7 7 1
250 4 1 2 3 1 8 8 6 8 7
275 1 9 4 7 2 5 9 8 1 3
366 7 4 8 3 5 5 9 8 9 7
10
213 1 5 7 4 6 5 2 9 2 2
269 9 1 9 4 3 2 4 1 9 3
260 4 6 6 7 9 2 8 1 4 4
321 8 5 8 2 1 8 3 4 8 8
260 5 4 7 5 1 9 5 2 5 3
298 9 6 1 5 9 5 2 6 6 6
252 6 6 5 1 1 3 4 7 3 3
274 5 7 2 4 4 5 9 1 6 5
312 3 9 1 8 8 9 8 2 1 8
296 8 9 2 5 8 1 3 7 3 8
10
291 4 8 1 9 5 9 8 6 6 1
248 3 8 5 3 2 5 3 2 5 4
303 2 7 8 7 2 5 8 1 8 5
231 4 2 1 4 5 9 5 1 4 9
362 9 8 7 4 5 7 9 2 4 4
232 2 5 2 4 6 6 5 9 3 2
259 2 1 4 6 8 5 6 9 9 6
326 7 5 8 9 2 9 4 2 2 6
278 8 2 7 3 7 6 3 3 1 7
240 4 4 2 3 2 9 4 5 5 6
10
291 9 6 4 6 6 2 4 5 4 3
291 3 5 5 2 9 3 7 9 6 9
289 3 9 4 5 7 2 8 5 3 9
163 2 1 3 5 9 1 5 6 2 3
304 9 6 6 1 4 5 6 5 1 7
248 3 4 7 7 7 9 2 3 9 1
296 9 6 2 6 3 5 2 7 8 3
368 9 7 9 1 9 6 9 8 7 5
285 3 8 7 4 7 2 5 1 8 9
307 7 3 7 6 9 4 8 1 9 3
10
369 5 9 8 8 2 1 9 4 8 6
270 8 2 1 3 4 2 7 9 2 6
282 8 2 9 1 2 3 8 3 4 7
286 5 1 4 9 6 3 9 4 7 6
243 2 2 8 7 2 3 5 6 2 4
278 7 1 5 9 7 2 4 8 2 8
147 4 2 1 4 5 1 3 1 2 1
317 8 1 9 6 8 5 9 1 7 6
271 8 9 1 5 4 2 3 8 3 5
297 7 4 5 7 6 9 6 8 4 2
10
254 4 6 2 6 7 3 3 7 3 7
325 2 4 9 9 3 8 7 5 6 6
305 5 3 9 6 9 5 1 7 9 8
241 6 1 2 8 7 4 7 8 4 2
279 9 4 4 2 8 2 9 6 2 5
272 2 6 5 4 4 8 5 3 9 4
291 2 9 2 7 3 5 9 1 1 9
295 7 9 3 8 7 4 3 4 4 6
286 1 4 9 6 6 7 9 8 1 3
216 4 2 2 2 8 6 6 3 3 4
10
308 9 7 7 8 1 2 7 1 4 4
292 8 4 1 9 6 3 5 7 8 2
244 7 3 1 3 4 4 3 3 5 7
314 8 6 1 8 2 5 9 4 1 6
345 8 9 9 7 2 2 7 7 5 1
267 5 2 1 1 2 9 5 9 6 9
304 5 3 8 1 6 9 8 3 9 7
328 9 9 1 9 7 7 2 4 1 9
227 6 1 9 2 3 2 1 4 6 5
282 3 3 8 6 1 9 6 6 6 3
10
324 5 6 3 4 6 6 9 4 6 8
241 1 7 4 1 8 5 1 8 8 9
264 4 8 4 6 3 8 2 1 2 6
300 7 7 9 3 3 7 4 6 3 1
253 4 2 5 9 9 9 2 5 2 4
258 4 2 2 4 2 7 9 7 2 5
196 1 1 9 1 2 9 2 2 2 5
334 6 6 5 7 1 1 7 9 8 5
345 5 9 2 7 5 1 8 8 6 9
286 4 6 3 5 9 8 5 4 6 7
10
337 6 8 5 3 3 8 7 1 9 9
303 1 9 6 8 5 6 1 7 5 8
231 4 9 4 7 5 2 1 4 1 4
393 8 8 9 7 9 1 7 8 6 9
313 4 7 5 2 9 8 5 6 9 7
176 1 7 3 4 2 4 1 3 7 2
292 4 2 8 6 8 8 6 9 8 1
241 3 1 3 4 1 2 9 3 7 9
258 3 6 5 7 8 6 7 3 6 2
238 5 5 7 2 6 2 6 2 3 2
10
294 4 8 5 5 5 6 5 6 8 2
293 7 1 6 9 4 2 5 3 8 9
242 5 1 4 4 3 7 8 5 8 2
255 6 8 2 8 4 1 6 7 3 1
251 5 4 7 1 8 4 4 7 6 4
322 8 4 9 9 1 5 3 7 5 2
262 4 6 2 4 7 2 9 2 3 6
357 9 9 1 7 8 8 5 7 6 4
330 8 6 9 6 2 2 3 9 7 2
298 6 3 2 8 4 6 9 7 8 3
10
315 3 5 7 8 6 8 9 4 1 7
283 6 5 7 5 1 7 7 2 3 5
351 8 6 5 3 9 8 9 3 9 8
277 1 3 7 8 4 9 6 7 7 5
287 7 1 6 3 4 9 2 9 6 8
320 3 9 7 7 5 8 9 2 7 1
353 9 8 2 5 1 5 6 4 8 8
303 7 9 2 1 5 4 9 1 4 8
284 4 9 7 8 9 3 1 5 4 4
288 6 5 8 2 6 3 7 2 1 7
10
263 2 3 9 6 8 2 1 7 7 9
295 3 7 4 2 2 9 4 8 2 9
311 8 4 1 8 3 5 2 6 8 9
315 9 4 2 8 7 7 5 2 8 5
319 4 8 4 9 9 6 8 5 1 7
341 6 8 7 6 4 8 4 5 3 8
251 4 8 7 4 7 4 6 6 1 1
241 1 4 8 6 9 3 1 8 4 4
345 8 5 7 7 7 4 7 6 7 7
330 9 7 4 1 4 3 4 9 5 8
10
306 5 7 3 6 4 4 8 5 4 7
264 5 2 7 6 1 6 2 8 2 8
344 8 6 5 6 4 6 6 9 8 3
307 9 8 6 5 3 5 1 3 3 5
266 2 1 3 4 4 8 5 9 5 9
264 7 8 2 4 6 6 1 1 9 6
236 1 1 7 4 5 1 8 8 8 3
266 2 9 8 9 2 4 5 2 2 4
234 5 4 3 7 1 6 7 2 1 4
262 4 6 6 8 8 3 2 1 3 9
10
266 4 5 5 7 9 5 8 1 4 5
291 5 9 3 7 6 5 8 2 2 5
258 4 1 4 8 2 4 5 9 7 5
328 6 4 3 8 4 3 5 9 7 9
256 4 2 5 7 4 3 1 9 7 5
222 1 3 5 5 9 3 5 6 5 3
199 3 5 6 5 1 1 3 1 8 2
248 8 1 2 6 9 3 2 4 8 5
314 5 3 6 9 4 3 4 8 8 7
191 1 3 1 3 8 3 5 9 5 2
10
263 2 5 9 5 9 1 5 9 5 3
250 4 1 2 7 5 9 5 6 7 5
258 8 5 3 5 5 6 4 5 4 3
212 5 8 1 2 5 5 3 2 3 2
200 1 4 5 5 3 4 6 2 5 4
272 1 5 8 4 7 6 7 5 2 5
270 9 1 8 6 3 6 3 7 3 1
313 8 9 2 1 7 4 8 8 1 5
294 8 3 5 8 2 3 8 7 5 2
230 3 4 7 5 3 3 3 6 7 1
10
332 2 8 7 8 2 8 8 6 7 3
250 6 4 7 1 6 3 4 6 9 1
341 9 9 1 4 1 4 5 7 6 9
263 4 2 3 9 2 9 9 4 1 6
201 1 6 1 6 7 3 4 3 8 2
257 8 1 1 5 6 8 5 3 1 8
307 8 5 3 5 7 8 6 8 7 1
333 1 9 7 9 5 6 7 8 2 7
235 6 3 1 8 7 6 6 3 1 5
306 9 8 6 1 3 6 6 4 9 1
10
227 4 2 4 9 9 1 7 2 5 3
309 4 8 8 2 7 5 6 7 1 7
253 4 2 4 9 9 4 9 5 1 3
257 3 1 6 7 1 9 3 5 9 4
337 8 4 8 7 4 1 9 3 7 8
341 6 4 8 3 7 7 9 7 6 6
311 9 8 4 3 7 3 3 8 9 1
318 9 6 6 4 1 3 6 4 7 4
230 3 2 9 4 6 3 1 7 3 7
365 9 7 6 1 5 5 6 7 6 9
10
276 9 5 6 3 3 5 4 5 4 4
392 9 3 8 8 5 9 7 6 4 9
246 9 2 2 5 9 6 1 8 2 1
248 3 6 5 6 6 2 4 3 2 8
282 7 5 5 1 6 6 9 8 5 2
271 1 9 8 9 3 5 2 1 9 1
236 5 5 6 6 1 5 3 1 4 4
337 9 8 8 3 5 5 9 3 4 4
303 6 8 1 8 9 3 5 8 8 5
290 5 6 4 5 6 7 3 7 4 5
10
235 6 1 1 1 2 7 5 4 8 6
234 2 5 8 4 9 2 5 1 7 2
227 1 7 2 3 6 1 9 5 7 3
267 6 3 3 5 8 8 5 5 3 6
281 6 1 7 9 4 5 1 8 6 7
332 5 9 9 5 7 5 5 6 7 4
309 5 8 5 8 2 3 5 1 7 6
250 6 4 1 2 5 9 5 5 1 9
216 2 5 8 3 6 1 8 1 6 2
280 7 5 9 2 4 1 6 8 1 4
10
257 4 9 1 4 4 2 8 5 5 1
214 3 3 7 8 1 3 4 1 3 5
351 9 7 7 9 1 2 9 6 3 2
252 4 9 1 1 6 7 6 4 4 6
269 5 9 6 6 2 3 6 2 1 5
240 1 7 4 6 9 6 2 9 6 2
328 3 9 9 1 5 6 7 7 8 5
368 6 8 8 9 4 6 6 1 8 9
364 8 9 1 7 1 3 9 5 9 7
262 5 9 5 8 9 7 2 3 2 2
10
268 1 7 8 2 9 6 9 7 1 2
352 5 8 6 8 2 2 9 9 9 3
231 3 1 2 7 7 9 2 6 3 8
364 8 6 9 2 6 8 5 9 2 9
263 4 3 2 5 3 8 4 4 6 9
297 9 1 7 7 6 3 3 7 4 7
234 5 2 5 5 2 6 3 8 7 1
314 5 7 9 8 7 4 6 6 3 3
275 5 1 6 4 4 5 3 7 7 8
344 6 9 7 4 7 1 6 7 4 9
10
322 8 4 2 8 9 2 5 3 7 9
293 7 1 3 8 5 1 5 8 9 8
322 7 5 7 1 6 6 7 9 8 3
361 8 9 7 5 5 4 5 9 3 9
289 6 9 2 5 6 6 3 4 7 3
282 5 6 2 7 7 2 9 1 3 6
192 4 1 1 6 6 3 2 3 9 2
253 3 8 2 1 5 7 6 2 3 6
247 2 3 6 5 9 5 2 9 8 6
259 1 9 1 1 7 6 7 6 6 5
10
307 5 8 4 9 7 7 3 4 2 7
295 6 6 8 9 5 2 1 6 6 5
301 2 8 8 5 7 3 8 8 6 2
352 5 8 9 9 7 9 3 9 7 1
240 3 5 2 4 4 1 5 8 5 5
291 8 2 5 4 4 9 6 5 6 4
227 4 2 5 2 4 8 4 8 3 3
336 2 9 9 7 5 9 7 6 5 6
223 4 5 3 2 4 4 5 8 4 3
230 8 2 1 1 6 1 2 9 3 7
10
251 2 8 8 6 9 2 4 3 4 1
239 5 9 4 4 3 2 2 1 5 4
328 7 3 5 9 3 4 7 9 5 5
200 1 1 3 9 6 4 5 8 5 2
272 9 1 2 8 1 5 7 5 4 4
366 9 7 7 9 3 6 3 2 6 8
184 5 2 4 6 2 8 2 2 1 1
256 4 5 8 1 3 5 7 5 8 1
384 6 9 9 8 5 5 6 9 7 7
319 7 3 9 6 4 4 7 4 1 9
10
189 4 2 5 1 8 2 4 4 5 4
245 6 5 7 8 1 6 3 1 2 3
197 4 2 3 2 9 6 2 8 1 4
283 7 2 9 4 4 7 4 1 6 4
170 3 1 1 1 6 6 4 7 4 1
249 3 4 5 4 4 7 7 2 2 5
328 5 7 6 7 8 8 8 2 9 2
236 2 4 2 8 4 6 7 7 2 1
325 9 3 7 2 1 6 9 8 1 6
312 6 3 8 4 5 3 7 4 7 7
10
332 4 6 9 8 8 5 6 9 2 6
303 3 9 2 9 2 1 8 3 9 8
330 9 6 9 6 7 7 2 6 8 2
274 8 1 3 7 2 6 7 2 2 9
301 2 9 4 8 6 9 8 2 8 2
284 9 9 4 3 4 8 2 7 2 1
283 8 5 6 4 8 8 1 5 6 1
195 4 4 2 2 3 8 5 3 1 4
338 8 8 6 9 2 8 5 1 8 4
252 3 2 3 5 1 6 9 9 1 5
10
212 2 1 4 3 9 5 3 6 8 4
304 5 5 9 4 9 4 3 9 2 8
233 1 5 9 3 3 1 7 3 9 1
270 7 7 1 8 5 2 5 1 1 9
270 5 6 6 4 1 4 3 4 7 4
239 9 2 9 4 5 1 3 3 3 2
368 9 9 6 6 2 9 5 4 4 8
248 2 8 7 4 9 3 1 3 8 5
256 3 7 4 1 9 3 8 5 3 8
203 1 5 6 4 6 5 5 2 6 1
10
300 8 3 8 3 3 6 2 9 7 5
284 3 4 5 8 3 6 9 6 2 7
310 6 7 1 9 9 6 6 7 3 6
305 2 7 8 3 5 9 7 9 5 4
246 8 2 7 5 4 3 2 2 5 2
273 1 9 9 6 7 5 8 6 1 2
225 7 9 1 6 6 3 2 3 2 1
286 2 7 3 5 9 9 4 9 5 5
271 8 1 1 8 8 7 5 2 2 9
256 2 5 7 3 3 6 2 6 5 8
10
272 6 6 7 1 8 8 8 3 2 3
310 5 5 6 9 1 5 9 4 9 2
295 7 9 7 1 7 4 6 5 4 4
239 1 1 4 4 3 7 9 3 6 9
285 8 8 1 8 2 1 3 8 9 3
283 7 4 1 4 5 7 7 8 9 2
310 4 7 7 6 2 3 1 9 8 7
334 9 9 8 5 4 7 7 1 1 3
220 1 6 4 3 4 5 6 3 5 3
218 8 4 1 1 3 1 3 3 5 8
10
270 1 9 4 3 3 1 9 5 1 8
323 7 6 5 2 8 2 7 6 8 8
272 5 8 7 1 4 5 1 4 9 3
223 6 6 2 7 1 6 2 2 3 3
200 1 8 4 1 7 6 1 3 3 3
243 9 4 2 3 5 4 2 2 3 8
229 7 3 5 1 2 5 1 7 3 5
206 4 3 1 1 9 6 6 6 5 2
252 7 1 4 7 7 9 1 1 3 5
252 7 3 6 1 9 1 6 4 7 2
10
267 5 9 6 1 5 6 2 3 3 4
290 3 6 9 5 5 1 1 8 6 8
196 3 1 3 5 2 5 4 9 2 2
235 1 4 6 1 3 9 5 4 3 7
257 3 4 3 6 5 5 7 2 8 4
237 2 7 9 1 6 9 1 3 5 1
294 8 6 8 2 3 9 3 3 9 1
239 4 8 3 8 2 2 1 5 3 4
224 2 3 7 2 2 5 2 9 6 4
235 3 8 1 1 9 2 5 6 5 4
10
306 3 3 9 8 8 2 5 7 2 9
365 9 4 3 7 9 6 7 8 6 9
209 1 4 5 4 5 8 5 6 2 1
192 8 2 4 1 2 3 1 3 2 3
311 7 6 3 5 6 5 6 5 6 8
337 8 9 1 4 7 1 8 5 6 9
328 8 3 6 4 5 7 8 9 8 4
234 2 3 4 6 4 6 2 6 8 7
296 5 6 7 5 6 1 3 9 6 6
365 9 6 7 9 2 6 4 1 9 6
10
244 5 4 2 4 7 6 3 8 4 4
288 5 5 5 7 2 8 5 9 3 4
327 1 9 7 4 2 7 9 5 5 8
289 8 9 3 5 1 2 4 2 7 4
304 5 4 3 8 2 1 9 8 8 8
270 5 7 3 7 1 2 2 4 8 8
275 4 2 8 8 9 6 1 7 1 7
187 6 3 1 1 5 4 4 2 4 2
305 6 1 4 8 9 8 1 7 9 8
257 7 5 6 4 1 5 4 6 2 1
10
261 2 7 2 2 9 2 7 7 8 8
201 3 5 4 1 5 3 2 6 8 1
344 3 6 8 2 2 9 9 8 4 8
309 8 6 6 6 7 2 9 1 3 3
281 5 9 7 5 1 1 4 6 5 3
293 4 8 9 1 4 1 3 5 9 6
228 3 4 3 3 3 2 5 9 5 5
271 2 7 7 1 4 4 3 9 4 7
287 5 7 3 6 4 9 4 5 4 4
189 6 2 2 8 5 1 2 2 2 5
10
317 6 7 2 5 4 2 9 9 4 9
311 7 8 7 4 2 4 4 3 8 3
158 3 4 1 2 6 2 2 4 7 1
374 4 9 8 3 4 8 8 9 5 8
200 4 2 1 1 7 1 6 4 6 8
262 5 1 5 8 1 3 9 1 2 8
292 4 9 6 6 5 5 6 4 3 5
325 8 8 8 4 9 1 4 7 1 6
252 7 2 3 1 3 6 6 9 5 5
346 8 9 4 9 7 4 5 4 7 3
10
309 7 7 3 3 1 6 7 9 5 6
330 1 9 5 9 9 4 6 8 5 9
303 7 7 5 9 1 3 1 8 7 2
325 2 4 3 9 4 8 6 9 8 8
300 3 7 1 1 9 9 9 4 7 7
320 7 4 3 7 3 5 9 8 7 6
312 1 9 8 9 4 6 5 1 3 9
306 6 8 5 3 3 6 6 8 7 4
254 6 3 5 3 9 2 1 8 6 9
269 3 8 9 5 7 7 2 1 6 5
10
237 7 6 4 2 1 1 5 8 3 3
352 6 9 4 9 9 7 8 5 4 3
263 1 8 2 3 1 2 3 8 8 9
280 7 1 9 8 8 1 5 3 7 4
264 5 8 5 2 5 2 1 5 9 7
300 1 6 9 6 9 6 3 8 8 4
319 2 9 7 3 6 7 5 8 9 4
312 6 1 7 2 4 5 6 8 6 9
291 3 5 4 3 5 7 7 8 8 6
283 2 9 1 8 6 6 7 6 5 6
10
289 4 9 6 4 7 3 3 8 9 3
333 9 3 7 4 7 9 4 6 4 8
303 7 5 3 8 4 6 3 9 4 7
296 5 7 5 5 6 2 8 5 2 9
284 6 4 1 2 4 8 8 2 8 6
338 2 8 9 8 8 5 7 2 5 8
299 7 7 1 3 9 9 7 3 7 5
188 3 1 6 3 2 3 4 6 4 1
330 4 5 9 8 8 8 2 3 9 6
233 3 8 3 6 8 3 3 8 6 1
10
261 4 5 7 8 3 2 2 1 1 9
227 4 8 4 1 6 7 1 6 4 3
215 6 3 4 3 1 2 2 5 9 1
269 6 6 3 9 3 9 5 4 1 1
202 7 2 3 4 4 1 1 3 8 4
290 6 9 6 6 1 3 2 7 1 5
351 9 2 6 8 4 9 8 8 8 2
266 3 4 9 3 5 5 3 4 4 7
298 7 9 4 9 7 7 2 3 5 2
315 1 5 8 9 4 2 8 6 7 8
10
275 6 5 3 4 3 6 1 9 4 6
282 7 9 1 7 1 5 4 1 8 2
270 2 4 3 5 5 3 9 9 7 3
291 6 4 6 3 3 8 3 6 7 7
278 6 4 1 7 3 7 1 9 8 4
219 2 4 4 6 6 5 8 3 2 1
252 7 1 4 3 8 9 4 4 5 4
308 8 1 5 2 2 9 5 8 9 8
273 3 4 5 6 8 3 8 3 3 7
343 7 8 7 5 5 3 8 6 3 6
10
278 7 8 1 8 6 7 5 3 1 5
255 6 8 7 2 7 3 2 1 1 7
188 3 9 1 2 5 3 1 8 5 1
280 6 8 5 4 2 6 3 6 6 4
304 7 2 6 7 8 2 6 6 7 8
247 1 1 5 8 4 8 6 3 6 6
274 8 4 6 5 1 7 7 1 3 3
297 3 3 9 2 1 7 9 5 8 6
283 8 5 3 4 7 1 1 7 4 8
253 5 1 8 1 8 6 6 9 7 1
10
323 7 7 8 7 7 6 3 7 4 2
218 5 2 2 5 2 6 7 2 1 5
231 1 7 1 6 6 2 9 6 3 1
284 3 4 7 8 3 2 7 6 8 6
317 8 7 7 6 3 9 3 1 1 8
279 3 4 6 6 7 6 4 7 7 6
296 7 9 5 3 7 6 5 7 3 2
311 8 8 6 4 4 3 1 9 5 6
268 3 4 7 7 5 1 8 2 2 8
215 6 3 2 4 3 2 5 8 1 2
10
241 9 4 1 1 4 3 4 6 3 7
262 1 6 2 7 7 4 9 3 7 5
265 2 5 3 7 2 3 3 7 8 7
271 9 1 6 5 9 3 3 6 8 2
272 8 3 2 4 6 1 5 6 7 9
221 2 4 4 3 5 2 3 9 9 4
311 8 6 6 9 4 2 7 3 6 4
231 3 6 1 6 3 7 3 8 7 1
233 7 4 6 4 4 1 3 5 5 3
250 5 2 2 7 7 2 8 2 6 8
10
262 5 5 9 6 5 2 1 2 4 8
198 5 3 6 4 7 1 1 6 7 1
336 5 3 7 8 4 7 9 4 2 9
202 4 5 4 3 4 5 2 4 2 3
272 3 5 7 8 8 7 1 5 8 2
130 2 1 1 2 8 2 2 2 8 2
258 6 3 2 5 7 7 5 8 6 1
281 2 6 6 6 1 5 5 3 7 6
300 5 8 6 3 9 3 6 4 2 7
296 4 4 8 4 3 8 4 9 9 5
10
234 2 5 3 1 7 9 2 8 2 9
253 2 1 9 8 3 9 4 5 7 2
202 5 6 1 2 2 7 1 3 6 4
250 7 3 1 8 1 4 3 6 8 4
342 9 6 3 7 1 4 4 9 4 9
350 9 8 6 4 3 2 8 7 8 5
349 8 7 7 5 4 7 6 7 4 7
243 5 6 5 4 6 3 8 1 3 2
296 2 2 9 5 3 8 7 9 8 2
229 2 5 4 7 9 6 9 1 2 1
10
263 5 5 1 7 9 2 4 7 4 9
274 4 2 8 5 4 2 5 5 6 6
355 7 8 8 8 5 6 5 8 5 6
271 7 3 5 7 2 8 3 3 6 5
278 6 6 8 8 3 3 3 6 3 1
250 2 4 9 8 3 5 1 6 2 6
377 9 3 9 5 4 9 9 4 8 5
252 6 2 2 1 9 6 8 5 7 6
288 8 8 1 7 7 5 1 8 2 5
227 1 2 9 6 5 1 8 2 4 5
10
299 7 3 6 2 6 8 8 3 9 5
283 8 9 7 3 3 1 3 6 5 2
243 6 7 2 3 6 2 4 3 2 9
268 6 2 6 1 6 7 6 8 8 2
247 8 2 3 2 9 1 8 1 6 7
264 7 4 8 9 5 4 1 1 2 4
240 1 6 4 4 1 6 3 9 2 6
276 6 4 2 3 6 4 9 5 4 7
330 8 8 9 2 6 7 6 1 6 2
265 5 4 1 5 7 7 4 7 5 8
10
292 5 4 5 7 4 8 8 3 7 4
300 3 4 7 9 8 4 9 3 9 2
313 4 2 3 4 8 7 9 9 5 9
221 3 2 1 5 7 4 6 2 8 4
226 6 2 4 8 1 2 8 1 2 3
317 6 5 5 8 2 1 6 8 6 8
232 3 7 8 4 3 8 2 7 1 1
379 6 5 9 6 3 8 9 6 8 9
218 1 4 6 8 4 9 1 2 5 4
294 9 5 2 8 8 8 3 7 8 1
10
228 1 3 3 1 5 7 9 6 7 2
251 1 1 7 5 4 2 3 7 9 9
303 8 3 8 4 8 3 2 7 3 9
241 5 1 1 7 8 6 2 9 2 7
211 2 2 1 1 1 5 8 3 3 8
211 6 2 3 3 5 3 6 4 7 1
341 8 6 3 9 7 4 5 9 9 5
228 3 2 6 1 1 2 6 6 2 8
222 3 6 5 6 1 1 3 2 1 9
355 9 8 8 3 5 1 4 5 7 8
10
250 7 6 4 3 5 8 3 1 6 3
265 5 3 8 1 2 6 5 2 4 8
280 2 9 5 9 1 6 6 1 4 3
249 3 6 6 1 8 3 2 6 8 5
207 1 3 3 9 4 1 7 5 6 1
322 3 3 8 8 8 6 8 3 7 9
254 7 8 3 1 2 3 2 6 6 6
272 6 7 6 9 5 2 3 1 2 3
276 5 6 5 7 9 6 5 3 5 3
258 9 2 3 1 2 6 2 7 7 3
10
299 7 3 4 7 2 6 9 5 2 4
281 8 5 1 7 9 9 3 3 5 4
262 3 5 4 7 2 3 8 5 4 7
324 1 9 8 9 9 9 5 3 6 6
302 7 4 6 4 8 4 6 8 5 3
338 9 4 6 8 5 2 4 7 7 8
275 3 4 6 6 5 7 9 9 3 3
270 2 9 4 2 2 4 7 3 4 8
196 5 8 3 2 3 6 3 1 2 1
247 1 4 5 3 4 8 7 6 9 2
