100 10
500 500 500 500 500 500 500 500 500 500
15
406 3 7 9 8 4 9 1 3 8 4
246 2 6 3 1 4 3 1 6 6 8
264 7 1 7 7 1 1 1 9 2 3
256 7 4 6 2 3 4 3 9 1 1
333 3 6 9 2 6 6 7 2 4 7
380 4 8 9 9 9 1 7 9 1 7
240 5 1 2 2 7 4 4 4 3 8
366 2 1 9 6 6 7 8 4 6 8
240 4 3 2 4 7 5 5 4 1 9
364 7 1 8 8 1 2 9 8 9 2
297 7 9 2 2 5 3 1 2 6 6
288 8 4 1 5 6 4 7 5 1 8
320 3 6 7 6 8 3 7 6 2 9
292 2 6 4 7 7 6 5 2 1 3
451 6 8 9 8 8 6 8 5 9 4
15
345 8 9 7 4 4 2 6 3 3 8
253 3 1 1 7 1 9 4 8 5 1
261 6 9 4 1 4 1 6 4 4 5
340 6 4 3 7 3 5 6 9 8 1
309 7 2 3 5 6 2 7 8 5 9
286 7 4 3 2 4 1 4 9 8 6
295 6 6 3 2 8 6 2 2 5 3
272 4 3 7 1 3 5 6 1 7 3
285 4 7 1 4 5 1 7 9 8 2
420 4 7 8 9 8 6 7 2 9 2
320 3 5 6 8 1 5 6 7 4 4
298 7 9 9 2 2 2 3 5 2 8
394 8 1 8 9 7 3 4 7 7 4
264 9 3 6 1 3 4 2 3 2 7
416 8 8 9 2 1 7 7 6 9 8
15
281 5 9 3 7 5 1 3 2 5 2
346 1 7 6 6 9 3 2 5 6 6
322 2 5 2 8 9 3 5 9 5 7
299 4 2 8 8 2 2 6 3 5 9
284 4 2 3 1 9 4 2 4 9 5
306 5 6 1 8 9 1 5 8 5 2
325 8 3 5 1 2 4 4 7 8 8
349 3 9 1 9 8 6 5 9 2 7
361 5 4 3 9 9 7 2 3 8 2
265 4 7 8 1 1 3 2 7 5 4
169 1 7 2 1 3 4 2 1 3 1
350 8 6 1 9 8 4 2 9 2 6
323 4 7 6 5 3 4 1 5 6 5
255 4 3 7 1 6 1 2 4 7 3
260 2 2 8 3 6 3 9 5 3 3
15
346 3 3 4 4 8 7 1 8 7 8
445 9 8 8 8 8 4 8 4 8 1
320 5 4 1 2 9 5 8 7 7 7
371 5 3 6 9 6 4 9 8 3 9
247 2 3 4 1 4 4 3 6 5 9
304 3 2 5 7 2 9 8 5 2 4
281 3 7 8 4 6 4 3 3 1 4
288 2 1 9 7 5 5 9 8 1 1
250 5 3 1 3 7 7 3 5 2 1
365 8 9 4 2 8 5 6 7 8 3
296 2 3 7 2 3 5 7 3 6 7
252 4 7 1 3 6 3 1 2 3 9
297 9 8 9 5 2 1 1 2 2 1
372 2 7 5 7 5 8 3 2 7 5
251 3 4 1 7 8 1 1 6 4 4
15
288 2 1 1 7 6 8 8 7 5 4
308 1 3 9 2 5 9 1 6 4 6
262 7 5 4 3 2 3 5 6 3 3
322 8 8 3 3 7 8 7 2 2 3
400 4 8 6 7 7 7 3 2 7 9
276 7 5 3 6 5 3 1 1 5 2
260 3 2 8 3 9 6 2 6 1 3
417 5 7 9 5 7 5 4 4 9 9
235 2 7 7 3 3 3 4 6 1 2
311 9 9 3 2 3 4 4 3 3 7
285 8 1 1 7 8 4 7 1 3 8
329 3 2 5 4 8 5 9 5 8 7
326 6 8 2 8 4 4 2 7 3 5
302 5 3 5 6 8 3 2 8 5 4
314 7 1 6 2 9 4 1 7 6 4
15
250 6 2 2 3 1 5 8 1 6 8
230 2 1 1 9 5 4 2 4 4 3
255 6 7 5 4 3 3 2 4 1 3
340 7 3 3 8 9 7 8 3 2 7
277 8 7 5 2 5 1 4 6 3 6
210 4 2 4 4 1 1 1 6 5 5
411 4 8 6 9 3 8 7 4 6 5
289 7 1 5 3 1 8 2 9 1 8
364 9 4 6 9 3 3 6 2 4 9
265 3 1 8 2 2 4 3 8 6 3
258 9 2 9 1 3 2 9 2 1 7
333 5 6 5 6 5 8 9 8 1 4
333 9 4 7 2 3 4 8 4 9 1
279 2 3 6 1 6 5 5 1 9 4
367 9 8 2 9 6 2 6 4 5 9
15
250 2 3 8 7 3 1 2 5 4 2
248 2 5 1 3 5 8 8 1 2 8
216 1 1 7 1 4 2 8 9 3 4
345 1 6 4 6 7 8 8 2 8 3
355 7 4 8 1 9 3 9 3 9 6
357 4 6 9 1 8 9 5 5 4 4
369 5 4 1 9 7 4 5 9 9 5
239 6 8 1 2 4 5 6 6 1 1
210 1 2 6 5 1 1 8 3 3 2
327 6 6 5 1 9 9 9 7 1 4
372 9 6 9 7 5 9 1 1 3 1
349 7 5 7 2 9 1 4 5 8 5
310 8 5 9 4 3 5 7 2 3 1
361 1 9 1 4 9 8 4 9 7 7
373 8 1 9 1 7 9 7 7 7 4
15
318 2 2 8 4 7 8 9 5 2 9
332 8 7 5 2 6 5 1 9 5 1
276 2 9 1 9 1 2 9 1 5 1
297 2 4 8 3 9 2 6 1 6 9
377 8 8 1 9 3 4 9 9 5 6
405 9 8 3 7 4 5 4 3 9 8
333 8 4 7 7 1 4 2 4 5 6
371 6 7 9 8 4 3 4 9 4 2
341 9 9 2 3 4 7 8 1 8 1
283 7 1 1 9 3 5 7 3 4 2
305 4 6 7 9 2 5 6 4 2 1
292 7 9 6 1 2 2 7 5 4 8
316 3 7 1 9 3 2 4 7 6 9
276 9 3 1 5 6 2 7 8 1 6
230 6 7 2 1 4 2 7 2 2 7
15
366 9 7 8 8 4 1 1 3 4 7
289 2 2 9 5 1 1 4 4 7 7
244 2 1 2 6 9 5 1 7 1 4
301 6 9 8 5 1 1 6 8 1 6
406 2 5 7 8 7 7 5 4 9 6
267 1 8 2 7 2 5 1 9 3 4
263 6 6 3 3 2 7 8 6 1 4
413 5 7 8 6 4 6 3 4 9 9
229 4 1 7 4 9 1 9 5 1 2
258 2 1 7 2 4 8 5 4 2 5
323 6 3 2 8 5 2 2 7 9 8
315 9 2 3 8 8 3 7 3 1 8
261 6 1 1 6 1 5 5 3 8 3
292 7 7 4 2 5 6 3 5 4 3
293 6 6 3 4 8 8 1 3 1 6
15
453 8 8 1 9 9 9 9 3 9 5
303 2 3 7 2 4 6 7 7 7 5
388 5 9 7 8 5 5 9 3 3 9
301 8 6 4 2 4 1 9 2 9 1
361 3 7 9 4 4 6 6 8 4 9
366 4 6 9 4 9 5 1 2 5 7
161 2 1 6 2 1 1 4 2 1 7
292 3 1 6 7 8 1 1 1 5 9
385 3 6 3 6 3 9 6 9 9 5
400 6 5 9 6 9 5 4 8 7 5
409 9 9 8 6 6 6 9 1 6 1
344 5 1 6 9 2 9 6 1 6 7
226 1 3 4 1 8 1 5 6 4 7
374 5 4 5 8 8 9 3 5 4 6
363 5 8 5 7 5 5 4 9 5 4
15
214 5 2 5 2 1 5 6 8 1 1
330 6 2 4 9 8 2 5 5 7 2
417 2 6 8 4 7 8 9 8 9 9
478 5 7 9 8 7 9 3 8 8 8
340 2 7 7 2 7 7 5 8 4 8
317 2 2 2 6 4 7 7 1 8 9
319 9 3 2 7 4 1 8 3 7 6
356 2 8 4 9 4 6 7 8 6 4
368 3 6 6 5 8 8 9 6 6 1
417 9 8 7 9 3 7 2 7 4 9
228 3 6 2 3 4 6 1 3 1 2
335 1 6 2 5 9 6 3 4 8 5
241 6 1 8 2 5 3 9 1 2 4
315 6 2 9 1 7 6 5 7 5 1
347 2 8 6 3 9 5 3 5 5 9
15
360 8 4 6 4 4 8 5 3 5 7
361 3 1 7 9 1 9 1 4 9 3
242 2 2 4 1 7 5 9 1 7 1
309 7 7 4 6 4 3 5 2 4 8
318 1 2 4 8 5 6 6 4 7 5
403 8 9 5 2 9 6 1 8 9 3
261 3 5 5 5 1 7 6 3 3 3
254 8 8 1 1 6 4 6 4 2 2
343 8 5 6 7 6 1 4 6 8 1
334 3 1 9 5 8 3 8 2 8 8
328 9 6 1 5 1 7 8 2 6 9
336 4 2 6 3 4 8 9 5 9 5
268 9 5 5 1 8 3 4 5 1 2
293 4 3 1 7 1 8 6 3 7 2
290 4 2 5 7 6 3 7 5 4 4
15
282 8 4 1 3 4 4 6 4 7 1
266 7 1 7 4 2 4 5 7 1 9
336 5 8 5 9 7 6 8 2 2 2
196 1 3 6 1 1 6 1 5 2 1
292 2 7 7 8 1 3 7 6 2 7
279 7 7 6 5 7 1 3 2 1 7
328 6 5 2 6 3 8 6 1 9 1
389 9 5 9 8 1 5 3 3 6 8
372 7 7 8 5 1 8 6 2 7 4
314 3 9 2 4 6 9 7 6 1 6
330 6 9 1 8 5 1 6 8 6 7
281 1 6 5 7 9 1 7 2 4 5
346 6 4 7 4 7 6 2 6 3 8
323 6 2 1 9 9 5 9 6 2 5
244 7 4 2 7 3 3 5 1 1 3
15
343 2 7 2 9 5 4 7 7 8 1
429 5 6 5 9 8 8 5 6 7 9
316 9 6 1 4 8 8 6 2 1 4
352 9 9 1 2 6 9 6 9 3 8
233 3 1 1 6 2 6 1 9 2 6
321 5 7 7 3 6 2 9 4 5 7
435 3 8 8 6 5 9 7 8 8 5
406 5 7 8 7 6 9 1 3 6 8
271 5 3 3 1 1 8 9 3 3 8
299 5 7 6 2 5 8 8 5 2 1
335 5 4 7 2 2 6 8 9 8 1
326 7 8 4 6 4 3 3 4 4 9
256 7 7 1 6 2 1 4 6 3 7
502 9 8 8 9 9 8 8 2 7 8
304 6 1 3 5 4 9 2 5 5 2
15
326 9 8 3 1 5 3 1 2 7 7
317 4 5 3 9 3 4 7 8 2 9
290 6 6 3 3 2 5 2 4 9 1
296 7 8 4 7 2 1 2 1 5 7
403 6 9 9 5 2 5 3 6 6 9
338 9 4 3 3 4 5 2 3 8 7
331 2 8 5 6 6 6 6 8 3 7
288 3 7 5 4 4 2 9 1 7 2
324 6 2 2 9 6 1 7 9 4 9
330 1 6 7 3 6 8 3 5 8 3
219 3 3 6 2 1 1 9 3 4 5
421 9 6 8 8 8 9 7 6 1 5
237 2 6 3 5 2 2 9 3 5 2
293 6 4 9 5 8 1 1 1 4 5
314 2 1 7 6 9 6 9 1 6 5
15
355 4 6 3 9 1 5 3 3 8 9
409 5 6 8 9 1 5 9 5 9 5
321 4 8 2 7 2 6 1 7 3 7
393 2 7 5 9 8 5 7 3 9 3
356 3 8 6 9 7 2 8 1 5 9
395 9 8 6 5 9 2 4 6 7 4
342 9 4 6 1 7 2 4 4 9 6
265 3 4 8 2 7 2 8 4 2 9
322 4 7 4 8 9 1 9 4 1 9
314 6 7 9 4 1 1 2 8 5 4
415 9 9 7 4 2 8 5 9 3 9
415 9 6 8 9 2 7 1 4 4 9
389 6 5 7 7 7 4 1 1 9 7
403 8 8 6 7 2 7 3 4 7 8
302 6 5 6 1 6 6 1 9 2 4
15
316 5 8 1 5 2 7 5 3 9 2
390 4 3 4 9 2 9 9 7 9 2
304 3 9 6 1 3 8 1 6 3 4
351 5 6 7 3 8 2 6 7 8 2
215 2 3 4 1 5 4 2 7 4 3
312 3 8 6 5 5 2 8 2 6 2
287 9 4 7 3 1 1 7 5 5 2
444 8 9 5 6 6 7 2 9 9 3
351 4 7 4 3 6 6 7 4 7 8
287 7 2 3 5 8 4 6 4 2 6
326 2 3 3 5 5 9 4 3 7 8
367 4 7 9 4 6 5 2 2 8 7
345 7 6 1 6 5 9 4 1 7 5
243 4 5 1 2 6 4 1 4 5 3
291 2 2 7 7 2 5 3 1 6 3
15
341 4 8 4 7 3 8 5 2 5 4
317 8 9 1 8 7 2 2 8 4 1
374 6 4 4 6 7 7 9 2 8 3
327 6 7 9 4 1 7 1 2 4 3
325 8 3 1 9 7 5 6 9 4 2
346 6 9 4 2 1 7 8 6 6 8
262 9 9 4 1 2 3 5 1 3 5
190 5 5 1 2 3 3 4 1 1 9
382 8 3 3 6 5 8 5 9 9 2
289 5 5 3 5 6 8 8 2 3 2
333 5 6 6 9 7 1 3 8 3 8
324 4 2 4 3 8 8 7 6 5 8
410 8 6 6 2 8 7 3 6 9 9
270 9 1 5 5 2 3 4 3 1 9
421 8 9 7 4 6 6 4 7 6 6
15
300 8 6 5 1 9 3 6 4 5 3
287 2 7 6 1 6 6 9 4 6 1
384 8 7 6 3 8 9 7 1 4 8
285 8 8 5 4 5 3 8 7 1 1
309 3 4 7 3 2 7 5 9 3 8
194 2 2 5 2 4 2 2 3 1 8
300 4 5 4 3 6 2 1 1 9 5
337 7 7 6 2 7 4 8 4 4 5
352 5 9 2 9 8 5 1 4 2 8
289 7 8 3 7 3 3 4 4 2 1
398 3 1 9 6 7 9 4 1 8 8
322 6 4 8 2 5 9 1 8 3 5
406 7 6 8 7 7 6 8 5 4 7
207 2 4 1 5 9 2 5 1 4 1
282 3 8 1 4 3 9 2 3 5 3
15
271 6 7 2 2 5 1 2 3 5 9
334 6 9 5 1 4 8 8 3 2 7
379 6 9 1 9 9 6 3 7 3 7
310 6 6 6 6 7 2 3 3 3 7
433 9 6 2 8 9 9 9 9 5 6
348 7 1 6 5 5 5 6 9 8 3
291 5 6 2 3 3 9 7 1 3 6
253 9 1 8 1 2 1 4 6 2 6
437 8 8 8 6 1 8 8 4 7 8
334 1 8 8 3 8 1 7 4 9 4
264 1 7 2 5 1 2 7 6 9 3
283 1 1 4 9 2 8 4 5 3 6
449 9 7 9 6 1 8 7 9 8 3
269 1 7 7 2 2 7 9 1 2 3
226 4 3 2 5 2 6 3 4 3 2
15
316 4 4 8 5 3 6 5 6 6 2
382 5 8 1 3 6 9 6 2 9 9
431 3 9 9 9 9 6 8 8 5 4
276 4 7 4 6 1 4 6 3 6 1
363 4 5 9 5 6 2 6 9 5 8
286 1 5 1 6 8 9 6 8 2 3
256 2 4 7 2 8 2 1 1 3 7
393 8 6 7 5 8 3 9 3 9 4
294 8 4 5 1 5 3 9 2 4 6
421 6 9 6 2 8 9 1 6 9 5
232 2 5 9 1 6 4 4 1 1 5
314 8 3 3 2 8 6 7 7 3 9
303 2 1 5 1 8 7 8 7 8 6
328 5 7 4 5 9 1 5 3 5 7
283 2 1 7 8 1 2 2 4 8 6
15
242 4 1 9 2 4 4 4 4 2 1
318 8 3 7 1 6 3 6 7 9 2
280 1 7 3 1 8 2 4 2 8 6
303 7 4 3 5 6 3 5 4 5 3
304 4 6 2 6 1 4 4 1 7 9
379 7 5 9 8 7 3 1 3 4 9
255 6 7 7 1 2 3 3 9 1 2
271 5 4 7 4 1 4 1 6 4 6
293 8 4 1 6 3 1 1 4 6 9
244 6 2 1 9 7 1 2 7 3 1
315 6 7 7 4 3 6 5 7 1 5
410 7 8 9 7 5 6 2 5 5 5
342 6 7 5 7 5 1 9 4 7 5
256 1 6 3 2 6 6 9 8 2 5
375 9 8 8 2 5 1 5 7 8 4
15
332 2 8 9 4 4 3 2 4 8 1
364 1 8 6 5 7 5 9 5 7 5
329 8 5 9 4 1 9 3 1 1 4
321 1 7 7 5 7 1 4 7 7 5
348 4 2 3 7 8 8 7 1 7 7
234 1 1 3 4 5 6 9 7 3 1
385 9 4 7 1 8 9 3 8 5 4
371 9 3 8 8 3 8 4 3 6 2
271 3 9 4 2 7 5 5 3 3 4
288 7 1 4 3 5 9 2 3 4 5
336 9 7 6 2 5 4 9 3 3 5
431 9 5 3 9 7 9 2 2 7 8
349 9 9 2 1 4 9 5 6 6 2
320 8 6 2 4 4 9 8 1 3 7
352 9 5 9 3 6 7 7 1 4 2
15
460 8 7 7 7 8 7 6 3 8 8
369 8 4 6 7 6 7 8 2 4 2
398 6 6 7 1 4 9 9 8 6 9
267 3 3 9 3 6 1 1 7 3 5
361 8 6 9 3 1 8 7 3 6 4
240 8 5 1 3 2 4 3 5 2 4
350 6 6 1 6 8 4 9 7 7 6
312 5 9 2 3 6 5 9 5 2 8
272 2 1 4 5 1 9 6 9 4 6
255 3 6 1 9 4 3 8 2 3 1
243 6 2 1 7 1 1 2 6 7 4
415 2 6 6 7 9 9 8 9 7 3
408 5 9 8 9 4 6 1 4 8 4
374 7 7 8 3 8 8 9 2 3 8
435 5 9 6 9 4 9 1 4 9 5
15
384 7 9 3 6 5 9 3 1 5 5
312 5 2 9 3 7 5 2 7 5 2
298 7 3 5 1 1 7 5 1 6 9
300 7 3 9 1 3 6 3 6 5 1
260 4 5 1 9 6 1 9 4 2 6
262 8 2 3 7 2 5 4 4 1 6
323 4 7 9 2 5 9 8 1 3 1
407 1 7 8 8 4 4 5 9 9 6
378 6 9 3 9 1 2 9 9 6 8
308 1 3 7 2 8 5 7 5 6 6
358 4 8 8 5 5 7 2 5 3 7
313 8 9 3 5 6 2 3 2 2 9
258 4 1 1 9 4 4 3 4 3 7
411 9 9 7 5 6 3 3 5 7 7
180 4 2 1 4 3 1 8 4 1 9
15
256 4 6 3 4 4 5 6 5 1 7
304 8 6 3 3 1 7 2 9 4 7
364 5 9 4 7 8 3 2 9 6 3
323 7 5 6 9 1 2 3 5 4 7
397 3 6 7 8 2 9 8 7 6 9
361 7 8 3 2 9 9 1 5 4 6
311 6 4 5 1 1 9 6 2 8 6
455 7 9 6 7 9 8 4 8 5 8
443 6 5 6 9 9 9 9 7 7 1
301 2 1 7 7 7 6 5 9 4 2
166 5 5 3 1 1 1 9 4 1 2
360 3 2 8 9 3 7 2 6 5 6
282 2 1 2 1 3 7 9 9 9 8
364 9 5 3 2 6 5 8 4 9 7
364 9 3 8 5 8 5 5 9 1 6
15
222 2 2 5 4 5 2 9 7 2 2
346 7 5 8 6 6 3 5 5 4 8
240 5 6 2 3 6 2 1 2 2 7
340 8 1 9 4 5 5 7 4 5 7
291 6 4 1 6 2 5 4 1 9 4
399 1 4 8 9 3 8 7 8 7 8
332 5 9 7 2 1 7 6 1 5 8
359 5 9 3 4 8 7 9 1 8 2
321 4 2 7 6 3 7 6 8 3 8
319 6 4 9 1 3 1 5 5 9 6
351 9 3 4 7 5 9 9 9 3 2
381 9 5 4 5 5 9 2 1 5 9
293 2 7 3 5 6 2 6 1 8 8
402 9 9 5 6 7 2 1 5 9 7
340 3 9 6 7 5 9 2 7 1 4
15
408 6 7 9 9 3 6 5 2 5 7
338 8 7 3 9 4 6 9 4 1 5
291 1 8 5 3 8 4 2 2 6 3
272 2 3 2 2 2 8 1 1 9 4
311 3 5 7 4 4 1 2 1 9 6
279 2 6 1 1 9 8 5 1 6 2
301 4 8 4 5 2 2 7 1 7 9
258 1 6 8 3 2 1 8 1 3 8
342 5 8 8 9 2 3 4 2 3 8
315 2 1 8 1 6 8 6 5 6 7
402 6 5 3 8 5 8 1 7 7 9
353 7 2 3 8 8 4 7 4 8 3
265 6 5 3 3 3 6 9 3 2 3
316 6 7 9 5 2 1 3 2 6 3
420 7 4 9 8 2 7 2 7 9 7
15
312 7 9 7 1 1 4 5 9 4 1
387 8 7 6 7 7 1 6 4 9 4
320 6 2 3 1 5 8 3 4 7 9
301 9 2 4 5 5 8 2 1 3 2
248 1 4 6 5 3 4 1 4 3 3
309 6 3 7 8 5 1 2 5 5 7
387 5 6 9 6 9 5 3 5 8 1
247 4 3 3 3 2 5 1 6 6 2
311 5 1 7 6 4 4 4 8 3 9
302 7 2 2 8 3 4 1 6 5 8
308 3 5 6 2 7 4 1 8 8 4
426 9 5 9 8 8 1 6 4 8 6
235 1 3 4 9 9 3 2 4 1 1
192 6 1 2 1 3 1 5 4 4 9
408 6 6 3 9 7 9 1 7 9 3
15
297 5 1 7 9 2 4 3 5 4 6
336 9 6 6 7 4 5 2 2 2 9
283 6 7 5 5 3 3 2 6 2 7
345 4 3 7 9 9 4 5 1 3 8
308 1 3 4 5 4 8 1 2 7 6
368 9 2 8 6 7 8 9 8 1 2
315 1 8 4 6 2 9 2 6 2 9
285 4 8 2 2 4 5 9 3 7 4
322 1 5 9 5 5 4 1 7 5 7
309 2 6 3 3 9 8 2 6 6 2
383 5 6 7 3 7 7 1 2 9 8
398 9 8 5 7 7 9 6 6 1 4
361 5 6 3 7 1 5 9 9 8 6
339 4 2 9 2 3 4 6 2 9 9
295 5 3 1 9 8 2 4 1 6 6
15
342 7 6 8 5 3 7 7 2 4 4
292 1 9 9 2 3 5 4 5 3 1
276 4 4 4 8 6 1 9 2 2 6
319 1 7 7 8 5 5 8 5 3 1
352 6 6 6 9 5 1 9 6 4 4
297 6 9 6 1 5 4 5 4 2 7
275 1 1 1 8 5 8 2 9 5 5
331 2 9 8 9 2 5 2 5 3 3
274 4 7 9 7 1 2 6 1 2 2
386 6 9 7 9 1 4 1 8 4 8
352 7 3 8 1 5 4 8 5 9 3
382 1 7 6 9 7 8 4 8 3 8
334 7 4 8 2 6 2 3 4 9 7
206 6 3 4 1 1 2 7 3 1 6
417 6 8 8 8 1 4 9 7 9 2
15
277 3 9 1 1 7 9 1 9 2 2
352 1 4 9 5 7 6 2 7 8 5
276 2 2 1 1 7 9 1 8 8 1
334 5 7 5 8 7 2 2 5 4 4
334 3 9 9 5 1 1 5 6 4 8
399 6 9 9 8 6 8 2 1 3 5
404 6 6 9 7 5 7 2 7 7 2
342 9 3 3 3 9 6 5 3 7 7
294 3 3 8 4 3 7 8 1 1 8
302 3 9 1 5 4 9 5 5 2 7
275 4 3 1 6 9 4 2 9 2 7
186 4 3 2 5 2 1 4 2 2 2
285 1 9 4 7 8 1 9 6 2 4
336 3 9 8 7 1 1 8 7 5 7
322 8 9 1 6 2 3 7 3 7 6
15
265 2 1 9 1 2 1 6 9 6 7
356 3 8 4 3 9 9 7 7 1 9
247 4 9 3 1 2 6 2 3 3 6
276 9 7 8 3 1 4 2 1 1 2
312 7 2 2 4 6 4 9 5 9 4
235 2 2 1 1 1 7 9 4 8 5
379 2 9 9 4 7 9 7 1 4 4
356 3 2 6 9 9 7 6 7 2 9
397 9 9 9 4 8 4 3 7 2 9
263 5 1 2 5 4 3 9 8 5 3
324 5 4 7 6 7 1 6 6 5 4
246 5 2 4 1 3 7 4 5 2 6
212 1 5 3 7 1 1 8 3 1 4
357 9 9 6 1 3 6 2 1 8 8
343 7 7 2 5 5 8 6 5 7 1
15
314 3 2 2 5 9 9 2 6 6 6
298 1 9 4 8 1 5 3 2 5 2
316 5 1 7 5 3 6 7 5 7 4
307 7 9 5 1 4 7 2 4 4 2
312 5 2 5 5 3 4 7 7 7 7
372 2 7 6 7 6 7 5 4 7 2
284 9 1 9 2 1 8 5 6 2 1
269 1 1 3 3 1 8 6 1 9 7
278 4 2 1 6 2 5 3 3 8 7
416 9 8 4 8 2 9 6 7 5 5
201 2 1 4 5 2 4 4 1 3 6
391 3 7 8 9 2 7 4 6 6 3
324 5 4 2 6 1 7 8 5 7 7
268 7 7 4 1 5 4 9 1 2 5
331 5 7 3 6 8 8 6 4 3 1
15
339 8 1 1 6 7 4 2 8 7 9
285 5 4 5 9 2 2 1 1 4 7
392 6 7 5 9 7 7 4 4 5 6
406 9 8 2 9 7 5 5 4 8 7
369 8 2 3 9 4 6 9 4 8 1
277 8 9 5 2 2 5 2 1 1 6
330 9 1 9 3 4 3 6 9 8 2
347 8 3 3 8 4 8 4 5 5 1
261 1 6 1 6 4 7 3 1 3 9
436 9 6 5 5 9 7 5 3 9 9
384 3 9 9 7 1 6 8 5 5 6
369 7 1 9 5 7 8 6 2 5 9
303 8 6 8 4 2 5 5 1 1 9
282 2 3 9 1 3 6 4 4 4 5
419 9 6 4 6 8 6 5 6 8 9
15
345 6 3 9 6 4 8 4 9 4 1
330 7 6 2 8 2 4 1 6 7 2
325 4 8 1 6 4 7 2 3 6 6
359 6 5 9 2 9 7 5 6 4 6
262 2 6 3 7 6 2 2 5 1 6
311 7 1 5 6 9 4 6 5 4 3
332 7 5 7 5 8 4 5 4 3 7
313 5 4 8 7 1 7 8 6 1 5
300 4 4 8 8 3 1 5 8 5 1
250 2 1 1 3 5 7 7 6 5 5
275 2 3 8 2 6 8 5 3 4 1
344 6 6 6 8 3 7 9 2 2 5
394 5 6 5 5 5 9 9 5 9 4
266 1 3 6 3 3 2 3 7 8 6
358 4 8 6 2 4 6 9 7 6 7
15
304 6 5 2 2 6 5 9 5 9 2
353 6 9 7 1 4 3 6 9 7 4
327 1 8 8 1 1 1 7 9 9 7
307 6 2 3 3 4 7 8 2 5 8
337 7 1 9 6 9 2 8 6 3 6
388 7 7 4 9 8 4 5 3 7 4
361 5 1 8 7 8 9 3 5 4 1
352 9 3 8 7 1 9 3 4 2 5
300 5 2 6 1 6 4 5 5 6 8
343 4 7 6 8 2 4 1 7 3 9
303 7 7 2 3 1 8 4 8 4 2
329 3 3 7 6 6 6 1 1 5 8
207 3 2 1 3 2 3 3 7 5 7
399 6 5 6 4 5 9 5 6 8 9
230 4 5 5 1 4 1 5 3 5 6
15
326 3 8 9 9 5 3 3 1 1 5
347 5 8 5 6 6 7 5 6 2 6
360 9 5 1 8 8 9 7 5 4 2
322 3 9 6 5 4 2 8 7 4 8
277 1 9 1 3 8 4 7 7 3 9
339 9 8 2 1 5 9 8 8 3 1
373 3 9 8 5 5 2 7 4 9 5
401 7 1 6 3 9 9 7 2 9 9
338 8 8 1 5 2 9 2 3 5 7
253 6 2 6 3 1 7 7 3 1 6
288 4 7 3 2 6 1 4 6 7 8
359 7 8 4 1 9 9 5 7 4 4
302 1 4 6 6 3 4 8 7 7 5
367 6 6 8 8 9 5 4 7 1 5
293 6 8 9 2 7 2 4 1 1 7
15
392 9 6 7 2 1 6 5 9 9 9
308 3 8 3 4 9 1 5 3 5 9
370 9 8 6 2 9 2 4 9 6 4
280 2 4 2 1 5 7 9 9 5 6
338 9 6 3 9 8 5 5 4 2 2
352 7 8 7 2 8 6 9 4 1 7
283 8 2 6 2 8 4 1 5 2 5
292 1 4 8 4 1 5 3 7 6 4
364 6 8 6 7 5 3 7 2 5 5
326 8 8 1 7 3 9 6 9 2 1
231 3 4 8 1 4 4 2 5 2 4
325 5 2 5 3 8 4 7 2 7 8
263 3 6 4 6 3 7 4 5 1 2
339 3 9 6 1 5 7 5 5 9 1
397 9 7 6 3 5 3 5 9 9 6
15
299 4 6 8 1 5 6 3 2 3 8
267 2 9 7 3 2 1 3 8 5 2
364 5 8 6 7 5 1 5 1 9 9
347 9 1 2 7 7 4 1 1 9 7
326 3 7 5 3 3 8 6 3 7 6
350 6 3 3 4 8 9 3 4 9 4
327 6 8 8 7 4 1 4 9 1 4
228 2 5 2 2 3 6 2 8 2 3
307 5 1 9 3 4 7 6 6 2 6
271 3 8 9 5 2 4 1 4 1 1
326 9 3 7 5 2 1 6 5 7 7
317 1 2 4 8 4 7 2 5 8 7
256 4 5 3 8 1 5 9 2 2 4
402 6 3 7 8 7 6 5 9 9 4
347 8 6 7 3 1 2 4 2 9 7
15
300 2 8 7 6 1 2 6 4 3 8
246 6 3 1 1 8 2 8 1 9 2
329 2 2 7 4 8 8 4 9 3 9
275 9 5 2 4 4 4 7 5 3 5
391 8 2 7 9 7 3 7 2 8 7
373 2 9 8 9 9 3 9 4 3 7
308 3 8 6 1 1 7 8 4 6 2
282 5 4 4 1 4 8 9 2 4 6
329 4 4 5 9 7 2 9 6 5 4
306 5 3 9 3 2 6 2 9 3 6
383 8 8 7 1 3 8 8 1 8 6
304 7 1 9 1 9 4 2 5 2 8
384 1 3 9 8 4 9 5 7 6 6
322 8 3 1 8 5 6 3 6 7 2
441 5 4 7 9 8 6 7 4 9 7
15
296 5 7 5 5 4 1 8 2 5 5
346 4 5 6 9 2 4 7 2 7 8
364 8 1 4 9 5 2 4 7 7 9
301 7 6 5 3 7 6 2 8 2 2
290 3 4 4 8 3 7 9 1 2 5
279 9 4 1 3 4 6 3 5 4 1
301 9 2 6 7 5 1 2 6 3 6
398 4 7 5 8 9 7 1 5 9 2
226 5 5 2 5 4 3 3 7 1 3
295 4 1 6 2 3 5 8 1 9 3
345 4 7 4 1 7 8 7 2 9 5
363 9 5 1 8 3 8 3 7 7 2
218 1 1 3 1 1 9 7 2 5 6
231 2 7 4 2 1 5 1 6 4 4
377 3 7 8 9 7 6 4 3 2 9
15
358 6 5 9 8 8 4 1 7 4 3
322 3 3 8 8 7 2 3 8 1 9
249 7 5 5 4 2 2 4 6 1 1
338 9 1 6 4 3 6 4 4 8 2
236 2 7 1 1 1 8 9 5 5 2
363 5 6 4 9 1 5 1 4 8 9
242 7 4 4 4 2 2 1 3 4 1
282 3 5 3 4 5 6 8 6 2 6
235 4 4 7 5 1 1 3 6 3 4
339 2 2 9 6 9 9 3 6 1 6
339 2 4 5 7 4 5 4 5 8 7
314 5 2 7 6 4 5 3 7 5 5
361 6 9 7 7 2 5 1 7 3 8
250 8 1 1 1 5 9 8 1 2 9
261 6 1 5 2 3 6 6 5 5 4
15
212 1 9 1 2 3 1 5 8 4 4
206 2 3 2 4 2 1 9 5 7 2
279 2 5 5 8 4 7 6 2 1 1
355 8 5 9 2 8 1 6 1 8 9
453 6 5 9 9 4 9 5 5 8 7
254 4 5 4 5 7 3 5 2 2 4
360 7 9 3 6 5 5 4 8 5 4
278 4 5 4 1 1 9 9 6 4 2
362 4 5 8 8 5 7 1 8 1 8
314 2 6 3 7 4 6 4 9 5 1
300 6 2 2 9 3 5 5 4 4 9
336 9 6 1 5 9 4 5 8 4 8
302 4 2 2 8 4 1 9 7 7 9
215 1 7 6 1 1 1 1 8 3 2
310 1 5 8 5 5 3 3 8 5 9
15
300 6 2 6 9 4 1 1 1 7 2
218 4 2 8 2 2 3 1 6 2 3
321 8 6 4 9 6 2 4 1 3 6
377 4 3 4 7 8 9 9 7 6 2
270 6 7 7 2 1 5 8 3 3 2
394 4 5 4 7 9 8 6 8 6 5
351 5 8 6 4 7 5 8 7 6 1
274 1 7 5 1 6 5 9 8 2 3
338 1 2 3 9 8 9 2 7 8 1
229 3 3 6 4 5 2 6 8 1 2
324 7 6 2 8 5 1 4 6 6 9
363 7 6 7 3 2 2 5 8 9 6
370 8 6 3 4 9 8 9 7 4 3
216 2 5 8 1 5 2 3 2 1 6
358 5 4 8 9 1 9 1 7 6 1
15
332 8 1 9 9 1 9 9 5 1 1
209 2 2 3 4 4 1 1 9 1 9
356 6 5 9 5 4 1 4 8 9 5
280 3 3 6 6 4 2 4 4 5 3
358 9 9 8 2 6 1 8 6 5 2
324 1 4 3 8 9 8 9 6 4 1
233 5 3 3 4 2 1 7 6 3 6
279 1 1 5 8 5 1 5 8 6 3
276 6 5 2 6 4 3 2 4 6 2
375 9 7 4 6 3 4 8 4 7 6
337 9 2 8 6 7 4 3 4 2 4
334 6 7 4 8 4 8 2 1 1 9
356 1 7 2 8 5 9 4 5 7 4
289 9 9 6 1 4 1 6 1 3 5
309 6 9 1 8 3 3 3 8 5 1
15
389 9 3 3 7 2 9 5 2 8 9
441 7 3 8 9 6 7 8 6 9 4
347 5 8 6 2 9 4 3 2 8 3
392 6 6 4 5 9 7 9 5 8 4
300 5 2 5 9 4 1 9 3 6 1
362 6 1 8 3 9 8 4 8 6 4
335 9 6 9 1 2 3 7 7 7 2
314 3 3 4 4 4 6 7 6 7 7
361 7 6 7 1 2 9 6 4 6 6
250 7 1 6 4 3 6 6 7 1 2
401 9 3 6 8 9 2 7 8 7 8
388 8 9 3 7 3 9 3 4 6 6
289 1 2 9 4 9 7 1 5 2 2
261 8 1 3 2 3 3 7 4 7 4
304 5 8 3 9 2 1 5 4 5 6
15
317 8 6 1 1 6 8 6 5 5 6
374 1 9 6 4 8 7 1 9 7 6
375 8 6 5 6 5 3 3 3 7 9
358 8 1 6 4 7 6 9 2 9 3
421 7 5 9 4 4 7 6 8 8 8
347 7 3 3 4 8 8 3 4 7 8
365 1 7 9 7 7 2 9 1 9 5
313 1 5 9 1 3 7 2 6 7 3
282 6 2 3 1 9 2 1 6 9 4
353 3 2 9 7 5 4 4 6 9 1
222 1 9 4 3 4 1 3 5 1 7
342 5 9 3 2 8 5 3 8 9 3
314 6 6 1 1 5 7 7 1 8 4
318 9 3 2 3 1 8 6 9 8 2
372 1 6 4 9 7 9 3 4 6 3
15
486 4 6 9 8 7 9 6 9 8 9
346 1 9 1 8 9 3 3 8 7 6
324 1 4 6 6 9 5 5 5 2 9
330 1 3 7 9 2 8 9 5 2 7
310 2 2 3 6 8 6 4 3 7 8
366 3 9 3 8 8 7 8 8 2 3
374 4 1 7 9 3 9 6 8 8 3
312 1 5 1 6 9 1 3 7 9 9
349 7 5 7 5 3 5 7 6 8 1
371 3 9 1 9 2 8 2 6 7 5
230 5 1 4 2 3 5 6 4 3 3
338 7 8 7 7 2 3 9 5 1 4
327 1 3 3 8 4 9 3 3 7 8
271 2 6 4 6 2 5 4 5 4 5
337 1 9 7 6 4 6 2 4 5 6
15
283 5 8 3 4 6 5 1 4 2 7
283 5 6 7 7 6 1 1 6 1 4
170 2 5 2 1 2 1 3 8 3 5
328 9 4 4 6 5 5 6 3 7 1
216 5 1 1 4 9 2 3 3 4 1
405 4 8 7 1 8 9 9 5 9 7
333 3 1 5 3 6 4 9 6 9 9
294 4 4 6 2 1 1 8 9 9 5
335 9 5 1 5 5 6 1 8 5 8
351 2 9 7 4 3 4 8 7 6 5
361 9 3 3 9 9 6 3 6 4 5
403 5 8 8 3 7 8 1 8 5 7
329 8 2 9 4 8 2 8 4 4 8
334 7 7 7 2 6 4 5 6 5 6
345 7 4 8 5 3 8 7 5 3 7
15
454 9 6 9 8 2 6 3 7 7 9
319 6 9 3 5 5 9 2 7 1 4
401 9 6 8 9 1 6 1 1 7 9
362 2 6 7 7 5 3 1 3 8 9
373 7 9 9 6 1 2 5 3 7 4
301 5 1 8 4 6 8 8 4 2 1
393 8 9 3 6 6 6 5 7 5 6
295 5 4 2 8 8 2 4 8 3 8
254 1 9 2 3 6 6 3 2 3 3
362 4 1 9 7 4 3 7 2 9 9
277 1 6 6 4 9 6 2 2 2 2
339 5 2 4 7 7 4 6 2 8 6
248 4 7 1 4 5 1 8 6 6 1
296 5 2 3 8 7 4 1 2 7 1
227 1 3 2 2 7 9 6 3 2 1
15
322 3 5 4 3 8 5 6 5 7 3
410 7 1 6 9 7 9 2 9 8 3
360 8 2 4 7 8 6 4 9 7 1
276 9 5 2 4 8 3 1 5 2 3
372 3 8 8 5 9 6 6 6 5 4
327 4 4 6 7 7 9 8 2 1 5
263 5 8 3 2 9 2 6 7 2 2
321 3 5 8 7 7 3 2 7 4 5
311 4 5 6 3 7 5 3 1 6 4
326 5 9 7 1 7 6 1 5 4 6
292 9 2 2 9 4 3 9 9 2 3
359 5 8 4 7 4 6 6 1 9 3
316 3 9 7 6 5 4 3 9 2 4
295 1 4 7 6 4 6 7 3 4 6
404 5 5 9 5 5 8 7 1 7 9
15
292 9 5 4 9 3 1 2 9 2 1
232 5 6 2 2 5 1 2 1 3 8
299 2 3 5 2 6 9 8 1 9 1
353 4 1 6 9 5 6 4 7 5 9
278 2 3 8 2 2 4 7 1 8 6
257 3 5 1 1 4 7 4 4 4 7
367 4 2 7 7 3 9 3 3 9 7
284 4 6 1 4 1 4 2 7 8 8
364 8 8 7 2 9 5 4 2 2 9
229 3 3 9 4 1 5 7 1 1 1
398 9 7 5 7 5 5 9 5 3 9
367 7 3 4 3 3 6 5 8 9 9
308 9 2 8 3 7 5 5 3 1 3
329 6 8 3 8 2 4 8 1 6 4
333 1 8 4 8 4 9 9 7 3 1
15
372 7 7 5 5 6 5 5 4 9 2
271 4 6 6 1 7 3 6 7 3 6
337 8 8 1 3 8 6 1 6 6 6
254 7 2 9 1 2 3 5 5 1 6
335 3 6 3 4 5 5 7 8 6 8
324 7 3 3 4 4 5 7 4 9 1
321 7 7 1 2 7 4 3 9 8 3
296 3 4 4 8 2 9 4 5 3 1
273 1 1 7 8 4 3 1 9 3 4
366 9 6 8 2 6 2 2 9 9 1
320 2 7 7 3 8 7 2 8 4 2
372 3 8 7 3 8 6 5 6 7 5
358 6 3 8 9 2 3 5 6 8 5
248 1 2 3 1 6 4 5 3 9 4
340 7 9 4 7 7 3 1 1 6 4
15
285 4 2 6 2 6 6 1 7 3 7
308 2 4 1 6 3 8 2 7 6 7
340 8 7 3 2 1 9 6 8 3 7
230 1 8 4 1 9 1 3 1 3 9
370 5 8 6 7 1 8 2 5 5 7
371 3 9 7 8 3 5 6 3 8 3
315 5 9 2 7 2 2 8 6 5 8
324 3 2 8 3 9 9 6 1 2 7
398 5 9 6 7 4 5 7 7 7 3
209 4 2 1 1 4 2 8 7 3 8
370 7 9 8 4 6 6 8 4 5 2
287 5 2 3 5 7 6 6 5 4 3
321 2 4 9 2 5 3 8 8 8 4
335 7 7 2 2 2 5 3 8 9 4
366 9 4 6 4 6 2 6 9 9 5
15
323 7 7 2 3 1 6 6 6 7 6
222 5 2 2 3 2 3 4 3 5 2
260 1 1 2 8 8 5 4 7 2 8
281 6 6 1 3 9 5 6 2 1 9
277 7 2 8 2 2 1 6 6 7 1
313 4 7 9 5 8 5 2 3 1 2
399 2 7 7 5 9 8 9 9 5 5
426 6 4 8 8 8 8 9 9 4 4
369 6 3 2 7 8 6 2 9 6 8
409 8 9 5 8 5 1 7 9 8 4
311 1 9 7 2 7 3 1 7 5 5
318 5 7 2 5 5 8 8 3 3 7
336 2 4 8 7 8 3 1 9 7 1
305 6 2 3 1 9 9 3 1 8 4
305 5 1 7 7 1 9 4 9 3 1
15
380 3 6 7 2 6 9 2 7 9 6
320 9 3 2 5 6 2 5 9 4 8
349 5 8 4 2 6 5 8 8 8 3
181 1 2 1 1 9 3 2 4 4 1
340 9 3 6 9 6 3 8 1 6 1
324 8 1 1 6 5 9 7 3 6 6
332 7 2 4 2 3 7 2 9 9 3
300 7 6 2 6 3 3 2 6 6 4
304 7 6 3 6 8 4 1 4 3 3
356 7 2 5 9 1 3 5 6 9 7
243 4 1 4 2 3 8 1 6 2 7
339 4 8 3 4 1 9 8 1 8 5
390 9 7 1 8 1 9 4 5 9 2
325 3 3 4 5 7 1 6 9 8 8
330 1 9 4 7 9 2 3 3 7 5
15
307 7 2 4 6 1 5 6 4 7 4
280 7 2 6 2 8 7 3 8 1 1
254 5 4 1 5 1 3 4 1 8 1
256 8 1 1 4 1 1 5 6 9 3
321 7 2 6 5 9 4 7 6 1 9
348 8 3 5 5 5 2 8 9 8 4
407 6 7 9 8 2 6 9 9 7 3
295 5 2 4 3 8 4 7 1 6 8
324 2 9 5 7 1 9 3 1 4 5
275 3 1 6 1 1 4 4 7 8 9
265 1 8 3 6 4 2 4 8 5 4
374 9 5 7 9 2 8 7 9 2 1
290 8 2 4 5 2 1 6 2 7 9
349 7 4 7 8 9 1 3 6 7 1
276 8 2 7 3 2 2 7 3 4 3
15
313 1 4 5 9 1 7 2 9 4 4
329 1 7 9 4 2 3 5 5 8 9
389 8 9 3 8 2 5 9 4 9 5
290 3 9 3 1 5 9 9 7 1 6
396 1 6 9 8 5 7 8 5 7 6
344 4 8 8 6 2 8 8 4 3 4
374 5 7 2 6 9 7 8 6 7 5
304 5 3 4 6 7 2 7 7 4 6
364 9 7 5 8 6 2 5 7 6 1
284 5 5 3 1 4 8 7 6 5 4
365 8 8 6 5 6 3 7 9 3 7
190 6 4 2 2 3 3 2 3 1 1
287 5 9 8 1 4 2 8 3 4 1
271 4 1 4 4 4 3 7 5 7 7
291 4 5 3 3 4 5 3 6 6 7
15
325 6 4 2 2 2 8 9 6 8 6
334 3 4 2 6 8 9 8 9 4 6
319 4 3 7 4 7 5 7 3 7 5
304 1 6 2 9 5 8 6 7 2 6
326 3 4 3 6 1 8 7 6 9 2
346 7 6 4 8 4 1 1 6 7 6
391 2 7 8 3 1 9 8 9 9 9
294 7 5 1 4 6 5 7 7 5 2
336 6 6 3 6 2 3 5 6 7 9
336 4 3 1 9 8 9 3 3 5 6
270 7 2 3 2 5 1 2 5 8 8
337 2 3 4 4 9 6 4 7 9 3
292 3 2 4 6 1 8 3 4 9 1
367 9 7 8 9 4 3 2 5 4 2
340 3 9 8 2 6 1 4 6 8 9
15
386 1 8 9 7 9 2 4 7 8 8
325 5 2 6 4 3 7 1 6 9 3
339 2 7 6 8 5 8 6 5 2 2
417 6 9 9 7 5 9 7 1 2 6
309 9 6 8 3 4 1 1 6 3 6
319 3 5 6 5 4 5 1 4 6 8
409 6 8 8 5 7 3 2 7 9 6
282 5 6 8 3 8 2 7 2 4 1
280 5 1 9 4 1 9 1 3 1 9
321 7 7 5 8 5 3 6 8 1 1
340 5 5 7 6 9 1 2 6 6 4
361 3 7 9 7 8 1 1 3 5 8
286 4 1 1 2 9 8 3 8 5 9
251 4 3 3 8 2 3 2 7 3 5
257 7 5 1 4 5 3 1 8 1 7
15
277 4 2 7 7 2 2 1 9 4 5
301 9 1 1 1 8 6 5 3 9 6
443 3 8 6 7 8 9 4 3 9 7
388 3 3 9 8 9 4 3 1 8 6
231 9 4 1 3 1 2 3 7 4 1
395 6 7 7 9 9 6 2 2 6 1
272 6 2 8 6 1 2 7 1 3 8
356 7 8 2 4 9 6 5 6 5 6
300 5 5 4 8 7 1 3 1 6 6
369 2 5 6 9 4 4 7 8 7 6
338 6 4 2 6 8 5 5 7 7 2
350 8 5 7 8 1 3 1 3 8 1
265 8 1 6 3 2 6 3 3 1 9
246 4 6 1 2 6 7 3 2 5 1
414 7 2 8 9 6 8 8 8 7 4
15
310 8 2 5 2 6 6 8 2 5 4
332 1 4 4 9 5 7 7 9 2 7
289 1 4 1 1 9 7 2 2 8 7
315 5 1 2 9 3 9 4 8 3 5
351 2 6 8 9 9 3 1 8 4 2
327 5 8 2 6 2 9 1 6 3 9
219 1 2 5 6 2 2 1 1 3 9
215 7 2 1 5 2 3 1 4 5 2
298 3 4 1 7 7 4 3 6 9 1
186 3 1 2 1 9 1 4 4 2 6
272 3 3 3 5 1 6 4 5 7 4
276 2 9 5 1 9 9 6 2 1 1
234 4 2 2 2 7 1 7 6 5 9
330 4 4 6 4 9 6 7 1 4 5
353 3 9 9 6 3 2 6 8 7 2
15
331 2 6 5 6 8 2 6 2 8 7
272 1 6 6 5 4 2 9 6 2 9
378 7 5 8 8 7 6 3 2 3 5
301 1 4 6 4 1 4 4 4 9 5
365 5 5 8 1 7 6 7 6 9 5
335 8 8 6 4 3 8 1 1 3 5
359 9 3 8 1 7 4 4 7 6 6
366 5 1 8 4 6 7 3 7 7 7
225 1 6 2 3 3 1 3 6 8 3
249 8 7 3 2 1 3 4 3 5 2
382 5 8 6 9 9 1 6 4 8 3
301 1 7 3 8 9 9 7 1 1 1
421 9 4 8 6 4 8 3 4 8 7
285 6 3 3 5 7 1 6 9 5 3
274 3 2 9 8 2 3 7 4 2 4
15
300 8 3 8 2 7 3 6 5 3 5
368 3 9 6 3 8 3 7 6 8 9
285 5 4 7 2 6 2 9 2 3 6
306 6 5 8 3 8 4 1 9 1 4
374 6 9 9 8 6 3 9 8 2 3
406 9 9 1 6 4 9 9 4 6 7
381 7 9 8 3 3 2 5 3 8 8
338 3 6 9 5 9 6 6 5 1 4
359 4 9 4 3 8 9 4 3 6 7
430 6 7 8 9 7 4 8 2 7 9
340 4 7 4 6 8 4 6 8 2 8
373 4 7 8 9 3 6 3 6 5 6
359 6 4 8 5 4 6 1 8 6 9
337 9 1 6 4 6 9 7 4 3 3
381 9 7 8 3 4 3 9 6 8 3
15
329 8 6 5 9 6 3 5 9 1 2
263 2 6 7 8 1 1 6 3 1 9
309 3 4 6 8 5 1 2 6 6 4
284 2 5 2 6 8 5 1 4 5 2
371 7 5 5 3 9 9 2 4 4 7
297 4 5 7 5 4 4 7 4 3 5
307 8 2 7 3 2 5 7 7 1 9
204 5 1 1 7 2 5 6 1 1 4
273 3 2 8 3 3 2 4 2 7 7
314 8 2 6 8 6 2 6 3 5 2
322 8 2 5 3 6 4 5 4 7 7
285 1 6 8 1 7 5 5 4 4 7
370 9 2 6 7 6 5 5 8 6 3
220 6 2 2 1 2 1 2 4 6 6
353 1 9 5 2 7 8 4 7 6 7
15
214 5 2 2 6 2 4 2 2 2 4
296 6 4 4 8 1 1 1 3 8 6
405 8 9 8 9 7 6 5 2 2 7
363 2 9 3 4 9 9 1 9 3 8
240 4 7 5 4 7 2 6 1 2 1
374 3 5 3 7 4 8 2 6 9 9
261 1 7 1 4 7 5 5 5 4 2
323 7 8 6 1 2 8 4 9 2 6
354 9 1 7 5 9 3 7 6 6 2
297 5 8 1 9 2 1 8 6 6 3
368 7 9 5 6 3 4 1 2 7 7
414 8 8 7 5 6 6 5 1 8 9
444 3 9 9 7 6 8 8 6 7 5
314 7 9 2 3 9 3 5 5 3 6
246 4 1 6 4 3 7 1 2 4 2
15
319 9 5 3 7 5 8 2 2 1 1
342 9 2 9 8 6 3 5 3 1 5
326 1 8 4 2 9 7 3 7 5 6
392 3 4 7 6 6 9 8 5 8 4
288 3 1 7 2 9 3 5 7 7 5
419 6 9 6 7 3 6 4 9 8 8
330 7 5 3 1 8 4 3 8 6 9
346 9 6 6 3 2 5 6 6 4 9
394 8 4 5 9 8 1 9 7 7 8
233 3 5 1 7 3 6 4 3 1 1
402 8 8 3 7 9 9 8 8 1 5
296 4 7 5 4 6 1 2 4 5 5
447 2 9 7 9 3 9 8 9 9 2
247 1 7 5 9 1 1 3 7 2 5
307 2 4 7 1 2 9 2 7 6 8
15
365 9 1 6 5 8 1 8 8 9 9
366 8 4 3 7 9 1 1 9 9 8
258 5 1 3 9 2 3 5 9 2 6
329 5 8 4 6 3 2 6 7 6 8
338 9 2 8 6 6 4 5 1 5 2
368 9 4 3 8 5 2 4 8 7 8
353 5 9 3 2 9 8 7 1 5 8
313 4 2 1 8 9 1 2 9 8 7
313 9 1 7 1 5 8 9 8 2 5
345 9 6 5 1 8 2 2 3 8 9
309 9 5 5 2 7 8 4 2 3 2
299 4 6 8 6 1 5 7 5 2 6
343 4 7 9 6 4 9 2 1 3 1
304 3 5 5 7 2 3 1 5 7 8
287 8 7 5 6 7 2 3 1 1 6
15
322 1 7 7 5 2 8 5 3 5 1
373 9 4 9 8 7 5 4 2 2 5
350 7 5 9 8 3 1 2 2 6 6
231 5 2 3 3 6 5 1 6 1 7
299 3 5 6 4 2 5 7 3 5 5
296 8 5 8 2 1 5 7 4 2 8
384 9 6 7 5 7 7 4 8 2 9
230 1 4 4 3 5 1 3 7 3 9
410 6 2 9 6 9 7 1 5 9 5
389 3 5 9 4 4 9 6 2 9 9
294 9 2 5 4 1 6 7 9 3 2
305 7 4 2 6 8 2 2 2 9 2
389 8 9 6 3 3 7 1 4 8 4
394 9 8 1 7 7 6 4 9 8 5
374 4 5 8 9 3 9 1 3 2 9
15
269 2 4 5 4 3 6 2 4 4 5
282 9 2 2 2 3 7 5 1 7 6
382 6 8 6 2 9 4 5 4 8 9
308 3 4 8 1 8 8 1 9 1 5
373 8 1 5 9 2 6 6 1 8 6
351 7 2 8 9 3 3 1 7 3 9
372 9 8 9 5 7 4 2 9 1 4
348 4 2 6 4 4 9 1 9 9 1
274 5 5 5 3 5 4 3 2 2 7
359 8 9 2 9 8 1 8 3 2 8
326 7 8 4 3 1 8 9 2 5 5
327 7 6 3 8 1 9 7 8 1 4
426 7 6 9 7 9 9 4 1 4 4
283 8 1 4 7 1 9 3 8 2 1
397 3 6 7 3 8 8 6 6 8 6
15
277 3 8 2 6 9 3 4 7 3 2
223 1 2 7 1 6 1 2 4 7 5
344 6 6 6 6 1 5 4 3 8 7
348 8 6 8 5 5 1 7 1 6 5
335 3 7 1 9 4 2 5 6 8 5
299 1 9 4 8 2 6 7 2 3 4
297 6 5 1 2 6 1 5 6 8 9
331 6 9 2 5 1 8 2 6 5 7
331 1 7 1 5 8 5 6 7 9 4
174 1 1 2 2 2 2 6 9 4 5
359 8 4 5 9 5 8 3 5 5 1
335 7 2 5 7 8 5 7 7 6 1
310 7 2 2 3 9 3 3 2 9 8
417 8 8 8 6 8 3 9 9 3 9
317 2 4 4 1 9 6 3 9 6 9
15
380 8 6 8 6 9 5 9 2 1 7
283 4 4 8 5 7 5 3 5 1 2
292 1 4 5 3 1 5 8 3 8 8
264 4 2 7 2 9 4 4 1 4 1
293 6 6 8 1 2 8 5 4 4 1
322 5 2 4 7 9 6 1 8 5 1
287 4 9 3 2 8 6 3 5 4 2
315 3 5 4 4 6 4 7 4 8 8
364 7 7 8 6 7 2 4 7 5 1
385 3 7 7 2 9 9 4 2 7 9
357 5 7 8 3 4 5 4 3 9 1
184 1 3 4 3 2 2 4 5 4 3
463 8 7 3 9 8 8 9 9 9 2
294 5 3 2 5 9 6 1 3 5 3
308 2 1 1 2 8 9 9 7 9 5
15
375 3 9 8 7 1 7 1 3 8 1
413 9 7 3 7 1 6 7 4 9 8
297 2 1 9 6 9 3 1 8 2 9
174 4 2 1 5 1 1 9 8 1 2
331 8 8 7 8 9 3 4 1 1 1
325 5 4 4 9 5 2 2 3 7 3
245 1 3 2 1 1 6 3 3 8 8
390 4 9 9 2 6 8 7 2 7 6
347 8 9 3 2 3 7 1 3 9 6
347 5 8 8 4 3 2 6 6 6 6
271 2 7 3 5 9 3 4 6 3 3
258 4 7 1 7 5 2 6 5 2 3
376 8 4 2 9 2 9 8 7 8 1
258 5 8 4 6 2 2 5 5 2 2
313 4 2 2 8 2 7 4 9 6 7
15
290 6 4 8 3 8 2 2 3 4 4
291 5 4 4 1 4 9 4 7 4 1
335 9 1 5 8 5 3 6 1 5 7
308 7 9 4 5 2 5 1 1 2 8
327 8 8 6 6 1 6 5 7 2 2
300 4 7 4 5 3 6 2 8 1 7
378 7 9 3 9 6 4 7 6 4 7
297 2 5 1 9 7 5 9 5 4 4
189 1 3 5 2 2 1 4 2 3 9
430 7 6 8 6 9 9 5 5 7 1
375 9 7 2 3 9 9 5 6 5 1
397 8 9 5 4 7 5 1 6 9 2
311 8 4 3 8 9 4 8 2 1 1
292 1 8 2 8 6 4 4 5 2 5
342 6 2 6 6 2 8 4 1 6 8
15
375 4 5 3 7 6 6 1 6 9 9
297 6 8 1 1 9 7 6 3 1 8
328 9 8 5 1 1 5 2 2 9 1
386 4 8 6 8 7 5 6 8 8 1
236 1 5 2 5 7 5 8 2 1 6
362 6 9 2 9 4 6 3 8 3 5
338 9 6 1 4 6 2 9 4 8 7
461 7 7 5 9 8 5 6 9 9 7
356 7 3 6 6 5 5 3 2 8 6
355 9 5 3 2 4 8 8 5 6 9
269 3 4 6 3 2 1 3 6 8 4
350 3 3 6 5 8 5 1 7 9 6
286 1 6 5 2 1 8 7 9 3 5
346 8 3 9 3 5 4 7 8 5 2
347 5 9 9 1 5 6 2 1 8 2
15
386 9 6 7 2 2 7 6 3 9 8
298 1 3 9 1 8 1 9 8 9 2
268 9 5 8 3 3 3 2 2 1 1
294 4 7 3 7 2 5 6 2 1 9
253 3 5 8 1 5 2 6 4 3 6
278 4 7 5 2 4 9 3 8 1 3
277 1 4 6 4 9 7 5 7 1 3
266 6 3 7 2 2 2 8 4 4 3
260 1 5 6 3 6 2 2 6 5 6
276 2 6 9 3 5 4 5 1 3 6
367 2 6 4 9 4 8 5 7 5 8
398 5 9 8 4 7 6 2 8 6 9
317 4 6 5 7 9 1 6 1 4 7
364 7 7 8 6 1 2 3 8 6 8
276 2 1 2 5 6 6 5 7 6 8
15
337 5 2 5 9 8 4 5 3 6 6
253 6 7 7 5 3 1 4 1 2 1
378 7 6 7 5 2 6 4 7 8 4
251 7 7 1 1 6 8 2 5 2 1
311 7 3 8 5 3 3 4 1 6 1
251 3 6 1 2 9 3 6 3 4 8
357 8 1 5 6 8 5 9 9 7 4
244 2 2 2 7 7 4 3 5 3 6
336 5 8 4 8 5 5 2 3 5 2
306 3 6 3 4 6 3 8 8 7 3
290 8 6 5 8 1 2 1 8 3 2
279 2 5 2 4 2 4 9 7 8 3
346 5 8 7 5 2 6 3 3 4 9
417 6 8 6 9 2 4 7 2 9 8
423 7 7 9 7 8 5 9 2 7 4
15
352 7 9 5 9 3 3 1 6 2 6
339 9 2 6 6 3 4 1 8 7 4
361 4 2 7 9 7 9 2 7 2 4
310 3 4 1 6 7 9 6 9 2 3
347 7 7 8 2 6 3 7 9 3 9
340 2 3 9 9 3 3 9 9 7 3
327 4 4 5 6 3 8 8 7 2 5
304 1 4 6 5 7 3 9 2 6 8
339 4 7 7 1 5 5 1 1 9 7
283 6 1 6 5 2 5 6 9 4 1
317 6 4 6 3 6 7 1 9 2 5
316 3 4 8 2 1 3 4 7 9 5
382 8 4 1 8 6 9 2 8 6 4
284 5 5 4 5 3 6 4 8 2 3
334 3 7 2 8 5 2 7 9 7 8
15
319 4 3 9 7 3 5 7 6 2 3
429 8 6 9 4 6 8 8 3 8 6
342 8 3 7 2 2 8 4 8 8 3
231 1 1 5 5 5 5 9 5 1 7
325 8 5 7 3 9 8 7 1 2 2
323 5 1 8 1 8 8 6 6 5 5
278 5 8 1 3 3 2 2 4 9 6
348 9 3 6 8 1 5 9 3 3 8
280 3 2 7 5 6 8 7 1 1 3
360 4 9 7 9 5 1 6 7 5 6
294 1 9 2 6 5 7 8 1 2 6
301 1 5 1 9 5 7 8 9 1 8
285 3 2 4 1 9 9 3 6 7 1
358 2 6 9 2 8 8 3 9 5 3
357 7 3 9 8 4 3 5 1 7 3
15
286 3 6 8 1 1 9 1 5 3 5
295 9 4 3 4 4 5 5 1 4 7
327 7 4 4 8 4 4 4 7 4 9
331 5 7 2 9 7 5 9 5 2 8
304 3 2 9 4 4 8 2 3 2 9
230 3 2 1 2 8 6 3 4 2 7
241 6 1 7 4 6 2 3 2 2 1
365 6 1 7 4 8 9 3 4 6 9
351 8 2 7 6 7 3 6 2 6 6
294 4 6 4 7 9 1 6 8 1 5
276 5 6 1 4 7 9 2 5 1 3
309 1 4 9 7 3 2 5 6 6 4
443 9 6 6 6 1 9 8 8 8 7
255 1 4 4 3 5 5 7 9 2 9
200 2 3 2 1 8 2 4 6 3 6
15
380 1 9 9 9 8 3 1 7 3 6
410 1 7 8 8 8 9 6 1 8 4
379 6 4 7 3 7 8 5 8 5 7
327 7 5 9 3 2 3 8 9 5 3
311 1 9 5 8 1 6 6 6 1 7
307 2 3 9 1 1 9 2 1 6 7
366 6 8 9 8 2 3 7 4 6 1
443 7 9 7 9 3 5 3 3 9 9
299 2 9 3 7 3 4 1 6 3 8
368 2 7 9 9 6 7 1 6 2 8
326 4 5 2 9 9 4 7 1 8 1
315 3 3 4 2 7 7 4 6 7 7
263 3 1 8 1 4 8 1 8 2 7
235 6 2 8 1 2 3 9 2 1 9
287 8 4 9 1 1 5 3 4 3 2
15
303 8 2 6 4 9 7 5 2 1 3
287 7 8 4 3 4 2 2 6 5 5
200 2 7 1 4 7 1 2 7 1 4
246 1 9 4 4 4 3 2 1 4 2
211 6 1 3 2 4 3 6 7 4 2
301 5 8 8 5 1 1 8 6 3 6
398 9 8 3 8 5 5 4 7 8 6
387 9 1 9 9 5 1 7 1 9 6
400 9 5 5 8 5 8 8 9 3 8
280 5 1 1 8 2 7 8 5 2 9
276 2 6 5 2 1 7 2 8 7 2
374 9 5 8 7 5 8 3 2 1 7
374 9 2 8 7 5 1 6 6 9 2
388 9 5 9 8 6 3 5 5 6 2
341 8 6 1 3 4 6 1 8 9 2
15
332 4 4 6 5 2 6 5 3 8 4
336 8 6 5 9 4 3 5 7 2 5
331 4 4 9 8 7 8 8 1 1 1
261 1 2 8 7 9 2 7 7 1 1
322 9 3 5 3 3 8 6 8 6 1
299 9 3 3 3 8 3 9 7 4 5
372 9 1 7 7 8 7 6 3 6 4
292 1 6 6 6 1 2 9 4 5 6
385 3 7 4 6 7 6 3 5 9 6
392 5 9 4 9 2 5 6 7 7 5
311 6 8 5 2 5 2 7 8 3 6
283 3 2 2 5 1 9 7 4 7 5
291 7 1 5 3 8 7 9 4 1 5
339 5 7 6 1 6 6 3 5 8 5
225 6 1 1 6 3 4 6 2 2 5
15
358 3 7 1 8 2 4 6 8 9 8
397 6 8 2 7 9 8 3 2 9 5
313 4 5 8 9 4 1 6 3 2 7
305 5 1 5 8 4 8 9 8 1 3
325 2 5 8 2 9 7 7 7 1 6
352 8 2 1 3 9 9 7 1 9 6
278 1 9 3 2 1 6 3 9 5 7
386 8 3 7 7 3 8 7 2 6 8
248 9 3 2 1 3 2 6 4 7 1
356 4 9 5 8 4 8 3 1 7 1
324 9 7 4 8 4 6 2 4 1 2
414 6 8 5 7 6 8 7 6 6 6
252 9 4 3 1 4 9 4 4 1 1
392 9 9 9 8 1 2 9 2 7 3
310 2 4 8 5 9 1 8 8 2 7
15
339 6 4 5 8 5 5 3 3 7 2
316 5 3 8 2 8 1 3 2 8 8
302 5 9 4 5 7 2 5 4 3 4
272 3 8 6 4 2 2 9 1 3 4
290 3 1 1 8 3 8 6 1 7 3
328 7 6 2 1 6 5 2 8 8 6
361 7 5 6 8 6 8 1 9 3 1
357 2 6 9 7 5 4 1 9 5 9
392 5 9 9 7 7 2 3 9 5 5
280 5 3 7 1 8 3 2 1 5 4
427 6 9 4 3 9 7 2 9 8 9
348 7 7 3 9 8 6 8 8 1 1
304 2 5 5 3 5 1 6 7 9 6
365 8 8 3 5 5 5 6 8 3 9
384 4 6 5 8 8 9 8 8 3 4
15
220 4 2 6 2 3 9 1 1 1 1
338 7 2 6 8 2 9 4 3 2 8
313 7 2 2 8 8 2 7 3 9 1
345 4 5 8 8 3 4 7 4 3 9
256 1 4 3 2 6 3 8 4 5 8
334 4 5 9 1 2 2 9 9 9 8
278 2 7 6 1 6 6 7 4 1 5
278 8 5 1 3 3 3 9 3 6 7
270 5 1 7 4 8 4 5 2 2 6
289 9 3 6 2 8 1 3 9 5 3
337 8 9 2 3 2 7 8 4 6 3
301 8 3 6 1 6 5 8 8 2 4
249 8 3 7 7 1 1 2 3 1 1
334 7 1 4 6 1 6 9 6 7 8
335 8 2 6 1 3 9 4 4 6 9
15
332 7 1 7 7 4 2 9 3 8 3
354 1 9 4 9 1 4 6 7 7 8
264 9 4 7 3 5 1 2 2 4 3
352 9 3 8 7 9 1 8 5 1 9
350 2 7 5 1 6 8 9 9 9 1
283 1 5 5 2 8 4 4 6 8 1
368 5 4 5 9 4 7 9 2 7 2
352 7 8 4 2 8 7 1 4 5 9
192 1 5 7 2 3 3 3 1 2 2
325 7 1 4 1 5 8 7 5 8 5
262 4 1 2 1 9 2 8 2 9 6
393 9 6 5 5 5 9 8 4 4 8
310 3 1 3 5 6 5 5 8 7 6
296 5 3 6 1 1 6 1 4 7 8
342 6 5 7 3 2 9 3 3 5 9
15
292 5 1 4 3 7 6 4 2 7 5
221 4 1 3 4 6 5 3 5 1 1
288 5 6 3 2 5 3 5 7 7 2
309 1 9 5 5 7 2 3 6 3 7
371 6 5 1 9 8 4 4 3 9 6
403 4 8 3 9 9 5 7 9 6 9
344 5 8 4 5 5 4 9 1 9 4
296 4 4 2 1 3 6 7 8 7 9
353 2 5 8 9 8 5 1 4 7 1
241 3 1 8 8 2 2 3 2 2 4
291 1 7 8 6 3 6 4 2 2 3
225 2 5 1 3 8 1 3 5 4 7
281 1 4 2 6 1 8 3 4 7 6
355 6 7 7 1 1 8 2 3 6 9
321 9 9 1 8 2 6 9 4 2 1
15
353 1 9 7 2 8 5 9 2 7 4
325 5 4 7 8 2 5 4 4 2 7
308 6 3 8 1 5 7 4 1 6 6
262 5 4 6 2 1 3 9 9 2 9
274 1 2 5 1 7 2 2 9 7 8
345 5 5 4 9 6 2 4 3 8 6
314 4 5 6 4 2 6 1 6 5 8
269 4 6 4 6 1 4 7 2 3 2
329 5 4 8 3 3 4 5 1 9 7
341 2 9 8 5 7 2 2 6 5 7
287 3 9 9 6 1 5 3 1 1 2
330 6 4 7 3 1 5 3 7 7 4
259 4 1 2 1 7 4 5 7 7 3
247 2 6 2 3 5 1 8 9 2 9
238 4 5 4 2 3 3 9 5 2 4
15
292 4 9 3 2 1 2 2 9 7 9
269 1 4 5 2 2 5 8 3 9 5
304 4 6 3 3 6 1 7 8 6 9
308 2 4 5 1 3 9 7 9 7 1
326 7 1 7 3 6 4 3 6 7 6
495 9 9 7 7 6 9 7 7 8 5
291 9 5 6 1 3 2 6 4 4 8
298 4 8 3 2 4 3 8 9 6 8
336 1 2 8 7 2 3 8 7 7 8
269 1 4 8 1 5 5 4 4 5 7
332 9 2 8 4 8 1 1 6 6 8
283 9 1 2 4 1 4 5 2 7 9
308 8 9 4 2 1 1 9 3 6 9
245 2 7 1 5 3 4 9 6 3 5
369 7 3 9 5 1 9 4 7 5 6
15
250 3 5 4 1 7 3 7 4 4 4
283 8 4 4 2 3 2 8 5 7 1
237 4 2 2 2 8 4 6 5 4 4
349 3 9 6 4 9 4 1 4 5 6
381 2 5 7 7 5 7 1 3 9 6
304 3 8 1 6 2 2 7 7 8 9
371 4 3 9 5 8 6 8 2 9 3
198 1 1 2 5 5 8 3 6 1 1
382 2 2 5 9 4 7 9 5 9 6
374 9 1 9 4 2 7 3 9 8 3
292 1 9 6 6 4 4 3 8 2 2
416 7 3 2 9 9 8 5 7 9 8
274 5 2 2 7 4 4 4 8 1 9
304 5 5 9 4 1 1 8 3 4 7
421 9 9 9 8 1 3 5 3 9 7
15
250 2 1 4 5 8 3 8 2 4 3
274 4 9 6 2 4 4 2 2 3 7
342 5 7 9 4 8 4 8 2 2 9
266 6 8 2 1 1 1 8 8 5 5
270 1 1 8 7 2 6 4 4 5 3
359 8 5 6 4 7 2 4 8 8 1
304 6 3 5 1 7 9 6 4 2 5
306 2 6 7 5 8 2 7 1 4 6
339 5 6 8 6 3 4 9 6 3 5
393 6 6 6 6 9 2 8 5 8 9
344 1 6 9 5 6 3 4 5 5 8
250 5 2 2 5 5 7 4 8 2 2
326 6 3 5 6 8 4 2 9 2 8
340 7 3 5 6 1 7 4 2 6 6
409 9 8 8 9 4 3 5 4 4 8
15
422 9 6 7 8 3 9 6 1 6 9
310 3 9 2 9 6 1 2 8 6 1
318 5 5 8 8 1 1 4 4 7 5
373 9 6 1 5 6 9 6 5 4 8
294 4 4 6 6 5 8 1 2 2 5
318 4 4 6 4 1 4 8 6 8 3
389 9 6 9 7 9 3 2 7 3 4
327 9 6 2 5 1 1 4 5 8 8
474 5 9 8 9 7 6 9 7 7 9
327 6 6 3 5 9 3 6 8 4 9
388 7 7 5 7 8 3 2 6 8 3
341 4 1 8 3 1 8 6 5 8 7
240 5 1 6 3 5 3 9 1 3 5
244 5 4 6 5 3 2 7 1 3 1
381 3 8 6 5 3 6 2 5 9 9
15
331 5 8 5 4 1 4 3 8 7 9
350 9 8 1 5 1 5 1 9 7 7
296 1 7 7 4 1 3 7 5 5 5
369 8 7 1 7 7 4 1 3 9 6
342 8 8 3 3 1 3 5 7 9 6
452 8 8 4 9 6 7 4 4 9 6
364 6 8 3 9 6 7 1 5 5 2
306 8 6 3 3 2 7 1 3 5 5
336 8 5 1 8 4 8 3 7 2 6
235 3 4 1 5 7 6 4 5 2 3
298 5 3 4 3 8 5 2 1 7 8
231 2 3 3 4 6 2 8 9 3 2
382 9 3 8 8 2 9 8 4 2 4
371 5 8 5 7 4 3 7 5 8 9
335 4 4 3 9 7 6 8 1 6 3
15
345 3 1 8 4 9 4 2 9 6 8
228 2 4 4 1 9 7 4 3 1 4
348 9 1 9 6 3 3 8 7 6 3
272 6 3 5 6 2 6 5 1 3 3
334 2 3 8 6 8 9 7 3 3 4
288 5 4 1 7 1 6 9 7 5 2
269 5 2 5 4 3 5 1 6 2 8
283 3 5 3 5 9 3 2 5 5 7
329 4 7 4 2 5 7 3 5 5 8
369 9 7 3 7 3 6 5 3 4 8
255 8 1 3 1 3 7 9 9 4 1
260 1 3 5 1 4 6 5 1 8 1
240 5 1 2 1 3 4 2 5 7 9
368 8 9 7 1 8 2 3 1 9 3
256 4 1 1 5 7 2 8 6 6 8
15
367 8 9 4 8 4 2 8 3 6 8
288 3 5 2 4 7 4 3 1 9 1
314 5 7 1 8 4 5 5 3 4 6
328 5 6 9 6 8 3 4 6 1 4
391 9 6 6 7 6 3 4 1 8 7
321 1 5 6 6 8 2 6 4 8 7
253 2 8 5 1 7 1 2 8 6 1
418 6 8 9 7 7 7 4 2 5 6
389 7 6 4 6 9 5 4 8 7 5
320 8 1 7 1 1 9 7 5 6 7
325 7 1 4 2 6 9 2 1 6 9
205 1 6 2 1 5 1 4 9 3 8
358 8 7 2 3 5 8 3 9 6 5
406 9 9 1 7 5 9 3 9 7 2
310 6 4 4 4 8 8 4 2 2 9
15
283 3 4 8 6 4 2 5 9 2 7
220 1 3 5 2 8 3 3 1 1 7
335 2 4 8 6 4 7 8 9 3 8
342 5 3 9 8 6 4 7 7 5 1
287 5 4 2 2 8 8 8 1 6 2
340 7 1 4 9 2 9 9 4 3 5
301 6 4 7 6 2 1 7 9 4 1
264 3 9 3 2 2 2 1 2 8 3
295 7 3 9 4 1 2 4 8 3 8
293 5 2 4 3 7 9 2 1 5 5
201 2 4 4 2 6 1 7 2 1 9
258 4 1 5 5 2 5 6 2 6 5
262 9 1 6 2 5 3 8 8 1 7
268 3 1 6 3 3 8 1 6 4 3
435 7 6 9 8 3 6 2 4 8 7
15
255 5 2 3 2 4 9 2 5 1 9
296 6 5 5 7 8 3 5 5 1 4
312 1 6 9 5 4 5 5 8 1 9
314 7 4 6 9 1 6 2 7 2 3
361 8 2 2 9 7 9 7 4 5 4
226 6 2 2 6 1 3 4 4 1 7
314 6 7 9 5 9 4 3 3 1 2
365 7 6 6 3 9 6 5 4 4 9
297 5 5 8 1 1 9 2 5 3 3
275 4 9 6 3 1 2 8 7 3 1
308 1 7 6 1 8 9 4 7 4 2
333 7 8 8 5 2 2 1 8 5 2
259 5 5 1 3 3 5 6 5 5 5
326 3 8 5 2 4 8 1 3 8 2
267 2 1 9 1 1 9 3 5 2 7
15
344 9 8 7 1 4 9 5 5 3 4
253 7 5 2 1 4 7 6 1 1 7
285 1 8 4 6 4 5 1 1 4 3
274 4 1 1 7 1 7 7 4 8 3
307 1 9 6 4 4 2 6 8 4 6
324 3 3 7 1 6 3 6 8 9 6
368 6 3 6 6 3 8 4 4 9 3
299 5 4 4 5 4 2 9 6 5 7
249 5 7 1 7 1 4 7 2 1 2
315 3 5 8 3 1 7 8 5 5 2
360 8 1 9 4 3 7 7 3 7 3
316 4 6 4 7 1 6 4 6 4 6
259 6 5 1 4 6 3 9 4 1 6
335 2 8 3 7 8 1 2 5 9 3
360 7 9 5 8 2 5 8 6 2 8
