100 20
500 500 500 500 500 500 500 500 500 500 500 500 500 500 500 500 500 500 500 500
20
690 7 2 3 9 5 4 6 6 2 2 9 6 3 5 2 10 8 9 3 6
629 5 2 3 2 9 7 4 7 7 9 4 9 10 6 7 4 7 2 10 4
567 4 3 5 2 1 4 10 6 5 7 8 1 9 5 3 2 3 4 9 6
635 5 9 5 5 4 1 3 10 4 10 4 7 7 5 5 7 9 8 4 1
598 1 10 10 1 3 8 6 4 6 9 10 2 6 9 5 2 2 5 5 1
624 5 2 6 9 8 9 5 10 8 3 8 8 1 2 4 8 3 3 4 1
615 8 10 3 5 6 2 10 10 5 8 5 2 9 2 2 2 2 3 4 6
671 8 9 4 2 2 3 9 10 4 10 4 6 6 2 1 4 9 9 9 2
635 7 6 5 5 4 5 7 5 7 8 10 1 4 2 9 8 3 5 7 1
639 3 2 8 4 5 5 7 10 4 2 7 8 5 10 8 5 10 9 2 2
784 6 4 5 6 9 9 6 5 4 1 10 4 2 8 2 8 9 6 9 8
673 6 4 4 7 6 5 10 4 5 4 1 9 4 7 8 5 9 10 3 8
623 3 10 1 1 8 8 1 8 1 4 9 7 6 7 4 8 6 1 3 9
629 6 9 6 8 7 9 1 7 1 8 4 5 2 2 10 10 4 3 3 3
642 6 2 5 5 8 7 1 8 3 3 2 3 9 8 3 10 8 8 1 8
549 3 4 4 7 8 2 3 2 10 7 9 8 4 3 3 3 3 2 9 4
513 2 3 10 1 8 3 10 9 8 3 4 3 4 4 1 2 10 8 2 3
680 2 4 3 2 10 7 6 7 3 10 9 3 6 3 5 6 4 10 7 4
538 1 1 4 3 3 6 9 10 3 10 4 4 3 10 5 2 3 1 3 2
672 9 9 8 8 6 5 1 2 10 7 6 5 10 4 10 6 4 3 10 4
20
659 7 2 4 8 2 3 4 10 5 3 10 10 8 7 8 5 9 5 1 4
575 8 1 1 1 4 7 10 9 6 4 5 5 6 2 1 2 10 4 8 1
652 5 3 5 2 4 10 9 3 1 9 3 9 4 1 8 9 1 10 7 4
703 6 9 7 3 9 3 2 9 1 9 4 1 7 7 1 7 6 10 9 9
558 10 5 5 10 3 3 1 8 1 5 1 4 6 9 8 4 7 1 4 7
478 1 3 2 5 6 5 2 6 6 8 1 8 1 2 1 2 6 6 7 9
497 3 2 10 5 2 4 2 1 10 1 8 3 10 3 6 3 1 7 2 8
563 3 6 4 7 1 2 6 2 10 6 9 2 2 5 3 6 3 2 5 8
832 7 10 1 4 10 9 7 10 6 7 10 1 6 10 8 9 10 7 1 7
618 2 7 7 8 9 4 6 6 10 1 4 2 7 10 10 5 7 3 5 5
544 4 7 4 2 5 4 7 9 1 1 2 4 4 1 7 1 8 10 7 10
661 4 7 10 8 1 1 7 10 9 9 6 9 1 3 3 4 7 8 3 7
579 9 2 5 4 10 6 2 2 6 7 9 3 2 10 3 1 1 1 2 7
653 6 1 3 9 10 10 9 4 9 10 5 4 4 2 2 7 7 2 4 5
823 10 10 8 9 4 8 1 2 7 10 10 4 2 8 4 7 10 10 8 7
591 1 2 8 4 5 5 6 6 6 2 7 5 4 6 6 3 2 8 6 8
737 10 1 7 7 2 5 9 8 3 1 9 4 6 7 5 3 7 10 8 10
603 2 10 10 7 3 3 2 7 9 4 5 6 1 9 1 5 9 6 7 6
649 10 5 6 10 2 5 5 10 8 9 10 6 5 1 1 7 1 3 4 2
627 6 9 4 10 5 6 1 8 2 10 2 1 10 6 9 2 8 6 7 4
20
674 7 3 6 7 9 4 10 2 2 5 5 10 9 4 9 7 4 3 10 5
556 5 1 1 4 1 6 5 5 3 6 10 3 4 4 10 6 2 5 2 6
651 9 10 9 10 5 3 3 10 5 6 2 6 7 1 10 10 6 3 9 3
920 5 3 9 7 8 1 10 6 8 8 9 10 6 10 10 9 9 8 8 10
759 6 5 4 9 8 10 7 3 8 8 9 9 9 7 9 7 4 6 7 3
694 5 1 8 4 3 2 5 9 7 5 5 10 2 10 9 5 2 10 7 9
638 5 5 9 8 6 2 6 5 4 7 10 2 3 10 1 3 2 2 4 5
675 6 6 6 1 2 9 4 7 7 8 8 5 10 10 1 7 10 8 2 2
560 5 9 9 7 4 10 6 2 4 2 8 1 5 4 5 2 10 1 5 5
605 8 8 7 6 3 1 9 3 5 2 5 2 7 2 10 6 2 7 6 10
608 2 10 3 4 4 5 3 4 3 6 7 3 9 7 4 6 5 4 10 7
703 1 10 6 5 5 1 8 4 8 9 9 8 1 2 9 10 3 7 6 4
461 5 1 10 4 2 6 3 6 7 5 1 6 8 1 6 2 6 1 1 4
691 1 6 7 7 7 6 9 8 5 8 3 10 1 5 6 10 8 3 9 1
646 9 2 6 1 2 2 7 2 10 4 7 10 4 8 9 4 4 4 7 3
614 5 10 2 5 2 8 6 10 6 2 4 8 10 3 7 5 1 7 9 3
666 4 2 9 4 5 9 10 1 1 8 7 6 2 1 5 8 8 4 6 7
624 6 3 2 2 10 9 8 10 1 10 6 1 5 3 9 5 2 3 9 1
746 9 3 4 6 9 9 7 2 4 5 4 8 9 6 10 7 8 10 2 3
613 8 2 7 5 9 5 2 3 10 8 9 1 2 1 10 5 6 6 2 2
20
664 7 9 7 2 10 6 10 3 9 1 6 3 8 9 8 9 3 2 2 3
687 10 8 3 8 9 2 1 10 1 2 6 5 9 2 7 6 9 10 8 1
594 7 7 2 1 5 8 7 6 4 2 1 5 2 5 6 5 7 10 2 9
603 7 2 4 10 9 4 10 3 4 8 9 1 1 4 8 2 5 3 1 5
600 4 10 2 1 9 8 5 5 8 1 9 7 5 10 1 3 6 2 5 3
763 10 3 10 4 2 10 8 2 1 9 9 1 10 4 1 9 10 9 7 1
693 1 9 5 2 9 9 4 3 8 2 4 7 8 7 5 9 4 8 10 8
652 8 10 1 1 7 8 4 7 4 4 6 5 1 6 10 7 8 2 8 3
682 5 6 4 8 9 6 2 3 6 3 5 10 7 10 5 5 5 8 10 6
780 9 7 8 6 10 9 6 7 3 6 10 6 2 8 5 1 10 4 9 9
556 5 5 4 7 10 5 8 10 10 2 1 1 7 4 1 5 1 8 2 6
754 8 2 9 1 6 4 9 5 9 9 10 6 7 3 1 9 1 9 4 8
622 5 2 9 9 3 4 6 9 3 8 6 3 10 4 8 5 8 4 7 1
663 6 2 3 7 4 7 4 7 9 5 9 6 9 6 1 4 4 8 4 7
594 2 3 1 10 10 5 8 1 8 4 9 10 6 1 6 2 7 9 10 2
709 7 9 7 10 5 10 1 1 1 6 1 6 2 8 7 10 6 9 5 4
664 4 3 5 9 4 9 8 6 7 5 9 3 5 4 3 7 7 9 8 1
614 6 1 5 1 8 9 2 7 4 5 9 7 4 5 8 7 2 3 6 2
567 7 1 5 9 2 3 2 2 1 5 7 9 6 1 10 7 9 1 5 4
661 5 3 6 2 7 9 1 8 1 5 7 1 4 1 9 10 7 10 4 10
20
699 9 7 9 4 9 8 10 7 4 6 2 6 8 4 7 10 9 2 4 1
688 6 5 5 6 6 7 9 9 10 1 1 2 9 10 6 8 8 2 6 7
693 7 1 3 8 6 6 10 2 4 8 1 9 5 9 2 6 7 10 4 3
701 10 4 3 4 3 6 7 8 6 3 1 6 4 10 7 9 6 6 5 7
512 5 7 4 7 1 9 3 8 4 8 2 9 10 1 3 3 5 3 3 4
709 9 1 5 9 5 8 4 9 8 8 8 4 10 2 9 6 3 6 5 3
707 2 6 3 7 4 9 5 4 9 2 10 5 10 9 4 9 10 9 2 7
465 2 7 5 8 8 2 5 1 1 1 1 9 1 3 8 7 3 4 1 2
619 7 1 6 5 9 1 5 3 5 5 2 9 3 5 3 8 6 3 7 9
661 4 2 7 1 10 10 7 3 6 5 10 8 6 5 2 1 5 10 6 4
666 8 2 6 2 10 9 5 10 4 10 3 6 2 6 7 1 10 8 8 1
675 9 2 1 9 5 4 6 8 3 9 9 3 9 6 1 4 1 1 8 7
596 5 9 3 5 2 9 3 9 3 7 4 10 4 2 4 2 1 7 8 8
557 5 10 7 6 2 6 1 6 3 3 6 2 8 6 3 9 1 1 3 4
699 8 8 6 10 8 1 3 2 2 6 7 6 8 9 4 6 1 9 4 7
759 9 1 9 10 10 7 8 3 9 2 8 3 6 10 4 8 8 2 6 6
512 2 3 4 2 3 5 5 7 4 9 5 5 7 1 10 2 3 8 5 4
656 9 9 7 4 7 5 2 2 3 5 3 4 8 8 10 7 6 1 4 9
778 7 9 4 5 2 10 3 9 1 7 8 7 8 10 3 8 7 4 10 10
643 5 3 10 3 7 9 5 5 6 5 7 7 1 1 2 5 7 5 6 8
20
550 3 4 3 7 4 4 5 5 7 5 10 6 1 2 5 4 4 3 1 9
702 8 10 9 8 3 1 5 8 8 2 6 5 10 8 6 8 9 9 3 6
681 4 8 7 4 2 9 8 6 9 2 8 10 2 6 4 10 3 7 3 2
548 5 8 5 1 5 5 4 3 9 4 3 5 7 3 2 7 6 2 1 10
578 1 1 10 5 8 3 9 3 8 9 1 6 3 1 4 6 2 8 7 10
627 8 7 5 3 9 2 9 2 8 9 6 5 9 3 6 3 9 3 2 8
615 9 7 9 5 7 3 1 7 3 4 7 4 10 4 6 3 10 2 10 6
596 6 2 1 2 9 10 2 3 4 6 5 3 6 2 5 8 4 2 4 10
561 6 5 5 5 7 5 5 2 2 3 3 3 1 5 2 4 2 8 8 6
792 10 8 9 1 10 10 10 8 9 8 4 4 9 9 6 10 1 6 4 1
626 4 6 7 2 4 10 8 1 10 8 8 2 8 5 8 3 5 2 10 3
642 10 2 3 10 6 9 2 6 6 6 1 8 7 8 9 2 9 5 2 6
702 3 3 5 4 8 3 4 10 8 9 9 10 9 10 7 4 10 2 9 3
636 9 1 7 2 9 9 5 10 8 7 5 5 4 7 3 3 2 5 9 1
600 2 7 2 9 5 1 7 3 4 8 6 4 7 10 2 3 9 1 7 5
714 10 6 5 2 1 3 6 10 5 9 6 5 3 8 3 7 9 8 5 1
607 1 6 1 7 7 7 6 5 6 8 5 1 10 10 10 6 4 1 9 6
577 8 6 10 7 2 1 1 8 7 7 1 5 1 10 8 3 7 5 1 5
560 6 2 1 5 3 1 7 4 3 9 3 6 7 3 1 7 2 1 8 7
703 8 6 6 9 7 10 1 10 1 6 8 2 6 4 2 9 2 5 8 2
20
513 7 5 8 3 3 2 7 8 9 2 2 9 3 3 3 2 9 6 3 5
590 4 8 8 6 7 5 3 10 5 8 9 3 1 1 6 1 7 3 10 4
665 6 9 2 6 4 2 2 9 10 8 6 3 3 8 5 7 7 3 4 8
649 10 2 3 5 7 5 2 7 3 3 5 1 7 10 10 1 10 3 9 9
573 3 10 6 3 3 6 9 8 8 1 9 6 4 1 5 5 10 1 4 4
663 10 10 7 10 1 7 5 2 8 2 2 7 6 8 7 6 5 1 2 9
680 3 7 7 3 10 2 9 1 5 7 8 9 7 9 4 4 5 8 7 2
598 2 4 5 5 2 5 3 10 5 7 1 7 7 1 6 8 8 7 5 8
731 10 5 10 1 6 10 6 3 9 5 2 1 7 7 10 6 9 3 9 10
560 3 9 4 10 1 3 2 10 7 7 3 1 10 4 5 7 7 2 5 7
644 4 4 7 4 9 7 5 2 8 7 2 6 2 9 9 8 4 8 4 1
650 6 1 5 8 7 6 2 4 5 7 2 5 8 9 10 10 3 8 1 6
580 6 2 3 4 9 7 7 4 4 4 2 2 8 1 2 8 2 7 9 5
463 1 3 7 5 8 8 3 4 8 2 1 8 5 6 4 5 8 1 3 3
421 3 2 3 2 5 9 3 3 4 3 2 9 4 4 2 4 7 2 3 3
688 2 9 10 5 10 9 9 8 4 1 3 9 8 4 9 4 9 10 6 6
691 5 8 1 4 6 7 2 6 6 5 8 2 4 7 4 10 6 10 9 3
644 5 8 9 6 6 5 4 2 5 7 7 9 4 5 1 9 10 4 6 1
723 5 5 10 3 6 3 6 5 5 2 8 10 4 8 8 9 7 7 3 4
678 2 4 3 9 10 1 3 7 9 10 8 9 10 10 10 9 5 1 4 1
20
707 10 9 2 4 6 10 4 4 8 10 6 6 1 2 4 7 9 2 5 7
632 7 3 4 6 1 10 4 2 4 6 10 10 6 4 4 4 3 6 3 6
695 10 10 1 10 6 7 8 6 3 7 9 2 3 8 1 3 4 7 5 2
742 7 7 5 1 3 9 8 10 2 3 5 10 7 7 7 9 5 9 2 9
642 7 6 1 5 7 3 9 1 3 3 5 10 5 6 9 2 9 6 9 7
583 10 9 9 7 8 4 1 3 3 4 6 5 10 1 3 1 6 10 8 2
564 7 5 2 3 7 1 4 10 1 1 1 7 6 6 8 4 10 1 9 5
537 1 2 10 5 7 4 6 2 5 10 4 5 1 5 1 1 7 5 4 6
683 6 10 10 2 4 9 4 10 9 5 5 7 4 5 1 9 1 1 7 7
596 4 6 2 8 10 6 4 8 2 3 8 1 3 1 3 2 10 8 9 6
748 7 8 3 5 9 10 3 10 4 8 10 6 5 6 6 9 4 2 8 3
610 3 1 9 4 5 6 6 6 5 10 9 2 5 5 1 2 10 7 1 3
555 4 4 3 8 5 3 10 6 6 6 3 10 8 6 1 5 8 1 2 2
636 8 3 9 7 4 8 4 7 7 5 1 7 8 5 1 5 10 7 2 3
574 2 2 5 4 8 8 10 1 6 5 1 1 3 6 10 8 7 2 5 10
644 9 1 9 1 5 8 6 1 2 6 6 5 6 3 1 6 5 5 4 10
714 8 6 9 5 1 9 3 2 1 5 6 5 3 7 8 6 9 10 6 10
582 3 4 1 8 2 3 5 1 4 1 8 8 9 8 3 5 9 6 9 6
542 6 4 3 3 5 1 10 9 9 7 6 1 2 1 10 2 3 1 7 8
735 6 2 9 10 3 9 1 10 1 7 7 5 2 5 8 6 6 7 6 10
20
545 6 7 10 8 8 3 2 3 5 3 4 8 9 6 10 1 5 7 9 1
653 4 10 8 10 8 3 4 3 5 1 8 10 10 4 9 3 3 6 3 8
677 4 4 10 10 10 5 2 4 10 4 8 3 3 2 7 9 9 6 8 3
559 2 6 10 1 2 10 7 8 1 8 1 10 9 2 9 5 3 1 6 2
536 10 10 4 5 4 1 1 1 7 7 4 5 3 1 1 3 9 4 6 6
625 10 6 3 6 7 1 4 7 1 5 5 5 7 4 9 2 8 4 4 8
650 5 5 8 6 9 6 9 1 3 6 3 10 2 2 9 7 10 5 5 7
540 5 3 4 5 8 4 8 2 1 5 2 1 10 5 4 2 6 8 2 6
592 6 3 10 3 10 9 5 9 9 4 3 6 9 3 8 1 1 4 3 4
731 8 7 1 8 2 10 8 6 8 5 9 4 1 7 3 2 7 10 2 6
622 3 1 8 3 4 9 5 3 6 4 3 6 6 4 6 10 2 8 5 6
787 7 5 8 1 2 9 5 7 6 10 8 7 2 9 4 9 9 5 1 8
642 7 4 10 8 3 2 6 2 5 4 4 3 4 6 9 8 7 1 4 10
672 8 4 10 8 2 8 6 7 10 7 3 1 3 6 10 1 8 10 7 2
686 9 2 9 9 5 5 1 5 10 10 2 6 9 6 2 8 6 3 4 10
624 2 3 9 1 2 2 8 8 1 6 7 5 4 8 10 7 9 8 6 1
690 10 2 8 9 3 1 10 2 2 4 3 8 2 4 5 9 9 8 4 7
528 7 9 2 5 5 8 2 8 5 8 1 10 7 2 8 2 2 2 5 1
657 8 1 1 2 8 6 8 5 7 8 8 6 1 5 1 9 5 6 3 1
638 6 5 6 10 8 4 5 10 9 3 1 8 4 8 6 3 1 5 10 6
20
536 7 3 1 4 2 7 1 5 7 6 1 3 10 2 7 4 6 7 9 6
666 3 7 6 1 5 7 7 4 8 3 4 8 7 9 6 7 6 9 2 10
670 7 4 5 6 7 5 9 1 7 1 6 9 7 2 9 9 1 6 2 8
676 3 8 4 1 1 10 8 10 5 9 4 9 6 4 3 1 7 8 8 9
738 8 4 5 1 7 6 5 8 9 10 7 8 8 2 6 4 9 6 4 10
530 7 3 3 9 7 10 4 6 6 10 3 4 8 2 2 1 3 5 6 1
529 4 9 5 9 8 1 1 8 7 3 1 8 4 7 1 3 2 1 8 9
568 4 10 8 3 5 9 4 5 8 6 2 8 3 2 2 6 4 7 9 2
549 7 3 2 9 10 8 5 5 4 3 1 1 6 8 3 2 10 5 1 4
859 9 5 7 8 8 2 10 4 8 8 8 1 9 8 8 6 10 10 8 8
512 7 8 8 7 1 9 3 6 4 2 1 4 7 1 3 4 7 1 10 7
690 5 5 7 5 5 5 4 6 3 9 8 9 2 6 5 5 4 5 8 6
674 9 3 5 10 10 7 3 10 6 5 8 2 10 2 4 4 9 4 4 5
547 2 2 9 3 10 3 6 1 9 2 6 7 2 6 9 5 6 1 10 5
550 3 9 7 2 6 4 1 9 4 5 4 6 3 5 8 4 3 9 8 2
672 5 8 7 10 4 3 5 7 7 3 10 5 4 4 1 6 5 4 5 10
648 7 4 8 2 10 7 9 8 2 4 4 10 10 1 6 7 3 6 2 2
578 5 1 3 7 4 6 6 5 3 5 3 2 5 5 9 8 8 3 4 7
692 1 7 5 2 9 9 4 5 5 7 9 9 8 9 7 5 2 8 5 4
517 9 4 1 4 2 6 6 1 8 3 2 1 1 2 4 4 5 8 3 6
20
619 3 10 9 6 8 7 3 2 9 4 2 4 6 9 1 10 10 1 1 8
621 5 10 9 1 9 7 10 4 4 8 1 5 8 3 2 2 3 5 10 9
710 9 6 7 7 7 9 5 4 2 4 2 10 10 2 5 7 1 8 10 7
599 1 5 5 2 9 4 8 6 1 6 2 3 10 10 5 10 8 3 3 5
633 3 5 5 4 3 6 3 10 10 3 1 10 6 8 3 8 4 2 9 9
564 9 10 3 9 3 4 5 6 2 5 1 3 1 7 7 2 8 2 8 2
703 7 8 10 3 10 1 7 6 5 7 7 6 10 5 9 3 1 8 3 8
757 10 10 1 7 7 2 4 3 6 7 10 7 4 7 9 10 8 6 6 3
581 10 2 3 2 5 3 7 6 7 2 1 1 8 10 7 4 4 9 4 1
500 2 6 9 6 6 2 2 4 6 3 6 6 1 6 3 4 2 8 5 2
600 10 6 3 4 4 5 5 10 10 3 4 4 4 2 3 8 8 2 3 7
646 3 6 1 5 4 8 5 7 1 2 7 8 4 7 5 8 1 2 9 9
637 4 7 1 1 5 8 9 1 2 9 5 4 4 10 2 5 9 7 5 5
455 3 3 2 8 1 7 8 2 10 1 2 3 9 6 7 3 3 4 3 5
645 1 6 3 8 3 8 4 1 4 5 6 7 3 7 6 7 8 6 9 5
783 2 5 9 4 7 8 6 4 1 9 9 7 9 10 4 6 9 8 5 8
783 7 9 10 8 9 7 8 10 4 10 2 3 5 6 6 7 1 10 9 9
558 2 9 10 3 9 5 7 5 2 3 3 1 9 2 3 7 2 9 5 1
592 3 9 3 5 1 9 9 9 8 4 4 6 6 5 6 10 6 1 5 2
782 9 9 8 1 7 8 8 5 5 7 8 2 2 5 7 8 6 10 1 4
20
823 4 3 1 6 8 5 8 7 10 9 9 10 3 10 6 9 8 4 10 9
633 6 3 3 4 4 2 10 1 6 9 4 5 1 7 2 7 5 10 10 5
650 3 6 8 7 6 8 6 6 2 4 3 8 2 5 6 9 5 3 8 5
610 5 2 10 2 4 3 2 8 10 9 10 1 2 8 5 2 9 1 9 5
719 9 6 5 8 4 9 5 4 5 6 8 7 7 3 9 3 10 8 7 2
618 1 6 1 8 3 10 8 2 9 5 3 10 10 2 7 6 10 3 10 8
648 5 6 8 10 6 3 6 6 8 10 3 6 10 2 5 7 4 6 7 4
767 2 8 10 4 10 1 9 6 5 8 9 2 8 5 2 10 4 7 8 10
587 1 6 2 5 2 7 5 10 1 4 5 1 10 9 8 8 2 9 7 2
611 8 6 8 9 5 10 1 10 10 1 3 5 5 2 8 3 2 6 7 10
617 1 4 2 2 9 2 8 3 10 5 3 9 7 6 8 6 3 9 8 5
686 3 2 3 10 8 7 2 9 10 9 9 2 1 6 4 8 9 6 1 2
672 2 3 8 8 3 8 10 8 2 3 7 8 10 6 2 9 9 7 3 1
759 9 3 8 7 3 4 2 3 6 10 9 10 8 4 9 9 6 5 6 10
660 4 8 4 2 9 9 9 1 5 7 6 5 4 7 6 6 3 8 2 6
717 10 7 2 10 9 2 10 2 1 5 6 4 4 7 5 8 4 9 5 1
660 10 6 1 2 1 8 7 8 7 7 5 1 3 6 2 5 10 3 3 10
566 7 1 3 1 5 6 4 3 4 10 10 2 7 1 4 1 5 5 8 2
731 8 5 9 6 5 9 2 5 2 4 4 9 6 9 9 6 7 10 6 4
533 8 9 10 9 3 3 6 1 5 4 1 10 2 5 4 2 8 1 4 1
20
568 6 4 10 6 3 6 8 4 1 3 2 2 5 8 9 3 10 4 1 7
678 9 2 2 3 3 2 9 6 4 9 10 1 4 3 2 10 6 2 7 8
587 6 7 4 1 1 2 4 7 9 1 3 7 8 9 8 3 4 10 6 6
699 9 5 3 7 6 4 7 4 8 4 6 3 4 8 10 10 6 6 1 1
488 4 5 7 3 10 10 3 1 10 3 3 2 10 6 6 2 6 1 6 3
553 6 10 5 2 10 2 1 4 8 2 4 4 10 6 5 6 6 1 2 7
722 3 4 3 9 4 8 5 9 4 8 6 10 4 10 7 5 3 8 7 8
611 9 4 8 6 10 1 2 2 7 5 5 8 1 10 5 5 2 1 2 8
563 7 1 2 2 5 2 8 3 3 1 2 5 7 6 5 3 6 10 8 8
680 7 1 4 1 3 9 2 7 10 3 8 8 2 10 7 6 6 8 1 5
479 5 9 5 10 2 4 6 2 9 3 1 1 9 1 10 4 3 10 3 1
531 10 8 5 7 1 3 8 6 5 2 2 10 4 1 10 2 2 4 3 2
620 4 7 2 7 9 10 9 2 5 5 5 7 7 9 3 4 6 4 3 1
675 7 10 5 7 2 1 7 5 5 10 8 5 7 4 5 10 6 4 6 1
819 9 6 7 8 4 10 8 9 7 5 2 9 7 9 3 9 7 7 9 6
558 6 7 4 5 10 9 7 3 3 2 3 2 4 7 10 1 1 6 3 3
581 7 9 8 2 1 5 6 7 8 5 1 8 6 1 7 7 7 2 4 10
621 1 10 4 1 9 2 9 8 9 10 9 5 6 2 5 1 3 8 8 2
527 10 3 1 4 8 4 6 1 2 4 2 4 10 9 2 7 2 1 8 1
651 1 6 8 5 10 5 1 7 4 10 4 1 8 3 9 7 6 4 9 10
20
543 5 1 10 2 8 4 3 5 1 3 1 3 7 10 8 2 8 3 9 6
611 1 3 10 4 10 6 5 8 10 3 6 3 8 9 4 4 3 6 7 1
647 4 6 10 6 6 2 5 2 9 8 5 7 5 3 6 4 7 8 3 8
648 3 5 4 9 5 10 6 4 3 10 1 5 8 3 10 7 9 6 8 2
644 5 4 8 8 7 4 7 2 2 10 6 4 6 6 7 7 2 4 7 6
530 4 4 1 8 7 9 4 7 4 1 3 8 7 6 4 1 3 6 10 1
515 5 3 1 9 8 1 1 6 3 2 3 6 3 5 1 4 7 6 9 3
572 8 1 6 3 8 3 5 7 7 6 3 6 3 3 4 7 7 2 9 1
648 6 8 6 3 5 3 4 10 9 2 8 4 10 5 6 4 4 9 6 6
716 6 6 4 6 10 2 9 5 7 10 8 8 9 7 9 1 9 2 9 1
699 2 5 10 3 8 7 4 8 7 9 3 8 9 8 4 2 10 7 9 10
629 4 8 5 10 1 7 2 3 1 1 10 2 10 9 8 9 6 6 6 2
648 8 7 6 1 2 4 9 8 4 7 4 7 4 10 6 3 5 7 2 3
702 7 7 5 8 1 7 7 4 5 6 10 1 2 7 4 6 6 2 7 9
703 10 2 8 7 9 6 5 9 2 3 3 7 2 7 10 10 6 8 6 1
688 8 4 7 2 10 1 9 5 2 6 10 9 2 1 8 7 5 7 2 1
680 10 3 1 10 3 6 1 9 5 6 1 5 10 6 7 9 9 7 1 7
660 6 6 7 4 8 8 10 4 4 4 1 6 7 4 9 7 3 4 7 6
612 6 4 8 3 5 9 8 1 3 5 1 8 3 3 7 5 7 7 4 4
670 10 5 3 10 10 4 7 6 2 3 3 3 3 2 4 10 10 5 4 5
20
604 2 4 7 9 5 7 1 5 2 6 3 6 2 3 4 5 10 8 9 7
675 1 6 9 5 3 10 9 3 4 5 8 8 1 10 6 7 5 3 8 4
552 4 9 8 7 7 6 2 4 9 4 2 5 9 5 5 2 6 6 9 3
594 7 9 9 3 7 4 6 9 8 3 1 2 7 8 7 4 4 2 7 3
627 6 1 1 8 6 6 4 10 3 5 3 6 6 7 4 7 10 5 9 2
695 4 6 1 8 7 9 8 10 9 3 6 9 4 1 9 3 9 5 10 8
727 7 5 9 7 3 1 4 9 1 7 8 2 4 6 7 10 9 10 9 6
668 10 1 7 7 1 6 5 3 4 4 9 7 7 9 6 6 3 1 2 9
897 9 6 9 10 3 8 4 5 10 10 10 9 2 8 4 10 8 10 6 3
616 3 9 4 3 1 9 6 5 4 5 1 8 8 2 9 4 7 10 10 8
703 8 7 8 4 4 8 2 1 4 9 3 6 1 4 10 8 6 8 3 9
588 9 5 8 4 3 9 8 1 6 3 5 6 4 7 6 4 9 1 2 3
553 7 10 9 1 2 4 2 7 3 10 10 1 7 4 4 5 7 2 2 1
644 4 1 2 2 7 8 2 3 7 4 6 9 2 8 9 5 8 1 6 10
606 3 1 7 2 8 2 5 8 6 9 2 5 6 5 3 1 9 10 8 10
449 3 7 4 1 2 1 7 4 7 1 4 6 1 1 6 5 9 9 1 2
631 10 8 8 10 2 5 4 4 3 3 1 8 2 10 5 2 1 4 7 9
740 8 6 10 4 5 10 4 10 3 1 7 5 2 8 8 9 8 5 4 3
635 2 3 7 6 10 7 5 9 3 5 3 7 6 10 2 5 5 9 4 5
474 3 6 4 7 7 5 1 7 5 3 3 7 4 3 4 1 9 2 10 3
20
693 7 6 10 5 4 9 4 4 1 8 9 10 5 4 3 1 4 7 10 4
603 4 1 10 8 4 9 3 4 4 1 5 7 8 5 5 10 2 3 6 10
659 6 6 8 10 3 9 10 3 10 2 4 9 9 4 5 2 7 8 8 2
619 2 2 2 10 9 8 4 9 6 6 8 8 3 5 4 4 10 1 9 2
711 3 5 3 5 10 5 6 10 5 10 9 9 9 4 3 3 9 10 1 5
633 9 4 10 2 5 6 10 5 9 7 6 6 7 4 9 1 2 2 6 7
664 4 8 9 10 1 7 1 5 6 5 4 1 10 8 9 5 8 5 9 10
652 8 3 3 9 5 9 4 4 6 2 3 7 9 2 3 10 10 5 10 3
539 6 2 8 10 3 2 8 4 8 7 2 3 4 8 2 6 4 1 8 1
613 1 5 10 8 9 7 1 2 8 1 2 9 2 10 3 6 5 10 4 4
591 2 8 3 4 6 1 5 4 2 2 7 9 10 3 7 3 9 7 9 7
716 10 9 10 2 5 9 1 8 9 2 9 2 1 7 8 8 2 2 8 7
623 8 10 9 3 1 10 4 2 1 1 9 10 5 9 9 3 3 5 3 5
598 7 2 6 5 6 6 7 3 3 5 9 1 9 3 8 6 2 6 6 2
647 3 5 5 8 5 7 5 3 9 8 8 6 2 4 3 4 1 6 5 10
575 2 5 7 3 9 7 8 4 6 1 5 1 1 4 4 10 4 4 2 7
696 10 6 2 10 5 8 10 5 6 1 9 8 3 5 5 1 9 5 1 10
608 8 2 9 1 1 2 7 7 8 10 4 6 4 6 3 5 8 1 6 7
592 1 4 4 6 7 7 4 6 2 8 3 1 7 7 8 8 3 1 10 7
532 8 2 6 3 10 5 1 5 4 1 3 4 8 6 9 1 3 6 10 7
20
625 4 10 4 2 1 7 7 6 1 1 9 5 4 2 6 8 4 5 6 5
637 9 10 1 5 7 10 7 6 5 4 3 9 6 6 3 2 4 5 5 6
654 7 10 9 6 4 7 6 2 5 9 6 1 6 2 2 2 4 9 1 10
676 9 5 10 9 9 6 1 8 6 3 4 9 1 5 8 5 7 4 7 2
591 6 5 1 8 4 3 5 1 3 3 6 7 8 9 3 7 9 2 4 9
608 9 7 8 7 7 5 10 9 2 3 1 5 7 5 1 3 1 5 5 8
608 8 7 9 8 1 4 6 2 4 8 8 1 1 5 1 9 3 2 2 5
617 1 6 9 10 1 1 6 1 4 10 10 2 6 1 6 8 5 6 4 10
441 5 8 8 1 6 5 8 3 9 1 2 2 6 6 4 2 1 3 8 1
645 3 4 8 9 10 7 5 6 9 2 2 6 7 8 10 3 8 6 2 9
665 4 4 6 6 2 5 9 6 5 10 7 4 5 9 5 3 1 7 3 5
681 1 4 4 10 4 6 8 5 1 10 1 10 9 7 9 8 3 10 8 5
605 7 4 5 8 7 8 8 7 5 3 8 2 5 3 9 3 7 5 2 2
670 6 1 1 5 10 6 4 7 3 9 8 4 5 4 3 10 4 3 9 5
665 2 5 8 8 10 2 8 8 9 1 7 5 10 4 6 10 8 1 5 4
630 10 9 10 5 8 1 2 8 2 4 2 10 5 5 10 1 3 5 2 8
533 3 2 8 10 10 3 1 4 8 4 2 2 7 10 2 7 2 5 7 5
693 5 3 10 9 5 7 4 4 8 10 3 8 7 4 7 7 10 8 8 3
714 6 8 5 10 5 8 2 3 3 8 8 1 1 10 6 6 3 9 9 7
622 8 3 10 2 1 1 8 9 2 9 5 9 9 3 2 3 10 3 3 8
20
599 4 4 9 5 10 5 8 7 7 2 3 4 2 2 9 7 3 7 1 2
716 5 3 9 3 5 6 10 6 4 10 9 7 9 9 3 2 8 2 10 5
639 1 10 6 8 8 2 8 8 1 10 3 3 8 6 7 6 5 2 2 10
459 7 9 6 1 3 2 2 4 10 4 3 10 1 1 7 2 4 1 4 8
527 3 3 3 8 4 2 7 5 8 3 6 1 4 3 9 3 5 8 2 2
669 3 3 7 7 3 7 8 7 3 6 9 4 4 5 2 7 9 6 9 1
589 6 7 2 8 1 7 3 1 3 1 8 4 4 7 6 3 1 10 9 8
718 5 1 5 5 3 10 5 10 1 4 9 10 4 7 3 4 10 9 6 8
653 4 8 10 3 3 4 8 7 1 6 9 3 10 5 5 6 3 7 7 3
611 2 8 7 6 1 10 9 6 6 3 2 9 3 9 7 7 10 4 4 2
776 5 1 1 10 6 6 5 6 10 8 3 9 4 4 9 10 7 10 8 7
586 2 3 9 5 9 2 3 9 4 7 7 9 7 4 6 1 6 2 7 4
566 10 5 6 9 5 6 1 2 7 4 7 10 8 5 1 1 2 1 2 10
684 10 7 9 1 8 1 3 9 4 8 8 2 6 4 5 4 6 9 3 9
570 5 8 4 4 5 8 1 2 2 6 1 3 5 8 2 9 5 8 9 2
669 1 4 10 5 1 10 10 4 10 6 5 10 6 4 3 7 7 1 10 7
598 8 3 4 5 3 4 8 3 5 3 3 8 4 9 10 2 2 3 7 8
709 10 3 9 2 5 8 3 10 5 2 10 6 1 1 10 6 2 6 10 10
667 8 2 8 9 2 6 4 4 9 10 1 5 4 1 2 10 2 8 1 10
688 4 6 7 4 6 4 5 1 2 8 4 8 10 9 7 10 5 5 8 4
20
712 10 6 8 10 5 8 7 8 2 2 9 10 2 7 3 1 5 4 5 2
525 4 6 8 7 6 6 4 1 7 5 5 1 7 7 10 2 3 4 6 1
747 9 4 9 3 10 9 1 2 10 7 7 9 4 8 1 9 9 5 1 7
704 8 7 5 10 10 4 8 7 1 5 1 1 4 10 7 8 9 8 6 3
642 1 2 9 1 8 8 2 10 6 5 4 10 4 4 3 10 5 10 4 4
566 2 3 1 3 4 1 7 6 9 6 3 7 2 10 1 9 8 4 1 5
553 7 8 6 5 1 1 7 9 4 2 2 1 10 2 10 3 8 7 10 8
738 5 9 5 1 3 6 7 9 9 10 10 7 8 5 10 5 2 2 1 10
578 3 9 7 1 2 5 8 8 6 6 3 1 4 4 7 3 1 7 8 9
629 7 5 4 9 1 9 5 5 8 8 8 9 10 3 10 2 4 8 2 1
616 6 6 10 5 6 9 6 6 1 5 3 4 8 9 9 1 6 6 2 6
673 10 3 2 10 9 3 5 7 9 10 2 6 6 9 7 3 2 9 7 2
592 10 5 2 1 10 2 3 4 3 4 8 1 8 3 5 4 2 5 10 7
618 6 6 2 4 10 3 1 4 10 5 5 8 2 5 1 4 10 10 6 9
662 2 2 10 7 3 6 10 4 9 3 5 8 5 8 5 7 10 4 6 9
579 5 1 10 6 4 3 1 4 5 5 9 9 1 3 1 6 1 6 1 10
688 7 5 7 9 5 4 9 6 5 5 8 7 2 7 2 1 4 7 6 8
649 5 5 7 9 8 1 10 5 9 1 4 1 5 7 10 6 5 6 1 9
548 6 4 4 5 1 6 2 2 3 3 2 1 3 6 10 9 10 7 3 3
595 10 5 2 7 1 3 2 6 1 8 3 9 6 4 2 10 1 7 8 2
20
896 10 9 10 8 8 8 10 10 8 9 8 3 10 8 1 7 1 9 8 5
617 2 5 5 7 9 1 10 10 8 8 6 8 9 3 2 7 4 3 1 2
510 5 3 10 6 2 8 4 5 1 1 2 4 7 3 4 6 10 2 1 6
717 1 4 3 6 3 10 10 8 8 2 4 2 5 1 9 9 10 10 9 10
823 10 4 1 10 10 2 6 9 1 9 6 9 7 9 9 5 10 8 3 6
719 8 7 2 2 10 1 9 5 9 4 10 7 10 2 5 10 5 10 7 2
699 4 7 3 4 10 5 1 9 3 6 6 1 1 8 10 5 9 9 3 10
848 10 6 4 8 7 4 8 1 3 9 10 6 7 4 10 10 9 2 9 9
737 7 7 10 6 6 7 1 8 9 3 9 9 3 2 7 8 8 1 7 8
586 3 9 6 7 5 1 7 2 7 2 1 9 4 9 8 6 5 8 2 6
697 7 4 2 8 7 10 9 7 2 9 2 6 2 10 10 4 2 2 10 7
703 9 7 8 10 9 2 1 8 7 7 2 6 3 4 4 4 5 9 9 8
745 5 4 10 9 7 2 9 3 8 4 10 10 7 3 6 9 9 7 4 1
732 7 6 10 6 9 6 5 9 7 10 2 5 2 9 9 6 6 9 10 1
606 6 1 8 2 1 7 1 8 4 3 10 10 1 2 9 3 3 7 4 9
473 2 5 2 1 3 1 7 4 1 2 2 7 1 7 2 7 6 7 6 6
643 9 8 4 4 7 7 7 3 9 1 1 2 2 7 1 9 7 4 5 8
657 3 1 10 10 7 4 4 8 9 4 9 7 5 3 8 7 8 7 8 2
550 3 8 6 3 6 4 1 2 3 9 1 1 5 9 7 9 1 8 3 4
674 2 7 6 6 6 8 6 2 8 10 7 5 9 5 10 10 7 2 6 3
20
565 5 4 5 10 1 7 9 8 8 2 1 4 8 2 10 9 8 1 6 2
532 7 6 2 5 1 7 6 3 9 9 1 3 4 1 6 8 4 5 4 4
782 10 1 8 7 10 9 10 5 10 10 1 4 3 7 9 5 1 6 3 10
616 1 7 9 1 5 6 4 3 9 5 4 10 3 9 7 4 2 8 4 9
575 5 9 6 1 9 7 3 6 2 5 5 10 2 6 6 5 1 1 1 10
794 10 10 6 1 10 5 10 8 1 5 6 10 8 10 7 2 3 6 6 8
787 9 10 10 5 2 10 6 4 2 4 8 6 8 5 1 8 5 9 7 9
657 4 1 8 9 5 7 10 10 4 2 10 1 1 1 4 7 3 6 2 5
681 10 2 4 2 6 6 1 6 6 9 1 8 7 4 4 6 7 9 3 10
507 1 4 8 5 6 4 7 6 9 6 4 3 10 5 3 4 4 4 2 4
684 9 1 7 2 10 6 2 6 9 10 9 3 3 8 5 7 2 1 4 7
499 4 2 4 5 7 4 5 4 2 5 2 1 3 7 7 2 8 5 4 9
462 5 1 10 1 2 8 1 3 2 4 9 2 10 2 1 2 1 10 2 2
465 5 3 5 6 8 3 3 3 4 1 5 1 4 3 8 5 2 2 4 1
699 1 10 4 4 7 8 9 1 7 1 8 6 10 10 6 9 9 6 1 4
650 9 6 6 5 6 10 2 6 4 6 4 7 5 7 3 3 1 10 6 2
619 8 9 3 1 4 10 6 5 9 4 3 6 2 4 6 8 10 4 1 1
713 5 7 1 10 3 10 9 10 8 8 9 8 6 4 3 1 10 9 9 1
606 9 10 4 8 9 7 5 1 1 2 5 1 4 6 2 8 2 2 8 4
575 2 1 3 7 8 2 10 7 4 6 5 2 1 1 9 1 6 9 2 7
20
684 9 7 8 7 9 7 8 10 5 7 6 10 3 2 1 1 1 6 8 2
528 4 7 7 5 1 5 4 9 2 1 1 10 4 5 4 2 9 7 3 10
588 10 3 5 9 1 7 4 5 1 8 1 3 9 5 9 7 5 4 3 1
706 10 7 6 6 9 1 7 8 9 8 3 5 1 4 3 6 9 9 7 4
605 6 10 2 5 4 3 5 5 1 5 1 4 6 5 4 10 5 7 9 8
573 7 4 1 10 9 6 5 6 4 6 5 6 1 8 6 3 5 1 6 1
745 7 7 4 9 9 1 1 8 7 9 10 9 7 7 9 8 5 8 6 1
828 9 6 7 1 9 10 9 6 9 9 9 4 4 8 10 1 10 9 5 7
585 10 1 8 8 6 7 7 10 6 1 3 8 2 3 2 2 1 10 7 2
546 1 10 6 3 5 1 4 5 9 3 2 4 10 7 7 2 1 8 8 9
570 4 9 4 8 9 3 2 7 6 2 3 4 3 5 4 7 1 8 4 10
534 7 1 9 8 3 1 3 6 3 10 6 4 8 3 5 4 1 5 3 5
661 6 6 3 8 3 4 6 5 4 3 6 10 3 6 3 10 8 5 1 5
490 4 6 8 9 3 5 3 3 7 7 1 8 1 6 5 1 4 6 7 2
662 2 2 7 4 7 2 2 6 8 8 10 5 4 6 6 7 1 7 8 6
724 9 4 9 10 8 4 5 3 6 7 5 3 6 3 6 10 3 8 6 9
741 10 6 4 3 3 3 4 3 6 9 4 4 6 7 2 8 10 9 8 8
564 5 9 3 7 9 4 1 6 4 2 1 1 4 8 3 5 9 8 1 6
497 7 3 2 1 7 10 2 3 1 5 3 6 3 2 7 3 6 3 10 1
735 7 5 8 2 8 7 8 10 10 1 7 7 9 4 10 8 2 9 9 3
20
738 10 6 8 8 7 10 7 9 6 8 1 2 7 10 2 5 6 3 5 10
613 6 6 2 7 8 6 5 7 10 4 5 4 6 8 9 2 6 5 8 2
771 9 10 6 1 9 9 9 5 8 4 4 10 3 2 5 7 9 6 9 5
663 4 5 3 5 7 9 4 8 2 7 6 9 9 3 10 6 3 5 1 5
677 4 8 8 5 7 8 4 2 9 3 10 6 6 9 3 8 2 6 2 4
588 1 8 1 3 5 5 8 8 9 10 6 10 3 3 3 3 6 8 1 1
546 9 7 7 1 1 2 9 10 6 10 3 5 1 3 7 1 6 2 4 1
603 6 8 8 8 2 8 3 7 6 1 3 2 3 10 4 5 6 6 4 4
739 7 5 3 8 9 6 5 4 4 8 2 6 7 10 10 3 10 9 9 7
549 1 9 6 6 5 4 7 10 5 4 1 3 2 10 2 4 5 8 2 5
573 4 1 3 4 6 8 1 1 9 4 7 4 6 2 7 10 8 5 9 1
667 4 10 2 8 7 5 10 4 7 4 8 6 5 7 5 4 4 4 7 3
624 2 1 10 4 8 8 2 7 1 10 9 2 6 7 5 1 5 6 10 4
642 2 4 1 6 7 9 2 7 8 2 6 7 1 10 8 4 7 9 5 2
693 3 5 2 8 10 8 1 9 3 9 7 8 6 4 8 7 4 1 5 8
518 6 10 1 9 3 1 1 1 8 9 5 1 6 9 6 1 5 5 8 2
650 5 4 4 7 8 5 5 7 3 4 4 6 1 5 2 5 9 10 8 2
498 4 10 2 1 5 4 5 2 3 9 6 9 2 3 3 3 1 1 6 3
519 3 6 3 7 4 3 5 9 9 9 3 2 7 1 7 6 10 3 3 2
621 3 6 3 8 2 1 4 3 1 9 4 2 9 8 5 4 7 9 9 8
20
500 2 6 3 1 8 4 4 1 2 2 8 1 2 3 2 2 4 10 8 4
594 5 9 7 10 2 2 9 3 6 3 2 2 4 8 6 4 9 2 7 8
711 4 3 5 6 10 8 4 8 1 7 7 7 6 8 1 9 10 3 3 6
590 8 2 3 4 8 5 6 3 1 6 7 8 2 5 10 7 2 1 1 1
685 6 1 3 5 5 10 1 8 7 5 9 6 6 6 8 5 3 9 2 8
584 3 6 2 2 7 6 3 7 6 2 9 2 7 6 9 4 8 7 3 7
621 4 7 9 6 9 5 9 5 1 8 2 8 7 6 4 1 1 7 10 8
667 1 5 8 5 6 10 7 9 7 1 5 9 8 5 7 6 8 9 5 8
440 1 2 4 6 10 3 6 6 9 1 4 7 1 2 1 1 7 9 1 2
605 5 1 4 5 7 4 10 2 7 7 6 6 2 1 6 3 9 10 6 3
677 10 10 1 7 1 3 10 9 4 1 4 6 3 5 7 4 6 10 9 5
589 2 9 8 9 2 7 5 4 6 9 6 7 4 7 3 3 8 1 9 2
650 7 1 7 5 4 8 2 7 6 9 2 1 6 8 6 2 8 5 10 9
644 5 7 1 8 4 5 6 2 6 8 7 3 7 5 8 8 2 5 9 1
713 7 5 5 1 10 3 10 5 9 7 1 4 5 8 1 10 7 7 8 3
562 6 4 1 5 1 8 1 4 5 4 1 3 6 8 9 6 8 4 10 9
491 1 7 8 7 3 4 7 6 1 2 4 7 7 1 3 3 4 8 8 1
534 1 2 2 3 2 3 4 1 9 5 7 8 10 3 10 7 6 9 1 5
556 3 4 7 4 6 3 9 2 6 2 4 9 2 4 10 2 5 9 6 3
614 6 2 2 4 5 5 9 8 3 9 3 10 2 8 6 1 9 2 9 5
20
651 3 2 7 5 8 7 3 6 8 6 10 3 9 9 7 2 7 7 1 2
718 8 2 6 2 8 2 9 5 8 10 5 2 8 7 9 3 9 8 10 10
840 10 3 2 4 9 5 8 9 3 7 9 9 7 8 2 7 2 8 10 7
584 2 3 1 8 2 9 9 8 3 7 3 6 7 6 2 6 1 5 2 9
703 6 7 5 9 9 6 2 5 6 10 6 6 2 10 3 2 4 9 1 5
816 10 9 10 6 5 9 5 8 1 5 5 8 2 5 9 9 9 10 4 4
658 7 10 9 1 4 3 7 9 10 5 2 9 5 2 3 10 5 2 2 10
509 2 4 9 5 1 6 4 9 5 5 4 5 4 4 1 3 1 7 9 6
778 8 10 10 7 1 4 4 7 8 9 7 2 10 10 10 8 10 6 9 4
667 10 4 3 10 7 10 5 7 4 3 5 4 6 4 9 6 1 1 2 9
537 5 6 10 9 2 3 7 2 8 7 1 1 9 5 9 1 5 8 9 3
543 3 1 9 8 6 1 10 3 3 1 10 3 6 2 1 8 5 3 8 2
735 7 7 8 3 10 6 10 10 10 4 8 4 7 7 3 4 8 1 9 7
708 1 2 9 4 10 5 8 5 9 8 5 3 8 8 6 5 6 10 7 10
674 5 5 6 6 1 10 8 5 6 6 5 10 6 6 9 8 6 2 10 4
624 1 8 5 8 4 8 5 10 8 4 8 5 3 1 9 5 5 1 5 9
499 4 8 4 7 3 5 8 3 4 8 8 8 5 6 1 2 1 1 1 1
537 4 4 5 8 10 2 10 10 4 2 1 1 2 7 8 3 10 4 3 3
569 3 5 10 3 4 4 1 2 3 8 7 7 1 7 7 1 5 6 7 8
567 3 8 4 3 1 6 2 5 8 7 2 8 3 9 8 4 7 3 7 4
20
801 5 7 7 10 4 5 5 1 7 9 10 7 10 5 2 8 10 7 8 10
576 8 1 3 3 3 5 1 8 4 8 6 1 1 6 7 7 3 10 1 1
689 2 7 10 6 9 9 4 7 10 6 6 9 3 9 5 1 9 2 3 10
724 6 9 6 7 3 9 1 8 2 8 5 8 7 4 10 5 5 10 7 6
765 7 7 3 5 1 6 6 9 4 10 10 3 2 10 5 8 1 8 10 3
642 6 3 9 9 3 9 1 5 3 6 4 6 10 4 3 2 6 7 7 9
600 9 10 9 2 10 10 5 1 2 5 5 3 2 5 7 1 10 2 3 4
545 6 1 1 3 7 1 4 7 1 6 8 8 2 4 8 4 3 2 5 3
620 4 6 10 7 5 10 7 9 5 1 6 3 5 8 10 1 4 2 9 4
671 5 4 7 5 2 6 3 9 2 10 4 8 10 9 9 9 3 5 7 1
581 6 2 8 3 6 1 9 9 7 9 5 1 9 2 7 5 2 2 1 6
713 5 1 10 8 7 6 10 1 8 6 6 8 6 7 9 6 7 5 2 3
679 7 9 6 3 1 6 4 7 7 10 9 3 5 1 7 10 2 2 10 6
570 6 10 7 3 6 4 10 4 1 3 7 7 2 4 4 1 4 7 4 3
654 5 10 9 4 2 10 1 2 5 7 5 8 3 10 5 7 4 7 7 4
553 3 1 6 5 2 7 3 1 10 5 4 8 4 10 5 6 3 4 3 9
585 10 10 3 6 9 8 6 3 9 6 2 6 7 1 8 2 2 1 3 7
699 8 2 9 4 1 4 9 8 5 3 6 8 7 8 1 1 8 6 10 10
607 5 5 9 9 6 3 10 8 1 3 4 4 5 4 7 5 1 5 9 4
500 2 3 10 2 2 2 7 10 2 3 2 7 7 1 3 6 1 7 8 8
20
670 5 10 4 4 5 8 4 10 2 7 4 6 7 4 3 4 9 9 8 2
720 5 10 9 1 10 8 8 2 8 4 10 8 1 8 6 2 1 10 8 2
729 9 10 1 3 6 10 5 9 2 3 5 4 7 9 8 3 8 4 10 10
685 5 6 5 1 5 4 9 6 1 7 9 8 3 10 6 1 10 2 7 6
567 9 7 5 1 10 9 7 7 4 5 1 3 5 6 7 2 2 3 2 2
670 8 4 2 7 4 7 3 9 10 4 9 7 2 9 8 1 2 2 8 8
657 5 5 9 10 10 10 10 2 1 3 5 4 3 1 4 5 9 1 7 10
601 2 6 5 1 4 10 10 7 4 10 5 1 7 1 9 4 6 7 5 6
688 8 7 7 4 2 2 9 10 7 10 8 1 5 2 10 4 10 4 7 2
653 7 7 6 9 7 6 8 1 5 1 10 1 6 3 10 9 8 1 1 9
648 8 3 6 3 10 4 2 10 1 10 5 7 7 1 4 3 4 10 1 4
740 8 10 7 10 2 9 8 6 8 6 4 4 5 10 2 3 9 2 8 10
740 7 9 6 5 3 10 2 9 2 4 6 4 1 7 9 9 9 5 10 3
705 10 5 1 8 7 6 2 10 1 8 6 5 6 1 8 5 6 10 9 4
615 7 6 9 4 1 4 4 9 9 2 2 1 9 10 9 8 10 3 2 4
632 5 7 2 5 1 5 4 8 8 6 10 8 4 10 7 5 1 6 3 3
794 10 2 6 6 6 10 2 9 10 8 9 10 3 5 1 8 7 5 5 3
875 8 8 7 10 8 8 10 4 2 10 6 10 1 10 2 10 5 1 8 8
788 8 9 4 10 8 10 9 3 4 2 5 5 6 9 6 10 10 10 2 2
587 2 6 7 5 5 4 5 8 2 5 1 3 5 5 1 10 1 8 5 8
20
580 1 8 2 6 1 6 7 3 1 8 4 6 9 9 1 3 2 9 4 9
560 6 10 4 3 2 4 2 1 10 3 7 8 3 2 9 5 2 5 3 6
501 5 4 6 4 7 6 6 3 7 5 3 5 6 2 1 4 9 1 5 2
580 1 5 7 8 6 3 10 3 3 8 3 2 8 9 3 1 8 6 9 3
650 7 4 4 3 9 1 2 5 4 8 8 9 9 6 8 3 1 5 7 9
660 9 10 7 8 3 5 7 1 4 4 6 8 4 9 1 3 2 9 8 2
613 9 2 8 6 3 4 8 6 9 2 5 8 1 6 3 4 1 1 6 8
625 2 4 3 4 7 9 5 3 5 8 3 10 2 5 10 4 5 3 9 10
747 4 7 4 4 5 10 2 5 8 8 9 7 7 9 9 9 3 6 4 8
663 8 3 8 2 9 3 10 1 10 4 8 4 5 2 10 4 3 3 4 9
610 3 8 10 7 4 1 4 2 4 1 6 4 10 8 10 6 8 8 10 2
600 7 5 8 4 5 10 8 2 4 5 3 2 9 5 7 4 3 6 4 8
684 6 8 2 7 8 1 8 7 9 8 9 4 5 9 2 5 4 3 2 5
661 3 4 3 7 8 2 9 3 7 2 8 5 4 3 9 9 4 10 8 3
577 4 4 1 2 4 7 7 10 10 4 3 1 1 6 3 7 9 2 9 6
630 6 7 6 9 3 10 1 5 1 7 2 1 1 7 2 7 6 4 6 10
577 2 9 1 9 5 7 8 6 9 1 10 2 3 1 6 7 10 1 4 3
634 6 2 8 1 8 7 9 6 6 7 2 8 3 4 10 4 7 5 6 4
602 4 2 10 7 5 8 5 9 6 2 9 8 1 1 8 2 7 3 2 6
726 7 2 6 7 4 6 5 3 9 8 5 4 6 9 3 6 4 8 9 10
20
741 7 7 10 8 5 5 8 3 9 9 3 5 4 10 3 2 8 7 10 9
643 4 9 1 4 8 2 3 10 9 9 3 10 5 6 7 4 4 6 10 9
694 9 1 3 6 1 9 1 8 3 6 6 8 7 8 3 5 5 9 10 6
683 8 6 1 5 5 9 9 1 9 5 5 7 7 7 5 3 3 4 10 10
746 1 7 5 9 2 10 7 9 8 2 7 5 10 7 9 8 4 7 10 8
617 7 8 2 10 4 5 5 2 9 7 6 6 9 3 7 6 6 2 5 2
514 8 1 8 5 4 2 4 6 8 10 2 2 4 6 5 4 1 7 3 2
595 5 5 8 9 6 2 7 8 8 8 2 1 7 3 7 9 10 3 4 1
822 8 6 6 7 7 7 4 10 10 6 5 6 1 6 8 10 2 10 5 9
817 2 8 1 7 7 8 8 10 5 10 10 3 1 7 6 8 5 10 10 4
684 10 2 5 2 8 5 10 8 6 7 9 3 5 5 8 2 3 9 4 3
643 8 2 6 7 3 5 4 7 8 9 9 2 5 2 6 2 1 4 9 10
565 1 1 3 10 4 4 5 8 4 9 1 3 5 8 6 3 9 3 5 9
614 5 3 9 7 2 5 3 5 5 6 2 5 9 9 10 9 1 7 1 8
700 10 4 3 3 5 2 7 8 6 6 10 4 1 8 3 8 2 5 2 9
605 10 1 1 10 3 1 7 4 9 1 8 8 2 10 4 2 8 1 7 1
790 10 4 7 3 6 7 7 4 5 6 9 7 10 6 6 9 7 2 2 9
636 7 8 6 9 3 5 2 7 1 3 8 3 2 2 6 7 5 2 3 10
857 10 7 5 6 9 7 6 7 10 10 7 9 3 2 5 10 5 9 10 3
436 7 4 4 5 2 2 5 1 4 7 2 6 2 1 10 3 7 2 5 1
20
652 5 6 10 10 1 5 6 2 5 3 5 4 8 6 6 9 9 6 5 6
554 2 6 2 5 3 4 10 1 2 9 5 6 6 6 10 1 6 7 2 6
551 6 10 6 3 5 3 3 6 6 8 6 10 2 7 4 2 6 1 2 1
532 2 2 5 3 8 2 10 5 7 2 5 9 6 4 5 3 3 3 5 10
714 9 8 10 4 6 8 8 10 9 2 10 6 9 2 1 7 4 1 8 3
648 5 10 7 6 5 4 4 5 2 4 10 4 7 8 4 7 2 9 2 4
539 3 3 2 10 5 2 1 9 2 3 8 2 10 4 10 1 8 2 6 10
753 10 9 9 2 10 5 4 4 3 3 7 3 7 6 7 8 3 10 10 8
577 2 5 10 4 4 6 9 9 8 2 1 5 5 4 4 3 7 7 7 4
579 9 2 3 10 5 5 4 2 6 3 2 5 10 7 3 4 5 8 3 1
723 8 2 5 3 9 7 5 10 9 3 9 2 8 10 2 2 10 2 7 10
690 5 7 10 4 6 8 5 9 5 6 1 10 7 6 9 9 4 8 3 6
592 1 2 6 9 8 5 5 2 6 3 8 7 6 6 8 2 6 8 2 6
621 8 8 2 9 9 7 1 2 2 7 10 6 1 10 7 4 2 1 1 4
660 4 4 3 4 5 8 8 4 6 9 9 9 4 10 3 5 4 1 6 4
553 5 10 6 4 9 1 2 8 10 2 7 9 5 8 4 3 1 1 5 5
645 6 5 9 4 1 6 7 7 9 1 10 4 5 7 4 7 1 5 4 9
685 5 8 1 10 10 1 6 8 9 8 7 8 6 4 6 1 5 6 9 6
783 9 4 7 5 10 9 5 8 9 8 5 4 2 10 5 4 9 6 4 6
543 2 5 6 7 6 1 2 2 1 2 4 8 2 10 8 8 2 7 5 6
20
633 7 3 1 10 8 2 5 4 8 6 4 5 6 1 7 8 8 3 10 10
566 10 1 10 10 1 9 3 6 1 7 6 2 10 10 3 2 5 1 1 3
755 5 6 8 10 7 7 8 10 6 6 8 5 3 9 9 4 3 7 6 3
476 2 4 10 9 1 4 1 5 3 4 8 6 2 3 5 2 9 1 3 5
615 3 5 6 4 4 4 9 8 8 6 2 6 10 4 9 8 1 7 3 2
724 4 9 10 3 7 5 9 6 8 9 7 8 6 10 2 9 2 4 5 3
663 7 7 7 3 10 7 10 2 2 2 6 8 10 8 9 1 1 1 10 7
639 8 3 2 2 2 9 9 4 7 1 6 4 5 10 9 5 6 3 6 8
652 8 9 8 5 1 9 3 7 1 2 7 8 3 1 7 6 5 6 4 6
456 1 9 6 1 10 2 3 2 8 5 3 6 6 7 1 2 3 10 1 2
547 8 2 4 10 5 1 7 5 9 3 1 4 2 1 5 5 2 9 6 5
518 3 3 3 5 1 8 2 7 2 4 4 8 6 4 5 7 2 1 3 6
684 3 3 6 8 9 3 9 6 4 8 6 3 6 2 4 10 8 5 8 4
582 10 7 3 1 6 4 7 4 5 2 9 1 6 6 7 2 2 10 7 1
640 5 7 1 7 3 4 9 8 7 2 5 8 8 8 5 9 2 2 7 3
611 1 6 7 3 2 5 9 1 5 7 6 2 2 10 6 6 7 2 5 6
584 2 4 9 8 5 7 7 2 1 3 9 2 7 7 9 4 6 5 2 7
704 9 8 4 2 6 6 5 10 3 6 8 3 7 1 8 8 6 3 4 7
675 8 9 3 10 3 1 4 7 7 2 8 7 1 9 1 8 1 1 2 10
612 7 10 6 8 8 1 10 4 7 2 1 6 1 1 7 10 5 4 1 10
20
621 8 2 8 6 5 2 9 5 7 8 9 9 8 4 3 1 7 4 9 1
599 6 9 9 4 1 7 1 2 4 4 7 6 3 3 10 9 6 3 2 8
603 1 6 9 4 3 4 6 3 8 4 9 5 8 6 10 8 4 6 10 2
567 7 3 4 10 6 9 1 5 3 7 3 1 10 1 10 5 2 5 5 4
625 7 3 3 3 6 2 6 1 3 10 9 3 9 4 9 10 4 3 10 1
767 8 5 1 3 4 8 4 2 8 5 8 5 2 9 4 9 9 7 10 8
563 1 5 4 3 8 5 8 3 4 2 6 2 5 5 8 7 10 2 8 1
581 8 2 8 2 4 7 7 7 7 2 4 4 10 1 1 5 10 5 7 5
711 5 10 7 8 1 8 2 4 1 4 7 6 8 7 8 6 10 5 4 10
694 2 9 6 2 5 10 1 6 9 9 7 9 1 6 3 6 5 10 6 4
681 5 9 7 6 6 4 6 2 9 5 10 3 2 10 3 10 5 5 6 1
580 3 5 2 3 1 6 6 5 10 3 10 3 1 3 2 5 1 5 10 6
558 5 7 3 10 7 1 5 1 8 9 10 5 2 3 2 4 1 2 2 6
606 3 1 8 1 6 7 1 2 4 4 7 3 7 7 7 9 5 10 1 3
671 10 10 6 9 4 2 9 7 3 2 5 8 10 6 9 2 2 5 8 3
707 2 10 3 5 7 7 5 7 5 6 9 8 10 5 6 6 9 7 4 3
680 5 4 3 4 3 7 9 3 7 5 3 8 1 9 10 8 5 5 5 8
565 4 6 3 7 4 4 6 8 1 2 2 1 2 9 7 3 7 2 6 10
557 8 10 1 1 4 3 4 1 5 7 3 7 9 6 10 5 4 7 1 4
578 1 2 3 1 6 7 10 2 7 4 7 6 6 5 2 6 2 5 2 8
20
702 10 6 5 5 6 5 2 4 6 8 10 2 6 3 3 10 7 9 4 2
613 3 10 1 3 6 5 2 6 5 5 7 7 4 8 6 5 10 1 8 6
724 9 7 1 2 1 7 4 4 6 4 9 7 8 10 6 5 5 9 10 6
690 8 9 9 8 9 1 7 10 10 6 2 10 3 4 4 9 6 2 9 4
621 8 2 8 2 7 6 4 9 1 3 4 5 7 1 10 8 8 5 2 10
667 6 2 2 6 1 4 5 2 9 10 3 10 7 5 5 6 8 4 9 10
621 6 9 1 9 7 3 2 5 10 10 3 2 4 7 5 5 8 7 6 7
603 3 5 1 9 4 1 2 8 2 4 4 2 7 10 5 9 2 9 4 8
605 5 8 2 4 1 1 7 4 7 10 4 4 7 3 6 4 10 10 10 5
655 10 1 7 7 3 6 2 4 5 5 4 7 4 3 2 7 8 9 6 6
698 4 8 10 10 4 10 3 9 3 5 5 6 2 4 10 10 10 7 3 5
585 9 2 10 3 3 2 1 7 5 3 10 4 9 3 2 9 8 3 1 3
604 10 7 9 2 5 1 2 1 7 3 8 5 2 2 7 3 5 8 5 7
552 1 8 6 5 8 1 4 8 9 4 1 6 10 4 9 7 2 7 3 9
610 5 10 7 2 9 3 6 6 3 5 7 4 3 3 3 8 1 7 3 2
655 5 3 2 1 7 5 5 8 7 10 6 5 10 2 1 9 5 1 3 9
617 7 8 2 2 1 6 9 8 10 10 1 8 8 2 10 4 7 2 6 2
594 8 10 1 8 9 3 2 6 3 4 2 3 6 3 6 2 10 9 6 3
704 4 8 10 5 8 9 9 2 1 3 6 6 6 7 10 3 8 4 10 8
618 1 2 6 9 1 10 5 6 7 10 10 2 8 6 1 2 1 4 8 6
20
666 2 2 9 9 4 7 4 9 4 1 6 7 1 9 1 9 3 7 10 5
572 2 5 10 5 7 2 6 6 7 1 5 9 9 5 10 6 9 1 7 1
573 10 10 3 6 2 7 1 6 6 9 1 1 6 9 9 2 3 4 7 3
645 4 7 4 6 6 8 9 10 7 3 10 5 6 7 5 2 3 1 2 9
683 2 2 4 1 8 10 7 5 4 4 7 8 9 10 8 1 9 8 8 5
577 2 6 7 10 3 2 2 8 2 7 5 3 8 7 5 4 10 4 10 2
731 9 4 7 3 9 6 1 9 6 9 6 6 10 5 2 5 4 7 9 9
720 10 4 3 5 1 7 7 7 9 8 6 8 5 8 3 6 1 7 2 8
696 8 2 8 9 3 2 6 9 5 2 8 9 2 3 7 6 7 10 3 7
606 5 10 10 7 3 2 5 4 7 9 1 4 7 10 2 1 7 7 7 3
596 9 3 3 7 4 10 4 5 3 3 7 7 6 10 8 1 4 2 1 2
670 8 8 6 2 3 3 8 10 4 6 3 4 5 4 8 6 7 5 3 8
665 10 3 9 4 2 10 8 6 6 9 1 10 2 4 8 9 1 5 2 3
665 6 3 5 9 9 2 6 5 4 7 8 2 2 9 3 2 4 7 5 7
662 9 1 10 4 7 5 7 4 7 5 2 9 5 5 3 8 8 5 5 2
719 7 3 9 1 8 2 10 10 6 1 8 9 4 9 5 7 9 5 9 2
527 6 4 5 8 10 1 3 4 6 5 5 7 1 1 4 1 1 10 9 1
755 8 8 5 9 4 10 10 3 7 5 9 7 5 8 2 1 8 9 2 9
579 4 2 3 8 1 10 8 5 7 2 8 6 9 1 4 6 9 5 9 1
594 3 3 3 3 4 10 1 6 4 4 6 2 9 10 6 7 3 10 3 6
20
759 8 2 7 6 4 10 3 6 8 3 7 7 3 10 7 7 6 8 4 6
625 8 4 8 3 9 2 8 3 5 5 2 6 5 6 6 8 9 1 2 9
610 6 2 4 5 6 1 10 3 10 2 7 5 3 7 8 1 1 7 5 10
640 6 7 10 3 5 10 3 1 1 6 5 6 7 9 2 7 3 1 1 10
735 5 10 1 6 5 9 10 5 1 9 6 9 7 10 4 10 3 10 1 1
755 5 7 8 5 9 7 10 7 6 9 6 5 9 4 7 10 2 6 1 7
761 8 3 5 4 7 4 4 5 4 10 5 3 1 9 5 9 7 10 4 8
623 1 3 7 3 2 6 7 8 6 9 1 8 1 5 10 7 9 6 6 7
516 6 8 5 4 2 1 2 9 2 9 10 2 3 4 4 1 7 2 1 7
698 8 8 5 8 2 1 6 7 7 4 6 10 1 8 3 7 5 9 3 8
611 5 4 7 6 8 7 1 1 9 9 9 9 6 4 1 6 2 3 5 5
545 3 1 8 4 6 7 6 6 4 2 3 7 1 9 2 2 4 2 8 6
584 7 3 4 1 2 4 9 8 6 7 1 9 6 2 2 8 4 7 2 3
607 5 6 9 6 6 5 3 5 9 6 5 10 1 3 8 7 5 2 4 3
759 6 1 5 5 3 9 10 3 9 7 7 8 7 7 7 4 6 10 10 5
625 2 1 10 5 5 4 1 5 2 4 10 8 6 3 5 4 6 10 8 9
686 10 8 10 1 9 3 5 5 8 9 1 8 10 7 1 6 7 2 10 8
665 9 8 3 4 8 4 8 10 2 1 6 8 4 8 7 3 10 4 6 4
667 5 2 6 9 5 7 10 8 3 9 2 3 1 8 2 8 5 6 4 6
758 6 2 9 3 9 3 7 4 5 10 10 1 9 10 10 2 9 9 4 9
20
698 9 2 5 1 7 3 7 2 7 10 5 9 10 6 6 4 8 4 8 7
540 2 6 5 3 9 5 6 10 2 8 2 1 10 4 1 5 5 4 10 1
715 4 5 8 8 8 1 10 8 4 8 10 3 5 2 6 3 2 7 6 9
554 1 10 8 5 1 3 3 5 5 1 10 2 9 5 3 10 7 4 5 6
600 3 9 10 3 1 7 3 7 4 4 6 6 2 10 2 6 5 8 7 1
680 8 9 8 10 9 2 2 3 3 1 7 5 6 10 6 6 7 8 4 6
695 6 2 7 3 5 4 1 10 4 9 7 3 9 2 4 9 4 9 6 8
594 8 7 3 4 3 7 2 3 5 1 6 2 1 8 5 2 5 10 1 8
602 7 4 5 8 7 4 10 1 4 3 5 5 10 2 3 5 3 4 5 9
584 10 8 3 2 7 1 6 1 7 8 2 4 10 5 8 6 1 5 8 4
572 8 4 1 1 4 8 7 5 1 3 5 6 7 1 8 2 9 7 3 6
618 7 6 4 10 10 10 1 3 5 7 2 2 10 9 3 4 8 4 4 4
555 9 2 4 1 6 6 5 5 2 1 8 4 3 3 2 8 4 5 2 1
549 5 5 9 4 2 2 8 9 1 4 3 3 10 3 1 8 10 4 2 2
507 6 5 3 4 4 4 7 4 6 2 3 9 8 5 6 2 4 1 4 7
651 2 3 6 6 2 9 7 4 3 3 10 6 5 9 1 10 10 5 1 1
656 3 10 4 7 9 2 5 1 7 4 5 5 6 8 4 8 4 4 8 9
664 6 1 9 8 2 3 3 3 9 5 8 5 1 5 1 8 10 7 10 3
714 8 3 6 2 9 7 2 8 5 1 10 9 8 8 1 10 4 5 6 1
954 7 8 4 7 5 6 7 6 10 10 10 10 9 10 7 10 9 9 9 7
20
684 6 5 9 10 1 4 5 5 6 7 9 4 5 8 8 6 4 6 3 2
686 8 5 5 5 2 2 4 10 4 7 1 10 9 8 3 9 6 5 4 7
727 6 10 9 2 8 7 7 4 6 5 7 3 8 2 5 5 9 7 9 10
760 10 2 3 7 8 6 10 6 10 3 1 9 7 8 9 7 10 9 5 1
678 2 9 3 8 5 7 7 2 7 8 7 6 1 9 3 3 6 5 10 9
575 3 4 5 1 10 6 2 8 10 7 6 5 3 5 4 8 6 1 2 2
655 10 10 4 3 2 2 9 5 8 7 6 10 3 6 1 6 3 1 3 3
597 5 9 8 2 5 4 5 8 5 5 1 2 2 7 2 10 6 2 8 6
566 3 3 3 8 8 8 2 7 7 1 10 3 3 10 3 1 7 2 7 5
847 7 5 4 10 6 7 8 3 8 5 8 9 3 9 6 8 5 10 7 10
629 2 8 5 9 5 7 6 6 6 6 6 5 5 2 9 3 7 6 7 8
725 6 3 7 7 5 5 7 3 2 5 5 6 7 9 4 9 9 4 6 10
674 8 8 4 9 3 4 2 10 5 6 5 4 5 8 4 5 2 2 10 8
522 3 8 6 5 6 1 4 1 4 1 7 1 9 8 3 1 9 1 9 8
632 4 4 8 1 3 4 9 8 8 10 2 7 7 3 8 2 6 6 10 5
724 9 2 5 7 8 8 7 7 4 7 8 10 7 9 1 4 7 5 8 1
633 5 5 8 10 4 6 9 1 4 3 10 5 8 5 1 3 8 10 2 4
676 3 10 3 7 2 1 4 5 8 9 6 8 8 7 3 10 3 6 8 3
778 10 6 8 4 10 8 7 10 4 2 6 5 7 7 2 8 9 9 1 8
629 6 2 7 2 8 7 2 3 9 4 8 7 3 7 6 1 9 9 5 8
20
657 2 6 10 10 10 2 7 5 2 7 9 10 2 8 4 6 2 1 2 4
627 2 10 7 10 6 6 7 8 4 1 10 3 3 2 5 5 2 6 1 5
782 6 7 8 2 10 6 7 9 10 9 10 6 5 9 7 5 2 7 2 2
632 4 10 10 6 10 1 3 9 7 4 5 9 4 7 4 2 5 10 8 4
629 4 10 3 10 5 5 8 7 1 2 8 1 1 8 4 3 1 1 8 10
575 1 8 4 8 2 3 6 10 6 4 4 6 10 10 6 7 1 4 1 3
666 1 7 10 7 4 3 4 1 1 4 9 1 8 10 10 5 8 8 4 9
640 7 2 3 8 2 3 7 9 5 4 6 5 9 8 3 2 8 9 4 5
572 4 2 10 1 8 4 10 9 8 4 3 1 1 6 10 4 6 1 6 5
743 9 3 9 4 8 8 2 2 8 8 5 8 5 9 5 9 7 4 8 9
544 2 10 7 3 7 5 5 3 2 6 9 3 10 5 9 3 8 1 6 2
591 4 4 9 5 3 1 3 2 3 9 8 5 5 7 2 6 5 6 2 5
665 4 3 3 10 1 9 10 7 4 2 6 6 6 8 4 9 2 4 4 9
547 1 5 3 10 2 9 9 9 10 3 8 1 8 3 10 2 5 3 3 3
585 7 4 2 5 1 4 9 9 2 9 6 3 2 3 3 4 1 4 8 5
530 6 3 5 1 7 2 8 8 2 8 1 2 3 6 4 2 4 3 7 9
619 2 4 8 4 5 3 10 2 2 2 1 5 2 8 7 10 4 9 4 9
589 6 5 1 7 9 5 4 7 7 8 9 6 8 1 10 1 4 2 2 8
523 2 9 5 10 1 6 7 5 2 2 9 1 9 2 3 2 2 9 9 2
716 5 9 5 10 4 6 7 3 1 8 4 3 8 8 6 8 7 7 9 4
20
659 3 5 5 4 9 9 9 2 2 1 4 3 1 4 5 7 10 9 9 5
654 3 3 3 4 6 3 2 10 9 1 7 10 5 10 10 5 8 7 9 2
616 4 4 9 8 7 6 7 6 9 2 6 6 5 2 7 9 5 7 4 1
557 4 8 6 5 3 3 3 10 4 1 6 7 3 2 8 6 10 4 5 2
633 3 9 7 9 2 7 2 1 4 6 5 8 8 2 2 7 6 6 8 10
615 9 3 3 8 1 8 1 10 9 6 8 1 3 4 6 1 5 3 6 8
756 8 7 1 8 5 10 8 1 5 6 5 6 9 4 5 8 6 8 9 8
697 8 5 6 3 6 3 9 5 2 8 8 9 1 2 8 2 5 6 10 5
608 5 3 4 5 3 10 10 6 9 10 7 3 9 1 3 7 1 3 5 3
578 1 3 4 4 1 9 5 7 6 10 4 5 10 2 8 2 10 9 9 3
580 1 3 8 9 5 8 1 1 6 6 7 6 9 6 6 8 5 1 10 5
768 8 10 7 3 8 8 10 8 7 5 6 8 9 7 5 6 1 4 7 8
571 7 10 7 6 3 9 7 6 2 2 1 9 5 8 5 4 10 1 2 4
456 6 10 1 1 3 3 1 10 6 1 1 7 10 1 1 3 9 8 2 6
696 3 5 10 5 5 6 2 8 3 9 6 7 9 8 5 5 9 7 3 5
755 9 3 9 9 5 7 5 4 2 5 7 8 4 2 2 9 6 10 9 10
634 7 10 4 1 7 5 2 1 7 2 2 4 8 8 6 9 4 10 9 10
730 10 1 4 1 3 8 9 6 8 5 1 6 10 10 1 5 7 7 10 8
679 1 6 3 7 5 6 9 10 1 4 10 7 4 10 10 1 4 3 9 7
713 3 6 8 9 7 4 10 4 5 7 9 7 1 7 4 9 5 2 8 3
20
684 6 8 7 10 1 3 1 3 5 9 5 6 9 7 6 4 8 10 5 7
640 4 3 4 5 9 7 7 7 9 10 5 10 9 4 10 3 5 4 1 6
517 6 1 2 1 3 5 5 4 7 1 2 3 3 6 4 9 3 4 8 5
719 9 8 1 8 3 10 9 3 7 2 6 1 5 10 8 7 2 2 1 10
452 2 7 3 1 3 3 1 9 7 3 4 3 8 2 6 5 5 4 4 2
592 10 5 5 5 4 6 7 8 3 4 3 1 4 1 4 2 10 8 9 6
618 7 7 10 1 5 2 2 5 4 8 2 3 9 7 1 7 9 6 8 9
613 10 5 2 10 4 1 10 8 6 7 1 6 1 4 6 3 2 8 1 6
804 10 8 6 7 2 7 4 10 7 8 5 8 7 2 10 5 10 9 6 8
598 8 9 5 5 9 1 4 10 8 6 6 2 1 6 6 5 1 3 8 3
545 9 3 6 3 3 3 1 5 9 4 8 6 3 4 3 2 10 8 4 3
651 2 7 8 2 2 6 2 6 9 6 5 10 8 5 8 9 9 7 8 3
693 6 2 4 8 8 3 10 10 9 3 3 4 6 9 1 3 6 6 8 8
623 3 8 8 6 8 8 1 7 9 6 3 8 9 4 9 5 9 10 4 3
732 4 4 8 10 4 6 9 8 3 3 3 8 1 6 9 9 3 8 9 7
807 10 7 4 3 3 9 9 10 3 10 9 5 10 9 10 1 7 9 4 9
630 4 3 9 4 10 2 4 9 8 10 3 7 9 8 4 7 10 1 2 3
554 4 9 2 1 2 6 2 3 2 8 7 5 2 4 10 4 1 4 6 10
543 4 4 1 2 8 1 5 7 1 6 7 4 9 3 9 5 10 4 7 2
630 6 7 7 1 3 2 9 9 2 2 6 6 4 2 10 8 4 8 5 1
20
600 3 6 8 6 9 4 6 6 3 9 4 4 2 6 6 2 10 5 5 6
434 4 4 4 2 2 5 2 2 6 5 1 6 2 1 6 5 4 3 2 9
578 5 10 10 4 2 2 2 9 10 5 6 4 4 3 10 1 6 3 5 7
630 10 7 2 4 3 9 7 8 9 2 4 9 7 4 6 6 4 1 5 5
566 1 2 10 10 4 3 1 6 6 8 8 4 3 2 3 5 5 10 3 1
437 2 2 8 1 2 9 4 1 7 4 2 3 2 5 6 2 5 5 5 7
789 8 10 5 8 10 8 3 6 10 9 9 2 8 4 4 8 8 3 10 10
580 8 7 9 5 4 4 6 8 9 1 2 7 6 1 2 8 9 4 1 8
493 2 4 7 5 2 10 1 3 8 1 8 5 5 1 4 6 5 7 4 3
535 1 6 4 1 4 9 2 5 4 6 6 5 10 5 7 2 8 1 3 8
607 3 2 7 6 1 3 8 9 7 3 6 1 8 10 2 2 6 8 5 9
632 8 6 3 1 5 6 6 6 9 10 6 2 9 4 8 2 7 5 5 9
717 9 4 7 1 2 3 7 5 4 7 3 9 8 10 7 7 8 7 8 2
650 2 4 4 5 3 10 5 10 5 3 4 5 10 8 10 10 4 2 1 7
693 1 4 7 10 7 1 2 9 6 6 9 10 7 10 10 5 1 2 8 8
564 2 6 9 10 7 1 4 2 2 5 8 5 2 1 10 9 3 3 4 6
662 5 7 4 5 7 2 10 1 4 6 9 10 9 2 2 3 9 4 10 9
702 3 1 10 1 6 10 4 5 9 10 7 6 9 10 2 3 7 7 8 10
713 9 4 1 5 6 10 6 5 10 7 1 2 2 6 8 10 1 7 3 7
550 6 1 6 5 3 4 5 8 3 1 2 6 8 6 7 3 1 4 5 9
20
782 10 7 10 7 10 3 7 7 5 4 7 2 2 10 8 6 4 9 3 7
769 9 8 4 3 4 10 10 9 7 9 8 9 4 2 2 9 7 8 2 1
620 3 1 2 4 6 1 7 6 8 6 2 9 8 4 7 10 2 8 1 6
569 1 9 7 6 7 3 8 7 1 5 2 5 6 6 8 2 8 2 5 7
691 4 4 2 8 5 5 8 7 10 10 9 3 2 2 8 9 5 5 2 1
583 6 6 6 8 3 1 3 8 7 7 2 9 3 3 4 9 1 5 2 5
712 8 3 5 1 9 4 8 7 1 9 6 1 8 7 7 9 4 5 7 4
709 7 10 9 9 7 7 3 2 7 10 3 4 2 7 2 2 6 10 5 9
639 10 2 5 5 5 7 8 6 1 6 10 3 3 7 10 1 3 1 5 5
632 9 8 9 10 8 3 5 3 3 6 1 4 4 2 9 9 8 2 6 8
763 10 4 2 10 2 7 7 10 8 5 8 5 5 8 5 5 8 8 2 10
679 7 9 9 7 8 6 6 10 2 1 5 7 1 7 10 8 6 6 5 1
571 6 10 9 4 4 8 3 3 2 5 5 3 1 2 10 6 4 4 5 4
588 4 8 3 5 6 5 9 4 10 6 3 3 2 4 4 2 1 3 9 9
603 6 7 2 5 3 1 4 10 3 9 5 2 4 4 3 9 7 7 7 4
677 9 9 1 1 10 8 3 9 2 6 2 8 6 8 6 1 8 8 5 10
615 6 5 8 8 4 5 5 8 10 2 6 2 4 1 5 5 5 10 5 2
572 4 4 2 10 9 3 6 4 7 5 1 1 7 7 3 10 1 7 1 3
615 9 8 5 2 7 2 6 4 8 10 3 5 2 10 8 6 2 3 8 1
616 6 10 8 2 3 9 9 1 10 7 2 5 5 4 10 3 2 4 6 6
20
747 3 6 6 9 10 6 8 8 6 6 8 10 10 4 3 8 3 4 9 8
623 6 3 4 4 3 10 9 2 10 3 9 2 3 8 3 6 3 1 4 4
660 9 1 4 1 10 8 1 4 9 6 1 7 10 8 5 2 10 10 7 4
751 10 10 1 6 4 3 7 9 4 4 5 1 2 6 3 9 8 10 8 5
644 9 10 8 8 10 2 10 7 8 6 4 2 4 5 9 7 5 1 1 3
546 5 3 3 4 1 7 2 10 7 9 2 2 1 6 2 8 6 2 2 6
533 1 6 8 4 1 1 4 6 1 1 2 9 2 9 8 9 7 7 10 3
596 5 1 9 1 3 3 5 5 9 2 5 5 8 6 4 8 10 5 8 2
638 3 10 7 2 4 10 9 7 5 10 4 3 7 6 2 7 1 1 8 2
579 6 8 3 2 6 6 6 9 3 1 3 4 1 8 6 8 4 4 1 4
669 3 3 7 9 10 10 7 9 3 2 3 8 1 1 10 3 10 5 7 7
613 3 9 9 8 5 3 3 6 3 9 4 10 4 8 4 6 6 1 4 6
553 5 2 6 2 1 8 8 9 10 7 1 1 1 6 1 1 10 2 8 8
622 9 8 10 8 8 2 4 10 2 9 3 5 1 5 8 1 2 3 4 4
814 10 3 4 10 3 1 7 10 1 2 10 9 5 9 5 9 8 7 10 10
716 8 9 6 10 9 10 3 4 9 9 3 1 6 10 7 5 8 2 5 6
608 5 5 7 5 2 1 5 8 9 7 8 2 3 7 10 8 3 3 3 6
662 3 2 1 2 6 10 2 9 9 10 2 4 6 6 5 5 4 9 9 8
603 7 8 2 6 2 6 6 3 5 5 5 5 2 3 4 6 2 9 7 1
717 4 9 5 9 1 3 7 10 2 9 6 5 5 6 10 5 3 7 7 10
20
656 8 10 3 8 7 8 5 2 6 2 3 4 5 9 8 10 1 6 2 5
643 4 9 4 1 2 8 5 6 5 10 3 5 9 9 10 6 9 10 4 1
807 10 10 2 6 9 8 3 8 2 7 10 5 9 9 3 9 6 3 6 8
662 9 3 6 1 7 8 2 6 7 6 5 8 8 7 6 6 3 6 6 4
680 4 8 9 10 8 5 1 9 7 5 5 4 5 9 7 7 6 5 3 5
734 1 4 5 10 7 8 4 9 6 3 10 8 6 5 2 9 5 5 9 6
642 6 3 6 4 6 9 10 4 6 7 2 6 3 9 6 4 2 7 1 4
638 1 6 10 3 3 6 9 5 2 7 6 1 5 5 9 6 5 9 7 3
735 10 2 1 4 8 7 7 4 10 4 7 8 4 5 3 2 10 7 10 7
686 2 8 2 9 6 3 7 9 10 10 9 6 3 3 10 6 7 7 4 3
691 9 7 6 10 3 1 10 4 7 6 9 2 7 6 7 7 3 9 3 3
432 2 8 10 6 3 2 2 1 8 5 1 6 1 6 2 9 1 1 5 2
613 4 8 5 5 3 9 5 9 5 7 10 1 3 1 3 3 3 4 8 3
646 6 4 9 10 5 3 5 7 3 3 6 5 3 3 1 7 6 9 3 8
465 2 1 1 8 8 9 6 2 6 5 2 1 2 7 2 4 6 5 1 3
560 3 1 1 8 2 7 1 9 5 10 7 8 7 4 1 3 6 8 7 1
661 8 1 2 8 8 5 6 9 3 4 4 1 4 5 10 5 9 2 7 8
622 7 6 3 4 9 6 3 9 7 6 3 9 8 4 6 7 3 3 4 2
555 2 9 8 9 5 9 10 3 4 10 1 8 2 1 8 2 5 2 10 4
542 8 1 10 5 9 10 4 3 10 1 2 6 1 5 7 4 6 2 4 4
20
710 5 8 6 8 8 5 3 5 5 5 9 5 5 10 2 9 5 8 3 7
523 5 4 4 10 4 6 5 1 1 10 3 1 10 5 7 3 3 7 2 2
499 5 5 4 2 7 1 2 2 7 4 2 8 9 2 5 2 7 2 7 9
630 7 10 3 8 10 3 6 2 7 5 3 3 7 8 1 9 5 1 10 4
581 4 7 9 2 2 8 3 3 4 7 10 9 2 6 6 6 2 1 1 6
502 2 5 8 1 5 3 4 5 9 7 8 8 8 5 6 2 3 4 1 2
619 2 5 10 5 6 7 5 10 1 5 4 2 8 7 1 6 5 5 10 3
637 2 5 5 10 5 7 9 1 3 5 9 10 2 3 1 1 7 9 5 6
700 9 1 9 9 9 9 4 3 2 4 6 6 9 7 4 7 10 9 1 2
643 8 10 9 10 9 6 2 3 8 7 1 7 8 1 3 3 9 5 5 6
684 7 3 8 7 10 9 9 8 8 5 3 6 7 1 2 4 1 8 7 8
604 5 7 5 1 3 7 1 1 6 9 4 8 9 2 2 10 6 1 8 10
602 8 7 3 4 2 1 2 1 9 6 6 2 5 6 3 8 5 9 7 7
572 2 4 3 4 4 7 6 5 4 2 7 4 5 4 3 3 6 8 10 5
474 6 6 4 5 1 6 1 9 5 4 1 7 1 8 10 1 8 4 5 1
833 6 10 8 6 3 6 5 7 4 9 10 9 6 10 9 5 4 10 3 8
837 8 10 6 10 4 8 6 6 4 9 10 10 9 1 1 9 10 4 10 9
618 9 2 4 5 1 4 9 1 10 8 7 3 6 8 2 3 8 4 8 5
668 9 4 10 5 8 3 4 7 7 7 2 5 9 8 9 8 2 4 3 1
652 1 3 7 4 7 5 3 4 4 1 6 9 6 5 10 9 5 8 8 7
20
804 9 7 9 6 4 10 5 5 4 3 9 4 9 8 10 10 6 9 8 5
612 8 5 4 2 6 8 1 5 4 8 8 5 10 4 8 2 8 1 8 9
582 1 5 4 2 6 4 3 7 6 2 3 5 8 7 7 5 7 6 10 8
575 2 7 7 4 5 4 6 8 3 6 9 9 10 9 2 2 2 4 2 2
713 9 6 7 2 3 5 5 4 9 3 8 6 6 7 3 9 9 1 3 9
664 5 9 10 3 6 4 7 9 6 8 7 1 9 3 10 5 8 6 4 4
670 9 4 4 10 10 8 7 2 4 4 9 7 7 5 9 6 2 4 2 2
679 5 9 3 7 9 2 10 6 10 2 1 6 8 2 8 10 7 9 9 2
708 3 10 9 9 10 6 5 6 10 9 7 8 10 9 10 3 1 5 4 7
661 3 8 8 8 10 4 2 4 6 4 9 3 8 1 5 9 5 10 4 9
570 6 7 4 6 5 6 4 4 5 5 4 9 5 2 9 8 6 1 4 5
632 6 1 8 2 6 8 3 4 6 4 9 8 3 6 8 7 7 4 4 1
683 3 2 6 5 10 2 3 3 9 7 5 10 1 10 8 9 8 5 7 6
586 3 1 10 8 8 7 7 9 4 5 2 5 2 5 3 1 8 10 2 7
670 7 7 8 4 9 5 1 3 6 6 4 8 7 8 1 10 10 4 7 1
615 3 9 4 3 7 8 5 5 7 6 1 7 4 6 3 6 5 4 9 9
733 1 9 8 9 7 10 9 7 5 2 3 10 1 4 9 9 4 10 10 2
598 9 4 4 2 7 4 4 2 4 1 9 4 10 8 3 2 4 9 4 9
632 4 5 6 3 6 8 1 6 2 1 1 10 4 10 9 9 5 6 1 8
623 7 9 2 3 7 10 7 4 4 1 9 4 8 4 8 7 1 6 5 3
20
792 2 2 10 6 10 1 7 9 3 8 7 9 4 8 4 8 6 9 6 9
602 10 7 8 6 7 3 1 3 4 10 7 5 6 1 6 3 10 3 6 1
573 2 10 5 1 4 7 3 4 9 2 7 6 5 3 3 6 5 8 9 8
591 10 1 3 1 5 3 2 4 1 6 10 6 2 5 10 5 2 4 9 3
697 1 2 7 1 9 8 7 6 9 8 6 4 8 8 6 10 5 6 1 6
644 4 4 8 3 3 9 1 6 10 2 7 7 2 5 1 4 9 9 8 8
653 10 9 4 10 10 3 6 9 3 8 3 7 5 5 3 2 8 1 5 3
790 8 10 10 3 10 9 9 10 9 5 4 2 8 2 7 10 3 8 8 8
586 2 3 3 8 2 9 6 6 6 7 7 7 9 4 4 4 7 2 9 6
640 5 3 2 9 2 9 9 3 10 10 2 10 2 7 2 3 2 8 1 4
628 1 10 8 6 4 5 3 5 4 4 6 4 6 9 8 3 5 7 8 9
644 9 10 10 3 10 10 6 5 6 1 6 1 10 8 3 1 4 5 5 9
563 3 2 2 10 6 2 8 3 9 4 4 6 5 8 5 1 7 4 7 8
707 2 6 9 10 6 7 10 8 5 8 10 6 8 1 5 7 3 4 3 7
630 1 4 4 8 10 3 1 7 3 10 8 9 3 6 8 4 5 1 3 7
503 1 9 7 6 3 5 4 2 9 1 2 8 4 10 3 4 1 5 10 4
868 10 2 5 9 10 10 10 8 10 8 6 7 8 2 9 10 7 7 6 7
518 1 1 1 1 8 3 9 10 1 8 5 4 3 2 2 8 1 4 7 2
614 2 5 6 9 2 7 6 8 3 7 5 9 4 6 6 1 8 7 6 8
574 2 4 2 7 5 10 2 3 3 4 7 5 7 1 10 4 9 10 2 5
20
527 4 1 8 2 3 2 3 9 5 1 9 2 5 9 5 2 5 4 4 8
744 1 4 8 8 8 8 4 5 7 9 6 8 6 5 6 10 4 9 8 6
607 7 3 8 5 5 7 5 9 2 2 1 4 7 6 7 2 8 9 4 4
714 6 9 2 6 9 9 10 3 9 3 1 3 7 4 9 7 10 10 2 9
806 10 8 1 3 8 7 1 10 1 6 8 3 4 10 2 10 8 10 2 6
655 5 8 8 4 5 8 7 2 4 9 7 2 9 2 6 10 7 9 4 1
517 5 7 3 1 4 3 9 8 4 2 1 3 5 5 6 2 2 10 4 6
832 7 10 10 10 4 1 6 8 6 7 10 2 9 10 8 8 1 10 7 9
673 10 6 1 9 9 6 6 8 1 1 4 10 7 3 1 4 10 1 7 8
761 10 5 7 6 10 1 10 1 4 6 7 9 4 7 10 10 2 1 5 5
614 8 5 6 10 2 6 1 3 1 8 4 1 7 8 9 6 5 4 6 9
470 1 3 3 6 2 1 5 5 7 2 1 6 6 3 10 3 6 9 2 5
644 4 2 9 10 4 4 7 10 2 10 7 7 6 1 3 1 8 6 8 5
615 10 1 4 8 3 3 3 7 3 8 5 8 10 3 6 2 8 6 2 5
719 6 1 2 10 8 8 6 7 4 8 9 7 8 6 3 2 8 10 5 3
635 1 3 6 7 3 5 3 9 9 10 4 4 4 4 10 6 4 7 2 8
649 2 3 1 2 8 1 7 5 6 4 6 10 10 7 1 8 10 10 1 4
680 10 9 1 6 10 4 10 4 7 2 1 10 5 7 2 3 8 9 9 6
605 1 5 7 7 4 7 9 6 8 7 6 4 9 1 8 4 9 1 2 6
678 9 4 2 6 2 10 10 9 1 2 7 1 2 5 6 7 7 3 6 2
20
687 9 7 8 8 5 9 7 1 7 5 6 10 10 2 9 5 6 1 4 4
569 5 10 1 3 2 4 3 3 2 8 2 3 10 4 6 9 5 9 4 8
669 5 7 6 9 2 6 8 7 7 2 6 5 7 9 5 9 1 10 1 2
697 8 10 7 8 3 5 9 8 1 5 8 1 5 8 7 10 5 4 6 1
743 4 9 1 10 2 9 7 2 2 9 10 8 10 7 6 9 7 4 9 2
655 8 9 9 5 8 6 4 6 7 4 8 5 3 4 3 9 4 2 2 3
598 10 8 10 4 6 7 2 5 7 3 2 1 9 1 4 4 5 6 9 8
518 6 6 4 5 1 3 10 4 4 8 1 6 1 5 6 3 4 7 1 4
657 3 6 5 6 8 10 5 4 4 6 2 10 4 5 8 9 7 6 7 3
608 6 5 3 10 8 6 7 6 1 5 7 5 2 2 2 8 4 1 10 2
587 6 2 5 2 5 2 8 7 3 5 8 9 5 5 5 3 1 7 5 2
721 10 8 5 4 8 7 1 4 6 2 2 9 10 10 3 7 6 9 4 10
756 8 5 1 9 8 9 7 8 1 8 6 4 9 4 1 8 2 8 8 4
634 8 2 7 7 5 8 5 1 8 5 10 6 6 4 1 2 2 3 5 9
633 1 1 10 7 3 10 1 4 3 3 6 4 4 9 10 10 5 4 10 3
562 2 8 10 8 10 5 7 2 1 9 9 5 7 4 3 3 3 4 2 1
720 10 7 8 10 7 5 1 5 2 10 3 8 6 8 8 7 3 3 5 10
806 7 9 6 3 2 5 3 3 9 10 8 8 9 10 6 10 4 10 10 4
688 9 4 5 9 8 7 6 5 3 4 3 3 6 7 5 6 4 8 10 9
593 8 1 7 5 10 4 2 5 2 4 2 10 5 5 9 3 9 9 2 2
20
709 9 2 9 2 8 5 10 7 2 10 6 10 3 8 6 1 6 10 2 1
561 6 9 7 2 6 5 4 2 2 8 7 2 2 4 1 6 5 5 5 4
482 1 9 5 8 10 9 2 1 6 1 5 7 10 4 7 1 5 3 1 3
641 8 5 8 7 8 3 6 10 8 2 3 4 3 7 1 6 10 1 3 10
582 5 5 6 10 2 5 6 8 7 4 2 4 1 2 9 10 8 1 5 1
548 2 6 6 1 3 2 3 5 10 2 7 9 9 7 1 5 1 7 5 8
707 10 3 3 2 7 4 8 1 7 7 6 3 4 7 10 5 6 10 10 1
763 8 6 4 5 9 7 4 5 2 1 9 10 3 5 8 3 10 8 8 9
517 1 5 1 3 2 3 1 5 10 6 4 7 6 1 10 5 6 5 9 9
689 1 9 2 4 9 8 4 10 10 10 7 2 8 5 6 2 8 4 6 10
784 10 3 7 9 9 3 4 6 6 9 8 2 9 9 10 9 4 3 8 8
547 5 2 1 2 5 3 2 3 1 6 2 8 9 3 8 10 4 6 7 9
553 5 9 10 4 3 5 1 3 1 1 6 1 3 5 10 2 5 7 10 7
687 8 9 5 1 5 5 3 2 2 8 7 2 10 3 10 10 3 7 6 10
707 5 4 6 10 8 8 5 9 5 5 10 3 8 3 1 2 9 7 8 6
629 5 9 4 6 6 3 2 4 2 6 6 1 4 7 4 5 8 9 9 5
581 7 3 4 4 7 6 10 10 3 3 1 5 9 5 2 2 8 3 2 9
660 4 2 7 1 4 6 5 7 10 3 6 10 6 10 4 8 2 1 9 5
736 3 7 9 7 4 9 4 3 8 6 9 3 10 9 7 8 8 7 10 6
746 5 8 6 1 3 10 9 10 10 4 8 2 3 7 1 9 9 5 7 10
20
716 2 8 9 4 5 8 10 10 5 1 8 9 2 10 9 6 8 4 3 8
550 5 9 1 10 6 5 5 1 4 9 7 8 6 6 6 2 1 1 1 2
545 4 6 4 5 1 1 10 2 4 3 8 9 2 2 1 2 4 7 9 8
752 7 3 2 10 6 3 3 2 7 6 10 8 9 5 9 7 6 3 10 10
643 7 7 5 5 1 3 3 7 1 6 1 10 5 7 10 10 10 5 2 2
630 8 7 9 5 6 2 2 2 4 8 1 9 8 6 9 3 8 10 3 9
684 8 10 2 6 6 1 2 5 8 10 4 6 2 7 9 7 7 6 2 8
589 4 4 9 10 8 1 2 6 2 9 5 6 8 8 1 5 3 5 2 1
795 10 5 9 8 7 10 3 6 8 5 8 2 7 7 6 6 5 9 8 4
633 5 1 2 5 7 9 8 6 3 2 2 3 8 1 1 9 9 10 7 10
759 1 7 10 10 9 4 9 10 1 10 10 10 9 10 2 8 2 5 3 4
602 10 6 5 5 3 2 3 10 1 2 9 5 8 4 10 5 6 5 4 2
728 5 5 2 10 4 4 9 2 6 10 6 10 7 3 4 7 2 7 3 10
571 1 4 7 4 1 2 6 5 2 4 7 7 2 2 10 9 7 9 1 8
582 3 7 8 3 7 9 3 3 8 6 9 6 1 2 10 6 2 4 1 3
486 5 9 3 1 7 1 8 1 5 7 1 5 2 3 1 3 7 2 8 4
567 3 3 4 2 8 10 7 2 1 1 4 4 3 8 10 8 1 2 1 5
768 6 6 10 8 8 8 5 7 3 4 8 6 1 8 6 6 3 8 9 4
587 2 3 9 8 8 5 5 5 2 3 3 8 7 2 10 6 9 7 1 6
797 5 7 5 3 9 9 5 3 2 9 9 9 9 7 8 4 8 10 4 7
20
459 10 2 2 5 1 7 3 4 5 6 2 1 6 1 7 1 4 10 4 1
627 1 8 9 4 5 1 1 2 7 10 5 2 6 9 2 9 10 7 5 10
445 1 5 2 3 1 7 2 5 7 2 3 7 1 5 5 6 1 5 1 3
536 4 7 7 10 9 3 1 8 3 3 3 1 2 8 1 3 10 5 5 3
617 2 9 1 4 9 3 10 4 2 5 4 9 2 3 4 8 6 2 4 9
591 6 7 5 6 7 1 5 6 4 8 3 1 10 6 6 5 4 6 5 8
612 4 1 8 3 8 2 1 6 5 3 10 6 4 7 1 2 7 10 4 5
708 8 3 10 1 6 6 4 9 9 2 10 5 1 1 8 6 10 8 10 7
640 2 9 4 1 10 9 7 6 8 5 2 2 8 2 6 8 6 1 10 10
608 4 7 9 5 4 4 9 1 6 9 7 8 7 4 4 3 6 9 5 1
665 6 9 5 6 5 9 3 2 5 9 6 3 5 1 9 6 10 2 7 9
633 1 5 5 10 2 8 10 1 9 3 4 10 2 10 5 9 2 5 2 6
606 9 6 5 8 5 4 8 3 7 2 2 10 4 4 8 2 7 10 7 2
629 6 7 5 2 9 4 8 9 3 10 9 2 2 10 3 2 1 3 4 1
571 10 1 9 9 6 8 2 1 1 3 5 5 7 8 3 3 1 3 8 5
672 7 7 10 7 7 4 10 7 10 6 2 3 10 7 6 6 6 2 2 4
768 7 3 4 4 8 8 6 8 1 7 10 2 5 8 4 10 2 8 1 10
642 2 2 4 4 7 10 9 8 4 8 5 7 2 3 1 5 8 9 8 5
720 6 10 9 10 1 4 2 10 5 8 10 2 9 8 4 6 2 1 8 9
590 6 3 6 3 10 7 6 1 3 1 3 6 2 8 5 10 1 5 8 2
20
637 10 3 3 3 1 2 5 1 6 3 4 6 3 8 1 7 10 1 10 10
717 9 10 2 6 8 6 8 6 6 5 4 3 10 7 5 9 2 4 3 10
576 3 2 2 2 2 10 4 10 8 7 3 9 8 2 8 6 1 1 7 7
830 9 10 9 6 4 6 9 9 8 8 7 9 8 3 6 9 1 8 9 7
704 7 3 3 1 1 5 9 10 3 5 10 1 5 8 1 9 4 8 4 7
696 3 4 9 1 7 2 8 8 2 8 4 5 4 7 3 8 8 9 3 7
472 2 7 1 9 1 8 2 9 3 6 2 8 3 3 9 1 9 1 10 3
631 10 3 6 9 3 7 3 8 4 2 8 7 5 3 2 4 7 4 2 3
637 8 2 9 7 10 3 2 8 5 10 1 3 3 8 5 2 9 7 2 10
661 4 1 7 9 5 1 4 4 7 3 8 8 7 10 5 7 5 10 6 5
580 3 3 1 6 7 3 3 7 8 8 8 10 9 4 5 1 3 1 10 9
723 10 8 3 9 5 9 6 1 7 10 9 2 8 8 6 1 2 3 8 8
764 5 6 7 9 9 3 8 8 8 9 8 6 3 1 9 9 2 3 7 8
657 1 5 10 6 3 9 5 5 7 10 7 4 1 3 4 8 2 10 4 9
563 8 4 6 1 8 2 10 3 1 4 7 1 3 5 2 3 8 6 5 3
414 5 8 2 8 4 1 1 6 5 5 1 7 7 6 10 1 2 3 2 3
693 9 2 3 7 1 10 7 6 3 4 10 4 10 8 3 5 3 8 10 2
873 9 10 3 7 8 8 3 9 10 8 8 8 10 9 2 6 10 10 7 7
529 6 7 2 10 6 4 3 8 9 2 4 5 7 5 5 1 2 3 2 4
651 4 8 4 2 3 8 6 5 3 9 6 3 7 10 8 6 5 7 9 2
20
658 10 9 9 10 5 3 10 4 7 7 9 3 6 3 2 1 5 4 9 1
682 6 10 4 5 4 6 2 2 8 1 9 4 1 10 7 6 4 10 6 4
586 10 4 2 1 5 6 1 6 4 7 3 9 6 9 6 3 3 2 8 1
563 3 9 3 10 5 1 1 7 3 10 5 3 2 4 3 7 8 5 9 4
607 2 4 7 4 10 1 3 2 2 9 6 5 4 9 4 3 4 10 9 4
771 10 5 8 10 9 5 1 6 8 7 5 3 10 5 10 7 9 9 3 8
707 7 9 5 1 10 7 10 10 6 1 10 7 9 3 9 6 6 2 10 4
740 8 2 6 5 5 2 2 7 7 9 4 8 5 3 10 10 10 7 5 10
687 8 10 6 2 5 2 4 3 4 5 8 8 6 7 7 9 4 7 1 10
784 10 7 8 8 1 8 7 10 10 3 10 6 5 5 7 4 9 8 10 3
804 7 9 10 9 10 6 10 7 4 8 2 1 9 4 10 9 10 8 4 8
657 4 4 9 1 8 2 10 2 8 5 7 7 7 10 5 10 9 2 1 2
673 5 7 3 6 7 5 5 4 4 10 9 8 5 9 2 4 8 1 3 6
754 8 10 9 5 5 5 7 10 4 9 6 4 1 4 4 9 9 6 1 6
613 2 6 5 5 3 10 2 2 1 2 10 4 3 7 5 6 2 4 8 10
634 6 4 9 9 1 10 1 3 1 8 6 4 2 8 6 7 6 6 3 4
618 7 10 8 5 9 5 2 6 3 9 2 7 3 7 8 1 6 5 1 9
748 8 7 6 10 1 10 6 3 6 5 9 10 5 9 4 3 1 9 2 5
503 1 9 1 2 3 4 7 4 2 1 7 3 8 7 8 1 8 7 4 8
693 8 9 3 3 10 5 9 9 8 5 3 4 8 2 7 7 2 9 2 5
20
765 8 2 3 7 4 10 8 7 9 7 7 3 5 8 10 10 8 4 2 2
542 5 3 1 6 6 7 8 1 8 4 1 1 5 6 3 8 9 2 2 3
699 7 7 1 7 3 6 2 2 8 6 10 9 9 4 9 7 2 8 6 8
761 7 1 1 5 1 7 7 10 1 5 5 9 4 10 6 10 1 8 7 8
521 5 1 6 1 6 3 5 5 1 8 5 4 4 2 9 1 9 5 8 4
474 1 10 1 4 3 2 1 1 2 4 7 5 1 3 9 3 10 4 9 9
623 5 1 1 8 4 8 4 4 4 3 1 10 9 5 9 9 5 5 6 6
610 8 5 9 8 6 3 8 4 1 2 2 5 7 7 9 7 2 1 10 3
701 10 10 3 4 6 9 6 1 10 5 1 4 10 10 9 7 7 1 5 6
506 1 3 4 8 8 9 2 7 10 1 1 9 10 2 3 2 3 9 3 7
562 7 6 8 9 4 1 1 1 4 7 4 6 5 5 6 1 10 2 10 5
673 5 10 2 5 4 10 8 2 6 3 4 7 1 3 6 6 9 8 4 7
415 7 5 1 3 2 4 2 1 10 2 5 1 7 2 3 1 7 6 3 3
641 8 9 5 10 4 3 8 2 6 1 2 8 10 3 1 4 10 8 10 7
566 1 6 6 2 9 3 2 6 8 4 3 2 6 4 6 9 10 10 4 5
695 7 10 2 5 2 1 5 8 4 3 3 2 1 8 9 10 4 9 10 8
824 9 8 3 5 10 7 7 9 6 9 8 10 1 7 3 7 9 5 7 6
691 9 9 7 7 10 1 2 4 4 6 4 8 1 5 9 7 3 6 8 9
691 2 8 8 5 6 10 4 9 8 9 5 7 3 9 7 2 3 5 9 9
748 6 9 8 10 2 1 9 10 6 6 9 6 8 9 3 3 5 10 7 4
20
518 10 7 1 8 3 1 3 4 3 1 1 10 4 6 10 3 3 7 6 2
674 5 7 9 7 10 4 9 4 3 7 7 4 8 10 6 2 5 10 5 2
698 5 6 5 10 7 10 4 10 3 6 10 10 2 3 1 5 7 7 4 3
534 6 7 5 4 6 4 4 1 6 3 6 3 2 4 7 3 2 8 8 6
656 8 6 5 9 10 4 7 3 9 6 7 9 7 4 7 4 6 2 5 2
693 7 6 2 4 8 6 9 8 1 4 5 4 9 4 2 7 6 6 5 9
704 9 4 7 7 9 8 7 4 10 7 4 2 6 1 7 8 1 2 9 10
645 1 8 2 6 1 9 7 3 9 7 10 10 4 1 2 6 8 3 8 3
699 10 2 10 10 8 3 2 10 10 7 6 4 9 5 9 3 2 2 7 7
556 2 9 2 9 3 8 2 6 5 5 6 2 4 2 9 5 4 5 5 4
795 10 9 7 5 3 10 2 8 5 6 10 7 7 6 5 7 4 8 8 4
633 7 9 4 3 4 7 5 5 8 3 10 1 3 8 6 4 2 5 8 6
607 1 9 8 8 6 9 10 1 9 1 8 10 4 3 2 9 10 2 2 1
633 4 10 6 1 6 8 1 4 6 3 7 2 2 6 6 6 6 8 5 10
645 2 5 4 7 1 8 10 10 8 1 10 3 9 2 1 9 10 7 2 6
611 6 8 3 5 1 7 6 7 6 4 6 5 1 4 6 5 8 7 7 5
821 9 1 7 4 2 7 8 9 5 5 10 3 5 10 9 10 7 10 8 5
724 4 2 10 6 2 10 3 5 10 10 9 4 4 10 9 8 10 7 1 4
723 6 6 7 1 9 7 3 6 8 1 9 9 7 10 3 4 10 6 8 4
638 2 1 4 2 6 1 6 6 2 10 6 9 7 7 3 9 1 7 3 4
20
743 10 8 1 3 10 10 6 2 4 10 3 2 2 9 4 10 9 1 10 1
642 2 10 10 2 5 10 1 4 6 4 8 4 8 9 4 10 3 3 7 3
558 7 10 8 4 5 9 2 1 9 8 1 10 4 1 1 6 9 5 2 3
644 2 3 10 9 9 10 1 8 1 9 8 8 1 4 9 6 2 3 9 2
641 5 1 7 8 1 10 4 7 5 2 8 3 9 6 8 2 8 9 10 6
603 5 9 6 4 4 4 3 5 9 8 1 5 2 2 6 7 10 1 3 10
678 10 9 3 7 3 10 4 6 3 5 2 3 7 5 5 6 7 10 6 5
842 10 10 10 5 10 4 3 2 9 7 10 9 9 8 1 10 8 4 4 6
681 8 8 3 4 5 4 3 7 3 10 2 7 6 1 6 10 10 9 3 3
541 5 7 8 3 6 9 2 1 6 6 5 5 1 3 1 8 4 2 3 4
580 5 4 2 6 2 5 8 7 3 8 7 1 9 3 3 3 4 10 2 7
477 7 10 5 10 2 3 1 1 3 5 5 9 4 6 1 1 9 2 5 2
611 9 4 9 6 9 7 5 10 4 1 3 6 7 4 7 1 9 2 3 4
721 7 3 5 3 10 9 3 3 8 8 8 8 7 8 1 7 8 8 1 5
562 2 5 1 9 10 8 3 9 2 2 2 1 10 1 8 9 9 5 2 2
673 9 3 4 8 8 9 6 3 9 7 7 4 5 6 10 3 4 5 5 4
641 7 8 4 7 9 5 3 6 6 7 3 7 2 1 4 6 8 1 8 10
524 4 8 7 6 5 6 4 7 5 2 4 9 4 2 7 2 9 4 8 3
693 10 8 10 2 8 5 9 3 4 7 1 3 10 8 4 4 3 5 8 10
661 5 9 6 8 6 5 8 7 2 1 1 1 5 1 9 10 8 9 8 9
20
637 7 10 8 8 2 9 9 5 8 7 9 8 7 7 3 3 4 1 1 1
663 9 4 7 3 8 3 8 1 6 9 4 3 3 2 7 10 10 5 2 3
739 8 6 1 2 10 8 8 6 9 5 10 5 10 10 2 9 4 4 8 2
559 3 1 7 7 4 8 5 3 8 8 3 4 8 2 2 10 1 4 7 6
617 9 5 2 2 2 4 8 2 5 1 10 8 8 9 1 4 1 6 6 6
666 9 6 10 8 6 8 7 5 2 1 2 7 8 7 8 4 8 3 9 8
599 5 7 6 1 5 9 3 5 7 4 8 4 4 7 7 7 9 6 2 1
588 1 8 8 1 1 3 9 6 10 4 10 1 3 6 8 2 3 9 1 5
658 9 9 4 4 2 7 1 2 10 6 7 5 7 9 1 6 9 1 7 9
708 8 9 7 2 2 7 8 3 9 10 3 5 8 9 2 9 7 3 1 5
661 5 4 6 10 5 7 4 9 1 10 8 2 3 7 4 4 3 2 7 3
597 5 6 2 5 2 7 5 7 7 1 5 9 9 8 8 7 5 4 5 2
566 3 8 10 6 7 4 5 9 3 5 1 2 7 9 4 4 7 3 5 5
578 2 8 1 6 5 8 10 3 10 3 6 7 2 6 9 2 4 4 10 5
578 4 6 10 7 4 3 2 6 4 8 2 8 2 1 8 4 9 8 2 6
553 9 6 8 2 7 7 3 3 6 1 2 1 4 6 1 9 5 2 6 2
552 10 10 1 3 3 2 4 6 1 2 2 3 6 3 5 4 2 5 10 8
575 2 5 8 5 2 5 1 9 5 6 6 2 7 3 2 6 5 5 7 9
700 3 7 10 9 6 7 5 3 10 8 4 8 7 6 5 6 7 8 2 6
578 7 9 9 5 10 1 1 1 6 9 10 7 10 3 1 1 4 1 1 4
20
629 1 10 7 1 9 2 1 7 5 2 2 6 5 5 9 10 6 8 8 8
672 10 1 8 10 2 7 10 9 4 5 4 1 9 1 5 4 8 9 4 7
450 1 9 2 8 5 4 2 3 3 5 6 1 7 1 6 5 5 4 1 1
637 7 2 2 1 3 2 8 4 6 10 9 7 6 3 10 6 8 1 9 3
779 10 6 2 3 1 10 2 10 10 8 10 7 10 6 1 7 5 7 4 6
637 9 7 6 2 4 8 8 1 9 8 4 2 3 2 8 2 6 6 6 6
552 6 9 3 7 3 1 1 10 9 4 4 5 5 3 3 3 6 2 4 9
659 6 4 1 9 1 9 10 5 7 5 10 4 7 6 3 2 4 3 10 3
466 1 3 5 4 6 5 7 2 5 2 1 3 6 4 9 6 7 8 1 4
656 5 9 4 1 1 2 2 4 2 6 5 7 6 8 9 6 6 10 2 10
620 9 7 2 4 4 2 5 4 1 1 7 7 4 8 4 4 9 7 8 6
440 2 4 9 1 3 1 4 7 1 3 1 7 3 1 5 2 6 4 3 8
645 8 10 2 7 1 4 6 2 3 8 6 8 5 3 8 5 10 6 3 2
479 3 8 8 10 2 3 4 4 7 5 1 5 7 10 3 1 3 1 6 8
510 7 9 5 10 5 5 4 4 4 1 6 1 10 8 1 1 8 1 9 2
837 10 9 9 8 8 9 8 5 6 8 6 10 1 10 9 2 6 6 6 9
605 6 2 3 10 2 10 1 10 9 5 5 3 3 3 3 7 3 2 9 9
752 5 9 9 7 4 7 10 2 8 1 6 3 4 9 8 10 4 4 8 9
608 6 9 4 3 6 1 9 5 6 9 5 10 10 3 8 6 5 4 4 1
676 10 10 2 3 1 7 10 2 9 7 3 7 2 9 8 3 10 6 1 4
20
503 9 7 3 6 4 3 4 6 4 1 1 6 10 1 9 2 9 2 2 10
703 10 1 8 4 10 5 2 8 2 2 3 10 4 10 10 10 4 7 5 2
665 5 2 3 4 2 4 5 5 1 4 8 10 3 10 3 9 2 10 7 5
465 3 1 5 4 3 4 3 1 2 3 2 7 10 4 8 9 9 3 4 2
585 2 3 8 7 6 8 1 7 7 8 1 9 10 6 7 5 8 3 1 8
613 5 6 3 8 4 1 8 10 1 5 5 6 10 3 6 7 6 2 4 4
632 10 2 6 6 1 1 10 4 7 1 1 8 2 7 10 9 1 5 9 6
664 5 1 3 5 8 9 7 7 2 8 4 6 7 3 7 7 8 5 9 4
545 2 7 2 10 3 2 9 9 9 4 3 4 8 3 1 3 9 10 2 1
714 7 3 5 8 9 5 8 8 6 10 2 7 3 8 1 9 4 6 3 2
536 5 8 7 3 2 6 2 3 7 10 8 1 9 2 8 3 6 2 7 4
607 6 7 3 3 8 6 2 1 2 1 3 5 10 5 6 9 10 4 7 10
666 6 6 4 4 2 5 8 3 7 10 6 5 10 6 7 3 6 2 9 9
605 6 1 8 10 10 5 8 5 3 7 1 2 5 6 1 1 2 6 7 8
672 6 7 4 4 1 9 2 3 6 8 6 8 9 10 1 6 9 7 5 7
440 4 9 9 1 3 2 2 10 7 9 1 1 10 4 4 2 8 2 4 2
697 5 4 8 7 4 4 5 10 2 6 6 8 1 6 2 8 5 10 8 7
558 1 4 4 10 6 1 6 7 5 9 1 7 7 10 10 1 3 3 8 6
640 7 6 7 2 6 4 8 1 2 2 10 7 8 5 9 6 4 4 6 8
624 7 1 6 7 2 8 2 9 6 1 6 3 2 4 6 8 8 3 1 7
20
587 10 6 2 6 2 8 1 4 3 1 10 3 7 1 2 1 7 7 4 10
670 6 5 9 5 3 4 1 7 8 2 5 4 3 9 8 9 9 8 8 1
671 8 2 5 9 3 9 1 7 1 7 8 3 10 3 2 5 5 10 5 10
730 10 1 7 10 2 1 7 7 10 5 2 4 8 5 3 10 3 8 9 8
705 8 1 3 7 6 10 7 5 7 10 9 6 9 3 10 7 8 1 5 3
761 10 7 3 7 7 6 6 5 4 8 6 5 5 8 5 6 1 3 10 10
639 9 6 3 1 8 7 4 1 5 6 8 10 8 6 2 5 1 7 5 3
619 8 1 7 7 9 6 2 9 6 6 10 7 9 3 3 2 3 4 3 3
773 6 6 7 8 6 4 1 10 5 2 9 9 7 7 7 10 5 9 1 9
551 9 3 4 10 3 5 1 6 5 5 5 10 6 1 4 2 8 7 2 4
690 6 2 10 8 7 10 8 8 1 3 1 9 3 7 6 5 2 9 10 8
632 7 8 5 7 9 3 3 6 1 1 6 8 4 3 2 6 7 7 8 3
585 1 10 6 4 1 5 2 3 6 8 5 8 3 4 3 10 4 6 7 3
717 6 10 8 5 8 2 6 6 9 2 9 1 10 9 2 5 7 9 5 8
734 3 4 6 6 6 4 3 4 8 5 9 5 5 9 6 10 5 8 4 8
577 2 4 9 7 7 7 1 3 4 2 3 9 10 5 9 8 9 4 8 2
660 3 10 5 1 3 2 8 4 1 10 6 7 7 6 1 8 1 10 7 8
488 1 4 8 9 1 1 8 8 4 1 1 9 6 4 5 2 9 7 6 5
572 9 9 2 3 8 2 2 2 6 3 4 1 4 1 2 5 9 10 2 7
512 1 9 4 2 9 3 1 8 5 2 2 5 8 7 3 5 8 3 10 6
20
638 9 2 8 7 1 1 4 8 3 3 5 3 7 8 5 7 7 6 8 2
688 6 1 10 5 8 3 8 2 2 8 9 8 8 3 3 7 1 8 5 3
669 7 4 3 3 7 8 5 9 1 5 2 8 5 10 6 7 4 8 3 4
639 10 6 6 6 7 2 5 4 9 2 3 7 10 6 3 5 4 1 10 8
658 9 9 9 3 4 7 4 4 3 6 6 3 3 2 3 6 8 5 10 5
527 2 9 2 7 5 7 3 9 7 2 2 5 8 8 2 1 8 7 10 1
697 3 8 1 10 6 8 10 2 2 7 3 7 6 4 2 9 3 4 8 9
560 4 1 1 4 10 5 1 9 8 2 6 7 6 2 1 7 5 3 10 9
676 5 4 9 10 3 5 10 4 8 3 9 5 5 1 8 2 8 8 7 8
621 4 5 3 3 9 6 8 1 3 9 7 9 5 9 8 7 1 1 4 4
626 2 10 9 6 9 5 2 6 1 10 4 9 7 4 10 3 7 8 4 1
544 8 2 4 5 3 9 6 2 2 3 2 5 6 4 4 3 3 5 7 5
672 9 9 2 5 1 10 9 2 5 9 2 4 9 4 9 8 4 10 8 2
555 10 1 3 6 3 1 2 7 1 3 1 8 3 3 6 7 3 5 2 8
577 1 9 9 7 5 5 8 8 4 6 4 1 9 1 8 6 4 2 3 10
712 6 9 8 5 10 6 6 2 10 8 10 10 7 5 7 5 4 3 2 5
716 10 1 10 6 1 6 5 5 3 7 10 1 7 9 9 7 8 8 5 2
592 6 7 7 4 7 2 8 3 5 6 3 5 9 1 7 6 6 3 4 9
639 10 5 4 1 4 10 10 3 8 3 9 8 6 7 3 1 5 2 1 3
652 10 9 9 10 3 1 9 7 7 4 4 1 9 6 10 5 1 6 7 6
20
608 5 9 8 5 6 2 3 2 7 9 10 8 2 2 9 3 1 2 10 4
700 7 4 9 1 4 8 8 4 3 10 7 1 3 9 9 2 1 7 9 7
691 9 1 9 10 4 2 4 10 2 4 5 3 1 5 5 8 1 9 9 10
665 1 10 3 9 7 3 6 8 10 10 3 7 1 8 4 1 8 6 9 6
622 4 8 6 9 3 3 8 5 4 3 9 10 4 7 9 5 2 5 1 2
795 9 7 10 4 9 5 10 8 7 8 10 5 7 8 10 6 2 2 3 5
573 9 5 8 8 1 9 7 4 10 9 1 3 1 4 6 1 5 3 4 4
652 6 10 1 1 6 10 9 5 6 4 7 1 6 1 7 9 4 9 5 1
657 5 5 4 7 7 7 10 6 9 4 4 3 3 5 2 3 8 8 3 7
496 1 1 8 6 6 3 6 5 7 3 10 2 2 5 8 1 7 2 2 6
507 3 1 4 3 5 2 9 4 2 4 5 5 1 1 4 1 8 10 3 5
588 9 10 7 6 10 7 6 8 4 3 4 2 4 6 4 1 1 7 1 4
599 2 2 1 4 7 7 1 4 7 10 2 2 3 8 5 10 8 5 9 3
686 7 1 3 7 5 7 9 1 9 7 4 9 2 9 6 8 7 7 8 2
808 7 10 2 3 10 4 9 1 4 4 9 8 6 6 3 10 9 10 9 8
478 10 6 8 2 2 3 2 10 1 7 2 6 8 1 2 1 8 4 7 2
636 2 10 6 9 1 6 2 4 6 5 10 5 8 4 9 7 3 4 7 8
733 10 3 2 1 3 5 10 10 5 8 5 8 6 10 4 4 9 7 3 5
655 4 2 3 1 6 5 8 1 7 10 8 10 1 1 7 6 5 7 2 9
531 3 10 7 2 4 5 5 1 1 5 5 4 2 4 3 5 7 5 1 9
20
707 10 6 5 9 10 9 8 2 1 1 2 2 8 8 5 8 6 4 9 5
598 2 10 3 3 9 3 2 8 5 2 2 4 5 7 10 10 8 1 2 8
687 3 6 3 5 8 2 10 5 6 10 4 2 9 4 6 6 9 6 8 7
590 3 8 6 3 10 6 9 2 10 6 8 2 1 8 8 1 2 2 5 5
599 10 5 8 9 2 8 1 8 3 8 2 7 9 3 6 5 6 2 3 4
563 2 5 7 9 5 9 7 5 5 1 1 7 6 8 1 3 3 8 5 4
628 4 9 4 8 2 4 2 3 4 3 7 2 2 6 1 7 9 9 10 9
616 2 1 2 1 7 2 9 9 1 7 5 7 2 7 2 3 5 9 4 7
423 2 10 5 6 5 6 2 3 9 2 7 1 3 2 2 1 10 1 5 2
574 9 6 2 10 6 6 10 1 3 2 3 8 5 3 1 8 2 1 5 1
649 5 4 7 4 9 6 4 7 6 10 4 7 3 9 2 5 9 6 5 3
644 6 3 1 2 8 6 10 5 2 1 8 1 9 9 6 8 4 5 1 4
735 3 3 10 5 6 10 9 9 9 4 10 8 10 10 8 1 4 5 8 3
769 6 8 7 9 5 6 10 8 7 9 10 6 7 2 1 8 3 9 5 7
646 1 6 9 3 6 5 8 8 9 8 7 2 8 4 7 6 10 5 2 4
807 7 8 3 7 9 3 10 9 4 2 5 2 9 8 10 7 3 10 10 10
534 3 9 6 4 2 2 10 2 7 6 6 4 8 8 6 3 4 3 5 4
740 4 2 6 7 8 10 7 4 8 10 9 5 1 2 1 4 9 10 10 7
627 9 1 3 9 5 2 3 9 7 8 8 6 5 5 2 3 3 6 1 9
755 5 9 7 1 4 6 8 8 10 5 8 10 10 8 6 8 6 6 10 4
20
684 10 9 1 3 8 8 9 1 6 2 8 9 9 6 10 5 5 3 2 5
543 9 6 7 9 8 7 8 1 6 1 5 1 1 6 3 1 10 5 1 2
739 10 8 8 3 9 7 8 9 2 8 10 1 3 1 1 9 10 8 3 2
624 4 4 10 7 10 2 1 4 1 5 8 5 10 6 6 6 1 9 4 6
463 9 8 1 1 3 4 4 9 5 1 1 6 10 5 6 2 10 3 5 1
527 2 10 1 8 2 4 3 7 3 7 5 1 4 9 3 2 1 9 10 3
526 6 6 10 1 5 2 4 8 4 1 7 4 4 7 1 6 2 1 9 1
586 10 7 5 7 5 3 10 7 6 2 5 3 5 2 3 4 2 4 8 2
568 5 9 1 9 9 8 4 8 2 9 2 1 3 4 6 1 6 5 4 7
716 3 8 10 6 4 7 3 10 1 8 8 8 8 8 8 6 5 4 10 5
620 6 5 9 2 8 6 6 4 10 4 3 7 4 4 4 10 3 1 7 4
685 7 4 7 7 5 6 6 6 6 1 2 6 8 8 6 8 8 9 8 7
731 8 8 4 6 4 2 1 10 2 6 9 3 8 9 1 10 6 10 7 4
725 3 4 10 10 8 7 9 4 4 6 2 10 9 6 7 8 10 5 7 5
533 3 6 2 3 9 5 10 4 5 8 1 3 2 1 4 6 2 5 10 1
473 1 3 8 4 5 2 2 4 10 3 5 4 2 1 8 9 5 2 9 4
795 10 10 10 8 7 8 1 8 10 4 8 8 7 10 5 8 5 6 9 2
661 10 10 7 4 1 5 7 7 8 4 2 5 2 6 5 5 7 9 9 1
612 1 7 8 4 4 5 1 9 5 8 7 2 3 6 5 6 6 1 8 8
595 9 7 3 4 4 4 9 8 5 2 1 2 8 3 6 8 4 8 1 2
20
630 2 2 5 5 8 5 8 3 4 1 9 8 5 9 7 7 10 4 3 6
547 5 4 3 2 10 8 2 3 7 4 1 6 5 4 7 4 8 10 4 4
612 6 1 4 4 10 7 8 1 10 4 9 3 3 8 5 5 3 3 10 1
627 9 7 3 4 6 6 3 5 1 7 8 1 5 9 3 1 10 1 9 5
555 6 2 3 2 2 2 10 3 4 6 7 3 3 8 10 1 2 1 3 8
498 1 1 8 9 7 7 1 4 5 2 2 2 3 1 2 10 5 1 8 8
647 3 3 3 4 8 1 4 10 9 9 8 2 4 7 6 1 10 9 7 6
556 1 5 5 9 7 5 6 4 7 1 6 8 1 4 4 7 7 1 10 5
578 4 5 4 3 10 7 7 10 9 5 1 3 10 2 1 1 8 3 7 9
696 7 6 10 2 7 10 1 5 10 10 10 1 10 4 9 6 9 3 1 5
567 5 3 9 10 4 1 2 9 7 6 4 5 5 4 8 8 9 1 1 7
715 5 8 10 5 5 4 6 8 7 9 8 7 7 4 3 5 7 8 5 7
624 3 10 7 9 7 5 5 5 6 2 2 10 7 9 1 4 2 5 1 10
508 2 9 5 3 5 8 8 4 5 5 8 6 2 1 4 1 10 1 1 6
655 2 10 6 3 3 2 3 5 6 10 3 5 2 10 4 4 9 10 5 8
702 2 3 1 8 7 4 8 8 5 5 10 10 6 7 2 5 6 9 6 7
809 7 4 9 8 10 9 5 7 3 5 6 2 8 9 5 9 9 10 4 8
770 3 7 4 8 7 5 8 6 10 9 9 7 4 7 2 8 9 2 7 8
675 7 9 1 6 1 5 6 10 8 9 8 4 10 6 4 5 7 2 6 7
584 5 3 3 9 4 2 4 5 6 2 2 10 7 2 8 4 10 10 6 8
20
521 2 2 8 3 4 9 5 2 1 4 6 1 1 1 1 8 1 7 9 8
582 1 7 9 2 5 9 8 5 6 4 8 1 4 3 8 9 9 2 3 1
743 10 8 9 5 8 9 2 9 5 10 7 8 7 1 4 3 9 7 5 9
625 4 7 6 1 9 10 3 2 5 9 8 3 10 1 6 2 6 7 9 3
670 1 9 8 10 6 10 3 8 9 6 7 3 2 5 4 7 8 1 7 7
637 2 2 6 8 1 9 9 5 1 5 3 3 2 8 10 9 4 8 1 7
533 10 1 5 3 8 5 9 1 6 4 8 4 8 1 2 4 4 1 2 3
659 5 8 5 10 5 9 7 4 5 2 10 3 3 6 7 1 9 7 3 6
506 1 3 7 2 5 3 1 10 1 5 3 2 4 5 10 3 6 6 6 8
646 6 6 3 2 9 3 8 6 8 6 3 2 7 1 6 10 1 6 7 9
678 4 3 5 9 5 8 10 3 6 8 2 2 3 5 2 9 8 6 5 7
723 3 8 3 7 7 10 6 9 1 6 8 1 7 5 4 5 7 10 9 5
464 8 9 5 3 6 2 1 4 6 1 1 8 7 4 9 3 8 7 1 2
678 10 3 8 8 9 7 2 5 1 5 7 9 6 2 7 1 4 5 1 10
676 8 4 6 7 5 2 8 2 10 3 9 8 7 9 2 7 2 5 10 2
644 7 7 1 10 3 6 9 5 10 6 10 10 3 5 6 1 3 4 6 3
599 8 2 5 10 2 6 10 6 5 6 3 5 1 2 5 3 5 3 7 8
646 2 9 8 1 4 7 7 8 10 1 8 3 3 8 3 7 1 10 6 4
729 9 4 7 5 6 10 3 3 3 7 1 7 9 10 4 6 7 6 10 9
495 1 8 6 9 9 1 2 7 1 3 7 5 1 6 4 3 3 1 5 3
20
807 10 6 4 1 10 6 8 9 10 10 8 3 10 1 2 7 1 9 8 7
562 1 9 4 5 3 1 9 6 3 8 5 4 6 4 2 4 5 2 10 9
682 3 1 10 7 6 7 5 8 8 3 5 4 6 10 9 10 9 1 8 4
762 10 1 2 1 7 4 7 7 8 2 9 10 8 9 10 10 8 6 5 1
656 4 3 6 3 8 3 6 8 1 2 5 10 4 7 3 2 6 10 10 10
704 6 7 7 4 7 10 1 5 4 10 10 1 1 4 5 1 9 6 8 8
497 1 2 6 1 5 3 5 8 2 10 3 2 10 7 7 8 1 4 1 1
675 6 7 6 9 10 2 8 7 1 5 9 7 9 5 8 4 3 5 2 6
687 8 4 3 3 3 10 7 9 1 2 4 10 9 3 6 7 7 2 8 10
744 10 4 3 9 8 6 6 10 8 5 4 7 7 8 2 6 8 8 1 8
590 6 9 1 7 10 4 3 2 8 4 1 8 4 9 2 9 9 1 8 2
636 6 2 4 2 5 8 8 4 5 3 8 10 4 5 4 3 10 6 3 6
514 7 7 3 2 4 1 5 1 1 6 8 5 1 7 2 4 4 2 4 6
469 4 2 4 1 8 1 1 9 1 5 2 4 3 1 9 2 9 9 4 7
594 2 5 6 7 3 8 4 2 5 10 10 1 2 5 8 5 1 3 10 6
620 7 7 3 6 8 1 6 10 10 3 5 9 4 2 9 1 7 8 9 3
748 3 4 7 9 2 7 6 8 5 9 10 5 4 9 2 5 9 9 2 9
636 7 10 2 9 10 5 3 2 4 5 5 1 9 7 7 7 4 1 10 9
612 4 9 6 3 3 3 5 10 7 4 9 2 9 10 5 4 3 6 8 1
610 7 9 9 7 9 1 2 1 3 9 3 2 7 7 8 8 8 7 1 1
20
561 8 2 9 1 2 3 5 6 10 1 1 5 10 8 1 9 1 4 3 8
554 2 3 9 9 1 6 4 9 7 5 10 4 3 5 6 2 1 5 3 1
615 6 4 1 9 1 8 1 3 1 4 6 4 9 9 4 10 8 2 4 8
811 9 7 6 8 5 7 10 10 7 4 2 9 7 10 10 10 7 7 6 4
590 9 7 1 1 5 9 9 2 7 2 5 3 8 10 8 1 4 8 7 1
468 8 4 2 1 1 3 2 1 5 5 8 5 5 7 10 1 5 2 2 5
764 3 5 10 7 9 5 1 6 3 6 8 10 5 8 9 8 9 8 2 7
666 8 7 5 8 7 4 10 7 3 3 7 4 5 7 5 3 1 4 7 8
670 5 3 8 7 2 6 10 9 10 6 6 10 8 9 8 2 1 5 2 3
668 10 8 9 9 1 6 2 2 2 4 10 2 4 8 10 8 2 5 7 3
717 6 5 6 1 5 4 9 3 7 10 10 3 9 10 1 3 5 10 1 9
485 1 9 2 7 3 7 10 7 4 6 4 6 4 1 2 3 1 1 8 4
725 10 9 2 2 10 1 7 9 6 7 3 10 1 5 7 8 5 4 9 6
650 10 3 10 4 9 1 5 3 8 4 6 1 7 10 9 6 5 7 5 2
684 7 10 2 5 5 2 8 6 2 7 7 8 5 10 7 6 5 3 6 2
734 10 9 2 7 7 5 7 2 5 2 7 7 3 10 4 4 9 10 8 8
689 4 2 4 6 4 6 10 4 4 10 9 5 7 10 4 1 10 10 2 7
583 9 8 5 1 10 5 2 4 7 1 7 6 2 9 9 1 5 6 3 1
699 3 4 2 1 1 5 10 6 10 5 9 6 8 8 1 9 1 8 10 10
552 8 7 5 5 9 2 6 3 7 4 4 10 3 2 1 6 6 3 4 1
20
661 10 8 6 6 8 8 1 7 7 7 9 9 1 3 10 6 1 1 5 1
656 9 7 4 4 5 6 5 5 1 6 6 6 5 1 5 7 9 7 2 8
564 6 2 4 6 4 9 3 10 9 5 6 2 9 5 1 2 4 6 8 3
553 5 4 2 8 1 9 7 2 1 2 3 5 4 3 6 5 8 8 5 6
574 4 4 2 5 3 4 9 8 6 8 4 1 9 3 6 5 3 2 8 6
629 6 3 3 7 8 3 7 6 6 3 10 5 3 2 4 5 2 10 7 5
523 3 7 6 2 9 7 1 2 2 10 4 6 8 6 10 1 7 6 1 2
663 6 5 4 4 10 1 6 8 1 1 8 5 10 1 7 9 7 4 8 7
610 6 7 2 4 9 9 4 2 1 3 4 5 1 7 3 1 9 7 10 7
410 1 3 2 3 2 5 1 1 2 2 6 9 2 7 9 8 1 2 2 1
753 9 8 9 4 8 1 6 3 2 10 10 8 5 4 5 7 7 6 4 7
731 7 1 5 9 5 2 9 8 8 10 7 5 8 4 9 10 7 4 1 4
589 5 8 5 1 7 10 5 2 2 8 9 6 1 1 4 3 9 4 4 6
705 9 10 8 5 8 5 3 8 5 3 2 7 6 10 5 9 3 10 8 1
604 4 1 2 6 2 9 9 8 5 10 5 5 7 4 5 3 2 9 1 5
643 3 10 10 2 8 7 10 2 8 6 3 8 5 5 7 4 5 9 2 8
662 8 8 4 5 1 3 6 6 9 2 10 10 5 2 2 5 8 7 5 10
595 1 7 9 6 6 10 2 5 3 4 10 8 4 4 5 1 1 9 9 7
697 5 6 10 8 7 3 6 10 1 1 3 1 10 10 4 5 10 10 10 4
521 4 5 1 4 1 7 2 9 7 6 8 3 5 2 1 1 10 5 4 8
20
670 5 9 2 4 6 7 6 6 9 9 8 4 1 1 9 5 6 8 4 9
644 8 2 1 3 2 2 2 4 7 6 3 9 6 5 6 5 8 10 9 9
612 6 6 4 8 6 1 4 6 4 6 10 2 9 4 6 1 4 10 1 8
574 1 10 1 9 1 3 10 1 2 4 4 5 10 5 4 9 7 1 9 6
557 6 6 2 1 3 10 5 6 2 5 4 6 1 8 2 2 7 2 10 6
649 5 8 10 7 9 8 6 9 3 2 7 8 3 2 2 2 5 3 2 8
620 8 9 7 7 9 6 2 9 5 8 2 3 6 6 1 4 5 3 5 5
705 8 2 10 8 3 8 8 7 9 3 9 6 1 7 9 2 7 1 4 9
595 9 10 4 9 1 9 1 1 3 4 1 8 4 6 2 5 8 9 5 1
677 5 7 2 10 6 6 7 10 2 2 7 5 7 9 9 1 4 5 10 6
578 2 5 10 7 9 6 7 3 9 5 3 2 6 7 1 3 9 2 1 9
638 3 3 5 6 3 9 8 4 6 6 7 8 3 4 3 7 6 1 6 5
531 1 3 4 7 9 3 1 4 1 2 7 2 2 4 6 10 1 1 7 7
569 4 4 8 5 6 2 7 7 8 1 4 1 6 4 3 9 8 1 5 4
702 10 8 7 9 6 9 4 1 3 8 6 10 7 5 1 4 2 5 4 10
609 9 3 8 8 1 3 10 1 8 3 1 4 9 5 6 4 10 2 10 10
706 7 9 9 2 1 4 9 1 6 6 8 1 9 9 9 7 1 3 10 8
768 9 10 1 10 7 9 9 10 6 8 6 1 3 9 5 7 5 7 4 3
456 2 2 2 3 4 6 6 4 4 4 4 3 10 6 10 1 2 3 10 2
592 6 5 8 7 3 4 3 7 10 5 9 3 5 3 8 2 3 4 2 8
20
482 6 1 1 3 8 4 6 1 3 8 3 7 9 3 3 3 9 1 5 3
731 6 8 9 3 9 7 2 7 8 2 10 9 4 10 9 4 7 4 1 6
688 3 7 8 4 2 7 10 2 3 8 7 2 10 9 7 8 1 8 6 7
624 5 2 1 6 6 6 6 9 10 1 5 3 10 5 6 7 6 7 9 3
573 5 3 9 5 10 2 5 6 7 6 3 5 3 6 9 1 8 9 6 1
722 8 5 9 1 9 8 5 8 8 2 6 1 6 2 2 9 5 9 5 10
636 10 10 2 8 3 8 2 9 2 8 3 5 8 6 4 7 3 3 1 5
540 2 1 2 1 7 5 6 4 8 3 7 10 3 10 3 5 3 4 1 1
689 7 6 5 6 4 1 6 10 10 10 1 5 2 6 7 7 4 10 9 1
561 9 5 9 1 10 8 2 1 9 5 2 6 2 5 4 3 2 10 3 2
507 1 1 1 5 9 8 1 2 7 9 6 9 4 1 3 6 6 2 1 4
749 4 5 7 5 1 10 9 9 3 10 1 9 8 8 10 8 8 5 2 7
770 8 4 7 9 4 8 9 8 8 4 7 9 6 7 5 8 4 7 5 7
637 6 9 9 7 10 5 4 5 10 4 3 5 10 2 1 6 1 6 6 6
555 3 4 10 9 3 5 4 2 9 2 10 2 5 6 5 7 2 6 3 2
623 3 1 3 3 9 5 2 1 1 1 5 9 7 8 6 9 9 10 1 5
689 6 10 10 2 1 9 7 10 10 1 2 7 5 8 6 4 7 6 10 7
669 4 7 8 8 4 2 4 8 9 10 8 3 9 3 10 10 1 4 2 9
667 5 8 3 9 4 1 8 3 7 10 10 1 1 6 7 3 7 10 5 1
565 2 1 3 9 6 3 2 7 1 1 3 1 5 7 1 10 4 10 7 10
20
638 2 9 4 8 5 10 3 5 9 5 3 5 8 9 3 2 3 8 10 10
726 4 8 8 10 3 9 2 1 3 3 10 8 2 5 3 10 4 9 8 5
620 2 3 4 3 3 9 2 1 8 6 3 6 9 2 7 10 10 10 6 9
696 4 8 3 5 8 3 3 10 8 9 4 6 7 9 1 10 5 9 6 1
583 1 2 3 4 6 9 9 10 10 4 2 3 6 6 4 7 6 6 6 1
640 3 9 6 3 9 4 2 8 1 2 8 2 10 8 4 9 4 8 4 4
620 4 5 2 10 2 1 2 3 1 4 7 10 8 9 4 9 6 4 7 8
704 5 7 6 4 9 9 7 9 5 3 6 3 3 5 5 7 4 5 7 10
592 2 4 8 10 9 2 4 7 7 7 6 1 3 4 4 10 1 5 2 5
571 2 5 3 4 1 2 3 7 7 2 2 8 1 8 7 8 10 1 9 9
638 7 8 4 8 2 7 1 8 9 1 6 10 6 2 6 6 5 6 4 6
535 5 4 10 7 7 4 7 5 10 2 1 4 10 9 4 4 3 2 8 3
686 8 7 5 9 5 6 8 8 6 2 5 9 7 5 2 6 3 10 4 3
591 3 3 5 3 7 9 8 4 8 1 9 2 4 9 3 1 2 10 1 5
606 4 4 2 5 10 5 4 7 4 6 2 1 2 9 9 3 5 4 10 7
744 8 5 6 4 5 4 3 7 3 6 7 6 10 8 1 7 10 10 4 7
588 2 2 8 3 6 4 3 3 6 3 6 5 9 9 1 10 6 2 9 8
628 1 9 10 1 4 2 2 6 10 3 10 8 3 3 7 5 3 7 8 8
642 8 8 5 7 6 1 8 10 2 4 7 2 1 1 1 7 5 4 8 9
606 4 10 4 4 8 1 9 6 8 2 2 5 10 1 5 6 2 8 5 9
20
520 1 2 2 6 4 7 2 5 10 4 2 9 7 8 2 5 8 7 6 3
598 6 4 9 1 9 6 2 5 5 6 2 8 4 5 5 6 10 1 1 8
632 3 6 8 2 8 2 4 7 5 2 8 3 6 9 8 7 2 10 7 5
662 6 5 9 10 6 1 10 9 9 1 4 5 7 2 8 3 9 8 10 3
600 4 10 1 9 10 3 1 7 7 5 7 1 10 1 4 9 1 6 7 1
514 5 3 5 1 8 1 10 8 7 2 2 4 10 1 3 1 10 8 2 2
649 8 6 4 10 1 4 5 5 2 10 10 3 8 1 3 9 1 5 1 6
631 7 3 5 3 7 5 4 4 7 5 8 7 7 10 4 3 10 2 3 8
537 8 3 1 10 4 4 3 2 5 7 2 7 3 4 6 2 2 8 1 9
849 10 6 8 7 2 9 6 5 6 10 7 10 7 10 5 4 10 8 10 3
603 6 4 5 5 6 7 4 4 6 5 1 10 10 4 8 5 9 5 4 2
636 7 6 7 2 4 9 5 4 3 2 10 4 5 8 6 2 10 5 7 6
565 7 4 3 5 3 6 6 6 8 6 4 1 10 9 7 7 2 1 7 2
582 6 10 9 4 1 3 9 1 8 4 1 9 1 1 9 7 9 6 5 1
553 5 6 10 5 3 4 4 3 3 10 1 9 3 5 5 2 8 6 3 8
576 1 2 5 4 7 7 8 1 8 7 7 4 6 5 1 1 3 9 4 9
789 5 5 7 9 4 9 7 7 7 8 8 7 3 7 1 5 4 8 8 9
482 4 8 4 2 7 1 10 2 1 2 3 3 5 4 6 3 6 2 2 8
655 1 1 8 4 9 9 7 5 5 10 9 1 5 2 6 7 6 7 5 5
695 1 8 7 3 8 5 5 6 6 7 8 1 10 4 4 6 4 10 10 10
20
473 7 5 6 2 9 8 2 7 5 1 2 3 2 2 3 1 7 3 2 3
597 9 8 7 9 4 7 6 1 6 3 3 3 8 2 3 8 8 6 1 1
957 7 5 1 8 9 10 10 8 9 8 9 9 10 10 7 10 6 10 9 5
588 5 4 4 6 8 5 8 2 2 1 6 2 1 7 5 1 10 5 6 10
708 4 3 4 8 7 3 3 7 1 3 3 10 9 8 3 10 4 10 7 9
592 2 9 4 2 6 9 6 7 1 5 9 8 8 8 2 1 8 4 4 2
708 10 8 4 1 6 4 4 4 1 2 5 6 5 2 8 9 6 9 8 9
530 1 10 7 10 4 2 5 2 6 1 10 8 6 3 3 2 6 2 7 10
606 1 7 3 2 2 2 9 10 5 9 4 10 1 8 9 9 3 5 3 1
633 10 2 9 4 9 4 4 2 1 2 1 10 5 7 3 3 1 9 8 9
620 4 8 7 9 4 3 2 4 5 9 9 7 10 5 1 1 9 8 10 5
669 3 8 9 9 8 2 9 8 8 1 6 9 10 10 3 1 7 7 8 4
563 7 2 8 1 3 8 4 2 5 9 7 8 4 4 5 7 2 2 3 3
766 10 10 7 7 3 2 4 1 4 8 7 8 4 4 2 9 9 8 9 9
708 4 9 9 2 10 7 9 5 4 6 8 3 8 6 3 6 4 3 7 10
542 5 8 7 3 6 8 5 7 9 3 5 3 6 4 9 6 1 1 4 4
592 1 3 8 8 2 8 5 5 6 5 4 6 9 2 1 8 8 5 6 4
638 6 2 2 8 4 8 5 3 5 7 4 9 7 5 7 7 1 6 9 3
528 1 4 3 2 7 2 7 5 4 5 9 3 8 7 2 2 7 5 10 4
719 9 7 3 9 5 7 10 3 10 4 5 5 6 6 10 9 7 6 5 1
20
580 3 1 8 10 6 9 8 6 1 7 4 10 8 2 2 3 4 3 10 2
692 5 2 10 1 4 9 8 8 4 2 10 8 6 3 5 6 9 6 6 7
426 1 5 7 9 1 4 5 4 2 1 5 1 5 8 6 2 3 4 6 2
514 1 8 2 2 7 9 1 7 8 3 2 5 8 10 8 2 2 1 10 7
689 5 7 5 10 1 8 6 6 2 1 8 8 2 6 10 10 5 5 5 1
634 5 8 7 4 6 6 5 2 5 10 6 8 6 3 1 2 9 2 10 5
662 7 4 4 5 2 10 2 7 7 9 7 8 4 8 3 1 7 4 4 10
593 9 5 3 6 6 9 5 5 4 9 6 4 1 3 8 5 2 1 6 3
610 7 10 9 1 2 5 2 10 4 6 3 9 5 1 4 8 5 10 5 2
728 9 8 3 2 3 10 9 7 4 7 5 2 1 10 3 6 10 2 7 8
579 4 6 9 4 5 7 5 1 10 6 9 4 6 7 7 3 1 7 5 2
595 2 6 5 9 7 2 1 10 2 3 1 1 4 8 9 8 8 7 10 8
577 4 10 8 4 2 7 3 1 10 8 4 7 5 4 7 6 6 9 2 3
617 7 1 10 9 9 2 1 9 1 4 6 6 2 3 5 7 3 6 7 1
644 3 9 3 9 4 5 5 10 10 7 1 8 2 7 4 5 9 7 7 8
675 8 5 1 6 10 9 6 8 4 2 5 9 2 4 3 5 2 7 5 8
808 7 8 8 10 5 8 1 8 6 9 3 7 2 9 10 10 10 4 7 10
695 8 5 4 2 3 8 10 10 4 6 8 5 7 2 9 4 7 3 2 8
614 5 5 8 9 2 5 1 1 6 6 8 9 1 4 4 4 6 3 8 7
612 2 8 2 2 1 9 5 3 1 4 5 9 5 6 3 6 8 3 10 9
20
593 2 3 4 4 4 1 9 5 3 8 2 3 4 7 9 2 9 6 9 8
559 3 6 2 6 6 6 6 5 5 6 6 1 2 6 8 2 9 3 7 5
707 8 2 4 8 9 2 8 8 1 8 8 2 4 3 2 7 3 5 9 5
680 6 6 9 1 1 9 6 8 3 3 7 10 9 3 4 5 2 5 10 10
571 3 9 4 3 2 10 7 5 9 9 2 8 3 3 3 1 8 1 8 5
753 5 9 8 9 6 5 4 3 3 5 6 5 6 8 9 10 8 7 4 7
686 8 8 4 3 4 9 7 1 10 10 4 10 3 1 6 7 3 7 3 3
448 7 5 10 5 1 1 3 3 3 3 1 2 9 3 9 2 8 6 3 6
593 7 3 6 4 4 9 5 4 5 9 2 4 1 2 6 6 1 2 6 10
675 3 9 4 9 7 7 7 2 2 4 9 2 9 8 9 9 3 3 9 7
683 1 10 5 3 9 7 4 7 2 7 8 4 7 7 8 5 10 6 9 9
651 3 3 4 7 9 3 8 4 2 7 9 6 4 6 2 9 8 4 2 1
533 6 4 1 4 5 2 3 3 10 3 7 2 5 9 8 3 8 3 1 3
644 2 9 6 1 6 10 5 6 9 6 5 6 4 6 2 4 2 10 4 9
633 8 8 4 6 6 4 10 5 3 6 2 2 8 2 2 5 8 6 7 9
708 10 8 3 4 3 9 8 4 3 8 3 8 3 9 4 5 4 7 4 8
669 4 1 8 10 8 6 3 7 2 4 10 2 1 2 10 8 10 10 5 1
567 1 4 4 1 10 8 7 2 8 6 6 9 3 1 7 6 4 9 5 1
670 1 10 8 1 7 9 10 10 7 10 1 5 2 9 6 1 4 6 8 9
622 4 9 3 1 6 8 5 4 9 5 5 10 4 9 6 3 1 7 8 3
20
700 4 7 1 7 10 8 1 9 7 7 1 1 10 6 9 8 7 6 9 8
699 10 4 7 6 3 9 3 5 4 2 6 6 5 7 5 8 5 10 5 4
663 9 4 7 8 4 5 4 10 2 7 9 7 6 2 1 5 5 5 9 5
619 5 3 10 10 4 2 9 3 1 2 9 7 9 9 6 7 1 5 1 2
640 1 5 8 9 10 5 10 2 10 2 2 1 8 8 3 10 5 8 2 3
442 2 2 3 3 10 7 6 9 7 5 1 2 10 4 2 1 6 1 7 4
584 9 8 3 4 1 2 10 5 1 3 2 5 5 7 5 4 8 10 6 3
683 6 1 10 9 7 8 1 4 2 7 4 6 5 9 2 10 5 7 7 2
629 5 5 9 6 5 7 8 1 2 8 8 6 2 2 6 4 9 6 2 5
720 9 5 3 9 10 9 7 6 1 6 2 9 2 3 2 10 1 3 10 4
607 1 5 1 1 10 8 9 4 5 4 7 7 8 9 2 5 1 4 4 9
622 3 9 6 5 8 3 9 10 9 9 4 3 1 5 9 7 5 3 7 2
748 6 4 2 7 9 9 9 8 1 2 6 2 2 10 1 9 10 3 9 9
602 7 10 2 5 1 5 6 8 8 1 5 9 10 6 2 4 1 3 10 7
648 8 3 10 8 9 9 7 10 6 3 6 2 6 1 4 1 10 3 3 5
476 1 4 8 8 2 4 1 6 3 5 9 2 8 8 6 2 4 2 7 3
588 9 5 6 10 5 10 1 5 6 8 2 1 6 2 2 3 6 4 5 6
580 9 7 4 2 6 1 6 5 8 4 5 5 4 9 2 2 7 4 9 4
441 1 10 3 9 6 1 7 3 2 2 1 2 2 10 5 4 6 4 2 1
720 10 4 1 1 7 7 6 7 5 7 7 8 10 6 4 8 10 4 4 7
20
717 2 4 4 5 6 10 10 5 10 5 7 5 8 8 8 4 1 8 8 6
717 5 2 1 8 4 4 10 9 2 9 3 10 9 3 10 9 8 4 4 10
650 6 10 3 7 2 1 10 9 4 2 7 7 7 1 9 2 8 5 8 9
728 7 2 8 5 1 7 7 10 3 6 4 7 9 9 4 9 7 3 9 8
605 9 10 10 1 4 7 2 5 9 1 10 8 4 7 4 1 6 1 3 4
678 9 3 2 5 1 10 1 6 6 6 10 10 1 3 5 10 1 3 8 4
687 5 5 4 1 7 8 9 7 9 6 2 4 9 3 10 10 7 8 1 5
634 10 8 8 6 10 9 6 8 4 2 3 4 10 3 6 4 1 3 9 7
642 7 10 2 8 6 3 1 3 10 5 4 8 8 5 5 7 5 8 7 6
648 5 7 2 8 9 4 7 2 3 6 9 2 4 1 5 6 8 7 5 8
521 1 8 10 3 6 4 9 10 1 1 2 9 9 2 9 2 9 6 8 1
602 3 2 10 2 5 8 8 4 4 4 8 2 2 2 8 5 8 7 2 2
753 6 9 10 1 2 6 10 7 10 4 5 10 6 6 7 7 10 7 6 9
685 9 2 7 6 7 5 8 2 9 5 1 2 7 8 8 9 10 5 10 2
637 9 7 2 6 5 4 1 6 2 5 2 10 5 4 10 6 4 9 2 9
664 4 9 10 2 7 9 10 3 9 5 2 8 9 4 7 7 2 7 5 6
531 4 4 4 4 5 8 7 3 5 4 6 5 7 7 7 1 6 4 2 6
497 2 5 6 7 2 10 3 2 7 7 4 5 2 1 2 4 5 2 5 9
720 10 2 5 9 9 5 5 8 2 7 4 4 8 6 6 7 7 3 8 3
655 7 8 3 7 1 8 3 6 4 8 4 5 6 2 10 4 7 5 4 10
20
618 4 10 5 4 6 7 2 2 2 8 6 7 7 4 1 7 10 7 10 4
555 7 6 3 1 2 4 1 3 7 7 9 6 7 5 10 5 8 1 6 2
656 2 7 8 4 8 5 10 1 8 6 6 9 2 3 2 2 1 10 10 7
658 6 3 10 7 10 4 3 10 4 4 1 2 10 10 4 7 3 6 8 8
619 1 10 6 1 1 8 9 1 5 8 9 8 3 7 1 4 5 1 10 4
792 9 8 8 8 6 9 9 3 8 9 5 2 1 7 5 9 5 3 9 9
629 4 10 1 5 10 8 1 6 3 7 1 1 6 4 9 9 1 10 5 8
600 1 3 4 7 3 4 4 2 6 3 6 7 5 6 2 8 4 6 8 10
586 3 2 7 2 1 10 2 3 10 7 4 2 5 7 2 9 4 7 2 5
641 8 10 8 7 3 2 8 5 7 9 3 6 3 3 10 1 1 6 4 10
531 5 8 1 2 3 7 3 8 2 3 6 7 3 4 10 6 3 2 8 3
557 8 9 10 7 4 5 4 10 5 2 5 1 3 1 6 6 1 7 5 3
604 4 2 4 2 10 9 7 2 4 4 3 9 2 6 3 10 4 4 8 4
634 5 6 5 7 9 8 6 9 2 7 6 1 1 6 2 5 7 7 8 2
661 4 7 1 9 3 6 5 8 2 4 7 6 10 10 1 6 3 8 7 6
704 7 5 1 9 7 4 10 6 5 6 8 4 3 1 10 5 4 9 4 6
558 1 10 5 1 5 2 6 4 10 7 9 10 2 6 8 3 7 1 3 2
673 9 3 10 9 2 7 1 2 3 10 4 3 3 5 4 10 4 9 7 2
576 4 1 9 8 3 4 5 4 10 3 5 3 10 6 3 6 6 10 4 2
654 9 7 6 8 10 5 7 7 10 3 8 6 6 4 1 5 5 3 9 1
20
665 8 9 10 10 6 6 2 5 3 2 7 10 3 9 3 3 9 5 2 4
573 1 4 3 9 5 4 2 10 9 8 9 1 5 5 1 2 1 8 2 10
594 2 3 6 1 3 1 5 3 9 1 9 10 6 6 2 6 7 3 8 8
555 4 7 5 9 10 1 1 8 1 2 5 4 8 8 4 10 6 1 2 5
477 1 1 8 7 8 3 9 4 7 1 5 1 7 1 3 5 2 1 10 5
750 4 6 5 3 3 9 10 2 3 9 6 8 6 5 6 6 1 9 10 10
721 7 3 6 4 4 5 4 10 6 5 10 1 4 6 6 10 1 5 10 6
815 8 4 1 7 6 7 8 10 6 4 5 9 8 9 1 10 5 5 8 10
710 5 1 6 1 7 10 3 4 1 10 10 9 8 1 6 7 5 7 1 9
614 1 8 6 10 7 1 8 10 5 10 3 6 1 3 6 2 5 7 1 10
553 8 9 8 1 2 2 6 7 2 1 6 1 3 1 7 5 10 9 1 3
687 9 2 3 4 10 9 4 5 2 1 6 7 9 6 1 9 2 6 3 8
642 8 6 8 5 7 4 1 1 2 9 1 10 2 10 3 9 3 3 8 7
592 1 3 2 10 3 9 7 3 3 7 9 4 4 8 6 1 4 1 7 7
557 2 7 1 2 2 8 8 6 3 10 3 5 9 1 9 4 4 10 4 5
794 3 5 10 6 8 6 9 4 2 10 6 6 2 9 5 10 7 10 6 3
640 2 6 6 6 3 8 6 4 8 4 9 8 5 10 7 6 8 5 6 1
494 1 7 4 1 7 5 9 10 1 4 3 6 3 3 7 5 5 2 5 2
520 2 7 3 1 8 4 6 6 6 3 3 4 9 10 3 1 2 6 1 9
676 6 6 5 4 9 9 2 5 7 4 10 7 1 10 6 8 2 3 1 1
20
701 4 6 8 9 2 7 10 5 3 2 10 7 2 4 9 5 8 10 1 4
633 10 4 2 6 3 2 4 3 4 9 6 4 4 1 10 10 8 4 4 1
693 5 6 9 8 8 4 5 2 7 7 9 7 3 5 3 6 9 5 8 1
547 6 8 5 1 1 1 5 7 2 2 10 4 10 7 4 3 9 3 5 2
690 3 7 5 5 9 9 6 6 8 3 8 4 5 3 7 9 4 8 7 1
620 5 7 1 6 3 7 5 5 10 7 2 4 8 6 1 9 10 7 5 5
674 4 10 4 1 8 10 3 10 2 3 9 4 4 3 6 6 9 8 6 6
738 9 4 1 7 7 3 5 6 8 9 10 10 10 2 8 9 4 1 4 3
749 9 4 4 5 9 10 10 2 8 5 7 5 1 6 6 6 8 8 5 1
708 5 1 10 9 5 9 1 1 5 8 2 10 2 9 10 10 4 8 8 7
800 10 5 5 10 8 7 9 6 10 3 3 3 3 7 4 5 7 9 10 10
608 1 7 5 4 9 10 1 9 4 7 7 4 4 6 5 2 8 3 4 6
652 8 10 8 8 10 3 10 5 7 3 3 3 7 2 10 6 5 3 1 5
779 8 9 3 3 4 7 9 9 1 8 8 6 6 5 9 5 5 2 9 10
837 6 5 8 5 8 5 7 7 9 8 8 7 3 10 8 7 2 10 7 6
723 10 6 2 9 3 4 10 2 9 5 10 5 4 9 7 6 5 1 6 8
760 7 5 5 9 9 4 4 2 10 5 10 8 1 10 7 10 1 6 1 3
454 1 4 6 1 3 9 1 7 6 2 4 9 10 4 9 3 7 2 2 1
644 7 8 6 8 4 8 2 8 5 9 1 1 7 4 3 9 10 5 8 4
753 4 10 1 5 8 10 10 4 2 8 8 10 8 5 3 5 8 7 9 2
20
628 2 6 6 7 8 7 4 8 2 3 8 1 10 8 2 6 4 3 10 10
794 10 6 4 4 9 4 8 7 10 8 8 3 9 8 4 7 7 3 1 9
723 10 7 4 9 8 5 1 7 1 3 10 6 4 6 5 2 10 9 1 7
663 4 9 9 8 4 9 2 3 10 2 6 8 4 6 9 9 8 6 2 4
663 3 4 6 9 2 2 2 9 5 7 7 8 3 8 8 5 7 5 8 10
791 9 4 8 2 7 6 9 3 3 6 8 8 3 8 6 8 6 10 5 6
649 7 6 2 7 8 6 2 1 2 4 7 6 5 1 3 8 2 10 8 9
693 4 1 5 8 10 5 9 4 9 8 2 1 4 9 8 5 5 8 8 10
686 5 4 5 10 3 2 9 1 5 9 9 6 9 7 7 2 2 7 3 10
635 7 1 4 1 6 5 10 7 3 2 7 7 4 8 10 2 9 5 4 6
514 7 5 10 2 1 3 9 3 6 7 4 3 2 1 3 1 10 7 6 4
545 10 9 1 8 2 6 1 6 8 1 5 4 10 4 3 4 7 9 1 1
677 1 1 5 1 10 10 9 8 9 2 10 1 5 9 2 3 2 9 10 10
668 9 3 9 10 9 2 6 7 8 4 3 7 5 5 4 5 2 8 2 4
464 3 4 5 1 1 4 7 2 5 7 1 2 10 5 8 6 2 7 4 4
624 6 5 4 9 8 9 2 10 1 3 1 9 6 2 10 2 8 6 9 10
745 7 3 9 1 10 1 10 9 2 10 4 2 7 10 9 6 5 1 7 9
457 4 9 3 7 1 9 1 5 1 1 1 5 4 7 2 4 10 7 4 1
674 8 9 10 10 2 5 10 3 3 3 9 1 5 4 6 6 10 9 4 1
607 3 7 9 3 1 2 4 8 6 5 10 10 2 2 2 5 2 7 7 5
20
653 3 9 1 7 6 8 4 3 5 9 7 5 10 1 5 8 7 2 8 5
651 7 4 6 3 1 7 6 5 10 2 4 9 6 5 3 8 6 1 9 10
568 6 7 8 6 8 3 7 9 3 6 4 2 10 2 3 1 8 4 7 1
478 4 7 3 1 8 3 7 3 6 6 6 4 6 1 2 1 7 6 1 1
793 5 4 7 10 9 7 5 4 6 9 7 9 5 8 6 10 7 6 2 7
544 6 7 5 3 8 9 8 3 5 3 1 1 5 7 2 2 10 1 8 8
733 7 2 2 3 4 4 9 8 2 10 3 10 3 10 10 5 8 9 4 9
704 10 6 5 10 1 7 10 1 2 10 7 10 5 1 1 6 9 7 5 1
602 2 7 10 5 8 9 6 5 4 2 2 2 6 5 4 6 9 10 5 3
644 8 2 10 2 1 2 1 5 4 7 7 4 9 7 7 7 9 6 6 10
542 4 4 6 4 5 4 1 3 7 10 8 1 1 7 3 3 6 4 2 6
719 6 9 10 8 6 10 6 3 9 9 6 2 7 8 7 4 7 5 2 4
538 3 5 2 3 8 7 3 10 10 7 4 3 6 5 10 4 2 4 1 2
660 9 2 2 5 5 9 4 9 2 7 1 9 9 5 9 6 9 2 7 6
723 8 4 8 1 3 6 10 7 5 1 5 10 7 8 3 10 4 3 9 10
624 4 4 9 5 9 6 7 6 6 8 5 6 1 6 10 2 1 6 6 3
683 9 10 1 4 3 9 3 1 5 2 10 2 9 9 4 3 10 7 5 8
683 8 2 1 5 7 1 4 5 2 10 4 8 9 9 5 6 8 5 10 7
737 9 10 9 7 4 8 10 10 9 6 3 9 10 8 8 2 1 1 10 5
669 4 4 9 9 7 2 1 5 6 10 6 5 6 1 6 10 4 8 10 3
20
553 3 1 9 3 2 6 2 5 8 9 7 7 9 4 9 8 9 1 1 1
644 7 8 2 6 8 2 10 3 10 7 2 5 2 6 2 9 3 6 3 5
690 2 3 6 4 3 2 10 6 3 8 4 9 9 7 9 7 2 10 6 7
574 2 7 6 5 1 3 7 1 8 2 9 10 6 2 1 1 8 8 8 8
494 4 7 3 6 5 1 1 7 5 5 2 6 10 1 9 5 2 8 9 2
706 3 5 1 3 5 10 4 7 2 7 10 3 4 10 4 9 3 2 8 7
640 6 10 4 7 7 7 3 8 5 5 1 10 5 10 9 6 1 2 5 8
599 1 8 3 10 2 9 3 9 2 10 4 7 8 3 1 7 8 4 5 5
587 6 6 6 4 9 5 3 5 4 2 7 7 2 1 9 3 9 4 6 4
559 3 10 10 4 1 4 9 9 1 9 1 9 4 6 3 1 9 9 1 2
631 1 2 4 10 6 1 10 3 8 10 2 5 1 10 3 9 7 3 6 8
634 9 6 7 7 9 1 5 10 1 8 7 4 7 4 6 1 6 10 2 2
627 1 9 5 2 10 2 4 5 5 1 9 6 7 8 6 2 7 9 3 8
675 6 8 2 9 7 5 10 9 4 4 4 4 4 9 3 8 4 8 6 1
678 6 4 2 6 1 8 10 1 7 6 9 8 9 7 7 4 9 3 7 7
615 2 9 3 6 3 4 5 1 6 10 6 2 9 3 6 7 10 5 8 10
594 10 8 9 8 5 3 1 4 5 3 5 7 3 5 5 3 4 8 6 2
574 1 6 7 1 10 2 9 8 7 4 6 6 4 1 3 7 1 10 2 7
626 9 10 4 7 6 3 2 4 5 7 6 6 6 10 10 2 7 4 1 2
658 10 1 4 5 4 7 4 9 3 9 8 9 8 2 1 4 4 1 2 6
20
492 8 7 3 5 5 1 6 6 4 1 1 4 4 5 3 1 10 3 8 6
755 9 4 2 6 1 7 10 10 1 4 7 9 1 9 8 10 9 1 7 5
577 9 5 1 1 2 4 1 7 3 2 7 9 2 8 8 6 1 3 7 6
681 1 9 4 1 6 9 7 7 9 8 1 10 4 8 7 2 8 10 6 8
665 8 10 6 9 1 4 10 6 3 2 8 3 4 8 8 7 4 4 2 3
506 1 6 1 9 5 6 6 8 8 1 5 4 1 10 8 1 6 4 1 3
471 5 8 6 2 2 2 7 1 4 2 1 8 9 3 7 1 4 6 3 9
636 1 5 10 3 7 8 1 4 4 6 5 4 1 5 10 8 9 10 7 4
586 3 4 3 7 10 9 3 5 5 2 6 2 2 4 7 10 1 2 9 8
581 10 3 5 3 9 2 8 4 9 3 3 1 5 3 2 1 1 8 8 7
565 1 7 1 3 6 8 9 9 8 6 7 6 4 6 9 1 1 1 2 3
560 8 4 5 10 4 9 4 9 3 4 6 2 5 1 4 4 7 3 2 3
584 8 7 9 5 7 7 9 5 2 6 4 5 4 5 1 1 7 7 3 2
683 10 1 7 2 8 7 3 3 9 9 9 4 9 9 5 6 5 3 2 2
630 9 5 9 9 2 5 4 3 5 3 1 8 8 10 8 6 10 9 3 2
680 6 1 10 2 2 7 1 4 9 2 10 7 3 4 5 5 7 10 8 8
725 10 8 9 4 9 7 8 4 1 2 7 8 5 7 5 1 8 7 10 2
726 6 4 5 8 4 3 10 3 6 6 6 7 1 8 8 8 4 4 5 9
564 6 2 1 10 2 5 5 3 9 6 1 1 2 7 6 4 2 10 3 8
610 7 7 2 1 3 6 9 6 7 1 9 10 6 2 3 3 1 9 4 3
20
507 8 6 4 8 4 1 6 1 10 2 1 7 6 5 2 2 2 3 8 9
598 6 6 8 9 2 8 1 5 8 9 7 4 2 3 3 8 7 2 7 1
604 5 5 6 6 2 10 5 8 9 4 5 6 3 7 2 4 10 5 6 1
669 8 4 6 5 5 4 10 5 1 4 9 5 5 2 6 7 10 2 3 9
618 3 4 5 9 1 8 10 4 6 5 7 2 7 1 5 2 4 8 8 8
610 2 7 8 4 5 4 10 7 3 4 6 9 4 1 10 6 8 2 3 5
647 6 3 2 5 1 8 1 6 10 7 8 4 6 8 6 5 6 5 8 8
660 5 6 9 9 5 2 4 2 10 3 9 8 4 4 5 9 2 6 4 4
768 9 2 2 8 8 9 2 7 6 9 2 9 6 5 10 10 9 9 2 7
680 1 9 2 10 8 1 4 8 5 3 10 7 9 3 6 5 4 9 3 10
744 8 10 10 3 6 8 5 2 8 3 7 10 6 8 1 2 8 9 9 9
597 5 1 1 4 9 2 10 8 8 9 3 6 3 2 5 9 7 1 7 4
569 2 8 7 7 2 6 10 5 2 4 3 4 5 4 4 3 8 1 6 10
691 3 5 4 4 7 10 6 4 3 4 7 10 6 9 5 8 9 9 7 2
785 10 3 5 8 1 10 8 7 9 10 9 5 5 3 2 8 9 8 7 1
586 8 1 9 2 5 2 4 6 2 5 7 4 7 4 9 3 7 1 1 8
589 7 5 6 2 7 4 10 1 1 6 10 1 10 8 3 4 2 6 3 2
599 6 2 8 4 4 3 7 2 2 9 7 1 2 4 3 9 8 3 5 6
683 8 10 5 6 3 8 2 1 6 9 6 6 9 5 9 8 2 8 10 2
664 5 3 1 8 4 5 4 10 4 6 9 4 5 2 5 5 6 7 9 5
20
772 7 4 10 4 6 10 6 9 3 5 10 8 2 5 9 2 8 7 8 10
572 4 4 2 8 4 6 4 6 8 1 5 3 7 3 3 7 7 6 9 9
749 9 10 3 3 8 5 7 8 3 10 9 6 9 5 6 6 8 6 4 1
633 4 2 7 3 3 9 1 7 3 6 5 2 5 9 8 9 4 3 10 10
720 7 5 9 5 2 9 10 5 2 6 8 3 6 6 7 10 4 2 9 5
558 1 8 4 10 6 10 3 9 8 1 6 2 3 1 9 2 9 2 8 7
540 4 4 1 3 6 1 1 1 10 4 9 2 7 10 6 7 1 7 7 2
631 9 7 1 7 6 10 3 3 2 4 8 7 6 9 7 1 3 3 1 7
669 10 9 5 5 4 5 6 10 4 7 10 1 4 3 2 5 6 2 2 9
764 10 6 7 1 2 1 10 7 2 4 10 7 5 5 6 5 3 8 10 10
561 5 10 10 2 3 8 4 7 4 4 2 3 10 2 3 4 8 9 3 8
584 2 6 7 8 1 5 2 5 6 9 2 10 8 4 8 7 7 3 9 2
451 3 7 5 7 9 1 3 3 6 2 4 4 9 2 6 5 7 1 9 2
546 3 1 7 2 7 1 6 8 7 6 1 9 9 3 4 3 7 7 4 10
755 6 8 7 10 8 4 3 6 1 10 10 4 5 10 3 5 10 5 8 3
604 7 8 2 7 5 5 7 8 8 9 7 4 4 1 8 3 2 2 1 2
689 10 8 1 4 9 2 3 10 7 10 3 9 3 1 8 9 7 9 4 3
622 10 1 10 9 8 2 10 6 3 2 10 1 5 6 3 3 2 1 9 4
667 6 4 6 10 8 7 10 4 10 1 2 6 9 9 1 8 2 7 2 4
698 9 6 6 5 2 10 8 6 5 1 9 6 7 2 1 9 9 4 3 5
20
573 3 1 9 1 9 2 10 7 4 1 2 8 5 10 5 3 8 6 2 4
725 8 4 8 9 3 6 8 6 5 9 3 10 2 5 5 7 6 3 5 7
660 6 10 4 3 6 2 2 8 10 3 10 6 1 6 8 4 9 4 5 5
722 3 8 4 6 8 9 1 8 2 8 8 3 3 9 6 9 4 3 8 10
718 4 7 10 1 9 10 8 3 4 4 4 6 3 10 10 8 9 4 9 7
654 3 6 9 2 2 2 5 5 1 9 9 7 2 5 6 10 9 6 8 1
650 10 4 6 9 1 1 8 7 4 2 8 7 10 9 7 3 3 7 9 1
530 1 7 5 8 6 3 5 2 1 9 4 7 7 2 10 3 10 10 3 2
577 6 4 4 3 8 3 5 10 1 4 8 4 10 7 2 1 4 2 4 9
509 6 6 3 8 6 6 2 3 3 5 1 4 10 3 3 4 8 4 3 4
551 7 4 7 4 3 10 1 1 2 4 3 10 9 1 9 1 4 6 10 10
676 10 8 8 10 2 1 4 10 8 10 1 1 3 5 7 7 9 9 9 1
663 6 9 6 10 8 4 6 9 8 9 6 6 6 1 4 6 2 8 5 2
751 6 1 4 10 8 4 8 4 8 2 8 10 4 3 3 10 6 8 7 9
644 4 1 7 8 8 10 2 3 8 8 1 8 9 7 2 7 8 8 6 3
747 6 10 4 9 10 10 10 7 4 8 10 1 10 9 4 1 10 10 1 1
845 10 1 6 3 4 10 9 7 10 7 4 7 9 7 1 9 10 9 8 8
798 10 4 5 10 10 6 5 6 10 9 10 7 2 6 2 9 5 7 4 3
678 1 9 10 10 8 9 6 5 10 6 4 10 1 9 3 4 2 4 10 4
566 9 1 5 5 3 7 2 5 9 10 5 10 7 4 4 1 3 1 1 5
20
673 10 2 8 9 2 9 4 7 8 1 1 1 2 5 2 7 10 6 6 10
582 3 8 2 1 3 2 10 2 2 1 8 10 5 1 8 6 5 10 9 6
658 2 10 10 2 6 7 7 3 6 10 2 8 2 10 2 6 4 7 5 3
750 10 3 6 6 4 6 8 8 10 4 2 2 2 8 4 9 10 5 10 10
598 7 3 7 10 2 5 5 4 4 3 10 4 4 1 9 5 10 1 1 4
798 6 1 1 6 6 9 6 9 6 9 8 8 3 7 6 8 9 6 8 8
635 6 1 9 9 10 1 8 10 9 2 4 9 8 3 1 5 9 2 10 2
641 10 2 5 5 1 8 8 3 6 7 3 5 4 1 4 7 10 2 3 10
573 5 7 3 8 9 8 2 7 4 7 6 1 7 4 5 3 6 1 3 5
820 8 3 8 2 3 7 7 8 1 10 10 9 7 9 4 8 1 7 7 8
506 2 6 5 5 4 5 4 1 7 4 1 5 2 7 6 6 10 7 7 1
748 9 8 10 9 4 4 3 1 4 10 10 4 1 3 3 5 10 8 7 6
713 8 7 8 8 2 3 5 4 3 9 2 2 2 8 7 5 8 9 5 10
672 2 6 3 4 9 4 10 8 3 3 9 3 7 3 10 3 3 6 9 9
712 7 9 10 4 6 5 2 9 8 7 10 5 5 4 9 4 9 7 1 4
709 9 10 8 3 6 10 4 7 7 10 5 8 6 9 8 3 4 1 3 2
680 1 4 2 9 1 8 4 4 2 10 10 8 8 7 10 4 3 8 8 3
660 1 5 8 1 1 2 9 5 7 6 10 5 9 6 10 10 4 10 2 4
580 1 6 8 8 4 8 1 4 10 7 10 6 2 9 7 1 1 2 7 5
678 5 8 10 7 7 5 3 9 6 7 4 1 10 3 3 4 5 9 8 8
20
713 7 9 8 2 6 7 6 1 3 10 4 9 2 8 5 3 10 9 7 3
629 1 2 10 3 7 6 5 7 4 6 9 4 4 9 7 2 4 3 5 8
637 9 9 9 6 6 4 5 6 2 1 2 10 1 7 2 3 6 10 3 4
578 2 4 2 3 7 10 3 5 8 10 2 3 3 3 4 6 6 3 9 9
366 2 4 7 5 4 1 3 1 5 3 1 3 6 5 2 2 1 4 8 6
591 5 9 5 3 5 4 5 2 4 10 6 2 9 6 10 2 10 6 4 4
732 4 1 3 6 4 5 10 10 7 6 5 10 2 8 9 7 1 10 6 4
603 6 7 3 2 9 10 3 6 10 2 7 7 3 5 6 4 1 2 6 2
697 6 6 9 10 1 4 8 3 9 9 6 4 9 6 5 10 5 8 2 3
595 7 7 2 5 2 6 5 9 3 6 6 5 4 6 6 1 5 4 6 2
696 2 2 10 6 8 5 7 3 9 8 8 2 5 5 3 7 7 8 8 4
619 10 1 9 4 10 10 2 3 3 1 7 3 3 9 2 2 1 6 10 8
618 3 2 3 4 3 4 6 8 5 2 1 9 2 9 7 3 4 10 10 9
591 1 4 6 7 7 2 4 5 9 10 7 2 1 2 7 2 10 4 9 5
750 7 10 10 10 8 2 10 3 8 8 8 3 6 5 6 7 4 5 8 8
717 10 10 7 6 8 5 10 5 2 8 4 2 6 2 5 6 8 7 6 1
651 2 6 2 3 1 7 6 4 7 6 5 9 7 6 8 9 10 5 4 3
668 6 2 2 6 8 4 9 6 8 8 4 2 3 1 8 10 4 8 7 1
536 8 9 1 7 3 3 8 2 5 3 2 9 2 5 6 4 3 2 5 8
681 3 4 1 9 5 5 3 5 3 6 10 7 1 8 4 10 8 1 7 9
20
580 4 4 5 3 9 2 3 3 10 2 7 2 4 6 1 9 10 8 2 2
582 1 7 8 1 2 9 3 6 3 8 2 7 10 10 4 1 6 9 1 10
700 8 5 7 1 9 2 2 5 9 8 5 9 3 9 6 9 4 6 7 3
792 9 6 1 1 9 7 1 6 9 6 10 10 1 7 3 5 7 10 10 9
537 9 7 8 7 8 2 5 2 5 2 6 1 4 1 6 6 4 5 2 5
602 9 2 1 6 10 3 2 7 5 9 10 2 6 5 1 2 1 4 9 3
564 5 3 6 1 9 7 4 3 4 2 8 7 9 6 9 1 8 8 5 2
513 1 8 4 6 6 10 1 5 2 1 6 9 5 4 10 3 1 1 8 7
558 5 5 3 7 5 6 1 10 2 4 5 1 2 1 4 7 8 5 7 9
598 5 6 5 1 8 6 6 10 10 1 6 1 4 9 1 5 9 5 1 1
706 6 9 5 9 10 3 5 8 4 5 8 3 5 3 2 8 4 7 6 5
581 9 4 10 3 6 10 5 1 2 1 5 7 10 1 2 4 8 8 7 2
658 6 2 1 10 9 10 7 7 2 1 8 4 2 7 9 2 7 5 1 7
637 7 8 9 5 9 10 5 9 7 4 5 1 4 5 9 1 1 7 9 2
754 7 7 5 5 10 8 7 9 1 2 4 6 3 10 9 4 6 7 3 10
713 9 9 4 5 9 6 1 5 4 4 6 4 1 3 8 8 10 5 4 9
604 3 3 8 8 9 5 3 3 10 3 7 8 3 3 9 3 4 7 6 7
453 3 3 5 9 6 2 9 7 2 1 1 1 6 6 7 1 1 5 5 8
563 1 8 3 1 9 10 2 7 1 4 5 5 10 6 2 1 3 6 8 7
634 5 5 2 10 5 5 8 9 3 8 5 4 8 1 9 4 2 1 7 10
20
575 3 4 10 4 6 10 1 5 7 10 1 3 3 5 9 3 6 7 7 4
625 6 9 9 7 8 6 10 2 5 2 4 4 1 3 1 4 8 8 5 6
594 5 8 5 3 9 4 5 1 1 6 1 5 9 2 7 8 9 7 6 10
614 9 10 3 1 7 10 9 5 4 4 2 4 4 8 6 6 6 4 4 1
485 4 1 8 2 6 10 5 3 9 8 3 3 4 2 6 1 10 2 8 1
655 2 3 7 9 2 10 6 10 10 7 5 9 10 1 10 6 8 10 3 3
769 5 10 10 5 4 6 1 2 8 3 8 10 9 7 8 10 9 7 10 7
711 8 9 8 2 7 4 8 8 4 6 10 9 4 7 5 3 9 8 2 3
762 6 2 10 9 10 10 7 5 10 5 1 5 7 8 1 9 7 10 10 7
615 4 2 3 8 8 2 9 1 3 6 1 3 9 4 2 10 4 6 7 9
605 10 3 3 8 8 2 5 7 7 3 2 4 9 3 4 5 6 5 8 9
551 4 6 9 5 5 10 1 7 5 2 10 3 7 2 8 3 5 1 8 5
538 9 9 1 6 2 2 1 4 1 5 6 6 8 5 7 7 7 1 3 4
662 8 2 6 8 8 2 6 8 6 6 2 4 10 6 9 10 7 3 3 2
725 10 10 8 9 9 1 10 2 6 5 2 10 6 9 3 1 10 9 6 4
621 10 1 4 5 7 8 4 3 1 3 6 7 9 2 6 6 1 9 2 5
701 10 9 3 8 7 2 6 1 7 5 7 6 10 1 8 10 8 4 3 9
586 5 4 4 5 10 5 10 1 7 3 1 5 9 9 8 5 8 3 6 5
651 6 10 6 8 2 3 4 6 2 8 6 3 3 8 3 9 10 1 3 3
552 6 4 6 9 4 9 3 2 9 8 3 3 10 8 4 6 3 1 1 4
20
536 2 8 4 7 7 1 10 2 4 1 2 4 2 6 9 5 4 9 1 7
682 9 7 1 6 7 3 10 4 4 1 5 1 7 6 7 5 2 9 10 7
586 3 1 6 7 6 5 4 4 4 1 10 4 9 4 6 10 6 4 1 4
574 9 7 1 4 1 2 3 6 5 8 3 7 7 8 6 4 5 8 6 2
553 5 1 2 2 3 1 1 10 6 3 2 1 5 7 10 10 6 8 7 5
592 1 10 5 2 7 4 3 9 3 1 10 8 1 5 6 5 7 2 1 8
537 3 2 2 2 3 4 7 10 1 2 5 6 10 2 4 10 3 6 2 1
651 7 5 10 2 10 1 8 6 6 6 4 4 3 3 9 9 1 2 10 4
540 7 7 3 1 10 10 3 1 4 2 4 1 1 3 2 7 7 10 3 2
822 10 9 10 10 9 8 9 1 7 9 9 9 7 5 8 7 1 5 8 4
705 9 1 2 5 4 5 2 8 1 10 9 10 5 5 1 7 10 1 10 6
718 10 5 8 3 5 9 5 10 3 6 3 3 8 9 10 3 3 10 8 3
609 10 6 10 3 1 8 8 5 5 6 1 2 9 8 2 1 3 6 7 7
642 6 7 9 8 8 7 2 10 2 1 3 10 9 3 7 5 9 8 3 7
509 9 2 1 5 7 2 4 9 3 4 5 3 4 8 1 1 1 1 10 4
651 4 5 4 4 1 5 8 9 1 5 6 6 8 5 10 9 3 9 9 2
685 3 1 10 9 9 8 3 7 6 8 1 8 8 5 1 7 4 8 6 9
616 8 7 2 2 10 8 4 1 3 7 1 3 9 10 9 2 3 10 3 8
780 8 6 4 7 2 9 10 8 3 5 7 8 7 8 10 7 8 4 7 3
772 9 10 5 4 6 8 3 1 6 8 10 9 7 6 2 4 5 10 8 6
20
658 9 4 3 8 5 3 4 8 9 1 6 8 8 7 7 6 9 3 5 9
610 4 3 6 10 10 1 2 10 8 2 3 2 10 4 5 8 2 8 10 6
707 5 9 2 7 5 6 3 1 1 10 1 4 1 7 3 10 10 10 7 8
692 1 1 3 1 3 5 3 9 8 9 8 7 1 10 6 10 4 2 8 8
691 4 7 7 9 10 4 9 10 9 2 6 7 6 3 9 2 4 8 7 10
850 9 2 2 5 5 8 9 9 6 6 8 7 7 8 5 9 10 4 9 7
642 6 1 10 7 8 8 7 8 6 9 6 6 3 3 6 1 2 6 2 2
747 6 3 1 3 4 7 8 1 9 9 8 10 10 6 10 5 6 6 9 8
727 10 10 9 9 10 10 6 5 1 2 6 5 4 8 1 5 4 2 7 4
755 3 1 6 4 5 3 10 2 7 9 10 10 2 7 1 10 8 9 4 2
795 10 2 2 7 1 9 9 6 6 9 4 1 10 6 1 8 4 10 10 9
635 7 9 6 3 1 2 8 8 1 3 10 5 10 4 5 5 4 5 10 7
495 2 2 5 7 5 9 5 4 7 3 1 5 8 4 10 4 9 2 2 2
617 5 10 2 5 2 4 5 1 7 8 4 6 9 10 8 7 10 6 1 5
631 5 8 1 5 4 7 10 8 9 7 7 1 5 7 3 5 1 8 8 2
603 10 7 5 8 1 5 8 4 1 7 7 6 1 1 8 2 4 8 2 4
669 10 2 1 2 6 4 10 3 3 4 2 8 8 10 7 5 5 10 3 8
706 5 2 1 6 3 2 5 8 10 5 9 9 1 2 9 10 9 2 9 8
684 2 6 4 5 6 10 3 10 8 4 1 10 1 3 8 10 10 5 10 4
599 10 2 1 2 4 7 4 2 10 3 10 8 1 2 7 3 3 5 8 3
20
448 4 1 7 1 5 4 3 5 4 4 2 4 6 9 1 3 5 5 5 3
716 9 6 2 9 5 1 5 10 10 4 7 1 8 7 10 10 10 1 10 2
638 2 8 9 6 1 3 9 7 3 4 9 5 9 1 1 10 10 3 2 9
584 1 5 1 3 3 3 8 2 3 10 5 8 7 3 3 7 9 7 1 6
730 9 10 8 1 7 9 5 4 5 7 4 6 10 1 9 9 5 8 1 7
748 10 9 1 10 7 5 9 8 8 9 6 9 8 8 4 2 6 8 1 6
499 1 2 4 9 2 4 4 2 1 4 7 2 3 7 4 6 1 6 3 7
705 8 10 10 10 2 6 3 7 10 9 1 1 4 6 9 8 8 3 5 10
651 2 6 3 7 7 8 4 1 8 8 1 6 8 10 3 7 10 8 8 1
505 1 4 9 9 7 1 2 4 10 8 1 6 2 10 2 1 5 2 9 6
629 2 9 8 4 9 9 2 4 5 10 4 7 7 7 6 10 1 2 2 4
580 9 1 6 6 5 8 3 8 10 5 2 8 2 1 9 2 4 3 9 4
534 7 10 7 6 4 2 8 9 2 1 4 9 8 2 4 1 4 4 3 5
753 5 5 6 10 9 9 3 8 5 6 10 5 2 4 9 4 6 7 8 10
587 3 5 5 8 7 9 10 4 10 6 6 9 8 6 1 2 1 3 3 1
592 6 6 6 3 5 4 9 8 8 3 2 8 1 2 10 7 3 7 2 2
640 6 10 10 7 1 1 1 3 9 3 10 2 6 9 5 2 3 8 3 10
810 7 5 4 6 10 3 8 10 9 9 8 2 10 8 5 10 9 8 6 5
640 5 3 9 4 6 8 10 1 9 4 5 8 4 7 1 3 10 6 7 6
621 3 1 5 8 5 1 7 8 9 8 1 7 8 7 7 4 8 3 9 5
20
611 9 2 1 1 9 4 5 4 2 5 3 7 3 2 5 9 8 9 5 6
671 7 10 9 7 5 9 3 4 1 8 4 3 5 1 10 6 3 8 8 5
740 3 2 4 6 4 8 9 1 3 1 10 10 10 6 4 10 8 7 7 8
605 2 5 6 2 3 5 7 1 9 7 9 7 6 8 1 4 1 9 3 4
571 5 10 7 9 1 4 8 5 2 1 5 5 5 2 9 2 1 8 10 6
474 3 7 7 4 5 1 9 6 3 1 3 9 4 2 4 5 6 2 7 3
618 1 2 7 1 5 7 9 1 9 6 9 2 7 10 3 1 2 8 10 7
721 1 4 8 3 7 9 9 4 8 10 5 1 2 10 2 9 7 10 3 4
577 1 7 8 7 10 4 8 8 1 4 2 5 9 7 8 7 1 1 1 8
694 10 1 7 1 2 6 7 6 3 10 10 5 1 8 8 8 1 4 3 2
677 1 5 7 9 1 10 3 8 4 10 6 10 10 6 6 8 9 3 7 3
598 10 10 6 3 1 10 8 1 2 2 5 6 8 1 10 3 4 8 4 2
699 2 9 8 10 5 3 10 8 2 9 9 1 7 6 1 7 10 7 7 4
659 2 5 1 6 8 8 6 9 3 8 3 3 10 4 8 8 8 7 3 7
537 2 8 4 3 10 1 1 4 7 10 10 1 4 10 2 1 3 2 4 8
649 10 8 6 10 5 3 4 3 3 4 2 10 1 7 1 10 5 3 8 1
592 5 7 4 2 4 5 2 5 6 1 3 9 6 8 10 3 10 10 9 5
554 8 8 3 8 2 7 3 10 1 2 5 1 6 2 2 4 3 2 7 9
528 3 5 8 1 8 6 2 7 8 1 9 1 6 5 2 7 10 2 3 2
485 1 6 7 3 2 3 7 8 10 1 9 1 10 7 8 3 6 2 6 1
20
717 5 2 8 6 6 1 8 5 9 7 9 3 2 8 10 9 10 2 10 5
586 3 8 3 8 3 7 6 1 1 3 4 8 3 9 3 5 7 1 7 7
435 1 8 5 8 1 10 8 2 9 1 3 5 5 6 6 1 3 1 3 1
661 8 6 2 7 5 8 8 5 7 7 5 9 1 1 2 6 4 9 4 5
606 10 9 4 5 3 1 10 5 1 3 2 8 3 5 6 8 4 3 2 8
586 6 10 3 2 6 6 4 8 3 1 6 7 8 4 6 6 1 2 3 7
688 2 3 6 6 5 9 4 10 1 1 9 9 4 7 6 10 3 3 5 9
750 9 5 10 9 9 1 1 3 6 9 9 10 2 7 6 8 10 4 6 7
650 4 4 9 5 1 10 6 5 3 6 6 5 3 7 1 10 3 9 1 3
663 4 3 7 1 5 7 10 9 1 6 10 7 7 2 7 1 1 9 9 10
639 2 7 1 3 5 1 5 9 5 2 7 4 9 9 1 10 2 6 8 6
703 9 9 8 7 2 7 1 3 10 8 7 4 6 3 5 5 6 10 10 6
653 6 8 5 5 7 7 7 10 2 8 5 2 4 3 4 8 1 1 7 5
665 8 5 6 3 8 10 10 3 5 7 3 10 8 3 4 4 1 6 6 2
578 1 4 4 7 9 10 1 5 2 4 8 1 5 3 9 9 7 5 4 2
698 10 10 9 3 1 7 10 10 3 2 2 7 4 5 4 8 2 9 8 1
618 7 10 8 9 6 1 3 9 1 1 8 5 7 4 9 7 2 1 5 9
648 5 5 2 4 2 7 7 3 4 4 7 8 4 10 7 6 2 1 10 5
713 1 8 10 5 1 9 8 5 3 3 6 8 6 8 9 10 5 4 5 10
571 4 10 6 4 5 2 6 6 10 4 2 8 4 10 4 3 5 6 7 2
20
631 8 2 3 8 9 9 6 4 4 2 10 2 2 4 8 1 5 10 1 4
699 10 2 6 9 6 10 7 9 4 5 3 6 5 8 4 7 10 2 5 4
617 10 7 4 6 3 4 3 6 7 4 5 2 7 9 8 3 6 5 2 9
555 7 4 7 1 3 2 2 4 10 5 4 1 9 2 5 3 10 8 5 9
631 2 4 6 6 3 1 8 1 1 5 10 9 8 5 4 6 7 10 5 3
695 8 6 3 4 4 7 7 10 5 9 4 6 2 2 6 1 8 8 7 8
550 5 7 4 8 3 3 6 9 1 3 3 3 10 8 9 2 1 4 8 7
665 5 6 1 3 1 8 4 4 4 7 9 9 4 3 3 9 9 2 3 9
711 8 9 7 10 5 6 5 2 9 9 6 4 1 7 9 10 6 2 2 3
680 4 10 3 10 5 5 2 1 7 6 7 10 3 7 1 5 10 8 10 3
760 9 6 10 2 3 7 4 10 10 4 10 2 4 8 7 4 9 7 2 7
474 10 2 5 4 6 5 2 1 1 1 4 8 9 1 5 1 8 2 4 1
604 3 9 1 4 4 8 9 4 3 5 8 3 4 8 10 1 10 6 8 3
639 4 7 8 4 6 6 8 8 2 2 9 6 6 9 8 3 7 2 8 3
704 10 7 10 7 1 2 10 7 7 10 1 10 6 2 6 4 9 1 3 10
614 8 7 6 4 2 2 10 6 8 8 2 10 10 2 6 6 1 8 3 5
593 10 3 6 3 8 6 4 2 2 8 2 4 9 7 2 7 5 2 2 6
687 5 6 1 6 9 8 4 6 10 8 3 8 4 9 5 3 7 7 9 9
676 1 8 8 5 9 8 3 5 2 3 7 10 7 4 4 10 8 10 5 2
638 4 4 7 5 7 8 5 6 8 7 1 6 10 1 10 9 9 6 1 8
20
698 6 1 6 9 9 7 1 9 8 9 6 7 4 4 7 10 2 8 2 1
626 3 7 2 4 3 8 7 9 1 5 2 8 9 10 6 4 7 4 4 5
578 5 1 2 6 5 7 5 10 10 7 6 3 2 1 6 2 10 4 9 5
764 10 4 4 8 8 7 6 8 1 3 8 7 10 4 6 10 2 9 10 4
619 9 2 2 9 4 4 6 7 7 3 6 1 1 5 6 10 10 2 4 1
519 4 9 9 7 4 4 3 10 5 2 1 9 9 1 6 2 4 7 1 10
528 4 1 10 6 8 6 1 9 1 5 4 2 7 2 6 5 7 1 4 7
588 5 6 10 4 5 4 8 9 6 6 3 3 5 9 1 3 2 1 1 7
701 9 2 10 10 3 10 1 6 4 8 6 1 4 9 1 3 8 3 9 9
583 3 1 8 5 6 1 1 9 10 6 6 1 9 5 5 10 9 3 4 5
610 6 6 4 7 2 1 7 1 1 10 8 8 2 6 5 9 3 2 8 1
714 10 5 7 9 8 4 8 9 7 5 8 8 1 1 10 6 3 4 2 2
659 9 3 8 3 1 1 8 8 2 4 8 7 5 8 10 5 7 5 3 4
552 5 1 5 2 3 6 4 1 4 2 4 9 8 4 7 7 5 5 1 6
563 4 2 1 1 8 2 3 6 5 10 6 10 2 5 10 1 3 5 9 1
603 1 10 7 2 6 7 7 5 8 2 7 5 10 10 2 2 7 9 1 2
685 2 7 3 8 1 6 1 8 8 10 9 9 6 2 2 6 2 5 10 10
647 9 10 8 3 4 6 10 10 1 9 8 2 2 1 1 1 4 3 6 9
626 5 5 6 10 10 9 2 8 7 2 6 7 9 1 4 4 7 10 10 2
643 5 10 5 4 8 6 8 5 10 4 6 1 7 2 1 4 6 10 7 10
