100 15
500 500 500 500 500 500 500 500 500 500 500 500 500 500 500
10
376 6 4 2 6 3 5 1 5 1 7 3 3 5 6 8
427 6 9 1 2 8 3 5 5 7 2 7 4 1 5 5
362 1 6 7 2 3 5 7 2 8 1 7 1 2 2 2
341 1 7 3 5 4 7 5 1 5 3 3 4 5 2 3
457 2 9 6 8 2 6 6 9 9 3 1 3 6 5 8
489 3 6 7 3 9 5 5 8 8 5 2 1 3 5 4
385 7 3 7 1 1 8 4 2 7 3 6 4 3 5 1
497 1 6 1 9 8 1 8 9 8 9 7 1 9 9 8
353 3 2 4 4 6 4 4 7 6 7 2 1 6 3 3
470 8 8 9 9 2 2 9 6 5 8 5 3 3 2 8
10
358 2 4 8 1 3 3 3 2 8 2 9 9 4 1 2
334 2 8 2 4 2 4 1 7 1 5 2 1 7 7 1
490 3 8 8 3 3 7 5 6 1 1 9 7 7 3 4
477 5 5 1 3 5 6 3 5 7 7 9 7 3 5 4
431 7 7 8 6 9 1 9 5 1 4 2 1 1 6 3
422 8 2 2 8 4 4 1 3 1 6 9 6 4 3 7
395 5 6 3 8 6 2 6 1 2 8 4 9 5 9 2
345 5 4 1 4 4 4 9 2 4 3 5 6 6 7 1
534 4 6 8 5 8 8 3 9 5 4 1 6 4 5 9
318 2 5 2 1 3 9 3 4 1 6 3 2 7 3 1
10
411 7 1 9 2 1 5 6 1 8 8 6 6 9 2 7
498 5 1 6 4 8 2 8 8 6 9 9 1 7 8 9
502 8 5 9 7 5 7 6 2 5 3 9 5 8 1 8
426 9 2 1 2 4 6 5 9 8 1 3 7 7 6 3
381 6 8 2 7 5 7 2 1 4 9 1 2 3 2 6
384 5 6 1 1 2 6 9 4 3 5 6 7 3 7 3
461 3 7 5 7 1 9 7 5 4 8 1 6 2 9 5
299 4 3 5 9 4 1 9 1 7 1 5 2 2 3 4
402 2 5 8 2 5 2 7 3 4 6 8 8 9 6 1
462 8 7 8 2 4 7 6 1 1 8 3 6 1 5 4
10
486 1 7 8 2 6 5 3 9 4 5 6 4 9 5 7
387 9 3 2 5 2 3 8 2 9 5 9 5 7 7 2
439 4 4 2 3 9 3 3 6 6 1 5 3 8 4 9
448 9 1 4 7 2 3 3 7 2 8 8 4 9 9 7
431 7 9 3 9 4 4 4 3 6 6 6 7 8 3 1
444 8 8 6 5 4 3 2 1 9 5 3 7 7 9 5
425 4 8 4 1 6 6 2 4 7 5 5 1 2 5 8
425 6 7 1 6 6 8 2 5 3 5 4 5 3 3 2
459 8 4 6 4 4 2 3 8 1 4 3 9 3 7 5
524 9 5 3 2 9 3 8 7 5 6 7 5 8 6 5
10
475 5 9 5 8 8 1 4 3 4 9 5 5 6 1 9
531 2 3 6 7 7 7 1 9 3 8 8 8 8 5 3
516 9 7 8 7 9 6 3 6 7 3 1 9 1 1 1
404 1 7 6 3 2 2 8 8 6 2 2 6 3 3 7
447 3 6 1 7 1 9 3 5 6 9 9 7 3 4 1
364 4 3 1 4 4 6 7 6 4 1 3 4 1 8 2
471 9 4 7 8 2 4 7 4 4 9 5 7 7 5 7
393 6 2 2 9 6 2 4 5 7 5 3 9 6 4 1
479 4 4 6 4 8 6 8 1 4 8 9 9 7 3 3
351 3 2 5 8 6 1 3 4 7 5 3 4 9 7 3
10
464 5 4 5 8 5 7 9 3 4 8 6 7 1 6 4
450 2 8 9 5 5 5 2 3 3 1 6 2 5 8 6
318 6 2 3 9 3 1 5 2 3 1 6 8 5 4 2
492 4 3 7 8 1 7 7 7 9 8 2 9 8 2 5
387 3 3 8 2 4 3 3 7 5 4 7 3 4 9 1
376 3 2 3 2 5 4 2 3 6 4 9 8 8 3 2
500 3 8 7 7 8 3 2 6 9 9 2 3 1 3 8
452 3 6 3 9 9 5 3 6 6 3 4 7 5 4 2
456 8 2 7 3 1 8 3 3 4 2 7 8 5 3 8
389 5 1 4 4 5 3 7 6 3 8 6 6 4 2 7
10
549 4 7 8 8 4 6 9 7 3 7 9 8 6 2 9
487 9 6 9 5 1 4 1 2 2 8 8 9 9 9 7
423 9 4 2 5 1 5 3 3 9 9 6 8 2 1 2
351 1 5 8 4 3 1 6 3 6 1 5 3 2 9 6
474 3 2 3 8 6 6 7 9 7 3 8 2 3 8 3
536 5 3 5 8 8 8 5 5 9 5 5 9 5 9 3
389 3 9 2 2 6 3 3 6 1 7 6 3 8 5 4
474 7 4 2 2 2 8 3 7 3 6 6 9 7 2 6
463 5 4 9 7 5 7 8 3 1 8 4 7 9 1 2
402 6 4 8 9 5 3 2 2 3 9 2 1 5 9 6
10
376 7 5 1 6 2 8 9 2 5 6 2 4 2 5 4
477 2 4 7 6 2 9 6 9 1 4 7 1 7 6 8
468 6 2 6 4 5 8 6 3 5 7 8 5 2 9 3
448 2 9 6 7 8 1 5 5 9 4 2 1 4 7 4
449 1 8 8 2 3 4 4 8 4 9 8 6 1 6 1
449 6 5 4 7 5 6 4 6 4 8 6 4 6 4 5
414 1 2 9 8 5 3 3 5 9 5 6 6 6 2 6
505 7 6 8 5 3 7 8 1 9 7 9 6 5 1 9
459 6 9 5 5 4 3 5 1 3 9 2 6 9 9 6
410 4 6 9 6 1 5 9 3 2 5 4 6 5 6 5
10
344 7 6 3 3 4 3 8 1 7 5 4 5 2 3 1
404 8 2 5 7 2 2 8 5 2 9 9 7 3 1 4
439 3 7 4 3 7 2 3 6 8 6 3 4 9 7 3
444 8 9 5 7 2 4 7 5 9 3 2 4 2 2 3
437 9 3 7 6 4 2 1 9 1 5 3 7 3 5 1
336 3 6 6 2 3 5 7 2 3 1 3 5 4 3 5
429 2 2 9 7 4 7 2 4 9 8 7 2 6 1 2
509 5 9 1 6 4 9 9 8 6 8 2 8 9 5 2
427 3 4 7 2 3 5 1 8 3 1 9 4 4 3 8
513 5 6 8 1 5 9 9 6 4 3 4 4 9 8 8
10
476 6 7 7 5 4 5 8 5 1 1 8 4 8 2 8
513 6 9 4 9 6 3 1 8 1 2 9 3 1 6 9
451 3 9 3 6 2 8 5 4 4 6 8 5 1 8 2
598 7 6 7 7 6 9 6 8 6 7 6 9 9 4 6
509 3 8 1 8 9 8 4 3 7 8 6 5 6 7 5
500 2 9 4 9 9 6 3 2 7 6 9 2 9 6 8
530 6 1 5 8 9 8 2 5 9 7 7 5 3 6 7
503 7 3 7 7 9 4 1 4 6 7 7 7 9 4 2
437 2 8 4 8 4 5 4 5 4 6 4 3 2 2 8
509 7 9 9 8 3 1 2 8 1 4 6 6 5 6 5
10
487 9 3 8 3 4 5 9 6 6 1 4 8 3 4 8
524 6 2 7 4 8 7 3 6 9 3 8 5 7 6 3
400 2 4 2 8 3 8 8 7 3 1 4 2 8 9 8
589 7 8 8 9 9 9 6 2 6 8 1 9 6 9 6
549 5 3 9 7 5 8 8 9 8 4 3 9 9 5 7
458 7 2 9 3 8 7 3 2 5 7 2 1 9 3 9
434 9 6 1 4 6 5 2 5 3 8 1 2 8 5 5
493 3 2 9 2 6 5 5 8 3 9 7 2 4 9 7
560 4 6 4 8 6 8 3 6 9 9 9 5 5 8 4
374 5 6 3 2 2 2 1 5 2 8 6 9 1 9 1
10
508 7 5 7 3 8 2 8 2 8 1 6 9 8 5 9
424 5 2 1 5 2 7 4 7 7 2 7 8 7 3 4
492 1 9 5 7 2 5 9 8 6 9 2 6 4 8 8
526 8 8 4 9 7 7 1 9 4 9 4 2 7 8 1
328 1 1 2 6 5 7 7 4 5 5 6 1 5 2 4
412 8 6 5 6 3 3 7 6 2 2 2 8 3 3 2
397 1 7 2 7 7 3 9 2 2 8 5 2 1 8 9
481 9 6 7 8 3 4 9 6 1 9 9 1 7 7 5
513 4 7 6 3 6 5 8 7 2 9 9 8 2 7 2
540 5 9 7 4 7 6 5 6 9 3 6 7 8 1 6
10
380 2 9 1 5 3 2 4 4 3 1 7 8 8 8 4
619 8 7 9 6 8 7 4 9 8 9 1 5 8 6 6
564 6 9 7 8 6 2 6 6 6 3 6 8 2 7 9
546 7 9 9 7 6 4 2 7 6 4 6 6 4 3 3
432 8 5 7 5 5 6 5 5 3 5 2 4 1 3 6
384 4 3 4 8 5 9 1 2 2 8 2 3 2 5 7
448 5 2 4 2 7 5 1 6 1 9 6 5 9 2 7
474 7 6 4 4 1 7 3 4 3 8 8 2 5 8 8
452 9 2 1 1 8 6 4 7 6 7 3 4 3 3 4
506 9 3 7 5 7 5 7 7 6 9 6 3 8 3 6
10
552 6 8 7 6 7 8 2 8 1 7 2 7 7 7 8
462 2 2 9 7 3 8 9 2 7 9 7 6 8 1 6
420 9 2 4 4 3 1 7 8 9 2 4 1 6 5 8
318 5 5 1 2 1 7 2 5 3 1 3 2 6 4 1
331 2 3 6 3 2 4 1 2 5 2 2 6 7 4 5
423 7 7 3 5 5 1 4 7 7 1 9 9 3 1 2
349 9 2 3 9 2 9 6 1 6 3 2 1 8 3 3
533 7 9 5 6 2 5 1 9 8 3 7 7 7 9 7
372 7 7 6 9 2 3 6 2 7 2 1 5 2 4 6
390 2 1 3 5 5 7 3 8 3 4 2 6 4 1 5
10
434 4 3 5 5 1 8 9 4 9 4 3 5 8 6 5
428 3 7 2 4 8 8 8 5 3 2 4 3 9 9 3
371 2 8 8 9 2 1 8 4 7 5 2 2 8 1 5
474 2 6 4 1 8 9 3 1 5 3 8 9 9 2 9
414 5 4 5 4 9 6 2 1 7 5 2 2 7 7 7
444 7 8 5 6 1 8 4 7 8 1 1 2 5 1 5
404 4 2 7 4 5 1 3 8 5 3 6 1 6 5 6
513 7 8 4 1 5 4 6 8 6 3 6 3 7 8 8
437 2 1 7 7 6 3 2 7 5 8 6 3 4 6 6
418 1 9 3 6 3 6 2 9 3 1 4 4 7 1 8
10
493 6 7 3 2 9 4 2 5 9 6 8 2 6 7 2
375 4 5 7 2 3 4 1 5 1 5 2 5 5 2 6
463 9 9 3 6 2 3 4 8 1 6 8 5 8 2 7
425 4 9 9 7 5 2 1 8 4 2 1 1 6 4 2
474 5 8 4 6 5 6 2 4 3 5 6 7 5 1 6
498 6 9 2 1 2 4 8 5 9 7 9 8 3 9 7
353 7 2 5 7 2 2 3 2 6 4 5 3 3 1 7
517 2 7 9 4 9 3 2 5 8 9 8 2 8 3 5
366 3 4 2 2 5 1 5 3 9 9 1 7 7 9 3
516 9 8 9 1 2 3 5 9 1 9 5 7 2 9 6
10
494 2 5 7 9 4 2 2 3 9 9 8 8 8 8 6
466 6 6 8 7 1 8 4 5 9 4 2 4 2 8 6
496 3 7 7 8 7 4 2 5 6 5 2 8 4 9 9
383 2 2 5 4 7 8 7 2 2 9 7 2 4 3 1
344 2 2 1 6 5 5 8 1 4 5 9 1 2 9 2
529 9 3 7 7 4 6 6 6 5 1 9 7 8 9 4
456 7 1 3 8 3 6 5 9 7 8 2 5 2 8 2
429 9 3 5 2 9 8 3 1 7 9 1 1 2 1 8
376 5 1 4 6 3 1 1 9 5 1 5 7 9 9 4
481 5 6 4 9 9 8 7 7 6 4 6 3 1 1 2
10
470 6 9 1 7 2 7 2 5 8 4 7 2 9 7 4
420 2 6 9 2 2 9 2 2 7 2 5 5 7 3 9
412 5 8 8 1 1 5 3 5 7 5 1 2 9 6 2
331 2 8 6 7 1 5 5 4 3 3 2 3 3 1 3
437 2 3 4 4 2 9 5 8 9 2 5 1 6 9 9
399 4 3 9 5 1 5 4 6 7 2 1 6 1 8 4
392 7 3 2 8 2 7 5 3 8 3 3 4 1 5 7
418 4 3 2 3 9 7 4 2 9 7 2 3 8 8 7
439 4 5 4 2 8 6 2 6 7 4 6 6 8 1 4
440 6 3 8 6 8 9 8 1 4 6 3 6 7 1 3
10
441 6 6 8 5 8 1 3 7 6 1 3 4 1 2 4
361 2 9 1 7 2 2 1 6 9 9 2 2 6 2 3
467 3 3 1 3 7 9 1 9 6 9 5 2 8 9 4
539 4 8 6 2 8 6 8 6 7 6 8 5 1 8 3
371 8 3 3 1 6 1 3 6 3 8 7 3 4 2 3
364 5 8 7 7 1 1 3 2 8 9 1 3 1 6 1
418 1 5 2 4 3 7 3 8 1 5 5 8 1 1 8
462 5 8 7 5 4 9 3 1 2 5 6 3 5 2 8
491 5 4 8 4 6 7 7 4 8 7 2 6 4 5 8
494 6 7 4 5 4 8 9 3 4 7 1 8 8 7 8
10
449 1 1 6 6 2 8 3 7 9 8 1 8 8 4 7
450 6 8 7 1 2 1 8 8 3 8 1 9 3 8 2
478 6 8 9 3 7 4 3 6 9 2 1 2 4 3 6
327 1 6 2 5 6 2 5 1 8 7 3 4 3 7 4
348 6 8 3 2 4 1 2 4 2 7 2 5 1 5 5
364 6 2 2 2 7 6 4 3 2 5 8 1 5 1 7
372 2 2 2 6 3 9 8 2 3 4 1 9 8 3 7
448 9 9 8 5 6 1 2 2 5 2 8 2 4 6 6
557 3 9 3 5 5 5 9 8 7 8 5 9 3 8 8
337 9 2 3 7 4 2 7 4 6 1 2 2 9 2 8
10
497 8 8 3 5 6 5 5 2 3 3 9 8 9 6 3
537 2 5 7 5 4 9 1 9 9 5 7 2 7 9 9
497 5 4 1 9 6 5 1 8 7 1 7 7 1 6 8
374 3 5 3 9 1 5 6 1 2 4 3 7 9 8 9
409 1 8 4 4 5 3 5 7 1 9 4 1 8 4 8
499 8 1 6 6 3 1 7 7 8 7 4 9 2 9 9
473 5 8 9 8 9 6 1 1 7 2 1 1 6 1 8
352 5 6 1 9 2 5 8 4 2 8 6 1 3 4 2
405 9 3 2 5 7 4 3 1 8 9 2 5 8 5 1
351 3 2 1 5 2 8 6 2 4 7 2 1 4 9 7
10
419 5 6 4 3 1 1 1 8 6 3 9 7 1 3 7
601 9 9 5 7 6 8 6 7 8 8 5 5 3 1 7
404 8 6 1 2 3 1 2 9 5 8 3 2 5 6 4
444 4 7 3 6 4 6 5 4 2 4 4 9 7 2 7
355 2 1 3 2 4 1 6 4 8 5 6 9 1 7 6
385 7 1 1 1 7 7 4 5 3 7 4 1 4 4 7
465 6 6 1 6 6 6 4 3 3 9 6 5 7 3 7
456 5 6 3 2 5 7 8 4 7 3 8 7 6 7 1
415 3 3 4 4 7 3 6 2 9 9 6 3 9 6 2
484 8 3 8 2 3 6 8 8 9 5 6 6 5 4 1
10
258 6 3 3 2 1 1 4 2 1 1 4 6 5 3 4
453 2 7 7 8 6 5 1 6 1 3 4 6 6 1 8
481 4 7 6 8 4 9 2 4 5 6 5 5 2 5 1
592 6 7 8 6 9 8 6 8 8 8 2 6 9 2 4
464 2 7 6 2 5 4 5 9 5 5 6 5 9 5 7
394 6 1 5 2 1 7 2 8 1 5 5 8 2 1 7
562 9 8 9 3 8 4 6 5 4 7 8 1 5 7 9
530 6 7 2 7 5 9 6 6 1 7 7 8 8 5 8
537 6 9 8 2 2 8 6 8 1 3 8 8 4 2 4
425 2 7 8 2 6 3 4 9 4 1 1 3 3 4 9
10
490 7 4 5 6 7 6 1 7 4 3 9 9 8 1 3
499 9 4 3 9 8 5 5 4 5 1 4 7 3 9 7
357 9 1 1 6 6 3 5 3 9 4 1 5 3 1 7
406 8 2 6 9 8 5 2 4 4 2 4 4 7 1 2
473 5 7 5 3 6 3 6 2 7 8 6 8 6 8 2
357 9 5 5 3 1 1 8 4 7 6 3 1 6 3 7
545 6 3 8 8 8 6 4 7 3 7 6 6 7 4 5
448 7 8 3 8 5 6 3 6 7 3 4 5 5 4 2
374 1 5 4 3 5 9 3 4 1 2 3 1 2 7 9
537 8 1 7 7 9 8 7 7 8 4 9 1 9 5 1
10
313 4 2 2 1 2 7 9 1 4 2 4 5 5 2 6
266 2 1 5 2 1 3 3 2 8 5 1 3 8 4 4
400 4 7 9 4 5 1 7 1 6 5 5 2 8 8 5
422 4 7 2 4 4 9 7 2 4 6 4 4 4 7 9
564 6 6 9 4 7 9 8 6 7 6 4 3 3 8 7
406 2 5 6 3 3 1 4 9 5 6 8 7 1 3 4
328 1 3 6 3 4 1 2 1 3 7 4 7 2 5 7
422 3 6 6 3 1 7 8 2 9 4 8 2 2 8 7
407 9 1 2 3 9 3 8 6 4 6 3 4 9 1 2
449 3 1 9 2 4 8 8 4 1 9 9 6 8 5 5
10
523 7 5 5 5 8 1 2 3 9 9 9 6 7 7 6
455 5 8 5 2 4 8 9 3 3 7 3 4 7 7 6
470 5 5 2 7 8 5 2 1 8 8 9 4 4 8 3
422 5 7 4 8 2 5 5 7 6 2 7 5 5 2 3
413 3 3 2 6 6 9 8 2 4 5 9 3 7 6 5
374 5 6 1 8 7 1 1 9 3 4 1 4 6 2 4
386 8 8 6 8 1 2 8 7 2 1 7 2 3 3 1
457 7 3 7 4 2 8 4 1 2 5 8 8 1 8 4
509 9 4 9 2 4 7 9 6 7 6 1 9 9 5 5
469 1 7 5 7 9 8 1 8 5 2 1 3 5 1 6
10
490 3 5 6 5 9 7 8 3 4 8 8 6 7 9 2
491 8 3 4 2 6 5 9 6 7 5 8 5 5 8 5
530 9 7 6 3 7 5 5 9 4 3 2 7 2 9 5
387 2 5 8 5 1 9 8 4 4 1 2 2 3 4 9
462 1 6 1 3 9 5 6 8 8 5 5 5 4 3 9
433 1 5 6 8 5 4 7 2 2 8 8 6 7 6 9
376 9 5 7 5 9 1 3 1 4 5 1 2 6 5 3
470 6 9 3 9 4 7 3 5 2 1 6 5 3 2 9
503 8 7 1 1 6 5 6 6 8 5 8 6 1 8 9
590 8 9 8 9 9 9 8 4 2 9 6 7 5 3 3
10
480 8 5 3 5 2 5 4 6 6 3 7 7 9 7 7
339 4 2 8 1 5 2 2 2 1 7 7 1 2 6 4
485 2 8 8 1 3 9 5 2 9 4 8 5 5 6 8
322 9 8 2 2 2 1 1 1 2 6 8 2 4 2 3
356 9 5 6 8 2 3 4 3 1 3 3 3 3 1 9
483 1 9 5 7 1 6 3 5 8 8 7 6 3 5 6
409 1 3 4 3 5 2 3 8 2 1 9 3 9 7 7
453 4 2 7 2 8 7 7 4 5 7 4 5 9 6 4
331 4 1 1 6 1 8 6 1 9 3 9 1 1 2 5
462 2 5 4 4 6 9 9 6 9 3 9 2 3 2 4
10
498 2 9 9 8 5 6 3 8 6 7 5 3 3 2 2
501 2 8 8 9 2 9 9 5 4 3 7 6 2 5 2
401 9 9 2 2 2 1 6 2 8 1 3 9 5 1 8
362 3 5 4 8 1 2 5 4 6 9 2 2 5 5 5
375 1 5 7 2 6 1 1 4 4 2 4 7 1 8 4
429 6 1 9 9 4 8 4 1 8 2 2 6 6 2 7
460 3 5 3 9 4 8 9 6 1 8 7 2 9 6 9
352 7 1 5 1 2 8 9 2 4 7 2 3 7 3 4
317 8 3 1 1 3 1 2 1 4 6 4 6 3 5 3
416 6 5 1 5 7 5 5 5 8 5 9 1 4 6 1
10
513 8 1 4 1 9 8 6 8 7 4 2 8 1 9 3
487 7 4 7 3 9 8 9 6 1 8 2 1 5 4 4
484 3 7 9 5 4 8 4 2 7 7 6 5 3 3 2
521 7 6 8 5 8 2 9 5 7 8 9 8 5 2 5
437 7 6 7 9 1 1 7 4 6 1 8 9 7 5 6
340 3 2 6 5 1 2 5 9 5 2 5 4 9 1 2
487 8 6 5 5 9 5 3 4 7 3 1 6 6 7 1
565 6 7 4 3 9 7 6 6 5 5 9 3 8 9 5
558 4 9 7 9 6 7 3 7 4 4 8 6 2 2 5
370 7 4 2 1 4 4 3 5 3 6 5 9 1 5 1
10
379 2 4 7 7 8 4 8 1 2 9 1 1 6 2 8
472 2 6 7 8 5 5 9 6 5 5 9 7 3 1 4
380 5 2 1 4 1 9 8 5 2 9 2 2 6 4 8
560 5 3 7 7 9 4 1 9 6 5 7 6 1 9 8
386 7 2 6 2 2 9 2 5 2 1 2 4 5 8 7
310 1 4 2 5 1 9 9 2 9 1 4 6 6 2 1
371 5 2 8 1 1 6 6 7 6 5 2 5 5 1 2
457 7 4 6 9 3 5 6 2 9 6 3 9 2 6 9
542 9 9 6 9 8 8 4 5 5 5 1 3 9 6 2
434 9 3 7 6 6 7 5 5 2 2 1 6 5 1 6
10
431 9 1 8 9 5 2 6 6 5 1 3 5 1 7 7
490 6 9 8 6 8 2 6 8 2 2 1 3 8 5 6
456 8 3 1 2 6 9 7 7 5 8 6 2 4 5 4
428 5 9 1 9 5 3 7 1 8 8 9 7 5 3 4
520 8 2 4 9 5 9 9 5 9 3 4 8 8 7 2
478 6 2 9 4 6 4 2 7 3 2 3 6 3 7 9
452 6 8 1 2 6 6 6 5 7 9 6 2 6 7 3
436 7 5 7 4 4 9 2 2 6 1 3 1 2 8 9
481 3 3 5 8 8 8 4 7 9 3 4 2 5 6 9
283 6 1 2 1 3 1 4 3 4 5 1 8 4 9 3
10
446 3 8 3 7 7 8 7 4 3 4 1 3 7 8 8
513 9 1 6 8 4 6 5 7 7 9 8 2 6 7 4
505 6 8 2 5 5 3 7 9 1 5 9 8 3 1 7
368 1 2 1 6 5 7 4 6 3 5 4 2 5 9 4
404 4 7 5 2 1 2 1 5 8 5 5 7 2 9 6
514 1 9 5 7 6 8 3 7 3 5 1 7 1 7 7
545 2 9 5 3 8 5 8 7 5 4 9 7 7 1 7
445 2 3 2 6 8 8 9 6 4 2 2 5 9 2 9
494 9 5 8 5 9 2 2 5 7 4 1 2 7 8 6
383 4 5 2 4 3 3 8 7 9 9 6 1 1 6 3
10
385 3 9 8 2 1 5 9 3 1 4 6 3 1 1 4
408 8 4 6 4 4 4 5 2 6 3 2 4 2 7 7
390 1 5 6 7 4 1 7 6 9 1 9 2 1 4 1
405 4 4 3 4 2 2 2 8 8 3 4 9 9 8 3
400 7 2 6 4 2 3 7 7 8 8 6 1 9 4 2
507 1 6 9 9 3 9 3 8 8 5 6 5 3 2 6
504 6 9 6 6 2 6 8 7 3 8 9 7 9 3 2
442 3 3 4 4 4 9 2 6 9 4 3 4 4 7 7
364 5 7 1 2 6 1 6 3 4 3 6 5 6 4 3
437 5 7 5 7 6 7 9 2 3 4 3 6 1 6 3
10
442 2 9 3 6 8 4 2 6 5 6 7 2 2 5 1
426 3 7 4 4 6 2 9 5 3 1 2 8 1 8 8
438 6 5 4 4 8 8 9 2 5 6 3 6 7 7 1
403 8 5 1 7 2 3 3 6 3 2 8 9 8 1 8
471 4 4 9 5 4 3 5 7 4 8 3 6 4 6 6
446 8 4 4 5 3 3 8 3 1 9 8 4 8 9 8
445 1 5 4 3 3 4 6 9 8 8 7 4 5 8 4
423 7 5 3 1 2 1 8 9 8 5 3 6 5 6 7
637 8 7 8 7 7 7 1 6 8 9 9 8 7 9 3
441 6 1 9 6 4 5 2 2 6 4 4 8 9 5 3
10
492 3 8 6 4 3 5 5 8 4 8 6 7 7 5 2
320 3 2 3 6 5 2 8 2 6 4 4 7 4 2 3
397 1 9 1 4 3 6 1 8 4 8 5 5 7 1 3
514 9 9 8 2 6 4 2 9 1 4 1 8 7 3 6
372 9 5 5 1 6 3 3 3 8 8 2 2 4 4 1
363 5 3 1 8 3 9 4 5 3 5 3 2 7 1 6
473 9 3 9 5 5 2 9 3 5 7 3 8 1 8 5
426 8 3 1 3 8 5 7 1 7 4 8 2 4 7 5
522 7 5 7 3 2 9 9 8 1 9 9 3 7 3 7
408 1 8 4 8 7 2 4 3 1 7 5 8 2 3 2
10
468 2 4 5 3 3 5 8 9 4 2 9 3 8 9 7
591 9 7 9 2 9 7 5 7 9 5 1 9 9 6 6
404 8 8 2 4 3 4 7 4 1 2 5 6 4 3 6
391 3 5 3 8 5 1 7 8 1 3 9 6 9 2 4
425 7 1 9 6 1 7 3 6 6 2 5 4 1 2 2
485 3 4 5 2 3 6 5 9 4 9 9 7 5 9 4
350 1 5 4 5 4 3 7 3 6 6 4 6 6 6 2
409 5 1 5 7 2 1 8 8 7 9 5 4 2 4 5
382 7 1 1 3 6 9 4 3 1 3 7 6 7 2 4
401 2 5 1 7 3 3 5 4 5 8 8 6 9 5 8
10
507 2 7 8 5 9 1 4 5 9 4 9 1 5 8 8
374 3 2 7 5 3 1 6 5 8 2 8 4 7 7 1
394 2 7 6 6 2 4 5 5 5 1 6 6 2 5 2
454 6 3 9 9 3 5 2 2 3 6 9 2 5 9 8
418 8 6 2 8 3 4 1 4 8 9 7 2 2 6 4
426 9 3 7 5 4 2 3 1 8 6 6 3 4 7 5
362 5 6 4 6 4 1 3 1 5 3 3 7 6 6 7
524 8 8 9 1 4 8 8 5 6 5 3 9 7 2 6
590 9 8 8 6 5 4 4 4 8 9 8 9 8 7 3
368 7 4 2 6 3 5 5 1 5 2 8 5 9 1 9
10
426 8 5 3 2 1 4 3 4 4 7 9 6 3 8 7
423 2 8 6 3 6 8 1 3 5 8 1 2 7 4 5
456 6 8 9 3 7 3 5 3 2 3 5 3 6 2 6
406 9 3 6 2 2 4 8 7 1 5 2 4 5 4 3
394 1 4 2 6 5 4 5 6 2 6 3 7 1 6 7
496 8 2 1 7 7 9 7 1 6 9 9 7 8 5 8
436 7 4 1 6 7 2 6 1 7 8 9 2 9 9 9
421 5 1 3 2 3 9 1 9 1 3 7 3 6 9 6
359 1 8 3 3 6 6 3 3 5 5 3 4 5 2 2
458 4 5 5 5 8 5 6 4 7 5 6 4 3 5 3
10
494 4 5 7 3 6 7 5 6 8 7 6 4 2 5 1
392 2 7 1 1 7 6 8 4 2 4 4 2 9 6 5
605 7 9 8 4 8 8 9 6 8 1 9 9 4 4 5
420 4 4 8 8 5 4 4 4 3 2 3 6 9 5 6
432 7 5 9 8 4 3 2 1 4 4 7 2 9 8 8
400 1 1 4 9 9 9 2 2 6 2 4 2 2 2 6
478 8 7 9 1 6 5 6 6 7 2 2 5 2 5 4
554 9 9 7 9 4 2 6 5 5 7 9 5 4 7 8
441 6 8 3 9 8 4 1 2 1 8 3 3 2 8 5
555 1 8 9 5 9 2 3 3 9 3 9 9 4 9 6
10
468 8 1 6 8 6 3 3 8 3 5 2 7 5 8 8
368 1 3 4 6 3 1 2 6 5 6 4 3 9 9 8
373 3 2 3 7 8 1 9 3 8 3 5 5 6 7 2
389 4 9 6 1 2 6 4 1 3 2 3 6 5 6 5
339 5 2 3 9 6 3 7 5 5 5 2 2 4 4 3
479 3 1 8 1 8 9 4 9 4 4 5 6 5 2 1
480 3 3 3 2 8 9 1 5 3 9 9 9 9 1 5
399 4 4 8 1 7 2 6 7 4 6 6 1 8 4 2
413 1 3 4 8 5 3 6 2 9 4 8 9 9 6 5
368 6 6 1 2 5 8 1 2 1 5 4 2 8 1 9
10
449 1 6 1 2 3 8 9 8 3 9 3 9 7 2 5
470 1 4 6 6 8 8 2 9 3 1 6 5 1 6 1
479 6 4 2 9 3 8 7 7 8 7 7 7 3 5 5
423 3 2 3 3 5 7 4 9 4 1 9 3 8 5 7
352 2 1 9 1 1 8 6 4 3 3 2 3 5 7 4
555 4 6 8 1 2 9 7 4 9 9 9 6 9 6 8
522 4 2 7 7 4 9 1 9 3 3 9 6 3 9 1
404 3 2 2 8 8 9 1 1 3 8 1 6 9 6 5
372 1 7 2 3 7 1 7 3 4 8 8 3 4 1 3
507 9 6 9 3 7 8 9 6 2 4 1 3 5 5 7
10
388 3 7 7 1 1 6 1 7 2 3 1 9 8 3 3
376 3 6 7 4 1 5 9 3 6 1 9 1 3 6 6
490 6 2 7 3 9 5 7 6 6 6 6 3 1 5 6
518 8 5 4 7 7 7 8 8 2 7 3 7 5 6 1
494 7 8 8 9 9 3 4 5 2 8 2 1 7 9 3
352 2 3 5 5 1 1 2 4 4 5 6 7 9 5 8
397 2 4 8 2 1 6 1 1 9 8 2 4 3 5 8
451 7 8 1 3 2 5 4 6 8 5 7 9 2 4 1
363 1 8 2 8 2 2 7 3 5 2 2 8 2 8 9
513 6 2 5 3 6 7 9 9 6 6 4 8 3 2 9
10
440 3 2 7 5 5 3 3 6 8 7 3 7 3 5 4
438 1 7 1 4 7 9 6 6 3 4 6 2 7 6 8
496 4 8 4 3 9 8 1 9 2 6 4 2 5 2 2
381 2 4 7 2 7 2 5 2 9 4 8 7 6 1 1
367 6 3 9 5 2 7 1 1 2 1 8 1 5 9 3
475 2 4 7 7 2 9 9 5 7 4 5 4 1 9 8
553 8 9 6 2 7 4 8 9 6 9 1 8 1 7 4
405 9 1 5 4 3 8 3 1 1 9 8 4 8 1 8
518 9 7 7 6 8 6 7 5 7 5 7 3 1 4 4
334 1 7 6 2 2 3 2 5 4 1 3 4 6 8 4
10
458 8 6 6 1 4 1 3 7 7 9 5 2 7 2 8
367 3 9 4 4 6 1 2 1 7 3 5 9 7 1 4
416 7 2 6 2 4 4 8 2 6 7 9 6 8 2 7
555 2 8 8 3 2 8 6 9 4 5 8 9 7 6 6
604 8 4 6 9 8 9 8 1 8 7 8 9 8 9 8
424 1 1 2 6 9 4 3 5 3 4 8 7 4 5 8
422 3 7 8 7 4 1 4 4 2 4 8 7 5 1 4
324 6 1 2 2 1 4 2 4 4 3 4 3 5 4 8
465 7 3 9 5 1 7 3 9 6 2 2 7 6 3 4
421 1 5 9 9 1 5 6 1 4 9 6 9 8 2 8
10
348 3 1 1 1 4 5 3 5 8 1 2 4 1 7 7
451 5 1 8 8 9 2 7 1 9 6 7 9 1 4 1
473 3 4 8 2 9 5 2 8 7 5 3 1 2 1 6
462 4 3 8 4 8 4 2 7 5 2 6 7 3 8 2
493 7 3 2 3 7 8 4 4 5 3 9 8 1 9 2
512 2 8 7 1 4 7 6 8 9 9 7 4 4 6 5
351 9 7 3 2 4 3 4 4 2 3 2 1 7 2 5
510 5 3 4 2 8 8 5 6 9 4 6 9 5 9 5
448 4 3 4 8 2 2 5 8 8 7 7 4 9 4 8
451 8 5 6 3 7 4 4 1 8 3 3 6 9 3 7
10
365 4 8 1 2 3 3 2 4 7 4 4 6 5 6 6
530 1 8 8 4 9 7 5 8 4 8 2 2 8 5 9
396 5 5 5 8 3 1 4 3 5 5 9 6 5 2 3
378 2 6 4 9 3 2 6 4 5 8 7 6 3 3 4
464 1 5 9 7 3 7 7 9 2 5 1 9 5 6 2
528 7 1 8 1 5 8 7 8 7 4 8 8 1 5 1
392 8 6 6 4 3 3 3 6 1 3 4 4 9 6 3
577 6 8 9 9 5 9 6 1 9 7 8 6 4 6 9
431 4 5 2 4 6 2 9 3 8 4 9 8 6 2 9
376 5 3 2 3 2 2 3 6 6 9 9 2 4 5 4
10
430 2 9 6 4 7 2 6 6 2 3 1 6 6 2 8
370 4 2 2 2 4 2 7 5 8 8 6 5 4 2 7
485 8 6 6 2 6 6 7 9 1 1 4 5 5 9 5
518 5 5 3 9 8 4 2 9 8 8 7 8 7 1 7
407 5 7 7 2 5 8 5 1 2 3 3 7 9 7 1
479 4 3 3 9 7 1 4 9 2 8 5 9 6 8 9
422 2 6 7 5 6 1 1 6 9 3 9 1 6 7 3
372 1 4 4 3 6 2 5 4 8 8 7 1 7 1 3
518 4 9 7 1 4 7 5 8 4 5 8 3 4 9 1
495 9 7 7 3 2 4 4 7 1 9 9 5 1 4 8
10
324 1 1 6 7 1 2 5 2 7 1 6 9 9 6 4
502 3 4 4 9 9 3 1 8 4 7 7 5 3 3 9
376 4 7 6 9 4 4 2 2 3 1 2 3 6 4 5
454 1 6 5 2 4 3 8 8 4 7 4 9 7 6 4
536 8 4 9 6 5 7 9 5 4 8 3 9 8 7 1
523 9 9 9 6 7 5 2 6 1 9 1 6 9 4 4
413 9 9 4 4 4 2 4 1 8 6 1 4 3 5 5
369 5 3 8 6 3 2 8 8 4 1 1 3 2 1 7
317 3 1 1 1 3 8 3 2 3 8 5 2 7 2 3
440 3 1 9 3 7 6 5 3 6 8 2 4 2 8 4
10
438 8 8 8 4 7 3 3 7 7 2 1 2 2 4 2
380 1 3 2 6 2 6 7 8 4 4 1 9 8 7 4
335 2 5 8 1 1 3 1 1 1 3 1 9 4 8 5
415 3 9 2 7 1 8 7 6 1 5 7 2 7 4 8
510 6 4 6 7 1 7 8 7 9 9 6 6 4 3 5
507 9 8 1 5 6 4 2 8 5 3 2 9 3 9 6
515 6 4 6 6 9 9 8 4 2 2 9 7 6 3 2
352 1 1 6 3 2 2 6 4 7 6 9 1 2 9 3
384 5 5 1 2 3 6 2 6 1 4 7 3 5 3 5
415 8 2 6 7 2 1 1 6 9 6 5 6 8 4 3
10
498 5 6 6 7 4 5 7 6 6 7 7 9 4 1 1
477 6 3 4 6 4 2 6 5 8 6 9 9 2 8 3
345 1 4 5 7 1 6 3 4 8 3 1 1 4 7 6
491 2 3 7 9 6 5 3 1 9 9 9 9 3 1 8
372 5 3 1 2 5 3 7 5 3 3 7 5 1 9 5
554 5 8 4 9 8 7 2 8 8 7 3 8 2 9 4
481 5 1 4 9 9 4 3 8 4 5 6 7 1 6 4
475 3 5 6 9 7 8 4 3 5 5 1 8 5 1 9
506 1 6 9 7 2 2 6 7 9 7 7 8 8 1 9
414 4 5 4 8 3 7 2 3 7 5 3 8 2 3 8
10
338 1 5 4 2 1 5 6 5 6 3 1 3 2 4 7
430 2 7 4 1 8 4 9 8 3 4 4 3 4 5 5
419 3 3 4 6 3 6 7 8 7 8 5 6 2 6 1
399 9 8 4 3 4 1 2 2 1 9 8 1 6 7 1
463 6 9 4 2 1 2 6 8 6 9 5 6 5 8 8
525 7 8 4 4 2 6 6 3 7 9 9 4 5 9 8
431 8 3 3 9 5 4 7 7 1 6 6 9 1 3 2
341 2 3 2 6 2 4 9 4 8 2 8 1 1 4 9
493 2 9 7 5 6 9 8 5 2 8 9 1 5 2 2
429 8 9 6 9 2 3 3 3 3 9 7 2 2 1 1
10
372 3 5 9 3 1 6 7 1 1 8 6 1 9 9 5
411 7 5 6 4 1 7 3 1 4 5 2 8 1 9 8
317 5 1 2 5 5 1 1 3 2 4 8 6 8 5 3
512 2 5 5 6 9 7 1 7 8 7 8 2 8 6 4
477 8 3 4 2 7 9 5 3 8 3 6 7 1 3 6
507 9 6 5 7 8 2 9 5 5 5 8 8 2 3 6
560 6 5 7 5 9 7 3 5 4 2 8 8 4 3 7
284 6 2 2 3 5 1 9 1 2 3 5 2 9 7 1
290 1 6 4 8 1 4 2 2 5 9 1 1 5 2 1
428 3 5 4 3 2 4 6 9 9 7 2 4 2 4 7
10
357 4 3 1 1 5 9 3 3 5 6 2 2 9 2 9
577 8 9 7 7 8 7 8 9 2 7 4 5 7 8 3
470 7 2 4 3 4 8 8 8 5 9 4 3 7 6 2
433 2 3 8 9 4 2 8 7 1 7 6 3 9 8 9
388 6 9 5 5 3 5 4 1 7 3 1 2 9 3 7
384 4 6 3 9 5 8 3 5 5 1 1 4 6 6 1
456 8 7 5 6 1 8 1 3 5 4 5 7 2 5 6
431 1 4 3 7 8 5 1 8 9 4 2 4 5 8 2
369 5 9 3 9 8 1 4 4 5 2 2 1 1 3 1
476 8 8 3 5 8 8 3 3 4 9 1 5 1 4 7
10
396 4 1 9 4 3 3 4 1 3 9 2 7 1 6 8
387 1 5 4 4 4 3 3 8 4 1 7 9 9 3 3
445 2 3 9 5 4 8 6 7 5 3 6 6 9 1 1
428 1 6 3 8 7 5 5 2 2 3 4 9 8 9 5
465 6 2 2 2 4 9 4 7 9 2 7 9 4 1 4
459 7 5 2 9 8 5 5 4 1 4 9 4 3 6 6
405 2 7 6 7 4 6 3 7 1 1 6 1 8 6 2
516 9 3 9 5 6 6 9 6 4 1 8 8 1 4 7
410 9 1 6 3 3 3 4 3 4 3 7 5 6 6 6
452 6 6 1 3 6 5 8 6 7 5 3 6 4 8 1
10
478 7 9 6 1 7 8 6 3 3 9 6 2 5 3 1
419 2 8 5 3 1 2 5 7 8 9 5 4 2 5 3
350 1 2 4 1 4 1 5 9 8 6 2 2 8 9 5
426 7 1 8 1 2 8 5 2 3 9 4 6 2 9 2
448 5 6 4 7 8 4 5 1 3 8 4 8 3 9 2
446 4 8 5 9 6 2 5 6 1 3 5 4 4 9 6
485 7 6 3 5 6 4 5 8 8 8 7 4 6 1 2
406 6 5 8 7 7 3 2 1 2 4 5 3 2 5 6
492 9 2 6 3 9 7 4 2 4 4 3 7 4 4 7
457 7 7 5 1 1 4 4 8 9 5 4 3 4 9 3
10
466 1 4 8 4 5 6 6 8 1 5 1 6 8 6 9
358 3 3 1 4 1 8 6 8 2 3 3 6 6 1 5
485 3 6 2 7 9 5 2 6 5 3 5 7 9 8 7
381 9 6 1 2 7 3 5 4 2 2 1 3 2 5 4
322 3 8 2 2 1 1 5 9 4 2 1 1 8 6 3
435 3 6 4 5 2 7 4 6 4 8 6 4 3 9 5
466 8 3 1 4 6 8 2 4 4 9 6 9 7 9 1
332 3 2 2 9 5 2 7 6 1 3 5 1 3 2 5
409 8 2 6 5 4 2 9 1 3 4 8 7 9 7 7
276 1 1 2 6 1 1 8 7 4 6 1 7 7 1 5
10
517 6 4 8 6 1 5 8 9 8 3 4 8 1 9 9
393 3 7 8 8 2 3 4 8 5 4 2 3 2 1 2
518 6 6 6 3 5 6 1 3 8 6 6 9 7 5 7
414 7 1 6 9 7 2 2 4 1 6 1 8 9 1 7
494 2 9 6 3 9 1 4 4 4 3 5 9 1 8 9
439 8 3 5 2 8 2 2 7 4 9 4 2 9 3 6
419 4 2 1 7 5 2 9 9 6 8 3 7 2 8 5
399 3 9 4 3 3 7 3 3 6 2 3 1 5 5 4
488 7 8 2 5 6 9 3 4 5 8 5 1 2 4 8
382 2 1 6 7 1 5 8 9 9 2 4 2 3 2 7
10
482 5 4 3 9 9 6 9 2 8 5 2 9 6 4 7
323 3 3 4 1 6 2 4 4 4 7 6 2 1 2 3
443 4 8 8 7 6 6 3 3 2 2 6 5 1 6 1
459 6 6 4 2 4 4 7 4 5 5 8 5 6 9 6
625 9 6 9 8 5 6 7 9 6 8 4 5 9 9 8
370 2 5 4 1 3 7 3 5 8 2 5 3 2 3 5
392 4 6 5 8 5 7 2 1 7 7 1 4 6 3 1
591 7 3 6 7 9 6 7 8 8 7 6 3 5 8 9
342 4 9 2 9 2 1 4 1 4 9 6 9 2 2 1
504 7 5 2 1 4 8 8 7 5 7 9 5 7 7 9
10
377 3 1 3 3 5 6 5 3 4 4 9 1 2 6 8
455 1 9 9 5 2 3 5 9 2 8 7 4 8 5 3
451 7 9 6 3 4 4 2 6 1 6 4 2 4 5 7
479 6 1 5 4 3 7 8 6 7 3 9 9 5 5 5
403 1 8 4 9 6 2 7 4 4 6 2 4 6 5 6
344 1 3 1 9 4 5 8 4 8 9 4 4 3 2 2
346 7 4 2 8 1 4 2 3 5 4 4 7 1 4 1
505 8 4 9 4 1 8 2 6 6 2 6 8 8 9 4
350 2 1 4 5 2 3 1 4 9 5 9 5 2 3 4
484 4 8 7 4 4 2 1 7 8 4 6 8 6 9 1
10
334 7 2 3 3 4 2 3 1 7 7 7 4 6 4 2
499 3 7 6 4 6 4 7 8 8 8 3 8 6 2 2
388 5 4 1 8 2 9 3 2 3 9 6 1 9 8 1
378 3 2 2 7 3 2 1 6 9 1 3 4 2 9 8
444 3 4 5 4 3 5 6 9 7 8 3 4 5 5 4
457 4 6 7 1 6 7 8 3 4 7 1 9 5 1 6
446 3 7 2 9 8 6 3 4 7 2 7 3 1 7 3
395 9 8 6 3 3 4 3 5 2 4 3 4 3 2 4
487 6 6 4 8 6 9 4 5 8 2 5 6 6 5 3
493 9 2 3 2 9 9 8 9 1 4 1 7 5 6 7
10
484 7 9 9 7 5 6 3 1 2 5 8 3 3 3 4
354 2 3 6 6 2 3 3 6 2 6 1 7 8 7 6
432 7 3 2 3 9 2 3 4 2 8 8 9 4 7 1
409 2 7 5 9 1 4 9 1 4 9 8 1 8 9 4
423 1 4 9 5 1 5 2 8 4 4 8 2 4 6 1
397 2 5 4 6 6 9 7 4 2 4 8 1 8 5 1
376 1 6 4 3 4 9 7 1 6 4 2 7 2 2 4
414 3 2 6 3 2 5 6 7 5 9 5 7 9 8 1
363 5 5 3 6 1 1 1 7 9 1 3 6 9 1 8
433 5 8 1 2 2 6 9 7 7 1 7 4 1 8 6
10
458 5 2 2 3 8 5 8 7 9 8 8 7 1 1 3
434 8 3 9 2 5 4 3 2 9 8 4 3 5 2 2
469 4 7 5 2 6 7 6 3 4 8 2 3 6 7 9
420 1 6 1 5 7 5 1 5 8 2 9 5 3 6 5
292 3 2 2 4 3 3 6 3 9 4 3 2 3 3 3
351 4 5 3 2 6 2 5 4 5 7 2 2 2 6 3
515 8 8 2 7 8 4 4 8 4 2 9 1 5 3 6
498 8 7 7 2 5 5 6 8 1 8 4 4 5 2 4
523 9 9 8 9 3 6 5 1 6 3 9 3 9 8 8
357 5 4 6 1 1 4 7 7 1 2 6 6 2 4 1
10
428 2 4 6 3 8 2 5 4 8 8 8 6 4 1 3
462 4 7 9 9 3 3 5 6 6 5 3 7 6 2 9
457 7 3 3 6 4 1 9 8 7 4 3 9 6 4 8
436 2 4 7 6 6 4 6 1 7 8 6 8 2 3 6
559 6 7 3 9 9 9 6 2 7 6 4 9 9 9 9
406 6 5 7 2 5 3 6 1 6 8 7 2 3 2 8
486 8 8 3 8 8 2 2 2 3 2 6 8 6 5 7
293 5 2 7 8 1 2 3 1 7 2 1 7 1 1 1
469 4 6 6 9 3 5 5 5 7 8 3 8 9 5 5
405 7 1 5 1 6 5 5 4 4 1 6 8 1 3 2
10
477 5 6 6 3 7 9 4 4 2 4 6 2 7 5 7
473 2 7 3 8 7 3 2 8 7 2 7 9 5 6 5
471 4 2 3 6 9 6 3 9 1 2 3 7 7 6 5
395 7 3 1 3 6 2 4 3 7 7 6 6 7 4 5
422 9 1 1 2 9 3 1 5 4 5 8 6 2 7 5
382 3 1 2 2 8 7 4 1 9 6 6 9 2 3 2
499 5 6 7 6 5 7 2 2 9 7 7 8 8 3 7
376 8 4 5 6 3 5 8 1 1 5 2 8 9 1 1
390 2 9 5 5 1 2 5 4 8 3 7 2 8 6 4
457 7 4 3 2 3 5 6 9 2 7 8 8 7 3 5
10
330 2 1 5 7 1 8 7 3 8 7 4 1 2 4 4
375 2 7 6 3 2 4 2 7 2 4 8 1 2 5 1
408 1 5 9 2 6 2 3 6 3 9 2 1 5 9 5
371 1 3 7 2 3 5 1 7 4 2 5 5 9 7 4
526 9 8 8 4 5 7 7 2 4 6 9 4 2 5 6
396 6 1 3 9 3 5 2 5 7 3 8 3 1 9 1
351 1 4 6 8 3 3 8 8 1 2 2 4 4 6 2
363 2 2 2 5 8 7 5 3 1 3 3 7 2 4 2
371 2 2 1 5 9 6 5 2 3 1 6 9 3 2 3
418 5 2 6 6 9 7 2 2 1 8 2 2 3 2 5
10
475 1 9 9 7 4 5 7 6 1 5 7 5 9 1 7
440 3 4 7 8 9 3 3 2 3 3 7 5 8 4 7
431 6 4 9 5 4 4 9 3 3 5 4 1 9 6 7
422 5 5 1 4 9 6 3 9 3 5 4 1 9 1 6
504 8 7 3 8 9 4 7 4 5 6 7 1 1 8 7
337 2 4 3 8 6 3 3 2 1 7 2 5 3 4 8
494 3 8 8 9 3 8 8 1 4 2 5 8 9 8 8
454 5 9 9 2 2 4 6 4 9 8 2 8 3 7 2
357 5 1 1 1 2 5 9 5 3 5 1 9 6 2 8
517 7 8 5 8 6 3 6 1 5 9 8 7 8 3 9
10
490 9 5 2 1 7 6 9 6 5 9 1 8 6 3 8
382 9 1 4 4 1 8 2 4 4 3 1 8 2 2 5
450 2 7 6 4 3 7 7 3 7 1 7 9 2 7 4
480 7 4 9 5 9 3 7 8 4 3 4 4 6 8 2
342 7 1 1 3 3 2 4 6 2 4 9 7 4 4 1
435 3 5 1 5 6 1 6 9 4 6 7 6 6 3 8
532 8 9 6 6 8 3 1 4 3 5 9 6 3 8 8
306 3 7 8 7 2 1 3 2 8 2 1 3 1 1 1
519 8 9 7 4 4 9 9 4 2 4 7 5 9 9 3
503 9 8 7 3 7 4 1 4 7 7 1 7 7 7 5
10
422 6 6 2 6 4 1 1 8 5 9 8 1 4 6 8
387 3 2 8 6 8 5 7 1 7 3 7 1 2 9 1
532 5 8 4 6 8 4 5 9 7 6 4 3 8 3 9
477 7 7 4 6 1 5 8 3 5 6 6 8 4 9 9
427 9 4 8 4 1 5 8 4 3 9 6 1 5 9 4
478 6 6 7 2 2 7 6 1 8 6 4 6 9 4 9
337 6 2 2 2 4 4 5 5 2 4 4 4 7 8 3
415 7 3 4 5 1 9 1 2 8 7 8 2 8 2 9
487 5 5 1 5 3 8 7 6 7 7 5 9 3 8 7
501 5 6 8 4 9 4 8 5 1 3 8 3 7 5 4
10
360 6 4 3 4 1 9 2 3 5 2 4 1 2 9 4
458 7 9 8 5 6 2 1 2 7 9 1 8 3 3 6
439 4 4 5 6 4 5 9 5 2 8 9 4 8 8 5
344 5 4 4 3 4 2 2 4 3 9 2 7 1 1 3
450 7 4 2 4 3 3 6 7 8 7 7 7 7 6 1
514 5 7 9 4 6 7 7 9 5 2 3 8 2 1 4
508 2 7 8 3 5 5 8 7 6 6 9 4 3 6 6
397 4 1 4 3 7 3 4 3 9 2 2 7 5 9 8
479 7 5 8 2 7 2 4 5 4 5 6 7 7 4 4
468 4 6 7 6 7 5 3 8 5 4 1 3 6 3 9
10
495 9 5 9 8 3 4 4 4 7 5 3 4 5 4 8
518 8 4 5 4 9 4 8 8 9 6 4 7 1 4 5
570 9 6 6 2 7 8 4 9 6 2 8 6 2 5 8
477 7 9 6 8 1 6 2 7 4 8 4 6 7 4 2
465 7 1 7 5 7 4 2 4 4 9 3 7 5 7 4
438 1 8 8 1 8 7 4 1 5 7 6 2 9 9 1
352 2 6 6 7 1 6 6 6 1 1 4 5 3 4 1
462 5 3 1 3 5 7 4 5 8 4 8 3 6 8 8
468 6 3 2 2 8 4 7 7 7 5 2 8 8 4 6
353 8 1 1 2 5 5 7 7 2 3 9 1 3 2 1
10
487 3 5 5 2 9 7 3 3 5 8 4 7 3 7 4
566 8 8 2 8 8 8 8 5 5 3 5 7 6 9 5
565 6 6 3 4 9 6 2 9 8 9 5 8 5 2 9
407 7 3 7 7 1 3 1 2 5 7 7 9 5 2 3
479 6 9 2 4 5 6 9 3 8 2 6 5 6 8 3
328 6 1 6 3 2 4 5 3 1 3 3 2 7 8 8
458 7 1 8 9 5 6 7 6 2 2 6 4 5 3 5
507 3 4 8 5 8 1 1 8 5 6 8 7 7 3 7
452 3 8 2 1 7 6 3 9 2 2 8 6 5 2 1
531 8 9 8 6 5 5 8 5 4 2 1 7 7 8 5
10
413 5 8 4 2 9 2 3 5 7 3 1 4 3 2 7
443 5 1 9 8 6 7 2 2 8 7 7 1 1 9 2
450 3 6 9 9 3 4 2 6 9 1 8 3 2 2 2
447 3 4 5 8 2 4 4 8 3 3 7 8 5 7 3
409 3 8 2 6 9 6 6 3 9 1 8 1 2 2 2
330 6 4 3 6 7 2 4 1 1 1 5 2 3 4 8
437 9 6 6 1 5 2 8 4 3 3 6 6 9 6 2
354 3 1 3 9 2 9 6 7 1 1 2 8 9 3 3
501 1 5 9 2 8 7 7 3 8 5 9 5 3 7 4
365 3 4 3 1 6 6 9 4 2 1 4 2 1 9 9
10
545 1 7 5 1 9 5 1 9 8 8 9 5 3 7 4
372 3 4 3 9 1 8 3 3 5 6 8 2 8 1 1
426 5 2 8 3 7 2 2 5 2 2 5 9 3 3 5
378 4 8 5 3 5 1 2 3 7 9 5 3 1 4 1
370 9 3 1 8 8 4 2 1 4 3 1 6 1 1 8
442 9 5 8 5 6 8 4 5 3 1 3 3 9 2 2
392 6 1 2 9 1 8 6 9 4 7 3 5 6 2 2
345 7 4 3 4 6 3 8 1 5 3 1 3 4 2 5
478 7 8 1 1 8 4 5 4 7 6 2 7 7 5 8
473 7 4 3 4 9 7 6 6 7 1 2 7 1 9 3
10
463 6 8 9 9 2 3 6 8 9 1 7 2 3 8 1
452 4 1 9 3 5 6 9 5 9 2 7 8 2 3 5
420 6 4 2 4 2 6 1 9 7 7 8 2 5 2 4
451 8 1 9 4 6 3 1 7 6 3 1 8 6 4 3
373 3 2 7 2 4 7 9 1 8 1 3 1 6 7 9
356 4 2 8 2 1 4 2 6 1 8 4 2 9 1 9
355 6 1 1 4 2 6 3 5 4 5 1 6 6 8 2
428 6 1 4 8 9 1 1 9 6 1 5 1 8 3 8
351 2 1 2 4 2 4 1 6 1 3 9 8 5 1 6
402 1 2 6 7 3 7 3 9 5 2 7 3 2 6 3
10
425 2 5 4 6 5 2 3 4 1 7 7 8 9 8 4
396 2 1 3 6 8 2 2 8 5 8 1 5 6 7 6
488 6 9 2 9 4 4 9 8 4 2 8 7 7 7 5
433 6 5 8 6 4 3 8 4 4 9 6 7 4 3 3
417 7 5 1 3 7 3 5 1 8 4 3 9 5 9 6
554 5 5 8 8 7 6 5 9 4 3 2 8 8 8 9
441 9 1 6 9 3 1 9 8 3 7 5 8 3 1 9
520 8 8 8 6 2 7 8 8 4 5 1 4 6 6 9
506 7 5 4 7 6 1 3 7 5 1 7 9 5 9 7
367 7 9 1 7 9 1 9 1 1 1 1 8 4 6 2
10
436 2 9 6 1 9 3 1 1 3 7 6 1 4 8 6
575 6 9 8 9 8 1 7 6 6 8 9 9 4 6 6
419 2 7 4 2 4 4 2 3 5 7 1 9 5 6 9
380 4 4 3 2 1 4 6 8 8 6 4 3 1 9 2
412 5 7 4 4 1 9 5 3 9 5 1 1 6 8 5
482 5 2 4 8 5 9 3 5 8 4 9 1 7 2 7
323 5 4 8 3 4 1 1 1 1 3 2 8 5 4 1
541 3 9 9 2 4 7 4 9 5 5 8 9 7 6 1
551 7 9 3 9 9 5 6 1 7 9 7 5 8 4 9
551 9 7 6 2 9 7 9 8 5 5 6 3 8 1 6
10
382 6 4 2 2 5 1 2 9 1 8 1 7 1 9 3
492 5 8 4 8 1 6 2 5 4 7 6 8 1 5 8
423 2 4 3 4 6 2 8 6 7 4 8 8 2 2 6
499 9 8 6 7 3 5 7 3 8 6 9 7 9 3 1
316 1 1 1 3 7 5 1 2 1 3 4 8 8 5 1
544 9 7 4 1 7 6 5 7 7 7 9 4 5 7 1
429 6 7 3 7 4 8 4 3 2 9 1 9 3 7 1
379 4 3 3 8 4 2 1 5 6 5 6 9 9 3 3
359 1 4 4 8 5 3 8 3 3 5 1 9 8 3 2
434 7 4 9 6 2 3 3 2 6 9 3 5 7 2 8
10
471 8 5 7 8 6 2 1 7 8 3 2 7 8 2 1
453 6 5 9 2 1 7 7 7 1 6 3 9 5 8 1
435 9 1 5 6 7 4 6 4 5 6 2 4 6 4 9
430 9 5 1 9 2 3 3 9 9 2 6 3 4 5 5
401 7 3 4 8 6 3 6 3 8 7 4 3 7 5 3
444 2 9 8 3 8 5 7 1 2 2 7 4 8 7 3
341 3 1 2 9 3 3 9 6 1 9 6 2 6 3 5
431 2 2 7 2 5 5 2 6 2 2 9 6 2 2 9
479 9 3 7 9 1 9 2 9 2 4 8 2 5 1 5
405 3 2 8 4 4 5 3 5 6 1 5 6 3 4 9
10
372 1 1 5 5 9 4 4 1 3 2 6 7 9 4 5
331 7 1 4 4 2 4 2 3 4 9 3 1 7 9 4
387 1 1 6 3 4 3 5 4 3 9 7 3 4 3 9
523 3 8 2 2 9 7 9 5 7 2 6 9 4 8 6
472 1 9 9 2 2 8 5 8 4 5 4 4 1 2 5
530 1 4 7 1 9 4 8 9 8 8 8 6 5 5 8
389 1 3 9 7 2 3 2 1 8 3 5 6 6 5 7
418 4 5 3 5 6 8 1 8 9 2 1 1 3 1 3
398 8 3 5 3 5 3 9 4 4 4 9 3 7 1 2
463 8 5 4 5 5 2 3 9 8 7 5 1 6 3 6
10
526 9 9 9 9 2 1 8 6 4 3 8 6 3 8 5
450 6 2 5 5 6 8 9 1 2 7 2 6 3 6 9
511 9 8 6 8 8 6 2 6 2 2 8 1 7 1 1
416 7 1 5 9 7 3 2 2 3 5 4 8 8 6 1
477 6 3 7 1 6 5 4 6 1 5 9 8 3 2 5
383 5 6 2 4 9 4 6 1 7 1 6 3 1 2 7
405 2 6 1 5 7 2 4 6 8 5 3 6 8 1 5
441 6 4 3 8 4 8 8 1 6 5 8 2 8 6 6
399 2 5 6 6 5 1 5 7 4 4 7 2 6 4 3
530 6 9 8 9 6 3 7 8 6 8 2 2 8 9 1
10
297 5 1 1 6 3 7 4 1 1 5 2 2 8 5 8
437 1 6 7 1 5 9 1 2 1 6 2 5 2 7 7
458 4 2 4 6 2 9 2 7 4 3 9 6 3 9 2
421 7 7 8 8 1 1 1 1 3 4 6 9 8 5 6
355 2 2 7 1 4 8 1 1 4 2 8 2 7 5 1
456 5 4 6 5 4 4 4 8 1 9 4 8 7 1 8
581 5 7 5 4 8 8 8 7 8 7 7 9 9 3 3
476 2 7 6 7 9 5 7 4 5 7 8 3 2 2 8
438 6 4 7 1 7 8 7 4 1 7 6 4 6 5 1
407 1 3 5 6 7 2 4 9 7 4 4 3 2 9 3
10
439 9 6 4 2 6 6 1 1 2 5 2 9 2 5 3
494 2 6 5 7 8 9 3 3 6 4 7 5 9 3 7
471 7 4 4 3 7 7 3 6 6 5 4 7 5 7 2
454 5 1 3 3 3 6 9 9 5 1 9 7 5 7 5
407 2 3 8 5 4 8 4 4 3 5 8 5 4 1 2
422 9 2 2 8 5 6 8 8 3 1 7 2 1 7 3
418 9 9 8 1 4 2 4 1 4 3 5 6 5 5 5
444 8 7 5 2 6 7 5 1 6 9 6 2 5 4 5
357 5 8 6 9 1 1 5 1 9 2 6 5 8 1 4
311 5 2 8 1 1 1 5 4 1 3 3 5 8 6 5
10
522 5 9 6 7 5 9 7 7 6 9 8 1 8 1 1
444 2 9 1 8 1 6 9 5 1 3 9 7 7 7 8
457 9 2 5 9 2 5 7 5 3 8 6 6 9 4 8
362 5 2 3 4 3 7 2 6 4 5 3 3 2 5 2
448 6 3 9 4 5 8 4 5 3 3 8 1 6 3 3
474 8 1 5 4 9 2 7 6 8 7 6 4 1 1 6
433 9 7 2 1 5 2 7 2 7 7 6 4 3 4 8
492 6 2 5 8 8 4 1 9 8 3 9 5 7 7 3
659 9 8 9 7 9 8 1 9 9 7 3 6 8 4 4
508 1 7 7 9 7 6 9 9 7 2 8 4 1 6 1
10
359 7 7 3 2 1 1 1 1 9 2 7 8 4 4 3
372 3 3 2 5 4 2 6 5 6 1 6 5 1 9 8
376 3 4 6 2 2 4 3 6 5 6 5 3 5 6 2
441 5 8 2 7 9 1 8 1 2 2 8 7 2 9 3
387 5 7 4 3 4 5 1 8 1 7 6 2 3 2 1
434 9 3 5 1 3 2 9 8 3 8 6 5 2 5 9
574 7 4 9 9 4 6 2 8 5 9 6 9 7 8 8
307 8 4 8 4 2 2 5 3 1 3 2 5 1 1 1
599 5 7 5 2 8 5 9 9 9 8 9 7 6 9 7
430 8 6 6 7 3 4 8 1 9 3 2 3 4 8 7
10
512 2 7 9 8 2 6 2 9 9 4 9 5 7 4 6
468 6 8 2 2 6 5 3 6 5 6 6 9 2 5 2
348 3 7 4 8 6 3 4 5 2 3 2 1 8 5 1
356 1 8 5 2 3 9 1 5 1 8 3 2 1 2 1
481 7 7 3 1 3 9 3 5 2 8 8 9 6 2 3
466 4 3 8 4 9 4 8 5 2 5 6 2 4 5 7
383 4 3 1 8 7 6 2 3 3 2 6 7 9 8 2
440 6 7 6 4 4 4 9 4 8 6 6 1 6 7 6
535 8 8 6 6 3 2 7 3 9 8 7 7 3 9 8
307 9 1 1 3 1 6 9 2 2 5 1 3 2 7 9
10
296 5 2 5 4 1 2 9 2 3 5 4 1 8 1 7
450 4 7 5 7 9 5 9 3 9 1 8 3 9 2 1
431 6 4 2 9 5 5 7 4 5 3 5 8 3 2 5
520 6 3 2 1 5 7 2 6 8 7 9 9 3 9 7
498 4 3 6 4 5 9 6 2 5 3 9 4 8 9 9
438 7 6 8 1 9 2 6 5 2 4 3 3 5 4 8
528 5 5 3 8 4 9 8 9 9 3 5 6 9 4 4
398 6 6 9 7 2 6 7 1 6 4 2 4 3 3 3
358 4 3 8 5 1 1 1 9 4 1 3 2 1 6 4
391 1 8 9 4 1 4 3 2 9 3 1 6 9 2 7
10
409 6 5 1 7 2 4 5 9 9 3 5 2 2 5 7
449 5 4 6 8 4 4 4 8 3 7 6 4 5 8 4
528 3 9 7 6 5 9 1 8 3 3 5 9 9 2 6
477 3 6 8 3 5 1 6 5 3 6 9 5 7 5 9
344 9 3 4 5 3 2 4 2 6 9 8 1 9 1 3
369 9 1 5 9 1 5 4 1 3 2 8 3 7 4 5
340 6 5 4 7 3 1 1 2 8 5 1 7 5 6 3
321 1 3 5 2 2 4 4 5 2 7 2 9 2 2 1
506 9 8 4 8 4 9 1 9 6 5 3 7 6 1 1
484 7 6 4 6 4 8 4 9 8 9 1 3 5 1 4
10
430 6 6 9 6 2 6 9 7 8 2 3 2 5 3 2
397 3 5 4 8 3 8 2 5 6 7 3 4 3 3 3
427 3 4 2 1 9 7 2 7 4 3 2 8 3 8 2
493 4 2 9 5 6 5 4 7 6 7 9 3 7 5 6
405 9 3 3 6 6 2 2 3 9 2 1 3 7 5 8
362 7 6 8 9 1 1 1 2 2 5 3 7 4 6 1
379 5 8 6 6 6 1 5 2 8 3 5 1 3 7 3
382 2 8 5 7 2 2 1 6 2 7 7 3 3 4 6
367 5 1 1 8 7 3 2 9 4 1 1 1 8 6 3
414 8 6 3 6 2 3 5 3 6 4 5 3 8 9 7
10
404 1 5 8 2 4 8 5 4 1 4 8 1 6 8 2
445 6 1 8 5 2 6 5 7 6 8 4 1 9 7 9
494 7 6 2 7 9 4 6 7 6 3 5 9 8 4 4
422 2 1 1 8 3 9 9 2 7 9 5 9 1 9 4
432 6 8 4 4 9 6 9 4 2 1 3 5 3 1 3
471 7 2 7 1 8 6 5 8 7 6 6 2 8 1 5
456 4 3 4 8 8 4 9 7 2 8 3 9 1 3 8
492 1 1 9 6 7 4 6 9 7 9 6 8 4 9 2
360 4 6 1 5 8 5 9 4 1 2 4 3 8 2 3
436 5 1 2 5 2 8 9 7 6 7 6 7 1 4 4
10
482 1 6 2 6 5 9 8 6 3 7 3 5 4 8 9
436 6 1 1 6 6 7 7 3 3 3 7 7 6 9 6
466 3 5 1 5 7 9 6 8 2 9 5 2 9 2 3
524 7 1 7 5 9 9 2 3 6 9 7 7 3 6 1
602 7 5 5 8 9 6 8 9 4 7 7 8 4 5 6
462 9 9 3 1 6 6 7 1 3 3 7 8 5 1 8
330 6 3 1 4 5 4 5 5 4 4 2 1 6 7 1
366 7 7 6 7 2 3 9 3 1 1 6 2 2 1 9
443 4 2 5 8 5 5 9 5 1 4 7 8 1 7 2
484 3 5 6 5 6 4 1 8 6 3 8 3 1 6 9
10
580 6 4 8 3 9 9 3 4 7 8 8 8 8 6 3
537 9 9 5 7 8 5 6 4 9 2 2 8 5 1 8
441 9 2 7 9 1 7 3 9 2 3 1 9 5 5 3
409 7 6 3 7 2 5 5 3 8 1 8 7 3 4 5
564 1 8 9 8 7 7 2 8 8 3 9 6 9 5 3
404 5 1 2 2 3 7 4 7 5 4 9 5 9 2 1
513 9 9 2 9 6 5 6 9 5 1 9 9 3 1 1
357 9 4 4 8 1 6 5 2 9 3 1 2 9 2 5
418 1 2 9 6 3 6 8 7 9 1 8 2 2 4 4
398 5 6 3 9 1 9 8 4 4 2 4 3 9 2 8
10
332 4 7 4 6 5 3 7 2 7 2 1 1 9 3 6
424 7 3 3 1 8 3 2 8 9 9 3 1 2 1 6
402 3 4 6 2 7 8 1 5 3 2 1 8 6 3 3
472 5 7 6 5 9 9 2 3 4 1 3 4 1 2 5
432 1 8 9 4 1 7 1 7 4 1 4 3 6 7 8
301 1 9 1 4 1 1 6 3 4 6 3 3 5 6 8
331 4 1 2 6 2 9 2 3 2 7 1 4 2 3 4
479 6 2 6 4 5 2 6 9 4 6 9 8 2 5 2
483 6 9 2 8 8 7 9 2 5 1 7 6 5 2 5
435 4 5 5 2 3 2 8 8 2 7 8 4 7 6 8
10
400 6 1 4 2 2 7 3 4 9 6 9 5 3 6 4
426 4 6 3 9 7 2 3 6 7 7 9 1 6 4 1
411 7 8 2 8 4 7 2 1 4 6 4 9 4 3 2
472 3 5 8 6 4 7 9 6 3 1 1 9 3 7 4
403 5 6 1 2 7 1 2 7 7 9 1 2 1 8 3
502 3 4 1 6 3 9 7 7 5 8 7 8 9 8 4
482 5 9 3 1 6 3 5 7 9 6 2 7 7 4 6
433 9 7 5 7 1 4 9 7 6 4 1 1 2 4 8
516 9 8 6 3 4 8 1 4 7 1 4 7 2 8 8
359 5 5 3 7 5 3 8 2 5 2 7 3 8 1 7
10
420 9 2 1 1 6 4 4 7 5 1 9 5 6 1 8
386 8 7 8 3 5 3 1 2 5 4 3 1 8 2 2
507 8 7 4 9 6 8 8 1 2 2 6 9 3 4 7
405 4 1 1 6 3 1 3 9 5 9 7 9 5 8 3
532 9 8 8 9 4 3 2 7 2 4 6 7 2 2 8
524 4 6 9 5 9 2 4 9 3 2 7 4 1 7 4
498 8 8 3 8 5 4 7 9 7 7 1 4 3 5 3
389 1 5 2 8 3 4 8 7 4 3 7 4 6 9 1
432 2 3 7 3 8 2 9 3 8 6 2 8 2 7 5
506 8 1 7 5 2 7 9 9 5 6 7 9 5 4 5
10
547 8 8 9 9 6 9 3 2 6 5 3 4 3 7 6
478 3 9 3 3 7 5 3 6 5 6 7 6 4 1 7
360 2 1 1 5 9 1 8 7 5 5 6 6 3 3 5
452 9 8 8 1 1 1 1 2 7 6 9 8 3 3 9
356 6 2 2 2 4 5 1 1 1 9 5 7 4 7 5
471 8 6 5 8 2 2 1 4 9 2 8 5 9 7 8
494 8 1 6 4 9 2 3 4 6 2 8 7 5 7 8
438 9 6 7 3 4 9 3 2 2 7 2 6 4 1 4
484 1 5 6 4 8 6 3 8 5 3 7 8 4 4 2
434 7 1 8 7 2 2 2 6 4 5 3 8 5 9 5
10
465 8 5 8 5 7 3 1 4 5 5 5 3 4 7 1
399 4 2 5 8 2 2 7 7 2 8 1 5 5 8 6
488 8 5 1 8 8 8 9 2 9 1 4 9 6 1 4
354 4 1 3 8 3 4 4 7 2 9 3 2 7 8 4
438 3 9 1 9 3 8 8 4 6 9 7 3 6 1 2
539 9 7 7 8 2 4 5 6 4 3 9 6 9 9 5
518 3 6 9 3 7 3 5 6 3 9 8 2 7 8 7
444 6 7 4 5 1 9 7 5 5 7 1 3 7 8 5
398 2 3 8 9 2 2 2 6 4 3 1 9 1 9 3
424 1 1 6 7 7 6 2 9 8 3 7 1 7 3 1
10
466 3 7 2 1 8 3 2 8 1 8 9 8 4 5 2
340 6 4 2 4 1 6 1 3 8 3 1 7 6 3 7
404 4 3 8 7 6 1 1 5 6 1 5 1 2 6 6
400 3 2 4 4 4 5 5 1 9 8 5 7 9 2 5
518 7 8 7 2 4 4 6 7 8 5 6 6 7 7 4
528 3 8 7 6 9 3 8 7 5 6 9 7 1 4 2
471 2 8 6 6 9 9 2 2 9 8 2 4 6 1 5
469 6 2 8 1 4 8 2 9 1 9 2 5 6 4 4
408 3 4 7 4 9 1 2 2 1 3 1 9 1 7 8
381 1 6 5 3 7 2 7 6 3 8 4 2 6 1 7
10
469 5 5 4 9 3 6 4 2 9 9 7 5 7 8 8
416 2 7 8 9 5 6 5 6 2 4 1 2 5 5 3
476 6 5 7 7 1 5 9 6 6 6 6 5 2 4 7
457 4 7 3 9 5 8 1 7 2 1 2 2 7 7 6
494 5 7 9 6 3 4 4 8 2 1 1 5 8 8 9
496 4 8 2 4 7 3 6 7 5 1 9 8 5 4 9
525 9 8 4 2 5 9 4 8 8 6 4 6 1 5 4
392 7 1 1 7 5 2 7 8 5 4 1 8 9 6 1
384 7 1 7 8 3 9 9 1 1 8 1 2 4 1 8
374 5 3 7 1 2 4 3 1 3 2 7 9 1 9 7
10
444 7 2 1 4 8 7 9 7 2 4 6 1 2 2 9
411 6 3 8 2 8 5 2 2 1 6 6 2 5 6 5
408 6 2 8 3 2 7 4 8 3 1 5 3 2 8 4
441 2 2 6 6 4 3 8 9 6 4 5 5 2 5 9
446 6 6 1 3 6 6 4 9 5 3 5 4 5 3 7
450 3 2 7 1 7 4 8 6 8 2 9 7 9 4 6
377 6 5 5 4 8 1 3 4 1 3 7 2 5 5 3
506 9 8 8 1 5 7 2 3 9 2 6 1 2 7 6
513 9 6 1 9 4 9 9 9 4 8 2 3 3 2 8
405 4 5 8 6 1 2 6 8 8 1 7 2 3 4 3
