100 15
500 500 500 500 500 500 500 500 500 500 500 500 500 500 500
20
564 4 3 4 9 6 4 8 4 1 10 6 6 2 9 1
442 2 1 5 4 6 7 5 1 2 3 5 2 2 9 9
535 6 7 8 7 5 5 4 3 10 2 2 1 5 8 1
658 4 10 3 7 2 8 5 8 8 10 5 7 2 8 3
556 3 8 7 10 9 10 7 6 8 4 4 4 8 1 3
540 7 3 8 5 3 2 3 4 8 9 4 9 7 2 2
564 2 6 3 5 7 4 6 10 10 2 10 4 6 3 6
553 6 2 2 6 10 5 9 10 7 5 8 7 2 2 4
643 10 10 2 9 6 4 4 6 4 3 6 6 5 5 8
650 8 7 1 2 9 7 5 10 9 8 5 6 1 7 9
552 6 8 4 2 4 6 3 3 4 4 8 4 7 8 5
615 10 3 8 10 3 7 2 2 7 6 1 7 7 6 5
537 6 6 9 5 10 1 6 7 8 2 1 4 5 4 7
594 10 7 6 3 6 10 6 5 4 2 3 3 3 8 10
484 2 1 7 3 4 5 6 4 6 5 2 5 7 8 7
451 3 2 7 5 10 3 3 3 1 8 1 4 6 9 3
522 8 5 2 1 3 4 8 8 3 3 7 3 1 8 5
646 7 5 7 2 4 4 4 4 8 8 6 7 9 10 6
562 1 8 2 10 1 1 5 1 9 4 4 10 9 10 2
400 1 10 6 2 6 4 3 1 4 8 3 1 2 6 1
20
686 9 10 7 9 7 10 3 4 9 8 1 10 4 2 7
689 4 9 5 2 1 9 8 6 10 8 10 9 6 4 2
563 6 5 3 9 6 2 1 3 5 10 10 1 6 1 10
570 9 7 7 1 3 4 4 5 7 6 5 6 6 8 1
699 8 8 8 5 3 5 2 1 7 10 5 10 1 9 10
593 3 6 9 6 10 3 6 2 1 7 9 4 4 7 10
600 6 3 10 3 8 8 7 8 8 2 6 10 4 4 7
615 5 8 2 8 4 2 8 3 10 4 6 6 4 6 5
515 2 7 9 9 1 4 6 9 2 3 10 6 1 1 1
653 8 9 4 7 7 10 3 10 8 4 1 6 4 8 4
619 8 2 1 6 6 5 6 5 10 8 5 5 10 4 5
618 2 10 7 1 2 9 10 3 10 2 10 2 6 8 2
598 8 3 10 1 3 6 9 9 7 5 8 9 1 5 2
491 6 5 3 2 1 2 2 3 1 7 8 1 2 7 10
431 2 2 2 7 1 6 5 5 2 9 6 3 1 4 7
553 8 3 2 6 7 7 5 2 5 5 7 6 6 5 8
622 4 8 3 6 4 10 5 1 2 9 3 10 10 9 5
639 5 7 6 5 6 4 1 10 9 10 7 3 4 8 5
329 7 4 1 3 3 5 5 1 1 1 3 7 6 1 1
479 2 6 4 2 7 7 9 6 6 1 1 4 10 7 2
20
686 10 5 7 6 10 9 9 9 10 9 7 5 2 2 3
540 1 6 5 6 9 6 4 10 1 8 4 9 6 9 1
588 3 10 10 2 4 10 1 2 6 4 9 1 8 7 10
518 3 2 5 4 2 1 9 8 2 2 6 7 9 9 10
521 4 9 4 4 9 2 1 1 1 9 8 9 2 1 10
559 5 5 3 9 6 8 5 7 1 2 5 9 5 7 9
584 2 5 2 8 2 3 9 7 7 8 6 1 3 8 8
459 9 8 2 4 6 3 1 5 3 6 6 3 4 3 1
559 5 6 3 6 8 3 6 7 5 5 9 7 5 2 3
507 2 7 6 8 10 3 6 4 9 1 1 4 4 4 8
570 10 10 10 2 10 7 6 1 5 6 2 7 3 4 2
404 6 2 1 6 1 3 5 7 2 3 1 7 3 7 4
564 7 9 9 2 6 4 4 4 5 3 7 9 3 6 6
498 8 4 4 7 9 1 7 9 2 1 1 5 5 7 6
596 2 6 5 8 3 4 4 3 7 4 9 3 8 8 9
657 9 6 9 10 6 4 7 10 6 1 3 9 5 5 5
608 3 5 1 2 6 9 10 6 4 8 9 7 10 5 6
486 1 3 4 7 1 5 10 10 5 2 2 3 4 9 1
518 4 7 4 1 4 3 3 5 5 6 5 7 7 6 3
607 4 1 9 4 6 5 7 10 10 7 3 6 5 9 2
20
629 8 8 10 4 3 4 3 9 2 3 8 8 5 4 10
549 3 9 5 4 6 2 3 10 3 8 7 8 8 4 5
389 7 1 4 4 4 7 3 6 6 2 2 1 7 5 1
736 4 9 8 5 9 7 10 4 10 10 9 6 6 5 4
581 6 4 9 6 6 5 9 10 9 2 5 6 10 2 4
566 7 2 6 9 4 10 10 5 4 1 10 1 2 4 9
468 1 9 5 10 7 9 3 6 1 1 3 5 10 8 1
405 1 3 4 1 9 10 1 4 1 4 9 4 3 3 8
530 1 1 4 6 9 3 7 8 6 10 1 4 3 8 8
556 7 2 4 9 4 3 9 10 4 7 1 3 9 4 8
650 5 10 2 7 3 3 9 1 8 6 6 6 7 10 4
515 9 3 1 3 1 8 5 2 1 10 5 1 10 8 4
547 10 9 7 6 4 5 4 3 2 1 6 1 4 9 5
617 4 10 1 4 6 1 10 5 4 9 6 2 8 9 6
517 3 2 1 7 2 10 4 2 4 7 5 4 9 5 9
467 7 6 9 2 1 7 2 6 2 5 4 8 6 1 4
457 3 2 9 1 7 3 9 7 1 4 9 2 5 5 1
524 7 2 2 8 4 5 9 5 6 2 9 2 6 1 6
598 8 1 3 9 10 7 1 5 8 7 6 10 7 2 8
445 10 4 2 1 7 2 10 10 1 1 1 4 7 4 6
20
435 3 2 8 9 1 9 9 4 3 6 1 1 3 1 2
614 8 5 7 2 1 9 9 6 6 8 2 5 1 9 8
504 3 2 7 10 2 5 4 9 6 4 2 7 5 3 9
450 7 6 5 4 9 1 4 9 2 1 7 7 3 4 2
560 6 5 5 1 9 7 2 5 10 2 10 5 8 2 5
516 5 2 1 1 3 4 1 8 5 10 7 7 10 6 1
542 4 8 10 2 7 5 7 7 3 1 10 4 7 9 1
543 10 7 8 4 4 1 4 7 1 5 6 9 1 2 7
569 1 6 3 5 5 5 6 8 6 10 5 8 6 8 3
648 3 3 3 10 8 8 2 9 9 6 10 7 1 9 4
423 2 4 2 2 6 8 7 6 4 3 3 6 2 5 5
677 7 9 10 7 6 8 5 9 9 7 4 8 1 3 3
578 3 7 3 9 2 5 5 2 7 10 6 7 2 4 2
576 6 2 3 10 8 3 2 9 6 9 2 9 7 5 8
555 3 6 3 5 8 5 6 9 10 5 5 2 8 4 4
585 9 5 7 8 9 2 3 5 5 9 1 4 2 5 7
525 2 6 1 4 6 8 8 9 9 8 1 3 10 1 2
504 9 3 2 5 6 8 6 4 10 1 4 2 6 1 4
519 9 1 5 10 7 1 5 1 1 7 4 8 10 1 5
669 9 10 3 9 5 8 1 5 6 4 7 10 8 4 6
20
596 2 1 5 10 3 10 9 10 9 3 6 9 3 1 8
538 1 9 2 4 9 6 6 6 4 6 6 3 10 4 9
540 7 7 10 1 3 2 10 1 4 8 1 8 1 9 4
611 9 9 5 5 7 1 7 1 2 7 9 3 2 7 6
577 5 5 8 10 7 8 5 7 7 2 8 1 4 2 6
590 4 10 3 8 4 9 3 1 8 2 8 6 1 3 9
493 5 5 1 6 9 7 5 5 6 1 3 9 10 1 9
635 10 7 3 1 10 7 6 2 5 9 4 6 4 7 9
583 7 6 6 3 9 6 4 6 3 9 2 10 5 7 8
621 10 3 9 2 5 4 7 9 8 8 9 2 7 3 1
624 2 8 8 3 6 9 9 9 5 10 10 2 1 3 6
504 2 5 8 9 8 1 7 4 2 6 2 7 1 8 8
497 8 8 1 2 5 9 4 1 10 5 2 1 8 3 1
573 6 7 1 3 4 3 3 1 10 10 3 2 2 10 9
557 3 1 2 7 4 7 1 6 10 6 4 10 1 8 7
520 3 4 7 7 3 9 3 4 1 10 1 9 5 9 1
771 6 9 9 10 4 5 7 4 3 9 9 8 8 10 10
526 7 2 4 4 4 4 10 3 5 3 9 5 9 1 5
560 4 9 3 7 4 4 3 1 4 10 10 7 9 1 5
503 5 2 6 1 1 1 6 7 7 8 8 1 9 5 3
20
587 3 8 1 4 9 6 2 1 4 3 8 10 9 8 10
672 10 8 1 8 10 3 9 4 1 1 10 10 5 9 8
576 6 7 5 4 9 5 9 3 5 1 6 2 5 10 6
411 1 4 1 8 2 2 3 1 2 6 7 1 6 2 10
578 2 8 6 7 1 5 9 8 10 3 10 3 1 6 1
519 2 6 7 5 8 10 9 1 7 6 1 1 3 4 8
587 4 7 9 6 2 5 10 3 1 9 10 2 1 5 6
515 4 2 8 6 8 7 8 1 3 1 6 9 8 4 10
419 1 2 2 5 8 10 1 2 3 4 9 3 6 5 2
541 6 1 9 10 8 5 5 6 5 3 7 2 3 4 8
558 9 10 7 3 8 6 2 1 3 1 7 10 5 7 6
550 4 5 2 4 7 5 5 10 5 1 9 1 9 10 3
543 8 10 10 9 4 2 4 5 5 2 1 10 3 1 7
676 7 8 8 10 5 9 7 9 2 9 2 10 3 4 9
476 4 10 1 4 1 10 1 3 3 6 7 1 3 3 5
514 1 4 3 8 4 3 4 2 7 8 6 7 1 5 6
737 7 4 10 10 10 7 7 3 9 9 10 5 1 7 9
600 4 9 2 3 9 8 6 6 1 10 6 6 6 8 10
695 8 4 9 5 9 6 5 9 10 10 9 3 1 7 6
512 1 9 10 2 7 6 7 7 1 6 6 2 5 2 8
20
470 5 2 3 7 3 2 3 6 9 5 3 1 5 5 5
758 8 10 8 7 10 10 9 4 9 5 3 9 2 7 9
553 4 4 4 8 6 9 2 6 3 6 7 6 4 7 7
492 3 2 1 3 6 5 3 10 9 1 1 3 9 8 10
567 1 4 2 10 4 6 5 4 8 4 7 9 4 5 10
471 3 1 6 2 6 6 9 9 4 9 3 3 3 4 6
562 2 6 7 2 10 5 10 7 8 2 6 10 7 3 5
580 10 1 1 1 5 9 7 5 4 7 6 8 9 8 5
606 8 6 3 4 6 5 10 8 5 9 5 3 2 7 4
553 6 10 5 7 3 4 3 7 1 5 4 6 4 6 10
620 2 5 7 8 5 8 5 9 6 9 4 5 9 5 9
495 4 5 5 2 9 9 1 2 9 2 6 7 3 8 1
468 3 7 7 2 3 1 7 2 3 2 8 8 5 4 2
541 8 7 9 4 3 10 1 2 8 6 1 3 10 2 8
511 4 2 8 1 6 9 10 3 10 3 7 7 3 2 1
443 4 2 4 3 1 10 4 3 8 2 9 1 7 4 1
620 9 8 9 3 7 8 9 10 1 1 8 4 2 7 9
452 7 2 4 1 6 2 9 1 2 2 4 8 10 4 4
456 2 4 5 5 6 10 9 4 1 5 2 6 8 3 6
540 7 8 9 4 5 1 3 4 7 9 7 2 4 4 1
20
601 6 9 6 10 7 6 10 7 8 3 1 7 8 2 4
599 8 10 1 6 2 6 9 3 9 2 3 2 7 10 3
544 4 8 6 6 8 7 5 8 3 9 9 1 5 2 3
589 3 8 1 7 9 5 5 9 7 2 2 8 8 8 9
485 5 1 6 9 3 6 8 3 10 1 2 3 5 2 5
617 8 9 10 6 7 2 8 9 3 9 6 6 5 1 1
611 1 6 8 2 6 5 3 10 8 10 10 2 6 7 2
657 10 8 3 9 6 4 3 6 5 10 2 2 10 8 8
579 9 9 7 4 5 3 8 3 9 2 2 5 7 4 3
580 7 9 9 7 8 4 4 2 5 8 1 6 2 5 4
621 6 5 5 10 4 5 7 3 8 9 1 1 5 9 6
664 9 4 9 8 9 10 8 2 2 6 5 9 10 7 9
499 1 6 4 6 8 6 4 1 9 3 6 9 10 5 1
483 2 4 7 5 2 10 5 10 7 3 3 1 7 7 1
762 6 10 8 8 4 8 2 9 8 7 8 5 1 10 10
572 9 2 6 7 5 4 3 1 10 5 3 6 4 5 8
720 9 1 5 5 3 2 4 8 10 6 8 8 9 9 9
489 8 3 8 3 9 1 10 2 1 2 1 3 6 7 9
579 7 6 1 2 2 10 3 9 8 4 2 7 10 4 7
425 3 1 1 9 2 2 4 7 3 5 3 2 10 6 5
20
525 3 9 2 7 2 1 3 8 5 3 10 6 7 2 8
481 7 3 1 4 6 1 2 5 3 3 8 8 8 2 9
530 4 7 9 2 6 6 4 4 6 4 2 10 5 2 9
523 8 2 7 1 9 8 1 7 1 10 6 4 9 3 7
482 1 7 3 2 10 9 9 6 2 1 3 10 10 5 9
477 1 1 1 10 7 2 5 9 3 3 7 2 6 8 8
447 9 7 5 1 5 10 7 1 2 1 9 1 4 4 1
530 5 3 2 10 4 2 1 6 9 8 10 3 2 1 6
462 3 3 8 7 3 4 8 3 5 2 6 3 7 6 2
600 9 10 10 4 7 9 8 3 1 2 5 8 2 6 6
676 9 10 7 4 2 1 9 10 1 8 5 8 5 7 7
426 4 5 1 3 7 6 6 7 1 7 6 2 2 1 8
625 3 6 7 8 8 5 7 5 8 7 4 9 9 6 6
711 7 7 1 5 6 5 9 1 7 9 10 6 5 10 9
623 4 8 5 10 7 4 5 8 9 3 6 7 9 4 2
633 5 3 7 10 10 4 10 5 6 6 1 2 8 10 8
566 4 7 5 8 1 10 3 3 3 3 7 2 6 10 4
601 6 6 4 6 1 4 8 8 8 8 1 2 2 8 10
637 9 1 9 2 10 1 7 9 9 8 1 10 10 7 7
570 4 9 5 9 8 5 6 2 5 1 9 5 9 1 8
20
599 4 2 9 5 1 2 7 9 9 4 3 6 7 5 10
608 8 5 7 8 4 8 5 2 6 5 8 3 7 3 6
532 2 4 7 6 4 10 2 8 4 6 8 3 4 8 2
520 2 6 7 7 1 9 5 8 3 9 5 6 8 2 2
576 3 4 7 7 4 3 10 6 8 3 7 9 2 2 9
543 10 3 2 8 6 1 2 1 2 5 5 10 1 10 7
521 10 2 5 6 6 5 2 2 8 1 6 6 5 8 2
606 6 4 8 7 6 6 6 10 3 4 6 9 8 6 2
532 3 6 6 2 10 9 5 8 4 7 6 6 4 3 4
657 2 7 10 8 7 9 1 4 3 8 9 2 9 9 9
610 7 3 4 9 10 10 3 10 8 10 3 5 1 4 6
627 9 9 5 10 9 1 2 3 3 4 9 10 1 7 6
530 3 10 8 9 5 5 10 8 3 2 3 1 2 5 6
496 5 4 7 1 7 10 4 3 3 6 4 2 5 9 3
467 5 3 4 1 10 1 2 1 10 2 3 9 10 7 5
606 7 9 9 7 5 2 1 3 1 6 10 6 5 7 6
546 2 3 2 10 3 6 3 3 8 3 4 4 10 9 8
464 2 1 2 4 10 9 6 2 3 4 10 6 6 3 5
526 3 8 4 8 8 4 7 7 1 5 6 6 4 1 9
651 1 9 10 10 9 4 7 9 10 5 2 1 6 9 5
20
551 10 2 7 3 3 5 3 9 5 2 3 4 1 9 10
536 2 3 10 9 7 10 8 7 6 3 3 3 2 3 10
693 4 5 2 9 4 8 6 7 9 9 6 10 2 10 2
556 10 1 10 2 8 8 5 2 4 8 7 2 8 3 9
469 10 1 5 3 4 7 2 5 1 1 9 1 5 6 10
584 9 7 7 3 3 9 10 8 1 1 8 9 5 5 5
614 9 4 9 1 7 9 1 8 5 2 5 7 7 10 10
507 7 4 4 8 7 10 3 4 1 3 8 3 6 7 1
516 9 6 5 3 5 2 3 1 5 1 8 3 6 5 8
549 1 2 7 8 1 10 10 4 2 9 9 5 6 5 4
504 8 1 9 1 4 10 2 2 3 6 4 9 8 5 7
524 10 5 2 8 1 6 1 7 4 1 7 7 1 5 7
623 9 3 2 7 4 1 4 10 10 7 5 2 3 6 9
582 1 9 5 3 7 7 9 2 6 10 1 7 5 9 4
605 6 10 8 2 7 4 7 7 5 10 8 1 3 2 8
520 5 8 3 10 4 3 8 6 4 2 2 4 4 8 4
514 1 4 2 1 8 10 7 6 2 5 5 3 8 10 9
472 4 10 2 1 3 9 1 9 5 2 1 6 4 5 7
537 2 10 2 5 8 6 8 2 5 9 2 8 3 5 7
628 8 2 8 6 8 10 3 6 7 6 1 6 6 10 10
20
601 3 3 5 1 8 4 4 3 9 10 7 7 10 9 7
512 2 8 7 4 3 3 4 1 4 4 6 7 2 5 10
616 10 3 1 9 6 4 2 4 8 9 1 8 4 7 5
473 2 7 4 6 2 7 1 6 6 2 10 1 10 2 6
531 2 5 5 5 1 6 7 10 2 10 8 3 10 3 3
425 2 8 6 2 3 10 6 5 4 1 1 1 5 4 7
439 8 1 1 2 1 6 4 2 8 3 3 7 2 3 9
723 2 6 2 8 7 8 8 7 10 6 9 1 8 10 10
478 2 2 7 8 7 4 4 9 3 5 3 7 2 3 9
702 9 10 9 9 9 6 2 7 8 10 2 6 1 10 3
536 1 10 10 4 1 5 7 5 2 6 5 4 10 8 2
573 4 7 7 10 1 10 5 6 4 5 6 4 10 5 2
570 7 2 5 9 5 1 3 10 6 10 3 3 3 8 1
568 8 10 1 9 8 6 1 9 1 5 3 10 7 5 1
584 7 2 8 5 2 3 9 1 5 2 7 8 7 9 8
484 2 10 10 8 7 10 9 1 1 5 1 7 8 1 3
559 2 4 10 5 10 8 3 3 7 8 8 4 1 3 6
501 2 5 2 6 3 9 8 4 4 6 7 4 7 2 6
472 5 6 10 1 1 3 4 5 3 9 1 5 10 6 1
460 4 7 10 5 5 5 1 1 1 5 1 4 2 7 10
20
529 5 1 8 6 4 9 4 9 6 6 7 1 4 2 8
662 6 7 4 2 2 6 6 3 10 10 1 7 10 8 7
689 10 6 9 5 3 8 1 5 8 6 5 5 6 9 6
736 5 6 7 8 3 1 10 9 9 10 5 9 8 4 10
561 7 3 2 6 6 7 6 5 2 4 10 10 7 4 6
606 4 6 1 6 1 5 9 8 9 10 10 4 2 1 3
544 3 7 1 5 9 5 2 8 9 5 4 4 10 3 9
655 10 2 7 5 5 10 6 3 3 7 7 9 2 7 9
589 2 1 10 9 7 1 4 10 6 9 6 10 5 5 4
445 1 1 10 5 2 9 7 8 7 1 4 6 4 1 6
625 1 3 10 10 4 9 2 9 7 3 6 9 3 9 8
529 8 1 5 4 9 9 9 3 5 5 6 4 7 1 9
313 3 1 2 2 6 2 1 6 5 4 1 6 1 2 4
571 4 1 4 6 2 3 7 9 10 7 6 2 5 7 3
487 4 8 9 1 3 10 2 8 8 6 1 1 2 1 7
653 4 9 7 4 10 7 8 5 5 9 6 4 8 9 7
528 1 6 5 7 9 2 2 10 7 5 3 1 3 9 7
794 6 10 8 7 6 6 10 3 9 9 7 9 3 8 9
523 7 6 7 6 9 3 2 8 8 5 3 2 8 3 4
620 8 2 5 8 1 8 6 6 9 4 9 7 6 3 1
20
403 4 3 2 2 9 6 6 1 4 6 4 7 6 2 4
672 4 9 6 9 6 1 9 6 6 6 9 10 5 4 7
546 8 7 3 7 8 2 2 5 6 2 10 3 8 4 3
454 5 7 10 2 7 6 1 4 3 5 2 2 7 3 5
638 10 6 2 10 4 8 1 9 5 5 3 7 7 8 8
485 6 7 5 8 3 8 1 1 2 8 2 9 6 1 2
460 7 3 2 10 10 10 2 6 1 9 1 9 1 1 4
589 2 7 10 6 7 9 9 9 2 2 2 8 6 8 8
518 5 6 2 8 6 5 5 5 3 8 1 4 3 6 6
539 9 2 5 10 10 8 8 5 2 7 5 1 4 2 8
764 10 5 5 6 1 8 7 8 7 4 8 9 7 10 10
680 8 2 10 4 9 7 10 10 8 10 6 7 9 1 7
510 9 1 4 8 5 6 6 6 2 8 2 1 1 9 4
463 2 1 1 2 1 9 6 9 5 8 2 10 6 6 3
599 2 7 8 9 1 2 5 1 6 7 10 7 2 10 3
572 1 9 10 10 10 2 2 1 6 6 5 9 9 4 7
521 4 3 6 8 8 7 1 2 5 10 4 6 6 2 5
661 9 8 9 8 2 2 7 10 5 5 8 10 1 6 1
378 1 7 10 6 5 1 4 1 1 1 3 3 4 1 10
592 10 10 1 9 4 7 1 10 4 2 8 2 5 7 3
20
537 2 9 3 2 4 8 1 10 4 4 5 6 6 7 10
537 2 5 3 4 5 1 5 4 1 7 7 8 10 7 9
646 5 5 2 10 3 5 5 8 10 3 7 7 5 10 1
577 5 1 9 8 3 9 5 8 6 5 7 6 5 2 10
550 1 3 8 4 5 8 3 6 9 5 8 9 3 6 5
561 8 8 1 4 8 10 9 10 1 1 6 10 10 4 2
435 4 4 3 4 6 10 2 7 4 1 5 1 7 7 3
664 10 4 10 6 4 9 5 4 7 7 7 10 9 3 5
611 6 5 2 8 4 10 2 8 5 8 8 8 6 5 2
445 1 9 1 6 8 3 1 7 4 3 3 2 10 8 4
698 9 10 9 7 10 6 1 6 6 6 9 10 8 2 9
480 1 9 7 2 2 6 9 1 6 2 2 8 9 5 2
558 1 10 6 6 1 1 7 9 3 8 3 4 7 6 5
458 4 3 6 7 9 3 2 1 3 1 7 10 2 6 6
699 2 9 8 9 4 6 9 1 1 9 8 5 10 9 10
608 7 9 10 8 7 3 5 7 9 3 2 6 3 5 2
601 2 10 7 8 8 10 3 4 9 5 5 6 9 6 1
687 1 9 7 1 10 9 10 3 10 9 6 9 9 8 3
724 7 10 8 10 9 8 6 6 3 6 7 9 8 7 3
429 3 6 8 5 4 3 2 3 6 5 3 1 2 4 8
20
523 2 4 4 1 3 7 6 9 7 3 10 3 6 3 9
542 9 1 5 6 1 5 9 10 7 1 6 6 8 2 1
519 5 6 8 1 6 3 4 6 5 9 7 4 6 1 1
572 9 7 2 10 5 2 8 1 1 8 2 4 8 9 5
468 5 6 9 5 6 4 7 2 4 3 3 1 7 8 2
644 7 6 3 6 4 10 1 6 1 6 10 7 7 9 7
615 8 9 9 10 10 1 9 7 2 5 10 6 8 1 1
497 9 4 5 6 9 1 1 10 1 5 7 10 3 1 6
474 9 9 4 2 1 3 9 5 3 5 5 4 5 1 2
541 3 2 4 9 9 9 3 4 7 4 10 5 2 4 3
609 2 5 9 3 5 6 10 10 8 5 6 7 1 5 10
621 10 3 5 8 7 4 8 10 6 4 6 9 9 4 1
579 8 2 6 5 4 8 5 6 3 8 3 9 10 3 5
518 7 7 5 7 8 2 9 7 4 1 3 7 4 3 7
761 10 10 1 9 7 10 8 4 4 8 5 9 10 10 8
530 10 1 8 5 3 7 3 9 5 6 1 7 5 6 3
549 5 3 5 7 8 10 4 10 8 4 4 2 1 3 9
548 6 8 1 7 7 7 1 9 4 1 5 6 7 7 6
630 2 3 10 3 3 9 9 4 7 6 9 9 7 7 5
593 7 8 9 7 8 10 6 10 2 3 9 1 2 2 5
20
552 4 6 7 6 3 3 8 2 7 2 8 9 10 3 4
582 3 10 2 9 8 3 4 10 3 1 10 5 4 7 7
556 6 10 7 6 6 10 1 10 3 3 6 4 5 5 6
654 2 9 7 7 7 4 7 3 2 10 9 5 3 7 10
665 6 10 9 2 6 5 5 9 6 5 8 4 1 9 8
490 2 10 4 3 7 9 6 2 5 6 2 2 4 3 8
576 1 9 8 1 1 7 6 7 3 4 9 6 2 9 8
541 4 7 8 7 9 9 7 3 9 3 4 1 4 3 2
616 4 4 5 5 8 1 8 5 9 7 8 6 6 8 4
426 9 4 3 6 3 2 5 1 2 2 4 10 6 3 1
508 3 8 7 10 7 1 1 7 4 3 8 6 1 6 2
677 2 6 10 4 9 7 9 2 8 9 10 1 5 8 6
576 8 2 8 10 2 9 1 10 4 8 7 2 9 2 5
582 10 3 8 4 6 3 9 4 4 3 4 3 6 10 4
623 9 2 7 6 2 4 2 9 4 8 10 5 3 9 5
639 4 5 8 4 7 1 10 6 5 8 10 10 1 1 10
560 4 5 5 1 8 3 10 7 8 6 4 7 7 2 6
550 7 3 5 4 7 4 4 4 8 9 8 3 1 6 3
522 6 4 7 2 3 5 10 10 8 6 1 5 2 2 6
417 5 6 3 3 9 10 5 1 1 3 4 7 4 5 3
20
502 8 4 7 3 6 7 5 8 7 2 7 1 8 1 5
643 1 9 5 6 10 8 7 6 10 8 3 5 5 7 4
580 8 1 1 2 2 9 5 1 8 3 10 3 8 8 10
585 10 6 6 9 5 10 5 4 6 5 3 3 5 4 6
548 8 7 2 10 5 6 4 4 4 7 2 6 6 4 1
535 6 4 1 2 5 10 7 6 3 6 10 5 4 1 9
418 2 3 8 7 7 6 1 5 3 5 5 4 6 1 6
505 3 3 5 4 1 1 1 5 4 10 2 10 7 5 8
488 2 7 3 2 7 3 3 3 5 8 3 10 9 2 4
610 9 7 9 7 1 7 2 4 3 9 3 4 6 5 6
536 3 1 1 4 3 9 3 3 5 2 10 7 8 9 10
549 3 8 1 7 3 10 6 9 4 6 5 6 2 6 4
583 6 6 5 1 9 9 10 4 2 2 5 5 10 8 9
612 3 8 4 10 10 9 9 1 7 2 10 7 7 5 4
501 2 4 2 8 10 7 3 5 4 10 9 3 1 2 6
641 10 10 10 1 6 2 2 10 5 2 10 9 5 8 3
743 8 8 3 10 6 3 4 3 8 10 8 8 8 6 7
486 1 9 2 2 1 8 6 7 3 5 2 10 7 3 4
507 7 2 8 10 7 3 2 5 2 6 2 6 8 4 6
557 2 7 5 6 8 7 6 1 10 7 9 5 4 3 2
20
470 2 8 6 2 1 2 10 9 3 6 2 4 8 1 3
630 8 1 4 9 5 6 5 10 7 10 7 1 8 3 5
449 1 7 8 9 1 1 4 3 2 7 1 3 7 3 7
415 7 8 7 1 10 5 1 1 2 1 3 3 4 6 6
508 2 5 4 3 10 3 9 8 8 2 1 9 7 5 3
531 8 2 10 7 9 1 8 9 9 4 1 2 8 1 5
603 10 1 9 5 8 1 4 9 2 8 8 6 1 9 5
550 2 6 1 9 8 4 6 8 2 8 9 2 7 6 2
569 8 7 5 1 7 8 3 2 1 8 3 5 9 10 6
659 10 8 1 8 6 2 9 4 5 2 5 8 8 8 9
456 4 6 3 6 3 2 2 4 1 8 2 4 9 5 7
763 10 10 10 1 7 5 5 5 9 10 7 9 9 6 9
488 8 5 6 3 10 6 8 6 3 1 2 5 6 6 4
494 1 1 2 9 9 6 10 4 1 8 6 6 3 2 8
661 3 10 8 10 7 9 4 8 5 7 5 3 3 10 6
659 9 2 9 9 9 2 8 2 5 5 9 4 6 9 9
557 9 3 3 1 4 1 9 2 8 2 10 9 3 2 6
421 1 7 1 5 1 8 8 1 7 3 4 7 1 3 3
569 1 1 5 7 6 4 10 4 8 10 7 4 5 7 4
471 2 2 10 8 3 3 9 2 1 3 8 8 2 2 5
20
672 2 10 4 7 5 8 9 6 7 3 10 3 8 10 6
388 2 1 3 8 8 5 4 1 2 10 1 5 2 5 4
475 5 2 1 6 4 1 10 10 3 1 3 3 5 8 6
568 3 9 6 7 5 5 3 3 6 8 3 1 3 7 8
499 1 8 8 10 8 1 5 1 7 8 4 1 7 1 3
509 4 8 2 2 5 4 8 2 6 4 6 10 2 3 5
543 1 2 5 9 1 3 6 10 9 3 1 10 7 7 5
523 6 6 1 6 5 5 4 1 4 7 5 9 3 6 1
548 1 10 10 2 10 8 1 6 6 8 10 3 1 4 4
552 8 7 2 8 3 5 3 10 1 8 9 1 2 4 3
475 2 2 3 3 4 6 3 7 6 7 10 3 3 1 9
522 6 5 2 5 5 1 1 6 3 9 8 9 5 3 2
676 3 4 10 8 4 10 4 2 8 10 7 10 8 6 6
614 6 10 1 8 7 7 3 6 7 8 3 8 7 5 5
506 1 3 6 5 2 3 8 1 2 4 10 9 10 2 9
539 3 8 3 7 8 5 7 2 9 7 1 2 8 4 7
533 9 4 6 8 6 9 4 7 6 1 3 6 5 2 6
576 2 9 3 10 1 9 7 8 6 7 5 6 2 1 8
464 1 3 5 3 6 7 9 1 10 7 3 3 3 4 1
496 3 3 5 3 3 4 10 3 6 9 8 1 1 3 6
20
658 8 10 9 7 9 8 5 4 4 1 7 2 10 8 6
583 8 3 10 7 10 8 7 2 9 2 1 7 5 6 4
444 2 9 3 3 10 3 2 1 7 6 6 2 3 2 6
555 5 5 6 6 1 10 4 5 10 1 8 1 1 6 3
479 3 6 8 8 1 9 8 1 4 3 1 9 3 3 1
531 7 3 10 4 9 1 10 8 6 1 3 6 7 4 2
600 4 6 1 8 2 10 10 9 4 4 10 9 1 5 1
547 4 10 2 6 7 10 6 3 1 8 3 3 6 7 4
582 2 4 3 10 5 3 8 8 2 6 3 9 6 8 8
484 6 3 4 4 5 5 1 3 9 2 2 9 6 6 3
485 3 10 7 2 5 8 4 5 1 1 2 8 5 9 4
582 6 1 3 4 5 9 8 7 9 10 6 10 3 1 3
565 8 1 6 6 8 5 10 5 6 5 3 4 1 5 7
647 7 9 3 4 3 4 6 1 9 6 9 5 2 6 9
547 7 2 10 1 10 5 7 5 6 9 4 4 4 4 3
685 6 9 8 4 1 9 6 5 9 6 3 7 10 8 3
668 8 7 7 5 9 4 7 4 9 2 10 4 2 9 10
560 8 6 2 3 7 5 10 2 10 8 1 7 3 5 1
566 9 5 3 4 1 1 4 7 3 10 5 5 3 7 5
374 2 5 7 1 6 3 9 8 2 3 7 3 1 2 1
20
582 4 6 6 8 10 2 1 9 6 6 8 1 1 8 5
552 8 3 9 7 1 8 3 1 9 2 1 4 2 9 9
520 7 1 1 4 4 5 6 7 9 3 8 3 10 3 2
508 3 7 9 1 9 4 8 6 1 7 5 9 5 1 10
308 1 2 2 1 2 2 6 5 2 8 2 1 1 5 2
559 2 10 10 9 10 6 1 7 10 5 2 6 1 2 6
629 3 7 10 5 7 8 4 4 10 8 6 2 4 5 8
477 3 2 9 2 4 1 8 1 9 4 6 1 3 10 2
561 8 5 4 7 7 1 8 10 9 2 1 10 7 3 2
427 8 10 3 7 10 2 2 1 2 1 2 2 7 2 9
682 8 10 8 9 6 6 2 8 3 3 4 9 7 9 10
532 2 7 2 7 2 2 5 9 6 3 8 8 5 4 5
493 4 8 5 9 1 5 9 1 4 4 2 8 4 3 2
520 6 6 10 1 7 8 7 3 1 4 4 10 6 5 4
638 5 2 2 7 1 6 1 5 9 10 9 8 9 4 8
631 4 4 6 3 6 4 6 2 6 10 9 1 8 10 6
531 1 2 4 8 5 9 8 9 3 5 6 7 9 3 7
498 9 1 4 9 5 5 8 10 2 2 2 4 9 2 3
686 4 5 7 8 1 6 8 10 6 6 9 2 10 9 5
560 9 2 1 9 10 2 5 6 8 7 1 3 4 4 7
20
457 4 7 7 2 9 10 5 8 1 7 1 4 4 5 3
401 5 6 7 9 1 1 2 9 2 4 3 2 3 2 2
612 6 8 5 2 5 9 3 5 9 6 9 1 10 4 6
562 6 2 5 1 4 9 1 3 7 7 4 8 10 10 4
624 6 5 1 8 10 1 2 8 7 6 9 5 7 8 5
445 6 2 4 1 1 1 4 7 7 4 4 9 2 1 10
534 5 6 1 4 1 1 8 8 8 5 3 3 8 6 6
666 7 7 6 3 4 6 7 2 10 10 5 10 9 3 5
460 1 3 8 5 8 3 10 5 6 8 1 1 2 6 6
671 5 9 2 6 4 7 8 7 9 8 3 8 10 4 9
535 4 7 5 2 3 5 4 10 8 5 7 6 6 2 2
536 4 9 4 8 10 7 1 3 1 6 7 8 3 6 7
535 1 7 5 10 5 1 2 2 8 6 7 10 4 4 3
621 4 4 2 7 6 8 6 8 9 5 10 9 9 4 3
544 9 6 5 5 5 3 5 4 5 2 5 6 9 4 8
575 3 7 10 4 9 4 9 3 2 8 6 4 3 8 5
564 3 10 9 1 4 4 7 8 1 7 8 7 2 3 8
694 7 10 10 2 4 8 10 3 7 8 3 9 3 10 3
558 10 7 4 4 1 10 3 5 3 1 9 5 4 8 2
518 7 1 3 10 2 9 5 2 1 8 4 1 3 4 10
20
757 10 7 7 3 2 7 9 10 10 8 6 3 2 8 9
629 6 1 2 6 3 7 1 6 10 10 8 6 5 9 3
452 9 2 5 1 4 4 4 4 1 3 6 6 4 8 4
626 2 10 3 8 10 8 5 7 9 3 10 7 4 4 7
503 5 6 7 9 10 8 3 1 4 2 5 9 6 5 1
552 5 6 2 10 1 5 7 2 5 10 5 3 7 4 4
453 4 6 4 4 8 1 2 10 5 6 7 2 4 3 1
557 6 5 6 1 7 5 1 7 7 8 4 7 10 8 3
698 6 4 4 8 3 8 10 3 6 4 10 9 5 8 8
610 10 4 6 4 7 7 7 1 7 10 10 10 1 1 1
561 5 8 9 7 8 9 8 7 5 7 7 1 7 1 1
456 6 2 4 4 7 2 7 6 1 10 1 5 2 3 6
587 8 8 2 1 6 10 4 8 4 3 3 6 9 9 8
688 8 5 6 1 7 10 10 1 10 4 10 8 8 9 3
523 4 7 6 7 6 7 8 3 3 3 10 5 2 4 3
621 7 2 10 8 10 1 4 4 5 6 10 9 8 4 8
598 10 4 1 5 4 10 7 3 8 4 3 8 7 10 2
561 3 4 3 7 8 9 8 10 3 9 3 5 2 8 6
526 5 1 3 10 3 2 8 9 5 3 7 2 5 2 10
701 10 6 8 7 4 8 8 8 6 10 8 3 3 7 3
20
446 9 3 1 2 2 6 2 6 3 2 8 2 9 2 9
524 6 2 2 6 3 5 7 1 4 10 6 9 3 4 3
510 5 8 1 5 5 5 2 4 4 9 2 7 6 6 1
527 3 6 6 6 1 10 4 7 6 4 5 3 8 4 5
685 3 10 9 5 2 2 9 5 9 5 9 2 10 6 8
617 1 5 2 10 2 9 7 2 4 10 10 9 1 10 2
573 6 9 9 5 9 8 4 1 1 8 2 3 5 8 10
628 5 10 4 6 1 10 4 6 4 10 9 2 4 6 1
676 9 2 5 5 10 2 4 7 8 9 3 8 4 10 10
564 9 3 1 4 3 8 6 6 9 1 7 6 3 6 8
538 3 3 1 4 6 5 10 8 7 4 5 3 7 10 6
595 6 2 7 8 5 7 2 8 6 3 10 5 7 8 5
604 1 3 8 9 1 9 9 1 10 2 4 2 7 9 9
470 4 5 2 4 2 9 10 5 9 1 2 5 4 3 5
700 4 8 8 10 6 8 8 8 4 6 10 6 10 5 8
470 9 6 1 3 8 6 9 1 2 1 3 4 7 9 4
503 2 3 5 10 1 7 7 4 5 6 5 2 9 7 1
433 5 3 5 6 3 5 2 4 1 5 1 4 9 8 5
522 3 10 7 9 9 9 4 4 7 3 1 3 4 5 4
545 9 5 8 4 4 5 10 9 7 2 5 2 6 4 1
20
624 9 10 7 2 3 5 1 9 5 10 2 8 6 5 7
576 2 4 7 6 3 10 4 7 7 1 10 8 6 5 4
548 6 1 2 10 1 4 1 1 2 10 6 6 10 10 5
503 1 3 2 6 2 4 8 4 7 1 6 4 3 10 9
502 3 2 6 3 7 3 9 4 7 5 3 8 8 5 1
592 4 10 2 10 7 3 10 1 5 1 8 6 9 5 3
605 8 1 7 10 1 2 6 3 5 9 8 5 5 3 7
470 6 5 5 3 2 5 5 2 2 5 1 6 3 5 10
532 3 1 5 9 3 10 9 1 2 5 5 6 6 9 4
640 1 10 7 5 4 1 8 7 3 4 8 10 7 10 5
733 5 10 3 5 2 6 8 10 10 8 4 10 8 10 2
511 5 3 4 6 2 3 8 7 1 10 5 3 5 7 3
575 4 3 4 6 5 1 7 2 10 6 6 3 8 5 8
583 5 6 8 9 6 10 8 8 4 6 1 6 9 2 8
490 4 1 2 5 7 10 9 2 3 9 2 2 1 8 6
679 8 1 5 10 7 4 10 5 10 7 1 9 5 7 7
717 8 10 3 10 7 10 8 8 7 5 2 6 4 10 7
569 2 9 10 5 9 6 7 5 5 6 2 4 7 8 2
563 7 8 4 3 6 6 5 7 7 3 2 7 10 5 2
724 10 2 9 9 7 8 6 5 10 6 9 6 7 7 2
20
652 4 10 9 5 7 1 9 3 10 3 6 3 6 7 9
637 6 2 8 7 5 1 8 10 9 7 8 5 6 7 2
683 10 4 6 6 7 8 6 7 6 9 9 4 3 10 3
585 9 1 6 7 9 6 7 3 10 3 10 2 8 4 3
644 10 7 3 4 3 4 5 9 8 8 5 3 7 8 4
437 1 1 9 3 1 7 8 3 3 3 7 1 5 6 5
527 6 2 3 5 7 9 2 5 5 2 9 3 7 8 2
632 10 1 2 1 8 9 9 8 6 8 8 4 6 9 2
636 8 6 9 3 7 10 10 5 8 10 3 6 2 6 2
557 8 6 5 3 1 9 3 6 7 5 7 1 3 3 5
513 3 3 1 1 10 10 2 1 9 6 2 7 7 9 6
472 8 1 7 2 10 6 1 6 2 3 4 2 3 10 5
576 4 7 10 6 2 10 5 4 2 7 6 8 5 1 7
577 9 8 2 8 5 2 7 9 1 6 4 2 10 6 7
393 9 2 7 3 3 5 6 1 3 6 1 6 2 1 2
599 3 3 3 5 4 10 9 9 10 5 10 8 4 3 1
669 2 8 10 8 5 1 8 9 7 9 10 8 2 1 7
495 4 5 5 5 2 4 2 6 10 2 5 4 2 3 10
539 10 9 10 9 1 9 10 2 3 1 3 5 2 4 1
632 1 8 10 7 7 10 2 10 7 8 6 10 2 2 7
20
540 8 3 9 2 8 6 9 10 1 1 9 3 9 4 4
678 8 8 10 9 3 9 7 10 5 10 4 1 7 2 3
591 6 3 2 6 7 9 3 5 8 4 7 8 3 7 5
484 1 7 9 3 4 1 3 2 5 4 8 3 9 5 5
488 5 3 7 8 2 9 1 1 5 2 4 6 7 6 3
645 6 10 6 1 7 5 7 8 3 5 7 9 7 9 3
537 2 7 4 1 1 1 5 5 3 10 9 3 3 10 6
584 3 6 4 1 9 7 10 9 4 5 9 5 1 8 4
559 9 9 1 7 9 6 3 2 7 1 2 4 10 10 5
478 3 4 6 4 1 9 6 1 6 2 5 2 1 9 5
670 8 7 4 10 6 3 1 2 9 9 9 9 4 4 3
508 1 6 1 10 10 1 4 7 5 5 9 3 8 5 2
656 7 5 5 9 5 6 3 8 5 6 9 2 5 9 9
515 4 9 6 10 8 4 5 7 5 4 3 9 2 2 2
559 4 2 10 4 2 9 9 7 4 4 2 8 9 10 1
616 8 7 4 5 1 2 3 7 4 10 10 1 9 9 2
688 3 8 3 6 7 5 6 5 5 9 9 10 7 9 7
592 6 4 3 4 5 10 7 2 10 3 10 4 2 8 1
577 5 4 3 2 7 8 7 7 5 9 10 6 1 2 9
627 2 9 10 7 9 1 1 3 9 8 9 9 3 2 7
20
543 2 5 9 4 8 8 3 8 6 4 8 3 2 8 4
653 10 9 9 5 2 8 4 6 3 8 6 8 6 2 5
690 8 6 8 9 3 8 9 1 9 1 6 3 5 10 10
665 6 3 9 2 7 10 4 7 8 2 7 10 8 10 6
488 7 6 9 3 5 8 4 1 3 2 4 3 5 6 10
625 2 7 9 6 9 3 8 2 7 9 1 6 1 10 9
434 4 2 5 6 6 4 6 10 4 3 1 8 2 1 5
484 4 3 5 8 4 4 5 2 1 6 3 6 5 8 4
453 1 8 6 8 2 1 1 4 6 3 4 8 2 6 3
457 1 5 4 7 6 10 7 3 1 2 5 1 6 9 4
622 2 6 4 10 4 4 5 7 4 3 8 10 3 7 10
504 8 1 9 1 4 2 6 10 6 7 3 2 10 1 5
588 3 8 10 5 8 4 1 10 2 6 1 10 8 8 9
493 4 2 8 8 2 4 5 1 5 5 6 10 10 1 1
533 6 6 5 3 6 10 4 8 5 3 5 8 2 3 9
605 5 8 9 6 5 4 8 5 1 1 9 8 8 9 2
571 10 5 9 10 6 9 3 1 7 6 3 6 1 1 6
507 8 9 2 3 7 9 6 2 1 3 9 6 9 2 1
578 6 3 4 2 9 2 7 9 8 10 8 4 8 3 1
562 9 8 2 6 4 7 3 1 8 4 3 1 8 8 5
20
427 3 1 2 6 10 7 2 7 3 2 3 4 1 10 8
525 10 7 8 2 5 5 5 8 1 5 3 7 9 4 2
505 3 9 8 4 8 8 4 3 1 5 10 1 1 7 3
554 6 1 5 1 9 1 5 7 7 7 1 8 1 10 10
579 1 6 7 1 10 4 4 6 9 2 6 4 9 10 10
648 6 7 6 4 9 2 3 5 9 10 1 10 3 10 4
567 9 2 8 9 9 8 8 1 2 3 2 10 1 8 7
591 8 10 9 4 6 2 4 2 3 10 7 4 4 3 8
594 5 2 8 7 10 9 6 7 1 3 6 10 4 6 10
601 1 3 3 1 10 3 8 7 8 6 9 8 9 10 5
557 6 6 8 7 3 1 9 2 2 6 8 8 6 2 4
471 3 3 9 4 1 7 6 10 5 2 6 4 7 2 2
609 6 1 7 7 7 9 4 7 5 3 8 7 6 8 5
653 4 9 6 4 8 3 8 5 7 10 10 5 10 2 4
571 2 10 1 8 8 10 3 4 2 10 5 6 10 4 9
450 5 4 7 2 3 5 3 5 1 5 6 7 2 2 9
499 3 5 5 8 3 2 2 9 3 2 3 6 6 7 10
504 8 4 10 3 7 8 1 7 1 5 2 6 9 4 3
468 1 8 6 8 7 2 4 6 3 3 8 2 9 3 4
491 4 2 3 4 2 7 2 2 9 4 10 6 7 1 4
20
572 9 7 6 2 1 4 7 6 4 5 8 6 3 3 6
532 1 1 6 8 9 2 2 8 10 4 7 5 6 8 1
654 6 6 7 9 5 1 2 10 3 9 3 9 6 10 7
551 10 6 1 4 1 2 3 1 8 10 2 5 8 3 4
512 2 7 5 3 5 2 6 9 2 8 7 5 10 5 1
489 6 3 7 3 9 5 4 7 6 2 6 1 6 6 2
481 10 4 1 5 10 5 10 5 4 2 1 5 4 1 8
478 2 9 6 4 4 1 1 7 2 3 6 8 9 1 10
522 6 6 8 4 8 4 9 7 1 4 3 3 8 6 3
573 7 8 4 10 5 8 6 6 2 8 4 9 3 4 2
531 10 4 4 1 7 9 6 1 7 3 8 7 3 5 2
570 3 6 7 6 10 8 5 4 6 6 1 4 10 10 4
524 1 10 7 10 7 5 9 3 1 6 3 1 6 8 4
534 5 2 1 6 10 1 5 10 2 5 3 9 8 9 4
575 4 3 5 3 6 7 10 4 7 10 8 3 5 4 1
599 5 8 7 5 1 5 4 2 5 2 7 10 5 6 9
545 3 10 3 6 5 5 4 6 3 9 9 1 1 3 6
694 10 1 8 9 6 8 7 1 7 8 8 1 6 10 8
618 9 1 3 8 7 9 6 2 6 6 5 5 9 6 7
671 3 10 2 7 6 9 10 4 7 8 7 2 9 9 1
20
568 4 8 2 6 8 2 8 5 1 8 10 1 5 7 7
569 2 8 6 9 10 8 2 9 3 9 2 8 3 6 4
588 7 1 9 3 1 10 10 9 3 5 7 9 6 3 2
622 6 1 3 5 7 1 6 9 7 10 10 6 1 7 6
568 9 7 9 10 3 5 2 5 6 4 6 1 3 5 3
581 1 9 10 3 5 3 6 2 9 9 3 8 1 8 1
520 1 4 9 4 10 10 1 7 4 8 8 6 5 3 4
586 6 4 9 7 7 9 3 9 1 5 9 4 7 10 2
629 4 10 2 7 5 4 6 2 7 2 6 3 10 9 10
610 5 10 8 7 9 7 4 1 5 4 9 6 9 4 6
473 2 1 9 8 6 6 1 7 2 7 9 5 2 4 2
578 9 1 8 10 6 3 4 6 2 5 4 8 5 10 1
534 1 2 4 1 8 1 6 9 8 10 2 7 4 10 3
507 5 6 1 2 8 5 3 2 6 4 2 10 2 6 9
554 10 1 8 7 4 5 2 4 4 2 9 6 5 4 9
583 6 3 8 3 2 5 5 2 10 2 10 6 4 6 7
561 4 4 2 8 5 2 8 1 9 5 8 10 8 1 5
619 8 4 7 10 2 1 3 8 4 10 3 3 10 10 2
599 3 6 1 3 4 10 10 2 9 5 6 6 10 9 5
611 2 4 5 9 8 2 10 6 9 5 4 2 8 7 10
20
413 2 2 1 1 1 6 2 7 5 3 1 9 5 6 10
621 7 9 8 8 1 3 2 7 3 8 2 9 7 7 4
644 10 1 5 4 10 2 8 4 8 10 3 6 9 8 8
603 7 7 9 6 5 7 8 6 9 7 5 2 6 4 1
573 6 6 2 3 10 10 8 3 2 8 5 7 10 4 8
520 5 2 4 10 4 9 6 7 3 5 4 5 6 3 8
724 9 5 6 9 6 8 5 8 1 9 10 8 4 8 7
545 4 2 8 4 8 5 10 7 4 10 3 4 3 3 7
478 6 7 1 9 9 3 4 1 7 2 10 3 8 1 1
578 2 4 10 7 9 3 7 3 5 9 7 9 9 3 1
690 10 8 4 9 8 5 4 2 1 10 8 4 9 9 10
548 8 1 2 4 10 1 6 6 8 2 7 8 4 4 9
563 2 7 9 5 7 5 6 3 2 2 6 9 7 7 8
487 1 3 7 4 10 6 3 2 2 7 6 6 4 9 8
472 3 2 7 1 2 5 1 4 4 10 6 7 9 3 6
695 10 3 4 7 2 8 4 7 10 7 7 8 10 7 5
551 1 3 2 8 3 10 9 2 3 8 10 3 3 3 10
600 1 8 8 6 6 7 8 5 10 4 8 3 1 9 2
631 3 9 1 7 9 9 7 7 9 1 5 3 5 10 10
605 10 3 9 2 7 7 7 2 4 7 6 6 1 8 9
20
561 5 2 8 6 5 3 4 6 6 2 9 4 2 10 3
568 5 4 10 4 5 5 7 2 6 7 9 1 4 6 4
547 7 1 3 1 2 8 2 2 9 7 4 10 3 9 7
670 4 7 8 3 5 4 5 10 3 9 9 5 7 9 10
522 2 6 8 8 8 6 4 1 7 2 4 4 4 6 6
530 9 1 4 5 2 2 2 3 9 3 8 2 2 10 6
729 10 5 5 7 7 3 5 5 8 8 9 4 10 9 3
475 6 8 2 5 7 3 3 2 6 1 1 7 10 4 10
584 7 8 3 2 10 1 10 3 10 1 1 8 9 7 5
649 5 8 2 9 10 1 7 9 9 8 4 6 5 10 2
521 7 1 5 1 6 6 6 5 4 8 1 7 6 7 8
532 8 5 1 6 9 7 2 4 10 6 5 3 6 2 6
639 9 5 9 3 5 3 7 9 8 2 7 10 3 9 2
535 9 1 3 10 3 1 2 10 3 4 5 2 6 8 8
582 5 5 10 9 6 3 7 8 2 5 1 8 2 7 8
648 10 10 2 8 4 10 1 8 2 8 3 8 1 6 8
411 4 1 5 9 6 1 8 8 1 2 3 1 8 4 7
677 10 3 1 8 5 2 5 9 9 9 8 9 6 2 6
639 9 1 8 2 10 10 10 4 5 10 5 5 3 8 6
767 3 9 4 9 6 1 2 3 10 9 10 10 8 9 10
20
433 1 3 9 10 1 6 2 5 8 4 1 1 5 6 1
651 7 2 9 10 4 3 6 4 3 2 9 9 8 10 8
596 9 3 2 5 6 5 1 1 6 10 7 8 5 6 6
614 10 7 6 4 5 10 6 2 2 9 3 5 5 8 7
565 1 1 9 4 5 10 8 6 1 4 6 9 9 7 9
474 9 6 6 4 5 5 8 3 3 3 4 5 5 2 1
617 4 10 1 8 10 8 3 9 5 1 10 6 7 9 5
522 5 5 4 8 10 2 10 10 6 3 5 1 4 4 3
656 5 6 10 4 10 5 9 9 6 7 5 3 3 7 10
581 6 3 4 2 7 4 8 7 7 2 2 9 4 10 9
599 10 9 7 8 4 3 5 3 6 1 9 6 8 3 1
543 8 2 6 10 1 1 1 10 3 5 2 6 1 7 9
511 5 2 9 10 8 3 2 9 2 3 3 8 8 7 1
455 3 9 3 4 7 5 3 5 3 3 6 5 3 2 9
558 5 6 5 10 7 10 2 6 8 3 10 1 7 3 2
540 1 4 5 8 8 10 4 1 7 3 7 6 6 5 6
575 9 9 4 1 3 6 5 3 5 4 9 7 3 2 7
546 3 10 2 5 1 2 4 3 6 3 8 3 3 7 8
522 4 9 9 1 10 2 2 6 7 3 4 10 1 9 2
571 7 5 4 7 8 2 10 6 3 9 1 1 8 9 3
20
736 6 8 8 10 9 4 4 8 7 10 10 7 6 6 5
624 5 4 10 4 10 10 10 3 2 3 9 5 9 8 9
538 4 4 10 6 8 9 1 7 3 4 1 7 5 10 6
684 4 10 10 10 7 8 7 5 7 8 3 10 8 1 4
689 4 10 10 6 7 3 10 2 6 10 3 10 10 6 6
460 10 5 10 2 3 1 7 5 2 3 2 3 2 4 5
615 6 9 8 8 2 3 10 6 4 8 5 10 5 4 1
463 7 1 1 3 6 2 2 6 9 3 1 10 5 5 6
495 2 1 2 9 10 3 3 4 8 1 4 6 9 9 7
615 8 8 9 4 1 4 2 1 3 7 10 10 8 5 3
617 4 7 9 2 6 9 9 2 6 7 10 1 4 8 7
643 4 4 5 9 5 9 7 7 4 10 6 9 6 7 6
517 2 7 9 3 8 8 8 2 6 2 4 9 1 8 5
628 2 7 4 4 10 5 7 5 7 6 10 10 6 2 10
485 8 7 10 7 5 3 4 1 7 5 3 1 1 1 6
502 1 7 7 4 7 8 9 3 1 6 7 6 10 3 4
477 4 9 4 2 8 8 8 7 1 6 1 1 3 5 8
654 8 2 5 9 5 6 10 1 6 10 10 2 6 2 8
694 10 10 6 3 3 8 6 8 2 7 8 9 1 7 6
549 7 1 4 1 4 5 8 1 4 10 9 3 5 10 1
20
631 3 10 5 10 7 9 4 4 9 8 5 3 8 2 7
615 10 9 7 5 1 2 3 4 4 10 3 2 9 6 7
598 10 4 4 6 2 8 10 9 1 6 3 8 1 4 10
549 8 1 2 8 5 2 9 2 1 6 6 6 8 5 8
644 3 9 9 9 6 3 9 9 6 6 8 8 7 1 7
532 3 1 2 9 5 2 9 3 8 10 7 1 5 4 4
598 8 6 2 1 6 9 6 8 4 7 7 7 8 4 3
479 6 5 2 10 4 9 2 4 2 5 6 3 5 2 3
468 5 7 5 4 6 3 5 2 6 3 5 2 6 2 10
576 8 6 3 7 1 6 4 4 5 5 5 4 7 4 9
653 5 2 9 10 2 6 8 6 7 10 9 8 6 3 2
649 5 10 6 7 1 9 4 3 9 6 4 6 10 1 10
741 10 10 1 8 6 3 9 3 9 9 8 1 8 7 7
475 2 4 9 9 2 7 3 5 2 6 5 4 4 7 3
571 8 8 4 7 2 8 6 7 2 1 4 7 5 6 6
613 9 7 10 9 4 1 3 1 2 3 9 10 10 4 9
588 1 4 9 9 7 8 7 10 4 5 3 8 9 4 6
604 4 8 8 8 9 4 8 6 2 6 6 1 7 8 10
586 5 8 2 1 5 9 3 10 4 6 9 5 4 9 4
548 2 9 9 7 8 9 3 8 7 6 1 9 7 1 1
20
477 1 10 7 1 10 8 4 7 1 2 7 9 6 6 1
577 8 2 3 8 1 10 6 1 1 6 8 5 10 4 8
461 5 2 2 9 4 6 4 5 2 9 2 6 6 2 2
627 8 6 10 5 9 5 2 7 3 2 9 9 10 5 10
488 10 4 6 6 10 5 4 4 7 8 1 5 3 1 1
540 5 9 2 10 9 2 10 2 3 9 1 4 8 3 3
595 4 5 2 7 8 7 6 4 10 3 4 1 9 10 5
606 2 7 6 1 1 5 5 10 9 7 10 6 1 6 2
673 1 5 10 7 7 6 2 10 7 6 10 3 4 10 9
589 6 3 1 10 4 9 7 9 9 10 3 7 1 2 5
500 5 5 4 4 10 7 6 6 1 9 3 6 1 5 3
534 1 5 9 4 3 1 3 7 3 8 3 9 7 10 3
647 8 2 5 10 1 9 4 1 6 7 9 2 7 10 6
474 1 7 4 2 8 2 6 4 1 2 8 8 2 10 9
525 10 6 9 1 3 1 3 2 7 1 6 8 4 1 8
633 2 1 9 1 6 4 5 2 9 10 10 7 8 9 6
402 2 2 5 5 5 4 9 4 9 1 2 8 2 2 3
592 3 7 1 4 2 9 10 6 7 7 3 5 1 7 8
520 5 5 9 10 9 3 8 6 1 4 6 5 3 2 9
540 3 8 5 3 6 5 1 10 9 2 6 10 6 1 5
20
656 3 1 7 8 10 10 10 7 7 6 9 5 2 6 8
563 10 2 4 6 3 5 1 4 8 1 9 8 2 4 7
382 1 6 6 5 9 3 2 3 4 7 2 5 1 1 2
610 9 6 4 2 2 3 5 6 7 6 7 9 10 3 6
540 4 2 1 6 9 1 9 6 6 3 9 3 10 5 9
614 3 2 9 5 4 6 5 2 7 8 6 2 8 9 9
452 5 6 5 10 2 5 2 3 3 3 1 5 4 5 7
721 4 8 10 6 10 8 7 3 7 9 6 10 9 10 5
434 3 3 7 8 3 6 6 6 2 4 1 3 6 5 1
413 3 1 1 8 6 3 3 7 7 6 3 2 2 1 3
665 7 8 6 8 9 9 7 1 10 7 6 7 1 3 10
578 8 3 1 6 9 10 3 2 5 9 4 2 10 9 1
589 10 2 1 7 9 1 10 4 1 3 6 6 3 10 9
676 3 5 7 7 5 8 10 7 9 10 3 8 9 2 9
447 1 2 4 3 2 10 3 9 2 5 4 2 4 9 10
434 2 7 1 2 10 5 9 6 5 3 2 10 1 4 2
523 4 2 10 2 8 1 4 5 10 4 5 4 10 4 8
633 2 6 5 10 7 9 6 7 7 7 3 4 8 8 9
591 5 7 5 7 9 3 9 10 9 2 8 1 5 3 2
676 9 4 6 4 4 6 6 1 8 4 8 10 10 6 7
20
505 3 10 2 3 8 6 5 3 2 3 3 10 7 7 6
560 6 3 1 9 8 9 8 2 1 4 10 3 3 7 7
468 1 8 6 1 7 7 4 3 2 3 8 9 3 2 9
770 10 9 8 7 7 9 3 8 7 1 10 8 5 10 9
569 5 9 6 8 9 5 5 7 2 10 2 1 1 6 5
595 4 9 7 8 10 3 6 9 7 1 6 1 5 5 7
400 6 4 5 2 5 6 2 6 1 1 9 1 1 7 4
644 7 8 10 6 1 4 6 1 9 3 2 9 10 6 6
703 10 9 9 8 2 4 10 10 4 4 3 8 4 8 5
501 3 6 6 9 9 8 2 1 4 2 2 2 10 9 7
532 5 2 9 8 7 6 7 2 8 3 6 3 8 4 3
455 3 2 10 8 4 6 3 6 10 2 6 2 3 2 2
501 4 2 7 7 4 10 4 10 2 7 5 3 6 1 9
561 3 1 4 10 9 7 8 5 2 6 10 1 7 10 3
600 7 7 7 10 6 9 3 6 4 10 2 2 1 8 6
586 10 7 9 2 5 4 10 2 8 3 2 8 7 4 4
404 3 3 10 1 8 3 9 3 1 1 9 1 1 2 10
556 3 9 8 5 5 2 4 2 7 10 3 5 2 4 6
573 2 1 4 10 3 2 10 9 8 9 6 1 2 8 2
574 5 1 6 3 7 7 10 10 10 4 2 7 10 1 5
20
483 1 4 3 4 10 5 3 8 7 7 3 8 6 2 5
562 7 9 3 10 9 7 1 2 5 3 4 8 6 8 3
524 4 3 1 9 6 1 5 6 8 8 6 6 2 6 1
518 2 9 2 3 1 7 4 2 1 6 7 7 3 10 3
661 8 6 4 10 9 9 7 7 8 9 7 7 1 1 5
613 5 10 3 9 1 1 6 5 10 3 8 9 1 4 1
663 2 5 8 10 7 10 9 5 9 10 3 3 8 5 7
501 7 6 6 1 9 5 6 5 8 4 2 5 3 3 6
648 3 4 10 7 3 10 5 6 8 10 8 6 2 5 5
684 2 3 6 9 5 7 6 1 10 9 10 10 2 8 4
499 2 5 2 1 1 10 2 7 8 3 9 2 10 4 4
531 1 10 6 4 8 9 5 10 4 5 2 8 7 7 2
529 1 1 6 9 6 3 3 10 6 10 2 5 1 8 7
527 1 6 6 1 7 1 2 2 10 1 7 5 6 10 7
488 5 4 8 5 7 10 4 2 9 3 4 1 9 4 3
501 5 9 5 10 8 5 4 2 1 6 4 5 3 6 4
611 8 1 9 3 6 3 7 10 9 9 6 10 7 2 1
607 10 10 3 7 4 8 8 6 6 2 9 3 4 3 4
552 4 7 9 6 2 3 1 9 9 2 8 1 2 9 1
543 10 1 4 9 5 4 9 9 1 7 7 1 9 3 2
20
613 4 6 8 1 4 4 6 6 8 8 3 10 2 8 9
591 4 3 8 3 6 10 5 8 6 8 5 10 5 3 8
821 10 5 9 10 2 8 10 10 6 9 6 9 9 8 4
491 3 3 1 6 2 3 8 2 4 2 9 9 7 6 1
493 9 2 8 1 7 7 5 1 10 3 4 3 3 2 3
596 7 4 5 6 5 9 9 9 7 1 3 10 4 5 4
560 9 7 8 10 4 2 2 2 3 2 5 9 8 6 4
526 6 9 3 7 2 5 3 3 10 3 1 1 4 6 10
634 10 7 10 7 10 9 5 7 5 1 8 1 8 4 6
435 2 9 10 5 9 7 5 8 1 1 1 1 5 1 8
488 6 10 4 4 1 8 5 3 3 2 1 6 9 7 3
621 3 10 6 5 10 9 1 6 10 5 7 6 5 1 9
543 4 10 8 4 7 1 3 6 6 6 7 5 1 6 4
641 8 1 7 8 6 6 5 10 3 9 6 2 7 10 5
562 4 7 2 6 5 4 8 7 8 3 3 9 9 2 4
580 4 4 5 7 2 5 4 3 4 9 10 9 8 3 8
566 2 1 8 10 7 8 5 10 7 3 9 10 3 1 3
613 10 3 2 8 10 10 9 5 2 3 9 4 8 4 10
620 8 10 9 9 7 4 4 10 9 4 3 5 6 2 4
401 7 7 8 1 7 2 3 1 1 3 1 7 7 4 4
20
694 4 9 1 9 2 6 1 8 9 9 6 7 10 6 8
561 3 6 4 7 4 2 8 7 5 7 1 10 2 4 8
527 9 2 10 4 10 4 8 5 2 2 5 9 10 2 5
497 3 2 5 10 10 2 6 9 5 4 8 1 7 2 3
461 9 1 5 2 8 3 9 2 2 7 2 2 1 6 9
470 1 1 2 5 4 5 7 10 6 8 7 6 1 5 1
423 1 8 7 3 2 5 5 6 1 7 1 9 3 1 8
613 2 9 10 5 4 6 3 3 4 6 9 6 9 6 10
615 10 5 7 7 10 10 1 5 9 1 10 5 6 1 9
540 7 1 6 4 6 10 4 1 8 6 6 3 6 5 3
420 2 3 6 3 8 9 1 1 4 4 4 10 3 3 6
484 3 10 10 3 8 5 8 3 6 1 3 1 3 5 7
571 8 10 9 7 4 9 7 1 1 10 4 4 4 5 1
651 7 9 2 3 9 5 10 7 9 1 3 10 3 6 10
559 8 4 10 9 9 4 2 2 2 3 5 2 10 8 5
634 10 10 3 10 5 6 9 9 8 2 1 2 3 5 6
609 2 4 4 5 9 8 8 6 6 7 10 5 4 6 6
520 7 4 7 4 3 6 2 2 7 10 1 1 8 5 3
507 4 7 6 5 7 1 6 7 4 4 6 1 3 7 5
566 2 4 1 8 6 6 8 10 6 4 5 2 2 8 8
20
588 8 10 8 10 1 2 4 4 1 3 5 10 5 6 2
495 7 1 7 10 10 5 8 10 7 1 2 7 3 1 2
545 9 3 9 6 6 5 10 2 2 4 1 3 1 8 9
568 2 7 4 4 6 10 8 4 8 9 6 2 2 4 7
433 4 7 8 3 3 10 2 7 2 1 3 4 4 6 4
568 1 10 8 10 1 3 7 4 10 3 1 7 3 6 5
554 5 7 4 1 5 6 9 4 9 4 4 1 6 6 9
569 6 8 1 4 1 2 10 8 5 10 1 4 5 9 2
488 7 6 1 4 1 5 1 5 7 3 5 3 8 7 1
650 1 7 9 7 1 10 4 3 9 9 5 5 7 8 5
523 9 4 8 1 9 4 5 4 4 1 3 8 5 4 9
559 2 8 3 8 3 10 9 3 7 10 1 5 3 3 4
576 6 5 5 3 5 2 3 9 1 7 7 6 10 8 9
460 1 2 5 7 4 1 1 1 9 6 4 8 8 3 3
534 6 4 8 2 5 1 2 2 6 9 9 2 7 2 8
642 5 6 7 4 1 1 9 10 3 4 8 8 9 5 10
637 7 6 8 8 3 9 2 3 8 6 6 3 4 7 8
655 10 10 3 1 8 10 2 2 10 8 1 5 4 9 8
484 9 2 5 1 7 2 9 6 4 2 8 3 7 3 3
624 8 10 6 5 4 7 6 7 4 7 10 5 3 2 1
20
601 9 5 4 8 10 5 1 10 4 4 8 2 2 4 10
600 1 9 1 7 6 10 2 7 6 8 10 2 5 10 2
547 8 10 5 2 8 5 6 1 2 9 1 5 9 7 6
494 1 1 6 5 2 5 1 6 7 9 2 6 3 6 7
527 4 4 4 2 5 3 9 3 4 5 2 10 9 10 3
549 2 3 4 7 9 2 4 2 9 6 10 2 2 5 7
651 9 5 4 5 4 1 6 10 9 2 9 5 10 7 1
600 6 8 3 7 2 6 8 5 6 4 8 1 8 4 7
559 6 3 3 1 7 9 5 9 1 4 9 7 8 10 2
629 2 8 3 6 4 7 8 9 9 4 9 8 7 5 4
552 8 7 5 8 10 2 8 9 5 2 3 8 3 2 2
498 3 6 1 6 2 5 1 8 4 6 3 6 7 6 4
529 9 8 6 3 8 10 6 2 4 2 10 2 3 1 5
547 1 10 2 10 2 3 8 9 7 3 3 9 4 2 3
722 10 2 10 6 5 9 8 6 8 9 1 7 10 10 4
478 3 5 9 9 6 6 3 4 3 4 3 9 4 6 2
678 9 9 10 1 7 1 8 3 8 5 10 8 8 6 3
670 5 1 9 7 4 7 8 4 8 3 9 9 5 7 9
629 7 8 4 8 6 9 5 2 5 8 8 9 5 5 2
536 3 3 7 10 9 3 8 1 8 6 1 5 5 4 5
20
643 8 9 9 8 4 3 10 7 1 10 1 8 9 6 5
628 10 10 1 2 6 10 9 3 8 1 9 3 8 1 7
587 5 7 6 9 9 8 10 2 2 7 6 8 2 4 3
502 1 9 7 5 7 9 3 6 5 1 9 8 5 3 3
463 2 1 10 2 10 3 9 7 1 4 3 9 9 4 9
640 10 5 7 3 7 8 5 2 6 9 6 2 1 10 7
403 1 1 3 1 1 4 6 5 4 5 6 3 3 6 10
606 8 6 6 7 7 4 3 4 2 9 9 10 4 2 6
528 3 4 5 1 10 4 4 5 6 6 2 6 3 10 9
628 9 10 9 4 1 2 10 6 9 3 7 2 9 4 3
580 8 6 3 10 6 5 4 8 3 8 5 3 5 3 5
509 4 6 2 9 6 8 3 1 2 10 9 2 2 7 2
456 2 4 1 5 5 2 6 3 9 4 5 8 2 3 3
462 3 9 7 2 5 1 5 1 2 1 9 6 5 7 4
501 2 4 2 4 7 9 7 9 2 8 8 1 10 7 1
594 9 2 6 2 6 5 4 9 8 4 7 5 4 7 4
420 1 8 7 4 1 9 4 2 7 3 4 2 3 2 5
549 3 4 3 7 10 1 2 8 9 6 8 9 8 1 6
570 3 7 10 4 3 9 1 2 3 9 3 9 7 9 1
537 5 7 7 8 3 2 9 5 1 10 5 6 1 1 5
20
590 4 3 3 4 5 9 1 6 10 5 10 7 10 6 5
644 8 7 10 4 7 5 8 6 8 1 4 7 5 10 5
556 2 7 1 4 2 3 1 6 7 2 9 9 10 7 7
589 10 3 7 3 1 6 5 4 5 10 5 3 8 4 3
662 4 6 10 7 7 10 9 8 8 5 4 6 3 9 5
584 7 5 2 5 4 10 10 3 3 10 2 6 2 8 7
461 7 7 1 3 4 5 6 3 1 4 5 6 2 9 2
527 1 4 9 1 2 5 6 10 9 1 6 8 4 6 6
598 7 9 4 7 9 1 1 3 4 6 4 9 2 8 9
467 4 6 8 7 10 5 3 1 5 6 5 3 1 1 6
490 2 9 5 1 7 8 5 3 6 1 3 1 7 9 8
534 4 3 8 6 9 8 1 1 4 5 8 8 5 3 8
659 4 6 4 8 3 8 6 9 6 7 8 3 1 9 6
642 9 1 9 8 3 2 5 5 5 8 3 10 9 9 4
520 3 7 4 9 6 1 2 3 5 4 5 9 1 8 3
546 7 5 9 4 10 7 7 1 10 1 1 8 2 1 10
589 2 10 9 2 1 6 2 8 9 4 8 9 7 4 3
572 3 7 1 4 2 6 7 4 2 9 8 4 8 8 8
835 6 10 2 9 5 6 6 7 9 10 9 10 2 10 10
515 9 3 6 2 6 1 10 3 8 8 3 2 2 3 1
20
559 7 7 2 3 6 4 9 1 3 9 9 3 3 6 3
446 4 1 4 5 7 4 1 8 7 3 4 4 9 8 1
665 2 9 4 3 9 3 6 10 7 7 8 8 8 8 7
505 6 2 9 4 10 3 1 3 8 5 6 3 8 2 4
575 7 1 2 7 2 6 9 9 1 4 5 3 10 9 10
515 1 8 3 10 9 3 4 7 10 2 2 8 1 3 10
509 6 6 6 1 7 5 1 7 2 6 7 3 1 10 4
600 7 3 4 9 3 7 5 1 10 5 4 10 10 1 5
631 6 7 6 1 2 2 3 7 10 10 6 5 1 9 2
519 2 8 8 3 4 7 5 1 2 3 5 5 6 7 10
408 3 2 1 4 8 4 4 4 7 5 3 2 5 3 3
551 6 10 1 10 5 2 3 3 4 5 10 4 6 1 3
705 9 9 8 8 5 5 7 5 8 8 6 2 7 6 6
500 9 4 9 2 6 3 2 5 9 2 2 6 7 3 7
568 6 2 5 1 10 6 9 8 1 10 3 7 6 4 10
410 1 9 4 1 1 9 1 1 2 8 3 3 9 6 2
646 4 9 2 5 1 3 9 2 8 8 6 8 8 9 4
541 1 3 3 5 7 8 2 9 10 3 6 2 6 10 4
551 10 5 1 10 1 8 2 8 1 1 9 4 7 8 2
507 2 6 2 7 2 7 7 3 1 4 9 2 2 10 8
20
468 6 2 6 2 1 1 5 9 3 2 6 9 7 5 4
466 6 10 1 6 8 1 10 7 4 1 1 7 3 3 3
651 10 1 10 10 10 7 8 3 8 2 7 8 4 2 6
578 2 10 4 10 1 10 5 10 7 1 4 2 6 2 9
590 3 6 4 9 9 5 4 9 3 2 8 7 7 10 2
548 7 1 5 4 7 5 7 8 9 4 5 5 1 3 6
566 6 5 3 1 3 8 10 1 10 5 5 7 1 8 4
665 7 8 2 3 8 8 1 9 4 10 5 6 10 9 8
714 7 6 5 5 4 5 4 5 8 10 8 2 10 10 7
486 1 7 8 4 1 3 4 3 10 3 2 4 7 3 8
615 2 10 9 7 10 9 8 7 7 1 8 3 8 3 10
621 2 6 10 10 7 4 2 2 10 7 8 5 1 8 5
595 10 9 6 5 6 6 1 2 6 3 7 8 5 9 1
546 7 10 2 3 6 8 1 10 4 1 3 5 2 10 6
439 2 3 8 6 2 7 5 6 4 4 4 4 10 2 3
609 1 9 1 6 9 8 10 2 9 10 4 7 3 5 5
559 1 4 7 8 8 8 10 2 9 5 5 1 4 8 4
545 3 1 5 7 6 5 3 9 1 7 9 6 10 7 6
537 7 7 6 5 5 7 5 10 1 3 3 3 9 2 9
612 8 1 6 3 9 10 9 10 4 2 7 8 10 4 10
20
471 3 2 5 2 3 2 10 6 8 4 5 4 1 7 4
574 6 2 7 1 7 9 7 6 8 7 6 7 8 2 7
519 9 6 2 3 5 8 1 2 8 7 6 4 3 5 2
543 8 7 5 1 9 10 6 6 1 5 9 4 1 4 3
528 2 4 7 5 8 1 9 10 6 9 5 4 7 1 3
491 5 3 8 1 3 4 7 4 3 7 1 8 3 9 3
646 3 9 2 8 7 4 9 5 5 10 3 10 4 6 8
591 2 10 2 7 10 4 3 6 9 5 8 6 4 4 6
745 4 7 9 3 3 9 8 7 10 8 10 8 5 4 10
510 2 6 10 4 3 7 7 4 3 7 2 6 2 8 5
617 9 10 4 6 6 6 7 4 2 4 2 7 2 9 9
508 1 1 2 8 1 6 8 2 7 9 5 10 5 3 4
647 1 9 8 8 7 7 10 9 5 6 5 3 9 8 3
555 8 4 10 6 4 9 3 10 3 7 1 5 1 4 5
625 10 5 2 6 9 5 2 6 9 5 5 5 8 6 10
686 6 5 5 3 1 1 10 10 8 6 7 2 10 10 8
713 10 6 9 9 9 5 8 9 5 3 5 9 6 5 8
502 2 1 5 8 6 7 3 4 6 4 10 2 1 8 2
628 2 9 9 6 4 6 1 2 9 10 10 7 6 2 7
456 9 5 4 5 1 2 7 5 3 3 5 7 5 2 1
20
454 2 6 4 6 4 2 1 5 3 2 8 8 6 3 6
651 6 4 7 6 6 6 8 1 9 9 9 4 6 6 2
456 1 2 9 3 10 1 6 7 10 2 2 8 1 5 4
570 4 9 1 10 5 5 8 3 3 7 7 2 8 5 1
645 1 6 10 7 10 5 2 6 9 4 8 9 5 10 4
661 10 6 10 1 5 3 1 10 9 1 8 7 10 7 4
560 5 10 4 10 9 3 6 4 4 2 10 1 5 7 4
500 5 1 6 4 4 1 5 6 8 1 7 5 7 3 9
663 3 10 10 6 8 4 5 4 8 5 8 3 9 7 5
525 2 10 7 1 3 3 1 5 9 1 7 8 4 6 3
631 6 4 1 5 3 9 8 9 8 7 9 5 10 3 6
604 7 9 3 9 5 2 5 5 5 5 7 9 8 1 9
587 10 3 5 7 2 6 7 3 2 6 8 8 4 7 2
586 5 6 5 8 10 10 4 8 3 1 9 3 6 5 7
524 8 2 6 9 10 6 1 7 6 9 2 3 9 3 3
560 1 5 10 6 1 3 9 3 8 9 1 8 5 3 5
607 4 2 2 10 7 4 7 9 8 4 4 9 7 10 3
560 9 3 8 3 6 2 4 5 3 9 2 7 7 7 7
610 7 6 9 2 1 3 2 1 9 3 8 7 9 8 5
649 10 10 4 1 3 1 5 8 9 6 10 5 1 2 10
20
634 7 8 7 5 6 9 10 1 10 6 9 1 7 2 3
624 10 5 6 7 6 8 8 6 2 7 6 4 10 1 7
717 10 10 3 6 8 5 4 9 6 3 10 6 9 8 8
608 7 3 5 9 6 10 9 3 10 6 3 3 10 6 2
625 10 1 8 5 2 5 10 6 8 3 4 1 7 9 6
494 6 7 9 1 8 1 1 2 6 7 5 3 2 7 6
656 4 10 10 2 6 2 10 5 7 8 3 10 9 3 10
603 6 8 7 6 7 2 7 7 6 4 10 3 4 3 7
598 8 1 5 2 2 6 10 5 8 3 9 5 3 6 9
457 2 2 10 1 6 5 4 2 4 7 5 10 5 3 1
613 8 9 9 9 6 1 6 3 8 7 3 4 10 2 4
564 5 7 5 9 9 7 4 7 2 6 2 8 9 6 5
757 8 9 3 9 5 6 9 6 9 10 10 4 6 1 8
583 6 6 2 8 8 2 8 2 2 10 3 2 9 9 9
549 8 5 4 9 2 1 7 1 4 3 6 4 8 4 8
427 2 1 5 1 5 10 1 4 2 10 8 2 8 1 9
511 3 7 6 9 5 3 7 3 10 3 2 2 6 4 2
642 8 10 1 7 7 2 2 6 6 10 7 4 8 5 6
575 5 7 10 6 9 1 4 6 10 3 4 3 9 5 2
580 3 2 6 1 1 8 10 7 9 4 5 5 7 10 8
20
603 2 10 5 3 7 3 9 8 10 3 1 4 8 9 10
532 4 10 5 10 2 8 7 7 7 3 1 2 1 2 4
650 3 6 2 4 5 10 3 10 8 6 9 5 4 10 10
536 2 3 3 9 8 9 3 4 9 4 4 10 9 2 5
508 2 2 2 4 6 2 4 5 7 5 10 9 5 4 9
461 5 2 3 5 8 5 5 1 6 1 10 9 1 6 1
577 8 5 6 5 5 10 5 10 8 7 2 5 5 2 1
702 6 6 10 9 8 8 10 8 9 2 9 4 5 6 5
523 4 3 1 9 7 3 6 1 5 4 7 10 8 3 7
518 5 3 10 1 10 6 9 4 4 9 6 2 8 2 2
617 7 7 1 5 9 7 9 8 5 10 2 6 9 7 4
591 6 8 2 10 9 1 7 1 1 8 3 5 9 9 5
623 8 4 8 5 1 4 5 6 5 2 10 9 7 10 2
521 1 6 5 8 4 7 3 8 1 8 5 2 5 7 5
577 3 2 1 10 3 3 6 4 2 7 10 7 10 4 10
534 10 2 2 7 4 9 2 9 3 1 9 8 2 3 9
416 2 2 4 2 9 10 5 2 1 1 4 10 9 9 1
677 8 10 6 1 10 9 5 5 10 9 6 7 3 7 4
578 9 7 6 6 3 10 7 10 10 4 4 2 1 3 1
630 10 4 7 8 9 4 2 9 5 3 10 2 6 10 1
20
506 4 5 3 1 3 2 6 10 9 5 2 9 6 2 7
663 10 2 9 7 3 7 8 9 8 2 9 9 7 1 8
603 4 7 2 1 5 8 10 10 7 8 4 1 1 7 8
516 1 6 1 5 5 7 7 10 4 6 10 2 1 3 7
647 8 1 2 10 8 4 5 4 9 8 10 6 8 2 5
625 9 7 9 7 3 6 5 10 7 6 1 9 3 2 6
493 3 8 10 3 6 1 3 4 1 5 5 2 9 9 2
654 10 8 10 2 5 1 1 10 3 8 5 6 2 8 10
622 2 7 3 8 9 1 3 10 4 9 7 9 7 9 2
648 6 9 6 8 8 8 4 6 7 5 3 6 6 10 1
622 9 2 3 8 6 10 4 10 5 3 8 7 2 3 10
580 7 3 7 6 10 3 7 2 7 7 1 6 6 10 4
586 1 8 8 8 9 8 7 2 3 10 5 10 3 6 5
530 2 9 3 8 4 6 1 7 3 8 5 2 6 2 9
459 1 4 4 5 5 3 5 4 2 6 10 1 9 2 10
548 1 6 8 8 8 1 9 7 6 1 1 9 8 7 6
654 6 10 4 4 6 7 9 4 10 4 10 8 3 2 7
528 5 7 5 6 7 10 3 3 1 6 6 9 10 2 2
667 6 3 1 10 7 8 10 8 10 4 1 8 9 6 7
598 6 3 9 6 9 1 9 5 6 10 6 9 1 3 5
20
510 2 2 10 8 9 6 7 1 3 10 8 6 7 1 3
584 5 4 10 2 7 6 7 7 9 9 3 4 2 3 7
524 5 3 6 9 3 9 5 10 1 3 6 8 3 2 9
575 8 4 10 1 2 2 6 4 1 8 8 7 4 9 4
515 2 3 1 5 9 2 10 7 6 7 6 5 5 1 7
621 6 5 2 4 10 5 10 2 8 8 10 6 6 4 1
496 7 1 1 8 3 2 6 1 7 6 5 6 9 1 5
679 5 8 8 6 10 1 9 10 4 1 9 6 9 10 5
484 3 2 6 5 1 1 1 9 1 10 7 2 9 5 6
569 3 2 7 4 5 6 2 4 9 8 7 1 10 7 5
668 8 1 7 9 10 8 10 8 10 3 1 3 4 10 7
547 3 4 2 2 1 8 7 5 2 9 5 5 8 8 9
676 1 6 9 6 6 4 2 5 9 10 10 6 4 10 4
587 2 6 7 1 2 8 6 9 10 6 1 9 5 9 2
617 2 2 1 8 4 9 10 1 6 10 6 10 7 8 5
588 1 7 8 1 5 9 7 1 9 5 9 6 6 5 7
518 9 4 5 3 6 3 9 5 2 1 1 7 6 8 7
645 10 8 2 1 9 1 3 10 10 7 4 5 7 6 7
531 1 2 4 10 9 7 9 1 5 10 10 5 5 2 3
636 8 10 4 8 7 1 4 6 8 8 3 10 8 1 8
20
532 3 1 1 8 3 4 10 3 3 4 9 10 9 6 5
540 6 6 5 10 2 6 2 3 1 1 7 7 4 7 6
523 7 10 3 3 6 2 8 8 5 5 3 4 4 4 6
475 2 8 3 10 6 5 3 4 2 10 2 6 1 3 4
690 10 9 7 8 5 1 9 6 6 8 8 1 10 7 1
539 6 1 1 2 7 2 4 5 3 1 10 8 9 9 10
553 8 1 2 3 10 6 10 2 4 10 6 3 1 7 6
471 3 4 8 4 10 6 2 5 1 10 4 1 7 6 6
598 4 4 8 8 7 2 10 10 3 4 10 3 3 10 4
506 2 8 5 10 3 4 8 2 2 5 7 3 7 7 1
678 2 10 3 9 8 1 5 7 10 10 9 6 3 7 4
652 8 9 4 8 10 5 3 9 9 1 8 1 8 6 5
616 3 10 7 2 7 8 8 6 8 1 6 9 9 7 5
594 10 5 7 2 1 4 3 9 1 6 10 1 7 9 7
633 5 4 10 5 3 8 9 3 4 8 10 4 9 4 4
516 1 4 7 5 9 7 8 1 4 10 5 2 8 3 6
474 7 2 10 6 9 3 3 8 8 4 2 5 4 1 3
702 5 5 5 8 7 4 7 1 8 10 9 4 5 9 7
569 10 5 6 7 7 5 2 9 5 10 2 7 2 4 3
486 7 4 10 1 8 5 2 10 4 4 9 1 3 1 4
20
481 7 8 5 10 3 4 6 7 3 3 2 1 2 1 9
565 9 10 10 1 5 10 4 7 6 4 4 3 7 2 5
657 9 4 4 4 3 10 8 8 9 7 7 1 6 6 7
544 6 6 2 3 1 7 7 1 3 4 9 7 6 5 7
549 6 8 3 1 6 7 6 3 7 5 1 8 6 7 6
566 9 4 2 7 6 3 3 2 7 9 1 5 5 8 7
586 6 7 3 6 1 6 2 10 5 9 7 3 6 6 1
602 7 3 4 10 9 5 3 9 6 9 5 9 1 2 7
565 6 1 10 5 8 5 2 3 5 10 8 5 2 4 8
541 7 1 7 2 1 5 6 4 9 6 4 8 7 8 1
607 2 8 9 3 5 5 2 9 9 10 3 9 10 2 9
589 5 9 8 7 9 4 10 6 2 2 4 3 6 9 7
645 9 3 6 4 1 10 5 4 10 10 6 8 5 7 1
561 8 6 3 5 5 6 9 9 2 7 4 7 3 6 3
479 4 1 5 2 2 5 1 4 5 7 5 2 5 10 9
554 1 10 6 1 6 10 4 7 9 4 8 3 8 3 1
621 10 6 5 10 6 2 6 7 9 10 1 2 4 5 2
603 8 3 6 9 3 1 1 4 10 7 2 7 10 4 6
422 6 4 3 2 8 5 5 8 5 5 2 2 1 5 4
422 1 5 2 3 3 1 4 1 9 3 5 9 1 2 10
20
623 3 9 4 4 8 9 9 6 10 7 10 4 3 1 5
471 6 1 4 5 7 10 3 10 5 5 4 4 2 3 5
551 7 1 9 2 2 6 9 9 6 7 3 7 3 8 1
484 8 1 6 10 1 2 4 2 2 3 9 7 5 1 3
712 6 6 10 5 5 7 2 8 9 7 10 5 9 5 7
712 7 9 1 3 1 3 5 8 8 10 8 6 10 10 8
547 5 2 4 10 3 4 6 5 6 4 1 10 9 6 9
499 2 8 1 9 5 7 1 8 3 5 2 8 4 2 8
520 4 10 7 2 9 8 8 3 4 7 4 1 3 4 8
516 10 4 5 8 9 4 3 5 3 2 7 1 8 5 1
587 9 4 2 8 7 7 5 5 1 6 10 3 4 7 9
584 10 10 8 3 4 9 7 6 3 5 6 2 9 2 2
458 4 7 1 4 5 10 1 1 6 2 2 4 5 4 10
555 4 2 5 1 6 2 5 7 1 10 9 8 8 4 8
585 4 8 2 3 10 8 8 9 4 9 5 1 6 3 10
692 9 8 3 4 3 1 5 10 7 9 10 6 5 2 9
624 6 1 3 9 8 8 6 9 10 4 9 5 9 4 3
457 7 1 4 3 9 4 3 3 9 2 5 9 2 5 3
743 10 10 1 9 5 2 9 8 10 3 10 7 10 5 7
597 1 9 3 10 2 2 2 5 10 4 2 8 6 10 10
20
431 4 1 5 1 7 10 7 1 2 6 6 2 3 10 2
680 2 1 4 10 3 3 10 3 10 10 8 10 5 10 4
617 10 9 5 5 1 8 5 9 1 4 5 4 9 9 5
578 2 9 6 2 1 6 5 6 2 9 9 2 2 10 6
569 7 9 2 2 1 1 6 9 6 9 5 4 9 3 7
448 2 9 4 3 10 1 2 5 2 2 4 10 9 4 8
777 6 9 10 9 8 9 10 9 5 7 3 10 7 9 10
580 4 9 2 8 5 10 10 1 5 1 3 9 9 2 9
603 3 7 6 7 5 10 8 8 9 3 2 1 9 10 5
567 5 10 1 3 7 5 4 4 4 7 10 3 2 8 8
565 7 6 4 2 6 6 8 10 3 3 4 9 4 5 7
681 6 1 10 10 1 1 9 3 9 3 9 8 10 9 7
641 1 8 6 4 1 9 10 4 4 9 6 8 4 9 9
682 7 2 1 9 9 1 5 8 7 9 8 9 3 7 10
458 3 6 2 2 3 9 7 9 4 2 3 3 5 7 4
593 10 4 5 10 9 2 1 5 3 8 5 6 8 9 1
436 2 1 3 3 9 4 1 3 3 8 5 10 4 8 3
549 6 5 9 1 4 6 10 4 4 8 1 4 3 9 4
583 9 1 2 7 9 9 2 8 8 5 10 5 7 3 2
599 3 2 10 10 4 4 6 4 8 4 6 1 1 8 10
20
533 9 4 10 5 8 2 9 9 2 1 3 8 1 5 5
647 7 10 5 6 6 9 10 5 3 7 3 2 5 10 9
537 7 1 2 5 9 8 1 3 7 5 4 10 4 10 1
657 1 6 2 9 3 3 10 7 10 1 10 9 4 5 10
559 2 3 3 6 3 10 10 10 2 7 7 3 5 9 3
636 7 1 1 2 3 7 7 9 8 4 4 8 10 10 8
545 10 8 10 7 6 9 7 5 7 1 2 1 8 1 3
527 3 4 7 7 5 1 6 7 3 4 7 9 5 3 5
506 1 5 5 3 9 1 4 4 7 3 7 8 10 5 8
602 10 3 7 7 3 8 7 5 4 3 8 10 3 6 3
460 1 5 10 9 9 1 4 7 1 3 8 7 1 3 4
519 1 4 9 6 5 5 6 4 3 10 1 8 1 9 6
534 2 9 8 7 8 10 6 4 8 1 4 9 1 3 5
480 6 1 9 1 8 5 7 8 1 6 3 3 7 4 6
589 6 1 8 10 2 3 9 5 6 9 8 1 1 5 5
569 2 2 6 9 1 3 7 7 4 10 10 2 6 6 3
649 8 10 3 8 1 10 7 5 2 8 10 2 2 7 3
687 7 6 3 8 5 10 3 2 6 8 9 8 7 8 9
521 3 5 5 8 1 5 2 2 7 9 1 3 6 9 1
602 2 10 9 7 2 3 2 1 9 5 7 1 9 8 4
20
495 4 1 7 3 1 3 9 9 3 9 2 10 6 1 8
475 3 1 5 9 5 9 7 3 3 5 5 5 9 2 7
686 10 7 3 8 8 10 5 7 4 10 1 7 10 7 5
526 7 2 8 6 1 2 10 9 9 4 4 3 1 2 5
557 4 9 2 9 3 6 4 1 9 2 9 9 1 3 6
536 2 4 3 4 1 3 6 9 9 4 1 4 2 10 10
485 5 7 3 5 9 4 2 2 3 3 6 3 10 4 6
556 1 8 7 2 7 1 10 9 2 4 10 9 10 1 5
527 4 7 6 5 4 10 1 8 10 1 6 2 6 3 2
584 5 1 4 4 4 5 8 1 3 10 10 10 7 7 2
599 8 6 3 1 5 2 2 9 4 7 2 8 7 10 8
630 9 6 3 5 9 6 6 6 10 5 3 6 7 5 8
444 6 9 3 1 1 2 8 4 4 1 7 2 7 3 2
496 1 9 9 6 6 9 6 6 5 1 3 5 6 4 7
463 4 8 3 1 7 2 1 6 1 9 3 6 6 4 6
617 8 4 3 6 4 9 10 4 10 10 5 1 1 8 1
522 4 5 2 3 4 8 7 2 3 8 10 4 1 10 1
564 5 6 1 3 1 6 4 9 10 7 3 8 9 4 1
649 6 10 9 4 3 3 6 4 9 5 1 7 3 9 9
511 9 2 7 1 6 7 5 4 2 4 3 10 6 5 10
20
514 6 8 7 7 8 2 5 3 3 3 3 3 3 8 5
463 1 1 5 3 10 1 5 8 9 7 1 2 6 6 10
480 3 2 8 4 1 3 2 6 8 2 2 7 8 5 8
712 3 10 2 3 8 6 7 9 10 8 7 5 9 10 7
728 6 10 5 1 10 7 7 10 6 9 10 8 2 8 5
506 1 4 2 9 10 6 3 1 10 3 9 10 2 1 5
542 2 10 9 10 2 10 1 9 5 6 1 5 8 1 7
556 8 8 1 10 7 5 4 1 3 5 1 6 10 9 6
701 8 1 9 7 4 4 8 5 9 5 10 10 10 5 9
590 6 6 7 4 6 10 6 2 6 10 5 4 7 3 6
576 5 5 3 8 2 4 10 10 7 2 9 1 7 5 3
518 8 5 7 3 5 5 3 3 3 2 6 9 3 8 3
687 5 10 1 10 1 7 3 8 4 6 7 5 9 9 10
547 2 1 8 9 10 3 1 5 10 8 4 2 1 9 8
497 3 1 7 3 5 10 9 6 3 1 6 8 4 9 3
561 2 1 10 9 10 3 7 8 8 8 1 4 9 3 8
428 8 4 1 1 6 9 1 7 2 2 3 1 5 9 1
527 3 3 5 6 4 10 4 1 5 1 10 8 4 8 4
596 1 5 5 5 6 8 3 7 7 7 10 10 6 6 2
526 4 4 3 3 8 9 3 5 2 9 6 5 10 5 5
20
741 7 10 7 6 6 9 6 6 6 7 5 5 8 10 9
644 5 4 6 1 3 6 10 9 10 5 10 9 2 7 3
657 9 10 8 2 9 7 9 3 9 1 6 5 5 7 10
496 5 6 9 10 7 2 5 1 1 1 6 3 5 8 1
669 10 7 9 1 3 9 3 10 9 7 6 5 8 7 1
647 9 4 2 6 1 7 10 7 10 10 2 3 9 2 5
558 6 9 2 7 7 3 9 3 1 8 1 3 7 9 7
547 2 6 9 5 3 3 6 10 5 8 2 10 8 2 5
676 7 6 8 3 8 1 6 5 5 4 9 10 9 10 7
623 2 8 10 6 2 4 6 1 9 6 6 9 7 3 9
611 6 4 10 5 9 6 8 6 7 2 8 3 5 8 3
606 7 9 8 8 7 1 7 9 2 8 1 6 1 8 2
500 3 2 3 5 10 5 1 1 6 3 10 10 3 7 8
693 6 10 6 7 5 8 4 9 8 8 8 8 1 4 3
574 9 6 8 4 9 6 10 6 6 2 5 2 9 1 5
593 10 6 4 4 10 5 7 2 8 8 7 2 1 5 2
564 3 8 3 9 10 7 6 7 5 5 8 9 4 2 3
630 8 9 7 4 1 2 10 6 7 9 3 6 10 1 8
697 9 6 4 6 6 1 8 6 8 7 10 5 3 7 10
468 8 1 10 6 5 3 8 9 4 5 5 1 5 1 2
20
646 10 7 10 9 4 10 7 9 4 8 2 7 6 2 2
602 10 10 6 9 8 3 5 9 4 4 5 2 3 6 5
583 4 8 6 2 5 8 8 3 3 7 9 1 8 5 6
513 1 6 8 4 6 10 2 8 3 10 8 2 1 2 6
615 5 3 4 3 8 10 6 9 9 1 10 1 6 10 3
473 5 10 7 1 10 8 9 2 2 10 1 4 3 3 1
595 1 8 5 3 9 6 5 8 5 6 8 9 8 5 5
646 7 2 6 5 10 6 8 8 10 3 8 2 2 7 8
686 8 6 7 10 2 5 4 8 6 8 8 10 1 8 2
654 8 8 5 5 10 4 8 7 7 7 6 1 4 9 7
678 6 4 5 10 6 9 10 8 3 10 10 5 5 9 1
523 2 2 1 1 1 6 7 10 10 6 1 5 10 8 2
540 10 1 8 2 5 2 8 6 6 3 4 9 2 2 8
482 2 4 9 9 8 4 1 4 2 6 9 3 8 6 2
732 8 2 5 10 3 6 4 10 9 7 4 10 9 8 10
461 3 1 9 6 6 5 7 2 8 4 5 1 8 4 1
604 10 10 3 4 3 7 2 6 7 1 10 6 7 4 1
603 7 7 7 9 2 4 4 7 4 2 8 6 8 6 5
506 10 8 5 3 10 6 2 3 7 3 1 6 3 1 5
728 8 6 6 9 3 9 6 7 10 7 8 10 6 3 4
20
655 10 10 9 2 10 2 7 6 7 6 4 3 1 8 9
660 4 4 8 7 8 6 5 9 9 9 5 7 7 7 3
613 3 9 10 9 6 5 7 1 1 2 10 4 5 8 10
519 3 5 5 6 7 3 7 6 7 8 4 4 1 3 7
500 9 3 2 2 6 3 6 1 5 9 5 2 2 8 3
523 9 2 1 9 6 7 9 6 1 3 2 6 9 9 2
612 8 7 8 9 6 1 1 6 5 5 7 5 7 5 6
568 5 10 2 6 6 3 3 2 5 3 3 4 7 9 10
537 6 1 8 8 6 4 1 6 4 6 9 9 2 1 7
583 2 9 1 1 8 6 10 1 6 10 10 9 7 1 1
475 1 4 6 7 4 4 1 3 7 4 4 2 8 7 9
568 6 4 9 4 5 6 5 10 3 5 2 6 4 9 6
644 10 4 7 7 10 2 7 1 6 6 10 9 8 4 2
617 8 5 5 7 8 5 2 10 5 7 3 4 6 8 8
597 4 4 5 5 3 7 9 5 5 5 5 5 9 9 9
577 9 3 4 9 2 6 10 1 7 5 5 6 6 2 7
613 7 5 4 3 3 7 10 4 2 7 6 5 9 5 10
608 3 6 6 5 9 6 10 8 3 10 8 3 7 3 4
552 8 1 8 1 10 6 7 6 7 3 8 8 10 2 3
636 5 10 3 3 5 5 6 2 6 7 9 6 5 6 9
20
591 6 4 6 10 4 8 8 1 6 1 8 3 4 5 9
690 9 3 1 8 9 5 9 9 1 10 10 3 10 10 7
766 10 6 8 9 7 9 6 7 10 10 1 10 7 4 6
473 5 5 3 7 10 8 2 5 3 5 5 4 4 4 5
554 3 7 10 3 5 9 3 10 6 3 4 6 8 4 8
604 2 9 10 2 1 3 7 4 6 10 8 1 10 8 3
766 4 7 10 8 6 9 8 7 10 9 5 7 10 9 3
454 2 9 1 9 3 1 8 7 2 2 10 3 6 1 4
679 9 8 1 8 8 8 3 5 3 10 7 9 5 6 6
460 3 3 8 6 6 9 1 2 9 2 2 8 9 5 1
687 7 8 10 10 3 2 5 8 5 6 10 4 8 7 3
379 4 2 1 4 2 3 2 3 2 1 5 5 10 5 4
549 7 2 5 4 3 9 5 7 1 2 7 5 6 10 6
490 5 9 1 4 1 7 3 7 3 9 2 4 10 2 2
701 9 7 9 8 10 2 2 5 5 10 6 5 9 7 8
596 2 4 1 4 2 7 10 9 7 6 5 1 10 9 6
707 8 8 8 2 6 4 10 5 8 8 8 3 7 6 10
628 5 8 7 10 1 9 2 3 4 9 4 10 6 8 1
507 2 9 1 5 10 3 4 2 4 4 5 6 1 10 8
486 5 2 5 6 4 3 9 4 5 3 1 2 8 9 7
20
679 10 10 7 6 1 4 5 3 4 6 7 2 2 9 10
505 2 1 1 10 7 9 3 8 2 3 10 4 8 4 8
606 9 2 4 4 5 6 2 8 5 7 10 4 3 10 2
540 3 3 6 8 8 10 7 5 3 2 9 7 6 8 1
632 6 10 10 1 7 7 8 9 10 2 4 6 5 2 6
591 3 8 8 1 8 2 9 9 6 5 9 4 4 4 7
584 9 1 8 1 2 5 5 7 3 5 10 6 8 10 2
478 8 3 4 7 10 5 8 5 1 3 1 4 1 6 7
577 5 8 8 4 5 8 9 9 4 9 7 4 6 2 1
605 10 5 9 5 4 4 3 9 5 4 8 3 9 7 4
523 1 3 7 2 3 10 5 8 4 3 7 8 8 3 9
526 5 6 4 3 2 2 10 8 7 10 3 7 1 4 1
490 5 5 3 2 1 5 7 6 5 3 3 3 9 8 4
633 5 10 4 7 4 10 10 3 2 3 4 10 8 5 9
531 3 4 7 10 6 10 4 6 2 4 6 5 4 1 10
602 4 9 9 3 7 9 1 3 3 8 8 2 9 9 6
569 7 8 1 5 8 3 6 10 5 9 7 2 5 2 3
475 1 4 2 3 8 4 7 3 7 4 10 3 4 2 9
433 7 2 4 3 10 7 4 7 5 6 5 1 6 1 3
627 10 4 5 10 7 7 9 5 3 6 2 6 9 2 9
20
418 8 4 4 5 9 7 1 1 4 1 3 2 3 5 9
633 8 4 5 7 9 8 10 9 1 2 9 3 8 10 5
540 1 4 1 10 4 9 1 8 10 9 5 6 10 3 1
640 7 2 8 5 7 6 9 7 9 3 7 4 2 10 8
608 9 7 8 3 2 3 1 6 7 9 1 1 4 10 8
440 1 2 8 1 9 1 8 6 9 6 3 3 6 4 3
555 8 3 10 7 5 2 10 8 2 8 1 8 4 2 6
477 5 5 5 9 2 7 3 7 6 1 1 6 3 5 6
649 10 10 7 9 5 4 3 7 4 9 1 6 4 8 7
536 4 6 9 8 9 1 6 4 2 4 4 2 6 10 6
513 7 3 3 3 8 6 1 10 2 3 1 10 10 10 3
767 10 10 7 9 9 3 9 9 5 7 6 7 9 9 3
769 10 8 7 9 9 7 7 10 4 4 5 10 9 10 7
641 4 7 4 7 10 7 3 10 8 4 8 7 8 3 8
454 3 6 9 1 7 7 8 5 9 2 1 5 5 4 1
706 8 6 1 9 7 10 1 9 5 9 10 3 9 10 3
688 7 3 6 7 9 8 7 10 4 6 10 7 8 9 2
515 2 8 6 1 6 6 3 5 7 9 9 6 2 2 2
551 10 8 6 2 3 3 8 6 4 4 5 3 9 2 8
572 9 2 1 5 3 4 3 3 7 9 2 7 6 4 10
20
601 8 8 5 2 10 6 8 2 9 1 8 1 4 8 6
660 8 8 4 8 1 3 2 5 8 1 4 10 8 10 10
649 6 6 9 6 5 3 2 10 10 2 7 10 2 9 5
371 7 4 2 4 10 7 2 8 1 2 2 1 10 2 2
604 7 1 2 9 6 3 9 9 5 3 9 10 1 4 9
676 9 6 3 3 9 5 8 3 10 5 8 2 9 9 6
656 9 10 6 9 3 7 5 1 7 2 8 5 6 4 10
407 1 1 8 7 7 2 4 5 3 9 2 2 4 1 5
670 2 9 1 6 1 9 5 10 6 5 7 7 4 10 9
647 10 8 2 10 3 1 5 5 4 7 3 3 3 10 8
532 9 4 9 5 8 5 1 8 4 1 3 4 1 7 8
645 4 8 3 5 2 9 9 5 4 10 5 9 2 5 10
521 7 3 10 3 1 1 2 4 5 7 2 6 7 4 9
579 8 9 5 3 5 4 3 2 1 10 7 5 3 10 3
400 1 2 10 4 10 9 3 10 4 2 1 4 3 1 6
470 1 5 6 5 5 4 9 1 6 4 8 1 6 4 5
598 3 1 5 1 2 7 9 2 3 8 10 10 10 7 7
623 5 8 10 1 6 9 1 10 5 9 2 5 3 10 8
736 10 7 9 9 1 7 6 8 6 4 8 8 6 9 3
551 3 8 8 7 2 7 2 9 8 6 1 3 7 4 7
20
531 5 2 2 1 1 7 1 10 9 6 1 7 8 10 6
727 6 9 5 1 1 10 8 9 4 9 7 10 8 10 5
502 9 6 1 10 10 8 3 2 4 4 1 2 5 6 2
543 5 4 8 1 5 6 4 4 8 9 4 10 2 1 8
592 5 1 6 8 4 10 1 4 6 3 8 8 7 10 5
698 10 10 8 8 2 7 10 3 9 4 4 4 3 7 8
632 5 9 6 2 7 9 1 7 5 10 4 8 8 5 7
594 9 3 7 7 1 2 8 1 9 10 5 3 4 2 4
546 10 4 8 4 4 9 9 2 3 2 8 10 9 2 1
641 8 4 10 7 9 8 3 8 6 4 4 1 6 9 10
701 1 7 7 10 10 4 3 6 6 10 3 10 6 10 10
603 3 3 7 6 1 7 10 10 4 3 10 2 10 4 10
551 4 10 1 10 9 4 7 2 4 7 1 7 8 6 1
433 1 6 2 6 8 5 5 3 6 6 1 1 3 6 4
516 1 2 1 10 8 9 8 9 1 9 1 6 1 9 4
589 10 8 3 8 6 6 2 3 3 8 8 10 1 5 2
580 3 8 1 3 4 2 3 3 5 8 5 8 9 10 10
491 10 2 2 5 4 9 5 9 5 5 3 1 5 3 6
655 10 10 6 5 5 7 4 10 1 1 10 3 5 10 5
541 5 8 3 4 9 7 7 1 3 8 7 1 4 10 1
20
601 7 9 2 4 6 2 9 6 8 3 10 4 1 9 2
583 2 1 9 3 5 4 8 9 10 4 5 7 5 7 7
664 10 2 4 7 3 7 4 5 8 6 7 6 1 9 10
553 7 7 1 6 2 1 3 1 7 7 5 7 10 4 3
649 8 8 1 3 9 8 6 8 3 8 8 5 4 6 8
749 5 9 3 8 9 6 9 8 8 6 5 7 5 10 9
633 7 4 10 5 1 2 5 5 8 8 9 4 9 2 8
442 5 1 3 3 6 5 2 8 6 6 3 6 1 1 7
654 10 9 6 6 10 7 2 5 8 3 9 10 1 4 3
644 6 10 3 4 2 3 1 10 10 6 7 6 9 2 9
678 9 9 6 10 3 1 5 9 6 7 4 8 4 4 8
685 5 9 9 10 1 9 5 2 8 5 4 5 8 10 7
716 8 8 6 9 1 10 10 8 8 6 8 8 8 4 1
456 2 5 2 1 9 3 2 10 2 10 8 9 1 4 2
510 2 10 2 5 1 3 10 6 1 1 8 6 2 4 8
516 10 4 7 7 7 4 5 8 1 6 1 2 8 4 5
657 8 8 6 9 7 4 4 7 9 5 6 5 7 3 7
400 4 3 5 5 3 1 4 4 1 10 1 3 7 1 6
600 9 2 6 3 4 7 9 6 10 1 1 6 10 10 6
651 9 2 5 9 8 4 2 8 10 10 3 6 10 6 2
20
469 10 3 6 8 9 3 2 9 1 5 3 5 6 1 3
443 2 8 2 7 7 8 2 1 5 4 2 2 6 7 6
678 6 6 8 1 6 10 4 10 10 9 4 6 5 5 8
658 10 5 6 2 4 4 8 1 5 4 10 8 6 10 10
596 10 6 7 2 9 10 2 4 3 7 3 7 9 8 4
557 3 4 3 8 2 10 9 5 8 5 1 4 6 10 3
717 9 9 5 1 5 4 10 6 4 6 9 9 1 10 9
635 3 10 5 7 8 8 6 2 7 8 5 4 9 3 9
521 4 6 10 10 5 1 6 1 9 2 3 3 1 8 1
489 1 4 2 1 4 10 9 1 7 2 2 10 10 2 10
421 2 5 5 7 1 10 6 6 2 3 3 4 5 5 2
613 5 2 5 7 5 4 7 8 10 1 5 10 1 6 10
653 10 2 10 9 6 8 9 10 4 3 2 8 4 8 8
509 7 9 1 6 8 10 1 5 8 1 7 1 6 1 3
461 8 1 10 2 1 3 6 8 2 1 2 8 8 1 9
420 7 5 6 1 10 1 2 1 1 3 3 9 4 7 1
510 1 3 9 9 1 1 5 5 10 2 1 10 1 9 1
462 8 1 4 6 5 5 7 1 7 1 3 3 7 4 4
675 3 8 5 9 9 7 4 5 1 10 6 9 10 8 7
670 10 1 5 8 3 5 10 9 7 6 5 9 4 3 8
20
576 9 10 3 8 3 6 4 7 6 1 6 5 2 6 3
602 10 4 6 1 1 7 5 8 7 6 6 5 8 4 5
631 3 10 10 7 1 1 1 8 8 9 8 8 2 5 4
471 3 2 1 9 4 1 8 4 3 3 10 5 3 6 6
554 5 10 6 5 7 1 3 7 6 5 3 4 1 8 4
678 7 7 10 6 3 6 4 10 6 8 9 7 6 3 8
740 7 7 10 6 9 4 10 10 9 7 5 7 6 8 6
629 9 6 8 10 2 1 4 4 3 10 4 1 2 9 8
554 9 10 8 1 1 10 2 8 1 1 7 1 10 7 5
578 10 5 6 8 7 8 2 1 6 1 6 4 8 8 1
554 1 1 10 10 9 5 7 8 8 3 7 5 9 3 5
461 3 7 6 1 2 6 9 6 3 5 6 3 1 4 3
543 2 10 10 1 1 4 2 6 10 3 5 1 8 4 8
575 10 7 3 3 6 9 2 6 3 8 9 5 1 4 3
429 1 7 6 5 6 5 7 9 1 1 5 1 1 6 9
559 5 8 7 2 2 9 7 10 1 4 7 2 4 9 5
598 10 4 7 6 1 5 7 7 3 6 4 8 1 7 6
660 9 9 7 5 9 3 5 3 9 5 7 9 1 7 6
583 9 6 2 3 8 7 6 1 9 7 1 9 3 9 3
592 10 4 7 10 10 5 1 9 6 3 10 3 8 1 5
20
491 9 1 5 10 3 1 6 2 2 8 6 6 2 2 3
553 1 8 10 5 2 10 1 10 2 3 10 9 1 5 3
408 3 2 1 7 7 2 4 10 1 2 7 3 4 8 1
725 9 8 3 10 6 9 2 9 7 8 5 6 8 4 10
650 8 3 8 7 8 5 5 6 9 9 3 1 10 6 10
426 5 3 6 5 6 2 6 10 1 1 6 1 9 1 8
541 9 9 2 8 2 9 1 8 2 2 3 5 10 7 4
591 9 4 7 3 3 3 8 6 9 5 3 7 3 6 3
580 1 6 10 7 8 5 9 7 7 3 2 1 7 8 7
395 5 6 9 3 1 4 4 2 1 8 2 6 1 1 1
541 5 7 4 9 6 6 4 5 9 2 3 6 9 2 6
532 6 2 9 3 3 6 8 5 9 2 5 1 3 5 8
574 6 2 8 9 9 10 9 3 6 10 2 5 10 2 3
526 3 9 4 7 7 6 3 9 4 4 4 8 2 2 7
496 2 4 6 4 9 1 5 6 5 6 5 1 1 7 10
567 5 10 4 2 5 4 6 10 2 6 9 8 5 2 2
669 4 9 3 9 6 6 4 8 9 6 10 1 6 7 3
674 9 8 1 10 2 10 8 3 9 5 9 3 2 6 6
705 3 5 10 9 2 8 6 9 7 9 10 6 10 3 9
545 8 10 1 1 2 7 7 3 4 2 9 2 2 10 3
20
713 7 5 7 5 6 8 1 9 8 8 8 4 9 10 10
412 4 3 2 1 9 8 1 3 1 10 7 5 2 2 6
465 8 2 7 1 3 4 4 1 7 10 1 2 7 5 3
678 9 10 5 10 8 8 2 4 10 5 2 9 3 4 10
539 4 1 5 8 8 5 3 5 1 4 10 8 5 9 2
415 4 7 2 3 10 1 3 9 4 4 3 7 3 1 1
516 4 7 7 2 9 3 2 3 9 9 5 8 2 1 5
599 3 2 8 10 5 8 1 8 6 6 9 9 9 6 1
561 7 4 9 3 4 4 10 9 3 4 5 1 3 6 9
514 10 5 1 5 7 8 7 1 3 4 2 7 8 5 3
603 7 10 9 6 8 2 8 3 8 3 8 7 8 1 4
554 4 3 9 2 2 10 3 8 7 8 2 10 9 3 5
583 3 9 4 10 9 6 2 4 8 6 7 1 7 6 2
595 9 3 8 4 2 9 6 4 9 3 5 1 6 5 9
401 2 5 1 2 7 3 10 3 10 1 1 2 1 3 5
692 8 6 2 3 3 8 4 7 10 8 10 8 2 6 6
401 10 1 3 2 2 1 5 2 4 1 3 9 1 3 4
705 10 9 9 5 9 6 10 9 9 1 9 9 4 4 1
707 10 2 1 10 7 8 6 4 7 9 10 7 7 10 1
504 5 8 5 4 6 3 3 7 7 5 3 10 5 3 1
20
680 8 8 10 2 7 8 4 2 9 6 7 6 1 10 7
724 8 10 4 9 4 7 10 10 10 2 5 1 9 9 8
571 9 1 5 6 6 9 10 6 2 6 7 1 8 6 2
490 10 8 5 1 3 8 3 5 1 8 2 3 7 1 6
595 6 7 7 8 1 10 1 2 4 5 7 8 7 4 8
496 2 10 4 2 8 3 4 7 3 7 6 3 9 3 6
541 10 9 4 8 8 4 1 2 5 3 4 9 3 1 7
538 8 1 10 6 8 6 10 3 1 10 2 1 2 5 5
502 7 10 1 2 9 5 8 3 6 2 6 2 1 5 7
512 2 7 5 9 10 1 3 4 5 2 7 3 10 10 1
488 2 6 6 3 7 3 1 10 2 9 9 1 8 3 3
570 6 5 10 3 8 8 1 4 10 10 1 4 3 4 5
613 10 6 5 10 9 6 3 10 3 10 5 4 1 2 9
529 6 2 8 8 6 8 1 4 3 7 7 4 1 8 1
583 8 4 3 3 10 9 4 6 1 7 6 5 5 10 5
559 8 10 4 1 3 8 3 10 1 6 4 1 5 9 3
572 4 1 8 3 2 3 7 7 9 4 6 7 10 10 1
541 8 8 1 9 8 8 6 6 6 3 1 4 6 1 10
460 7 1 2 4 4 6 10 7 4 9 1 2 9 2 1
758 6 5 9 10 1 9 4 10 8 4 10 7 6 9 8
20
579 6 1 1 5 1 9 9 9 9 1 7 10 4 5 4
519 4 4 8 2 3 8 6 5 2 9 4 2 6 9 6
603 6 4 7 1 1 6 6 7 9 8 3 4 6 9 9
663 8 6 9 9 8 2 4 8 8 3 7 9 3 7 2
640 5 7 7 10 3 5 10 5 6 5 10 10 9 2 1
572 8 3 5 5 8 7 8 4 3 7 1 9 5 7 9
559 5 6 4 9 10 2 3 1 2 10 2 3 10 10 9
605 4 7 3 9 10 5 7 1 10 7 4 9 7 1 6
604 8 8 5 8 4 6 3 10 3 7 3 5 4 5 7
579 3 4 3 2 1 6 6 9 10 6 4 6 7 9 2
560 9 7 8 5 6 5 4 6 4 7 2 10 10 2 1
433 2 3 1 6 10 7 5 8 4 1 2 5 4 4 9
500 10 2 8 3 5 9 2 9 5 1 4 2 10 5 2
596 8 8 1 1 8 5 3 5 6 8 9 8 6 1 6
576 3 10 2 4 7 7 6 8 6 8 4 3 5 2 8
529 1 9 10 3 5 3 3 1 2 4 8 8 9 10 2
580 5 2 6 6 8 7 4 9 9 7 1 10 6 8 2
621 5 6 8 4 1 2 10 6 4 8 3 8 5 10 6
607 4 8 9 10 6 10 8 2 4 7 9 3 6 1 2
553 5 1 1 8 3 9 4 8 4 9 9 1 4 5 7
20
504 5 2 2 7 10 9 7 8 1 3 5 5 9 4 10
679 10 3 7 7 7 2 3 2 6 8 9 8 7 9 9
605 7 6 2 5 10 3 8 8 10 1 5 9 7 3 4
614 3 7 4 7 6 2 2 5 8 7 10 2 9 5 8
565 6 5 3 2 10 5 8 2 3 4 9 1 7 10 10
498 5 5 7 6 8 1 3 5 7 1 8 2 1 4 10
592 1 7 7 9 7 7 10 10 6 2 8 1 4 6 4
708 10 8 9 5 8 3 4 6 7 6 8 2 6 9 8
623 3 4 9 8 2 6 5 3 4 10 9 8 10 1 10
501 5 1 7 6 9 5 2 4 2 7 8 8 9 4 3
720 8 1 9 9 7 9 1 8 7 10 10 3 6 9 7
726 5 9 4 3 6 8 9 3 10 9 5 7 7 9 6
561 6 8 3 2 3 5 8 3 8 2 7 5 5 2 9
679 3 9 10 8 8 4 9 1 10 10 7 2 7 5 8
598 6 3 5 7 7 10 10 7 2 6 9 8 3 7 1
583 10 1 8 3 4 5 5 7 2 8 7 1 6 9 8
507 2 4 3 10 2 6 8 3 1 8 7 4 1 10 1
535 9 1 10 4 2 7 6 3 3 10 4 3 1 7 3
507 6 5 10 2 1 7 4 7 1 5 9 1 7 4 8
522 4 5 7 8 6 4 4 4 3 6 5 9 2 4 8
20
591 9 7 5 10 4 4 5 5 5 8 7 5 2 2 2
611 9 8 7 7 3 3 6 9 3 5 9 2 3 1 10
536 9 2 4 5 4 4 10 5 4 9 5 3 8 3 3
568 1 8 9 1 1 10 10 7 3 5 9 9 5 1 5
550 7 5 8 6 9 5 6 7 3 4 1 7 7 10 2
596 3 4 9 1 2 10 8 6 5 10 10 7 2 3 4
460 3 5 1 4 6 5 4 2 3 7 9 9 4 3 1
703 9 10 6 10 3 7 4 4 9 8 3 9 6 1 10
501 8 8 1 4 3 7 3 8 2 8 1 5 7 7 2
543 8 6 8 9 7 3 9 9 1 2 1 9 6 2 9
472 2 4 7 8 9 1 8 2 4 4 3 8 8 1 4
454 1 3 10 1 8 3 2 10 10 3 2 3 6 1 8
566 7 1 7 8 6 3 10 4 1 4 5 4 8 9 8
442 3 8 1 5 7 5 6 5 1 4 7 2 8 5 3
682 6 1 7 10 10 8 2 7 10 5 10 4 9 9 1
480 5 5 8 10 7 2 6 1 7 1 4 3 7 3 5
542 10 5 7 5 1 2 1 7 6 6 4 1 2 3 8
619 2 3 5 9 9 6 8 10 9 8 1 7 10 4 8
496 8 1 1 8 6 10 6 7 6 9 1 1 4 2 5
604 8 8 4 7 9 5 5 1 7 1 10 9 4 1 9
20
467 3 4 7 10 6 10 2 10 3 3 1 1 2 3 8
782 10 7 7 10 5 7 8 3 10 7 9 1 4 10 9
515 3 5 9 8 5 7 4 4 3 1 8 10 2 1 6
569 7 5 6 8 8 10 9 10 1 1 2 5 10 2 9
412 2 7 5 1 4 9 6 5 2 3 6 5 5 4 1
647 7 6 8 3 10 1 10 1 8 8 10 7 1 6 2
621 3 4 8 7 10 9 5 6 5 10 9 6 3 5 1
534 4 9 4 7 10 3 2 2 6 3 7 10 2 9 1
412 8 1 2 1 7 6 2 8 1 3 2 8 6 4 8
617 10 10 7 2 4 2 3 7 5 8 6 1 6 4 8
633 9 3 10 2 6 10 4 8 6 2 9 5 10 7 5
462 5 1 9 7 10 2 10 5 6 4 2 7 3 3 1
438 3 6 1 3 2 3 10 10 2 7 1 5 6 2 3
569 8 3 9 1 8 9 1 9 8 3 6 4 4 6 4
575 3 3 10 5 3 9 9 6 6 7 4 10 7 2 5
505 5 9 1 6 1 4 9 3 6 3 2 1 7 9 3
692 8 3 9 9 4 8 8 3 7 7 6 8 4 10 2
685 5 5 7 10 2 5 8 9 9 6 2 10 3 6 10
409 5 1 8 5 3 1 2 9 6 2 1 3 9 1 3
652 9 2 9 4 6 7 10 4 6 5 7 10 8 2 9
20
621 7 6 6 4 7 1 8 7 6 7 8 6 4 8 2
707 2 9 1 7 4 9 3 10 10 10 10 4 6 8 5
592 10 4 9 1 1 4 8 7 4 10 9 2 5 3 1
552 10 1 8 4 1 6 8 9 10 2 2 6 5 2 2
616 6 7 8 3 3 2 5 6 4 4 8 6 2 9 9
601 5 3 7 9 9 7 5 5 8 5 4 3 10 6 5
413 1 5 3 2 9 1 1 1 2 2 5 10 6 9 6
482 1 2 4 3 10 2 1 3 9 2 8 6 10 8 6
479 1 3 7 9 1 2 2 7 8 1 1 8 6 8 5
456 7 7 2 1 9 8 10 6 5 2 1 4 4 5 2
621 5 8 3 2 10 2 7 9 1 2 9 9 10 8 9
708 7 7 5 1 1 7 9 10 10 9 9 4 4 7 5
636 3 5 6 4 1 6 10 8 4 9 10 9 7 1 7
489 7 2 3 2 2 6 4 2 7 4 10 5 1 2 5
545 4 7 2 4 2 4 9 8 8 7 8 2 6 1 3
524 4 6 2 8 5 1 2 6 10 5 7 3 6 2 2
519 4 6 10 2 5 7 4 8 2 5 4 9 6 6 6
661 5 8 9 9 5 6 3 10 5 4 6 8 9 8 7
543 7 2 5 2 9 9 10 1 2 6 9 3 4 10 2
518 1 8 8 1 6 9 6 10 4 4 7 4 8 1 4
20
664 8 4 10 8 3 6 10 1 7 9 9 8 5 2 4
480 9 5 10 5 2 5 3 6 1 10 1 1 5 1 1
596 10 8 4 5 2 6 8 2 3 8 5 7 5 3 9
521 7 2 1 5 4 9 9 1 6 5 3 1 7 10 1
624 7 4 9 1 5 7 8 2 2 7 9 6 9 9 10
566 4 5 5 6 7 9 6 2 3 3 8 7 2 7 10
778 1 9 4 9 6 8 9 9 10 9 7 9 10 9 7
532 6 2 1 4 9 8 3 6 2 10 9 4 1 10 4
539 7 10 6 8 3 10 1 1 1 1 8 9 10 5 2
553 9 3 7 7 6 10 10 7 3 1 2 9 9 1 3
598 10 6 8 9 7 1 7 7 5 5 9 2 4 3 2
523 8 7 8 4 3 7 10 8 6 1 6 1 5 1 1
648 5 10 9 7 3 5 4 4 10 7 4 4 4 5 6
591 1 4 8 9 2 10 1 2 9 8 5 9 3 8 4
465 4 3 3 1 3 7 9 4 10 1 2 6 9 2 6
614 4 5 1 8 2 8 1 6 9 4 9 9 10 6 5
527 7 10 8 7 5 8 9 2 1 1 3 5 4 6 1
640 4 4 10 10 10 1 9 2 9 1 5 8 7 10 4
605 2 6 8 1 10 4 3 7 8 10 8 7 4 4 6
561 8 8 6 1 2 1 4 2 3 8 2 8 10 10 5
20
610 1 7 5 2 8 7 10 3 10 10 6 3 4 9 5
561 4 9 3 8 2 7 6 9 5 2 6 4 3 8 5
570 3 7 7 6 7 1 3 8 10 5 2 10 8 7 2
583 9 7 9 2 5 2 9 7 6 6 7 2 7 2 5
600 6 8 4 4 6 7 2 7 6 9 4 2 10 6 8
488 4 7 7 8 6 4 10 7 2 3 3 4 3 4 3
568 10 6 1 10 4 4 5 5 5 8 4 1 2 6 1
657 5 8 4 8 2 10 10 4 1 1 10 8 10 9 10
683 7 3 4 10 10 8 2 8 6 9 8 8 7 9 4
591 8 2 7 6 7 2 9 4 3 5 10 3 7 8 2
556 8 8 9 8 8 2 1 2 8 6 2 1 7 3 6
579 8 6 2 10 10 2 5 6 1 6 7 6 1 5 9
656 2 8 1 7 9 10 8 8 7 5 9 4 10 4 10
504 5 3 10 1 6 8 1 3 5 9 1 1 4 9 10
471 1 6 3 6 5 8 5 7 2 4 2 10 8 5 7
480 7 9 7 1 6 1 7 2 1 1 2 10 7 7 7
440 1 4 1 4 7 2 2 1 2 6 3 8 10 9 7
561 1 8 9 8 8 6 1 8 7 3 1 7 8 9 5
413 1 7 1 2 5 2 4 3 7 6 5 2 5 5 2
552 8 5 10 8 2 7 7 7 2 9 1 5 9 2 1
20
501 1 2 7 5 4 4 5 8 1 6 4 4 8 9 10
414 10 1 6 2 3 2 4 4 2 1 1 5 9 7 3
651 2 8 10 9 5 4 1 6 8 10 8 3 9 9 3
569 4 2 5 5 4 10 5 2 10 7 1 5 3 7 9
501 3 5 3 7 4 6 7 7 1 4 4 8 8 1 9
593 9 7 8 5 6 7 9 7 5 1 5 3 3 4 10
510 10 10 6 7 9 6 4 6 1 5 1 1 4 1 6
535 7 3 7 6 5 9 1 1 5 6 5 8 1 2 9
499 2 4 6 4 3 3 4 2 7 7 4 3 3 7 7
635 7 9 1 3 8 5 10 10 7 7 3 5 9 6 5
555 9 8 4 7 5 1 4 4 9 5 1 2 10 6 2
601 10 9 8 4 7 2 2 7 4 5 4 10 6 3 9
516 2 8 3 8 10 2 4 8 10 1 5 3 9 4 2
666 10 4 7 6 10 10 2 2 3 9 7 5 2 9 10
397 3 7 5 2 2 1 5 9 3 1 3 5 10 5 1
514 9 2 9 6 1 6 9 4 3 1 5 2 4 6 7
544 5 2 1 8 4 10 10 9 7 6 1 4 2 8 3
342 1 4 2 3 2 2 4 1 2 7 3 5 8 5 1
556 3 1 5 4 8 6 3 3 8 10 7 10 5 4 7
511 7 8 10 10 8 7 1 5 4 2 2 9 7 2 1
20
462 3 3 10 3 9 1 5 3 9 1 2 8 4 2 7
671 10 3 8 7 4 6 10 4 8 8 2 6 8 7 1
535 2 5 5 7 9 4 9 10 3 5 5 9 5 3 6
583 4 5 6 1 10 10 9 5 8 7 6 1 10 7 4
640 10 5 9 6 9 5 6 3 8 9 5 5 8 2 1
548 5 10 6 4 10 2 2 3 10 4 2 10 5 7 2
615 4 2 3 4 5 8 10 10 6 4 6 10 5 10 5
741 8 3 10 8 3 4 10 3 4 8 5 10 9 10 9
574 2 10 7 3 3 1 4 7 1 8 9 5 8 10 2
556 2 5 3 7 9 1 5 6 4 10 5 6 9 3 10
505 1 9 1 1 4 1 3 9 5 6 3 10 10 7 7
567 9 2 1 3 10 1 3 1 8 4 6 4 9 7 10
518 8 1 6 2 6 3 7 8 8 6 2 4 3 5 6
629 6 8 3 7 9 10 6 1 5 9 6 7 2 7 3
596 6 2 7 7 5 8 8 9 8 7 1 8 1 5 6
568 3 7 10 8 10 5 6 7 4 2 3 10 6 7 7
478 2 4 2 6 8 3 8 3 8 10 2 2 4 1 6
507 9 5 5 6 4 3 5 2 5 2 4 2 5 5 7
687 6 8 7 4 9 6 4 5 7 9 8 9 9 6 4
735 3 5 6 10 10 10 8 4 7 10 5 10 6 8 10
20
536 3 7 5 6 3 10 9 2 2 6 4 4 4 10 4
694 5 7 2 8 9 6 2 8 8 7 8 7 10 8 6
639 3 7 6 2 2 3 7 7 9 2 9 9 8 7 7
533 2 8 1 7 9 7 3 9 6 5 3 3 2 9 2
621 1 9 5 7 9 10 10 6 9 5 6 3 6 8 3
563 9 5 6 7 1 5 5 3 7 4 5 5 2 8 1
560 7 4 6 7 2 10 2 10 1 7 2 7 8 6 7
679 8 5 2 9 6 9 1 6 9 10 7 5 3 7 5
540 7 1 9 10 10 10 4 2 2 4 4 4 4 10 6
590 9 4 3 7 4 10 6 8 5 10 5 4 3 2 5
527 7 10 3 10 1 2 2 6 1 1 3 8 9 2 8
525 10 2 2 6 6 3 8 1 7 8 6 8 4 1 1
687 9 8 9 7 3 10 1 1 10 8 9 1 10 1 10
524 9 2 1 10 2 5 6 6 4 3 2 8 5 4 10
702 3 5 7 10 1 3 6 1 9 9 5 6 10 10 8
361 2 1 9 3 6 2 3 10 3 3 4 1 3 4 5
548 5 7 6 8 6 9 9 6 8 5 1 1 7 4 1
504 2 9 5 8 2 6 4 8 3 8 2 2 1 6 1
591 5 6 1 3 4 4 10 6 5 6 6 10 5 9 6
607 4 10 3 6 9 10 1 10 2 4 5 5 5 10 7
20
622 7 3 1 10 5 5 9 1 5 4 9 4 5 8 10
496 3 5 5 5 5 7 2 2 7 8 2 10 7 1 7
672 9 3 8 6 9 9 6 1 10 1 10 10 5 4 8
674 3 9 10 7 8 10 3 7 5 10 6 8 3 9 1
546 9 3 4 3 2 4 9 7 4 7 9 1 8 2 6
599 9 8 6 6 6 2 10 3 2 10 5 3 8 7 2
558 1 10 1 4 5 1 1 5 9 5 7 10 5 6 8
681 6 10 3 8 6 4 6 8 7 2 5 9 10 7 9
615 9 7 3 4 6 10 9 8 1 4 4 9 6 7 9
616 2 1 2 2 8 9 8 9 8 10 7 9 6 7 7
613 4 10 8 5 10 7 1 9 5 2 10 2 4 9 3
518 2 3 7 3 2 7 1 2 6 9 8 10 1 5 7
664 3 5 6 8 3 2 8 2 8 7 10 3 8 10 8
603 5 9 10 5 7 10 2 7 2 6 4 6 9 7 8
532 6 5 2 6 5 5 3 9 7 8 3 4 1 8 2
631 4 3 2 5 8 6 7 3 10 2 10 9 9 9 5
739 8 10 1 9 8 3 10 9 5 3 10 5 10 8 6
617 1 5 10 5 4 6 6 6 9 6 10 1 1 8 10
683 8 6 6 10 5 2 4 3 3 10 8 6 4 9 9
595 10 4 6 2 4 5 9 5 9 6 3 10 10 1 3
20
675 10 2 2 6 8 3 10 10 4 6 3 8 8 10 7
400 9 1 3 1 10 9 2 8 5 5 1 2 6 2 3
644 10 7 2 7 4 8 7 3 10 5 7 5 5 4 1
593 10 2 7 8 8 2 9 1 10 1 6 5 3 1 9
492 5 6 7 1 7 9 10 5 2 3 3 9 7 4 3
651 9 2 9 9 7 7 9 7 8 3 6 3 3 8 6
638 5 6 6 4 10 7 8 4 10 1 9 4 7 10 3
447 4 2 7 3 2 4 5 6 2 5 3 8 2 10 3
556 2 4 8 1 2 5 1 10 2 8 6 10 5 6 9
510 2 2 2 1 4 9 6 7 6 7 2 7 10 9 6
700 9 9 6 6 6 9 9 5 4 6 7 7 8 8 2
540 4 3 5 4 6 1 5 1 9 8 5 1 10 7 8
523 7 1 8 5 7 10 5 4 8 1 7 1 4 3 8
558 6 6 3 1 1 6 9 3 4 8 9 5 6 7 1
646 6 5 5 2 1 1 10 9 6 8 3 10 10 8 5
515 8 6 1 8 3 6 2 10 3 3 1 3 9 6 9
515 7 6 2 4 1 8 7 10 4 2 3 3 6 3 6
561 8 8 4 3 7 3 4 5 1 5 9 4 7 6 6
598 4 6 5 5 4 9 2 9 5 4 10 6 3 6 8
582 4 1 3 10 2 1 2 7 7 7 9 5 2 6 10
20
546 8 7 1 6 6 2 8 4 9 1 6 7 3 1 7
658 10 10 4 8 3 10 5 8 10 2 3 7 3 3 10
678 7 9 5 2 2 7 8 8 5 8 7 9 1 10 6
567 5 1 7 1 6 10 2 4 2 6 10 9 7 9 3
564 10 6 7 2 7 5 2 3 6 8 8 1 1 4 6
677 9 2 10 9 5 8 10 1 10 6 1 7 4 4 9
604 3 3 7 9 8 9 1 6 9 3 7 8 10 3 10
542 7 3 7 9 10 1 10 1 7 5 1 3 2 5 10
489 2 1 5 8 7 10 6 9 4 1 3 7 10 5 6
578 9 3 4 1 8 10 5 3 9 1 7 2 9 5 10
652 8 7 3 5 6 3 8 3 9 10 5 4 3 8 4
641 3 4 5 8 1 8 6 2 3 10 10 9 10 8 7
547 7 4 2 2 1 9 8 3 7 6 4 4 1 8 10
518 1 6 9 1 7 4 4 6 8 2 10 2 3 8 3
634 6 6 9 6 6 3 10 3 7 10 4 8 1 2 10
533 6 10 1 1 4 7 6 3 9 3 6 1 10 2 9
538 8 10 8 3 3 7 2 6 2 9 1 10 4 2 3
511 2 2 1 10 6 7 4 3 2 6 10 7 8 3 4
537 8 4 7 1 6 2 9 8 10 10 2 1 4 1 3
476 2 1 8 1 3 2 8 5 2 5 10 3 1 6 9
20
557 1 1 7 1 5 8 4 6 5 7 6 7 9 9 9
798 7 8 9 9 7 10 5 10 7 8 9 5 6 10 8
491 4 4 3 7 5 3 10 10 3 3 8 3 4 1 7
709 7 10 6 10 2 7 4 3 9 8 9 1 10 7 6
519 7 1 2 2 10 1 9 7 5 10 8 3 3 5 2
508 6 9 1 2 2 3 3 7 9 2 4 2 10 5 3
424 2 7 9 1 6 7 4 2 1 3 8 2 8 7 1
449 1 6 7 1 5 3 3 8 3 3 8 7 5 2 8
824 7 10 10 9 4 9 10 5 10 10 2 9 6 9 6
710 7 6 8 9 8 7 4 4 9 7 9 8 9 8 2
546 6 2 2 6 7 5 2 8 2 8 5 8 2 9 6
581 8 8 1 9 7 3 5 4 3 5 3 9 3 6 8
560 2 4 8 5 3 6 2 7 4 10 4 10 10 6 2
538 1 5 5 2 7 5 8 7 5 7 2 8 4 6 9
401 5 3 3 3 9 1 3 10 3 1 6 1 2 10 2
616 5 6 7 8 7 9 6 5 8 9 1 4 6 7 1
546 3 8 5 6 2 8 1 8 4 9 7 6 3 6 2
530 6 3 10 8 7 8 6 5 1 2 7 4 1 4 10
506 9 2 9 9 8 3 8 6 4 1 5 2 5 2 6
621 6 6 6 6 3 2 3 10 3 10 6 6 8 10 1
20
414 5 2 8 7 9 7 2 2 3 9 2 2 1 3 2
478 5 5 2 10 2 8 3 10 5 5 3 2 3 4 2
593 8 8 7 5 5 3 10 5 1 5 9 10 7 3 3
644 3 7 8 7 8 1 7 4 5 8 8 6 4 9 4
608 6 9 6 8 9 9 1 9 6 5 3 1 2 10 9
674 7 6 9 4 9 4 6 7 7 7 9 10 3 3 9
694 8 10 1 6 9 1 6 5 6 8 10 7 4 9 8
566 3 8 8 2 3 6 10 1 4 8 8 10 2 7 1
411 3 1 8 3 5 7 1 4 3 8 2 6 4 8 1
670 9 6 10 9 2 1 8 7 8 4 6 6 3 8 5
674 1 8 7 8 7 7 3 9 7 3 9 8 7 7 9
553 3 2 5 10 10 8 8 4 4 5 6 8 8 3 7
642 8 10 10 6 10 8 2 3 8 9 3 8 4 2 7
512 9 1 4 3 4 7 5 3 6 1 6 8 4 10 2
659 8 8 5 7 8 8 5 4 3 10 8 9 9 6 2
520 5 8 2 3 6 4 8 5 3 8 5 9 3 2 6
593 9 6 2 2 3 3 9 10 10 3 4 10 2 4 5
585 9 10 3 10 2 8 10 1 1 6 3 7 7 5 3
503 3 10 2 8 5 2 5 5 9 2 4 10 3 1 2
673 9 5 2 10 5 8 5 2 10 6 3 3 8 10 10
20
623 8 1 9 10 8 3 8 8 6 2 10 3 9 8 2
376 4 1 4 8 1 1 1 8 5 4 5 1 5 3 1
553 1 5 9 3 8 6 10 4 9 6 3 6 8 4 2
494 1 1 1 9 2 3 10 8 6 2 6 6 8 5 2
366 2 1 2 6 7 8 4 4 6 2 2 3 1 5 6
644 5 9 1 3 4 1 8 6 2 10 9 8 9 7 9
610 6 6 10 8 3 10 4 5 6 5 5 7 3 7 5
645 9 10 6 7 5 2 1 2 10 2 7 2 8 10 5
409 1 8 7 9 6 4 1 3 3 5 2 4 4 1 4
649 8 10 5 1 7 1 10 5 5 3 8 5 7 10 6
527 2 9 7 6 4 7 8 6 4 1 4 8 2 10 2
481 5 5 9 5 1 4 2 3 2 1 9 3 9 3 9
646 7 9 8 5 4 10 2 1 9 5 2 5 8 8 6
595 3 2 4 4 4 7 3 5 10 10 8 4 5 7 6
672 2 10 3 8 9 5 7 9 6 4 8 9 9 7 7
517 7 2 3 3 5 2 8 2 9 4 2 10 9 2 7
590 10 2 2 8 7 8 9 4 9 4 4 6 6 5 1
665 9 10 1 2 5 4 8 9 5 3 6 6 2 10 9
530 1 7 4 6 3 9 3 10 1 7 2 7 9 7 10
641 8 10 9 2 10 4 4 4 5 10 7 9 6 6 2
20
607 6 7 9 6 4 4 2 1 8 6 4 9 9 8 1
698 5 9 10 4 2 3 3 7 7 10 6 10 1 7 9
535 2 3 7 6 9 1 9 2 5 10 5 10 6 2 2
445 4 4 1 8 3 4 1 6 7 1 6 8 3 5 3
614 4 5 3 1 6 2 9 4 10 5 7 5 8 10 7
524 4 6 10 1 5 3 4 8 2 9 5 4 9 5 6
583 3 7 6 9 1 8 6 8 8 1 8 2 7 5 8
517 4 7 9 7 10 2 9 7 1 8 7 5 1 2 2
608 2 9 7 8 8 6 6 5 6 2 6 6 10 3 9
610 8 7 10 2 5 10 3 1 4 8 6 8 4 8 5
455 1 1 6 8 2 4 6 9 4 10 1 3 4 3 5
558 3 9 4 6 9 3 6 8 8 8 4 4 1 4 4
602 9 2 3 2 6 7 8 9 3 8 7 5 6 8 6
677 7 9 7 5 3 5 4 10 10 5 3 7 4 10 5
533 10 6 1 3 8 3 8 3 4 2 9 7 5 3 7
502 7 7 3 1 9 3 10 3 2 7 3 2 1 7 4
689 7 4 8 2 3 7 4 10 7 7 10 8 9 7 5
454 2 3 5 3 1 2 6 6 10 5 1 5 3 9 1
571 6 2 3 7 2 2 6 8 5 3 7 4 8 7 10
654 7 7 5 9 8 9 3 7 8 4 1 10 8 7 7
20
739 9 9 5 3 8 5 10 10 8 5 10 6 7 6 4
440 3 5 1 2 2 4 3 9 6 1 10 9 3 3 1
450 2 2 10 5 6 7 1 9 9 3 6 5 3 1 3
637 5 4 9 9 6 3 1 9 7 4 8 3 5 8 10
451 2 2 3 7 9 2 4 1 6 5 7 7 6 2 2
382 4 2 2 2 7 4 1 6 5 3 2 4 5 8 5
522 5 9 6 3 10 10 5 7 1 7 4 3 8 2 6
486 9 3 6 1 4 1 1 3 6 7 6 7 5 3 4
565 5 9 10 4 9 5 7 1 1 7 1 9 6 5 10
554 1 9 4 4 4 3 3 7 9 5 10 2 3 3 9
430 1 5 1 2 1 7 6 4 2 7 8 5 4 2 9
471 3 1 7 2 1 5 10 5 4 7 6 3 10 1 2
588 2 6 10 5 8 2 9 9 7 2 10 7 6 1 9
611 2 4 9 5 2 5 9 8 10 9 6 10 6 1 2
549 7 1 6 1 2 2 1 7 8 4 9 6 7 6 10
688 5 8 9 6 9 10 2 10 10 6 7 6 10 2 7
587 3 5 9 7 3 5 5 2 9 3 10 1 7 7 9
724 8 10 8 2 6 4 7 3 10 8 8 7 1 8 8
530 1 8 9 2 3 10 2 8 6 8 3 3 2 7 5
574 7 2 3 1 1 10 10 2 9 6 10 2 9 3 4
20
612 9 8 5 2 3 3 6 6 2 9 3 10 4 7 10
569 5 1 9 10 7 5 8 4 6 5 4 1 6 8 6
457 2 2 10 1 4 9 4 8 2 4 8 9 4 4 1
517 5 6 7 2 6 2 6 7 2 8 2 7 3 9 2
566 5 6 8 2 10 4 9 9 10 4 3 4 5 2 5
624 9 7 10 6 7 6 2 7 4 10 8 4 10 2 1
549 9 3 2 10 7 3 6 8 9 3 2 8 5 4 1
605 10 4 1 8 3 4 1 2 7 9 1 10 4 10 6
662 8 10 4 6 4 10 7 9 3 5 6 5 6 9 5
489 3 6 2 1 4 1 10 3 1 9 6 7 9 4 3
578 1 4 1 8 3 7 8 6 6 8 1 10 9 5 8
642 2 3 5 8 1 10 5 6 3 8 7 6 8 9 10
672 6 8 8 5 6 10 6 10 6 3 6 8 8 2 10
509 6 4 1 2 3 2 4 9 9 2 1 7 9 6 6
623 7 9 5 9 3 7 6 9 5 1 2 4 10 8 8
456 1 7 2 8 4 4 5 7 1 7 2 1 9 7 4
587 10 3 1 5 5 5 7 4 6 5 3 9 9 3 10
573 4 2 1 10 3 7 6 4 7 4 4 6 4 7 10
691 6 7 9 7 9 5 5 6 4 10 6 5 10 10 1
577 9 4 4 2 1 1 4 8 8 10 2 2 7 7 7
20
653 6 5 10 8 10 10 2 9 2 1 8 8 9 10 9
625 2 7 1 4 9 10 10 7 9 8 8 6 10 1 8
590 7 5 5 4 7 9 3 7 10 3 3 7 9 4 4
667 10 1 10 8 3 6 8 6 8 8 9 5 5 3 5
481 3 9 1 6 8 3 3 1 3 1 10 8 3 8 1
566 10 2 10 1 4 9 8 2 1 9 4 3 4 8 4
531 6 6 3 2 4 10 8 7 4 6 9 3 5 1 7
480 3 8 3 10 5 4 1 3 9 2 4 7 1 3 2
688 10 9 3 8 7 3 6 6 6 9 9 8 2 3 3
554 7 7 4 3 4 5 9 6 8 3 2 3 2 7 4
712 6 2 6 8 9 3 8 10 10 7 4 8 6 8 9
597 9 1 10 8 8 4 3 4 3 8 10 8 6 5 3
543 5 5 4 10 5 4 2 3 1 10 3 10 6 4 4
600 8 3 6 10 4 8 8 8 4 5 2 8 9 2 5
630 8 7 6 10 9 6 1 10 4 2 9 2 5 7 7
679 1 8 6 7 5 1 7 3 10 4 10 9 4 9 9
653 8 10 6 6 7 8 7 1 9 3 7 4 3 5 5
506 2 10 5 8 9 1 9 7 5 6 1 6 3 3 3
571 5 8 2 4 5 1 9 6 7 9 7 2 7 2 3
555 9 5 2 9 4 4 7 6 4 4 2 4 4 6 5
20
450 6 2 1 4 6 3 9 5 5 1 1 6 4 9 4
561 1 10 10 7 2 4 2 10 1 3 9 7 6 7 1
559 3 5 3 8 2 3 8 2 6 8 6 5 2 9 4
634 8 10 5 10 1 7 6 10 3 6 9 9 5 2 1
635 7 1 2 9 3 10 8 9 2 5 6 4 5 9 10
402 5 10 2 9 10 6 1 4 2 1 1 1 1 1 8
622 1 9 7 9 7 5 7 1 6 9 5 7 9 3 10
553 5 10 4 1 8 5 9 10 1 10 4 2 2 5 6
571 8 4 2 5 7 1 1 10 4 7 10 8 8 1 10
705 2 10 10 2 8 8 9 9 10 3 9 10 8 6 5
420 4 8 3 2 1 6 4 2 4 4 1 4 2 4 8
557 10 9 1 4 1 4 10 6 3 1 7 6 7 2 3
596 4 9 2 3 5 7 8 3 7 8 4 5 6 7 7
565 5 1 4 4 4 5 2 5 6 9 10 7 7 4 9
603 9 6 9 1 5 6 3 4 3 10 5 2 1 10 8
484 7 7 6 2 9 9 4 4 6 1 4 8 2 3 4
567 2 4 7 3 1 1 1 9 5 10 10 9 3 3 7
471 10 6 2 6 5 8 2 8 8 2 1 1 6 1 3
715 9 10 2 2 10 2 9 5 8 10 8 9 10 7 4
608 3 6 3 9 1 8 10 2 6 7 8 6 8 2 7
20
480 4 1 4 6 1 7 5 1 1 10 8 4 9 1 9
683 7 7 9 2 9 10 5 7 10 5 4 8 10 7 8
506 2 9 8 5 5 5 6 3 3 9 4 7 3 4 3
617 9 3 4 4 1 4 10 10 2 10 3 2 10 6 9
606 10 9 2 2 10 2 8 10 2 3 2 4 8 9 9
540 10 1 6 2 2 4 6 10 3 2 7 7 7 4 7
533 7 1 5 8 3 5 10 5 6 2 1 5 7 6 4
469 10 1 6 2 10 4 7 3 1 5 4 6 2 9 1
619 9 4 3 10 1 10 6 9 8 2 3 6 7 7 6
510 2 9 8 3 7 3 2 3 3 1 4 8 5 9 10
710 4 9 8 5 4 2 9 3 10 6 7 10 9 5 8
571 3 1 3 7 7 9 5 10 2 9 10 7 4 5 7
541 6 8 1 2 8 2 2 4 6 10 9 4 3 7 2
626 4 10 6 6 1 1 7 5 6 10 3 1 10 10 2
544 4 4 8 6 10 8 8 2 5 5 1 6 10 6 7
450 5 2 6 10 7 7 2 1 8 5 2 5 6 1 3
594 7 8 9 3 6 5 1 3 1 8 7 7 10 7 3
608 4 7 6 9 7 8 4 6 1 10 9 2 8 1 9
551 7 1 5 5 2 3 3 10 1 10 6 9 2 4 8
529 8 2 10 7 7 7 9 9 4 5 4 8 3 1 1
20
745 9 9 10 8 2 4 8 9 8 7 10 7 8 1 6
479 6 1 5 4 7 2 8 5 2 4 10 4 5 2 5
566 8 4 4 3 10 5 3 7 7 1 10 8 7 2 7
479 8 6 6 2 3 8 5 1 5 3 5 6 4 1 8
468 1 1 2 4 2 2 1 5 9 1 5 6 8 9 8
585 6 8 2 10 1 5 3 7 10 4 3 4 9 2 7
554 1 8 4 4 3 4 5 4 5 9 5 9 4 3 8
560 8 4 2 3 4 2 9 9 1 10 5 5 3 7 6
486 5 5 2 2 6 8 3 5 2 1 7 5 4 7 8
719 10 7 3 5 2 1 10 10 10 9 10 3 10 5 3
569 1 8 10 3 10 2 10 10 2 8 3 8 7 3 7
653 5 7 5 10 2 5 8 4 4 10 2 10 10 8 2
567 4 4 9 7 6 4 1 10 3 7 4 6 3 8 9
650 8 5 2 7 1 10 7 4 6 9 4 6 5 7 8
675 10 7 5 9 9 2 8 10 3 10 1 3 9 9 7
584 1 10 4 5 3 10 4 4 8 4 4 5 7 6 8
520 4 9 7 5 5 2 2 9 6 10 1 3 1 3 4
592 1 2 10 4 7 8 6 6 6 10 5 6 1 10 5
623 7 10 10 7 9 3 3 2 7 8 7 1 10 4 6
544 3 5 5 3 8 1 2 10 10 8 8 2 10 2 6
