100 10
500 500 500 500 500 500 500 500 500 500
25
336 5 6 7 5 6 7 7 5 4 6
303 2 8 3 8 3 10 5 3 5 5
432 8 2 7 9 4 9 9 4 10 7
346 7 10 6 3 1 5 8 2 9 8
351 6 6 5 1 1 2 10 7 9 10
320 10 3 9 1 3 7 2 4 10 7
301 1 6 8 5 3 4 10 5 3 7
280 9 1 8 2 2 4 5 5 7 6
251 3 5 2 1 3 7 2 6 5 6
395 6 1 8 8 10 9 5 1 7 7
267 9 2 1 9 2 10 2 7 3 6
345 2 10 3 6 6 8 1 9 8 7
446 9 1 2 9 7 8 10 3 10 7
272 1 9 1 6 4 3 8 2 3 4
432 10 7 2 9 9 6 9 4 5 8
289 10 6 4 3 5 1 5 3 8 3
349 1 7 5 8 2 7 9 7 5 8
316 7 5 6 9 3 2 4 1 5 10
357 5 1 6 10 5 8 9 3 4 7
304 8 2 6 8 3 6 2 9 8 2
270 3 10 1 4 5 10 7 5 2 2
304 2 8 6 7 8 4 1 5 4 9
259 6 2 7 5 9 1 2 8 5 1
306 5 4 4 9 2 1 10 9 2 9
408 6 3 9 7 5 6 5 8 10 10
25
258 1 10 2 3 4 4 7 7 1 5
199 3 6 3 9 1 3 1 4 5 3
337 9 2 10 5 5 5 8 7 6 2
287 4 1 5 8 2 2 9 7 6 3
226 2 5 8 4 1 3 9 9 1 1
308 2 9 3 8 8 7 2 6 7 1
277 5 6 9 10 2 2 3 8 1 10
352 3 6 4 6 9 4 4 6 8 6
349 6 9 8 2 8 9 3 10 3 6
333 4 7 5 8 7 6 7 4 3 4
302 5 5 4 6 3 4 5 6 9 2
284 4 6 10 8 3 6 6 10 1 3
342 5 7 3 2 9 1 3 5 7 7
392 4 3 3 9 9 2 9 9 6 6
415 6 10 5 1 10 2 7 4 7 9
335 8 9 10 10 5 6 3 6 2 6
334 1 9 5 10 7 7 3 4 9 2
384 8 9 7 6 9 10 5 1 1 10
296 6 3 7 9 1 9 7 10 7 1
267 2 7 7 4 6 8 4 3 4 2
448 9 5 10 6 9 3 9 10 9 5
278 1 5 1 3 5 9 10 9 1 2
346 2 1 5 9 7 10 9 4 4 4
207 2 1 7 10 2 4 1 2 2 9
328 5 4 2 9 10 9 1 10 2 8
25
237 3 7 5 4 10 1 2 7 1 3
295 5 4 6 10 7 2 4 4 1 9
318 8 1 4 2 4 3 10 5 5 6
328 10 5 7 9 3 10 3 2 5 8
240 5 1 5 3 2 3 2 9 5 6
278 6 6 3 7 2 4 7 6 6 3
411 7 5 6 8 8 7 3 1 10 9
180 1 3 5 9 1 1 2 9 5 1
298 6 10 1 3 3 5 9 4 4 4
240 4 3 3 2 3 9 1 6 3 7
284 6 9 4 9 9 2 3 1 3 4
383 10 4 8 9 8 6 9 6 8 1
241 5 6 9 10 3 4 4 2 2 1
306 5 5 1 7 1 10 9 7 4 5
399 9 9 8 3 8 3 8 10 8 5
364 10 5 3 6 3 3 8 7 5 10
263 7 9 2 7 2 9 8 7 1 1
397 9 8 5 10 10 6 3 9 5 7
231 2 9 6 7 2 1 5 4 4 1
323 8 1 2 4 3 4 7 8 8 6
353 4 9 7 6 5 4 8 3 2 10
263 10 1 3 7 1 9 2 5 4 6
260 5 3 9 2 6 5 4 5 2 7
393 2 8 3 10 10 10 9 4 1 7
324 4 7 2 7 1 1 3 6 10 9
25
368 6 1 9 3 8 4 3 6 10 8
379 10 7 10 5 10 3 2 6 8 6
373 9 8 6 1 5 9 5 6 4 10
399 4 8 10 5 5 4 10 3 9 6
304 4 7 5 1 3 4 9 5 3 10
226 2 5 7 2 6 6 6 1 3 2
268 7 10 2 1 3 4 3 5 2 9
412 7 9 6 6 9 8 7 5 4 10
350 7 9 7 7 6 1 10 5 4 3
306 7 9 7 6 7 1 7 10 1 5
304 3 10 8 1 5 7 1 7 5 9
439 8 7 10 10 8 9 8 9 8 2
314 1 6 8 8 2 9 3 6 5 9
248 2 3 4 4 6 8 8 1 1 5
377 8 2 8 3 7 9 4 1 10 9
304 7 10 3 2 1 5 9 5 6 5
280 8 4 9 8 3 6 7 3 5 1
423 9 1 10 7 8 9 9 5 3 10
353 3 4 7 1 8 5 6 8 7 6
361 7 4 8 9 2 3 6 9 10 6
233 3 3 4 1 6 5 2 10 3 4
339 3 5 5 6 4 4 5 4 9 9
368 6 8 6 10 8 9 3 8 3 9
292 3 3 7 4 8 10 1 7 6 4
258 5 6 2 5 4 8 1 2 8 1
25
353 10 9 7 5 6 1 2 9 9 4
268 9 1 8 1 7 10 2 1 1 8
399 6 4 4 7 8 7 7 4 5 10
389 3 10 9 8 3 10 3 10 9 7
289 6 7 9 5 3 4 7 3 8 1
259 5 6 7 6 4 9 2 6 1 4
458 8 7 9 5 10 9 8 6 5 10
422 10 5 2 7 6 1 9 1 10 9
343 6 9 2 8 6 3 2 6 9 5
185 5 2 6 1 1 6 7 2 3 1
324 7 7 7 10 3 9 6 9 3 5
247 7 8 9 1 2 4 1 7 3 6
353 3 2 10 2 6 7 9 8 8 4
320 9 10 5 10 1 7 4 2 9 3
329 2 5 9 9 9 2 6 4 8 1
256 3 7 2 6 6 10 4 10 1 2
364 3 4 10 5 8 9 7 2 6 8
356 8 10 1 2 6 10 7 6 6 2
288 2 4 3 7 6 10 3 6 4 3
264 10 2 2 7 4 4 2 7 1 8
287 3 1 8 2 5 6 10 6 1 8
384 9 10 5 5 9 3 6 7 10 1
369 2 3 9 9 6 10 10 5 7 4
296 3 1 9 6 9 10 3 2 7 2
257 9 10 4 6 3 3 4 3 1 4
25
253 10 9 7 7 3 7 4 1 1 4
378 8 5 6 3 6 5 8 3 8 9
213 1 10 6 5 1 4 3 8 1 3
287 5 2 3 10 6 10 1 2 2 7
392 4 5 7 9 9 4 7 7 4 9
367 5 10 6 8 6 4 9 8 5 5
295 10 1 8 10 4 4 5 1 3 6
373 6 6 3 9 10 1 5 4 9 5
329 2 4 2 1 10 6 5 6 8 2
382 8 1 6 1 10 4 8 9 4 9
298 3 3 1 9 7 6 6 8 1 7
275 2 4 8 10 3 8 5 4 4 2
274 7 5 10 7 6 5 8 3 1 1
345 9 4 2 7 7 6 5 5 7 6
323 3 9 6 9 8 5 3 3 5 3
228 1 8 1 3 1 2 2 5 7 7
351 10 10 7 1 7 1 10 10 3 3
337 9 4 7 9 3 3 7 4 6 6
252 3 4 8 1 2 8 2 7 9 2
416 8 6 10 5 9 9 3 7 7 8
339 4 8 3 6 8 9 8 3 2 4
236 2 8 2 7 4 9 3 2 1 3
303 9 8 6 9 7 10 3 3 2 2
311 8 8 8 8 3 5 1 4 7 5
243 4 9 10 3 3 7 1 8 1 5
25
246 2 3 3 1 2 3 4 4 9 6
255 6 3 1 9 1 6 4 3 6 5
439 8 4 5 8 9 6 8 8 6 9
340 6 5 10 6 2 9 3 6 7 9
250 7 3 5 8 3 5 2 5 2 7
357 8 2 2 3 4 9 9 7 10 4
429 9 9 9 8 10 4 4 8 6 10
257 1 6 7 9 1 9 4 5 1 9
267 3 6 4 3 3 7 5 10 1 6
266 3 3 2 10 5 1 4 10 2 8
229 4 6 3 7 6 2 4 6 3 1
429 4 5 4 2 10 10 10 5 9 5
241 2 4 5 1 4 10 2 2 2 7
275 9 5 5 2 3 10 7 5 2 3
352 2 6 3 9 3 6 9 5 7 8
225 3 4 9 10 2 1 3 6 1 5
368 8 8 5 9 9 5 6 8 2 6
264 7 7 7 5 3 3 3 6 6 3
274 8 7 7 6 6 8 3 7 2 1
422 2 10 2 10 10 5 4 5 8 9
278 1 9 7 2 1 1 1 5 8 9
307 7 8 2 1 2 3 10 2 6 6
342 7 9 6 3 7 6 10 1 5 4
359 2 4 3 7 7 8 2 9 8 9
335 8 9 2 2 5 9 2 6 9 3
25
312 7 1 10 3 8 8 6 3 7 2
285 7 9 3 6 4 9 2 3 6 4
347 4 1 8 7 6 5 8 7 10 2
366 7 5 7 8 10 6 4 5 3 10
235 5 3 8 5 3 1 4 3 1 9
333 6 3 7 1 2 6 2 7 9 10
314 9 3 3 7 1 3 9 9 3 10
306 10 10 2 10 2 6 5 1 6 1
247 2 8 1 6 6 1 2 7 3 4
342 6 7 7 3 3 10 7 6 3 9
365 7 4 5 7 8 9 7 10 2 8
326 10 8 5 6 2 8 10 8 3 3
282 4 2 10 7 1 2 9 1 6 5
300 3 10 5 9 7 6 5 3 2 2
309 6 10 3 10 3 9 6 6 5 2
202 1 2 3 3 1 9 6 8 4 1
388 9 5 1 4 8 10 3 8 7 8
363 1 2 6 3 7 8 9 3 10 3
353 6 5 8 1 6 9 5 10 4 9
285 10 5 8 5 1 6 4 10 7 2
238 6 9 2 1 5 1 4 4 1 8
417 5 6 6 9 9 8 4 5 9 7
311 8 3 5 8 5 5 8 4 2 5
375 7 5 10 10 6 2 1 7 9 8
286 4 5 4 6 3 2 10 2 8 1
25
278 6 8 3 1 6 8 9 6 1 1
291 1 7 5 3 4 8 8 8 7 1
351 8 8 5 4 2 10 6 8 8 5
233 4 6 5 2 5 3 7 8 1 2
335 4 6 7 3 7 1 5 7 8 4
253 8 9 3 6 5 3 1 4 2 5
277 7 6 9 9 1 8 10 3 1 1
292 10 5 3 4 7 2 10 1 4 1
368 4 8 6 1 9 9 10 4 5 3
383 3 4 3 6 6 7 7 3 9 9
276 6 8 5 3 6 8 2 4 1 8
283 1 2 7 9 5 9 4 2 4 5
380 10 2 10 5 5 9 9 3 8 6
361 1 3 6 4 10 4 1 9 10 6
432 6 8 10 10 5 5 10 9 10 2
321 10 3 9 4 4 3 7 6 3 9
396 3 2 5 5 4 6 9 9 10 8
405 3 8 3 8 4 2 8 9 10 9
404 6 5 7 9 5 2 9 8 8 7
273 7 8 3 6 3 5 2 5 7 4
432 7 7 4 6 7 9 10 8 10 3
329 6 3 6 6 4 7 10 7 1 9
279 4 5 5 8 6 1 1 6 2 10
394 9 4 5 9 8 10 8 2 4 9
270 4 6 2 6 7 4 5 6 2 4
25
269 3 4 5 8 1 4 2 2 9 6
295 1 8 5 4 5 9 6 10 2 6
297 9 10 7 1 6 4 4 4 5 4
304 1 6 4 10 8 3 4 8 5 1
395 4 4 4 5 8 8 4 8 7 10
424 10 7 8 5 7 5 8 2 10 7
289 4 5 1 8 5 7 1 9 3 7
212 6 5 4 3 3 8 1 2 2 5
345 7 10 6 4 1 8 6 7 10 3
260 5 5 3 7 1 4 10 10 2 1
203 5 3 5 1 1 3 2 2 2 8
302 7 5 2 1 3 10 5 9 8 3
286 8 5 2 3 5 2 6 5 1 9
411 10 6 1 5 10 2 8 10 3 10
334 6 2 10 1 7 3 9 2 5 8
291 2 2 10 2 6 3 10 8 4 2
318 4 5 7 6 3 1 9 1 7 7
327 8 5 2 1 8 6 9 1 4 4
401 1 4 2 7 8 7 7 10 7 10
266 3 4 5 6 1 8 3 10 8 3
348 3 5 10 10 8 2 8 4 8 2
339 7 8 2 9 10 5 6 8 1 4
320 6 8 8 4 2 10 3 10 8 2
337 2 7 3 10 6 6 3 5 10 4
375 9 7 8 8 7 8 9 7 1 6
25
291 1 8 8 3 9 7 1 9 1 7
338 1 6 4 5 9 3 6 3 9 5
358 2 8 7 9 7 2 10 9 2 8
366 10 5 5 9 6 8 6 4 4 9
280 6 9 4 2 1 4 2 4 8 8
330 3 8 4 6 4 8 5 3 9 5
239 3 7 10 4 1 7 4 3 4 5
165 1 1 10 5 2 4 1 7 3 1
318 6 2 10 6 6 5 9 3 5 1
283 3 6 6 5 1 3 8 9 7 2
443 5 3 2 10 5 6 10 6 10 9
402 5 4 1 2 10 9 9 2 9 5
325 5 1 7 5 7 5 5 6 9 3
359 8 10 6 6 3 2 10 8 6 6
373 3 7 6 3 4 3 8 10 10 7
327 10 4 1 1 10 10 8 3 3 1
313 5 2 1 6 1 4 6 8 9 8
271 3 1 10 6 6 4 9 2 1 3
201 4 1 2 1 1 1 6 4 3 8
262 6 8 4 6 7 2 4 2 4 2
348 3 2 4 6 5 5 8 9 10 2
247 5 3 8 10 2 6 1 3 4 7
358 10 7 3 2 8 4 1 7 8 9
326 10 8 6 5 7 7 1 4 5 7
312 5 9 2 10 2 1 3 9 10 3
25
305 7 10 3 5 2 7 1 3 9 7
449 5 3 6 8 10 3 10 3 10 8
302 8 2 1 4 10 1 4 4 4 8
358 1 4 1 5 10 9 6 6 9 2
336 5 2 2 4 1 4 6 5 10 10
323 5 5 7 7 4 7 3 4 4 10
366 10 7 2 1 9 10 3 10 8 2
298 1 6 2 4 5 9 8 4 2 8
352 10 2 2 4 6 9 10 3 3 7
332 7 4 9 9 1 1 5 5 10 5
332 8 1 5 2 7 5 4 10 7 7
340 6 1 1 7 3 9 1 6 10 8
291 2 8 4 1 5 10 6 2 4 6
366 9 3 7 5 5 1 9 1 6 10
303 7 5 7 5 10 3 3 1 2 6
360 7 3 4 7 5 6 5 7 8 7
339 7 3 9 10 5 3 5 1 9 6
387 1 8 4 5 7 10 5 9 8 9
316 1 10 5 5 3 7 8 1 2 9
257 2 9 6 6 1 1 10 4 4 1
408 1 10 5 7 3 4 10 3 10 9
292 2 1 3 1 8 4 4 8 6 7
323 2 4 6 3 3 10 8 10 3 10
346 2 4 7 10 6 4 5 8 3 10
354 8 4 8 2 7 9 5 1 6 7
25
254 9 8 6 6 2 10 1 5 6 1
290 4 10 9 9 6 6 3 8 4 1
311 2 2 8 1 6 8 4 5 8 4
285 2 10 5 4 1 5 6 4 9 1
380 5 5 7 10 10 7 9 3 1 8
345 3 10 8 3 8 4 10 4 6 3
396 5 6 6 8 8 2 7 9 6 10
370 8 10 10 9 10 2 8 7 4 2
248 2 8 1 2 1 6 7 1 5 6
284 8 1 6 3 6 5 5 3 5 5
273 3 2 5 6 5 7 4 8 3 6
336 10 1 2 5 10 9 5 8 2 4
316 8 1 4 7 10 4 3 9 3 5
309 8 6 8 3 2 5 4 4 4 10
273 3 4 10 4 5 3 1 8 9 1
258 1 3 9 6 1 9 9 4 2 5
407 10 2 8 6 7 9 7 3 10 4
282 10 2 9 2 6 2 6 6 2 7
361 9 4 7 8 10 10 6 3 1 8
257 4 3 2 1 1 4 4 7 5 8
425 10 10 7 4 7 7 9 5 6 7
335 4 4 10 9 3 7 3 2 7 9
441 8 1 4 6 9 6 6 4 10 10
395 9 1 8 4 10 2 9 4 6 10
276 7 7 8 1 2 9 9 5 2 4
25
306 5 10 4 1 6 2 4 2 4 8
237 1 9 3 4 2 7 1 4 5 6
383 1 7 9 8 10 10 1 2 10 6
399 9 3 10 4 8 3 2 10 9 9
212 6 4 5 9 2 6 4 2 1 3
267 10 4 2 5 2 6 5 5 6 3
188 4 2 10 1 3 2 3 3 5 2
248 2 5 3 7 1 10 5 8 4 3
325 4 1 1 9 6 4 9 6 5 4
326 5 5 4 3 6 3 7 5 10 3
350 10 6 2 5 1 7 7 7 5 10
295 5 3 9 2 6 4 4 10 8 2
274 7 9 8 9 1 1 2 7 8 1
352 1 10 1 10 4 2 4 5 10 9
224 8 4 4 4 5 4 3 6 1 3
189 5 3 10 3 2 2 3 8 3 2
263 1 2 2 3 5 6 6 4 7 1
466 2 9 8 9 9 7 8 9 10 5
326 3 4 7 1 1 2 9 9 7 10
415 3 9 9 7 4 2 10 5 10 9
356 9 10 1 9 10 4 10 4 1 2
279 4 6 3 5 1 8 6 4 5 6
295 5 6 5 2 6 5 1 1 7 9
368 9 6 8 8 8 7 5 1 8 4
288 5 8 6 8 2 1 9 2 3 7
25
333 5 10 6 10 9 2 3 6 7 1
313 1 3 3 9 3 9 3 1 10 7
266 9 6 10 5 2 6 6 6 3 1
357 10 7 5 9 1 3 5 7 7 9
277 5 1 6 7 6 5 3 3 6 3
307 3 6 5 7 4 10 4 3 2 9
367 6 2 3 2 6 7 6 10 6 10
337 6 6 9 3 9 4 2 7 4 10
354 6 4 6 4 9 4 2 5 10 6
382 2 8 2 2 10 10 10 9 2 9
432 10 9 8 3 6 2 5 6 10 10
315 5 1 6 4 4 1 5 10 5 10
274 2 4 3 3 7 1 4 8 9 2
303 4 8 1 1 4 10 10 6 3 5
352 5 5 1 6 8 10 6 5 7 4
323 6 7 7 3 6 7 3 4 4 10
291 4 4 2 10 3 3 5 7 7 3
310 9 2 5 5 8 4 2 8 9 2
273 2 8 2 6 8 2 5 3 3 3
350 5 5 5 1 9 6 1 10 6 10
465 10 7 9 1 6 9 10 7 10 8
312 8 3 2 7 9 7 3 9 2 5
230 7 6 5 3 5 2 6 2 4 1
323 4 1 9 3 2 9 8 9 6 6
353 8 3 9 2 4 8 9 5 8 5
25
370 2 10 7 9 9 7 10 7 3 1
343 2 4 9 10 7 5 7 4 6 4
399 9 9 3 8 10 8 2 8 9 2
444 10 10 3 8 7 8 9 3 8 5
229 1 5 1 8 7 2 4 4 2 3
253 9 7 10 7 2 9 2 6 2 2
293 4 3 3 8 5 5 7 6 5 2
298 4 7 8 6 1 9 9 7 2 4
392 2 8 8 1 8 10 5 4 10 8
187 1 1 4 1 7 5 2 7 2 1
351 9 2 2 6 5 10 7 5 8 5
393 2 4 8 9 6 9 1 3 10 10
314 10 6 7 4 4 10 7 10 3 2
313 5 1 10 6 4 3 7 7 2 9
278 4 10 2 5 4 2 10 6 1 2
253 7 5 5 8 1 1 5 4 3 5
333 5 8 7 4 8 2 7 7 8 1
294 5 8 4 6 6 6 3 1 5 5
306 5 6 1 8 4 4 7 1 9 3
346 10 2 8 9 2 3 9 9 3 9
300 9 4 3 3 1 7 7 4 6 5
391 10 4 10 7 9 10 5 7 5 6
359 7 3 2 7 2 5 10 7 8 7
402 6 8 10 10 9 9 9 9 1 6
296 5 8 6 8 6 2 3 10 4 4
25
315 10 8 4 7 1 9 3 1 6 9
409 8 2 3 10 10 10 2 6 8 7
340 6 9 1 3 5 5 8 10 7 3
268 6 5 6 2 2 5 2 9 9 1
308 2 2 9 8 8 4 10 8 1 2
309 7 5 1 9 4 10 5 10 3 4
266 1 5 1 1 3 7 5 2 7 6
337 7 6 2 10 6 3 8 3 6 2
273 1 2 2 7 8 9 3 2 2 7
344 7 7 9 1 9 4 8 9 4 2
336 4 3 2 1 9 9 8 2 7 4
373 9 8 10 10 3 5 4 9 9 5
257 1 1 7 9 4 7 6 6 1 6
330 7 2 6 2 1 9 9 6 7 8
352 3 8 6 8 2 7 8 9 3 9
339 10 5 7 3 4 5 5 6 9 5
373 10 9 6 2 9 3 9 7 1 7
318 5 9 1 10 3 10 4 8 2 9
463 9 2 3 9 10 7 6 7 8 10
392 8 6 6 6 9 1 7 1 8 7
431 7 3 9 10 9 3 5 10 6 10
346 3 7 9 5 8 5 6 8 5 3
303 1 2 6 7 7 8 3 7 7 2
190 8 6 5 1 1 3 2 7 5 1
266 2 8 8 1 1 6 10 6 5 2
25
471 4 7 1 9 10 9 6 5 10 9
291 5 9 9 5 6 6 9 6 2 1
331 1 7 1 6 8 3 5 9 8 2
261 10 4 8 3 6 2 7 4 1 1
350 5 5 6 5 2 8 10 3 9 5
309 1 4 10 6 5 3 4 6 6 7
363 9 10 2 6 8 7 2 2 9 3
336 4 5 5 8 10 3 4 2 9 2
378 2 10 2 7 9 8 5 9 6 4
254 3 6 5 2 1 7 2 5 8 5
310 10 2 4 8 10 8 1 6 4 1
227 4 2 6 1 1 3 2 3 7 8
404 8 3 9 1 10 8 3 2 9 9
366 4 8 2 7 7 6 1 1 8 10
281 4 3 4 7 4 1 8 3 7 3
419 3 5 8 1 7 5 8 4 10 10
354 4 5 7 7 5 7 10 5 7 3
382 9 8 8 6 3 2 5 2 10 8
250 5 10 10 7 4 8 2 5 1 4
400 10 10 9 10 7 6 1 9 9 4
237 2 2 9 6 1 5 5 5 6 1
229 9 5 3 2 2 1 6 10 3 2
361 1 5 2 10 3 10 6 10 9 5
436 2 9 1 4 10 3 8 8 10 7
290 7 3 3 9 3 3 3 10 6 5
25
368 5 7 7 5 7 5 6 9 9 2
327 2 8 4 1 7 1 10 7 8 2
318 10 7 8 8 1 10 2 4 8 4
256 4 2 3 5 6 4 3 6 3 7
357 10 4 7 2 9 7 6 6 8 1
221 5 2 10 5 1 4 5 9 3 1
234 5 3 6 9 1 4 3 1 6 2
302 1 6 7 6 4 1 9 8 9 1
357 10 10 3 4 1 6 10 6 4 9
274 1 7 8 10 3 4 3 1 6 6
272 3 3 6 2 1 9 4 3 8 7
405 7 4 10 8 8 10 9 8 7 1
236 2 7 6 7 2 9 2 1 3 7
316 1 6 6 1 5 3 5 3 9 8
348 1 4 4 7 5 7 8 6 8 6
311 7 9 7 6 6 4 6 3 4 4
408 6 9 1 2 7 10 8 4 10 7
332 10 4 9 8 2 2 8 2 7 6
240 2 4 1 5 2 1 10 3 6 1
373 7 3 7 4 9 8 9 6 6 3
364 5 5 6 5 10 7 8 5 6 1
418 5 4 2 9 10 5 9 9 9 2
316 10 1 9 2 4 5 10 5 2 6
317 8 6 5 9 9 3 6 2 1 4
407 3 7 6 4 9 8 6 9 10 6
25
256 6 2 6 3 9 3 3 9 3 3
333 10 6 8 3 3 8 6 2 4 9
399 10 5 7 5 4 5 5 8 9 9
409 8 7 9 10 10 6 2 6 8 7
282 8 9 4 7 1 6 6 3 5 1
289 10 1 1 9 2 4 8 1 6 4
395 8 7 2 9 9 2 8 10 6 6
240 4 5 3 9 1 3 8 5 3 2
390 9 6 8 7 2 4 10 3 9 6
371 6 4 6 7 10 1 9 1 4 10
249 4 3 5 2 3 6 3 8 7 4
363 6 3 1 9 5 10 1 5 10 9
290 10 8 4 9 8 1 4 8 3 1
272 2 3 9 8 1 10 7 1 2 9
325 7 1 7 3 7 8 7 3 2 9
305 8 5 9 9 6 3 3 3 8 1
242 1 10 6 1 7 6 1 1 1 7
373 4 9 3 1 10 6 10 9 2 8
335 9 5 4 6 2 9 8 9 3 6
450 4 9 6 9 10 8 9 8 6 8
355 10 1 2 8 7 2 8 1 9 5
313 5 6 4 6 4 6 4 8 7 5
367 10 2 7 1 7 2 9 4 6 9
371 2 4 2 7 2 10 8 9 10 7
414 2 9 5 8 5 8 9 8 10 6
25
267 1 4 3 3 4 8 7 4 6 3
422 2 7 7 7 8 8 10 6 6 7
282 7 1 8 3 10 5 6 4 3 1
318 6 4 7 5 3 3 7 8 10 1
406 9 10 8 5 2 8 3 8 9 10
282 8 2 4 4 5 4 6 4 6 1
316 8 8 5 8 4 8 6 4 4 4
228 2 4 2 8 3 7 3 5 3 2
335 7 1 5 2 10 7 10 2 5 2
351 2 9 3 10 10 4 1 5 7 6
215 6 5 9 9 2 5 1 6 2 3
331 9 2 7 8 1 8 6 7 10 1
367 1 6 9 9 9 2 5 4 6 7
338 5 5 5 4 7 8 5 4 6 8
382 9 4 4 5 9 8 4 9 3 10
174 1 3 5 3 1 9 2 3 1 6
335 5 8 8 2 3 6 8 5 7 5
244 1 8 1 9 3 4 7 2 5 1
292 2 7 10 2 6 6 4 7 6 3
331 9 2 2 5 4 7 9 2 6 6
253 8 4 3 1 2 3 2 7 8 5
309 6 5 3 3 8 8 4 3 5 3
334 8 3 5 6 3 7 4 3 9 7
317 7 2 9 7 5 5 10 5 3 3
256 2 2 9 1 4 9 5 7 7 1
25
274 1 8 4 1 6 5 2 9 5 4
258 9 9 1 6 3 1 6 1 5 2
289 3 4 4 9 6 3 10 2 3 2
257 1 5 3 6 10 1 1 9 3 4
367 10 7 6 9 9 4 4 6 2 9
372 3 8 7 3 2 9 10 3 9 5
244 6 1 7 6 5 8 2 4 4 3
317 5 1 4 6 1 8 10 3 4 9
313 1 2 3 4 3 2 6 3 10 9
346 1 7 6 7 6 5 7 6 5 7
319 2 3 9 1 7 8 8 1 7 5
322 9 10 6 4 6 2 4 8 1 8
392 4 5 1 6 7 9 10 9 7 3
266 8 6 1 4 5 3 5 3 1 9
384 2 6 8 10 8 2 5 6 7 8
399 1 9 4 3 9 5 9 10 7 7
330 8 9 9 3 4 4 1 5 5 10
299 2 5 1 10 8 2 5 3 2 9
302 8 1 2 1 10 2 4 2 6 5
342 5 6 3 6 6 9 6 4 8 2
332 2 9 7 6 7 1 3 1 10 6
323 1 8 8 4 3 9 9 4 6 5
401 8 8 9 8 7 7 5 2 5 10
297 8 3 4 1 9 5 3 4 1 10
276 10 2 3 4 2 3 4 5 9 2
25
357 3 3 7 10 9 8 5 3 5 7
328 10 9 5 3 6 4 1 7 8 5
304 10 2 3 1 6 10 4 7 7 2
284 8 5 6 3 1 8 9 8 3 2
235 5 3 1 3 10 3 1 6 1 6
313 6 1 1 8 4 2 10 6 5 6
355 1 2 3 1 5 3 10 2 10 10
451 9 9 6 5 9 1 9 10 7 9
344 3 9 5 7 8 2 7 2 8 4
274 7 1 6 4 7 8 2 9 1 5
326 7 5 9 6 3 8 9 5 2 5
355 3 9 4 1 9 7 7 7 5 7
256 8 1 5 4 3 8 2 9 2 6
316 9 5 2 6 1 9 9 3 1 9
327 4 10 2 5 6 1 8 9 3 5
364 3 8 3 7 4 2 8 1 10 7
301 2 10 5 10 3 7 6 2 1 7
301 4 7 9 2 4 6 1 8 8 5
361 6 6 1 1 9 9 8 10 5 4
354 4 6 3 2 7 10 9 1 5 7
332 2 1 9 9 2 8 2 6 10 7
328 9 3 7 3 2 2 10 4 8 6
306 1 1 4 1 2 4 7 7 8 10
318 4 10 1 5 10 1 7 7 3 4
377 5 7 1 9 10 5 9 8 1 6
25
415 10 7 8 7 10 6 6 2 8 4
409 4 3 3 7 10 6 8 3 10 6
404 5 6 6 6 10 3 7 6 10 3
276 2 9 7 7 7 10 2 1 4 1
381 5 7 3 6 4 6 9 8 8 8
375 2 6 2 8 8 5 3 6 9 8
301 5 2 4 8 4 5 10 1 1 10
405 1 6 6 1 6 6 10 8 9 9
433 8 8 5 4 9 8 4 3 9 10
292 2 6 8 1 7 7 2 9 5 4
291 4 1 8 9 2 7 6 8 9 1
256 4 2 8 9 1 5 3 2 6 7
333 3 7 7 4 5 7 7 5 3 10
301 9 8 1 10 1 4 10 1 3 4
349 9 8 4 6 5 5 5 4 7 4
358 8 6 9 7 10 9 6 10 1 3
348 1 1 2 10 8 4 10 2 6 7
271 7 1 5 6 2 7 4 8 7 3
199 9 3 4 5 5 2 3 4 1 2
284 9 3 6 3 4 4 5 7 3 7
354 9 5 2 5 2 9 10 8 2 10
332 3 5 2 7 8 9 4 2 3 10
349 6 1 5 3 6 3 10 2 7 8
299 9 4 10 3 7 5 8 5 3 1
348 6 1 8 1 9 5 1 5 9 9
25
421 10 10 5 7 8 9 9 7 6 3
324 2 2 7 8 9 4 10 7 4 1
250 3 2 6 5 1 10 8 2 2 4
335 7 4 6 7 4 5 10 1 6 6
360 8 3 10 3 10 10 3 6 7 2
352 5 8 4 10 2 5 8 1 8 6
321 5 2 8 7 8 4 9 3 5 2
343 2 6 9 7 6 9 1 3 9 8
345 7 7 5 10 9 7 5 7 1 5
444 9 7 4 4 4 7 9 9 10 10
320 6 2 2 9 6 4 7 6 1 10
349 7 2 7 1 8 10 2 3 8 7
242 3 5 1 10 4 9 3 9 2 3
388 4 2 9 10 8 8 3 3 9 8
291 1 6 9 9 7 9 3 2 1 6
386 7 7 8 3 1 10 5 10 9 9
322 3 4 6 10 7 2 2 2 10 3
390 8 2 8 9 8 1 5 10 9 4
457 7 1 3 3 10 10 9 3 9 10
350 8 1 8 2 5 10 8 10 9 2
375 3 3 7 3 9 8 5 7 10 5
256 1 2 8 10 5 1 5 2 5 2
290 5 4 10 2 5 10 9 6 2 3
251 8 7 6 6 4 3 2 8 5 1
313 4 2 10 10 6 6 7 1 4 3
25
298 3 7 7 1 1 3 10 9 10 1
317 2 6 2 7 8 1 7 1 3 8
495 4 10 3 10 10 4 10 5 10 10
308 4 6 8 8 5 5 3 4 4 9
354 1 9 8 7 9 2 8 2 6 3
336 7 3 9 8 1 4 7 1 6 10
300 2 4 2 2 3 3 6 5 7 8
365 9 8 3 5 10 2 2 5 10 4
315 10 9 4 8 7 6 5 1 2 3
362 9 4 8 2 9 3 3 8 5 10
470 10 1 9 5 10 9 9 10 6 10
352 8 5 1 9 2 4 10 2 8 6
360 8 9 7 10 3 10 6 5 6 3
466 4 9 7 1 10 8 7 10 10 9
358 7 3 5 3 10 8 8 9 1 8
276 1 6 5 4 6 1 5 7 6 3
382 2 6 1 7 10 2 9 10 5 8
233 4 4 8 8 3 3 2 4 2 8
365 8 4 5 8 6 8 5 5 5 7
303 6 1 6 3 2 3 3 4 8 10
382 4 5 2 10 5 7 10 10 6 6
243 1 7 4 2 1 2 8 1 8 1
230 10 1 3 6 3 5 7 2 1 1
311 5 9 7 7 9 2 4 8 5 2
344 10 10 7 4 3 8 4 3 7 7
25
310 8 7 4 1 5 7 1 10 7 5
345 5 7 7 4 7 8 8 9 4 5
276 9 5 7 7 8 10 2 4 1 3
420 8 10 1 4 9 8 8 7 5 10
401 9 1 6 8 9 4 6 7 10 6
333 5 9 3 8 4 3 3 8 10 5
303 9 4 2 3 3 6 7 6 1 9
406 8 7 7 8 8 7 9 2 3 9
268 2 6 1 8 3 9 8 4 4 1
293 5 1 8 3 7 6 7 8 5 2
417 10 8 6 1 7 9 10 8 9 2
383 1 10 6 5 10 4 5 9 4 8
340 9 2 6 10 6 7 9 5 1 7
261 9 10 7 7 2 2 2 7 1 7
321 6 7 2 5 6 6 3 9 7 5
292 2 5 9 9 4 10 2 4 7 1
339 5 4 3 4 7 8 9 2 2 9
306 5 2 6 10 2 4 10 4 9 1
303 1 10 10 8 7 10 2 7 1 6
408 10 6 8 4 8 10 10 8 1 10
434 9 6 6 3 7 8 8 7 9 8
447 9 10 9 9 10 7 6 7 10 3
250 10 4 3 4 1 9 5 2 7 1
334 7 6 2 3 7 10 2 8 7 4
270 10 5 5 10 3 9 3 9 1 3
25
374 8 8 1 8 9 1 3 8 10 3
327 6 3 10 3 7 9 7 7 5 3
274 10 1 1 8 3 3 3 5 4 8
316 1 9 7 8 6 1 8 8 6 2
392 5 8 7 1 4 7 4 10 10 9
278 8 4 8 1 4 4 4 9 7 3
313 4 3 5 8 6 6 7 5 2 7
209 2 2 9 3 1 4 5 1 6 1
394 6 8 10 8 7 8 9 6 7 3
318 2 6 1 10 6 7 9 10 4 2
377 4 8 1 3 7 7 8 6 6 7
284 4 5 1 4 1 4 3 3 9 7
285 8 3 5 7 1 6 7 6 3 5
250 5 1 3 2 3 2 4 8 9 1
316 6 8 2 7 9 4 7 2 1 5
365 4 9 6 3 7 7 9 7 2 9
439 9 6 6 5 7 7 6 8 9 10
353 6 8 4 10 4 6 9 2 7 3
369 2 2 10 1 8 9 4 9 6 10
270 3 9 5 9 3 6 1 5 6 4
405 10 5 9 5 6 10 6 7 6 8
370 2 6 4 10 4 4 6 1 9 10
325 5 9 6 6 2 10 2 6 8 4
334 9 7 5 5 9 5 4 6 8 1
269 2 6 10 4 6 1 3 5 1 9
25
285 6 3 8 3 2 9 9 2 2 8
275 8 8 9 9 1 8 2 10 4 1
290 5 3 3 7 1 10 1 3 9 5
359 8 3 1 2 5 6 8 1 6 10
370 8 10 2 10 6 1 9 3 8 2
265 10 1 2 4 3 3 5 7 1 9
436 6 10 7 2 9 8 10 3 9 5
367 8 4 1 7 5 5 6 8 8 6
311 9 7 4 8 7 4 5 1 1 8
274 9 2 8 6 7 4 4 5 1 5
284 10 10 8 1 5 10 1 3 3 5
379 6 10 8 3 6 8 2 6 9 9
458 3 9 1 10 9 8 10 9 4 10
273 8 3 4 3 10 1 2 4 3 7
254 10 9 1 6 2 1 4 3 2 7
365 1 8 9 5 4 6 9 10 9 3
444 3 5 9 10 10 9 8 8 7 8
385 10 3 2 3 7 6 9 4 4 10
406 7 10 10 5 10 3 1 10 10 5
344 5 8 8 6 6 8 3 4 7 4
360 4 6 2 9 5 6 2 10 7 10
321 2 8 9 2 7 10 2 10 6 2
301 2 6 6 2 4 3 5 2 8 7
328 4 7 5 7 1 1 1 8 10 10
296 10 2 2 7 5 4 4 3 10 1
25
310 6 6 5 6 7 1 3 1 3 10
264 3 3 8 1 7 5 2 1 1 10
414 5 10 1 4 10 2 5 9 9 7
356 1 7 10 2 7 2 10 7 5 8
326 9 4 6 3 4 5 3 5 8 7
271 5 2 3 5 5 10 1 5 3 7
309 1 6 6 7 2 5 2 5 10 8
392 6 4 10 8 10 8 6 9 9 1
410 7 7 5 4 6 7 10 9 8 4
339 8 9 4 5 9 10 4 3 2 5
347 2 9 5 8 6 4 9 9 4 6
298 2 8 4 10 3 1 5 2 8 4
328 5 5 7 4 10 4 3 5 10 1
379 6 7 9 10 8 10 3 10 7 1
357 9 7 5 3 6 6 6 6 9 1
411 9 5 3 8 10 9 1 8 9 8
412 7 10 7 1 9 1 9 1 8 10
292 1 6 6 8 5 9 4 1 1 9
290 7 6 4 9 9 3 3 3 4 1
408 3 8 9 2 8 10 10 6 7 6
427 8 6 3 7 9 5 10 9 8 5
383 8 10 5 9 3 6 9 3 4 9
303 4 3 9 6 2 9 1 10 10 5
342 3 1 10 6 10 10 3 4 5 7
342 8 8 5 10 3 2 2 2 8 8
25
405 7 8 5 6 10 1 9 3 8 4
277 7 6 7 6 2 5 2 5 7 5
334 8 2 10 2 6 5 6 6 8 4
350 6 9 5 9 1 9 2 2 8 10
360 2 7 7 5 5 2 8 1 7 9
269 9 3 7 7 4 3 2 6 5 3
372 8 7 2 7 1 7 10 6 9 4
333 8 1 1 1 7 1 10 3 8 6
263 8 1 3 4 5 9 4 4 2 5
348 3 7 2 2 5 6 5 8 9 6
253 8 6 2 9 1 3 4 2 2 6
332 2 2 1 8 6 7 8 9 9 2
333 3 2 2 5 4 10 9 10 9 1
311 4 10 4 4 8 10 3 7 3 2
410 3 6 10 9 10 7 8 4 8 2
399 8 9 6 9 4 1 8 5 9 6
226 8 5 5 6 1 1 3 1 7 2
284 4 9 1 10 2 3 2 4 7 4
349 4 7 4 10 10 10 1 7 6 3
377 2 1 10 3 7 10 9 2 8 8
355 10 6 9 5 9 9 6 2 2 7
295 1 7 8 7 9 1 6 8 3 3
361 2 3 10 7 9 10 5 4 2 10
363 6 5 8 4 7 10 10 6 2 5
356 9 10 7 1 8 9 5 4 3 6
25
327 2 9 4 7 6 3 2 9 7 8
264 6 4 7 2 3 5 1 6 4 10
228 3 6 4 4 3 9 3 7 1 3
326 10 3 3 10 10 10 4 3 1 3
371 6 5 10 7 9 1 2 4 8 7
266 3 8 2 1 2 9 6 3 5 6
139 2 5 1 1 1 9 2 3 1 1
341 4 8 6 6 9 10 3 6 3 6
433 6 9 3 4 10 10 4 3 7 10
373 9 1 3 8 6 9 1 6 10 9
304 2 1 6 3 6 3 7 1 8 6
230 9 3 7 1 1 1 7 9 1 6
243 9 5 1 1 4 1 4 4 1 8
320 3 9 5 3 8 7 1 7 4 7
338 1 5 2 10 5 1 5 3 7 10
261 8 3 2 4 7 9 5 7 1 3
323 4 3 4 3 7 5 6 7 9 2
379 6 6 2 9 2 5 9 9 7 10
330 9 5 7 6 8 2 2 10 6 4
295 5 3 8 3 3 8 10 7 2 4
354 5 4 6 5 3 10 10 4 7 7
406 2 6 8 10 4 10 9 6 6 9
295 9 1 1 10 4 2 10 4 5 1
437 10 7 6 9 5 8 8 7 6 10
319 3 9 1 5 1 8 9 3 9 1
25
293 2 5 10 1 3 7 1 2 10 6
237 1 4 4 1 2 5 4 10 7 3
359 2 10 3 9 2 4 10 7 7 6
250 6 10 8 4 9 5 1 8 1 1
391 3 4 7 4 7 1 10 4 10 6
289 8 3 2 6 6 7 7 6 3 2
279 5 8 1 9 2 1 2 6 8 4
350 9 8 1 9 1 7 6 10 5 7
354 4 6 6 2 9 6 4 8 5 10
428 6 10 8 6 7 5 3 10 9 10
323 9 9 1 7 9 10 3 3 3 2
345 9 8 9 3 8 2 6 7 7 2
314 6 2 5 5 7 7 1 10 5 7
420 4 6 10 2 10 3 9 5 7 8
276 6 6 3 8 2 3 3 2 9 4
422 7 3 2 9 10 7 1 10 9 10
341 10 9 5 10 3 4 9 9 5 1
289 5 8 10 5 1 8 4 3 7 4
257 10 3 9 1 3 2 3 5 5 6
255 8 1 3 5 8 2 2 5 4 3
394 8 4 9 1 9 6 4 4 9 9
418 7 10 8 5 2 2 8 6 10 10
309 6 3 6 3 8 1 6 4 2 8
285 4 7 4 9 4 8 3 2 3 6
265 7 6 9 6 3 3 6 2 4 4
25
347 1 6 7 4 8 4 9 8 8 2
290 1 3 10 3 8 4 3 9 5 4
273 8 3 9 3 6 10 5 6 2 1
311 7 10 1 6 8 10 7 2 1 2
310 4 8 1 7 6 3 4 10 5 5
355 3 9 10 10 1 7 5 8 5 9
266 9 3 5 9 3 8 5 2 3 1
326 8 8 8 8 1 4 3 6 4 10
291 2 4 5 5 5 1 9 1 2 10
311 3 10 3 4 8 5 8 6 3 1
333 5 5 3 6 10 2 3 7 8 2
296 9 5 5 1 6 9 8 9 2 1
202 8 1 3 5 1 3 7 3 2 4
376 4 6 5 3 8 7 3 9 8 9
291 5 5 1 8 2 10 7 6 2 6
402 10 8 3 7 4 5 9 4 7 7
308 5 8 4 10 4 9 3 2 3 9
300 10 3 2 9 6 7 7 6 4 1
377 7 6 6 6 8 7 7 4 4 7
421 3 8 8 4 10 5 9 9 5 9
280 4 5 7 2 4 2 9 3 6 3
299 5 1 2 3 6 2 10 6 9 1
306 7 2 6 7 8 2 4 10 2 7
353 2 9 5 2 6 3 6 2 9 10
260 4 6 2 3 2 7 4 4 9 2
25
338 7 7 10 3 3 3 10 3 9 3
288 8 3 10 4 5 6 5 9 1 5
194 3 9 7 9 1 2 2 2 1 3
376 2 1 6 9 10 8 7 5 4 7
265 9 5 6 4 4 5 8 3 1 4
321 6 7 6 6 5 9 3 3 10 2
236 5 4 4 10 1 8 4 9 1 5
309 2 7 4 2 4 1 7 6 9 4
348 4 9 9 6 7 4 9 8 5 1
255 10 8 10 1 5 2 3 7 4 1
394 4 6 6 4 9 10 7 8 9 2
345 10 4 2 1 6 9 3 6 6 8
302 9 6 7 2 1 1 2 1 9 9
313 2 6 8 4 6 6 10 5 1 8
194 6 4 10 3 2 3 2 10 1 1
370 8 7 7 1 8 9 6 10 6 4
367 9 10 3 2 9 9 8 7 3 2
377 5 7 10 9 4 8 8 10 6 6
272 2 6 2 9 4 5 1 6 7 3
355 9 3 9 1 7 7 6 10 8 4
303 9 1 10 3 3 6 2 7 6 7
406 6 8 4 5 7 5 8 9 5 9
217 3 2 9 2 5 3 2 9 3 4
224 8 10 3 2 2 2 2 4 1 6
365 5 7 9 4 5 7 9 10 5 4
25
225 9 4 9 2 3 5 2 9 2 2
315 6 2 2 7 4 1 8 6 8 6
330 6 5 9 2 2 8 3 5 8 8
285 10 3 7 1 3 2 6 10 3 8
284 6 6 4 5 1 2 2 5 7 9
253 9 2 4 2 4 1 3 1 9 2
266 7 2 3 9 8 4 3 7 1 5
318 6 5 4 7 3 7 2 5 9 4
414 3 9 5 5 9 9 5 7 5 10
275 4 1 8 6 4 2 9 8 3 4
253 6 10 5 3 1 9 1 4 2 10
372 1 2 2 7 7 6 7 9 9 5
345 5 1 8 5 9 6 10 1 4 5
363 7 3 10 4 10 9 2 1 5 8
235 1 1 8 3 4 5 5 10 1 6
356 2 5 9 1 1 3 10 8 10 9
238 3 9 5 1 10 3 2 2 2 3
196 4 2 5 4 3 2 7 3 1 2
351 8 5 2 7 7 2 3 8 4 10
333 10 9 3 10 3 6 6 8 3 6
304 3 3 8 8 1 5 10 9 7 1
283 4 3 6 7 5 3 6 4 6 3
306 5 8 2 4 5 8 4 4 3 8
281 9 2 1 3 3 10 6 5 1 7
378 2 9 6 4 4 8 9 1 9 9
25
283 3 4 6 9 10 5 2 7 3 2
347 9 7 5 7 7 9 9 4 4 2
351 2 10 2 9 1 9 9 2 8 4
257 1 1 3 10 4 7 8 1 3 5
328 3 1 1 9 10 4 6 4 8 1
364 2 9 6 3 7 7 6 5 7 7
398 8 8 7 10 10 4 4 9 9 3
379 10 4 8 6 4 9 6 8 7 5
439 7 7 5 1 9 7 7 10 10 8
260 3 1 7 2 7 9 4 5 4 2
372 10 10 3 4 5 10 8 4 5 6
261 2 2 5 3 6 8 5 1 6 1
336 10 4 8 5 5 9 7 10 2 4
293 2 2 3 8 3 2 10 7 7 4
264 1 5 4 2 6 3 5 4 6 2
382 8 4 3 2 10 3 2 10 8 10
297 4 8 2 3 8 6 7 6 5 1
335 8 6 2 3 2 9 8 2 4 9
288 2 5 6 8 8 1 7 5 1 4
368 3 6 4 4 10 2 6 7 5 10
295 9 7 6 8 4 9 2 5 4 5
343 6 1 6 7 7 3 4 7 6 9
350 9 10 8 8 5 10 2 4 5 6
273 6 6 8 1 8 6 1 10 2 6
394 2 7 10 5 5 10 10 5 10 4
25
223 4 9 2 7 4 4 2 9 1 3
251 1 8 7 8 8 4 1 2 1 5
377 3 6 10 7 5 8 6 9 7 8
353 3 1 10 5 2 9 10 9 7 8
375 8 8 9 6 4 2 5 9 9 6
315 6 9 6 3 3 10 1 10 5 7
314 4 10 7 4 5 9 8 5 4 2
334 1 10 4 1 9 1 4 4 8 5
384 4 2 6 9 10 5 7 5 9 2
325 8 3 10 10 6 8 1 7 2 9
347 10 3 1 8 3 8 7 5 4 9
264 2 3 7 4 10 8 1 7 1 4
336 2 10 4 8 4 4 6 1 6 7
303 4 4 1 5 8 1 3 3 8 7
317 10 1 7 3 9 9 1 4 3 9
277 5 10 6 10 1 5 2 7 4 7
304 7 1 8 4 9 10 4 4 3 4
233 1 7 4 5 3 4 9 5 1 2
372 10 2 5 8 9 6 5 9 7 2
342 1 5 9 6 9 3 8 2 8 4
338 6 3 6 5 7 5 4 8 5 9
398 10 10 8 7 10 1 2 10 5 8
306 2 3 9 6 4 8 8 9 2 7
201 2 2 1 4 1 4 6 8 1 7
385 7 8 3 5 9 8 10 6 4 5
25
268 1 1 7 6 10 6 5 9 1 3
301 6 3 8 4 1 5 4 3 8 7
288 1 2 7 6 10 3 7 3 1 6
332 7 5 8 2 9 9 4 1 5 7
387 6 7 1 2 7 9 10 9 3 8
281 6 4 8 10 5 3 5 3 2 5
333 4 8 6 9 10 8 1 10 4 2
248 4 8 1 5 7 2 1 2 2 8
237 9 1 2 8 6 2 5 3 1 2
326 8 1 1 3 10 6 3 1 9 2
303 2 1 5 1 3 9 10 7 2 8
238 6 2 9 9 6 1 1 5 2 4
396 4 2 5 9 10 4 8 4 10 4
300 4 7 2 3 9 5 2 4 2 10
379 6 10 7 7 7 10 3 3 9 5
348 1 1 4 2 9 2 10 5 6 7
335 9 10 1 7 5 3 6 4 6 5
203 6 7 2 5 1 3 1 9 2 5
263 3 8 7 10 6 2 2 6 5 1
318 6 5 10 9 10 9 6 2 1 1
314 3 5 2 7 5 2 1 4 10 7
456 3 7 10 8 10 9 6 3 9 9
245 4 5 3 6 4 4 3 1 7 1
432 10 2 7 1 10 7 9 5 8 10
363 10 3 7 3 8 8 9 2 5 5
25
242 9 1 9 6 6 3 2 1 5 2
279 2 4 8 1 5 5 5 7 6 3
302 2 8 5 4 3 7 1 4 10 5
428 5 1 2 4 10 9 10 8 7 9
312 3 1 6 6 2 10 6 7 5 9
294 3 4 5 2 4 9 7 5 6 4
265 10 4 4 10 1 10 2 4 1 6
331 9 8 8 8 5 1 2 5 3 10
298 7 8 4 10 4 3 3 7 4 4
208 5 2 8 7 3 7 1 1 5 2
254 6 1 2 3 10 8 1 2 5 2
291 6 4 6 8 5 8 2 5 8 2
263 5 2 8 4 6 2 4 5 2 8
300 2 1 9 4 6 9 10 9 2 1
365 5 8 5 6 6 4 7 3 8 5
304 8 9 10 2 8 5 1 3 6 2
216 5 3 7 4 3 1 3 10 1 4
297 1 9 3 3 3 7 6 8 10 1
245 7 9 10 2 5 8 1 7 1 3
292 5 5 4 7 2 5 5 6 10 1
369 9 9 5 7 8 10 2 2 7 5
368 8 8 7 8 4 5 9 9 8 1
415 7 4 7 8 10 1 10 3 5 8
406 7 4 5 10 10 4 9 8 2 8
271 2 1 8 7 10 2 4 9 3 3
25
395 5 10 10 4 9 5 10 7 7 3
386 10 3 8 2 9 3 4 5 10 5
353 6 1 5 6 6 2 9 10 4 9
368 8 8 2 4 10 7 1 1 6 9
371 5 10 8 4 7 3 8 4 9 2
427 3 5 8 2 10 4 8 6 9 10
368 8 1 3 2 8 3 6 7 9 9
410 7 10 1 9 6 10 9 10 6 3
306 6 8 4 4 2 9 8 2 1 8
259 8 5 1 7 4 4 3 3 1 10
328 3 2 10 9 5 2 9 9 8 2
270 2 10 3 2 5 2 7 3 2 8
320 4 9 3 3 6 4 7 4 7 4
319 7 4 8 3 5 4 9 2 1 10
388 8 4 7 2 6 5 8 10 10 4
335 3 1 3 8 5 10 9 2 3 9
223 3 1 7 6 5 4 8 4 2 1
351 5 8 5 7 9 7 2 2 4 10
319 5 5 7 10 8 4 2 6 6 4
274 3 4 7 10 6 6 2 9 4 1
366 4 9 8 2 5 4 9 5 10 4
346 6 5 6 3 10 9 6 2 3 7
311 10 9 3 1 1 6 10 8 1 8
341 6 7 6 3 6 7 3 10 4 8
396 8 6 5 9 7 10 10 1 7 2
25
240 5 2 1 10 2 2 8 3 5 2
270 9 8 5 8 2 4 4 5 4 3
265 3 2 8 5 7 3 3 10 5 1
263 9 7 8 4 3 2 9 3 1 3
358 2 6 8 5 8 8 2 9 7 7
384 5 4 10 9 8 4 8 9 8 4
368 5 8 2 5 7 5 1 6 10 8
336 6 7 2 6 6 1 9 7 5 5
322 3 5 4 4 7 9 6 9 3 4
274 10 6 6 7 3 3 1 6 5 5
390 10 10 3 8 10 10 8 4 2 5
409 9 8 9 1 9 8 7 8 10 1
270 3 2 4 9 4 10 6 1 4 3
342 9 1 10 10 7 4 1 6 10 4
325 2 9 1 10 1 7 3 3 7 9
344 6 5 5 2 6 10 3 10 7 7
339 2 10 4 3 10 6 6 5 1 8
362 6 10 4 5 1 9 6 5 8 10
355 1 10 8 8 7 4 9 10 2 7
351 10 3 10 5 3 9 9 3 2 10
300 6 7 7 10 8 4 3 2 3 3
324 8 8 8 4 4 5 3 9 7 4
340 2 7 5 6 3 8 10 1 9 3
336 7 5 9 9 4 1 5 5 8 7
432 10 9 6 6 5 10 8 9 7 7
25
374 10 9 6 8 3 10 6 9 9 2
260 7 6 6 7 3 8 2 8 4 2
310 6 2 6 9 6 8 4 8 6 3
378 7 6 1 10 8 6 5 8 9 1
241 10 1 2 2 3 9 4 2 1 6
268 9 5 5 9 3 5 9 1 2 2
229 6 1 3 10 4 4 2 9 4 1
280 9 4 1 4 2 5 2 8 3 9
231 3 8 1 3 2 3 10 2 3 1
282 4 7 7 4 1 7 8 9 7 1
337 8 1 5 9 3 1 8 1 8 7
343 1 3 6 9 7 9 1 6 10 6
225 10 10 4 4 2 2 3 5 1 2
366 10 4 7 10 1 7 7 1 8 7
400 4 7 4 2 8 10 9 5 10 3
271 7 9 7 3 1 9 10 4 1 4
327 3 2 7 1 6 4 8 10 9 2
377 9 1 10 1 10 5 4 2 10 8
269 10 4 4 3 8 3 4 3 3 2
285 6 9 3 4 1 8 5 1 6 6
362 3 9 8 10 6 9 10 2 2 7
297 1 4 10 10 6 2 9 8 3 2
304 3 7 5 8 7 1 3 2 10 2
295 8 8 6 3 5 9 1 10 6 1
312 2 10 4 9 2 8 3 8 3 9
25
202 6 2 3 2 1 3 9 8 2 2
296 2 2 10 7 2 9 7 10 3 4
378 6 2 2 1 9 3 8 9 8 9
424 9 6 10 5 10 9 6 6 6 8
292 10 9 9 6 5 1 1 2 5 7
390 6 7 8 5 3 2 9 8 10 8
319 6 4 2 8 4 9 5 5 3 7
320 10 1 9 2 8 6 6 3 4 5
329 9 5 6 8 5 10 4 2 3 8
270 10 4 3 9 2 3 5 6 6 2
352 10 4 9 2 6 9 5 1 9 3
233 3 7 2 3 4 2 9 3 1 2
313 8 3 8 2 2 10 9 4 8 1
310 3 6 3 1 6 5 6 3 4 10
305 7 7 2 4 9 9 3 3 3 4
378 6 4 4 4 10 8 1 3 9 10
365 7 4 6 4 6 8 2 6 10 7
285 6 6 9 9 2 3 4 6 3 7
244 2 3 9 2 3 5 5 1 3 8
411 10 5 4 8 7 2 10 4 9 6
395 8 5 5 10 10 1 4 4 10 4
426 4 5 5 7 5 7 9 5 10 10
355 3 7 9 1 8 6 4 6 7 9
348 5 8 1 4 9 2 8 5 6 3
359 9 9 2 1 10 6 2 5 6 7
25
284 4 4 5 2 10 3 2 2 1 10
317 1 6 8 6 3 6 7 9 5 7
248 6 1 6 3 4 4 3 7 6 3
321 10 1 7 4 10 5 3 1 6 4
275 9 7 9 2 6 4 1 3 6 1
285 2 7 2 1 2 6 5 7 4 9
299 6 4 3 1 7 9 8 2 2 6
324 9 4 7 7 6 8 1 9 4 7
290 4 4 8 2 4 3 5 6 7 7
280 5 1 8 3 7 2 3 10 8 2
340 4 9 4 10 9 7 8 5 1 3
273 4 1 7 5 1 10 1 3 10 3
239 8 3 4 8 1 1 2 9 6 4
362 5 9 3 9 5 5 9 3 10 1
245 5 9 6 5 1 9 2 5 2 4
279 7 7 10 4 5 2 4 3 2 6
301 7 10 3 9 1 3 2 7 8 4
365 2 5 8 7 6 2 6 9 8 9
356 7 2 1 5 8 5 4 8 6 8
267 7 6 4 2 1 8 4 8 6 5
365 8 1 3 10 5 1 9 3 7 10
345 5 10 10 4 9 7 2 2 3 8
391 5 8 7 5 7 7 10 4 10 1
318 9 1 3 1 4 10 8 7 4 6
305 5 6 2 10 4 5 3 3 2 10
25
359 7 1 9 10 1 3 10 8 6 8
285 4 7 1 6 8 1 5 10 2 5
328 9 1 10 3 6 1 9 10 2 9
286 9 1 1 5 2 5 4 8 3 10
293 4 7 9 2 8 2 5 6 3 6
365 5 2 5 8 6 6 7 10 9 2
319 9 5 7 9 6 1 2 6 6 4
426 9 4 7 1 6 7 7 7 10 9
314 5 8 7 7 1 7 7 3 2 9
348 1 6 6 3 3 7 8 10 9 4
342 2 7 7 2 3 7 9 3 8 8
370 6 8 2 4 9 8 3 6 10 3
354 4 1 9 1 10 3 7 4 9 4
329 3 10 7 9 2 5 10 9 4 5
256 2 1 9 4 6 5 3 2 8 3
304 8 3 3 10 5 3 10 4 3 2
327 2 6 5 5 7 1 5 5 7 7
312 10 4 10 7 2 8 7 7 7 1
286 7 3 7 2 3 3 4 5 8 6
401 10 7 10 10 8 4 1 3 10 5
343 5 5 5 5 7 7 5 1 4 9
251 7 5 10 6 1 3 9 4 3 1
305 1 1 6 10 5 3 2 8 5 10
409 9 9 5 9 5 9 5 5 8 6
387 6 3 8 5 7 8 8 4 8 6
25
270 10 1 6 3 10 7 4 3 1 3
378 4 9 8 10 10 7 1 5 6 6
224 2 6 9 4 1 4 7 7 1 4
288 9 7 7 6 3 8 2 5 4 5
327 6 4 3 4 8 7 2 9 9 1
363 4 5 9 8 4 2 10 4 7 7
391 2 1 8 10 10 7 4 4 8 7
352 9 8 7 6 8 7 4 1 9 2
372 8 8 1 1 10 2 8 5 3 10
428 6 10 3 4 9 9 7 8 10 5
314 9 10 2 8 2 4 2 7 10 1
388 2 10 10 6 5 1 9 9 5 10
323 10 2 1 6 3 7 6 9 9 3
329 6 7 5 5 2 9 10 9 6 3
261 2 7 4 6 1 5 7 9 6 1
369 2 6 8 10 8 9 8 7 3 6
381 5 7 4 6 8 7 5 10 7 5
312 8 1 5 2 1 9 4 10 10 6
313 6 4 8 3 7 9 1 2 9 5
270 2 10 5 2 1 3 1 5 8 9
322 5 1 8 6 3 4 10 7 7 4
279 3 6 9 1 5 4 3 3 9 1
272 9 9 7 7 1 9 4 4 3 3
335 6 5 9 9 7 4 4 1 4 8
336 2 7 10 3 3 7 7 1 7 8
25
359 9 2 3 8 8 3 10 9 4 2
295 3 6 7 10 3 8 10 3 2 4
287 5 3 6 8 8 7 5 10 1 2
280 8 10 9 5 3 4 1 9 6 1
326 1 10 8 7 9 9 2 6 4 3
330 4 8 6 9 4 9 7 4 5 4
439 8 9 8 8 6 10 1 8 10 10
289 9 6 3 1 3 9 3 6 2 8
403 2 4 7 7 10 6 7 5 8 6
304 3 6 1 4 5 4 7 9 7 2
224 1 2 10 9 1 2 1 5 2 9
342 5 5 4 8 7 9 3 1 7 8
363 8 5 6 8 7 5 10 3 2 6
260 9 9 2 4 3 9 4 3 1 6
357 7 5 2 10 6 1 2 7 9 8
273 2 9 3 3 8 5 2 6 5 1
344 2 4 9 10 10 2 8 4 7 1
298 8 1 9 4 5 6 1 10 10 1
422 9 5 10 9 8 4 6 5 10 7
381 10 9 1 3 7 2 10 10 8 3
322 6 6 2 9 4 5 1 9 6 9
340 8 10 10 2 9 9 1 9 2 6
339 4 4 6 6 2 6 10 2 6 8
326 8 6 4 9 1 7 10 4 8 2
250 9 7 6 10 1 7 4 2 3 2
25
370 4 9 3 2 7 7 10 9 3 9
280 5 2 6 3 2 8 3 5 10 4
407 10 5 7 9 10 1 5 6 7 6
238 9 5 7 1 3 1 1 7 3 9
379 6 7 8 6 10 7 6 6 5 6
332 5 9 8 7 7 3 9 2 4 2
346 4 6 7 6 9 6 3 7 5 6
249 8 8 9 9 7 1 4 1 2 1
299 1 9 5 1 6 4 5 3 4 8
302 6 7 9 9 6 3 5 4 2 4
334 9 5 10 5 5 3 3 9 8 3
351 7 10 5 5 5 4 6 10 4 6
333 5 7 2 10 1 10 7 5 5 8
358 2 2 7 8 5 4 8 7 8 5
287 9 1 10 3 10 9 2 2 2 3
342 7 7 8 1 5 2 2 10 8 9
312 1 8 4 6 2 8 6 10 6 4
297 1 10 2 8 2 5 3 2 8 8
413 5 2 2 6 6 7 9 9 10 8
249 8 5 6 3 1 9 7 7 2 3
352 6 1 3 6 1 10 9 4 8 9
263 4 2 2 1 4 10 1 3 7 5
319 5 9 5 2 6 2 9 1 6 4
305 3 6 10 9 2 9 2 4 5 9
411 3 8 4 3 5 8 10 3 9 10
25
275 4 4 9 2 8 6 9 4 1 1
400 5 10 4 9 10 1 7 6 8 3
337 6 6 1 8 1 3 10 4 8 7
255 6 7 10 8 1 8 6 5 3 2
335 5 7 6 2 7 8 9 9 5 2
310 9 4 10 1 10 8 4 7 1 5
388 4 8 9 3 10 4 4 7 7 7
284 9 6 2 1 6 1 7 5 3 4
417 8 1 9 10 9 2 6 7 7 9
298 3 2 3 8 3 7 5 1 7 8
269 8 2 2 7 5 7 1 1 1 10
281 5 3 9 2 5 6 5 5 6 2
303 7 5 9 6 2 1 8 4 3 9
354 4 4 6 4 8 1 8 9 5 9
236 5 9 3 7 2 7 5 1 4 1
379 8 6 3 6 9 10 2 1 8 9
344 6 7 5 8 9 3 1 1 10 5
252 3 2 7 4 7 1 2 2 3 7
286 6 9 8 8 1 6 5 9 5 1
357 3 8 7 1 5 9 7 10 4 9
293 3 10 1 1 8 6 6 6 6 1
348 8 5 6 3 5 9 1 10 9 7
252 3 3 8 4 1 9 2 8 6 3
374 9 4 4 8 6 9 10 9 2 5
299 2 2 9 3 7 4 7 4 7 2
25
308 8 7 2 1 4 10 9 3 6 2
286 8 6 2 1 6 4 8 9 1 5
218 5 3 7 5 2 1 6 4 1 5
384 5 5 10 10 4 9 10 9 2 7
356 2 10 7 5 8 3 4 9 9 4
260 5 2 8 5 1 8 7 4 5 1
222 9 1 3 1 5 7 5 7 1 2
338 4 2 10 9 5 8 9 1 4 7
419 10 3 9 10 10 3 9 5 4 9
286 6 9 5 5 7 6 4 4 3 1
302 10 6 1 4 9 5 2 7 3 5
256 6 4 9 5 3 3 4 10 6 1
368 9 4 8 2 4 4 3 10 10 9
414 8 3 6 4 6 10 9 1 10 8
409 5 8 8 8 9 10 8 7 2 7
283 1 10 3 9 6 3 2 9 7 1
339 7 2 6 3 6 1 10 1 10 4
181 1 6 4 5 2 5 4 3 1 3
295 6 1 6 7 5 9 7 10 1 4
337 3 6 1 5 10 5 3 7 9 1
350 9 3 3 6 8 3 8 2 10 1
362 7 3 10 7 7 3 5 8 3 10
299 8 9 7 2 1 7 3 6 5 7
293 2 8 8 3 6 4 5 3 7 3
333 6 1 10 6 6 10 2 5 5 7
25
276 2 6 9 7 3 1 5 4 2 10
269 6 3 4 2 7 6 7 3 3 2
428 8 7 2 8 8 7 7 7 7 8
342 2 9 4 4 10 6 2 4 5 9
306 7 5 4 7 1 9 7 1 9 1
359 2 5 2 6 8 5 5 6 9 6
244 10 2 2 9 1 2 6 7 1 7
304 7 4 3 1 2 6 8 4 8 6
205 7 6 7 9 5 1 1 3 1 3
207 4 2 6 4 1 8 1 2 5 3
383 1 10 6 5 10 10 9 5 2 7
413 4 10 7 8 9 9 5 4 5 8
395 8 8 6 8 10 7 4 5 4 10
253 2 5 2 3 5 9 4 4 1 6
298 5 3 4 3 9 2 10 9 1 4
382 10 7 2 7 10 9 9 3 3 5
340 8 4 6 6 8 2 4 1 7 6
406 8 10 1 8 1 8 10 6 8 10
271 2 9 3 2 5 5 1 7 3 9
363 6 6 1 4 6 5 10 2 7 5
215 2 4 4 3 1 1 7 2 1 9
342 3 7 9 6 9 3 5 6 6 6
329 3 5 10 1 6 9 6 2 5 7
409 10 5 7 3 8 8 6 10 6 10
314 2 7 6 9 4 9 8 3 7 1
25
290 8 4 5 3 6 6 8 3 4 2
356 7 4 8 6 10 4 9 1 1 7
346 9 5 6 7 6 7 9 1 2 7
428 6 8 4 3 8 10 8 5 8 8
255 4 5 3 6 1 6 6 7 5 1
339 9 3 2 1 4 9 7 10 8 4
366 5 5 3 8 1 10 9 8 8 7
290 10 2 9 6 2 1 5 8 6 4
326 6 1 2 2 5 9 8 5 7 5
297 9 4 7 5 4 5 2 7 4 8
344 10 7 2 9 10 3 5 3 7 1
313 2 7 10 8 2 7 4 8 5 7
378 2 2 4 3 10 10 9 6 8 5
360 10 4 10 1 9 1 8 5 8 4
239 5 6 3 4 5 3 6 9 2 1
272 8 9 1 6 5 3 8 6 1 1
222 5 5 3 1 9 3 4 4 1 1
244 5 2 6 6 2 2 2 6 7 4
336 7 4 1 8 8 1 8 8 6 2
303 3 1 9 8 10 7 4 8 2 3
298 8 9 9 4 1 4 5 4 2 10
231 1 3 9 9 5 10 3 2 1 2
417 5 2 8 4 9 3 10 8 9 6
302 3 10 1 4 1 7 9 1 6 4
279 5 6 9 9 5 8 1 5 3 5
25
287 1 6 2 8 10 3 3 1 3 6
397 10 2 3 10 10 4 8 1 6 7
230 8 5 1 5 10 3 2 1 1 2
361 5 9 7 4 9 5 5 6 9 3
302 10 1 2 3 4 8 8 2 8 1
280 4 1 6 7 3 3 8 8 4 3
340 3 5 1 9 8 10 9 6 3 1
204 6 3 4 8 1 4 4 4 3 2
347 4 7 3 2 9 6 9 6 2 6
350 7 8 6 8 9 5 4 4 2 7
253 6 2 2 2 1 8 5 6 5 6
291 9 5 6 7 1 7 6 6 5 2
325 9 10 8 7 3 5 4 4 2 8
381 8 4 2 5 8 4 9 1 7 6
320 1 7 6 6 6 5 10 1 1 7
240 8 7 5 2 3 4 1 3 2 8
287 2 8 4 4 2 9 2 5 9 4
281 7 1 10 6 9 4 2 1 8 1
339 6 8 4 8 4 10 2 3 4 10
315 9 5 6 2 8 3 5 3 4 6
327 9 5 1 9 8 1 5 10 7 2
335 10 2 8 9 5 9 3 9 8 2
321 5 6 7 10 4 4 6 4 10 1
322 5 10 1 4 6 3 10 5 4 2
231 3 4 5 7 2 3 2 5 5 4
25
238 1 9 9 4 3 9 3 7 2 2
286 3 4 7 9 9 5 1 5 1 6
317 4 9 2 4 5 7 6 3 8 4
406 5 8 7 5 10 6 10 10 7 1
292 3 6 7 6 7 9 4 2 2 5
244 8 4 1 7 3 1 2 8 3 5
400 1 4 6 10 7 7 9 8 10 5
234 8 10 6 7 3 7 3 3 2 1
289 9 6 1 9 6 3 1 7 7 3
386 10 7 1 2 10 8 9 4 8 2
286 5 5 7 4 1 1 9 1 7 7
231 2 7 2 9 4 1 6 3 2 4
293 6 3 3 5 2 1 1 4 10 8
285 10 2 5 8 3 3 6 1 3 8
443 8 8 5 10 9 8 6 6 6 10
425 7 6 7 5 5 3 9 9 10 9
299 2 8 5 10 1 1 10 1 5 7
266 2 2 6 1 4 1 7 5 2 10
424 7 7 7 9 7 8 7 10 10 2
246 8 3 1 5 2 4 9 6 3 2
335 7 8 3 4 3 5 9 1 7 5
464 7 5 6 10 6 10 10 9 7 9
439 5 9 3 8 10 2 6 3 9 10
240 2 1 6 10 2 6 3 9 6 2
276 1 2 1 4 8 4 5 6 6 3
25
242 2 6 3 8 4 6 9 2 1 1
244 2 6 8 3 4 8 2 3 7 2
313 9 2 7 7 8 3 10 7 3 1
384 10 8 7 8 8 2 2 5 6 9
360 8 2 7 9 6 10 4 9 4 8
317 10 1 4 4 6 9 6 8 7 2
319 2 4 10 3 6 3 5 6 9 5
271 2 8 10 8 2 6 4 9 3 5
416 8 3 6 1 9 9 10 9 7 7
291 3 3 10 1 7 7 5 9 4 3
287 8 2 9 9 8 3 5 2 3 4
372 7 7 9 4 7 4 3 3 9 8
404 7 8 10 5 6 2 7 9 7 8
322 9 6 9 1 1 5 10 9 7 2
371 4 7 8 9 10 9 9 5 3 3
354 4 9 8 5 9 7 3 9 6 2
350 3 2 7 6 5 4 5 10 8 8
248 6 2 6 4 3 2 5 4 5 4
286 4 5 1 3 6 6 2 10 4 8
245 1 5 10 6 6 6 5 1 4 1
315 3 2 2 3 3 10 10 6 7 2
272 4 1 6 9 6 4 1 10 3 5
233 9 7 4 9 6 6 1 4 1 2
359 4 3 4 10 7 6 1 5 9 10
436 7 9 6 10 9 5 6 7 6 9
25
367 1 4 4 9 5 10 5 9 6 9
282 10 7 5 1 7 2 8 6 1 4
385 4 1 7 7 9 9 10 7 2 8
370 4 5 4 8 7 8 9 1 9 4
391 3 8 1 6 8 10 5 1 8 8
341 2 4 6 8 6 1 9 1 6 9
333 8 9 6 10 1 9 3 5 3 10
227 6 1 5 8 4 1 1 2 1 8
239 2 5 4 3 6 6 6 5 3 2
290 10 3 6 3 10 2 2 3 8 1
313 5 4 8 4 6 6 8 6 2 6
387 1 7 3 2 10 8 8 8 9 3
265 5 2 3 1 10 9 1 5 3 5
364 6 6 1 7 7 3 10 9 6 3
278 1 7 8 8 8 1 3 4 4 3
268 9 7 5 9 1 8 6 1 3 1
277 5 8 2 6 1 10 7 6 2 6
378 10 7 7 4 5 4 9 5 5 8
329 8 3 1 4 6 6 4 8 7 5
406 10 6 10 7 2 8 3 4 10 10
380 8 5 3 8 8 3 4 6 8 8
422 5 7 9 1 9 10 9 10 5 8
227 6 2 8 6 4 3 7 7 2 1
329 3 2 2 3 9 4 6 6 6 6
270 5 10 8 5 6 6 1 5 2 4
25
362 7 5 1 8 8 2 8 10 8 3
369 1 10 3 2 7 8 9 9 6 7
338 10 3 9 8 8 3 1 9 10 2
235 9 3 8 2 4 2 2 8 4 4
242 3 3 8 5 9 1 3 3 4 1
335 7 4 2 5 6 9 9 5 8 1
272 5 9 4 1 9 6 4 6 4 1
205 4 10 1 5 1 3 5 3 1 4
358 8 3 1 2 8 8 5 3 10 3
231 1 1 4 4 1 4 3 5 5 8
297 3 2 7 2 1 7 10 2 10 2
330 5 6 8 10 6 5 7 2 5 2
454 10 7 6 8 8 9 8 7 4 10
396 3 10 10 6 6 3 8 7 6 9
268 4 4 3 8 2 4 9 6 4 3
306 7 5 4 3 8 6 6 2 1 8
316 4 10 7 4 1 4 1 4 10 9
415 10 5 9 7 8 6 7 10 6 7
245 2 7 9 10 5 3 2 2 4 2
311 4 6 2 9 1 5 8 4 6 6
236 5 3 10 7 5 2 2 5 4 2
189 3 2 8 7 1 6 3 5 4 1
306 1 8 9 10 5 10 3 3 6 3
457 3 10 8 7 10 8 5 7 8 9
365 5 2 7 8 6 7 3 9 8 7
25
349 2 8 4 4 6 3 6 1 10 7
310 3 2 6 4 2 6 10 6 7 3
353 2 3 9 2 10 8 6 2 5 7
411 7 10 9 3 9 1 6 4 10 6
334 9 7 7 7 5 7 8 10 1 6
382 9 9 2 1 9 2 4 10 9 5
344 1 1 5 10 5 2 8 3 6 9
293 7 10 2 10 4 5 8 3 2 2
397 7 8 6 7 5 4 3 4 10 10
352 10 10 7 2 4 6 4 7 6 8
287 4 9 3 7 3 4 3 8 5 4
245 4 1 6 8 1 5 3 3 1 10
331 6 5 1 3 9 8 5 9 5 2
313 10 2 6 8 5 2 4 7 3 10
241 2 9 8 3 5 7 2 1 2 7
265 7 9 3 1 1 10 5 3 5 3
308 6 4 7 7 5 7 8 7 3 2
350 4 10 1 9 2 6 5 2 10 7
276 3 5 4 5 7 5 5 5 2 6
354 10 10 6 7 10 1 5 10 4 3
418 9 3 8 6 9 2 10 3 10 6
451 10 2 6 9 10 9 10 10 5 5
241 7 3 3 5 1 8 3 1 8 2
342 10 8 1 7 9 5 1 2 9 3
214 2 10 6 1 1 2 3 10 1 7
25
359 1 2 5 7 9 9 1 6 8 7
377 5 10 3 6 9 4 10 3 1 10
327 2 2 6 6 8 8 7 1 4 8
314 10 9 4 3 8 1 2 6 5 6
265 8 4 10 6 1 5 5 5 7 1
277 5 7 4 7 6 2 1 2 7 3
358 2 9 7 10 10 2 2 10 5 7
285 1 3 6 3 7 1 5 9 8 2
285 2 1 10 5 5 2 6 10 4 7
340 1 10 1 6 3 7 9 6 8 3
469 8 8 1 8 10 10 9 7 6 9
305 10 7 10 7 2 9 6 3 2 7
406 2 5 9 8 9 4 10 10 9 3
310 2 4 6 7 2 8 5 5 10 5
290 2 8 1 4 2 9 7 7 1 8
407 7 9 8 6 5 9 7 3 8 8
329 7 5 4 8 10 2 6 1 6 2
165 5 5 2 4 2 3 2 7 1 1
392 7 9 6 6 10 4 9 1 7 2
326 8 7 1 3 3 9 8 1 3 10
367 5 5 6 4 5 6 7 1 8 8
224 5 1 5 8 7 2 2 4 4 1
255 3 3 5 6 8 1 2 2 5 6
324 4 5 5 5 3 1 7 10 8 5
358 5 9 10 5 5 3 6 8 5 8
25
386 5 3 5 8 9 10 9 2 7 5
300 5 2 10 5 10 4 5 3 4 2
313 6 1 3 4 10 6 4 3 9 2
435 8 7 10 10 10 9 4 10 7 5
312 3 3 3 3 3 8 9 6 4 7
486 9 8 4 10 10 4 9 8 10 6
248 10 5 7 8 5 6 1 4 1 5
302 10 6 5 3 4 2 5 2 9 1
410 10 3 3 6 7 6 8 1 9 10
313 6 1 8 9 9 1 3 3 4 9
395 4 5 4 6 10 6 1 10 8 9
253 10 1 4 2 1 10 6 3 4 3
357 5 7 1 7 2 5 5 2 10 10
287 7 3 9 1 7 6 6 9 2 3
321 2 10 5 10 7 10 1 9 6 1
410 7 6 10 7 7 10 6 2 7 9
383 8 10 8 8 8 3 7 7 6 2
337 7 7 1 7 3 2 4 2 8 9
495 10 10 7 6 10 4 9 2 10 9
272 2 2 2 1 4 3 4 7 8 6
231 10 8 3 6 1 4 6 1 2 2
380 3 3 3 1 9 10 7 8 4 10
228 1 3 7 6 3 9 1 7 3 4
214 5 7 4 4 1 4 3 3 2 5
452 8 7 2 10 10 10 10 2 9 5
25
262 2 9 8 5 4 8 4 3 1 6
389 9 7 7 9 5 5 6 8 8 5
459 7 7 3 6 8 6 7 8 10 9
324 8 4 6 9 2 6 10 8 5 1
237 7 6 9 4 3 10 3 4 2 2
401 3 1 2 3 10 9 9 5 6 10
392 10 4 3 7 3 9 9 6 6 9
367 2 6 8 7 4 7 9 10 8 2
283 2 8 4 10 9 6 2 1 4 2
397 7 10 6 7 9 5 7 3 7 6
301 6 5 1 3 10 7 6 3 4 3
185 1 4 5 9 1 3 4 3 3 2
312 1 6 1 6 7 2 10 2 6 3
322 2 10 2 8 2 5 7 1 5 8
290 2 9 10 7 1 7 3 6 8 4
311 7 3 1 7 7 10 4 9 6 2
359 9 5 8 10 9 4 7 5 4 4
256 2 3 10 8 7 4 2 8 1 5
243 1 1 8 4 3 6 3 4 9 2
331 2 6 5 5 9 9 6 1 4 6
434 9 10 1 10 9 4 7 3 5 10
189 6 9 2 1 3 4 1 5 3 1
238 3 9 4 5 3 1 5 6 4 2
346 1 5 8 6 10 5 3 5 8 3
341 9 6 9 2 2 1 1 8 10 10
25
270 5 2 8 10 2 9 7 1 5 1
275 5 1 8 6 1 8 6 3 7 3
356 7 7 5 10 7 5 5 7 4 7
242 5 5 6 9 5 6 3 6 2 1
441 2 10 7 7 8 6 9 8 9 7
357 9 9 10 4 7 4 1 5 6 10
294 4 2 7 8 5 7 3 5 5 7
252 5 8 6 6 2 9 4 2 5 2
255 3 5 2 3 3 9 1 5 10 1
280 6 4 9 4 6 9 1 8 2 7
270 5 8 8 10 3 3 8 5 1 1
327 5 8 7 5 9 5 9 7 1 1
347 7 8 8 7 2 10 2 6 9 6
293 1 2 5 4 6 3 10 6 5 3
386 9 2 9 5 3 2 8 7 10 9
209 5 4 8 4 2 5 3 8 2 3
298 2 1 7 2 9 8 3 3 3 10
306 7 9 7 4 3 1 4 4 8 7
362 7 9 1 8 1 6 10 8 6 7
229 7 3 7 5 5 1 2 1 2 8
325 4 10 4 5 5 8 7 1 6 4
301 4 8 4 8 7 1 2 8 3 6
248 10 2 9 4 1 5 1 3 2 10
271 10 2 4 7 4 2 3 2 4 8
286 3 7 6 5 9 6 5 6 2 3
25
409 10 6 1 8 9 7 5 3 9 7
306 7 2 7 3 1 6 10 2 10 1
446 9 4 8 8 9 6 9 2 9 6
333 9 9 2 8 8 10 4 7 3 2
332 6 7 8 4 9 10 5 6 3 2
299 8 5 2 9 1 6 9 2 4 6
355 4 9 9 1 7 7 6 1 8 7
344 9 5 7 6 8 2 7 3 3 7
269 2 8 7 5 1 9 10 2 5 1
321 10 5 1 8 5 6 1 2 10 2
257 4 4 9 8 2 7 4 1 5 4
411 7 10 7 7 7 1 5 6 8 9
310 8 5 6 6 3 5 4 6 8 3
369 10 9 3 10 10 7 6 8 2 1
414 9 5 10 2 10 9 9 10 9 1
316 7 5 4 8 4 5 2 10 8 3
337 10 8 2 5 5 8 5 8 4 7
355 8 2 7 2 4 10 6 6 6 9
398 1 4 5 9 10 8 10 5 2 9
329 7 10 3 10 2 7 3 3 6 7
306 6 9 10 7 4 3 7 1 6 1
360 2 8 8 10 5 6 5 9 3 10
293 8 2 10 9 1 10 3 8 4 7
385 5 3 3 1 4 7 10 4 8 10
304 7 6 5 10 3 9 10 5 1 1
25
400 5 8 7 1 7 9 2 8 10 9
365 6 5 2 3 8 3 9 2 8 5
196 3 4 6 8 1 9 3 6 2 1
245 8 1 5 2 4 1 4 7 2 7
323 6 5 3 1 10 1 9 6 1 8
437 3 8 10 2 7 5 9 10 10 7
343 3 9 2 3 5 10 10 2 7 4
236 2 5 1 5 2 5 4 10 6 2
439 10 8 6 6 10 10 4 6 7 9
302 10 10 6 10 3 9 3 2 5 3
304 1 5 9 4 6 10 6 6 5 4
291 4 3 4 6 3 1 6 9 4 9
331 5 1 6 10 5 10 9 7 4 4
412 7 3 5 9 10 4 1 5 10 10
444 8 7 6 9 10 9 10 5 2 9
321 6 8 10 3 1 5 4 10 6 7
288 6 5 1 8 7 9 1 7 2 6
326 4 4 4 9 1 2 10 2 7 6
300 6 2 6 7 1 3 6 8 5 10
386 10 3 1 3 8 10 3 10 8 7
449 4 10 6 8 10 8 2 2 10 10
392 8 2 6 5 7 2 8 7 7 9
245 3 10 9 9 2 5 2 1 1 6
272 8 2 5 2 6 1 9 9 3 1
284 3 4 1 7 2 7 7 8 3 8
25
399 10 3 4 9 7 10 2 7 9 7
319 2 8 4 10 5 1 6 7 6 4
317 8 9 4 3 6 9 9 4 1 3
302 1 2 9 4 2 6 10 5 3 10
279 6 1 1 1 2 8 6 6 8 4
276 7 6 10 1 1 8 3 7 8 1
302 10 8 8 4 2 8 10 9 2 2
310 9 1 1 3 10 10 5 6 1 4
364 2 4 4 8 8 9 8 3 2 9
347 9 6 2 3 10 1 3 4 5 10
337 4 2 10 9 2 6 5 10 6 9
363 7 6 6 9 7 8 2 1 10 3
315 8 9 10 2 6 3 3 6 6 3
326 5 8 7 7 4 1 1 4 10 8
373 2 10 2 6 6 10 7 10 7 5
359 5 8 8 9 9 3 9 2 4 2
285 5 3 2 7 8 1 2 2 3 10
370 9 1 9 1 6 9 8 10 5 8
470 6 9 9 10 9 7 9 8 10 4
373 6 2 2 1 5 8 9 10 9 7
347 7 4 9 7 1 4 8 1 8 9
344 5 2 9 7 8 9 3 5 9 4
416 1 10 1 9 10 9 10 5 4 9
323 9 2 5 4 5 9 3 4 6 6
387 8 2 3 9 7 9 9 7 6 5
25
251 1 6 2 8 3 2 4 2 3 10
253 6 6 8 6 8 5 1 5 2 3
321 2 5 5 1 9 8 9 10 1 5
295 5 3 5 7 8 7 2 3 3 8
269 3 4 2 2 9 4 5 3 7 1
344 9 10 5 9 4 4 8 7 5 4
263 10 8 1 5 1 5 6 1 1 7
261 7 1 8 4 4 1 2 3 4 9
351 4 4 6 1 7 4 5 5 9 7
262 9 3 8 1 6 10 2 7 2 3
330 6 4 8 5 4 2 5 2 7 10
358 6 6 4 3 10 9 8 2 3 6
417 9 8 4 10 9 4 9 4 2 9
347 3 1 7 4 9 5 10 2 8 1
335 5 8 9 4 1 4 7 2 9 8
279 1 7 7 4 5 9 4 8 5 3
302 9 9 2 9 1 7 3 5 6 5
331 7 6 8 8 8 7 4 9 2 6
327 2 10 9 9 4 3 1 2 10 6
401 8 3 8 10 5 7 9 1 7 9
400 7 3 7 1 8 6 6 3 9 9
311 8 1 9 1 10 6 5 9 5 1
333 1 5 1 4 10 7 7 5 7 3
336 1 8 7 3 7 10 6 1 5 8
284 5 10 3 8 1 10 2 5 1 9
25
277 5 1 1 4 5 6 3 1 9 6
320 1 10 1 6 2 10 7 10 5 5
379 10 2 2 1 4 9 9 2 10 9
291 3 5 5 2 4 8 4 3 5 7
375 7 2 4 9 9 3 5 5 8 5
347 10 6 2 3 6 8 7 7 1 10
481 7 10 9 8 10 9 7 8 7 8
306 1 5 2 6 4 10 5 5 4 9
306 9 9 8 3 1 6 6 7 7 3
364 5 9 9 8 1 3 7 10 6 8
291 5 5 7 3 4 8 5 2 3 10
325 9 7 8 7 8 5 5 3 4 2
323 3 7 6 10 1 2 9 6 4 10
296 5 1 10 2 7 2 8 3 3 6
356 3 8 1 6 7 7 3 6 7 10
336 8 9 3 2 8 7 10 3 4 3
269 10 2 3 2 10 4 5 2 3 3
185 3 1 3 1 2 8 1 9 4 4
306 2 1 5 7 6 9 5 5 8 3
307 5 7 6 8 4 4 2 7 6 8
316 1 8 6 2 5 8 2 8 5 9
298 4 2 9 8 1 9 5 7 3 10
257 8 1 6 1 10 6 5 8 1 1
334 7 5 1 1 2 8 10 9 4 7
296 2 4 5 6 7 7 2 1 10 1
25
325 3 6 6 9 1 9 9 3 4 7
288 10 6 1 3 1 4 7 4 5 6
296 9 8 4 2 3 9 10 4 1 4
343 6 7 3 4 5 5 6 5 4 9
243 9 6 8 7 5 2 2 6 1 4
416 7 9 3 10 8 1 10 9 6 7
415 7 4 6 10 7 9 4 9 8 8
225 1 1 9 10 3 4 6 1 3 3
234 5 3 8 4 2 4 1 10 7 2
395 4 5 4 9 8 8 9 7 9 3
309 10 10 4 7 8 4 1 10 1 6
331 9 6 6 4 10 5 4 7 5 1
310 3 3 5 10 2 2 4 3 7 10
314 5 3 3 6 2 6 7 6 5 9
220 7 4 8 1 7 6 2 2 1 1
291 3 10 2 9 5 3 5 2 7 3
396 8 9 9 3 10 7 2 6 6 9
257 8 8 7 2 10 4 1 4 3 1
215 5 7 5 3 2 10 1 1 3 5
335 6 4 5 10 7 1 8 4 5 3
262 3 4 6 2 5 2 9 7 1 5
332 4 6 4 3 8 4 7 6 4 8
380 9 2 8 6 9 10 1 6 8 8
367 8 5 5 2 10 4 5 4 9 6
345 4 10 1 4 6 5 6 9 6 6
25
308 6 2 8 9 4 1 2 5 7 8
249 5 7 7 5 6 6 1 1 4 2
273 8 6 1 5 4 3 1 8 6 4
287 7 4 8 10 2 10 2 1 8 3
340 9 6 4 2 10 1 4 9 5 7
219 6 8 9 7 3 1 3 5 1 1
316 5 6 8 3 3 4 5 2 8 9
328 8 6 1 7 1 9 6 8 8 4
355 1 5 3 3 7 6 8 8 6 8
299 3 1 3 3 4 8 7 5 10 1
292 3 3 6 4 1 4 10 6 8 1
469 9 9 3 1 10 7 7 9 8 10
360 9 10 8 5 7 5 6 10 1 9
340 3 3 10 6 6 6 5 4 7 6
280 10 6 1 7 6 10 2 1 1 7
392 6 4 4 2 8 7 10 6 10 4
279 5 7 8 8 5 3 1 7 3 5
321 7 8 3 1 10 3 5 2 1 9
343 7 4 10 7 7 1 5 1 5 8
382 10 6 10 1 8 3 9 9 5 5
333 4 8 7 1 4 4 4 8 8 8
366 8 5 8 6 4 10 10 5 8 1
355 2 9 9 1 7 5 10 4 3 9
367 9 1 5 10 3 2 9 9 9 5
294 2 8 10 8 5 2 7 6 2 5
25
225 1 10 7 3 1 3 2 1 1 10
276 1 3 5 1 1 9 3 9 7 7
337 2 5 4 5 10 1 5 10 5 5
342 4 9 2 1 9 8 2 5 6 9
274 2 5 10 2 1 7 8 6 5 6
407 3 1 2 9 8 5 10 10 7 9
441 8 7 9 3 8 9 7 7 8 9
287 7 4 4 2 1 5 6 10 5 7
340 4 4 1 9 3 2 10 1 7 7
359 9 5 1 10 3 9 7 1 5 10
304 4 4 4 8 4 4 8 6 4 5
463 10 10 7 9 8 6 7 7 10 5
344 9 7 3 1 5 3 4 3 9 9
382 2 8 3 5 10 8 3 4 5 10
336 3 6 6 6 7 10 8 2 2 8
324 4 4 2 10 10 1 4 10 5 3
306 9 5 5 10 5 5 8 3 2 3
394 3 5 4 6 10 1 7 6 6 9
248 5 2 10 10 1 9 3 5 4 1
288 1 7 7 4 6 8 4 7 6 1
419 9 3 3 7 10 9 8 10 8 2
324 3 5 6 4 4 5 10 9 2 8
378 7 10 9 6 10 2 2 2 8 5
289 4 2 2 1 8 6 3 7 5 7
302 1 3 5 8 5 1 4 3 9 5
25
319 10 1 9 10 7 2 2 4 8 1
241 2 10 9 1 5 5 4 3 5 1
263 1 7 1 5 1 10 8 2 2 8
247 1 8 5 6 3 3 1 6 7 5
292 6 4 8 1 4 7 1 4 6 8
265 8 2 7 4 1 9 5 10 1 5
338 8 1 2 3 8 10 4 6 5 7
425 8 6 9 7 8 9 10 10 6 4
279 3 8 4 9 10 2 1 1 2 4
293 1 5 2 6 6 1 6 1 8 5
253 7 7 5 2 4 3 3 3 5 5
262 10 2 1 10 6 9 4 5 1 1
323 7 1 9 6 2 8 4 10 3 10
406 3 3 3 10 8 2 9 4 10 8
366 8 4 10 1 9 8 9 2 2 7
370 9 8 10 6 6 9 7 5 2 9
245 2 5 2 7 3 1 8 7 4 2
270 1 3 4 1 9 4 7 2 5 2
328 5 1 8 3 8 9 2 10 8 2
255 5 7 2 5 1 10 3 3 5 5
288 8 3 10 1 5 2 5 6 2 10
321 10 4 1 2 9 5 4 8 1 8
337 8 5 9 3 2 1 10 5 5 10
312 1 7 6 7 1 1 3 9 8 9
362 7 8 8 6 8 6 4 5 6 4
25
272 4 10 3 10 6 2 6 5 2 3
382 4 5 7 8 9 6 7 5 3 8
383 9 2 4 8 10 9 7 2 5 5
406 9 8 3 1 5 4 7 9 8 10
353 9 5 1 4 6 5 8 5 7 6
298 6 3 10 6 7 4 5 6 4 4
361 4 1 6 8 10 8 7 7 2 9
412 1 4 4 9 7 5 10 5 9 8
287 2 3 1 4 1 10 7 3 5 10
290 5 10 2 2 3 5 6 3 2 10
327 3 5 6 6 9 6 2 6 3 9
287 4 2 9 3 4 9 4 3 6 5
289 10 8 10 8 2 2 1 1 9 1
397 10 7 1 2 3 10 6 3 10 9
323 7 6 2 4 6 1 1 1 10 10
243 4 6 4 6 2 2 1 10 2 10
405 8 10 2 1 7 10 5 1 10 7
285 10 6 2 4 6 4 5 8 4 2
414 10 10 3 10 10 9 5 8 6 1
391 5 8 1 7 1 10 9 8 9 8
291 7 3 9 2 6 8 6 2 4 3
306 5 6 8 6 2 9 8 5 2 7
348 6 6 5 1 8 8 7 10 1 9
324 9 8 7 8 10 9 1 6 1 4
318 1 2 6 7 8 3 8 9 6 1
25
309 10 1 2 6 4 7 6 4 3 9
325 1 10 10 2 9 5 7 8 3 2
242 2 2 5 2 1 5 10 5 5 2
321 5 5 6 3 1 9 7 8 9 2
351 8 9 1 10 1 10 3 7 10 4
359 4 1 7 1 7 7 8 7 9 5
400 7 10 8 10 2 8 4 6 10 7
302 1 4 2 5 6 6 2 9 7 5
229 1 9 10 2 2 1 10 4 1 4
251 8 2 2 10 1 3 4 4 9 1
301 2 2 7 9 6 3 5 3 2 9
406 6 5 8 5 6 2 10 9 8 7
291 7 10 3 9 2 2 4 6 2 9
436 2 4 8 2 7 9 9 6 10 9
315 1 9 6 2 5 4 5 10 5 7
377 3 5 9 6 6 7 7 10 3 10
345 10 2 7 8 2 2 9 5 7 6
455 7 3 4 7 10 9 5 10 9 8
269 3 6 2 3 2 8 3 1 9 4
343 6 7 8 4 7 2 3 10 8 5
250 2 4 8 4 2 6 10 1 3 2
434 8 2 4 10 4 9 10 2 8 10
274 10 6 3 8 5 1 3 3 2 6
321 3 6 7 10 2 9 1 9 6 9
371 4 5 1 4 9 4 10 6 3 8
25
394 6 4 6 6 4 3 6 10 9 10
350 1 10 8 5 3 4 8 5 8 8
317 1 7 4 1 4 7 6 6 6 10
343 8 4 2 4 3 6 7 1 10 7
353 3 3 9 6 3 7 5 10 10 7
365 5 8 9 4 6 7 5 3 10 3
310 2 1 6 2 4 8 5 7 6 9
307 1 2 3 10 3 7 2 9 10 3
246 8 8 7 1 9 10 1 1 1 2
329 4 5 4 2 6 7 6 10 4 9
354 7 2 5 7 4 6 7 9 9 5
389 10 9 2 8 9 2 7 2 7 5
265 8 4 1 5 4 5 3 9 5 3
360 3 3 3 9 7 4 3 9 6 10
217 2 6 5 5 3 10 2 3 3 2
289 10 3 6 8 7 5 2 2 3 7
277 9 10 9 7 1 4 4 5 3 4
340 7 6 1 6 4 10 5 2 6 9
343 4 3 5 3 2 10 2 10 10 9
419 6 10 4 9 7 6 7 8 7 8
320 7 2 2 1 7 4 4 8 10 3
376 7 7 2 6 5 6 6 9 10 5
381 7 5 7 4 7 2 3 8 9 9
318 9 7 8 8 1 7 3 4 7 7
365 9 5 7 8 3 8 6 8 5 9
25
321 1 9 8 6 1 3 8 10 9 4
221 2 4 6 5 3 7 5 4 4 1
336 8 5 5 3 10 9 6 2 3 4
253 9 7 7 1 1 1 4 5 10 1
306 4 2 4 9 8 8 1 3 3 10
286 6 6 6 6 4 8 2 4 5 4
331 3 7 8 4 5 3 4 4 8 8
271 9 10 5 5 3 9 6 3 3 1
287 1 1 10 7 7 7 6 6 2 6
229 6 1 7 3 1 5 2 4 2 10
420 10 7 5 7 9 9 6 7 5 7
367 7 1 2 6 8 9 10 5 6 4
379 9 9 8 9 9 8 8 3 3 2
239 7 2 4 8 5 6 6 9 1 1
324 3 9 5 9 7 1 8 8 3 4
361 8 6 2 9 9 6 3 8 3 9
341 6 1 5 3 10 8 1 10 10 1
387 6 9 1 4 7 10 9 4 3 9
290 1 5 8 7 7 3 2 5 4 7
341 1 10 4 7 5 6 2 9 9 4
288 9 7 10 4 10 2 4 9 2 1
351 5 6 1 10 10 9 2 6 3 7
315 9 2 6 10 9 10 5 8 1 2
270 4 4 7 1 3 4 8 10 7 1
297 10 2 2 2 1 3 7 5 8 5
25
328 2 9 5 9 10 4 2 10 5 2
221 2 1 10 6 2 3 2 4 1 9
404 8 7 4 9 10 6 4 2 7 8
383 8 1 2 10 6 1 2 9 10 9
278 4 8 9 3 5 5 4 9 1 7
298 6 3 9 3 3 2 8 1 5 7
337 4 7 7 2 5 10 9 2 7 4
346 9 1 4 9 1 8 10 1 5 9
282 4 4 10 9 2 3 4 10 1 8
307 10 5 4 9 5 10 2 9 3 5
248 7 4 2 9 2 8 1 1 7 1
338 1 6 6 10 8 7 8 4 3 3
400 9 7 1 8 5 10 3 8 7 9
165 4 4 4 2 1 1 2 6 1 6
256 7 6 7 2 5 4 5 9 2 2
264 1 2 8 1 2 7 2 9 6 8
411 4 3 2 3 10 5 5 4 10 10
341 8 8 3 9 8 5 5 5 5 2
367 7 6 9 3 10 10 6 1 2 8
400 2 5 6 3 10 3 9 1 9 9
256 1 5 4 7 6 1 7 5 1 4
210 2 8 2 1 3 1 8 2 3 2
273 4 1 2 2 7 9 1 6 5 7
342 9 6 7 4 2 9 6 4 8 6
383 2 9 9 6 8 6 3 3 7 10
25
283 7 8 4 5 4 10 1 3 1 9
379 10 7 6 9 5 7 5 8 10 3
274 1 2 5 5 1 2 4 4 10 7
315 3 1 8 9 10 9 8 2 3 2
268 3 10 10 8 3 1 3 1 5 4
323 9 2 1 9 4 9 8 1 5 5
387 9 4 8 4 7 5 9 3 3 10
361 5 4 10 6 1 6 6 9 9 8
238 9 1 7 2 1 6 7 6 5 1
297 6 4 5 4 10 6 6 9 1 1
365 9 9 7 10 4 9 5 9 2 9
338 8 6 4 7 6 7 7 1 6 3
169 1 8 3 1 6 1 1 5 1 2
389 6 2 10 1 8 10 8 7 9 3
241 1 2 2 8 6 7 1 8 4 3
390 5 7 6 4 10 2 10 10 8 3
235 6 4 1 9 4 6 1 7 1 7
356 6 7 10 8 3 3 3 9 6 10
346 1 7 1 9 3 7 5 2 9 9
413 6 9 2 8 5 10 10 6 6 8
433 9 10 4 5 6 7 8 9 10 5
364 7 9 8 3 8 3 1 6 9 8
291 1 4 5 3 6 6 10 2 1 7
364 3 2 7 6 7 9 5 5 7 10
270 2 3 7 6 2 1 2 2 8 8
25
265 3 3 8 3 7 4 7 4 5 1
265 2 3 6 8 6 2 4 5 2 6
234 8 3 6 1 3 1 4 5 3 7
293 3 7 3 8 4 10 1 5 7 4
284 9 1 1 6 5 9 8 6 1 4
403 2 8 2 10 5 1 10 9 10 5
292 6 7 5 4 3 7 3 6 5 5
379 2 2 5 8 10 2 4 6 10 7
346 4 10 1 9 9 2 9 1 2 6
368 7 10 10 5 4 3 3 10 9 5
208 5 7 9 1 3 3 4 1 3 1
349 8 5 10 1 3 8 6 7 6 7
382 7 5 6 2 7 4 10 2 8 8
341 1 4 8 7 7 7 2 4 6 10
406 9 7 7 5 9 7 2 7 7 9
241 7 2 1 1 1 2 3 5 8 5
400 7 9 4 9 4 6 3 7 8 10
359 8 7 1 5 6 2 7 7 10 2
298 2 5 3 2 10 5 5 8 4 5
347 1 4 9 2 9 1 10 8 7 2
288 1 9 5 2 6 2 7 4 1 9
345 9 1 10 8 6 3 3 6 8 5
300 8 7 2 7 1 4 2 6 10 3
260 3 2 2 2 6 9 4 7 3 6
346 3 10 3 8 5 10 1 7 6 9
25
275 5 9 8 7 1 9 2 2 9 2
298 4 2 3 1 5 10 5 10 3 9
246 4 6 8 4 4 3 6 7 1 4
316 5 9 5 5 3 4 9 2 3 9
273 7 7 9 2 5 1 2 2 9 1
299 6 5 9 7 10 8 2 2 1 6
321 4 6 2 8 8 7 9 9 1 1
356 9 3 5 10 9 7 5 8 6 3
292 3 8 6 8 9 1 3 7 5 2
246 4 3 5 7 4 1 3 10 6 3
372 3 3 5 5 4 5 10 7 6 10
235 3 4 1 10 2 3 2 6 2 10
291 7 6 4 1 3 4 7 7 2 10
401 9 7 2 8 7 9 10 1 7 5
344 5 5 5 6 6 7 6 6 7 4
307 3 4 6 8 1 3 10 10 3 7
366 4 2 8 4 6 2 7 5 9 9
232 4 2 7 6 3 3 8 9 2 2
307 5 7 8 6 9 7 1 4 1 7
356 1 10 6 2 9 9 6 2 5 6
399 1 9 9 8 10 1 7 8 4 10
271 2 8 10 3 8 7 1 5 4 3
312 10 4 8 9 6 10 3 4 2 5
340 2 9 2 5 7 8 3 4 8 5
285 7 6 8 3 9 4 5 9 1 2
25
309 5 6 2 3 6 7 3 4 8 4
261 5 9 1 5 4 1 7 4 6 1
368 4 8 1 9 9 4 1 3 9 9
363 1 2 9 4 8 6 5 4 10 8
219 1 3 10 1 10 1 1 3 1 4
449 10 10 7 3 9 1 10 9 10 6
180 1 2 9 2 2 5 4 1 6 1
436 9 5 8 9 9 7 3 5 9 8
358 1 8 10 5 4 8 5 8 10 3
357 1 5 4 9 10 8 6 10 7 1
224 7 1 1 10 1 9 7 5 2 1
253 8 3 3 6 4 10 1 6 2 6
296 4 10 2 10 2 1 9 3 8 1
256 3 6 4 1 3 1 7 2 3 9
397 10 4 1 4 5 9 9 6 6 10
329 7 10 2 3 6 9 5 5 2 7
241 2 9 1 5 5 7 1 3 4 2
281 4 9 8 2 9 2 1 3 5 3
309 2 5 9 10 2 8 4 6 7 4
301 6 5 6 5 2 8 3 1 7 8
277 1 1 4 1 1 4 7 7 7 7
266 1 4 10 1 2 8 4 4 4 9
322 2 2 10 7 3 8 5 8 7 7
402 6 8 10 8 7 7 2 5 7 9
287 7 6 2 2 4 9 6 4 3 4
25
239 7 4 10 10 4 5 3 5 2 1
290 5 9 3 3 5 3 6 9 4 4
255 1 2 1 4 4 5 4 8 7 2
349 10 7 3 5 1 8 7 2 10 6
353 9 1 5 2 7 9 5 9 8 4
363 2 2 8 4 7 9 8 1 6 9
266 7 6 5 2 9 3 3 7 2 1
293 3 2 5 7 3 10 3 2 6 7
332 9 10 7 1 3 9 8 1 5 7
382 10 7 8 6 8 7 2 10 6 5
255 3 10 7 6 1 4 10 6 1 1
385 4 8 6 8 10 6 5 4 9 4
287 7 2 1 1 9 9 8 1 2 2
251 10 1 3 4 2 5 10 8 3 1
317 3 2 9 1 8 7 1 7 10 5
343 6 1 9 4 2 8 7 5 7 8
333 6 5 2 2 7 3 4 10 8 6
364 2 4 8 6 8 3 7 6 6 9
257 2 7 7 8 4 8 1 2 5 2
351 5 4 7 9 9 4 3 9 5 6
351 8 6 3 8 1 8 8 1 10 4
275 3 8 7 5 1 10 2 8 4 6
345 7 8 2 4 5 3 5 4 7 10
443 9 2 9 8 10 10 4 10 9 5
263 4 9 3 1 3 7 2 1 5 6
25
247 7 7 1 5 1 3 5 6 6 2
378 8 6 7 1 9 4 9 7 2 8
219 1 6 1 2 7 9 2 5 2 3
312 6 8 3 2 8 9 1 9 6 4
393 9 3 9 7 8 10 4 8 5 7
278 4 8 2 2 2 10 1 6 6 6
359 1 9 4 8 9 8 1 8 6 6
264 2 10 2 3 5 1 2 3 7 4
233 3 5 2 8 1 5 8 1 1 5
264 1 5 2 8 4 10 1 10 5 2
378 10 7 8 10 9 9 2 8 7 1
342 9 8 9 7 9 1 1 10 5 4
210 3 4 1 6 6 4 4 6 1 1
263 2 1 3 9 2 2 10 4 4 6
412 7 9 1 8 9 6 9 5 8 4
299 5 1 6 6 3 6 9 1 7 5
378 1 1 9 8 8 2 6 4 10 8
327 5 8 7 4 5 7 10 8 1 4
296 6 3 5 2 5 9 4 9 1 10
313 2 3 4 3 5 7 9 1 4 8
307 10 8 10 6 4 1 1 9 8 3
214 8 3 3 3 2 4 3 2 3 5
423 10 7 7 9 10 7 4 2 8 7
305 1 6 6 2 7 6 4 5 9 3
388 1 9 8 10 4 5 7 9 5 10
25
273 8 6 3 9 1 6 1 8 9 1
371 10 5 9 10 8 7 10 2 1 5
324 9 10 6 3 4 3 7 7 4 6
340 10 2 5 2 9 1 6 4 10 2
302 10 4 10 8 8 1 4 9 2 4
350 7 1 9 8 9 9 3 6 6 4
293 7 5 9 3 1 9 10 8 5 1
281 10 10 7 7 2 4 5 7 3 3
317 3 10 1 8 7 3 1 7 5 6
269 10 4 10 5 7 7 1 9 2 1
354 7 8 3 7 1 8 10 9 7 5
287 4 4 4 2 1 8 3 4 8 7
298 6 3 6 5 7 6 9 5 2 2
263 9 5 10 4 5 7 4 4 1 4
250 4 10 9 1 4 1 3 10 1 8
249 10 2 8 1 2 5 10 4 1 3
436 6 5 10 1 10 7 9 7 10 5
264 7 5 3 6 6 1 3 3 4 6
320 10 5 6 9 6 7 6 2 3 3
432 7 2 1 4 5 9 10 10 9 9
339 5 5 6 3 7 3 7 3 10 2
358 7 10 9 2 4 3 6 7 8 5
268 6 9 3 2 7 7 4 8 1 1
368 9 2 10 10 6 7 8 10 1 8
363 6 4 6 8 9 7 6 9 2 9
25
349 1 9 5 1 2 4 6 2 10 10
373 2 8 3 6 6 4 8 8 5 10
298 2 6 6 1 3 9 6 4 7 7
356 9 5 10 1 4 6 7 5 8 5
354 5 9 10 1 6 6 9 5 3 9
334 5 5 8 2 4 9 3 9 8 5
323 5 9 2 7 4 5 1 8 8 5
409 9 2 8 4 7 10 6 1 10 7
273 7 3 4 8 4 7 6 4 2 4
439 6 6 2 8 9 6 8 6 10 8
307 5 7 9 3 5 8 7 1 7 2
304 6 2 6 9 4 7 7 6 1 6
288 2 6 5 1 5 4 6 9 6 3
242 2 4 4 1 6 3 6 1 3 6
404 3 8 3 10 10 7 8 8 5 4
277 6 4 1 2 8 3 2 6 6 4
221 8 1 8 6 4 2 5 4 4 1
264 8 4 2 1 8 4 4 8 3 1
376 6 6 9 10 2 4 9 6 6 9
381 8 6 3 9 7 6 1 2 9 10
353 3 7 1 9 3 4 9 6 8 7
298 6 8 8 5 3 5 4 2 7 3
372 9 4 3 7 2 9 9 10 7 4
287 7 3 4 7 2 6 9 5 1 6
373 2 3 10 7 9 6 1 8 9 8
25
281 7 9 1 6 4 7 7 8 2 2
345 3 3 7 9 5 6 7 10 9 2
322 5 4 10 9 9 6 5 1 1 7
391 9 5 7 4 5 1 9 8 10 6
317 5 1 4 8 5 6 6 9 4 5
326 1 8 5 6 6 2 1 8 10 7
370 2 2 4 3 10 6 7 10 6 8
413 10 7 9 1 6 10 6 10 6 9
341 7 9 3 8 6 4 7 7 5 3
317 8 6 7 10 5 9 6 3 4 1
288 8 9 3 10 6 7 1 9 1 5
247 5 3 4 3 2 5 5 10 4 5
287 6 7 3 8 2 1 10 9 3 3
354 6 3 10 2 9 8 7 8 4 4
388 9 9 1 10 6 4 8 8 4 7
260 6 2 8 8 1 10 4 2 5 4
405 8 9 1 10 9 1 1 8 7 10
293 1 1 1 7 7 5 4 6 7 3
424 9 9 3 5 10 2 7 1 8 9
319 9 3 7 7 6 1 5 3 3 9
323 2 5 8 5 5 3 10 6 5 4
315 10 4 5 4 9 6 5 1 4 3
336 2 7 9 3 10 7 5 7 4 5
383 7 9 5 2 9 8 9 2 7 4
301 7 2 7 8 4 8 2 5 5 7
25
314 2 5 8 6 3 9 9 8 2 6
384 10 5 8 4 7 6 9 9 2 7
301 2 6 3 2 7 5 8 3 1 9
333 7 9 3 1 3 8 3 10 9 4
339 2 4 3 5 10 9 6 1 7 3
210 5 3 1 1 5 2 2 10 1 5
357 5 9 4 4 4 2 10 1 6 9
316 9 7 10 2 5 1 4 10 7 4
318 7 4 10 1 6 6 2 6 8 4
240 2 4 8 7 6 2 5 2 4 1
455 2 10 9 9 3 4 10 7 10 10
291 6 9 9 5 3 7 9 6 1 2
436 10 7 1 10 8 2 9 4 10 4
285 4 7 1 6 4 1 5 3 6 8
439 10 10 4 10 7 2 7 2 9 8
377 8 10 6 5 5 9 5 6 10 2
333 7 5 10 7 3 10 7 9 2 6
240 3 8 9 3 2 7 8 2 2 1
284 4 3 4 4 7 3 7 8 2 6
267 4 10 3 9 4 4 7 1 2 3
321 2 4 4 9 3 2 6 10 4 9
369 4 4 4 6 3 3 9 5 10 9
354 2 2 10 4 7 8 5 1 8 10
280 8 2 1 10 4 5 8 3 3 3
464 9 4 9 10 5 9 10 3 10 10
25
324 4 8 1 7 9 10 7 7 2 2
375 2 6 1 2 6 7 6 4 9 9
351 2 4 2 2 10 7 6 3 4 10
319 3 9 5 1 9 2 9 1 1 10
340 7 3 5 10 10 3 6 2 6 4
414 5 4 9 9 2 10 10 9 7 9
359 9 10 10 1 2 8 6 8 10 1
269 9 2 5 2 5 4 2 5 6 6
323 2 3 10 7 10 7 1 5 3 9
358 6 4 6 3 7 9 4 7 8 4
258 1 7 10 8 3 9 5 1 5 2
286 5 9 9 1 6 4 5 8 5 1
170 1 1 4 1 4 1 3 8 4 2
309 8 6 9 2 1 3 1 5 9 9
243 2 7 1 6 8 2 3 2 2 3
279 5 1 6 2 10 1 3 6 4 5
273 10 8 3 3 2 8 6 8 3 2
331 9 8 2 5 4 4 3 3 7 10
307 9 5 1 5 1 2 6 5 6 9
266 2 5 1 5 7 1 7 5 1 8
364 6 3 8 9 9 2 2 10 9 4
311 7 10 4 1 1 10 4 10 2 9
490 8 8 4 8 10 3 10 6 9 9
344 10 4 7 6 8 7 5 1 4 7
323 3 6 10 5 5 6 9 2 5 4
25
349 7 6 9 9 2 1 9 8 9 1
289 8 10 2 3 1 4 2 2 9 6
321 1 10 6 6 8 1 6 8 4 4
415 9 2 5 9 9 10 1 4 8 10
284 2 9 5 1 7 7 1 1 7 4
269 2 3 1 2 4 6 5 9 4 8
300 7 3 9 6 6 3 3 1 7 5
307 6 3 5 6 7 2 9 5 3 4
345 6 2 5 4 6 5 3 6 7 9
303 8 5 2 7 7 2 1 7 6 4
355 4 7 8 5 3 10 8 10 7 2
339 9 5 5 10 7 5 5 8 4 3
284 5 6 7 1 7 3 3 9 6 4
239 3 3 1 9 9 2 6 2 2 1
332 4 5 10 7 2 9 4 8 10 1
316 6 6 8 3 7 5 8 7 2 4
401 9 3 9 10 8 5 7 3 10 4
324 8 10 6 1 5 6 1 1 8 7
352 1 8 8 7 10 1 7 9 4 6
412 10 9 5 5 6 3 7 7 6 10
249 2 5 9 9 9 5 1 1 2 2
271 2 9 10 10 6 1 5 1 3 1
332 1 2 9 5 8 5 8 1 3 10
339 8 6 3 7 8 8 1 8 8 4
380 5 4 7 4 10 10 3 10 9 3
25
360 2 9 9 8 1 8 10 3 10 2
260 1 4 4 10 1 6 10 8 2 3
417 2 9 2 3 9 4 10 10 9 4
233 1 6 7 8 5 7 1 2 4 2
316 1 6 10 10 9 2 2 9 7 3
391 6 6 9 6 9 2 5 7 6 8
424 5 5 5 8 8 4 8 10 10 5
441 5 3 3 7 7 9 10 10 8 9
311 7 8 1 4 1 7 8 4 6 5
412 8 7 8 9 9 6 4 6 6 8
358 4 3 1 3 1 7 9 8 10 7
326 6 4 1 3 5 7 8 8 2 10
331 4 6 2 3 10 10 8 8 1 5
335 3 1 4 1 10 1 10 4 7 6
359 1 8 10 10 4 3 8 5 9 5
351 8 8 6 10 7 5 6 9 2 5
216 6 1 10 6 1 5 2 4 2 6
351 6 8 3 5 6 10 8 10 2 5
292 9 3 5 1 1 10 10 5 4 2
336 6 4 8 10 7 1 9 2 8 1
358 9 8 7 5 8 5 7 4 4 4
232 2 6 1 4 1 6 3 1 4 7
377 5 10 1 8 9 2 6 3 7 5
290 10 6 8 2 10 7 4 10 1 1
282 1 10 3 4 9 6 4 2 3 3
25
365 2 7 2 8 4 10 8 9 5 8
240 5 2 8 4 7 2 3 1 4 2
208 1 2 7 1 3 2 8 3 3 4
316 9 7 3 5 1 6 5 2 8 6
335 7 1 6 9 1 8 8 8 4 10
420 7 9 7 6 7 7 6 6 10 7
339 8 10 4 3 6 10 3 10 8 1
280 3 4 9 3 5 6 5 1 3 8
332 6 7 9 3 3 10 10 1 1 9
461 6 4 5 9 9 7 10 7 9 9
236 1 10 3 3 1 2 2 5 7 6
382 3 6 6 1 9 4 8 9 10 5
328 10 3 1 2 5 1 10 1 8 4
332 1 10 4 8 1 8 5 5 8 8
370 4 10 2 2 10 5 8 2 8 2
319 1 8 5 1 3 9 9 7 6 4
286 10 2 10 3 5 8 3 9 1 6
333 9 9 5 8 7 4 4 6 2 6
270 2 1 4 6 2 2 5 4 7 9
307 9 10 8 1 5 1 10 3 1 6
214 4 4 10 3 4 7 1 4 2 5
381 4 10 4 1 8 10 6 5 7 7
333 7 8 4 2 9 9 8 6 2 4
344 9 3 6 9 4 10 4 5 7 5
325 3 7 4 5 8 5 8 9 6 1
25
249 8 3 5 5 4 9 1 1 7 2
287 8 8 8 2 1 6 1 6 8 7
326 9 3 3 4 7 10 7 4 1 7
295 2 8 7 9 5 5 3 7 2 8
370 9 5 2 10 4 3 10 8 8 3
404 2 5 7 9 10 5 6 9 5 9
303 3 3 2 9 6 7 6 3 4 5
434 7 8 7 5 6 10 6 7 10 6
329 2 1 8 7 3 6 9 9 9 4
232 6 1 2 9 6 3 2 7 3 1
350 2 4 6 4 4 10 9 3 7 6
393 1 9 7 6 9 4 9 9 3 9
423 9 2 3 7 7 8 9 3 8 8
398 2 8 1 7 4 10 9 10 7 8
320 8 9 1 9 6 2 3 5 7 3
316 4 8 7 4 4 9 3 10 4 6
376 8 9 3 7 10 7 3 10 8 1
264 10 6 5 1 3 1 6 6 3 4
224 3 4 6 10 1 8 1 2 4 3
322 9 1 5 6 3 5 6 10 9 3
264 9 4 9 8 2 2 3 5 3 6
272 5 2 1 3 3 2 7 7 3 10
327 9 9 6 5 3 10 10 5 1 3
316 1 9 5 3 2 9 9 8 3 6
319 8 1 5 1 7 8 9 4 2 5
25
325 2 2 1 4 5 3 3 9 10 10
330 10 4 1 4 3 1 9 8 10 3
292 5 4 7 4 8 8 2 2 8 1
333 9 2 5 10 2 10 5 2 6 9
292 4 9 10 3 5 8 7 1 3 3
396 7 9 8 8 5 5 10 5 3 9
388 6 7 3 6 10 9 1 5 10 6
381 8 6 10 5 3 4 6 6 10 7
363 10 7 7 3 3 7 9 2 9 5
313 7 2 5 9 9 1 1 2 6 6
401 10 6 6 4 10 9 9 5 2 8
403 9 9 3 5 7 9 2 9 7 10
311 1 1 8 2 5 4 5 7 7 9
382 2 3 6 9 9 5 7 7 7 8
292 5 9 4 2 8 2 2 5 9 1
390 10 4 5 4 10 9 8 9 1 8
468 6 3 10 6 9 10 9 10 9 8
372 2 3 4 5 6 10 9 9 10 1
322 4 9 3 8 4 3 2 2 10 7
320 6 3 3 8 6 9 3 6 6 5
154 9 1 1 2 1 5 2 10 1 1
318 5 7 8 6 2 9 10 8 3 5
291 9 4 9 6 8 9 3 4 2 2
399 6 5 3 9 2 4 9 10 8 10
384 10 3 4 5 7 10 1 9 9 6
25
410 7 5 2 9 6 8 7 2 10 7
358 6 1 9 3 7 1 7 9 8 5
359 8 7 2 10 10 1 3 2 9 4
228 3 3 1 4 4 6 6 10 1 4
245 1 8 1 6 1 1 6 4 4 8
409 10 9 3 7 2 9 8 7 9 5
331 1 8 5 8 2 9 4 4 6 10
477 8 10 9 3 7 8 10 7 10 9
432 7 8 8 4 10 2 10 10 9 5
479 6 8 10 9 8 5 10 9 10 5
241 10 6 8 5 1 4 2 9 4 1
341 10 6 8 3 6 5 2 2 8 8
248 1 10 4 6 5 5 1 9 4 1
352 6 6 5 3 6 4 9 2 6 8
285 7 7 8 4 1 3 5 6 5 8
264 5 10 2 4 3 5 8 6 3 3
321 9 4 5 8 10 4 8 1 4 1
475 9 4 7 10 8 5 10 5 9 10
394 8 6 10 7 3 6 10 4 9 4
300 3 7 5 4 3 5 3 1 10 7
336 2 5 9 6 6 9 1 8 7 9
373 10 9 8 3 9 2 1 3 7 9
273 5 4 6 8 5 2 8 4 3 1
275 5 3 6 2 7 1 10 4 3 3
291 3 6 5 10 7 2 2 10 2 8
25
227 2 9 1 6 5 10 4 5 1 1
307 3 8 2 8 9 10 4 5 2 4
331 2 8 1 4 8 8 6 5 4 8
298 5 6 1 2 1 10 7 8 2 9
301 10 7 5 4 3 6 3 7 10 1
228 9 1 7 5 2 2 1 8 3 5
347 7 6 7 9 7 7 6 4 2 8
311 9 3 4 10 9 3 6 1 1 7
336 9 7 8 9 8 5 10 2 1 1
354 5 7 9 5 10 4 7 3 3 6
348 10 9 2 5 7 1 4 3 9 3
283 3 3 6 4 5 4 1 10 5 10
413 3 1 5 10 8 1 6 10 9 10
379 8 6 4 6 4 9 7 9 7 8
290 8 6 4 5 9 6 4 3 1 6
356 8 6 2 5 9 9 5 10 4 5
365 1 9 6 10 8 8 8 6 3 5
295 7 2 10 9 9 5 6 2 2 2
317 2 5 2 10 4 8 3 6 10 3
385 1 10 7 4 8 9 10 8 5 4
267 7 10 10 2 2 6 4 5 3 5
335 10 2 7 8 4 9 3 3 8 4
308 1 3 2 1 6 4 8 1 5 10
262 9 6 2 4 4 2 2 8 2 9
399 9 2 4 7 8 5 10 3 9 5
25
353 6 5 2 8 8 4 6 7 6 4
307 7 7 2 10 8 2 7 5 2 1
327 6 3 9 6 9 8 3 2 9 1
235 8 3 5 1 3 10 1 3 5 4
313 5 2 1 1 3 7 7 1 9 8
176 3 7 2 3 3 1 2 7 3 1
269 8 8 6 2 1 4 3 8 7 3
309 10 8 2 1 7 3 5 7 2 8
268 10 5 3 3 2 1 1 4 9 6
289 2 5 3 6 1 1 7 6 5 8
304 5 10 10 8 2 9 1 7 6 4
247 5 5 4 10 2 4 10 4 1 2
459 3 8 10 8 7 5 9 9 10 9
278 2 9 8 3 7 1 2 2 6 6
349 5 8 10 10 3 8 7 6 5 6
467 10 10 1 4 10 9 8 5 10 6
278 2 5 2 8 4 5 7 9 2 4
300 10 3 5 9 9 3 1 4 3 7
318 9 8 1 2 3 6 3 2 10 4
256 2 7 5 4 3 8 8 4 1 5
358 10 3 5 6 10 4 3 8 4 8
247 3 6 2 9 2 10 6 5 3 2
288 4 5 5 9 5 3 4 4 5 4
335 9 3 5 6 8 8 7 7 1 4
323 2 9 5 9 9 1 3 8 3 5
25
314 10 2 10 4 5 9 2 6 9 1
245 7 1 3 4 2 1 3 5 8 3
224 3 3 5 1 1 1 5 8 4 6
292 4 2 4 5 4 3 3 2 8 10
231 2 8 1 1 1 8 1 1 8 4
408 8 10 7 4 10 10 3 7 10 3
267 6 3 1 4 1 4 2 6 8 9
292 7 4 6 9 6 3 2 8 7 1
372 6 7 2 7 4 3 4 10 9 8
352 2 3 1 1 9 7 10 6 7 3
339 2 5 5 9 5 3 10 4 3 9
415 7 3 6 9 10 4 10 2 5 9
196 5 1 4 8 1 5 3 3 2 6
302 8 10 1 2 6 6 4 2 2 10
250 10 3 5 5 6 9 1 1 3 2
250 2 1 1 1 6 3 5 5 6 4
326 3 10 5 5 10 1 8 9 5 1
269 1 8 9 1 8 2 2 10 4 3
357 6 2 6 10 7 7 4 4 8 7
255 8 4 9 5 3 6 5 10 1 3
395 8 2 3 8 10 3 9 6 10 1
404 3 2 7 6 9 3 9 1 8 9
288 10 7 9 7 3 10 7 7 2 1
303 3 3 2 9 6 10 6 6 4 4
481 10 2 10 7 10 6 10 4 10 8
25
377 5 4 5 9 5 10 1 8 9 10
388 1 9 1 9 9 8 9 6 1 10
215 1 10 6 8 1 2 2 7 3 4
306 1 1 4 5 5 6 7 9 1 10
373 6 8 1 5 8 2 8 4 5 10
385 5 10 9 1 4 9 6 2 10 9
317 9 6 5 9 5 10 4 1 1 8
258 6 3 8 7 7 1 3 10 3 1
345 1 10 3 9 7 7 6 1 9 3
353 5 3 7 6 8 9 6 7 4 5
230 3 3 6 6 2 1 1 5 6 7
404 4 2 3 1 10 6 10 10 6 9
323 8 1 8 10 9 4 1 4 3 7
353 3 2 4 10 3 7 7 6 7 10
371 7 9 10 10 4 1 8 4 5 7
333 8 8 1 6 2 7 10 1 4 9
309 7 10 1 1 4 4 8 3 5 6
282 3 2 7 1 9 5 9 1 3 1
307 6 4 5 9 2 8 4 5 9 4
286 7 8 8 2 4 9 2 8 4 6
383 7 6 8 10 9 9 7 9 2 4
299 10 6 1 8 6 7 5 2 1 7
345 10 5 10 2 4 3 6 3 5 10
274 6 4 8 7 1 6 4 4 4 7
285 4 2 1 5 1 9 5 4 8 5
25
326 4 2 3 9 10 3 4 9 4 4
288 3 3 3 10 10 3 1 6 2 7
318 5 2 7 9 4 7 5 6 6 6
368 3 1 9 4 9 10 2 10 7 8
296 9 6 1 1 2 5 9 9 7 1
350 5 6 1 8 10 5 5 6 3 9
329 6 8 1 1 8 8 5 2 5 5
299 1 6 3 6 8 2 6 3 4 5
398 8 8 9 1 8 5 5 4 7 9
329 10 2 3 6 9 5 1 7 6 7
352 10 3 10 4 8 4 9 6 6 2
292 2 1 7 9 6 4 8 4 1 9
440 9 9 9 9 9 7 10 3 7 2
287 5 3 10 5 5 1 3 7 10 1
351 9 3 8 5 9 4 4 1 9 5
351 3 6 7 6 2 6 8 10 10 5
340 5 8 2 6 5 7 10 5 2 7
288 3 1 7 6 7 7 9 8 1 2
347 10 7 3 5 5 7 8 2 9 2
319 7 7 7 10 7 6 1 2 7 3
330 3 5 1 6 8 8 7 5 5 5
291 3 7 2 5 8 4 5 8 2 4
307 5 4 10 4 5 3 5 6 6 6
360 8 7 4 2 9 7 6 5 2 8
334 1 10 10 7 3 10 3 3 10 2
25
262 2 4 10 4 6 8 1 10 3 4
284 7 6 2 3 2 7 5 4 6 7
312 5 6 2 8 7 6 7 3 1 6
260 2 7 8 3 8 1 1 10 2 6
342 7 9 4 10 4 5 4 9 4 8
331 3 4 1 8 10 6 7 8 2 4
366 10 5 7 2 1 9 1 10 10 9
344 6 1 4 2 3 3 10 1 10 6
298 7 10 5 2 4 7 7 1 1 9
147 1 2 8 6 2 4 1 2 2 2
291 2 5 9 4 7 1 5 4 8 2
267 8 5 2 9 6 6 3 7 4 1
293 9 7 4 3 6 7 6 8 2 2
385 8 5 8 2 10 10 4 8 5 7
387 6 4 8 1 8 6 8 5 7 8
218 7 5 5 2 5 9 1 9 1 3
330 8 5 1 1 2 2 6 10 6 10
375 1 4 3 2 7 9 10 1 10 4
273 2 10 4 1 10 4 3 1 1 8
280 3 1 10 8 7 10 6 1 3 1
368 6 8 3 2 9 9 4 1 10 5
259 6 1 1 9 2 8 1 7 3 8
356 1 7 3 5 10 3 8 4 3 10
295 5 2 2 8 8 1 6 9 1 5
308 1 7 10 7 5 10 2 2 8 4
