50 10
293 295 297 264 313 300 268 278 265 280 
10
111 0 3 0 3 5 7 3 4 6 0 
138 2 3 6 0 6 9 4 0 0 3 
183 3 5 1 9 0 2 1 5 8 6 
186 4 5 9 4 1 8 0 2 4 4 
187 4 0 5 3 9 4 0 3 4 6 
253 7 1 9 1 4 0 8 6 2 5 
259 7 9 6 9 4 7 3 6 1 2 
274 8 9 2 9 2 0 9 9 4 2 
303 8 6 5 9 6 5 5 8 9 5 
325 9 1 6 5 7 9 5 9 8 9 
10
164 7 2 3 6 0 5 4 4 2 1 
180 7 7 2 0 3 0 2 1 2 7 
216 9 5 2 3 6 2 3 1 3 6 
221 2 9 7 4 6 8 6 1 1 4 
222 0 4 7 2 9 2 3 6 8 7 
237 6 3 4 5 7 6 0 7 8 6 
246 9 9 7 8 3 9 4 4 2 1 
246 3 7 9 6 1 0 1 8 9 5 
273 6 5 9 1 4 8 5 6 5 7 
299 8 7 5 9 8 5 0 4 7 7 
10
91 3 2 5 0 0 9 0 0 3 2 
102 1 0 1 1 9 1 1 2 5 0 
189 2 6 4 8 4 9 5 1 5 2 
194 7 5 0 3 6 8 9 8 4 0 
197 2 3 0 9 9 1 1 3 5 7 
203 1 8 5 2 4 5 4 8 1 5 
210 9 5 0 7 2 9 1 2 0 9 
210 1 9 8 4 4 1 4 8 2 0 
217 0 8 6 7 0 7 5 9 1 6 
261 6 3 8 6 3 5 2 9 6 5 
10
146 6 2 1 5 3 4 2 3 3 3 
172 4 1 8 6 0 1 0 2 7 2 
180 1 3 7 9 0 6 2 4 3 6 
192 1 5 6 8 7 9 4 0 6 2 
192 4 1 9 9 5 6 5 2 1 1 
212 8 8 2 8 6 0 4 0 7 1 
215 8 2 6 6 5 5 1 0 9 1 
217 7 4 7 2 2 9 0 5 1 5 
223 1 3 6 5 4 3 3 5 9 7 
247 5 0 6 1 9 2 8 8 8 3 
10
110 2 6 0 2 0 1 5 3 2 4 
163 2 7 0 6 5 9 0 9 2 2 
185 1 6 3 2 9 4 4 6 9 3 
203 6 8 2 3 6 1 1 3 0 5 
203 2 1 6 5 4 4 9 6 1 7 
217 6 1 9 6 4 3 0 0 2 7 
222 9 7 6 6 1 4 0 4 2 2 
240 6 0 9 4 5 9 5 2 5 6 
248 2 7 2 6 5 8 5 9 7 9 
302 8 5 5 7 8 3 4 4 5 8 
10
166 0 7 5 5 3 4 6 2 4 4 
170 2 5 8 0 2 3 0 8 6 3 
195 9 6 2 8 3 5 0 0 4 3 
198 4 6 3 1 8 1 2 0 6 6 
223 0 4 4 2 4 0 9 7 7 7 
228 0 0 4 9 1 3 5 9 8 9 
240 5 9 2 9 0 3 6 8 3 8 
241 3 5 5 0 7 3 9 4 7 6 
259 1 2 7 5 9 5 8 8 8 5 
288 9 7 2 8 8 2 9 5 9 4 
10
133 3 5 2 2 2 4 7 3 3 1 
160 2 5 1 5 6 4 1 1 1 9 
165 5 2 4 1 7 4 6 1 6 1 
193 4 4 5 4 2 3 4 9 1 3 
212 1 0 9 7 2 7 3 7 5 7 
213 9 5 8 3 3 0 1 0 8 1 
221 6 6 2 4 8 6 5 3 1 4 
240 7 1 8 3 4 1 7 5 6 1 
241 9 4 7 4 5 5 7 4 1 1 
242 9 4 3 8 5 7 6 2 9 0 
10
121 1 1 5 2 5 3 5 0 3 1 
193 6 1 4 2 0 9 8 1 4 6 
204 1 9 4 9 3 0 3 7 3 1 
216 0 9 8 7 7 3 6 6 2 0 
221 9 8 3 5 3 2 1 2 8 0 
231 2 9 9 3 4 7 6 9 2 3 
243 6 1 8 6 3 1 4 1 1 9 
262 4 3 8 9 0 5 8 2 9 7 
279 7 9 7 7 5 5 8 4 5 2 
318 7 9 8 8 9 1 6 4 7 2 
10
128 4 2 1 0 1 2 0 5 8 3 
141 7 5 2 1 0 2 0 2 1 5 
164 0 6 0 6 2 0 5 6 4 6 
173 1 7 8 0 2 9 3 1 8 3 
206 3 0 0 1 8 2 6 9 8 7 
209 2 3 0 6 3 0 9 6 8 7 
216 4 6 3 9 1 2 8 0 1 9 
228 5 5 9 1 7 9 6 5 0 1 
241 8 1 1 1 5 2 8 9 8 7 
267 1 4 7 8 6 5 6 9 5 8 
10
59 0 0 1 3 1 0 6 0 2 1 
172 1 3 4 7 4 1 1 2 3 9 
190 9 2 6 4 1 9 1 5 4 2 
192 5 2 1 8 7 3 9 2 4 0 
197 8 4 3 1 1 7 6 5 8 3 
198 2 9 6 8 7 4 2 0 3 3 
200 0 7 4 8 6 7 9 0 8 1 
202 6 5 3 0 1 9 3 8 5 8 
270 6 6 7 8 2 1 7 5 5 5 
289 5 0 9 2 9 6 8 8 7 8 
10
113 7 0 1 1 2 4 2 2 3 2 
134 1 0 2 6 1 8 9 5 1 0 
182 1 6 0 9 6 4 2 1 9 5 
190 4 6 5 2 6 1 2 0 1 7 
193 2 5 5 8 4 5 2 0 6 5 
202 2 8 4 3 1 0 2 0 9 9 
221 8 9 1 1 1 4 4 2 1 9 
232 6 8 6 2 6 9 2 3 7 3 
244 9 5 3 6 2 6 2 1 8 9 
250 7 5 4 3 5 8 7 3 1 7 
10
124 4 7 0 6 0 8 0 7 2 0 
153 0 5 0 2 9 0 9 3 2 4 
170 6 2 3 1 3 0 2 2 4 7 
176 4 5 7 5 4 7 0 6 2 1 
182 2 1 6 1 8 3 7 0 6 4 
191 0 5 9 2 3 3 0 7 6 6 
194 3 8 4 0 7 2 8 0 8 0 
195 7 4 3 7 9 7 3 0 0 1 
226 4 5 6 0 4 1 9 3 1 9 
233 1 6 6 6 2 5 7 5 0 9 
10
143 2 7 3 7 5 7 0 2 0 0 
157 3 5 5 9 0 6 0 1 3 0 
171 3 5 1 4 4 7 4 2 3 6 
200 3 3 4 4 8 2 0 1 2 9 
203 2 6 2 9 3 4 1 8 0 8 
203 0 0 7 7 8 5 6 0 3 7 
213 6 1 9 3 2 7 1 6 8 4 
228 7 6 3 1 8 8 4 5 3 3 
240 9 7 5 0 1 9 9 2 7 2 
313 9 8 9 8 6 2 5 3 6 6 
10
159 0 9 0 3 3 8 3 8 3 5 
177 8 1 0 9 8 0 1 3 2 0 
196 2 6 3 9 0 9 2 7 0 6 
200 6 4 2 2 8 9 1 9 2 4 
200 5 6 9 9 1 2 0 1 0 1 
216 5 1 7 7 5 7 0 5 9 3 
217 2 7 9 2 1 0 2 8 2 8 
219 0 9 5 9 4 2 8 7 5 0 
225 0 0 5 6 8 2 7 8 9 4 
284 5 7 9 6 3 1 2 7 9 8 
10
126 1 5 3 6 0 1 1 2 7 0 
153 3 3 1 5 6 4 4 7 0 0 
160 4 1 1 4 0 9 2 7 4 7 
191 0 4 5 1 9 6 9 7 0 3 
201 6 1 2 5 1 1 6 2 8 8 
208 5 0 3 7 2 9 8 6 1 6 
227 1 4 7 7 3 8 5 1 7 7 
229 1 5 9 2 8 9 2 8 0 5 
256 6 9 3 9 1 5 5 0 7 7 
293 9 8 9 7 6 2 2 3 4 4 
10
128 1 2 1 0 1 8 2 3 7 7 
144 1 1 4 0 3 0 9 0 5 3 
157 3 8 3 1 0 1 3 3 3 6 
158 4 0 1 8 1 4 1 4 8 4 
177 0 4 6 3 1 0 4 4 5 6 
198 2 4 4 5 9 2 3 2 3 8 
213 3 3 2 6 7 4 4 7 7 5 
245 7 6 0 7 9 2 1 5 2 7 
287 6 6 7 8 3 3 7 7 0 8 
324 9 9 9 3 8 7 5 2 9 5 
10
150 3 6 3 5 9 7 0 3 0 1 
154 7 2 3 1 3 3 0 2 3 4 
155 1 6 2 8 7 7 2 2 3 0 
176 2 0 1 7 9 9 7 5 7 0 
195 8 5 3 0 1 2 6 1 3 7 
198 4 7 2 7 4 7 1 4 4 5 
212 8 6 0 0 5 9 5 6 7 5 
213 2 7 6 7 6 2 3 3 1 7 
259 7 6 9 5 9 9 2 9 0 0 
287 5 5 8 6 8 4 7 2 8 6 
10
114 0 1 1 6 4 7 6 0 5 3 
137 3 0 5 3 1 3 1 7 4 0 
165 5 1 4 1 3 7 8 1 1 4 
173 2 5 3 2 9 4 1 5 1 7 
186 1 1 8 2 6 2 7 3 1 7 
186 1 7 4 4 0 8 7 0 2 9 
198 1 3 4 9 5 7 6 6 2 6 
212 7 7 4 7 5 1 0 5 2 0 
223 8 7 3 1 8 2 0 4 4 4 
272 7 6 2 0 7 2 5 9 6 8 
10
161 0 8 1 6 3 5 6 4 0 6 
200 6 7 0 4 0 8 0 3 9 7 
210 3 3 3 7 8 6 2 0 7 9 
215 2 8 2 9 6 6 8 9 6 1 
222 8 2 7 7 1 2 9 0 0 5 
223 7 3 7 0 5 2 5 9 2 1 
223 6 0 1 7 5 8 9 4 8 7 
228 7 1 6 6 2 1 4 9 9 0 
231 4 7 3 6 9 9 0 8 6 5 
260 7 9 8 3 9 9 8 2 5 1 
10
113 3 1 0 0 5 7 3 5 9 1 
146 3 4 1 7 4 3 5 0 4 0 
171 3 6 2 3 8 3 1 0 4 5 
177 4 4 4 0 4 9 0 7 0 6 
181 3 1 2 3 1 1 9 3 2 8 
190 8 0 7 0 4 1 0 0 6 3 
197 8 0 2 4 8 0 0 5 3 3 
204 4 1 9 8 0 1 3 6 1 2 
243 8 2 5 7 5 3 8 3 2 4 
267 7 4 3 7 9 2 7 8 2 5 
10
189 3 2 8 5 1 5 3 6 3 2 
201 5 2 5 2 2 8 6 5 8 1 
217 6 6 3 8 1 6 0 7 7 4 
244 6 9 1 7 4 1 9 9 8 0 
251 2 3 8 3 8 1 5 9 5 7 
262 8 9 3 3 3 6 6 5 2 8 
263 6 4 6 4 2 9 1 8 9 8 
273 5 9 3 5 5 6 9 8 7 6 
280 7 9 7 3 3 0 6 6 3 5 
296 5 9 8 9 8 5 6 8 5 1 
10
206 5 9 2 9 4 7 3 1 7 1 
208 8 8 1 6 8 8 1 4 0 1 
209 5 7 6 5 4 0 3 0 3 5 
216 0 2 9 1 3 1 8 7 8 4 
224 1 5 3 9 6 2 8 4 8 5 
226 9 3 2 2 2 2 1 7 2 9 
227 1 5 6 5 3 6 9 4 4 7 
239 4 7 2 0 3 2 9 9 7 7 
245 9 4 1 2 8 4 7 1 5 7 
259 7 9 4 2 6 5 4 5 8 6 
10
128 3 2 8 1 2 1 0 1 1 0 
169 3 3 1 5 3 4 6 6 9 2 
184 7 4 9 1 0 0 0 0 6 2 
187 4 1 5 1 3 2 7 5 8 4 
189 9 6 0 9 0 9 3 0 0 7 
205 4 8 1 2 8 4 8 0 9 5 
247 3 5 7 3 9 7 3 7 0 7 
264 6 5 8 5 1 6 6 8 1 5 
269 8 5 7 6 6 0 2 8 1 3 
271 5 8 6 9 2 6 3 9 1 9 
10
167 2 1 4 3 1 4 6 5 2 5 
202 4 6 5 1 8 9 5 1 3 7 
202 0 2 7 7 0 0 6 7 5 8 
212 6 8 0 4 6 0 4 1 9 4 
220 5 2 9 4 9 3 2 3 0 6 
229 7 3 1 4 5 6 8 4 2 9 
244 8 8 8 5 7 9 3 2 6 0 
248 8 2 5 1 9 4 8 7 2 5 
252 5 8 9 3 4 7 3 4 5 4 
277 8 3 8 3 1 1 4 9 2 9 
10
181 6 7 0 2 3 4 7 5 3 3 
182 0 1 9 0 8 1 8 1 3 6 
195 0 9 9 0 5 3 0 1 9 4 
201 0 6 8 4 0 2 4 9 4 2 
214 2 3 8 0 6 7 2 7 3 6 
228 1 8 6 6 4 1 5 7 7 6 
241 8 2 0 2 9 0 8 5 4 9 
243 7 5 3 9 2 2 7 2 8 4 
255 4 7 3 6 2 9 6 6 8 9 
274 7 4 6 7 5 8 4 7 0 7 
10
164 3 5 3 2 2 7 1 8 7 4 
188 3 0 0 8 2 3 9 1 4 8 
192 2 5 0 5 1 7 8 7 6 8 
217 6 6 3 3 2 0 7 9 6 2 
219 5 3 5 0 5 9 7 7 2 7 
224 8 0 6 1 3 5 8 5 7 2 
242 4 8 5 6 4 5 5 3 1 9 
251 8 2 9 0 2 8 6 2 1 8 
273 9 9 3 5 8 2 8 5 3 2 
294 7 8 8 5 6 9 5 5 3 8 
10
118 0 0 5 1 1 8 3 6 7 2 
148 2 4 0 1 8 9 5 0 9 5 
163 1 5 0 0 2 9 1 8 7 9 
168 6 0 2 5 2 0 7 8 1 2 
203 6 0 7 0 6 8 6 1 9 3 
208 5 0 2 1 2 4 6 9 4 8 
209 1 3 1 6 7 8 9 7 4 7 
242 2 4 8 7 2 1 9 3 5 8 
242 5 8 9 7 3 2 9 0 5 2 
247 1 4 8 6 6 2 2 9 6 6 
10
129 8 0 0 0 0 4 4 1 6 4 
130 2 0 2 6 0 4 0 5 5 3 
175 8 0 3 2 8 1 3 4 3 1 
185 2 4 1 7 6 0 3 5 2 7 
189 0 3 5 0 8 3 9 8 1 4 
190 5 6 6 8 0 4 2 2 2 1 
192 4 7 1 7 5 2 8 1 4 4 
212 3 7 8 5 3 8 0 4 0 6 
230 4 1 7 6 0 2 5 8 6 6 
323 8 8 7 4 4 5 6 7 5 9 
10
148 0 2 1 9 9 7 1 2 6 5 
183 0 7 4 3 8 9 2 2 4 9 
194 5 0 7 7 2 3 6 0 0 7 
195 4 3 7 1 6 9 7 7 2 2 
209 3 6 7 8 3 0 8 2 7 0 
209 6 5 3 7 8 6 0 3 1 7 
225 1 8 8 9 3 1 6 2 7 3 
237 3 8 7 5 6 5 0 4 9 5 
240 4 4 9 0 9 3 2 7 8 5 
276 5 8 9 8 2 4 1 9 8 6 
10
176 2 0 4 1 2 1 8 7 2 9 
201 9 8 7 2 4 9 2 0 0 1 
213 3 7 7 7 4 9 6 0 5 2 
235 8 7 1 9 2 4 5 8 4 1 
238 7 9 2 6 4 2 5 2 8 3 
247 7 1 3 0 8 8 6 8 3 9 
252 0 1 9 6 9 9 8 4 5 8 
263 8 7 1 8 8 8 6 1 6 5 
274 8 4 5 6 0 7 7 9 3 9 
325 7 8 9 0 8 2 8 7 6 6 
10
127 2 1 2 0 4 6 8 6 3 2 
151 7 1 0 4 8 3 1 3 2 3 
157 4 2 4 8 0 9 1 2 2 3 
183 2 7 1 3 5 4 9 7 1 2 
199 3 4 4 4 3 4 2 3 2 8 
216 3 2 5 4 5 5 6 9 3 4 
219 6 0 6 2 3 9 8 9 5 3 
230 1 9 4 7 2 0 5 8 5 5 
234 0 3 9 5 6 0 5 8 1 7 
250 5 0 5 7 8 1 4 5 9 8 
10
155 0 5 9 2 4 4 2 0 1 5 
157 3 6 1 4 9 6 0 4 3 2 
170 2 8 5 8 1 4 1 1 2 6 
195 7 2 7 9 7 7 1 0 2 1 
201 2 7 1 6 4 1 4 6 1 8 
210 4 3 5 9 8 1 6 2 7 1 
219 6 5 3 2 6 1 6 1 1 8 
228 1 9 8 2 3 0 4 5 4 8 
257 9 0 0 7 9 6 4 9 7 4 
287 8 6 6 5 6 5 9 6 4 3 
10
146 2 4 0 2 1 3 5 3 6 7 
147 1 1 2 0 2 7 1 9 5 6 
173 3 1 4 5 1 0 8 7 5 3 
177 2 1 3 8 2 7 5 4 9 3 
186 2 4 2 2 6 2 8 0 4 9 
191 7 3 8 3 0 2 4 1 6 1 
209 3 3 7 6 6 6 4 3 1 5 
217 3 7 7 5 9 7 1 1 1 5 
222 2 4 5 6 8 5 8 4 2 4 
334 8 4 8 9 6 4 9 6 1 8 
10
166 2 9 0 7 2 5 7 7 4 0 
198 7 4 0 8 7 9 1 7 3 0 
207 4 1 0 6 8 0 1 7 3 9 
211 6 9 2 4 2 4 4 7 8 0 
222 6 8 4 7 0 8 7 9 5 0 
255 7 2 5 4 3 0 6 6 7 5 
257 6 8 8 1 5 4 4 9 9 3 
269 7 8 7 4 5 9 8 5 0 4 
270 9 4 6 6 8 7 0 9 6 4 
303 8 3 9 6 9 6 4 4 9 7 
10
155 3 1 3 7 2 8 1 9 7 0 
198 3 7 2 9 5 6 2 0 8 4 
217 6 1 8 4 0 8 4 5 6 3 
224 3 5 3 9 2 8 4 5 7 9 
227 6 6 7 6 9 0 3 1 4 3 
233 4 2 3 9 5 2 6 7 1 8 
244 3 4 9 1 9 0 3 2 8 6 
247 9 3 6 0 7 7 4 8 9 1 
247 5 7 5 3 7 7 7 9 7 2 
265 5 7 6 9 8 1 7 2 8 4 
10
168 0 1 7 0 1 7 8 2 7 6 
205 7 1 0 5 5 1 8 4 4 5 
208 1 4 7 8 4 4 6 6 9 1 
224 6 4 7 4 5 9 2 2 4 6 
236 9 2 8 5 3 9 4 2 2 4 
245 5 8 7 0 2 5 3 7 4 7 
247 7 7 6 2 6 4 8 0 3 4 
249 8 2 3 6 7 8 8 7 1 2 
264 9 1 6 9 6 4 2 0 7 7 
275 8 9 9 4 9 2 0 2 9 0 
10
184 1 5 1 9 8 5 0 6 6 6 
200 0 6 9 4 0 0 4 7 0 4 
200 0 9 6 8 2 2 9 4 4 0 
220 4 5 3 2 9 0 6 2 6 6 
226 9 8 2 0 4 8 7 3 0 8 
232 2 3 9 6 8 3 7 3 0 4 
233 7 0 9 2 0 3 9 4 8 3 
234 5 8 5 4 7 5 0 9 0 3 
251 8 6 4 1 8 0 6 3 4 7 
253 9 4 4 3 7 3 7 1 8 3 
10
180 5 7 2 2 7 6 0 5 0 3 
181 4 1 6 3 7 8 0 1 7 3 
207 4 2 8 0 2 6 4 6 1 9 
215 7 0 2 6 9 8 3 8 1 5 
216 6 8 3 7 2 0 6 1 2 3 
217 1 3 2 8 9 8 3 6 8 6 
224 8 7 5 3 0 1 8 3 2 3 
264 8 0 8 9 6 1 9 0 0 4 
278 9 8 4 9 4 5 6 4 7 4 
294 5 5 6 9 9 1 4 6 6 8 
10
125 1 7 7 2 1 1 2 5 0 0 
171 7 0 0 7 2 1 2 2 8 4 
188 1 1 9 5 1 0 5 5 4 3 
206 9 2 8 4 2 5 1 9 0 0 
247 2 5 7 9 1 6 4 1 9 8 
249 9 0 7 0 2 7 8 8 0 7 
267 9 5 6 9 6 7 4 6 4 3 
282 7 6 8 7 6 8 6 2 8 6 
287 6 9 2 6 6 6 9 8 5 6 
304 7 1 8 7 8 7 8 1 9 8 
10
164 0 9 4 4 6 2 1 6 1 3 
166 4 7 2 6 0 8 6 2 6 3 
204 3 9 0 5 7 2 8 2 0 9 
222 4 5 1 1 4 4 9 6 9 7 
223 6 3 5 4 7 2 8 6 3 1 
234 7 2 4 4 8 0 7 3 3 5 
238 8 0 5 8 0 0 3 2 6 9 
261 8 1 7 1 9 1 5 2 2 8 
267 2 7 9 7 9 1 8 8 4 1 
296 8 7 9 7 6 2 8 2 9 1 
10
166 1 6 4 6 8 6 2 2 2 3 
166 7 7 1 0 7 2 5 0 8 0 
219 3 9 5 7 2 7 8 1 5 5 
225 6 5 8 5 8 0 6 0 4 1 
226 8 1 2 2 9 5 8 2 7 3 
231 5 2 5 6 2 4 5 0 7 9 
241 9 7 7 5 7 1 0 4 7 1 
246 8 9 4 4 8 9 9 2 7 0 
250 5 6 6 7 3 7 3 7 5 6 
262 7 3 6 5 9 8 4 3 4 7 
10
164 8 3 0 1 2 3 0 6 8 1 
176 1 1 8 4 4 6 1 4 8 2 
213 2 3 8 1 4 4 8 9 2 5 
215 4 9 0 1 6 1 5 8 6 7 
228 7 5 5 1 3 0 0 2 6 8 
228 9 8 0 9 9 9 0 7 3 0 
229 0 6 7 4 8 0 9 5 9 2 
234 4 8 6 7 5 3 1 9 3 1 
238 8 8 9 0 2 8 8 8 0 1 
254 9 0 9 3 2 5 9 4 4 1 
10
128 1 8 1 3 0 2 7 1 5 1 
145 0 5 2 9 2 8 5 3 5 0 
168 5 3 2 6 2 1 4 7 1 2 
178 2 3 0 7 4 6 6 4 0 9 
188 4 9 3 5 2 9 9 2 0 1 
188 4 6 3 8 5 9 2 0 2 4 
192 1 5 0 5 5 2 7 1 8 7 
211 4 1 7 4 4 7 8 8 6 2 
220 7 2 0 5 2 3 8 7 1 9 
224 0 2 9 8 9 8 3 1 8 3 
10
123 3 0 3 1 2 7 1 3 7 0 
161 4 8 2 2 5 4 1 0 9 2 
163 0 4 0 8 6 7 7 2 8 2 
190 2 6 1 6 2 5 9 6 8 0 
191 3 5 3 1 9 7 5 8 5 0 
192 5 5 3 0 4 7 5 8 9 0 
205 3 0 5 6 2 8 6 7 5 6 
233 9 8 6 0 7 4 0 0 2 8 
244 4 4 7 0 9 6 7 9 1 6 
263 4 8 5 5 4 7 7 3 6 7 
10
123 1 6 3 5 1 3 0 5 2 1 
134 0 4 0 1 8 1 4 0 9 2 
166 4 1 6 3 3 1 5 1 4 3 
181 2 6 0 3 7 6 7 4 8 5 
206 4 2 5 6 1 8 5 1 9 6 
261 2 2 9 6 6 6 7 4 8 7 
268 6 9 8 8 0 3 3 9 0 8 
272 3 3 9 6 7 4 9 6 3 8 
307 8 5 9 6 1 9 9 4 3 7 
308 9 7 7 0 2 9 3 9 8 9 
10
155 0 2 1 4 5 4 2 9 9 3 
168 1 3 4 2 4 3 9 5 1 5 
169 5 7 2 1 3 8 8 2 1 0 
175 3 1 5 5 7 7 8 3 1 2 
179 4 7 1 5 4 2 2 5 1 6 
205 8 8 4 9 0 6 1 4 1 1 
210 2 5 3 2 7 1 6 9 4 7 
214 4 1 3 7 8 9 4 8 6 1 
235 3 9 8 2 6 8 4 7 1 2 
249 5 1 5 7 2 9 6 2 9 8 
10
161 3 0 3 6 0 1 1 3 4 9 
164 1 8 4 1 9 9 9 4 0 0 
184 4 2 7 2 2 2 4 9 1 4 
197 9 5 1 4 2 6 1 5 2 5 
226 5 4 8 6 0 3 7 0 2 8 
246 3 2 8 4 6 6 0 4 7 9 
251 7 0 5 7 2 7 4 3 9 8 
257 3 5 6 6 8 2 4 3 8 6 
272 4 7 9 6 8 9 4 3 5 8 
281 5 4 8 3 8 3 4 6 7 6 
10
116 1 3 0 9 2 8 2 7 3 0 
158 3 4 5 4 1 5 1 1 1 8 
186 2 2 4 5 0 6 1 7 1 9 
193 0 4 9 0 8 4 8 0 0 7 
195 6 6 0 8 7 8 1 7 3 1 
223 5 0 7 0 8 3 4 4 4 9 
245 7 4 9 8 2 3 8 0 3 3 
247 5 8 4 4 8 4 8 9 4 3 
250 0 8 7 1 7 0 1 9 7 8 
265 2 3 8 7 4 5 8 5 9 7 
10
125 2 0 1 3 9 5 0 2 3 3 
155 0 3 5 3 7 6 2 7 1 2 
206 0 7 5 5 5 1 8 8 4 4 
222 9 4 8 3 0 7 6 0 4 3 
224 5 7 6 3 5 5 0 4 5 6 
226 3 4 4 5 5 3 4 7 1 9 
231 3 2 9 4 4 6 2 4 8 8 
244 9 6 5 5 5 6 3 6 0 3 
274 5 2 7 3 9 7 4 7 4 9 
303 9 0 9 9 7 2 5 7 0 7 
10
143 2 7 0 2 2 7 0 4 6 6 
172 2 4 9 0 3 0 6 2 1 2 
176 1 6 4 8 4 9 0 8 9 1 
177 2 9 2 9 0 6 6 4 2 3 
198 7 2 4 1 4 8 1 0 7 6 
237 9 1 0 3 6 4 5 8 2 9 
242 7 1 6 9 5 0 4 6 3 2 
264 8 9 4 6 4 6 4 9 9 2 
276 8 5 0 8 4 2 8 5 4 9 
307 7 7 7 9 9 3 8 4 8 3 
