100 25
500 500 500 500 500 500 500 500 500 500 500 500 500 500 500 500 500 500 500 500 500 500 500 500 500
10
997 10 1 10 7 8 6 5 6 10 3 9 9 8 2 5 2 7 4 3 7 6 5 5 3 9
977 9 7 2 1 7 7 9 9 10 3 4 1 3 1 6 6 9 9 10 10 2 2 6 6 10
912 6 8 10 5 9 7 10 2 9 3 1 9 8 2 1 3 9 8 8 3 7 1 4 2 3
888 6 4 10 9 2 1 4 2 6 4 5 5 1 3 3 6 10 7 2 8 1 9 4 8 6
789 4 6 5 1 1 4 2 1 7 3 5 9 2 4 1 4 6 10 5 2 2 2 1 6 10
980 4 8 3 9 1 6 3 9 7 2 8 5 10 8 2 1 7 4 7 7 7 9 3 10 2
915 3 1 7 10 10 5 2 1 1 3 8 9 6 10 4 6 8 3 6 2 2 6 9 2 3
939 6 2 3 3 5 8 5 8 10 2 1 2 8 8 2 7 7 10 5 4 9 1 1 7 7
1004 8 6 6 7 6 1 7 10 7 10 6 10 7 1 6 2 7 1 5 10 3 1 5 7 10
1072 4 9 10 2 3 3 6 1 5 9 6 3 5 9 1 8 9 6 9 1 1 10 8 8 9
10
955 6 7 6 10 1 10 4 8 5 1 4 10 5 3 4 5 8 4 7 10 2 3 1 8 1
999 1 4 10 7 4 10 2 9 6 4 4 6 7 5 7 8 2 3 2 1 5 1 10 3 9
1059 4 8 9 3 9 9 8 6 10 9 6 6 10 6 9 6 9 4 6 1 1 6 2 9 1
1029 8 8 10 1 5 7 4 5 5 3 10 4 1 5 9 5 2 4 9 10 1 9 9 2 8
1077 6 6 3 7 3 8 10 8 5 5 5 6 8 6 8 1 10 3 6 3 3 5 9 4 9
735 7 5 3 2 7 5 6 1 2 1 4 8 3 10 5 4 10 1 1 9 1 4 4 3 2
925 9 1 3 4 10 9 2 4 3 4 1 1 6 6 5 1 3 10 2 4 8 7 5 10 5
899 1 6 3 1 8 7 9 7 3 4 9 1 7 1 8 4 1 5 8 1 9 9 3 9 9
1007 7 9 1 8 6 8 1 9 2 5 10 5 1 9 6 1 9 5 1 9 5 8 6 3 5
1061 5 8 7 5 10 3 8 8 2 5 9 3 4 5 7 4 4 10 5 10 3 4 7 9 6
10
980 2 9 4 2 2 8 1 5 5 8 6 9 4 7 7 1 7 10 7 9 2 5 9 3 5
735 2 1 8 1 1 9 6 1 5 3 5 4 10 6 6 6 3 2 1 1 4 2 7 7 2
831 1 9 5 9 2 7 10 1 1 2 7 1 3 8 4 5 5 2 9 5 3 2 3 4 10
1066 5 10 4 8 9 7 3 3 1 4 9 7 10 3 9 7 8 5 6 4 9 3 6 7 2
812 3 6 3 4 3 2 1 7 8 3 2 3 7 1 4 4 8 7 9 2 7 2 9 1 7
803 1 7 4 4 3 2 5 3 2 5 5 6 9 8 8 5 3 8 8 3 1 10 2 5 1
994 4 2 6 8 2 5 3 7 9 10 5 10 4 5 9 7 10 7 5 7 2 1 3 5 1
824 3 8 5 1 10 9 2 9 9 9 2 2 3 1 2 9 7 3 1 4 2 3 9 5 1
866 5 9 4 4 4 2 1 2 2 9 9 9 4 3 2 1 9 4 7 7 1 6 10 5 2
773 8 2 4 7 2 10 6 2 5 1 5 2 6 4 4 2 6 4 5 4 1 4 7 8 2
10
941 4 3 5 4 5 1 9 6 10 3 5 7 6 4 4 2 7 7 3 7 9 3 8 10 7
940 7 5 8 2 10 6 3 4 10 9 3 9 4 3 10 3 6 4 7 3 6 8 2 1 5
951 8 9 9 4 3 5 4 8 10 1 4 4 6 5 3 10 4 8 4 4 4 6 4 2 10
1025 5 3 5 7 7 10 7 1 4 7 2 9 6 6 2 3 4 5 8 10 8 6 5 6 10
864 1 2 2 6 7 10 5 2 1 7 9 2 9 4 5 5 8 5 2 1 6 8 7 5 3
940 2 5 1 9 3 9 2 8 9 3 8 8 6 4 3 10 3 1 1 1 9 3 7 6 10
931 9 3 2 2 9 7 1 1 5 4 7 5 7 5 9 1 9 5 4 5 5 3 10 3 7
1073 10 5 8 7 10 9 4 5 8 8 5 7 8 3 8 3 4 2 2 2 6 9 3 9 7
1055 9 7 10 3 1 10 5 10 6 10 5 2 10 9 4 2 10 6 3 4 2 7 3 3 7
990 1 2 10 7 6 9 6 6 7 1 8 8 1 1 3 4 6 9 5 7 10 3 4 6 7
10
792 4 3 1 7 3 1 3 10 3 9 1 10 8 3 5 6 9 2 3 6 5 9 2 2 3
802 6 1 1 8 8 3 7 3 10 7 3 2 1 1 7 5 7 4 5 8 2 2 4 10 3
979 9 2 9 5 8 7 4 6 5 3 1 3 8 7 8 4 7 1 6 9 10 1 8 2 10
953 6 2 10 4 2 4 3 10 1 10 6 6 8 4 3 2 7 10 5 5 5 10 1 3 7
1100 10 10 8 5 7 9 6 6 2 6 4 4 4 9 6 8 4 2 5 9 7 3 3 9 9
1015 4 9 9 9 3 6 7 2 6 4 9 4 4 2 6 8 1 8 7 2 4 6 10 4 7
970 2 9 6 10 6 8 10 5 2 6 5 6 2 3 5 7 4 8 5 7 3 7 3 7 2
1111 8 4 10 9 6 7 9 5 10 9 1 10 2 3 8 8 5 6 9 1 9 5 6 6 3
1015 6 1 6 5 7 6 7 1 4 7 7 8 9 6 6 10 4 4 5 6 10 3 7 5 4
841 9 2 3 6 7 1 6 7 3 6 4 1 8 7 9 10 5 2 4 2 4 4 3 7 3
10
943 8 7 4 7 1 7 3 8 4 1 4 10 6 6 6 7 8 9 7 10 5 3 2 1 3
933 1 10 1 7 2 3 7 3 4 9 2 7 1 9 6 8 7 1 9 2 6 9 9 2 9
715 8 1 10 1 2 3 6 2 3 8 4 1 4 1 7 5 5 4 5 9 6 3 1 1 8
1018 9 2 2 5 10 3 2 8 4 9 8 3 5 6 8 2 2 8 10 10 7 3 10 8 6
1015 2 8 7 7 9 1 1 3 6 5 2 8 2 5 7 7 9 9 5 10 4 7 1 10 10
874 6 4 1 5 3 8 6 7 5 8 1 4 7 3 3 6 5 2 9 8 1 9 9 9 2
1074 6 1 5 10 8 4 9 8 6 1 6 8 9 5 10 8 3 2 7 6 2 7 9 9 9
966 1 1 4 6 4 8 9 4 2 10 8 3 3 4 4 8 5 6 3 1 7 3 2 10 8
1009 8 9 5 8 5 4 7 3 3 1 1 10 8 7 7 9 1 7 10 7 4 3 10 3 6
1014 9 9 8 4 2 9 5 10 1 6 2 1 10 10 10 6 9 4 10 6 1 5 1 3 5
10
922 9 6 2 10 6 3 8 1 1 5 1 8 4 6 6 8 1 3 4 10 2 4 8 6 9
934 6 1 4 10 8 10 1 8 9 10 1 7 7 7 4 2 6 1 1 1 5 5 2 7 6
977 10 10 3 5 6 2 3 10 6 6 4 10 7 2 1 10 5 5 6 3 2 10 4 4 7
946 6 3 4 8 4 6 9 9 9 3 9 6 10 6 4 10 5 6 9 2 1 8 7 1 1
1139 3 3 10 8 6 1 9 9 6 4 7 9 7 8 10 10 7 5 9 7 3 9 4 7 8
878 2 2 10 5 4 2 1 7 6 8 4 1 3 8 2 6 1 5 5 6 8 3 6 5 9
1002 9 2 1 10 5 6 9 10 2 1 9 10 7 5 4 3 10 4 5 9 10 6 5 4 1
1186 5 4 8 1 5 7 3 8 6 4 9 7 6 10 9 3 10 6 8 1 6 8 6 9 6
879 9 5 3 8 7 3 2 10 7 5 3 7 5 2 7 3 1 2 7 5 1 3 4 9 8
836 2 2 1 9 7 7 5 3 3 3 5 4 6 2 10 5 5 2 5 3 7 5 3 4 9
10
876 7 9 8 2 1 6 1 4 1 1 5 5 9 1 5 8 6 10 8 2 7 2 6 6 3
866 6 5 8 4 3 6 7 1 4 10 9 1 9 1 8 2 7 2 4 5 2 8 6 5 7
848 5 3 1 1 10 8 5 7 9 5 8 8 7 1 4 6 6 6 1 6 1 5 1 3 5
1078 8 4 3 10 9 6 10 3 5 2 7 10 7 7 10 4 5 8 2 6 3 5 9 4 7
988 10 7 6 9 3 7 2 6 7 3 5 2 8 4 7 1 7 5 7 4 4 8 8 4 8
915 8 8 1 2 1 3 1 9 3 4 6 7 10 6 4 3 6 9 1 8 6 1 3 3 10
1174 1 9 10 10 5 8 5 1 10 9 9 9 1 7 5 9 2 8 6 7 10 6 5 7 8
757 3 10 6 10 9 2 8 5 8 2 4 3 9 2 1 3 2 5 6 2 3 3 4 2 1
794 1 2 6 3 5 3 1 2 10 1 5 10 9 4 1 3 8 2 2 8 2 1 7 8 10
1067 7 10 9 10 2 4 8 10 4 10 1 6 8 5 6 2 10 5 1 6 8 5 3 8 3
10
1039 6 10 8 3 7 3 1 6 9 3 9 3 2 8 9 6 10 1 3 10 2 8 8 7 7
1028 10 9 10 1 7 7 4 1 3 5 10 5 2 8 9 5 5 10 10 10 2 7 4 2 5
825 7 2 9 10 1 1 9 3 4 10 1 1 10 4 9 1 8 5 1 3 3 3 1 3 8
978 4 8 10 4 3 7 9 5 9 4 5 10 1 2 10 2 1 2 1 3 9 10 6 1 10
800 7 3 7 9 3 1 10 2 9 4 9 3 9 4 4 6 7 1 9 7 1 5 1 7 4
696 9 4 3 5 1 1 2 7 9 1 1 2 5 5 3 5 5 1 1 6 2 9 6 2 8
1028 3 5 6 10 2 6 4 8 6 10 10 9 7 8 9 2 1 6 3 1 4 1 7 5 5
953 8 8 5 9 9 3 3 2 4 4 9 1 9 3 10 1 9 9 7 4 4 7 8 5 3
966 10 5 6 8 8 6 2 6 7 10 1 3 5 4 4 5 5 4 5 1 7 7 4 6 8
711 2 9 1 1 5 2 2 1 1 8 3 10 1 2 6 5 2 5 5 4 9 4 1 3 5
10
1077 7 6 8 10 4 9 9 5 7 8 1 3 6 2 10 9 9 7 1 10 2 1 8 2 8
907 6 1 9 7 7 1 10 4 9 6 5 4 8 10 5 3 1 2 3 2 6 9 6 7 4
675 7 1 4 9 8 2 5 1 4 2 1 3 3 6 5 7 1 1 3 6 3 1 9 1 4
1114 10 5 8 7 7 1 8 10 1 3 10 9 4 1 6 8 8 5 1 6 6 7 8 10 3
814 8 3 1 6 8 4 3 5 8 1 10 1 3 2 7 9 7 8 1 10 3 3 1 8 3
1082 6 10 10 1 9 10 8 6 5 8 4 10 9 5 2 2 10 7 8 3 4 2 7 1 8
1114 5 6 10 2 3 10 9 5 2 10 7 10 1 6 1 6 4 5 6 9 10 6 10 3 8
1009 2 2 10 4 9 10 8 5 3 7 9 9 5 10 8 4 3 2 4 6 3 10 9 3 1
1086 6 4 6 3 9 4 6 6 5 8 5 9 7 6 1 5 8 2 6 7 9 10 10 5 8
907 10 9 5 2 1 7 9 9 7 5 1 3 8 5 4 2 7 6 4 5 3 3 6 8 2
10
919 2 4 1 6 4 4 1 6 2 4 2 6 6 8 10 10 10 1 5 10 1 10 10 10 1
1011 8 8 9 1 2 10 6 4 7 9 4 2 4 10 3 5 10 1 5 2 2 1 4 7 7
901 8 1 7 1 3 5 5 7 3 9 2 4 1 5 8 2 5 7 3 4 8 8 4 3 10
927 3 1 1 9 8 8 9 3 5 7 8 2 9 2 4 5 4 7 9 10 1 2 6 7 8
969 2 1 3 5 10 4 6 10 7 1 6 6 5 9 9 9 6 9 1 5 1 1 9 6 6
824 4 2 6 2 5 2 5 5 5 5 8 3 4 10 9 1 1 3 3 2 2 1 8 9 6
974 3 5 2 7 4 8 6 2 6 7 4 1 2 8 9 10 3 9 8 7 9 2 7 6 6
1012 8 5 9 10 6 4 1 3 6 8 6 7 7 7 10 5 9 6 7 2 2 4 8 3 3
1056 6 3 3 8 9 8 10 5 2 4 10 6 4 6 3 10 7 10 7 10 9 5 2 7 2
1107 5 1 8 10 6 10 10 5 3 9 8 7 5 4 5 1 9 4 8 6 6 2 2 7 10
10
719 5 1 6 10 1 8 10 1 2 1 7 3 3 10 1 3 2 2 5 7 1 9 5 2 2
1009 9 5 10 6 1 2 8 8 10 2 6 5 4 9 8 8 6 1 9 1 2 6 1 9 9
1040 9 10 6 5 10 2 4 2 6 6 10 1 2 9 10 10 3 7 5 9 9 2 5 9 5
1035 6 3 6 8 6 9 6 7 9 3 6 5 6 7 1 3 8 4 9 1 7 2 6 8 3
1044 8 10 10 3 2 8 9 10 8 1 2 6 6 3 4 9 1 8 1 10 2 8 3 7 7
895 4 5 4 5 5 3 9 7 8 6 2 7 4 6 2 9 2 7 9 9 6 2 2 7 2
951 8 6 4 4 8 9 6 8 1 3 2 7 1 7 9 1 3 9 10 6 3 4 4 9 1
849 6 10 4 1 2 4 5 4 4 2 10 6 4 4 5 7 10 2 8 3 1 1 2 7 3
906 10 2 2 8 8 7 3 5 8 5 7 6 8 3 8 5 8 5 1 9 10 2 3 1 2
941 2 3 4 1 2 6 8 6 1 7 3 3 3 7 5 3 9 2 6 3 4 9 9 6 8
10
989 5 4 7 10 1 7 1 7 7 10 10 7 1 2 1 2 2 3 3 8 7 10 6 4 10
1009 6 1 9 3 8 4 1 4 5 4 4 7 6 5 9 2 2 8 5 10 10 10 7 9 5
1100 9 8 3 4 2 9 5 5 2 10 3 3 9 10 4 7 9 5 9 4 3 10 5 8 7
1016 1 8 10 3 7 4 7 2 3 5 4 10 2 9 7 9 9 5 10 8 2 3 6 3 7
1136 1 4 5 6 8 10 10 6 9 7 8 9 7 7 4 8 3 6 9 2 9 4 2 8 7
1051 4 6 10 5 5 9 8 7 3 9 9 2 5 6 7 8 3 10 7 7 2 1 4 2 5
1124 9 10 3 1 8 8 9 5 6 5 7 10 6 3 8 1 8 4 9 7 9 9 3 10 7
892 4 10 2 2 6 6 1 7 10 8 5 5 2 9 9 6 3 3 7 7 1 2 10 3 4
1102 3 1 7 8 5 9 6 8 4 10 5 8 8 6 7 1 9 8 9 6 1 5 2 8 9
1095 3 7 10 6 10 4 8 4 7 1 4 10 10 4 10 9 4 7 8 9 1 8 2 10 8
10
879 9 10 9 3 3 8 1 2 1 1 1 7 3 10 6 1 5 4 5 9 8 5 1 4 1
956 2 9 10 6 7 3 3 8 8 10 10 5 7 5 3 9 5 4 9 9 2 1 4 2 1
1037 8 7 5 7 8 5 4 10 4 7 10 9 7 2 2 3 6 8 1 7 4 2 2 6 10
924 6 2 1 9 2 3 5 10 2 7 7 8 3 5 10 9 4 9 1 3 5 1 5 1 3
982 6 5 3 7 2 7 5 3 7 8 10 5 5 9 3 4 9 7 10 2 1 3 1 4 9
1017 9 5 4 10 2 1 6 3 6 10 5 9 1 10 9 10 7 3 5 1 6 1 4 1 10
1064 8 7 3 4 8 10 7 4 8 8 9 1 10 9 5 5 6 6 10 6 4 7 1 1 10
1040 5 8 4 6 10 9 5 3 5 9 6 3 8 7 5 8 7 7 7 10 9 1 2 7 4
1034 4 1 7 1 2 1 10 10 5 6 8 5 10 10 6 3 10 9 4 2 4 10 5 2 7
849 8 7 10 4 9 1 2 7 8 6 4 5 6 2 4 6 1 4 9 7 4 3 2 5 2
10
979 9 6 2 3 5 9 4 6 6 10 2 9 8 6 3 2 5 4 5 2 4 9 6 7 1
851 2 5 6 4 5 1 1 10 5 10 9 2 2 7 10 4 4 4 1 4 8 1 2 6 3
998 3 3 10 3 3 3 5 7 5 10 10 5 7 3 3 6 5 7 6 8 5 4 3 10 5
915 6 5 5 1 10 7 10 10 2 3 5 8 10 3 6 3 5 2 1 6 7 6 3 2 6
1013 5 9 7 8 2 4 4 5 1 9 6 7 9 7 6 10 7 4 3 2 5 10 3 6 6
860 8 5 7 3 2 6 4 2 6 7 8 5 4 6 4 1 7 10 1 6 6 2 2 1 4
954 4 9 1 3 2 9 9 8 5 8 9 9 9 1 5 1 10 7 6 5 4 3 7 3 5
814 3 1 5 3 8 9 1 7 6 3 5 6 7 3 3 3 6 2 3 6 5 3 2 5 6
945 9 10 5 1 1 5 6 10 10 9 10 7 6 1 5 2 9 3 6 10 4 9 1 4 3
1245 10 6 10 7 6 9 7 4 3 9 7 9 6 10 3 4 7 4 1 10 9 4 8 9 7
10
954 3 7 6 9 6 7 1 4 2 10 7 3 9 2 6 6 9 3 5 6 7 6 7 5 5
730 1 3 3 7 2 4 5 2 3 5 5 3 1 8 8 2 3 9 1 8 3 9 3 3 2
1046 9 9 9 1 5 5 6 2 1 1 5 8 10 4 10 2 3 3 9 3 10 5 8 9 8
959 1 1 7 2 9 6 5 9 4 3 1 7 7 9 10 1 4 8 2 8 6 7 5 6 8
995 1 8 2 5 4 4 9 3 4 8 2 7 4 8 10 6 3 3 8 8 7 8 9 7 10
895 5 1 1 4 2 8 5 10 10 1 8 10 2 2 5 4 8 1 3 5 9 7 5 2 4
765 2 10 4 4 4 2 7 3 3 4 5 2 2 8 1 8 5 1 1 3 6 8 5 2 7
1045 3 5 3 10 7 7 8 10 5 7 9 6 1 7 2 6 3 10 8 2 3 10 1 5 2
946 3 7 3 4 6 7 8 1 3 8 10 2 5 8 6 10 9 4 10 2 9 2 9 1 2
869 3 6 7 8 5 5 3 7 5 7 4 1 9 4 4 3 4 1 8 5 3 2 10 6 9
10
1007 6 1 10 8 7 6 8 7 10 6 4 2 3 4 1 8 8 8 3 4 4 6 9 1 3
985 4 3 1 10 7 7 3 4 8 5 8 2 2 9 2 4 6 7 7 9 2 5 10 8 8
1048 3 3 5 5 7 10 4 9 10 8 2 9 10 5 7 5 8 6 5 8 2 9 10 4 2
865 7 7 10 8 2 1 5 5 7 7 8 4 7 1 3 4 7 4 1 8 9 4 6 2 4
871 10 10 5 7 10 8 6 1 7 8 5 3 7 5 6 5 1 1 4 1 10 4 4 1 4
902 7 1 8 7 7 2 1 7 3 2 5 7 4 4 1 5 8 4 7 7 5 10 2 9 1
1070 9 1 2 5 6 7 4 5 6 7 5 6 7 10 8 7 10 5 9 1 9 4 8 8 1
790 3 3 5 4 2 5 8 9 2 7 4 7 9 2 1 2 10 2 2 10 4 3 8 1 2
895 2 9 6 9 4 3 7 7 10 1 6 3 7 8 1 8 4 5 2 7 3 2 10 3 4
903 6 9 3 8 5 2 3 3 2 5 4 10 3 8 6 5 2 1 10 8 8 1 1 9 5
10
1106 6 3 1 3 9 9 7 2 5 5 7 8 10 10 6 1 7 4 9 2 9 1 10 8 8
1123 6 2 8 10 3 6 10 10 3 10 4 2 3 7 10 4 5 10 5 10 7 3 5 7 7
1051 1 9 5 2 7 5 1 6 4 7 10 8 8 6 10 9 8 3 6 4 6 1 6 8 4
1096 1 1 9 4 6 8 2 4 2 9 10 7 8 4 4 8 7 10 4 6 10 3 7 9 6
1003 1 9 2 7 2 6 5 2 7 5 6 8 1 10 1 10 6 6 7 1 10 2 9 2 9
884 10 2 1 2 7 4 2 4 4 1 2 5 8 3 2 7 7 5 7 3 7 9 8 7 8
934 7 8 1 6 3 5 4 3 5 6 4 3 2 10 2 5 4 7 10 3 4 4 7 2 10
1017 8 3 1 8 1 3 6 8 6 8 10 2 4 6 6 1 2 2 4 9 8 10 9 9 8
983 8 1 8 8 1 5 1 7 5 3 9 1 4 3 8 10 2 4 8 2 6 9 8 8 9
970 7 2 8 5 1 1 3 5 9 7 3 4 9 9 10 2 6 10 2 9 10 1 6 2 6
10
878 9 1 3 3 7 5 6 9 3 6 6 3 9 1 9 8 5 3 1 2 7 2 1 9 9
1079 2 9 8 3 10 9 4 8 7 9 4 3 6 4 10 2 6 10 10 6 4 5 4 5 4
1045 7 6 9 1 1 5 8 3 7 8 8 2 6 8 5 5 9 9 5 6 2 10 3 3 7
819 1 1 5 7 4 3 3 1 7 3 2 7 2 5 3 2 10 6 4 2 3 8 7 4 7
1169 10 1 10 10 2 2 8 10 10 2 10 5 8 10 1 5 4 6 8 2 6 4 9 10 5
960 7 2 2 10 3 9 4 8 3 5 7 3 1 4 6 4 7 5 3 8 6 3 8 2 8
778 3 4 3 5 3 1 4 4 4 4 1 7 9 1 9 2 8 2 9 2 4 10 4 5 5
957 2 6 5 10 1 8 4 5 5 6 1 5 2 1 9 7 9 6 10 7 2 2 7 8 8
987 2 6 5 10 6 4 9 9 2 7 10 7 4 4 8 4 2 10 2 7 3 6 7 3 2
965 5 10 4 3 9 6 3 7 9 4 8 9 8 1 9 1 9 2 3 3 8 3 1 7 8
10
1004 4 5 1 6 4 3 7 8 10 4 6 10 1 7 7 7 8 9 7 4 4 7 9 1 1
956 1 3 3 10 10 5 2 10 7 7 5 2 6 4 1 8 10 7 2 2 5 8 5 2 10
1016 10 7 10 9 1 1 8 5 10 8 3 9 6 10 1 1 5 5 7 7 1 6 4 9 2
1010 7 6 10 10 5 1 8 2 8 4 9 7 8 2 8 1 2 9 6 8 8 6 8 10 1
1003 10 8 5 8 9 6 3 2 1 10 7 2 9 3 4 6 6 1 10 10 3 5 8 7 5
1087 3 3 7 4 5 9 8 8 9 2 4 3 3 8 7 8 7 3 8 9 8 8 8 7 9
993 6 9 10 3 10 10 3 6 9 5 10 2 10 5 2 4 5 6 4 3 4 10 5 6 1
881 5 8 2 5 7 4 7 5 2 1 10 3 5 4 3 5 10 1 6 2 10 4 1 3 10
960 6 4 9 4 6 5 1 10 1 1 6 10 7 5 5 5 2 8 10 8 6 4 3 9 3
1014 10 9 5 3 8 1 2 8 3 5 2 2 10 8 5 9 8 3 6 3 9 8 9 6 7
10
984 9 2 4 4 3 6 1 8 1 4 10 7 2 7 4 3 4 2 6 5 8 6 5 5 10
1041 7 8 5 9 6 4 9 6 9 2 8 7 8 4 8 6 1 10 8 4 3 8 6 8 2
1051 8 5 6 8 2 7 1 7 9 9 9 8 5 10 3 3 3 7 3 5 9 1 6 6 6
1125 5 4 4 5 5 3 1 7 9 10 5 4 1 4 10 10 9 8 2 4 2 8 10 8 9
807 5 7 5 2 1 5 9 7 2 7 7 3 5 1 1 9 3 3 8 5 7 1 2 7 1
952 8 1 1 6 7 6 2 3 7 3 4 9 4 8 5 8 10 5 8 6 6 1 6 1 9
1023 8 5 2 3 2 6 8 9 8 7 10 3 2 3 5 3 2 7 5 3 7 2 8 8 10
824 4 3 4 3 7 3 6 1 2 8 6 7 5 9 5 6 1 6 4 10 3 5 9 2 1
948 5 7 1 2 10 3 2 3 6 10 2 2 9 4 7 8 9 10 4 4 10 4 5 10 1
921 2 1 2 4 4 10 6 6 5 1 7 4 9 8 9 2 5 3 4 8 7 10 9 1 5
10
809 6 4 9 1 10 3 5 1 9 1 6 3 2 10 7 6 8 6 6 5 4 4 2 3 2
1163 7 4 5 8 5 8 4 9 4 8 8 10 6 6 10 5 7 7 6 3 5 8 2 7 6
1068 6 1 3 2 6 4 10 10 1 4 8 7 10 9 4 8 10 3 10 7 10 10 1 10 5
746 5 1 3 3 6 3 2 4 6 5 3 8 8 1 10 3 10 2 10 3 8 1 1 5 3
926 9 1 5 4 4 5 8 6 7 8 9 2 9 8 1 8 9 7 9 10 6 3 2 3 2
915 10 3 8 8 5 2 10 7 7 1 3 3 3 8 9 6 2 1 8 3 2 9 5 6 6
1010 10 10 5 6 2 2 8 7 8 7 10 9 4 2 1 6 3 4 4 8 7 7 10 3 9
1022 5 10 4 8 10 1 2 5 4 7 8 5 2 1 5 5 10 8 10 3 10 1 4 9 4
1069 6 7 10 7 8 7 10 1 8 8 10 1 5 1 3 1 3 9 6 6 10 6 8 10 7
968 2 7 2 1 7 8 4 3 5 7 1 10 10 10 10 10 2 5 9 9 2 6 4 8 3
10
903 3 2 8 4 5 2 10 10 9 1 10 9 3 5 2 10 2 5 9 3 5 2 4 6 1
946 8 4 6 6 1 9 1 8 10 2 7 4 6 1 5 8 7 9 8 6 1 3 2 7 3
1039 9 9 7 8 10 6 4 2 10 10 5 2 3 10 9 7 2 9 7 6 5 3 4 2 5
1042 4 1 10 1 8 6 8 1 2 8 9 4 4 1 8 4 10 9 4 3 5 4 6 10 8
994 4 2 5 1 10 7 9 5 5 7 7 5 9 7 8 1 8 7 3 3 2 6 5 6 6
911 9 5 1 3 7 7 4 9 3 8 3 4 4 3 1 5 10 4 2 10 8 7 7 1 6
976 3 8 9 8 6 1 5 3 2 6 6 10 5 7 9 6 3 2 6 2 7 8 1 5 9
925 8 3 3 3 4 6 8 10 6 10 8 6 10 2 4 3 4 1 9 9 5 7 6 5 7
920 8 1 6 3 4 5 4 5 6 10 10 9 7 4 5 9 5 5 8 5 2 1 1 8 5
859 2 2 5 3 9 3 6 8 5 4 5 4 10 4 5 4 6 9 10 5 10 4 1 4 4
10
1005 7 5 8 5 7 3 10 2 9 8 8 8 8 4 4 3 2 9 5 5 9 3 7 9 2
936 2 1 6 4 1 1 9 5 3 4 1 10 1 10 2 5 7 10 5 9 5 10 7 3 9
869 5 8 2 2 7 3 3 6 5 9 2 4 8 2 5 9 4 6 5 7 7 2 6 8 5
1068 2 4 8 4 1 10 5 10 5 3 8 6 9 7 6 1 2 6 7 10 9 3 10 10 3
878 4 2 9 8 7 3 8 6 8 4 5 8 2 6 8 7 2 2 8 2 5 7 6 1 3
840 2 7 1 6 3 6 5 10 8 2 2 2 3 1 5 10 8 1 2 1 9 9 6 3 5
855 9 2 6 6 3 6 1 7 2 5 8 8 9 3 1 2 4 5 2 3 3 7 1 4 6
1017 9 2 9 6 8 1 1 5 7 5 7 6 8 1 6 2 5 8 8 7 10 9 5 8 3
1027 9 2 6 9 2 6 2 4 3 4 9 4 6 10 7 4 10 2 10 9 5 7 3 7 3
1027 2 5 10 9 5 3 8 6 6 7 1 10 4 3 1 1 10 7 8 6 1 3 7 5 10
10
930 7 7 2 2 3 7 3 4 9 5 4 1 7 7 8 3 10 7 10 4 9 7 4 3 3
1136 8 4 10 7 10 6 10 3 4 5 9 1 6 7 2 6 10 4 7 1 3 9 9 9 10
910 4 2 4 8 5 7 7 5 8 1 8 5 4 5 10 1 7 8 8 8 3 3 4 8 1
945 4 3 10 1 10 6 6 3 3 1 8 7 6 7 2 7 4 7 3 1 10 4 1 9 5
870 10 1 4 2 8 4 4 7 1 4 7 2 3 6 2 8 8 4 6 4 5 1 6 2 7
877 3 1 3 5 4 6 9 6 8 4 4 2 10 3 8 5 2 7 7 6 10 6 4 2 6
1159 9 7 3 4 10 7 7 8 4 4 9 4 7 7 8 3 10 7 5 4 5 10 8 8 2
1066 1 5 6 8 1 1 7 10 3 6 3 6 10 5 3 7 10 9 3 2 6 8 3 7 10
1244 7 10 8 3 10 10 1 8 1 7 9 2 8 9 10 5 10 2 10 10 5 7 10 6 7
1114 4 10 10 10 8 3 8 3 2 8 10 8 2 1 9 8 1 8 7 3 4 7 10 9 1
10
1177 9 10 8 7 2 10 6 9 8 9 2 4 5 9 1 10 6 10 7 1 1 1 2 10 8
1040 2 3 7 10 5 7 8 9 6 10 6 9 7 5 4 3 6 6 10 1 8 7 6 3 1
745 3 6 4 1 7 5 6 1 2 10 4 8 10 1 2 6 2 5 4 2 5 10 2 2 6
1001 4 2 1 9 7 9 8 9 3 9 3 1 8 2 3 5 5 6 5 2 10 7 4 9 8
945 6 1 9 2 8 6 1 3 10 3 5 10 4 6 2 10 7 9 4 9 1 8 4 1 5
921 3 7 5 3 2 6 9 8 5 7 6 8 10 1 1 10 9 1 3 3 1 9 7 6 6
999 6 3 10 10 8 8 1 1 9 5 9 10 2 9 1 9 9 6 3 4 1 6 7 1 3
1060 4 6 8 7 9 3 7 3 9 4 8 9 4 9 10 4 1 2 6 3 1 8 9 9 5
976 6 8 8 5 4 3 8 8 10 6 8 5 5 2 6 3 6 9 9 8 3 2 3 1 8
966 2 10 2 10 4 2 3 9 4 5 10 4 10 4 7 6 7 5 7 9 8 1 7 1 7
10
957 4 4 2 10 4 7 3 6 9 4 9 5 4 2 1 10 1 10 4 1 3 3 9 8 10
995 1 6 4 6 4 2 9 10 7 8 1 7 10 4 7 7 1 2 8 5 10 1 8 8 9
1090 1 9 7 1 10 4 9 9 1 8 7 8 9 10 6 5 2 9 8 2 3 4 2 7 7
1016 1 3 10 10 4 5 5 9 9 10 7 1 5 6 9 1 9 8 1 3 2 9 4 1 8
838 9 3 1 4 5 10 2 3 8 1 3 8 5 1 7 5 4 1 9 5 5 2 2 10 9
900 1 4 9 3 7 5 3 6 7 1 9 7 4 4 9 2 1 8 3 4 9 6 1 1 10
1104 4 1 10 9 9 1 6 9 8 8 1 6 7 7 9 1 7 5 2 5 10 6 4 8 10
1175 6 7 9 9 8 5 8 3 8 5 10 10 7 10 5 8 10 5 2 7 2 3 6 3 9
810 1 6 10 8 6 6 5 4 2 7 1 1 9 2 8 3 2 7 5 1 1 7 5 4 3
912 1 8 2 4 8 4 2 4 6 2 1 5 4 4 7 7 10 9 2 1 6 8 4 10 1
10
935 9 1 4 5 9 7 1 1 6 5 9 3 4 8 7 3 7 9 2 1 3 1 6 5 6
1017 10 10 6 2 3 7 4 5 10 1 5 2 7 7 9 2 7 6 3 2 10 3 3 7 8
921 7 8 1 1 5 4 3 10 5 5 3 8 6 8 7 10 3 4 1 2 5 5 1 3 10
882 3 3 9 6 1 1 10 2 8 3 8 5 3 6 1 4 7 8 1 6 4 7 8 2 5
974 6 9 4 7 10 2 6 6 3 7 6 5 10 7 9 6 4 4 6 2 2 7 5 9 3
923 10 7 6 2 3 3 9 2 1 8 4 4 4 4 8 6 9 1 5 5 3 4 9 7 4
915 7 8 1 6 9 9 5 3 1 7 6 9 2 8 8 1 2 6 1 3 1 1 8 10 1
852 8 1 10 6 6 8 5 7 2 5 3 1 3 1 8 3 1 2 7 8 4 3 7 5 3
995 6 9 3 5 7 10 1 4 7 5 10 6 8 2 4 4 9 5 1 8 10 5 6 2 9
1045 9 5 2 10 5 3 10 1 9 10 10 8 6 9 9 6 7 8 3 5 1 2 6 2 3
10
800 8 6 3 3 10 1 8 4 10 4 4 5 8 7 1 5 1 3 8 9 6 4 8 1 1
790 7 5 6 3 4 8 3 2 9 7 9 10 4 2 5 1 2 4 3 9 3 4 3 6 1
809 1 1 6 7 4 5 1 5 3 2 1 1 4 9 3 4 7 10 10 7 6 8 4 1 5
959 7 1 10 1 2 9 2 2 10 8 9 9 6 4 3 10 2 7 9 4 2 7 1 2 6
992 10 3 9 4 3 5 5 8 8 10 7 3 6 8 3 3 2 10 2 4 4 3 3 1 10
1157 10 3 5 8 6 3 9 4 8 8 4 6 7 7 9 7 2 6 8 9 8 6 7 10 10
833 8 1 1 2 7 9 8 1 9 3 6 2 8 6 4 8 1 2 10 5 5 9 4 2 9
1004 5 1 2 1 9 5 10 6 9 6 6 2 3 8 2 9 3 6 7 6 8 10 8 9 5
1067 4 9 1 4 9 7 8 5 6 4 1 6 1 10 7 9 3 7 6 8 4 6 10 7 8
889 2 2 2 7 3 8 4 4 8 7 8 2 5 2 8 7 1 8 8 5 2 6 7 1 8
10
968 9 8 6 3 2 9 3 7 3 4 9 1 2 3 1 6 5 6 7 4 1 10 6 7 9
935 9 5 9 4 5 1 10 8 3 6 1 3 4 8 4 4 3 1 10 2 6 7 9 4 7
988 6 9 2 9 8 1 6 4 8 10 7 6 9 1 1 8 9 7 2 1 3 2 2 8 10
872 6 1 4 2 2 4 8 7 4 4 6 5 3 6 4 8 9 10 3 1 9 4 4 1 3
1024 7 4 8 5 6 1 8 5 9 6 2 6 10 8 6 3 10 4 1 3 2 7 5 8 10
909 4 7 6 3 7 3 2 1 6 9 2 9 7 3 6 1 9 7 3 1 9 2 7 1 7
921 6 4 3 2 5 3 6 2 9 8 1 4 1 10 1 6 4 7 5 6 9 6 1 8 7
870 3 3 1 3 4 7 7 7 6 10 2 4 2 7 8 4 6 8 10 6 1 2 6 6 2
1045 3 8 10 5 5 5 5 10 4 5 5 6 3 8 10 9 6 9 7 2 1 10 7 1 1
1002 6 2 6 3 4 6 10 1 8 1 9 6 2 7 8 1 8 8 2 1 1 2 10 10 8
10
894 4 4 1 6 6 1 10 8 5 7 9 3 10 1 1 4 6 1 5 4 6 8 7 6 8
875 10 2 4 8 6 8 1 4 4 7 9 4 10 4 10 7 4 1 9 1 5 6 2 1 7
952 3 8 9 1 6 2 9 3 8 7 2 2 5 9 9 8 6 4 1 7 4 3 4 6 10
1078 2 7 7 7 8 7 9 7 8 8 7 4 5 5 3 10 5 2 4 9 3 6 8 8 8
1020 5 4 9 6 1 6 2 8 8 7 8 3 2 2 7 9 1 6 10 3 9 10 5 3 10
858 8 2 7 7 1 2 2 8 1 2 8 6 6 10 4 4 7 2 2 8 3 3 4 8 4
876 4 4 7 3 1 1 4 2 9 6 8 10 3 8 2 3 6 5 6 4 7 2 6 4 5
874 7 9 9 2 5 7 2 5 1 6 8 5 10 1 2 5 3 7 3 4 4 2 10 2 6
1107 9 6 4 3 6 8 2 1 2 9 8 5 9 9 10 7 8 4 1 2 8 5 6 8 7
768 4 2 7 4 5 6 5 10 2 2 4 1 8 1 3 5 6 4 6 4 7 4 3 4 5
10
966 8 8 9 3 4 9 4 1 3 2 5 2 3 3 7 5 8 6 7 8 5 5 6 3 7
1037 1 8 6 8 4 2 3 10 5 5 10 6 2 7 9 4 9 4 3 6 9 7 10 5 3
980 3 6 3 10 8 1 4 9 10 8 2 4 1 1 6 9 10 6 10 1 5 8 1 7 9
924 1 4 5 2 7 6 7 5 5 5 4 3 1 10 2 2 10 1 9 3 5 3 5 8 8
1089 9 5 6 2 3 9 6 2 10 8 5 10 4 2 9 3 10 2 5 5 5 7 10 10 9
1134 10 7 5 8 8 7 10 4 5 8 10 2 3 7 8 3 10 6 7 9 8 6 6 4 5
1083 8 7 6 5 2 4 10 4 9 8 4 2 5 6 4 8 9 9 4 10 8 4 6 8 6
1102 5 8 7 9 3 2 7 4 1 1 8 9 7 9 9 4 6 3 4 4 7 6 9 9 7
1130 9 3 4 6 2 7 9 5 6 6 6 9 6 7 8 6 3 8 9 8 2 10 8 5 8
906 5 5 2 9 10 3 4 2 8 2 8 10 3 10 9 6 4 2 4 1 8 3 2 2 9
10
1091 6 7 5 6 1 2 9 9 8 7 10 1 2 9 1 8 8 5 8 3 6 3 7 10 7
1004 2 8 8 7 7 9 4 7 8 10 1 1 7 3 7 2 4 3 10 2 10 2 10 7 5
932 1 10 4 3 5 8 3 7 6 5 7 8 5 3 8 3 10 10 10 9 4 5 2 2 3
1046 4 2 5 6 2 5 9 10 8 5 3 5 7 10 1 8 4 7 10 7 8 9 10 5 2
1049 3 6 1 10 4 7 4 8 8 6 9 8 6 1 2 4 7 10 1 3 4 9 3 10 5
1055 7 2 10 8 3 6 5 1 8 3 5 2 5 8 3 8 2 10 5 6 9 8 7 9 9
1130 8 3 7 6 4 8 9 5 10 10 9 10 5 6 2 8 8 2 3 2 10 5 8 4 6
1068 10 3 8 2 9 1 8 8 8 9 6 7 3 7 9 4 2 7 3 7 10 5 10 3 8
1002 8 5 7 6 8 5 2 4 8 10 1 9 1 5 10 10 6 3 3 5 9 5 1 6 3
1070 8 3 5 8 9 10 4 7 5 1 9 7 10 1 9 7 4 7 1 3 5 7 6 10 3
10
1104 5 4 3 9 2 9 7 9 6 7 9 7 10 10 1 4 8 7 5 4 1 3 5 8 7
896 2 1 10 8 2 2 9 2 5 2 7 4 8 4 1 5 9 6 8 3 2 10 6 1 10
1210 5 10 7 10 9 10 3 7 1 2 2 5 4 10 7 5 10 6 8 6 8 3 4 8 9
829 3 6 7 2 7 4 7 2 7 10 4 9 9 6 2 1 2 7 2 2 4 5 4 5 3
1131 5 4 5 9 6 5 6 8 8 8 5 4 6 7 2 8 3 7 7 5 7 10 9 10 8
877 7 10 1 1 5 7 6 4 10 3 5 5 4 2 5 2 8 5 8 8 1 1 7 10 5
847 7 4 7 7 3 1 2 5 8 3 7 5 6 3 4 2 2 10 4 2 7 9 7 2 4
1098 9 7 1 9 6 7 6 3 9 5 6 10 9 4 1 4 5 10 10 6 2 9 5 10 8
1280 3 8 10 2 5 10 4 5 6 9 10 6 6 8 4 6 9 8 10 10 9 9 10 4 6
1103 1 9 8 10 10 6 9 9 2 6 2 1 2 8 8 8 10 9 5 1 4 5 9 6 1
10
1129 9 7 8 10 9 9 1 5 2 4 6 10 8 10 9 1 3 10 5 5 8 5 2 3 5
966 3 9 5 2 5 2 10 3 6 4 10 3 7 6 6 1 8 2 9 3 9 5 9 9 6
992 2 6 7 10 4 7 2 7 4 2 8 8 3 8 2 1 8 2 8 7 6 3 5 8 5
802 7 10 6 6 2 1 9 2 5 8 3 7 6 9 8 5 1 3 5 2 1 2 1 1 3
963 2 8 1 2 2 6 4 6 5 6 6 7 6 5 2 7 9 5 6 9 10 4 6 9 7
978 4 4 4 9 5 3 9 3 5 3 6 9 8 8 8 2 1 6 6 4 10 5 5 8 6
1097 2 10 7 8 1 6 10 7 3 8 2 9 1 9 1 3 9 2 4 7 5 9 9 8 8
963 3 6 7 7 1 1 1 10 6 2 7 9 6 6 5 7 5 9 3 2 2 8 8 3 4
853 3 2 6 3 2 9 5 2 4 8 3 4 4 2 7 6 9 4 3 5 8 4 9 2 2
940 9 1 10 8 2 8 3 5 5 1 8 6 2 8 4 4 6 1 9 8 9 4 6 1 7
10
783 1 2 2 1 6 3 1 7 9 9 8 1 2 5 6 8 2 4 7 10 4 2 10 3 6
833 4 3 3 4 7 6 3 1 7 5 6 4 5 4 2 5 1 10 2 3 3 5 10 4 4
942 3 9 8 3 2 1 2 7 9 4 10 9 9 6 2 6 8 3 10 9 5 7 6 4 3
981 8 6 6 5 5 4 1 4 5 3 9 4 5 2 5 4 9 2 7 3 6 10 8 9 5
939 1 1 2 4 3 4 10 7 4 2 4 3 2 10 10 5 8 6 2 5 9 9 10 6 3
1044 8 4 8 4 10 10 10 6 2 1 7 7 7 9 7 9 4 4 7 8 7 5 4 1 3
849 4 9 4 2 5 7 4 4 10 2 3 6 7 6 4 2 5 10 4 3 4 2 5 7 3
1025 3 9 10 3 1 7 1 9 8 6 3 7 7 4 10 9 2 4 3 4 10 7 2 4 8
1078 7 6 10 1 5 1 3 8 9 2 2 9 5 6 5 8 7 6 8 10 10 3 3 9 10
936 10 8 8 1 3 5 4 1 10 3 10 7 5 10 10 1 8 6 1 8 1 6 1 2 7
10
846 8 2 1 5 4 1 4 5 4 4 3 9 1 4 9 3 6 7 10 6 8 1 3 6 7
914 10 1 9 4 6 3 9 2 6 2 5 6 8 3 6 8 3 1 5 6 2 10 9 3 7
841 5 8 6 6 1 7 4 7 7 2 3 5 3 1 4 3 1 4 4 7 5 6 7 2 10
851 4 2 6 4 9 5 5 7 2 10 9 1 4 1 9 1 5 1 5 8 1 7 2 9 4
805 2 6 1 10 5 5 1 8 8 10 10 2 10 3 5 1 2 2 3 4 10 6 1 5 6
824 2 5 6 4 4 3 3 4 10 4 7 8 10 3 10 3 7 4 7 4 5 3 9 2 2
907 2 3 5 4 10 4 9 10 7 5 2 4 4 10 6 5 7 4 8 5 5 1 3 8 3
942 4 3 6 8 4 6 7 9 7 6 5 3 5 6 10 8 6 2 1 5 4 10 1 3 7
1080 9 4 10 1 1 9 7 1 1 10 10 7 4 7 9 7 2 8 5 7 6 4 7 4 8
876 8 7 6 10 1 1 8 4 3 5 10 3 6 5 5 1 3 6 3 8 1 6 4 8 4
10
1122 9 6 9 3 6 8 3 6 9 8 10 5 2 4 9 6 6 3 7 4 2 7 9 9 6
949 9 10 5 3 7 10 9 6 8 4 3 6 8 1 1 8 4 7 5 1 8 1 4 8 3
801 1 5 5 1 8 3 1 1 7 4 5 6 1 1 7 4 5 10 5 2 1 3 7 4 9
972 10 1 10 9 10 10 3 5 5 3 4 1 10 2 5 3 7 3 2 3 4 9 5 5 5
1005 4 9 3 8 10 7 3 5 4 5 5 1 7 10 5 1 4 3 2 8 6 3 5 9 10
892 1 6 2 7 10 8 6 6 8 8 7 4 9 2 2 9 6 9 5 8 2 1 5 5 2
897 7 3 6 5 6 10 6 6 4 6 3 3 3 1 10 2 4 8 4 4 8 1 9 1 7
1168 10 4 5 10 2 1 6 6 5 4 9 10 5 8 8 9 9 8 10 10 7 3 6 8 9
908 3 5 7 8 7 1 1 9 4 10 8 2 9 2 5 3 9 1 7 3 6 7 1 9 7
935 3 8 6 5 4 4 2 8 10 2 5 8 9 2 9 5 10 6 7 9 2 9 1 6 5
10
1010 6 2 7 4 3 6 5 8 7 8 3 2 9 7 8 10 10 5 5 3 1 3 7 9 1
1053 4 9 7 6 5 10 3 3 2 9 9 7 5 5 3 3 10 9 9 9 3 6 8 1 1
1014 5 10 8 7 5 8 8 5 7 4 1 2 4 2 5 10 7 9 2 4 2 8 10 6 2
793 10 7 1 2 6 4 7 2 4 4 5 3 8 4 10 7 3 4 1 1 3 4 6 6 1
971 3 5 9 9 2 5 6 7 3 2 7 7 3 1 5 10 1 7 7 1 3 8 8 4 6
1091 2 10 7 5 2 8 9 10 1 6 10 2 7 10 5 1 8 8 2 10 5 9 3 7 5
895 8 8 2 2 10 2 9 9 6 10 4 3 8 6 3 6 4 1 3 4 3 5 1 9 4
857 2 1 2 5 7 4 10 3 4 4 4 10 8 4 10 6 10 1 4 4 9 3 5 1 4
908 3 7 1 9 5 8 2 7 2 1 8 1 3 5 10 7 9 4 4 7 1 5 2 8 4
1013 4 3 6 3 2 9 7 1 8 3 10 8 7 5 5 9 6 3 6 8 9 2 7 6 6
10
877 4 5 3 10 9 7 5 1 9 2 1 3 3 1 3 10 5 9 9 10 2 9 4 5 3
1191 8 8 9 5 7 7 10 10 7 6 1 4 4 7 9 5 10 10 1 2 5 1 7 10 6
1112 8 6 5 4 8 2 6 7 7 5 2 6 8 9 10 2 9 4 4 7 6 10 10 8 10
972 6 10 5 7 7 4 9 10 3 7 1 5 2 3 3 6 3 9 9 3 6 7 2 4 5
941 4 1 5 4 7 10 1 7 1 10 7 7 10 3 5 10 10 6 4 7 2 8 3 3 3
905 9 10 5 2 10 7 6 7 1 5 4 5 7 5 8 2 1 5 9 1 1 3 5 5 7
1043 10 1 8 4 4 10 1 2 10 10 8 4 4 9 8 1 2 2 7 6 2 9 3 8 10
1055 7 6 4 6 8 4 2 1 1 9 7 7 9 6 4 9 5 7 3 1 8 8 4 8 10
862 10 6 8 1 7 2 6 4 6 3 6 6 6 5 3 4 4 7 4 6 1 6 2 3 6
841 2 10 2 1 2 6 4 8 2 9 8 7 7 6 8 3 2 2 1 8 2 3 4 4 6
10
771 8 1 6 1 2 7 8 3 9 4 4 3 1 3 2 6 3 2 10 2 5 9 2 5 6
963 3 10 8 4 3 1 5 7 3 4 1 3 5 8 6 5 5 9 6 5 5 3 6 9 5
875 7 4 1 4 3 7 1 1 5 10 10 2 4 9 10 6 3 3 5 3 3 4 8 3 2
977 3 9 10 2 3 5 8 7 5 10 9 3 5 2 7 1 9 8 1 9 3 1 8 1 10
1044 10 1 3 8 6 6 2 6 7 5 8 2 8 10 7 4 3 9 6 9 3 1 1 9 10
993 10 7 9 1 1 9 10 4 1 7 7 1 1 8 7 3 3 2 7 7 9 3 6 1 10
1178 5 6 6 4 1 5 10 7 4 7 6 6 2 10 4 4 5 10 9 10 2 9 7 10 9
1057 7 2 3 10 5 10 8 9 5 9 7 10 7 4 3 1 6 2 4 2 1 5 9 6 9
1020 6 9 1 5 5 10 9 7 5 4 4 10 9 8 8 2 2 6 5 8 6 8 1 1 8
1037 7 9 3 1 2 6 10 4 9 7 1 5 10 5 9 9 9 7 1 8 10 3 2 7 9
10
957 1 1 6 2 3 5 10 9 8 2 9 1 4 10 7 9 5 4 1 6 6 10 2 7 4
1063 7 5 9 8 6 10 10 5 6 2 5 8 3 9 2 5 9 3 1 3 10 2 1 7 9
869 7 2 1 3 3 2 4 1 4 3 8 6 6 1 9 10 9 1 2 9 9 7 9 3 7
1065 2 10 4 1 5 10 4 3 6 5 8 10 2 9 5 1 10 9 7 3 4 6 9 5 3
907 6 1 5 10 10 7 7 2 4 9 5 1 1 4 2 5 1 3 4 9 9 10 8 7 2
865 3 9 7 10 10 9 8 2 8 9 3 4 10 2 8 5 4 3 1 4 3 4 4 2 5
930 3 2 3 4 3 4 10 3 4 1 10 6 4 1 2 9 1 7 6 10 6 8 8 10 9
1076 4 10 8 3 3 3 9 5 5 9 4 10 9 6 2 10 9 8 7 6 6 5 2 9 1
880 1 1 4 1 10 3 9 5 3 10 7 10 9 6 8 10 4 3 2 1 7 2 1 6 3
868 10 7 3 8 4 3 9 5 6 6 9 4 1 6 4 2 1 2 1 6 4 5 6 4 4
10
1009 5 2 8 10 3 8 4 8 10 5 5 1 4 3 8 4 5 8 4 3 7 3 1 10 9
930 3 1 4 8 8 5 3 3 6 1 8 3 6 7 7 8 8 4 4 8 8 7 5 7 1
1074 6 4 6 7 7 6 3 9 1 7 8 10 1 10 8 6 7 1 7 2 9 2 5 4 10
830 2 4 4 8 6 8 4 10 1 8 8 1 7 4 5 3 1 3 2 4 9 8 4 2 6
1041 4 6 4 8 10 10 2 5 6 1 6 8 8 3 6 10 9 8 8 1 9 1 8 1 2
1005 7 7 2 3 9 4 3 9 9 1 5 3 6 8 8 5 9 8 5 3 3 7 3 3 10
752 7 5 6 5 5 1 3 3 3 1 9 1 2 7 4 1 8 1 10 9 9 2 7 1 1
940 6 8 9 1 9 2 2 9 8 9 1 1 6 4 10 10 5 9 2 7 3 1 4 4 5
1104 3 5 9 4 8 8 6 10 5 9 7 9 4 4 5 5 2 6 4 1 8 4 9 1 9
1065 3 7 1 9 2 6 10 2 8 6 6 3 2 8 9 7 9 9 10 3 3 7 1 7 9
10
1152 1 4 8 8 8 10 8 8 6 10 3 2 7 7 3 3 6 8 6 7 10 7 2 9 9
986 1 10 3 6 2 4 4 10 1 2 10 7 6 2 6 3 7 5 3 6 9 6 8 4 9
834 2 3 4 7 5 1 8 6 3 9 3 4 8 3 6 5 3 4 10 8 8 3 2 8 2
899 3 5 2 1 6 10 6 9 1 5 4 8 6 5 7 3 7 5 8 9 3 3 6 1 2
976 3 2 2 9 6 2 10 8 7 2 3 9 1 7 6 10 2 9 10 9 8 7 5 1 5
781 5 10 10 1 2 4 4 3 6 3 7 10 3 1 10 2 2 4 9 7 1 3 1 4 3
830 3 4 5 5 3 10 6 9 2 2 2 1 6 7 2 4 1 3 7 10 9 4 6 5 4
927 7 7 5 4 5 2 8 2 3 5 3 3 8 7 9 9 6 5 4 7 4 2 5 9 9
890 4 4 4 1 6 9 5 7 6 1 1 9 7 4 1 10 8 8 3 2 4 6 7 2 2
1089 6 3 4 1 7 9 8 6 3 4 10 3 1 1 9 7 8 8 10 10 10 9 10 7 3
10
1023 9 2 2 2 4 3 9 5 10 3 10 8 10 8 10 10 7 10 2 6 8 10 1 5 4
1138 5 7 1 2 8 9 4 10 2 7 4 8 5 8 9 6 9 10 1 6 9 7 9 7 2
968 6 8 2 10 3 10 5 7 5 9 1 6 3 1 9 1 7 1 10 6 6 4 8 9 2
885 1 5 8 1 1 5 9 7 5 6 5 2 8 2 8 8 7 9 2 4 3 6 7 1 5
867 2 7 10 10 8 3 1 4 7 1 1 1 7 4 3 6 4 8 4 7 9 4 7 4 7
962 10 2 6 4 8 4 8 7 6 7 4 9 7 7 1 4 3 4 1 1 6 7 7 4 7
833 8 10 5 1 2 6 10 8 10 2 3 1 8 3 1 1 6 7 4 2 4 9 1 10 1
1007 2 1 3 5 4 4 9 10 2 6 4 8 8 8 7 10 7 9 10 9 6 1 7 3 2
1002 8 4 1 6 9 8 9 3 1 5 6 5 2 8 4 5 8 2 8 9 4 10 7 10 4
1046 7 4 1 5 8 8 8 8 4 8 8 6 4 7 8 7 5 5 1 4 2 9 6 10 1
10
970 4 5 10 9 7 5 7 9 9 4 2 10 4 5 2 4 4 2 1 4 2 4 7 9 1
915 2 8 2 8 3 10 7 5 10 6 2 7 5 4 10 1 4 2 8 9 3 1 10 4 6
758 2 5 4 2 2 3 7 9 2 10 9 5 7 2 1 1 4 6 10 5 8 3 6 1 2
1099 10 4 8 6 3 1 4 7 7 10 10 8 4 9 7 2 8 10 3 7 7 1 1 10 1
831 3 2 9 6 4 2 2 1 4 1 1 7 4 10 4 4 1 9 1 4 6 7 7 3 8
957 2 3 7 3 3 10 1 7 2 10 5 4 2 3 9 10 9 9 8 3 1 1 9 4 2
1045 3 6 4 7 1 2 3 10 9 4 4 3 8 7 10 3 7 5 7 1 9 8 7 9 8
879 1 7 9 10 4 8 3 2 4 5 3 2 6 8 3 3 4 1 2 6 9 7 9 4 2
853 1 4 10 9 9 3 6 5 4 7 2 5 10 2 2 4 4 9 6 4 10 3 1 1 7
853 3 2 2 6 4 10 3 2 4 6 8 1 7 1 4 3 10 1 3 3 8 3 7 6 7
10
1000 3 5 10 4 9 7 9 10 1 8 9 6 4 6 9 1 3 4 7 6 6 6 6 1 2
954 6 2 10 3 1 4 9 1 8 3 4 4 9 7 10 3 5 3 4 8 9 4 6 9 5
1094 8 1 9 1 4 6 2 6 2 8 10 8 1 1 6 6 10 10 10 10 6 5 8 4 9
992 5 3 7 4 2 4 7 10 7 9 3 4 5 9 8 5 1 9 7 1 7 1 6 2 9
864 5 8 3 10 4 5 1 2 3 10 2 7 3 3 6 4 9 1 8 4 3 10 2 2 10
1032 10 8 1 10 10 1 4 10 7 3 8 9 8 7 3 4 6 9 8 8 1 3 6 7 6
858 9 3 5 1 4 2 6 5 9 6 9 2 6 9 7 2 2 1 5 2 10 5 4 5 8
1025 2 3 9 5 1 3 4 5 2 8 7 10 7 10 7 6 9 8 10 2 2 5 3 4 2
956 10 2 10 6 9 2 3 1 4 8 4 5 5 5 5 4 10 4 1 1 7 3 4 7 9
897 3 10 6 5 4 9 1 1 7 2 9 3 8 7 3 3 9 1 4 5 7 9 2 2 7
10
984 2 1 10 9 2 6 8 2 5 10 7 10 9 1 6 6 6 9 4 5 4 1 6 3 10
990 8 9 1 2 9 6 6 2 4 9 5 6 4 3 1 2 3 10 5 5 9 9 6 8 4
1156 8 9 9 8 9 8 8 9 1 6 7 9 8 5 7 9 3 7 8 6 6 4 6 2 6
858 9 9 1 10 8 3 7 1 3 2 9 8 6 4 1 6 4 7 2 10 5 10 6 1 3
854 5 9 3 1 2 1 4 5 8 2 5 3 8 8 6 7 6 4 6 1 7 5 4 3 9
1046 3 4 7 8 6 7 9 9 5 5 5 10 2 2 8 6 9 6 6 3 8 3 1 10 5
916 1 1 6 2 3 7 9 1 6 9 4 8 4 7 1 3 10 6 3 4 1 8 9 6 5
1058 7 2 10 4 6 3 10 4 1 4 1 5 5 10 7 10 9 7 2 10 3 4 10 5 8
775 3 8 4 5 2 8 8 4 6 2 5 4 2 1 6 1 8 4 4 9 4 2 2 5 2
1155 4 7 9 6 6 9 10 8 4 4 7 10 10 8 7 9 5 2 7 9 4 8 7 3 7
10
946 2 9 4 6 3 9 6 5 10 9 1 10 1 1 7 9 6 1 1 4 5 1 8 2 8
777 6 5 1 7 1 1 5 7 2 2 3 3 6 2 2 3 10 3 5 10 9 9 3 6 1
902 1 5 2 1 4 5 10 6 9 6 3 4 5 1 7 4 7 10 10 9 7 8 1 3 10
948 5 10 10 2 7 3 5 1 3 4 4 4 7 6 5 2 7 7 2 8 3 9 4 8 8
831 2 6 7 5 4 8 9 9 2 5 9 4 7 4 3 1 9 3 5 6 3 1 1 1 8
1011 7 9 10 5 9 5 7 1 9 1 7 3 9 7 6 6 4 8 2 9 8 6 10 3 3
909 2 7 5 2 7 1 4 4 9 9 7 8 2 6 7 5 4 6 8 1 8 2 1 5 10
892 10 3 8 1 4 9 9 2 7 10 8 3 2 8 8 3 4 7 1 10 8 2 2 1 2
894 1 2 5 9 5 8 3 1 2 6 5 7 6 10 1 6 2 6 6 4 6 7 4 6 5
956 4 1 9 3 2 5 7 8 6 10 2 1 10 4 2 5 4 7 6 8 1 8 5 9 7
10
1089 1 3 8 9 6 4 1 9 2 9 4 6 7 5 3 3 9 8 6 7 10 9 6 3 10
958 7 8 8 8 9 7 1 4 4 2 5 6 4 1 2 4 9 2 8 4 8 7 6 8 6
857 6 7 6 4 6 7 7 8 2 7 2 8 4 4 2 4 1 1 6 5 10 9 4 4 1
1059 6 4 2 5 6 8 1 2 10 5 10 5 5 6 7 10 7 3 2 9 10 4 8 7 9
1123 6 4 10 6 7 9 6 5 6 4 3 9 9 5 6 8 5 6 8 3 4 7 10 8 4
914 5 6 8 7 6 5 1 3 7 4 4 2 7 5 8 3 3 8 7 10 8 1 4 5 10
1049 5 3 10 7 10 4 2 1 4 9 2 6 1 8 2 9 10 4 10 8 7 9 8 4 8
1017 4 7 9 9 9 7 3 3 10 3 9 6 4 9 2 2 5 6 4 2 1 5 8 1 8
913 8 10 10 8 2 7 3 9 5 5 7 4 3 4 1 6 6 1 10 8 2 2 5 6 2
1048 3 6 6 2 7 7 4 10 10 9 3 10 10 7 3 1 10 6 3 2 7 6 5 6 5
10
913 9 3 1 9 8 4 3 6 7 1 10 9 7 1 3 1 6 4 9 4 2 4 10 7 9
1055 8 1 5 9 2 8 4 7 1 6 9 3 2 9 8 8 4 1 4 9 3 4 5 10 8
868 10 2 5 4 3 5 1 2 3 1 10 5 2 10 3 8 4 6 1 10 3 2 6 4 10
1060 7 8 10 8 9 1 8 10 7 10 1 3 10 2 1 1 9 4 4 1 1 10 7 8 8
1008 1 4 9 10 5 8 4 4 8 7 10 4 5 2 9 7 6 4 3 1 9 5 3 4 5
921 8 7 2 8 6 10 7 3 5 1 2 6 7 10 2 6 4 1 2 4 10 2 8 4 7
781 5 6 1 1 1 2 8 1 3 8 9 7 8 4 8 6 4 4 1 6 1 6 6 1 6
880 10 8 3 6 4 4 8 4 2 2 3 4 2 3 8 5 1 10 7 7 4 4 3 7 10
846 8 2 10 8 10 1 7 3 2 5 2 1 10 10 2 4 5 4 2 9 1 7 2 9 4
933 3 5 6 9 6 4 5 9 8 2 5 6 10 9 3 5 2 1 5 6 5 5 10 2 10
10
1018 8 5 1 6 1 1 3 2 7 10 7 2 8 10 8 7 8 10 6 1 9 5 3 7 6
802 4 8 4 2 3 5 7 3 3 5 8 2 3 2 7 3 6 4 7 5 1 1 10 2 5
1059 4 10 10 4 3 4 10 10 4 9 8 8 9 2 1 7 8 5 6 5 7 1 1 7 9
1068 1 10 4 10 9 7 3 6 9 5 2 3 5 5 7 2 2 9 1 4 7 6 10 8 8
982 1 1 6 5 4 10 4 4 9 7 9 2 7 9 9 7 3 7 7 1 8 4 5 6 5
1111 4 9 1 1 1 8 5 10 6 7 2 9 1 6 9 1 7 3 10 10 7 9 8 9 10
1027 5 3 10 10 3 7 3 1 10 10 10 5 10 4 5 9 2 5 6 5 2 1 9 6 6
961 9 1 3 6 6 10 2 1 7 8 6 10 2 3 6 10 2 4 8 5 10 9 4 1 6
960 1 3 4 8 7 2 7 7 9 10 2 10 3 10 1 7 3 10 2 3 8 1 7 4 4
927 4 4 7 3 3 1 1 5 5 2 6 10 8 3 9 8 3 9 4 4 2 2 5 6 10
10
937 7 8 7 4 5 2 8 3 10 9 5 6 2 4 8 8 8 1 6 9 8 7 3 3 3
936 8 10 9 4 7 6 7 3 4 1 1 4 4 10 9 6 3 5 10 9 4 1 7 6 2
991 2 7 4 4 6 9 8 5 6 6 4 4 6 6 8 5 7 8 8 9 2 4 4 9 4
740 1 3 2 3 6 5 3 6 7 4 2 1 1 4 6 1 7 7 1 1 4 7 7 2 9
926 6 7 4 9 1 7 6 1 8 1 1 6 9 6 7 10 1 7 7 1 10 7 2 7 5
937 6 1 7 10 3 3 2 10 4 3 7 3 8 8 3 6 2 4 4 7 4 4 6 7 10
913 6 4 2 8 10 4 4 3 1 3 4 10 6 7 9 1 3 5 6 1 7 6 7 8 5
1110 8 3 10 4 9 5 9 10 3 8 4 2 4 9 7 8 6 6 5 6 9 7 6 7 3
1222 9 10 6 4 9 8 1 10 6 8 4 10 1 6 5 10 8 7 4 8 7 6 5 10 2
1013 2 5 3 5 8 9 3 9 3 8 5 7 1 8 5 10 2 1 6 1 6 2 10 10 3
10
917 1 4 10 2 7 1 2 9 7 10 1 1 3 4 3 6 6 10 8 2 7 2 2 5 8
945 2 3 5 3 2 8 6 9 6 9 4 7 1 7 4 5 8 9 3 8 1 6 5 1 9
1145 4 9 1 10 8 3 1 3 9 7 7 10 4 9 10 4 6 10 8 6 8 1 8 5 10
833 3 7 5 8 7 4 10 2 10 3 1 5 2 1 7 7 1 8 3 5 7 9 1 5 6
1008 10 8 3 1 8 10 10 5 8 10 1 3 9 9 8 8 10 10 5 6 1 6 2 1 1
1072 1 3 9 5 6 2 9 2 6 5 10 9 10 2 9 9 5 8 7 7 9 6 7 5 10
1042 9 8 10 7 8 2 1 7 1 4 10 10 3 6 5 7 2 6 6 9 6 4 9 7 1
969 9 10 2 10 9 7 9 9 7 3 1 2 4 5 4 5 3 4 3 2 7 4 8 4 7
874 1 6 3 7 4 10 6 6 6 9 7 5 10 2 9 8 3 4 1 1 8 6 2 1 6
1132 3 3 10 10 9 9 4 3 6 3 7 9 7 9 10 10 3 9 5 5 5 7 6 3 7
10
879 3 4 10 2 8 5 4 7 2 5 8 4 9 5 7 3 6 7 1 8 2 7 5 3 1
976 4 4 1 3 2 7 5 2 7 10 5 4 10 5 6 2 8 3 2 10 8 6 10 10 10
1141 3 3 1 10 9 9 9 6 5 8 9 9 4 4 6 9 6 5 8 6 6 4 7 10 10
1012 10 6 4 3 6 7 9 8 5 2 4 10 4 6 7 9 7 3 6 6 1 1 2 5 10
867 5 7 10 2 7 2 2 9 3 2 3 9 8 9 5 4 4 2 5 1 8 6 3 1 6
813 8 5 3 4 8 5 4 9 2 4 5 6 10 1 3 10 4 7 4 6 1 1 4 5 4
1041 4 3 9 7 6 6 10 9 4 4 1 2 1 10 5 1 9 7 6 8 10 5 5 10 3
923 6 7 1 2 9 1 2 6 9 9 8 1 3 1 1 4 8 10 10 8 10 1 10 8 3
1123 9 5 10 10 2 9 2 3 10 5 7 4 8 4 2 3 6 8 8 1 7 5 3 10 8
872 2 9 4 5 8 3 2 7 3 8 2 3 7 5 5 9 3 7 8 6 4 9 5 3 2
10
1028 3 7 6 10 3 5 3 9 7 5 7 5 5 4 7 2 7 7 2 10 7 1 8 4 7
1045 10 9 4 6 1 2 9 10 5 8 7 1 2 5 10 6 10 9 10 2 4 3 5 2 6
938 5 3 7 2 7 3 4 4 7 4 8 6 8 10 2 9 5 2 1 8 8 6 3 9 6
1085 3 4 7 10 2 10 10 10 8 6 3 10 4 3 4 4 4 2 3 7 10 8 10 1 7
845 6 3 9 9 1 6 1 2 8 5 2 7 9 1 6 7 5 3 10 3 1 3 8 4 4
987 5 8 10 1 5 3 2 6 7 8 7 9 4 2 8 1 6 10 9 10 1 5 3 5 10
1000 5 10 9 8 6 1 3 8 5 1 8 10 3 9 7 5 1 4 2 2 6 3 9 9 2
1044 5 2 4 7 8 9 10 10 6 10 7 4 8 8 10 7 6 1 10 10 6 2 4 5 2
891 1 3 3 8 4 9 7 7 6 6 5 8 1 6 8 3 8 5 6 2 4 4 6 1 4
914 6 7 5 6 4 4 3 1 6 5 3 5 1 5 7 3 4 9 4 2 9 7 5 10 5
10
1117 10 5 10 3 5 8 10 8 2 6 3 8 10 9 5 3 6 10 2 3 7 1 6 5 3
1074 1 9 9 1 9 9 5 4 8 9 8 4 9 7 5 1 5 5 1 3 10 2 8 6 8
826 10 5 1 1 6 9 5 5 5 5 2 6 2 8 2 3 4 5 2 1 6 10 5 1 3
1050 1 5 2 2 8 5 5 3 5 8 10 10 4 6 10 5 6 10 2 8 7 10 8 1 8
1203 7 7 6 7 9 7 9 1 3 9 8 6 10 7 1 3 6 7 9 4 6 10 10 10 8
821 7 5 4 5 2 1 5 8 4 4 5 5 4 10 4 6 3 1 1 9 2 6 7 5 2
1040 1 8 2 10 5 6 7 9 5 6 9 7 4 2 8 5 1 7 8 8 7 6 6 8 4
901 9 3 1 8 5 3 5 9 10 6 8 6 10 5 6 7 5 4 3 1 1 2 5 8 3
1182 10 9 5 8 10 9 4 8 5 7 6 1 2 9 2 6 3 6 6 3 9 8 5 8 10
799 2 4 8 1 1 4 3 5 4 3 1 10 1 2 4 7 2 5 5 5 10 5 5 6 5
10
871 2 2 5 7 2 10 3 3 9 7 3 8 1 8 3 3 7 3 6 6 5 5 5 4 1
893 1 5 4 9 4 9 7 3 5 3 9 9 3 1 1 4 2 5 3 4 7 2 4 8 6
1108 10 4 9 1 7 5 7 7 2 10 7 9 6 1 4 9 7 8 9 2 8 4 6 2 9
922 4 6 5 8 10 4 9 8 6 1 2 1 10 9 3 9 2 4 8 10 6 4 1 9 2
1159 1 7 8 8 9 4 3 7 6 5 8 6 6 1 10 10 5 10 6 2 1 8 10 8 10
956 10 3 7 2 5 4 3 6 5 7 3 9 7 3 7 5 1 4 6 6 8 6 2 7 7
975 6 9 10 5 1 5 4 5 2 4 9 5 8 5 2 9 10 4 9 1 9 6 4 1 7
857 9 7 1 5 8 6 6 1 7 1 6 10 2 5 1 5 2 4 5 8 5 4 4 9 3
924 3 8 9 8 2 2 2 6 6 3 9 5 1 6 6 10 2 4 5 7 2 4 9 10 1
1001 8 3 8 4 6 4 4 4 1 9 4 5 9 9 8 4 7 8 10 6 2 9 3 2 4
10
1013 8 6 4 5 6 2 1 4 7 5 3 5 7 10 1 3 9 10 2 10 6 5 10 3 10
1103 1 5 6 10 6 7 4 10 1 2 9 6 10 3 5 8 10 9 7 8 4 6 1 9 7
1011 5 4 3 10 10 7 7 6 9 4 3 3 1 5 3 10 7 10 5 7 6 4 4 3 5
848 10 9 4 3 5 4 5 4 4 8 7 3 9 1 3 2 1 3 3 1 3 6 2 10 8
1149 8 3 1 1 9 9 4 4 10 2 7 7 10 10 8 6 10 6 10 9 4 7 5 10 10
1096 1 10 3 2 6 8 7 9 8 1 5 10 2 8 10 4 5 10 9 1 5 6 6 5 10
1097 8 9 5 9 4 2 10 7 7 6 3 4 1 8 7 9 9 7 4 6 6 9 7 7 1
873 1 5 8 3 1 2 1 8 10 5 2 3 1 8 7 9 4 5 4 10 3 5 9 5 5
838 5 2 2 4 5 4 3 1 8 1 6 9 3 5 7 9 2 7 8 9 10 5 4 2 3
847 7 6 6 1 10 8 8 4 8 3 9 6 2 5 9 2 5 1 10 1 3 4 1 7 1
10
1037 3 6 6 1 8 1 6 5 10 8 9 4 7 5 3 7 7 2 10 8 6 5 7 9 10
862 10 4 1 10 8 6 1 1 2 8 1 8 5 4 8 1 8 3 9 7 3 6 7 1 2
999 9 7 1 7 8 6 1 6 4 1 6 8 3 6 1 1 4 9 6 7 8 9 6 10 1
970 9 1 6 3 8 4 2 3 7 9 8 5 7 1 8 4 8 10 4 10 7 8 6 1 9
1146 9 5 10 8 2 3 8 5 8 4 8 9 9 3 6 8 5 5 10 5 6 3 6 10 9
874 1 6 6 10 6 2 1 8 6 6 9 5 1 3 2 9 2 3 6 1 7 8 2 3 5
895 3 3 4 10 3 8 2 2 9 5 6 10 3 1 6 5 8 3 2 3 10 2 6 7 1
912 4 4 10 2 2 8 8 2 10 7 4 6 10 2 9 4 3 3 10 5 2 10 4 8 5
1004 4 8 8 7 10 2 2 3 1 6 10 2 2 10 9 1 8 1 9 10 8 10 8 2 10
940 5 6 7 4 4 2 5 6 10 3 9 3 9 10 5 2 2 2 4 7 8 4 10 1 9
10
853 1 5 1 7 9 6 4 1 8 4 5 1 2 9 9 4 7 7 2 6 3 9 1 8 6
944 5 5 1 3 1 9 6 9 3 6 10 6 6 9 3 1 5 1 6 8 9 6 9 2 8
1084 9 7 8 5 5 8 2 4 4 8 1 8 2 6 10 9 4 7 10 6 10 8 3 1 9
947 6 7 1 6 3 4 3 9 8 4 9 5 4 10 3 5 9 4 2 9 9 1 1 9 6
1173 2 8 9 4 8 8 7 10 1 6 8 5 1 1 9 9 10 9 7 9 10 8 5 10 1
1147 10 1 6 6 3 8 5 7 5 9 10 3 6 8 10 10 3 5 10 10 3 9 9 9 4
1058 7 3 9 2 1 3 3 7 3 8 6 8 3 2 9 10 2 8 10 8 7 10 8 2 9
1091 6 9 10 8 9 7 1 6 8 7 3 1 8 8 6 6 2 5 10 10 1 9 9 9 7
990 6 4 8 8 1 3 9 8 3 9 10 8 7 2 3 6 6 5 10 7 4 6 1 6 9
1051 9 10 4 1 6 9 10 6 4 4 4 3 9 10 10 3 5 4 10 5 5 8 2 8 6
10
835 1 6 4 10 9 7 6 2 6 1 7 3 2 5 2 5 3 4 4 8 9 3 3 6 8
1141 2 3 7 10 1 7 7 9 5 3 5 10 1 10 1 10 1 9 9 5 9 2 5 8 9
841 5 2 7 4 3 6 9 2 5 4 4 7 1 3 5 2 9 6 1 5 9 2 7 7 1
871 6 4 5 8 5 9 2 2 2 7 7 6 6 6 3 9 2 9 1 6 4 3 4 5 3
906 1 10 7 8 9 5 5 10 6 7 4 5 5 2 2 2 2 3 1 8 4 10 5 4 8
942 10 2 2 10 2 5 10 1 6 4 5 7 5 9 8 5 4 7 5 1 5 7 2 6 6
1059 6 4 6 9 9 8 9 2 1 9 8 9 9 4 6 4 8 6 1 5 1 6 6 3 9
952 2 6 6 6 7 4 3 6 9 10 1 4 10 10 2 4 10 4 1 7 5 1 6 4 9
1035 4 4 2 7 2 10 2 2 3 7 3 4 7 7 5 3 7 10 2 5 10 8 3 6 10
893 6 7 9 9 1 2 8 5 6 10 5 6 1 2 1 4 10 1 3 4 4 5 3 7 3
10
1036 8 2 7 5 8 4 9 5 1 5 4 8 10 10 4 1 10 10 7 3 7 2 4 3 6
961 4 10 9 6 9 3 7 9 8 4 6 1 1 10 7 5 3 5 5 8 1 10 2 7 3
928 8 1 1 6 1 1 3 3 4 1 10 9 9 6 1 8 6 9 6 10 4 5 6 10 6
1014 3 10 9 7 8 3 10 6 4 6 8 6 8 2 10 1 9 9 2 8 1 2 5 8 7
943 9 8 10 1 6 6 4 7 3 9 4 1 10 10 1 5 2 5 1 6 4 4 6 3 9
906 10 3 1 5 2 5 3 4 4 8 5 6 9 1 5 8 10 7 8 3 3 8 8 1 2
720 5 4 1 4 10 1 9 1 8 6 1 10 4 1 2 1 1 1 5 10 3 6 7 8 9
970 9 3 3 8 1 10 2 9 9 5 10 7 2 3 4 2 1 4 6 10 3 1 7 7 7
1104 7 1 8 10 3 3 3 5 4 3 4 7 1 10 8 7 10 6 8 1 2 5 9 7 9
910 2 3 8 5 4 4 1 4 8 9 10 4 1 4 1 9 3 9 3 3 3 3 9 6 7
10
980 6 8 1 10 6 8 4 4 10 6 2 1 3 7 1 6 8 7 6 4 1 3 2 9 10
939 5 7 1 8 8 8 7 6 8 8 2 5 10 5 8 2 9 4 4 1 1 3 4 3 5
1050 9 7 9 2 1 2 8 2 7 6 2 10 5 8 3 8 1 10 9 4 4 5 4 9 9
900 9 5 1 10 5 2 1 9 3 1 3 4 4 7 5 3 4 4 3 1 9 10 4 4 10
663 9 9 1 2 5 1 1 1 2 2 9 7 2 6 2 8 3 1 7 5 4 10 2 4 1
877 10 7 4 6 9 5 2 6 2 2 7 6 1 4 2 2 9 2 6 9 4 2 4 8 2
888 8 4 2 4 1 5 6 5 9 5 9 8 3 10 3 9 7 2 8 6 6 4 1 1 3
1201 2 3 9 10 10 7 10 8 2 10 6 6 3 10 6 1 3 10 5 10 6 6 3 9 7
887 8 1 2 10 3 6 4 9 4 1 4 8 1 8 9 5 4 10 8 4 4 1 1 1 4
1114 4 8 10 2 3 8 7 3 7 10 5 9 2 1 10 5 10 6 8 9 7 6 9 4 4
10
1070 3 10 7 5 7 3 8 8 9 10 1 9 9 10 3 10 4 9 3 4 2 7 2 2 8
1037 1 2 1 2 10 4 3 5 1 10 10 1 3 9 8 1 9 9 8 1 10 9 6 2 10
1039 7 1 6 4 6 3 8 7 9 7 1 8 10 2 6 10 9 9 4 3 2 9 8 10 1
1089 2 6 8 10 4 10 8 9 7 5 5 7 3 6 2 6 10 9 5 7 2 10 8 1 1
932 10 9 6 8 2 6 10 6 8 1 7 1 3 1 10 5 6 5 6 6 6 3 8 6 2
1142 9 7 4 3 9 5 3 4 2 10 9 9 3 9 7 6 7 7 4 8 10 4 4 8 8
859 10 6 5 5 3 10 10 8 5 4 4 3 2 5 5 1 3 2 5 8 3 5 1 4 7
944 5 3 4 2 7 1 6 8 1 10 1 5 3 4 10 10 8 9 3 1 3 7 8 3 2
933 1 3 2 2 7 10 2 1 7 7 10 4 5 9 9 3 9 2 5 3 4 5 5 9 1
934 3 9 7 6 9 7 6 1 8 4 5 1 7 10 5 2 5 3 3 6 9 8 7 5 1
10
976 10 8 6 8 7 8 3 5 5 5 7 9 10 8 3 2 6 1 7 1 2 9 2 1 4
1025 3 8 5 8 10 6 7 8 3 2 6 7 3 5 4 7 1 7 6 7 7 3 9 10 5
1003 7 4 3 5 9 5 8 9 8 8 7 9 10 7 1 3 2 3 2 3 7 5 6 8 8
931 4 1 2 3 9 5 8 9 6 6 8 1 3 6 10 9 9 4 6 1 10 10 5 2 1
1109 8 1 4 10 1 1 9 10 7 7 3 6 10 8 5 7 10 9 6 2 1 8 7 4 6
855 9 5 8 1 10 4 9 4 7 1 6 3 5 6 2 4 1 5 9 10 3 7 7 6 5
982 4 6 4 2 9 7 2 7 1 7 5 10 6 3 10 3 4 6 7 8 9 8 6 1 4
976 1 8 8 1 9 7 2 4 8 5 7 1 7 3 7 7 3 4 5 4 9 3 10 10 5
1118 10 6 8 1 10 9 4 8 2 6 2 10 7 8 8 2 1 7 3 4 8 5 8 9 2
976 2 2 1 7 8 5 9 9 2 7 4 6 3 4 10 9 10 10 6 7 1 9 8 1 2
10
1001 3 4 6 8 5 10 8 4 7 8 4 3 3 5 9 5 6 1 6 8 2 3 7 4 10
907 7 1 3 8 3 10 3 7 4 7 3 2 8 9 5 3 5 2 5 8 9 3 2 7 4
1013 3 7 9 6 6 8 9 6 8 10 5 9 9 7 6 4 4 4 7 3 5 6 2 2 6
1061 5 2 7 5 2 10 9 4 1 8 10 5 6 3 5 10 10 4 10 7 6 8 3 5 6
814 6 7 2 2 4 7 2 8 9 4 4 5 10 6 7 9 1 3 3 8 2 8 2 3 4
864 1 1 7 6 9 5 6 9 1 1 3 3 4 10 10 5 2 7 7 3 4 2 7 3 5
1101 9 6 8 6 7 3 4 6 4 7 3 4 8 4 7 9 10 8 10 6 8 3 10 3 9
925 3 3 2 6 1 10 6 2 5 9 3 7 6 10 1 9 7 5 5 5 5 4 3 10 2
821 2 9 9 9 1 9 1 4 2 2 1 2 2 6 6 4 4 5 3 2 5 3 6 1 8
758 2 1 4 2 6 10 3 5 1 4 3 8 3 2 2 6 4 6 9 8 6 7 2 5 3
10
979 5 3 7 4 6 3 10 9 6 9 6 1 5 10 10 2 2 3 2 8 9 2 7 5 6
804 2 10 7 1 3 8 5 2 2 4 3 8 6 1 3 9 4 4 10 6 5 5 6 2 1
871 4 2 8 3 1 3 8 6 10 9 1 4 5 2 4 10 4 4 1 1 4 7 10 2 5
754 1 5 3 4 6 4 2 8 3 4 5 3 2 1 4 2 6 9 3 2 2 6 3 1 7
996 2 3 9 2 10 10 2 5 9 1 5 7 10 10 2 8 1 4 5 7 4 8 4 7 9
1024 7 3 7 5 10 3 3 9 6 1 10 3 1 1 8 10 3 10 8 1 10 7 3 9 3
963 6 10 4 7 3 8 1 3 10 6 8 2 8 8 5 5 8 1 6 5 9 4 3 2 9
961 9 9 7 7 10 1 5 6 1 5 8 7 9 3 3 9 5 8 1 3 1 8 10 5 1
1121 6 9 10 1 10 10 7 2 9 3 9 6 6 9 8 5 4 5 7 1 6 6 6 7 9
919 6 2 6 7 2 2 10 9 2 3 8 10 4 4 8 4 1 3 7 10 2 2 3 5 10
10
951 5 2 8 8 6 2 4 3 4 7 2 4 1 1 4 6 10 6 4 9 9 1 7 8 6
866 9 7 2 3 9 2 8 6 9 6 2 3 6 3 1 2 5 8 4 3 8 7 4 7 1
897 1 6 3 1 5 1 2 7 2 9 3 7 2 10 6 2 5 9 5 6 2 7 4 8 10
1043 9 4 3 9 2 2 9 10 7 8 9 8 10 3 7 7 6 5 9 4 9 9 3 1 7
990 4 8 4 7 10 6 5 3 5 4 10 5 9 4 9 8 10 1 3 5 1 7 5 10 1
1060 3 4 2 7 5 10 7 6 4 2 4 9 8 6 3 7 10 3 9 2 5 1 9 7 7
1108 8 7 7 4 7 9 8 6 2 7 9 4 4 8 5 8 1 9 10 4 9 2 4 9 3
901 3 5 2 7 6 9 2 4 1 3 5 4 8 4 9 7 8 3 4 5 8 9 9 2 2
1049 3 2 1 6 1 5 1 6 9 9 4 7 7 9 5 6 10 8 3 8 3 6 5 8 8
1005 10 4 4 7 8 9 7 7 5 8 6 7 2 2 8 10 3 3 9 1 2 8 10 1 1
10
847 3 9 9 1 5 6 7 2 3 7 9 1 6 1 2 3 8 1 9 6 3 4 10 7 3
1046 3 4 7 6 9 4 3 3 10 10 7 2 10 2 10 3 9 7 2 1 5 10 7 10 5
882 4 4 1 1 1 5 5 6 2 6 7 9 6 2 9 6 3 6 1 7 7 3 8 8 3
1041 6 1 2 9 9 3 7 4 1 8 6 7 9 2 10 4 6 5 8 4 6 4 9 7 10
881 3 8 8 6 2 3 3 7 4 5 3 9 6 6 6 2 7 3 10 9 1 7 6 1 1
954 8 9 7 6 4 6 6 5 7 9 1 6 5 3 1 10 6 2 8 4 2 10 7 3 8
809 2 1 4 2 9 7 1 5 4 2 6 6 9 2 6 1 9 8 1 1 3 3 9 1 10
1115 4 5 6 6 10 5 8 9 5 8 6 1 9 8 3 9 3 10 3 4 6 10 9 3 10
1086 7 6 1 3 9 7 4 2 9 10 6 10 6 4 10 5 8 8 9 5 7 6 3 8 6
849 1 3 1 4 3 9 1 2 2 9 9 3 3 2 10 6 3 4 5 3 10 7 7 3 6
10
1061 5 8 1 5 2 9 6 1 6 10 8 10 10 3 5 1 10 6 3 3 1 10 3 10 8
1016 1 5 3 5 7 4 2 8 8 3 9 8 8 9 4 3 7 2 4 10 10 4 10 8 5
898 10 4 4 5 6 3 4 7 1 10 7 1 10 2 10 1 2 3 9 4 9 1 10 4 9
1119 10 7 5 6 8 7 9 7 9 9 9 3 1 10 3 9 5 7 3 2 2 7 6 1 9
959 1 8 7 2 4 7 2 9 3 6 2 7 7 10 3 6 4 8 8 6 6 6 2 5 7
828 3 2 4 5 7 7 3 6 5 6 8 5 8 1 9 10 1 1 10 8 10 5 6 2 1
906 6 3 7 6 6 3 4 8 1 2 10 5 2 4 4 5 6 4 2 2 10 7 6 9 2
1020 6 6 3 2 4 10 2 7 1 1 3 7 3 9 3 1 10 2 8 9 7 7 10 9 2
890 8 2 6 5 6 1 2 3 7 1 5 4 6 7 6 8 10 6 4 6 4 5 9 8 1
975 4 7 8 10 3 3 1 3 8 1 10 8 9 8 5 6 9 1 7 1 5 5 3 4 5
10
999 2 1 6 6 7 9 8 10 3 2 7 10 6 3 7 8 4 9 3 3 6 9 3 3 6
1015 4 3 1 3 5 7 2 3 4 7 2 10 8 7 10 8 8 7 9 9 1 1 5 10 10
1025 10 2 1 3 10 5 7 1 2 5 9 10 3 6 4 9 5 2 7 8 6 10 7 7 7
992 7 1 9 8 9 4 8 5 8 3 5 3 1 10 4 4 7 2 7 8 8 5 9 8 3
889 10 5 7 1 5 1 10 8 5 2 4 10 7 10 2 3 2 5 2 4 5 4 3 1 9
871 1 3 1 7 3 10 8 8 8 10 3 4 10 5 7 3 9 4 1 8 2 4 1 1 4
968 7 1 5 6 9 5 9 10 4 5 6 2 7 3 1 5 7 8 1 1 6 6 8 2 6
883 4 2 9 2 1 9 8 6 8 1 3 10 3 3 5 3 2 7 5 10 8 7 2 8 3
966 8 1 10 3 3 2 8 9 9 4 2 6 10 4 9 1 5 7 9 1 3 6 4 8 7
944 2 5 7 1 7 3 3 7 9 2 9 9 2 2 1 8 3 9 10 6 1 4 6 9 8
10
1136 2 8 4 6 9 9 2 9 5 6 9 7 3 8 1 7 10 6 7 9 10 3 5 9 1
1018 7 4 6 10 8 6 10 10 7 7 6 2 4 2 9 7 9 1 2 8 8 3 6 5 2
1037 9 5 8 5 8 10 4 7 4 9 3 7 10 1 6 3 7 4 5 3 4 5 7 6 7
850 2 7 1 3 8 7 10 2 6 8 3 2 7 4 7 7 6 6 7 8 3 6 10 1 1
790 4 2 6 5 1 8 10 2 3 1 1 10 8 3 4 3 10 1 6 5 7 8 4 3 4
849 7 5 6 10 2 2 7 1 3 3 8 9 6 2 3 3 6 8 3 4 9 3 5 1 3
1241 4 8 1 10 4 8 6 5 4 8 9 4 7 9 5 9 10 9 7 2 8 7 8 10 10
993 7 2 4 4 6 3 10 6 7 6 1 4 5 3 10 8 5 10 7 9 2 4 8 10 2
786 8 2 4 3 6 4 10 9 8 6 2 3 6 1 5 2 6 1 3 8 7 9 2 3 3
907 4 7 2 8 10 8 3 2 5 3 5 10 1 6 5 9 3 4 5 2 8 5 10 2 1
10
1043 8 7 9 3 3 10 7 1 7 8 7 5 3 9 8 5 2 4 9 6 2 6 2 4 9
1091 6 9 9 3 6 8 1 5 8 9 8 3 8 4 10 4 9 7 5 10 10 4 4 8 5
834 9 3 8 7 1 6 5 3 3 5 8 4 4 3 5 10 10 4 1 4 6 5 3 1 1
1182 9 6 10 7 9 10 10 1 5 8 2 6 7 8 1 10 8 9 1 4 8 6 8 4 3
940 6 5 9 4 7 1 6 10 5 5 5 10 1 8 7 2 5 2 9 7 1 2 3 10 3
1122 2 10 8 8 9 8 3 3 9 7 10 9 10 10 7 10 4 6 5 6 6 1 4 4 8
877 8 8 4 1 10 8 3 7 2 2 6 5 5 6 3 1 10 4 1 6 2 4 2 1 9
760 5 1 3 7 8 1 4 3 3 4 3 4 2 2 5 2 6 7 4 7 2 5 8 4 9
1052 2 1 2 9 2 7 10 8 7 3 2 2 1 9 10 9 10 6 9 4 10 3 5 10 3
963 1 1 2 10 8 4 8 4 10 6 1 5 1 6 5 9 6 2 10 8 2 6 10 9 6
10
926 4 5 6 5 9 7 2 7 9 5 5 2 10 5 2 4 4 6 6 8 6 6 4 5 8
948 8 4 7 9 2 4 4 3 2 8 8 6 3 5 4 4 7 1 4 5 10 10 6 4 2
878 6 2 4 5 5 9 2 5 4 8 9 3 5 3 9 3 10 5 10 7 6 1 2 6 2
1113 5 6 9 9 7 10 6 2 5 1 7 7 8 5 4 7 8 6 6 1 8 6 6 1 10
883 7 7 2 3 4 7 3 2 9 3 8 1 8 10 2 9 4 10 5 3 1 7 3 4 2
958 9 8 7 3 1 6 5 3 3 8 6 3 2 1 9 6 1 10 4 1 1 9 6 6 9
999 1 3 10 10 3 3 7 8 7 2 8 6 3 9 8 2 9 3 5 1 9 9 4 3 2
1128 9 5 7 1 6 8 4 4 10 3 1 5 10 9 2 10 7 2 2 2 9 10 10 10 9
996 2 1 10 7 2 5 6 7 1 8 10 10 2 1 6 3 3 7 7 7 2 5 4 10 5
1131 4 2 5 3 9 10 6 5 4 8 7 10 4 3 6 8 7 9 1 1 5 9 9 8 10
10
1034 2 6 1 8 4 7 1 8 9 6 10 6 2 7 8 4 10 9 7 4 3 3 6 10 3
1069 2 7 8 6 10 3 6 10 4 10 8 4 6 6 10 2 9 5 6 8 7 6 4 8 4
889 3 9 2 9 1 9 10 7 6 4 10 2 8 4 3 8 7 4 3 7 6 3 6 1 1
979 6 5 6 7 10 3 9 6 9 3 8 6 3 1 5 6 6 3 2 3 3 9 8 10 2
951 5 2 8 7 4 6 3 9 6 2 8 5 1 3 4 5 1 9 8 7 6 10 7 2 5
820 1 8 7 5 1 1 4 9 1 1 2 1 4 6 6 4 4 1 5 1 1 7 10 8 9
989 5 10 2 3 5 10 7 10 9 4 5 2 10 8 7 8 1 1 2 8 1 10 8 5 6
908 6 8 1 9 4 2 4 6 4 9 9 4 7 7 6 8 3 2 1 1 4 4 7 5 6
1008 4 5 10 2 3 8 8 3 9 7 6 1 8 6 1 9 10 6 10 9 4 7 3 6 4
692 1 1 2 1 1 1 9 5 6 2 5 6 2 7 2 7 8 3 5 6 8 4 1 4 5
10
924 5 9 2 5 2 5 10 4 6 2 3 9 1 3 8 9 7 3 8 7 4 10 6 5 4
968 5 3 7 9 2 4 8 6 5 3 5 3 9 1 5 9 5 7 7 7 9 7 7 4 8
992 6 5 5 3 9 6 2 7 3 10 2 1 3 8 1 3 2 4 9 4 8 9 6 10 6
938 6 3 1 6 7 3 2 8 3 1 7 6 4 6 3 2 10 9 6 5 4 10 4 6 10
927 2 8 4 2 8 1 8 3 5 3 8 9 5 2 7 2 8 1 2 2 8 8 7 9 9
967 7 1 8 3 2 9 8 8 6 1 9 3 8 10 2 2 7 2 1 8 10 4 8 4 1
732 3 2 2 3 1 9 4 2 2 7 6 6 7 3 7 8 4 3 2 2 10 2 8 1 2
1014 4 3 10 10 2 1 7 9 1 3 8 2 7 3 10 9 6 10 10 9 3 3 10 5 2
953 3 9 6 7 6 4 4 1 6 7 8 7 5 5 8 4 6 5 4 6 5 1 9 9 2
915 8 9 1 1 3 7 3 1 5 7 4 9 3 7 1 10 8 1 5 1 4 9 7 3 7
10
975 2 2 8 5 1 5 10 7 2 8 2 2 4 3 10 9 4 4 7 6 3 10 9 5 10
826 9 1 3 4 1 1 2 6 6 4 8 2 2 3 5 1 2 10 1 5 4 3 9 8 7
970 8 3 1 6 10 6 7 3 2 2 1 3 2 8 5 7 7 8 9 1 9 4 9 4 6
986 2 9 9 2 3 10 4 7 3 4 1 5 6 3 8 10 9 3 5 8 5 2 9 1 10
757 7 1 4 8 9 4 8 3 5 4 1 10 4 6 1 2 1 3 4 3 1 3 4 6 6
1049 9 7 4 10 1 3 9 8 6 10 6 9 1 10 7 2 8 4 10 7 7 2 4 1 4
1032 5 1 6 4 4 8 9 10 1 8 2 10 10 10 9 9 1 1 2 10 10 2 6 2 9
758 10 2 2 1 8 3 8 2 7 7 8 10 10 5 5 2 9 1 2 2 3 1 3 5 1
1007 4 3 10 8 4 10 4 10 6 5 8 10 10 1 6 1 7 2 7 2 3 7 4 9 4
987 1 10 4 3 6 10 4 4 1 10 4 9 2 1 2 6 7 9 6 4 3 10 9 7 2
10
955 9 6 4 8 2 10 5 4 8 10 10 2 9 1 10 4 5 8 6 9 9 5 1 1 2
918 3 4 7 2 8 2 10 9 10 6 8 8 5 1 4 8 7 7 1 8 4 5 1 5 3
1047 8 1 10 9 6 1 9 2 8 6 9 6 7 10 1 7 8 5 4 7 9 4 6 5 7
1007 1 5 3 8 3 1 7 6 4 4 6 4 6 4 7 10 9 7 2 2 6 10 9 7 9
1095 6 3 6 3 10 1 5 10 10 9 2 7 8 8 5 10 1 5 10 4 5 10 9 6 10
901 6 6 6 10 10 4 6 2 2 1 7 9 5 8 4 3 4 8 7 6 3 2 8 3 1
1075 10 10 6 9 6 1 8 6 4 8 9 1 9 8 8 1 3 10 3 4 4 3 10 6 2
847 5 5 8 8 2 8 5 1 1 10 2 7 1 3 1 3 8 5 3 4 1 8 3 3 7
822 3 10 4 7 3 2 1 7 9 4 9 1 8 5 8 8 1 8 4 3 4 1 2 8 2
1081 2 3 9 2 3 8 7 2 9 7 8 9 3 10 5 10 7 6 6 4 7 10 5 4 8
10
939 2 4 5 6 7 8 9 2 6 1 2 6 8 10 8 4 10 6 1 1 6 3 5 7 4
926 6 10 5 6 6 4 2 5 2 5 7 6 10 1 4 6 6 5 8 4 9 7 3 2 9
975 5 8 8 8 10 3 8 7 3 9 1 5 4 8 10 9 5 4 2 8 2 2 1 5 7
976 5 4 1 3 8 9 6 6 10 1 9 4 3 3 1 10 4 10 10 9 9 4 5 3 7
1011 5 5 1 4 4 10 6 5 6 6 2 8 2 10 10 7 6 9 5 7 2 8 9 4 3
1091 7 1 7 10 10 5 9 4 8 4 4 9 4 10 7 7 5 1 5 3 4 7 6 6 10
840 10 4 10 10 2 1 9 1 5 8 3 4 3 2 4 6 3 3 6 3 3 6 6 5 4
1076 1 7 4 7 10 8 6 7 8 7 5 7 1 1 1 6 9 6 5 7 5 6 9 8 10
1006 10 3 3 4 9 10 4 5 4 4 1 5 4 4 5 5 6 5 2 9 4 8 4 10 8
919 3 9 1 1 3 3 9 8 10 9 1 9 2 1 2 9 5 3 3 9 9 4 8 3 8
10
1002 10 8 6 6 6 1 7 4 3 7 8 9 5 8 4 3 5 3 6 6 10 4 7 2 8
1145 2 2 8 9 8 2 2 7 7 5 6 4 7 4 5 8 9 9 10 6 3 10 10 8 9
992 9 7 7 3 5 3 2 3 6 7 6 5 6 4 2 7 9 2 10 1 7 5 8 5 9
958 6 3 7 1 9 7 4 6 2 10 2 4 3 4 7 10 2 8 3 8 7 5 5 8 3
917 1 5 8 7 3 7 6 10 3 2 7 9 4 2 2 8 4 3 10 5 4 8 5 7 3
896 6 10 4 7 10 1 10 7 3 6 7 1 8 5 3 8 2 1 5 9 7 4 3 9 2
1022 2 3 2 4 6 8 1 10 8 9 10 5 8 3 9 7 8 5 8 3 6 4 6 4 10
986 5 4 1 9 9 4 1 1 2 10 9 5 9 4 3 7 4 9 1 10 3 3 5 10 10
1001 2 7 8 9 9 10 3 2 9 2 8 3 2 5 8 9 4 10 3 10 2 5 1 2 10
931 10 10 6 2 6 4 7 5 2 8 4 3 3 1 5 9 1 7 2 7 8 1 4 9 7
10
1068 10 9 1 1 1 4 10 2 9 5 4 9 5 5 10 5 6 10 5 4 9 4 9 7 5
1168 8 10 6 10 6 3 8 7 4 5 6 9 3 9 4 6 5 9 6 7 10 5 2 5 10
883 4 4 4 7 5 2 7 2 6 4 1 2 4 6 2 8 3 9 7 5 10 8 8 4 3
1039 5 9 6 9 7 3 1 10 7 10 7 2 4 10 5 4 5 8 8 3 4 4 4 1 10
1122 2 6 9 6 10 9 2 1 2 1 7 7 5 9 6 7 10 7 8 6 6 9 1 7 10
1128 10 4 10 6 1 9 10 7 2 4 1 6 9 5 8 9 9 7 8 5 7 4 10 1 8
850 3 8 1 5 3 4 9 1 9 10 6 7 1 5 6 1 9 1 3 4 7 4 5 4 9
1035 6 2 9 10 10 2 5 7 4 7 10 7 5 8 8 2 7 9 1 9 1 7 5 4 5
937 1 6 8 4 1 10 2 1 3 1 8 5 6 8 6 3 4 6 3 6 9 2 2 9 9
874 9 9 3 7 1 4 1 4 4 3 6 10 1 1 4 3 5 10 7 4 7 1 9 3 1
10
1026 1 5 8 5 5 4 8 9 5 5 10 4 8 3 1 8 2 8 4 9 10 10 9 2 5
1039 5 5 5 10 6 6 4 6 5 1 4 3 6 7 9 7 5 9 5 10 8 5 10 3 5
1088 10 5 4 9 5 6 1 10 6 1 6 3 10 2 9 10 8 8 9 2 10 4 4 1 9
851 6 5 8 8 2 2 8 10 4 1 7 2 7 3 6 6 3 6 5 1 2 1 2 10 5
897 3 5 5 8 6 6 1 6 3 2 8 7 1 1 2 5 7 6 2 6 6 5 3 4 10
887 10 1 3 1 2 2 6 1 5 2 5 9 9 8 10 4 4 8 9 8 6 1 6 6 7
992 8 8 4 8 10 7 10 4 1 7 5 8 1 9 7 4 10 4 1 8 8 2 4 2 2
930 7 6 1 6 3 8 1 10 7 7 7 4 2 2 7 8 4 9 9 7 3 3 2 5 6
969 4 9 2 6 3 1 7 4 7 6 1 3 7 5 7 6 9 6 8 2 8 10 6 5 10
947 7 9 4 5 4 2 3 2 2 6 9 1 3 2 3 10 6 10 1 9 8 8 2 8 6
10
1044 7 6 7 1 9 9 6 6 6 3 5 10 9 10 5 4 1 2 3 8 10 2 8 4 8
952 6 10 5 9 5 1 5 8 2 4 2 8 8 5 9 9 3 4 4 1 9 4 7 1 5
1066 1 10 6 7 1 10 7 4 9 1 9 2 5 1 8 1 5 10 5 5 1 8 9 10 10
921 9 9 1 8 3 3 5 10 4 3 6 9 4 8 1 2 9 10 2 10 3 5 2 5 1
862 1 5 8 9 8 3 3 6 8 1 5 7 2 1 9 9 4 9 3 5 4 1 5 8 1
1042 9 9 3 6 3 2 10 3 8 8 7 7 5 5 1 7 5 8 6 2 5 6 3 8 8
983 6 7 10 10 10 2 10 1 6 6 2 10 6 3 2 7 7 10 4 9 2 8 9 4 1
1006 2 2 10 1 8 1 2 2 10 1 4 9 9 6 5 5 10 8 4 9 10 5 6 8 10
980 10 1 6 10 1 1 8 5 8 3 8 8 6 8 10 3 8 3 10 6 6 4 4 5 3
880 6 1 2 7 4 5 10 9 5 5 3 7 1 3 2 9 2 7 8 7 7 4 2 4 5
10
965 1 1 5 3 7 10 10 7 9 3 5 10 2 9 10 2 7 1 10 4 3 7 7 2 5
1159 3 8 3 6 5 3 8 9 8 8 10 8 1 6 9 7 4 5 8 9 5 6 9 7 8
1058 9 2 6 2 9 8 10 9 9 4 4 7 10 7 8 8 1 5 8 2 3 10 2 9 8
836 3 4 4 4 2 7 1 1 8 9 5 4 6 8 2 2 1 4 1 7 3 8 9 3 10
916 7 2 4 4 7 2 9 6 7 5 7 6 8 5 9 1 9 1 7 1 6 4 6 5 8
1125 9 10 9 3 8 10 4 10 8 1 3 6 4 9 7 10 6 9 4 9 7 8 7 2 1
792 9 1 2 6 1 5 10 5 10 1 9 5 2 3 6 6 3 1 7 1 9 1 1 3 9
889 10 2 2 1 3 5 5 1 8 6 2 1 6 10 3 10 6 2 10 8 9 9 4 4 4
1240 8 7 8 7 10 2 10 9 9 9 2 2 3 1 10 10 10 10 2 8 5 5 8 8 10
990 8 1 7 9 10 9 10 1 5 9 1 8 2 9 10 7 2 2 4 7 7 8 6 1 5
10
934 1 1 7 8 4 7 7 3 2 3 9 4 7 5 7 1 6 10 9 3 8 1 5 1 7
1149 8 10 8 8 4 9 6 9 6 3 5 9 5 9 5 8 2 6 9 6 6 7 1 8 8
906 9 7 5 9 9 4 5 3 8 9 1 2 10 1 5 6 4 2 7 7 5 1 9 1 8
1103 10 1 8 9 6 9 6 4 7 8 5 2 6 5 9 8 2 8 9 7 8 10 3 9 5
1038 7 9 5 5 3 10 2 1 8 10 6 8 8 3 2 2 9 3 6 7 2 10 8 3 10
1087 8 10 5 6 2 5 7 3 5 8 7 1 4 8 6 10 10 2 8 7 3 2 8 7 9
921 5 6 8 7 10 6 2 7 5 10 5 10 2 6 3 4 3 6 5 8 2 3 1 1 9
860 6 1 5 7 9 4 6 1 2 3 7 2 5 7 5 6 1 8 1 9 6 7 5 7 7
1034 8 3 8 9 4 7 5 4 1 7 9 2 5 3 8 2 8 7 2 5 9 5 9 2 5
1145 5 5 6 9 2 9 10 9 9 10 9 10 10 6 5 1 2 1 3 10 7 6 10 9 8
10
765 2 3 3 7 5 7 3 1 8 2 2 5 7 7 5 10 2 1 8 8 3 1 8 7 3
1009 10 5 5 2 10 7 10 8 5 6 2 3 2 1 8 7 2 8 1 2 2 7 7 8 7
1089 9 6 6 3 4 8 7 10 7 7 4 8 6 5 8 5 9 1 3 1 6 9 10 3 4
1070 2 9 7 5 9 3 9 3 10 6 7 8 8 7 1 7 9 5 8 6 10 5 2 10 6
1111 10 9 3 7 3 10 10 4 8 2 8 7 7 6 5 10 10 3 8 2 1 1 3 8 10
1047 10 8 10 5 10 7 1 8 3 8 4 9 5 5 3 6 7 8 1 7 2 3 9 2 6
1036 9 2 3 7 1 9 1 6 9 3 3 9 4 9 3 9 2 4 2 4 7 2 5 10 9
918 5 6 9 3 2 8 10 10 2 5 9 2 8 6 2 1 4 4 4 9 7 5 3 1 6
990 1 9 2 4 5 9 8 7 4 10 8 5 6 1 2 6 4 6 8 8 1 8 8 10 4
832 5 3 2 10 2 6 3 4 4 3 5 1 6 6 5 7 6 5 1 10 8 4 3 6 6
10
917 6 10 6 9 7 5 7 7 4 1 10 6 9 7 10 2 8 3 5 6 1 1 2 3 3
1047 3 9 1 4 5 10 9 9 8 4 2 6 6 8 2 9 4 10 7 7 7 3 2 8 2
863 8 4 1 10 2 1 9 5 4 2 9 2 5 4 2 2 3 4 6 10 10 6 7 3 10
1057 6 5 10 5 2 7 7 6 8 3 3 9 7 1 1 5 8 8 7 3 3 4 5 10 7
942 2 1 1 8 9 5 9 1 5 2 2 6 6 2 8 8 10 7 4 3 7 10 7 4 10
1100 9 8 4 9 7 1 7 7 2 10 8 4 7 2 10 10 6 8 1 5 1 8 5 10 6
775 5 5 3 7 6 8 5 4 5 10 6 8 1 1 2 1 5 6 3 9 1 10 2 1 4
879 1 6 7 6 3 4 1 8 5 10 9 2 2 7 4 9 3 3 4 2 9 9 1 2 1
950 1 10 2 5 10 5 5 4 5 3 8 10 8 4 9 2 8 9 5 10 4 8 8 1 1
882 2 10 1 5 9 1 5 8 1 9 8 6 9 9 5 2 1 2 2 10 2 2 9 5 9
10
962 1 10 10 10 3 7 6 4 10 6 2 7 8 6 5 6 6 3 5 2 5 2 2 9 1
1010 6 4 8 5 10 7 3 5 5 8 2 4 4 3 1 4 3 7 10 9 7 4 6 10 6
944 8 8 7 1 4 6 8 9 6 10 2 5 5 2 7 10 4 4 1 4 1 8 7 4 6
1005 10 3 7 2 3 3 2 10 5 9 1 2 8 1 1 1 9 10 10 5 7 8 7 7 9
948 4 7 3 8 8 8 6 4 6 8 9 2 5 9 8 2 3 7 7 3 5 8 1 7 3
895 7 8 4 9 8 7 10 3 10 2 7 1 6 2 5 5 4 1 8 6 9 6 6 3 2
1095 5 5 2 10 9 9 4 7 8 10 6 8 10 9 8 5 10 1 7 9 7 6 7 5 2
912 9 6 1 9 8 5 9 10 1 8 2 6 8 2 7 4 2 3 1 1 4 8 4 2 10
1139 9 9 8 9 8 3 1 8 1 8 7 8 8 1 10 6 9 9 10 2 1 3 7 8 4
875 7 9 1 3 3 4 2 8 9 1 10 6 2 2 6 3 3 7 9 4 3 5 4 7 5
10
1048 5 8 5 3 4 9 5 7 2 9 4 3 2 9 7 7 3 6 5 4 7 5 8 5 5
950 2 10 8 8 2 7 4 3 1 9 4 6 6 1 10 8 2 6 2 9 6 6 1 3 10
898 5 4 8 1 4 9 6 5 7 3 7 1 5 4 8 1 8 9 8 1 1 7 6 6 1
973 4 8 4 10 8 8 5 9 5 8 10 10 8 5 1 5 2 7 3 10 5 3 3 4 3
1089 7 7 5 8 10 8 1 4 3 2 7 4 9 5 5 10 8 5 6 1 4 6 10 9 5
953 1 1 8 4 2 6 6 7 1 4 1 9 1 8 5 10 4 9 3 5 7 1 3 5 6
832 7 7 6 1 1 2 7 1 2 4 6 6 6 8 3 5 2 2 2 9 6 5 6 9 8
725 6 7 6 6 10 2 1 2 6 1 10 1 4 1 2 1 3 1 7 8 7 7 7 3 7
775 8 8 4 10 5 3 8 1 8 2 2 4 3 1 1 4 4 10 4 4 5 1 8 1 5
1038 8 6 5 3 6 3 2 6 1 7 7 10 1 3 8 7 9 7 2 8 4 8 3 9 8
10
838 1 6 7 6 5 3 9 6 6 4 2 1 8 7 9 8 9 2 3 8 1 2 2 2 9
899 1 8 9 4 10 9 4 4 8 6 2 2 9 2 4 8 10 5 1 1 4 6 3 5 1
1058 6 2 8 1 2 2 7 2 5 9 4 8 9 7 5 8 5 7 7 3 6 10 10 6 10
1031 10 10 7 1 8 3 3 10 4 8 6 2 8 9 6 6 8 6 5 8 2 2 3 4 6
1063 3 6 7 3 6 5 7 4 8 9 7 2 1 4 4 6 10 7 3 4 7 6 10 7 9
1078 3 9 8 3 10 8 2 6 4 6 10 5 7 3 7 10 9 7 10 1 4 6 5 8 4
914 4 10 8 1 4 3 9 10 1 7 6 8 1 5 8 6 1 1 3 2 6 5 8 6 4
957 8 7 8 4 2 6 10 2 4 8 6 5 3 10 1 1 7 9 4 7 4 7 4 5 1
1155 6 7 9 8 4 10 7 4 10 8 7 9 8 7 10 8 9 1 9 1 4 6 1 5 10
980 9 4 4 7 10 5 6 2 10 9 2 2 8 7 4 6 1 9 9 8 2 4 10 7 2
10
1162 5 1 9 7 6 4 8 10 6 8 10 1 6 7 9 9 9 7 6 4 3 10 10 7 3
861 1 9 3 7 8 10 9 5 8 3 3 1 6 1 8 8 8 2 1 9 3 9 1 4 9
866 5 2 5 3 7 6 8 3 4 8 7 2 7 7 2 5 3 2 3 10 2 10 2 6 8
909 4 9 4 2 4 3 3 5 5 8 10 9 5 1 4 7 2 9 4 5 6 8 3 9 3
1215 3 5 4 10 5 7 10 7 7 2 5 10 9 8 7 3 10 9 2 8 9 4 9 7 7
899 5 4 6 4 6 10 9 10 3 2 6 4 6 3 3 3 4 10 2 2 5 1 8 2 2
924 8 3 1 6 8 7 2 2 9 6 7 6 1 5 1 9 1 8 9 5 2 3 6 10 5
691 8 1 2 4 8 6 2 5 1 8 1 2 5 5 10 2 5 1 3 2 5 2 2 3 5
975 6 7 7 7 6 8 10 9 3 3 4 6 7 6 4 4 8 3 7 5 8 1 3 3 6
888 9 3 1 10 2 5 4 7 9 6 5 1 4 3 3 7 1 5 5 4 6 7 2 10 9
10
899 3 1 2 3 8 10 7 2 5 9 6 4 8 1 4 9 2 5 6 3 4 2 10 7 8
832 5 7 5 9 8 3 10 4 8 3 1 9 5 4 4 1 2 9 3 4 2 4 8 2 1
1026 8 7 1 5 5 10 5 8 5 4 8 3 2 8 2 10 1 6 2 4 6 5 9 7 6
1036 1 10 7 10 3 10 2 3 7 4 8 7 9 5 10 8 8 9 9 2 1 4 4 3 3
903 10 3 2 1 4 7 2 6 8 9 10 8 1 6 3 2 3 5 3 2 6 10 7 1 2
1004 10 10 5 4 4 3 5 7 6 3 9 4 10 6 9 10 9 7 3 1 3 3 5 3 1
800 3 5 5 4 8 3 7 9 5 2 2 8 9 10 6 2 4 2 7 9 1 3 1 4 3
1180 5 4 9 3 2 4 9 6 7 10 2 8 5 9 8 5 10 6 7 5 8 10 8 10 3
762 7 2 2 1 5 3 2 5 2 1 6 1 8 1 8 7 9 3 2 4 10 1 9 1 8
894 3 2 2 1 2 8 8 6 5 3 3 9 3 6 4 5 3 3 6 5 7 7 9 10 4
10
919 10 5 3 4 9 9 2 8 2 5 9 8 3 5 8 7 3 1 3 7 3 5 1 9 1
1031 1 3 3 10 6 3 7 8 6 8 6 5 2 10 3 10 9 8 10 7 1 9 10 5 1
1103 6 10 6 8 8 4 9 10 4 1 8 10 3 2 7 7 2 9 2 2 7 3 2 10 8
1068 9 3 5 7 8 8 3 10 3 9 1 10 3 6 9 6 4 5 10 6 8 3 6 7 1
1026 5 1 4 8 1 9 10 10 4 9 1 3 3 5 1 6 3 7 2 2 5 4 10 5 10
877 1 3 5 3 7 1 9 6 3 9 4 4 10 6 9 7 2 9 8 9 3 9 1 1 5
1089 4 7 8 5 4 10 5 1 6 3 2 10 3 10 3 3 1 9 10 1 7 8 5 7 8
964 6 9 7 4 6 3 1 6 9 2 1 10 3 7 9 10 6 5 9 10 8 1 6 2 3
741 2 4 1 1 5 3 9 9 5 1 3 6 3 4 4 2 7 3 2 10 8 8 5 3 5
907 8 6 1 4 3 8 5 1 8 3 6 8 4 6 5 8 1 5 4 1 7 8 8 3 2
10
824 6 10 1 1 1 7 3 3 4 4 5 4 3 2 8 8 3 4 6 6 9 5 6 5 2
995 2 5 10 8 5 2 8 6 6 5 10 7 6 2 3 6 3 6 7 4 6 9 4 9 4
951 8 4 5 7 1 5 9 4 4 2 10 6 2 9 2 10 5 3 7 8 3 5 9 8 1
1004 9 9 5 3 3 4 10 8 3 4 3 4 6 4 6 9 10 5 6 10 2 2 10 6 7
1025 4 3 6 4 1 2 9 1 7 10 9 10 2 8 10 4 7 8 10 3 9 9 2 10 1
1267 7 7 6 10 8 10 7 10 4 8 4 4 7 9 5 10 3 10 5 2 5 9 1 8 10
858 9 10 8 6 8 4 2 3 8 3 5 5 4 1 2 3 9 9 2 9 1 10 5 2 3
970 9 7 9 4 9 2 3 7 6 3 10 1 1 9 4 7 4 5 5 2 4 2 6 5 4
1024 2 5 1 5 10 10 1 6 9 4 9 6 5 2 9 10 10 6 3 2 2 7 9 2 6
1081 10 2 9 8 6 2 10 8 5 8 10 7 9 9 7 2 1 4 7 5 9 1 6 6 5
10
1015 6 10 5 5 1 3 2 9 9 6 10 4 4 2 2 8 8 2 10 7 9 9 2 6 6
1016 1 10 4 8 1 9 4 8 2 8 2 8 10 5 9 6 4 6 10 8 8 5 2 2 8
1116 9 1 10 8 5 6 7 10 3 8 7 3 10 2 10 6 8 4 1 2 3 2 6 8 9
901 4 3 4 3 9 7 8 7 8 6 9 3 1 10 3 4 6 5 3 2 2 2 6 3 5
1002 5 3 10 10 4 4 3 3 4 4 6 6 6 7 4 7 3 3 2 9 5 10 10 10 3
1046 10 7 10 9 3 8 10 9 4 1 8 6 1 1 3 3 6 8 3 2 8 4 5 2 6
1229 9 9 8 10 4 2 8 6 1 10 10 8 5 5 7 6 10 2 6 9 9 10 9 6 9
974 4 4 3 4 1 10 10 4 9 3 10 6 7 9 8 7 2 7 1 5 8 6 7 3 2
886 1 7 8 8 9 2 5 6 3 2 2 4 3 8 5 1 10 2 1 7 10 1 6 3 10
941 3 1 10 5 1 7 8 1 10 6 4 8 4 2 3 9 2 4 9 7 3 4 4 8 9
10
1027 2 8 10 7 8 8 6 3 7 5 1 1 6 9 3 8 5 7 7 4 1 3 9 8 2
964 9 7 6 5 8 4 6 2 4 9 3 4 7 8 7 9 2 5 4 10 6 2 6 6 1
778 5 1 6 1 2 1 7 4 7 4 4 3 4 7 2 6 5 1 6 2 6 10 6 5 6
806 1 1 2 6 10 3 4 9 2 3 6 3 5 3 2 10 3 3 10 1 3 8 6 9 4
1042 8 7 10 3 4 6 5 3 4 2 7 7 3 4 3 6 10 4 9 5 6 5 8 9 6
1034 10 9 7 7 2 2 1 4 1 5 4 6 6 3 6 7 5 10 10 4 10 8 3 7 3
1093 5 8 9 10 3 3 8 5 6 9 5 2 6 10 6 9 5 5 6 3 5 6 5 6 7
835 4 3 7 1 7 2 1 2 8 4 10 10 4 1 7 9 1 6 4 1 6 8 6 3 7
1020 5 6 1 8 10 2 9 5 2 8 1 5 9 8 4 8 9 9 6 8 8 8 1 4 6
863 3 4 4 6 1 2 5 9 1 4 3 9 10 9 5 3 8 3 8 4 8 4 4 2 3
10
1070 5 6 4 10 2 7 1 2 7 10 6 1 9 10 4 10 3 9 1 8 5 6 8 8 10
985 5 7 5 2 1 3 8 3 5 3 6 3 9 5 4 1 10 9 9 1 3 2 10 9 7
1014 3 6 7 2 5 7 9 6 1 3 8 5 10 3 9 7 7 9 10 1 4 3 8 6 3
933 8 4 6 2 3 9 6 6 7 3 5 9 6 2 3 10 8 1 5 1 2 9 3 9 3
997 3 7 6 5 10 10 7 5 5 7 2 5 10 2 4 3 7 2 8 2 10 4 6 4 8
1033 10 3 7 4 10 3 8 5 7 10 9 1 10 2 4 4 7 7 3 9 4 8 4 10 4
996 1 9 7 5 9 6 8 10 8 3 1 8 6 3 6 2 4 7 7 4 7 1 9 7 6
1038 10 4 2 6 5 6 10 2 5 1 8 7 7 6 8 2 9 9 4 8 10 6 5 3 9
907 7 8 9 10 1 3 9 4 6 1 9 9 6 6 2 3 1 1 7 7 8 3 9 3 5
1018 4 2 3 5 10 2 2 6 10 8 8 9 4 8 1 10 4 5 4 4 10 7 3 8 4
10
1032 2 8 6 4 5 7 5 9 4 7 8 10 2 8 2 3 3 10 4 9 1 7 9 5 5
954 3 6 3 3 7 9 5 6 1 8 1 10 6 10 10 2 9 3 2 2 2 4 6 3 4
1007 3 4 10 10 6 1 7 1 9 8 7 6 7 9 2 8 1 2 6 2 10 7 6 4 7
1100 4 2 10 4 2 4 8 2 4 8 3 10 1 10 3 8 8 7 6 4 7 6 9 10 6
1039 9 3 2 7 8 3 6 5 1 4 6 3 7 6 7 8 6 9 2 9 2 7 9 8 6
1003 5 8 4 6 1 4 10 10 3 2 8 3 1 1 10 10 3 9 8 2 7 5 10 2 4
1262 9 9 4 8 10 4 4 8 9 4 10 2 4 10 9 9 9 9 9 7 7 7 3 9 8
993 7 3 10 8 5 5 6 2 1 10 4 2 4 8 6 4 7 10 8 8 3 9 2 6 5
859 9 2 5 10 3 10 1 3 1 2 1 9 1 1 7 3 5 9 1 3 2 7 1 6 10
921 8 2 6 7 4 8 9 6 9 8 6 8 1 5 1 4 8 5 7 10 2 1 1 1 6
10
1094 10 4 2 3 4 4 8 10 7 5 7 7 6 7 4 10 6 10 4 9 8 9 5 3 3
889 6 8 5 9 3 2 5 6 7 9 8 1 6 7 5 5 1 9 1 6 1 9 1 6 5
965 3 2 2 10 8 4 10 6 3 10 4 7 2 10 2 1 10 4 5 8 7 1 1 3 10
1102 9 7 6 6 10 8 7 6 6 6 6 2 6 4 8 5 5 9 3 3 4 3 8 9 8
970 6 8 1 6 2 1 1 5 2 7 6 2 1 9 3 7 3 6 7 4 8 10 9 6 10
1133 1 8 3 8 9 9 5 9 4 8 3 9 2 4 9 4 3 9 3 1 10 9 7 10 7
1149 7 6 10 9 3 8 4 5 9 7 2 9 6 1 6 4 8 10 3 7 6 4 10 4 8
929 5 1 8 1 7 6 5 6 2 6 2 4 2 5 7 1 1 1 4 3 10 8 10 7 9
966 7 8 1 5 1 7 3 9 8 10 3 2 9 3 2 4 5 9 9 1 10 10 4 1 6
1117 5 10 1 10 6 8 7 2 5 5 6 8 9 4 6 5 8 9 8 3 10 4 1 10 5
