250 10
1250 1250 1250 1250 1250 1250 1250 1250 1250 1250
15
266 1 1 1 9 8 6 7 9 5 5
306 9 4 5 2 1 8 2 6 8 4
296 5 8 3 8 3 2 6 4 1 9
295 3 1 5 4 9 3 9 7 8 5
188 3 1 1 1 3 8 5 4 2 1
296 1 8 2 1 8 6 5 7 7 9
291 7 5 5 3 1 3 7 8 7 3
344 4 9 7 3 7 5 9 2 9 5
375 9 9 3 4 9 5 7 1 6 8
311 5 4 9 3 9 8 5 2 3 1
277 1 8 7 7 4 8 2 1 3 6
285 6 3 1 5 8 3 6 6 6 7
288 3 3 7 5 7 2 1 9 4 6
347 2 7 9 6 5 3 9 4 8 7
352 8 9 7 8 6 1 9 5 8 3
15
304 4 3 7 2 6 9 9 3 5 1
268 6 4 6 5 3 1 2 2 2 7
301 9 3 2 5 7 8 5 3 6 5
313 5 6 6 7 6 5 4 1 3 8
253 1 9 5 7 6 4 8 1 7 3
260 8 4 2 4 5 5 3 1 9 4
251 1 4 6 8 6 3 1 1 5 8
311 5 8 3 8 6 2 9 4 1 5
317 8 7 5 4 7 8 1 6 6 2
354 8 6 4 8 8 5 6 2 4 9
224 1 5 1 3 1 6 3 9 3 5
212 1 5 1 2 8 4 5 3 4 6
281 1 7 6 1 7 8 7 6 1 1
235 2 1 1 4 3 3 6 7 7 8
317 7 3 8 1 2 8 3 4 1 5
15
385 7 7 7 2 2 9 6 7 3 7
329 1 2 9 5 4 6 5 8 1 8
303 4 8 8 2 3 6 2 5 9 4
331 9 3 5 2 4 8 1 9 9 4
304 1 8 3 9 2 9 9 6 3 6
281 5 4 2 2 5 4 7 5 6 7
365 5 7 6 4 1 8 7 8 6 9
293 7 8 2 5 8 7 2 4 3 6
367 9 8 8 2 5 6 6 5 4 4
322 4 5 6 5 2 7 2 8 4 7
371 3 9 7 4 9 7 8 2 3 9
283 7 1 2 2 9 2 5 5 1 9
191 8 1 2 5 5 1 3 2 7 2
387 8 6 4 6 1 9 8 7 2 8
312 6 6 5 1 3 3 9 2 4 9
15
267 2 3 5 4 9 4 5 3 6 5
260 4 8 2 5 2 4 6 6 8 4
333 8 2 7 8 4 4 2 8 9 5
176 2 4 4 1 1 1 6 3 4 1
326 7 9 1 6 2 7 8 8 4 4
293 5 7 3 7 4 7 3 5 4 5
275 6 8 1 1 7 7 1 4 8 6
281 6 3 5 5 8 1 9 6 5 2
308 1 4 9 8 2 8 3 3 2 7
421 9 4 5 3 6 9 9 8 3 9
291 1 6 9 9 5 5 1 6 1 4
373 6 4 9 7 7 5 3 7 3 9
262 5 1 4 5 5 5 5 9 1 2
348 9 7 9 5 9 5 4 4 2 1
273 2 3 4 9 3 2 7 4 2 7
15
281 5 9 6 3 8 1 8 4 2 3
221 1 4 1 8 2 8 2 6 5 4
359 8 3 2 9 4 9 5 4 4 9
262 1 4 9 7 6 2 6 3 6 4
218 3 1 7 8 2 6 1 4 5 1
321 4 8 4 5 8 6 7 6 4 5
283 7 5 6 1 4 3 1 9 4 3
402 9 3 6 1 1 8 8 8 6 9
323 8 4 7 9 3 3 2 9 1 4
300 5 8 8 9 8 2 4 2 3 3
276 1 5 5 1 5 3 4 8 4 8
315 5 7 7 1 7 7 7 3 8 4
336 2 9 7 3 1 2 9 5 5 9
281 6 9 6 1 1 4 5 3 8 3
313 5 8 4 4 7 3 8 1 5 8
15
393 8 6 4 6 9 9 8 2 9 7
406 7 4 8 8 5 2 7 9 6 9
244 3 4 6 2 4 3 1 9 9 5
301 7 4 4 6 3 4 8 7 1 3
310 3 8 3 5 8 8 9 8 2 3
201 1 4 1 3 3 6 5 3 5 6
363 5 6 9 1 8 6 7 9 5 3
264 2 3 7 2 7 3 7 2 9 6
332 9 6 1 1 3 8 9 5 3 7
240 3 1 2 6 8 6 5 9 1 1
272 2 1 3 7 7 1 5 4 9 9
214 7 5 3 4 3 1 4 1 5 4
280 7 6 8 4 2 2 1 7 4 3
312 5 7 7 2 7 4 2 3 8 6
233 1 5 3 8 7 4 3 1 5 6
15
312 1 8 4 9 7 5 6 6 7 6
195 3 2 2 1 5 2 2 7 9 4
262 6 5 1 9 8 9 2 6 9 1
263 9 3 4 1 8 1 5 6 5 3
303 9 2 4 8 5 5 2 9 4 4
306 7 9 3 6 7 5 4 7 3 3
275 4 3 1 6 6 5 8 9 1 5
353 8 6 3 8 6 4 8 5 9 7
343 9 5 3 4 6 9 2 1 9 9
362 6 6 9 2 1 9 1 8 9 7
230 4 3 2 2 1 8 8 4 4 2
324 7 8 4 7 2 4 6 7 1 6
330 8 9 8 6 6 2 4 2 9 4
299 1 7 7 9 2 4 8 7 7 4
254 2 8 4 9 4 4 6 4 7 4
15
280 7 2 6 4 9 3 1 6 8 2
293 1 8 6 2 1 1 7 9 8 9
296 2 1 5 1 4 8 9 8 3 6
226 4 2 7 4 4 9 1 1 5 1
429 7 1 9 9 7 9 7 9 5 7
279 6 7 2 8 7 9 4 3 2 3
293 5 6 7 7 7 7 3 6 1 2
264 1 5 4 2 6 5 8 3 3 7
318 7 1 4 4 5 9 9 1 8 4
258 9 2 3 1 4 2 8 5 8 1
288 3 7 6 1 8 7 1 1 4 8
336 7 7 5 2 8 4 7 7 2 5
339 5 1 9 2 7 8 6 2 8 5
353 4 8 3 7 6 9 4 9 9 6
250 1 7 7 5 3 2 4 7 7 3
15
276 4 3 2 6 8 5 3 2 7 8
284 3 7 5 6 4 4 4 6 1 7
212 1 9 4 4 1 9 3 3 8 2
224 5 7 1 2 5 5 7 3 9 1
361 7 1 9 4 7 7 3 8 4 7
288 3 7 4 4 3 7 1 4 6 8
309 3 6 9 1 1 3 6 4 9 7
348 9 6 4 2 3 9 4 3 5 8
332 6 6 2 9 8 8 2 6 4 9
252 6 9 2 7 4 1 1 2 5 7
219 3 9 2 4 1 2 5 2 5 4
270 5 4 4 7 3 4 3 3 5 7
337 6 9 6 8 3 5 1 4 4 8
323 1 9 9 6 9 5 7 2 7 4
299 5 3 1 6 6 2 7 7 9 9
15
279 2 9 7 1 6 3 2 5 2 7
335 9 6 9 3 6 2 5 7 6 3
370 9 9 4 6 5 2 7 6 2 9
397 9 8 3 3 9 2 9 7 4 9
207 4 9 2 1 2 4 2 7 9 1
282 9 2 4 2 7 9 6 1 9 1
300 8 3 8 3 4 5 4 3 9 3
325 6 9 3 1 7 4 9 5 4 7
346 1 8 4 5 2 6 9 8 8 9
241 2 3 5 3 3 5 7 4 1 4
280 2 8 4 2 2 7 8 7 8 4
266 3 9 2 7 7 3 7 9 7 1
368 6 9 6 5 9 7 2 7 1 7
226 9 2 1 7 1 3 9 1 2 1
285 2 9 7 4 6 1 3 1 7 8
15
262 8 1 4 3 4 3 5 6 9 3
179 3 1 2 8 2 1 2 7 5 3
241 8 1 2 5 9 2 4 8 5 1
231 1 8 3 3 3 8 4 5 4 2
387 6 3 9 7 3 8 9 7 1 6
327 3 3 9 5 9 3 5 7 7 5
312 3 6 7 2 2 7 6 9 9 4
339 4 8 9 9 1 1 8 7 6 6
329 7 3 3 7 4 7 9 5 4 6
298 4 9 3 5 4 9 4 1 3 6
267 2 4 2 4 9 4 8 4 4 6
226 2 3 4 2 2 9 5 1 5 3
266 6 2 8 5 1 3 1 1 1 6
296 1 7 8 3 1 8 8 8 4 3
305 5 2 3 2 3 8 8 8 6 7
15
363 9 8 2 6 8 6 9 2 4 8
229 5 2 8 3 3 1 1 4 7 2
359 8 2 7 8 6 3 8 6 1 7
211 3 1 7 1 1 4 6 5 7 1
303 5 5 2 2 9 5 2 8 2 9
326 3 4 8 8 2 7 7 3 1 6
293 8 7 4 2 9 3 6 4 9 3
271 6 7 6 8 1 2 7 5 3 2
374 5 3 8 6 8 5 7 3 8 8
281 3 1 9 5 5 5 3 9 8 3
231 1 1 3 8 3 4 2 8 6 7
346 8 6 4 9 6 6 6 5 4 5
294 3 3 6 9 1 2 9 3 6 8
297 3 2 9 8 3 8 3 1 4 6
291 8 4 5 5 9 5 2 3 5 3
15
302 5 2 8 1 9 1 4 6 7 5
324 9 2 5 9 5 8 9 1 5 1
192 2 3 5 1 8 4 2 1 2 2
236 3 4 2 8 9 1 8 1 9 3
219 2 8 4 8 4 1 3 9 5 2
264 6 1 5 5 4 7 1 5 8 3
230 3 4 3 8 4 1 8 7 8 2
276 5 1 4 2 8 7 8 3 3 3
233 2 5 6 2 4 7 3 2 8 4
240 1 5 1 4 3 4 4 4 4 9
282 3 4 8 8 5 2 6 5 6 3
257 5 3 5 8 2 8 3 2 9 4
323 8 4 5 2 2 2 8 5 1 8
238 1 8 3 6 3 1 5 1 2 9
201 1 7 5 2 4 6 4 1 3 1
15
264 3 3 6 5 2 3 6 2 6 8
313 5 4 6 8 4 7 8 3 4 5
296 8 9 7 2 4 5 2 9 6 1
314 8 2 6 9 7 2 1 6 8 5
305 2 4 5 1 1 6 7 7 8 8
303 8 3 2 9 7 6 5 1 5 5
290 4 6 2 6 9 8 4 2 8 6
265 9 7 1 1 3 3 6 5 6 2
288 8 1 3 8 3 5 9 9 4 1
298 5 3 7 2 9 4 2 5 1 6
283 4 6 4 6 9 6 4 9 6 1
298 5 5 9 8 6 3 3 3 8 2
294 5 6 3 2 6 1 9 1 4 8
313 2 9 8 4 2 6 3 4 4 8
353 9 7 1 7 8 3 9 1 3 9
15
300 7 2 5 7 2 9 4 7 1 3
250 3 7 7 6 2 2 2 2 6 7
209 1 2 1 7 6 9 2 9 2 2
294 4 4 7 1 2 4 5 4 7 9
222 5 5 2 3 5 3 6 8 3 1
197 1 3 2 6 9 2 3 5 2 3
275 7 7 5 5 1 3 9 3 8 2
196 4 1 5 4 8 3 4 1 3 1
322 9 3 3 8 6 3 7 9 4 3
300 5 6 3 9 6 8 4 3 2 4
290 9 4 7 3 3 6 3 5 3 1
261 6 8 3 3 9 2 5 8 4 1
324 8 6 4 7 1 5 1 7 4 8
129 1 1 6 4 2 2 1 2 3 1
193 2 3 1 6 2 8 2 1 2 4
15
356 6 3 5 7 2 8 7 6 3 9
342 6 6 9 5 5 4 9 5 4 3
307 2 9 6 6 6 7 6 5 8 4
411 9 5 8 8 9 3 6 9 2 8
389 9 9 7 7 9 6 3 7 5 4
354 8 5 6 2 7 9 2 2 6 9
313 2 4 8 9 7 2 6 8 3 5
257 8 7 1 3 9 2 1 4 5 6
328 4 6 6 1 6 8 6 5 9 6
281 8 1 5 3 9 4 1 5 4 3
280 9 4 4 5 1 5 4 8 3 1
273 7 8 4 3 5 2 5 4 7 3
315 2 7 9 5 5 5 7 8 1 2
285 3 1 6 3 4 6 7 8 4 5
330 5 7 8 1 2 7 8 4 4 6
15
255 5 2 4 5 7 2 6 3 8 4
271 4 3 8 2 5 1 7 6 3 4
310 9 4 1 4 1 8 7 9 1 4
425 8 7 7 5 5 7 8 7 2 8
238 4 1 4 2 4 6 7 6 6 2
290 6 3 1 5 3 7 8 5 8 4
279 6 7 6 7 1 4 3 4 3 3
297 6 1 7 1 6 2 9 1 8 5
162 1 3 6 2 2 4 1 1 9 3
276 5 6 4 4 6 5 5 8 9 2
255 4 8 1 2 7 3 1 7 1 7
255 6 4 4 9 5 5 5 5 7 1
316 7 9 6 8 3 8 1 5 8 2
325 8 2 3 5 2 7 8 7 3 7
280 1 9 1 3 9 9 4 6 5 7
15
213 4 4 2 8 1 7 4 2 7 3
336 7 3 8 1 3 1 8 8 2 8
264 4 7 2 9 4 8 1 5 6 5
255 1 8 5 7 1 9 1 8 4 2
351 4 7 8 2 6 6 7 5 8 5
301 4 2 9 5 8 1 7 1 9 5
207 2 1 8 7 1 8 2 1 8 1
310 4 5 6 5 9 9 7 2 7 3
227 5 3 1 5 2 4 4 4 4 6
289 5 6 1 1 4 9 8 2 6 8
301 6 3 3 7 7 2 7 9 2 5
291 3 8 9 9 4 3 5 1 7 4
291 6 5 3 7 1 8 6 9 8 3
236 1 7 1 2 7 6 4 4 1 7
329 9 3 4 7 1 8 4 7 8 6
15
288 6 7 2 1 4 2 8 4 6 7
284 4 8 6 9 5 2 3 3 5 5
353 5 7 7 7 4 7 8 8 1 4
306 5 5 4 4 8 4 4 5 5 6
288 7 2 9 1 9 1 5 5 7 2
339 8 1 6 9 3 3 9 1 6 8
310 7 2 9 6 9 4 1 3 4 3
325 3 6 7 9 8 8 2 3 1 8
415 9 8 8 4 4 9 4 3 3 9
325 3 3 3 6 6 9 8 2 3 9
278 9 9 5 3 3 1 2 6 3 3
318 3 2 3 3 9 8 7 7 4 9
296 4 4 9 9 3 4 7 3 6 2
270 7 4 4 1 7 6 2 6 1 2
241 8 2 4 5 2 3 1 2 7 6
15
297 9 7 2 7 1 7 2 2 3 6
288 1 9 5 1 4 4 9 9 4 3
214 5 5 2 8 7 2 6 2 1 1
312 4 6 4 8 5 8 5 8 5 3
311 7 4 4 5 5 7 7 9 2 1
293 6 3 4 3 2 8 7 4 9 5
394 5 5 7 8 2 8 9 9 8 8
298 7 9 2 1 9 7 3 2 3 7
346 7 9 1 1 4 7 4 8 7 9
335 4 8 4 9 5 9 3 4 7 9
303 8 8 3 1 9 7 2 6 2 3
377 8 8 1 7 7 3 8 9 4 8
260 8 2 5 4 8 1 1 5 3 3
254 8 2 1 5 7 8 9 1 5 1
270 5 3 2 3 8 6 5 3 6 7
15
273 4 6 2 4 7 3 3 7 6 6
268 4 3 2 3 2 8 2 7 9 7
217 1 1 9 7 1 2 5 4 3 3
240 4 8 2 5 7 4 4 3 1 3
252 3 4 2 2 8 3 1 8 2 9
267 1 3 8 5 3 2 8 3 9 4
287 5 6 2 2 3 5 6 5 1 9
299 8 1 8 2 5 2 6 4 7 3
307 1 1 8 9 6 9 5 9 5 3
335 8 2 7 8 5 5 4 5 7 5
307 5 1 9 7 6 6 6 3 2 4
231 5 2 1 1 6 3 5 8 4 4
340 3 2 9 9 9 7 3 5 7 7
335 9 6 5 5 3 8 4 2 4 7
338 6 3 9 2 3 1 4 9 6 7
15
236 1 5 4 9 4 2 2 3 8 6
308 4 3 4 4 9 9 6 1 2 8
329 7 5 4 1 1 8 6 4 5 8
227 1 1 2 1 4 4 7 9 8 6
237 1 3 7 4 8 8 4 3 6 1
345 6 2 5 6 2 9 4 7 4 8
248 4 5 1 8 5 9 3 3 8 3
262 5 7 2 4 4 5 5 6 7 4
280 4 1 9 6 4 4 7 7 3 1
250 4 1 5 3 7 3 4 1 8 6
308 4 7 1 5 5 9 5 3 2 8
298 1 5 9 5 8 5 4 5 2 4
221 1 2 9 4 3 1 2 8 2 3
414 9 3 9 6 5 5 9 7 5 7
195 1 1 7 4 8 2 2 2 1 3
15
344 2 7 8 7 8 6 6 9 1 4
296 1 2 7 3 2 8 9 4 2 6
350 9 7 7 7 7 6 6 2 6 3
313 6 2 8 3 1 6 5 8 5 6
357 6 1 6 5 8 6 6 6 5 9
286 3 5 2 7 9 4 9 4 2 5
226 1 9 2 5 7 7 5 1 6 4
332 3 9 8 2 1 4 3 6 7 9
340 7 4 3 2 9 9 8 5 9 4
304 2 1 6 5 9 9 9 8 3 2
305 7 5 4 7 1 1 7 4 1 8
332 4 8 5 4 2 7 8 9 7 4
393 9 7 8 8 5 7 1 5 3 8
238 5 1 3 5 8 3 4 1 8 6
316 6 4 3 1 7 7 9 3 4 8
15
310 2 8 4 1 5 2 9 6 2 9
271 5 2 5 4 7 9 3 2 7 4
302 4 1 5 4 8 9 5 4 6 5
273 3 6 5 2 2 8 1 8 4 5
261 3 7 5 5 7 4 7 2 2 3
294 8 7 9 7 7 1 3 4 1 2
359 8 9 2 8 5 9 4 8 2 5
244 2 1 7 2 8 6 5 4 7 2
336 6 8 2 9 8 6 7 1 3 9
284 3 6 1 7 4 8 8 1 4 8
338 7 5 4 9 2 5 8 2 9 8
347 6 6 9 5 3 6 8 5 2 3
293 9 8 1 8 2 6 7 7 6 2
309 7 3 7 2 3 8 4 7 5 3
281 4 7 6 5 9 2 2 7 8 2
15
284 1 9 6 2 4 5 3 4 9 9
295 6 5 1 3 6 5 4 9 7 6
314 5 7 4 5 6 4 4 6 2 8
356 6 3 7 9 6 9 3 7 3 6
264 3 1 2 2 4 5 9 6 5 6
197 1 1 3 5 5 1 5 4 1 5
263 6 7 3 2 5 4 2 7 7 3
190 1 1 4 4 1 5 5 7 2 2
351 8 9 6 1 3 9 7 1 7 7
333 6 1 6 7 4 4 6 5 7 7
334 9 6 3 9 3 7 2 2 2 9
194 1 2 3 4 6 5 2 1 8 6
297 6 9 5 5 3 2 9 1 8 5
322 1 8 6 7 6 5 9 4 9 6
380 9 8 2 4 1 9 7 9 5 8
15
376 8 8 9 5 7 8 2 4 8 6
264 6 9 1 4 9 3 3 6 3 3
306 7 6 4 9 2 1 4 5 7 7
280 2 1 6 1 7 5 5 5 8 6
238 7 9 2 4 2 1 6 5 8 1
288 6 6 7 9 1 6 2 6 1 3
232 9 1 2 1 3 6 5 1 4 3
302 6 4 2 5 3 8 4 6 7 7
257 1 4 6 1 4 3 5 4 9 6
364 8 4 5 2 3 6 8 5 4 9
302 1 5 7 9 4 7 7 8 6 3
264 7 6 2 8 5 1 1 3 9 8
370 8 9 5 9 8 8 5 9 8 2
206 6 5 6 6 3 1 2 2 8 1
315 1 6 9 9 4 2 8 1 9 7
15
314 6 8 8 3 5 4 1 7 7 6
352 8 6 7 5 3 6 6 4 3 6
370 9 1 9 8 2 5 9 4 6 5
305 2 9 4 6 8 3 3 8 6 8
208 1 8 7 7 2 1 1 3 2 5
343 5 4 9 7 4 9 2 4 2 7
302 5 5 8 2 7 9 5 2 5 2
239 5 3 3 9 7 5 2 2 7 2
345 5 7 8 5 1 7 7 4 5 7
290 3 8 6 6 4 6 7 4 7 3
392 8 1 4 5 8 6 9 8 7 9
289 8 2 4 2 6 2 6 5 6 4
264 6 1 1 6 5 8 7 3 9 3
302 6 9 2 7 1 5 7 1 4 7
330 8 4 6 7 4 5 8 2 1 6
15
306 8 3 4 3 5 1 8 6 9 4
201 1 5 3 4 1 2 4 4 7 7
294 3 9 2 9 9 2 3 5 4 7
277 4 5 5 6 7 9 4 4 1 3
252 5 9 7 3 5 1 7 1 3 2
251 9 8 4 5 4 1 1 4 6 3
349 8 2 6 4 2 4 8 8 1 7
297 7 4 3 8 3 6 7 2 8 5
313 5 5 8 1 3 7 1 1 9 8
301 5 3 1 4 9 7 7 3 1 7
214 2 2 2 1 7 2 1 9 2 8
230 3 8 1 3 7 1 7 4 8 3
250 3 1 7 5 4 9 2 4 5 3
203 6 6 1 1 1 2 3 5 4 3
252 6 2 6 4 1 7 4 2 4 3
15
357 6 2 6 6 2 9 1 8 6 9
262 2 6 5 4 2 2 4 6 2 9
263 6 4 2 3 9 4 3 2 8 7
360 8 2 5 5 7 6 9 3 6 7
289 9 8 3 5 3 5 5 5 7 3
279 3 5 9 1 1 2 4 1 4 9
278 6 5 1 6 8 4 3 5 4 6
293 6 4 8 3 6 2 6 7 3 3
268 5 3 1 7 8 5 1 7 5 8
263 3 5 1 5 5 6 3 6 4 7
346 7 3 9 2 2 7 5 2 2 9
329 7 3 6 5 3 4 7 1 3 8
237 4 6 5 8 3 1 1 6 1 4
249 4 8 2 1 8 1 2 7 6 7
311 6 5 4 1 5 8 6 8 9 2
15
258 1 4 7 1 5 9 7 4 6 2
269 7 3 2 2 8 4 9 7 5 1
182 5 8 2 3 3 2 3 3 2 1
314 6 6 6 3 8 3 4 4 3 6
280 9 5 2 4 1 9 1 3 5 5
344 2 5 9 9 3 5 3 6 9 8
282 5 1 8 7 7 7 1 6 3 1
312 6 2 5 2 8 2 7 3 2 9
363 4 5 9 6 8 7 3 3 6 9
200 1 9 3 2 1 3 7 5 6 2
256 4 3 4 3 9 9 3 4 3 2
268 1 5 6 3 4 5 1 8 1 9
230 3 9 5 4 3 1 8 1 5 2
211 2 8 4 4 2 9 3 1 8 1
334 4 2 8 2 7 8 3 3 9 9
15
320 4 6 2 9 9 9 9 4 9 2
234 5 1 2 9 2 5 5 7 8 2
245 3 5 4 9 1 4 2 9 8 4
325 3 8 8 1 9 7 9 4 6 1
313 2 8 3 2 3 6 7 7 7 8
358 6 9 2 2 9 9 8 9 2 4
263 2 4 3 9 2 9 6 1 8 7
258 6 6 5 8 8 1 2 2 5 2
240 3 9 3 9 7 3 7 1 5 1
379 8 6 6 7 2 8 2 6 9 8
310 9 9 1 9 6 4 7 7 3 1
308 8 3 9 3 3 1 9 9 3 1
286 7 7 2 9 5 5 3 1 2 7
357 5 8 9 7 2 9 2 8 9 5
404 9 2 8 8 2 8 8 8 1 5
15
197 1 7 1 9 2 3 1 9 3 4
255 3 6 5 7 6 1 4 6 4 4
261 3 2 4 8 3 1 7 3 7 9
351 8 5 9 5 1 7 6 6 4 3
322 2 7 3 2 9 8 9 5 2 7
269 8 1 2 2 3 2 5 2 8 8
248 6 8 3 2 7 5 2 7 9 1
405 7 5 3 7 7 9 8 8 6 8
280 2 9 8 9 4 6 1 1 5 4
351 8 7 9 2 5 9 4 2 7 5
253 9 1 1 1 5 8 1 8 8 1
318 4 6 2 5 8 8 8 1 1 7
266 8 6 1 3 7 8 4 5 9 1
142 2 6 1 3 1 4 4 3 1 1
286 2 3 9 5 9 1 5 2 8 5
15
279 8 4 7 8 1 3 4 6 9 1
347 3 3 9 5 3 8 8 2 4 8
293 9 2 4 7 1 7 5 4 4 5
293 2 8 3 2 5 7 8 2 4 8
279 9 3 5 5 5 8 2 3 7 1
280 2 4 4 8 6 8 7 7 3 2
289 1 1 8 9 8 2 1 8 6 7
217 2 4 8 5 1 2 6 1 7 3
226 1 2 4 4 5 5 5 6 9 2
297 9 7 6 7 1 1 4 6 6 2
213 9 1 5 3 1 2 1 3 1 2
266 9 2 6 6 9 2 2 1 2 4
262 6 3 6 2 7 4 1 6 9 3
302 4 3 5 8 6 7 1 7 9 6
308 6 4 2 7 9 8 7 6 5 1
15
347 9 1 6 8 2 7 5 3 4 7
324 7 7 5 3 6 5 6 5 9 6
328 2 7 6 5 4 1 9 6 7 8
392 9 2 5 7 7 5 7 6 1 9
182 9 1 2 4 1 1 1 4 3 1
363 9 9 3 8 8 7 1 9 8 5
232 1 2 2 4 6 7 2 9 9 5
262 2 1 2 7 9 4 9 7 6 3
243 4 7 5 5 2 4 2 5 3 2
243 7 5 1 2 1 2 5 2 2 7
279 3 6 5 3 8 3 6 5 2 5
253 1 6 7 7 4 2 5 7 9 3
266 1 8 3 3 8 5 9 2 1 5
293 1 4 7 3 1 3 8 7 8 6
295 3 7 5 4 4 9 3 4 3 6
15
235 7 2 1 2 1 6 1 4 7 6
334 8 4 6 3 7 2 4 9 3 6
265 6 9 9 1 2 2 2 1 5 5
221 3 6 4 3 4 2 8 3 5 1
323 4 6 6 5 6 7 3 3 3 9
209 5 2 1 2 6 6 7 4 9 1
327 8 9 3 3 1 3 7 1 5 9
291 1 5 5 9 5 4 7 3 8 6
284 5 4 8 8 4 2 5 6 7 3
295 5 3 5 7 6 8 8 3 4 3
283 4 7 3 7 3 9 4 6 2 4
375 7 8 4 9 9 6 1 7 4 8
279 1 8 3 9 6 4 8 1 7 8
345 8 8 5 8 5 8 7 2 5 4
319 6 1 7 7 7 2 2 6 8 8
15
375 7 7 6 6 8 5 7 1 8 8
258 9 3 4 7 1 1 6 1 8 4
361 5 5 7 6 7 5 8 4 1 7
302 3 1 8 9 3 7 5 9 1 3
220 4 4 6 2 3 1 4 4 6 2
293 4 1 5 9 4 9 7 4 2 3
237 3 2 9 2 2 3 8 3 5 1
273 6 8 1 1 6 4 6 8 2 5
287 3 3 8 5 3 1 4 7 2 7
330 5 7 4 7 2 7 7 2 4 8
379 9 4 4 7 9 8 5 3 5 8
318 7 5 9 6 4 6 1 8 8 2
264 5 4 4 3 6 2 4 2 7 7
410 5 4 8 9 7 9 7 6 4 8
379 6 2 7 7 5 9 8 8 1 6
15
300 8 9 3 4 9 2 5 7 2 2
285 9 7 4 7 1 3 6 4 6 3
269 2 3 5 1 1 6 6 3 1 9
274 2 1 3 7 9 7 8 7 6 2
333 6 1 6 5 9 1 5 9 3 8
365 8 7 9 5 4 2 5 3 8 7
251 4 1 8 9 4 1 4 4 9 2
305 5 8 2 8 7 5 9 4 3 5
270 3 1 7 4 1 7 2 5 2 8
301 5 9 4 7 1 9 1 7 3 5
313 6 3 1 6 6 5 5 7 9 8
312 5 8 5 8 9 5 2 2 5 7
259 7 6 7 2 3 1 4 4 4 1
315 7 1 6 9 5 4 6 3 8 7
268 2 8 4 7 2 4 7 9 1 3
15
197 1 1 2 2 6 3 3 8 5 6
266 6 2 1 2 5 2 7 8 2 5
311 9 5 7 6 3 8 2 2 2 4
391 6 7 9 7 8 1 6 6 5 9
303 7 1 3 2 6 7 7 1 9 8
280 6 2 1 5 9 4 1 5 8 9
412 6 4 9 5 8 9 3 7 3 9
298 9 9 3 2 4 3 6 8 5 1
293 3 2 9 4 5 8 1 4 8 6
270 5 1 3 6 2 9 3 9 1 5
253 4 4 5 3 4 1 1 9 9 5
239 5 3 4 4 2 7 8 3 3 1
178 3 4 3 6 2 1 3 3 5 4
385 8 7 8 7 1 7 4 5 3 9
302 6 5 6 4 7 6 2 6 7 4
15
287 5 7 5 6 2 4 4 8 7 4
236 7 7 2 2 9 2 4 1 6 2
282 6 2 9 4 4 7 4 1 6 3
346 9 3 4 5 9 5 7 7 8 3
337 4 6 9 5 3 3 2 7 7 9
322 5 5 8 1 2 7 4 9 8 5
346 8 6 7 4 7 4 2 2 5 9
296 3 4 5 6 5 1 6 4 1 9
235 3 8 6 6 9 4 3 1 2 1
238 1 4 1 2 6 8 5 2 4 8
333 7 5 8 4 4 3 1 8 6 6
356 9 7 5 4 6 5 8 2 7 7
315 5 1 6 7 4 8 9 9 2 2
250 3 3 4 5 8 8 3 1 4 5
266 1 1 1 9 7 8 2 5 5 8
15
360 3 9 9 5 6 6 9 9 3 2
372 9 3 6 6 7 9 1 7 5 7
323 7 5 2 8 8 4 4 1 7 9
260 7 6 3 2 8 6 4 4 7 1
223 1 4 5 2 5 8 1 6 4 4
282 4 9 9 1 4 6 2 8 4 1
262 9 2 1 1 3 7 9 4 2 3
259 4 8 5 6 7 1 2 5 5 5
345 9 5 8 4 2 9 1 7 5 5
304 7 4 5 8 7 9 1 5 8 1
203 1 7 1 5 1 4 7 3 7 4
360 5 3 9 2 7 4 8 6 8 8
321 5 5 7 6 3 7 2 3 3 7
382 4 5 8 9 2 9 8 9 4 6
232 1 9 2 4 9 6 7 3 1 2
15
230 3 5 5 5 6 3 2 7 2 3
286 9 1 3 5 4 3 5 2 3 8
390 6 7 9 1 7 9 5 5 4 6
249 8 4 2 6 8 2 3 4 1 2
309 9 6 4 9 5 2 5 8 1 1
249 6 3 2 8 1 9 8 1 4 1
245 1 8 1 6 1 3 7 2 4 8
291 3 7 6 9 1 3 8 2 4 5
300 3 4 6 6 1 3 4 8 3 9
286 6 7 4 2 1 1 4 9 6 6
245 5 2 8 2 3 3 6 1 2 2
275 1 9 2 6 9 1 7 9 7 4
320 6 7 9 1 1 6 4 4 2 5
300 9 4 8 8 1 1 6 6 3 1
299 5 7 8 9 4 6 4 3 3 3
15
249 2 9 2 6 3 2 5 8 5 6
255 6 1 4 4 6 8 6 2 4 1
220 4 8 5 6 2 3 4 4 2 1
238 1 8 1 8 2 8 2 8 2 3
334 9 8 4 9 9 5 7 3 5 2
236 3 6 2 6 4 2 2 1 5 8
334 6 8 5 5 3 4 2 7 8 8
311 3 8 6 6 8 5 6 3 4 5
365 6 4 9 8 6 7 5 8 3 3
328 2 6 5 7 2 5 5 9 7 9
267 6 4 3 5 3 8 6 3 9 1
228 2 8 1 3 6 6 7 5 5 3
225 1 5 1 5 9 6 4 8 4 3
330 5 9 8 4 1 1 7 6 9 7
296 3 5 3 9 8 7 5 9 1 2
15
166 3 1 2 9 1 2 6 2 6 1
231 2 2 3 8 2 3 5 3 8 6
310 4 3 4 9 9 8 6 6 5 4
330 7 1 6 1 3 4 6 9 3 9
333 7 1 6 9 8 9 1 2 2 6
223 8 7 1 1 6 5 2 3 4 1
325 5 7 9 1 8 1 8 4 9 3
251 3 4 4 7 2 6 6 3 1 6
229 9 4 1 2 1 2 5 1 6 4
291 3 3 2 8 5 6 7 2 5 8
297 2 8 4 8 4 8 8 4 8 4
222 4 8 3 3 1 4 3 4 4 3
373 5 8 9 9 5 2 7 6 8 7
323 7 7 9 5 3 6 7 5 6 1
261 4 9 5 7 5 4 2 6 7 2
15
196 1 4 3 1 5 4 8 1 4 2
233 6 2 8 1 1 3 2 3 7 3
310 8 4 5 9 3 8 3 7 4 3
316 3 6 9 4 6 3 6 5 6 4
283 9 3 6 5 1 1 5 3 1 6
190 5 8 2 1 1 2 1 7 5 2
246 3 3 3 2 5 1 5 3 6 8
187 2 7 2 2 4 4 6 1 6 2
344 3 5 5 8 9 9 2 5 6 8
349 8 7 4 4 9 5 8 6 8 4
315 5 2 7 2 1 8 5 8 1 7
312 7 7 6 9 1 7 2 1 1 6
254 1 2 6 7 5 2 7 1 2 7
283 5 7 2 3 1 2 9 7 2 6
325 8 6 8 3 4 4 5 4 5 4
15
304 2 6 5 1 5 7 9 2 6 8
309 1 1 9 2 4 9 8 1 6 8
387 8 9 6 7 1 7 6 3 2 9
297 6 3 7 1 7 6 8 1 1 2
359 9 9 6 8 1 5 5 5 7 7
307 1 1 7 9 9 8 1 7 9 7
351 6 3 7 6 4 8 6 6 5 6
268 6 6 4 1 8 4 3 2 3 5
325 6 9 1 4 3 9 6 5 9 7
255 5 4 2 7 5 2 4 3 5 7
392 7 5 9 6 2 4 7 9 1 7
306 1 3 8 3 1 6 7 9 3 6
274 6 6 6 3 1 1 5 6 9 3
211 1 3 5 2 7 2 8 1 7 4
294 7 9 1 5 2 3 8 1 6 9
15
359 3 8 4 6 8 7 9 3 9 8
225 4 6 2 4 4 3 7 3 9 3
333 8 9 3 8 3 8 9 3 4 2
308 1 5 6 8 2 7 9 5 6 6
312 5 2 9 1 4 1 8 6 6 5
324 2 4 6 5 9 6 7 6 3 6
276 8 1 8 3 4 1 2 3 4 7
218 6 1 1 5 5 4 4 8 2 1
261 4 4 8 5 2 1 3 2 8 6
203 3 3 1 3 6 1 6 7 2 2
347 9 3 4 3 8 9 8 2 8 5
342 7 8 4 3 9 1 1 8 8 9
396 6 8 5 9 5 8 9 7 3 8
235 2 2 2 9 1 3 5 3 4 8
243 6 2 1 9 2 7 2 7 6 3
15
355 4 5 5 9 3 9 6 9 1 6
300 5 2 6 5 5 4 2 2 3 9
309 8 7 6 3 3 2 9 7 7 1
266 2 1 8 2 7 3 1 6 5 6
205 2 3 2 3 2 3 1 8 5 7
167 1 1 1 2 6 1 3 9 6 4
296 5 6 7 1 8 4 7 4 7 2
364 9 9 4 3 6 5 6 7 2 7
297 4 2 9 5 8 8 3 5 7 2
241 5 7 3 8 4 2 2 3 7 3
178 2 1 8 3 3 5 1 2 4 1
424 8 9 7 4 4 2 9 9 8 9
236 6 5 4 4 7 7 1 2 3 1
297 5 9 5 3 1 4 7 3 5 7
263 3 8 2 6 9 2 6 8 2 4
15
320 8 2 8 8 7 3 5 5 8 1
234 3 8 2 9 5 4 4 1 9 4
296 1 8 9 3 3 8 2 9 8 3
316 7 3 8 7 3 8 7 1 3 3
389 9 8 7 5 7 8 5 1 4 7
314 8 6 4 1 9 6 1 1 8 9
262 3 2 1 6 5 6 1 9 7 8
214 1 4 6 8 4 2 4 1 7 5
258 7 1 2 7 6 4 9 2 4 2
343 7 8 5 7 2 8 2 6 1 7
354 6 7 4 5 8 8 7 6 5 5
278 5 8 3 4 3 8 7 6 5 1
306 4 7 9 6 5 1 3 6 4 5
280 7 5 1 9 4 9 8 3 2 1
287 1 7 6 7 6 4 7 7 9 2
15
340 5 4 7 8 8 4 5 2 2 8
381 8 2 9 6 4 8 5 4 9 6
225 1 5 9 8 6 2 1 2 9 3
302 8 7 8 2 3 5 4 2 9 2
392 9 3 5 6 3 7 9 8 5 6
261 5 8 3 7 4 2 6 5 1 4
287 1 4 9 2 5 2 3 6 3 7
312 7 8 2 4 5 5 9 9 8 1
288 3 7 6 5 4 3 2 7 4 6
287 9 2 2 9 1 5 7 8 3 3
284 7 1 5 5 5 9 1 7 8 2
369 5 3 8 9 9 7 3 8 1 6
353 6 4 6 2 9 4 7 1 6 9
236 6 5 1 5 5 4 9 2 5 1
244 3 9 2 1 8 5 4 8 3 2
15
154 2 1 4 2 2 2 2 8 8 1
287 9 4 4 7 2 2 9 3 5 2
390 8 8 8 7 2 1 7 9 4 9
303 6 3 8 7 7 1 9 4 9 1
313 7 4 6 9 7 1 9 2 8 3
321 7 9 6 9 4 1 6 4 7 4
190 4 3 2 2 4 2 1 2 8 7
311 7 1 7 7 1 6 6 6 4 3
238 1 2 8 3 4 3 6 7 5 2
330 4 2 1 8 8 8 6 5 8 9
255 2 1 8 6 2 9 4 5 2 1
243 3 3 7 2 1 9 1 5 7 4
345 6 7 7 6 1 4 9 1 8 7
348 3 8 9 6 6 1 8 3 9 8
309 5 7 4 7 3 2 9 8 5 4
15
202 7 1 1 1 6 4 2 6 4 3
234 1 6 3 6 6 7 2 2 4 7
315 6 1 7 1 9 9 9 5 1 1
294 3 1 1 5 3 5 9 9 9 7
243 1 1 7 2 7 8 1 6 6 3
278 8 4 3 4 4 9 5 3 6 1
318 6 4 4 7 8 4 2 7 3 7
309 8 7 5 2 3 3 5 6 8 4
370 9 4 6 8 7 2 3 9 7 7
217 1 1 1 3 1 6 9 8 2 4
300 7 7 8 4 2 9 1 4 2 2
286 4 6 7 5 9 1 8 4 7 2
302 6 9 8 2 6 1 6 1 4 6
331 5 8 2 6 1 9 9 9 5 3
334 2 3 6 9 8 9 8 6 1 5
15
334 7 7 3 1 4 1 8 9 1 8
250 3 1 5 4 2 3 3 3 7 9
274 8 1 3 7 2 2 3 3 1 8
209 3 2 1 3 4 3 1 8 4 6
255 5 5 1 2 8 4 4 3 4 7
177 4 3 2 6 1 3 1 4 3 3
254 8 1 9 2 2 3 4 4 8 1
265 1 4 9 5 9 4 3 1 5 4
383 9 5 8 6 9 8 6 6 9 2
256 4 6 1 2 7 8 6 3 7 5
208 7 3 1 4 4 7 3 2 6 1
165 4 1 2 1 2 3 2 2 1 4
306 4 6 6 5 5 6 7 8 2 1
192 1 5 2 1 5 3 2 4 7 5
267 7 8 2 7 5 2 1 5 4 7
15
381 9 7 8 7 2 7 1 9 6 6
295 4 6 4 4 7 4 7 7 2 6
341 9 3 9 5 6 4 1 8 4 3
340 5 6 8 9 7 3 7 6 1 5
269 6 2 1 5 6 7 2 5 6 5
284 1 6 6 1 4 9 7 4 2 4
213 2 7 5 3 8 3 1 6 3 2
349 9 6 8 8 8 8 3 4 3 1
173 3 7 1 2 9 1 1 7 2 1
275 5 4 2 8 1 8 8 5 2 2
337 8 1 5 8 1 8 9 3 6 4
352 5 8 5 7 9 4 6 6 1 7
255 2 1 6 1 3 9 6 1 8 4
239 3 6 1 5 6 2 4 5 4 8
341 5 5 8 7 3 6 1 6 5 9
15
246 1 5 5 4 8 2 4 7 4 4
208 3 3 3 1 3 3 8 5 6 1
190 8 1 2 3 8 1 1 5 2 1
205 1 5 4 5 7 7 3 3 8 1
284 1 6 1 9 7 5 5 4 9 9
282 5 6 1 9 8 2 6 6 7 4
431 8 3 9 7 2 9 7 8 6 9
262 2 9 4 5 7 6 1 9 9 1
275 6 6 2 4 1 9 6 2 3 4
296 7 9 3 9 5 2 9 5 3 1
264 7 7 4 5 6 1 5 7 4 1
317 8 5 8 4 4 9 2 8 9 1
294 7 5 1 2 2 5 3 8 6 9
314 9 9 4 2 8 6 9 1 5 2
302 9 7 4 9 4 4 6 1 9 4
15
218 4 4 6 1 2 1 3 6 9 3
341 7 6 4 5 7 8 6 2 9 5
274 3 2 3 2 8 4 3 8 7 9
370 9 7 7 2 5 8 5 7 2 4
197 2 6 2 3 6 5 3 7 5 1
247 1 6 5 1 7 9 4 1 6 5
289 4 8 8 6 8 5 4 6 4 1
332 8 6 5 2 7 3 9 5 9 5
273 8 7 2 4 5 6 9 1 2 2
159 1 1 3 1 1 3 1 8 2 5
315 5 6 5 8 4 6 2 2 9 9
366 6 8 9 7 7 7 4 3 6 4
307 7 1 1 1 6 7 8 7 6 7
236 8 1 1 7 3 8 1 4 6 1
412 8 3 8 8 6 2 9 6 8 9
15
238 9 1 1 3 2 6 5 7 7 2
257 5 1 8 3 2 2 4 6 9 3
210 1 5 6 2 2 5 4 8 4 1
293 9 1 5 9 5 5 3 2 8 5
271 5 8 1 5 2 2 8 1 1 9
190 1 3 3 1 2 5 3 7 7 2
414 9 9 6 4 8 7 7 3 1 8
322 6 5 2 4 9 6 4 8 3 6
356 3 6 8 5 9 9 9 7 4 1
221 1 1 6 6 4 9 3 3 5 2
245 3 2 9 3 6 3 3 5 7 2
244 6 9 1 4 4 4 5 3 3 3
326 3 3 8 4 7 5 8 9 2 3
339 4 6 7 5 5 4 7 3 9 7
256 2 3 5 2 8 5 7 2 7 5
15
296 5 3 5 9 7 4 2 5 7 5
239 3 2 8 1 3 5 6 1 1 3
316 6 5 7 2 3 8 3 4 5 7
269 4 1 8 8 1 1 8 6 9 1
237 1 4 5 7 5 2 7 1 2 7
278 9 7 3 4 5 5 3 2 7 2
324 3 7 6 7 6 2 7 7 2 8
275 7 8 1 6 7 5 1 7 2 5
260 4 7 9 4 5 5 1 2 5 1
330 8 1 8 7 4 8 3 9 8 2
309 7 6 3 3 9 2 8 2 6 6
319 3 4 8 9 5 9 1 9 2 4
283 1 1 8 2 9 5 7 1 5 8
359 5 4 8 3 8 3 8 5 2 9
174 4 2 1 2 5 2 4 2 2 4
15
259 7 2 9 3 1 1 4 2 7 2
285 7 6 2 7 6 8 5 1 7 4
208 5 4 1 8 1 2 8 4 6 1
313 8 1 5 2 1 3 9 9 2 5
318 9 2 6 5 9 1 9 4 9 3
179 3 6 1 1 6 2 5 4 4 1
232 6 4 1 8 7 7 1 6 2 2
268 1 8 2 5 6 8 1 5 3 7
329 8 1 9 9 1 2 7 6 2 3
263 5 1 4 9 2 3 2 5 4 8
260 9 2 1 5 2 1 7 1 4 7
237 2 9 4 4 6 8 1 2 4 2
353 8 3 8 8 9 4 5 8 9 3
355 9 3 7 3 9 3 2 5 2 8
294 5 8 5 8 2 4 3 2 1 8
15
356 7 6 7 9 6 8 9 2 5 3
213 4 2 3 2 2 3 3 5 6 5
340 2 5 9 6 7 8 7 9 8 3
298 5 9 6 2 7 4 2 4 7 5
323 7 1 8 2 5 7 9 9 6 1
287 8 1 5 6 5 5 1 7 4 3
278 4 6 6 4 9 5 1 4 3 4
217 2 1 7 2 1 3 1 1 6 7
245 4 3 1 2 3 9 3 5 1 6
248 1 8 3 4 5 6 3 7 6 3
290 3 6 9 5 3 7 7 2 5 3
240 4 4 2 9 5 1 6 5 9 4
291 8 3 1 8 1 3 9 6 3 6
308 6 9 1 1 7 4 6 5 5 8
263 9 3 1 6 4 5 2 2 8 7
15
280 8 7 1 9 2 2 6 5 8 3
245 1 5 3 7 2 5 5 1 9 9
274 1 1 1 9 7 8 5 4 9 8
303 7 3 3 7 2 4 5 8 9 6
326 1 9 9 6 7 8 4 7 7 2
289 5 5 2 6 3 8 5 5 1 5
278 8 8 3 6 9 1 1 1 6 7
231 6 7 6 5 1 1 4 4 9 1
321 5 7 9 2 6 1 6 5 8 5
210 3 3 3 5 8 3 2 6 9 2
302 1 7 6 7 8 4 9 6 7 2
270 8 3 1 2 8 2 2 6 3 9
250 5 2 2 9 2 8 8 2 7 2
321 7 4 5 9 8 5 8 1 9 3
198 1 9 1 8 1 8 1 4 9 3
15
302 7 5 4 2 5 6 3 3 8 7
325 8 3 8 6 6 1 6 3 6 5
284 3 3 8 1 4 4 1 2 9 9
295 2 6 1 9 2 9 7 6 8 6
240 5 2 5 4 1 4 3 9 5 3
306 5 3 9 9 2 6 4 3 5 4
318 3 3 8 1 7 2 8 9 2 5
357 7 9 5 5 6 8 7 3 4 4
265 1 4 6 7 5 8 4 2 7 3
264 2 4 4 7 8 1 7 8 6 4
391 9 3 6 1 9 3 9 8 6 7
289 1 9 6 6 9 5 3 8 5 3
257 1 7 6 5 4 8 2 8 2 2
269 6 3 4 1 5 9 9 1 4 1
327 7 5 9 1 9 6 2 5 9 4
15
358 8 8 4 1 4 6 6 5 2 9
266 2 2 4 1 5 1 8 9 9 8
287 8 4 1 8 3 9 2 9 9 1
330 5 8 6 6 5 4 4 2 4 9
272 1 6 9 8 7 1 4 1 7 7
248 2 1 3 5 6 4 6 4 7 8
294 6 6 8 2 7 9 1 5 6 1
255 6 1 4 1 4 6 8 1 8 3
358 7 6 8 9 8 8 3 7 4 2
293 8 1 5 8 8 6 2 3 9 3
271 1 5 1 5 7 7 5 8 1 6
377 8 9 9 5 5 4 3 8 6 7
318 4 1 3 8 3 7 3 8 6 9
202 3 4 5 6 5 4 1 2 3 3
267 5 3 3 1 6 8 9 4 3 2
15
315 7 2 1 9 2 7 9 4 1 8
260 1 5 1 5 3 5 7 9 7 7
234 6 5 5 1 5 1 1 8 4 3
251 3 3 5 2 8 5 6 8 7 1
280 1 7 4 3 7 7 8 7 4 4
286 3 1 9 3 7 1 1 2 8 9
309 5 5 9 7 3 3 4 7 7 4
209 2 5 4 1 2 2 4 7 4 3
256 2 6 5 8 5 5 3 8 3 2
211 1 4 3 3 2 6 5 4 9 2
256 6 1 1 6 3 4 7 5 3 6
323 7 9 4 6 3 4 9 1 1 5
298 8 5 8 5 2 1 2 9 7 2
259 4 5 1 9 6 2 1 4 2 9
263 2 9 7 3 9 8 1 3 6 2
15
364 9 9 6 3 4 7 1 5 1 9
286 2 2 8 1 5 9 9 1 6 2
327 8 5 8 1 3 6 5 7 1 3
307 3 9 3 6 3 9 5 7 5 5
243 5 4 1 9 1 6 3 4 8 5
349 7 4 6 4 9 8 2 3 1 7
205 3 1 1 3 1 4 1 7 1 8
418 8 9 9 3 6 5 9 5 5 6
345 9 4 6 8 9 3 7 2 4 4
195 3 6 1 8 4 2 4 6 7 2
323 9 9 5 8 2 4 3 3 3 5
290 7 2 6 9 8 2 5 5 4 3
344 3 8 4 3 8 8 9 6 4 5
283 3 5 1 9 9 2 7 8 2 6
373 9 6 5 4 4 9 4 9 5 5
15
349 8 9 6 1 5 3 5 7 1 6
316 1 9 8 5 5 1 7 8 9 6
226 6 3 1 2 7 4 5 5 6 1
344 3 8 8 4 2 7 9 5 3 6
239 6 7 1 5 3 7 2 4 9 2
174 1 2 2 4 3 7 2 2 5 5
204 3 2 3 9 4 4 3 4 2 2
255 7 2 5 5 4 7 4 5 4 1
298 2 5 5 4 8 8 5 1 3 8
232 4 7 5 8 3 2 2 8 5 1
296 4 2 7 4 2 4 6 8 9 5
313 7 3 5 3 6 7 1 3 1 9
381 9 7 5 6 1 2 6 9 4 9
226 1 8 1 8 5 2 6 2 5 7
281 7 6 1 9 4 4 4 4 4 7
15
327 5 6 1 8 3 9 9 5 2 7
241 1 8 6 7 2 4 2 7 5 3
372 9 9 9 3 1 4 7 6 6 6
257 3 5 6 7 8 1 7 6 2 2
217 6 8 4 2 4 1 1 1 6 3
285 8 2 1 3 3 9 1 2 6 8
302 4 9 2 9 2 7 7 6 3 5
249 3 9 3 7 4 7 5 2 8 3
283 1 5 5 8 9 2 6 9 9 4
244 1 5 2 4 8 7 1 3 8 8
316 1 7 9 2 1 9 5 4 4 7
292 5 5 5 4 8 3 8 1 2 4
381 3 5 9 1 4 9 9 8 5 7
314 2 4 4 9 7 6 4 5 7 9
246 1 9 5 2 3 6 5 1 6 6
15
264 9 9 4 2 1 2 1 6 5 5
308 4 7 8 9 2 1 3 7 4 8
314 6 8 6 3 4 2 5 3 7 9
298 6 7 1 5 2 9 8 6 4 5
295 7 2 3 5 6 1 8 9 1 4
235 3 2 1 8 6 4 8 1 1 5
335 2 8 8 6 5 7 6 6 5 6
410 9 5 9 3 5 7 5 9 4 6
199 1 9 2 2 9 2 5 6 8 1
328 6 7 4 3 1 4 6 6 5 9
339 5 3 6 3 9 4 2 9 4 8
343 5 2 9 3 7 7 3 8 6 7
312 9 4 7 3 1 5 5 7 7 3
323 9 6 9 4 2 4 1 1 4 6
293 5 8 2 1 8 5 6 2 6 6
15
330 9 5 5 9 2 1 8 5 2 6
277 6 4 5 1 4 6 8 1 5 4
267 1 3 5 3 1 8 5 6 6 7
345 7 9 6 6 2 5 9 3 6 5
211 1 8 1 2 4 8 1 9 5 2
276 3 6 7 9 7 3 3 1 9 4
256 5 3 6 3 3 4 1 4 1 7
222 8 4 3 6 4 3 1 2 7 1
376 5 2 7 2 8 7 8 8 5 7
273 9 6 3 3 6 7 1 4 3 4
297 5 8 7 2 1 5 6 4 6 3
183 2 3 4 1 8 5 3 1 4 2
349 5 4 9 7 9 1 2 6 4 8
311 5 4 6 4 8 3 8 8 6 4
248 6 7 2 8 2 1 3 5 2 5
15
342 9 1 6 6 9 3 3 8 9 5
314 4 8 8 3 5 2 5 6 4 7
185 3 1 3 8 7 4 1 3 8 2
332 5 8 9 7 5 4 5 2 5 6
166 2 5 2 1 7 1 4 4 2 1
355 9 6 3 8 5 6 8 3 9 6
263 2 3 4 3 9 8 4 7 9 3
314 2 4 5 4 8 9 5 5 7 7
423 9 6 9 9 9 2 8 4 4 9
304 2 1 8 5 5 7 6 9 6 4
325 7 3 7 2 1 7 9 4 8 4
418 9 2 8 4 9 8 6 9 1 8
267 9 2 1 1 6 4 9 4 3 3
253 3 4 5 4 3 9 4 2 6 4
219 1 5 6 4 2 4 9 4 1 1
15
233 5 4 2 3 4 3 3 4 2 7
353 5 6 5 3 8 8 6 7 9 7
263 4 6 1 5 4 9 5 8 5 1
377 8 1 9 3 1 8 3 9 6 7
275 4 6 3 9 9 1 1 8 3 6
321 5 5 8 9 7 7 3 2 4 3
254 5 5 4 1 3 9 1 6 4 2
258 1 4 8 1 9 2 8 3 1 4
152 1 1 1 2 1 4 1 4 5 5
342 9 1 8 6 2 2 2 9 9 8
319 6 7 6 1 5 4 5 1 8 8
282 5 5 5 9 6 4 6 4 2 3
289 8 7 1 8 1 8 6 3 9 4
349 8 7 5 9 3 5 2 6 2 9
267 1 5 9 8 9 6 2 2 2 1
15
294 3 9 7 3 6 4 1 5 1 8
306 7 5 2 8 3 8 2 7 3 7
339 3 3 9 5 9 5 8 1 2 9
315 5 9 5 4 7 7 9 2 7 3
289 6 2 6 6 4 1 9 7 7 3
237 4 1 6 2 3 3 3 4 2 6
312 5 6 2 9 8 6 4 7 1 7
265 3 6 3 5 6 7 1 2 8 8
258 7 6 3 6 3 8 1 1 7 3
248 4 8 5 3 5 3 2 4 1 3
217 3 6 2 5 1 6 1 6 8 3
259 4 2 7 9 8 3 6 5 1 1
227 5 2 1 9 4 3 9 1 9 1
296 3 3 6 3 2 5 8 5 6 7
259 2 3 7 2 3 9 7 3 5 2
15
262 5 3 5 9 8 3 3 1 5 3
284 6 6 4 9 8 6 1 9 1 2
306 5 4 6 2 3 1 7 6 5 7
235 2 2 1 9 3 5 8 9 1 2
321 6 3 3 5 1 7 8 9 2 5
235 4 5 4 5 1 7 4 7 6 1
362 7 8 8 3 2 5 8 9 1 3
333 9 2 8 1 3 5 8 4 1 6
406 8 5 8 9 3 5 4 9 1 9
315 5 6 7 9 7 5 2 7 1 3
352 1 2 9 1 8 5 9 5 3 9
210 2 8 1 9 6 8 1 5 5 1
291 8 6 1 8 9 1 5 4 3 5
301 1 3 8 9 4 9 4 5 6 3
288 3 6 1 6 6 8 3 5 4 9
15
328 6 8 1 6 9 9 7 4 1 4
264 5 4 3 6 1 8 2 6 1 5
303 7 5 8 2 6 6 7 2 5 2
322 6 7 7 9 2 5 6 5 5 2
282 9 8 3 1 9 6 4 3 2 2
282 8 5 3 2 7 3 4 7 9 2
239 2 7 4 3 2 2 7 5 9 5
303 3 5 3 6 8 5 8 5 4 7
236 1 4 8 1 1 8 4 2 5 2
326 9 1 7 4 3 1 8 4 9 5
379 8 9 7 3 2 9 1 8 5 8
366 5 7 6 8 4 3 7 9 8 7
341 6 3 6 3 5 9 3 5 6 7
293 5 5 3 9 6 1 6 2 5 9
237 2 1 4 7 5 6 4 4 2 4
15
334 2 4 9 8 4 2 9 4 1 8
360 2 6 8 3 9 2 8 5 7 9
207 1 9 4 5 7 4 1 6 5 1
286 5 5 2 9 4 1 6 5 1 8
274 1 4 8 6 5 2 3 5 4 8
247 5 3 1 3 7 1 7 6 3 4
296 5 9 4 4 3 7 8 5 5 2
179 1 5 2 2 5 5 3 9 2 1
264 7 7 1 1 4 6 2 6 6 4
278 8 1 2 6 8 4 8 2 9 3
227 1 6 9 1 3 5 5 3 5 1
287 3 6 4 6 8 5 1 3 5 8
265 8 7 7 2 3 3 3 2 4 1
287 1 9 5 1 9 9 5 3 3 5
262 1 4 1 6 2 4 7 7 5 9
15
332 5 6 5 9 8 5 3 7 8 7
268 1 3 7 8 2 1 9 5 8 5
271 6 4 5 1 3 5 2 3 7 7
394 9 4 7 8 8 8 5 7 1 7
256 3 5 6 3 2 4 6 9 8 2
219 1 9 5 2 9 1 1 7 1 2
334 9 2 7 7 8 7 6 1 8 3
372 5 6 8 6 7 7 6 9 8 4
326 4 3 1 6 8 5 5 9 5 9
347 8 4 8 5 4 2 3 8 4 6
284 2 5 5 6 7 6 3 2 6 8
277 1 6 4 1 8 3 3 9 6 9
373 8 9 2 5 6 8 7 5 6 9
319 4 7 4 9 7 6 6 7 6 4
265 6 1 4 8 1 3 5 2 4 7
15
324 2 8 5 6 3 9 7 5 2 6
147 2 4 2 1 1 3 3 2 6 3
258 3 9 5 8 1 2 5 2 4 7
266 5 3 6 4 7 2 8 6 1 1
291 5 4 1 2 5 9 7 2 5 9
355 9 9 4 5 7 8 4 1 2 8
292 5 2 9 3 2 4 3 3 5 8
266 2 3 3 2 7 1 7 6 9 9
205 4 1 4 1 5 6 6 2 9 1
288 7 3 6 4 5 1 7 6 5 2
395 7 4 7 5 9 7 7 4 3 9
297 5 2 8 4 4 2 7 4 3 6
315 1 8 2 4 9 7 7 8 5 8
365 8 6 3 3 2 9 8 5 1 8
405 4 7 6 7 5 9 8 9 9 9
15
313 9 4 2 8 3 7 3 9 8 5
270 4 5 7 7 3 5 8 2 9 2
435 7 6 9 7 8 8 8 5 8 9
304 3 9 6 1 2 7 3 7 4 7
261 7 1 4 4 7 7 3 4 4 2
249 3 6 6 7 7 7 1 2 5 2
263 2 4 3 1 7 8 1 6 9 6
281 1 9 8 4 2 2 7 8 8 4
255 6 3 1 6 4 7 4 7 1 2
302 9 7 7 5 5 8 2 1 5 2
301 7 4 9 9 3 2 2 8 2 2
320 9 9 4 6 5 2 3 6 1 6
309 8 3 4 1 8 5 3 7 6 5
278 5 7 7 3 4 6 5 1 7 3
311 2 3 3 5 7 8 8 6 6 6
15
347 9 4 4 8 9 4 9 8 6 1
283 6 9 9 2 8 5 2 1 1 1
305 9 8 6 4 8 3 1 6 8 2
253 4 5 3 7 8 4 6 7 9 1
296 7 2 1 6 6 9 1 4 5 8
278 1 9 6 2 6 8 6 1 6 3
307 8 6 3 2 1 2 7 5 9 8
263 8 8 6 3 1 3 3 3 9 2
267 4 2 1 4 1 9 7 6 6 6
279 9 3 1 5 5 5 4 8 1 3
245 3 7 3 1 9 4 4 2 5 5
358 7 6 7 3 3 5 9 3 1 7
296 4 7 8 1 1 7 6 2 5 6
288 6 7 7 4 3 1 3 4 5 5
247 5 8 1 2 2 4 6 4 3 5
15
379 6 9 8 6 2 1 9 5 4 9
178 1 4 6 2 1 5 3 3 4 1
305 3 5 9 9 1 4 7 8 1 4
244 2 4 3 5 5 1 6 6 9 7
339 4 8 1 8 8 5 6 7 1 9
231 1 1 7 2 7 7 1 2 2 4
397 9 6 3 8 7 6 9 6 1 8
312 8 4 8 1 5 2 4 9 4 2
231 1 8 1 4 3 8 1 2 8 8
305 5 6 2 1 9 9 8 2 3 4
244 2 1 1 6 3 9 1 3 7 8
220 1 6 7 1 7 1 8 3 8 1
286 7 6 5 3 9 1 8 3 8 1
298 6 8 7 1 7 1 3 7 5 4
266 3 4 6 3 3 8 5 7 1 2
15
323 2 4 6 8 4 6 1 9 5 9
329 1 8 5 1 8 9 8 8 8 4
262 1 2 6 3 4 5 4 9 5 5
243 5 7 1 6 1 2 6 6 8 4
357 9 1 9 3 7 5 1 8 4 5
285 8 2 4 7 8 1 3 3 9 6
205 5 2 2 6 8 7 1 2 4 2
270 1 6 3 9 1 7 6 5 3 8
306 6 9 6 9 5 1 8 2 5 3
305 6 7 5 1 8 5 3 4 6 5
267 1 5 5 2 3 9 3 4 3 7
291 2 6 5 5 9 7 1 2 4 9
317 2 2 9 2 6 5 3 8 3 8
268 5 8 2 5 5 6 1 8 4 3
366 9 3 9 4 6 3 2 4 5 9
15
367 5 8 6 5 6 8 9 1 6 7
207 4 3 4 4 3 2 3 3 9 2
308 1 4 8 8 6 2 9 3 4 8
389 9 9 9 1 5 5 2 5 8 9
232 5 1 3 2 6 1 6 4 9 3
267 8 5 5 3 4 1 8 3 4 1
342 5 6 8 5 4 6 2 8 6 7
256 1 6 7 2 1 7 3 6 4 6
379 9 7 5 1 6 7 8 9 1 5
280 5 4 4 1 3 5 9 3 4 5
240 2 4 4 2 2 6 2 9 3 4
261 1 1 7 6 5 4 1 4 1 8
259 2 2 1 8 6 6 7 3 7 7
342 7 9 3 5 6 2 8 8 3 8
326 3 5 2 9 2 8 7 9 3 9
15
310 8 7 4 2 6 1 6 5 4 7
312 5 7 7 8 5 5 3 7 2 3
332 1 6 3 9 6 9 9 2 5 8
354 8 2 8 2 1 8 3 4 3 9
294 5 6 8 5 7 7 4 1 7 3
345 6 9 5 9 4 4 7 5 1 8
315 6 2 6 6 2 9 5 2 2 7
329 1 4 7 6 8 7 8 8 9 5
302 5 6 4 2 4 6 4 7 2 7
284 6 4 6 1 3 3 6 8 1 4
225 2 1 5 9 7 1 1 7 5 3
335 5 7 9 5 4 8 1 4 4 7
296 4 3 7 4 8 2 4 7 3 5
280 3 1 9 2 8 3 2 6 3 7
315 5 3 7 5 4 7 1 8 3 6
15
250 7 5 6 2 1 3 6 3 5 1
306 1 9 7 9 9 2 2 3 5 9
260 6 5 5 5 1 7 4 3 3 3
337 7 5 6 3 4 9 6 9 1 4
349 3 3 9 2 5 8 1 7 9 9
229 5 7 6 1 8 4 1 1 5 2
239 8 9 3 4 5 1 5 1 2 1
334 5 3 4 9 5 6 8 6 7 7
330 5 6 8 3 4 1 7 7 6 8
245 3 5 6 6 3 4 6 6 6 1
311 2 1 8 3 8 6 4 5 2 9
332 5 2 7 8 5 8 1 4 8 8
246 5 2 5 3 3 4 3 8 9 1
265 2 8 6 2 7 3 6 4 3 3
252 3 1 7 4 3 6 5 1 9 4
15
209 1 5 8 3 1 4 4 1 5 1
260 2 6 1 1 2 8 7 6 5 5
307 5 1 9 8 6 3 3 7 6 4
355 7 6 4 7 7 6 9 2 8 8
339 8 6 8 7 1 4 2 3 6 9
356 7 2 5 8 2 8 3 9 1 8
366 8 9 6 8 8 2 3 3 4 8
399 8 4 9 7 8 8 6 5 3 4
244 6 2 3 9 4 3 3 4 1 4
337 7 3 7 8 3 5 6 9 2 5
384 8 9 8 7 3 4 2 9 5 7
211 3 1 3 2 2 6 1 5 7 7
282 3 8 4 6 4 4 9 4 5 3
298 6 4 4 2 6 9 2 9 4 2
254 1 6 7 8 3 2 4 6 6 4
15
374 9 4 8 5 4 9 1 3 7 9
344 6 5 2 7 9 9 9 4 2 5
339 9 4 2 3 8 3 9 7 3 8
309 2 8 8 2 9 8 4 4 7 5
280 6 9 1 6 3 2 4 9 2 7
309 4 6 4 8 9 3 9 4 9 4
302 5 1 4 2 8 1 5 7 1 9
267 5 1 5 4 9 2 1 8 3 4
262 4 9 1 4 8 2 8 2 2 5
301 4 4 6 4 3 7 5 5 5 7
257 3 7 3 5 4 6 7 5 3 4
199 2 5 9 1 3 1 2 1 1 3
332 8 6 3 3 2 7 7 8 9 5
302 7 3 2 9 4 8 6 6 8 2
240 4 8 3 2 6 8 5 1 1 1
15
345 8 9 2 9 9 9 1 1 5 7
391 5 2 7 8 5 8 8 9 7 8
297 5 3 7 1 5 8 3 3 1 7
358 6 9 2 9 4 8 5 7 5 8
423 9 4 9 9 3 9 7 6 9 5
322 2 8 9 9 6 8 4 3 1 4
253 9 1 1 1 3 2 9 6 1 3
169 3 3 5 1 1 6 1 1 3 3
276 8 3 5 4 1 5 3 2 9 6
268 1 5 4 3 1 4 8 9 9 5
230 5 3 2 1 6 4 4 5 2 3
265 3 8 3 5 1 4 5 9 7 3
251 3 4 7 2 6 2 5 7 7 2
351 8 7 5 5 7 2 7 4 9 7
381 4 8 8 2 6 9 7 6 1 9
15
317 9 4 9 3 3 6 7 2 1 2
353 9 7 6 6 6 7 2 7 6 5
361 5 8 4 9 6 6 6 7 5 7
280 8 2 7 5 5 2 5 3 8 1
363 4 3 9 8 5 4 9 6 7 6
271 8 7 1 8 5 3 5 7 4 2
312 7 1 3 1 9 3 9 8 5 4
337 9 2 6 6 3 4 6 4 5 6
414 9 4 7 9 6 5 8 8 3 9
283 4 8 7 2 6 7 3 4 1 4
228 6 5 2 5 4 4 2 1 3 6
203 2 6 1 7 7 2 2 9 9 2
308 4 4 6 7 6 2 9 1 5 8
363 3 3 9 7 7 5 8 9 4 6
248 6 1 3 3 1 9 1 5 1 6
15
362 6 4 9 4 7 2 7 1 6 9
338 8 2 8 6 4 6 9 2 3 3
317 7 9 3 9 1 8 3 6 7 5
338 1 6 8 2 3 7 8 6 4 7
259 3 6 3 9 6 1 5 6 1 5
371 8 7 9 4 7 7 7 4 5 2
214 1 2 4 9 5 3 2 8 9 2
272 2 3 3 2 7 8 6 1 4 9
252 3 1 7 8 9 3 4 4 2 3
255 7 4 4 8 8 5 2 5 3 1
321 3 3 5 1 8 8 7 8 3 5
319 7 2 7 6 1 6 8 8 3 1
240 3 9 2 8 2 2 3 3 7 7
292 4 1 8 5 7 3 6 4 8 6
286 3 2 3 8 9 9 6 2 2 4
15
222 2 2 4 6 1 7 3 7 2 2
417 9 7 3 3 9 8 9 9 3 7
403 7 7 6 9 7 7 2 8 8 9
287 5 2 6 3 2 1 9 8 8 4
344 8 4 6 1 1 9 6 6 5 7
366 6 7 7 7 2 6 3 9 8 9
199 1 4 2 3 3 2 7 6 5 5
286 8 2 6 8 8 8 2 1 9 2
225 4 9 2 2 4 2 3 8 3 2
245 5 7 5 5 1 3 3 6 5 2
272 7 1 3 2 9 3 1 7 8 7
331 9 1 8 2 1 7 8 7 1 4
277 5 3 5 4 4 1 8 9 6 3
221 2 1 5 1 7 4 9 4 7 1
244 4 9 3 4 1 1 2 3 8 7
15
275 5 2 4 7 9 7 2 2 6 5
321 8 8 7 3 1 1 4 9 2 7
280 7 3 2 7 8 1 5 7 6 4
321 3 8 8 2 7 5 3 9 1 6
268 6 2 3 6 5 5 8 8 3 1
229 2 6 3 5 6 1 7 8 6 1
317 4 6 4 4 3 8 8 5 3 8
305 2 8 7 5 4 2 5 8 7 5
228 6 1 2 7 2 2 6 4 3 4
249 3 5 3 7 9 2 8 6 9 1
321 3 9 9 2 9 7 3 2 1 4
261 9 3 3 6 3 3 5 6 6 2
391 9 4 3 9 1 9 9 6 8 7
355 8 2 3 6 8 6 3 9 5 9
257 5 4 7 4 5 9 1 2 9 1
15
311 3 4 9 8 7 4 4 9 5 4
289 8 6 6 1 5 4 3 5 1 3
341 6 7 1 4 9 5 8 8 7 8
303 9 4 3 5 7 1 8 9 3 1
298 8 6 2 2 6 7 6 6 3 3
233 6 6 4 5 5 3 1 1 5 4
345 9 3 7 3 4 7 3 2 2 8
275 4 9 1 5 1 9 5 1 3 6
255 8 1 3 6 7 3 4 1 3 4
305 7 7 5 4 2 1 9 3 4 6
371 7 2 8 1 1 6 7 9 8 9
274 6 2 3 1 9 8 5 8 9 2
287 5 8 8 8 2 3 3 7 2 1
345 5 7 7 3 3 2 5 9 6 8
290 5 7 4 5 7 4 7 9 7 2
15
380 9 4 9 5 3 4 8 3 6 7
275 9 3 1 8 6 8 4 5 2 2
280 9 6 2 3 6 7 3 3 8 4
267 5 8 1 6 5 6 4 6 9 3
408 8 7 6 4 7 8 9 4 6 8
246 5 6 1 5 5 6 6 5 1 3
270 2 5 1 1 8 5 1 8 4 9
287 2 1 4 1 9 7 7 4 3 6
305 8 8 3 5 7 4 3 3 5 6
347 8 9 7 2 5 1 9 8 7 3
318 1 8 4 1 3 7 9 9 2 7
328 6 2 7 5 3 8 6 2 1 7
307 2 6 4 7 9 4 7 5 3 7
230 4 6 4 3 6 9 2 2 1 2
349 2 9 7 4 8 9 9 5 9 4
15
354 7 4 7 5 1 4 9 3 5 9
388 1 7 8 9 4 9 7 9 6 7
259 6 6 6 5 9 1 1 7 7 2
306 9 7 2 8 4 5 4 4 4 4
259 5 9 5 1 5 3 6 2 7 4
332 2 8 9 2 8 8 3 7 7 3
256 7 1 4 7 4 7 3 7 6 1
251 3 2 7 2 6 9 3 5 1 1
274 2 9 7 7 5 8 3 5 7 1
261 5 5 7 5 5 2 3 7 7 2
299 4 2 5 3 1 5 7 7 9 7
314 9 1 7 3 7 3 5 1 7 5
332 9 5 5 5 1 9 5 4 9 3
338 9 6 2 8 7 9 2 7 5 4
273 6 4 5 8 5 4 5 1 1 4
15
313 9 2 4 7 5 1 4 3 2 8
328 8 5 3 6 4 9 4 4 1 7
378 5 7 6 2 6 9 7 8 3 9
272 4 5 7 8 1 4 3 4 9 5
188 3 6 2 6 4 3 2 3 3 1
209 2 9 6 6 6 1 1 2 3 2
331 5 5 7 4 1 9 9 4 1 6
392 7 9 8 3 1 4 7 6 9 9
235 9 2 2 4 2 3 4 1 1 6
326 5 8 1 5 6 8 7 8 1 6
219 1 5 1 6 4 7 9 5 6 1
358 9 5 9 3 4 7 6 3 6 4
324 5 9 1 7 7 3 8 7 6 8
306 2 5 4 5 4 6 8 8 3 5
337 7 9 4 9 5 8 4 6 7 5
15
324 6 6 4 5 5 2 9 1 8 8
283 5 9 5 8 4 6 5 6 5 1
239 2 5 6 1 8 5 4 1 8 3
358 5 6 7 5 8 9 1 8 5 7
349 3 4 8 8 1 6 8 8 5 6
334 3 6 9 8 5 5 1 9 2 6
258 5 9 3 3 8 2 1 6 9 3
321 7 2 9 1 9 3 5 2 2 6
253 2 5 1 2 9 4 5 9 6 4
196 3 9 5 1 2 4 2 4 1 2
267 7 6 2 4 3 6 8 5 5 2
302 5 6 2 9 1 8 3 6 3 9
125 1 5 1 3 1 4 3 1 4 1
285 9 1 3 4 7 1 4 7 2 6
310 7 9 6 8 2 2 2 2 6 7
15
204 1 3 2 8 2 3 2 8 9 3
417 7 7 7 4 8 7 6 8 1 8
347 5 5 8 6 7 9 6 4 1 4
278 3 1 7 9 1 1 8 5 1 5
302 6 6 8 6 7 2 5 5 3 2
253 4 2 6 4 5 2 6 9 1 1
376 9 7 9 9 3 7 7 2 3 4
353 8 8 3 6 6 8 8 4 1 4
315 4 2 5 9 8 8 6 1 8 6
339 2 7 9 8 8 7 8 7 7 2
254 7 3 3 6 3 8 3 4 4 2
307 9 1 5 3 9 1 7 3 9 4
274 6 8 2 3 9 8 1 6 1 3
335 7 2 8 7 3 8 1 2 9 9
168 2 4 1 2 2 8 4 1 2 3
15
352 6 4 8 3 3 8 4 9 1 6
268 1 7 1 8 8 2 6 9 7 7
231 7 5 3 6 4 4 1 6 5 2
289 2 6 6 4 7 2 5 7 9 7
300 8 4 7 5 2 9 1 2 6 3
390 9 7 5 8 1 9 3 5 5 9
363 4 6 8 5 8 9 4 4 7 8
290 2 6 9 2 5 7 2 1 3 6
303 6 6 5 6 5 4 9 6 5 1
312 4 8 2 8 2 8 6 4 9 6
223 1 1 3 6 7 6 1 6 2 5
310 5 2 5 7 1 2 7 8 5 7
261 4 2 9 6 8 2 5 2 1 2
305 8 5 1 4 1 8 9 2 8 5
265 4 9 3 8 7 9 1 4 4 3
15
288 5 1 9 2 7 5 7 2 5 1
376 3 7 4 3 9 7 7 9 3 9
280 7 7 3 8 3 6 7 1 3 2
264 3 2 3 8 3 6 4 5 8 7
372 8 9 8 7 9 6 5 6 7 2
382 9 6 9 3 3 4 7 2 2 8
305 4 8 3 1 2 7 3 6 9 9
260 5 5 1 2 3 6 7 5 2 5
238 4 3 4 5 5 7 1 5 8 1
287 5 9 8 8 1 3 2 7 1 2
280 5 7 5 2 6 5 6 5 5 3
300 2 4 5 2 7 1 5 9 8 8
351 9 5 6 7 2 3 4 4 4 9
309 5 2 4 5 8 6 5 4 7 7
370 9 7 6 7 7 9 3 9 1 4
15
355 3 9 9 8 3 4 6 2 6 9
334 4 5 6 3 3 2 9 9 7 7
297 8 2 5 1 9 8 1 2 4 5
233 2 5 5 1 8 4 6 3 1 4
315 5 2 2 8 7 9 5 5 4 6
214 1 3 4 3 3 6 2 2 5 5
365 9 1 8 8 4 9 2 5 3 5
407 9 8 9 8 6 8 5 6 4 4
317 6 8 7 3 7 3 2 3 3 8
321 4 1 8 5 1 5 9 1 1 9
245 2 6 1 7 7 9 1 6 9 5
291 9 8 1 3 4 9 4 2 6 5
328 4 5 9 7 7 1 3 6 1 7
298 2 4 9 8 8 2 1 4 7 9
271 2 4 7 9 4 7 1 8 9 3
15
324 5 9 4 5 6 1 8 6 9 7
307 7 2 1 5 6 6 8 2 5 9
336 6 3 5 5 2 6 9 4 2 8
263 7 1 3 4 2 5 7 8 6 1
313 4 9 9 8 8 2 5 6 7 2
328 2 2 3 8 6 9 7 9 8 8
357 3 7 5 9 4 3 9 8 6 8
218 2 6 5 2 4 2 8 2 8 2
367 6 5 7 3 1 9 9 7 3 5
347 8 8 8 3 1 8 9 3 3 4
326 5 9 2 9 5 6 4 8 3 6
321 9 5 4 5 4 9 8 5 5 1
279 1 7 2 2 6 9 7 8 3 6
249 4 4 2 6 6 2 1 9 2 6
300 6 3 8 4 6 5 3 9 2 1
15
236 4 6 4 9 4 4 7 4 1 1
281 4 7 3 9 8 7 5 2 2 2
277 7 2 2 5 3 4 7 2 8 8
277 7 3 7 6 2 4 6 1 7 4
247 1 1 9 4 7 1 4 2 1 6
251 4 1 7 1 3 5 7 4 5 2
305 9 6 7 1 6 3 1 4 2 7
353 1 4 9 6 7 9 9 2 1 7
350 7 3 4 4 6 4 6 6 3 9
276 5 8 7 1 4 1 5 3 8 4
246 2 1 7 6 4 8 2 4 7 3
372 7 5 9 2 1 3 8 9 4 8
279 8 7 2 5 2 3 9 3 2 5
255 9 5 3 1 3 8 7 1 5 1
312 9 8 3 6 3 2 6 5 4 4
15
191 2 3 3 8 2 4 2 6 6 1
210 1 1 1 7 8 4 2 7 4 6
280 1 7 3 6 6 7 5 2 1 9
273 5 8 5 3 1 9 5 1 3 5
315 7 3 8 4 4 7 1 4 7 6
289 1 4 6 1 5 9 9 9 6 3
259 2 1 7 3 6 9 1 2 8 5
240 3 1 3 9 7 1 5 9 7 3
345 6 7 5 5 9 2 3 8 6 8
287 9 6 6 8 9 1 1 1 1 4
376 4 5 4 7 6 5 9 8 5 9
309 6 8 2 3 2 8 7 5 4 5
260 6 3 6 3 2 4 1 1 1 7
227 3 5 6 2 8 3 3 1 4 2
296 4 7 6 1 5 9 2 2 1 6
15
330 7 4 8 4 7 3 2 8 6 4
328 9 7 6 3 7 9 5 4 2 1
305 5 1 9 7 9 8 3 1 9 3
271 8 8 1 2 2 7 5 3 9 3
377 6 7 3 4 4 7 7 9 6 9
188 1 2 1 7 1 3 2 8 9 4
335 5 4 9 4 7 2 4 9 7 5
250 9 8 4 2 2 3 6 1 2 1
248 5 1 8 4 3 2 4 2 3 5
277 4 5 8 5 3 2 1 1 9 9
192 4 6 1 2 5 3 6 2 9 2
300 4 3 4 3 3 4 7 4 3 9
294 4 8 4 1 8 3 9 6 4 3
324 3 4 6 2 4 7 6 3 5 9
244 4 8 1 5 1 6 2 2 7 7
15
307 4 9 1 8 6 8 9 6 6 2
283 1 7 6 7 2 5 4 6 6 5
299 7 3 4 1 5 4 6 1 1 8
333 1 9 9 6 6 6 2 9 8 5
301 8 6 5 3 6 6 7 3 6 2
252 5 1 3 6 1 4 5 8 6 3
272 3 2 6 6 1 6 7 6 1 5
308 3 5 4 9 4 6 4 5 4 8
407 9 7 7 7 8 8 1 8 7 7
364 4 8 9 3 9 9 4 9 2 4
366 7 7 6 2 7 7 5 5 6 7
204 4 4 1 4 2 5 7 4 7 2
317 9 4 6 6 5 7 3 3 2 3
356 5 3 8 2 7 7 7 1 8 8
252 1 8 8 1 7 3 2 3 6 5
15
285 5 7 8 9 1 8 5 3 1 1
312 8 7 4 7 6 5 9 1 2 3
326 4 9 2 5 9 5 5 8 9 7
359 5 4 8 7 9 6 1 2 9 9
350 7 3 9 9 4 9 3 1 1 8
261 8 1 1 3 7 1 4 8 1 5
331 6 4 3 8 9 1 8 6 5 7
252 3 2 2 1 8 2 6 9 6 4
303 5 2 7 8 9 2 2 3 5 9
358 8 6 4 5 6 6 6 9 7 6
353 8 4 7 9 1 6 7 9 4 2
271 3 6 7 2 3 3 3 3 7 6
283 9 4 2 4 3 2 2 3 7 9
256 8 3 7 2 1 2 2 4 6 3
289 9 2 8 9 3 1 6 3 4 1
15
374 5 1 9 8 1 8 4 7 1 9
313 5 5 5 7 7 8 1 4 8 7
234 2 6 6 6 8 5 5 1 5 1
283 6 8 6 3 5 3 2 1 9 6
256 4 6 5 7 2 1 9 1 4 4
259 1 6 3 1 9 5 1 8 2 8
263 7 2 5 9 1 5 1 8 2 3
166 2 2 4 8 6 2 2 1 5 2
299 2 5 1 6 5 9 1 9 5 9
271 2 4 3 3 9 3 8 7 1 4
284 6 6 7 4 6 3 1 3 8 5
339 4 9 9 8 2 5 2 3 2 9
391 6 5 9 6 8 1 6 9 6 8
269 1 5 4 7 8 4 8 2 3 5
233 6 5 1 7 3 2 8 6 3 1
15
232 3 6 3 6 3 9 5 4 1 1
258 5 2 3 5 4 4 4 6 2 7
292 3 4 7 7 9 3 1 6 6 7
209 8 6 1 4 3 1 5 2 6 1
281 1 8 6 2 5 6 6 2 6 5
266 4 5 4 7 4 9 4 5 8 1
261 8 8 1 5 2 2 1 3 3 9
269 4 2 9 8 6 5 2 7 3 1
205 1 8 5 4 2 1 4 9 2 1
351 9 1 5 1 9 5 5 8 7 8
354 3 9 7 8 5 2 9 5 1 7
288 5 1 5 6 4 7 6 5 1 6
245 4 9 5 6 2 3 3 7 1 3
342 9 2 4 7 9 2 9 1 5 9
382 9 8 4 1 3 9 9 6 8 6
15
216 6 9 2 7 1 7 3 2 3 1
303 7 6 4 5 6 3 5 9 1 5
235 7 3 1 5 4 2 2 7 5 6
274 8 3 4 3 8 5 1 8 7 3
263 4 1 6 2 4 1 2 9 3 7
245 7 4 1 5 5 3 1 9 4 3
332 5 1 2 2 7 8 8 7 4 9
338 7 9 7 7 4 8 1 4 9 3
308 9 6 6 4 4 2 3 8 2 5
367 7 4 7 2 7 8 7 6 5 7
325 3 8 6 7 1 8 6 3 4 7
291 6 1 9 1 8 1 6 2 3 5
328 2 3 9 3 8 2 6 5 3 9
276 6 1 3 5 9 5 3 2 8 5
323 6 5 6 9 1 8 9 2 8 3
15
279 6 6 8 8 3 4 1 2 8 2
299 8 6 9 8 7 1 2 4 2 2
332 1 8 6 1 8 9 8 9 5 4
396 8 6 8 6 3 7 8 4 9 8
298 1 6 1 5 3 6 9 7 9 9
321 7 2 4 6 2 6 4 9 5 7
356 8 6 8 3 3 8 4 5 6 7
303 6 2 5 1 8 4 5 3 6 8
297 7 2 8 8 3 2 7 3 3 2
245 3 8 2 5 4 7 1 4 9 4
318 9 3 5 4 3 5 5 2 1 7
310 7 3 3 5 1 5 5 5 3 8
220 1 4 3 4 2 2 1 3 8 9
324 3 4 9 5 3 3 9 4 6 6
230 5 7 5 6 3 5 1 6 1 1
15
365 9 8 4 7 7 4 5 1 7 8
317 4 4 9 5 2 6 2 9 9 5
292 2 6 9 2 6 9 4 2 5 4
303 5 3 7 8 3 5 4 8 5 5
349 8 1 7 5 2 6 9 3 7 6
311 5 8 5 1 2 1 9 6 9 6
281 8 9 3 4 4 6 1 6 5 3
361 3 5 7 7 7 9 4 5 3 9
357 8 3 9 6 5 7 3 7 3 3
333 4 8 5 8 3 8 8 6 6 4
309 8 9 2 8 8 2 2 5 2 6
338 2 5 9 6 6 6 4 2 8 9
237 4 5 2 1 5 4 3 2 2 7
275 6 4 2 4 1 6 2 7 1 9
318 8 4 5 3 3 4 7 4 4 6
15
261 1 5 9 2 3 4 5 6 3 5
284 8 1 3 4 8 6 6 8 9 1
311 5 3 4 4 8 7 8 1 4 7
214 6 2 3 2 5 4 2 6 4 3
393 6 9 7 7 8 4 5 5 8 9
408 8 8 7 8 6 9 5 7 4 5
293 8 2 7 8 8 1 1 6 5 5
345 5 3 9 3 4 9 6 7 7 5
276 2 7 8 8 8 1 9 2 7 2
318 3 4 8 4 1 8 5 3 5 7
257 8 4 2 2 6 5 8 3 4 1
199 5 4 3 4 1 9 2 1 2 1
321 7 9 1 4 4 4 9 5 8 6
329 8 6 8 4 7 8 4 3 1 2
327 8 1 9 6 8 3 5 5 4 3
15
318 6 5 8 4 4 9 1 7 7 3
323 2 1 8 2 4 6 6 8 9 9
303 2 7 5 5 7 7 1 9 8 6
319 7 8 5 5 2 5 6 9 4 4
269 4 5 2 9 4 9 2 8 7 2
298 6 3 3 9 4 8 5 3 4 4
298 6 3 4 3 4 7 8 5 7 4
199 1 1 3 7 9 2 5 1 2 3
329 5 9 6 7 7 1 3 6 7 9
198 1 2 4 9 8 4 5 2 2 2
284 4 6 2 9 5 4 8 3 1 7
304 7 1 1 3 9 6 7 3 3 9
269 3 6 2 2 5 3 7 6 3 6
256 3 7 6 4 6 7 6 3 5 1
333 2 6 7 6 4 3 9 9 9 5
15
407 9 3 8 5 2 5 9 9 2 9
310 3 2 9 2 6 9 6 1 8 4
310 8 6 8 7 6 2 6 1 9 3
311 8 4 5 4 2 4 5 2 1 9
331 5 4 7 2 7 4 8 1 7 7
244 1 6 4 4 8 3 3 5 6 6
357 8 3 7 9 8 8 1 4 1 7
322 6 3 6 1 8 2 4 9 8 6
287 4 7 1 5 2 7 1 9 4 9
294 9 4 8 5 7 5 4 2 7 1
290 2 6 6 9 5 9 2 7 3 3
309 8 1 6 6 9 1 3 6 5 7
246 4 6 4 5 2 5 4 4 5 4
323 8 8 5 9 1 9 3 7 5 1
417 9 8 9 1 7 8 5 2 9 8
15
318 9 8 1 6 2 7 6 4 7 4
239 7 1 4 7 1 6 3 8 2 1
297 1 1 8 7 1 2 9 6 1 8
315 8 8 7 2 4 4 9 2 7 1
274 6 6 5 7 2 3 2 4 6 5
250 5 3 5 3 4 4 3 9 9 2
351 7 2 9 5 4 7 5 5 5 5
292 4 9 6 7 5 1 8 5 7 2
254 3 7 6 4 7 4 3 6 4 3
258 6 1 1 7 8 2 1 5 9 7
337 9 6 8 5 3 9 4 4 1 3
275 3 9 2 6 1 8 9 1 9 4
275 8 9 1 5 3 9 2 8 7 1
274 3 6 5 8 7 2 2 9 6 4
353 5 7 4 6 5 2 8 6 7 9
15
394 8 6 7 3 9 4 6 4 7 9
286 2 5 8 3 9 2 9 2 6 5
288 2 9 6 4 4 3 9 5 9 4
243 1 5 8 2 2 2 5 1 5 7
304 4 5 6 7 3 7 5 8 9 4
249 5 2 1 3 3 7 2 7 5 5
254 3 5 5 1 7 2 2 9 2 4
306 6 5 8 6 4 2 5 4 9 3
260 9 1 1 9 3 6 2 1 5 5
316 6 7 2 2 7 4 9 1 1 8
257 3 1 5 7 6 3 7 6 4 4
253 1 4 8 2 7 6 2 2 9 6
332 6 4 9 5 2 4 3 7 7 7
272 8 6 1 5 2 8 9 3 8 1
380 8 4 7 8 8 5 8 2 9 7
15
335 8 6 1 3 3 4 7 8 2 8
382 7 9 7 3 5 2 6 9 6 9
348 9 1 8 6 5 8 3 1 5 6
209 1 8 1 2 1 8 7 3 7 4
372 5 5 8 2 6 5 8 9 9 7
210 4 3 1 5 8 4 1 8 4 2
313 8 2 4 5 9 9 4 1 7 6
282 7 2 3 2 6 3 4 7 5 7
312 8 1 2 8 2 5 4 8 5 8
268 2 5 7 9 5 1 7 3 7 5
274 4 2 2 6 7 2 9 4 6 5
317 3 3 5 1 1 9 9 4 6 9
306 7 9 1 8 9 6 5 5 7 2
264 3 4 4 4 1 4 5 7 8 5
357 9 9 9 4 9 1 2 3 8 7
15
355 9 3 7 4 1 1 9 8 3 7
366 2 7 9 7 7 4 8 7 8 6
343 2 8 5 4 8 7 6 9 5 8
271 1 3 9 7 2 4 5 7 2 5
211 4 9 2 7 3 1 2 1 7 5
323 7 9 8 7 2 4 3 5 4 3
299 2 6 6 5 6 1 7 9 6 7
232 6 2 2 1 1 2 2 2 4 9
242 3 4 4 7 4 6 3 2 8 3
357 9 4 6 1 9 7 3 5 8 5
237 7 2 2 9 1 2 7 7 4 1
258 5 5 2 3 6 8 4 6 6 1
285 9 3 5 4 3 1 8 2 9 5
296 8 6 6 7 7 3 3 9 3 1
269 3 7 6 7 6 4 1 3 5 6
15
263 6 1 8 2 4 6 4 4 3 3
314 1 8 8 2 6 3 3 9 7 9
285 3 1 5 3 5 9 3 8 3 5
422 8 4 9 2 5 6 8 8 6 9
225 4 6 2 7 7 2 5 5 8 2
287 7 8 1 6 3 9 4 6 8 3
302 5 8 1 9 5 2 5 6 8 8
309 6 4 9 8 8 2 5 3 6 3
252 2 4 1 1 4 9 9 5 8 4
250 6 4 1 6 2 1 9 7 4 5
302 6 8 1 1 9 6 1 5 6 8
295 2 8 4 8 6 9 2 9 9 2
215 3 1 1 1 8 6 9 3 6 3
401 7 5 7 7 4 5 7 7 6 9
333 5 8 6 6 8 7 9 6 9 1
15
371 8 9 4 2 3 7 4 9 6 9
142 2 3 4 1 2 1 1 1 6 2
269 3 7 3 9 2 3 9 1 2 7
217 4 4 2 6 4 3 2 9 7 1
186 1 3 1 6 4 4 4 4 7 2
297 5 5 1 2 5 6 7 2 7 9
175 2 1 4 2 2 1 5 6 5 1
255 2 1 7 9 3 6 3 5 1 4
268 1 4 5 4 4 2 7 3 3 9
254 6 6 3 5 2 4 5 8 9 1
269 1 2 1 8 9 9 8 1 9 5
283 1 7 9 7 6 5 2 2 6 6
183 4 6 2 3 7 1 3 2 2 2
323 5 7 1 8 5 9 6 9 4 5
261 7 1 3 1 3 1 3 5 1 9
15
326 9 3 5 6 6 6 8 3 8 3
245 8 1 4 7 3 1 4 6 7 2
322 9 6 1 5 7 9 7 4 4 2
332 8 5 6 9 7 5 5 2 7 4
231 3 3 6 3 3 2 8 3 8 3
209 1 1 1 6 8 6 2 6 9 4
327 9 7 8 4 7 2 3 2 2 5
234 7 2 4 1 8 3 1 1 6 5
423 8 6 4 6 8 7 9 7 7 9
373 9 5 8 8 8 1 8 3 7 6
239 2 1 3 3 6 5 9 7 4 2
233 3 3 6 1 2 4 2 9 4 2
315 3 8 9 6 4 4 6 6 8 3
255 5 2 3 5 8 2 9 8 5 1
264 9 3 2 6 7 7 1 1 6 4
15
344 5 1 8 4 3 6 6 8 4 9
281 9 1 3 8 1 5 9 2 8 3
319 5 3 8 1 7 2 6 1 4 9
345 7 5 9 9 2 5 3 1 7 7
317 9 3 8 4 4 2 6 6 6 3
358 5 1 9 7 3 4 7 9 1 8
329 7 5 4 9 9 9 6 2 1 5
311 4 9 9 1 2 4 5 2 8 7
355 9 8 6 2 2 5 3 2 8 9
231 4 1 1 9 4 5 9 1 3 5
336 9 3 7 5 9 1 8 7 2 4
337 7 1 7 8 5 6 3 3 1 8
217 7 1 2 7 4 3 1 5 1 4
242 7 3 5 8 2 4 1 2 5 4
327 9 6 3 2 4 4 9 5 9 5
15
275 6 2 2 1 1 5 7 7 4 6
321 3 6 2 5 8 8 4 6 5 9
209 3 1 2 7 5 3 8 3 1 3
373 9 5 8 4 8 6 4 1 2 8
374 8 9 7 7 6 2 1 6 3 9
346 9 8 6 4 2 5 5 3 2 8
214 4 7 2 6 5 5 3 4 7 2
282 2 5 6 7 9 4 5 7 3 4
261 8 2 1 7 9 2 5 3 8 3
323 8 3 9 8 2 2 9 3 2 4
247 5 4 2 4 5 8 4 2 6 3
250 3 1 7 5 8 1 5 7 5 2
264 5 3 4 8 5 5 4 5 3 2
329 7 8 3 1 7 1 9 9 2 6
242 7 3 9 3 4 1 2 4 3 1
15
288 2 4 3 9 2 6 7 4 4 7
377 9 5 8 4 7 9 9 1 4 2
322 1 8 9 7 3 7 2 9 4 4
285 5 8 3 6 4 8 8 1 4 3
338 3 8 1 5 4 9 8 7 2 8
294 3 8 6 3 5 3 5 5 9 6
235 5 1 6 5 2 3 3 5 1 4
289 5 2 7 3 3 3 9 6 2 5
306 3 4 3 3 1 7 9 7 3 9
271 2 3 4 3 6 6 1 8 2 7
270 1 9 4 9 9 9 2 2 4 5
282 3 4 5 9 8 8 4 9 3 1
252 1 4 4 7 9 1 5 9 3 5
287 7 5 1 2 1 8 3 6 8 8
385 9 6 8 9 8 8 9 2 5 2
15
249 5 6 3 5 5 8 1 6 5 1
329 8 7 9 2 2 3 5 9 5 2
388 4 7 9 8 5 7 6 5 5 9
345 7 4 5 6 7 5 7 6 6 6
283 7 8 1 4 3 3 8 9 6 1
290 5 7 2 5 8 3 9 1 2 5
273 6 7 2 5 4 5 5 2 1 7
294 4 4 2 5 7 6 6 6 8 5
302 4 4 7 5 5 4 9 3 6 5
317 9 2 2 3 7 8 8 6 2 2
407 9 2 6 8 9 7 7 5 5 7
235 3 7 3 1 6 5 4 3 6 5
318 8 3 6 4 1 8 6 8 5 1
307 1 7 5 3 7 8 7 9 3 4
347 2 5 5 9 9 6 8 4 8 8
15
366 3 2 7 4 2 9 9 6 2 9
280 1 3 7 8 8 6 3 8 6 4
250 6 2 5 1 9 6 4 2 7 2
323 7 5 6 1 1 6 9 7 1 4
313 9 9 5 1 1 4 9 6 3 3
215 7 4 4 2 4 6 2 2 3 1
331 5 6 6 9 4 8 4 7 9 5
360 7 4 6 5 5 9 1 7 3 9
300 6 5 8 7 7 1 7 3 2 3
249 2 4 6 2 8 5 3 6 9 2
261 1 7 7 3 7 2 5 3 3 5
334 5 7 1 8 6 7 5 4 4 9
287 3 1 6 9 3 7 7 2 3 7
258 2 4 2 7 1 7 7 7 3 4
267 4 9 7 1 2 2 5 3 2 6
15
220 4 5 1 6 6 3 2 9 4 2
345 9 2 9 5 4 9 9 3 2 1
308 3 9 2 7 8 1 8 9 5 5
275 6 6 8 2 8 1 5 5 6 2
239 4 3 5 2 4 1 1 5 7 7
273 1 1 1 2 5 8 7 9 9 8
330 9 5 3 6 8 5 2 5 4 7
310 3 7 9 2 1 9 5 5 3 5
207 3 5 5 1 5 5 3 1 3 2
289 2 9 7 9 1 3 7 7 3 2
268 1 7 3 3 5 8 4 4 2 8
278 3 7 4 4 8 2 3 7 3 8
334 2 4 7 2 7 7 9 4 9 8
355 2 8 8 3 3 7 5 9 4 9
352 1 1 9 6 5 5 9 9 8 6
15
280 7 2 6 5 2 6 3 1 3 6
281 2 9 2 5 5 9 9 1 2 6
298 6 3 8 5 2 8 3 7 2 2
245 1 6 5 9 6 6 3 7 7 2
320 6 4 5 3 2 3 9 2 5 8
354 6 5 4 6 7 7 5 8 7 8
282 6 3 3 2 5 9 5 7 2 3
321 3 7 8 8 3 4 3 7 8 6
262 3 1 7 1 2 2 2 6 6 8
234 9 1 4 5 3 3 2 4 9 2
206 3 2 2 7 4 3 9 2 2 2
303 4 9 4 6 9 8 5 1 8 5
314 7 3 5 8 9 3 3 6 2 7
262 3 1 6 1 9 3 5 3 2 8
293 2 3 7 3 9 4 8 9 2 1
15
300 7 5 3 5 4 8 8 7 8 1
334 5 7 7 1 6 7 5 6 5 4
286 2 6 2 8 8 5 7 7 8 5
346 7 5 6 8 3 4 9 7 5 4
330 6 1 7 6 9 1 8 2 5 8
265 6 8 5 6 3 7 2 6 7 1
342 4 1 6 9 9 5 8 9 9 5
201 7 4 1 3 2 1 2 5 4 5
344 4 8 8 4 4 8 5 7 9 3
223 3 2 5 3 2 7 4 6 9 1
409 7 9 6 7 4 8 9 7 5 8
336 6 7 8 6 5 4 3 6 4 5
317 8 1 9 1 5 6 6 4 7 2
326 1 7 9 4 5 6 5 8 7 5
302 4 1 6 3 9 6 9 4 9 4
15
233 3 8 3 5 8 5 1 4 9 1
378 7 9 7 1 7 5 5 6 4 8
386 9 2 8 5 9 8 4 1 5 9
249 1 1 2 2 8 6 2 6 2 9
291 8 9 1 5 5 1 3 5 2 8
373 8 6 3 4 5 6 7 8 7 9
345 9 3 7 4 8 8 4 9 2 2
265 1 3 7 5 9 6 7 3 4 2
387 9 9 4 3 6 7 9 2 4 7
354 6 2 9 7 7 6 9 9 1 1
212 4 4 2 4 3 9 5 1 8 2
277 5 3 4 2 1 8 6 4 3 6
388 7 8 5 6 3 7 8 5 9 9
283 5 7 5 2 8 2 6 1 6 6
204 5 2 3 2 8 6 1 1 6 1
15
301 6 9 9 1 8 3 3 4 7 2
305 5 7 3 4 8 6 7 2 1 7
221 5 2 3 7 8 4 1 8 6 1
359 4 5 5 4 7 5 9 4 9 9
279 2 4 7 1 7 1 6 7 8 6
362 3 5 9 8 4 8 7 1 9 9
247 7 6 2 7 7 1 5 1 2 3
295 8 8 3 9 6 6 6 3 5 1
450 9 7 9 8 9 2 9 6 1 9
280 2 9 6 4 6 1 1 9 8 6
303 2 1 7 1 7 2 9 8 4 6
345 6 1 3 2 7 9 8 6 2 8
329 9 5 6 4 3 6 5 2 8 7
196 1 1 1 1 6 8 5 3 8 5
330 5 2 7 1 9 9 6 4 1 6
15
305 6 6 4 2 5 2 6 7 6 8
297 8 9 7 3 1 6 3 2 1 3
345 9 1 3 8 4 9 4 6 9 7
345 8 2 8 6 8 9 4 6 4 2
315 6 4 8 5 5 1 3 9 4 7
321 7 8 9 2 7 1 3 1 4 7
184 2 1 1 2 4 5 9 2 2 2
272 4 8 3 4 9 1 9 3 2 5
359 9 8 2 4 7 7 8 2 2 9
340 8 5 7 8 5 3 2 8 8 5
203 5 2 2 8 1 3 4 6 6 1
305 5 6 5 4 6 6 6 8 1 3
394 8 8 9 9 6 9 1 5 7 6
250 9 5 3 3 6 3 1 5 3 4
340 9 6 7 7 9 4 2 9 1 1
15
354 9 5 8 7 4 1 6 4 1 8
258 1 8 1 6 8 9 8 7 1 1
227 2 4 3 8 5 9 3 2 7 2
334 7 5 6 2 3 6 2 8 5 9
313 2 6 1 3 6 6 9 9 6 9
310 7 1 7 2 9 1 7 7 6 3
241 3 8 1 5 6 4 3 6 6 3
179 1 3 2 1 4 4 4 9 7 2
339 9 3 4 5 5 5 8 6 6 4
241 5 7 1 1 2 3 6 3 8 5
264 5 8 1 5 5 8 6 3 2 2
309 9 8 3 4 7 1 4 3 7 6
351 8 2 7 2 9 6 8 9 3 3
361 8 4 9 8 6 5 6 2 6 5
293 5 2 5 8 5 4 4 5 3 7
15
308 4 2 6 7 3 8 3 5 9 8
275 3 3 4 6 4 6 4 3 2 9
321 8 5 9 3 4 3 6 7 8 1
282 4 9 5 1 6 6 1 3 8 6
290 3 4 3 8 9 6 5 8 9 4
234 3 3 4 4 9 8 2 2 4 3
267 1 4 7 7 7 6 2 3 8 5
275 4 2 5 5 9 5 1 1 6 8
238 5 3 1 4 5 6 6 6 7 2
204 4 1 4 2 3 2 5 4 3 3
359 7 7 8 2 8 8 2 7 1 6
345 8 2 6 2 4 6 9 5 3 5
301 6 3 6 7 3 1 4 2 2 9
201 4 7 1 6 2 1 1 4 2 7
429 9 4 8 9 9 6 8 6 6 6
15
296 9 1 5 7 4 3 7 8 3 2
279 4 1 3 1 5 8 2 7 4 7
306 3 3 9 7 5 4 1 5 6 8
286 1 8 6 4 2 6 3 3 8 8
270 3 9 6 4 7 5 4 3 1 3
243 1 4 5 8 9 1 1 9 2 3
226 9 4 1 1 8 1 2 6 9 1
359 5 9 5 3 6 7 9 4 5 7
334 5 4 6 6 8 8 7 9 1 3
269 4 7 8 4 4 7 1 4 6 2
370 4 7 3 9 7 7 9 6 4 9
226 1 9 1 5 8 1 7 5 9 2
224 3 7 5 6 5 4 1 1 2 3
305 8 9 5 9 4 1 4 9 9 1
348 1 3 9 7 7 9 9 3 1 6
15
285 3 9 3 5 6 1 4 2 6 9
310 5 9 2 9 2 9 7 3 9 6
227 2 3 9 3 2 8 2 3 9 1
220 6 5 4 1 9 4 1 1 1 3
343 7 9 6 4 2 1 9 3 7 9
298 3 4 3 8 9 9 2 9 7 3
267 4 6 5 2 9 2 4 6 9 4
315 9 3 6 8 3 3 5 7 1 4
269 8 1 2 2 8 5 5 2 2 7
293 5 3 5 7 8 8 3 1 5 5
264 6 2 6 4 5 5 4 2 3 3
339 2 7 9 4 8 4 3 5 8 8
292 7 9 4 1 7 1 6 4 3 5
245 4 1 3 4 4 5 1 9 4 5
274 1 5 2 8 2 4 9 3 6 8
15
331 9 9 9 3 5 3 1 9 3 1
293 7 3 2 6 6 4 4 5 4 6
329 8 7 3 2 9 2 8 5 2 6
323 7 6 2 3 2 5 9 7 6 7
293 7 2 5 6 5 5 8 1 1 6
303 1 6 3 6 8 3 7 6 2 8
287 8 8 3 2 9 8 5 4 1 1
346 5 3 8 6 2 8 8 6 6 6
302 2 3 8 7 2 8 1 9 5 7
272 9 4 8 3 3 5 2 2 6 1
299 7 4 1 6 5 2 6 5 1 9
242 7 1 9 1 8 3 2 1 3 2
245 1 4 3 6 5 4 7 2 2 7
354 6 5 8 8 6 9 5 8 7 1
199 1 2 3 6 3 9 3 5 5 2
15
219 2 5 1 6 3 7 3 6 4 4
404 8 5 8 9 3 8 3 9 1 8
212 1 2 2 6 9 5 9 4 5 1
298 1 5 6 1 8 8 7 3 9 5
266 6 1 1 2 4 6 9 4 7 6
319 3 7 6 4 9 6 7 3 9 6
328 8 4 9 5 3 1 6 5 8 5
434 7 8 9 6 7 9 8 5 3 7
271 2 4 8 7 2 5 6 2 5 5
168 1 4 2 9 6 3 2 1 2 4
290 2 9 9 2 2 1 6 7 1 5
244 9 4 1 5 1 6 2 1 5 6
220 1 6 1 9 6 6 3 2 6 6
348 7 8 5 5 7 6 4 7 2 7
254 4 7 2 9 3 9 9 1 5 1
15
288 7 4 8 5 2 6 1 8 4 2
249 2 3 4 1 7 4 4 9 2 5
326 3 6 6 5 9 6 3 8 2 5
305 3 1 9 2 7 1 5 4 3 8
317 4 2 8 6 6 6 9 7 4 3
382 7 5 5 7 7 8 9 5 7 6
294 1 2 9 9 3 2 4 2 1 9
283 2 5 7 2 5 7 2 4 6 6
336 9 1 3 7 9 8 6 6 8 4
266 6 9 1 5 1 4 1 8 7 7
307 6 6 5 8 5 3 5 8 5 2
315 4 2 6 7 6 9 2 7 3 7
296 3 5 2 8 2 7 9 1 7 7
405 9 1 8 5 6 7 5 9 2 8
279 2 2 9 8 2 8 1 7 4 4
15
335 3 1 6 5 7 5 6 8 7 8
254 4 7 2 9 6 7 6 3 1 2
216 1 3 6 5 2 4 8 1 4 1
297 9 1 1 6 5 8 6 9 1 1
311 5 3 7 9 4 5 4 1 8 6
227 3 3 7 3 6 3 1 1 6 5
282 3 9 5 3 6 9 2 5 6 4
452 9 2 9 9 8 4 9 7 5 9
408 9 7 9 9 5 4 6 3 8 7
343 8 9 1 7 7 2 6 6 7 7
288 2 5 6 3 2 7 3 2 3 9
353 9 9 6 8 1 1 8 2 1 7
214 1 7 1 7 2 2 5 5 9 5
237 6 9 1 7 4 3 4 2 3 3
228 3 5 4 5 2 7 4 7 4 1
15
414 7 7 9 4 6 8 7 9 8 5
191 4 3 3 7 1 7 1 1 6 2
269 5 5 1 1 7 9 1 9 8 4
285 9 6 1 9 8 5 2 1 2 6
256 5 5 2 2 1 7 8 2 1 5
254 4 6 3 2 4 7 4 5 6 3
281 6 7 2 7 4 7 3 2 8 5
420 8 9 8 1 8 5 7 8 3 9
330 4 9 5 8 3 3 6 4 9 9
301 5 6 3 5 8 7 6 6 8 2
364 8 6 8 8 3 1 2 7 2 9
258 2 2 3 9 1 7 9 2 2 7
259 8 3 6 9 3 5 2 3 3 2
388 8 4 7 6 6 5 7 6 9 9
291 6 3 6 8 5 7 5 1 2 3
15
306 5 6 9 2 5 4 7 8 1 1
264 7 5 1 6 1 8 9 5 5 1
307 2 6 7 4 1 9 5 9 7 4
362 3 3 4 8 9 7 9 8 9 7
343 5 2 7 8 5 4 9 4 9 8
270 1 5 7 5 5 8 1 1 1 9
309 7 7 6 1 2 8 1 9 1 4
342 5 9 7 9 6 1 8 7 4 5
270 4 2 5 9 3 4 5 1 6 8
273 3 4 4 5 7 7 4 7 4 3
284 3 4 4 4 7 5 5 8 9 5
245 3 5 1 1 4 7 9 5 4 3
361 6 4 8 5 9 6 6 8 2 3
324 8 7 7 3 3 1 9 8 9 2
298 7 4 9 6 2 3 3 5 9 4
15
270 5 9 8 2 6 2 5 1 5 1
300 9 8 2 4 2 1 3 8 1 9
382 3 2 7 6 9 7 9 8 6 8
326 4 1 7 8 8 3 9 1 9 7
339 4 9 6 8 9 8 5 6 6 2
306 9 2 6 4 4 6 2 3 8 6
396 7 7 9 2 5 9 7 1 5 8
251 9 1 3 4 6 4 5 3 4 1
243 3 7 2 9 5 5 1 9 3 2
244 6 5 1 9 9 8 1 2 5 1
231 1 1 3 9 4 2 1 9 9 6
318 9 4 6 3 6 2 8 3 1 6
293 5 2 4 8 6 7 5 5 2 4
239 5 6 4 6 1 1 5 2 7 5
270 5 4 1 3 8 8 5 1 8 7
15
340 8 9 2 1 7 3 8 6 4 8
218 3 1 2 6 8 4 7 1 7 3
329 2 5 5 2 8 5 4 8 8 9
351 1 6 9 3 8 9 6 2 9 9
239 2 7 1 1 7 5 6 4 1 7
243 5 4 2 8 3 6 3 6 6 3
282 1 8 2 2 3 5 9 9 2 6
270 3 6 3 5 9 7 6 8 4 2
255 1 7 6 5 4 3 9 4 4 4
334 4 4 7 7 3 7 6 8 1 6
174 2 1 1 4 8 2 4 4 2 3
293 5 1 6 5 3 5 6 7 2 4
390 8 5 7 3 9 1 9 6 6 9
282 1 9 7 7 1 8 7 2 9 4
307 8 3 3 5 4 4 1 7 1 9
15
327 7 4 7 1 4 4 3 5 3 9
360 6 6 5 5 1 7 9 6 1 9
382 8 9 6 7 9 8 5 1 3 6
365 7 2 6 5 9 8 4 6 9 8
387 9 4 4 9 9 7 4 5 9 8
281 7 1 4 7 9 6 3 1 3 5
206 3 4 2 5 4 5 5 3 1 1
350 6 8 4 5 8 5 7 8 5 5
241 9 4 4 3 1 2 1 4 2 4
303 6 3 6 9 5 9 1 8 6 2
372 8 7 5 4 9 3 7 5 7 7
258 3 8 2 1 7 7 2 4 2 8
195 2 7 2 9 9 2 2 1 3 3
336 6 6 4 1 7 4 4 9 8 7
309 3 2 9 7 2 6 7 2 2 5
15
240 5 5 7 3 7 3 3 2 9 1
362 9 4 8 7 7 7 2 7 9 5
329 6 9 4 7 4 6 2 7 6 6
304 3 2 7 7 6 7 5 3 7 6
287 7 5 8 6 1 4 5 3 4 3
388 9 6 9 2 1 8 8 4 6 5
262 1 7 3 1 5 8 3 9 3 6
293 4 5 3 2 9 6 4 4 8 8
323 7 9 3 9 4 6 7 1 6 7
296 1 5 2 7 8 9 4 8 8 6
255 1 6 6 9 4 3 6 7 8 1
290 4 8 4 9 9 8 1 4 2 4
276 7 1 5 3 9 8 1 5 6 3
319 7 4 7 8 3 2 1 9 8 5
249 2 1 2 8 4 8 1 2 2 9
15
355 9 3 8 5 7 6 2 2 7 8
291 9 6 4 7 6 5 3 4 5 2
272 3 3 7 1 9 2 6 9 1 2
233 2 5 5 7 7 2 1 8 5 1
252 3 5 3 3 3 5 9 2 9 3
202 2 9 1 7 5 3 6 1 9 1
282 1 2 3 7 5 9 9 2 5 6
274 2 8 5 6 7 4 1 1 6 9
282 3 8 3 2 5 7 6 8 1 5
316 5 6 3 6 8 6 1 8 2 9
205 1 2 2 9 5 2 3 5 6 6
347 3 8 7 3 6 7 8 8 9 3
258 9 6 6 2 2 1 4 5 7 1
289 9 2 2 6 1 8 3 8 7 2
226 4 4 2 9 3 7 1 1 8 3
15
322 8 4 9 6 2 1 8 5 3 3
278 2 4 9 6 8 2 3 6 6 2
306 3 2 1 8 7 6 9 5 2 9
303 9 6 8 5 5 7 1 2 1 3
352 9 8 8 9 4 7 8 1 7 2
320 6 8 7 7 3 4 1 4 6 8
278 1 6 2 5 5 6 5 2 7 9
339 8 2 9 5 2 9 2 6 7 5
317 3 9 2 2 9 2 8 6 4 9
393 7 1 8 7 6 8 7 5 1 9
244 3 9 2 5 4 1 4 3 5 6
278 9 4 6 1 8 6 2 6 4 1
277 6 2 7 3 5 7 4 9 1 1
200 1 7 2 5 8 3 1 9 1 3
349 6 7 3 5 8 7 7 7 2 6
15
260 9 3 5 1 3 2 2 9 3 2
309 9 8 2 4 2 2 5 6 1 9
350 8 1 7 1 9 3 5 5 6 8
391 9 9 9 5 1 1 6 5 7 8
267 4 7 7 6 8 6 2 1 1 1
227 1 8 6 1 1 6 1 3 8 6
276 2 9 7 2 3 9 6 1 3 4
271 6 1 4 9 4 7 8 3 1 2
297 7 4 5 5 9 6 3 3 2 4
240 2 7 1 6 1 7 1 9 6 5
209 2 3 2 5 6 1 5 9 6 1
278 7 9 6 1 1 5 6 1 3 2
327 3 9 6 2 7 1 8 8 5 6
239 1 5 5 4 9 3 1 1 2 8
350 9 4 4 6 5 7 2 8 1 8
15
344 7 8 5 7 5 8 2 4 3 8
186 4 4 4 5 2 1 2 8 4 1
336 1 5 9 8 8 3 9 3 5 7
304 7 8 4 8 7 3 6 3 9 4
250 2 1 7 5 9 5 2 1 4 4
324 1 4 7 3 8 6 7 6 1 9
309 2 1 3 6 5 8 7 5 2 9
227 3 4 3 2 2 6 3 7 4 3
257 6 2 2 9 5 3 6 5 7 2
340 2 7 8 6 2 8 9 4 4 7
226 1 2 6 6 4 5 6 3 2 4
249 1 7 7 5 2 6 1 7 2 4
398 9 6 6 6 5 4 6 7 2 9
265 8 7 1 3 9 4 4 8 2 2
308 8 5 9 2 6 5 4 6 1 1
15
337 9 9 2 8 5 7 9 1 6 4
334 5 3 9 2 6 4 4 4 1 8
322 3 6 8 7 1 5 4 6 8 8
341 6 7 2 3 3 7 9 9 6 7
296 3 1 7 5 2 7 5 1 1 9
292 4 1 1 7 9 8 7 5 4 6
356 7 2 8 6 3 5 6 2 6 9
320 3 6 9 9 7 8 1 3 2 4
264 1 8 8 6 3 6 1 6 5 2
231 2 4 4 1 2 4 6 5 2 6
249 2 5 4 4 7 1 1 6 4 8
267 3 6 6 8 3 3 4 6 9 4
433 9 9 7 9 7 7 9 3 5 6
276 7 2 7 1 9 6 1 1 3 4
302 8 5 3 1 3 2 5 4 9 9
15
260 7 9 2 1 8 3 1 4 5 4
353 8 5 7 2 4 7 5 9 3 4
360 6 4 5 9 5 7 3 7 7 9
222 5 9 5 6 7 1 3 2 5 1
315 5 5 9 5 2 7 8 3 3 1
254 3 4 6 3 3 7 2 3 3 7
342 4 9 5 2 8 6 7 4 6 7
350 6 7 7 3 9 4 2 7 4 8
289 8 6 4 4 8 2 8 3 8 1
294 3 8 2 4 8 3 3 7 2 8
273 2 3 6 3 6 5 6 8 6 4
243 5 2 1 4 9 3 3 3 6 7
208 2 2 1 2 5 8 5 1 4 5
268 4 6 6 9 3 2 6 6 9 3
278 3 3 8 9 5 1 6 2 2 6
15
296 4 7 5 6 9 6 2 7 4 4
213 2 2 9 3 3 1 3 6 3 3
389 9 7 7 4 9 4 8 6 9 6
377 9 2 4 5 9 8 2 9 5 9
310 2 9 8 4 5 7 8 1 3 4
294 8 3 3 1 3 7 5 2 1 8
443 8 6 7 5 8 7 9 9 8 8
318 7 4 8 5 6 3 5 4 2 4
285 3 9 4 7 6 9 3 3 7 4
283 1 7 7 7 8 8 9 2 5 1
286 9 5 2 4 3 6 2 7 5 6
207 3 9 4 3 3 2 3 4 6 2
249 3 6 3 9 7 5 8 1 9 1
221 3 1 6 8 8 3 5 1 8 2
244 2 5 3 6 5 2 9 2 1 5
15
165 2 2 1 6 4 1 1 4 4 5
283 9 6 2 5 8 7 4 5 8 1
349 6 5 4 2 9 9 8 7 2 6
334 6 7 8 6 2 4 8 6 1 3
329 5 6 9 1 9 6 8 2 3 2
350 9 2 7 9 1 7 7 7 9 2
256 4 5 4 6 3 2 6 8 9 4
340 8 7 1 7 8 5 5 6 3 7
327 8 7 5 4 8 7 5 8 1 1
362 9 7 7 7 1 9 4 8 2 2
400 4 8 6 5 9 3 8 9 6 9
259 3 6 6 3 7 2 4 9 5 3
340 7 7 4 5 7 6 3 5 9 8
271 5 8 9 2 2 3 3 5 2 2
247 1 1 3 2 9 6 7 3 6 5
15
198 1 4 3 5 5 4 2 6 7 4
279 4 8 5 1 1 8 3 8 9 3
288 7 2 1 9 8 4 1 5 7 9
300 4 7 7 4 4 2 7 3 5 6
266 1 4 9 5 2 4 5 9 2 1
266 1 4 6 1 5 1 9 3 8 8
308 2 2 6 7 5 7 8 3 6 6
246 3 9 2 6 6 8 1 4 5 3
320 8 1 7 3 7 9 9 1 4 1
297 4 8 3 1 6 4 8 4 7 7
294 7 7 4 7 5 6 2 7 2 3
331 6 4 8 3 3 4 7 5 3 5
323 6 8 8 1 6 1 8 8 8 3
276 2 7 6 5 9 4 7 7 9 1
314 5 4 4 6 8 3 8 4 8 8
15
298 7 2 4 6 8 8 5 6 6 1
316 7 5 5 9 4 5 6 2 5 7
356 5 3 7 4 7 1 7 9 4 9
264 1 2 4 1 4 8 8 7 3 5
321 7 7 2 3 6 9 6 2 5 8
281 8 6 1 2 3 3 7 4 1 8
286 5 4 1 9 4 4 8 2 4 9
317 5 8 7 6 1 1 7 9 4 6
322 6 7 3 2 3 9 8 7 8 4
194 6 3 2 1 1 6 1 6 1 1
311 2 5 2 7 2 8 5 9 7 8
346 9 4 5 4 1 6 2 9 1 9
409 7 3 7 6 6 9 9 5 4 9
284 8 4 6 2 2 3 7 6 8 1
375 7 5 6 2 9 8 9 6 9 4
15
235 1 2 8 1 3 5 3 2 1 6
241 1 7 2 8 5 8 7 3 1 2
368 6 7 4 8 9 4 9 4 3 8
256 5 5 8 5 2 2 5 1 1 5
234 1 6 5 4 8 4 2 4 5 5
313 5 9 8 2 1 6 7 8 2 3
323 6 3 5 7 7 8 6 9 8 2
354 8 2 7 7 2 7 5 3 3 9
220 2 1 4 1 3 4 8 8 4 2
368 6 5 7 3 9 8 1 7 1 9
290 2 2 9 8 2 2 7 3 1 8
292 6 8 3 5 3 8 5 8 4 1
248 1 7 6 2 5 1 8 3 9 5
239 5 2 3 8 9 5 2 6 4 1
335 4 5 9 7 9 9 2 5 1 5
15
280 1 1 7 5 7 1 9 2 7 7
307 6 3 4 7 2 9 3 3 2 9
308 9 4 8 2 5 6 5 3 3 1
252 5 5 2 1 4 4 5 8 9 5
222 1 5 5 9 5 7 1 3 6 2
366 7 5 8 2 9 7 7 2 3 7
409 9 8 7 3 7 9 9 4 9 4
336 5 9 6 2 7 8 1 7 7 5
255 4 1 1 9 6 6 8 5 4 4
280 8 4 5 8 6 1 8 2 2 1
243 1 8 3 4 5 4 8 7 3 1
381 4 7 7 8 8 7 1 9 6 8
309 8 3 4 7 2 8 3 9 1 3
192 2 1 3 6 4 1 1 4 2 7
300 8 2 1 8 7 9 1 2 4 8
15
309 3 6 9 8 9 1 1 3 3 7
216 2 5 4 7 3 3 7 1 1 4
402 9 4 8 5 2 9 5 9 5 7
297 8 6 2 7 1 7 7 8 3 1
410 9 6 6 7 7 7 8 9 5 6
278 4 8 4 1 9 5 4 9 7 2
203 3 1 1 4 3 2 1 2 5 9
255 1 7 7 3 4 8 8 3 8 1
339 6 7 7 1 9 1 5 9 1 6
403 6 9 9 6 4 6 3 9 7 8
369 8 7 8 9 2 2 9 8 5 5
344 9 2 3 3 7 5 6 7 9 6
301 4 8 6 9 4 5 9 4 1 2
217 8 1 1 3 4 7 5 4 5 1
344 1 3 7 7 2 9 8 9 3 8
15
308 9 1 7 3 4 2 8 2 8 5
213 1 9 4 7 6 2 2 8 1 1
218 4 5 2 6 3 4 1 6 4 3
276 2 3 9 5 2 4 5 6 2 5
322 8 7 6 8 9 6 5 1 2 2
277 1 4 9 3 9 3 2 4 9 5
256 3 1 1 1 6 7 3 5 6 9
247 4 8 6 7 2 3 4 5 9 1
404 7 4 7 8 4 7 6 8 4 8
284 3 2 6 9 6 9 2 4 8 4
310 6 4 3 9 7 9 5 8 3 2
190 2 3 7 7 2 1 1 4 1 3
307 4 5 6 9 8 9 3 8 1 1
278 1 6 5 6 7 3 4 9 3 5
334 6 5 9 1 7 4 3 8 7 4
15
280 2 4 3 8 7 9 3 6 2 4
278 4 7 1 5 5 9 6 7 3 4
305 4 7 8 5 2 1 9 7 3 5
194 1 4 2 9 4 4 5 1 3 2
285 3 4 5 5 5 3 9 8 4 3
226 1 1 4 3 9 6 7 6 2 2
238 4 8 7 3 1 1 7 5 3 1
304 3 8 5 7 7 7 3 3 9 7
306 2 9 1 1 9 5 4 7 5 9
338 8 2 1 9 4 9 6 8 2 7
306 1 8 5 4 8 8 4 5 2 8
357 8 1 9 6 7 2 8 6 8 6
317 4 1 4 9 7 4 9 3 5 9
300 1 1 9 5 5 6 4 2 6 8
305 6 3 6 1 4 5 9 6 3 4
15
194 2 9 1 3 1 1 7 3 9 5
346 8 1 3 9 8 3 5 8 4 8
315 3 9 6 9 7 4 1 3 2 8
298 2 4 7 9 9 5 4 4 6 5
327 2 9 2 2 6 3 9 8 6 9
418 8 1 9 9 4 8 7 4 7 8
233 9 3 4 4 5 6 3 1 3 1
259 5 3 4 5 2 4 6 1 6 7
230 3 8 4 7 1 1 2 5 6 5
347 6 9 9 6 7 2 5 3 7 6
327 9 2 5 4 2 6 4 2 4 9
266 6 7 2 3 3 3 8 2 7 6
279 2 1 7 1 7 3 7 2 2 9
362 6 5 6 2 8 9 1 7 6 9
358 5 8 3 9 3 9 4 7 3 8
15
263 7 4 5 4 8 1 3 2 6 5
391 6 8 7 7 1 9 6 4 5 9
289 4 7 1 2 9 9 8 6 4 4
177 1 5 2 1 5 5 5 3 6 1
290 4 8 4 1 8 6 2 2 3 8
303 5 1 7 1 3 5 3 5 9 9
254 9 8 2 8 1 3 3 3 6 4
260 7 8 5 1 3 1 3 6 3 4
260 8 4 5 1 3 3 3 9 7 1
378 5 9 9 8 8 5 3 8 1 6
276 7 3 5 4 4 4 7 4 9 3
384 5 9 8 4 4 7 9 8 3 7
357 7 7 6 2 8 7 7 9 8 4
284 8 3 4 2 7 8 2 5 9 1
162 2 4 2 1 5 3 1 5 8 2
15
213 2 3 4 5 1 2 4 3 7 6
306 6 3 4 2 5 4 7 1 8 9
271 5 9 6 4 3 5 8 4 2 1
334 5 8 7 7 9 9 3 1 4 5
335 4 8 7 1 8 7 4 5 7 7
262 7 6 4 6 5 6 1 1 4 4
265 3 7 5 6 1 1 4 5 6 9
289 2 8 6 2 8 7 5 5 4 4
273 4 6 4 3 5 2 1 8 6 7
345 1 6 6 7 3 7 8 9 2 9
311 5 4 4 4 2 9 6 1 4 8
285 6 9 3 2 6 3 8 9 8 1
249 5 4 6 5 1 1 4 2 1 8
394 9 7 7 2 9 6 8 1 1 9
339 9 7 5 6 5 2 8 4 8 5
15
407 6 9 8 7 3 7 8 9 6 5
280 2 6 5 1 8 6 5 5 2 6
207 5 8 2 1 4 2 4 8 2 1
305 8 8 6 6 2 2 1 5 6 6
264 9 9 2 5 2 1 8 3 6 2
354 8 6 7 6 3 9 2 7 8 5
326 6 4 8 2 9 5 9 4 5 2
253 6 9 3 5 6 1 3 7 8 1
329 4 6 6 9 2 4 7 5 9 8
330 4 2 3 4 8 9 7 6 2 7
292 5 6 1 4 7 1 8 4 5 9
441 8 9 8 9 3 5 9 8 8 9
299 8 8 2 2 2 7 4 5 7 4
368 6 8 9 2 9 5 7 4 7 6
395 6 8 5 8 9 8 7 3 1 9
15
287 1 6 7 8 6 5 2 5 9 7
248 4 2 1 1 9 2 2 8 5 8
298 7 8 3 8 8 2 6 4 3 4
192 1 7 3 3 1 3 1 3 1 8
322 8 8 1 3 7 7 4 1 7 8
308 8 6 7 6 9 1 5 4 2 2
323 1 9 9 7 3 8 4 2 5 7
273 1 7 9 4 3 6 3 2 4 5
346 5 6 6 8 7 7 2 1 7 9
350 3 9 9 8 9 5 5 8 3 4
392 6 5 7 8 9 2 7 8 2 9
260 9 6 1 1 8 9 1 4 5 2
279 8 3 5 6 7 4 7 1 5 3
249 2 5 7 1 6 2 2 2 8 8
325 7 7 7 8 2 2 3 9 6 4
15
216 1 1 6 1 7 1 5 1 4 6
209 3 8 2 2 2 9 2 2 8 2
306 7 4 5 9 7 9 1 1 5 4
297 6 1 7 1 1 4 6 5 1 9
420 9 9 4 1 2 9 8 8 6 9
353 3 1 8 8 9 9 5 4 4 7
416 8 2 9 2 8 8 8 7 2 8
361 7 6 8 4 1 7 7 2 1 9
215 2 6 2 9 3 6 4 5 3 3
233 3 3 3 1 9 5 6 5 9 2
295 5 1 6 8 6 4 8 4 8 4
244 3 7 7 2 8 1 1 8 2 1
354 9 3 6 9 1 4 4 7 4 9
341 9 7 8 8 1 4 9 6 7 1
221 6 8 1 1 2 2 1 9 5 4
15
264 8 3 2 1 8 7 8 2 7 2
243 6 4 1 1 7 3 6 7 8 3
229 5 3 3 1 5 6 1 5 6 4
207 2 9 1 2 4 5 2 4 1 4
261 7 8 3 2 2 8 5 1 2 3
270 9 7 2 4 2 5 2 4 7 4
227 7 4 3 1 1 8 1 6 3 2
309 7 4 6 1 2 1 8 6 4 6
335 3 6 7 7 7 7 7 9 1 3
281 3 7 7 7 3 6 6 6 8 2
356 2 8 6 6 9 9 9 5 9 6
273 6 3 8 7 1 3 5 6 1 1
186 1 2 4 7 3 7 2 3 7 2
267 7 5 5 6 6 4 5 2 2 2
333 7 4 8 8 8 3 1 2 3 8
15
189 5 2 1 5 6 5 1 3 8 2
286 3 5 7 3 5 5 3 3 3 8
308 4 5 5 5 5 8 7 2 1 5
363 5 5 9 5 7 7 2 6 6 8
304 6 3 1 4 8 4 9 8 3 7
298 7 1 3 6 5 1 8 9 9 4
351 6 6 7 4 8 6 8 5 6 3
280 6 9 2 9 2 4 3 2 6 8
330 8 3 5 8 1 5 2 3 9 9
278 7 8 4 7 2 2 6 7 7 2
249 7 6 2 8 2 7 4 1 4 4
331 8 5 6 5 7 3 5 4 8 7
297 1 5 3 5 4 6 8 6 9 7
224 4 4 5 8 3 5 2 2 1 4
230 3 4 1 9 2 5 5 3 3 6
15
321 7 5 5 7 6 4 9 4 5 3
172 5 5 1 1 2 2 4 1 2 3
310 3 8 6 8 2 8 8 5 6 1
383 5 8 9 6 2 5 9 5 9 8
395 6 8 7 7 2 6 9 2 9 9
360 9 9 6 4 1 6 2 6 3 8
173 8 1 1 4 1 4 3 1 9 1
328 3 2 8 1 5 9 9 1 5 7
335 9 5 2 8 8 3 8 3 6 5
310 8 4 6 8 1 5 9 7 9 1
379 8 7 6 7 3 7 5 4 8 9
336 9 9 8 6 2 1 5 1 6 7
239 6 1 2 6 4 6 8 4 9 1
304 6 6 1 5 7 4 7 3 2 8
387 8 7 7 3 2 8 8 9 5 6
15
293 4 6 1 3 8 5 8 5 7 5
291 5 4 8 1 4 4 8 3 6 2
274 2 8 7 2 5 8 3 1 6 4
372 9 5 8 8 8 3 9 1 6 5
307 7 4 6 9 4 7 5 1 9 3
274 3 8 3 2 5 8 4 4 8 5
255 3 7 4 1 8 6 2 6 8 4
285 8 7 4 7 6 3 6 3 7 2
333 9 3 2 2 7 7 7 2 9 7
299 2 8 4 6 6 8 8 5 6 4
384 9 1 4 2 8 5 9 8 8 8
318 4 3 4 9 5 6 4 7 7 8
240 5 9 1 4 3 1 8 6 6 1
277 4 9 4 1 5 6 4 9 3 4
328 4 6 6 2 9 3 5 4 3 9
15
228 1 9 2 3 5 5 1 5 8 5
241 4 5 2 3 9 8 2 3 5 2
270 9 2 6 1 1 4 2 1 5 5
259 9 2 5 2 1 1 8 5 6 3
335 5 1 7 6 7 1 5 7 5 8
405 7 9 8 6 7 8 4 7 9 6
316 8 2 3 9 7 8 6 5 5 2
285 8 4 5 7 4 1 4 3 5 7
358 9 4 8 5 7 4 5 4 2 5
304 9 4 4 5 9 1 8 5 6 2
237 3 8 2 2 6 3 1 3 8 9
356 9 5 8 5 3 8 8 2 9 4
316 4 7 9 3 6 3 2 5 7 8
278 6 6 2 2 8 4 5 2 9 7
289 6 3 7 7 6 4 2 7 4 3
15
258 6 9 4 3 4 3 3 5 3 2
380 5 9 7 9 4 8 8 1 5 9
365 8 2 1 8 9 9 8 8 1 8
248 1 1 5 9 9 1 2 5 2 6
244 1 1 1 3 8 9 3 6 7 6
361 6 6 8 7 8 9 8 2 4 4
272 6 8 9 1 1 4 1 5 8 2
335 8 8 3 8 2 7 4 9 5 6
292 3 2 6 2 4 3 5 9 7 8
295 5 2 2 8 3 9 6 7 6 5
259 1 5 1 6 3 5 9 9 9 3
286 5 9 7 4 1 3 1 8 9 4
281 1 8 9 9 4 5 6 7 1 1
281 9 3 5 1 7 3 4 8 9 1
310 5 6 1 6 3 9 9 6 2 6
15
167 3 1 3 2 2 2 4 7 1 2
325 7 7 8 8 2 3 5 3 9 6
309 2 1 5 6 6 7 3 8 8 8
425 6 9 9 2 8 8 5 9 6 7
292 3 2 8 7 5 8 3 7 3 3
328 7 7 6 7 4 5 7 1 1 6
295 4 1 9 6 5 2 2 5 7 8
231 9 1 1 1 2 5 3 1 1 7
268 2 9 2 4 4 6 8 1 5 6
304 5 4 1 5 9 9 6 8 4 4
389 9 6 5 7 6 7 5 7 2 7
198 4 2 1 7 2 3 1 8 1 4
319 3 8 4 9 7 2 7 1 1 9
204 5 7 1 4 2 2 1 6 7 2
267 1 9 5 2 1 6 5 3 6 7
15
236 4 8 5 3 6 4 2 4 8 1
283 4 8 6 5 1 1 5 8 1 6
288 2 8 7 3 3 7 5 6 6 3
355 8 6 8 7 8 5 4 8 4 1
350 8 9 1 1 9 6 8 6 2 8
203 2 4 1 9 9 5 2 5 3 2
422 9 8 7 9 7 5 8 3 8 7
351 8 2 4 5 7 7 6 1 6 9
367 5 3 7 5 9 9 9 3 7 7
274 3 9 1 9 7 8 3 2 3 6
243 1 9 8 3 2 3 3 7 9 3
335 2 3 8 8 4 7 9 2 2 9
293 9 1 3 3 7 6 6 9 3 1
370 5 8 6 7 6 5 8 5 8 8
398 6 9 8 8 6 9 1 9 1 8
15
358 6 7 4 8 6 9 6 9 1 3
258 7 5 8 6 3 1 5 1 4 3
260 6 1 7 3 2 2 5 4 5 5
255 7 7 3 1 7 9 1 1 7 1
367 7 5 4 5 3 5 6 9 1 9
334 8 1 7 8 5 5 4 1 5 9
405 2 9 9 8 9 5 8 6 6 8
189 3 2 1 9 3 1 2 4 6 6
319 8 7 7 8 2 3 5 5 6 2
283 3 2 3 6 6 7 9 6 5 4
393 8 1 9 1 2 9 8 8 6 8
314 8 1 9 9 6 2 5 3 3 2
312 6 2 2 5 8 6 8 1 2 8
252 5 8 3 5 2 2 4 4 4 6
263 3 6 3 1 9 5 2 6 3 5
15
275 6 4 3 6 2 7 9 1 8 2
285 6 4 2 4 8 2 5 6 5 7
287 1 8 5 5 8 4 4 8 9 6
267 3 2 8 4 4 3 2 2 3 7
213 1 3 5 5 4 4 8 1 6 3
343 6 5 4 6 1 7 9 5 8 7
232 6 7 1 1 1 3 4 9 2 2
239 3 3 1 8 3 7 4 8 3 3
265 7 1 8 2 7 3 3 5 3 1
295 5 2 3 6 3 7 2 7 4 8
324 4 7 1 8 7 4 8 9 1 6
337 6 1 7 1 7 7 8 7 6 5
296 3 2 3 7 5 4 8 6 8 6
368 9 8 8 4 5 7 3 8 8 3
277 3 9 3 1 7 5 6 8 4 2
15
331 4 5 1 1 8 9 6 7 5 8
303 6 4 8 6 6 3 4 6 7 3
302 9 1 7 9 5 3 1 6 4 4
259 2 4 6 9 2 5 7 7 1 1
346 8 8 6 3 1 3 5 8 3 9
306 7 5 6 7 5 3 8 3 7 3
263 4 3 2 5 5 4 6 1 9 9
401 7 7 8 8 7 7 7 7 2 4
356 4 3 8 8 6 6 9 3 2 7
225 1 7 1 7 8 9 2 6 4 2
302 8 1 6 8 4 4 8 1 8 4
245 2 5 4 8 8 3 2 4 6 4
386 8 2 7 5 5 8 9 3 3 8
295 8 2 2 6 5 5 3 9 6 5
295 6 4 3 6 8 3 9 2 2 6
15
220 5 1 1 9 4 1 1 6 4 8
270 8 7 4 1 3 1 3 1 4 8
281 1 9 8 9 2 2 4 1 2 7
314 3 8 6 9 1 3 6 9 6 4
201 6 4 2 2 5 3 5 1 5 3
242 3 7 3 9 3 7 2 6 8 3
239 3 8 3 2 1 8 7 3 6 3
252 2 8 4 8 3 1 4 5 6 7
310 1 9 9 8 1 3 4 6 2 6
237 5 4 2 6 4 6 5 1 4 5
325 5 2 5 6 9 4 8 9 8 5
272 6 5 3 1 6 5 7 5 8 2
243 4 5 5 2 5 8 1 8 8 1
301 6 6 2 4 6 8 6 8 2 4
310 8 3 3 6 7 1 7 6 8 7
15
271 7 5 8 1 8 6 1 3 3 2
238 5 3 3 3 2 6 1 7 5 3
260 3 3 9 1 4 2 7 7 4 2
265 2 3 4 3 1 7 5 3 3 8
340 4 1 8 6 5 9 4 4 3 7
322 6 9 8 8 9 3 4 3 7 2
361 6 7 8 5 9 1 4 9 2 7
244 2 5 7 3 9 1 3 8 9 2
292 8 1 4 2 9 6 8 2 9 1
313 8 3 6 9 2 5 8 8 8 1
381 8 4 9 9 4 6 4 8 6 6
223 2 1 3 7 3 1 3 8 5 6
260 4 7 1 3 3 5 3 3 3 9
308 9 8 5 4 3 5 7 3 3 3
325 2 9 8 4 7 8 4 5 9 5
15
307 9 8 3 4 9 5 3 9 5 2
376 7 4 9 6 4 9 8 3 9 6
267 5 5 1 6 6 3 9 8 3 2
313 4 8 9 1 8 5 2 5 5 6
255 1 7 4 3 9 3 4 9 4 4
311 3 9 9 8 2 3 8 7 4 1
343 8 2 2 2 6 7 8 9 4 7
264 3 4 8 7 1 1 1 8 7 7
352 8 9 6 1 3 6 2 7 3 7
340 1 7 4 9 7 8 9 7 9 6
275 1 4 9 9 6 2 4 4 1 6
339 1 7 5 9 6 5 9 8 9 8
293 5 4 4 1 6 8 2 6 8 6
224 3 3 4 7 2 9 3 1 7 2
295 8 2 3 8 9 1 2 8 6 4
15
295 6 1 7 4 9 6 5 6 6 2
333 7 3 2 4 5 8 2 8 9 8
271 3 9 1 4 1 9 7 1 3 8
282 6 5 7 2 5 2 3 3 2 5
256 4 5 6 5 4 3 4 5 1 2
287 4 4 6 3 2 8 1 2 7 9
285 4 1 1 3 9 2 9 5 8 9
304 8 3 5 6 2 7 7 8 1 1
323 7 7 9 5 5 2 6 3 9 2
207 3 8 1 6 2 2 6 7 2 3
319 9 6 7 3 3 2 9 6 9 1
289 7 2 1 8 5 9 3 8 1 4
297 7 3 2 9 2 6 9 9 1 3
316 8 1 8 9 8 1 6 7 7 1
261 2 4 6 8 4 5 3 2 7 7
15
278 2 2 1 7 7 8 7 3 5 7
235 3 2 4 1 1 2 7 7 8 6
244 3 1 1 7 6 3 8 6 3 5
239 1 9 2 4 9 7 8 1 4 3
219 1 8 4 7 1 1 7 6 7 3
208 5 4 1 5 1 9 1 5 2 3
332 7 8 5 8 2 1 9 2 7 8
256 7 7 5 8 2 5 5 1 4 2
239 4 2 3 8 2 2 3 6 2 8
335 2 8 8 9 5 4 8 3 8 7
291 5 1 3 9 1 8 8 9 5 2
303 3 4 4 6 7 5 8 1 1 8
325 1 9 6 3 6 8 6 5 5 6
284 7 1 3 3 4 1 4 9 7 9
292 2 3 9 8 2 3 4 8 7 4
15
327 8 6 8 3 9 7 1 5 7 3
316 3 4 7 5 1 2 7 7 3 9
314 4 4 8 7 6 8 3 1 9 6
308 6 8 2 6 8 4 2 7 9 5
360 8 7 9 6 6 1 9 5 5 3
225 2 1 9 2 1 2 5 5 6 2
249 2 7 4 8 2 6 5 4 6 3
330 4 3 4 8 9 8 2 6 9 7
340 3 9 7 8 1 9 6 3 6 6
392 9 9 9 7 2 6 7 2 3 7
368 7 9 9 4 3 8 3 1 5 9
319 3 3 8 6 7 6 6 4 6 4
310 5 7 1 9 4 9 2 4 2 9
269 2 8 3 5 9 6 4 5 9 5
342 8 5 4 2 1 6 8 7 4 7
15
217 2 2 1 6 8 2 3 8 2 4
376 4 7 6 3 8 9 6 8 8 8
247 1 6 3 7 4 1 5 7 1 8
382 8 3 5 5 9 6 5 7 7 9
258 1 9 3 9 9 5 8 1 1 3
328 9 8 8 3 3 8 4 2 5 2
267 1 1 1 2 9 7 7 7 2 6
324 3 3 7 7 7 5 8 6 4 4
366 5 8 2 8 5 9 9 4 8 9
355 7 7 7 6 5 4 9 6 2 4
287 8 1 1 9 2 9 4 6 2 6
346 4 7 7 9 6 3 8 7 3 4
361 9 4 4 3 2 8 9 7 4 7
255 1 7 7 5 7 6 3 1 9 4
284 6 6 1 5 6 6 7 6 5 2
15
287 4 4 7 2 6 7 7 3 2 3
312 7 8 7 1 3 8 6 1 1 4
267 2 5 4 7 3 3 5 8 9 6
329 6 8 3 7 5 8 5 1 1 9
181 1 9 4 1 1 5 4 2 5 2
297 4 8 9 3 8 1 3 2 8 5
305 5 4 5 2 3 7 5 2 8 9
220 8 3 3 1 5 2 1 8 9 1
248 1 4 8 5 6 5 4 2 3 2
269 1 2 6 9 3 7 5 1 5 6
349 3 6 5 8 7 8 9 9 6 4
348 7 2 7 5 1 3 8 9 4 8
311 7 9 6 4 4 6 1 3 2 7
258 1 9 2 8 5 9 3 6 2 2
314 1 6 8 3 5 8 6 6 9 4
15
281 9 7 2 4 1 4 9 5 9 1
244 1 7 1 6 7 7 2 3 7 6
372 7 9 9 4 5 3 7 5 8 7
317 8 9 4 8 7 5 1 9 2 4
228 1 3 5 7 5 3 1 1 2 9
314 4 7 2 6 8 7 6 5 5 6
281 6 7 3 1 8 4 6 5 9 4
270 5 6 2 3 4 4 2 3 6 8
299 5 9 2 9 3 8 8 1 6 4
272 2 6 3 3 1 6 5 6 9 7
302 5 7 6 8 4 6 5 3 4 4
357 2 6 6 2 8 8 7 7 8 7
259 1 3 6 8 8 3 3 6 7 3
381 9 8 4 3 6 6 7 5 5 7
386 7 9 6 6 8 7 5 6 4 8
15
365 4 1 9 3 7 8 8 5 4 6
181 2 9 2 5 3 2 1 1 9 3
182 4 4 2 4 6 2 3 3 2 1
348 2 9 5 5 7 1 8 8 8 9
263 2 8 1 8 7 3 2 9 7 7
295 7 9 3 8 1 2 7 7 2 4
298 6 5 1 6 8 9 5 6 7 2
294 7 3 9 1 2 3 2 6 2 4
277 6 7 2 5 7 4 2 2 6 8
308 6 9 2 1 1 6 9 4 9 5
337 7 8 4 1 9 9 8 7 6 2
265 2 6 7 6 2 8 5 4 7 1
287 8 8 6 6 9 4 1 2 7 1
292 7 1 5 6 4 8 4 8 4 2
398 8 7 9 3 4 6 3 8 3 9
15
242 1 4 2 2 2 4 4 9 3 7
271 3 3 7 1 6 6 2 3 9 6
348 1 8 6 6 3 7 6 9 9 7
257 3 4 7 7 5 4 1 2 6 6
431 9 7 7 6 8 9 5 8 3 8
251 2 6 3 6 9 4 2 2 8 6
330 2 3 7 6 1 5 9 7 2 8
301 4 5 4 2 5 5 4 7 1 8
355 1 4 4 2 7 9 8 8 9 9
348 6 9 9 8 6 2 9 1 6 5
223 5 7 1 7 8 1 9 1 7 1
343 5 6 7 2 4 6 8 6 8 6
344 6 6 5 8 9 7 2 2 2 8
262 6 1 6 1 8 5 7 3 5 1
227 1 3 2 2 9 9 8 2 4 1
15
317 9 8 3 1 3 5 5 2 4 9
312 1 7 7 5 4 4 9 4 7 7
277 3 5 4 9 3 8 1 6 2 7
278 6 1 9 4 3 2 7 2 8 2
281 4 2 8 7 2 7 1 2 8 6
306 9 8 6 4 4 4 2 2 6 4
353 9 3 8 2 3 3 9 3 9 5
229 3 4 4 4 1 1 4 1 1 8
271 5 5 3 9 3 2 7 4 5 6
258 6 9 5 5 2 5 2 5 7 1
302 5 9 5 5 6 1 5 4 7 6
386 6 8 6 6 4 8 3 9 6 9
193 2 1 1 8 7 2 6 4 4 1
272 1 7 4 8 4 9 1 5 1 6
360 8 3 8 8 4 1 8 5 4 6
15
241 2 2 2 2 2 6 7 3 1 7
358 8 8 8 1 7 6 5 1 4 6
441 9 5 9 6 8 5 8 9 7 8
289 1 7 8 4 9 1 1 6 6 8
257 3 2 8 3 6 1 6 8 7 2
302 8 6 7 1 1 6 1 1 6 8
319 7 9 6 8 6 4 9 4 2 1
227 1 8 6 5 7 1 1 2 1 6
321 5 1 6 8 8 7 8 6 6 1
364 3 8 7 3 2 8 9 7 5 6
392 9 6 8 5 5 6 3 9 1 8
304 6 5 4 2 5 6 7 4 4 7
282 8 3 4 2 4 9 1 4 1 6
306 6 7 4 6 7 9 1 6 1 5
297 7 5 4 1 5 6 3 4 6 8
15
332 6 3 9 6 1 5 3 2 5 9
385 3 4 9 7 9 5 9 5 6 7
346 8 1 2 8 6 7 1 9 6 9
310 3 9 2 4 8 9 4 2 1 8
250 2 9 5 6 1 2 3 3 7 8
302 7 9 2 4 9 9 5 1 8 4
360 6 7 9 6 4 1 8 2 8 9
282 3 1 1 6 6 4 8 8 1 8
293 4 7 8 3 8 2 1 3 2 8
326 7 7 8 1 1 5 2 7 3 6
315 7 3 5 9 2 6 9 3 3 4
264 4 8 8 3 1 5 1 2 2 6
260 7 5 6 8 9 1 1 2 4 2
376 5 6 9 7 9 2 9 8 9 4
346 5 5 6 2 7 7 9 8 1 6
15
328 2 8 7 5 9 6 9 3 9 3
296 3 9 4 5 2 9 6 6 2 5
339 3 1 9 8 8 8 5 7 4 5
352 9 8 7 4 6 5 9 3 2 3
362 8 4 7 1 2 8 9 2 8 6
381 2 2 5 8 8 9 7 8 8 9
372 7 8 9 1 1 2 9 9 4 5
274 7 5 3 6 3 6 2 4 8 4
272 6 5 5 3 4 4 2 1 8 7
306 4 2 1 4 9 4 9 3 3 9
258 4 8 5 5 7 2 2 2 6 6
281 2 5 3 3 7 6 7 1 9 7
256 9 3 2 8 2 2 4 2 3 6
336 9 9 8 3 1 4 6 4 1 5
295 1 2 9 7 7 5 1 7 4 8
15
272 8 6 2 3 3 1 8 9 6 3
365 9 2 1 8 5 8 9 6 2 8
320 8 8 3 3 3 5 6 7 2 6
286 5 9 2 7 6 7 1 1 7 6
242 5 4 3 1 5 6 4 3 6 5
368 6 1 9 2 5 8 9 2 2 8
244 1 7 4 8 1 3 8 5 6 4
282 1 9 5 6 4 8 3 2 6 7
396 3 8 5 5 6 9 9 7 6 9
311 8 6 1 4 7 5 3 9 9 7
321 9 9 1 2 6 6 4 3 2 8
333 9 4 1 9 2 7 1 8 2 9
279 6 5 1 3 6 6 6 4 5 7
345 6 8 4 2 7 4 7 9 6 6
378 9 5 5 4 8 5 8 5 9 8
15
352 6 6 8 5 6 4 1 8 3 9
377 8 8 8 3 2 9 3 9 6 5
274 2 5 7 9 4 1 2 5 7 7
335 9 5 5 3 2 4 6 8 1 7
363 9 5 6 7 2 9 1 7 5 8
258 1 1 5 1 3 6 5 9 1 7
277 1 3 3 8 6 6 8 8 1 3
404 9 5 9 6 5 8 9 2 5 6
215 5 5 4 1 9 2 2 4 5 1
288 3 4 5 3 7 2 7 4 7 8
208 2 3 3 1 1 4 3 8 7 4
331 9 7 5 9 3 2 6 4 7 4
406 9 5 9 7 2 7 6 5 2 7
304 4 1 6 7 9 6 5 1 8 8
290 6 1 2 4 5 9 6 3 3 6
15
337 6 6 3 2 4 7 9 8 3 7
345 7 3 9 9 7 4 2 1 9 9
354 8 3 9 9 7 2 3 3 2 7
243 1 7 9 9 9 2 5 1 4 1
331 9 9 2 5 6 5 7 9 5 1
320 8 1 2 3 6 9 3 5 6 7
226 5 1 2 4 3 9 4 4 3 2
271 3 3 3 5 5 8 5 1 3 8
301 9 6 2 7 3 6 4 7 6 3
326 5 8 6 6 4 2 5 1 7 9
282 5 4 2 6 2 6 1 7 9 9
249 7 2 2 9 7 7 3 4 1 1
324 8 1 6 9 3 8 8 5 6 1
302 8 2 7 2 4 1 5 2 7 7
290 5 3 4 5 8 6 1 9 4 4
15
311 1 5 8 9 5 5 3 6 2 7
285 1 6 6 3 3 3 9 7 6 7
269 4 3 9 5 2 6 5 2 6 1
245 3 7 2 4 5 9 9 3 5 1
257 1 1 3 8 6 8 5 2 1 8
290 7 1 9 6 6 3 1 2 8 5
288 5 3 5 3 5 5 6 7 3 3
300 5 1 9 3 3 8 9 1 8 2
333 7 6 5 7 1 9 6 8 9 1
349 9 9 1 2 6 3 9 9 2 6
332 8 6 5 6 9 7 4 5 5 4
307 2 5 6 2 8 5 9 2 9 5
227 3 8 1 3 1 7 1 2 8 6
309 4 8 5 7 3 2 6 6 2 6
295 8 1 3 2 9 3 4 4 6 7
15
267 1 8 7 3 5 2 3 8 4 4
351 8 5 6 3 7 6 6 4 3 6
239 4 6 1 2 2 5 8 8 5 3
286 8 2 9 2 4 2 1 7 9 3
225 4 6 1 9 7 1 1 9 6 2
355 8 8 6 3 9 1 3 7 8 8
285 8 6 2 5 7 6 1 1 9 6
348 7 6 8 6 6 7 2 4 1 5
286 9 6 4 6 7 1 4 9 1 1
271 6 2 7 2 2 4 2 5 5 6
356 6 6 7 6 9 5 2 6 9 6
285 5 6 3 3 2 7 9 5 1 5
266 1 4 4 9 3 4 8 4 9 5
337 8 3 2 5 7 8 8 9 1 5
231 1 4 3 3 4 4 7 3 5 7
15
368 4 2 9 3 5 9 9 5 9 5
271 4 5 3 4 2 6 7 3 9 6
295 6 8 7 5 2 3 1 9 7 4
312 8 4 1 3 5 4 4 9 9 9
236 5 4 1 2 7 4 5 1 2 5
419 9 7 9 8 4 4 7 6 6 8
284 6 5 4 2 6 5 8 9 7 1
355 6 8 7 6 8 3 9 9 1 4
366 1 7 8 9 2 9 9 5 2 8
265 3 8 5 6 8 1 6 1 5 4
195 6 1 2 2 1 8 3 2 5 2
273 2 8 6 1 8 6 8 1 7 3
327 2 6 2 9 2 8 7 8 2 9
311 6 9 6 1 4 1 3 5 8 7
264 5 9 5 2 3 6 4 6 6 2
15
243 6 6 2 6 4 6 4 5 2 2
324 9 6 3 5 8 3 9 1 6 5
253 1 4 3 9 4 4 6 9 2 5
342 7 5 4 2 1 7 9 3 3 8
331 4 9 6 7 6 3 6 2 7 9
368 7 8 4 7 8 8 6 1 5 7
337 4 9 8 6 4 9 5 1 3 6
373 9 7 2 1 2 9 9 8 5 8
218 2 1 4 5 4 4 4 2 5 5
315 8 4 4 8 2 3 6 9 8 3
381 4 9 9 3 8 8 7 8 2 5
329 9 3 9 1 3 7 1 1 8 7
354 3 8 8 9 6 3 7 4 4 8
296 6 6 6 9 2 5 4 9 5 1
333 3 2 9 8 7 1 1 9 1 9
15
307 4 6 6 7 5 1 3 5 7 8
323 3 3 3 1 7 9 7 7 8 9
262 7 6 2 5 1 5 1 9 9 3
319 6 7 8 5 6 5 2 5 9 5
236 2 8 3 2 9 8 3 1 2 3
240 2 7 1 6 6 5 7 8 4 2
360 8 1 8 8 7 5 7 8 1 5
199 2 2 1 1 3 6 5 9 8 2
320 5 8 9 4 5 1 4 4 7 6
371 7 7 8 7 5 4 6 7 4 7
319 6 1 6 5 8 4 7 6 2 5
297 8 5 4 8 3 5 1 9 5 4
324 9 4 1 7 4 9 3 5 6 6
316 3 2 6 1 8 3 4 9 2 9
346 4 7 5 6 4 3 6 7 7 9
15
226 1 2 7 4 2 6 4 9 2 2
355 6 9 9 9 4 3 7 3 9 6
240 4 9 5 7 2 1 2 7 6 1
329 9 5 4 6 8 2 5 6 2 7
328 7 3 5 5 4 5 8 1 4 9
219 3 8 1 5 9 2 3 6 3 3
408 9 3 8 2 9 8 9 7 4 6
306 7 8 1 6 6 4 7 7 1 5
312 5 2 4 3 2 3 5 9 6 9
304 2 6 6 6 3 4 9 2 6 7
165 1 4 1 8 4 1 1 2 7 6
279 8 4 3 7 5 3 7 7 8 2
372 2 7 8 5 7 9 4 5 9 9
257 2 2 2 5 5 9 2 6 8 5
149 1 7 1 4 2 3 1 4 9 2
15
298 4 3 3 2 5 6 7 3 5 8
431 7 3 9 9 5 9 8 6 1 8
219 5 7 1 3 7 3 1 7 1 3
315 3 5 8 3 8 6 8 5 8 1
297 4 8 3 2 3 7 8 6 5 5
309 7 6 2 1 3 9 3 3 6 8
302 5 8 9 7 9 3 5 2 8 1
276 8 6 2 7 3 7 1 2 2 7
395 9 9 9 8 6 5 1 9 1 5
269 6 9 1 5 4 7 2 2 8 6
328 5 2 7 8 8 3 1 8 9 9
323 3 6 2 9 8 6 9 5 6 5
225 3 3 4 4 2 2 8 6 9 2
322 4 2 6 5 2 9 8 2 3 9
331 9 2 2 7 9 2 6 9 4 5
15
250 4 1 2 7 3 9 3 4 6 4
300 6 1 9 2 8 3 3 4 5 5
217 5 5 5 2 3 2 1 8 5 1
258 4 5 4 9 9 1 6 4 5 3
265 8 3 4 6 6 1 4 7 1 1
337 8 9 6 7 3 1 5 3 9 8
279 4 1 4 7 9 6 8 1 6 3
284 6 1 3 8 7 8 5 2 8 4
284 7 9 2 7 9 8 3 5 3 1
250 7 3 1 3 3 3 8 2 5 6
257 3 3 5 2 9 3 3 5 6 7
367 8 9 5 5 8 6 6 4 7 7
319 9 3 5 2 7 3 8 4 5 6
317 5 5 2 4 3 4 9 5 7 9
371 7 6 8 7 3 8 6 4 1 8
15
270 6 9 5 1 6 1 3 9 5 1
213 1 3 8 1 8 1 3 2 3 3
296 3 8 8 8 4 8 1 4 6 4
382 9 8 8 5 9 4 1 9 1 6
272 5 3 2 1 8 5 9 6 8 2
341 9 8 4 9 5 8 8 2 7 3
316 6 1 3 7 7 8 2 7 1 7
316 5 4 2 6 9 5 2 7 6 9
231 2 6 4 7 5 7 4 1 3 2
259 2 1 2 9 3 2 9 7 6 8
295 8 5 2 9 6 9 5 5 6 1
325 3 2 9 5 4 2 9 7 2 7
277 1 6 7 6 1 1 8 3 9 8
251 2 1 3 3 3 8 4 2 1 8
300 1 9 9 5 6 7 4 7 7 1
15
302 5 4 7 9 8 2 5 9 7 1
305 7 5 6 2 1 1 3 7 9 9
285 9 6 1 7 9 8 1 4 3 4
263 8 3 7 2 5 4 2 1 2 4
307 3 9 2 6 8 8 1 9 8 6
220 1 5 4 4 3 8 4 3 7 1
334 7 9 3 3 2 2 7 7 6 8
289 9 6 5 3 8 1 3 3 9 4
314 3 3 2 9 6 5 9 9 3 5
273 1 8 1 8 7 9 6 4 6 4
347 7 7 7 1 1 5 7 8 2 6
275 4 6 5 6 1 4 6 1 1 9
350 6 9 4 4 2 3 9 9 6 6
329 9 5 9 5 1 3 7 6 3 1
238 4 4 2 1 7 9 2 8 1 3
15
341 7 5 9 9 1 4 5 2 1 6
326 3 8 6 8 8 4 3 8 6 6
281 6 6 2 8 4 1 8 2 2 6
380 5 9 5 5 5 5 8 7 9 9
282 6 6 1 7 7 6 9 4 8 2
299 9 7 3 7 1 1 6 3 9 6
216 3 3 1 9 3 1 8 7 3 1
279 7 6 2 3 3 8 3 3 4 6
220 1 5 3 1 5 4 5 8 4 3
187 6 1 2 4 2 3 2 2 4 5
307 8 2 1 2 4 9 8 4 6 6
235 4 9 7 1 8 3 2 4 1 1
250 8 2 3 2 2 2 5 6 6 3
276 1 9 4 8 8 9 6 3 1 1
394 9 6 8 6 5 9 8 9 4 3
15
230 4 1 4 3 5 8 5 3 4 2
324 4 4 7 8 8 8 8 2 5 4
248 5 1 5 4 1 2 6 9 4 2
236 4 3 1 4 6 6 3 9 3 2
304 8 2 4 9 7 2 6 7 5 4
353 9 3 6 7 7 6 2 6 8 6
372 9 9 2 1 9 9 2 9 8 8
265 1 8 9 5 2 3 1 2 5 8
277 7 4 3 6 9 4 9 1 4 3
272 3 3 7 2 4 2 2 6 6 9
320 9 5 2 4 6 2 7 8 1 7
248 2 1 9 5 2 2 6 3 2 4
324 3 9 5 4 6 7 4 4 6 8
395 7 8 7 2 6 6 7 9 9 7
306 8 8 4 4 6 5 2 3 2 5
15
277 9 6 1 1 5 1 7 5 5 4
315 2 7 6 9 9 5 8 4 3 4
304 8 7 4 2 2 8 3 9 8 1
239 3 8 8 9 5 1 1 1 4 2
260 6 2 6 7 4 5 1 5 8 4
315 4 2 8 1 5 8 8 2 1 6
369 9 1 7 4 5 7 9 7 8 4
278 5 1 6 7 8 1 5 7 6 3
354 9 3 4 1 6 6 9 1 7 9
296 5 1 9 7 6 1 4 1 8 7
323 3 8 7 4 8 1 7 1 9 9
338 1 9 7 8 4 6 9 4 8 5
194 4 1 3 2 2 3 8 3 2 2
310 9 8 4 4 2 5 7 2 4 5
301 9 2 4 6 6 2 6 8 6 2
15
279 3 1 5 8 6 1 4 5 4 9
404 9 5 7 3 8 8 4 5 1 9
320 7 2 3 7 8 9 1 1 6 9
306 2 4 6 5 3 6 5 9 2 6
304 7 8 1 8 8 7 9 3 8 1
224 2 3 4 2 5 2 2 3 1 8
324 9 7 7 3 3 2 6 7 9 4
297 4 7 3 2 1 2 9 6 8 7
267 1 7 3 3 1 9 1 4 7 9
302 3 9 8 4 6 7 2 5 8 4
354 5 8 8 4 8 8 4 6 3 4
235 7 2 1 3 2 1 2 8 4 8
262 3 5 4 8 2 4 6 4 2 5
337 9 5 8 8 9 2 2 5 6 5
146 2 6 2 3 2 2 3 2 1 1
15
346 9 5 6 6 1 3 4 7 1 8
249 8 7 3 3 1 5 2 5 5 1
305 7 8 4 1 6 8 8 6 1 1
319 7 7 9 2 3 7 1 8 1 4
327 2 5 6 3 7 9 2 8 7 9
239 4 1 3 5 8 5 3 8 1 2
328 9 9 2 6 9 8 3 8 9 2
346 5 2 9 8 8 5 7 3 6 4
343 7 8 7 3 9 6 1 1 9 7
328 9 7 5 9 5 4 3 5 5 5
364 6 4 7 7 6 2 9 8 9 5
244 3 4 3 2 2 6 3 1 1 9
302 4 8 8 1 3 5 3 1 7 9
298 2 4 7 8 1 8 3 4 1 7
355 6 9 6 4 5 5 7 7 5 6
15
184 3 5 2 2 8 4 1 7 2 1
289 9 3 4 4 9 2 7 3 2 4
334 3 1 4 7 6 9 9 8 5 7
348 7 1 9 8 5 5 3 7 6 5
310 1 4 8 3 4 9 4 5 4 8
331 1 3 9 8 3 9 9 1 3 7
253 2 7 1 8 5 7 3 7 5 3
320 6 5 1 6 8 6 8 1 3 9
299 4 2 7 9 6 3 5 2 6 7
377 7 4 7 6 2 9 8 7 4 6
300 5 9 5 9 3 5 1 2 6 9
277 1 6 5 3 7 6 6 5 1 6
270 3 2 5 7 2 8 4 5 9 4
278 2 4 1 8 3 9 6 2 6 9
297 3 5 4 8 5 2 8 6 5 6
15
306 4 9 4 5 2 9 8 2 8 5
250 3 2 2 4 3 3 8 5 7 8
322 9 1 2 9 5 8 9 7 7 2
253 7 8 5 3 1 1 3 4 5 3
239 2 2 8 6 7 4 4 4 5 1
231 4 9 1 9 4 1 2 7 9 3
357 5 4 8 4 2 8 9 9 1 5
375 4 9 6 2 7 9 4 8 3 9
365 7 7 8 9 2 8 2 6 6 5
337 1 5 6 9 8 5 6 7 8 7
289 1 7 9 7 2 4 7 6 1 3
230 1 9 5 3 1 9 5 3 8 1
264 1 3 5 5 1 8 5 2 1 8
318 3 6 6 3 6 8 7 4 8 4
304 8 1 6 5 8 2 7 6 4 4
15
300 9 1 8 8 1 8 3 2 6 2
243 6 4 5 9 3 4 3 3 9 1
339 8 1 1 4 6 7 9 8 1 7
313 5 7 6 6 1 3 3 6 6 9
325 4 4 5 2 7 9 7 9 8 2
281 5 9 4 4 5 5 9 4 1 2
359 8 4 5 9 9 7 4 1 3 7
382 6 9 5 8 9 9 5 1 2 9
195 1 4 1 2 9 2 7 4 5 3
387 8 7 7 9 9 4 8 1 7 8
295 8 1 4 3 2 3 5 7 1 9
353 3 4 9 3 4 9 8 6 5 7
321 4 7 8 2 9 5 6 2 9 4
222 5 7 5 9 4 1 3 1 7 2
293 5 2 3 4 7 7 4 6 1 6
15
333 7 2 3 7 2 9 4 7 9 7
368 4 2 6 5 6 7 8 7 3 9
213 7 9 1 2 3 2 5 4 8 1
342 6 5 5 5 6 9 4 4 3 8
263 3 3 6 5 1 7 8 8 2 1
333 5 7 5 3 7 5 9 5 3 7
275 6 8 7 3 5 7 2 3 2 1
324 9 6 7 5 6 5 2 2 1 7
232 3 1 4 3 5 3 7 8 7 1
235 3 6 1 3 6 2 2 4 9 7
257 4 8 3 1 2 7 4 6 3 3
297 6 9 2 4 1 8 4 9 7 5
294 8 6 4 9 8 3 8 1 2 3
251 8 5 1 7 7 3 2 5 7 2
279 7 1 2 6 1 6 1 5 6 8
15
237 5 1 2 5 5 5 4 1 6 7
232 1 2 2 9 9 4 9 5 2 1
199 5 3 1 1 1 1 8 5 1 3
300 7 2 4 5 5 3 4 8 2 5
349 4 9 9 9 3 8 2 6 4 4
369 8 7 1 8 1 4 9 8 5 9
304 6 5 8 4 1 9 4 3 2 3
262 1 2 6 3 5 8 7 1 1 5
338 5 5 8 6 6 3 7 7 9 6
316 4 1 8 3 8 3 5 2 7 8
379 4 7 6 6 9 5 8 7 2 9
248 6 9 6 6 1 3 6 1 1 1
306 7 5 8 3 3 5 3 2 7 6
223 4 6 4 4 4 4 4 5 3 2
299 3 2 7 7 1 7 9 1 1 5
15
244 1 3 3 5 4 1 8 6 8 8
295 1 5 2 3 9 8 5 6 5 9
214 1 6 2 5 8 6 5 2 4 2
326 3 4 7 5 8 8 6 3 4 7
292 7 5 3 2 7 4 3 5 6 8
269 5 9 5 7 3 1 8 1 9 3
220 4 1 4 1 3 1 2 1 7 9
363 7 1 7 2 9 7 3 8 7 9
246 1 5 8 1 3 8 5 6 1 1
386 8 9 2 3 9 6 9 9 6 6
217 3 4 1 1 7 8 3 6 5 1
197 1 5 1 5 6 5 1 2 7 5
371 8 8 8 7 7 7 2 5 4 5
309 1 6 7 7 8 5 7 8 2 3
307 9 6 5 6 1 5 3 5 9 3
15
207 4 8 1 7 7 4 1 3 5 1
239 4 5 6 3 5 7 2 3 7 1
402 6 8 5 7 7 9 8 3 4 9
275 6 4 4 5 6 9 5 2 6 1
310 2 7 8 7 2 9 1 6 5 7
232 5 8 4 6 9 1 1 3 7 2
335 6 8 4 9 2 7 3 9 9 4
363 1 5 8 7 8 8 8 8 4 7
292 2 5 5 2 9 8 8 3 6 3
292 5 5 4 9 8 7 7 4 7 2
369 5 7 9 9 3 2 7 7 6 8
366 6 8 7 2 3 9 4 5 1 9
374 5 5 8 8 9 6 6 2 4 9
276 4 4 3 6 3 5 3 7 2 6
281 8 5 3 3 1 6 2 1 8 8
15
305 1 5 7 3 1 8 7 7 7 7
372 4 9 5 9 9 5 2 9 9 8
323 6 7 3 4 9 8 2 7 7 6
312 7 2 2 9 9 3 8 6 6 6
223 7 2 2 1 2 6 1 7 6 3
273 2 9 1 4 5 5 5 7 4 6
228 4 6 2 3 2 3 4 4 9 6
258 4 6 7 1 5 9 4 1 3 2
305 2 6 7 9 8 4 7 9 3 2
337 8 1 2 5 6 5 8 7 4 9
282 4 3 6 7 9 5 4 7 7 2
279 3 7 4 4 8 4 6 6 4 5
327 9 8 3 9 6 6 3 5 2 5
255 1 7 6 1 1 8 6 9 3 1
247 4 7 1 9 5 6 3 8 3 1
15
247 9 7 3 6 6 2 1 2 4 2
259 9 2 4 1 2 1 7 7 5 2
228 4 4 5 2 4 9 1 6 2 1
370 5 3 7 7 8 6 9 9 6 5
339 6 5 7 2 6 9 3 8 2 4
241 1 7 3 5 1 7 6 9 7 2
288 3 1 2 6 5 4 7 8 5 7
239 3 3 5 7 4 1 5 6 8 3
268 5 4 4 3 2 7 7 7 6 3
253 3 7 2 2 4 3 6 4 1 9
364 5 9 5 6 6 6 6 8 9 7
257 2 5 6 8 9 4 4 2 5 2
285 3 4 6 8 8 2 6 3 2 7
274 3 8 3 6 9 2 9 6 9 2
248 1 6 9 1 1 6 2 2 4 6
15
348 8 7 5 1 3 4 8 3 8 9
262 6 2 5 7 2 8 4 5 6 2
334 1 2 9 6 8 3 7 9 7 7
319 8 1 7 7 5 9 3 3 1 5
228 5 1 2 2 7 2 8 6 1 1
309 6 7 2 4 4 9 6 9 3 3
293 1 8 9 4 7 2 1 5 9 8
273 5 5 5 7 3 7 5 3 2 3
390 5 7 9 5 3 8 4 7 5 9
328 8 9 1 2 9 3 6 1 9 8
361 5 6 8 3 7 5 2 8 7 9
277 6 4 4 8 7 8 4 5 2 1
414 8 8 8 1 6 8 4 8 7 8
317 8 4 2 9 5 4 3 9 6 5
285 8 9 5 4 1 6 1 7 9 3
15
204 1 5 3 4 2 5 3 4 3 5
307 5 8 1 7 1 3 6 5 8 9
177 4 2 3 1 2 1 4 3 3 2
289 9 7 1 1 5 7 3 6 2 5
292 4 8 7 7 4 1 7 5 1 3
303 3 4 7 9 2 6 4 5 4 7
327 3 9 8 7 7 3 9 5 3 2
281 4 7 3 7 8 2 7 4 5 6
293 4 1 8 4 1 2 4 9 8 6
296 9 4 7 9 9 4 3 3 4 1
242 4 7 1 2 2 3 4 6 2 8
399 9 8 6 2 8 8 5 6 4 8
233 5 1 4 9 9 4 2 6 1 1
233 2 3 6 2 6 3 4 6 2 3
194 6 4 4 2 5 1 1 1 8 4
15
327 3 7 7 4 3 4 6 9 5 7
314 6 1 6 1 1 7 5 9 6 7
322 8 6 5 9 4 9 4 6 5 2
290 7 6 4 4 2 1 8 1 8 8
237 6 4 1 1 7 3 3 3 3 6
240 2 3 5 3 1 5 7 3 6 6
304 7 9 1 1 3 5 2 5 7 9
326 7 3 2 3 6 9 6 6 9 5
292 6 2 6 5 8 6 8 3 8 2
240 8 2 4 2 1 1 6 7 1 2
333 5 4 7 9 4 5 1 9 9 6
309 8 4 5 8 9 1 7 2 1 4
326 3 8 6 6 6 8 4 8 3 5
266 9 6 3 3 6 2 4 1 4 6
215 2 2 4 5 2 6 5 6 2 3
15
273 6 1 5 4 6 1 4 7 1 5
252 2 9 6 3 2 7 8 1 5 1
312 4 3 9 9 6 1 8 4 5 5
317 4 9 7 3 4 5 5 9 2 3
323 7 7 2 3 4 4 7 8 9 6
309 3 3 6 8 6 7 9 1 5 5
265 2 4 4 8 8 4 3 6 2 5
268 2 2 2 3 9 3 8 7 9 6
386 8 4 6 8 8 1 7 8 2 9
191 1 3 3 2 2 2 2 6 2 7
397 6 5 5 6 9 7 6 8 3 9
347 7 5 9 6 9 4 3 3 4 7
299 6 6 7 6 8 9 1 3 2 3
213 1 2 1 8 7 1 7 9 3 3
291 8 9 2 2 1 7 2 1 9 9
15
302 9 2 3 2 8 8 8 1 4 4
295 2 5 9 7 9 6 3 4 5 2
328 7 8 7 3 7 7 1 1 9 5
343 7 7 9 4 6 9 2 1 5 6
346 4 6 9 2 3 5 7 9 5 5
379 9 8 1 9 9 5 8 5 9 7
314 7 1 9 4 3 3 8 1 7 5
331 6 8 1 3 9 3 7 7 5 7
295 8 6 1 7 9 9 2 6 1 2
301 7 9 6 4 9 2 5 4 2 1
231 6 8 3 8 2 1 1 7 6 2
211 6 2 1 2 1 4 1 5 2 5
187 5 3 3 1 9 1 1 4 5 1
229 2 9 2 8 9 6 2 7 3 1
295 4 9 3 2 4 9 2 8 6 6
15
277 4 7 4 3 3 4 3 4 9 9
330 5 4 6 4 3 9 6 6 6 4
277 7 2 2 4 7 7 4 6 5 5
312 8 3 8 4 3 1 4 8 4 5
354 5 6 5 7 9 7 8 4 6 5
313 7 6 6 4 5 5 5 5 2 3
285 7 8 4 2 4 4 4 3 9 6
261 3 6 7 4 2 5 9 1 8 3
279 3 8 6 4 9 2 5 6 5 4
311 6 2 7 6 9 3 5 8 2 2
268 5 1 3 6 3 9 5 8 5 2
228 3 7 2 9 1 8 4 1 1 5
407 6 7 9 4 7 8 8 2 1 9
303 6 3 2 9 4 9 2 4 9 6
426 9 9 6 5 9 8 5 8 8 8
15
317 5 3 9 9 4 9 4 4 3 2
258 7 2 2 9 2 9 3 6 1 2
315 9 7 5 7 3 4 5 6 5 2
385 5 9 9 1 8 9 3 5 5 9
259 2 4 3 3 5 9 3 2 4 6
345 7 8 9 7 7 3 7 2 7 3
304 3 6 2 9 7 8 4 5 1 7
323 9 9 7 1 1 4 2 8 5 6
307 4 7 8 9 2 4 8 2 7 3
314 7 3 1 4 7 3 5 9 1 8
373 9 6 3 8 9 6 9 7 1 6
291 5 5 4 8 3 1 8 4 4 6
300 9 6 6 1 1 6 6 7 5 2
362 1 7 6 8 7 8 4 7 8 9
223 3 1 1 2 2 9 4 6 9 3
15
308 9 9 1 2 6 8 1 1 9 9
313 9 6 3 5 8 2 4 8 7 4
362 7 7 7 9 9 7 7 2 6 2
273 6 6 4 6 3 8 1 2 4 4
168 2 2 1 6 4 8 3 2 6 1
161 2 4 1 3 2 6 3 1 5 2
263 8 7 5 4 3 3 6 1 3 1
268 5 3 5 9 3 5 5 7 4 3
290 9 9 7 3 5 1 4 1 6 4
264 8 5 1 8 9 1 5 1 7 5
316 4 1 8 2 9 7 5 1 1 8
261 6 5 7 3 2 2 2 9 2 2
351 6 7 4 6 2 9 9 3 9 8
309 9 4 1 5 9 9 5 3 2 4
329 1 5 9 1 5 8 9 3 6 6
15
201 5 2 2 1 6 5 3 2 5 3
231 6 4 4 4 4 2 1 5 8 3
331 4 8 7 2 6 8 4 9 4 3
239 4 7 2 1 1 5 8 2 4 4
345 1 7 8 1 5 8 7 2 7 9
252 6 2 5 4 9 7 1 4 4 1
240 2 8 6 4 8 1 8 2 4 2
312 9 3 8 8 2 1 2 9 8 4
379 4 7 9 8 7 6 3 4 5 9
264 2 9 5 1 9 8 4 1 3 5
158 1 6 1 4 4 5 2 3 8 1
297 3 8 2 4 5 3 9 4 3 9
228 2 3 2 5 1 5 8 1 6 6
284 5 5 8 6 2 1 2 1 3 8
267 2 8 4 1 9 6 1 9 1 4
15
303 7 4 7 2 5 3 4 6 8 6
282 1 7 4 5 4 3 7 8 4 8
274 5 8 5 9 7 1 3 5 8 3
293 7 5 1 4 8 4 5 8 3 5
328 6 1 6 4 4 8 5 8 6 5
311 1 5 5 4 7 9 5 4 1 8
252 1 2 9 3 5 5 8 4 2 2
255 3 9 4 2 2 3 5 9 2 4
335 7 4 3 5 6 8 9 1 6 6
272 2 7 3 8 7 1 6 3 4 8
228 4 1 3 4 6 3 1 8 8 4
278 5 6 1 5 5 9 4 6 6 5
272 7 7 4 8 5 4 1 9 4 2
283 8 2 1 6 2 8 8 7 2 3
195 1 7 7 7 2 2 1 4 8 2
15
232 3 4 4 1 4 4 3 6 9 4
361 8 7 4 5 8 8 9 1 1 7
360 5 6 5 1 2 8 9 3 9 9
375 5 6 9 1 2 8 5 9 4 8
342 9 5 6 9 1 3 8 2 2 7
338 5 6 8 3 5 7 9 5 3 3
193 2 4 1 4 7 8 1 3 3 1
309 3 8 5 3 1 9 5 5 7 6
368 6 9 3 7 4 9 7 9 2 7
242 2 3 5 4 7 2 3 3 6 8
371 8 3 1 4 9 9 8 6 5 8
313 3 3 5 3 7 6 6 9 6 6
211 8 1 1 3 6 4 4 3 1 1
355 9 6 7 1 8 5 7 2 8 4
314 1 9 7 8 7 4 7 2 6 5
15
244 2 8 4 6 3 3 9 3 6 1
281 5 7 9 3 1 1 5 8 6 3
231 4 1 7 5 4 3 2 4 1 2
239 2 1 1 2 8 9 7 4 7 3
294 6 6 4 1 9 2 9 6 7 3
216 6 2 1 9 4 1 4 3 3 4
295 5 1 3 7 1 2 7 9 6 7
263 2 1 1 6 7 8 3 9 9 5
204 2 4 4 8 5 2 4 1 3 5
167 3 3 1 7 1 2 4 1 3 4
331 5 9 3 6 9 7 4 5 4 5
273 6 4 4 3 5 2 8 7 4 4
276 8 2 5 9 4 1 2 7 2 3
305 5 7 3 9 2 6 5 4 9 8
431 9 5 6 8 9 9 5 7 3 8
15
247 5 1 3 4 1 7 4 6 5 4
287 3 9 5 5 7 3 4 3 5 5
344 5 7 8 8 7 3 6 6 5 5
300 5 5 2 3 5 9 8 1 1 6
241 4 4 5 1 2 1 2 7 6 8
280 8 6 7 1 7 3 8 1 8 1
273 5 5 4 8 3 9 8 2 8 1
325 9 8 3 4 3 3 4 3 4 8
367 9 4 8 3 8 1 5 6 8 6
302 3 1 9 9 1 2 6 5 4 7
296 1 8 4 2 8 8 5 3 6 6
290 2 6 5 3 1 9 5 9 8 5
289 4 9 9 8 3 6 1 7 4 2
294 9 2 1 7 1 8 6 6 8 4
331 6 4 6 8 8 7 1 7 4 6
15
235 9 6 1 5 2 5 3 4 2 1
317 2 8 7 6 9 5 5 8 9 2
316 8 6 5 5 5 1 8 9 8 1
266 6 4 5 2 6 2 7 6 2 3
202 1 3 5 8 1 3 5 5 5 2
196 3 4 1 6 2 6 8 3 7 1
221 3 6 3 5 3 1 1 1 8 8
240 3 9 2 9 9 1 5 4 8 3
315 9 5 9 4 5 5 2 3 2 3
297 4 1 7 2 4 1 8 3 7 9
274 6 1 6 3 3 5 4 2 3 6
304 9 4 6 3 7 1 8 4 8 2
204 2 1 6 5 2 3 4 5 4 3
257 7 4 4 9 4 3 6 4 2 2
316 9 5 3 7 4 5 4 1 1 7
15
297 3 6 9 6 3 4 7 7 1 2
315 1 6 9 2 8 5 9 7 1 2
302 8 7 3 3 3 7 2 9 3 3
347 6 5 7 6 8 2 2 7 4 8
205 6 2 2 5 1 5 1 4 6 2
252 4 1 4 2 9 2 5 5 1 5
251 2 1 4 7 7 7 7 3 8 1
279 3 4 1 7 6 4 7 8 2 7
314 6 5 8 5 3 7 1 4 2 7
215 1 9 1 3 3 6 4 1 3 6
335 5 9 7 1 8 4 2 4 4 9
305 8 2 2 6 2 7 9 1 6 6
307 4 9 9 2 1 1 2 5 4 8
389 6 7 8 3 7 8 8 1 3 8
278 1 8 4 4 6 7 1 5 4 8
15
265 2 2 1 8 9 6 5 7 4 7
308 7 6 3 3 2 2 6 3 8 9
218 2 6 3 4 9 2 7 1 5 4
200 2 5 4 1 6 3 1 6 4 2
335 5 9 4 9 2 7 7 1 2 7
331 3 2 6 9 9 8 8 7 6 3
204 2 4 3 9 3 3 1 2 8 6
350 6 2 7 4 3 7 8 5 1 8
350 8 9 4 7 2 9 9 5 5 4
358 7 4 9 5 7 6 6 5 4 3
307 3 9 9 1 9 2 6 3 9 4
379 3 5 8 2 8 9 9 4 8 8
292 3 6 5 4 1 9 1 7 3 7
227 3 4 2 9 7 2 3 4 2 4
321 7 7 4 1 3 9 6 5 8 6
15
281 5 1 1 5 9 7 8 3 5 5
365 8 1 1 9 7 6 9 9 4 7
255 1 2 6 6 7 2 3 8 4 6
311 5 6 5 4 5 1 6 6 5 8
335 5 1 7 4 9 6 8 2 3 7
243 8 6 2 3 3 1 3 8 3 2
305 5 7 4 9 3 6 8 5 5 3
315 6 9 4 6 6 2 3 6 6 6
283 6 2 1 7 8 8 6 9 3 1
187 2 6 5 2 6 2 1 4 3 3
266 1 6 9 1 2 3 9 1 7 4
251 4 5 7 1 1 1 5 1 9 8
259 2 2 6 3 5 7 5 5 1 3
342 1 8 8 1 7 6 9 4 7 6
290 8 4 8 2 2 1 4 1 6 7
15
253 2 9 5 2 5 7 3 4 6 4
319 2 2 3 9 9 5 7 8 1 7
256 9 1 1 7 2 2 3 9 4 4
249 3 5 1 7 8 5 2 3 6 7
299 8 1 4 5 6 6 4 3 1 7
256 2 4 7 5 1 3 1 4 7 7
306 2 7 9 7 5 7 2 3 6 5
281 3 5 5 2 6 9 5 3 5 5
281 7 8 1 8 1 7 1 3 4 9
354 7 8 1 7 9 8 8 7 5 6
275 5 8 5 9 7 1 5 7 2 1
256 5 2 5 7 4 5 3 4 9 2
257 5 2 2 8 9 3 5 5 1 3
270 5 3 7 2 9 6 1 5 9 1
337 5 1 3 1 8 8 4 9 9 9
15
339 7 6 2 8 7 3 8 6 3 8
284 6 2 3 2 8 1 7 1 6 9
362 8 2 8 6 3 8 7 7 9 3
232 1 4 5 4 2 3 4 6 5 7
235 2 2 9 2 3 4 3 2 9 5
339 6 4 7 6 6 8 4 9 6 4
223 2 4 1 5 5 5 8 9 2 2
327 8 2 4 9 4 5 7 9 3 3
260 1 8 5 5 9 4 9 2 5 2
309 5 3 9 6 4 8 9 3 5 1
361 5 8 5 7 3 9 4 8 8 6
350 8 8 3 6 8 2 5 7 3 7
279 8 1 3 8 2 5 6 3 5 4
347 5 8 7 6 6 9 8 3 6 2
247 7 1 7 1 5 4 6 2 4 1
15
291 8 2 5 5 6 2 9 9 4 1
325 7 4 6 8 9 9 1 7 7 3
288 1 9 5 6 5 6 8 2 2 6
224 2 9 6 5 2 1 2 1 7 6
338 5 8 4 6 5 6 8 3 4 7
335 4 6 5 2 8 4 5 8 6 9
262 4 9 1 6 5 4 8 8 9 1
303 2 5 8 6 8 7 7 4 9 3
265 1 4 1 7 6 9 3 7 8 6
291 8 5 5 5 1 1 1 4 7 9
348 5 4 5 8 9 7 7 5 8 7
286 7 5 3 1 8 3 4 4 8 5
239 1 4 5 4 5 1 9 1 6 6
325 3 4 9 7 8 3 1 8 8 7
371 7 7 6 7 8 6 2 5 5 8
15
236 4 8 3 1 5 8 1 8 4 1
319 3 2 6 2 3 9 8 7 2 5
272 3 2 9 3 9 3 5 1 7 3
338 8 3 7 6 3 5 7 3 9 7
281 5 5 4 8 3 2 5 2 4 9
339 1 3 8 7 6 9 8 4 2 7
374 6 8 7 2 9 1 6 7 4 9
282 2 3 4 8 5 3 9 3 5 8
310 2 6 5 6 4 3 4 6 8 9
258 3 5 3 3 6 7 6 5 6 2
249 9 1 5 7 3 2 6 4 7 1
286 3 9 8 4 2 7 3 3 9 3
364 9 3 9 7 4 4 5 1 1 8
267 7 5 3 7 7 4 2 1 5 5
246 4 3 4 9 5 6 3 2 5 4
15
306 2 4 5 6 1 8 9 3 7 7
307 9 6 2 9 9 2 7 7 1 1
357 9 7 5 4 8 6 4 2 1 7
258 9 1 1 6 2 1 6 4 3 5
314 3 4 7 3 5 9 9 1 7 5
321 4 5 3 5 4 9 9 7 4 5
310 8 1 8 8 1 2 6 8 9 2
411 9 3 6 5 8 8 4 8 6 9
348 9 1 2 3 7 9 5 2 6 9
339 4 8 8 1 2 6 4 5 6 8
250 6 7 4 7 4 4 4 1 5 4
350 7 3 7 5 6 7 9 3 5 4
353 5 9 4 4 9 7 8 8 2 4
371 7 5 7 6 6 1 5 6 8 9
324 9 3 5 9 3 5 4 6 4 6
15
427 6 5 9 9 4 9 7 8 5 9
178 2 2 1 3 5 1 4 3 9 6
262 3 2 3 6 9 5 1 5 6 8
271 1 7 7 1 3 2 5 9 1 6
317 2 6 5 6 5 8 3 8 5 7
308 6 3 4 9 2 5 4 1 7 9
236 2 3 5 4 1 6 6 4 3 3
308 7 5 5 3 4 2 1 9 9 7
253 3 5 4 2 1 4 5 3 1 9
281 7 8 3 9 2 8 3 4 9 2
349 7 7 9 1 6 7 6 4 6 5
335 2 6 8 9 1 9 8 3 8 4
289 4 1 8 7 4 2 4 6 1 5
193 1 7 2 4 9 2 1 8 7 1
271 7 1 5 9 5 3 7 7 2 1
15
271 6 6 4 6 6 1 3 7 8 3
272 4 8 2 1 9 7 4 5 7 3
356 9 7 7 8 4 7 5 2 6 4
285 9 9 4 3 1 5 4 2 7 4
288 3 8 3 3 4 8 2 4 8 8
296 5 3 4 1 9 2 7 6 6 7
256 1 6 7 5 3 1 5 1 2 9
341 3 8 5 9 3 6 5 9 5 9
301 4 5 2 1 7 4 9 9 9 6
252 6 4 2 1 6 6 7 7 6 1
355 8 8 5 8 5 1 5 8 1 8
266 1 3 6 2 2 4 8 2 5 9
288 3 8 5 3 3 4 7 2 6 7
301 4 2 8 5 6 3 9 2 6 5
343 5 9 2 9 6 6 9 4 4 7
15
359 7 4 9 7 1 1 7 7 1 7
326 3 5 5 8 8 5 9 5 9 4
262 5 3 5 7 3 9 4 4 6 2
391 7 1 6 9 3 9 9 2 9 9
278 6 5 4 5 8 9 3 1 7 4
272 6 4 2 6 9 1 6 4 4 4
196 1 7 2 4 9 5 6 1 1 1
307 2 6 5 1 3 9 7 5 8 6
267 3 6 9 6 2 5 3 1 8 5
247 4 1 2 1 3 7 6 4 9 5
192 2 5 6 5 3 2 3 4 5 1
346 5 9 6 1 6 6 7 7 7 4
335 7 8 6 6 3 6 1 8 8 7
257 5 8 3 5 5 1 5 4 3 6
290 8 2 2 3 8 7 2 4 1 6
15
311 3 8 4 9 2 9 4 3 5 6
254 3 4 7 4 1 3 4 3 9 6
329 2 2 7 8 2 8 8 5 8 8
245 7 1 2 8 9 7 3 1 7 1
280 9 9 4 3 1 6 2 5 6 2
325 6 1 6 3 9 4 1 8 7 8
262 4 1 1 7 4 7 6 9 7 4
307 4 7 6 8 7 2 5 8 5 3
342 6 3 9 4 3 5 2 3 6 9
316 9 7 1 4 6 7 6 8 4 4
317 8 8 8 1 8 2 3 9 7 1
324 8 8 4 6 6 6 8 2 6 2
305 6 3 5 4 4 6 6 3 4 7
241 3 3 1 6 5 7 4 3 4 7
258 2 3 6 2 8 6 5 9 1 1
15
331 3 7 6 8 5 1 9 7 5 8
297 3 6 7 8 6 5 9 4 1 2
194 3 6 2 2 9 2 6 1 9 1
278 1 6 5 1 1 7 1 6 5 9
278 5 6 6 7 4 1 1 2 3 8
319 7 8 5 6 3 5 8 5 5 4
294 4 3 3 7 3 7 3 8 7 7
267 1 2 8 5 7 7 1 6 4 5
259 1 6 5 8 9 2 5 7 7 1
296 5 6 7 1 8 7 3 8 4 1
218 5 3 4 1 5 1 5 4 1 2
330 4 2 7 9 9 6 2 5 8 8
283 1 3 9 5 7 3 5 9 7 2
402 9 8 6 4 9 9 5 7 8 5
208 8 3 3 2 9 2 1 2 7 1
15
366 2 5 9 4 3 6 5 9 9 9
361 1 7 8 7 3 8 7 7 5 9
290 5 2 3 4 6 5 4 5 9 7
241 1 9 4 2 3 7 4 8 5 3
335 7 8 2 2 3 4 8 9 7 8
364 8 9 4 1 4 2 7 8 5 9
300 9 1 1 7 1 9 4 8 4 5
393 9 6 9 9 7 9 3 2 4 5
318 4 3 5 2 4 9 2 9 5 9
280 5 3 9 7 1 6 2 3 8 3
259 3 2 5 5 1 3 4 3 9 8
292 7 7 1 3 6 3 7 9 7 3
377 9 6 9 2 3 4 5 6 9 7
297 5 1 4 3 5 7 2 9 1 9
329 4 6 2 9 9 2 9 6 7 8
15
288 3 8 3 8 9 4 2 8 2 7
279 9 8 7 1 3 3 4 1 4 3
369 9 1 9 4 5 4 6 6 5 8
266 1 4 7 3 5 6 2 5 8 7
375 9 4 7 6 3 7 9 2 5 7
237 3 5 3 8 5 3 3 1 3 7
222 1 8 6 2 2 2 3 5 6 3
216 8 4 4 4 2 2 5 3 2 1
287 6 6 6 1 7 1 6 2 9 4
249 8 5 3 3 1 1 7 9 5 1
349 3 2 9 5 8 5 7 6 5 8
306 8 8 5 2 4 4 4 6 8 4
253 1 6 3 6 4 4 9 4 8 4
249 2 2 6 2 3 3 5 4 5 8
304 4 4 7 3 4 4 2 7 7 8
15
292 3 8 3 1 7 9 7 1 8 7
304 1 7 9 8 2 2 6 2 5 7
227 1 7 5 3 2 7 5 1 9 2
266 1 6 5 3 6 4 8 8 2 3
250 2 3 5 5 4 1 8 4 6 6
311 3 6 4 4 7 3 3 9 5 9
314 4 5 4 8 2 9 2 6 5 8
256 1 1 6 3 7 3 2 6 6 9
337 8 2 8 2 8 5 7 1 1 5
402 9 6 3 7 7 7 9 8 9 6
347 3 9 9 7 7 2 6 4 5 7
292 4 4 8 9 2 2 3 1 1 8
208 2 7 2 4 6 1 4 2 3 7
315 6 3 5 2 8 4 8 8 4 3
186 2 4 1 1 3 2 8 7 2 1
15
323 2 9 4 2 3 9 7 5 5 7
259 5 9 2 6 4 6 3 5 2 4
321 3 8 5 8 6 4 3 7 8 9
270 6 8 6 4 1 4 3 7 9 1
308 8 2 9 2 1 5 6 5 8 2
353 8 3 6 5 9 8 4 1 5 9
326 7 6 7 2 3 5 7 2 8 5
314 5 1 4 5 1 9 3 7 7 8
288 7 9 2 9 7 2 8 2 9 4
277 3 6 4 4 8 8 1 1 9 8
376 6 8 6 8 9 9 4 8 9 4
282 6 8 3 7 2 8 4 1 1 4
379 6 5 6 9 8 9 7 9 3 4
307 7 6 7 2 8 4 8 3 2 1
375 6 6 8 5 8 5 6 5 4 8
