100 10
500 500 500 500 500 500 500 500 500 500
10
307 4 7 2 8 4 2 9 6 7 9
294 6 6 5 6 1 7 6 1 9 5
343 4 2 4 8 7 9 5 9 9 2
287 4 1 8 1 8 8 4 7 7 7
259 4 1 3 1 8 3 9 8 5 9
189 5 5 6 1 1 4 3 1 3 9
332 9 1 5 8 4 3 9 5 8 9
321 5 8 2 6 6 7 9 9 2 6
323 5 8 7 6 5 6 6 3 5 3
388 1 9 2 9 8 4 8 9 9 6
10
199 6 6 1 7 1 1 3 6 1 1
317 7 1 1 4 9 6 7 9 8 8
353 6 9 9 5 2 8 4 8 7 4
221 2 1 5 2 5 6 6 1 4 7
252 6 8 6 3 4 3 2 1 7 3
254 3 3 5 4 6 7 3 8 2 1
231 8 6 2 2 2 2 4 7 6 5
215 4 2 2 8 2 4 2 1 3 5
346 3 7 5 7 8 3 9 7 4 9
252 2 3 4 6 5 2 8 5 8 2
10
347 8 4 2 9 6 9 2 9 9 1
256 3 1 6 8 6 2 8 1 4 8
208 6 2 4 3 3 3 6 7 2 2
287 1 5 6 8 1 9 2 8 6 1
295 2 3 7 9 8 4 1 1 9 2
268 1 2 2 6 3 7 3 6 8 6
352 9 9 9 3 4 6 6 5 8 8
327 1 7 7 7 2 5 8 4 9 5
285 8 7 2 8 1 7 7 3 5 3
354 9 4 7 6 7 6 2 7 9 6
10
261 2 8 1 5 4 3 7 9 4 6
334 8 5 5 7 6 6 9 1 9 9
214 2 7 3 2 5 3 1 7 4 5
221 5 1 1 1 6 8 5 3 6 4
360 9 8 9 3 9 6 5 7 7 2
281 8 4 1 8 3 9 5 2 6 4
292 8 6 5 6 7 2 1 2 7 8
232 1 6 1 6 1 4 2 3 8 2
329 6 9 8 8 2 3 1 5 7 4
304 6 7 7 9 1 8 8 1 5 3
10
295 6 5 2 7 4 7 2 2 7 8
320 4 7 9 6 1 5 8 9 2 5
203 2 3 5 4 7 2 7 1 2 2
245 5 7 3 4 7 4 4 3 2 8
231 5 5 7 1 9 2 6 2 6 1
194 3 3 1 5 2 2 1 9 3 2
237 9 8 3 1 3 6 1 2 4 7
259 9 2 9 7 2 2 9 5 1 5
283 7 1 9 8 3 2 5 6 6 3
278 6 6 7 3 6 3 7 9 1 4
10
369 7 8 9 6 9 3 9 9 7 3
324 8 7 2 6 7 2 4 7 7 7
326 5 6 7 1 9 6 2 7 8 8
331 4 8 5 4 9 6 6 7 3 6
324 1 8 9 5 1 7 8 8 7 1
279 1 5 7 5 7 4 5 6 4 6
318 4 9 3 6 3 6 9 6 3 9
294 5 2 7 4 4 8 4 7 5 5
263 1 9 7 2 7 1 5 1 7 6
288 1 6 3 8 3 5 6 9 3 6
10
363 2 1 7 9 8 2 7 8 9 9
296 8 8 1 7 2 3 7 8 3 9
276 8 9 3 5 1 9 3 4 5 4
220 7 2 1 3 3 5 4 8 6 5
280 2 2 9 7 6 9 1 2 1 4
211 6 4 3 2 5 1 9 1 7 7
297 4 8 4 4 4 6 6 7 6 5
245 5 3 6 4 5 7 2 6 3 2
232 2 2 3 1 8 3 9 6 7 2
307 9 8 3 5 6 2 9 6 6 3
10
270 3 2 9 2 2 8 5 9 7 4
353 1 1 2 9 7 8 9 5 8 9
272 5 4 6 3 9 4 8 6 5 3
306 8 8 7 4 5 4 9 6 8 1
175 3 1 1 5 4 2 5 3 2 6
269 2 3 3 8 5 2 4 2 9 8
348 5 9 8 8 4 1 7 8 7 6
293 9 1 5 7 3 2 9 8 9 2
228 4 3 2 7 8 1 1 3 3 2
309 4 6 5 8 6 4 6 2 7 3
10
263 9 1 9 3 5 9 7 6 1 2
271 8 3 9 2 3 8 8 3 7 3
310 8 3 2 8 3 6 4 6 8 7
289 3 5 1 7 9 7 8 2 4 4
261 1 6 9 4 2 4 7 2 3 7
278 5 3 9 4 3 8 7 1 5 6
284 5 2 8 5 1 6 6 9 6 1
358 6 8 9 7 8 8 2 8 2 6
302 6 8 7 1 3 8 9 8 4 4
207 3 9 4 3 1 6 1 3 2 2
10
192 3 3 4 4 4 2 5 2 3 7
303 5 7 2 7 4 7 8 8 3 6
232 7 3 3 5 4 4 2 8 2 4
273 3 9 9 1 6 4 2 7 2 8
295 5 2 9 3 6 3 6 6 5 9
260 2 5 3 2 5 5 7 2 8 6
278 2 4 1 8 6 9 5 4 4 4
285 3 9 5 3 4 1 8 1 8 8
224 6 3 7 1 3 7 4 3 5 4
216 9 9 1 1 2 1 5 6 1 9
10
332 6 7 1 6 7 7 4 9 7 3
359 1 8 5 3 9 6 7 9 8 5
254 1 3 5 4 7 7 4 6 3 3
252 6 3 8 2 6 5 3 2 5 8
276 8 8 2 8 4 1 4 8 6 1
359 3 6 9 7 6 8 2 6 7 8
311 8 5 8 5 4 1 7 6 8 9
331 9 6 6 5 1 8 9 1 9 8
340 3 4 4 8 6 6 4 6 9 5
308 5 9 2 8 6 7 2 6 2 5
10
215 1 2 2 2 2 8 3 8 2 9
368 8 6 6 9 8 2 8 2 9 6
177 3 7 3 3 2 1 2 1 4 2
308 7 7 6 2 9 2 5 5 7 8
307 7 5 7 4 7 2 9 9 3 5
275 3 3 2 5 1 9 4 9 8 6
302 7 7 8 5 3 3 3 9 6 3
237 3 1 4 5 3 4 6 8 4 5
214 1 1 8 3 4 3 3 3 6 4
303 2 7 1 8 3 5 6 5 9 3
10
234 5 4 1 4 4 4 6 2 5 6
317 9 4 6 7 4 8 6 6 2 9
231 5 7 2 6 6 6 5 2 1 2
295 6 1 7 9 8 6 6 3 4 2
339 9 9 5 9 1 5 4 4 8 9
323 4 5 7 9 9 3 2 6 4 4
228 1 3 7 4 3 1 4 7 1 6
275 9 8 1 7 7 2 9 2 2 5
299 8 2 7 9 5 2 2 9 4 1
358 3 7 8 7 8 2 9 9 7 6
10
269 5 3 7 4 2 5 7 9 2 7
335 5 6 7 4 9 6 7 6 9 3
293 6 5 6 4 7 2 8 8 5 6
299 1 9 2 7 3 8 8 7 6 1
311 9 3 7 8 4 9 2 4 7 1
248 4 4 1 3 7 9 7 3 7 1
284 5 7 1 5 9 2 5 4 6 8
257 5 4 3 4 2 8 7 4 7 2
279 2 3 3 8 9 2 2 9 4 2
252 2 2 1 6 9 1 5 8 2 6
10
215 6 6 5 1 1 3 6 5 6 2
287 4 1 9 5 5 2 4 3 8 9
115 1 2 2 1 4 2 5 1 3 1
280 6 8 5 1 8 6 8 6 2 2
256 4 7 4 2 2 4 7 7 7 1
269 8 3 8 4 1 4 1 4 6 9
255 1 5 1 7 4 2 9 3 9 2
224 6 1 5 1 9 1 9 2 6 8
304 3 4 3 9 6 7 1 5 7 3
238 5 3 3 7 5 8 1 2 3 3
10
304 7 8 4 1 6 9 6 6 4 6
200 7 8 2 2 2 2 6 1 2 5
256 1 6 9 4 1 4 5 5 6 3
264 6 8 1 4 7 5 3 6 3 2
362 3 3 3 8 9 8 6 7 9 7
267 6 6 6 2 9 8 1 7 1 4
266 8 2 5 3 4 9 8 3 6 3
225 9 4 3 6 6 1 5 1 2 4
298 2 4 1 6 4 8 6 6 5 9
238 7 2 8 7 5 2 1 2 4 3
10
250 3 9 5 7 1 3 8 4 2 4
298 4 6 1 7 7 7 7 4 6 2
268 7 1 5 9 4 6 6 3 2 2
314 9 8 5 4 4 8 2 2 7 6
190 9 4 1 1 6 1 5 5 1 9
318 9 5 8 6 1 3 9 9 6 2
215 1 2 1 3 4 9 3 2 6 4
303 4 7 9 7 4 2 6 9 2 5
302 2 6 4 5 6 8 7 9 1 9
258 3 2 7 5 3 1 8 9 4 7
10
299 8 9 1 5 7 6 2 6 8 2
224 9 7 1 2 5 9 4 1 4 1
270 6 9 1 5 6 4 2 3 3 7
311 2 6 8 2 6 8 2 5 6 8
331 1 9 7 9 4 6 2 1 7 3
308 5 5 7 4 5 8 3 5 8 3
281 6 1 9 4 3 2 4 5 9 9
212 8 4 2 3 6 2 6 6 1 5
320 2 6 9 5 4 9 6 8 4 2
253 3 4 4 2 8 6 3 6 3 3
10
295 8 8 2 1 7 7 2 5 8 9
240 2 3 3 7 1 6 4 5 5 4
225 4 2 6 1 2 2 4 7 8 8
285 7 6 5 5 8 2 7 6 2 9
357 2 6 8 1 9 7 8 9 5 9
202 2 5 7 1 3 4 1 4 4 3
351 9 6 3 7 8 8 9 8 4 1
209 8 5 5 3 1 3 3 1 6 3
171 6 2 1 4 5 2 2 1 3 4
297 9 6 7 2 6 6 3 8 7 2
10
314 3 6 2 8 4 6 1 9 4 8
264 1 9 8 2 6 6 1 2 4 4
265 4 9 2 9 1 3 7 4 2 1
237 1 1 7 6 5 3 7 3 2 3
263 4 8 9 3 2 5 1 4 4 3
262 8 2 2 2 6 8 6 9 1 6
266 9 6 3 3 8 8 6 3 1 1
256 3 2 2 5 4 5 7 6 7 4
326 4 2 5 9 3 9 9 5 4 8
199 3 4 5 2 6 2 2 3 3 2
10
341 2 7 7 5 9 6 6 2 9 7
296 9 9 3 8 6 1 6 5 5 3
301 3 7 8 7 6 7 2 4 2 1
278 9 1 2 7 1 7 2 4 7 9
287 8 9 6 8 1 1 5 3 5 7
245 1 2 4 6 3 6 4 7 2 7
230 3 7 1 2 2 4 7 7 2 9
298 4 6 1 8 9 1 4 5 9 4
306 4 5 8 2 8 2 8 8 8 1
236 9 3 9 7 1 2 6 5 2 1
10
287 8 6 7 1 5 3 9 9 3 8
278 1 5 7 2 7 4 5 2 9 8
242 8 1 1 2 5 9 7 1 8 3
235 1 1 7 6 1 2 7 2 7 5
246 6 1 4 4 6 8 3 7 2 2
331 6 3 4 9 7 2 4 6 9 5
295 6 6 4 3 7 4 6 6 7 8
244 7 2 8 1 2 3 5 8 2 9
297 9 4 2 6 3 9 2 6 7 4
226 8 8 5 4 3 4 1 2 2 1
10
328 6 3 4 7 9 7 6 7 7 2
258 4 6 1 8 1 8 3 6 2 7
244 2 8 4 3 3 1 8 8 4 4
239 8 5 3 6 6 2 6 4 4 1
306 1 5 5 5 8 1 9 8 8 3
289 4 7 3 2 1 9 5 9 6 9
334 4 9 4 8 8 3 1 3 7 8
312 8 1 9 7 8 4 4 2 4 9
216 5 1 6 2 4 1 7 5 5 8
322 4 8 4 6 9 2 7 2 9 9
10
289 8 2 7 1 8 2 5 9 7 7
167 2 2 1 4 3 2 3 5 5 2
322 2 9 3 8 7 3 8 7 3 5
260 4 3 6 2 4 4 9 8 4 8
339 5 7 6 3 4 8 6 8 8 5
263 4 1 6 1 7 8 8 6 5 6
336 1 9 6 4 3 7 6 7 7 7
267 3 4 3 6 7 4 1 7 5 2
248 1 6 6 7 6 1 9 2 3 2
265 4 9 5 3 5 1 3 2 8 7
10
231 5 8 3 6 1 2 3 9 1 5
320 4 9 8 4 9 9 1 1 7 1
332 9 7 2 4 8 9 5 4 9 6
253 3 2 7 3 6 2 2 9 9 2
293 7 7 5 4 6 2 1 7 6 6
276 1 4 8 4 8 2 6 3 8 3
319 8 8 9 6 7 2 9 7 3 3
294 4 7 6 9 1 5 2 2 3 8
250 5 5 5 1 6 6 3 9 2 4
336 3 7 5 4 7 9 5 7 3 9
10
206 6 1 2 2 1 7 8 6 6 3
235 4 2 3 3 1 6 8 4 5 7
286 9 6 8 4 2 5 5 5 8 3
269 6 6 2 3 9 1 6 9 6 5
307 3 1 9 9 6 7 2 3 1 7
302 4 7 3 4 7 6 6 4 5 7
237 7 3 1 1 4 5 4 8 8 4
204 2 1 4 5 6 7 3 2 2 3
286 4 1 3 7 2 7 6 6 9 4
293 6 3 3 3 9 8 2 8 4 7
10
357 9 6 7 6 5 7 9 7 6 7
247 7 6 6 6 8 1 4 3 2 3
153 7 2 2 3 2 1 4 3 3 3
295 5 2 9 7 4 7 3 2 9 4
294 9 1 7 5 7 5 5 9 2 5
320 9 3 7 9 1 7 6 3 4 8
270 3 4 8 2 9 7 5 2 1 5
296 9 8 2 9 4 1 2 8 3 4
331 5 5 5 7 3 8 8 3 7 8
379 7 8 9 4 5 8 8 9 6 6
10
310 6 7 4 3 7 3 2 8 7 9
233 6 9 4 1 2 3 6 9 1 4
243 1 5 2 7 2 3 8 2 6 2
242 3 8 3 6 1 5 9 2 3 2
219 1 5 2 9 3 1 1 7 1 6
324 4 5 7 6 1 4 2 8 9 8
271 9 1 2 7 2 3 6 9 9 1
271 3 4 8 2 9 6 4 7 3 2
245 8 6 1 7 3 2 1 5 7 1
292 8 8 5 3 1 7 7 5 6 8
10
202 5 7 2 3 2 3 4 5 1 5
245 8 1 2 6 5 7 4 4 4 5
289 2 8 1 6 5 3 9 8 6 3
295 1 4 1 8 6 8 3 9 5 2
322 4 6 7 7 3 6 5 8 5 3
261 1 6 6 8 1 4 2 1 8 4
252 1 4 9 4 2 4 3 6 3 7
219 2 2 2 7 1 3 5 6 5 4
238 1 2 7 3 9 1 7 1 9 2
301 4 1 9 6 2 7 7 8 3 7
10
304 6 2 2 9 8 6 5 8 5 2
304 8 7 1 7 9 2 3 8 8 2
154 5 6 5 1 2 2 1 1 1 4
282 8 4 6 8 3 2 4 6 3 7
354 6 1 8 8 8 9 6 5 7 1
307 8 5 8 4 7 3 7 9 1 8
194 2 6 2 3 1 5 1 4 2 6
297 3 1 5 6 7 9 4 4 8 3
323 2 6 6 6 6 8 7 2 8 1
289 1 3 6 8 7 5 2 2 6 5
10
369 7 3 5 8 9 5 9 8 5 9
192 1 1 7 1 7 1 8 6 1 1
239 3 4 7 3 5 5 9 2 2 6
228 3 3 3 2 8 8 5 3 3 1
304 9 4 5 4 5 8 9 3 4 9
402 2 8 9 7 5 6 9 9 9 9
240 1 2 5 4 4 5 9 7 5 1
237 5 8 3 2 2 1 7 5 7 8
337 1 4 9 7 6 3 8 4 8 7
289 5 1 4 4 5 7 9 9 6 1
10
319 6 8 2 5 6 6 6 9 7 1
320 2 9 3 6 9 9 5 2 7 3
234 1 8 6 4 2 5 3 6 1 1
235 3 3 1 5 8 5 5 2 7 1
345 9 8 3 9 5 6 3 6 2 9
206 9 6 1 4 1 3 6 1 5 7
314 4 6 9 6 8 3 5 4 1 8
302 5 8 1 5 6 7 5 7 5 4
277 3 6 7 8 1 2 6 3 1 9
226 7 6 7 2 2 2 7 3 5 6
10
266 9 3 3 3 3 9 2 7 8 4
254 2 6 1 8 1 8 2 2 1 8
278 3 4 9 4 5 5 9 2 9 1
273 6 1 4 8 3 9 1 4 8 3
229 6 6 2 4 7 7 1 3 1 3
275 9 6 3 4 3 8 8 7 1 8
280 9 3 8 2 6 7 6 4 9 1
268 7 3 9 7 4 7 6 3 2 1
280 3 3 7 8 1 2 5 5 7 6
251 7 9 1 3 2 6 6 5 5 2
10
273 7 3 4 6 8 3 5 4 6 2
298 3 6 9 2 4 8 9 2 9 2
267 5 4 9 4 4 1 7 4 6 2
354 8 8 6 7 5 6 2 4 7 9
199 5 1 3 3 8 3 9 3 3 1
315 7 3 5 9 6 7 4 4 8 2
297 5 9 6 4 9 1 2 7 4 7
180 9 3 2 1 6 3 4 8 1 1
268 4 3 6 4 7 6 2 7 3 8
209 5 6 1 4 3 4 7 7 2 2
10
338 4 7 9 7 9 4 7 9 1 5
289 3 6 7 3 3 8 8 8 7 1
247 5 1 3 4 3 9 1 6 2 8
308 6 9 6 2 9 9 2 6 3 6
244 5 2 4 1 4 8 8 2 7 7
316 9 9 7 3 5 7 2 7 4 4
294 2 6 8 4 9 1 7 9 2 6
269 3 9 4 6 2 7 1 9 1 2
248 3 4 1 3 3 2 6 8 9 5
242 4 3 6 7 2 5 5 4 1 6
10
239 7 9 5 4 7 1 1 2 5 3
226 3 1 5 5 9 3 2 3 4 5
375 3 4 9 6 7 9 8 2 8 8
281 1 6 5 7 2 6 6 4 6 3
331 5 6 1 5 7 8 5 7 6 8
347 6 9 8 7 1 8 8 4 5 6
332 1 7 8 4 6 7 2 8 5 7
232 4 7 1 3 5 1 4 6 4 7
381 6 7 8 8 6 6 9 5 6 6
312 6 7 3 6 1 8 8 8 6 3
10
239 9 3 5 4 4 1 4 7 2 9
302 7 5 9 8 4 1 5 2 6 7
302 3 9 4 8 5 9 2 5 4 1
239 7 3 8 3 4 2 8 1 5 2
218 9 6 1 4 5 1 3 4 8 1
294 2 7 2 6 7 2 9 2 5 9
297 5 8 4 3 5 9 6 6 4 6
260 9 1 9 4 6 2 7 2 5 8
240 2 4 4 3 9 1 6 8 1 5
255 3 4 8 2 3 9 7 4 1 5
10
294 9 2 7 2 4 5 9 9 3 8
307 7 6 5 3 9 7 9 1 5 6
319 8 5 9 9 9 2 3 2 3 2
281 7 8 5 9 1 2 2 4 7 5
349 8 6 9 2 8 7 5 7 5 7
216 7 3 5 5 6 2 2 7 1 1
259 7 1 5 5 7 7 5 6 1 2
215 5 1 3 6 3 1 6 2 5 4
258 9 4 8 1 7 2 1 5 6 5
289 9 4 2 8 2 7 6 2 4 9
10
238 6 2 4 2 9 6 2 4 7 1
266 8 8 2 3 6 5 8 1 8 4
318 6 4 5 9 8 5 5 2 5 6
256 1 8 4 3 8 2 7 1 6 2
259 6 7 5 1 6 3 7 5 1 9
245 8 7 8 6 1 1 4 6 1 6
225 7 5 1 2 7 4 6 3 3 3
311 6 6 1 7 7 3 7 9 6 4
254 6 4 3 7 4 3 8 1 2 9
287 3 9 8 7 1 7 4 2 4 5
10
289 1 5 4 3 7 4 2 9 8 8
247 7 8 6 1 1 2 5 9 8 1
273 5 4 9 4 8 3 9 1 3 1
255 8 1 1 9 2 2 8 3 4 9
141 4 2 3 2 1 2 1 3 3 4
281 8 4 1 8 7 3 3 2 6 5
286 2 9 4 6 8 4 2 2 6 5
210 9 5 4 4 3 2 5 1 4 2
239 6 1 7 5 7 6 2 5 1 1
247 1 8 1 8 6 2 2 3 2 4
10
292 3 1 1 8 7 8 3 5 9 3
208 1 8 3 2 7 3 9 1 1 3
262 1 9 8 2 2 9 8 2 3 1
369 4 3 7 9 9 6 6 7 8 5
268 3 9 3 5 7 4 7 1 5 3
226 1 8 5 8 2 2 1 1 2 3
280 9 9 4 1 8 8 2 1 5 7
264 3 4 8 2 3 6 8 1 7 9
262 4 6 2 6 9 2 2 1 7 5
344 7 7 4 7 6 6 8 7 5 3
10
218 6 3 7 3 6 3 1 4 2 4
263 4 2 7 9 3 1 3 7 1 6
241 8 1 3 3 8 2 9 3 6 6
277 6 4 9 1 2 5 5 5 6 9
241 8 7 5 1 7 3 4 5 4 2
220 8 5 4 1 6 6 1 7 1 6
348 1 7 5 9 8 5 5 4 9 3
301 6 9 8 9 3 3 1 5 1 5
259 5 5 7 2 1 9 1 4 7 5
275 6 9 2 5 8 7 2 1 2 4
10
285 7 2 7 5 6 4 6 4 8 1
215 8 1 4 2 3 7 9 7 3 2
274 7 3 1 2 5 9 3 8 8 6
213 8 3 4 1 6 4 6 4 3 5
337 8 4 7 1 9 8 9 6 7 6
257 3 9 5 1 6 3 8 2 3 6
353 7 5 6 8 3 8 9 7 5 4
305 7 8 3 4 2 9 6 8 6 1
248 1 2 5 2 3 6 8 8 3 7
293 4 4 8 7 2 8 8 5 3 3
10
238 8 2 3 3 7 5 4 6 2 5
308 7 9 8 5 3 3 6 9 4 4
160 1 3 3 2 4 6 1 1 2 1
268 7 2 5 8 7 1 7 5 3 3
226 3 6 6 1 6 2 7 3 4 7
370 6 3 7 9 9 7 6 6 7 3
310 9 4 4 8 3 8 7 1 7 7
265 8 4 3 6 6 6 2 5 4 4
167 5 4 1 6 3 2 2 2 3 1
390 8 3 8 8 8 4 6 8 8 9
10
312 2 9 9 4 2 2 2 9 8 6
295 7 9 9 5 5 6 4 3 2 5
244 6 5 8 1 4 5 7 4 1 7
171 1 4 1 4 4 2 3 3 1 4
210 3 4 1 3 4 3 4 5 5 7
379 5 9 9 9 5 5 3 4 7 6
328 4 9 5 7 4 4 4 6 9 5
291 5 2 1 9 8 4 7 2 7 4
312 5 8 6 1 7 7 7 8 8 1
338 2 8 9 6 1 9 7 5 6 6
10
304 7 1 9 7 5 8 7 6 1 6
278 5 9 2 8 5 4 8 4 1 1
278 1 2 9 7 6 3 1 3 6 4
274 7 4 1 8 5 8 5 4 1 6
339 7 6 3 9 9 4 6 7 3 8
192 1 8 3 4 4 3 2 1 1 5
311 2 8 6 7 1 8 5 5 1 8
352 3 7 7 8 9 7 4 9 1 4
278 2 4 2 6 7 2 1 8 6 6
275 3 8 9 4 2 6 3 1 9 1
10
303 6 6 7 6 4 5 3 8 5 2
228 6 3 7 5 2 1 5 3 2 8
292 7 3 5 4 8 7 9 2 2 9
229 5 2 6 2 2 8 3 3 6 1
307 7 8 8 2 8 2 1 6 7 9
217 3 3 5 1 9 2 2 1 9 4
260 4 3 6 6 2 6 1 6 2 7
298 5 3 8 8 7 1 8 2 7 6
225 7 4 1 3 6 3 3 6 6 6
343 8 6 4 8 9 5 5 6 6 2
10
279 6 9 2 7 4 6 8 2 2 5
276 8 7 5 1 7 1 9 4 7 6
289 2 8 3 6 8 4 9 6 1 1
335 4 4 8 6 9 6 7 4 8 3
308 3 4 7 4 4 9 9 7 4 3
323 2 4 4 9 9 1 5 9 6 3
288 7 5 6 7 8 9 5 1 3 1
280 4 6 7 3 7 6 5 5 5 3
313 4 8 1 4 9 5 8 2 7 8
247 3 2 4 2 7 4 4 7 8 2
10
287 5 4 6 7 2 8 4 9 4 1
246 1 6 1 6 1 2 5 8 4 9
281 4 6 7 6 3 2 5 8 6 3
302 2 8 7 7 2 6 8 6 1 4
270 5 7 3 6 1 3 4 9 7 2
250 7 8 3 1 8 6 9 2 1 2
255 5 2 6 8 2 8 8 1 1 7
302 8 5 8 8 3 2 7 8 4 4
269 7 3 8 7 8 2 2 1 6 3
302 4 2 4 9 1 7 9 6 6 7
10
300 7 3 6 6 5 3 4 6 7 5
346 6 9 7 5 3 6 6 1 9 9
306 5 5 7 1 8 6 1 8 7 5
307 6 3 7 7 9 8 7 2 1 6
240 8 3 5 4 1 4 7 7 3 4
219 4 1 5 3 2 7 8 2 4 2
315 4 8 5 7 8 8 8 1 1 7
204 8 5 1 1 1 8 8 5 1 8
221 5 7 1 4 3 4 7 5 2 3
311 4 8 3 2 8 7 7 6 6 9
10
383 6 8 4 9 7 6 4 8 9 3
181 5 8 2 1 4 1 1 2 7 1
336 4 9 7 8 5 7 5 7 1 2
291 4 4 8 6 1 5 4 5 7 6
402 8 9 7 8 7 7 5 8 8 4
294 5 2 4 6 6 9 2 3 7 3
267 2 4 5 4 8 3 2 6 6 2
265 9 2 7 2 9 4 2 2 6 8
312 9 9 5 8 5 6 2 1 2 5
242 5 6 1 2 7 9 3 3 3 7
10
300 7 9 5 9 1 7 2 4 3 4
279 7 5 4 7 1 5 4 3 8 3
401 5 7 7 9 6 8 6 9 7 2
287 9 8 7 2 4 3 6 6 3 9
315 8 8 1 7 2 4 7 9 7 9
279 5 3 2 3 4 9 9 4 7 5
296 9 8 4 2 5 8 6 7 4 6
343 3 5 9 6 2 7 8 9 6 6
285 1 3 7 9 6 6 6 1 2 7
313 6 5 7 6 4 3 2 5 9 8
10
303 7 1 6 9 3 6 4 2 7 9
231 2 4 8 1 5 1 2 3 9 8
353 7 8 4 5 3 6 9 7 9 7
169 2 1 1 3 9 1 1 6 3 3
263 3 4 6 6 8 2 4 3 1 6
375 2 9 5 9 2 8 8 8 5 6
274 6 6 5 5 8 1 5 5 1 9
316 4 9 9 2 5 7 8 4 5 7
276 9 6 5 3 3 3 8 8 9 1
245 2 7 3 4 2 9 7 7 1 3
10
314 8 3 9 6 6 7 5 5 2 5
223 9 8 6 1 1 4 2 1 5 4
293 5 6 9 9 6 3 9 4 1 1
349 4 1 9 5 9 9 8 4 4 9
251 6 7 2 4 4 4 6 5 8 2
363 6 8 8 7 8 5 2 9 3 7
221 4 5 6 3 2 1 7 2 3 8
301 4 3 5 9 5 3 1 9 4 4
288 6 7 4 8 1 2 6 6 8 2
276 2 6 6 6 1 4 1 8 6 6
10
367 3 6 1 9 7 8 9 8 7 8
330 9 4 1 7 9 7 5 3 7 9
334 8 9 8 6 9 3 7 9 1 4
154 3 3 5 1 2 2 1 5 1 6
253 6 6 6 5 8 1 2 6 3 1
230 8 6 3 2 9 4 1 6 1 2
301 9 3 1 7 6 4 9 9 4 6
189 4 7 8 1 1 6 6 1 1 2
333 9 5 8 9 4 3 6 1 7 5
262 3 1 7 6 5 3 6 7 4 5
10
275 6 8 1 8 8 3 3 7 2 3
284 1 1 5 7 3 8 3 6 8 5
330 1 6 6 7 2 9 9 5 7 1
328 6 8 7 6 8 7 2 5 1 8
235 2 9 3 6 2 1 5 4 5 2
217 7 7 4 3 1 2 4 4 6 3
369 1 5 9 9 3 6 8 9 6 8
333 7 8 9 6 7 1 2 4 4 9
328 2 5 9 8 3 7 6 7 6 3
327 6 6 8 8 7 4 3 1 8 6
10
226 4 5 4 8 4 1 2 3 4 1
282 1 7 3 5 9 3 9 6 3 2
357 9 4 7 7 8 9 7 8 1 7
278 1 6 8 4 1 8 5 9 3 5
281 5 7 7 1 2 4 3 4 9 9
304 1 8 4 9 6 5 5 1 4 3
320 3 3 8 9 3 1 9 4 9 5
285 4 4 3 6 6 7 2 8 5 4
259 9 5 3 6 2 6 3 5 4 7
328 9 9 8 7 6 7 4 5 1 1
10
287 1 4 4 6 9 3 6 7 6 2
222 7 7 6 4 1 3 4 2 2 7
333 3 9 1 7 6 3 9 7 9 7
279 4 6 3 7 5 5 3 6 2 4
292 2 6 5 6 6 3 2 9 6 2
344 5 5 7 4 6 9 6 7 3 9
316 1 6 1 7 5 8 9 7 3 8
300 1 1 7 9 5 7 1 9 4 5
302 1 7 6 7 3 4 8 4 7 1
267 1 4 6 5 9 1 1 8 1 9
10
286 3 2 2 5 7 7 9 5 5 8
288 1 6 5 8 3 9 1 4 7 1
213 6 2 8 1 6 4 1 1 4 7
206 2 3 3 3 8 4 1 1 3 7
339 3 2 9 5 9 6 9 6 5 4
283 3 3 9 1 9 3 8 6 4 6
334 7 6 3 8 3 1 9 8 8 8
344 8 6 6 8 6 5 7 4 6 6
209 7 3 4 3 3 1 6 1 6 7
323 4 8 5 9 7 5 3 1 3 7
10
325 7 6 8 1 9 3 6 7 9 5
311 8 8 1 4 7 5 4 7 7 5
234 8 5 5 1 2 5 5 5 8 4
376 9 7 8 6 8 9 2 8 9 1
341 5 8 1 9 8 5 9 2 6 7
304 1 5 9 3 3 7 9 8 4 4
339 6 9 8 4 5 9 8 7 1 5
273 2 8 2 9 2 2 3 5 4 5
224 7 5 8 1 3 2 7 4 2 7
193 3 2 4 2 5 6 3 2 2 6
10
211 1 7 4 4 4 2 3 1 8 1
232 2 2 6 3 2 4 7 1 9 4
226 1 1 6 3 4 2 6 7 8 4
267 5 1 4 5 5 6 4 5 9 4
287 4 3 4 5 8 4 7 4 9 6
181 7 6 2 2 1 5 4 5 1 1
233 3 8 6 3 3 2 2 6 4 3
384 5 9 8 9 4 8 5 9 2 9
253 2 1 7 1 9 8 3 3 1 9
291 6 3 9 9 1 2 6 1 9 6
10
326 1 6 9 4 8 7 3 5 5 5
335 6 9 9 6 3 4 8 3 7 8
197 6 1 5 1 7 3 1 2 4 6
363 1 4 6 9 7 6 3 9 9 5
147 5 2 2 2 3 3 5 2 3 2
223 5 9 7 4 1 3 8 1 3 1
241 8 1 6 1 6 2 2 8 8 1
280 3 2 2 7 6 5 8 8 1 8
234 1 3 3 5 1 9 2 3 5 4
241 4 8 1 2 8 4 2 5 1 7
10
293 8 1 3 6 5 6 1 9 8 8
306 1 8 9 9 2 4 4 1 4 4
383 6 9 9 9 8 2 3 7 8 7
353 4 2 8 8 6 8 1 9 5 8
284 4 3 3 7 2 8 2 6 8 5
261 1 9 8 3 2 5 1 3 1 9
320 6 4 4 5 6 7 3 7 8 6
255 7 6 8 2 4 6 1 8 1 3
339 6 4 3 5 3 6 9 9 9 8
272 6 8 4 2 7 5 4 1 8 1
10
249 6 9 1 6 5 6 1 3 1 2
256 2 2 5 7 2 1 1 7 8 4
330 4 4 9 5 6 7 1 9 4 9
267 4 3 3 6 8 6 8 1 3 3
232 1 8 4 1 6 7 1 2 5 5
285 7 9 2 1 7 6 6 5 7 3
200 6 3 2 1 1 3 8 9 2 7
225 6 2 1 2 6 9 4 6 2 4
250 8 2 5 2 4 6 7 6 1 7
266 9 9 8 6 5 2 4 3 1 2
10
336 7 9 5 6 2 6 6 2 9 7
286 9 2 2 4 8 8 4 2 8 9
240 8 3 3 9 1 4 1 2 9 1
330 8 1 7 3 8 9 4 9 3 9
345 7 3 8 6 3 8 6 9 6 5
338 6 9 5 3 9 6 6 3 9 6
275 9 2 1 7 9 8 5 6 2 1
244 6 7 1 4 1 9 1 5 4 3
230 1 6 2 2 7 5 2 7 2 2
254 1 1 5 4 5 6 7 9 1 9
10
268 2 6 8 1 1 7 6 3 6 9
259 8 6 1 5 3 9 3 6 2 8
251 1 1 2 4 5 7 9 6 6 3
217 7 1 5 8 5 2 1 1 3 1
308 1 6 4 3 8 7 7 8 4 9
311 9 6 4 3 7 8 3 5 8 8
247 8 4 5 2 5 2 1 9 7 3
353 5 6 8 8 9 6 4 6 4 1
325 9 5 5 9 8 1 6 8 4 7
355 4 9 7 8 7 5 1 8 5 4
10
357 8 4 8 6 6 3 2 8 9 9
241 9 5 3 6 7 2 1 6 2 4
317 8 4 8 8 4 4 4 8 6 1
246 1 9 8 5 2 3 1 1 3 6
271 3 1 2 6 7 8 8 8 3 4
219 7 4 6 2 5 2 3 1 7 2
296 5 3 9 4 7 5 2 5 9 4
264 8 2 5 3 9 6 5 8 1 1
237 1 5 2 7 4 1 3 8 4 6
224 3 4 2 4 2 8 7 2 3 4
10
223 3 2 8 5 3 3 4 1 3 4
259 3 7 5 5 9 1 4 1 6 4
320 7 3 3 9 1 6 2 8 8 9
284 6 7 9 1 7 4 1 6 4 8
323 6 4 8 6 7 6 3 4 7 5
259 6 1 2 8 1 2 7 4 9 8
257 3 7 2 2 8 3 1 6 7 6
256 1 6 5 2 9 2 5 2 8 4
267 2 4 4 5 5 2 2 7 8 4
309 5 6 9 4 9 4 7 3 5 2
10
352 9 9 8 5 1 8 8 8 7 4
337 7 4 9 9 2 6 7 9 1 7
250 5 1 9 4 1 9 6 6 3 2
308 2 6 1 4 7 6 8 9 8 3
284 2 6 6 8 6 1 5 4 4 6
211 9 3 7 2 7 3 5 1 3 1
303 5 3 7 5 3 8 3 3 6 9
356 8 6 3 8 8 7 5 5 9 1
185 5 1 4 1 2 2 8 5 8 3
302 1 9 7 7 5 4 2 2 8 4
10
338 8 1 3 4 9 9 9 6 6 8
233 8 4 1 2 7 5 2 2 7 4
214 5 3 3 2 3 2 7 1 8 5
276 5 6 1 2 5 4 8 7 8 5
284 2 6 2 6 7 1 6 1 7 9
319 7 1 3 8 5 6 8 6 9 8
275 4 2 4 8 2 4 5 6 7 8
336 5 7 3 7 4 7 8 7 8 6
361 7 8 3 8 9 9 6 3 5 8
358 3 9 7 9 6 6 5 6 8 2
10
333 7 6 6 9 8 5 7 2 3 9
359 5 5 9 7 4 9 4 6 6 5
280 3 3 4 3 7 9 6 4 7 3
203 1 1 3 2 4 9 1 6 4 4
301 2 7 5 8 3 2 8 1 6 8
279 6 4 6 1 8 4 6 4 7 9
299 7 7 1 8 3 5 9 6 6 2
199 5 1 3 1 1 5 7 6 8 5
271 1 4 1 3 9 9 6 4 7 4
294 5 7 3 6 6 2 2 8 8 2
10
207 4 4 7 4 1 3 4 2 3 2
297 5 8 5 8 7 2 5 2 1 7
239 1 1 1 8 2 6 6 6 6 4
290 1 9 5 6 1 5 9 7 4 1
247 5 2 2 6 9 5 6 4 2 1
320 2 9 7 3 4 5 7 5 8 5
264 3 3 6 9 1 3 2 3 8 4
307 3 3 7 5 9 9 8 1 7 2
279 8 3 7 6 1 2 1 6 9 8
284 6 2 2 8 6 8 1 7 4 7
10
404 4 8 8 8 9 9 9 5 2 9
217 5 1 7 3 3 6 7 3 3 2
304 4 4 2 9 3 2 4 8 9 7
263 5 7 2 3 5 9 5 5 1 5
285 8 4 5 7 5 5 2 6 3 9
225 7 6 4 4 5 6 6 4 1 1
259 9 1 3 4 5 8 4 6 8 3
342 2 9 4 8 5 8 1 5 7 6
228 1 9 1 5 7 1 4 3 1 8
219 5 2 4 1 5 9 6 5 2 1
10
345 7 8 2 9 6 8 8 2 9 2
296 8 5 4 7 3 6 2 5 9 5
327 9 5 6 3 4 6 6 9 7 9
217 9 1 5 3 1 6 6 5 1 9
200 1 5 4 3 1 1 9 4 8 1
349 9 3 4 7 5 8 8 8 9 1
329 8 6 6 9 8 7 2 6 3 1
317 7 7 2 9 6 1 8 9 1 6
364 5 6 9 8 6 6 5 9 2 6
296 2 8 7 6 9 3 9 1 5 2
10
197 6 1 1 1 6 7 2 3 4 7
247 4 7 1 6 5 8 4 3 1 5
256 5 7 8 4 1 3 1 4 6 5
238 1 2 3 5 5 2 9 3 5 8
269 4 4 5 3 7 6 1 8 4 8
287 5 7 1 9 4 8 1 2 5 4
303 8 2 6 1 9 4 5 6 9 7
255 7 1 1 9 2 5 2 3 7 9
347 7 8 9 5 5 3 9 6 4 8
266 8 3 1 6 6 6 3 6 5 5
10
280 7 4 7 1 5 3 7 6 9 6
276 6 3 2 6 6 7 9 4 6 3
333 7 3 3 5 8 9 7 4 7 6
319 2 3 2 6 9 8 4 6 5 9
268 1 9 2 8 6 3 6 5 1 6
280 8 6 5 6 4 9 4 4 1 1
349 9 3 8 4 6 9 3 5 8 7
289 2 5 5 3 6 5 1 6 6 9
309 8 4 7 9 4 8 5 2 5 2
300 6 2 8 4 4 8 7 5 8 4
10
297 7 6 3 7 7 4 1 6 1 9
241 9 2 9 2 4 2 3 5 7 6
338 9 9 3 7 4 6 7 4 7 8
257 2 9 9 1 6 1 9 1 5 1
272 7 6 9 1 3 7 7 8 5 1
283 1 9 8 3 2 7 6 8 2 3
280 5 9 6 3 7 1 8 6 1 4
226 6 1 1 4 9 3 1 3 4 8
200 5 4 1 1 7 5 8 1 4 1
245 9 3 3 5 3 3 9 7 3 5
10
233 5 7 6 2 2 3 1 4 3 7
234 1 6 7 3 8 6 1 4 1 1
217 6 3 2 2 1 3 3 4 8 8
241 9 7 3 3 2 3 9 1 6 6
255 6 8 4 2 3 6 7 8 2 4
211 5 3 4 6 1 3 2 7 1 7
182 3 1 1 2 6 1 4 8 3 5
217 1 6 5 1 5 4 3 8 1 3
218 2 4 9 1 3 6 4 2 1 6
278 5 3 8 3 5 7 2 5 4 6
10
190 5 3 9 1 1 4 1 1 4 6
203 9 2 3 3 7 1 4 3 3 8
270 8 8 1 9 1 2 9 1 3 7
326 1 1 4 5 8 7 9 7 6 8
246 4 8 3 4 9 3 1 8 2 2
356 9 6 9 8 5 8 8 1 3 6
202 7 3 4 1 9 1 4 4 2 7
322 3 8 4 8 8 2 2 9 2 9
321 8 4 8 5 6 6 3 2 8 8
280 9 1 5 3 6 7 1 9 5 5
10
322 7 6 7 4 2 7 7 7 7 4
213 6 1 5 4 5 1 4 7 5 1
351 6 9 6 3 8 4 1 9 7 8
326 3 1 2 9 9 6 5 8 5 9
289 6 6 7 4 4 9 1 5 4 5
380 8 9 9 7 3 7 3 8 9 2
259 7 4 4 4 8 5 5 3 4 3
250 4 1 7 4 1 9 3 9 3 1
374 1 5 4 9 7 8 2 9 6 8
252 6 6 5 2 2 1 3 6 9 8
10
331 6 5 9 4 7 9 3 2 7 6
198 8 5 5 5 1 1 1 3 2 8
259 5 5 4 1 9 3 1 5 7 4
233 6 3 1 2 3 7 8 7 5 6
268 1 1 1 3 6 9 5 5 7 7
243 5 1 3 6 6 5 3 3 4 4
189 3 5 5 4 1 1 4 5 1 6
237 8 5 4 3 1 6 6 7 1 8
268 9 2 2 8 5 1 9 5 7 2
265 9 1 7 3 5 5 4 3 9 4
10
252 2 7 5 5 8 1 5 1 3 4
223 4 7 4 2 3 8 1 3 1 8
270 2 4 5 9 6 1 1 5 8 1
213 5 2 8 7 2 1 1 2 3 2
311 3 6 5 6 4 6 9 2 9 8
278 8 6 3 9 8 1 4 4 1 7
233 4 5 8 2 1 7 7 1 6 4
318 3 3 8 8 1 7 5 4 5 8
318 1 7 4 3 8 8 9 7 4 7
319 8 5 4 7 5 9 9 3 8 2
10
385 1 9 9 8 5 5 3 9 9 8
345 2 5 2 6 8 7 6 6 9 9
230 5 4 6 3 2 2 2 6 8 6
296 5 9 1 6 5 3 7 4 6 6
193 9 6 4 2 4 4 2 2 2 2
265 4 6 3 4 6 7 6 2 4 9
239 6 1 3 4 9 5 3 9 1 4
263 5 5 4 3 2 3 5 7 7 9
299 1 6 2 9 2 9 4 7 5 3
322 6 9 9 6 2 9 3 3 2 9
10
296 5 2 2 8 7 1 8 9 8 6
331 1 7 1 6 8 9 9 8 6 3
267 1 1 5 6 4 5 4 3 7 9
236 7 2 1 5 4 3 8 9 2 2
342 9 5 3 8 5 8 9 2 7 9
236 2 9 1 5 6 5 1 1 2 3
260 2 4 5 6 1 7 1 6 3 6
225 1 6 3 7 2 3 3 5 4 4
246 6 7 8 1 2 3 2 7 5 4
245 1 7 3 1 3 7 2 7 8 5
10
338 4 8 2 8 6 2 9 8 7 5
283 1 2 6 8 9 3 4 1 4 6
244 7 2 7 5 7 2 1 9 1 1
267 1 9 5 2 3 5 8 8 4 3
287 4 9 9 1 1 9 9 3 6 1
278 3 4 4 8 3 2 1 9 9 2
328 1 8 8 6 3 7 4 4 5 9
308 3 8 4 9 2 5 7 3 5 8
255 8 1 6 6 2 3 7 3 9 1
220 6 2 4 3 4 1 9 2 4 7
10
369 6 8 9 9 4 4 3 9 7 1
306 6 4 9 4 7 6 2 4 9 4
322 6 7 1 9 9 7 4 1 7 6
246 6 4 4 1 8 3 4 8 4 8
261 7 3 4 7 2 7 6 7 1 2
293 2 3 7 9 2 8 7 6 3 1
299 8 4 8 9 8 4 1 3 3 4
308 7 5 6 6 1 9 4 7 2 9
281 5 9 9 3 5 1 9 9 1 4
284 6 8 6 3 5 3 7 6 6 2
10
260 4 6 8 1 2 9 3 5 2 6
295 6 3 4 9 2 2 3 8 9 8
234 4 8 9 3 6 4 2 2 1 2
342 9 6 8 4 7 7 9 5 7 5
213 9 3 1 4 5 1 8 2 2 8
289 7 1 3 6 9 7 1 6 4 7
269 8 6 7 2 4 8 1 3 2 9
288 9 7 5 7 7 5 1 6 1 2
244 8 8 3 2 6 2 5 8 2 1
254 8 4 3 2 4 5 5 7 7 7
10
357 9 5 9 4 9 7 7 6 8 1
266 3 3 4 7 6 7 9 4 2 1
214 4 4 1 6 7 1 6 8 1 1
348 8 8 7 1 7 6 1 9 8 8
273 5 6 3 6 8 5 5 3 1 3
314 8 7 6 3 4 9 2 9 4 4
331 7 9 3 5 7 3 8 8 6 7
252 9 6 1 3 2 7 5 7 3 4
297 4 3 7 9 6 4 1 3 8 3
263 9 6 4 2 5 1 1 6 9 6
10
278 8 2 8 5 6 1 4 9 3 9
249 1 5 1 4 7 8 2 2 2 8
234 9 3 2 4 4 2 4 6 5 9
214 7 1 3 1 8 4 4 7 3 1
317 6 8 6 9 3 1 4 5 5 8
171 3 4 1 2 2 1 9 4 2 5
171 6 3 5 1 2 5 1 2 1 6
332 5 6 4 9 4 7 7 2 6 5
338 9 4 8 8 6 6 2 3 9 3
295 5 7 6 9 4 2 4 3 7 2
10
151 1 2 1 3 5 1 1 1 3 8
283 7 1 7 2 3 5 3 9 9 9
325 3 5 1 9 8 9 3 6 5 1
311 7 2 8 4 6 8 2 5 7 4
258 1 7 9 5 4 4 4 2 2 5
259 1 6 4 3 5 5 8 8 3 3
287 8 1 4 6 5 2 7 8 5 9
228 3 5 6 3 5 2 2 4 6 2
365 4 6 2 9 8 8 7 9 4 6
320 9 9 9 2 4 3 6 9 4 9
10
283 7 9 8 3 7 3 1 7 3 5
327 6 6 2 9 5 6 6 6 5 5
271 4 6 4 7 5 5 8 1 6 2
250 5 6 5 5 2 3 1 5 5 3
249 5 2 6 3 1 3 2 7 9 7
337 7 6 6 8 5 2 1 9 9 6
190 5 3 1 1 1 7 9 2 7 3
287 5 8 5 5 8 6 2 2 6 2
286 6 9 4 5 4 6 4 8 2 4
367 2 1 8 9 9 9 2 7 8 1
10
329 5 2 8 9 3 4 7 7 6 5
151 6 1 9 1 1 1 4 3 4 1
279 5 2 3 6 2 4 8 4 8 8
304 2 1 6 9 9 2 6 2 8 2
263 7 9 1 2 5 7 5 9 5 2
343 9 9 8 8 3 4 8 5 1 7
373 1 9 5 9 7 6 9 5 8 3
275 8 3 3 3 2 4 9 7 9 9
412 9 6 8 9 9 7 1 5 8 7
251 9 4 1 2 6 6 2 8 5 7
10
326 5 8 5 4 8 5 6 2 8 9
295 3 5 7 3 8 2 9 3 6 8
188 2 1 2 1 5 5 7 6 1 7
345 6 9 5 7 5 7 5 7 8 1
308 6 7 1 6 9 5 2 5 8 1
347 7 2 9 8 6 7 2 7 7 5
323 8 7 5 5 4 2 9 9 8 7
310 7 9 4 7 6 1 8 1 7 5
334 2 8 2 8 3 3 7 8 9 5
312 5 6 8 7 9 5 9 5 1 2
10
211 9 3 5 1 6 1 1 7 3 8
273 7 1 9 4 9 3 5 1 5 9
237 3 6 6 2 7 9 2 2 1 1
219 1 1 5 1 6 4 2 4 8 5
260 1 5 3 4 7 3 2 6 6 8
206 5 2 2 6 2 3 6 3 3 8
199 7 1 2 1 5 7 4 8 2 3
244 3 6 9 1 6 3 6 3 1 9
305 2 7 4 3 1 8 8 8 8 9
268 2 3 2 7 1 9 8 2 4 7
10
219 1 1 5 6 4 6 5 5 2 1
270 3 6 3 5 3 5 6 7 3 6
302 6 3 3 9 9 5 3 3 6 4
306 8 6 9 2 1 6 2 6 8 9
298 2 5 6 7 7 6 4 6 3 1
277 9 7 7 1 2 8 8 9 3 4
208 3 5 3 2 2 5 8 6 4 1
278 9 1 7 5 4 6 4 7 5 2
315 7 3 9 5 6 7 4 2 6 6
248 3 5 9 4 5 4 1 3 2 8
10
248 8 3 2 5 4 3 3 6 4 6
314 3 3 4 7 8 8 8 6 5 1
325 2 3 9 4 9 6 5 2 8 6
294 6 3 6 6 8 2 6 5 5 7
253 2 1 5 3 8 2 7 9 5 3
335 3 9 5 7 9 9 1 7 3 3
250 5 1 7 1 9 6 6 4 2 8
343 7 1 3 8 4 7 9 8 9 7
319 5 6 8 9 5 4 2 6 3 8
245 4 4 3 4 9 3 6 1 3 9
10
259 9 6 3 1 4 8 1 2 7 8
267 2 2 8 3 6 3 4 9 7 4
236 2 5 5 1 2 3 7 5 8 7
260 8 9 2 4 3 4 7 4 6 2
288 7 7 7 5 5 6 9 3 3 3
275 6 1 9 3 6 1 8 5 5 8
328 9 6 5 9 2 1 8 9 7 3
314 2 5 6 9 8 2 7 1 9 3
276 5 5 2 2 9 4 9 1 6 9
271 8 8 6 3 7 8 6 2 1 1
10
258 3 3 7 5 2 5 7 6 5 5
262 4 3 5 2 9 8 7 2 7 2
215 6 5 3 1 3 3 1 6 7 6
270 3 5 6 7 4 4 3 4 4 4
227 5 2 7 3 2 5 1 8 6 1
269 3 7 7 2 3 9 7 8 2 3
316 5 3 8 9 2 7 9 6 1 6
331 8 1 6 5 7 9 8 2 9 6
364 2 7 9 9 8 4 3 1 8 6
336 3 8 6 8 6 9 7 3 2 8
10
274 8 5 6 4 4 9 3 1 6 6
234 6 1 3 1 5 4 9 9 4 5
228 6 7 2 2 4 5 6 2 9 1
380 8 6 2 9 6 9 8 4 7 8
238 9 2 3 3 6 4 2 8 6 4
379 6 9 8 7 8 5 9 5 6 5
318 1 8 8 2 2 9 8 8 4 6
283 9 2 7 9 1 3 7 3 2 8
205 3 7 3 5 5 1 2 2 2 2
275 1 8 7 2 7 5 6 2 8 3
10
279 7 5 3 7 4 5 6 7 5 4
185 9 3 1 3 3 1 5 7 1 4
328 7 1 8 7 9 4 3 9 6 1
224 9 9 8 1 2 1 7 5 3 2
333 3 4 4 8 4 9 3 9 5 5
298 7 8 3 7 7 6 5 6 1 5
203 1 7 3 1 5 1 7 5 6 2
280 5 5 4 7 9 2 8 7 1 2
343 3 8 6 8 6 7 5 1 8 3
176 2 2 3 3 6 1 6 1 2 9
