70 10
298 276 296 301 292 212 299 305 208 296 
10
127 2 1 2 0 4 6 8 6 3 2 
151 7 1 0 4 8 3 1 3 2 3 
157 4 2 4 8 0 9 1 2 2 3 
183 2 7 1 3 5 4 9 7 1 2 
199 3 4 4 4 3 4 2 3 2 8 
216 3 2 5 4 5 5 6 9 3 4 
219 6 0 6 2 3 9 8 9 5 3 
230 1 9 4 7 2 0 5 8 5 5 
234 0 3 9 5 6 0 5 8 1 7 
250 5 0 5 7 8 1 4 5 9 8 
10
155 0 5 9 2 4 4 2 0 1 5 
157 3 6 1 4 9 6 0 4 3 2 
170 2 8 5 8 1 4 1 1 2 6 
195 7 2 7 9 7 7 1 0 2 1 
201 2 7 1 6 4 1 4 6 1 8 
210 4 3 5 9 8 1 6 2 7 1 
219 6 5 3 2 6 1 6 1 1 8 
228 1 9 8 2 3 0 4 5 4 8 
257 9 0 0 7 9 6 4 9 7 4 
287 8 6 6 5 6 5 9 6 4 3 
10
146 2 4 0 2 1 3 5 3 6 7 
147 1 1 2 0 2 7 1 9 5 6 
173 3 1 4 5 1 0 8 7 5 3 
177 2 1 3 8 2 7 5 4 9 3 
186 2 4 2 2 6 2 8 0 4 9 
191 7 3 8 3 0 2 4 1 6 1 
209 3 3 7 6 6 6 4 3 1 5 
217 3 7 7 5 9 7 1 1 1 5 
222 2 4 5 6 8 5 8 4 2 4 
334 8 4 8 9 6 4 9 6 1 8 
10
166 2 9 0 7 2 5 7 7 4 0 
198 7 4 0 8 7 9 1 7 3 0 
207 4 1 0 6 8 0 1 7 3 9 
211 6 9 2 4 2 4 4 7 8 0 
222 6 8 4 7 0 8 7 9 5 0 
255 7 2 5 4 3 0 6 6 7 5 
257 6 8 8 1 5 4 4 9 9 3 
269 7 8 7 4 5 9 8 5 0 4 
270 9 4 6 6 8 7 0 9 6 4 
303 8 3 9 6 9 6 4 4 9 7 
10
155 3 1 3 7 2 8 1 9 7 0 
198 3 7 2 9 5 6 2 0 8 4 
217 6 1 8 4 0 8 4 5 6 3 
224 3 5 3 9 2 8 4 5 7 9 
227 6 6 7 6 9 0 3 1 4 3 
233 4 2 3 9 5 2 6 7 1 8 
244 3 4 9 1 9 0 3 2 8 6 
247 9 3 6 0 7 7 4 8 9 1 
247 5 7 5 3 7 7 7 9 7 2 
265 5 7 6 9 8 1 7 2 8 4 
10
168 0 1 7 0 1 7 8 2 7 6 
205 7 1 0 5 5 1 8 4 4 5 
208 1 4 7 8 4 4 6 6 9 1 
224 6 4 7 4 5 9 2 2 4 6 
236 9 2 8 5 3 9 4 2 2 4 
245 5 8 7 0 2 5 3 7 4 7 
247 7 7 6 2 6 4 8 0 3 4 
249 8 2 3 6 7 8 8 7 1 2 
264 9 1 6 9 6 4 2 0 7 7 
275 8 9 9 4 9 2 0 2 9 0 
10
184 1 5 1 9 8 5 0 6 6 6 
200 0 6 9 4 0 0 4 7 0 4 
200 0 9 6 8 2 2 9 4 4 0 
220 4 5 3 2 9 0 6 2 6 6 
226 9 8 2 0 4 8 7 3 0 8 
232 2 3 9 6 8 3 7 3 0 4 
233 7 0 9 2 0 3 9 4 8 3 
234 5 8 5 4 7 5 0 9 0 3 
251 8 6 4 1 8 0 6 3 4 7 
253 9 4 4 3 7 3 7 1 8 3 
10
180 5 7 2 2 7 6 0 5 0 3 
181 4 1 6 3 7 8 0 1 7 3 
207 4 2 8 0 2 6 4 6 1 9 
215 7 0 2 6 9 8 3 8 1 5 
216 6 8 3 7 2 0 6 1 2 3 
217 1 3 2 8 9 8 3 6 8 6 
224 8 7 5 3 0 1 8 3 2 3 
264 8 0 8 9 6 1 9 0 0 4 
278 9 8 4 9 4 5 6 4 7 4 
294 5 5 6 9 9 1 4 6 6 8 
10
125 1 7 7 2 1 1 2 5 0 0 
171 7 0 0 7 2 1 2 2 8 4 
188 1 1 9 5 1 0 5 5 4 3 
206 9 2 8 4 2 5 1 9 0 0 
247 2 5 7 9 1 6 4 1 9 8 
249 9 0 7 0 2 7 8 8 0 7 
267 9 5 6 9 6 7 4 6 4 3 
282 7 6 8 7 6 8 6 2 8 6 
287 6 9 2 6 6 6 9 8 5 6 
304 7 1 8 7 8 7 8 1 9 8 
10
164 0 9 4 4 6 2 1 6 1 3 
166 4 7 2 6 0 8 6 2 6 3 
204 3 9 0 5 7 2 8 2 0 9 
222 4 5 1 1 4 4 9 6 9 7 
223 6 3 5 4 7 2 8 6 3 1 
234 7 2 4 4 8 0 7 3 3 5 
238 8 0 5 8 0 0 3 2 6 9 
261 8 1 7 1 9 1 5 2 2 8 
267 2 7 9 7 9 1 8 8 4 1 
296 8 7 9 7 6 2 8 2 9 1 
10
166 1 6 4 6 8 6 2 2 2 3 
166 7 7 1 0 7 2 5 0 8 0 
219 3 9 5 7 2 7 8 1 5 5 
225 6 5 8 5 8 0 6 0 4 1 
226 8 1 2 2 9 5 8 2 7 3 
231 5 2 5 6 2 4 5 0 7 9 
241 9 7 7 5 7 1 0 4 7 1 
246 8 9 4 4 8 9 9 2 7 0 
250 5 6 6 7 3 7 3 7 5 6 
262 7 3 6 5 9 8 4 3 4 7 
10
164 8 3 0 1 2 3 0 6 8 1 
176 1 1 8 4 4 6 1 4 8 2 
213 2 3 8 1 4 4 8 9 2 5 
215 4 9 0 1 6 1 5 8 6 7 
228 7 5 5 1 3 0 0 2 6 8 
228 9 8 0 9 9 9 0 7 3 0 
229 0 6 7 4 8 0 9 5 9 2 
234 4 8 6 7 5 3 1 9 3 1 
238 8 8 9 0 2 8 8 8 0 1 
254 9 0 9 3 2 5 9 4 4 1 
10
128 1 8 1 3 0 2 7 1 5 1 
145 0 5 2 9 2 8 5 3 5 0 
168 5 3 2 6 2 1 4 7 1 2 
178 2 3 0 7 4 6 6 4 0 9 
188 4 9 3 5 2 9 9 2 0 1 
188 4 6 3 8 5 9 2 0 2 4 
192 1 5 0 5 5 2 7 1 8 7 
211 4 1 7 4 4 7 8 8 6 2 
220 7 2 0 5 2 3 8 7 1 9 
224 0 2 9 8 9 8 3 1 8 3 
10
123 3 0 3 1 2 7 1 3 7 0 
161 4 8 2 2 5 4 1 0 9 2 
163 0 4 0 8 6 7 7 2 8 2 
190 2 6 1 6 2 5 9 6 8 0 
191 3 5 3 1 9 7 5 8 5 0 
192 5 5 3 0 4 7 5 8 9 0 
205 3 0 5 6 2 8 6 7 5 6 
233 9 8 6 0 7 4 0 0 2 8 
244 4 4 7 0 9 6 7 9 1 6 
263 4 8 5 5 4 7 7 3 6 7 
10
123 1 6 3 5 1 3 0 5 2 1 
134 0 4 0 1 8 1 4 0 9 2 
166 4 1 6 3 3 1 5 1 4 3 
181 2 6 0 3 7 6 7 4 8 5 
206 4 2 5 6 1 8 5 1 9 6 
261 2 2 9 6 6 6 7 4 8 7 
268 6 9 8 8 0 3 3 9 0 8 
272 3 3 9 6 7 4 9 6 3 8 
307 8 5 9 6 1 9 9 4 3 7 
308 9 7 7 0 2 9 3 9 8 9 
10
155 0 2 1 4 5 4 2 9 9 3 
168 1 3 4 2 4 3 9 5 1 5 
169 5 7 2 1 3 8 8 2 1 0 
175 3 1 5 5 7 7 8 3 1 2 
179 4 7 1 5 4 2 2 5 1 6 
205 8 8 4 9 0 6 1 4 1 1 
210 2 5 3 2 7 1 6 9 4 7 
214 4 1 3 7 8 9 4 8 6 1 
235 3 9 8 2 6 8 4 7 1 2 
249 5 1 5 7 2 9 6 2 9 8 
10
161 3 0 3 6 0 1 1 3 4 9 
164 1 8 4 1 9 9 9 4 0 0 
184 4 2 7 2 2 2 4 9 1 4 
197 9 5 1 4 2 6 1 5 2 5 
226 5 4 8 6 0 3 7 0 2 8 
246 3 2 8 4 6 6 0 4 7 9 
251 7 0 5 7 2 7 4 3 9 8 
257 3 5 6 6 8 2 4 3 8 6 
272 4 7 9 6 8 9 4 3 5 8 
281 5 4 8 3 8 3 4 6 7 6 
10
116 1 3 0 9 2 8 2 7 3 0 
158 3 4 5 4 1 5 1 1 1 8 
186 2 2 4 5 0 6 1 7 1 9 
193 0 4 9 0 8 4 8 0 0 7 
195 6 6 0 8 7 8 1 7 3 1 
223 5 0 7 0 8 3 4 4 4 9 
245 7 4 9 8 2 3 8 0 3 3 
247 5 8 4 4 8 4 8 9 4 3 
250 0 8 7 1 7 0 1 9 7 8 
265 2 3 8 7 4 5 8 5 9 7 
10
125 2 0 1 3 9 5 0 2 3 3 
155 0 3 5 3 7 6 2 7 1 2 
206 0 7 5 5 5 1 8 8 4 4 
222 9 4 8 3 0 7 6 0 4 3 
224 5 7 6 3 5 5 0 4 5 6 
226 3 4 4 5 5 3 4 7 1 9 
231 3 2 9 4 4 6 2 4 8 8 
244 9 6 5 5 5 6 3 6 0 3 
274 5 2 7 3 9 7 4 7 4 9 
303 9 0 9 9 7 2 5 7 0 7 
10
143 2 7 0 2 2 7 0 4 6 6 
172 2 4 9 0 3 0 6 2 1 2 
176 1 6 4 8 4 9 0 8 9 1 
177 2 9 2 9 0 6 6 4 2 3 
198 7 2 4 1 4 8 1 0 7 6 
237 9 1 0 3 6 4 5 8 2 9 
242 7 1 6 9 5 0 4 6 3 2 
264 8 9 4 6 4 6 4 9 9 2 
276 8 5 0 8 4 2 8 5 4 9 
307 7 7 7 9 9 3 8 4 8 3 
10
147 0 1 3 5 5 8 0 3 8 6 
162 6 3 3 0 5 2 0 0 1 8 
184 4 2 8 2 7 1 1 2 3 5 
207 4 4 6 3 7 7 5 5 5 2 
215 3 3 4 8 5 0 8 9 0 1 
220 6 5 4 5 1 4 1 6 8 8 
222 8 9 9 0 0 9 0 5 2 2 
255 5 9 4 6 3 9 9 6 3 5 
266 7 1 3 2 5 4 9 6 7 9 
288 8 7 4 9 9 2 3 8 1 7 
10
162 1 6 1 1 1 6 8 9 1 3 
194 9 0 8 5 0 8 0 6 2 1 
214 2 9 3 8 2 0 6 6 5 5 
234 2 2 5 5 2 8 7 8 3 9 
238 4 3 8 7 5 3 0 6 7 5 
243 7 7 9 9 0 0 4 7 0 1 
255 8 3 5 6 7 2 4 6 9 0 
262 2 5 8 9 5 5 4 5 4 8 
295 6 8 9 7 7 9 9 6 4 0 
305 5 7 9 7 5 1 7 7 7 6 
10
187 4 0 3 2 3 0 6 0 3 9 
190 2 2 5 7 5 1 1 0 4 9 
210 2 1 7 1 6 0 5 5 4 8 
219 4 2 6 4 5 5 6 6 6 4 
219 9 3 0 8 7 9 5 5 7 2 
229 3 7 8 3 3 6 5 3 3 7 
230 3 7 7 6 3 0 3 9 7 1 
242 7 3 3 7 2 8 4 7 2 8 
242 6 0 8 2 7 2 1 6 9 5 
308 8 8 5 7 6 7 5 7 7 8 
10
108 2 2 3 7 1 2 0 1 4 2 
143 1 0 5 2 5 2 0 7 0 7 
173 4 5 8 0 3 9 3 7 2 1 
178 8 1 6 6 0 0 4 1 2 0 
186 0 7 1 5 5 9 7 5 7 4 
220 8 1 5 4 3 8 2 6 9 4 
235 4 2 9 1 8 2 6 3 1 8 
237 1 5 8 7 8 0 2 9 8 0 
278 6 4 7 9 1 1 5 9 4 6 
286 9 8 2 4 2 4 8 2 7 9 
10
98 2 2 0 5 3 0 5 1 4 1 
124 4 1 0 1 1 5 5 0 3 7 
167 2 9 3 5 6 5 0 5 5 0 
197 4 5 4 8 1 3 4 1 5 4 
203 3 9 0 6 2 9 7 5 3 8 
205 1 6 5 4 7 2 5 5 6 3 
205 2 2 7 2 4 5 7 5 1 5 
221 1 8 5 1 9 0 7 7 6 2 
253 7 7 7 9 6 5 0 1 8 5 
279 9 3 9 1 2 4 5 2 5 9 
10
153 5 1 2 5 5 2 0 1 0 4 
162 8 2 1 1 9 5 1 0 4 0 
171 1 2 6 4 6 5 7 9 3 0 
196 3 4 7 6 9 4 4 1 8 0 
208 1 7 3 3 4 1 8 5 2 6 
214 3 4 3 7 4 0 8 3 4 5 
239 7 1 7 3 5 5 1 4 4 9 
253 6 8 5 6 7 5 4 9 4 0 
264 6 6 2 6 6 9 9 6 3 8 
267 6 1 8 8 9 9 5 2 4 4 
10
156 0 5 2 2 2 5 4 9 0 8 
163 2 4 0 6 1 2 8 4 8 1 
175 3 7 0 6 3 6 9 1 7 1 
190 5 3 5 6 3 1 0 0 7 5 
202 8 3 3 2 4 6 2 8 3 3 
225 6 0 8 6 3 6 5 0 7 3 
249 8 0 2 6 7 4 0 8 5 9 
279 9 2 6 9 9 2 7 5 6 2 
285 9 8 5 5 5 7 0 5 5 9 
310 5 8 6 6 6 3 6 6 9 9 
10
177 2 0 6 4 9 8 2 5 7 1 
178 5 4 4 4 2 4 7 3 2 2 
196 3 2 4 8 4 8 3 2 2 9 
216 7 0 1 6 5 5 4 6 7 5 
234 3 3 2 6 9 6 7 8 8 4 
237 6 9 5 0 5 5 0 7 9 5 
242 7 3 9 7 5 4 2 9 3 1 
259 6 3 6 5 6 7 3 8 7 5 
267 7 9 8 3 6 8 1 1 8 6 
301 7 9 6 7 8 1 7 2 6 8 
10
134 2 5 0 0 2 0 0 5 3 9 
166 5 8 3 1 2 2 4 0 3 4 
168 2 5 2 3 5 0 3 6 4 3 
182 4 1 6 6 1 3 3 7 4 2 
186 2 4 1 5 5 7 1 8 8 4 
191 5 4 7 4 2 2 1 9 0 1 
199 3 4 7 9 3 6 0 5 6 1 
212 0 3 0 9 8 7 8 9 8 3 
228 8 4 3 8 3 7 9 8 0 1 
287 9 9 4 5 5 6 6 9 0 5 
10
133 2 0 2 0 4 0 3 1 8 4 
139 2 1 1 1 3 1 0 9 7 6 
149 2 2 1 6 1 9 5 9 2 2 
210 6 9 2 0 8 3 9 2 5 0 
214 0 3 7 5 9 0 2 2 9 7 
222 6 4 2 8 8 7 4 8 9 0 
227 6 1 3 6 9 6 0 9 3 4 
248 2 7 9 5 6 7 2 4 4 6 
252 8 8 1 8 7 4 1 6 8 2 
310 8 8 9 5 0 3 7 2 5 9 
10
145 2 1 1 0 5 9 4 9 2 4 
156 2 8 6 0 5 6 3 5 2 0 
163 0 8 3 6 1 7 0 0 9 7 
197 0 9 7 7 0 7 3 8 6 0 
212 6 9 7 3 1 4 1 3 6 1 
239 4 8 7 6 5 2 3 0 2 7 
240 7 0 0 9 9 0 7 8 4 5 
241 5 7 1 1 1 2 9 3 9 9 
248 8 8 1 5 9 9 4 6 1 7 
305 6 7 8 2 6 8 4 9 6 9 
10
165 2 2 6 4 1 8 5 1 9 0 
190 5 9 3 1 4 4 0 3 1 8 
213 0 6 3 8 8 0 8 8 3 4 
219 4 8 2 6 3 7 7 5 0 5 
223 5 7 0 6 3 5 9 4 6 7 
226 0 8 6 8 7 5 0 5 6 7 
236 5 6 5 8 1 6 2 5 6 8 
243 5 3 8 9 6 3 2 1 9 5 
273 3 4 7 6 7 1 8 9 7 4 
333 9 4 7 3 3 8 9 9 6 9 
10
136 3 2 1 6 5 2 1 9 1 0 
141 1 1 3 0 7 9 4 1 5 6 
180 0 7 0 5 1 1 4 6 5 8 
182 1 1 4 3 0 8 7 3 5 9 
188 5 1 4 1 3 1 7 4 4 6 
199 6 4 5 5 3 6 3 5 2 5 
204 2 2 4 6 4 3 5 5 8 6 
211 4 1 8 3 0 2 8 1 9 3 
288 9 8 4 6 8 8 1 9 4 5 
322 4 7 9 5 9 1 5 8 8 9 
10
173 2 4 6 8 1 5 6 3 1 0 
175 0 3 3 2 3 8 1 8 9 7 
193 6 6 0 7 0 1 0 7 0 6 
194 7 6 3 2 7 1 3 7 0 1 
203 5 0 6 8 4 7 8 2 7 0 
210 1 4 8 0 2 3 0 9 9 6 
216 3 7 3 9 4 8 2 6 9 3 
251 0 7 7 8 9 5 1 8 6 6 
262 8 1 6 4 8 0 7 1 7 8 
280 6 7 5 6 5 6 6 7 5 7 
10
118 0 9 3 5 0 4 6 1 2 0 
135 0 7 4 0 5 4 2 2 2 6 
154 3 0 2 9 5 8 1 4 2 2 
161 2 7 3 6 3 7 4 4 4 0 
175 2 4 3 6 4 4 2 7 2 4 
184 7 6 1 9 0 2 3 7 3 0 
235 7 9 9 3 0 6 0 6 2 6 
236 8 7 8 2 5 0 3 9 2 1 
260 0 9 7 6 9 8 4 5 1 9 
311 8 7 8 2 6 4 9 3 5 8 
10
189 7 0 4 4 9 1 2 3 2 0 
206 0 0 5 8 3 6 8 4 9 4 
208 4 3 6 0 0 8 6 9 0 9 
218 1 8 3 5 6 2 7 3 8 8 
224 5 1 8 3 1 5 3 6 1 8 
228 3 7 7 7 2 7 3 8 5 4 
231 9 7 1 5 2 6 3 7 8 3 
235 9 3 9 2 4 3 2 6 4 2 
236 5 6 1 9 4 1 5 0 6 8 
316 9 4 8 4 8 4 4 8 4 6 
10
153 0 6 7 0 5 7 1 1 4 6 
165 1 2 5 2 2 6 8 5 9 1 
168 3 5 6 5 1 0 3 7 1 0 
172 0 7 2 4 1 8 1 1 8 9 
179 1 2 9 8 6 2 4 2 2 0 
197 5 1 3 8 5 2 3 0 5 8 
211 5 1 5 2 4 1 3 0 7 9 
254 8 2 8 4 4 9 2 3 7 5 
271 7 6 8 2 3 1 7 1 6 6 
296 9 3 8 0 7 6 6 7 1 9 
10
154 0 0 3 4 1 4 5 7 9 3 
164 7 2 0 4 0 4 3 5 0 5 
199 6 3 9 0 4 3 1 3 0 3 
200 0 1 8 8 7 4 1 5 5 3 
206 4 2 3 5 1 4 6 4 4 7 
227 6 6 3 7 6 5 5 5 6 4 
242 5 2 2 6 8 3 7 6 0 9 
243 2 8 6 8 4 3 6 3 4 8 
265 9 2 3 3 4 9 8 2 9 8 
292 4 7 7 6 9 6 3 6 3 9 
10
173 8 0 0 1 2 1 1 1 5 8 
181 5 9 3 8 1 0 0 2 5 1 
197 3 0 5 5 5 5 1 9 2 8 
213 1 9 2 0 7 2 3 7 6 8 
218 3 2 7 6 8 7 4 4 4 2 
224 0 7 9 7 4 9 1 7 6 5 
254 1 7 6 2 9 8 1 9 6 9 
272 7 2 8 9 1 1 2 7 4 6 
277 5 0 9 9 8 4 4 5 6 7 
315 8 9 6 5 8 0 6 7 2 7 
10
137 3 3 5 2 2 2 3 3 4 0 
162 4 0 1 7 6 3 8 3 4 1 
162 7 1 1 2 0 2 3 5 4 7 
201 3 9 3 6 6 4 3 6 6 0 
202 2 9 0 1 4 2 5 7 6 6 
204 6 4 3 5 1 7 7 0 7 7 
207 4 6 6 3 4 8 7 2 7 4 
228 5 3 5 3 5 1 9 4 2 5 
263 0 8 6 9 8 1 7 3 5 9 
302 6 7 8 8 7 1 1 8 5 5 
10
131 5 1 0 6 6 7 1 1 4 1 
174 4 5 2 3 0 7 8 5 2 5 
199 6 7 3 4 7 8 2 1 3 6 
210 0 4 8 5 3 4 9 7 4 3 
221 8 6 0 7 9 4 0 5 1 5 
224 1 9 0 8 7 1 9 2 5 9 
238 2 8 7 6 8 8 8 7 1 1 
241 5 5 8 4 2 5 9 4 5 1 
255 3 1 6 8 9 5 0 8 6 8 
257 9 9 5 1 3 5 9 9 5 1 
10
115 0 3 4 0 1 1 4 2 6 3 
150 1 3 3 7 1 9 2 9 3 2 
171 5 1 0 4 5 4 8 3 2 5 
172 5 6 3 3 4 4 8 0 8 0 
191 4 2 8 5 1 3 9 1 5 2 
196 7 2 2 5 8 0 1 2 3 5 
225 2 4 8 1 9 0 7 0 1 9 
242 6 9 2 7 6 4 5 6 2 4 
253 7 5 7 8 4 5 0 7 9 3 
283 9 8 7 5 5 1 6 8 3 1 
10
128 2 0 3 6 0 4 7 1 1 1 
168 5 5 0 4 2 8 3 7 7 0 
169 0 7 4 3 6 7 5 2 5 2 
178 1 6 0 3 6 0 7 1 5 9 
191 1 7 7 3 5 8 1 8 6 0 
211 6 8 8 3 2 7 3 0 3 3 
219 6 3 1 5 8 4 7 7 2 4 
237 5 1 8 3 3 6 7 1 4 8 
248 5 7 6 2 5 5 2 7 2 7 
252 7 9 2 9 2 0 5 0 7 7 
10
153 3 2 2 0 7 7 6 1 2 4 
166 3 8 8 3 2 5 0 3 4 0 
179 3 7 7 4 3 1 3 4 1 1 
192 4 6 0 0 7 4 3 8 0 8 
203 5 2 8 9 0 8 2 4 1 4 
235 3 7 9 3 0 4 0 5 8 7 
243 9 2 5 6 4 4 3 7 3 5 
245 3 8 6 8 2 6 4 9 6 6 
246 8 0 4 5 2 5 6 2 9 8 
268 9 3 9 6 5 0 0 8 6 2 
10
120 2 8 1 0 0 1 1 9 0 4 
122 1 4 2 6 2 3 0 8 2 0 
174 8 9 0 7 1 7 4 1 0 3 
197 1 7 2 9 5 8 1 0 5 9 
216 0 9 5 3 8 7 2 7 0 7 
225 1 7 6 5 2 1 7 6 1 6 
233 8 8 3 8 6 1 1 2 0 4 
243 1 9 5 8 1 8 9 7 4 4 
256 9 0 1 4 7 4 9 4 5 8 
282 9 1 8 8 7 4 0 0 8 8 
10
124 0 0 2 3 5 6 6 8 0 2 
168 2 0 7 0 3 8 6 4 1 4 
192 3 4 3 4 3 1 2 8 2 6 
193 2 2 2 3 3 5 8 4 0 9 
211 5 7 7 9 0 7 2 1 9 1 
212 7 4 6 8 1 9 4 2 7 0 
215 4 3 5 8 0 6 4 8 2 8 
253 2 8 7 7 2 2 4 6 6 6 
259 7 8 3 5 7 2 1 6 6 7 
264 9 0 0 9 6 8 9 5 7 5 
10
99 0 2 1 1 9 7 4 0 0 4 
196 8 5 2 3 6 8 4 9 3 0 
200 8 1 3 3 9 0 0 5 6 0 
204 6 9 1 4 1 6 7 1 3 6 
217 2 4 6 3 9 4 5 2 5 6 
222 5 6 9 3 0 2 7 0 1 8 
249 3 9 8 2 0 2 6 1 8 9 
259 4 5 8 6 5 1 8 4 4 6 
270 3 9 8 9 9 2 4 8 7 2 
280 8 0 9 4 8 6 3 9 3 6 
10
151 9 2 1 0 2 4 5 0 3 1 
171 7 3 1 6 7 5 3 0 6 1 
207 8 0 0 9 7 0 4 3 9 3 
216 6 9 4 7 1 8 1 8 0 4 
218 5 0 1 9 7 2 3 6 6 8 
229 8 2 7 5 0 9 2 5 8 3 
235 6 5 3 9 1 1 4 3 9 4 
248 8 0 6 7 8 4 0 9 0 4 
253 5 0 9 6 8 6 4 6 7 5 
274 6 6 6 3 9 5 6 3 6 5 
10
134 1 3 1 6 4 9 1 6 3 1 
146 0 9 4 5 7 2 2 0 2 3 
147 2 0 7 3 0 1 2 3 8 2 
175 0 5 5 5 7 2 9 4 3 1 
189 1 1 3 6 2 1 8 7 5 6 
202 5 5 4 4 3 1 5 6 9 0 
222 4 0 5 0 6 9 8 3 6 8 
229 8 4 5 8 3 5 0 2 6 4 
234 9 0 4 8 7 0 7 4 1 2 
247 7 7 2 8 6 2 0 5 6 7 
10
175 1 1 6 2 7 7 1 6 2 6 
191 0 0 7 7 7 3 6 2 9 0 
193 2 4 4 1 1 4 6 8 0 7 
195 0 2 3 9 5 8 3 8 6 4 
199 1 5 2 8 4 0 7 8 4 5 
216 9 6 3 0 4 7 9 4 2 0 
227 7 7 5 4 9 4 2 0 0 7 
232 5 9 3 1 6 3 4 2 2 8 
272 7 6 9 5 5 8 7 2 8 4 
320 8 8 8 5 8 7 5 5 6 9 
10
123 3 8 0 0 2 6 4 0 6 0 
138 3 9 1 1 4 3 2 2 0 5 
182 3 6 4 3 4 6 7 5 9 0 
197 2 2 6 9 3 0 0 3 9 7 
211 1 3 4 9 8 9 2 8 7 4 
214 1 9 2 2 1 0 5 5 8 9 
218 6 0 1 9 1 4 9 4 7 7 
232 7 7 3 9 3 9 4 7 0 4 
242 7 8 7 5 0 9 4 3 1 7 
249 7 1 9 2 3 8 7 3 7 5 
10
128 1 1 5 3 4 5 3 5 5 0 
146 0 2 0 8 5 9 1 5 5 6 
162 1 2 2 9 1 1 6 4 8 1 
181 0 6 8 3 5 4 4 7 2 2 
181 8 8 0 9 2 0 4 1 5 0 
218 5 9 8 4 2 1 3 8 2 0 
218 4 5 9 8 0 0 4 2 6 2 
221 5 8 8 1 4 8 9 0 4 4 
239 8 1 5 2 9 5 5 1 6 4 
292 4 1 7 3 9 2 7 6 9 9 
10
160 6 2 2 2 4 4 0 2 6 5 
171 8 3 0 9 4 4 3 0 0 5 
192 1 9 1 4 9 0 9 9 4 0 
206 0 3 9 3 1 3 6 3 8 9 
210 1 0 2 8 6 5 8 8 1 6 
213 2 4 7 8 7 8 6 6 2 1 
220 5 5 2 5 4 4 0 6 2 9 
278 7 8 2 7 1 1 7 9 7 7 
284 8 8 6 0 8 7 5 8 6 4 
284 6 7 6 8 9 7 4 7 8 1 
10
150 7 3 1 0 0 9 7 4 0 5 
161 4 4 0 9 0 4 0 1 4 8 
161 1 4 4 1 7 4 0 5 2 8 
169 1 0 4 7 9 2 3 8 7 0 
170 0 2 9 2 2 4 4 8 3 3 
203 0 1 8 7 4 9 3 8 0 7 
208 7 3 5 1 3 9 7 9 2 3 
228 8 6 2 8 4 7 6 0 8 3 
245 3 8 8 2 9 7 4 8 8 2 
280 5 3 5 8 9 9 3 5 9 7 
10
151 4 2 1 6 7 3 1 3 8 1 
157 1 3 3 2 8 0 6 3 8 2 
179 6 4 1 2 4 5 2 0 4 9 
188 8 2 3 0 2 3 6 1 2 6 
199 0 8 6 3 2 5 7 1 9 6 
215 6 8 1 9 3 7 0 1 8 8 
227 8 5 9 5 0 9 8 1 7 0 
242 1 9 8 3 9 8 2 4 0 8 
275 8 5 7 1 8 2 9 3 0 6 
279 7 4 3 7 5 1 7 9 6 9 
10
106 1 7 0 1 1 4 6 1 9 0 
191 6 3 2 1 5 3 9 2 8 1 
195 8 4 2 8 5 3 1 3 1 2 
210 3 8 6 1 2 1 1 5 9 4 
219 7 2 7 3 4 9 0 8 2 2 
220 3 6 5 8 2 8 5 4 0 7 
242 1 3 6 5 2 0 9 5 5 9 
250 8 2 3 9 0 4 2 4 8 9 
259 8 1 5 7 8 1 4 1 0 8 
277 7 6 7 0 6 4 9 4 8 7 
10
165 6 0 0 1 6 3 0 2 3 8 
178 4 3 2 2 5 4 1 7 5 3 
183 3 1 5 1 6 4 0 3 6 9 
186 5 8 5 2 0 7 7 2 9 1 
214 4 9 4 2 1 6 8 8 0 3 
221 9 9 4 2 1 6 9 1 2 2 
229 6 5 4 5 8 5 5 1 1 6 
232 0 8 9 1 7 0 3 9 3 7 
273 6 3 0 8 9 2 9 6 9 8 
297 8 9 8 0 8 5 6 3 1 8 
10
175 6 0 1 4 9 6 0 8 7 0 
191 2 4 3 3 2 1 0 4 7 9 
200 4 1 9 6 5 6 3 3 1 1 
216 0 9 9 3 1 6 8 5 4 6 
218 2 4 9 2 3 8 2 0 7 8 
267 5 3 3 9 4 2 9 8 8 6 
273 7 8 6 6 1 8 4 1 7 8 
276 7 5 8 6 2 5 6 8 3 7 
295 9 3 9 9 7 3 4 7 3 1 
304 9 6 5 9 7 5 4 9 8 3 
10
167 1 0 5 3 2 0 7 5 8 4 
177 0 9 3 2 7 3 3 0 6 9 
202 6 4 5 0 5 3 6 7 4 0 
205 3 9 4 0 3 2 0 9 2 9 
205 5 3 9 1 3 4 1 5 3 5 
225 9 1 1 5 9 2 7 3 7 1 
235 1 6 8 8 5 2 1 8 3 8 
285 7 3 9 5 4 2 4 9 1 9 
314 7 2 8 5 8 5 4 9 8 9 
332 9 5 9 1 9 8 4 8 8 7 
10
142 4 4 3 4 3 2 0 5 1 3 
166 4 0 0 4 6 1 6 0 2 8 
169 1 4 3 8 0 1 4 4 5 6 
189 5 3 8 9 2 7 4 3 0 1 
214 6 1 8 4 0 6 5 6 5 1 
231 9 2 7 7 8 0 1 2 1 4 
236 6 1 1 7 4 5 9 8 0 6 
243 3 1 9 6 6 8 5 6 1 9 
263 7 0 6 9 5 0 7 4 2 8 
284 5 9 5 9 0 3 2 9 4 9 
10
159 1 0 6 7 4 0 4 7 2 1 
161 0 3 1 2 5 0 9 0 8 6 
163 4 3 1 3 2 5 9 4 7 1 
164 3 3 2 9 7 7 8 0 2 0 
172 2 1 8 5 7 7 0 1 8 0 
181 4 0 5 7 4 4 5 4 9 1 
183 1 5 3 8 8 9 5 4 0 5 
232 5 4 8 5 1 3 1 9 8 1 
240 7 7 1 6 2 8 1 3 8 8 
244 9 0 7 7 3 8 6 4 3 2 
10
167 3 9 4 8 1 3 2 1 1 0 
193 3 8 1 4 4 8 0 9 7 6 
200 0 2 5 2 9 3 5 2 5 7 
225 5 3 3 3 7 3 4 8 9 3 
243 6 7 4 9 4 5 1 7 5 5 
255 9 4 3 7 8 2 8 1 4 3 
255 9 7 9 3 8 1 1 0 1 4 
272 8 3 9 8 3 4 1 3 2 9 
272 9 1 3 1 2 9 7 9 7 9 
312 7 1 8 3 9 4 6 6 7 9 
10
109 1 4 1 0 0 9 4 3 8 3 
158 2 1 3 1 4 9 5 7 8 4 
158 3 0 4 9 1 0 4 2 6 1 
181 7 0 3 3 0 6 4 5 8 3 
189 4 3 7 5 3 8 2 1 8 2 
210 5 4 6 2 1 2 2 6 7 7 
227 5 0 4 9 4 6 0 8 6 8 
233 6 7 3 6 3 2 7 0 2 9 
240 8 2 2 6 9 4 8 5 5 3 
242 8 8 9 2 6 0 1 5 4 0 
10
139 0 3 3 2 4 3 7 4 2 2 
142 3 0 1 3 5 2 7 5 0 5 
156 0 8 1 0 1 7 9 6 6 4 
186 8 5 1 0 4 8 3 4 8 4 
191 4 8 5 0 5 4 1 6 8 0 
205 1 3 8 4 7 1 5 5 8 0 
222 3 6 8 2 9 7 8 0 9 2 
236 6 7 5 2 9 3 2 7 6 4 
248 2 6 8 3 9 5 9 1 0 9 
271 7 7 2 6 3 2 5 4 9 8 
10
172 1 1 3 9 3 9 9 6 1 0 
174 2 0 6 4 6 3 4 2 0 4 
188 1 0 6 8 4 7 8 4 8 0 
207 6 9 1 2 4 5 5 5 9 2 
212 5 1 4 4 4 0 3 5 8 5 
236 7 7 2 5 5 8 6 4 9 5 
243 8 6 2 4 4 1 4 5 2 7 
260 8 8 0 8 8 5 7 1 7 5 
268 8 2 6 3 8 5 5 6 5 6 
272 0 7 8 2 8 1 9 9 7 9 
10
115 0 4 3 6 1 6 5 2 2 2 
170 6 7 0 4 3 1 0 2 7 4 
182 5 0 3 7 0 5 1 8 4 6 
211 5 5 2 6 3 5 2 4 5 8 
212 0 7 7 7 9 7 4 5 4 2 
212 7 1 2 8 9 4 3 0 8 1 
214 2 8 4 8 4 1 3 4 1 5 
215 4 5 8 8 2 3 0 7 8 2 
220 7 9 5 8 5 3 2 2 0 2 
281 6 8 4 3 9 6 9 7 0 9 
10
161 0 7 6 0 5 5 8 0 6 1 
174 2 5 5 5 8 5 1 6 4 1 
196 6 8 2 6 7 9 2 2 0 1 
221 2 9 4 3 9 3 3 4 7 3 
236 5 7 7 0 0 4 6 1 4 9 
239 3 8 2 2 9 9 5 6 0 9 
241 6 4 3 8 3 8 7 0 7 8 
243 7 8 6 0 4 9 0 6 6 5 
259 8 6 6 3 7 7 7 2 5 3 
278 6 3 9 1 6 1 8 1 8 9 
10
156 2 1 0 2 7 7 4 6 8 6 
183 2 3 2 9 2 2 5 5 9 3 
190 3 6 1 8 9 6 6 5 3 2 
193 3 6 2 1 9 7 8 1 7 5 
194 0 6 7 2 9 4 1 6 6 1 
203 3 7 8 1 1 8 2 2 8 6 
212 5 7 5 2 2 9 5 6 9 2 
251 5 8 6 9 8 0 4 0 9 4 
259 9 7 5 5 6 7 3 8 0 4 
273 9 1 2 5 2 1 8 9 7 7 
10
131 0 5 1 4 2 8 3 2 2 8 
161 1 7 2 8 0 7 9 4 1 3 
188 3 1 3 6 6 8 6 4 5 4 
191 1 1 2 9 5 0 8 4 4 5 
194 0 2 9 7 1 4 4 4 3 6 
213 0 7 6 7 6 5 5 4 9 0 
218 8 7 6 1 6 8 4 0 3 1 
227 9 6 5 5 2 3 9 1 1 1 
260 8 3 2 4 6 8 5 7 8 6 
280 3 8 8 8 3 7 5 7 8 8 
10
130 5 3 4 1 0 6 0 7 2 0 
145 5 1 1 6 4 8 0 2 7 0 
184 7 1 0 9 3 7 4 4 2 4 
210 0 9 7 5 1 3 5 3 0 9 
211 6 2 7 6 9 6 3 0 8 1 
219 5 2 4 3 4 8 6 8 9 5 
220 3 4 7 9 9 3 2 0 8 0 
232 4 4 1 7 8 4 4 7 6 9 
238 3 9 7 6 5 5 4 2 1 8 
285 9 1 3 3 8 8 9 3 8 8 
