100 20
500 500 500 500 500 500 500 500 500 500 500 500 500 500 500 500 500 500 500 500
15
544 10 5 1 8 1 8 5 7 5 1 2 3 5 5 2 9 2 10 8 7
519 3 10 9 5 8 4 7 10 5 2 10 8 10 6 1 7 8 1 6 1
474 3 6 4 1 1 1 8 7 9 5 9 1 1 10 9 6 6 10 9 9
436 4 3 8 1 2 7 7 1 5 10 9 1 6 2 8 4 10 3 8 5
557 6 1 3 3 3 9 9 9 4 3 3 7 10 3 3 10 10 5 8 3
489 9 3 10 4 10 7 6 5 3 10 4 1 2 4 3 1 6 5 1 7
600 10 3 4 4 6 6 5 4 4 8 3 8 9 6 1 9 8 5 8 10
512 8 5 5 4 1 1 5 9 1 2 5 7 3 2 9 9 9 10 9 3
504 2 7 1 9 7 9 5 2 9 5 3 5 10 8 5 7 1 10 2 2
699 7 4 3 10 6 9 9 10 9 3 4 5 9 6 3 9 4 10 8 10
503 3 5 4 6 2 7 2 1 9 1 10 8 5 9 7 1 2 3 7 10
441 1 5 5 3 4 3 10 1 9 3 1 5 6 8 1 1 4 7 3 9
595 8 6 5 3 5 1 9 8 7 6 7 3 5 8 6 7 3 6 9 7
450 10 2 2 3 3 4 10 7 1 3 6 2 3 7 2 5 7 4 7 6
561 8 9 5 6 6 9 7 10 7 2 4 4 2 2 5 3 5 2 9 7
15
475 3 7 5 1 10 1 9 4 10 5 1 1 10 2 8 6 7 6 2 4
465 5 7 7 2 8 6 3 2 1 4 1 3 9 10 1 3 1 2 7 9
523 3 8 9 4 7 3 8 6 7 10 7 1 1 2 5 1 8 6 6 8
534 10 10 2 4 8 2 2 5 2 7 8 8 10 6 7 1 1 2 7 1
564 10 10 6 1 6 8 4 7 2 9 5 9 6 6 10 4 6 7 5 1
429 2 9 8 6 2 6 5 3 9 4 10 1 8 4 9 2 6 7 4 4
559 3 9 10 6 3 7 2 5 6 3 10 8 7 4 10 10 8 2 10 1
541 2 9 7 1 9 2 6 3 6 4 8 1 10 8 3 9 2 9 9 1
547 7 4 5 9 3 10 8 5 8 8 3 2 10 4 3 9 1 8 3 1
640 9 2 8 10 10 8 7 1 10 9 9 8 10 10 1 1 9 5 6 4
519 1 9 2 1 10 7 6 9 10 6 7 3 7 4 9 5 5 10 4 3
514 7 4 4 9 1 1 6 5 7 1 1 10 6 10 9 2 1 5 6 6
579 10 3 3 5 9 1 3 10 2 6 6 4 4 8 10 2 4 10 10 8
458 4 10 5 8 1 1 1 4 2 8 10 9 9 7 2 8 10 1 2 4
513 6 7 5 3 6 9 8 2 10 7 6 3 7 4 4 3 3 1 2 9
15
606 5 10 4 8 9 3 10 1 4 3 3 10 1 6 4 1 1 9 7 10
460 2 9 2 2 6 2 9 3 9 2 10 1 10 1 10 3 3 5 7 1
566 3 9 8 5 8 3 8 3 8 8 2 6 6 5 8 4 4 6 8 1
503 5 8 9 5 4 7 7 7 8 4 8 5 2 5 3 2 5 2 9 7
633 2 10 8 2 9 7 7 6 10 10 2 7 9 1 4 2 2 7 8 8
454 2 4 9 1 2 1 1 5 9 7 3 8 7 9 2 6 4 7 3 9
437 3 8 9 9 4 7 4 9 5 3 4 3 2 9 10 8 2 1 2 10
473 3 8 10 10 6 2 3 2 1 7 3 6 1 6 3 4 9 8 7 1
460 3 10 8 10 1 10 8 6 5 5 4 6 1 1 1 4 4 5 2 3
388 1 1 2 6 2 4 1 5 3 8 7 6 5 6 7 7 5 1 8 4
653 3 7 10 9 1 6 5 10 9 10 10 10 9 8 1 10 3 8 5 10
576 2 2 4 8 5 6 10 9 5 3 6 6 2 9 2 8 6 8 10 4
467 7 5 3 5 1 10 6 8 7 7 7 7 2 10 5 1 10 10 4 1
508 9 9 4 1 1 6 7 2 4 5 2 8 1 4 3 3 9 9 5 9
481 3 3 10 7 3 5 8 6 9 1 6 5 8 9 2 2 7 2 3 8
15
465 5 7 7 1 2 9 2 4 4 7 8 7 7 9 1 4 5 6 3 7
491 10 7 6 3 5 10 4 5 8 4 6 1 5 6 8 5 5 8 1 6
504 5 4 4 9 1 8 9 5 8 7 7 4 4 3 2 2 10 9 5 2
584 5 7 3 9 7 10 7 5 9 8 9 5 7 10 8 3 7 8 1 3
535 6 8 9 9 3 5 2 6 10 3 4 6 9 5 4 3 5 1 6 10
451 6 7 6 5 5 1 3 10 5 7 2 3 1 10 1 7 10 2 7 2
486 2 9 7 7 4 6 4 1 6 9 4 4 8 4 8 1 7 1 7 5
582 5 6 7 10 5 10 9 10 6 10 4 1 4 1 4 10 5 9 3 10
506 1 6 8 7 4 2 9 9 5 6 3 2 8 6 5 1 8 8 6 3
573 9 8 4 8 3 10 8 6 1 4 9 6 3 7 6 4 3 3 6 10
511 6 7 7 8 7 3 5 3 6 5 2 6 6 1 8 6 4 8 1 2
489 2 2 3 6 4 6 6 10 7 5 10 5 7 10 5 9 7 2 7 2
567 3 9 9 8 10 10 5 4 5 5 7 1 7 7 3 3 6 1 8 7
576 3 2 2 4 8 8 2 10 6 9 7 9 10 6 3 10 1 10 6 5
452 6 7 9 2 10 8 7 4 1 2 6 3 7 2 3 9 2 4 2 3
15
528 5 2 1 3 10 6 1 9 2 9 4 5 8 10 5 8 4 5 6 8
410 1 7 4 5 10 6 4 6 4 3 7 3 8 3 10 9 1 1 2 4
512 10 2 8 5 2 4 3 6 8 2 1 9 2 10 10 7 9 4 6 7
459 4 10 1 9 4 10 3 4 5 5 8 2 9 1 10 2 1 5 2 8
478 2 5 1 8 6 3 2 2 6 8 10 5 5 5 1 6 2 9 6 5
352 2 10 1 6 10 4 2 1 7 3 4 1 1 8 10 4 5 3 2 1
519 6 6 1 7 10 5 2 1 4 2 3 5 5 3 5 4 7 7 9 7
574 8 4 6 2 9 4 4 8 3 4 8 9 6 8 9 1 5 10 8 4
519 7 2 2 9 2 8 1 7 9 2 1 7 10 7 2 6 1 5 9 5
528 9 5 3 5 3 6 10 6 10 1 1 2 5 7 8 8 1 1 7 10
586 9 5 10 6 6 4 10 10 4 8 5 4 4 8 6 1 5 8 2 8
466 2 8 5 3 5 4 9 6 5 6 9 4 5 4 1 2 10 1 5 5
326 5 4 3 2 1 2 7 2 2 4 4 1 2 10 3 4 6 10 1 2
621 3 7 6 10 6 5 8 10 8 4 3 8 10 5 8 2 6 9 2 8
548 9 4 3 5 1 7 10 9 6 9 3 7 5 8 9 7 2 2 4 10
15
388 2 9 9 9 1 1 1 1 1 6 8 9 1 7 1 8 10 10 1 3
457 6 5 10 6 10 5 6 6 4 6 3 2 3 1 5 1 1 6 5 1
587 7 7 1 6 6 1 6 3 3 3 5 9 9 5 6 4 5 4 9 4
535 5 1 1 5 9 3 3 2 9 8 4 5 9 9 1 8 1 9 6 6
486 6 1 5 1 5 2 3 3 10 3 5 8 7 1 9 8 6 3 6 3
581 8 2 10 4 4 4 3 8 3 8 2 5 10 8 4 8 9 8 5 10
456 3 3 8 6 5 2 7 7 4 2 6 4 4 6 9 9 2 1 7 7
647 6 6 5 10 8 9 5 10 6 2 7 9 9 2 6 3 4 2 9 6
575 10 8 7 1 2 6 6 9 7 10 7 3 7 5 8 10 2 8 5 10
506 2 8 2 7 7 8 3 10 4 3 8 6 9 5 2 8 9 4 2 5
480 9 9 8 2 1 2 6 6 5 3 2 6 1 6 7 6 10 1 4 6
528 8 3 1 4 2 7 5 6 3 10 5 2 10 8 6 7 10 5 6 9
492 4 6 10 5 8 4 3 7 5 1 8 8 7 1 9 2 9 8 2 7
604 8 2 9 8 8 1 10 6 9 3 5 2 7 7 8 2 8 6 10 5
438 8 2 1 2 3 3 3 5 8 6 6 5 1 8 9 10 4 1 8 2
15
433 5 4 8 9 7 7 2 6 10 4 10 5 1 7 1 5 5 3 2 8
532 6 7 1 4 3 8 3 10 9 7 4 6 4 9 4 6 3 1 10 10
523 10 2 3 2 9 4 6 1 5 1 5 8 2 4 2 3 9 10 5 8
514 10 7 5 1 2 4 9 10 1 7 9 10 1 7 9 2 9 6 1 5
484 2 3 5 2 2 7 9 7 9 4 3 9 1 8 5 8 2 7 5 5
480 1 10 9 5 2 7 3 4 7 8 7 7 3 5 5 10 3 8 2 3
644 9 9 2 2 9 8 10 5 3 10 4 10 6 8 5 3 3 9 4 2
417 10 4 10 2 8 3 1 6 2 3 10 2 7 1 9 5 1 1 5 5
490 6 8 9 4 5 3 3 10 9 10 5 3 9 2 4 7 6 5 3 3
506 1 10 9 2 7 10 4 8 9 7 9 10 1 7 5 2 1 7 3 9
419 6 4 10 3 6 10 3 7 9 4 7 1 9 1 7 9 5 4 1 4
645 9 4 9 3 8 6 4 9 9 4 10 9 5 3 9 6 8 8 9 9
500 4 2 4 1 9 2 7 2 9 1 2 7 6 4 8 6 7 8 4 3
516 1 9 2 7 5 7 7 4 10 9 1 1 6 8 5 8 3 10 2 5
564 9 10 4 6 3 8 7 8 5 1 7 1 5 6 9 2 4 6 8 8
15
560 10 4 8 10 7 3 7 5 6 8 4 1 1 8 4 7 8 2 5 10
454 10 1 8 1 10 4 2 2 10 7 4 2 5 1 2 2 4 7 1 5
416 1 2 7 5 2 3 3 10 2 1 5 8 10 2 2 5 3 8 1 7
527 2 4 10 2 8 5 5 3 8 6 10 7 10 3 3 10 9 2 8 3
564 10 2 10 9 3 10 8 8 10 2 8 8 3 3 2 1 3 4 2 8
415 1 3 1 6 3 3 6 7 7 5 10 4 4 1 6 1 4 3 5 5
549 10 4 2 7 4 2 3 7 8 6 3 8 6 3 5 6 7 10 1 7
549 10 6 10 4 9 4 3 1 9 3 8 3 6 4 6 3 8 3 7 5
534 4 5 2 9 6 6 7 8 5 10 9 9 6 5 5 6 10 9 1 1
427 6 9 6 1 6 4 4 3 3 6 2 4 4 1 6 9 9 1 7 1
562 2 2 10 5 8 10 10 1 7 10 9 4 7 3 2 5 3 7 4 4
556 7 7 3 7 7 1 5 3 7 10 5 8 9 2 2 8 7 3 1 9
476 5 2 6 5 5 1 7 1 2 2 2 9 5 6 4 1 5 9 3 7
549 1 3 6 6 10 9 6 9 10 9 4 7 7 3 4 7 1 7 4 4
528 9 3 8 6 10 1 2 8 6 10 1 2 8 6 2 8 7 7 6 1
15
533 8 2 6 8 1 10 1 5 2 9 6 8 5 1 8 10 3 3 7 9
362 2 9 4 2 9 3 5 1 9 9 6 3 1 3 1 3 10 1 1 6
555 10 7 4 6 10 10 2 3 2 6 1 1 9 10 2 1 3 4 8 7
387 1 9 3 4 5 7 1 1 4 1 3 3 3 3 6 3 5 2 8 7
495 3 6 5 9 1 1 5 8 4 5 7 5 1 1 5 3 7 8 9 10
407 3 1 1 10 8 6 2 6 5 9 6 1 2 1 3 5 8 10 1 2
610 4 9 3 7 8 8 6 8 10 10 7 1 7 5 3 6 6 10 7 8
522 2 5 4 8 7 9 7 1 6 7 10 5 8 6 4 7 5 3 5 4
572 6 3 6 6 5 10 4 6 5 10 6 9 9 4 3 9 4 2 2 9
476 3 5 1 3 1 9 8 8 8 4 9 5 9 3 4 2 3 2 6 9
441 6 7 2 6 4 7 2 9 5 10 8 1 4 3 5 3 9 5 6 1
568 3 6 7 9 10 3 9 9 9 9 10 2 2 3 3 7 8 6 3 10
552 10 2 3 2 10 5 2 3 3 10 2 3 5 9 2 7 3 3 10 6
477 6 6 1 6 5 2 9 8 2 4 4 2 7 6 6 6 8 6 2 8
461 8 2 10 1 5 2 9 2 8 6 9 4 3 3 4 6 2 4 2 6
15
433 2 2 8 5 3 4 9 6 8 4 6 1 6 10 3 7 10 9 1 8
620 7 10 10 1 10 2 7 2 8 3 4 6 7 4 5 4 1 10 7 8
476 5 1 8 7 8 5 4 9 3 6 1 1 5 10 8 6 4 1 8 7
471 5 4 3 1 4 10 9 1 2 2 4 4 1 5 6 9 7 3 4 9
410 2 3 4 6 3 4 1 5 6 4 1 6 8 1 3 2 3 3 8 2
481 8 10 8 5 6 2 5 6 5 5 10 8 3 1 4 9 7 3 1 3
414 4 4 3 2 3 4 2 5 5 4 9 3 3 8 2 10 2 1 5 9
571 6 9 3 1 7 6 7 9 4 7 5 8 3 6 3 10 9 1 10 8
506 3 7 9 6 4 4 6 1 2 4 9 2 1 1 6 5 1 8 9 10
427 1 1 1 1 4 4 2 7 9 2 10 2 7 1 4 10 4 8 10 4
394 2 4 3 8 1 1 8 1 2 2 3 2 4 5 2 7 1 3 2 10
588 7 1 3 7 6 8 8 5 5 3 7 10 2 4 5 10 7 9 6 7
496 4 6 4 9 10 2 6 7 6 3 8 2 2 10 6 8 2 10 3 4
352 2 5 8 3 5 6 2 1 8 9 2 1 7 8 2 5 9 2 1 2
611 4 4 10 10 5 9 7 8 10 7 2 6 4 8 8 8 6 4 6 10
15
392 2 4 10 2 5 2 1 3 2 3 6 5 2 4 4 6 6 10 6 8
453 3 1 10 5 5 2 4 2 1 2 5 8 5 8 2 4 10 8 9 4
528 8 5 5 1 5 9 3 9 5 4 10 5 5 6 1 9 6 3 5 10
515 5 10 8 4 6 10 7 10 2 4 9 1 1 2 7 4 2 3 9 4
432 2 1 8 5 9 4 3 6 8 3 10 1 7 3 3 7 10 7 2 7
516 10 2 5 6 6 6 4 5 1 9 6 8 3 4 5 9 3 7 6 2
611 7 4 4 10 5 10 4 3 3 9 8 6 9 3 9 4 6 3 10 7
613 6 7 2 4 10 2 5 1 4 10 8 6 2 1 10 8 9 9 8 9
519 10 10 6 2 4 1 4 10 7 4 4 1 2 8 6 7 5 5 10 3
553 7 1 4 10 10 8 4 5 10 7 9 9 8 10 7 2 3 2 1 5
612 9 1 10 4 8 5 7 6 10 7 2 6 6 6 1 5 7 3 10 8
555 5 8 4 1 5 5 10 9 1 4 6 10 5 8 2 7 4 10 1 7
543 9 9 9 9 4 5 3 7 1 2 10 8 9 6 9 4 4 2 6 3
594 8 5 3 7 10 5 3 7 5 1 2 5 10 5 7 9 4 2 8 5
509 7 7 1 2 5 1 10 5 10 8 8 1 4 5 5 5 3 8 4 4
15
563 10 8 3 5 7 10 4 7 6 3 1 9 2 8 10 5 3 3 4 10
590 1 1 6 10 1 6 10 4 3 7 4 7 5 1 10 2 4 6 10 9
539 3 10 6 9 7 9 1 4 1 9 1 6 5 8 4 7 10 10 6 1
588 4 6 3 9 3 9 7 6 4 8 3 9 10 6 1 4 3 6 8 2
505 10 3 4 7 9 3 1 9 5 6 5 6 2 3 3 7 10 2 9 3
563 10 10 2 4 9 5 1 6 4 3 1 4 7 4 7 6 6 8 5 7
777 8 6 8 8 10 9 8 10 7 6 4 9 2 10 8 10 7 9 10 10
590 10 1 5 1 10 1 10 9 7 3 4 8 8 1 4 10 5 4 4 5
441 1 1 4 6 3 8 6 6 3 2 7 6 4 6 6 7 6 2 10 3
606 5 8 1 4 2 10 7 2 7 7 9 7 6 9 6 3 10 5 10 9
528 3 8 4 9 7 7 4 1 4 3 9 3 10 10 4 6 6 3 5 8
467 9 1 3 3 1 4 10 8 9 1 4 6 5 5 7 4 7 5 2 4
546 6 2 1 8 2 3 4 4 9 4 2 9 6 3 6 8 5 6 10 8
328 7 1 1 8 2 1 5 4 1 5 1 3 1 1 1 7 2 4 5 1
667 2 6 9 9 6 4 6 6 6 7 3 10 8 10 4 7 9 8 10 4
15
471 6 8 1 9 6 1 5 6 1 10 3 3 5 6 10 7 2 4 1 6
536 6 9 6 7 9 4 2 10 8 6 10 7 2 8 6 5 1 3 7 6
429 7 5 1 2 3 10 5 2 7 2 1 1 7 6 9 6 3 3 5 5
507 4 8 6 4 1 6 8 2 3 7 2 1 7 7 7 8 8 1 9 3
528 7 9 4 2 2 5 8 6 8 5 1 8 8 8 9 5 2 2 5 2
506 7 4 5 7 4 10 3 6 7 5 1 7 3 1 9 10 3 10 2 6
490 3 2 6 4 5 5 2 1 9 5 7 8 3 8 4 7 10 8 6 4
388 1 6 3 3 5 3 7 2 8 3 1 2 3 8 4 2 3 6 1 8
500 6 3 2 7 3 1 5 8 4 2 3 8 4 8 1 4 4 9 4 7
480 6 2 3 7 2 7 3 9 2 10 2 8 7 9 2 8 4 1 4 10
540 5 2 9 6 7 5 4 7 1 9 6 1 8 3 6 7 1 6 9 4
524 9 8 5 4 9 8 7 6 3 4 7 3 7 5 1 5 4 5 4 6
480 2 3 8 1 8 3 1 8 8 1 6 5 7 2 4 5 10 10 7 8
660 5 3 3 10 2 7 8 7 6 7 9 10 6 2 6 9 4 1 10 9
482 4 4 6 4 9 7 8 1 5 2 3 5 8 4 7 3 3 3 5 6
15
441 2 9 1 6 5 10 6 3 9 3 7 3 8 1 4 2 3 8 3 2
568 9 10 8 5 10 2 1 5 7 5 1 10 5 4 5 1 4 10 4 4
562 2 8 8 4 6 10 9 9 10 3 1 7 9 3 10 7 5 2 1 8
526 1 3 1 6 3 5 9 8 8 8 7 5 10 4 3 6 9 1 6 10
516 1 1 8 10 7 7 5 5 1 6 4 6 2 10 7 2 4 4 9 4
409 10 3 2 5 4 5 3 2 1 2 7 6 2 4 1 2 7 5 4 8
666 4 6 2 10 4 6 7 5 10 1 9 10 10 3 9 7 4 9 7 10
583 3 8 10 10 3 10 2 2 5 10 7 8 4 4 3 9 7 10 9 5
484 7 2 9 2 4 10 10 1 4 6 2 5 6 9 2 9 3 4 1 1
461 1 7 10 2 7 6 4 3 10 7 10 1 3 7 4 5 1 5 9 2
442 1 8 4 5 3 4 2 9 9 4 3 8 7 7 4 1 3 3 6 8
464 6 9 4 10 10 5 3 5 4 1 1 1 6 6 1 4 2 8 5 1
387 4 1 3 8 9 2 5 9 3 4 4 5 3 1 7 5 6 2 1 7
503 4 8 5 2 2 4 10 8 1 9 5 7 4 9 9 8 1 7 5 3
505 10 9 2 8 4 8 1 7 1 7 8 5 9 9 2 3 3 7 1 7
15
431 6 9 4 3 3 5 1 6 1 5 9 5 3 1 2 10 8 3 6 7
478 4 10 2 3 8 4 7 5 9 6 10 6 5 6 4 4 7 1 2 5
553 6 6 9 6 8 10 6 10 1 9 5 8 6 6 2 7 6 1 3 7
548 2 5 6 8 6 6 5 5 4 9 2 7 5 7 2 4 4 4 8 9
344 8 4 5 6 1 3 3 6 5 4 1 7 2 6 1 9 2 2 1 1
469 2 5 3 8 7 8 4 6 1 7 4 10 4 7 9 2 8 6 2 2
569 5 5 6 9 1 4 10 2 2 10 8 1 9 3 7 7 6 1 9 7
522 9 7 2 4 1 2 9 1 6 1 1 9 5 10 5 4 5 6 7 5
545 7 10 10 3 7 2 5 7 2 9 2 2 10 3 8 4 7 7 7 2
498 9 3 6 3 2 5 4 2 8 4 8 6 3 8 1 3 2 1 10 8
641 6 4 9 8 7 7 10 6 3 10 4 8 2 8 1 9 9 8 5 10
601 6 9 4 9 9 8 2 4 9 2 6 6 7 7 7 7 4 8 9 1
462 2 5 8 4 3 3 2 8 8 8 1 9 4 3 9 2 9 10 6 2
456 1 4 7 4 1 10 4 4 7 7 6 8 7 10 5 7 5 4 7 1
658 9 7 4 6 7 4 9 2 1 10 6 10 7 3 3 6 1 10 4 5
15
575 3 10 8 2 8 3 10 5 3 2 6 5 10 6 4 6 6 4 9 9
741 9 10 8 9 7 5 9 7 8 9 6 8 9 3 7 8 10 8 9 3
544 1 8 2 10 3 2 6 5 9 5 8 7 2 2 10 2 5 6 10 6
578 10 9 8 8 1 6 7 3 8 1 5 1 2 5 8 10 6 7 10 6
380 4 1 8 2 10 1 1 8 4 4 10 2 6 4 8 8 6 9 3 2
498 6 1 2 8 7 6 4 8 7 1 10 5 4 8 5 7 9 9 4 9
354 1 2 3 4 1 8 2 10 9 5 10 7 5 2 4 4 2 1 4 2
468 4 3 9 1 6 6 5 3 2 5 2 10 9 6 7 1 5 4 1 6
519 2 2 5 7 9 8 4 6 6 1 9 3 7 2 2 10 4 2 8 9
388 6 8 3 1 10 5 3 8 3 2 10 1 1 3 7 8 1 7 2 3
517 8 10 3 8 5 10 3 9 9 6 9 10 5 6 9 8 4 2 1 1
546 8 1 3 8 3 6 9 9 8 7 10 1 6 8 8 8 5 2 4 9
575 8 1 7 10 10 1 8 6 1 1 3 3 10 5 8 5 7 6 2 10
518 8 8 3 3 2 5 1 4 6 2 3 8 6 2 4 7 8 8 6 10
482 5 4 8 1 9 5 2 1 4 9 5 6 6 10 10 5 9 5 2 7
15
607 4 8 1 5 7 3 6 4 9 9 7 5 8 5 10 6 10 7 7 10
536 3 7 5 10 10 8 6 10 6 4 7 8 5 6 6 6 1 2 5 1
598 7 1 1 2 6 10 8 9 2 7 5 6 10 1 8 4 7 4 7 10
538 4 10 9 5 4 8 2 8 7 6 6 5 1 10 10 5 3 9 8 1
582 2 8 3 7 7 9 10 7 2 6 9 8 5 9 6 7 10 4 6 5
477 4 5 2 5 6 1 6 4 9 8 10 3 5 10 5 4 7 2 1 9
610 9 10 2 3 3 4 9 9 4 9 4 10 3 10 3 8 9 8 4 10
487 7 2 7 2 3 4 3 3 7 2 6 9 3 8 4 5 2 3 8 10
443 1 5 1 10 6 7 9 9 9 7 1 1 4 9 3 1 6 6 4 3
490 7 4 7 7 7 6 10 3 9 1 5 1 7 9 5 2 10 1 2 2
528 10 2 6 4 3 5 1 2 7 5 3 2 8 2 8 8 7 10 8 5
533 10 3 9 9 4 10 4 1 3 4 3 2 10 10 9 8 8 2 3 4
457 7 1 5 3 7 4 2 7 2 10 2 6 7 3 6 7 1 4 3 6
523 8 6 2 3 2 1 8 10 1 4 7 10 4 10 8 5 2 8 6 1
623 7 7 4 4 8 3 9 9 9 5 2 8 6 7 3 4 3 2 10 5
15
565 9 1 4 7 9 2 6 7 2 6 10 3 6 3 7 2 2 8 10 2
474 2 3 6 3 7 8 5 1 1 10 6 7 3 1 2 6 9 5 3 6
409 2 9 2 7 6 1 1 7 5 1 5 8 2 4 7 10 10 1 3 7
481 9 5 7 7 2 1 3 10 6 6 1 1 6 7 7 4 7 6 4 8
441 3 4 9 9 4 3 3 4 9 9 9 9 4 3 9 3 2 5 2 2
448 3 2 7 5 7 9 9 7 6 4 6 10 2 10 2 2 8 4 1 2
501 9 10 7 1 8 8 6 2 1 6 6 4 2 7 1 8 5 9 4 5
493 8 5 1 4 1 7 4 4 6 1 1 9 7 1 9 2 6 6 8 6
610 9 7 2 9 8 8 1 9 5 8 10 6 1 6 4 9 1 9 10 3
532 6 7 3 8 7 8 9 6 9 5 3 6 8 6 3 4 8 3 1 6
445 4 2 10 2 6 10 10 5 7 8 2 1 1 2 6 2 10 3 9 2
569 5 5 7 1 6 3 10 10 6 4 4 7 2 3 5 7 1 9 10 1
424 5 2 8 9 2 3 2 3 5 9 9 2 1 7 8 7 1 1 8 8
533 9 9 5 7 6 6 7 1 3 10 4 4 7 3 5 7 5 9 1 2
455 2 7 7 1 8 5 8 1 5 5 2 1 2 4 4 3 6 3 6 7
15
450 3 7 6 9 8 6 9 8 1 2 2 7 2 5 5 10 10 1 1 1
419 2 1 1 8 9 2 3 9 7 9 10 3 1 8 7 3 9 5 3 4
596 9 3 8 2 10 8 1 4 9 3 8 10 7 4 5 8 10 1 10 9
566 8 4 6 8 8 9 1 1 2 5 5 7 3 10 9 10 6 4 6 10
622 8 7 2 4 5 8 10 8 5 6 2 4 4 5 2 8 7 8 8 6
693 10 5 9 7 10 6 9 10 8 3 1 10 6 1 6 4 7 7 4 8
625 3 10 5 10 9 4 6 5 6 9 5 10 2 7 10 2 2 1 8 10
521 3 5 8 3 6 7 6 5 5 7 6 3 6 1 5 2 9 1 9 10
461 3 10 4 6 8 9 6 3 2 3 10 2 6 6 7 5 5 8 2 6
326 1 4 6 6 4 3 3 3 4 2 8 2 4 8 6 4 1 3 4 3
468 3 2 5 3 8 8 1 5 7 8 9 8 8 6 2 4 5 8 2 2
430 8 1 5 9 10 7 1 5 8 9 2 1 5 2 1 7 8 5 2 1
479 4 8 10 1 5 5 6 10 2 6 6 6 1 3 6 1 1 4 9 7
527 9 6 4 5 9 7 4 3 4 9 2 4 5 9 6 4 5 1 6 6
577 7 8 9 2 6 10 4 5 7 6 5 9 9 5 1 4 10 1 6 6
15
558 10 7 4 1 9 7 5 3 2 9 5 2 2 9 1 7 6 9 9 9
393 1 5 7 6 3 6 7 7 2 3 5 3 1 9 2 4 6 4 5 5
399 2 1 8 1 7 3 2 5 8 2 1 4 4 3 9 8 1 8 6 1
628 7 7 6 9 8 8 8 8 5 10 10 8 1 7 2 1 3 9 10 3
521 2 2 2 9 8 1 6 6 1 3 2 3 6 9 6 7 9 9 5 9
489 2 9 10 3 4 1 3 3 9 3 7 10 10 5 1 3 1 4 5 8
564 4 5 6 9 8 7 9 8 1 5 1 2 10 4 7 7 4 7 9 2
496 4 7 1 1 9 5 3 3 4 10 3 3 1 10 7 2 6 5 7 9
539 7 3 5 7 8 3 9 2 4 1 5 5 8 3 2 9 4 1 8 8
497 1 2 4 9 9 3 3 10 5 9 1 8 1 3 5 1 8 10 2 9
401 1 9 9 1 7 9 4 1 2 3 8 7 2 8 6 3 5 4 6 2
506 5 5 3 4 2 6 3 9 7 1 6 10 7 4 1 3 10 8 4 8
555 10 8 7 6 1 10 9 6 9 2 5 2 4 7 1 5 7 9 8 4
602 10 10 6 4 9 2 2 5 6 8 3 7 10 4 6 6 5 4 7 2
484 5 7 10 9 3 2 1 3 4 10 4 5 6 5 9 1 8 1 8 8
15
585 6 2 7 10 6 10 10 2 1 6 9 3 10 8 5 8 3 6 8 1
603 3 10 7 3 9 4 6 10 7 8 2 8 10 7 6 10 7 4 4 5
561 5 10 5 10 3 3 5 3 6 3 1 2 9 9 10 9 5 9 3 6
505 10 6 6 2 4 5 1 3 4 4 5 4 5 1 3 1 6 10 8 4
559 7 5 8 2 9 3 6 5 1 10 10 8 8 4 6 6 2 10 4 7
567 7 4 6 4 5 1 1 3 6 10 10 8 9 2 5 4 10 10 6 6
501 2 4 6 9 7 7 5 5 6 2 1 1 5 10 6 8 10 9 8 5
592 8 8 8 1 8 8 10 4 6 3 10 1 6 3 8 5 9 1 9 8
516 6 9 1 10 10 1 10 10 8 6 6 6 2 8 1 10 3 3 2 2
436 2 4 4 9 6 6 1 9 6 10 10 3 1 10 2 10 3 9 5 3
539 7 6 9 9 2 1 3 10 9 6 1 3 7 6 8 3 9 10 9 3
521 9 7 9 7 4 10 6 6 1 1 5 5 6 5 3 3 7 1 8 2
591 10 2 5 2 7 6 6 6 7 5 4 10 10 6 6 2 8 1 6 10
389 4 1 6 1 8 5 6 1 4 4 8 9 1 3 10 4 1 10 1 1
379 5 5 10 10 5 2 1 9 7 6 6 3 1 10 5 7 3 2 1 4
15
566 4 6 5 4 8 4 10 4 9 7 7 2 4 7 3 2 9 8 7 8
541 6 7 3 3 7 8 8 2 1 1 5 10 4 7 6 8 2 1 4 6
510 8 10 8 6 10 3 9 7 1 6 3 2 5 8 1 7 1 1 1 5
479 9 1 1 10 8 7 2 8 6 4 1 6 3 8 10 4 4 2 4 1
458 5 4 3 2 7 9 4 10 9 8 1 2 7 8 3 7 6 6 1 8
465 6 9 4 1 4 4 4 3 5 8 4 1 5 1 9 1 5 4 9 7
484 7 9 6 8 1 9 1 10 5 10 7 1 1 5 9 9 1 4 9 4
543 7 8 3 3 6 3 5 6 7 7 4 7 2 1 4 7 5 10 6 4
509 10 5 4 6 1 6 2 9 3 7 7 8 10 10 8 2 6 1 9 1
626 4 5 10 10 9 10 10 4 8 1 4 6 8 4 7 8 1 3 2 10
613 8 7 4 8 3 10 4 4 1 9 7 7 10 4 1 9 8 9 5 5
529 6 2 5 5 9 7 3 6 10 9 1 7 4 6 8 3 9 2 6 2
605 7 10 5 8 8 5 7 4 10 4 7 5 6 5 4 8 1 2 6 7
543 6 4 1 7 9 6 5 2 1 9 4 5 9 10 4 5 1 9 9 1
438 2 9 4 1 5 7 5 5 10 3 8 2 4 3 5 8 4 7 6 3
15
640 1 9 6 6 8 5 7 8 7 8 3 3 10 8 8 9 6 10 9 7
510 4 10 9 9 5 1 7 1 2 5 6 3 7 1 1 8 10 6 1 8
567 5 4 9 7 9 5 3 1 3 1 2 4 7 7 10 9 1 9 7 8
651 5 8 5 9 9 8 8 7 5 9 8 10 6 8 3 2 8 9 4 2
606 9 1 10 4 4 4 8 4 3 10 10 8 7 10 7 2 6 6 10 4
566 5 9 5 6 6 1 2 3 5 6 8 4 9 6 4 6 6 6 10 3
529 6 10 9 7 8 4 3 3 4 3 1 3 3 8 8 7 4 5 9 2
496 9 6 7 8 1 2 4 9 10 1 2 6 2 6 10 8 4 6 9 1
329 1 1 5 5 1 1 1 1 9 1 10 3 2 10 1 3 9 9 2 5
536 2 9 6 9 8 8 5 10 3 2 5 9 5 8 2 4 3 2 9 3
498 5 9 7 3 9 4 3 2 2 3 5 3 1 4 8 6 9 4 8 10
488 1 2 4 9 5 2 4 3 8 5 2 9 6 3 5 4 9 9 1 10
492 3 1 8 5 1 10 10 10 5 4 6 9 2 6 6 10 1 3 1 9
495 7 2 2 8 7 7 2 9 10 4 9 6 6 1 10 6 10 1 5 7
454 2 8 5 3 4 8 8 4 3 2 5 2 4 1 1 5 7 9 10 1
15
580 9 5 6 5 2 10 3 8 2 5 1 9 3 4 7 7 9 8 10 9
635 3 1 4 5 4 9 10 7 9 9 4 6 6 1 10 6 6 10 9 10
490 2 8 10 4 9 2 1 8 5 3 2 10 8 2 8 10 9 3 2 9
472 1 1 6 6 6 4 6 1 7 6 2 7 4 5 8 5 9 6 1 7
455 2 8 5 8 3 7 4 6 2 7 1 5 8 2 4 2 6 7 4 5
520 7 8 10 5 10 10 2 3 9 3 4 7 1 3 1 5 7 6 5 3
526 4 2 9 8 7 2 1 8 7 10 4 8 6 6 4 2 9 2 5 9
560 7 7 8 3 3 7 5 9 4 5 4 8 5 2 2 10 10 6 9 3
508 7 2 9 8 7 5 8 1 6 4 5 10 1 3 9 6 3 2 7 1
670 10 10 9 10 6 1 9 1 8 9 2 10 4 10 3 9 3 3 4 4
538 7 2 8 8 5 6 4 5 1 8 9 9 4 6 8 2 2 9 7 4
455 1 9 9 5 8 3 2 7 1 1 8 8 5 4 10 7 3 2 3 9
631 5 5 2 8 5 3 8 3 7 10 10 6 8 6 5 6 5 8 7 7
673 5 4 1 10 9 9 8 6 5 5 9 8 2 2 10 5 9 8 10 7
525 10 1 4 6 10 9 4 1 1 9 8 8 1 10 3 1 7 7 2 7
15
424 3 10 6 9 1 3 1 7 3 10 5 5 4 6 1 1 3 1 8 2
557 3 9 5 9 3 8 4 4 6 1 6 9 7 10 10 9 3 1 7 5
514 4 3 1 3 5 2 9 1 3 8 2 4 10 4 7 6 3 3 10 4
548 8 7 3 1 10 3 10 1 6 3 9 4 8 1 8 8 8 4 1 6
596 5 9 8 3 3 7 8 2 7 6 5 10 6 8 4 8 5 10 6 2
583 8 5 8 7 10 2 10 6 3 10 8 5 8 8 2 2 8 10 3 4
410 7 2 2 3 7 2 3 1 1 7 8 5 1 5 6 6 5 2 3 4
572 7 1 10 10 3 9 10 5 3 2 10 3 9 5 6 3 1 9 8 1
428 6 8 3 3 5 5 9 8 7 6 3 1 1 6 7 4 3 4 3 4
553 5 2 5 4 5 8 4 5 3 7 6 10 4 7 5 10 2 7 5 7
432 1 6 8 5 9 8 6 8 6 3 10 2 3 4 5 6 8 5 4 2
459 3 8 9 3 4 6 2 3 10 3 7 9 8 4 2 3 10 4 3 5
446 2 2 7 6 8 1 8 2 1 2 10 5 4 9 9 10 1 5 5 4
465 9 1 2 1 4 5 5 1 6 6 6 2 4 1 8 10 1 1 9 2
478 5 6 3 3 1 10 10 7 8 1 7 5 9 4 2 2 5 6 2 4
15
566 10 3 4 1 7 1 9 6 4 9 2 3 8 8 9 9 7 10 7 1
618 7 10 8 7 3 2 7 8 10 4 4 6 7 9 3 9 8 6 9 1
419 1 5 7 4 8 7 6 6 6 6 9 9 1 7 8 5 6 5 1 1
516 6 4 4 10 1 4 2 2 9 7 2 3 1 10 9 10 8 6 9 9
564 10 10 8 10 1 3 3 9 1 3 7 8 6 2 6 9 1 8 1 8
412 4 5 8 3 1 5 4 10 1 9 4 9 1 10 6 1 9 4 3 7
473 2 8 7 1 8 6 6 4 2 3 10 10 1 4 2 4 5 7 2 7
430 6 8 10 8 1 2 3 4 4 2 10 4 1 8 3 1 4 4 3 6
451 5 3 4 5 6 4 4 1 10 5 10 6 9 6 7 3 2 8 2 2
613 8 9 10 4 9 5 4 10 8 7 4 5 6 4 7 6 5 6 9 3
660 2 1 4 9 10 7 5 5 10 5 7 10 9 9 4 6 1 9 9 10
483 6 5 6 8 3 9 7 2 1 1 10 9 8 10 6 9 9 3 3 1
468 3 9 6 3 6 9 5 6 3 9 2 5 10 4 1 1 3 2 3 9
414 3 3 4 2 5 4 3 8 6 2 1 8 1 9 6 5 1 3 8 2
543 10 5 5 9 10 4 3 3 9 6 9 5 10 1 9 2 7 2 3 5
15
472 3 4 9 4 1 9 9 10 6 1 9 2 3 9 5 5 4 7 2 10
624 7 10 5 2 8 5 3 8 7 2 5 10 8 7 8 4 8 8 10 8
567 1 5 9 8 8 5 10 4 6 10 2 7 6 10 10 5 2 9 2 5
545 4 4 5 3 1 3 9 10 2 10 10 7 7 2 6 7 6 7 8 8
632 2 9 9 5 7 6 9 6 10 9 8 6 9 4 1 8 6 5 7 7
426 4 2 6 4 5 1 4 6 6 5 3 2 2 7 7 2 2 6 10 7
499 7 1 7 4 2 3 4 6 4 7 6 7 1 8 10 1 1 3 8 10
593 4 5 8 2 6 10 6 3 10 8 9 10 6 3 9 6 3 7 2 9
487 4 5 6 1 1 7 10 1 6 5 4 5 7 8 9 8 9 7 2 4
491 8 5 6 3 3 5 3 3 7 8 10 3 9 5 3 2 3 1 8 5
588 7 5 10 4 6 6 2 1 8 8 4 6 10 9 5 7 1 9 10 4
521 1 9 10 1 5 9 5 7 1 1 2 6 4 5 2 10 3 10 10 6
626 3 7 9 3 10 10 6 10 10 6 4 6 3 4 6 9 2 7 9 5
552 4 7 8 3 10 2 3 6 7 8 10 1 7 6 2 8 7 8 9 7
483 3 10 5 7 8 6 7 6 1 9 5 4 1 9 10 5 7 2 4 5
15
425 2 3 10 3 5 6 7 6 10 9 2 5 1 9 6 2 9 6 5 1
544 7 1 1 3 10 7 4 3 6 7 1 5 5 5 4 10 7 5 8 4
550 4 1 3 10 8 1 1 4 4 1 6 10 5 9 7 5 10 5 10 8
494 6 3 2 5 5 3 1 4 2 8 6 7 6 2 2 8 1 2 10 10
536 4 8 1 8 9 8 8 5 8 7 1 3 1 8 5 3 2 7 7 4
518 6 4 2 1 4 10 8 9 7 6 8 3 4 3 8 3 9 8 8 8
612 2 7 8 10 4 3 9 10 7 10 8 1 8 5 3 7 8 1 10 7
497 2 1 9 3 8 9 1 4 5 7 5 7 9 8 6 6 10 3 2 10
591 10 6 5 6 1 3 9 9 7 6 2 5 3 6 5 10 7 8 5 7
596 9 9 8 3 2 10 5 2 5 6 2 8 8 2 2 4 5 4 10 8
449 6 9 4 1 5 1 1 7 1 8 5 5 9 4 8 9 3 3 3 1
420 7 1 10 1 10 4 3 5 1 4 10 6 5 6 3 6 6 8 3 2
465 7 7 1 5 5 3 9 4 10 1 7 4 3 6 3 1 8 10 1 5
565 8 1 7 10 9 9 3 8 6 1 2 4 2 5 3 10 5 3 7 10
498 2 6 7 7 4 7 5 1 3 2 8 9 6 3 3 3 1 10 6 7
15
422 2 2 6 8 8 4 5 3 9 2 7 10 4 4 1 1 1 2 2 1
540 4 10 1 3 2 7 10 9 3 9 4 6 7 1 9 5 4 4 7 3
546 10 1 9 7 7 1 2 2 1 9 7 6 1 1 4 8 8 9 8 7
569 6 10 6 4 6 4 8 6 10 9 1 3 5 8 7 2 1 7 5 5
453 2 2 10 6 5 4 3 9 7 7 1 3 3 4 9 5 8 3 7 8
554 3 9 1 3 1 9 10 6 6 9 4 8 8 4 3 6 3 3 9 5
475 10 5 10 2 2 3 3 3 9 6 5 3 6 9 8 2 6 2 4 10
484 10 3 9 4 10 7 6 5 3 9 4 1 3 3 10 6 3 6 4 1
525 7 10 6 4 4 5 9 5 8 1 9 9 2 6 8 4 7 10 2 4
364 3 8 8 5 1 5 2 2 9 9 10 1 5 5 10 3 1 3 3 3
644 4 6 10 4 8 9 7 8 7 10 2 4 10 6 10 4 8 7 10 9
472 7 7 10 6 6 1 10 3 1 1 8 7 1 3 1 10 4 4 1 1
658 7 3 10 4 9 9 5 8 7 10 8 10 4 9 5 3 4 10 8 10
377 6 5 4 6 4 5 3 7 2 1 7 1 8 5 8 9 1 1 3 2
449 3 4 9 6 1 9 3 5 2 8 8 5 8 7 8 3 5 8 6 2
15
562 3 7 5 5 2 4 8 9 7 6 8 6 5 8 10 5 2 10 4 7
465 1 9 2 7 1 7 3 1 4 3 8 8 5 5 9 1 6 6 5 9
451 1 5 8 1 5 7 4 6 5 2 6 8 5 1 3 10 4 4 8 3
523 3 1 8 10 2 7 8 10 9 6 10 10 1 4 3 6 9 9 5 5
615 9 1 4 3 4 3 6 3 10 4 5 9 10 10 8 7 8 8 10 7
489 3 2 1 3 10 6 8 9 3 6 9 1 9 2 4 2 5 3 7 10
653 8 1 10 10 1 8 8 5 8 8 3 5 3 9 8 7 9 10 10 7
650 7 8 2 10 5 7 10 6 8 7 4 4 8 7 9 7 6 4 9 7
637 7 3 4 5 5 3 9 1 6 2 5 8 7 9 10 5 2 8 9 9
591 3 3 1 1 10 6 10 3 3 9 9 9 4 3 7 6 2 9 8 2
592 8 8 3 5 6 10 9 1 5 3 9 3 4 1 3 10 3 6 9 3
527 4 7 4 6 3 6 4 1 3 7 8 8 10 4 2 4 5 3 7 10
510 2 2 5 3 10 5 5 6 2 5 2 9 8 1 3 8 8 8 2 8
510 8 6 6 4 2 8 3 8 3 10 6 5 8 10 7 6 5 5 5 6
477 2 9 5 8 4 9 9 6 8 8 5 4 2 6 10 7 7 1 3 2
15
474 8 4 8 4 2 9 9 6 10 7 3 3 1 2 10 4 7 7 2 3
541 2 2 6 6 9 4 2 8 9 5 8 5 3 6 10 2 6 4 10 9
431 2 5 5 3 2 5 9 10 1 7 10 8 6 7 5 1 4 8 1 4
637 9 10 10 10 2 7 7 5 6 7 2 4 8 2 6 5 10 10 6 2
488 8 5 10 8 7 2 2 2 2 3 5 2 6 3 1 5 3 10 10 2
542 1 1 6 9 10 2 4 5 1 7 7 9 7 5 10 1 2 3 8 6
705 3 7 8 9 2 10 10 1 8 3 5 10 8 10 6 9 8 9 7 9
573 8 10 1 4 5 4 8 6 5 8 9 4 2 6 9 10 6 1 9 2
554 2 10 4 4 6 6 10 9 8 3 10 10 7 9 5 4 6 2 4 8
489 9 1 8 2 2 8 8 8 7 2 2 9 5 1 2 1 6 1 9 4
519 6 2 6 7 2 2 3 2 5 10 7 10 3 6 5 7 3 7 8 1
558 7 6 8 8 1 9 2 7 10 2 9 7 8 8 5 8 6 3 9 4
446 1 7 7 8 7 10 8 1 6 3 1 6 10 5 1 2 1 2 1 3
422 10 3 4 1 8 1 5 7 5 5 10 7 1 7 4 4 4 6 2 4
500 4 6 3 8 8 1 4 6 10 6 1 1 9 3 9 9 4 6 5 3
15
589 9 2 10 7 3 10 5 2 1 10 9 3 7 1 5 6 4 5 10 6
531 6 3 10 6 6 3 1 9 6 7 3 9 8 2 5 2 9 2 3 10
645 8 7 3 9 10 8 7 1 10 7 2 8 8 3 10 6 9 3 7 2
439 7 2 3 5 7 9 1 3 4 3 10 1 3 3 3 5 8 3 7 10
483 4 3 4 1 9 1 1 2 7 9 9 6 6 8 9 6 7 7 3 5
385 5 6 4 3 5 6 1 8 5 4 6 2 1 7 8 1 5 8 7 1
495 9 1 7 9 10 10 4 3 5 4 10 1 1 2 10 3 9 8 5 4
515 3 9 2 3 10 7 2 9 6 6 6 3 9 7 7 9 1 3 5 7
426 5 6 8 4 4 5 6 1 6 2 4 5 7 4 7 2 7 2 6 2
488 3 4 2 5 6 6 7 8 3 2 10 9 3 5 5 10 1 4 6 5
479 9 8 8 7 6 7 4 9 8 7 10 1 1 2 7 1 5 5 4 7
515 9 3 1 1 10 5 7 3 1 3 3 5 2 1 4 7 1 6 10 3
542 8 10 6 9 7 10 4 6 2 6 6 5 2 4 8 5 5 9 3 1
524 2 2 9 9 7 1 10 10 8 8 9 2 2 10 1 5 10 10 2 8
664 10 2 9 7 10 8 4 8 4 9 9 9 10 3 4 2 3 5 10 5
15
608 3 7 1 4 5 5 10 10 4 8 8 6 9 5 5 5 6 9 9 8
461 4 1 9 9 2 8 5 3 5 1 7 3 6 2 2 5 8 9 9 3
479 3 7 4 5 8 1 1 2 1 4 9 8 6 5 6 1 9 2 6 7
589 1 1 3 8 9 4 10 10 7 10 6 4 8 7 6 4 2 6 7 5
584 7 8 1 7 2 5 1 7 7 5 6 6 8 8 2 10 8 10 9 3
410 2 6 6 4 6 3 5 4 5 2 9 7 7 6 3 2 7 3 4 4
496 1 10 5 5 3 5 1 4 5 3 3 9 8 3 7 8 8 8 4 6
688 10 5 10 1 10 9 4 4 10 1 5 10 10 4 5 5 8 10 7 10
508 4 1 5 7 8 8 7 1 4 2 4 10 3 10 9 10 4 9 1 8
425 3 4 5 4 1 5 1 7 3 8 8 7 5 5 8 3 9 9 1 6
513 8 10 5 7 5 7 8 7 4 3 5 1 1 4 2 2 4 5 7 4
420 9 1 2 10 3 2 7 5 1 9 1 2 1 5 1 9 7 3 3 2
485 3 1 4 9 8 1 8 9 7 10 9 6 1 7 9 2 9 2 6 2
512 8 7 3 2 8 8 2 2 7 5 1 4 3 4 6 5 9 7 5 8
640 7 2 2 4 4 10 5 8 10 8 7 7 10 9 6 8 8 10 10 9
15
397 2 9 10 10 2 6 5 1 1 8 2 4 1 8 6 6 7 2 1 4
387 8 6 9 2 1 1 8 1 1 7 5 3 3 5 2 1 7 4 5 3
465 4 8 2 8 8 6 3 3 4 9 4 1 7 4 5 9 5 5 2 8
504 2 6 1 10 2 6 8 2 3 3 2 9 3 9 7 5 10 5 2 9
545 1 9 4 7 2 4 9 9 6 7 4 10 8 1 6 6 10 1 2 8
413 1 1 4 1 10 7 9 2 6 7 8 5 3 8 3 3 10 5 1 2
440 2 2 4 4 7 6 6 10 2 6 4 6 4 7 2 10 10 2 2 3
671 10 5 1 10 5 8 10 3 4 1 5 9 5 2 5 9 1 9 10 6
539 10 8 9 1 6 3 5 1 8 1 7 1 5 9 5 7 8 10 5 6
528 10 5 7 5 4 1 5 6 5 4 3 5 5 1 9 2 5 1 9 3
511 7 2 8 9 4 1 1 1 6 6 8 5 10 5 2 9 10 5 6 4
561 8 1 6 6 7 7 10 5 4 8 4 6 5 5 7 10 7 4 7 2
419 5 2 2 3 2 10 1 6 8 8 9 4 1 2 7 6 5 6 3 9
464 4 6 3 1 8 4 1 3 9 8 1 7 1 2 9 5 1 4 10 4
512 10 8 4 2 7 9 4 10 4 8 1 5 5 7 8 5 7 9 1 1
15
505 6 2 3 10 2 6 7 7 7 3 5 2 10 5 7 9 10 5 4 5
468 8 9 2 2 4 5 1 3 9 10 3 9 1 3 10 7 4 5 1 2
542 6 8 6 10 9 1 5 6 2 4 10 4 10 3 8 1 4 6 5 6
473 1 1 3 10 3 5 2 1 10 4 2 7 10 10 10 5 2 6 3 10
438 4 4 1 3 4 7 5 3 3 7 6 5 7 1 2 7 2 3 1 9
455 1 1 7 9 2 9 7 3 4 8 3 6 1 5 7 3 7 7 8 3
447 4 6 4 5 6 8 2 10 3 8 4 9 4 9 1 8 4 8 3 1
551 1 8 9 9 9 3 4 4 6 4 3 9 9 4 6 4 3 8 1 10
434 1 1 2 1 9 10 5 10 8 9 3 2 1 8 4 6 1 2 8 10
565 7 3 8 2 3 3 8 1 10 7 3 8 6 7 7 10 5 6 6 3
525 4 8 10 2 6 2 2 5 7 4 7 6 9 2 4 1 3 6 9 5
433 5 7 7 9 1 4 1 2 8 1 3 9 1 1 8 2 8 4 7 3
531 8 6 5 7 5 7 3 1 7 7 1 3 9 8 4 2 9 9 3 6
607 8 9 9 9 10 8 5 4 7 4 3 8 5 2 2 6 3 4 6 3
545 6 6 4 2 5 2 8 7 8 10 7 8 3 2 8 3 1 5 4 9
15
533 8 7 3 2 6 10 6 2 8 3 6 8 7 8 5 5 10 5 1 3
472 1 1 3 10 4 10 2 4 9 8 5 7 10 6 6 2 4 7 5 3
492 1 9 10 5 6 3 2 9 10 1 5 10 6 1 4 1 1 10 3 5
593 9 9 8 7 2 9 3 3 6 9 10 8 2 6 2 5 3 2 9 8
378 1 9 3 1 4 9 4 8 8 8 10 7 1 10 5 8 6 3 1 1
495 1 6 2 8 8 6 3 7 4 9 3 3 5 7 8 8 2 6 3 7
551 10 3 2 9 8 10 7 7 1 8 7 2 1 10 4 2 4 1 10 5
509 1 9 1 6 9 7 4 2 4 3 8 6 2 4 3 2 4 3 9 9
485 1 8 8 1 4 8 2 3 6 7 1 6 6 6 1 8 5 7 5 6
464 1 4 9 2 8 2 3 3 6 3 9 1 5 1 5 10 9 8 8 4
561 10 2 8 7 9 8 1 9 5 5 5 7 1 3 1 1 9 10 4 9
502 5 6 5 6 8 5 1 10 5 8 5 4 1 4 10 1 6 5 7 8
602 3 3 10 8 7 3 10 6 8 2 9 7 5 8 5 8 6 6 10 2
583 6 9 9 2 10 3 5 3 3 5 9 2 10 1 9 5 10 4 8 6
410 1 5 10 5 3 2 4 8 2 9 2 9 1 9 6 7 7 9 1 1
15
444 2 5 4 1 8 6 5 5 4 2 2 8 7 4 7 2 6 1 7 1
541 4 6 10 6 9 8 7 7 7 9 5 1 3 5 3 8 7 6 6 4
499 4 7 4 1 4 1 5 5 8 5 6 6 5 4 8 6 2 2 9 7
552 9 5 10 4 4 10 2 7 9 3 4 10 3 3 4 7 1 5 7 5
463 1 1 7 2 4 10 8 2 5 7 10 6 2 4 2 6 10 8 3 7
460 1 3 2 4 1 10 3 5 9 8 9 7 6 1 4 6 1 2 5 6
507 7 6 2 7 8 5 1 8 10 8 4 8 6 8 6 3 5 2 1 9
543 2 4 1 9 10 3 3 1 3 2 5 7 10 8 7 3 7 5 9 9
614 9 8 6 3 10 2 4 5 2 10 2 10 1 9 2 10 8 5 5 9
365 3 1 5 3 5 5 5 7 4 7 6 2 1 2 8 3 2 7 1 6
556 4 10 3 2 10 9 10 10 5 7 1 7 5 10 9 7 1 2 5 2
464 4 3 5 6 10 2 4 9 1 1 7 3 2 6 1 6 10 1 7 8
529 1 9 3 3 8 9 5 3 4 9 6 8 6 6 9 4 5 5 2 10
507 3 2 8 9 8 6 6 5 8 7 3 10 4 8 9 7 9 1 2 1
485 10 6 4 6 4 6 2 2 7 1 4 6 3 7 1 2 9 10 2 4
15
337 1 8 5 3 1 4 4 4 4 6 2 3 2 7 7 5 3 4 4 3
488 4 5 3 4 1 6 5 7 2 8 8 6 3 9 8 10 9 6 8 7
563 9 10 4 8 1 4 2 4 10 4 3 7 1 10 9 8 10 7 10 5
567 1 4 2 7 6 10 10 9 10 9 3 6 1 1 4 6 2 6 9 8
523 5 3 8 5 7 2 4 8 5 6 2 9 9 8 4 2 10 1 7 7
360 3 5 10 3 1 3 8 4 5 5 8 4 2 5 6 3 2 1 1 7
435 2 1 3 6 4 8 2 1 9 8 5 2 5 2 7 3 8 10 3 9
619 10 4 4 9 8 5 10 2 5 3 5 8 6 3 3 10 7 3 5 6
494 3 1 9 1 4 4 9 10 3 10 5 7 1 10 1 6 2 5 7 9
636 5 10 6 6 8 3 7 1 9 7 3 10 4 1 3 10 5 5 8 9
609 10 7 2 6 7 9 5 8 7 2 8 4 2 3 10 2 2 7 10 6
577 10 2 6 8 10 10 7 4 5 10 10 7 1 4 2 6 4 8 7 1
429 5 4 2 8 1 7 10 6 2 6 8 3 3 2 1 4 1 1 4 4
554 8 7 4 7 1 5 2 5 8 8 6 2 6 4 2 3 5 6 10 8
457 7 8 7 5 3 7 3 4 6 2 9 3 6 3 2 8 9 1 3 10
15
423 1 2 6 4 10 10 7 8 4 9 4 2 3 3 4 7 2 2 2 1
507 6 10 4 4 10 8 2 9 5 1 1 6 6 1 5 8 9 8 1 3
527 9 2 6 9 6 7 3 2 1 4 6 7 5 1 3 8 8 7 1 7
408 6 9 8 2 1 1 7 1 9 8 10 3 4 7 3 1 8 2 2 5
466 7 1 8 7 2 8 1 4 4 8 3 3 7 5 8 10 8 5 2 10
436 2 10 1 9 5 4 10 6 2 4 8 3 2 2 10 7 6 1 4 2
494 4 10 8 7 6 8 6 5 7 5 1 4 4 1 6 2 4 7 2 4
519 4 3 7 1 2 1 6 9 9 3 4 9 3 9 5 8 8 2 9 8
454 5 9 5 9 5 6 5 1 2 1 4 3 5 6 8 7 6 6 3 2
563 10 2 7 2 9 10 7 8 8 6 9 4 5 5 10 8 8 1 1 8
445 5 2 5 6 2 3 9 2 5 3 1 5 5 1 8 6 1 5 4 3
641 2 8 6 10 4 9 8 8 6 7 10 8 9 5 10 7 3 9 6 9
635 4 6 6 2 5 10 6 8 10 5 10 10 2 7 10 8 6 3 10 10
558 2 6 1 9 1 5 6 5 5 7 2 9 8 7 5 3 7 9 4 9
505 2 2 5 8 3 3 2 7 5 3 10 9 8 6 2 8 8 6 10 3
15
607 7 9 1 7 7 10 10 1 7 8 9 8 4 2 1 9 2 2 6 3
517 2 7 4 2 6 1 5 1 2 8 8 10 3 7 5 8 3 10 6 6
452 4 1 8 1 7 7 2 8 6 6 10 6 6 2 3 2 7 3 5 7
478 8 9 2 5 8 8 3 5 3 3 7 1 1 8 8 5 5 7 2 9
476 9 4 9 1 3 10 3 8 4 9 6 7 3 7 7 5 1 7 5 3
497 2 6 7 1 4 1 6 4 3 10 2 6 6 8 4 3 8 1 8 9
513 6 3 6 9 7 9 2 9 4 4 9 4 4 4 1 7 2 5 9 6
602 10 8 7 6 2 1 9 5 2 9 5 3 9 6 4 8 1 4 8 10
608 10 8 8 7 2 3 3 4 6 10 7 10 10 10 10 6 1 3 6 2
530 7 8 5 5 9 5 2 8 5 2 9 8 8 1 10 4 1 3 1 9
516 8 4 8 3 4 4 7 1 6 5 1 8 10 8 8 4 10 4 2 4
620 4 6 9 4 4 5 10 5 9 1 10 9 6 9 9 2 3 10 10 2
512 1 3 2 9 6 3 6 9 10 3 3 4 3 8 8 10 4 6 6 7
557 3 8 4 6 9 1 9 2 5 10 6 5 7 3 9 10 9 6 1 9
374 1 8 8 5 2 4 2 2 3 8 10 1 2 2 1 5 2 6 9 3
15
555 4 8 10 8 5 8 2 1 10 3 3 5 7 5 9 4 10 8 7 7
663 8 9 5 9 8 2 8 5 8 8 9 7 5 4 7 6 9 7 9 7
580 8 4 3 10 10 5 6 8 6 10 7 10 2 1 5 10 9 6 2 3
475 5 7 3 2 9 2 2 7 9 4 2 9 1 4 6 2 6 1 5 8
441 4 1 9 7 7 3 7 4 2 10 9 4 3 2 1 7 5 4 4 2
424 4 8 9 2 1 9 2 6 4 7 8 4 8 1 10 10 1 5 1 2
500 8 6 7 1 10 5 3 3 9 5 6 4 6 1 3 3 5 9 5 7
484 1 6 5 5 8 1 6 2 4 4 3 2 10 4 6 1 7 1 9 9
470 7 9 7 8 3 1 1 6 8 8 6 4 2 10 4 3 3 10 3 5
560 6 7 2 5 5 4 2 4 8 1 3 8 9 6 2 1 1 10 9 4
395 3 1 3 4 1 5 5 2 9 8 8 2 3 6 10 6 5 1 5 5
452 9 3 2 6 7 2 1 9 5 10 5 3 4 6 6 6 6 9 4 1
509 8 7 3 8 5 5 3 2 10 3 1 10 2 5 3 9 1 1 2 5
648 6 7 2 2 3 1 10 3 10 8 5 7 7 3 10 6 10 9 10 4
516 5 1 2 5 10 8 2 6 3 5 9 3 4 5 2 5 6 7 9 8
15
653 8 6 3 1 2 10 10 9 4 3 3 10 9 10 10 1 7 9 7 9
522 9 6 5 6 7 2 9 7 7 4 9 8 5 2 1 10 2 6 1 2
457 1 9 10 5 2 6 9 5 1 2 5 7 1 3 6 4 9 9 2 5
570 8 8 1 5 1 10 9 2 10 9 3 4 3 4 4 7 9 3 10 7
543 4 2 6 9 6 7 10 2 4 6 9 1 1 3 4 10 8 3 7 9
507 4 10 3 5 10 2 3 10 5 1 8 7 1 5 6 2 3 2 10 3
491 3 10 8 6 8 3 4 2 4 10 6 8 1 1 3 4 7 3 8 1
525 2 8 9 8 7 7 4 3 7 7 1 10 5 4 8 4 5 1 5 2
609 3 7 6 3 10 6 8 10 1 5 4 3 7 9 7 8 5 6 10 8
504 10 2 7 10 3 7 7 2 6 10 5 1 1 6 1 5 2 7 4 10
396 4 8 8 6 1 1 3 6 1 2 4 2 2 1 4 3 8 8 6 4
551 7 8 10 2 8 4 3 7 5 4 7 9 9 8 6 2 6 4 7 6
467 5 9 3 7 4 10 7 8 8 3 5 3 2 2 3 8 4 8 1 2
520 5 3 2 6 3 5 7 6 6 1 3 10 4 10 9 8 9 4 4 6
456 3 7 10 2 6 10 7 1 3 6 2 5 3 6 3 4 2 10 4 2
15
477 2 2 2 9 1 9 9 7 4 3 7 6 1 3 6 6 8 6 6 6
513 4 3 4 10 6 2 10 4 1 7 3 3 3 3 6 2 4 1 9 5
517 7 2 8 9 9 5 1 10 2 10 10 8 6 7 3 2 9 3 8 1
648 10 5 4 3 6 6 1 9 8 7 3 9 10 8 8 6 10 10 9 10
390 9 6 4 2 2 4 1 9 4 4 2 9 2 5 2 4 4 3 6 2
543 2 5 10 2 3 7 8 10 3 8 5 9 6 1 10 7 8 10 5 7
490 7 6 2 3 4 9 1 7 9 1 9 6 8 9 4 1 7 10 4 2
451 10 3 6 9 7 1 4 6 2 9 4 3 4 7 4 8 8 1 3 1
554 3 10 1 1 3 5 10 4 5 8 4 9 7 9 1 5 3 3 7 10
514 5 1 8 8 1 5 6 1 3 6 5 6 1 1 6 6 2 5 10 6
496 2 10 6 1 7 5 3 5 6 2 5 8 2 6 7 10 4 5 8 9
494 4 9 10 8 8 1 10 10 7 2 6 2 3 5 7 5 5 3 5 4
527 5 4 4 7 2 8 9 5 8 2 5 2 5 2 7 10 10 10 8 2
580 9 1 1 9 8 5 6 8 10 6 10 5 7 6 5 7 9 8 8 2
636 10 8 8 3 8 2 6 2 8 8 2 7 9 2 9 7 7 7 7 5
15
530 10 3 7 1 6 1 7 3 1 10 9 4 9 10 7 8 4 3 5 3
479 9 1 2 4 1 10 10 2 4 1 10 3 9 8 7 5 1 8 4 2
482 2 4 9 9 3 2 10 2 8 5 10 4 9 3 1 8 1 1 1 6
545 1 7 3 9 7 2 6 1 3 2 2 7 8 2 4 8 3 6 7 7
429 7 2 7 2 7 1 5 1 8 3 6 5 3 5 2 6 8 2 4 6
415 8 7 9 3 1 8 2 3 3 10 7 6 2 4 4 8 2 1 2 8
610 7 8 7 4 7 1 8 6 8 7 1 9 9 8 9 3 9 2 6 10
550 2 6 3 2 5 5 9 5 4 2 7 10 1 7 7 1 5 7 8 8
482 9 10 4 3 2 3 1 8 2 8 8 5 5 6 3 2 4 7 2 10
466 1 8 7 2 9 4 6 1 1 3 10 4 9 7 6 1 6 4 10 2
582 4 7 2 2 10 6 9 9 8 1 1 9 10 10 10 9 1 10 5 3
464 1 1 10 4 8 5 5 4 4 7 4 10 4 7 7 6 10 1 5 1
475 8 5 7 3 4 10 4 6 3 9 4 2 4 8 1 3 1 10 3 3
542 10 10 1 7 1 4 3 9 3 1 6 3 4 6 1 7 6 8 9 8
503 8 2 1 5 2 8 3 10 1 6 2 9 3 1 10 6 10 8 3 6
15
484 10 3 2 5 3 1 8 4 5 7 9 5 7 3 1 5 1 8 2 1
476 1 9 10 9 3 10 1 6 1 9 3 4 6 10 9 10 6 6 2 1
520 5 9 2 4 2 10 4 3 8 1 5 10 7 5 10 3 5 1 8 4
513 10 9 7 7 5 2 2 4 3 7 9 1 2 1 2 7 8 2 9 6
431 2 3 10 6 7 6 5 6 2 7 2 5 2 10 6 3 2 7 2 2
359 3 9 8 1 1 9 5 4 4 2 4 3 1 2 6 7 8 4 3 5
488 7 2 5 4 8 10 8 10 2 6 7 5 3 9 10 3 1 6 1 6
523 8 8 5 4 6 5 1 8 1 7 4 7 8 4 3 4 7 3 7 4
555 7 8 5 9 5 3 6 10 10 4 10 8 4 9 9 8 9 3 1 9
509 4 4 1 5 3 3 9 7 6 10 8 6 10 1 3 9 10 4 3 2
565 5 1 1 7 1 1 6 8 1 10 9 6 8 7 6 10 8 5 10 6
534 1 9 8 8 4 10 3 9 1 10 6 10 9 6 5 2 4 6 4 3
556 9 7 1 9 10 6 7 7 3 4 10 2 2 1 2 5 1 9 3 8
495 2 9 4 2 4 6 4 7 6 4 1 10 5 2 9 6 8 7 1 8
536 2 2 7 2 4 9 6 9 9 8 5 4 9 1 8 1 9 7 8 4
15
490 4 3 4 7 4 9 2 10 1 2 8 2 10 6 5 9 2 8 6 8
613 7 9 2 4 7 4 9 8 3 8 8 3 2 5 6 1 9 6 10 10
497 2 3 7 8 8 8 4 6 6 5 10 9 8 10 3 5 5 4 1 7
560 10 5 6 7 4 8 3 6 3 5 3 9 3 4 8 7 5 8 5 4
539 6 6 6 7 3 5 3 10 2 5 6 5 4 3 6 7 9 8 9 5
648 6 6 2 5 7 8 9 4 7 5 1 7 7 10 9 8 2 10 7 8
462 2 2 6 4 4 2 7 4 4 9 9 2 10 4 9 1 5 2 5 6
529 1 1 6 10 7 8 9 2 8 2 2 9 3 1 2 5 1 10 3 5
528 10 8 7 4 8 1 5 2 1 6 10 2 5 8 10 8 6 4 2 8
515 10 5 5 8 7 3 10 2 10 5 8 6 7 3 3 4 1 2 1 3
439 2 7 1 3 5 10 8 4 6 1 10 4 4 2 1 4 10 9 2 4
543 4 2 5 5 7 4 8 2 3 10 2 7 10 9 4 8 5 10 2 1
458 2 3 8 5 3 2 9 10 2 7 3 6 7 5 6 7 2 3 4 3
562 3 7 8 4 8 4 5 3 4 8 8 8 5 10 8 6 5 9 7 4
554 1 5 6 3 9 8 6 2 6 10 3 7 10 1 10 9 9 6 3 5
15
556 2 2 7 8 3 7 6 10 7 5 1 10 5 8 7 10 7 10 9 1
571 7 2 2 9 8 8 3 6 9 2 2 5 5 3 7 8 2 6 7 6
540 4 9 10 8 8 9 8 1 6 5 9 1 8 2 2 7 6 8 3 8
618 3 6 2 2 8 9 10 9 2 8 4 9 6 4 2 10 10 8 8 5
634 10 9 3 1 8 10 9 10 9 10 8 7 5 1 9 3 4 8 1 9
634 8 5 5 6 7 2 7 3 5 8 9 7 10 8 3 8 8 5 9 7
391 1 8 7 2 2 8 2 1 1 2 5 1 4 6 2 5 6 10 4 9
585 9 7 7 4 7 10 5 9 2 5 4 7 4 4 2 4 1 5 8 9
558 8 9 10 2 6 3 4 7 6 4 2 3 5 9 10 8 3 7 8 9
665 5 6 10 5 9 1 7 3 10 8 9 9 10 6 10 9 1 6 7 8
499 2 4 1 9 2 8 5 5 5 7 4 2 9 8 8 8 5 1 7 4
361 2 3 9 10 1 4 3 5 2 3 7 2 5 6 10 1 8 2 3 7
475 7 5 3 9 6 9 3 9 5 8 9 3 4 8 2 10 1 1 3 1
569 1 8 2 8 5 6 10 6 10 5 8 4 8 3 8 7 2 3 9 6
485 4 4 8 1 2 9 5 3 3 6 7 10 6 2 7 7 8 6 2 9
15
650 9 9 4 9 5 1 8 3 4 2 4 6 2 8 8 8 5 6 9 10
438 10 5 4 6 4 6 1 3 3 10 6 8 1 7 9 10 4 3 1 2
595 2 3 8 6 9 8 7 1 4 4 2 4 9 10 10 4 3 10 10 8
511 9 2 5 9 9 5 8 6 10 1 3 9 10 10 2 3 2 2 1 1
555 7 1 10 7 9 7 5 5 1 1 4 7 9 5 9 3 5 2 7 7
454 4 1 2 7 5 3 7 2 6 1 6 3 6 7 7 5 4 4 4 10
458 10 5 1 4 1 3 2 8 2 3 4 7 4 1 8 10 6 8 3 6
459 1 9 9 6 6 4 8 1 2 2 9 2 9 6 2 6 9 2 3 5
497 3 4 8 1 1 1 9 9 5 3 2 10 10 10 8 9 10 2 5 1
533 6 3 4 10 3 2 10 6 3 10 8 1 8 3 8 8 4 7 3 4
460 9 2 6 6 10 8 3 5 3 9 10 4 3 10 2 9 6 9 1 1
474 7 3 7 1 6 1 4 2 9 8 8 4 3 9 8 5 5 3 8 2
495 10 7 10 3 4 10 1 2 1 4 1 4 7 7 5 6 2 9 8 1
477 5 10 8 5 9 1 7 7 4 2 4 5 3 10 4 5 7 7 1 4
502 5 9 2 6 9 8 6 9 2 3 3 4 2 5 7 5 10 1 2 10
15
402 2 4 9 1 2 9 2 3 10 2 1 7 8 5 1 10 7 5 2 3
531 4 4 9 7 7 3 10 8 10 5 8 7 3 7 1 7 6 2 6 2
450 9 4 2 4 3 3 4 8 7 2 6 6 1 2 10 3 1 8 4 7
363 4 6 4 1 2 8 1 8 2 5 1 3 4 6 6 4 2 1 7 5
566 6 3 6 7 8 3 10 9 8 5 3 2 7 4 1 1 4 5 6 7
522 2 6 1 10 7 5 1 8 10 5 3 6 7 10 5 5 4 5 6 8
562 7 9 5 9 7 7 4 2 3 4 8 5 9 9 8 10 9 5 1 3
494 2 7 4 2 5 1 9 7 6 2 7 1 2 10 3 8 9 3 8 10
682 9 5 7 8 10 10 10 5 3 5 4 8 4 5 3 4 2 8 10 10
557 10 6 7 1 6 5 9 8 7 4 5 7 1 4 4 3 5 9 6 2
531 6 5 7 2 1 3 8 7 4 3 7 9 10 1 8 1 4 8 5 5
546 2 7 3 9 2 7 9 1 7 7 6 1 6 3 7 7 7 7 7 6
551 10 2 6 9 9 2 10 5 2 7 10 3 9 4 4 5 10 4 2 3
625 10 10 2 8 5 3 10 2 9 2 9 4 7 3 3 3 4 7 8 8
511 5 2 2 8 9 2 5 8 6 2 7 4 3 7 2 7 2 5 6 8
15
404 6 2 8 6 3 1 1 2 1 6 5 3 2 3 9 3 2 10 3 5
543 9 3 3 3 7 10 8 3 10 3 10 10 2 1 7 4 9 6 3 2
600 9 7 4 9 7 2 8 2 2 4 2 9 6 9 3 7 6 8 3 4
382 4 3 6 9 2 3 2 9 6 8 1 2 7 6 10 1 10 3 1 4
431 7 2 10 4 1 6 1 1 5 5 6 7 3 1 6 8 5 6 5 8
488 6 1 5 1 7 1 6 6 5 3 1 3 5 10 3 2 10 6 9 8
586 5 6 10 9 7 8 5 6 1 10 1 6 4 9 5 6 6 2 9 7
545 5 6 4 8 10 6 8 8 3 1 9 2 8 3 7 8 2 4 9 2
556 7 5 4 6 5 8 5 10 3 4 8 8 8 1 4 6 10 5 3 6
622 8 7 6 6 8 7 9 6 3 7 8 7 8 10 10 9 3 4 4 4
528 8 4 4 8 6 3 4 8 9 3 6 1 3 7 1 3 3 6 9 10
473 1 5 1 7 4 9 4 10 7 6 3 9 6 4 9 1 2 6 2 9
501 1 2 2 6 9 8 10 10 6 3 9 3 8 10 1 7 6 9 1 7
571 4 4 2 9 4 5 1 8 5 8 2 6 9 1 2 4 1 10 7 10
434 7 6 5 7 1 10 6 6 2 5 10 1 4 10 7 7 2 1 4 7
15
597 9 2 9 4 10 10 4 10 10 2 8 10 2 3 8 2 5 1 10 7
591 1 3 2 9 5 8 10 8 2 2 5 5 10 5 1 7 2 8 6 10
557 10 6 5 7 4 4 6 3 4 6 9 3 10 5 6 10 6 4 8 3
517 9 10 1 5 1 5 4 10 2 6 9 5 9 6 5 1 2 3 6 4
414 10 3 1 9 5 2 3 9 10 2 6 3 4 9 10 7 2 3 1 4
513 9 2 3 5 10 6 1 5 2 3 10 6 10 8 3 6 3 5 2 5
544 8 2 2 9 6 10 6 2 1 5 3 10 7 3 4 7 6 3 3 5
654 10 5 10 8 3 10 10 4 3 10 8 9 5 10 8 10 7 1 1 10
460 4 9 8 9 3 1 8 9 2 3 5 4 7 1 1 5 4 9 2 4
620 7 10 5 10 1 4 4 8 7 7 8 10 4 5 10 2 1 7 10 6
498 8 9 2 8 7 6 7 2 4 3 5 5 1 7 3 7 8 1 1 6
498 6 3 10 10 2 3 1 6 8 3 3 3 8 8 4 7 4 2 8 7
495 3 8 6 6 2 5 8 6 7 9 5 2 2 1 1 3 8 5 5 9
431 5 5 9 5 4 8 5 3 10 7 5 1 9 5 7 2 1 6 1 4
456 3 1 4 3 3 1 5 2 10 5 2 8 2 9 8 5 6 7 4 5
15
511 2 7 1 10 1 8 6 2 3 2 10 4 8 8 1 5 9 9 8 8
522 2 10 4 9 4 1 2 7 2 5 9 5 8 4 6 2 10 9 8 1
470 1 9 5 3 7 3 1 7 6 9 10 4 7 4 5 7 10 3 4 10
573 10 8 7 10 5 6 2 2 8 7 7 2 5 7 3 2 7 3 6 8
521 2 8 8 6 3 9 1 6 10 3 6 5 10 4 8 5 10 10 5 6
569 6 2 1 8 9 8 9 6 8 8 10 6 2 3 7 5 2 1 4 9
672 7 6 10 1 8 5 8 10 10 4 3 10 9 8 9 5 8 7 9 6
411 4 1 6 4 3 8 3 2 7 4 1 7 6 6 9 6 10 4 6 1
504 7 9 1 6 3 1 2 2 7 4 7 2 10 6 8 2 10 8 2 8
620 5 10 7 4 9 7 6 10 4 1 6 9 1 8 10 3 1 7 10 8
447 6 3 10 1 6 4 2 7 7 1 9 2 4 7 8 7 4 7 7 9
442 4 4 2 1 2 3 10 9 2 3 5 8 2 2 4 8 10 9 2 1
619 9 9 10 3 8 6 2 8 10 4 2 7 5 9 7 9 6 4 9 7
647 8 10 9 5 8 1 5 4 10 4 1 7 10 2 3 6 2 10 10 2
465 2 8 9 1 6 4 9 3 9 1 5 5 4 8 2 2 4 2 10 2
15
498 9 8 7 6 2 2 3 2 10 3 4 1 9 1 2 5 7 9 2 6
460 3 8 9 4 1 2 7 2 1 3 9 1 9 7 4 9 3 4 10 2
542 8 4 8 8 5 9 1 10 10 4 3 10 4 2 10 7 5 4 3 3
547 4 7 6 2 3 4 10 3 8 2 10 6 4 7 1 8 8 3 8 7
646 5 5 6 10 4 7 8 7 2 10 8 10 9 10 10 6 8 5 9 4
370 1 5 10 1 7 2 9 9 4 3 3 1 1 5 10 5 8 3 5 3
616 3 8 10 8 6 6 9 8 7 9 10 9 6 2 9 7 6 1 4 4
554 6 4 8 9 6 8 9 4 9 9 3 7 1 6 2 8 2 8 2 8
463 6 4 6 4 10 3 7 10 1 2 7 1 6 7 1 10 8 5 5 2
446 8 5 7 6 1 9 2 3 6 4 7 1 7 1 8 9 4 2 2 5
547 8 6 4 7 4 4 6 5 4 3 7 5 3 7 7 10 1 1 10 4
500 3 10 4 2 8 5 4 3 2 7 2 1 7 3 8 2 8 7 5 9
489 7 4 3 6 2 5 9 2 5 3 9 4 2 4 10 4 3 7 8 5
604 7 10 6 8 3 2 3 5 1 9 7 10 7 10 2 1 10 10 8 4
561 5 6 9 8 5 3 9 2 2 4 1 2 10 4 8 10 2 10 5 5
15
536 1 9 7 3 3 4 8 9 10 4 2 7 6 8 8 9 10 5 7 8
497 7 2 3 5 1 8 4 8 8 9 5 9 2 1 8 10 9 2 5 4
473 1 1 10 8 2 8 5 3 8 9 7 5 4 2 8 6 4 2 5 8
437 2 9 3 8 8 6 2 7 4 1 8 7 1 10 9 7 1 7 3 5
495 10 9 7 1 5 10 9 1 8 7 3 5 2 4 3 3 2 6 1 7
434 7 1 1 5 6 3 8 1 1 2 10 2 4 6 1 9 5 3 4 6
590 10 7 7 2 7 8 8 3 3 9 10 1 10 1 8 10 2 2 7 6
621 9 10 10 9 5 3 8 5 9 1 2 2 5 6 9 6 10 10 6 10
510 8 1 3 9 8 1 4 9 7 5 10 5 1 5 1 9 6 2 9 6
425 6 1 5 1 8 10 3 4 3 4 5 9 1 8 6 2 10 7 2 6
485 3 8 3 8 1 2 7 7 9 3 8 1 8 9 3 7 7 5 8 3
585 7 1 8 1 4 8 10 8 7 1 3 10 5 10 2 6 5 9 9 2
515 3 9 7 7 1 4 5 2 2 4 10 10 1 1 6 9 10 6 10 4
577 9 3 9 5 2 8 7 2 6 8 8 8 7 6 8 5 2 2 3 9
644 8 5 6 9 10 9 3 4 6 2 4 10 8 8 4 6 3 8 8 5
15
454 1 5 6 2 1 5 5 3 10 8 8 2 2 1 4 3 6 9 9 3
536 6 9 6 9 1 8 8 6 8 1 8 10 1 6 1 4 3 8 6 2
557 9 2 4 6 2 5 4 5 1 5 10 5 9 2 4 8 9 10 9 4
495 10 1 4 2 8 1 8 4 8 4 1 4 8 1 9 1 3 5 1 8
495 6 4 6 2 4 3 10 3 8 3 10 5 1 6 10 6 6 2 9 7
556 9 9 1 8 2 9 8 8 8 7 9 1 6 6 5 5 9 8 3 1
462 5 3 1 8 6 2 6 8 6 9 10 2 9 7 1 2 3 6 3 6
519 5 7 2 7 8 10 5 2 5 7 8 10 3 4 8 2 8 1 7 3
544 1 9 2 3 5 5 2 7 8 6 6 6 7 9 3 3 4 10 6 10
410 5 6 3 9 2 7 1 7 5 1 9 6 9 2 3 4 3 3 2 6
558 2 7 10 3 5 2 10 7 2 7 8 1 9 10 8 10 1 5 7 10
477 6 5 2 8 3 10 1 8 9 10 6 5 5 4 9 8 5 1 3 6
640 4 9 9 10 6 7 6 8 7 6 8 6 7 9 1 6 8 7 9 9
582 6 4 8 1 4 7 9 4 10 10 3 8 4 10 2 6 7 4 9 10
562 4 3 6 10 9 8 6 9 2 7 6 8 9 6 4 8 8 5 1 9
15
551 9 6 2 8 8 1 4 3 2 5 1 5 4 10 6 1 3 7 7 8
542 4 8 4 6 4 4 1 3 1 10 1 2 6 7 7 10 6 9 9 8
431 3 9 5 4 6 1 5 8 1 8 7 3 7 4 3 2 10 4 3 8
405 1 5 2 1 9 1 6 6 6 6 5 3 5 4 9 2 1 4 5 8
521 4 9 10 5 9 10 3 5 2 10 10 6 5 8 2 6 3 2 3 10
621 8 5 7 5 7 10 9 4 10 7 6 9 3 4 3 7 7 2 8 4
568 2 8 6 10 8 3 3 10 5 10 7 5 5 2 3 4 6 8 8 4
473 2 6 5 4 4 3 8 10 4 10 7 4 3 3 8 1 1 7 4 4
448 6 2 4 9 4 10 7 3 9 2 4 5 1 9 6 3 2 5 1 9
454 2 7 3 5 4 8 5 6 5 4 9 6 10 10 1 2 2 9 1 1
526 8 7 8 8 3 4 1 4 10 6 7 7 1 1 10 6 7 3 5 9
629 8 9 4 2 3 3 10 5 7 6 8 10 1 10 2 6 9 9 8 6
541 8 10 2 1 8 2 10 5 9 7 6 3 6 10 6 7 9 2 3 4
512 9 6 1 2 5 9 2 6 10 7 2 8 6 1 2 6 8 2 4 8
507 4 8 6 8 10 10 2 9 2 5 3 8 1 7 2 6 9 1 5 9
15
454 2 8 2 2 7 9 2 5 8 6 10 10 9 10 2 9 5 3 1 1
523 6 6 6 8 2 4 5 8 3 1 7 4 10 10 4 6 10 8 7 2
458 4 6 8 8 1 7 7 4 7 9 8 4 3 7 6 6 7 1 6 1
651 4 10 5 9 9 3 8 5 4 10 10 10 6 4 1 10 2 3 6 4
558 7 6 2 3 7 2 6 10 10 7 6 4 9 3 7 5 7 1 10 1
597 8 1 3 8 4 9 9 6 5 5 2 4 6 4 2 9 8 2 10 9
683 7 10 10 8 10 4 7 4 7 9 9 5 10 1 2 7 8 3 10 5
590 8 3 4 4 6 8 3 9 7 10 8 9 4 2 4 8 7 4 6 8
663 10 6 10 4 8 6 9 6 2 6 3 5 10 2 3 1 2 7 8 8
537 9 2 9 5 7 9 4 5 9 9 10 10 6 8 10 3 1 1 2 4
513 6 10 4 1 4 8 8 9 8 9 5 2 1 3 2 6 10 1 6 10
474 3 9 1 3 2 6 10 5 2 4 4 6 8 3 4 10 6 8 2 3
455 3 1 2 6 1 1 3 3 9 6 1 4 6 10 2 8 2 6 7 5
488 9 1 1 4 4 2 3 5 5 6 3 9 8 3 1 1 4 8 8 3
590 4 6 9 9 5 10 7 8 1 6 4 6 9 6 7 9 6 6 7 3
15
607 10 4 7 4 7 1 9 10 2 10 3 5 3 8 6 6 2 9 10 1
529 6 10 6 1 7 7 4 5 8 9 1 3 5 3 1 7 9 9 9 4
523 7 5 8 2 3 8 9 10 5 3 6 4 1 2 10 8 5 3 7 8
427 6 2 3 10 7 4 1 5 1 1 9 6 1 6 4 5 3 10 3 2
575 1 10 1 10 5 2 10 10 2 1 3 1 9 7 8 6 5 5 9 7
481 5 10 3 3 3 7 6 6 10 6 6 3 1 8 8 9 8 3 4 3
568 7 7 7 3 10 4 6 6 3 7 6 5 9 2 3 4 3 5 6 8
444 4 8 8 2 8 2 5 5 7 9 9 1 4 10 10 8 3 5 3 2
586 6 10 6 6 3 4 6 9 9 3 6 3 9 6 5 6 8 10 4 7
556 7 7 9 1 7 8 5 4 9 6 10 6 8 4 4 6 3 9 6 1
408 6 5 3 9 6 2 3 6 1 4 6 4 1 4 4 2 9 3 3 10
532 3 2 3 9 4 5 2 3 8 5 7 8 7 1 5 8 8 10 4 8
581 1 2 3 4 9 10 9 8 7 9 3 4 5 7 10 10 5 9 4 10
597 9 6 10 6 10 5 4 8 4 6 8 5 8 8 3 3 7 5 2 10
538 10 10 10 5 4 4 10 5 9 8 5 4 1 4 8 6 6 3 5 2
15
528 2 5 9 5 4 9 5 10 3 1 2 8 1 10 2 6 6 9 7 8
464 5 8 1 4 1 7 5 1 8 2 1 3 6 7 1 10 10 6 4 9
505 1 2 9 8 2 10 7 4 10 9 5 2 5 4 4 9 9 10 3 7
404 4 7 5 4 4 4 2 5 5 1 8 7 1 5 7 7 3 4 2 4
240 1 4 5 1 2 6 1 5 1 2 10 1 2 4 9 7 10 4 3 1
614 10 9 7 3 2 6 9 2 5 9 5 7 5 8 1 4 5 3 8 6
451 7 7 3 5 5 10 1 9 2 1 3 10 1 4 9 2 3 2 3 4
611 1 2 6 8 5 10 8 4 4 6 1 9 10 10 1 8 6 9 9 3
479 8 2 6 1 1 6 10 5 9 5 9 2 5 9 2 7 10 5 2 10
557 2 9 5 6 9 3 7 8 4 3 5 6 8 10 8 4 4 1 9 6
457 10 6 6 4 2 6 1 3 2 5 1 3 6 4 7 10 1 2 8 2
636 10 4 1 7 2 7 4 8 6 9 9 10 8 9 4 4 7 10 4 8
540 4 3 8 6 4 1 5 2 10 1 10 7 6 2 9 10 1 10 4 9
462 1 2 6 7 4 1 5 1 10 4 1 10 2 7 5 10 7 4 7 5
592 6 2 5 10 8 6 9 1 2 9 2 4 10 6 2 8 1 2 8 9
15
539 4 6 2 8 9 5 3 9 10 4 7 8 4 2 1 2 7 6 7 7
545 4 6 10 8 9 6 4 7 4 5 7 5 3 3 6 5 10 9 6 10
455 1 1 5 1 7 3 4 9 2 3 3 10 5 9 7 9 4 4 8 1
427 5 6 9 6 8 1 3 1 7 1 6 5 1 9 9 1 5 6 3 4
541 9 6 5 5 3 2 10 5 10 2 10 7 2 2 10 1 8 10 4 8
480 3 5 6 10 10 8 7 5 9 10 1 7 5 3 9 1 1 1 1 3
519 2 8 3 4 7 9 10 5 5 2 3 3 2 7 8 2 5 8 9 8
476 10 5 7 10 1 10 6 1 2 4 4 3 2 4 5 1 10 7 2 4
537 8 9 10 4 7 5 8 10 5 3 3 8 9 5 1 2 9 5 3 2
558 5 4 3 6 5 10 6 8 7 6 10 1 6 5 4 8 3 6 9 8
586 2 1 9 7 10 10 7 2 4 8 4 7 8 1 9 3 2 6 7 6
488 8 8 3 2 1 8 1 3 9 10 7 8 7 4 6 1 1 2 4 9
374 7 6 3 2 7 2 1 3 9 3 1 4 1 9 9 6 7 4 1 3
509 9 1 4 7 10 4 3 8 5 2 2 10 6 3 3 6 6 6 1 3
430 2 10 3 5 6 1 8 9 4 2 10 2 5 9 5 5 10 4 4 5
15
587 9 3 7 1 10 2 6 3 3 5 7 10 6 7 10 3 2 5 5 8
479 1 4 7 2 7 2 8 7 10 6 5 9 4 3 2 4 1 3 10 1
460 10 5 1 1 3 3 3 2 6 7 6 4 2 1 7 8 1 4 6 10
554 5 10 9 2 4 7 5 8 2 1 9 9 3 7 10 9 9 10 9 4
489 5 9 5 4 3 6 4 9 7 5 9 7 1 2 10 9 6 3 3 5
552 4 8 10 8 6 8 10 2 4 2 7 5 7 9 3 9 3 7 4 1
477 4 6 7 3 2 2 6 2 6 1 10 4 3 2 8 5 1 8 9 3
564 1 7 6 10 9 5 1 5 2 8 7 5 7 3 1 1 9 10 9 5
414 1 5 6 10 8 2 3 5 9 4 2 1 4 7 6 5 1 7 2 7
503 9 10 10 5 3 3 5 2 3 10 4 8 2 3 8 5 9 2 1 6
733 9 8 4 9 2 5 7 1 9 7 2 10 9 1 6 9 10 8 10 8
689 1 7 10 9 9 6 10 1 1 9 10 10 6 4 9 8 8 9 9 9
399 1 7 5 9 2 4 3 3 1 7 10 8 3 5 1 7 1 6 1 5
466 9 9 3 3 2 4 7 9 3 8 1 2 2 2 1 5 1 1 7 9
547 8 5 3 2 8 9 1 4 8 2 7 1 6 3 8 6 9 4 10 9
15
494 3 9 8 1 6 10 6 3 3 7 2 8 5 10 10 8 1 3 6 3
458 5 3 6 6 10 1 5 3 8 2 6 5 8 4 6 1 7 4 6 2
463 5 8 3 10 8 3 7 3 4 4 3 3 1 1 1 5 9 3 7 4
435 4 6 3 4 2 1 9 7 6 7 7 3 1 4 10 1 2 10 4 6
682 9 7 3 8 4 6 6 2 9 5 9 9 6 7 9 6 7 8 9 8
534 8 8 9 7 3 1 5 9 3 7 6 7 5 10 4 2 7 4 3 5
490 2 1 7 7 10 9 6 10 1 1 7 8 3 10 10 10 10 4 1 9
493 1 9 9 4 1 4 6 9 5 1 3 4 2 10 5 6 2 10 10 3
445 7 5 7 6 2 7 6 1 1 1 9 10 5 2 9 2 5 3 3 1
696 10 3 4 9 6 4 8 1 8 10 3 8 8 10 9 2 5 6 9 7
451 1 9 3 9 4 4 5 9 6 3 9 1 7 10 6 7 1 10 2 4
583 4 5 6 6 9 2 8 6 7 8 7 1 2 4 7 7 2 9 9 10
556 9 9 7 9 9 1 4 2 10 6 1 6 6 1 6 1 8 2 7 3
562 9 9 7 10 4 1 1 10 2 1 10 6 7 9 10 2 4 8 4 7
483 7 7 1 4 3 8 7 10 8 2 8 2 1 6 10 7 9 10 3 6
15
507 3 1 2 4 10 7 6 10 4 7 7 10 2 3 1 7 6 1 7 1
551 3 9 9 7 2 1 8 5 9 1 3 8 7 6 3 7 6 5 9 3
529 6 8 5 7 4 6 4 2 2 5 1 7 2 4 9 5 5 6 7 8
618 4 7 7 4 6 10 6 8 5 3 2 8 3 3 6 5 4 9 10 8
474 7 4 9 4 4 9 6 6 5 7 10 3 2 9 1 5 7 4 3 6
553 5 6 3 6 8 4 9 9 3 6 7 10 4 9 3 7 1 3 4 5
560 2 1 9 10 5 5 9 4 3 2 5 9 4 2 8 9 9 7 10 5
523 8 2 9 2 2 8 5 3 10 8 9 6 8 4 4 3 9 10 3 4
579 1 10 8 10 5 6 8 5 6 9 5 3 7 5 5 7 1 9 8 5
527 1 5 4 8 6 7 5 5 1 2 4 4 10 8 8 3 5 6 7 9
574 7 4 9 10 10 4 5 10 7 4 3 6 3 4 8 2 5 10 5 7
497 4 3 3 6 4 10 4 4 9 9 8 5 1 7 1 8 10 7 7 8
455 5 5 6 4 3 5 5 6 3 8 7 3 1 9 2 7 7 1 8 10
553 9 7 7 2 2 3 10 2 10 2 8 10 6 9 1 4 5 8 1 9
548 3 3 1 7 6 8 1 5 2 9 4 8 9 10 2 1 8 10 9 9
15
500 2 5 9 9 10 4 10 1 2 9 4 7 2 1 3 8 1 2 1 9
465 4 3 3 4 2 6 6 1 8 8 9 2 1 8 10 8 8 5 8 4
499 3 8 1 9 6 9 3 4 9 9 6 5 2 3 5 10 3 6 5 1
517 3 4 7 2 7 4 9 2 9 5 8 2 8 3 10 9 8 6 6 2
533 3 3 8 4 8 10 8 3 9 8 3 10 9 5 2 6 1 3 5 2
481 2 6 6 4 2 1 7 10 3 6 5 10 1 7 10 7 8 8 3 3
554 8 9 7 1 6 1 3 9 6 2 2 10 5 10 8 3 8 2 9 9
438 5 6 5 2 6 9 4 2 10 1 2 3 4 2 6 2 1 1 8 7
620 10 7 10 7 10 9 10 10 8 6 7 5 6 2 7 4 7 2 6 4
439 2 8 10 2 3 3 7 6 1 7 9 5 4 7 7 2 10 7 3 8
623 10 3 9 3 7 8 10 8 5 9 5 3 8 2 5 3 1 2 8 9
468 9 3 2 4 9 8 6 2 2 5 9 3 3 1 5 10 5 4 7 1
588 6 9 9 10 5 9 1 1 2 5 9 1 8 3 10 9 10 6 10 8
493 7 5 2 6 2 2 10 1 7 2 1 8 2 3 1 5 2 6 7 7
581 6 6 2 7 6 3 10 9 7 10 9 2 5 10 7 2 10 2 8 10
15
555 4 8 1 8 8 3 5 7 8 7 9 6 3 8 3 6 9 3 8 5
521 10 6 9 3 7 8 3 10 3 3 5 6 8 10 1 3 3 8 7 3
474 9 4 2 6 1 2 1 8 8 1 10 8 4 7 6 3 6 6 8 1
569 7 4 7 8 7 2 9 8 6 1 2 10 1 7 8 8 1 6 10 1
599 10 2 10 3 4 7 9 9 6 6 6 6 2 3 7 1 10 9 8 8
520 1 4 4 3 9 10 1 10 10 7 4 6 8 2 9 3 10 7 7 3
484 9 2 1 2 4 7 2 8 2 5 8 4 1 2 3 8 10 5 10 4
487 7 3 5 7 8 2 9 2 5 3 9 4 4 3 5 8 5 9 1 6
490 3 9 5 7 8 1 10 8 3 8 3 3 10 6 6 3 2 3 2 5
610 4 5 10 7 8 9 8 9 5 5 3 8 4 4 6 7 5 9 4 7
502 3 7 2 8 1 8 5 7 10 7 9 7 5 7 3 1 5 7 2 5
558 10 3 3 6 6 2 9 3 1 6 4 6 6 9 10 9 3 1 10 4
558 4 8 5 5 9 3 9 1 10 1 5 7 6 4 2 9 9 5 4 3
458 6 3 3 7 2 6 3 4 9 9 2 9 4 3 4 6 9 2 1 3
581 10 4 5 10 7 5 1 1 4 10 4 8 1 10 10 9 10 10 5 4
15
513 2 3 2 1 9 7 8 7 1 8 6 6 7 2 2 7 3 2 7 8
554 6 4 2 10 8 4 4 5 9 1 9 5 8 7 8 5 4 8 1 9
606 6 8 10 2 6 1 9 9 2 10 6 3 7 5 6 8 2 10 10 9
456 3 7 5 6 5 4 2 1 2 1 7 10 4 6 7 5 10 9 1 2
511 1 9 8 9 6 2 6 7 2 4 1 9 5 4 2 10 3 3 5 8
531 3 2 8 9 10 1 6 8 1 4 4 1 5 1 2 5 5 5 10 9
530 10 7 1 2 4 10 4 4 4 6 9 5 8 9 4 7 3 1 9 6
574 10 3 6 6 5 4 5 8 9 4 9 5 7 6 4 6 2 4 9 7
580 6 1 4 7 1 4 5 9 3 10 6 10 2 2 10 6 1 6 8 10
500 5 3 3 9 4 6 4 2 1 8 2 10 7 3 3 5 9 7 1 2
468 3 9 2 1 5 1 6 1 1 1 1 8 5 10 4 4 9 10 4 5
528 10 1 1 6 7 7 6 2 3 2 4 1 9 2 5 3 8 9 8 4
506 2 4 2 1 4 5 9 6 3 2 3 6 8 5 9 5 2 3 9 5
364 3 1 2 1 10 6 3 4 5 2 8 2 5 5 1 3 6 3 2 8
481 3 7 1 2 4 7 2 8 7 6 3 7 6 5 1 6 9 8 5 4
15
592 5 3 7 10 2 3 10 8 4 8 4 5 7 7 8 8 7 4 8 3
515 7 2 2 1 10 6 6 9 9 4 4 6 3 9 10 1 4 7 1 9
590 5 3 7 4 5 10 8 7 1 6 4 10 1 9 6 9 8 9 6 10
513 6 9 6 2 3 4 7 7 4 5 2 3 10 3 1 4 2 6 8 6
422 2 8 2 2 7 1 4 4 1 1 6 10 2 2 5 6 6 7 6 1
607 10 9 6 4 9 8 1 8 3 9 2 7 7 10 4 4 9 6 5 5
399 7 6 6 3 1 8 1 6 6 2 9 6 1 3 4 10 10 6 1 1
490 9 3 10 1 9 8 5 2 4 2 9 9 5 8 2 2 7 2 6 1
548 6 8 9 7 2 9 8 6 5 5 8 9 3 4 7 9 10 7 1 6
548 3 7 4 9 10 3 5 8 8 10 5 7 5 9 1 4 5 4 2 10
493 6 3 2 1 7 2 3 4 9 1 6 5 5 6 2 8 2 7 9 7
424 7 1 1 5 5 9 9 9 3 6 7 5 5 1 3 8 9 2 1 3
404 5 2 3 7 6 1 2 5 2 1 6 6 9 5 6 1 7 8 1 6
556 3 4 7 6 5 9 6 5 2 6 5 3 8 8 10 9 2 5 6 8
425 1 1 5 1 9 3 6 8 10 2 1 1 9 6 6 2 7 3 5 7
15
570 9 8 9 5 9 9 10 8 7 7 4 4 1 3 6 3 7 9 6 1
469 10 9 4 1 1 7 5 10 2 4 4 5 4 10 4 3 9 2 3 5
613 9 3 5 6 10 9 4 10 7 6 6 5 2 3 6 10 6 1 10 6
677 8 6 8 8 8 8 5 2 6 8 9 7 10 5 5 9 7 5 5 9
531 4 1 10 9 1 9 5 9 7 2 5 3 9 10 5 2 4 8 8 9
458 9 5 1 5 4 9 3 2 1 5 7 5 5 2 5 10 3 5 6 2
506 1 7 3 7 2 3 7 10 2 10 8 5 7 10 1 10 5 3 3 8
457 3 9 9 7 3 6 7 5 9 1 7 3 4 2 10 9 4 9 1 1
565 5 3 6 5 8 3 8 8 7 10 3 4 4 5 5 6 9 7 7 4
470 1 5 5 8 9 2 1 5 8 7 2 8 2 8 1 8 6 2 10 4
522 7 4 4 3 8 7 4 10 3 6 1 6 8 5 7 9 5 4 4 10
614 6 5 10 2 3 9 7 9 4 5 3 10 4 3 2 8 7 6 10 6
465 3 5 7 2 9 1 2 5 4 4 1 9 6 6 7 8 6 3 9 1
445 1 10 8 2 5 5 2 5 10 8 3 2 2 3 2 3 2 7 8 3
540 1 3 9 7 10 4 5 5 10 2 5 1 6 6 1 9 10 2 10 9
15
671 10 5 4 2 5 5 10 8 4 3 3 10 10 2 6 7 8 9 8 4
458 6 6 1 3 5 9 4 6 3 6 8 5 3 9 9 1 8 10 5 4
517 3 1 7 2 8 6 7 3 8 9 4 6 1 4 4 4 2 10 10 1
618 9 9 1 8 4 6 10 4 4 7 8 2 8 2 7 4 8 4 10 2
605 6 2 1 9 7 6 10 1 9 3 3 4 9 7 5 3 8 8 7 5
598 5 10 9 5 2 8 6 9 4 8 1 1 6 9 9 10 9 7 7 9
540 5 7 3 4 4 6 2 9 5 7 7 2 10 2 8 10 3 7 9 10
527 8 1 9 3 10 3 6 4 6 9 5 9 6 2 7 9 10 7 1 1
591 1 8 3 10 6 7 6 3 6 3 10 2 9 5 4 10 5 4 10 8
627 6 9 7 10 8 4 7 2 2 6 3 9 7 3 7 8 7 10 5 7
541 6 6 8 3 2 6 10 8 10 9 2 5 6 3 6 1 3 6 4 6
598 3 6 10 8 7 2 7 6 4 1 10 9 3 2 7 4 10 4 10 7
556 10 10 9 2 8 1 10 6 4 1 8 8 5 10 2 5 7 1 4 9
548 10 9 1 10 10 9 1 5 8 3 8 7 7 7 3 10 7 1 5 2
571 9 5 1 7 5 3 1 9 5 2 6 9 10 7 2 7 10 4 9 3
15
473 4 7 8 9 2 4 4 3 8 9 2 9 2 1 2 2 9 10 1 5
583 6 5 7 10 10 3 10 8 1 3 7 8 8 6 5 3 3 7 1 8
453 1 5 5 9 9 1 7 8 1 9 9 2 2 4 2 6 8 6 5 4
528 6 4 9 5 1 2 3 2 8 8 6 5 8 5 6 7 1 9 5 5
513 4 9 2 1 2 3 9 4 9 8 10 5 5 1 9 9 2 5 9 1
613 9 1 1 7 8 4 10 10 9 1 2 4 10 2 2 9 5 10 4 6
640 6 10 9 10 7 6 8 3 8 8 7 7 7 1 6 2 5 4 7 4
531 8 5 6 1 1 7 1 6 8 2 2 7 5 10 4 7 7 9 9 6
408 1 7 3 3 4 2 4 4 3 3 7 3 6 9 2 9 7 10 3 9
479 1 7 10 7 3 5 8 3 1 2 4 6 5 6 2 8 6 4 4 9
470 2 9 1 4 5 7 6 10 9 8 3 4 8 7 9 5 9 2 5 3
533 2 9 9 6 6 3 4 9 10 3 2 6 1 10 5 7 6 5 8 6
493 10 7 3 7 7 4 10 4 5 2 1 2 6 5 8 6 6 4 2 3
504 7 5 10 7 10 6 3 5 6 2 3 8 6 4 7 1 6 2 6 3
597 2 8 9 7 6 8 2 10 7 10 6 8 9 6 2 5 10 7 4 9
15
477 5 10 9 2 5 9 1 9 9 7 4 7 1 2 3 8 3 5 8 1
469 2 8 10 9 5 4 7 3 6 7 5 2 6 7 4 1 5 7 3 5
409 2 7 1 3 10 9 1 8 3 7 10 2 4 6 5 8 9 4 2 3
501 7 7 2 7 2 1 9 1 1 6 2 2 9 1 6 2 8 9 4 9
482 5 4 4 7 2 3 5 3 10 1 2 7 1 7 7 9 1 4 6 5
458 9 7 9 4 2 5 1 4 5 4 2 1 10 2 6 4 8 9 4 3
429 5 5 8 2 2 9 7 9 2 2 2 3 3 10 7 8 8 7 4 6
554 2 7 8 3 2 4 9 8 10 6 5 3 8 9 7 7 10 9 8 1
478 10 5 1 1 2 9 4 10 8 5 3 10 10 3 1 4 10 7 1 3
471 1 8 10 1 4 9 4 2 1 9 2 2 9 2 3 9 7 8 4 7
465 7 7 9 8 3 7 4 4 1 7 10 2 8 9 7 8 10 3 2 3
442 5 7 9 4 2 3 1 1 2 1 8 8 1 9 3 4 2 6 9 3
581 9 7 9 7 10 9 9 10 10 1 8 3 2 3 4 7 6 3 1 8
466 1 1 8 6 10 1 5 6 5 2 9 2 2 5 6 10 4 4 10 10
457 3 6 8 2 4 6 3 2 7 4 4 6 7 1 8 6 7 7 5 3
15
634 9 3 3 5 3 5 10 2 10 5 3 10 10 10 8 1 5 6 10 6
533 1 3 6 8 2 7 9 6 7 5 7 4 9 4 9 5 9 9 8 4
402 2 2 10 1 7 6 3 3 6 8 9 5 1 7 3 8 8 6 3 5
585 10 4 2 10 6 7 5 2 9 7 9 10 9 9 9 2 9 3 3 3
616 6 8 2 1 8 6 6 1 7 6 7 7 3 8 10 5 10 8 10 6
445 2 1 7 2 6 2 3 5 8 5 2 8 8 9 8 3 9 7 1 9
447 6 1 3 1 5 4 5 4 7 3 2 8 8 3 4 7 7 5 4 7
514 5 3 9 2 10 1 8 9 8 6 10 4 2 9 5 3 8 3 8 2
572 7 4 1 7 9 4 10 9 9 6 10 2 7 10 2 2 2 3 7 6
455 3 5 6 2 7 4 8 6 5 6 2 4 8 7 6 5 8 4 2 1
483 7 5 8 1 2 5 7 6 3 5 3 8 2 3 5 8 4 5 6 1
425 7 2 3 3 4 6 7 4 8 5 1 2 1 3 7 6 1 3 5 3
461 2 10 4 3 7 10 3 6 2 4 3 6 8 7 1 2 4 4 6 1
398 3 7 4 1 7 1 1 6 7 2 1 1 2 4 5 5 2 8 9 1
452 9 2 6 6 7 8 2 10 5 5 8 2 4 2 5 3 10 7 2 8
15
650 8 3 7 3 9 10 8 6 7 7 7 8 10 6 1 7 5 9 8 7
476 8 7 8 2 10 2 1 6 10 2 6 1 2 2 3 6 3 6 7 9
468 10 9 4 3 5 10 4 6 4 7 5 4 1 8 8 6 7 3 4 3
499 5 6 3 2 6 3 7 2 4 2 5 5 5 5 4 6 1 8 8 3
635 4 10 9 8 8 6 6 5 4 10 6 10 3 5 8 6 9 10 8 4
583 4 8 8 6 8 10 5 3 9 10 2 3 10 9 2 8 2 3 6 6
379 6 2 8 10 1 1 6 8 6 7 8 4 1 4 5 1 7 2 2 2
472 1 6 4 7 5 7 4 7 6 1 10 6 9 7 10 7 9 9 1 2
515 10 8 5 1 6 5 8 6 4 8 3 2 8 1 10 8 6 4 5 4
481 7 4 6 8 5 8 6 8 10 5 9 1 1 9 4 1 2 6 5 3
580 4 6 3 8 4 6 6 3 10 5 4 2 9 10 4 2 9 5 8 10
409 1 10 4 6 3 10 1 7 2 3 9 5 4 8 4 6 8 1 4 2
531 5 8 6 4 1 6 9 7 4 4 9 6 9 8 1 8 7 8 1 8
532 6 3 6 1 2 6 10 9 7 9 6 4 5 10 9 6 2 8 2 10
509 3 1 10 1 4 8 9 10 2 5 6 5 5 10 2 5 7 4 10 9
15
613 5 4 8 5 7 1 9 5 2 8 10 8 5 2 7 7 4 8 8 9
554 4 4 6 9 10 10 4 10 6 9 2 2 9 8 3 2 2 10 5 5
581 10 10 1 6 2 6 10 5 5 2 2 2 4 10 6 9 9 9 5 6
509 5 5 6 8 8 3 2 1 6 2 1 4 8 6 5 1 6 5 7 7
525 5 10 1 9 9 5 6 10 4 1 7 3 9 3 9 3 10 3 2 3
502 10 9 9 3 4 10 1 6 6 8 9 3 8 10 6 3 3 1 9 2
448 4 2 4 4 8 3 3 2 2 2 7 7 7 9 4 7 5 10 2 6
483 5 2 1 10 9 3 2 2 3 5 1 10 4 9 4 6 5 6 6 1
613 9 1 4 9 7 5 8 6 5 5 3 9 5 9 9 1 9 9 10 2
518 8 6 4 7 2 2 5 10 1 4 9 9 5 10 5 6 5 1 5 5
579 4 5 9 10 1 7 9 8 5 8 3 4 10 8 1 8 3 10 4 5
506 6 5 8 1 7 6 8 4 5 2 8 8 2 10 7 7 10 4 3 7
577 3 9 4 9 2 4 8 8 4 6 10 9 1 6 2 3 3 6 8 8
650 8 4 5 10 8 2 10 4 8 10 10 7 2 4 10 3 4 10 9 4
515 5 4 3 4 9 10 3 1 10 6 3 2 3 8 5 5 5 9 9 2
15
493 2 6 4 2 6 7 10 4 3 2 9 3 3 10 9 1 4 1 9 9
434 1 8 7 7 6 10 10 6 10 3 5 6 1 4 3 1 4 4 1 3
544 6 6 2 3 3 8 2 10 9 8 7 7 10 3 10 6 2 6 8 2
637 7 6 10 8 7 9 4 10 7 2 5 6 5 6 6 1 5 10 7 10
513 8 7 3 10 2 8 3 8 2 7 2 4 10 4 10 5 8 9 1 1
432 3 7 2 6 3 10 4 7 2 5 5 8 4 8 2 7 6 5 1 8
372 8 7 2 3 2 9 1 1 1 9 3 1 5 1 2 5 6 3 3 3
448 1 3 8 1 8 9 6 10 4 5 8 10 6 3 7 7 2 4 2 1
454 7 1 9 5 5 7 4 3 5 7 1 4 4 10 6 4 4 6 1 6
421 4 8 2 3 4 3 3 5 6 1 3 7 9 1 6 7 10 5 1 1
492 1 1 4 9 10 7 9 3 1 1 4 3 3 10 3 5 2 6 8 9
535 9 8 8 2 6 8 2 5 1 1 1 8 7 2 8 6 5 4 8 1
560 9 10 3 3 8 3 8 4 6 4 7 1 4 1 10 7 6 8 5 10
485 6 9 8 4 5 8 3 3 1 7 5 2 3 9 10 8 8 9 6 1
391 2 7 2 10 1 8 4 9 1 10 5 4 4 1 4 1 3 1 3 3
15
574 6 4 4 7 6 1 10 2 6 10 9 5 10 1 5 7 1 9 4 1
460 8 2 1 2 2 3 8 2 4 3 8 6 3 10 2 8 3 10 5 4
515 2 2 5 5 8 10 10 7 5 6 6 1 4 3 2 9 8 9 6 9
538 5 6 7 3 4 3 6 4 8 4 3 6 6 3 4 8 8 5 10 7
591 1 4 5 2 9 1 7 8 7 8 10 7 5 9 9 7 9 9 8 8
573 3 1 7 9 7 2 8 2 2 8 8 7 8 7 5 5 8 8 8 2
589 6 6 9 9 6 6 9 1 7 5 8 4 10 9 3 4 8 5 4 9
528 6 6 10 5 8 9 4 1 6 6 4 10 3 7 2 8 3 7 1 8
497 7 5 4 1 3 2 4 3 1 6 5 6 7 7 8 4 8 10 6 8
569 5 5 7 3 10 1 9 5 3 2 2 5 5 3 6 3 4 10 10 8
553 1 7 3 9 8 8 9 2 1 10 6 8 2 4 7 3 10 2 6 4
528 6 3 4 3 2 3 10 1 8 4 5 7 3 4 8 7 4 9 7 2
568 1 9 5 5 8 7 7 5 4 6 4 10 4 2 5 3 9 1 10 3
477 4 2 6 4 5 9 3 3 9 10 8 5 1 1 5 7 5 8 7 6
740 9 9 1 5 6 5 6 9 8 10 8 10 7 7 9 10 10 4 10 8
15
651 5 10 7 5 5 10 8 1 9 2 9 7 9 9 9 4 7 6 7 8
519 4 3 4 7 5 5 3 8 9 8 1 1 3 5 10 6 6 10 10 9
525 9 1 7 9 2 1 8 9 2 7 2 10 8 10 8 1 3 1 2 6
492 4 9 9 6 2 8 5 1 1 2 6 6 2 8 10 7 4 7 7 1
478 1 4 1 5 10 6 9 1 3 6 10 7 1 1 10 4 6 3 5 6
579 7 10 8 6 9 10 5 8 5 8 5 9 6 2 5 6 10 1 2 9
470 3 2 6 3 7 6 1 6 8 1 9 8 10 8 4 9 9 5 4 2
545 3 5 8 4 5 9 7 4 5 9 3 10 7 4 8 10 5 2 2 7
583 3 2 6 10 2 6 9 8 8 6 9 10 4 6 6 3 10 5 9 1
566 8 10 8 6 6 2 10 4 4 5 3 3 5 2 10 3 6 10 6 2
504 4 1 6 6 8 7 9 4 7 8 3 2 10 10 4 10 6 2 1 9
575 5 3 3 10 5 9 1 4 5 4 3 9 6 7 8 8 7 9 8 2
494 6 2 5 1 2 3 9 2 7 7 9 4 2 6 10 8 6 5 9 2
586 10 4 2 7 7 10 10 5 7 9 9 4 3 2 2 2 10 10 1 5
532 10 5 8 7 1 6 6 1 10 3 8 4 3 1 10 7 3 3 6 6
15
458 4 7 2 3 10 9 6 4 10 7 5 4 2 4 3 7 5 8 2 2
521 10 2 1 5 7 1 1 3 5 5 2 5 4 10 10 4 6 7 5 10
518 7 5 3 2 7 6 8 7 5 4 6 8 3 2 4 3 7 8 1 8
631 10 3 4 2 6 8 8 8 8 9 3 5 10 7 9 2 8 9 10 5
575 5 1 10 3 3 8 7 9 7 2 4 9 6 6 5 10 1 5 8 10
475 1 7 8 4 7 7 4 4 8 8 7 7 4 8 5 2 7 10 2 7
493 5 3 1 9 8 6 5 7 6 1 4 5 7 3 5 1 7 9 6 1
497 1 6 1 5 5 4 2 5 3 6 8 1 10 1 3 1 6 8 8 10
559 3 6 4 8 8 1 5 4 1 1 8 10 7 1 9 3 8 10 5 8
570 5 8 2 10 1 8 2 6 5 2 1 5 8 2 6 7 9 5 9 8
506 5 3 4 2 9 10 3 2 4 8 6 7 7 10 10 7 5 2 4 5
540 8 8 2 6 2 2 10 9 3 1 7 9 6 2 8 10 10 3 2 3
632 8 3 7 7 6 7 10 10 10 3 5 8 3 10 6 8 2 4 8 9
577 7 6 1 10 4 10 7 7 7 10 2 8 6 10 10 2 4 3 4 7
566 10 6 2 2 3 10 10 6 2 7 8 6 8 2 2 6 4 3 5 6
15
542 1 3 5 4 10 7 7 5 1 7 3 9 5 1 8 6 1 6 7 4
448 1 10 4 5 2 6 2 8 9 3 2 10 2 6 10 9 1 3 4 8
540 6 10 1 8 10 6 6 7 3 4 3 2 4 1 4 9 7 7 3 7
620 9 6 7 6 10 6 7 1 6 6 3 2 8 10 6 3 5 7 9 2
586 10 4 2 9 7 10 10 1 10 3 6 3 5 2 3 6 10 9 4 7
451 2 2 2 10 5 1 5 9 2 4 4 4 3 6 10 7 5 5 6 4
482 4 4 7 7 2 9 3 1 5 4 10 4 4 2 9 7 6 7 8 7
518 1 5 10 10 8 1 2 1 3 4 3 10 7 4 6 5 8 7 7 6
516 10 9 5 2 2 2 3 6 6 4 10 2 5 4 8 10 4 3 7 10
558 3 8 10 8 1 7 8 6 1 2 7 4 9 1 7 8 6 7 7 8
538 5 1 2 7 2 4 9 9 1 8 8 1 10 9 4 8 9 8 6 8
486 7 4 9 2 4 8 7 2 1 7 9 6 8 9 3 1 8 7 1 5
586 2 10 3 9 7 2 7 10 1 1 4 6 9 10 3 1 9 8 5 10
346 6 1 1 4 7 8 1 6 7 3 6 1 2 1 1 5 4 1 1 9
440 3 9 4 1 5 10 4 6 2 6 2 7 1 1 4 5 5 5 2 9
15
524 4 10 6 7 5 7 6 8 3 7 9 4 1 8 8 2 7 8 6 7
556 1 9 10 6 9 1 8 1 9 4 4 1 8 4 10 8 8 2 8 10
449 9 4 1 9 6 5 1 8 10 8 1 5 1 1 7 6 5 1 5 2
546 7 9 9 7 7 9 1 5 9 7 6 8 1 4 1 1 9 8 5 3
606 8 10 7 9 7 9 8 4 9 1 9 9 2 10 3 6 4 7 3 4
512 3 10 6 7 6 2 2 2 8 6 2 6 6 9 3 6 6 7 3 8
532 2 8 7 5 9 9 2 9 8 2 4 8 5 1 6 8 8 6 5 5
414 4 1 3 10 1 8 8 9 6 9 3 2 1 1 6 10 6 3 3 5
470 5 8 10 5 3 2 2 2 4 3 6 2 4 6 6 2 1 7 7 7
512 1 1 4 3 8 10 8 8 9 8 9 5 8 8 10 6 8 1 3 6
439 3 2 1 6 4 5 4 9 5 1 5 5 6 1 6 5 7 8 7 6
508 10 7 10 4 1 6 3 7 5 10 2 5 3 7 6 4 1 5 1 10
512 2 10 7 8 6 7 4 9 1 9 3 2 6 9 2 2 1 4 7 7
477 6 7 7 1 3 1 5 8 5 4 7 2 7 4 10 9 8 1 8 10
440 5 7 3 1 1 4 2 10 1 2 10 9 10 2 6 3 7 3 7 5
15
530 1 8 3 8 6 1 1 4 9 1 6 9 8 2 10 8 5 2 6 9
601 9 8 4 10 10 4 7 3 6 8 5 1 2 3 5 5 7 9 5 10
516 7 8 9 5 9 8 8 8 3 3 6 4 6 2 5 5 6 5 1 5
503 3 7 3 5 6 5 4 3 3 10 10 6 2 10 3 8 4 10 3 6
457 1 7 5 8 7 4 4 6 5 10 3 2 2 10 1 1 6 4 4 9
359 1 7 6 3 7 9 2 7 9 6 9 1 2 7 5 7 6 3 2 4
574 7 4 1 5 1 10 10 2 5 2 9 10 8 2 6 8 3 9 1 10
523 5 1 1 8 5 4 4 4 3 7 9 4 7 1 7 1 5 9 8 7
518 9 8 10 9 2 2 4 2 2 4 4 1 3 10 7 5 10 6 9 7
445 1 8 3 1 2 1 7 7 5 7 3 1 10 8 5 5 9 4 2 10
639 1 2 8 9 9 7 7 3 2 8 4 9 6 10 9 9 8 5 8 7
550 8 6 2 1 9 4 8 9 7 6 3 2 5 9 1 7 4 2 6 8
489 6 10 4 4 8 5 7 4 1 2 4 5 5 10 9 6 3 6 2 4
585 8 10 5 9 8 6 5 8 5 5 2 4 3 10 3 3 9 1 9 6
396 2 6 3 7 6 3 6 7 7 10 5 2 2 9 5 1 2 3 1 9
15
626 8 6 8 10 1 4 9 9 4 4 4 9 3 2 2 2 9 3 8 10
529 4 8 9 6 1 10 7 6 6 3 1 6 8 7 8 1 8 8 3 3
637 1 6 8 10 10 6 7 3 9 10 3 6 6 8 1 2 9 7 7 9
288 5 2 4 5 6 2 2 3 1 4 5 2 1 8 3 1 9 2 5 1
605 9 10 2 10 1 8 8 4 10 9 6 3 6 5 10 3 4 10 5 4
529 1 3 8 6 5 8 10 1 7 4 4 5 4 6 3 1 8 7 8 5
502 5 8 8 8 10 8 5 10 7 5 7 7 1 5 4 4 3 3 2 8
525 1 10 2 3 6 2 10 10 8 7 5 8 3 2 8 2 9 2 6 5
453 1 7 5 6 5 7 5 10 10 10 7 8 1 2 8 3 7 4 2 4
508 9 9 7 1 1 7 2 8 9 5 3 5 1 4 1 10 3 6 10 1
650 9 1 3 6 7 6 10 2 1 4 1 6 6 8 2 8 9 7 10 10
575 9 2 4 7 6 2 9 8 9 6 5 3 10 10 10 1 3 7 5 8
520 10 4 8 8 10 1 6 8 1 6 3 9 8 3 6 4 4 3 2 1
588 5 9 2 9 10 6 5 3 10 9 7 4 2 1 7 9 5 1 9 7
536 8 2 5 6 2 9 3 4 6 1 10 10 9 4 3 10 8 8 2 6
15
591 8 4 10 3 8 6 8 3 8 4 10 6 9 7 6 10 10 10 1 6
546 10 3 1 6 10 4 1 2 6 2 7 5 7 10 7 8 3 3 6 8
525 6 5 4 7 4 8 10 4 7 10 3 6 5 9 6 2 3 3 3 4
436 5 1 3 8 2 9 8 4 2 5 3 3 1 7 2 10 10 9 2 3
556 9 5 5 4 6 6 6 10 3 4 1 6 6 3 10 6 8 5 2 10
451 1 6 3 3 2 4 6 7 6 7 1 6 9 9 10 1 3 7 2 7
592 8 7 1 7 5 4 7 10 7 2 1 7 6 4 5 10 9 3 9 4
581 5 3 5 9 8 3 10 10 1 6 5 4 9 10 5 5 8 6 8 7
549 7 5 5 3 10 9 1 4 9 6 9 10 7 3 4 9 4 2 5 4
573 5 5 6 4 10 1 8 9 8 9 5 6 7 5 7 9 2 1 9 4
515 9 7 10 2 2 3 6 6 4 4 6 6 3 3 8 2 10 10 9 4
431 6 5 7 2 3 8 9 10 9 2 6 2 1 10 5 7 7 4 2 7
431 1 6 7 8 10 3 2 5 8 7 10 5 1 8 10 10 3 9 1 1
501 6 2 4 3 10 4 4 7 7 2 1 6 7 4 7 10 7 9 3 4
602 4 8 9 9 7 7 3 8 3 8 5 3 9 2 2 3 8 3 9 9
15
557 7 4 5 3 2 4 10 7 2 8 9 2 9 8 4 8 10 6 10 5
594 10 9 4 5 6 4 4 2 10 8 2 4 3 6 2 8 3 4 10 3
546 6 6 10 10 3 7 6 5 4 4 7 10 1 6 3 4 8 6 6 1
490 3 1 2 7 10 1 6 4 7 2 8 7 9 3 2 2 7 10 7 1
505 3 4 3 10 8 1 4 2 2 10 3 7 8 5 4 5 6 9 4 5
478 7 10 10 8 2 7 4 1 6 4 3 7 1 6 8 8 5 1 1 10
519 10 6 5 4 5 2 10 2 4 10 2 4 1 9 6 1 8 4 10 2
621 2 3 1 1 10 4 8 1 2 4 8 10 7 6 4 10 10 10 10 5
395 7 2 8 4 1 3 3 1 3 4 2 8 2 1 8 7 6 5 4 4
542 8 3 6 1 4 6 9 10 4 6 2 6 3 2 7 3 3 5 7 6
415 8 5 3 8 1 7 4 9 5 2 8 1 5 3 4 1 7 1 5 4
485 8 5 3 8 3 2 8 7 2 6 8 3 1 9 4 7 1 10 5 5
472 3 5 6 1 7 6 4 2 2 6 6 1 3 5 3 1 5 5 9 10
482 6 8 3 10 1 1 5 2 1 6 2 10 8 7 3 6 7 4 2 6
397 2 5 4 10 9 1 2 8 2 1 8 4 1 9 8 7 3 3 4 3
15
416 2 4 5 2 2 4 5 7 4 9 4 4 3 5 9 8 3 1 5 6
512 5 5 1 4 9 6 6 5 10 3 4 7 8 4 2 2 4 2 7 6
502 2 5 5 8 7 10 1 10 10 7 5 7 2 5 10 7 1 2 7 3
549 10 9 7 3 3 10 3 6 7 7 7 8 7 3 1 2 8 2 7 6
465 2 7 10 6 2 1 1 8 9 1 5 10 5 1 5 2 10 8 5 4
506 3 1 9 2 4 2 10 4 5 9 8 7 9 9 4 1 6 6 6 3
571 1 2 7 5 8 9 7 9 8 2 3 9 5 6 4 4 10 10 7 9
586 6 4 2 7 4 5 4 7 8 3 3 3 9 9 9 4 6 7 9 9
459 6 4 7 2 10 8 6 1 4 4 8 3 6 9 9 1 8 3 2 2
577 9 8 4 5 10 4 8 1 10 6 9 7 4 8 5 9 6 10 2 3
509 3 8 2 8 10 9 2 1 8 9 8 5 4 6 5 8 7 7 4 5
447 2 6 4 8 9 3 1 2 6 2 4 1 9 4 7 2 9 2 7 6
423 2 5 6 5 1 7 3 3 5 2 1 8 5 1 4 5 2 5 4 8
548 10 9 6 3 2 2 9 2 9 7 8 1 6 10 5 9 2 7 1 10
550 2 9 10 5 6 10 5 10 9 3 10 5 3 8 9 2 5 5 9 6
15
685 10 8 2 7 10 8 8 10 8 4 7 8 8 6 9 5 9 5 8 4
461 9 8 9 4 8 5 1 9 1 3 3 3 6 5 7 9 6 1 7 1
502 10 2 7 3 8 1 6 3 6 8 10 8 2 2 2 6 3 10 2 6
575 9 5 2 9 9 1 1 1 2 9 8 7 3 5 8 7 5 3 10 4
507 4 1 3 9 5 3 5 10 1 10 1 9 9 5 4 5 7 9 5 2
531 4 4 9 10 4 9 8 1 3 8 1 6 2 1 3 10 7 2 7 3
547 1 8 6 9 3 6 7 10 3 9 2 5 6 9 7 7 3 10 3 4
556 9 4 9 8 10 2 6 2 2 6 5 4 3 8 9 10 9 4 4 3
449 8 2 7 5 6 1 3 3 2 3 2 7 2 7 1 4 5 7 5 8
519 8 7 2 4 7 5 9 1 1 5 3 9 1 4 9 7 9 6 5 3
579 6 10 3 7 4 9 1 10 4 10 6 10 8 4 2 7 2 5 9 5
531 5 5 5 7 6 9 5 2 8 5 1 4 6 2 2 2 2 2 8 9
472 8 4 7 3 5 7 9 6 5 6 9 1 3 8 2 10 10 4 6 1
633 8 4 3 9 10 4 10 6 5 6 2 6 9 4 3 2 4 2 9 6
553 3 6 9 6 3 1 2 4 3 10 9 9 5 7 9 9 5 9 7 10
15
669 9 10 7 8 3 4 10 8 4 3 4 8 5 9 3 7 3 10 8 8
575 8 6 5 9 5 8 8 10 6 8 8 4 5 6 2 6 10 10 5 4
499 9 6 4 5 7 7 1 3 10 9 4 3 8 1 10 7 1 1 3 9
461 5 5 9 3 2 5 9 2 10 9 5 1 1 9 1 6 3 2 6 9
520 5 9 8 10 3 3 8 6 8 10 6 7 1 3 2 10 6 3 1 4
558 9 9 1 8 1 4 2 10 4 3 1 9 9 6 6 8 4 4 7 5
547 7 10 5 3 3 1 6 8 3 3 10 9 2 1 5 4 6 9 4 8
597 9 6 8 6 10 3 9 2 3 3 8 9 3 3 1 8 5 7 3 4
570 6 7 10 9 2 9 9 9 1 9 3 5 4 8 1 6 6 5 8 3
538 9 4 10 5 6 2 10 5 1 8 1 2 4 10 2 9 2 8 1 8
428 2 6 5 1 8 2 3 9 2 8 9 7 9 1 7 4 10 2 2 1
627 4 10 7 7 6 4 2 8 4 10 8 9 9 2 9 7 8 10 8 5
414 7 3 4 5 7 2 9 3 2 5 6 3 1 1 4 1 8 10 2 1
494 10 3 1 6 10 5 1 4 6 4 10 4 4 10 9 5 4 1 10 1
527 7 9 10 6 1 7 5 7 10 4 5 7 9 6 9 2 5 3 1 9
15
496 3 1 4 7 7 10 5 8 3 2 7 2 3 8 3 2 4 7 9 5
479 2 9 9 4 6 9 2 4 4 10 4 1 4 4 3 1 6 7 9 6
494 10 3 6 3 10 4 1 2 1 5 9 8 4 3 4 3 10 5 7 2
486 7 2 2 9 1 7 6 3 1 4 5 5 4 9 9 10 5 6 8 1
473 3 10 2 3 2 4 9 8 7 4 10 9 6 2 1 4 9 5 3 1
437 4 2 7 1 3 8 9 3 4 6 5 6 4 5 3 8 4 4 6 1
509 3 5 5 3 5 4 2 8 5 4 4 8 5 6 5 1 6 4 9 7
522 3 7 8 10 7 10 5 2 6 9 4 3 2 10 9 7 7 6 3 8
556 7 2 5 9 10 7 8 1 4 7 3 5 8 5 1 10 8 1 4 9
577 6 8 7 3 10 1 10 7 9 6 3 3 7 7 10 9 1 5 6 5
491 1 1 5 3 6 7 1 3 6 10 8 6 10 10 9 10 1 4 10 2
576 10 4 6 2 4 3 7 9 4 5 7 6 8 10 8 6 10 1 10 9
495 2 7 1 9 4 7 1 9 9 1 1 7 10 4 8 10 5 10 2 2
583 10 9 2 8 10 4 8 8 4 8 6 1 4 10 6 7 10 4 7 4
416 8 7 6 1 5 4 4 2 1 4 3 5 2 7 5 8 3 9 1 2
15
515 1 6 4 3 4 7 8 9 3 9 4 1 10 3 6 7 4 2 10 1
436 4 10 8 4 1 1 7 3 1 6 9 2 8 2 9 2 9 3 5 2
510 2 4 2 7 6 7 5 1 6 4 10 7 2 6 4 2 7 3 10 7
487 8 3 9 5 3 6 9 2 7 8 9 1 3 1 5 6 1 4 5 4
620 5 9 7 5 7 9 10 2 4 3 10 3 8 9 6 4 1 9 10 3
501 6 6 8 9 3 4 4 7 4 4 2 8 6 3 8 1 7 4 3 5
574 9 5 6 3 3 5 10 7 4 5 10 5 4 7 7 4 7 1 9 9
460 5 9 5 4 8 10 1 4 10 7 5 2 1 1 6 10 3 7 1 3
489 1 6 5 1 4 7 6 5 9 5 4 5 6 9 3 6 5 10 6 6
504 4 8 9 4 5 9 7 8 2 5 1 8 1 8 3 7 9 6 5 6
538 8 8 10 4 6 8 9 9 8 1 7 2 7 6 3 8 1 2 3 10
588 10 6 3 9 2 9 4 5 5 2 7 1 10 7 9 10 2 10 6 4
471 8 3 4 7 5 4 1 6 1 10 10 1 9 1 9 2 5 9 5 3
423 4 1 8 3 8 9 7 6 7 6 1 7 1 8 4 1 6 2 4 3
490 5 5 9 4 7 4 3 4 1 8 5 4 8 8 5 9 7 10 5 2
15
505 5 8 9 5 4 1 8 3 6 9 4 5 7 7 8 2 4 10 4 2
413 2 7 1 7 3 5 5 10 5 2 5 4 6 9 3 2 8 6 2 7
550 7 1 9 7 1 8 10 6 7 1 1 5 2 10 3 3 7 10 9 1
468 1 6 4 9 8 2 2 5 7 1 2 10 6 2 3 5 1 4 7 5
595 1 7 2 10 10 1 3 9 4 3 3 2 10 5 8 10 3 7 10 8
628 7 4 8 10 2 6 5 1 3 3 5 9 9 4 5 10 5 8 8 5
503 2 4 9 2 6 3 3 2 9 10 7 2 7 5 9 6 9 1 8 9
501 7 10 1 7 7 4 1 6 10 1 9 7 3 5 3 6 8 7 4 6
628 6 6 6 10 10 4 8 3 8 3 4 8 8 5 1 6 5 1 8 6
515 2 6 8 2 7 8 8 5 10 5 1 8 2 4 9 1 9 7 3 8
437 10 2 5 2 9 2 3 1 10 4 8 5 7 7 5 2 2 2 1 2
516 3 3 7 4 7 2 8 8 5 6 8 4 5 9 3 9 9 9 5 1
513 3 1 7 4 9 6 10 4 6 8 5 2 8 7 6 7 2 1 4 9
499 2 1 1 7 6 6 1 8 10 4 2 7 6 7 10 6 3 8 7 9
533 8 8 8 2 1 7 8 7 10 3 3 9 10 5 7 6 5 4 3 5
15
436 4 1 5 4 8 1 6 10 4 9 3 2 7 1 1 5 7 5 6 1
516 6 2 6 10 2 10 4 5 3 6 1 1 8 6 8 6 6 3 8 5
555 2 7 5 2 10 7 8 6 2 9 8 4 2 4 1 3 9 8 10 4
623 7 10 2 9 5 9 5 4 4 3 1 10 4 10 5 1 9 10 7 9
591 5 7 2 7 8 7 8 10 9 9 10 4 1 4 5 7 2 3 10 8
465 5 3 6 3 9 10 3 6 6 7 1 3 3 4 5 1 5 7 2 9
604 9 7 3 2 10 9 2 4 9 4 6 7 10 9 8 7 9 7 3 7
544 4 8 4 3 7 4 1 6 8 6 9 6 4 10 7 7 5 4 9 6
541 10 1 10 3 5 8 2 10 5 9 8 9 4 4 8 8 7 7 4 7
464 4 5 3 4 8 2 2 8 6 7 7 6 1 5 4 3 7 4 9 6
416 2 7 4 6 1 5 2 5 9 5 9 4 1 6 9 5 9 6 5 7
531 5 7 10 4 10 6 4 2 1 8 5 10 4 2 3 3 7 10 4 3
527 9 6 4 6 3 4 5 5 10 8 6 2 3 6 4 1 7 2 6 10
469 5 10 10 3 4 8 8 3 2 1 4 1 9 4 10 5 6 8 5 1
564 1 4 5 9 7 8 5 8 10 10 5 10 1 3 1 7 10 2 6 6
15
577 10 4 7 7 1 7 7 6 6 4 4 5 10 1 2 7 2 5 8 8
592 9 3 9 4 6 1 9 10 3 8 1 6 7 1 7 2 10 8 7 6
525 7 2 9 10 7 4 4 8 1 5 10 6 4 5 2 9 5 9 1 7
470 6 6 9 4 1 10 7 5 9 3 1 5 1 2 2 9 1 8 4 8
419 4 6 9 3 8 7 3 7 9 3 7 4 3 4 3 4 4 1 5 5
556 5 7 3 6 4 8 3 1 10 10 3 7 1 8 1 8 4 9 6 7
530 10 10 7 10 5 5 1 1 10 4 1 1 6 6 10 7 6 3 4 7
464 1 6 8 10 5 10 6 3 5 5 10 2 7 4 3 1 2 3 1 8
497 3 10 4 6 5 5 4 3 10 3 1 5 3 8 6 9 7 2 9 5
488 5 7 3 2 3 4 1 3 1 9 5 10 6 1 8 9 6 10 7 2
422 1 6 2 6 1 7 8 1 1 3 2 3 6 3 3 4 6 10 9 1
379 5 2 2 6 6 1 1 5 9 2 8 1 6 10 7 2 9 9 1 2
507 2 6 9 2 7 9 7 4 5 4 1 2 6 8 9 3 8 10 6 7
518 4 9 9 7 5 7 4 5 7 1 10 9 5 10 1 1 7 5 5 3
443 2 6 2 4 9 8 4 6 6 2 3 7 2 4 6 7 4 7 3 6
15
499 9 8 9 5 8 10 5 1 7 10 4 5 2 6 1 5 7 1 3 6
502 4 9 4 10 3 1 8 4 8 2 10 2 3 1 10 7 4 8 5 1
508 3 6 6 5 10 2 6 10 6 10 8 3 1 1 2 5 3 7 5 8
466 4 2 8 4 3 1 4 4 2 6 7 10 3 6 9 6 2 8 1 7
567 3 8 2 4 4 10 8 1 5 6 7 8 9 1 6 7 7 6 6 1
479 2 6 4 3 7 7 2 1 6 3 7 9 9 3 6 2 5 3 6 9
487 6 8 3 6 3 6 4 1 7 7 3 9 1 7 4 10 1 6 5 3
620 1 3 10 9 10 10 10 8 3 10 10 8 8 1 5 7 7 9 4 6
553 9 2 3 8 2 9 9 10 9 8 9 5 6 4 8 10 7 9 2 3
556 7 3 1 5 8 1 10 1 8 10 5 3 2 2 4 5 1 6 9 6
377 3 5 8 4 4 10 2 3 1 6 2 2 3 10 3 4 3 5 4 5
417 2 3 9 2 7 3 2 10 2 4 5 5 9 8 8 2 6 3 8 2
549 8 9 10 8 10 9 2 4 5 2 3 2 3 10 8 6 9 8 9 3
475 10 5 10 2 1 8 2 4 10 3 6 4 8 6 5 3 3 4 2 7
471 6 4 2 6 2 9 6 8 4 6 3 5 6 1 6 7 8 3 4 1
15
670 10 10 7 7 8 5 10 6 2 9 4 1 5 4 3 6 10 10 10 8
541 2 3 8 5 5 9 5 3 7 6 2 8 5 8 1 10 7 10 3 9
564 10 7 8 1 1 8 5 6 9 8 7 6 4 8 1 5 9 1 9 6
445 7 7 2 10 2 2 5 3 6 1 8 2 2 6 6 6 3 6 4 5
543 9 5 5 1 9 3 7 3 6 8 9 1 6 2 5 10 1 10 3 5
499 7 7 4 10 4 1 4 2 10 2 2 3 10 4 4 1 3 4 4 6
548 4 7 4 10 2 5 4 7 3 7 5 9 2 10 5 4 1 8 8 3
432 8 2 10 5 2 7 2 7 7 10 6 2 7 6 3 2 8 4 3 8
488 1 6 10 4 7 9 9 8 1 4 5 2 9 8 4 6 4 3 6 8
533 6 1 4 6 9 1 9 2 7 10 4 9 4 7 2 5 8 3 3 6
526 7 1 10 5 4 9 6 1 5 7 7 4 6 3 4 1 10 4 9 9
562 9 1 3 9 10 2 10 6 5 2 9 3 4 6 2 3 10 1 9 7
454 1 7 1 7 4 4 4 6 6 3 8 2 1 8 1 8 3 6 10 4
535 4 10 8 5 6 5 7 5 8 9 1 8 2 2 4 5 9 6 3 6
504 7 9 7 7 8 8 5 4 8 2 10 4 9 2 4 3 8 1 3 2
15
528 10 10 4 7 4 6 10 4 7 2 7 2 2 5 5 5 7 1 1 8
446 4 4 5 1 10 7 1 8 6 10 5 5 6 10 5 8 4 1 3 1
538 5 2 8 7 10 9 4 8 2 9 1 3 10 5 9 8 10 1 2 9
491 3 7 5 3 10 3 6 10 6 2 10 1 8 5 3 9 2 2 4 8
540 9 6 3 9 2 7 4 10 10 5 5 1 2 6 9 9 8 8 4 7
509 4 7 6 2 10 7 10 1 2 8 4 10 1 6 10 1 6 4 3 4
525 3 5 10 7 7 3 6 2 6 8 7 6 9 2 9 3 9 5 2 4
580 1 3 10 7 3 4 10 9 3 8 10 7 3 9 2 8 1 10 6 10
498 5 7 9 8 2 5 3 10 4 1 9 3 5 9 10 4 10 9 1 10
542 6 5 1 10 6 1 1 9 3 7 6 4 10 4 7 9 3 10 7 3
540 6 7 9 1 2 8 5 8 8 3 6 8 6 1 7 3 9 7 7 10
591 7 9 8 8 10 3 9 10 2 10 9 4 10 4 3 3 2 7 3 5
628 8 3 3 10 6 5 8 5 1 1 9 10 2 7 2 6 7 6 10 9
527 6 7 3 4 5 6 3 4 2 8 10 9 3 3 1 9 2 7 3 9
572 9 4 2 9 9 5 5 10 1 3 10 9 1 6 10 9 1 10 1 7
15
515 6 10 3 8 1 7 8 5 2 8 4 4 3 4 4 5 10 6 1 10
614 3 6 3 10 9 5 8 10 8 6 6 7 4 2 1 7 8 3 10 4
432 1 3 3 3 8 10 9 3 9 2 10 5 2 9 2 7 10 5 2 1
577 7 3 3 4 9 4 4 4 9 4 6 9 6 2 7 3 3 9 7 4
578 9 9 3 7 9 8 1 9 1 6 4 1 3 9 2 7 6 10 10 7
552 7 4 4 2 3 7 10 5 10 1 4 8 9 7 1 9 7 9 2 3
549 9 8 2 5 10 8 7 1 1 10 7 10 8 6 3 10 3 2 1 2
578 8 6 7 4 4 6 6 4 2 3 2 4 10 5 7 6 1 6 10 9
543 9 2 7 6 5 10 3 10 7 7 8 6 1 6 5 2 1 4 10 2
518 2 8 1 8 10 4 7 9 5 5 5 4 9 5 7 9 7 3 2 3
505 5 5 9 8 3 5 6 8 10 8 9 5 2 8 9 4 7 9 4 5
676 10 4 5 10 1 10 8 2 5 5 3 4 7 5 7 4 9 10 10 7
537 3 6 9 10 5 3 5 8 10 9 3 7 3 3 3 4 1 3 10 5
415 3 10 2 4 4 3 4 6 5 5 2 10 7 9 9 6 7 1 1 1
490 9 7 1 5 2 1 3 8 4 3 7 9 7 6 3 4 2 4 6 1
15
443 7 2 6 4 9 2 8 3 1 4 4 5 4 9 7 6 4 8 1 3
424 5 6 4 3 6 5 3 7 3 6 6 4 3 8 10 10 1 3 2 3
605 8 8 10 7 8 1 1 2 4 1 3 7 9 10 9 6 1 6 7 9
398 3 5 6 3 4 9 1 8 10 4 5 5 4 6 7 8 8 7 3 1
475 2 2 8 5 7 9 8 5 1 1 5 9 9 5 2 3 3 3 4 8
650 7 5 1 3 9 10 8 6 10 3 9 8 9 1 9 6 3 5 8 7
614 8 9 7 6 9 7 9 4 4 10 8 3 4 2 5 10 6 5 3 6
602 9 6 9 10 10 2 6 3 3 1 5 7 7 10 9 5 10 3 9 3
448 8 1 10 3 6 10 2 7 6 3 5 4 7 7 6 1 1 8 7 1
588 6 5 8 3 6 7 9 3 5 8 9 10 4 8 5 7 5 3 4 9
634 10 1 8 7 5 4 10 5 6 7 10 6 5 10 7 4 10 6 10 3
447 3 8 5 6 8 7 6 2 2 9 3 3 5 7 2 1 8 2 1 7
643 7 6 8 9 2 1 4 5 8 10 7 10 6 4 3 2 9 5 10 7
536 6 9 9 5 5 10 2 3 4 5 5 7 6 6 1 10 6 2 4 7
591 10 7 4 5 8 2 8 10 3 8 2 5 1 7 1 6 4 10 2 10
15
469 4 5 1 8 10 3 5 2 6 1 1 5 5 4 1 1 5 6 8 1
524 5 4 4 6 4 1 3 10 3 6 4 3 9 2 9 9 2 7 9 7
576 4 8 9 2 3 5 6 10 9 7 7 9 10 7 8 1 6 9 7 3
477 3 6 1 1 9 2 7 9 3 4 6 9 1 9 3 5 3 1 8 9
637 2 10 4 7 8 7 8 4 5 4 4 10 6 5 3 4 1 7 8 7
609 6 8 10 8 10 1 7 3 10 6 8 9 9 1 4 1 6 1 7 8
502 7 6 5 5 1 7 8 1 8 10 7 2 5 8 7 3 5 1 5 3
489 6 1 6 9 1 7 9 6 3 8 9 5 4 3 8 6 7 2 3 8
520 4 3 8 7 8 7 6 6 9 1 4 5 4 7 8 4 5 8 3 7
539 3 2 8 6 3 6 9 3 4 10 6 4 8 7 1 2 7 5 7 5
541 1 2 10 6 1 1 10 10 7 4 8 1 6 8 7 8 8 7 8 9
518 3 3 10 3 6 5 5 6 3 5 8 5 7 6 8 1 7 10 10 4
490 4 5 10 7 5 6 1 2 5 10 3 6 7 4 1 10 7 1 4 9
608 5 9 9 8 3 9 6 3 3 10 9 10 4 9 8 2 5 8 6 5
445 5 1 2 5 2 4 7 10 2 5 8 9 2 1 1 5 4 5 6 3
15
357 4 2 8 1 2 8 1 5 5 10 6 5 7 4 7 4 5 3 1 5
554 5 8 9 1 2 9 3 1 9 2 1 7 8 8 1 9 1 8 9 6
488 4 2 8 7 7 2 6 4 9 8 5 6 3 1 2 4 5 1 8 3
611 7 3 5 10 4 8 6 5 1 1 2 4 8 6 6 6 1 10 9 10
527 8 9 10 5 5 2 4 8 6 6 3 2 2 4 5 4 8 8 10 2
352 1 5 2 6 1 4 6 7 4 2 4 3 10 4 10 1 1 4 1 1
459 6 6 3 6 2 8 1 10 3 6 3 5 5 1 6 5 2 1 8 1
434 3 3 6 2 4 9 7 6 9 5 7 6 7 2 7 4 7 2 1 4
529 2 2 9 9 10 3 7 8 8 3 3 1 9 5 2 9 3 6 4 5
480 6 3 4 5 8 1 10 1 7 10 2 3 3 10 9 6 7 5 5 2
562 7 6 4 10 9 6 8 3 4 1 5 7 3 10 5 7 6 7 1 4
563 8 8 4 4 3 4 9 7 4 3 4 4 4 4 5 7 3 2 8 10
623 3 9 2 9 3 6 7 5 2 8 4 5 10 4 5 8 6 10 10 5
526 10 7 2 4 4 1 4 1 5 5 1 9 5 2 2 4 3 7 10 4
556 10 2 3 4 3 10 6 4 7 3 2 7 10 3 4 5 3 5 9 2
15
592 6 3 5 6 9 7 5 10 1 5 4 9 2 5 9 9 7 9 7 4
471 5 1 1 4 6 3 9 5 6 8 9 7 3 1 6 4 7 1 3 6
528 9 1 1 1 1 2 8 2 3 10 6 9 8 8 10 3 1 10 4 8
429 4 5 3 1 1 1 1 10 6 10 1 8 4 9 6 1 6 10 2 6
668 10 3 4 9 3 10 9 3 1 10 8 5 5 2 9 9 2 10 10 8
491 8 6 3 5 1 10 5 3 8 3 4 1 7 1 3 10 5 5 8 5
594 5 5 8 5 8 10 7 10 8 5 9 7 9 10 8 1 2 7 6 4
468 9 10 1 6 10 2 2 5 2 5 6 2 4 3 5 2 7 9 5 3
658 7 4 9 9 8 3 10 3 8 2 10 3 10 7 5 9 8 6 7 7
544 9 8 6 4 4 4 4 2 5 8 5 3 7 9 8 7 7 3 7 2
561 8 9 1 5 3 8 5 8 9 5 4 10 9 1 8 4 2 6 6 2
455 3 3 6 2 2 10 5 9 6 5 10 6 8 2 8 1 7 9 4 6
525 9 1 8 2 8 4 4 3 9 5 1 4 9 8 9 1 2 3 10 4
516 5 5 3 8 3 3 7 6 1 8 5 4 2 1 9 10 9 7 8 8
563 5 9 1 1 10 8 6 10 9 9 3 9 1 3 7 8 4 9 6 5
