100 20
445 459 405 445 432 418 459 405 418 405 405 418 418 432 418 445 432 432 418 405
4
344 1 3 4 7 4 1 1 2 3 9 7 9 1 1 6 9 8 6 3 8
396 2 9 6 8 7 4 2 0 3 3 5 1 3 6 2 5 9 6 2 5
400 0 7 4 8 6 7 9 0 8 1 3 4 4 7 7 0 2 1 5 4
578 5 0 9 2 9 6 8 8 7 8 2 2 5 5 4 3 7 4 9 2
8
352 1 1 8 4 4 6 1 4 8 2 2 7 3 7 5 7 4 4 4 7
430 4 9 0 1 6 1 5 8 6 7 1 9 1 5 8 0 8 1 2 3
456 7 5 5 1 3 0 0 2 6 8 5 6 5 2 3 1 6 0 7 7
456 9 8 0 9 9 9 0 7 3 0 2 0 4 8 9 9 5 4 3 1
458 0 6 7 4 8 0 9 5 9 2 3 5 3 4 2 1 7 2 2 9
468 4 8 6 7 5 3 1 9 3 1 5 9 7 3 2 0 6 0 1 4
476 8 8 9 0 2 8 8 8 0 1 7 5 6 2 3 5 1 1 9 7
508 9 0 9 3 2 5 9 4 4 1 4 2 4 7 9 6 1 8 9 3
6
444 0 8 6 7 7 3 1 1 1 9 7 6 5 4 1 9 4 8 9 7
472 8 5 7 6 3 0 0 5 4 2 2 6 3 8 0 8 5 4 9 5
474 7 6 1 9 4 2 4 1 0 9 1 4 9 7 3 0 5 4 8 6
508 2 2 8 9 3 8 3 5 6 8 0 7 3 5 3 4 4 0 4 5
522 9 2 6 1 9 6 3 2 5 9 7 6 1 2 6 2 1 2 6 2
574 9 9 5 6 2 9 7 9 1 5 9 9 8 0 8 2 3 3 8 1
5
306 3 3 1 5 6 4 4 7 0 0 0 0 1 5 5 6 1 1 6 6
382 0 4 5 1 9 6 9 7 0 3 8 6 4 0 0 1 4 3 5 2
416 5 0 3 7 2 9 8 6 1 6 6 4 3 4 4 1 8 9 4 9
458 1 5 9 2 8 9 2 8 0 5 1 6 9 4 3 7 0 7 8 9
586 9 8 9 7 6 2 2 3 4 4 5 7 5 9 9 7 2 5 1 7
7
246 3 0 3 1 2 7 1 3 7 0 7 7 3 2 3 0 3 4 9 9
326 0 4 0 8 6 7 7 2 8 2 3 0 8 2 6 1 9 9 8 0
380 2 6 1 6 2 5 9 6 8 0 8 5 9 5 5 0 2 7 5 3
382 3 5 3 1 9 7 5 8 5 0 7 4 2 0 6 8 0 9 2 0
384 5 5 3 0 4 7 5 8 9 0 0 5 2 8 9 9 2 9 8 0
410 3 0 5 6 2 8 6 7 5 6 1 8 8 0 3 3 2 7 2 7
526 4 8 5 5 4 7 7 3 6 7 1 9 1 5 2 7 3 2 8 5
5
362 7 2 8 2 0 3 0 4 4 3 2 8 2 7 7 2 8 9 3 8
390 3 8 5 0 8 2 1 9 5 0 1 6 6 9 6 1 4 0 8 7
400 3 4 0 4 9 1 3 9 2 5 7 1 8 0 7 0 7 0 5 7
416 6 2 5 5 3 5 3 0 1 9 8 9 5 0 6 4 4 4 5 9
474 2 2 8 5 8 3 8 9 7 1 2 9 5 8 8 3 1 5 3 0
9
258 2 6 5 1 0 0 1 2 5 2 2 0 1 2 0 8 5 9 1 0
374 3 5 2 6 1 2 4 0 9 7 6 9 9 4 1 6 8 6 2 6
404 3 3 2 9 7 4 4 7 2 5 5 5 5 3 5 3 6 7 0 0
404 1 5 2 9 7 5 1 3 1 8 9 4 2 0 7 5 1 2 6 2
424 6 4 5 3 1 6 5 5 7 6 4 3 3 3 9 4 1 9 2 6
456 8 1 6 7 0 0 6 1 2 5 5 0 3 0 3 8 6 9 7 6
512 5 6 8 1 9 3 1 8 4 7 1 8 3 6 9 0 1 2 4 9
552 8 0 8 8 3 0 1 9 0 9 4 0 4 9 5 3 3 7 3 6
568 4 8 8 9 7 8 9 6 1 2 5 0 8 8 3 1 6 9 2 6
1
250 1 7 7 2 1 1 2 5 0 0 7 6 4 0 2 5 2 5 7 8
6
156 0 0 2 5 1 4 5 1 1 2 4 3 8 9 2 4 4 6 3 9
346 4 5 8 2 4 2 4 0 2 1 4 8 0 2 6 3 5 4 4 7
428 7 4 2 4 4 3 1 1 9 8 2 3 5 9 4 9 4 8 4 4
498 8 0 7 2 7 1 6 1 7 6 7 1 7 7 2 0 1 6 8 6
500 7 5 8 3 0 5 8 6 0 8 6 4 4 8 6 2 1 3 7 7
654 6 9 9 8 8 8 8 6 6 5 0 1 0 8 0 6 7 5 5 2
1
446 5 0 7 0 8 3 4 4 4 9 1 4 5 8 1 7 0 5 5 8
4
348 0 2 5 7 4 1 6 3 8 0 1 3 2 8 1 0 0 4 3 9
402 3 2 0 7 7 8 5 2 4 8 3 6 1 4 4 1 0 1 8 7
544 8 4 9 8 3 1 4 7 5 1 5 9 3 2 0 5 1 0 0 7
548 8 5 6 7 8 9 7 0 2 7 1 3 2 3 1 6 6 2 2 9
2
268 0 4 0 1 8 1 4 0 9 2 1 6 7 4 2 3 6 2 5 6
614 8 5 9 6 1 9 9 4 3 7 2 2 8 5 5 8 2 6 0 4
8
360 5 7 2 2 7 6 0 5 0 3 5 1 8 8 5 9 4 3 3 6
362 4 1 6 3 7 8 0 1 7 3 4 7 4 2 1 6 5 9 1 2
430 7 0 2 6 9 8 3 8 1 5 6 3 5 4 0 2 4 5 8 4
432 6 8 3 7 2 0 6 1 2 3 9 4 6 9 4 3 1 0 6 4
448 8 7 5 3 0 1 8 3 2 3 8 0 1 3 4 5 9 2 4 2
528 8 0 8 9 6 1 9 0 0 4 4 0 5 1 6 8 3 0 3 4
556 9 8 4 9 4 5 6 4 7 4 7 2 0 3 4 4 6 5 4 4
588 5 5 6 9 9 1 4 6 6 8 9 2 6 3 7 3 8 7 5 4
1
424 7 7 3 9 4 5 2 4 7 0 9 9 5 7 3 3 7 6 6 2
8
266 8 0 3 0 0 5 5 1 0 2 2 3 6 2 6 0 6 4 5 2
394 1 8 9 1 4 9 8 0 5 2 0 5 7 6 0 4 9 0 3 6
398 6 8 4 2 3 1 6 4 2 0 4 5 6 1 4 1 5 1 7 1
420 9 1 8 2 2 9 3 5 3 3 3 2 6 1 4 2 2 3 8 7
422 7 3 2 1 3 6 7 6 0 9 5 8 4 4 6 4 9 8 4 4
538 7 1 5 5 1 4 4 8 9 8 4 1 9 2 2 3 3 9 6 3
614 8 5 5 8 3 8 5 8 3 9 0 1 5 8 3 9 2 5 2 0
628 6 2 8 8 6 9 6 5 9 9 4 0 0 9 4 9 5 5 7 2
2
398 5 3 9 5 2 3 2 6 6 1 0 1 3 9 6 5 5 9 5 3
416 0 8 9 4 0 6 3 3 9 6 2 7 5 9 6 0 1 8 7 5
1
294 1 1 2 0 2 7 1 9 5 6 1 1 5 3 2 2 2 8 7 9
3
332 1 6 4 6 8 6 2 2 2 3 0 7 3 5 9 9 0 4 8 7
438 3 9 5 7 2 7 8 1 5 5 7 3 5 4 4 3 4 5 3 1
492 8 9 4 4 8 9 9 2 7 0 1 4 5 8 0 7 0 2 7 8
7
244 1 4 1 8 0 7 1 9 1 0 2 9 7 7 4 8 6 7 4 6
284 1 3 4 3 3 1 1 5 7 1 4 4 1 1 8 6 6 5 3 0
376 7 4 1 3 5 6 7 2 9 1 8 6 6 3 5 6 3 5 9 2
392 6 0 4 1 7 0 5 5 4 6 5 3 4 5 0 8 3 8 7 8
408 0 9 6 7 9 8 0 4 7 1 4 4 4 8 7 2 6 4 9 1
416 5 4 6 0 7 5 5 4 6 4 6 8 8 2 3 3 1 8 0 2
528 9 4 2 7 2 5 7 2 6 8 1 8 7 5 3 9 5 8 7 5
7
248 4 7 0 6 0 8 0 7 2 0 8 3 9 2 1 8 7 9 4 6
306 0 5 0 2 9 0 9 3 2 4 1 0 6 9 5 0 4 8 0 4
352 4 5 7 5 4 7 0 6 2 1 0 1 2 7 8 7 6 4 6 5
364 2 1 6 1 8 3 7 0 6 4 1 6 8 2 1 2 0 8 3 5
390 7 4 3 7 9 7 3 0 0 1 6 4 7 5 5 2 7 9 0 7
452 4 5 6 0 4 1 9 3 1 9 6 2 9 0 1 9 0 9 3 6
466 1 6 6 6 2 5 7 5 0 9 4 4 4 5 6 5 9 9 5 2
7
328 3 5 3 2 2 7 1 8 7 4 4 2 9 3 7 6 6 4 8 8
376 3 0 0 8 2 3 9 1 4 8 1 4 3 2 6 4 2 6 6 7
384 2 5 0 5 1 7 8 7 6 8 4 0 4 9 7 2 4 8 1 0
484 4 8 5 6 4 5 5 3 1 9 1 7 4 2 3 3 8 9 7 6
502 8 2 9 0 2 8 6 2 1 8 9 0 2 4 5 9 9 9 5 7
546 9 9 3 5 8 2 8 5 3 2 6 0 7 2 1 7 5 7 5 8
588 7 8 8 5 6 9 5 5 3 8 9 8 8 3 0 1 6 1 2 5
10
256 4 2 1 0 1 2 0 5 8 3 9 3 6 2 8 3 1 9 2 8
282 7 5 2 1 0 2 0 2 1 5 6 8 0 5 1 1 4 8 9 0
328 0 6 0 6 2 0 5 6 4 6 8 8 0 6 2 1 9 0 4 3
346 1 7 8 0 2 9 3 1 8 3 6 3 7 4 7 7 7 0 6 9
412 3 0 0 1 8 2 6 9 8 7 9 4 9 9 9 2 3 4 0 2
418 2 3 0 6 3 0 9 6 8 7 6 1 2 6 9 6 9 9 7 3
432 4 6 3 9 1 2 8 0 1 9 4 5 9 1 9 6 0 8 7 6
456 5 5 9 1 7 9 6 5 0 1 7 6 0 8 7 2 1 0 8 3
482 8 1 1 1 5 2 8 9 8 7 4 4 4 7 2 4 5 2 5 2
534 1 4 7 8 6 5 6 9 5 8 7 9 9 6 3 0 3 3 8 0
7
250 2 0 1 3 9 5 0 2 3 3 2 7 8 2 6 7 6 7 0 4
310 0 3 5 3 7 6 2 7 1 2 0 6 0 7 5 3 1 1 7 8
412 0 7 5 5 5 1 8 8 4 4 3 4 7 5 1 0 5 4 6 4
448 5 7 6 3 5 5 0 4 5 6 6 8 1 6 2 9 5 9 6 5
452 3 4 4 5 5 3 4 7 1 9 5 9 2 8 6 7 1 9 8 0
462 3 2 9 4 4 6 2 4 8 8 7 4 4 6 1 5 9 6 1 5
606 9 0 9 9 7 2 5 7 0 7 0 9 3 4 7 5 3 3 6 2
2
368 0 3 5 0 9 7 7 4 8 1 8 2 3 2 0 1 2 3 2 2
428 9 8 5 4 2 1 5 1 0 2 3 9 8 9 7 9 5 6 6 8
10
252 0 8 0 5 0 0 7 4 1 3 1 8 8 4 2 5 2 8 0 8
296 2 4 3 1 7 4 1 1 4 5 2 9 0 5 3 2 6 5 7 8
304 4 6 0 1 9 7 4 1 3 4 8 2 9 6 2 6 6 9 3 4
318 2 5 6 3 5 3 1 1 7 1 7 4 2 7 1 5 5 3 5 5
388 9 0 1 8 1 0 8 0 2 3 1 7 6 4 2 0 8 0 7 8
444 7 4 2 2 6 7 5 8 7 1 0 5 0 9 4 4 7 2 3 0
482 2 4 2 3 7 1 9 9 7 8 6 3 7 8 0 0 5 7 5 0
546 4 6 8 9 9 3 5 7 6 0 3 8 9 9 2 1 1 3 3 9
618 8 5 4 5 7 4 8 7 5 9 1 3 6 3 2 0 8 2 2 3
624 9 2 8 9 6 6 2 6 3 8 2 0 6 1 9 9 3 6 6 8
6
306 3 0 0 7 5 5 1 6 5 3 9 1 7 8 3 1 0 4 4 3
408 7 3 1 3 3 7 0 9 8 3 3 7 9 0 1 3 2 1 5 7
424 0 6 9 5 9 5 8 0 1 1 6 8 7 3 1 8 4 7 7 2
432 7 2 2 7 1 3 3 2 8 8 5 6 6 4 4 9 6 6 3 2
438 5 3 3 4 7 9 4 1 9 7 2 9 2 1 1 5 4 5 6 0
456 4 3 0 7 9 2 5 9 1 6 2 2 0 2 7 3 0 3 0 7
9
266 1 5 7 9 0 3 0 1 1 0 8 8 5 4 2 0 3 0 8 8
316 0 9 2 4 0 5 9 8 5 0 5 0 9 7 3 0 2 8 6 0
350 6 9 3 3 0 3 8 2 0 1 0 0 4 2 2 2 7 5 7 8
370 2 6 4 4 6 6 9 0 5 2 4 5 6 0 1 0 2 6 1 0
376 0 8 6 0 2 1 3 8 6 3 5 6 1 4 3 4 7 7 4 5
404 8 6 0 1 9 4 1 0 5 6 7 6 7 3 8 0 7 6 7 5
562 6 8 4 8 7 7 6 5 3 7 6 1 2 4 3 4 4 5 0 7
562 9 5 7 0 6 9 8 8 8 2 6 7 3 7 2 8 3 1 7 0
644 9 6 7 9 7 7 7 2 5 6 8 6 6 5 0 7 5 7 3 4
10
322 0 8 1 6 3 5 6 4 0 6 2 1 6 7 5 9 1 1 5 3
400 6 7 0 4 0 8 0 3 9 7 9 1 1 4 0 5 3 5 8 2
420 3 3 3 7 8 6 2 0 7 9 5 6 9 2 1 9 9 9 8 4
430 2 8 2 9 6 6 8 9 6 1 3 3 5 1 0 2 3 3 3 0
444 8 2 7 7 1 2 9 0 0 5 6 4 3 7 9 3 4 2 8 2
446 7 3 7 0 5 2 5 9 2 1 4 4 8 5 8 2 4 9 1 3
446 6 0 1 7 5 8 9 4 8 7 3 6 8 0 8 8 2 3 1 7
456 7 1 6 6 2 1 4 9 9 0 3 9 2 6 7 1 1 3 5 9
462 4 7 3 6 9 9 0 8 6 5 6 1 5 6 7 5 8 3 4 1
520 7 9 8 3 9 9 8 2 5 1 8 7 0 6 9 0 6 1 3 7
2
310 0 5 9 2 4 4 2 0 1 5 1 6 7 5 4 6 8 5 1 5
456 1 9 8 2 3 0 4 5 4 8 4 7 6 2 6 5 7 6 9 2
2
322 3 0 3 6 0 1 1 3 4 9 0 9 1 0 8 1 0 4 4 3
452 5 4 8 6 0 3 7 0 2 8 4 5 1 1 2 5 9 0 0 0
9
202 1 3 1 0 1 3 3 3 8 3 5 6 0 4 0 8 9 8 4 0
374 3 8 0 9 9 5 0 3 4 4 2 4 2 3 6 0 4 6 4 9
390 8 0 0 7 3 8 6 4 7 5 1 8 6 2 1 1 9 2 1 1
408 8 1 4 6 7 6 1 0 0 8 5 9 8 7 5 8 5 4 8 1
414 1 4 9 7 5 4 6 0 7 2 7 2 8 1 6 4 1 2 3 7
432 0 4 8 0 9 6 2 5 6 8 3 4 8 2 9 1 3 8 4 6
442 9 8 0 6 6 4 5 2 1 4 0 1 7 0 8 2 0 5 9 1
446 2 1 7 0 5 3 9 2 9 8 8 8 3 6 9 1 3 0 4 6
600 9 3 6 3 4 2 3 8 9 8 9 9 2 7 1 1 1 6 2 7
10
300 3 6 3 5 9 7 0 3 0 1 5 4 8 2 4 8 7 6 3 6
308 7 2 3 1 3 3 0 2 3 4 7 1 6 1 0 5 2 3 7 8
310 1 6 2 8 7 7 2 2 3 0 1 6 8 3 6 1 7 7 8 9
352 2 0 1 7 9 9 7 5 7 0 4 3 3 2 5 9 2 4 5 5
390 8 5 3 0 1 2 6 1 3 7 0 3 8 8 6 0 3 8 3 2
396 4 7 2 7 4 7 1 4 4 5 9 4 9 7 0 7 8 7 4 6
424 8 6 0 0 5 9 5 6 7 5 6 0 1 1 4 9 0 6 3 7
426 2 7 6 7 6 2 3 3 1 7 3 6 0 3 4 6 4 8 7 7
518 7 6 9 5 9 9 2 9 0 0 2 6 4 1 5 4 0 3 1 6
574 5 5 8 6 8 4 7 2 8 6 2 9 6 5 0 0 4 2 8 8
2
332 0 7 5 5 3 4 6 2 4 4 9 3 6 2 7 0 0 1 0 7
390 9 6 2 8 3 5 0 0 4 3 0 3 5 4 6 0 0 7 6 3
10
256 3 2 8 1 2 1 0 1 1 0 3 0 4 2 5 6 4 0 8 3
338 3 3 1 5 3 4 6 6 9 2 0 8 6 6 2 5 6 2 6 9
368 7 4 9 1 0 0 0 0 6 2 0 7 2 7 3 0 0 6 7 6
374 4 1 5 1 3 2 7 5 8 4 9 3 6 6 5 3 2 1 3 1
378 9 6 0 9 0 9 3 0 0 7 4 5 1 3 1 3 8 0 5 7
410 4 8 1 2 8 4 8 0 9 5 9 7 4 3 5 9 3 7 5 3
494 3 5 7 3 9 7 3 7 0 7 3 7 8 1 3 3 4 5 6 0
528 6 5 8 5 1 6 6 8 1 5 8 1 5 9 6 9 4 6 1 0
538 8 5 7 6 6 0 2 8 1 3 3 2 7 9 5 4 9 0 1 6
542 5 8 6 9 2 6 3 9 1 9 3 6 5 1 9 8 6 6 6 3
9
332 2 9 0 7 2 5 7 7 4 0 8 6 6 5 6 4 4 0 0 7
396 7 4 0 8 7 9 1 7 3 0 2 4 9 2 3 4 6 4 7 0
414 4 1 0 6 8 0 1 7 3 9 1 2 8 6 4 8 7 2 6 5
422 6 9 2 4 2 4 4 7 8 0 7 4 1 5 9 9 9 6 2 2
510 7 2 5 4 3 0 6 6 7 5 3 4 6 3 6 1 9 5 6 6
514 6 8 8 1 5 4 4 9 9 3 7 7 9 5 5 5 5 4 9 3
538 7 8 7 4 5 9 8 5 0 4 1 7 7 3 4 9 4 6 5 6
540 9 4 6 6 8 7 0 9 6 4 8 0 1 4 3 7 5 5 4 3
606 8 3 9 6 9 6 4 4 9 7 1 1 2 2 9 0 7 6 4 9
10
226 0 2 3 7 0 0 4 6 1 0 0 6 8 7 1 2 6 5 8 3
332 2 3 2 3 8 6 1 5 1 5 2 6 4 5 2 9 4 0 6 9
428 0 5 8 9 7 0 0 4 6 3 3 0 2 8 2 1 8 2 8 2
434 3 6 5 6 6 9 7 0 7 5 1 8 0 9 7 3 3 6 1 2
438 5 2 3 6 5 2 8 6 7 1 9 3 0 5 8 3 7 2 5 3
446 1 9 9 3 9 2 4 1 7 3 3 0 3 6 8 8 9 6 0 7
458 6 5 6 3 2 2 4 4 8 4 1 3 7 3 2 7 7 7 3 8
514 9 3 0 7 9 5 8 5 9 1 9 4 3 2 0 3 7 9 7 2
532 3 7 6 7 9 1 9 9 4 4 2 1 2 8 9 1 6 8 9 6
548 5 6 9 4 2 7 7 8 8 2 8 0 9 5 4 3 2 3 2 7
7
218 0 2 6 5 0 5 5 4 1 0 3 4 2 6 6 2 9 3 3 6
324 3 3 1 7 1 4 3 1 6 8 7 5 7 1 5 6 4 1 7 4
358 4 5 3 2 4 2 6 4 5 1 9 5 6 8 0 2 3 5 5 6
364 4 3 1 6 2 6 8 0 4 7 2 8 0 4 6 8 8 5 3 1
480 9 9 4 0 5 5 7 6 2 3 2 0 9 1 1 4 0 8 8 7
484 8 2 6 7 4 8 0 3 4 8 2 7 4 0 8 6 3 1 1 0
588 9 9 0 5 8 8 8 6 5 8 9 6 1 1 2 7 9 3 3 2
9
256 1 2 1 0 1 8 2 3 7 7 6 7 4 7 0 8 2 2 6 2
314 3 8 3 1 0 1 3 3 3 6 1 8 9 5 8 7 2 3 9 5
316 4 0 1 8 1 4 1 4 8 4 4 0 3 5 4 6 2 3 9 7
354 0 4 6 3 1 0 4 4 5 6 8 7 6 4 5 7 2 9 1 8
396 2 4 4 5 9 2 3 2 3 8 1 3 8 0 8 9 8 2 2 9
426 3 3 2 6 7 4 4 7 7 5 8 8 1 1 3 5 9 8 1 0
490 7 6 0 7 9 2 1 5 2 7 5 1 8 4 5 5 1 8 4 4
574 6 6 7 8 3 3 7 7 0 8 8 7 7 9 7 8 8 7 0 2
648 9 9 9 3 8 7 5 2 9 5 8 0 1 2 4 4 7 3 4 0
8
282 1 3 2 4 1 9 3 6 6 5 6 2 1 4 6 7 1 9 7 5
346 1 5 5 8 3 0 3 6 6 0 3 7 2 1 6 1 9 4 1 1
370 3 8 2 1 1 5 9 2 9 3 7 1 4 0 3 8 4 3 3 1
412 4 9 6 4 4 1 2 1 6 2 3 9 3 5 5 9 4 6 8 3
434 6 5 6 8 4 1 2 9 0 0 1 1 2 5 4 9 9 5 5 2
448 8 1 6 9 5 2 1 0 5 2 7 4 3 1 4 9 1 1 2 4
466 8 0 8 5 1 1 4 7 2 2 2 7 4 7 2 1 6 8 8 6
486 3 6 8 6 5 0 6 2 5 6 3 1 9 6 9 4 5 0 1 2
7
330 0 7 3 4 6 4 0 8 2 5 2 8 7 7 1 3 8 2 6 0
350 2 6 1 6 7 3 0 5 5 3 9 0 8 5 7 2 6 5 3 4
390 7 4 2 6 5 7 5 5 0 4 3 6 6 3 2 7 9 7 7 0
434 6 3 3 6 7 2 4 0 7 4 2 9 1 1 8 4 4 7 9 1
452 0 5 6 1 4 2 7 9 3 9 9 8 3 9 3 1 2 1 8 5
520 7 3 3 5 6 2 2 8 2 9 6 2 1 4 7 4 1 8 3 0
548 8 6 8 2 7 8 2 8 2 5 8 5 9 1 8 9 6 3 6 5
8
256 1 8 1 3 0 2 7 1 5 1 6 8 5 9 7 0 2 9 1 1
290 0 5 2 9 2 8 5 3 5 0 6 9 5 0 3 2 6 6 0 1
356 2 3 0 7 4 6 6 4 0 9 6 0 9 7 4 7 9 0 0 5
376 4 9 3 5 2 9 9 2 0 1 7 8 3 2 0 3 2 2 4 5
384 1 5 0 5 5 2 7 1 8 7 5 1 5 2 3 8 6 9 7 6
422 4 1 7 4 4 7 8 8 6 2 2 5 9 1 5 3 9 4 5 1
440 7 2 0 5 2 3 8 7 1 9 1 2 0 7 6 2 0 0 6 4
448 0 2 9 8 9 8 3 1 8 3 5 2 7 0 4 0 1 1 1 0
10
236 0 0 5 1 1 8 3 6 7 2 9 4 7 0 5 2 3 6 6 8
296 2 4 0 1 8 9 5 0 9 5 8 0 2 0 7 0 2 7 0 8
326 1 5 0 0 2 9 1 8 7 9 3 8 2 1 0 9 1 3 2 3
336 6 0 2 5 2 0 7 8 1 2 3 1 9 1 4 4 5 7 1 2
406 6 0 7 0 6 8 6 1 9 3 8 1 4 2 1 1 3 5 0 5
416 5 0 2 1 2 4 6 9 4 8 5 3 5 8 4 6 7 8 9 1
418 1 3 1 6 7 8 9 7 4 7 3 5 2 2 8 8 8 3 6 9
484 2 4 8 7 2 1 9 3 5 8 7 6 2 1 0 3 4 3 0 4
484 5 8 9 7 3 2 9 0 5 2 1 6 0 6 4 6 2 3 4 4
494 1 4 8 6 6 2 2 9 6 6 4 9 1 8 3 9 7 2 2 5
2
422 1 9 2 3 4 4 2 6 8 8 3 2 3 6 5 3 1 0 9 2
592 7 9 5 5 7 6 9 5 5 7 6 0 8 6 6 4 3 1 9 9
8
328 0 9 4 4 6 2 1 6 1 3 7 5 9 8 5 2 7 2 6 1
408 3 9 0 5 7 2 8 2 0 9 9 0 5 2 6 1 6 7 1 7
444 4 5 1 1 4 4 9 6 9 7 1 7 7 9 4 5 5 9 8 6
468 7 2 4 4 8 0 7 3 3 5 8 5 1 9 3 7 4 2 1 0
476 8 0 5 8 0 0 3 2 6 9 4 1 0 9 5 8 0 3 6 3
522 8 1 7 1 9 1 5 2 2 8 0 7 1 9 9 7 5 6 6 5
534 2 7 9 7 9 1 8 8 4 1 3 6 1 6 6 4 5 0 7 7
592 8 7 9 7 6 2 8 2 9 1 0 3 0 3 4 7 1 7 1 9
4
448 6 4 7 4 5 9 2 2 4 6 0 3 9 3 5 0 2 0 6 0
472 9 2 8 5 3 9 4 2 2 4 7 1 7 8 8 5 5 3 7 4
494 7 7 6 2 6 4 8 0 3 4 2 9 7 4 2 1 2 6 8 5
528 9 1 6 9 6 4 2 0 7 7 5 1 8 4 4 3 4 7 5 3
5
376 6 0 1 2 3 6 5 7 5 8 7 3 4 6 3 4 1 8 0 8
386 0 6 2 6 8 9 4 4 7 6 2 4 8 1 9 2 5 1 8 5
386 1 5 4 1 4 4 9 5 5 3 8 4 6 8 0 1 2 5 0 9
402 7 0 4 8 5 6 3 0 2 7 0 9 4 6 6 8 3 7 6 3
460 4 4 4 3 9 1 4 6 8 5 8 1 9 6 2 8 0 7 1 9
8
266 3 5 2 2 2 4 7 3 3 1 3 9 3 1 0 5 2 2 0 4
320 2 5 1 5 6 4 1 1 1 9 3 2 4 8 9 2 8 2 9 6
330 5 2 4 1 7 4 6 1 6 1 7 9 7 8 7 2 7 8 1 0
386 4 4 5 4 2 3 4 9 1 3 7 4 2 2 8 2 7 0 6 0
442 6 6 2 4 8 6 5 3 1 4 7 1 2 3 9 3 5 9 7 6
480 7 1 8 3 4 1 7 5 6 1 6 6 6 5 5 3 9 4 3 1
482 9 4 7 4 5 5 7 4 1 1 4 0 7 8 4 5 2 2 8 8
484 9 4 3 8 5 7 6 2 9 0 2 5 0 6 0 1 2 5 3 9
1
494 9 3 6 0 7 7 4 8 9 1 1 1 8 9 6 3 3 6 7 6
9
182 3 2 5 0 0 9 0 0 3 2 9 3 9 6 4 3 2 6 7 0
204 1 0 1 1 9 1 1 2 5 0 7 1 7 7 8 7 0 2 2 3
378 2 6 4 8 4 9 5 1 5 2 3 5 4 1 5 3 4 0 1 1
388 7 5 0 3 6 8 9 8 4 0 8 0 7 9 6 1 3 0 7 0
394 2 3 0 9 9 1 1 3 5 7 0 6 4 9 3 4 6 6 6 0
406 1 8 5 2 4 5 4 8 1 5 1 9 6 8 1 3 3 5 3 4
420 1 9 8 4 4 1 4 8 2 0 9 3 4 8 3 2 9 8 3 8
434 0 8 6 7 0 7 5 9 1 6 0 5 5 4 5 0 8 1 8 4
522 6 3 8 6 3 5 2 9 6 5 2 0 4 0 0 7 3 3 2 8
1
430 4 3 4 6 7 1 5 5 4 2 7 3 3 3 1 6 5 2 4 0
9
284 0 6 1 4 9 9 1 3 0 5 3 5 6 8 9 1 0 0 2 9
310 0 7 3 2 5 0 2 7 3 4 4 6 1 0 8 3 7 3 6 2
326 2 9 0 9 8 3 4 0 0 4 3 5 5 7 8 9 3 5 1 0
340 8 1 5 4 4 5 0 1 6 0 6 4 7 2 4 8 3 5 8 7
422 9 7 4 0 6 9 5 7 1 0 6 3 6 9 3 4 2 3 0 0
464 9 1 8 2 2 2 4 8 5 0 5 3 5 0 0 5 9 6 0 3
464 9 4 5 9 6 4 1 2 2 5 8 8 7 5 2 2 3 7 9 2
466 9 0 3 4 7 5 5 3 0 8 5 5 7 3 6 2 9 0 5 9
540 7 5 7 9 3 6 1 4 8 5 0 0 5 5 3 5 2 2 3 4
1
440 5 2 9 4 9 3 2 3 0 6 5 1 3 5 8 5 7 2 3 8
1
438 4 0 2 7 9 3 1 3 8 7 6 0 5 3 5 1 7 4 1 3
5
326 1 6 4 0 0 9 7 3 2 6 6 1 3 1 8 6 8 0 1 4
334 0 6 3 6 8 8 6 0 9 1 4 8 7 9 3 6 5 2 0 0
338 4 5 8 2 5 8 3 1 1 1 0 6 2 7 1 7 8 8 3 1
358 4 5 2 7 4 7 0 8 1 1 3 1 4 7 4 4 5 3 4 8
568 9 6 2 1 8 2 9 2 9 9 9 1 7 6 2 2 2 9 5 4
7
378 3 2 7 2 1 6 1 5 4 8 9 7 0 3 5 3 2 5 4 8
378 1 5 6 4 5 5 1 4 5 7 7 7 9 1 6 4 8 4 9 2
390 6 2 5 4 0 8 6 0 2 9 2 0 5 1 6 8 4 1 7 9
458 5 5 6 2 3 7 4 6 9 4 5 9 8 6 4 3 1 7 9 5
468 5 3 9 1 7 7 5 2 4 6 5 8 3 6 1 1 2 9 5 1
476 5 3 3 9 9 1 3 2 7 6 4 8 1 1 9 0 9 5 1 9
510 7 2 5 4 8 8 7 8 8 2 6 6 0 5 4 4 8 8 1 9
10
222 0 3 0 3 5 7 3 4 6 0 3 8 9 8 5 1 2 7 2 7
276 2 3 6 0 6 9 4 0 0 3 1 6 7 4 0 9 4 9 4 7
366 3 5 1 9 0 2 1 5 8 6 0 1 6 0 6 2 5 6 0 8
372 4 5 9 4 1 8 0 2 4 4 8 6 7 9 6 4 2 8 3 5
374 4 0 5 3 9 4 0 3 4 6 6 4 3 5 1 3 4 7 5 9
506 7 1 9 1 4 0 8 6 2 5 5 7 2 3 8 0 5 5 6 6
518 7 9 6 9 4 7 3 6 1 2 5 6 4 4 6 0 8 8 9 2
548 8 9 2 9 2 0 9 9 4 2 5 7 8 9 2 9 4 9 7 9
606 8 6 5 9 6 5 5 8 9 5 0 4 9 2 7 7 2 4 4 0
650 9 1 6 5 7 9 5 9 8 9 0 9 7 4 4 5 7 4 5 6
5
384 3 3 5 6 6 8 5 2 3 2 8 1 5 7 2 9 8 6 8 7
442 5 5 2 6 9 3 4 6 1 5 8 8 1 7 0 0 6 4 5 0
480 2 8 6 2 3 4 4 6 9 7 5 7 1 4 4 7 1 1 4 6
482 2 9 8 7 8 6 7 2 3 1 9 2 7 4 9 1 3 0 8 4
572 8 6 7 4 3 6 4 6 8 6 7 8 2 1 5 5 1 3 1 8
1
400 0 6 9 4 0 0 4 7 0 4 5 6 8 8 2 2 6 3 5 2
5
336 1 7 8 1 0 1 2 5 7 2 2 4 4 9 0 6 3 3 6 1
400 4 6 2 2 7 4 8 3 9 1 9 5 1 2 6 6 9 0 1 0
440 9 3 3 1 1 3 6 8 5 6 8 6 9 6 4 1 0 2 7 5
462 8 8 9 0 9 3 3 4 0 1 4 9 9 1 0 9 7 3 5 5
484 0 8 6 9 3 5 4 7 7 9 6 4 0 7 8 9 5 9 9 6
9
286 4 5 2 0 4 2 5 0 2 3 0 9 4 9 6 1 2 6 5 1
316 0 8 0 4 5 9 0 8 6 2 4 2 0 3 3 3 5 2 8 2
350 1 9 3 5 3 9 5 8 1 1 9 5 6 1 4 7 0 0 6 9
444 6 8 2 9 3 2 8 0 5 5 8 8 1 3 7 7 6 2 5 1
462 7 9 9 3 3 4 5 4 1 0 3 9 5 6 5 8 9 2 2 7
472 2 4 3 7 7 8 8 3 8 5 4 3 4 0 5 9 9 7 1 6
526 5 4 7 6 6 6 0 6 2 9 7 9 4 8 4 4 7 0 8 4
552 6 6 9 2 2 5 6 4 6 7 4 1 6 9 7 3 0 8 5 4
558 8 3 8 7 9 1 5 5 2 6 8 9 8 4 1 3 3 1 0 4
4
432 9 5 2 3 6 2 3 1 3 6 9 9 6 5 9 0 1 8 3 9
442 2 9 7 4 6 8 6 1 1 4 5 7 1 1 8 0 4 8 1 1
474 6 3 4 5 7 6 0 7 8 6 3 1 0 3 5 1 6 1 4 8
492 9 9 7 8 3 9 4 4 2 1 5 5 0 3 1 1 4 2 0 7
2
260 2 0 2 6 0 4 0 5 5 3 4 5 6 7 8 4 9 4 3 0
378 0 3 5 0 8 3 9 8 1 4 5 8 1 5 1 9 8 9 0 5
2
286 0 2 4 3 6 2 3 4 1 3 9 7 0 9 1 1 1 7 6 1
420 2 9 2 0 2 8 9 4 9 9 4 0 8 0 9 6 4 8 2 9
9
362 6 7 0 2 3 4 7 5 3 3 9 7 9 2 4 0 3 4 1 3
364 0 1 9 0 8 1 8 1 3 6 9 1 3 0 0 4 3 3 1 1
402 0 6 8 4 0 2 4 9 4 2 4 7 3 4 7 2 2 3 1 4
428 2 3 8 0 6 7 2 7 3 6 5 2 1 4 6 7 7 0 2 8
456 1 8 6 6 4 1 5 7 7 6 5 3 1 8 5 2 2 1 7 5
482 8 2 0 2 9 0 8 5 4 9 2 2 2 8 8 1 0 1 5 3
486 7 5 3 9 2 2 7 2 8 4 5 0 7 9 6 6 8 3 6 0
510 4 7 3 6 2 9 6 6 8 9 4 3 6 5 2 1 9 6 2 7
548 7 4 6 7 5 8 4 7 0 7 2 7 1 6 5 9 8 7 2 5
8
308 7 1 0 3 4 1 4 0 7 4 3 8 7 2 9 3 8 7 9 6
320 4 2 5 4 0 3 0 6 5 4 0 3 0 6 8 4 9 0 0 2
334 1 2 0 4 2 9 6 4 6 7 9 2 9 0 1 6 1 9 3 4
370 0 9 7 6 3 3 4 1 2 6 6 8 4 3 1 3 6 9 2 5
414 2 2 9 7 0 0 4 6 9 1 8 4 0 0 0 1 4 2 1 4
472 7 2 8 9 4 6 8 2 0 0 4 0 9 5 2 0 3 3 1 8
530 4 8 9 4 5 9 3 5 4 8 7 7 7 1 0 8 6 8 9 1
574 9 0 8 3 8 9 6 6 0 9 6 9 5 6 9 8 7 3 0 0
2
226 3 1 0 0 5 7 3 5 9 1 8 6 2 7 3 4 9 6 0 0
394 8 0 2 4 8 0 0 5 3 3 4 7 7 1 1 7 1 9 7 1
4
346 4 2 4 3 5 4 3 7 6 2 0 3 0 8 2 2 6 1 5 8
348 0 6 3 3 8 1 3 2 7 5 4 3 4 6 2 7 3 1 3 3
372 3 1 4 6 3 7 1 8 5 5 1 7 2 0 1 5 7 2 5 7
548 8 6 4 3 6 3 6 5 6 6 5 7 0 8 5 2 0 3 6 5
8
286 2 7 0 2 2 7 0 4 6 6 1 0 1 7 6 5 4 1 9 9
344 2 4 9 0 3 0 6 2 1 2 4 2 9 9 3 2 4 2 4 1
352 1 6 4 8 4 9 0 8 9 1 9 2 1 0 0 8 4 2 4 0
474 9 1 0 3 6 4 5 8 2 9 9 5 0 2 5 9 0 1 0 9
484 7 1 6 9 5 0 4 6 3 2 3 7 3 2 8 6 4 4 1 0
528 8 9 4 6 4 6 4 9 9 2 8 0 4 9 2 6 9 9 8 3
552 8 5 0 8 4 2 8 5 4 9 1 0 1 4 2 6 3 4 7 5
614 7 7 7 9 9 3 8 4 8 3 3 0 4 9 4 4 5 0 9 6
10
268 1 0 5 1 0 5 2 2 2 7 3 7 9 7 8 1 6 7 0 4
296 7 3 2 2 0 8 6 1 2 4 1 2 6 2 8 1 0 1 5 7
380 0 5 3 7 3 2 9 6 8 3 8 1 0 5 0 6 9 5 7 8
422 4 8 1 5 4 2 9 7 4 4 4 2 7 3 9 5 6 5 5 9
452 5 6 4 2 8 3 2 3 2 7 2 8 3 8 0 1 1 0 4 7
474 7 2 7 0 7 7 9 7 3 2 9 2 8 9 7 8 8 7 5 5
534 9 3 5 5 2 5 5 7 1 9 7 1 7 7 6 8 2 3 6 9
576 5 2 5 9 9 7 9 6 1 9 4 0 7 7 0 9 8 2 9 2
582 9 6 9 7 2 0 2 9 3 6 9 1 6 9 2 6 9 0 5 4
608 7 0 8 6 9 6 8 7 8 7 5 4 6 4 1 4 5 4 7 1
6
254 2 1 2 0 4 6 8 6 3 2 5 1 1 3 0 1 2 8 3 4
366 2 7 1 3 5 4 9 7 1 2 2 4 5 1 3 7 7 2 0 4
398 3 4 4 4 3 4 2 3 2 8 9 5 8 7 2 0 1 7 6 1
438 6 0 6 2 3 9 8 9 5 3 0 1 4 1 6 5 4 9 5 0
460 1 9 4 7 2 0 5 8 5 5 5 0 4 0 1 0 9 0 2 9
500 5 0 5 7 8 1 4 5 9 8 4 3 7 4 0 1 4 4 0 2
1
384 4 1 9 9 5 6 5 2 1 1 5 0 6 9 3 2 4 7 3 2
2
314 1 7 4 4 3 7 3 1 9 2 9 8 2 4 0 3 4 2 5 8
362 1 8 2 3 0 2 0 7 8 7 3 1 4 2 5 4 5 2 8 5
5
426 3 7 7 7 4 9 6 0 5 2 6 5 5 2 5 0 5 1 0 0
470 8 7 1 9 2 4 5 8 4 1 3 9 1 7 5 3 2 1 5 7
476 7 9 2 6 4 2 5 2 8 3 0 1 0 4 3 8 0 9 0 1
494 7 1 3 0 8 8 6 8 3 9 6 8 6 4 1 3 4 8 7 4
650 7 8 9 0 8 2 8 7 6 6 0 2 6 1 0 1 5 2 3 2
3
424 4 6 5 9 8 5 5 1 1 0 2 5 3 2 1 9 0 1 0 2
484 1 8 3 9 8 0 9 1 3 9 2 6 1 1 0 2 4 7 2 1
484 9 6 6 0 7 4 2 3 8 1 3 2 4 9 4 6 1 1 8 6
3
354 4 4 0 8 3 4 6 7 4 1 3 0 1 9 5 2 8 5 5 8
426 4 4 8 2 2 9 4 2 9 6 8 8 6 9 1 7 3 5 4 7
572 8 0 9 8 9 2 0 9 2 6 9 7 9 5 9 5 1 2 8 1
7
226 7 0 1 1 2 4 2 2 3 2 8 2 4 1 3 9 5 1 4 0
268 1 0 2 6 1 8 9 5 1 0 1 4 0 7 5 1 6 0 7 2
380 4 6 5 2 6 1 2 0 1 7 7 6 2 9 3 3 6 4 5 7
386 2 5 5 8 4 5 2 0 6 5 5 3 1 9 6 4 0 1 7 7
404 2 8 4 3 1 0 2 0 9 9 1 8 1 2 7 9 3 6 9 2
442 8 9 1 1 1 4 4 2 1 9 0 9 0 4 0 3 7 8 7 2
500 7 5 4 3 5 8 7 3 1 7 5 5 7 6 4 3 0 5 6 9
5
426 3 1 5 1 8 2 6 6 6 8 2 8 9 5 2 7 4 5 5 6
432 7 7 2 0 6 9 9 0 7 4 0 7 7 0 2 7 4 9 7 1
436 6 5 8 2 3 2 9 2 3 1 2 3 6 1 1 3 7 4 0 3
480 8 3 6 3 7 4 8 0 0 5 3 4 1 3 9 5 2 6 3 9
604 9 0 8 7 1 9 8 8 8 5 4 3 6 1 3 8 0 9 8 7
8
416 8 8 1 6 8 8 1 4 0 1 3 2 2 1 5 6 4 2 0 6
432 0 2 9 1 3 1 8 7 8 4 6 5 0 9 8 2 5 2 8 8
448 1 5 3 9 6 2 8 4 8 5 1 2 3 8 5 8 8 5 8 8
452 9 3 2 2 2 2 1 7 2 9 4 1 2 9 2 8 5 9 0 7
454 1 5 6 5 3 6 9 4 4 7 5 6 2 6 6 3 8 3 5 8
478 4 7 2 0 3 2 9 9 7 7 3 9 2 6 7 7 6 7 4 4
490 9 4 1 2 8 4 7 1 5 7 6 0 5 8 9 0 6 6 9 7
518 7 9 4 2 6 5 4 5 8 6 5 4 5 0 2 3 3 2 8 0
1
476 4 2 8 6 0 4 8 4 2 6 0 1 9 4 9 8 1 6 6 7
10
378 3 2 8 5 1 5 3 6 3 2 2 2 8 0 2 9 0 1 8 9
402 5 2 5 2 2 8 6 5 8 1 8 3 5 5 3 8 9 8 2 7
434 6 6 3 8 1 6 0 7 7 4 9 3 1 8 7 2 7 1 8 5
488 6 9 1 7 4 1 9 9 8 0 0 1 7 8 1 1 0 3 2 8
502 2 3 8 3 8 1 5 9 5 7 4 2 3 9 8 9 9 9 7 2
524 8 9 3 3 3 6 6 5 2 8 8 8 7 1 9 6 4 8 9 4
526 6 4 6 4 2 9 1 8 9 8 3 0 5 2 0 8 3 0 3 6
546 5 9 3 5 5 6 9 8 7 6 0 7 0 6 7 8 5 8 9 4
560 7 9 7 3 3 0 6 6 3 5 0 0 5 9 1 4 6 5 2 5
592 5 9 8 9 8 5 6 8 5 1 0 5 5 7 7 6 8 2 8 1
6
294 2 1 1 5 0 1 2 0 7 9 8 9 9 1 5 8 9 2 6 1
294 1 6 6 0 3 0 1 3 8 1 8 9 3 5 8 4 9 4 2 3
318 4 8 1 4 1 4 1 7 9 0 2 4 8 7 3 7 5 3 2 4
362 0 0 6 7 4 6 6 7 6 2 7 0 5 8 3 0 6 5 4 4
386 2 5 5 2 5 7 6 2 8 2 6 4 5 9 0 4 5 1 0 9
388 1 9 6 7 9 9 0 3 6 1 5 4 3 5 2 9 5 9 2 7
3
274 3 0 5 3 1 3 1 7 4 0 3 9 9 8 7 3 0 5 8 6
330 5 1 4 1 3 7 8 1 1 4 2 6 3 7 7 3 3 2 6 4
372 1 1 8 2 6 2 7 3 1 7 2 1 8 7 9 2 6 4 4 1
2
358 4 7 1 5 4 2 2 5 1 6 3 7 0 2 8 0 7 0 7 5
420 2 5 3 2 7 1 6 9 4 7 7 9 3 2 7 0 5 0 3 3
3
352 7 4 2 3 4 6 2 1 4 2 6 7 7 7 4 6 9 3 2 3
462 1 5 3 2 9 6 9 9 9 3 4 7 3 6 9 3 6 9 3 4
468 7 0 7 1 6 9 7 0 6 6 6 2 5 0 4 2 0 1 3 5
3
388 5 2 7 3 1 5 8 0 1 3 7 1 2 4 8 9 0 0 2 4
454 3 5 3 8 4 0 5 4 6 8 5 6 1 8 4 2 3 3 1 9
528 9 8 1 3 5 1 9 5 2 8 9 8 3 4 0 0 7 2 1 2
4
242 1 1 5 2 5 3 5 0 3 1 8 8 3 0 4 2 9 4 4 3
386 6 1 4 2 0 9 8 1 4 6 0 9 1 1 0 6 4 3 9 7
432 0 9 8 7 7 3 6 6 2 0 2 8 7 6 2 7 6 1 0 9
524 4 3 8 9 0 5 8 2 9 7 5 8 0 9 0 4 3 2 1 7
2
342 2 6 6 3 5 8 3 6 2 1 5 1 6 9 3 6 5 9 2 4
436 6 1 6 5 2 5 6 6 0 8 6 6 4 4 4 8 3 2 0 3
4
262 1 1 1 4 5 0 6 5 0 5 2 5 3 4 6 6 0 1 8 3
544 6 2 9 0 4 6 9 6 3 7 8 5 5 7 4 0 5 1 1 9
586 8 7 5 9 2 2 2 3 8 9 7 7 6 1 3 0 0 9 3 2
650 8 1 9 8 2 6 8 5 7 9 4 7 7 8 1 6 6 3 7 6
5
326 2 7 0 6 5 9 0 9 2 2 7 6 1 4 5 8 4 2 1 7
406 2 1 6 5 4 4 9 6 1 7 2 9 4 8 0 0 8 2 9 3
444 9 7 6 6 1 4 0 4 2 2 4 5 0 4 3 3 0 9 7 7
480 6 0 9 4 5 9 5 2 5 6 7 6 5 9 0 0 9 6 5 0
496 2 7 2 6 5 8 5 9 7 9 3 7 1 9 7 2 1 7 6 2
5
398 0 6 2 9 1 7 7 9 6 6 1 1 8 1 5 3 7 5 5 4
442 1 4 3 9 9 9 9 7 3 5 2 2 2 8 1 2 0 2 0 5
454 9 5 0 1 3 4 7 8 3 7 5 3 4 6 4 1 0 6 9 7
480 8 8 4 5 0 4 9 1 6 4 8 2 8 6 5 5 0 2 0 5
594 6 6 7 9 8 9 9 0 5 9 6 4 7 8 4 1 2 7 5 2
4
286 2 7 3 7 5 7 0 2 0 0 4 0 7 9 9 2 2 9 8 1
342 3 5 1 4 4 7 4 2 3 6 8 6 5 8 5 1 3 5 3 5
406 2 6 2 9 3 4 1 8 0 8 2 2 0 1 2 6 2 5 3 0
626 9 8 9 8 6 2 5 3 6 6 9 8 0 7 9 1 1 1 3 9
2
318 0 9 0 3 3 8 3 8 3 5 3 1 7 0 0 4 1 5 9 5
450 0 0 5 6 8 2 7 8 9 4 1 3 7 3 5 9 9 9 6 5
8
348 1 6 8 1 0 7 5 9 3 0 9 6 3 0 5 2 3 6 5 6
366 5 6 2 2 0 5 5 0 6 9 7 8 0 6 9 0 1 2 5 0
382 5 2 9 2 2 9 1 7 7 1 7 8 6 4 1 1 6 1 0 2
406 0 6 6 8 7 8 8 0 0 3 6 0 8 1 2 3 5 7 1 0
444 1 6 6 9 7 1 4 2 5 3 4 0 1 4 7 2 6 8 4 3
456 0 7 4 4 6 0 9 7 5 4 0 4 2 6 8 3 9 4 6 0
492 8 1 4 6 7 3 6 9 3 4 7 2 2 7 5 6 3 2 3 6
496 9 9 5 4 0 2 7 2 4 4 5 7 7 6 3 4 0 1 2 6
3
296 0 2 1 9 9 7 1 2 6 5 5 2 0 7 1 9 0 0 5 7
474 3 8 7 5 6 5 0 4 9 5 2 4 1 6 2 9 2 7 1 8
480 4 4 9 0 9 3 2 7 8 5 3 8 7 0 4 1 6 6 2 8
7
328 1 4 5 2 7 3 2 8 5 2 3 9 3 3 6 6 4 9 6 0
400 6 4 0 6 5 7 7 4 5 3 8 1 6 1 7 0 0 2 7 4
418 2 6 6 9 5 9 7 0 4 5 0 3 2 7 3 9 0 0 7 5
420 4 7 3 6 7 7 6 3 2 1 0 0 6 3 4 3 9 8 4 8
472 6 8 7 2 5 3 4 9 0 0 0 2 1 7 5 8 7 6 2 5
482 6 7 5 8 0 5 3 7 7 4 2 4 8 6 2 3 7 4 5 5
560 8 5 6 8 0 0 7 4 8 6 1 6 5 8 1 1 3 3 0 7
8
380 8 0 4 2 2 5 8 0 8 1 3 2 1 4 9 6 4 7 4 7
384 6 5 2 0 8 5 9 1 4 2 4 6 1 4 5 5 7 2 2 3
384 2 2 5 9 7 7 4 8 3 2 7 3 1 5 1 4 6 6 7 8
388 0 6 5 5 2 4 5 5 8 5 3 0 1 6 6 0 3 1 9 7
402 5 5 0 1 8 9 6 2 7 5 8 3 6 9 7 1 7 7 3 9
410 6 9 4 5 6 8 0 7 1 2 2 3 2 3 8 6 7 6 2 7
456 1 8 7 4 2 2 7 9 7 2 5 8 7 6 4 4 8 7 7 8
548 7 9 7 4 1 4 7 6 1 9 7 5 1 3 6 1 4 3 8 9
2
286 1 8 0 3 0 3 5 6 6 0 2 0 4 5 5 4 3 2 1 7
364 3 5 7 0 0 8 9 0 3 7 9 8 5 9 6 0 5 4 9 2
2
480 4 6 7 7 9 6 2 7 9 1 2 6 9 6 9 5 7 5 9 7
600 6 4 9 5 3 8 8 7 6 7 7 1 7 1 8 2 6 3 6 9
10
290 1 0 4 6 3 6 8 0 2 2 1 8 7 6 9 3 8 4 7 8
314 1 1 4 2 1 1 0 5 8 7 8 2 6 7 8 8 4 7 5 3
332 4 1 0 4 8 5 8 8 1 2 4 2 7 3 4 7 7 2 1 5
392 9 1 5 5 4 8 3 3 4 1 1 2 3 0 0 2 3 1 8 2
414 3 8 5 3 7 6 0 2 6 4 1 8 4 7 7 4 7 4 3 3
442 8 9 7 8 3 9 0 2 3 0 7 9 5 6 4 1 6 3 3 7
458 1 1 8 5 6 8 4 9 8 4 9 6 1 4 6 3 9 1 4 9
470 6 4 0 4 4 0 9 5 9 5 4 5 8 0 5 7 7 2 1 0
506 7 8 3 8 7 9 9 7 3 1 5 1 0 3 9 6 4 5 0 0
520 9 4 9 4 0 6 4 0 9 4 4 9 6 7 5 3 1 4 6 7
5
242 4 7 2 3 6 9 0 1 0 0 4 0 5 4 1 2 1 0 4 5
354 4 4 3 4 3 8 7 1 0 4 0 2 8 2 7 7 9 1 5 1
366 7 3 0 4 0 0 8 0 0 7 1 9 2 0 9 7 5 2 2 1
416 1 8 0 5 4 5 8 9 4 6 9 6 2 6 2 5 8 5 7 5
458 0 6 5 3 4 7 8 5 9 7 0 7 7 0 2 4 0 3 7 5
