100 15
500 500 500 500 500 500 500 500 500 500 500 500 500 500 500
25
329 8 3 1 2 10 9 6 5 3 10 9 7 9 6 1
322 7 10 8 3 2 3 1 7 8 1 3 6 8 9 7
376 2 10 10 9 8 10 4 9 8 2 6 9 6 7 4
325 1 8 7 9 5 10 1 3 8 5 10 1 7 10 9
341 8 7 3 6 8 10 3 7 6 3 7 3 3 10 9
252 6 2 2 1 1 8 7 7 7 4 5 2 3 10 8
330 8 9 10 3 8 9 3 2 2 5 3 6 4 1 8
293 3 2 3 2 10 10 2 10 7 10 6 2 9 8 3
345 6 10 4 8 7 6 7 5 2 3 8 7 7 1 5
291 6 6 1 9 1 4 4 1 5 8 2 9 4 9 8
374 9 1 7 5 10 2 4 10 5 5 9 6 10 4 4
381 8 5 7 3 6 10 8 6 9 5 6 5 10 7 6
387 10 7 4 7 10 5 10 5 5 4 9 5 4 2 7
330 6 5 7 6 6 5 6 5 10 2 4 10 10 4 5
327 5 2 9 9 7 4 2 9 6 3 7 3 4 9 6
292 3 5 6 8 7 3 6 8 4 4 10 7 4 8 1
330 8 5 4 2 2 9 6 5 5 10 8 6 8 2 6
300 7 9 2 9 4 2 6 7 9 7 7 5 5 1 1
313 9 3 2 2 2 6 10 10 10 4 5 8 7 1 2
272 6 5 7 3 3 9 8 9 5 2 7 9 2 4 1
319 6 10 8 10 1 7 4 2 10 6 9 1 4 4 8
317 8 4 4 8 1 8 10 6 2 9 5 7 3 4 6
301 2 1 1 2 9 8 7 6 4 8 9 4 8 1 9
277 10 4 4 4 3 2 3 1 9 5 8 3 6 4 5
236 4 5 6 3 1 10 1 10 6 2 2 6 1 7 6
25
296 8 1 4 7 9 7 1 4 4 9 2 4 3 1 6
271 8 8 1 3 1 1 6 3 3 10 4 6 8 10 4
317 2 3 9 10 4 10 2 3 7 6 2 8 8 4 9
342 4 8 2 2 10 6 1 7 10 4 10 3 6 9 9
324 5 2 8 10 10 10 2 5 10 6 3 5 4 2 7
341 5 5 4 6 9 2 3 1 8 1 7 6 8 4 7
299 2 9 5 5 2 6 6 5 9 2 1 7 7 8 8
277 3 4 8 4 3 9 9 2 4 8 1 7 9 2 5
209 1 5 2 10 9 7 1 8 3 2 1 3 4 2 2
324 7 5 2 6 8 2 4 2 8 2 4 1 7 3 8
320 7 7 8 4 2 3 6 8 8 6 7 1 8 9 5
284 3 1 2 8 10 7 9 5 1 7 6 6 2 6 1
305 4 2 7 4 7 4 3 7 7 2 2 6 10 4 8
265 6 4 7 6 2 9 3 5 4 5 2 2 9 8 8
269 6 5 6 9 5 6 10 8 9 6 3 1 1 7 1
317 10 2 4 10 4 9 8 3 3 8 2 8 4 9 5
312 9 10 3 1 7 1 8 4 6 6 7 7 8 1 2
311 8 4 4 5 6 5 2 7 6 6 2 4 9 10 9
323 8 9 1 1 4 7 9 6 7 1 9 4 7 6 1
314 2 4 10 2 10 10 7 1 2 2 7 8 6 10 4
282 3 3 2 10 9 9 5 7 10 5 5 4 3 3 1
371 8 3 2 8 9 9 10 8 1 6 6 5 6 10 8
305 10 8 6 7 3 1 1 6 1 7 10 7 4 1 3
272 8 4 6 8 2 3 5 6 6 9 1 4 3 7 4
254 10 7 1 3 1 7 6 4 4 2 7 8 5 4 1
25
318 3 7 9 3 6 3 7 10 8 9 4 5 10 4 3
303 9 1 4 7 3 5 10 6 1 9 8 8 4 1 10
242 8 8 6 2 4 2 3 2 3 4 2 2 4 5 4
333 3 10 6 7 4 8 2 5 7 4 6 7 3 7 9
257 1 2 8 4 7 1 4 10 6 5 6 7 5 2 6
273 1 1 9 1 9 10 6 1 9 4 2 1 6 9 4
297 1 9 6 5 8 3 5 2 7 5 2 10 7 8 7
296 4 10 8 4 7 4 5 10 1 10 5 7 1 4 8
318 4 3 2 7 7 6 8 6 6 2 5 6 9 2 10
364 7 8 4 4 7 6 5 4 10 3 3 7 10 10 6
208 1 8 9 5 2 3 3 7 2 6 3 3 6 1 1
268 1 1 4 6 9 10 3 6 9 1 7 6 7 5 2
272 7 4 6 4 6 10 2 6 6 6 1 6 4 4 1
291 3 9 2 6 8 6 5 7 5 1 5 1 2 8 3
318 8 10 10 1 6 5 9 5 2 3 2 5 10 3 4
270 1 9 1 4 9 4 4 3 4 8 3 7 3 1 9
261 4 6 5 2 2 10 10 9 5 2 8 1 4 4 1
356 9 6 6 4 5 10 5 10 10 8 8 3 4 8 6
275 5 7 6 2 6 3 5 8 3 7 7 3 7 5 5
357 10 6 5 6 7 8 2 8 4 2 10 7 5 4 10
269 3 8 5 3 6 5 1 10 9 1 4 2 3 10 2
190 2 3 3 3 2 3 10 1 2 5 2 6 1 10 5
259 10 4 1 2 4 1 5 7 5 2 1 1 10 7 4
331 9 1 5 9 6 1 9 4 7 2 8 7 4 6 3
318 2 10 7 6 1 8 10 3 6 7 4 10 6 3 8
25
335 7 6 7 4 9 4 4 9 5 9 6 1 8 9 1
269 1 1 4 10 5 7 5 5 3 8 8 7 2 9 4
262 6 9 3 10 2 10 1 7 7 9 1 1 4 2 5
326 10 3 8 5 6 2 9 6 7 7 2 4 5 6 4
387 8 7 8 10 4 1 5 1 9 4 9 9 10 9 7
302 6 2 2 3 2 7 9 8 9 3 5 10 9 6 7
355 7 7 3 6 10 1 6 7 6 5 10 7 10 1 1
245 5 9 8 4 7 3 2 7 4 1 1 1 7 3 1
307 3 6 8 6 3 4 2 2 10 7 8 8 3 1 8
329 2 9 1 10 10 2 8 9 7 1 10 4 6 10 1
325 7 6 6 8 3 7 8 4 8 1 3 2 5 5 7
224 1 6 10 8 2 6 10 3 2 7 2 8 3 2 2
381 5 10 10 8 10 7 6 6 8 1 6 9 6 1 5
274 3 1 2 4 9 1 1 9 5 4 4 5 10 5 9
369 10 10 10 3 7 2 8 7 3 3 6 1 6 7 8
395 8 7 2 9 10 3 8 9 7 9 9 7 5 5 8
262 1 9 10 6 8 1 2 8 1 2 5 2 3 4 4
316 3 2 7 5 4 8 6 9 10 7 4 4 8 5 9
250 5 2 6 2 1 4 6 8 1 1 5 6 5 2 7
225 5 4 1 9 1 4 1 2 3 9 5 2 4 1 4
259 1 6 1 8 9 9 2 1 9 2 10 1 3 6 1
259 9 6 5 1 3 2 7 4 6 8 7 7 1 5 1
275 4 4 2 9 8 1 9 2 1 9 2 6 3 4 7
273 1 8 3 5 5 3 6 6 5 2 4 4 8 5 8
363 7 9 6 3 5 5 8 9 9 6 9 8 5 9 2
25
375 7 9 6 6 4 4 5 9 8 1 6 10 8 5 7
169 4 8 1 2 2 2 3 6 2 10 2 1 2 1 5
329 8 5 10 10 3 5 7 2 1 2 5 8 5 8 9
351 2 1 2 5 8 10 6 10 9 5 9 9 8 10 10
315 7 10 10 8 3 9 6 5 2 2 7 10 4 8 2
315 4 6 2 2 8 5 2 7 8 10 7 5 7 4 4
271 6 1 3 9 9 2 1 4 10 4 1 3 3 5 6
376 8 8 6 10 8 5 4 10 8 1 7 5 6 6 2
287 7 10 5 8 2 8 7 3 8 5 6 4 1 4 1
284 4 5 9 4 7 8 8 1 5 8 1 4 2 4 6
358 9 7 1 5 8 9 7 10 3 7 10 7 5 4 3
328 10 10 10 5 2 6 1 1 5 8 7 7 2 8 9
206 2 1 7 5 7 5 7 3 3 2 2 4 8 6 1
314 8 7 2 3 9 8 2 7 3 9 9 1 2 8 4
311 7 7 3 4 10 4 5 3 1 3 5 6 2 10 4
306 7 2 1 3 10 3 2 10 7 5 7 4 6 3 4
271 4 1 4 6 9 6 3 7 1 6 5 7 6 2 6
283 1 5 7 10 10 4 3 2 1 3 4 9 4 5 7
361 8 7 3 8 10 2 3 2 2 8 9 8 9 2 4
284 7 3 9 7 3 7 1 10 2 9 8 3 4 2 2
358 8 9 7 8 7 7 8 3 2 9 10 1 6 10 2
296 3 7 7 3 7 6 4 7 6 3 2 10 1 6 4
285 8 3 9 1 3 5 7 9 6 9 5 1 8 10 4
260 6 7 7 5 3 8 1 7 7 2 2 4 2 2 4
294 8 9 10 10 3 6 4 6 7 6 4 2 2 3 4
25
332 9 1 5 4 9 5 4 9 10 2 1 2 8 5 7
248 2 5 1 6 2 5 2 8 3 4 5 9 7 7 3
347 8 3 4 10 9 8 7 10 7 3 4 10 2 1 2
326 2 4 6 6 5 10 3 5 8 1 8 9 7 1 8
253 6 8 4 9 6 1 5 2 2 10 7 1 2 7 3
304 8 3 2 2 7 6 4 3 8 9 2 9 2 8 4
370 9 7 8 7 9 7 9 7 2 4 6 3 5 10 7
313 3 8 2 7 3 8 5 9 5 10 8 3 1 5 8
358 4 7 4 5 10 2 6 4 10 8 7 6 9 5 10
258 6 5 3 3 6 4 5 4 1 8 5 9 1 8 7
296 1 2 7 2 10 9 2 3 10 9 8 6 7 1 9
297 9 1 3 7 9 7 6 2 5 1 6 2 1 3 9
280 9 4 9 5 4 3 8 1 4 3 3 4 7 4 7
323 6 2 7 8 10 5 7 5 8 7 4 8 10 3 1
267 2 4 9 6 7 9 7 2 1 4 10 1 9 7 3
344 6 2 10 2 1 4 8 3 6 3 9 9 10 6 10
326 7 5 3 10 9 7 6 9 5 4 6 3 6 1 1
299 6 6 3 4 6 3 8 8 1 6 8 5 6 6 3
269 2 3 8 6 7 9 9 2 10 2 4 2 3 8 5
304 5 5 7 2 9 6 8 3 10 3 6 2 1 6 2
287 1 3 5 7 4 8 10 8 8 6 2 10 8 4 2
243 2 5 4 4 2 4 8 1 4 3 10 8 4 9 4
307 6 3 4 1 10 7 4 5 7 6 4 3 6 6 3
294 2 9 4 5 6 5 2 2 3 6 7 3 10 10 3
345 3 9 10 5 6 7 3 8 6 10 4 8 8 3 7
25
412 7 9 4 8 8 7 7 7 10 10 10 4 6 5 6
323 6 6 2 5 3 10 8 3 9 6 4 9 6 2 6
288 7 8 3 6 3 8 2 2 8 5 5 1 3 4 9
240 1 7 6 4 5 6 2 6 10 6 3 7 2 5 5
292 2 9 7 6 5 2 9 1 5 2 7 5 7 5 7
250 1 9 9 10 1 1 5 6 10 7 2 4 4 2 4
322 6 2 5 8 3 10 6 4 4 10 10 7 2 2 8
319 9 6 5 1 3 9 10 2 2 6 10 5 4 4 7
375 10 4 4 2 6 5 8 3 8 4 7 7 10 10 4
268 2 5 6 6 9 5 5 9 2 2 1 2 3 6 8
291 2 1 8 6 8 2 10 1 4 6 8 8 6 6 5
260 9 3 4 9 2 2 2 6 2 3 4 9 4 9 3
250 2 1 6 9 3 4 8 3 8 8 2 1 10 4 4
310 7 6 7 10 4 7 2 3 3 5 7 10 3 7 1
269 5 5 4 5 3 6 5 2 9 7 8 9 10 1 1
245 2 4 6 6 3 1 9 5 10 3 9 4 2 2 4
258 1 2 8 3 5 10 3 3 6 3 9 5 8 6 4
334 9 10 10 1 6 1 9 2 2 1 5 10 9 1 4
298 6 4 10 3 7 3 6 4 1 6 7 9 2 7 3
308 6 5 8 7 4 3 4 10 4 2 10 5 1 10 8
238 5 7 8 4 3 1 10 10 5 7 1 4 1 10 1
316 1 8 6 1 9 9 4 10 5 7 1 3 6 9 10
210 1 3 3 1 6 2 2 8 5 5 6 1 7 6 2
375 10 6 8 7 3 8 1 2 8 10 5 7 9 4 10
367 9 10 9 5 6 5 5 5 7 7 3 2 8 10 4
25
221 3 5 9 1 5 5 8 1 5 7 3 4 1 5 5
293 3 5 3 7 6 2 6 7 3 6 6 8 10 1 8
335 8 4 4 7 7 10 2 2 3 6 6 5 7 9 6
254 3 1 4 4 3 2 6 3 6 2 6 6 8 2 8
284 3 9 3 5 4 6 6 6 3 7 1 5 5 4 8
234 4 3 5 2 8 10 1 10 3 3 7 4 4 4 1
297 1 8 4 3 4 10 2 10 3 2 9 9 8 5 6
277 1 2 3 3 6 10 3 7 6 9 9 7 5 8 4
310 5 9 3 8 1 1 9 6 2 10 10 2 1 10 7
318 2 4 9 7 3 8 7 9 3 1 7 10 9 2 9
236 2 3 2 6 1 7 9 2 1 9 1 6 7 2 7
343 5 10 3 4 2 1 6 9 7 9 3 8 9 9 10
305 9 9 4 3 7 5 6 1 3 8 1 5 8 10 6
306 5 2 9 6 2 9 7 10 4 4 3 8 7 4 10
309 10 2 3 2 4 10 9 10 4 8 10 6 4 2 2
278 6 5 7 10 7 6 7 4 1 3 8 2 1 4 5
267 6 7 7 5 4 1 6 3 8 1 2 1 5 6 7
293 4 8 9 8 4 3 9 10 5 9 2 6 8 1 1
264 1 8 4 2 2 10 5 8 2 6 4 8 6 10 9
260 8 6 10 3 3 5 1 9 1 5 2 5 1 3 8
283 6 8 3 6 5 7 3 9 4 5 6 3 2 8 4
339 6 8 7 2 5 4 7 6 4 9 4 5 7 8 8
302 4 10 4 5 2 8 8 4 10 2 2 7 5 9 1
298 6 2 7 3 1 5 1 10 8 9 9 1 7 9 8
313 3 4 7 5 8 5 9 6 4 2 10 1 5 4 9
25
218 2 7 3 6 1 2 8 6 4 1 3 1 3 4 6
215 3 3 2 4 2 8 5 4 8 6 4 5 5 5 3
200 4 8 4 4 1 6 1 6 4 1 4 10 4 2 1
325 2 10 2 9 8 2 3 1 3 10 9 7 9 7 5
362 9 10 1 10 6 5 6 2 5 1 10 5 4 7 3
291 4 4 2 8 5 6 10 3 2 8 9 9 4 3 4
293 7 8 7 1 4 9 10 4 9 6 1 3 1 4 2
339 8 2 7 7 1 10 7 6 9 1 6 3 9 1 9
252 1 10 4 8 7 2 1 1 4 4 7 3 6 7 1
328 7 10 4 3 7 9 10 7 1 2 8 9 1 9 5
309 8 3 9 9 2 3 7 8 5 10 5 4 8 7 6
391 7 10 4 2 10 4 10 7 2 2 7 10 9 10 6
286 1 6 7 5 3 10 8 1 6 6 9 4 2 7 5
269 4 1 8 4 6 6 8 9 10 10 4 1 2 6 1
276 8 2 7 1 5 1 4 5 8 5 9 2 4 4 3
309 8 3 2 10 4 10 7 3 1 4 10 7 9 7 4
326 5 2 6 5 7 6 5 10 4 10 7 10 1 6 6
281 8 4 10 8 5 7 2 4 4 2 7 1 6 6 5
345 6 7 1 6 9 7 1 7 9 4 7 4 8 10 5
324 5 3 2 4 8 1 9 7 6 6 9 8 9 3 4
323 9 5 7 10 1 8 7 7 10 1 3 5 8 4 1
297 10 8 2 9 4 3 10 5 2 6 4 1 2 7 3
297 7 4 4 1 5 4 2 3 3 2 6 10 10 5 9
304 6 3 6 3 3 2 4 7 9 6 5 10 10 6 1
389 5 8 4 2 10 9 6 10 9 9 8 10 9 7 1
25
323 10 6 3 1 8 3 2 6 8 10 1 5 6 8 2
307 5 2 1 9 10 6 10 7 5 7 2 2 6 2 10
367 6 1 8 2 9 5 10 7 10 5 2 7 10 1 10
241 4 9 4 2 9 5 7 4 2 5 4 3 6 1 1
358 8 5 9 7 7 3 9 8 5 1 9 7 1 2 7
348 8 1 7 7 4 8 1 9 8 2 10 6 8 2 10
256 6 2 10 1 5 9 6 2 5 1 1 9 2 10 1
262 1 5 4 6 3 5 9 4 10 5 4 6 2 7 4
288 5 8 4 2 2 5 7 5 7 9 4 8 7 8 6
318 9 7 6 8 2 10 10 7 1 9 8 6 9 5 1
283 5 3 4 4 7 2 2 8 9 8 2 4 3 6 8
372 6 10 3 5 9 8 9 5 7 8 8 1 8 6 2
322 7 1 6 3 7 3 9 9 4 4 9 7 7 6 4
300 5 8 9 7 5 2 3 2 6 6 2 6 3 10 6
380 4 6 5 2 9 10 10 5 5 3 10 3 8 6 10
268 3 10 8 2 4 5 9 2 5 4 7 1 3 9 7
329 10 6 2 7 8 5 5 6 3 6 2 8 7 5 8
411 10 3 9 7 10 7 9 5 9 10 10 1 8 10 9
269 7 8 1 1 7 8 5 5 1 9 2 1 4 7 9
221 1 6 4 2 3 10 9 6 4 5 2 2 8 9 1
236 2 2 1 5 2 7 10 6 5 6 8 1 3 6 3
211 1 10 4 5 2 2 10 5 8 2 2 4 1 3 3
351 8 10 9 10 1 7 7 6 7 1 2 10 9 1 9
318 3 2 6 4 1 8 4 10 10 9 10 5 8 8 5
262 5 6 4 9 5 2 2 4 5 7 5 8 1 3 5
25
337 8 4 9 3 9 7 8 10 9 8 1 3 1 6 8
345 10 10 7 5 7 10 2 8 3 9 7 4 8 8 2
302 5 6 3 2 9 5 7 9 6 7 5 1 9 10 1
306 9 2 7 8 1 6 6 5 10 9 4 6 1 5 3
253 7 6 2 1 2 5 1 7 6 8 7 4 4 9 6
275 1 5 8 8 5 7 3 8 4 6 6 9 7 4 3
272 1 4 7 1 2 7 9 9 9 10 1 7 9 5 10
251 6 7 9 4 1 7 1 9 7 3 1 1 7 4 2
270 4 7 3 2 1 8 5 5 1 8 1 9 9 7 7
276 3 10 6 5 1 1 6 1 1 6 7 6 6 6 9
347 9 3 10 9 7 8 10 6 1 8 5 4 3 3 10
272 4 3 6 6 2 6 9 1 1 6 6 5 8 3 7
330 5 9 6 9 7 6 1 5 9 1 4 3 10 9 5
307 5 2 3 7 7 9 2 4 8 2 10 7 4 9 3
295 6 6 1 7 6 7 7 5 1 2 5 2 9 5 6
258 1 1 3 4 4 1 3 6 5 5 9 10 5 4 6
233 3 10 10 4 3 5 1 3 1 2 5 1 8 3 1
251 5 2 9 10 6 5 1 8 7 6 5 2 1 4 1
294 8 9 5 6 3 2 9 3 5 6 4 6 1 3 2
367 7 10 9 5 9 1 3 10 10 1 6 9 5 2 7
227 3 4 1 10 6 1 1 10 4 7 1 4 2 1 9
249 2 2 4 2 6 1 1 3 9 6 9 4 2 1 9
210 3 6 7 1 3 6 1 7 9 7 1 2 1 9 2
262 1 6 1 9 3 2 8 9 9 2 1 3 7 9 4
217 8 1 1 3 1 1 1 2 4 6 2 9 10 4 1
25
278 1 9 6 3 8 1 3 10 7 3 7 2 6 3 2
284 2 4 10 1 10 10 8 4 3 3 7 2 10 8 2
367 10 2 8 7 4 7 2 7 10 4 6 9 9 6 3
272 1 7 6 6 1 9 1 10 6 6 6 1 9 3 7
271 5 1 6 2 3 9 3 10 2 2 6 9 10 8 1
330 1 1 2 9 6 3 4 6 7 1 8 8 10 9 9
292 4 5 7 4 9 3 4 10 6 7 8 6 4 7 3
303 8 4 2 8 4 8 6 6 10 10 9 3 7 3 1
343 10 1 5 6 9 2 3 10 10 4 7 6 3 2 6
337 6 8 3 4 10 9 4 6 2 3 10 3 2 5 9
213 3 2 3 8 7 1 4 5 4 1 2 2 9 3 3
343 4 9 5 5 3 7 6 10 1 3 10 8 6 10 9
353 6 7 5 7 9 5 5 9 4 2 9 7 2 8 9
210 1 5 5 7 2 5 5 1 5 3 3 9 3 6 5
390 9 5 10 9 9 10 3 4 7 8 9 6 3 8 2
257 1 5 8 1 4 3 8 4 4 4 2 7 5 7 9
324 5 9 2 9 5 4 3 8 8 6 1 6 4 3 10
326 10 6 2 9 8 2 3 1 3 1 3 2 2 9 10
303 3 6 4 7 3 10 4 7 7 5 10 4 5 5 5
271 2 9 6 6 3 8 3 5 3 9 7 1 2 1 7
298 5 4 2 7 7 8 7 10 3 2 1 7 2 10 7
287 10 1 5 2 6 5 5 5 6 5 1 6 1 1 9
365 1 9 10 9 8 2 6 6 6 7 3 10 3 9 10
319 5 6 6 9 7 3 5 4 5 8 6 5 9 8 7
325 4 3 4 10 10 10 2 6 2 6 10 3 6 9 2
25
371 6 10 6 4 9 8 3 8 5 3 3 10 9 5 5
346 10 4 6 9 1 3 8 2 10 8 4 8 8 5 4
326 6 4 8 3 9 5 3 1 5 7 8 1 7 7 7
271 2 7 2 4 6 3 6 2 8 4 4 7 10 1 4
319 6 8 8 2 7 4 7 2 8 8 4 6 5 6 6
203 1 4 10 1 1 1 8 2 5 1 3 5 7 1 8
250 2 4 6 5 6 3 7 9 2 3 3 6 8 5 4
246 6 7 8 3 1 9 9 6 2 9 4 3 10 3 1
311 4 7 7 10 9 5 8 3 8 4 2 6 2 3 4
289 10 5 9 5 4 9 6 3 10 1 1 2 3 1 2
262 4 1 2 9 7 6 3 2 6 4 2 4 5 7 7
303 10 5 2 5 5 9 3 4 2 3 4 10 8 2 2
327 9 6 9 5 10 1 1 6 5 9 3 10 5 1 6
281 1 7 7 2 7 4 3 3 7 8 10 9 1 5 8
299 2 1 7 4 9 4 7 8 9 4 1 4 4 3 8
330 10 3 10 7 5 5 1 2 7 3 2 9 5 3 6
265 1 10 10 5 2 9 2 4 4 1 6 3 1 8 10
347 10 6 10 4 6 9 3 10 2 8 6 2 1 9 7
373 5 7 9 8 3 10 8 10 7 9 3 5 7 3 10
309 8 1 5 10 2 10 6 7 1 5 10 6 3 9 10
347 9 6 9 7 7 10 5 10 5 10 3 1 1 7 10
361 4 7 3 4 10 10 7 2 6 3 4 8 9 1 10
286 2 3 6 1 10 4 7 7 9 3 1 5 6 6 10
406 10 9 10 4 10 4 3 5 4 10 8 3 8 5 9
293 7 7 8 10 8 4 3 5 2 7 4 1 9 9 3
25
335 9 2 4 7 1 5 3 1 8 5 6 9 8 7 10
280 1 5 4 2 8 7 9 10 7 4 2 7 10 2 2
338 6 3 8 8 4 3 7 3 9 1 7 8 8 6 10
285 3 6 5 5 7 1 4 8 8 8 4 7 7 2 2
344 10 2 2 8 3 10 1 6 8 6 8 7 4 7 10
340 9 9 3 7 8 4 2 3 9 5 3 1 8 1 8
344 10 2 1 9 4 6 5 10 10 8 2 6 9 8 5
327 4 9 1 8 5 6 4 4 6 3 4 3 6 8 10
365 8 7 3 3 9 7 6 4 6 10 6 7 10 7 8
324 9 10 7 7 9 3 1 6 2 4 1 9 9 6 2
301 9 7 7 2 8 4 1 9 1 3 1 1 4 1 10
430 6 10 10 5 8 10 1 3 8 8 10 9 7 10 10
289 2 5 9 3 4 6 3 2 7 9 5 8 7 6 9
339 10 1 2 4 9 7 10 9 5 10 1 2 2 9 9
309 4 6 9 4 1 5 10 2 5 1 7 7 8 4 8
297 3 3 2 10 5 9 8 2 6 7 6 2 10 5 2
230 3 1 1 8 1 7 4 10 3 5 1 3 3 2 9
288 1 3 10 7 9 9 5 2 9 2 4 10 3 3 5
334 5 3 5 5 3 7 4 6 8 10 9 1 10 3 9
186 3 1 1 4 3 1 5 4 10 3 6 3 2 1 3
331 7 9 1 9 5 6 10 2 8 8 5 4 8 8 5
235 4 9 10 2 1 4 7 7 10 4 3 5 1 1 2
345 6 9 10 4 9 2 6 8 3 9 3 3 1 3 10
266 4 1 5 3 3 10 8 5 7 2 2 8 6 7 8
231 1 3 7 5 1 2 2 3 4 7 6 4 9 1 6
25
280 1 8 9 5 8 4 9 2 2 10 5 7 9 4 3
278 2 9 2 5 5 1 6 8 9 5 9 6 2 8 1
333 5 5 7 3 2 6 6 8 2 6 8 10 7 6 9
227 1 1 3 7 8 6 1 4 10 2 7 6 1 1 4
213 2 3 1 3 2 5 1 6 10 1 2 5 3 10 1
263 7 9 7 3 1 3 4 4 2 1 2 8 3 9 8
328 7 10 10 10 3 6 2 7 6 10 4 9 9 6 3
268 1 10 5 6 6 5 3 8 2 1 1 6 6 1 7
326 5 9 4 4 5 3 10 7 8 1 7 10 4 6 4
301 10 5 3 2 6 9 2 7 2 8 2 6 4 10 8
235 5 10 10 1 2 8 6 1 5 6 2 3 3 2 5
355 6 2 10 7 3 1 9 8 9 5 7 9 10 10 5
263 4 4 1 9 4 8 10 8 3 1 2 1 6 7 3
371 5 6 1 9 9 4 9 6 8 1 5 3 10 8 6
400 10 5 10 6 9 7 6 1 8 3 9 1 9 10 8
330 5 1 10 8 7 3 4 1 3 3 7 7 9 7 10
311 10 10 4 8 1 9 9 7 3 4 7 6 9 2 2
285 2 9 4 7 7 1 4 4 1 4 7 9 5 3 7
316 9 6 10 1 4 5 1 7 10 10 2 5 1 9 5
290 9 3 3 5 6 3 2 7 9 5 5 8 5 1 1
283 5 6 9 3 1 5 9 1 9 4 4 9 2 10 2
251 5 5 2 2 8 4 2 6 6 4 2 9 3 6 5
284 10 3 2 5 1 6 9 5 7 7 8 4 1 1 7
258 7 3 8 4 8 9 1 7 1 4 3 5 9 3 2
241 2 1 2 1 9 10 1 10 6 4 2 6 6 1 4
25
288 7 1 9 10 2 5 9 10 7 1 3 7 2 2 6
235 2 1 7 3 3 2 8 7 3 8 5 4 3 10 6
295 7 10 5 3 6 1 6 1 5 5 1 8 10 6 4
290 5 5 1 3 6 1 7 8 8 4 7 1 9 5 8
285 4 3 8 8 10 4 1 5 3 9 1 4 10 1 8
260 5 6 4 4 7 1 1 10 3 8 4 3 10 1 6
304 9 5 8 1 6 2 1 1 2 4 9 5 1 8 7
307 9 1 7 9 4 5 9 1 1 10 4 5 6 9 7
319 9 10 8 1 9 4 5 10 1 6 4 6 5 3 2
336 4 1 10 8 5 6 3 1 8 2 4 9 7 10 9
296 10 7 3 6 3 5 7 2 7 2 3 3 5 2 7
287 8 4 4 7 1 4 6 8 5 8 4 8 1 7 8
333 8 8 5 8 7 8 6 7 3 2 9 4 4 4 5
374 10 5 9 4 8 7 4 5 10 7 6 10 9 8 1
297 2 8 8 3 4 8 10 4 8 5 6 2 7 5 5
342 9 9 1 10 2 4 7 6 10 8 1 8 9 9 1
228 10 6 4 1 1 4 2 6 5 2 7 1 7 2 1
283 3 8 4 4 7 1 6 10 5 4 6 9 9 4 3
359 9 5 7 9 3 5 7 8 7 2 6 3 6 2 9
345 9 9 10 2 6 8 10 7 2 10 8 1 2 10 4
310 8 6 6 10 2 4 6 1 3 10 1 4 8 6 9
349 10 4 7 7 2 6 8 8 9 7 10 8 4 2 1
252 1 6 9 7 2 10 3 8 1 1 8 3 7 9 1
301 1 1 5 3 7 6 8 1 9 10 8 7 3 5 10
354 4 4 8 5 10 5 9 5 7 2 10 9 7 7 5
25
289 2 6 7 6 8 7 10 9 1 4 7 4 8 3 6
285 4 3 3 3 4 10 10 2 3 9 6 10 3 5 7
288 3 10 9 7 3 3 1 5 6 6 10 10 2 10 3
292 2 5 3 1 9 6 3 8 8 1 5 3 7 9 10
182 4 1 2 3 2 1 3 2 3 2 6 4 4 6 3
356 10 5 4 8 7 2 9 7 6 5 9 6 9 4 2
318 6 1 5 4 10 6 3 5 6 6 8 9 7 3 8
288 7 7 2 7 6 2 8 8 1 3 2 7 5 2 9
308 4 10 1 6 6 8 2 2 2 9 10 3 6 1 10
294 3 7 8 3 6 1 9 10 4 10 2 10 9 1 7
229 2 5 5 6 3 3 9 4 4 4 8 10 2 3 2
251 3 3 8 8 1 6 2 3 4 1 7 3 7 2 5
273 7 2 8 1 3 7 7 5 6 4 5 1 8 6 1
268 4 6 10 2 2 10 7 2 9 6 2 8 1 5 9
293 4 8 1 3 5 3 2 4 3 8 2 10 8 10 10
238 4 1 2 3 4 2 1 7 9 7 7 4 3 1 3
272 6 5 8 8 2 3 2 9 5 5 6 1 2 5 9
374 5 8 10 1 9 7 10 8 4 9 8 10 6 1 4
268 2 5 6 2 3 10 8 6 1 4 1 7 8 7 10
354 4 8 3 3 7 8 1 8 7 9 7 1 9 8 10
251 4 1 8 10 4 7 4 1 7 1 6 10 2 5 2
246 2 4 10 2 6 9 10 2 5 3 6 1 3 5 3
253 3 5 9 6 2 5 2 6 3 5 10 6 4 9 6
357 6 5 4 6 10 10 4 10 10 9 9 6 8 2 3
307 3 9 4 7 7 10 8 4 2 2 3 5 3 6 5
25
256 1 6 2 5 6 3 8 5 5 9 10 6 5 3 2
293 8 1 2 1 4 6 10 10 7 5 3 9 9 9 1
260 3 9 4 2 1 6 5 1 2 10 7 10 9 6 1
308 5 3 3 5 4 4 9 7 8 9 8 8 7 3 4
301 5 10 2 6 2 8 1 3 9 8 2 3 4 9 10
357 10 3 10 1 5 8 10 6 9 6 2 10 5 5 5
277 1 4 9 10 10 1 3 1 6 2 5 9 1 2 2
264 7 9 3 5 2 1 6 9 2 7 5 2 8 5 5
250 6 3 8 9 1 6 2 4 7 1 7 3 7 10 2
309 6 1 10 5 5 5 8 7 4 10 10 2 10 9 1
283 4 7 9 9 4 6 7 4 3 4 5 2 2 4 7
285 10 2 2 9 3 5 4 9 3 5 9 2 1 2 3
330 8 1 10 5 7 10 3 2 2 7 7 4 7 5 10
294 4 7 5 6 9 1 6 4 1 8 7 6 2 7 7
367 9 5 1 4 9 2 6 4 8 4 6 9 7 4 10
305 5 1 8 5 5 8 9 5 7 9 9 10 2 5 4
321 9 9 9 4 1 9 10 6 8 10 5 8 4 10 1
341 7 9 4 9 2 5 9 8 2 9 9 3 8 2 8
323 10 10 8 1 7 2 4 6 2 2 3 8 9 8 5
288 1 6 8 8 8 3 8 1 1 3 4 9 4 9 3
312 5 9 1 10 8 9 5 2 5 1 10 5 1 4 7
237 2 1 6 6 3 9 9 4 6 10 4 7 3 1 1
292 1 7 6 7 1 2 1 10 4 9 8 3 9 9 8
229 1 2 10 6 9 4 5 1 4 2 3 4 8 7 3
323 6 6 6 8 2 8 6 3 7 2 7 5 8 4 5
25
347 9 6 5 7 2 9 10 3 9 5 3 3 5 7 7
350 6 3 5 7 10 9 3 1 5 2 8 9 3 9 9
314 2 9 9 6 8 7 7 9 6 9 7 5 8 4 2
305 5 6 5 4 10 9 1 3 8 5 2 9 9 5 3
321 6 5 8 5 4 2 1 9 8 4 8 9 2 6 6
276 7 3 4 5 1 5 4 6 4 10 8 7 5 5 4
301 3 2 6 8 10 7 9 5 3 9 10 7 2 3 5
314 6 3 9 9 10 1 1 2 3 10 2 5 9 7 8
350 5 2 2 3 8 8 9 10 6 8 7 4 3 8 10
272 2 10 9 4 1 10 5 6 6 9 7 4 7 2 6
288 6 5 2 10 2 6 3 2 9 1 8 1 2 3 6
334 9 10 4 3 9 5 2 10 2 4 8 1 10 4 7
277 8 5 2 7 8 10 3 2 1 7 8 1 2 2 1
277 1 5 8 5 4 9 2 4 9 4 10 2 2 3 4
322 2 7 8 4 7 9 1 6 3 9 7 9 9 5 6
342 4 7 9 9 9 2 3 9 6 6 7 8 5 4 7
367 8 3 3 9 6 1 10 8 10 7 9 8 6 5 4
190 5 1 6 7 2 3 2 3 4 8 3 1 5 2 4
303 4 8 7 7 3 10 5 3 1 10 8 9 6 7 8
337 5 2 9 4 6 10 3 3 5 8 10 6 8 4 7
357 2 5 10 4 8 5 7 6 9 6 6 8 2 9 10
299 10 5 9 1 2 9 7 4 7 6 1 3 7 5 9
263 5 4 3 4 7 4 7 9 9 3 1 1 1 3 6
254 7 3 7 2 1 9 8 7 1 7 9 4 2 1 6
359 9 5 10 1 2 5 8 9 7 1 5 8 10 8 9
25
413 10 5 2 9 7 8 3 3 10 10 10 9 9 4 9
257 4 10 6 7 2 9 3 8 5 5 1 7 2 4 3
300 10 5 10 1 4 3 10 4 1 3 3 7 10 3 8
337 7 5 4 8 4 5 3 1 10 8 4 7 9 3 8
263 5 6 1 7 3 1 5 3 5 10 6 5 2 5 7
291 5 7 1 2 2 2 1 5 9 4 3 9 7 7 8
258 5 7 1 3 7 3 6 4 1 5 7 8 8 2 4
255 4 1 9 7 3 2 5 10 5 2 3 1 5 10 9
272 2 1 3 6 7 3 7 1 3 2 9 4 2 10 6
291 8 5 9 4 10 3 10 2 1 10 2 1 1 6 6
301 10 3 2 6 2 4 1 5 6 6 5 10 5 3 8
325 5 7 9 4 6 4 1 4 2 7 10 10 10 2 7
367 8 8 5 5 7 9 7 9 2 6 10 4 4 6 8
308 4 7 3 7 8 9 6 6 10 7 2 1 7 3 1
234 6 8 3 2 1 9 1 1 8 7 1 2 4 5 1
253 3 10 9 3 2 8 3 8 2 4 1 10 5 9 6
343 7 7 1 8 8 9 8 3 3 8 8 8 3 2 8
325 6 5 10 10 4 7 4 9 7 2 9 6 1 2 9
255 7 3 7 5 1 4 5 1 2 2 5 4 5 10 5
290 9 4 10 6 5 6 9 2 2 5 6 2 3 8 6
237 2 6 3 8 1 8 2 4 9 6 2 10 5 3 5
329 2 5 7 8 5 1 9 10 2 9 10 8 10 5 8
345 2 10 7 3 7 4 9 10 8 10 3 7 9 5 3
284 2 4 1 6 4 10 1 6 1 3 3 6 10 9 10
229 2 5 4 4 6 3 3 6 6 4 9 3 9 1 1
25
316 4 4 9 9 1 2 5 10 9 8 7 8 10 2 10
217 2 6 9 5 2 4 2 7 1 10 7 5 3 7 4
259 1 3 1 8 3 6 8 6 7 6 1 3 4 7 9
303 6 7 9 5 6 3 9 6 4 9 9 4 8 1 3
333 5 10 8 9 7 7 5 6 5 2 3 6 5 2 5
313 5 2 3 6 6 5 8 3 9 9 1 2 10 2 9
358 7 7 9 6 6 3 10 9 6 1 10 7 9 2 7
309 2 8 10 4 10 10 1 2 3 2 10 1 10 7 2
221 1 7 3 2 1 2 9 3 4 5 2 4 7 4 7
239 1 2 2 3 10 4 3 9 2 5 6 3 9 10 3
239 2 6 7 2 2 3 6 1 6 2 10 7 7 9 1
236 2 3 7 1 5 9 1 6 1 1 1 4 8 2 10
360 7 9 4 5 10 5 7 8 8 2 2 4 8 10 9
300 4 2 8 3 4 8 10 5 9 8 4 3 10 5 2
283 7 5 5 1 7 5 5 5 8 3 3 7 4 4 1
258 4 4 4 4 2 9 10 1 8 6 6 5 8 8 2
281 9 7 1 4 2 6 2 6 2 3 6 1 10 2 4
374 8 5 6 10 10 4 7 7 9 10 5 1 2 7 8
256 6 3 4 3 7 4 10 3 2 1 6 2 4 1 9
322 2 10 7 6 9 8 4 1 10 9 4 2 2 8 7
356 8 3 8 9 10 9 1 1 5 7 9 7 10 5 6
279 7 2 5 6 7 5 6 1 5 2 4 5 10 6 4
332 9 10 7 10 3 8 8 1 6 4 2 1 3 4 9
254 5 6 6 6 6 2 4 2 2 4 1 2 6 8 3
304 10 4 3 1 4 2 3 10 8 7 9 3 5 5 7
25
272 3 3 10 1 4 4 4 6 8 4 4 7 4 4 5
215 1 6 4 1 5 1 5 3 1 7 7 4 3 9 4
369 6 10 2 10 9 10 7 8 6 8 7 9 5 3 1
364 7 6 3 3 8 6 9 9 9 9 10 3 3 3 8
294 7 2 7 3 9 6 1 10 5 6 5 6 4 1 3
249 4 7 4 6 4 2 2 2 6 4 8 9 6 1 2
212 3 2 7 7 1 1 6 3 1 8 10 4 6 2 1
340 5 7 1 5 8 8 6 1 7 3 7 7 5 5 8
332 9 5 1 3 7 4 9 8 1 7 10 2 4 2 6
389 7 2 1 6 9 10 9 10 8 8 10 8 8 2 6
362 10 9 10 8 5 3 6 2 4 8 10 6 9 4 3
331 9 10 6 10 3 3 6 4 9 9 3 7 5 6 4
392 6 7 9 9 8 8 9 6 4 10 3 10 7 3 7
304 5 10 4 4 10 9 3 5 5 3 2 2 10 9 2
301 8 8 2 1 1 8 4 3 10 1 6 2 7 3 8
253 3 3 6 5 3 1 5 4 2 7 6 6 3 6 6
260 2 2 3 10 2 6 9 5 8 1 2 5 2 8 4
288 2 10 8 2 1 3 6 3 9 8 3 4 10 5 9
377 8 3 5 9 6 8 5 6 3 7 7 9 8 3 9
288 8 1 1 3 2 6 1 1 10 4 9 1 10 8 10
308 4 8 7 7 5 3 2 1 1 6 10 5 1 7 9
305 1 7 7 2 10 9 10 6 1 5 5 4 4 8 9
323 8 6 5 4 10 5 2 7 10 10 2 5 8 7 3
221 1 8 5 2 8 7 1 10 4 1 7 1 1 1 5
317 1 10 8 5 8 5 8 10 4 3 3 8 4 2 6
25
382 7 7 4 6 10 1 8 7 6 8 10 8 6 4 3
344 10 8 5 8 5 2 7 6 5 2 7 4 5 7 2
259 6 2 1 8 2 1 7 6 9 7 5 1 3 10 3
330 1 6 10 9 8 8 3 1 10 7 6 9 1 6 5
382 10 4 4 5 9 2 7 10 7 6 6 7 10 7 7
389 8 10 10 9 8 4 9 6 6 1 4 4 7 10 7
391 9 10 6 9 7 6 9 9 6 3 2 7 7 10 7
284 1 6 3 4 2 10 2 1 5 6 10 4 7 4 10
330 7 7 10 5 5 8 6 3 7 7 3 8 2 2 6
289 6 8 7 3 9 10 5 9 5 10 1 4 6 3 1
236 8 10 4 2 1 5 2 3 8 1 1 8 5 6 1
366 9 6 8 8 5 6 9 8 7 4 4 9 10 5 6
348 3 8 4 6 9 8 8 5 1 8 5 10 9 7 6
355 8 5 6 9 10 4 7 2 6 10 8 7 8 10 2
309 7 4 8 10 10 10 1 6 6 4 3 7 1 3 3
249 5 4 1 6 9 7 3 1 1 5 3 3 6 8 6
385 9 10 2 3 7 3 3 3 5 8 9 10 9 10 8
271 6 3 2 4 4 8 4 2 10 5 1 3 3 4 9
241 3 3 1 6 1 9 5 5 9 1 5 9 3 8 3
234 1 5 2 1 3 6 3 7 10 3 2 8 9 9 3
287 6 7 6 6 9 10 10 9 2 2 2 3 2 5 3
367 10 3 4 3 6 2 8 1 4 5 10 5 10 9 9
275 1 6 9 9 1 7 8 8 4 8 8 7 4 7 5
292 5 6 5 10 8 2 5 1 9 5 6 9 4 2 2
289 1 7 3 10 5 9 1 5 8 8 5 2 7 10 4
25
398 10 2 9 10 5 8 7 2 4 10 6 8 7 10 9
296 4 7 2 4 4 10 10 8 5 7 3 10 7 10 3
260 2 7 5 4 6 9 2 9 7 3 8 2 5 1 4
249 3 1 9 9 1 4 7 4 6 5 2 8 2 10 9
306 2 10 2 9 8 7 10 3 4 7 2 8 5 10 2
336 4 8 8 10 6 7 7 3 4 1 9 6 2 9 4
301 10 1 3 8 2 6 8 10 5 6 6 9 2 7 2
314 6 2 5 2 9 10 2 7 10 9 1 1 9 9 2
316 9 2 4 10 9 9 4 6 3 10 7 8 4 2 3
271 4 5 9 5 1 3 3 5 10 2 7 10 6 1 4
346 5 4 9 6 9 8 5 5 3 4 10 5 2 7 6
251 2 1 6 4 3 8 2 5 9 9 3 3 5 8 5
305 2 8 3 4 5 10 7 1 6 4 2 10 3 8 10
421 10 4 9 4 3 8 9 10 10 1 10 9 10 8 10
325 5 9 10 1 9 7 4 4 4 2 3 10 5 8 9
322 10 3 8 1 7 9 2 10 10 7 2 5 6 3 6
304 4 1 4 5 10 5 8 9 6 10 2 9 1 9 3
277 1 7 1 10 6 4 10 10 8 3 4 9 2 9 1
339 10 2 3 7 1 5 6 8 6 6 10 4 7 3 7
332 10 2 10 4 7 7 8 6 8 7 4 8 2 9 5
282 10 3 3 9 4 4 4 5 7 3 1 2 8 8 1
308 4 6 6 10 3 9 5 8 10 2 3 4 4 1 7
297 6 9 3 2 4 1 9 6 7 7 1 9 1 4 8
325 8 2 6 6 2 7 10 5 6 9 3 6 5 5 10
320 9 5 10 8 1 10 9 6 1 4 4 8 5 4 8
25
316 9 4 8 7 8 2 2 1 6 9 1 10 8 6 4
265 10 2 1 5 4 9 7 1 1 7 1 1 5 3 6
326 3 6 5 7 7 6 10 5 8 4 7 5 9 9 5
374 7 2 3 9 8 7 8 10 7 7 9 6 10 8 6
334 8 9 1 9 8 1 2 9 8 10 3 3 7 4 4
333 10 4 7 5 1 8 7 8 6 6 3 6 3 7 9
260 6 5 1 7 6 2 6 10 2 10 4 4 4 6 4
255 9 2 1 9 5 3 7 2 1 3 6 9 4 1 2
293 1 8 3 6 4 8 3 1 8 7 5 3 7 10 9
239 6 7 1 6 5 8 2 3 1 1 3 2 4 1 6
331 5 10 4 10 3 2 4 9 4 7 10 10 9 10 2
344 1 9 8 7 9 3 8 4 9 6 4 6 2 2 10
269 3 6 9 1 5 7 3 3 3 6 8 1 2 4 7
283 5 1 3 9 2 9 4 1 6 8 9 7 4 9 5
191 1 2 3 1 9 9 2 4 2 3 3 9 2 3 1
312 6 2 10 10 5 5 2 8 3 7 1 6 4 10 7
330 10 2 6 6 3 2 5 2 5 7 10 10 5 7 2
370 7 8 10 5 10 3 7 8 4 1 6 2 1 6 9
313 5 8 10 10 2 3 4 8 8 8 3 10 2 10 2
299 9 3 10 3 1 10 5 1 2 9 10 9 6 8 2
319 6 6 5 9 5 4 8 9 6 7 1 7 6 5 7
339 9 8 2 4 5 4 3 5 10 1 6 6 1 3 9
235 6 2 3 10 7 1 3 1 4 10 7 2 1 2 4
327 5 3 3 9 5 5 6 2 5 6 8 7 10 6 7
331 4 9 7 6 7 1 4 10 9 4 6 4 8 5 8
25
248 3 8 2 2 3 2 2 2 8 7 3 7 7 5 9
306 2 3 10 3 9 9 10 8 10 9 7 4 4 5 1
278 9 4 9 6 6 5 7 9 1 10 5 1 4 4 3
305 9 1 4 5 1 10 5 9 3 6 7 10 9 8 4
331 9 1 4 7 3 2 8 4 9 8 4 10 9 4 9
238 1 1 4 9 2 2 2 4 1 1 5 9 5 7 8
277 6 4 2 8 7 3 5 5 6 5 8 1 4 7 4
347 7 3 10 4 10 9 5 8 4 3 10 3 8 5 6
315 4 10 7 5 7 4 3 2 3 8 7 10 5 3 5
294 2 6 3 9 7 4 1 2 4 8 6 10 3 7 8
325 3 8 9 6 10 10 4 6 4 2 9 3 8 8 3
352 9 9 5 3 10 10 1 10 2 4 6 10 8 3 6
288 1 10 7 3 8 4 6 8 4 4 1 3 5 10 6
270 5 1 8 4 8 7 6 3 1 10 3 4 9 1 8
259 9 8 2 2 4 9 5 8 2 5 3 1 6 1 6
257 5 6 8 7 1 1 4 5 1 2 2 8 9 3 4
276 3 10 2 1 2 10 7 6 1 3 5 6 6 7 10
353 3 8 10 2 8 5 9 8 10 1 8 2 6 8 10
312 3 2 5 8 6 10 8 8 9 7 6 3 8 3 1
373 10 9 10 7 3 5 8 6 5 2 4 8 9 4 7
351 8 10 9 3 1 10 8 8 5 3 3 1 8 8 10
351 8 9 7 4 5 3 6 9 4 6 10 1 3 5 8
240 1 2 10 2 9 4 7 2 9 1 9 2 8 1 1
304 7 2 9 6 6 2 8 4 5 4 6 8 5 2 8
342 5 10 4 10 8 2 2 7 7 9 7 8 3 5 7
25
259 3 3 6 10 1 7 7 8 7 4 10 1 4 3 4
276 6 7 5 8 4 6 1 7 2 9 1 8 6 6 4
286 8 9 9 4 5 3 6 4 9 9 5 7 1 1 2
329 8 9 10 3 1 8 8 8 1 1 6 7 5 7 7
332 1 9 1 10 8 6 3 4 8 6 10 9 3 7 7
308 9 2 2 5 7 7 1 4 5 4 7 10 7 9 5
276 4 4 10 5 7 1 9 9 5 2 8 3 2 1 2
331 10 7 6 8 1 3 6 7 9 9 2 8 2 5 6
284 1 8 2 10 10 4 1 7 6 10 5 8 9 1 2
293 5 6 7 3 6 6 6 10 2 2 10 1 7 6 7
308 6 8 8 2 7 10 1 1 7 1 2 3 5 5 9
226 4 2 8 4 6 5 5 10 3 8 3 5 2 6 1
216 2 3 2 4 1 1 9 7 2 2 7 2 8 6 6
451 10 9 10 3 8 5 9 4 8 1 9 9 10 8 9
348 10 5 10 6 7 1 9 1 3 10 8 9 1 1 4
288 7 6 1 2 4 5 4 5 6 10 9 8 2 3 7
277 1 5 6 8 6 3 9 3 9 2 5 3 1 6 7
290 3 5 6 5 7 4 5 10 7 6 5 7 1 8 3
283 10 8 5 8 3 3 10 1 1 5 7 4 3 5 1
328 1 6 8 6 5 1 10 3 9 9 3 9 10 7 5
268 5 3 10 2 1 2 9 2 7 8 3 6 3 9 10
301 2 7 4 7 9 9 10 5 10 4 3 4 1 5 1
390 9 3 1 6 5 10 8 2 10 6 10 9 9 3 10
253 1 4 5 4 9 4 2 5 2 5 10 6 7 6 3
268 10 5 8 3 7 3 4 4 2 2 4 5 8 2 3
25
264 9 5 5 2 2 9 4 7 9 9 1 3 3 10 1
380 9 8 10 4 4 6 10 6 10 10 5 9 8 6 3
307 5 2 9 6 5 10 6 2 10 7 9 1 2 7 9
284 5 7 5 8 5 7 5 10 6 7 3 7 5 4 1
334 9 7 2 3 10 6 2 6 4 1 5 6 7 10 7
311 3 6 3 1 9 8 7 2 1 10 8 9 7 9 4
295 7 4 1 7 9 8 1 6 3 3 9 8 2 4 1
380 10 7 8 7 10 7 1 9 5 4 7 5 9 2 9
367 7 6 10 10 5 6 7 1 6 5 2 9 6 3 10
309 6 5 10 4 5 6 7 4 7 2 4 8 6 7 7
287 10 1 10 3 5 2 10 2 6 6 4 3 1 7 5
242 2 9 4 4 5 5 3 4 1 6 2 8 6 4 4
289 4 9 3 7 7 9 8 1 5 2 5 6 7 4 3
287 1 9 5 1 1 10 1 2 8 2 9 10 8 7 7
315 9 3 8 10 1 4 7 6 8 4 10 5 3 8 3
167 1 3 3 7 2 1 1 8 1 4 10 3 7 1 1
303 8 1 9 1 1 4 7 6 5 3 10 10 2 2 8
217 4 1 3 1 2 2 7 2 6 9 3 1 4 10 5
287 7 4 5 1 4 2 4 8 5 7 8 7 6 3 5
271 3 4 2 6 3 6 6 7 7 4 1 2 8 4 10
361 8 7 10 5 9 9 3 1 8 3 10 6 4 1 7
273 1 7 8 5 6 6 3 8 5 5 3 4 10 8 1
296 3 4 10 5 9 9 4 7 8 5 5 5 8 5 2
355 5 5 5 9 4 1 9 6 9 7 4 9 6 2 9
388 6 4 4 9 7 9 9 10 3 6 9 10 10 6 8
25
303 3 1 6 6 9 8 6 3 3 10 4 9 7 6 10
344 8 1 1 10 9 9 9 10 4 8 3 9 2 2 3
372 9 10 10 8 6 6 3 3 5 6 10 1 7 10 8
312 9 5 10 2 4 10 10 7 5 3 1 4 6 4 3
298 10 10 3 6 6 6 3 1 8 1 3 2 7 1 5
356 4 10 8 2 10 6 9 8 4 9 5 3 6 10 3
304 3 3 8 7 7 9 10 8 1 2 8 8 7 10 2
278 3 7 2 1 8 4 4 2 1 3 6 9 5 8 9
219 1 4 3 6 6 9 4 5 6 1 1 9 5 6 2
218 2 2 6 1 2 2 8 10 9 3 4 2 4 4 5
299 4 10 5 10 8 7 9 2 6 5 6 2 1 5 2
202 1 2 4 5 2 3 7 3 3 2 9 7 2 1 7
346 6 5 2 3 8 3 10 2 9 5 7 3 7 4 9
324 3 10 4 1 2 9 5 8 10 6 6 3 9 10 4
258 6 3 7 6 3 2 9 6 9 4 1 4 4 4 4
281 1 10 9 5 1 4 3 1 10 5 3 8 6 8 6
333 2 7 4 6 6 10 6 1 10 2 6 9 7 6 4
311 2 9 6 9 9 1 8 2 3 1 7 8 6 7 4
217 1 2 7 7 6 4 4 8 6 8 5 2 4 3 3
343 8 9 9 4 8 10 3 2 9 5 5 6 5 2 3
319 10 1 9 5 4 3 1 7 7 3 7 2 3 5 9
357 6 10 1 2 7 3 10 8 3 10 9 2 9 8 7
358 4 8 1 9 8 9 10 5 2 5 3 9 9 1 8
235 5 1 5 8 2 4 2 8 3 6 6 4 10 10 2
274 5 10 2 8 2 1 10 8 3 3 9 3 6 2 5
25
280 1 4 3 10 6 5 10 1 5 4 1 8 9 3 7
329 6 6 8 5 4 6 4 1 10 7 5 8 4 1 8
279 3 10 2 6 3 3 8 4 8 2 10 2 3 4 4
266 1 8 8 9 5 5 1 8 3 5 8 2 1 9 8
374 8 4 1 8 10 10 8 8 10 4 8 5 8 8 1
311 9 2 6 6 10 7 6 9 7 7 1 2 6 3 3
228 1 4 1 5 4 4 9 9 8 1 2 6 7 5 1
277 8 4 4 5 7 8 5 4 4 10 2 1 9 7 2
318 7 9 7 4 6 5 6 7 3 5 2 1 10 2 7
395 7 6 4 10 8 9 10 5 8 7 10 8 8 10 5
380 10 9 2 10 9 5 7 10 4 7 5 6 1 9 8
208 2 2 1 5 1 6 4 10 3 4 2 2 4 8 6
297 4 1 10 6 6 5 9 10 4 2 2 8 1 5 9
350 7 10 2 1 2 4 6 9 10 2 1 10 7 10 10
353 9 4 4 2 5 3 5 7 10 3 9 6 5 5 10
258 4 7 6 5 8 1 1 1 3 4 6 10 2 8 2
278 9 6 8 7 2 2 4 7 6 3 2 3 1 9 2
300 3 8 6 7 10 10 7 4 6 9 2 6 1 10 3
376 6 1 10 8 10 8 5 8 5 9 7 6 10 6 4
294 3 10 9 2 3 8 6 9 1 6 7 6 5 9 4
380 9 6 5 7 5 7 8 10 9 4 3 5 6 9 7
306 1 6 8 6 10 8 7 2 5 3 4 10 2 5 9
262 6 3 6 3 2 5 3 6 9 9 3 6 5 10 6
312 1 6 7 4 6 4 10 7 1 2 9 6 6 8 9
213 1 2 5 3 9 5 2 1 8 9 2 3 5 1 1
25
243 4 9 7 6 2 6 4 7 7 5 1 1 5 2 4
231 1 5 2 2 1 3 4 2 2 6 7 10 4 8 7
392 5 8 2 9 7 3 7 2 8 7 8 7 7 10 10
373 9 10 8 7 10 6 2 9 3 4 9 8 6 1 1
301 4 2 4 6 7 2 5 8 7 2 8 2 4 9 4
330 10 4 5 10 2 10 9 9 8 6 2 6 4 6 6
360 5 4 5 3 7 8 9 6 3 7 10 9 7 3 9
272 2 10 9 6 2 9 8 1 9 5 5 1 6 4 4
283 7 7 1 4 4 8 7 2 9 8 6 1 2 5 4
336 10 10 4 5 8 9 1 10 3 2 1 6 2 6 4
192 2 6 3 4 1 8 2 2 8 1 2 9 6 4 1
343 10 7 7 8 5 4 1 3 4 9 6 3 8 7 5
298 8 6 5 6 5 8 1 3 8 7 2 2 2 1 7
259 3 10 9 6 4 1 3 7 9 1 4 4 3 4 6
291 2 6 10 3 9 1 2 4 5 3 8 9 3 2 9
316 1 4 1 7 10 5 8 2 10 5 6 9 2 6 7
282 8 4 5 4 2 9 9 4 10 3 1 7 7 6 3
281 8 8 9 2 5 2 7 8 5 4 1 6 3 6 4
345 7 10 4 8 2 9 10 10 7 10 6 5 2 7 3
324 6 7 7 4 5 5 4 6 6 7 2 9 7 4 9
311 1 8 9 8 7 6 4 6 7 8 1 10 1 5 9
385 6 5 9 10 10 4 5 9 6 6 5 10 1 10 6
309 10 6 8 7 4 2 1 6 10 4 2 3 6 6 3
329 5 4 8 10 9 4 7 9 1 7 2 10 1 7 7
232 4 7 6 5 6 2 1 3 2 4 5 2 6 4 2
25
278 7 5 1 7 4 2 4 7 5 3 3 9 3 4 5
284 8 5 1 8 3 4 2 7 7 9 5 9 6 5 1
239 3 2 7 7 3 1 5 10 6 1 1 2 5 9 8
316 9 7 5 2 3 9 5 8 8 1 2 10 5 7 8
332 7 7 9 2 1 8 9 10 8 6 6 5 10 3 2
288 3 4 8 2 3 5 5 4 4 5 10 8 10 7 8
297 3 8 7 4 1 10 9 5 7 8 6 9 6 2 9
280 5 8 6 10 6 4 1 8 4 5 3 2 7 6 5
295 4 7 10 1 4 10 9 5 6 10 5 4 3 8 2
324 10 1 4 1 9 9 4 9 1 2 3 10 4 6 10
385 9 8 8 7 6 8 9 3 5 5 9 8 1 8 8
266 3 8 3 9 7 1 8 2 2 5 5 5 2 4 5
247 4 10 7 8 2 1 5 3 8 1 3 2 3 5 3
221 5 6 1 4 1 7 7 8 1 6 4 2 4 6 2
245 7 5 1 4 2 5 5 3 1 6 9 4 7 1 3
399 6 10 9 10 9 8 7 4 10 6 6 3 7 10 8
289 7 8 8 4 3 2 2 5 8 1 8 4 2 4 8
272 4 1 8 6 6 9 7 2 4 4 5 7 8 6 2
229 2 5 9 2 2 10 1 4 4 4 2 4 7 7 9
320 2 5 3 10 1 5 7 10 8 9 3 3 7 8 10
237 6 4 2 2 1 1 5 2 9 9 2 7 10 7 1
303 1 1 3 10 5 10 10 5 2 10 10 1 7 10 8
318 5 8 6 3 5 7 9 1 1 4 10 10 1 8 4
217 1 6 1 10 2 4 4 3 10 2 3 8 2 4 3
256 4 7 7 4 1 1 10 8 4 4 1 5 2 1 8
25
265 7 1 10 1 6 3 1 9 7 6 3 10 7 3 3
288 6 8 1 6 4 6 4 2 3 4 8 9 4 5 6
341 3 7 5 2 3 10 8 8 9 9 10 2 8 7 9
366 7 1 5 3 5 10 7 6 10 4 8 5 10 10 10
261 6 1 1 6 2 2 4 7 8 5 6 2 9 3 2
277 8 9 7 1 1 5 5 8 10 9 1 7 3 6 4
269 5 10 9 5 7 5 3 2 2 10 1 7 8 4 1
259 1 9 1 7 2 4 6 6 3 10 9 10 6 1 6
312 3 5 6 6 6 5 10 8 8 3 4 5 6 3 7
335 6 8 5 6 4 9 5 2 6 6 10 1 9 9 5
347 6 8 2 2 10 6 8 7 7 8 9 4 2 5 5
299 5 4 8 9 6 9 1 3 5 3 2 1 8 3 8
311 8 8 2 7 6 10 8 8 1 4 2 1 1 6 5
257 6 5 7 1 9 10 6 1 2 4 5 5 2 6 3
255 3 5 6 2 2 1 1 8 9 8 5 4 7 7 8
324 4 9 7 6 4 10 10 3 6 5 1 3 8 8 5
356 10 8 6 3 5 6 1 10 3 7 5 10 5 8 5
370 8 7 10 5 9 10 4 2 7 1 1 7 6 6 9
352 8 10 5 8 10 2 9 6 10 4 9 4 2 6 1
326 7 1 2 2 5 8 8 8 10 6 8 10 8 10 3
229 5 7 3 7 1 7 4 8 1 6 7 7 2 9 1
259 6 1 4 4 7 7 10 4 2 6 1 2 3 2 10
370 10 5 4 6 9 10 10 7 7 5 1 1 10 5 5
335 9 9 9 4 10 5 7 3 2 2 1 4 8 1 8
259 2 7 10 4 8 3 2 4 5 9 1 5 2 3 4
25
349 10 9 1 4 3 10 3 8 6 2 10 5 3 5 6
354 8 10 6 3 1 1 10 9 8 5 8 3 7 10 10
298 9 10 2 7 6 1 2 9 4 1 4 10 5 7 2
275 3 2 3 6 8 9 9 5 4 1 3 6 1 2 8
290 6 7 5 10 1 2 3 1 6 10 5 3 6 10 8
361 9 2 6 7 4 6 3 9 5 10 10 6 9 1 9
339 9 10 2 6 5 1 8 5 3 2 5 5 9 5 6
294 1 1 8 8 9 1 6 3 6 10 6 4 8 2 9
270 1 1 5 6 4 5 7 8 1 1 9 7 1 9 8
376 5 7 6 3 8 4 6 9 10 1 5 7 10 8 6
202 2 2 4 5 5 5 4 4 1 8 8 4 1 7 4
264 2 9 10 2 4 1 7 4 4 6 7 10 6 1 2
257 1 1 10 7 6 3 7 3 2 10 6 9 3 8 4
283 6 5 8 5 1 10 10 4 6 4 5 3 4 10 5
270 5 3 9 8 1 6 3 10 4 8 2 9 5 3 2
239 5 1 9 2 2 8 2 8 1 9 2 6 7 1 9
334 7 10 2 5 5 3 7 3 1 8 10 5 10 5 7
222 5 4 2 5 1 8 2 9 2 10 4 3 4 4 3
327 3 10 2 7 3 4 5 6 9 7 9 7 8 1 10
307 5 8 2 10 4 3 2 9 5 2 6 3 8 7 6
258 2 3 6 6 3 4 6 7 5 10 10 1 5 9 2
269 7 2 5 9 5 10 5 2 4 2 1 4 8 1 9
375 10 2 7 7 9 2 5 8 2 9 9 7 5 5 10
362 7 9 9 7 10 3 6 9 1 5 10 1 6 7 2
316 9 5 3 2 7 10 1 4 1 10 6 9 1 3 7
25
314 8 3 10 4 5 1 7 5 2 9 10 1 3 9 5
395 8 9 9 6 8 5 9 9 8 1 5 5 7 6 9
332 5 10 9 10 6 2 3 1 7 6 1 10 6 1 8
320 2 2 4 8 10 1 6 9 8 2 5 2 7 5 10
301 10 3 3 5 8 5 7 4 5 10 2 4 6 6 4
215 1 1 5 1 2 2 6 8 8 4 2 7 9 7 3
328 6 10 3 10 6 5 2 10 1 4 9 2 3 10 10
417 9 3 10 10 10 3 7 8 8 5 1 7 9 10 9
324 7 5 1 2 10 6 2 5 10 9 7 3 3 7 7
312 10 9 9 9 1 1 6 10 3 6 2 2 8 2 10
281 1 4 7 4 7 7 10 2 3 9 8 1 1 4 7
233 4 2 5 6 9 2 3 8 3 6 5 4 5 3 2
293 4 8 7 3 1 3 5 3 9 5 6 1 5 6 9
273 10 5 1 6 1 1 3 5 7 5 7 4 1 3 3
318 5 2 10 5 7 7 10 6 5 3 10 10 1 3 2
359 9 4 8 6 1 10 1 3 4 2 8 8 10 6 10
341 6 9 9 4 10 8 1 8 2 2 9 3 10 6 2
292 5 1 10 7 7 7 6 2 2 7 5 7 7 1 2
357 9 6 3 3 6 9 3 5 9 3 10 7 7 1 3
341 1 6 10 4 10 4 10 3 7 4 8 5 8 9 8
238 2 10 7 4 1 9 8 6 6 2 9 1 3 1 1
335 6 10 10 6 4 4 3 7 10 6 4 1 10 2 9
385 10 8 3 9 10 9 1 9 3 4 8 9 2 9 7
359 4 10 5 8 10 4 6 8 6 2 4 6 9 6 10
353 5 7 3 9 8 7 9 1 7 1 8 4 3 8 7
25
236 6 3 3 1 4 1 1 10 6 9 1 3 2 4 10
206 2 1 4 7 6 9 1 3 6 7 8 2 3 1 1
303 3 8 3 8 6 1 10 1 8 6 8 7 1 4 1
273 3 9 5 3 10 1 3 7 5 3 4 1 7 9 2
307 10 5 6 1 7 10 2 7 5 3 7 6 8 1 2
336 1 10 2 9 9 1 8 10 7 8 9 1 5 8 4
352 8 4 7 2 8 4 4 1 9 9 6 2 6 1 10
303 6 1 8 2 7 6 6 8 8 8 6 10 1 5 1
314 6 9 8 7 3 9 3 10 3 7 8 3 5 5 9
250 4 1 6 6 5 6 1 3 4 9 8 7 5 3 6
236 3 7 6 3 1 8 8 6 2 1 6 2 3 7 3
399 7 4 9 8 6 5 4 1 9 1 10 9 7 9 10
358 8 7 7 5 9 1 5 9 7 7 4 9 4 10 2
288 2 3 10 2 10 8 10 2 1 6 1 6 4 5 6
351 4 7 1 6 10 9 6 6 8 8 10 2 5 5 9
293 3 5 5 2 2 1 9 9 9 7 6 10 4 2 8
346 2 8 8 5 9 10 4 2 10 5 6 10 4 5 5
304 6 8 3 8 8 1 4 10 3 2 8 4 4 7 4
311 8 6 2 4 7 8 1 7 4 10 1 4 10 3 10
318 4 3 10 10 4 10 9 8 9 10 3 8 1 1 2
291 2 5 9 1 8 8 9 6 8 2 9 7 4 9 2
331 9 4 10 2 5 1 3 7 7 10 1 9 7 10 4
281 5 1 9 8 1 9 3 8 3 7 9 4 5 8 7
337 9 5 3 3 4 6 10 6 7 8 6 1 3 7 9
307 9 2 6 3 6 7 3 10 4 7 9 6 3 7 2
25
327 9 9 9 4 5 1 3 2 5 3 3 7 2 3 10
296 10 3 1 8 2 2 10 10 1 1 4 6 8 2 5
262 6 3 3 6 3 5 5 3 3 2 8 5 9 7 3
266 3 2 2 9 9 9 5 1 8 1 5 3 2 1 7
389 7 5 8 9 10 9 10 6 2 7 9 10 1 6 9
290 10 2 10 4 2 8 9 2 3 6 6 5 7 8 3
241 3 8 7 4 7 8 4 5 1 5 3 10 3 2 3
248 7 8 4 6 2 5 1 7 4 1 6 1 7 1 1
279 4 5 3 1 4 2 4 3 10 8 8 6 6 7 4
273 2 2 9 3 6 5 3 7 3 6 8 2 4 7 7
334 7 1 8 5 5 3 3 7 5 10 8 7 10 9 5
311 7 9 10 2 5 9 6 3 4 8 9 1 8 2 3
303 3 7 10 5 10 8 8 4 9 6 1 5 1 2 4
264 10 2 3 2 4 1 2 5 5 10 5 3 3 7 9
253 4 8 1 1 7 9 2 7 1 3 8 10 5 2 1
283 8 4 6 9 1 8 1 5 10 1 3 1 3 9 5
324 4 10 8 3 9 10 2 3 2 5 8 8 4 9 1
328 7 4 1 5 9 8 2 7 5 1 6 7 7 10 6
266 3 3 8 8 3 7 3 3 4 10 5 3 3 10 5
276 1 6 2 7 8 3 3 7 8 8 5 2 6 2 9
334 7 2 8 6 10 3 8 3 7 8 1 10 2 6 7
321 7 6 9 2 5 10 8 3 6 5 2 6 8 1 8
389 3 9 9 8 8 8 6 8 6 5 8 8 8 7 5
302 1 9 7 5 9 2 2 1 8 4 2 9 4 7 10
381 10 5 10 5 9 7 9 4 5 2 9 5 1 3 10
25
281 9 8 1 8 8 4 8 1 2 9 3 4 1 2 1
339 2 9 3 2 10 7 1 3 4 4 9 10 7 10 8
262 6 3 2 5 10 6 5 6 10 2 3 4 4 2 1
229 8 4 10 8 1 1 9 8 1 10 4 1 4 4 1
283 9 3 9 2 7 3 9 6 4 4 5 3 9 4 1
292 10 9 4 1 9 6 10 4 2 8 2 1 5 1 1
280 8 4 6 3 9 8 1 3 3 1 2 10 3 10 2
305 10 1 5 1 6 5 6 1 2 2 10 4 2 6 6
377 10 2 6 9 6 8 5 1 8 5 7 5 7 8 8
337 9 10 4 8 10 6 6 4 2 4 2 6 3 2 5
332 8 10 8 5 6 10 5 4 4 5 1 7 6 7 4
321 9 5 4 3 3 4 9 1 3 3 9 5 4 8 8
298 1 9 2 7 3 1 9 3 9 2 7 9 6 7 5
241 7 1 1 3 5 7 1 6 3 2 1 6 7 10 3
362 9 2 9 7 9 10 6 1 7 9 4 10 3 4 9
346 9 5 2 10 4 4 9 5 8 5 9 9 8 4 1
238 3 5 3 4 8 10 6 2 1 9 5 1 6 8 3
286 1 8 8 10 7 4 4 7 5 3 5 7 7 3 2
215 8 6 10 2 4 8 3 10 2 3 1 3 1 2 1
295 1 5 7 3 7 9 2 2 4 8 4 10 6 8 8
323 5 8 3 5 7 5 8 10 4 9 8 1 2 9 3
340 3 8 7 8 10 6 8 4 9 2 2 1 10 4 10
315 9 5 5 5 6 7 8 4 8 1 8 1 4 1 5
338 7 6 10 7 9 9 2 10 3 2 3 3 10 6 2
294 6 1 10 6 2 1 7 10 1 10 8 10 3 5 7
25
296 10 6 8 5 1 7 1 3 6 9 9 3 6 9 4
278 3 8 8 3 8 2 6 2 1 10 3 7 1 3 8
333 10 8 5 6 7 2 1 7 3 7 3 8 10 3 2
276 10 2 5 4 7 7 6 3 5 8 10 2 2 3 1
302 5 3 5 2 9 7 6 1 1 3 6 2 9 8 10
324 6 1 10 1 8 2 5 9 5 10 3 8 8 5 8
292 5 5 9 2 5 6 4 4 1 3 7 9 10 5 9
309 3 8 3 6 9 2 2 3 9 1 6 6 6 1 10
327 9 9 1 4 7 7 5 3 2 1 4 2 4 9 10
290 4 8 9 10 4 8 3 8 3 5 9 6 2 5 4
273 6 1 3 3 9 9 6 2 2 10 8 7 10 3 1
318 3 6 6 2 4 7 3 7 8 3 6 6 8 10 8
268 2 5 2 4 8 8 6 7 1 6 3 9 1 8 2
252 9 2 2 2 5 6 6 3 4 1 2 5 8 1 2
366 7 7 1 3 10 10 10 10 2 3 8 7 1 9 9
366 5 6 5 9 9 7 7 3 8 2 8 8 4 9 4
241 1 9 2 5 5 9 1 5 7 2 3 4 8 2 6
343 6 9 1 8 10 1 4 7 5 9 8 7 4 4 2
324 9 5 6 9 1 9 5 9 4 3 10 8 2 8 7
347 5 8 7 6 9 2 10 4 10 4 10 2 1 2 3
317 8 9 9 5 3 4 7 4 5 1 10 9 3 6 5
342 6 10 9 1 6 8 10 6 10 2 9 3 8 7 3
263 3 6 3 2 10 4 1 9 10 3 6 1 1 1 8
272 4 3 2 4 8 10 6 10 4 1 4 7 1 6 3
260 2 1 5 7 8 6 8 5 8 5 4 5 9 7 1
25
347 6 1 10 8 10 7 8 2 8 3 8 8 5 2 4
229 1 2 7 1 2 4 6 2 4 4 10 2 6 7 4
370 3 7 9 9 10 8 7 8 10 7 8 9 4 3 7
309 7 5 7 9 10 8 8 4 1 6 8 4 6 3 2
279 4 2 9 5 7 8 2 4 10 7 6 1 1 4 6
236 2 1 7 2 4 3 10 6 4 1 1 3 10 8 2
253 2 9 8 10 2 5 7 7 6 8 3 7 3 10 1
364 5 4 2 6 9 4 1 2 9 4 10 10 6 6 9
332 7 10 5 5 8 10 6 2 1 5 2 10 6 7 1
224 1 3 7 8 1 3 6 3 2 2 10 2 7 4 1
372 9 9 4 6 10 10 3 9 9 6 2 7 5 1 10
368 6 5 5 9 9 6 9 1 6 2 5 6 10 1 9
360 2 9 5 6 5 7 7 9 10 2 9 4 4 5 9
281 6 7 4 9 10 4 1 2 1 6 9 5 1 3 1
282 5 6 1 9 2 5 3 5 2 10 8 3 6 8 5
316 3 6 4 4 9 1 4 5 10 8 7 7 5 2 4
292 9 4 4 1 7 5 8 3 4 5 4 5 10 2 2
390 4 10 9 8 10 8 9 7 7 3 1 2 6 8 10
294 6 1 4 6 8 6 1 7 1 8 5 8 9 1 7
378 10 3 3 4 9 3 5 2 10 3 9 7 8 1 8
260 5 4 8 10 3 1 3 8 1 8 4 6 2 1 10
285 8 10 2 1 3 6 1 1 4 9 2 6 7 9 10
314 9 1 1 2 10 9 2 8 7 3 6 5 5 5 2
251 6 6 4 2 2 6 6 5 3 4 8 8 8 2 2
250 10 5 2 6 1 3 3 1 4 4 2 3 10 9 3
25
361 5 6 7 3 10 9 3 3 9 9 9 7 4 4 7
333 3 6 1 10 8 1 5 10 1 2 4 9 9 3 10
337 8 3 9 2 6 5 8 8 6 2 8 8 5 4 4
329 7 4 6 1 5 10 1 10 5 3 10 2 7 2 10
375 7 1 10 9 8 7 3 5 7 4 8 6 9 3 10
273 3 2 4 9 1 2 6 3 5 10 2 5 8 7 8
309 8 5 1 5 7 1 2 7 6 6 7 4 1 10 5
277 4 5 8 4 4 4 7 9 10 4 6 4 4 6 1
359 8 5 7 4 6 6 1 1 9 9 6 6 10 7 7
318 3 7 4 3 7 3 4 6 5 6 9 5 7 5 10
335 9 3 2 3 9 1 3 7 10 1 7 5 4 6 9
288 2 9 4 1 6 2 4 8 3 2 7 8 1 5 10
205 2 6 1 4 3 4 7 2 1 8 6 3 7 2 3
258 8 4 4 10 1 1 2 2 7 1 2 5 6 7 3
251 5 1 8 2 6 6 3 1 4 1 2 10 7 1 6
282 1 3 8 9 3 7 3 9 6 4 8 2 10 6 10
325 7 9 5 10 4 1 1 5 3 8 7 10 6 10 1
379 6 10 3 6 10 3 10 4 9 1 7 7 5 3 8
320 5 8 9 10 6 3 5 8 2 10 3 6 2 6 5
296 7 5 10 5 9 9 2 3 10 4 3 3 3 3 5
234 3 10 6 4 6 2 5 2 2 5 2 5 1 2 5
354 9 1 8 10 9 5 1 7 2 9 8 8 10 5 9
263 1 6 10 7 10 1 4 7 2 9 1 8 4 2 2
352 9 10 10 7 8 3 9 7 6 5 2 5 5 2 2
349 7 6 10 1 8 9 2 2 5 6 6 10 2 6 8
25
268 1 6 2 1 10 5 6 6 6 7 2 10 4 7 2
327 4 9 9 10 6 3 6 8 10 10 3 6 8 10 1
239 3 3 8 5 1 6 10 5 3 9 2 3 6 4 3
278 7 2 7 10 5 9 2 3 1 1 7 10 3 1 4
253 3 1 4 8 2 10 9 1 7 5 5 7 5 2 6
308 3 9 8 10 4 1 10 3 7 10 5 5 1 8 9
230 3 3 8 7 4 3 2 4 7 8 1 2 3 3 3
330 10 5 10 6 7 7 2 7 1 4 7 8 2 10 5
324 5 9 5 3 8 6 6 5 6 9 2 1 3 6 10
275 5 3 4 8 8 6 8 1 9 8 2 7 1 8 3
157 1 2 7 4 1 3 1 9 1 4 3 1 5 5 2
323 7 3 6 7 5 9 7 3 9 9 1 5 7 9 10
325 10 8 2 2 7 2 6 2 3 5 10 7 1 8 3
316 5 8 10 5 5 7 10 10 8 7 1 4 2 8 5
293 2 6 3 3 8 10 7 8 5 6 9 7 4 7 4
421 10 3 6 8 10 3 10 7 9 2 10 10 2 3 8
216 9 2 3 3 5 2 3 3 6 2 1 1 2 4 5
320 6 6 4 10 10 6 3 6 2 1 6 5 3 9 8
340 1 3 4 10 10 8 9 10 10 4 7 6 7 8 2
376 9 6 5 1 9 7 9 4 3 2 10 7 7 10 3
288 8 8 7 1 7 3 1 4 2 3 8 1 6 1 4
282 1 10 2 10 1 7 9 2 10 8 5 4 2 3 8
263 4 3 6 4 6 6 1 2 4 4 10 9 8 6 4
322 9 3 2 4 7 6 10 10 8 6 2 5 5 8 3
389 10 1 6 8 1 8 10 10 7 8 8 9 4 6 9
25
331 4 1 3 6 3 10 3 9 4 5 10 10 4 9 9
321 10 4 10 2 5 5 6 5 6 2 3 7 1 3 6
315 2 3 10 2 7 6 1 8 10 6 9 8 4 5 4
244 5 5 1 7 2 6 10 3 1 2 5 1 4 1 6
313 6 9 2 5 4 7 3 8 5 6 10 4 5 6 1
285 4 6 9 8 4 9 6 10 4 6 1 9 4 4 2
280 2 5 9 7 3 1 9 3 4 1 7 10 6 5 8
279 2 1 2 2 8 7 1 8 5 10 4 8 4 2 10
385 9 7 3 7 5 3 4 9 10 9 6 10 7 2 6
305 2 6 1 8 10 5 2 8 10 9 9 4 8 8 1
234 3 2 10 9 3 5 2 10 7 10 3 2 3 2 3
289 9 7 3 7 4 2 5 6 1 9 2 1 7 5 5
335 9 6 10 3 6 2 10 8 9 1 8 5 1 3 6
292 6 4 5 1 2 5 7 4 5 10 8 8 5 6 7
340 3 10 3 8 10 8 6 3 4 3 7 1 8 9 7
249 2 3 4 10 1 4 4 4 3 10 9 4 6 2 8
402 9 6 6 6 9 7 6 10 9 6 7 7 4 10 3
359 9 7 4 8 7 1 6 7 10 6 1 10 9 4 1
303 2 6 8 4 9 10 4 9 6 3 1 10 6 1 3
279 5 3 5 2 3 6 7 4 10 2 6 5 1 5 5
342 6 10 7 4 6 10 2 7 4 6 10 8 2 6 5
311 5 10 5 5 5 10 4 5 5 10 1 9 8 4 4
331 2 2 8 3 2 7 10 8 3 4 10 8 9 6 10
282 4 2 8 6 4 1 2 2 9 8 9 3 10 5 9
337 4 8 5 7 6 8 2 10 4 10 9 7 5 10 5
25
314 6 7 10 10 8 8 5 8 2 9 3 3 10 3 2
254 5 9 6 3 4 6 1 9 6 6 1 2 4 3 5
226 1 8 7 1 2 1 5 4 10 10 4 7 3 6 3
252 5 9 2 5 2 7 6 4 6 6 1 4 8 2 1
271 7 9 7 9 6 2 4 4 6 9 1 3 1 5 5
297 6 6 7 6 1 5 8 4 5 5 7 5 10 10 3
295 8 4 10 8 5 2 2 8 6 5 4 4 3 2 3
301 9 6 7 4 9 9 1 5 9 7 5 2 2 4 3
287 9 1 8 1 7 8 5 9 1 5 4 4 7 9 6
258 5 10 4 2 8 1 5 6 1 2 2 10 4 5 3
255 1 2 3 7 9 3 1 3 7 9 6 2 3 4 7
251 2 9 3 9 5 2 9 2 2 5 4 9 5 8 3
345 9 5 3 6 8 7 5 10 7 6 1 7 2 8 9
399 9 7 1 10 10 10 9 2 4 1 5 8 1 10 9
218 4 3 1 6 4 1 3 3 2 4 2 8 5 7 4
318 6 6 2 1 6 8 6 8 4 5 4 7 10 5 10
302 7 9 4 4 1 10 3 5 5 10 6 2 9 8 3
238 3 1 10 6 7 10 1 1 2 10 8 2 9 5 1
295 3 9 5 1 10 8 8 8 7 1 6 5 1 4 2
386 10 4 7 6 10 9 8 3 4 9 6 8 9 6 7
220 1 4 4 8 2 4 2 9 8 1 2 5 5 5 3
249 2 2 7 2 3 2 9 3 10 9 1 6 4 2 5
344 2 5 5 8 7 4 7 5 10 6 6 7 4 6 10
341 3 8 5 10 4 2 6 2 8 6 7 7 10 6 5
302 8 2 8 7 6 9 9 8 3 4 7 3 4 9 2
25
254 2 7 3 10 2 9 7 3 9 1 6 3 3 6 1
228 2 9 4 7 1 1 2 1 4 1 3 4 9 10 7
301 2 7 1 7 5 4 9 4 7 9 10 5 1 4 5
326 9 6 6 2 5 5 1 8 8 3 8 10 8 4 5
313 4 8 10 1 10 10 8 6 4 4 4 6 3 7 7
292 6 8 6 1 3 3 9 5 2 5 9 6 9 10 3
341 6 9 6 2 3 9 5 6 7 10 6 8 6 9 3
383 8 10 6 9 8 3 9 4 5 3 3 10 10 6 9
386 6 3 10 10 10 4 4 1 8 5 6 8 5 6 10
288 5 6 9 6 10 2 1 7 5 4 1 5 3 9 6
269 7 5 3 2 7 2 8 5 2 1 2 4 6 8 7
277 5 8 8 8 3 7 8 5 7 4 1 1 9 6 3
358 6 6 4 4 10 5 4 4 9 4 8 1 7 9 8
270 4 4 5 10 3 6 7 9 1 4 7 4 5 9 6
229 3 4 1 5 3 6 3 3 2 6 3 1 9 3 7
337 5 8 6 3 10 8 8 8 10 4 2 7 4 3 4
282 5 9 7 6 1 2 4 4 10 7 3 3 6 3 5
281 9 5 2 1 5 7 1 7 5 8 6 6 3 3 6
249 6 2 1 2 4 7 1 9 5 8 4 8 4 9 4
292 7 4 4 1 7 9 3 5 1 2 10 7 10 4 5
251 6 1 8 2 1 7 9 2 1 9 5 4 9 5 4
327 1 4 10 5 8 8 9 5 9 6 10 6 1 10 5
336 5 10 10 2 7 6 4 9 1 3 9 6 10 6 7
303 9 3 9 7 5 1 10 6 7 4 1 1 6 9 6
308 7 10 8 8 7 9 4 1 1 8 4 6 2 6 5
25
286 1 9 6 8 9 6 7 4 7 9 4 6 6 5 2
341 9 5 6 8 9 1 10 5 6 7 7 7 3 7 2
265 2 1 1 3 3 9 5 10 1 7 9 6 8 2 10
270 5 4 5 2 7 10 6 1 5 1 3 10 1 1 4
259 8 5 1 1 1 8 6 7 7 10 9 5 4 5 2
342 7 4 4 9 4 10 6 7 4 10 4 4 10 2 10
296 5 9 5 2 7 7 9 6 1 4 3 3 8 6 6
271 3 10 7 6 6 2 4 5 4 6 2 4 6 5 8
277 7 7 4 3 4 10 2 2 4 1 9 5 5 4 4
244 3 1 10 3 2 1 3 10 2 1 10 2 1 9 10
285 9 1 4 1 5 2 4 6 1 3 2 8 7 9 6
296 4 5 7 2 4 7 6 3 4 6 5 10 4 5 7
198 4 8 3 8 2 9 3 2 3 4 2 3 1 3 2
358 6 8 9 8 6 5 2 5 4 9 7 3 7 8 8
379 8 9 7 8 5 8 1 5 6 9 7 6 8 1 9
311 10 9 3 7 7 2 2 2 6 6 4 1 2 6 5
274 9 1 10 4 4 3 6 7 2 3 5 4 2 4 6
286 5 4 6 8 1 1 7 3 4 8 4 9 8 3 6
304 5 4 7 5 2 8 1 7 3 1 9 9 9 10 10
310 10 7 7 1 4 9 7 8 6 5 9 3 5 1 1
307 3 9 9 6 3 8 3 3 10 6 7 7 6 4 1
227 2 1 6 6 3 8 9 8 7 8 1 7 8 1 2
334 2 6 5 8 8 8 7 7 10 4 9 3 9 8 3
314 9 2 6 7 10 2 8 2 6 2 1 3 10 1 6
267 4 4 3 7 10 7 4 1 4 10 2 6 4 4 2
25
279 1 4 4 5 6 2 8 8 7 9 10 2 2 9 1
352 10 9 3 3 3 2 1 2 10 9 4 9 3 9 8
232 9 5 1 2 1 5 5 4 2 4 1 6 6 7 7
368 7 2 2 5 10 7 3 2 10 6 7 10 8 9 10
287 9 3 9 7 8 5 2 5 2 8 5 7 4 3 1
297 8 4 5 3 5 3 1 10 2 2 4 5 7 5 8
277 9 4 2 3 2 5 8 8 4 10 1 6 8 4 6
233 3 4 5 4 2 6 4 4 3 4 3 1 9 6 8
332 7 1 7 10 6 1 6 9 6 4 7 10 1 6 6
303 4 2 10 3 2 2 7 1 10 2 10 9 5 8 9
291 5 1 9 9 3 1 4 1 8 2 9 1 5 6 9
307 8 5 2 1 7 6 8 4 10 8 1 8 4 1 3
219 3 8 8 2 1 9 1 8 7 5 1 3 1 5 5
295 9 3 2 6 3 6 4 3 9 1 5 3 5 1 5
243 8 2 10 6 2 2 3 1 7 10 1 5 1 3 5
307 4 6 4 4 6 5 2 3 10 1 2 6 7 5 7
256 3 7 6 6 2 3 5 9 3 6 2 8 6 2 10
274 7 8 10 10 4 3 2 6 3 8 3 3 4 5 1
281 5 7 3 1 7 4 10 8 3 9 3 2 5 1 6
268 2 6 4 2 6 9 3 2 7 4 5 5 2 6 6
273 3 5 8 2 6 2 9 1 3 5 4 6 7 9 6
275 5 2 6 2 3 10 3 7 7 4 9 7 2 2 2
255 1 5 5 6 8 1 8 2 8 8 3 5 7 2 5
345 5 5 7 6 8 6 8 4 9 10 3 5 10 7 3
244 3 4 7 6 3 6 5 3 2 4 5 2 4 5 9
25
227 2 3 2 3 2 2 5 10 10 7 1 6 3 8 6
323 2 10 10 9 9 4 3 9 4 3 5 2 1 2 10
330 5 10 5 7 3 10 7 9 4 3 10 8 5 1 4
242 2 7 9 7 1 1 2 7 8 5 1 9 7 4 4
230 7 1 3 8 5 5 1 10 5 10 5 1 3 1 1
220 9 3 3 3 1 4 6 1 3 2 7 2 8 4 2
308 8 6 5 9 3 3 5 1 6 2 7 7 2 3 8
312 5 5 4 7 2 8 2 8 6 3 8 6 9 6 8
293 4 5 4 4 9 8 5 4 9 9 1 10 6 6 4
284 2 10 7 3 4 1 9 4 2 5 10 5 7 10 7
308 6 10 8 7 2 4 7 8 8 2 5 4 10 2 6
269 8 5 9 2 1 8 1 10 7 1 3 9 1 3 3
216 3 5 10 6 2 6 8 2 1 5 6 5 6 1 1
270 3 2 5 2 10 1 3 8 7 8 3 4 8 3 7
245 7 6 4 5 1 5 5 1 5 4 6 6 9 7 1
244 2 6 6 7 1 1 6 10 3 6 5 6 8 1 3
262 1 6 5 4 6 6 2 8 8 3 7 7 1 6 2
321 6 4 10 1 7 8 4 5 10 1 8 1 2 6 10
320 4 10 4 7 3 6 3 5 7 4 10 7 4 8 2
285 2 3 5 8 10 10 2 2 7 8 6 1 4 1 5
324 9 9 5 10 3 1 3 8 2 4 4 9 10 3 4
249 5 3 8 2 4 7 2 2 3 4 1 8 10 7 5
294 2 4 9 3 4 2 10 9 9 1 9 2 9 8 2
319 9 9 4 9 6 3 7 3 3 3 8 1 2 5 3
230 4 6 6 3 7 8 3 6 1 3 2 3 10 2 2
25
223 1 7 1 1 5 6 5 1 3 7 1 2 4 8 10
319 6 3 1 3 7 5 10 2 2 10 7 7 8 4 8
233 4 2 4 6 1 2 7 3 2 6 5 8 3 8 4
348 8 9 5 4 5 7 8 4 6 8 4 7 4 9 5
287 5 8 6 5 4 8 3 1 5 4 6 4 9 7 6
334 5 8 3 2 1 1 7 1 10 2 10 9 5 7 9
210 1 7 4 7 1 2 1 2 4 1 2 7 5 10 5
300 3 6 7 2 6 7 7 7 5 9 9 6 6 4 3
273 8 5 1 8 3 4 9 9 1 5 3 4 3 6 3
288 10 7 2 4 3 1 6 2 1 4 10 2 6 8 1
268 9 2 4 9 1 2 3 3 10 5 3 4 5 7 3
320 3 10 6 9 8 3 4 5 4 4 9 2 3 9 3
237 3 7 2 4 4 4 7 3 1 4 10 6 7 4 2
356 6 7 3 8 4 3 2 9 10 4 7 6 9 3 7
337 9 4 7 5 2 9 9 1 9 4 6 9 8 6 3
302 2 4 9 8 7 7 10 9 4 1 2 1 6 6 5
247 1 3 2 9 4 2 4 1 5 3 2 9 1 3 10
253 4 8 10 2 6 5 6 4 5 5 1 9 2 6 4
268 1 10 3 6 2 2 1 9 5 4 10 1 9 2 5
274 10 5 2 4 1 9 10 10 2 4 2 1 2 10 6
233 3 1 9 5 4 9 10 7 4 5 1 2 10 3 1
384 3 9 10 4 9 8 8 10 9 5 10 8 3 7 2
299 1 6 3 10 3 8 8 8 5 1 8 2 4 6 6
302 10 4 10 2 7 8 8 4 2 7 4 7 3 8 3
344 4 10 10 4 9 6 8 4 9 6 10 10 1 1 2
25
279 2 2 8 8 5 9 2 5 9 2 10 10 6 4 2
392 5 2 3 6 10 6 5 10 10 7 9 3 9 8 9
326 6 8 2 10 7 4 8 4 9 5 1 3 7 7 5
237 4 10 1 2 6 1 7 4 5 7 4 1 1 2 6
351 9 9 9 4 4 7 7 7 5 9 9 2 7 7 4
347 10 10 10 7 3 3 3 9 4 8 1 6 9 4 8
302 5 7 10 1 5 4 8 2 10 8 1 2 6 4 6
350 7 6 7 2 4 10 10 3 7 1 4 7 7 10 5
319 4 9 7 10 6 9 7 10 4 5 3 9 2 2 5
306 7 3 3 5 6 2 2 3 6 6 8 3 10 9 10
286 6 7 9 3 1 1 10 5 3 7 2 6 7 10 7
238 4 1 4 8 3 6 7 5 3 7 4 1 2 6 10
246 6 1 5 2 6 1 3 1 7 6 7 1 1 4 7
276 3 7 7 5 6 6 2 3 4 7 6 2 2 4 8
316 9 10 2 6 3 10 3 2 6 1 3 9 8 8 7
280 3 9 10 2 2 10 2 3 10 4 5 5 9 3 1
337 10 2 4 10 3 3 5 2 5 7 10 10 1 4 9
317 6 2 9 2 9 6 8 1 6 5 5 8 8 3 2
323 7 6 8 6 2 6 3 3 10 6 3 9 8 4 7
324 3 6 2 2 6 5 8 2 8 1 7 10 4 6 7
212 9 5 2 1 2 3 3 6 2 8 1 9 1 6 4
275 6 3 3 2 1 1 3 7 7 9 7 6 3 2 9
279 2 5 9 5 9 5 8 9 2 1 1 8 3 10 1
295 2 9 6 5 4 8 9 1 5 5 6 5 6 9 7
335 9 6 5 3 7 8 10 1 4 5 7 6 6 4 7
25
348 5 2 6 8 9 7 8 7 3 6 10 5 8 7 7
270 1 2 5 6 9 1 9 8 4 3 8 1 5 6 4
362 10 6 1 5 4 10 6 9 6 8 2 10 4 6 8
337 7 10 7 8 10 9 9 1 3 2 7 2 9 5 3
346 9 9 6 2 4 8 6 6 5 1 6 3 6 5 7
329 8 5 9 10 4 6 4 6 7 3 3 6 2 1 7
309 8 2 2 6 5 2 3 4 7 4 9 6 2 8 4
247 6 4 8 5 5 7 3 10 8 5 2 2 2 3 2
356 10 10 4 3 3 1 8 9 5 3 7 1 10 10 5
321 10 2 5 6 8 2 3 7 3 5 4 8 7 4 8
256 5 8 1 8 7 6 8 7 3 8 4 1 1 5 3
343 6 6 9 9 8 8 9 3 5 9 2 2 8 6 10
321 1 8 6 3 5 1 6 10 1 10 10 10 9 10 3
298 5 7 3 8 10 2 9 3 2 5 7 1 5 1 6
222 3 8 4 1 5 6 1 3 4 1 9 3 5 6 3
265 2 9 3 6 3 4 6 5 2 6 10 3 6 4 8
322 1 6 7 7 8 5 8 6 6 6 2 8 8 2 6
292 7 1 9 8 6 1 4 5 2 5 3 10 8 9 4
308 6 10 3 7 3 8 3 10 4 5 7 10 3 7 6
311 2 6 2 5 7 10 3 3 5 8 9 1 6 2 10
295 5 2 5 1 3 10 8 5 10 1 1 6 2 9 8
258 3 4 7 2 10 3 5 9 2 8 7 2 4 9 2
220 5 5 1 1 2 5 4 7 2 9 1 9 9 8 3
320 4 4 1 9 9 4 1 4 7 8 10 3 10 4 2
316 1 9 5 5 7 1 7 2 8 3 3 7 9 10 5
25
260 8 1 5 6 2 7 2 4 4 5 4 3 9 1 3
338 6 9 8 1 8 6 3 6 10 9 10 2 7 2 5
275 1 9 7 9 5 5 1 1 6 1 6 2 1 4 10
317 2 6 4 10 6 8 1 7 9 1 4 10 7 2 6
359 3 7 4 1 10 9 5 9 10 10 6 9 10 4 6
335 10 1 6 5 2 4 9 6 10 7 3 9 8 7 5
307 1 5 1 8 9 10 2 8 5 10 6 2 1 4 9
281 4 7 4 9 8 2 5 10 1 9 1 7 3 4 3
314 10 3 1 5 7 9 10 8 3 1 7 2 2 7 7
286 1 10 10 8 2 1 5 7 8 3 3 1 9 6 6
195 1 3 2 8 2 6 3 7 3 3 4 8 4 8 3
299 4 1 2 10 7 7 8 4 8 6 7 8 3 2 4
293 8 3 4 6 3 6 8 8 10 8 2 8 4 10 1
372 7 10 1 1 7 5 6 5 2 1 7 9 10 10 10
270 10 4 1 5 1 8 9 1 6 10 1 8 8 2 4
283 6 6 9 6 2 9 1 8 5 10 2 8 1 9 1
266 4 3 4 4 5 2 2 1 4 5 8 4 9 8 9
319 9 2 10 6 6 4 7 7 5 6 4 6 4 8 3
295 6 5 3 1 2 5 7 8 7 6 9 4 6 8 1
290 5 4 9 6 4 9 8 1 1 1 3 2 8 5 10
298 1 9 5 4 5 6 4 3 3 10 6 9 8 6 8
343 7 8 1 8 6 8 3 9 5 6 8 3 7 7 10
323 5 5 1 8 5 10 5 2 10 10 1 9 10 2 6
393 9 6 9 7 9 5 10 8 2 8 10 9 7 6 3
305 2 1 10 10 5 2 8 4 10 10 6 4 5 5 5
25
344 9 1 9 2 10 8 10 1 3 7 2 10 2 3 9
331 10 5 10 10 2 2 8 8 10 1 1 7 7 3 8
245 5 4 3 2 2 10 5 2 8 2 3 3 6 3 9
263 1 1 2 4 6 1 7 5 9 9 4 3 3 2 10
281 8 6 4 4 2 10 4 7 3 1 2 8 8 3 6
304 10 7 10 5 1 9 3 4 1 6 7 7 7 6 5
322 3 3 8 8 7 5 8 2 9 10 5 5 7 10 4
249 2 10 5 3 3 3 1 10 7 6 5 7 8 4 3
305 8 4 9 5 5 8 4 9 5 5 3 7 2 9 5
329 8 5 9 3 5 9 5 9 8 7 5 2 3 6 6
316 9 5 1 6 5 8 9 3 5 8 1 6 7 1 7
271 6 2 8 4 5 2 5 9 3 5 7 3 10 4 3
312 6 8 7 9 1 10 9 6 1 8 5 6 3 10 10
295 2 9 8 7 4 8 7 9 5 2 9 3 5 6 1
230 3 3 9 6 1 9 10 5 5 3 1 4 1 4 2
285 1 9 2 5 3 9 2 9 4 9 5 9 10 2 4
347 10 7 8 1 5 5 4 7 6 10 10 3 5 6 4
343 5 9 2 8 1 4 6 9 10 5 4 7 8 10 9
263 3 5 2 5 3 7 6 2 4 1 3 8 9 6 8
303 5 2 1 8 8 3 3 6 1 6 10 9 2 5 5
346 2 3 9 8 10 6 7 7 5 6 9 1 9 8 7
351 10 10 10 8 1 7 6 9 7 1 7 8 10 7 2
243 1 6 6 1 4 1 10 2 9 4 3 6 6 3 5
217 1 6 10 6 5 3 1 3 1 1 3 1 10 3 6
329 9 9 8 10 1 8 2 6 1 8 9 4 6 4 4
25
203 2 4 5 2 2 6 3 3 1 6 8 9 10 3 2
310 10 2 7 5 6 3 1 9 8 3 8 8 1 2 4
338 5 8 8 6 7 5 1 8 7 8 9 10 10 2 5
234 2 10 4 5 8 6 1 9 3 1 1 2 1 2 8
323 8 1 7 4 8 1 5 7 8 9 10 1 1 6 3
391 9 10 4 5 5 9 3 8 5 2 3 9 10 9 8
274 1 7 3 2 8 8 5 6 4 6 3 9 1 3 8
285 2 4 10 3 5 5 6 6 4 4 5 4 5 3 10
359 2 9 6 3 10 10 9 8 7 1 10 6 10 6 1
330 4 8 7 7 4 10 5 4 4 6 5 4 10 1 8
275 6 5 10 2 1 1 1 9 1 10 4 8 4 9 8
213 3 1 5 4 9 1 4 3 5 5 3 3 8 4 2
185 3 2 3 5 1 6 10 1 1 5 1 8 8 2 3
392 9 6 4 6 7 9 8 6 2 9 9 8 10 8 4
341 4 7 8 9 7 3 9 10 6 3 6 4 6 7 7
309 5 5 4 10 5 3 7 9 5 7 3 4 9 10 6
278 8 3 9 3 5 9 3 4 4 6 3 6 6 8 2
332 6 10 3 5 10 3 1 4 1 2 10 5 2 10 6
283 4 7 1 1 8 7 2 9 6 4 8 2 4 3 2
321 4 7 6 9 7 9 1 5 8 8 5 2 1 4 9
284 2 7 3 4 4 8 10 9 4 10 7 4 7 1 6
297 8 10 9 5 7 10 3 10 2 8 3 2 8 1 1
290 1 4 8 2 6 9 7 6 2 7 2 10 8 7 9
364 3 2 2 8 9 7 10 5 6 4 10 8 10 9 3
308 2 1 6 2 9 9 9 7 2 4 8 8 6 5 8
25
446 9 9 8 9 10 10 10 9 9 10 2 10 5 1 7
245 2 5 5 2 8 2 2 7 5 7 3 1 6 8 8
364 8 9 6 9 9 4 4 10 9 1 3 9 3 3 2
260 3 1 3 10 5 4 3 3 1 8 10 9 6 6 1
355 6 1 7 9 7 8 6 6 5 5 4 7 9 6 8
366 8 4 6 10 3 9 8 1 10 7 7 8 7 8 3
286 3 1 5 9 10 3 9 8 5 1 6 9 1 1 1
250 1 1 2 3 9 9 8 6 5 7 4 3 6 9 4
291 8 7 2 5 1 9 2 2 5 8 3 4 5 5 9
369 8 6 6 1 7 10 4 10 1 8 10 10 9 6 5
337 4 8 2 4 4 2 1 1 9 10 8 8 7 7 10
303 3 4 2 6 6 2 4 7 6 5 8 10 7 7 8
394 10 2 8 6 9 7 3 9 6 2 7 9 8 7 9
321 6 8 2 7 4 2 1 10 7 7 2 1 6 10 9
340 10 3 8 7 7 5 6 9 7 1 1 6 9 8 7
335 7 3 2 10 8 8 7 9 9 6 8 3 2 8 2
310 7 6 3 9 8 10 1 8 7 2 1 6 2 5 5
305 7 4 5 1 6 9 1 3 7 9 8 4 2 3 6
267 4 1 1 5 8 4 1 5 2 9 8 2 7 5 7
276 1 1 9 10 1 9 8 4 7 1 8 7 8 4 4
273 2 3 10 6 1 5 10 9 5 6 9 5 9 9 1
298 2 9 5 4 3 9 6 10 10 9 5 4 6 10 5
250 4 7 7 4 2 1 2 2 5 3 1 7 10 3 8
378 9 10 2 5 9 1 2 8 10 7 7 2 9 2 9
340 10 7 1 2 10 5 6 7 6 7 5 3 4 9 3
25
288 6 1 5 3 5 10 4 10 5 10 7 10 9 2 2
275 4 2 8 3 6 1 5 5 5 6 8 1 8 8 8
279 8 5 7 3 5 2 2 4 3 9 9 1 1 9 3
348 10 9 10 5 1 3 5 2 1 8 9 8 3 9 8
277 1 4 6 3 9 7 8 3 4 5 6 5 1 2 10
275 3 2 4 4 4 7 3 9 10 9 5 6 7 4 7
239 2 2 3 1 5 7 5 2 4 8 7 5 6 10 1
246 8 1 6 3 1 7 3 6 2 3 10 3 2 3 5
266 1 9 2 3 2 6 9 7 4 4 4 4 7 4 10
336 10 8 3 3 6 1 4 6 2 2 9 1 7 10 7
266 5 1 8 10 2 2 5 5 2 1 9 3 2 5 9
278 4 5 7 4 6 10 8 5 3 3 1 10 1 1 7
352 8 8 10 6 8 6 4 1 5 10 2 9 4 8 3
339 5 1 1 8 6 6 10 3 10 10 9 1 4 7 7
373 9 5 1 3 8 6 3 10 8 2 9 10 5 9 10
223 2 5 3 2 1 1 5 2 7 4 8 6 7 3 2
315 7 4 5 9 3 1 10 10 9 6 6 6 4 6 6
231 5 4 6 1 5 3 4 3 4 2 5 3 1 2 3
338 7 9 4 10 1 3 9 5 6 4 10 7 2 7 3
221 4 1 3 1 4 5 4 1 5 10 1 4 7 4 4
344 10 10 8 5 1 9 10 4 3 7 3 10 9 6 4
342 9 9 7 5 7 6 2 6 10 5 9 4 4 3 2
329 7 7 6 4 6 10 4 10 4 9 4 8 4 1 6
294 1 8 1 9 6 5 7 6 2 6 9 8 3 3 8
296 5 9 4 10 7 2 1 1 6 8 3 9 5 5 7
25
241 9 5 9 2 1 9 1 5 5 10 2 3 8 9 1
279 5 6 7 10 6 9 2 1 3 6 6 7 1 6 1
239 2 10 4 4 4 6 10 6 1 3 1 4 4 7 5
384 9 5 8 9 8 6 5 4 5 1 10 7 9 10 8
349 10 9 4 6 3 4 1 5 6 2 9 8 10 5 4
317 10 9 6 6 2 5 2 2 8 6 8 9 4 1 4
314 8 6 9 8 2 2 8 9 1 7 9 5 9 1 1
329 9 2 10 6 7 9 3 6 7 2 4 10 6 9 2
297 9 6 5 5 3 3 2 6 9 2 8 4 8 6 4
278 4 1 9 2 7 8 9 2 6 3 5 1 7 2 5
264 4 2 1 6 9 2 7 5 5 9 5 3 3 6 3
256 8 1 4 8 1 3 4 2 5 6 1 6 2 3 9
269 8 2 3 5 1 6 1 7 7 2 4 1 7 5 7
232 7 4 1 4 3 8 6 2 1 6 4 2 7 1 7
231 3 1 9 10 4 2 4 5 7 2 5 5 1 6 5
300 3 2 3 4 6 9 9 4 7 2 6 2 7 3 7
257 5 3 1 6 9 8 4 3 8 1 1 3 5 10 4
358 8 3 10 9 6 2 9 1 2 9 4 9 5 9 9
322 7 8 2 1 6 10 6 5 6 8 9 2 1 10 4
322 9 6 5 1 1 5 9 1 5 5 10 10 4 4 8
329 7 10 6 9 5 1 1 8 3 8 10 10 3 5 2
268 5 7 3 8 9 3 3 4 8 1 6 4 7 1 1
299 1 3 6 1 9 10 2 8 6 8 10 6 7 4 7
270 5 4 10 10 3 7 6 7 1 9 5 4 1 9 6
308 2 9 10 10 7 2 7 2 3 5 8 8 3 3 2
25
263 4 8 10 2 1 7 9 9 3 9 3 2 2 4 5
255 4 1 7 7 5 5 3 3 7 2 5 5 8 2 1
364 6 3 7 8 10 9 6 8 5 2 6 2 8 2 7
229 1 2 3 9 2 9 5 3 4 1 7 8 6 7 5
361 8 7 7 7 9 9 10 4 8 6 6 4 2 7 3
267 4 8 2 6 3 7 1 3 2 6 10 5 6 1 10
241 3 3 4 5 2 10 10 7 2 9 1 1 2 7 6
339 9 7 2 9 7 10 9 7 2 1 2 5 7 9 8
297 1 4 8 4 2 9 10 7 8 1 9 6 2 7 6
360 9 4 2 3 9 6 10 6 1 9 10 8 2 7 5
304 9 2 10 1 2 1 2 3 6 7 9 8 8 5 8
257 3 5 4 6 8 8 5 1 7 5 6 5 4 4 3
236 5 4 10 5 4 3 5 3 1 9 8 10 1 4 2
363 8 8 7 8 4 3 6 7 7 5 9 6 7 1 6
291 2 9 8 4 6 9 10 4 8 4 1 4 4 9 4
252 1 4 7 1 6 4 3 2 5 1 2 10 2 8 10
292 10 2 2 5 6 2 8 1 4 2 2 1 10 9 5
184 4 2 7 7 2 3 1 2 1 5 6 1 2 2 2
358 10 3 2 9 5 9 8 5 6 9 5 5 6 7 6
338 2 9 4 6 3 6 9 5 9 5 10 7 1 5 8
297 9 1 9 7 6 5 6 6 3 6 6 10 4 2 5
352 8 1 7 1 10 10 9 5 2 3 10 9 8 2 6
304 6 9 9 7 10 8 2 10 6 9 1 9 4 1 1
279 8 3 5 3 1 8 8 4 7 9 6 2 2 9 4
253 2 5 7 3 1 7 8 2 1 1 10 4 3 7 8
25
309 8 4 5 8 3 8 10 1 7 2 8 2 2 4 7
319 8 5 3 10 5 3 4 4 9 7 7 8 3 4 7
323 10 9 8 5 1 5 6 9 6 1 8 6 2 8 5
289 6 3 7 1 9 2 9 2 6 5 6 6 8 7 2
264 2 9 6 10 4 4 6 10 3 4 10 3 3 6 2
288 8 1 3 2 1 3 8 2 5 10 6 8 2 3 9
275 3 1 9 1 8 1 2 5 9 4 7 6 8 4 3
262 4 2 3 10 1 4 5 10 2 3 10 5 4 1 6
253 1 6 2 1 1 6 6 3 7 2 9 2 10 1 8
289 6 1 7 2 3 7 3 8 4 10 10 6 4 4 6
305 7 1 5 2 5 5 2 4 10 4 10 6 6 5 10
257 4 3 4 5 7 5 4 5 1 9 3 6 4 9 6
298 10 10 8 6 2 8 2 2 5 8 4 4 5 7 4
304 4 10 1 6 10 6 4 5 1 2 4 5 1 8 7
406 10 6 4 10 8 10 8 6 5 7 9 10 5 6 8
254 3 1 9 9 5 3 4 5 4 7 4 1 8 10 4
223 1 6 3 7 3 4 10 8 1 1 3 3 8 1 2
292 1 8 10 8 7 6 10 2 9 10 1 1 4 3 8
376 7 9 8 9 5 10 9 10 8 2 5 10 2 3 3
239 7 1 1 4 4 9 8 3 5 3 6 7 5 3 2
272 8 7 6 1 5 2 7 6 2 1 5 1 2 2 7
287 3 3 2 8 5 3 7 2 9 10 8 4 9 1 8
315 8 7 3 5 3 1 7 8 5 10 9 3 7 7 4
319 2 8 8 2 3 5 9 2 7 2 6 7 8 4 8
285 1 8 2 10 1 10 7 6 5 4 3 8 7 7 4
25
288 8 8 4 9 4 5 1 7 3 1 8 1 4 8 1
307 2 2 9 9 7 4 8 1 6 6 5 10 6 7 6
277 2 7 1 9 1 9 9 3 4 4 2 10 5 10 6
298 7 5 2 3 10 4 8 10 1 4 10 2 7 7 2
298 1 3 10 6 7 2 5 8 10 4 9 6 4 8 2
336 4 8 8 8 10 10 3 7 4 8 1 10 6 4 4
232 1 3 4 9 1 1 8 7 2 10 6 6 2 10 1
355 2 7 6 1 9 6 7 6 5 1 10 9 10 9 8
319 1 9 10 9 9 10 6 1 3 5 2 8 5 6 3
339 5 9 4 8 10 5 4 6 7 8 2 3 7 2 8
326 8 9 3 3 6 1 9 1 4 1 10 2 9 8 7
387 5 8 5 9 7 7 8 3 5 9 8 7 10 2 10
316 2 10 9 5 5 3 9 10 8 3 1 10 10 5 5
305 2 5 4 5 6 1 8 4 8 3 10 5 3 2 6
273 5 2 10 1 2 2 6 3 9 2 6 8 8 8 1
231 1 4 5 5 2 4 1 2 7 5 10 4 1 7 4
328 8 3 4 8 9 6 2 5 9 9 4 5 6 2 3
250 1 6 8 6 3 6 3 5 10 6 9 3 2 5 5
253 1 3 1 4 4 7 4 10 9 10 1 10 9 3 6
308 4 4 7 2 9 9 9 6 3 4 5 6 4 4 8
324 9 5 9 1 6 9 5 1 10 5 6 2 2 9 8
259 9 5 3 7 2 4 2 8 1 1 3 3 5 9 3
325 7 7 7 5 3 3 9 5 2 2 10 3 3 1 9
319 10 4 7 9 6 8 9 7 2 1 3 4 2 7 4
349 10 9 2 8 10 2 9 1 2 7 9 2 6 3 7
25
335 1 10 10 6 7 2 6 3 8 3 10 10 2 2 8
301 8 4 8 2 2 5 4 1 9 7 6 1 9 6 9
280 2 4 1 8 8 6 8 1 7 1 7 1 4 1 4
376 7 8 2 8 9 1 5 8 10 10 4 9 4 1 10
410 10 10 8 8 7 3 8 8 9 7 7 4 6 6 5
277 2 4 9 3 9 6 4 5 2 8 2 10 8 7 6
354 6 3 6 8 4 1 9 3 7 7 10 10 5 3 10
273 5 4 4 4 3 5 3 4 9 4 3 9 10 7 4
292 6 2 3 4 9 10 9 5 3 4 2 8 1 6 6
296 1 5 9 7 4 6 7 3 9 3 5 7 7 1 5
267 4 5 3 9 3 6 4 5 9 9 6 7 5 3 1
300 8 2 2 5 3 3 10 1 2 2 10 6 6 7 4
340 9 6 6 1 10 5 4 5 7 8 3 7 1 6 9
310 9 2 4 6 6 4 8 2 1 5 5 6 4 1 9
373 10 7 7 2 9 10 3 9 10 2 4 9 7 6 6
391 7 3 8 2 7 7 7 10 7 9 7 10 7 8 10
349 8 7 5 4 5 8 4 7 9 4 7 5 10 5 2
289 2 9 1 5 4 5 6 1 9 8 7 1 8 8 9
324 10 8 5 5 8 1 8 4 8 9 2 5 9 2 3
320 9 9 4 10 6 9 1 10 8 3 1 1 4 8 2
343 4 3 7 8 5 6 4 2 2 1 9 10 10 7 10
279 3 5 4 10 2 8 3 10 3 10 4 4 4 10 7
313 1 1 3 8 6 6 4 2 8 5 8 10 4 5 10
271 1 6 8 9 1 4 6 6 1 7 10 5 5 6 6
381 9 1 5 5 9 2 9 6 6 2 8 8 4 6 9
25
276 2 6 2 9 10 7 3 8 1 4 3 9 2 1 2
332 5 2 4 7 10 8 8 6 9 4 8 1 10 3 2
328 10 3 1 8 10 1 2 1 7 10 1 2 8 2 8
331 8 5 8 8 6 6 4 3 1 4 2 7 8 10 7
299 7 1 9 7 10 1 2 5 2 4 6 8 1 2 4
385 2 10 9 3 10 6 9 7 5 2 10 5 9 5 7
300 6 1 8 1 6 7 7 6 10 4 5 10 1 8 1
326 5 8 9 6 7 5 10 2 3 1 5 5 5 10 3
391 9 9 8 4 8 2 8 2 10 7 4 9 3 10 10
294 6 8 3 9 3 6 9 6 1 4 5 1 6 10 5
295 6 5 4 4 1 10 5 9 6 10 9 6 7 6 4
378 10 8 6 4 10 10 2 10 2 3 5 1 3 8 10
368 1 6 6 7 10 5 10 10 5 9 10 8 8 1 8
327 1 8 6 10 8 3 5 9 4 4 7 9 8 3 8
365 6 9 6 4 4 5 9 6 8 4 8 9 3 9 8
320 10 1 3 3 7 1 8 7 3 8 7 2 5 1 7
302 1 10 10 3 5 6 7 9 9 8 5 5 6 5 4
315 6 7 2 2 7 2 1 2 10 2 10 9 7 4 1
393 10 7 10 5 5 4 1 1 8 7 10 7 4 8 10
300 3 8 5 10 6 4 6 1 4 1 10 7 4 4 1
267 4 10 2 10 4 4 4 4 1 5 6 5 3 1 4
371 10 4 5 6 6 8 6 9 6 9 9 2 2 5 10
301 8 6 5 8 2 1 9 9 6 7 3 8 2 2 6
225 3 2 1 5 5 7 5 6 8 8 3 7 2 4 2
322 6 6 7 3 5 1 6 3 5 10 7 6 2 6 9
25
269 3 6 9 9 7 2 6 8 2 9 5 4 9 3 1
320 9 9 3 4 2 10 2 5 10 8 10 4 4 10 4
350 9 8 3 7 9 2 4 9 2 5 9 9 7 4 6
335 3 9 2 4 4 8 9 6 4 3 5 7 9 9 7
291 4 9 4 10 6 10 2 2 6 8 5 3 3 1 4
345 9 10 1 6 4 10 1 3 10 5 3 8 6 7 8
280 9 5 6 7 2 6 2 3 10 3 1 3 1 9 3
239 10 1 4 3 1 5 8 5 4 6 8 5 3 2 3
243 2 8 1 4 6 1 3 4 10 9 3 4 1 6 3
326 4 2 6 6 10 1 3 7 7 1 9 1 10 4 7
237 5 7 6 1 2 3 7 1 7 1 7 8 2 5 4
292 2 10 10 2 6 5 3 2 5 9 8 5 7 6 8
334 5 1 1 6 10 8 10 5 4 4 10 8 4 1 8
331 8 10 7 3 3 2 4 7 4 3 8 7 1 8 6
288 5 8 4 2 3 3 1 5 5 5 7 6 9 4 5
352 6 1 6 4 10 9 9 8 8 5 9 3 4 9 5
322 6 3 5 1 5 9 4 2 8 6 8 8 9 6 9
291 2 10 6 5 10 7 1 3 2 9 7 5 2 7 7
337 5 4 10 9 6 1 3 4 8 2 4 8 5 6 9
295 2 4 9 7 9 2 4 4 1 4 7 6 9 9 4
280 7 3 4 7 3 2 2 7 1 7 7 6 1 1 10
289 2 9 8 6 4 8 5 2 6 1 2 5 6 1 9
362 9 10 5 8 3 2 4 10 10 10 1 10 9 5 7
311 4 5 5 8 4 7 7 9 6 9 7 6 9 5 2
256 1 1 1 4 2 2 1 6 9 9 10 7 8 5 6
25
311 6 3 10 5 4 7 8 4 9 2 4 9 5 4 8
356 10 6 4 10 8 10 9 3 2 10 6 3 9 7 1
228 1 9 9 2 3 4 1 2 1 7 8 1 1 1 9
341 8 8 8 9 5 10 7 7 7 6 3 10 2 3 6
243 9 2 1 1 1 8 6 8 2 4 3 2 9 6 3
336 10 9 7 5 6 6 5 3 10 9 4 9 4 3 4
377 10 10 6 5 3 10 5 4 8 10 7 10 2 6 6
278 10 7 1 1 9 2 4 2 4 5 5 7 2 1 5
317 5 5 4 1 4 7 10 8 2 5 6 7 6 8 9
359 10 10 8 3 6 10 10 9 8 8 1 2 5 2 7
346 7 1 9 3 8 5 8 7 2 6 10 1 9 5 10
346 10 8 10 6 5 1 2 7 8 4 9 6 1 3 8
297 3 5 5 8 1 3 4 6 3 8 7 4 9 7 9
310 8 3 1 1 8 10 3 1 3 10 7 7 5 7 6
322 5 10 1 2 5 2 2 3 8 10 6 7 9 4 7
261 4 1 5 6 10 2 9 5 7 7 3 3 3 8 3
299 9 8 4 6 1 8 8 1 5 7 6 1 4 10 6
308 9 8 10 7 2 1 4 10 7 9 7 3 1 5 7
324 6 7 4 10 5 4 2 9 5 2 9 1 6 7 4
404 9 9 3 9 7 3 5 2 9 3 8 10 7 9 9
231 2 2 10 3 3 4 2 2 8 7 2 2 7 8 7
313 1 9 9 6 4 6 8 6 1 7 8 9 6 3 7
298 7 5 5 3 10 4 1 6 1 5 8 3 4 7 7
308 4 1 2 2 5 10 7 2 8 7 10 8 2 3 8
318 8 2 4 5 7 6 1 10 8 8 10 2 2 4 7
25
329 9 6 5 1 6 6 7 6 5 7 10 5 8 2 1
255 3 5 7 6 4 6 3 6 9 8 2 3 7 1 6
353 5 3 4 10 6 2 9 7 8 10 4 9 9 5 4
365 8 10 1 1 8 5 5 5 2 2 8 6 4 7 10
301 2 9 6 10 3 10 8 8 6 6 3 8 4 3 5
350 7 6 1 5 5 6 10 4 5 10 6 4 6 10 10
277 5 8 3 6 5 10 1 6 7 9 1 4 8 8 3
282 4 2 1 3 9 1 9 10 5 6 6 7 2 8 3
249 5 9 4 7 2 5 3 7 1 5 6 1 6 2 8
300 2 2 6 3 8 7 5 2 9 8 8 3 2 6 10
289 1 9 3 8 3 8 8 8 5 7 10 10 4 8 2
279 3 2 9 9 1 9 2 2 6 1 7 10 7 2 5
288 4 7 4 9 4 8 2 4 2 8 8 6 1 5 7
316 9 7 8 10 4 6 4 8 9 1 1 1 4 10 3
281 3 10 1 3 7 5 2 8 9 5 4 1 8 3 3
346 7 4 9 9 10 9 3 10 3 5 5 4 5 8 8
348 9 3 5 4 5 7 9 2 10 7 8 1 4 6 5
313 4 7 10 6 4 7 9 2 3 5 3 5 8 1 8
205 3 1 2 4 5 7 3 8 7 1 1 10 1 3 1
309 4 7 7 10 3 3 1 3 4 3 8 10 7 10 6
279 3 9 5 9 3 7 9 8 8 10 1 4 1 10 2
371 4 9 4 6 8 10 8 5 8 2 2 10 10 9 10
303 1 5 4 10 9 4 6 1 8 1 10 6 6 9 2
335 5 6 10 6 7 10 5 5 6 1 3 10 2 4 9
310 2 5 10 4 10 8 3 6 4 7 5 6 7 4 9
25
304 2 8 4 10 4 5 8 9 4 6 10 10 10 1 1
325 8 1 10 1 8 9 4 1 7 5 1 7 9 9 10
279 9 10 1 2 7 1 6 8 8 3 3 7 1 1 1
226 2 2 9 7 5 3 4 4 1 4 6 5 5 2 2
327 7 1 9 10 7 5 2 7 6 9 9 6 1 10 8
281 8 10 7 10 3 3 2 5 2 9 1 4 3 1 8
317 5 10 8 2 3 6 10 5 5 10 4 5 8 5 8
298 6 3 3 8 6 1 4 6 3 2 9 10 6 4 6
343 9 5 9 6 9 1 2 6 6 4 2 7 10 5 9
247 3 4 3 9 10 5 2 4 8 7 2 5 2 3 1
238 1 10 8 7 1 9 7 3 9 1 2 2 8 3 2
338 9 6 9 7 8 8 2 6 2 5 7 6 10 7 3
333 6 8 5 8 9 3 2 5 8 7 3 3 6 10 7
223 1 2 9 8 1 1 9 4 3 2 6 1 7 5 3
330 1 9 3 3 9 6 10 4 1 3 9 9 9 10 8
329 10 1 4 2 3 2 8 2 10 2 9 1 10 4 10
341 6 3 4 5 10 6 2 5 5 7 4 2 7 9 10
334 10 10 4 6 8 5 3 2 8 10 4 9 9 1 2
292 1 8 5 7 7 1 6 2 5 8 1 6 6 6 7
296 1 2 8 9 5 5 9 3 10 2 9 5 5 4 5
397 7 10 3 1 9 9 6 10 7 9 8 9 7 1 5
281 2 8 8 4 8 5 2 7 6 9 3 9 7 5 1
264 2 6 4 1 6 4 7 3 2 8 5 7 9 7 9
276 8 5 5 4 3 1 4 4 3 7 8 8 6 1 1
295 9 5 5 5 4 6 3 8 7 6 7 8 6 5 2
25
227 3 10 6 9 3 4 2 2 3 9 4 4 3 1 3
250 5 3 9 3 3 4 6 5 2 10 4 2 8 3 2
296 4 7 3 2 3 10 4 2 9 6 4 10 7 4 4
320 5 1 3 9 8 1 5 8 10 4 8 10 6 8 1
332 5 2 6 7 9 9 8 8 3 2 8 2 3 3 8
242 5 2 10 6 5 8 1 6 1 4 2 7 3 1 3
238 2 7 7 3 3 8 6 3 8 5 3 2 3 9 1
270 2 5 2 3 5 2 3 1 3 1 8 9 6 9 8
369 9 5 6 1 9 5 10 3 3 8 6 4 3 10 9
297 5 1 5 2 3 9 9 8 9 10 5 10 1 5 8
284 5 6 2 6 3 5 6 5 7 2 9 4 8 9 4
267 6 1 1 5 9 3 5 5 10 10 4 1 1 3 1
329 8 6 3 8 10 1 5 4 1 5 10 9 7 8 4
337 9 8 2 9 8 10 3 2 5 2 7 6 2 9 4
247 4 7 5 10 5 3 10 2 1 4 4 7 6 3 1
307 10 8 2 3 10 5 5 9 3 7 2 5 8 1 2
314 10 9 3 7 7 5 1 9 4 10 1 10 4 5 3
318 7 3 9 4 4 10 5 6 8 4 8 1 3 3 9
270 4 2 2 6 6 4 7 5 4 5 4 2 3 4 8
323 7 9 5 2 2 10 10 8 3 2 9 1 4 1 10
283 10 3 5 9 3 2 5 6 9 3 6 5 5 2 2
318 7 10 7 1 7 5 1 2 5 3 9 5 8 9 7
359 3 8 10 6 10 5 2 9 4 9 5 10 9 9 6
342 6 2 2 10 7 7 10 4 4 4 9 4 8 6 7
318 7 7 3 9 4 1 9 2 6 7 9 2 7 6 6
25
323 8 1 2 7 8 4 6 10 2 6 7 6 8 10 6
249 3 5 4 10 8 8 1 2 2 9 7 1 2 4 5
280 9 6 7 7 4 10 2 1 4 6 2 6 10 1 3
312 7 9 1 8 5 8 6 3 5 8 4 6 5 3 8
306 3 1 10 9 9 9 1 9 6 5 6 3 9 6 6
347 10 4 8 6 2 7 8 6 3 5 7 9 10 8 6
303 4 10 5 4 10 3 7 3 6 6 5 2 9 4 4
378 10 3 10 6 4 6 10 7 7 4 8 7 10 9 6
270 1 1 10 10 1 5 5 3 3 9 5 8 6 9 7
327 9 10 3 8 9 6 3 5 8 3 9 1 7 1 2
250 2 6 2 8 2 6 10 1 8 5 3 8 3 8 2
357 9 10 8 9 7 7 3 5 6 2 4 10 1 4 2
369 8 8 8 7 5 7 8 9 4 2 7 3 1 7 10
331 8 1 6 5 8 8 8 7 3 2 5 7 8 3 5
322 9 8 4 3 2 1 8 1 6 3 2 5 8 1 10
268 1 4 8 3 6 5 7 9 6 4 7 3 5 2 9
330 3 6 10 9 4 9 3 10 1 9 6 6 8 10 7
320 2 2 1 7 10 6 10 4 9 9 4 10 5 3 5
322 9 9 4 9 5 6 4 3 3 7 2 7 6 4 2
324 8 8 3 3 9 1 8 4 4 7 1 6 6 10 4
285 2 3 4 4 5 2 10 7 5 6 7 10 6 7 5
253 2 10 4 1 2 7 5 1 9 4 6 6 4 9 3
298 2 7 9 6 3 1 6 4 10 8 2 2 7 3 10
340 4 8 1 6 8 4 3 9 6 3 8 4 10 1 10
293 9 2 3 2 2 8 5 5 8 3 1 10 6 1 7
25
296 9 10 8 1 9 3 7 10 2 1 1 2 1 1 5
244 2 9 3 2 2 4 4 2 6 4 7 2 3 1 8
343 8 9 1 9 3 3 10 7 5 1 7 8 8 1 8
206 3 6 9 8 4 1 1 6 4 5 3 4 1 8 2
309 7 10 2 9 2 1 5 8 8 7 9 10 1 2 4
302 6 2 10 7 2 7 8 7 7 7 3 6 3 1 6
370 9 10 3 5 6 9 3 8 1 2 8 8 8 8 5
303 10 8 1 1 3 2 10 2 10 6 7 1 6 1 2
290 5 9 8 3 6 7 6 8 1 2 8 1 9 4 2
342 5 7 7 4 10 5 5 9 3 7 8 8 4 7 3
353 10 8 10 4 8 3 7 9 7 4 1 9 6 5 1
295 3 10 5 3 8 7 9 9 10 9 2 3 8 5 1
266 1 9 8 5 8 1 7 6 5 1 2 8 2 6 4
303 5 6 5 1 9 2 2 4 3 8 10 2 2 8 7
198 4 8 9 1 2 5 4 6 3 10 3 4 5 1 1
247 7 3 1 10 2 3 6 1 6 9 1 1 10 6 5
297 6 10 2 10 2 10 7 7 9 8 4 4 8 5 1
339 7 6 1 7 4 9 9 7 10 1 9 7 3 6 8
408 10 3 10 7 10 5 6 3 9 1 10 2 9 10 7
275 8 6 2 9 1 5 3 6 4 6 10 10 1 1 2
328 5 9 3 8 7 8 4 5 9 1 1 3 9 3 10
282 7 9 4 3 1 8 7 7 2 8 8 10 8 6 1
299 5 8 2 8 1 6 3 8 9 2 8 7 10 8 2
251 2 7 2 4 3 4 9 6 3 6 1 3 9 1 8
282 3 7 7 7 3 6 2 2 4 1 3 10 7 10 6
25
264 2 2 7 7 7 8 8 2 2 10 3 7 6 5 5
308 2 4 5 7 8 3 4 6 5 3 7 8 3 3 10
265 3 5 5 6 4 10 4 3 7 2 5 8 7 2 1
296 3 1 2 2 10 10 3 8 5 3 2 3 6 3 10
382 9 10 2 8 5 9 8 5 6 6 1 10 6 6 10
357 10 6 5 8 10 4 2 5 3 9 6 4 9 7 1
316 10 4 6 5 4 8 1 6 7 7 6 8 3 3 5
215 2 1 5 7 5 4 8 4 4 4 2 6 5 1 4
257 3 9 6 6 2 6 8 4 1 6 2 6 4 1 4
239 6 2 1 2 6 1 2 9 1 6 7 5 8 2 3
262 1 8 9 6 4 10 4 1 1 2 7 2 8 5 5
293 5 9 4 9 4 10 2 4 8 2 8 3 5 3 1
341 2 9 3 6 7 10 10 1 8 6 6 8 6 3 6
272 3 3 8 3 3 10 8 7 5 4 6 9 9 1 6
259 10 1 8 2 4 4 1 2 2 8 6 6 8 4 4
294 4 9 5 4 5 7 5 3 10 5 4 1 8 7 1
287 2 7 5 4 2 2 9 2 2 6 7 3 6 9 10
284 8 3 5 7 3 6 4 9 3 2 1 6 4 9 10
311 9 6 6 6 9 8 8 6 3 2 6 5 1 5 2
409 10 4 2 9 10 7 3 9 1 8 4 8 8 10 10
357 10 7 4 9 1 9 3 5 10 6 3 8 8 7 9
364 7 3 7 3 10 10 3 9 10 1 3 5 6 7 10
311 6 2 10 3 1 5 9 7 10 7 9 10 7 3 3
375 10 6 1 6 6 5 4 5 5 10 7 9 8 1 10
303 6 8 4 10 4 2 3 6 10 6 1 1 5 9 4
25
251 10 3 7 3 2 7 6 1 6 3 2 8 5 5 3
302 5 5 6 4 9 9 4 9 3 6 1 6 1 6 7
339 1 8 9 6 4 5 2 7 7 1 9 8 8 8 10
306 2 7 4 3 4 4 10 10 5 1 3 8 4 6 8
254 5 9 2 4 2 10 5 9 6 4 3 8 6 3 2
339 3 10 3 9 9 9 1 2 9 9 2 7 10 4 7
325 6 9 2 8 8 10 4 3 9 8 1 6 5 5 4
248 2 5 1 7 10 3 4 4 3 7 8 3 5 7 2
262 2 10 3 5 3 8 2 5 10 2 8 2 3 9 3
271 2 5 3 9 8 5 9 5 4 4 1 10 5 5 2
278 1 9 8 1 3 1 1 5 5 6 10 3 10 8 9
253 3 3 8 9 4 2 3 10 1 9 4 8 2 3 4
324 5 6 5 8 9 10 8 8 9 6 3 1 9 3 2
264 5 2 2 6 3 7 5 5 2 2 5 8 9 7 6
350 10 6 6 6 7 4 3 5 7 5 4 3 2 3 10
325 8 3 6 10 10 4 3 2 6 8 8 3 1 7 8
241 5 10 1 6 1 10 4 3 5 6 4 1 1 1 8
323 8 2 9 5 10 3 10 4 9 1 2 3 8 9 4
310 3 8 2 8 7 10 6 1 4 5 10 3 7 9 6
307 8 4 1 7 10 2 10 9 8 10 1 3 5 2 1
291 9 2 2 6 5 6 5 9 3 9 5 7 5 1 1
308 3 9 5 4 4 9 3 7 9 8 4 8 1 10 4
288 4 6 2 3 5 3 9 7 4 9 5 8 7 1 10
364 10 3 10 3 10 8 8 3 3 10 3 4 6 3 9
328 8 6 4 6 3 1 6 8 9 7 9 10 5 6 5
25
283 8 1 2 1 4 3 7 3 6 10 2 1 9 7 6
304 5 10 2 7 4 6 8 8 5 1 1 1 5 8 6
283 7 3 7 8 9 1 7 5 6 2 6 3 3 8 1
287 5 6 6 4 5 1 6 3 7 8 1 5 9 1 5
280 7 5 1 5 9 1 3 5 2 4 7 1 8 6 6
330 6 1 10 2 7 4 9 8 2 1 3 7 10 9 9
336 4 2 2 10 6 6 9 2 4 7 4 8 5 10 9
316 5 8 3 2 10 9 3 10 2 8 9 1 9 3 4
316 8 3 6 1 9 5 6 1 10 1 4 6 5 8 6
311 10 9 6 1 1 7 9 4 4 3 3 8 6 4 3
281 5 5 5 5 5 10 5 9 6 6 3 6 6 1 2
276 1 1 3 1 9 5 5 2 3 7 4 8 2 10 9
253 1 6 3 4 3 5 1 1 9 9 6 5 8 9 8
243 4 1 1 4 9 4 10 3 2 1 3 7 5 6 5
256 1 4 3 3 8 8 7 9 4 2 3 5 6 3 6
299 5 2 1 5 9 4 8 9 1 10 6 1 6 6 5
259 4 8 1 3 5 7 7 7 7 3 1 6 5 10 2
259 2 3 7 2 4 10 8 9 9 1 2 4 3 8 3
302 10 3 5 2 3 4 10 10 4 9 2 3 1 2 9
283 3 4 2 3 8 4 10 5 3 3 7 3 7 10 2
228 3 6 3 4 4 2 1 8 2 4 5 5 2 9 6
246 4 5 6 4 5 4 4 2 2 3 2 5 4 6 7
376 10 9 8 9 2 4 7 10 5 2 8 10 9 3 1
309 9 1 2 6 8 2 4 8 7 6 10 5 7 3 2
345 9 9 1 8 5 1 5 9 7 1 8 4 10 1 6
25
352 3 8 10 6 10 5 8 7 8 8 8 4 6 10 1
286 10 1 6 8 1 8 5 5 1 10 5 8 4 8 6
337 2 7 4 6 9 9 7 10 8 9 5 1 4 10 10
261 8 1 4 8 2 10 2 9 1 9 4 7 10 3 2
280 1 7 9 6 2 9 6 6 10 10 2 10 5 4 3
262 5 3 4 5 4 3 5 5 8 5 5 6 5 4 5
297 7 5 9 6 9 8 1 1 4 7 10 5 1 3 4
302 5 4 3 9 4 8 2 2 3 2 6 7 9 1 10
274 6 7 6 5 2 5 6 9 6 5 6 2 2 1 2
315 6 1 1 2 10 8 8 5 6 6 4 8 10 3 8
299 6 5 1 7 7 6 3 2 7 7 7 9 4 6 5
289 6 2 7 5 7 5 6 5 9 2 6 2 10 10 2
318 2 10 8 4 5 1 9 4 4 8 3 10 8 10 9
378 9 10 2 4 8 8 6 2 5 9 10 2 10 2 6
320 8 3 2 8 6 3 3 6 10 5 8 1 4 1 8
269 3 1 8 6 8 8 6 6 3 2 3 8 2 6 3
265 2 5 2 9 3 7 6 9 8 4 1 1 9 8 5
342 10 2 3 3 8 10 4 8 9 1 9 7 8 2 2
278 2 3 7 10 4 2 6 10 5 4 3 5 5 8 3
275 5 4 4 10 5 10 1 4 3 7 2 2 7 8 7
326 6 8 9 9 3 1 8 10 1 8 8 4 5 6 10
320 5 9 2 4 8 8 2 8 3 10 8 2 7 3 9
340 8 4 4 10 9 7 4 9 6 9 6 2 3 10 7
325 6 4 8 5 9 6 6 9 5 10 7 6 7 5 5
257 2 10 3 5 2 9 7 4 8 5 4 3 4 5 4
25
324 6 4 3 4 5 3 10 6 9 5 10 3 6 3 4
370 9 9 10 3 5 7 2 3 10 10 10 4 8 10 7
326 3 4 8 5 9 9 4 10 10 5 10 2 4 1 4
359 4 4 9 3 9 1 7 4 9 7 10 5 9 7 6
299 5 3 7 10 4 3 3 2 3 10 10 4 8 4 5
349 7 8 9 6 5 3 2 7 10 6 2 10 8 6 7
320 9 5 10 5 4 5 7 2 7 10 8 1 2 5 6
310 2 7 5 8 10 10 8 8 1 2 7 5 4 8 2
229 1 8 5 6 5 6 7 7 1 6 4 1 7 4 3
356 1 10 6 1 8 8 9 6 1 6 8 5 9 6 10
261 1 1 9 2 3 2 10 10 7 7 10 3 4 7 6
332 10 5 5 7 8 10 5 4 9 5 2 6 4 5 4
299 7 9 6 4 8 4 2 7 5 5 5 2 3 6 1
263 1 8 1 6 9 3 4 6 6 2 3 7 3 2 7
274 1 4 5 4 7 10 5 7 7 3 8 9 6 2 4
323 2 2 2 9 9 9 9 10 10 3 2 4 6 9 5
242 9 4 1 8 6 6 3 1 2 4 1 1 3 2 2
329 2 7 5 2 8 4 6 7 4 10 5 10 10 10 7
311 10 5 3 5 6 3 5 10 5 1 1 8 5 6 6
324 6 4 10 10 5 3 6 10 4 10 7 3 2 5 8
288 8 1 1 2 6 10 9 1 5 4 5 2 4 6 6
328 5 7 9 4 7 9 6 5 5 7 4 5 9 7 8
343 3 8 9 5 5 5 2 4 7 7 5 6 9 10 9
282 9 7 4 9 3 4 1 2 5 3 9 7 3 4 3
317 4 3 2 4 9 10 2 8 8 3 9 8 6 3 9
25
205 1 1 4 4 3 6 4 9 3 3 2 7 5 7 1
238 1 1 2 1 8 10 3 3 7 1 8 3 4 4 2
268 5 7 2 8 6 6 4 2 4 10 8 3 3 4 2
254 9 4 5 1 4 1 3 2 6 8 8 1 3 5 7
268 8 4 10 2 2 9 9 5 5 3 2 2 8 6 3
297 5 2 2 3 8 6 8 3 1 6 9 1 5 3 8
415 8 4 6 10 9 10 10 8 9 1 10 7 9 4 8
290 8 5 7 8 2 6 2 9 5 1 5 10 9 6 1
319 9 9 8 8 5 1 7 4 6 8 3 5 3 7 5
334 8 3 3 5 5 8 2 5 5 6 10 10 6 2 6
307 8 3 10 8 1 8 10 5 8 6 2 1 9 6 8
364 10 2 10 4 7 3 7 3 4 5 10 6 10 2 6
304 5 9 6 10 5 9 1 9 1 3 3 10 3 3 9
382 9 7 2 9 6 3 2 8 6 6 10 1 9 10 8
406 10 2 10 7 6 1 10 6 10 10 7 3 7 7 10
240 5 4 1 3 4 4 1 4 6 10 8 3 2 2 7
301 2 6 6 4 6 6 6 6 2 10 9 6 9 4 3
302 8 2 5 8 10 1 8 1 4 8 7 7 4 3 2
344 9 8 3 3 4 10 9 7 10 3 6 6 1 10 7
299 4 5 3 2 10 3 8 10 6 7 2 4 6 3 8
349 6 5 1 7 10 10 9 7 4 10 7 5 10 2 2
281 1 7 4 10 8 8 8 2 3 10 8 2 4 4 3
310 3 9 9 9 3 5 7 9 1 8 3 9 4 10 5
344 1 8 8 9 8 4 2 10 10 6 10 5 6 4 2
297 7 1 2 8 5 7 2 7 8 9 8 3 9 5 2
25
270 7 9 7 9 7 1 1 3 3 9 2 3 9 2 4
366 10 10 2 7 10 2 9 4 7 2 8 2 5 1 9
318 6 4 3 7 4 6 3 1 7 6 6 10 10 3 8
394 10 10 8 5 9 5 9 4 7 8 2 4 2 8 9
333 8 7 7 5 3 6 10 5 3 3 6 9 6 3 5
349 4 7 6 7 9 7 7 5 9 8 3 1 9 8 7
299 5 6 4 8 8 10 6 8 3 6 2 7 2 2 6
259 7 4 6 3 6 7 1 7 9 4 3 1 8 6 2
272 4 9 4 6 2 4 10 10 2 10 3 7 1 5 3
379 10 9 6 1 6 8 6 9 2 2 9 3 3 8 9
257 4 2 9 1 9 3 1 6 3 2 8 2 5 4 4
247 3 4 5 8 7 1 9 5 4 2 5 1 10 4 3
306 6 5 5 7 1 4 3 7 2 9 9 10 4 3 7
271 10 2 7 5 3 4 9 4 1 4 4 2 6 9 5
268 4 4 4 6 2 5 5 2 3 5 10 7 8 2 4
287 6 8 10 5 1 5 5 7 2 9 6 8 2 7 1
285 7 6 7 1 9 1 7 5 4 6 5 6 7 5 2
358 10 7 5 9 5 4 4 6 9 4 5 6 1 4 8
301 6 5 4 5 9 8 8 3 6 8 5 4 7 6 3
189 2 2 1 2 1 6 5 9 7 3 4 8 1 10 2
280 3 2 2 4 10 5 10 7 6 6 3 4 9 5 1
320 9 1 8 3 2 10 1 1 10 3 7 10 6 2 5
352 8 7 10 10 7 4 4 5 8 2 2 8 2 1 8
370 10 7 1 1 9 3 9 10 3 9 7 9 6 5 5
268 5 7 8 1 2 1 4 2 3 4 9 10 4 10 7
25
252 2 3 3 9 1 8 10 9 8 4 2 9 2 6 6
217 3 2 10 3 5 4 4 6 1 7 2 5 4 2 9
256 9 4 7 3 4 5 10 3 1 7 1 2 7 3 1
307 5 10 6 1 6 4 5 9 4 4 6 3 10 2 5
384 9 8 6 3 8 9 2 8 10 9 2 3 7 9 8
339 6 7 8 5 3 8 10 1 7 10 3 7 5 10 8
278 9 3 2 2 5 10 5 8 1 8 9 7 1 5 1
300 7 6 6 2 8 7 10 8 1 6 9 1 6 7 2
255 4 1 3 5 9 8 4 10 1 7 3 3 1 9 3
305 1 6 1 1 3 9 5 9 8 2 7 10 10 1 10
251 3 7 7 3 9 1 2 1 3 1 5 3 4 7 1
251 8 10 3 5 2 2 3 4 2 10 7 4 1 2 5
252 8 2 4 5 1 5 5 9 3 4 2 1 3 1 7
289 8 9 8 7 2 3 3 6 2 9 1 4 1 2 10
255 4 5 6 9 3 10 2 7 2 5 4 9 1 4 7
304 4 5 6 9 2 9 2 3 3 5 2 9 9 4 10
320 6 7 5 5 8 10 4 3 2 9 1 3 6 9 8
352 10 9 8 6 5 8 10 5 6 10 2 2 1 8 5
301 7 4 2 5 8 5 8 4 3 7 1 10 6 8 4
333 10 9 4 2 4 10 1 5 5 7 5 7 9 3 2
347 4 7 5 8 9 5 9 10 4 8 6 4 7 1 9
355 8 7 5 4 9 1 3 1 3 8 10 9 1 10 8
293 1 5 8 2 7 2 6 2 9 10 9 8 1 8 9
268 3 9 10 1 2 6 5 10 8 9 5 3 1 1 2
326 5 3 7 7 10 4 4 3 3 10 8 8 1 1 10
25
417 9 10 9 10 8 8 10 8 9 3 6 2 7 10 9
300 9 5 8 1 5 5 2 6 10 7 6 4 3 6 1
311 10 6 5 8 9 10 1 1 2 9 1 4 6 2 1
280 9 4 1 3 2 5 4 5 1 8 9 5 1 9 9
310 1 1 8 8 9 7 1 7 5 3 8 7 3 9 7
333 9 5 4 9 10 10 6 2 7 9 4 5 4 5 1
245 4 2 6 5 6 5 10 6 7 4 7 3 1 6 1
244 1 7 7 3 9 2 5 5 6 9 6 5 1 6 2
398 9 9 2 7 9 2 10 9 10 1 6 7 7 9 3
349 3 3 7 9 8 9 2 4 9 2 8 6 6 7 6
309 6 4 9 9 4 6 1 6 7 7 4 8 6 3 10
285 1 10 7 3 3 9 10 8 5 10 4 5 2 5 10
257 2 7 10 1 2 7 9 6 2 6 9 6 2 4 3
316 5 2 3 1 7 4 5 5 5 2 4 7 10 10 9
288 7 8 10 2 4 9 10 9 7 2 3 2 3 8 2
370 7 7 4 8 9 8 10 8 8 2 4 6 2 2 6
299 1 4 10 7 3 7 7 8 6 2 3 1 10 10 9
320 3 4 5 9 6 6 5 5 10 4 2 1 6 4 10
267 9 3 2 2 1 2 9 4 3 5 7 2 5 9 8
295 7 2 6 2 7 3 3 5 9 6 1 9 1 6 6
293 1 10 3 10 1 8 9 5 6 2 3 9 3 7 10
307 8 2 5 9 8 7 1 10 7 2 6 2 2 9 4
265 1 6 7 2 6 2 2 7 9 10 8 6 1 2 8
288 4 10 10 5 2 3 7 7 6 4 10 2 1 7 2
372 10 9 7 2 1 7 9 3 6 6 8 4 9 9 10
25
260 7 4 2 2 1 2 7 3 6 7 2 8 2 2 6
301 2 5 10 1 8 3 3 9 8 5 9 2 10 4 1
323 7 3 3 9 7 7 7 7 2 5 4 10 7 9 2
346 8 3 9 7 5 4 5 4 6 2 6 7 8 6 8
356 2 4 5 6 8 10 1 9 5 5 5 8 10 8 10
310 8 7 1 3 5 9 10 10 2 2 4 3 10 8 4
328 10 2 7 7 1 6 7 2 9 7 4 10 5 8 8
163 1 3 8 8 3 2 3 1 1 4 7 1 2 2 2
286 10 2 2 10 2 6 3 7 4 1 3 1 5 6 6
296 1 6 5 8 2 7 2 10 4 7 9 10 3 9 8
272 7 2 8 7 2 7 8 5 6 4 2 4 9 2 4
300 2 5 10 3 10 2 7 7 4 4 9 5 2 2 5
307 10 2 5 5 1 1 1 8 9 6 10 3 6 9 3
338 8 5 1 8 10 10 9 9 3 8 7 4 3 6 3
306 7 5 2 10 6 9 9 9 4 4 1 3 5 5 4
281 6 8 4 5 10 3 2 4 4 7 9 3 1 10 1
313 3 4 7 5 9 10 9 7 6 4 7 2 5 2 7
336 3 1 7 10 9 3 4 5 7 7 8 1 4 9 10
336 9 5 10 2 2 6 7 10 6 4 1 8 6 2 8
288 3 1 6 10 4 3 8 4 5 2 9 8 9 2 1
341 10 6 5 2 8 9 1 8 8 8 5 1 1 10 3
218 2 9 3 6 5 9 2 5 4 10 1 1 4 4 4
302 2 9 1 6 3 1 8 8 8 10 8 1 5 9 9
341 8 7 9 2 4 2 10 8 9 4 3 2 9 4 6
269 3 1 5 1 10 2 7 3 4 5 2 9 6 5 8
25
289 1 10 6 3 7 8 5 5 6 3 8 3 6 3 5
251 3 6 3 4 1 10 10 5 5 7 5 5 6 6 3
355 10 6 6 10 9 6 5 10 4 3 3 5 6 1 5
278 3 4 1 4 9 10 6 10 6 6 2 6 5 4 5
275 2 10 10 8 3 1 1 5 10 4 4 5 7 6 7
252 3 2 9 5 4 8 10 9 2 2 2 3 8 5 5
262 4 5 7 7 5 5 2 8 9 9 1 8 4 2 3
282 8 7 1 4 5 5 2 2 8 10 5 6 1 10 2
252 4 4 5 3 4 2 9 2 4 6 1 9 9 5 2
345 10 4 3 8 7 4 7 5 6 7 2 3 5 5 6
301 2 10 6 4 7 2 3 6 10 1 4 3 2 8 6
229 6 5 3 5 2 8 4 6 4 3 4 1 7 7 2
333 5 9 4 2 9 4 8 4 1 6 5 8 9 4 6
320 3 5 2 7 7 9 3 2 10 8 10 8 8 1 3
322 2 6 6 3 6 9 5 1 8 3 8 8 4 5 8
335 10 5 8 6 9 2 6 6 8 9 1 9 3 2 7
239 5 5 10 6 2 4 3 9 1 7 10 2 3 5 4
302 8 2 1 5 9 9 1 5 5 4 5 1 6 10 5
365 1 8 6 10 2 3 4 9 9 10 8 8 10 7 9
367 8 2 4 6 6 10 10 5 4 10 1 10 9 9 8
325 9 3 3 1 9 4 3 7 4 5 2 9 8 1 8
278 2 2 5 8 5 8 10 3 8 1 6 7 2 6 7
332 5 5 5 2 10 8 7 6 3 2 6 2 10 10 9
277 3 4 2 1 5 10 7 3 5 7 10 10 7 4 2
317 3 8 7 8 4 5 10 9 5 3 7 5 6 1 7
25
214 5 6 3 4 2 2 7 2 2 6 6 10 2 7 1
302 3 8 6 10 7 4 6 2 7 10 2 7 3 2 3
342 7 9 1 3 2 10 9 2 9 6 5 8 8 9 2
343 10 6 7 10 4 5 9 6 3 5 5 3 9 7 4
219 1 1 8 4 10 1 2 2 5 7 8 9 1 6 1
335 2 4 3 10 10 2 8 4 8 6 2 5 10 6 10
348 7 4 7 10 8 3 9 4 1 4 10 8 1 5 8
279 7 7 3 7 7 6 5 3 4 2 8 3 3 1 1
323 8 6 2 2 2 8 7 8 4 2 8 1 8 10 6
317 3 6 6 1 10 10 8 9 2 3 5 10 8 1 3
276 3 4 10 2 5 1 10 6 3 1 9 6 4 7 7
359 4 6 3 7 10 2 1 10 7 6 10 7 5 4 7
317 10 10 10 1 1 9 2 3 10 2 4 6 3 5 5
347 10 4 3 1 8 5 10 9 10 6 9 9 1 7 2
254 2 7 3 9 1 4 1 10 10 7 2 9 4 3 8
275 7 10 2 5 6 2 8 3 4 6 4 5 1 2 1
293 1 7 10 10 4 5 2 5 8 2 7 5 5 7 7
319 4 5 8 6 1 10 4 2 10 2 9 2 1 10 10
332 10 10 8 1 6 8 3 9 4 2 1 6 4 10 5
382 9 1 1 8 7 1 9 7 5 9 6 8 8 10 10
328 4 8 10 1 6 2 4 1 5 10 10 9 7 9 2
406 10 6 10 6 7 7 8 8 2 3 4 6 9 9 10
355 8 8 2 2 9 8 9 4 9 3 2 5 8 9 3
294 10 9 9 3 1 4 1 7 4 8 5 6 10 1 3
347 10 6 7 3 4 10 9 2 4 10 8 2 10 7 7
25
326 6 5 3 10 5 2 7 5 9 10 2 9 3 6 8
198 3 3 3 3 5 3 6 6 6 2 3 9 2 1 2
337 8 5 6 3 5 2 2 7 7 6 6 8 3 10 8
256 2 3 9 7 4 2 7 3 4 1 4 10 6 1 3
345 10 2 3 3 7 9 3 3 6 3 2 8 10 7 6
281 7 5 5 8 1 3 10 3 7 2 3 6 3 8 8
238 5 2 3 5 2 4 9 7 4 4 1 2 2 6 7
297 10 9 1 2 3 6 2 1 5 7 10 8 10 6 1
301 10 4 7 1 4 7 5 2 4 4 5 4 8 10 4
196 6 1 8 3 1 7 6 1 1 3 2 6 9 4 3
275 4 6 6 2 9 1 3 2 4 8 2 7 6 5 3
274 4 5 2 3 1 2 9 8 5 10 4 6 7 4 8
359 10 4 2 8 7 10 1 7 2 7 9 8 1 1 10
309 4 10 3 4 5 3 9 1 8 2 2 6 8 9 6
262 4 2 4 7 8 5 6 4 9 5 7 6 1 1 3
283 7 3 7 9 1 4 10 8 1 2 4 3 9 8 6
347 2 10 9 6 10 1 7 2 5 2 10 10 5 7 3
332 10 9 3 8 7 6 10 2 5 6 1 6 10 2 4
311 10 4 4 9 7 1 6 3 5 10 5 2 6 8 2
306 7 2 10 7 3 9 7 5 2 9 5 4 5 10 3
301 3 10 6 6 3 6 10 3 8 6 3 2 8 6 8
284 4 9 1 6 5 5 1 5 5 6 3 9 1 2 8
357 7 10 5 10 8 5 1 9 5 10 10 9 4 2 2
335 6 9 9 5 7 8 7 7 2 3 10 5 3 5 1
376 10 8 4 9 4 8 10 6 10 4 4 9 2 9 7
25
342 10 1 10 5 9 4 3 7 2 5 5 4 4 4 8
261 5 6 1 1 9 2 6 2 1 2 4 8 10 7 1
352 9 7 7 7 8 2 5 8 9 2 10 7 2 7 2
328 4 2 2 7 10 4 7 8 10 10 1 2 1 7 10
373 8 7 4 10 6 8 7 2 10 8 9 10 3 9 1
247 2 3 9 9 4 2 3 2 5 10 9 1 3 2 8
345 9 9 9 3 9 7 6 7 10 5 8 3 2 8 2
375 8 3 2 7 5 5 6 6 9 7 4 9 9 2 10
269 8 3 2 6 1 2 8 2 5 6 5 10 8 9 1
251 3 2 4 8 9 7 6 3 1 4 2 5 3 5 9
372 7 9 5 7 5 6 4 7 7 4 7 10 8 9 7
334 3 10 1 10 9 8 3 10 4 10 1 6 8 6 9
295 5 5 6 5 2 3 3 8 7 5 2 9 6 6 10
267 9 3 7 3 5 4 5 1 3 6 6 2 3 10 5
324 4 9 4 9 9 3 7 3 10 10 5 6 6 2 2
321 10 3 2 10 3 6 8 6 8 10 6 6 1 3 9
373 9 9 2 8 4 3 8 2 9 5 10 5 2 9 10
350 6 3 4 1 10 9 9 10 3 5 4 8 4 7 7
291 2 4 10 6 9 1 5 9 8 8 1 3 5 9 9
301 3 6 3 7 9 2 8 9 1 6 3 6 9 5 9
291 3 7 5 10 4 10 3 4 10 1 6 8 5 7 2
274 6 5 4 4 6 8 6 1 5 1 5 6 3 4 3
343 5 8 9 5 10 10 3 1 4 8 8 7 6 6 2
340 8 6 7 6 5 10 5 6 9 9 3 3 1 8 10
304 7 8 8 6 3 9 1 3 3 9 2 4 10 3 6
25
329 7 8 6 1 7 6 10 9 3 2 5 8 6 4 4
373 6 8 8 7 9 1 5 1 7 9 4 7 8 5 10
297 4 1 5 10 5 5 4 10 7 4 6 3 10 4 7
252 3 2 9 4 2 2 2 6 5 7 7 7 5 5 5
417 10 6 4 9 10 1 8 10 6 9 9 10 5 4 4
306 9 2 6 2 3 8 5 9 9 4 10 3 9 3 4
308 9 1 8 10 10 6 4 3 3 5 6 8 2 4 3
263 1 9 4 6 4 9 6 3 8 4 1 6 10 1 1
376 6 3 7 8 10 2 3 9 10 5 8 6 2 5 9
279 7 1 2 3 8 6 7 1 1 5 1 7 9 1 7
302 8 3 10 9 3 8 10 8 3 8 2 2 1 9 9
272 2 4 10 2 6 10 1 5 10 8 3 7 6 8 1
252 1 4 10 2 2 6 9 4 5 6 4 8 2 2 5
247 3 1 3 2 6 10 2 10 3 4 2 9 6 4 4
346 9 7 10 4 4 1 5 7 7 8 1 8 7 1 8
309 3 10 1 10 6 1 10 10 1 3 2 2 9 3 8
326 8 5 3 6 9 5 3 6 2 5 6 2 3 8 9
313 3 5 1 2 7 4 9 9 2 4 9 4 9 4 7
285 2 10 6 3 4 10 10 10 5 9 4 6 2 7 3
336 3 8 3 10 9 6 5 9 6 2 10 3 2 7 8
279 6 1 3 10 2 6 10 1 4 6 6 10 4 9 1
248 10 7 2 1 1 4 5 10 5 6 1 8 4 7 2
357 6 5 1 10 10 8 5 3 7 7 10 5 3 10 1
329 7 7 3 1 10 8 7 6 1 2 2 8 4 6 7
316 9 1 3 5 5 5 5 4 3 7 7 9 7 4 5
25
298 3 7 3 4 10 2 7 1 8 6 2 10 1 4 3
308 3 10 6 7 6 6 10 9 2 5 1 4 8 2 10
302 2 8 3 7 5 8 6 4 5 4 8 4 5 10 7
271 6 4 1 3 6 8 5 3 7 2 1 7 10 1 6
322 6 8 3 5 9 8 1 3 5 1 5 1 7 5 8
250 5 3 9 3 1 10 4 2 2 6 9 10 6 4 1
337 3 3 3 6 1 10 8 9 8 9 9 7 10 10 4
319 9 5 6 5 6 1 3 3 8 9 4 9 4 8 1
288 2 1 6 7 7 10 7 5 8 5 1 7 10 1 5
243 8 1 1 1 5 5 8 7 5 1 3 2 3 5 2
247 3 3 9 2 5 3 9 1 8 6 5 1 4 9 5
264 9 10 3 9 2 3 5 4 4 8 1 10 3 4 1
363 6 10 8 8 10 9 4 1 3 6 3 5 7 8 6
308 2 7 7 10 8 10 7 4 10 1 8 2 5 4 1
288 6 2 5 8 9 7 4 10 8 1 3 2 5 2 4
295 1 6 1 8 7 6 4 8 5 7 8 10 5 9 3
332 4 10 4 10 10 7 8 1 6 1 2 5 3 4 6
250 5 10 4 2 2 6 4 8 7 2 2 6 5 1 5
245 2 2 3 1 8 5 9 8 3 2 6 7 2 9 5
298 9 6 7 1 2 5 9 7 6 7 1 6 9 3 1
344 7 6 10 8 7 3 7 1 1 10 10 4 10 9 1
331 3 8 10 2 4 9 9 6 9 10 2 3 4 5 10
287 1 6 8 1 9 4 10 8 8 2 6 2 5 4 5
287 4 4 9 1 10 1 4 2 5 3 4 9 6 6 6
360 9 8 3 9 8 9 2 1 7 3 6 10 6 1 9
25
175 5 3 3 1 4 3 1 5 1 10 5 3 5 4 1
326 3 8 6 7 8 2 8 1 4 3 4 4 10 6 8
321 4 7 9 8 6 8 6 8 6 5 1 2 8 7 8
247 2 4 8 10 5 4 4 2 4 2 1 4 3 10 4
310 4 5 7 2 7 5 1 4 9 4 3 10 2 9 8
268 9 6 2 4 1 6 4 2 9 8 8 4 6 3 2
267 7 2 1 8 1 2 9 8 3 5 3 5 2 8 8
262 3 4 5 9 2 6 6 9 5 7 5 6 1 7 2
277 1 6 8 5 8 7 5 2 9 10 6 5 4 6 2
267 4 4 4 6 8 1 2 5 8 1 5 7 4 10 3
311 6 1 6 2 8 10 2 4 8 2 3 1 9 2 8
228 4 2 9 5 1 1 5 10 1 8 4 6 7 3 6
295 6 1 5 6 5 6 9 5 2 1 5 3 5 9 7
257 1 3 9 8 1 7 2 9 7 10 7 1 4 6 10
304 5 7 4 7 7 7 2 4 4 2 6 2 3 10 7
362 7 8 4 9 7 3 2 7 3 3 9 10 10 1 5
341 10 6 2 1 5 9 7 9 9 6 3 6 3 6 5
213 1 5 7 2 4 6 4 3 5 9 2 2 1 10 4
323 5 10 4 3 5 4 9 6 4 7 4 5 7 5 10
357 7 8 5 1 6 10 10 5 9 3 5 3 4 8 7
221 1 2 10 1 8 7 1 5 8 4 1 5 3 5 6
311 5 5 1 3 8 10 8 6 1 2 9 5 5 1 8
387 5 6 8 3 9 9 5 6 9 3 8 9 6 2 8
326 8 5 6 9 8 4 5 4 7 9 9 3 4 2 2
331 5 4 8 5 3 3 9 6 7 5 10 5 5 4 10
25
246 7 5 5 3 5 8 1 10 1 1 2 2 8 2 4
316 3 2 10 8 7 6 6 4 3 7 6 5 7 1 9
360 10 7 4 10 3 7 9 8 10 2 4 5 7 4 7
283 1 7 1 3 8 2 3 4 9 10 3 5 8 7 9
302 5 6 9 10 9 4 6 2 2 10 3 9 5 8 4
285 6 5 6 1 1 6 8 3 5 10 8 2 8 8 3
286 6 2 10 8 1 1 4 5 8 4 4 10 9 2 3
332 2 8 3 9 3 5 5 10 9 10 4 8 8 10 10
323 1 10 8 5 9 9 4 5 5 4 10 4 9 3 7
308 6 4 3 1 4 3 3 4 8 5 9 5 7 8 5
283 10 1 3 4 1 7 8 2 6 9 2 8 4 4 8
272 9 1 8 7 2 7 2 8 2 4 6 8 4 8 1
317 3 10 3 6 6 3 3 9 4 3 10 5 1 10 8
312 9 9 9 9 2 1 1 9 9 5 6 7 7 2 2
235 7 3 2 3 5 4 4 8 5 8 4 7 1 4 2
207 5 4 7 4 3 2 7 2 6 5 2 6 3 4 2
316 9 1 3 6 6 7 3 1 4 5 6 7 9 7 3
293 10 9 3 3 7 8 3 2 2 4 5 6 9 3 1
345 7 8 8 4 10 8 2 4 10 3 7 10 6 1 1
269 1 10 10 7 3 4 2 2 3 1 2 6 2 10 8
294 5 4 6 5 8 5 8 8 6 1 3 7 8 3 5
327 10 2 1 6 8 5 6 1 6 10 3 8 10 3 3
331 9 4 3 2 6 3 1 5 8 3 8 2 10 5 10
356 10 2 3 7 10 2 9 4 4 6 8 10 6 1 5
329 8 6 10 8 8 1 5 9 1 2 1 8 3 10 5
25
240 8 1 5 3 4 1 1 9 4 8 2 9 2 7 3
221 6 6 10 3 1 6 4 8 1 5 1 7 1 2 2
292 9 4 10 7 2 4 1 7 6 9 6 8 6 5 5
293 1 6 10 4 5 2 8 8 5 7 1 6 8 2 10
348 8 10 8 9 5 9 4 7 1 7 10 8 4 8 4
308 4 1 8 6 7 6 9 8 4 5 7 9 2 6 9
237 5 4 9 3 1 2 7 4 5 5 1 8 1 2 10
322 9 4 2 3 4 5 5 2 9 3 10 7 5 3 6
316 5 9 3 1 8 9 2 3 10 2 9 1 9 6 5
308 8 1 6 9 10 2 4 3 3 3 6 7 1 7 8
359 3 9 4 8 10 5 9 4 7 2 1 8 8 5 9
301 6 10 10 7 7 5 1 1 5 2 2 10 4 2 4
254 4 1 3 1 4 6 5 6 7 8 4 5 5 5 8
283 3 4 9 2 8 3 9 1 3 9 9 4 8 2 6
214 2 10 7 1 4 1 7 2 2 2 8 3 5 9 1
333 5 7 5 10 7 7 5 7 6 2 6 8 3 8 5
312 8 3 3 4 5 4 7 1 3 3 10 9 10 4 6
249 1 5 3 3 6 10 3 6 3 2 5 2 9 3 10
326 6 1 5 9 3 5 1 4 10 9 7 9 9 3 8
308 2 6 8 8 10 7 7 2 5 1 7 7 9 1 2
258 4 2 9 5 8 6 1 4 6 1 10 6 3 1 3
367 9 3 4 1 8 7 6 10 7 10 8 9 6 9 4
339 9 5 6 10 6 9 5 9 5 7 4 7 3 10 6
249 2 3 2 7 8 3 3 3 8 10 5 2 1 9 7
354 5 1 8 2 7 10 9 5 9 6 9 6 8 7 7
25
356 6 9 6 2 8 9 1 4 6 9 10 6 8 6 10
236 5 2 3 7 1 8 8 1 8 10 7 1 5 1 1
322 8 8 6 7 6 10 1 9 7 10 1 3 7 8 3
323 1 8 5 5 8 2 9 8 8 4 3 2 6 4 9
334 9 6 4 6 8 3 7 2 10 6 5 1 2 8 8
235 4 1 6 4 2 10 5 8 4 2 7 3 4 6 3
308 6 5 3 4 2 3 5 8 9 8 3 8 8 9 4
353 10 9 4 9 3 2 7 3 5 6 9 4 6 3 5
289 9 5 5 5 1 6 5 1 9 3 8 9 2 8 2
327 10 2 10 1 9 3 9 1 8 8 5 2 6 4 5
277 2 8 4 5 4 7 9 1 5 1 5 8 3 1 9
318 7 10 5 10 2 4 3 1 8 2 10 3 2 10 3
272 7 9 7 10 1 10 6 1 3 10 1 5 3 8 5
251 3 9 4 4 4 6 5 5 7 8 4 5 3 7 1
255 2 6 1 4 1 9 3 2 6 2 6 6 9 8 9
319 8 7 6 1 8 3 10 4 2 7 2 10 8 8 3
236 1 9 1 7 4 7 10 3 5 10 6 2 4 1 4
373 3 4 7 6 10 3 5 4 10 10 8 4 10 5 9
262 2 6 1 9 3 2 7 9 7 2 1 10 6 8 3
284 6 1 8 2 8 2 2 3 6 9 8 9 4 5 6
296 10 3 4 8 3 3 5 6 5 1 5 8 5 10 2
248 1 10 10 8 5 1 2 7 4 1 2 5 4 2 6
331 7 7 1 5 3 1 10 4 8 3 8 4 10 5 8
353 9 2 4 4 4 6 9 10 4 6 7 6 10 9 5
278 1 3 10 6 9 3 2 7 6 3 9 6 8 10 3
25
338 9 2 6 8 10 3 3 6 3 7 6 8 5 7 5
305 9 10 8 8 3 8 4 9 3 4 3 9 2 4 2
254 2 1 5 2 9 8 3 7 7 8 3 6 3 1 2
327 4 10 2 7 8 6 1 7 8 4 8 1 2 5 7
256 3 10 2 4 3 4 3 4 4 2 9 8 2 4 3
308 4 8 7 4 2 7 9 10 2 2 6 6 4 2 9
256 4 10 5 4 3 7 10 4 4 4 1 8 5 1 6
291 3 1 8 5 6 2 10 6 9 5 3 1 4 1 8
334 2 4 7 1 10 4 7 10 1 5 7 7 7 5 10
325 10 5 4 1 7 9 2 1 5 10 9 8 9 2 4
209 3 4 2 2 8 4 2 1 1 8 4 1 6 2 4
320 3 10 2 5 9 6 8 8 7 5 3 7 5 4 2
352 9 3 3 1 10 9 6 2 8 4 6 6 9 8 6
301 4 1 10 2 10 2 8 9 9 7 3 7 3 1 9
230 2 4 2 5 1 2 2 6 4 8 8 7 8 2 9
242 2 4 9 9 2 1 6 4 4 2 9 6 9 8 2
266 10 8 2 2 1 6 2 1 9 9 3 1 6 2 4
337 9 1 2 3 9 2 1 6 4 7 9 6 5 7 8
291 1 6 1 4 7 5 10 1 6 3 5 4 10 7 6
302 9 2 2 7 5 4 7 3 7 8 7 8 8 9 1
289 2 4 7 7 6 4 10 4 5 8 8 5 7 4 4
336 10 4 1 5 7 4 9 7 6 2 2 3 2 3 9
348 10 6 7 7 5 9 2 4 2 1 9 8 9 1 5
274 7 6 3 8 4 1 2 8 2 5 4 2 9 2 7
362 9 10 9 5 4 3 2 8 8 8 2 8 10 7 6
25
288 7 8 9 7 1 4 8 7 4 1 2 2 4 5 7
182 7 1 3 10 1 4 1 2 9 4 2 3 1 1 1
325 5 6 2 8 3 4 3 6 6 10 8 7 6 7 9
447 10 9 9 9 9 9 3 4 10 10 9 9 8 5 6
273 4 9 3 3 5 5 9 7 4 4 3 9 1 6 7
285 2 7 2 1 10 5 7 5 10 4 9 1 2 5 6
224 1 7 1 6 5 10 7 5 1 3 2 5 5 7 4
309 4 4 8 5 4 1 5 10 8 5 5 4 9 5 9
272 6 2 9 5 6 2 2 3 6 5 8 9 1 9 2
254 10 1 3 2 8 6 1 4 5 7 1 3 2 7 6
361 4 9 6 1 5 10 1 4 10 3 9 9 7 6 8
279 7 1 9 10 3 6 6 6 1 4 8 8 4 7 4
300 7 4 6 9 1 10 8 3 8 6 3 2 5 2 4
296 1 4 4 6 10 2 9 5 3 4 3 7 5 10 6
310 8 2 7 9 8 6 7 9 4 2 10 5 2 3 4
324 9 1 9 9 5 5 2 8 5 8 7 9 6 2 6
319 8 9 5 3 4 1 7 8 5 9 5 7 10 9 3
272 1 9 6 1 9 4 5 2 9 2 7 8 3 5 4
269 9 2 2 7 2 1 4 6 9 8 4 2 4 8 7
225 1 2 9 4 4 8 5 10 2 10 4 5 1 5 5
334 6 6 5 9 4 2 7 2 4 8 8 10 1 10 5
334 10 7 7 10 2 4 10 8 8 3 7 10 4 6 1
228 1 2 5 2 6 8 3 2 6 4 4 2 1 9 10
291 9 4 9 6 5 6 8 4 1 3 4 3 9 6 3
250 1 5 7 3 3 6 6 10 2 5 7 3 7 8 6
25
309 9 5 8 2 5 1 9 5 4 4 4 8 7 1 6
343 4 8 3 5 7 1 5 9 10 6 8 9 5 8 8
272 6 7 7 5 3 9 8 1 5 1 3 6 1 7 8
299 2 5 4 3 5 8 3 3 6 5 6 5 9 5 9
309 9 5 10 6 8 9 3 4 1 3 2 10 10 7 1
326 8 10 3 8 1 7 7 8 6 3 8 1 7 7 5
323 7 5 5 1 10 6 9 5 2 9 2 7 6 2 8
276 7 10 1 5 5 7 5 2 5 1 2 2 5 5 5
331 9 6 6 5 2 7 8 8 9 6 3 6 7 6 2
372 9 8 10 2 10 9 6 6 2 3 8 9 2 2 4
287 6 2 8 10 1 4 8 3 6 8 8 1 8 2 2
302 3 1 3 5 8 1 6 5 8 2 9 7 5 10 10
392 8 10 6 9 7 9 4 4 10 5 6 6 9 4 7
354 1 6 6 5 6 4 10 9 6 9 6 9 9 3 9
327 6 2 8 9 7 8 4 7 9 1 3 9 9 2 1
364 10 3 3 3 8 6 8 10 1 10 7 10 3 8 8
266 6 9 1 1 9 2 1 5 3 2 5 6 9 6 3
265 3 7 4 9 3 4 9 4 1 7 9 10 7 1 1
293 8 8 8 1 1 3 4 10 6 10 6 4 1 8 4
301 8 3 8 1 10 7 10 1 7 3 7 4 2 9 2
312 1 9 3 4 6 9 10 10 7 7 9 8 5 5 3
339 2 7 3 8 9 7 9 6 10 1 3 2 8 8 8
245 2 1 9 4 5 2 8 8 1 9 7 4 8 2 1
312 5 4 10 2 8 8 6 7 8 10 5 5 5 3 4
328 6 5 3 10 4 2 8 8 9 5 8 8 6 9 2
25
338 6 4 6 2 6 10 6 7 9 1 5 7 7 8 9
331 8 2 9 9 9 1 5 6 8 4 1 8 8 9 3
316 9 5 6 3 5 3 4 6 7 2 7 2 4 3 10
289 1 5 5 1 2 6 3 9 4 7 6 9 9 4 10
285 1 10 5 2 5 6 7 9 4 3 3 4 2 8 8
343 6 9 5 10 6 3 10 10 2 6 2 1 7 6 6
265 6 10 9 8 1 3 1 3 2 10 4 6 1 7 8
370 6 4 8 5 7 7 5 8 5 3 7 9 9 5 9
326 9 10 6 2 1 10 6 8 4 7 7 8 2 4 7
276 6 4 2 3 9 8 1 4 8 5 4 9 4 10 2
303 6 7 6 4 3 7 3 7 7 4 5 7 3 7 4
300 8 1 3 1 8 7 3 8 2 10 9 6 9 4 6
251 5 1 2 3 9 6 2 3 5 10 10 3 6 5 2
296 6 8 10 7 2 3 6 4 6 2 7 4 8 3 2
310 10 10 9 2 5 5 3 3 1 9 3 9 7 2 7
319 5 7 9 5 7 2 5 4 10 2 5 6 9 2 3
344 4 6 8 4 10 9 2 7 2 9 8 9 1 7 10
291 7 1 8 8 5 6 6 3 10 6 5 2 4 6 1
251 1 7 6 4 1 1 9 7 10 3 4 3 8 6 7
292 6 3 1 7 10 8 7 6 6 2 3 1 2 8 7
372 5 8 9 10 6 6 6 7 6 4 10 7 6 2 8
289 6 1 10 10 2 4 8 4 5 1 10 5 2 1 6
246 6 2 5 1 3 8 10 2 5 10 5 9 2 8 1
323 5 3 5 9 4 9 4 3 5 8 3 2 7 10 10
354 6 5 7 5 8 8 4 5 8 5 6 10 7 5 7
25
308 4 3 3 8 4 3 5 4 9 9 6 7 6 7 8
300 4 5 4 10 5 9 3 2 4 3 6 7 10 4 4
263 2 2 6 6 4 3 9 10 4 5 5 9 2 10 1
292 6 9 3 7 3 10 5 7 5 1 2 5 3 1 4
329 2 8 4 9 3 5 9 8 5 3 4 10 7 8 8
320 7 8 9 7 1 2 5 4 4 1 7 7 3 4 8
239 1 5 1 3 6 1 3 4 4 10 4 8 7 3 6
306 7 1 4 4 7 8 9 4 9 7 4 6 10 7 3
186 2 2 5 1 2 8 1 10 6 1 6 6 3 3 1
391 10 10 4 9 8 1 9 1 6 7 6 7 10 6 7
305 2 2 4 8 4 10 5 2 9 3 10 10 3 8 4
250 1 1 6 4 1 1 8 3 8 8 6 5 6 9 7
217 1 7 6 3 2 3 5 6 10 3 4 2 5 6 4
302 5 9 10 1 10 8 6 4 5 4 5 2 7 3 1
302 5 6 7 7 3 1 4 10 10 7 5 1 7 6 10
329 4 10 6 4 4 10 7 10 8 9 8 2 1 6 10
378 10 2 2 7 6 4 10 3 10 6 9 7 2 8 6
282 4 5 6 9 9 3 3 5 1 2 8 7 3 1 8
290 2 7 6 1 10 8 6 4 3 2 8 6 5 10 5
343 7 2 4 4 4 2 9 7 2 3 8 8 8 9 10
352 3 10 9 2 2 8 10 6 5 1 9 10 10 6 10
279 2 10 1 8 3 7 6 5 3 1 2 7 3 5 8
366 6 6 9 7 9 3 10 1 5 2 6 7 6 5 9
311 2 7 5 4 2 7 8 8 9 3 5 9 5 5 9
303 3 10 3 6 9 4 9 5 4 3 4 10 7 3 2
25
361 4 9 9 9 10 1 10 8 10 5 5 10 1 10 5
238 4 6 3 3 1 10 8 1 1 9 10 7 4 5 3
371 10 9 2 7 5 1 6 7 5 3 9 6 6 9 8
261 4 6 1 5 6 3 6 9 3 6 4 3 4 9 3
323 10 9 6 3 1 8 8 2 10 6 6 9 3 3 5
275 1 8 9 1 3 9 2 10 3 10 10 10 1 5 7
295 7 8 1 8 9 5 2 6 3 4 4 8 9 4 1
283 4 7 3 3 7 3 4 5 3 7 7 9 7 8 4
335 9 7 3 8 9 1 5 10 2 7 10 4 2 1 4
291 8 2 2 6 6 9 2 8 4 3 3 5 3 9 5
286 4 9 8 9 2 4 7 6 7 7 7 7 7 2 1
284 7 2 2 10 1 6 10 5 1 2 9 5 8 10 2
331 3 3 4 7 2 4 5 10 9 4 9 10 2 6 9
324 5 2 10 6 7 6 6 10 4 3 10 7 5 4 5
319 4 7 5 9 9 10 1 8 2 10 8 6 3 4 8
290 5 9 9 5 1 8 4 3 10 6 10 10 4 1 1
294 3 1 1 1 8 6 1 1 10 5 5 8 7 10 10
241 2 3 6 5 1 1 6 4 6 9 8 6 5 3 6
333 5 2 7 10 5 10 1 10 10 1 1 9 4 4 8
327 7 7 7 6 8 3 6 3 3 4 7 9 5 2 5
356 10 6 10 6 4 9 10 7 10 7 6 7 1 4 6
261 5 1 7 4 10 1 3 7 8 5 2 4 7 10 1
309 9 3 6 7 10 8 7 6 4 9 3 1 2 10 3
317 5 5 7 3 10 9 5 1 4 4 6 10 1 4 7
341 10 5 4 4 6 6 5 10 6 5 7 3 1 8 7
25
247 3 1 4 3 1 9 2 1 7 5 9 4 6 7 4
361 6 7 8 6 7 10 10 6 4 10 7 10 7 6 5
297 6 7 9 4 4 1 9 10 7 10 6 5 1 1 7
312 2 3 6 6 7 10 8 5 9 4 3 8 8 1 10
284 1 2 5 2 9 1 1 9 7 1 10 6 1 4 8
282 2 9 2 3 6 1 9 10 3 6 8 2 4 4 4
192 1 1 7 2 4 4 9 7 4 2 1 4 3 9 2
331 6 1 9 3 8 2 6 7 2 2 9 7 3 9 8
208 1 7 4 7 4 5 7 4 4 4 1 1 3 9 3
308 8 8 6 2 3 4 10 7 5 5 7 4 4 5 5
363 7 9 1 7 7 4 7 9 5 2 4 8 6 1 8
278 1 1 6 2 1 10 10 1 9 8 6 3 5 2 10
307 1 6 2 10 7 7 5 10 6 6 9 4 5 4 8
299 4 9 9 3 3 1 7 7 6 1 7 6 7 2 5
328 1 8 8 5 8 7 10 8 2 10 2 10 9 9 4
257 3 9 2 9 3 1 1 4 5 9 8 9 5 3 4
307 8 1 9 1 7 5 1 10 8 10 6 6 5 5 1
293 8 4 4 8 1 6 4 9 2 1 2 8 6 8 8
335 8 6 8 7 1 7 9 2 9 8 5 8 7 10 4
261 3 8 7 3 5 1 4 3 3 3 7 1 10 8 3
268 2 10 1 7 2 9 4 8 1 7 6 3 5 7 3
341 5 8 4 7 10 7 2 7 8 7 4 4 10 9 2
279 1 5 4 6 1 7 9 9 2 9 5 10 1 1 10
199 1 1 7 5 1 10 4 9 1 4 4 5 7 4 1
393 10 9 3 4 5 4 10 9 10 1 7 6 6 8 6
25
255 5 1 1 10 4 6 5 2 1 9 8 4 8 8 5
248 8 5 5 9 1 3 6 3 5 7 3 5 5 3 2
298 4 8 4 10 4 8 9 1 7 7 1 6 7 3 7
328 10 9 2 3 3 3 3 8 8 8 2 7 5 7 8
337 8 9 4 4 1 6 6 10 6 1 5 7 8 1 10
259 3 7 4 8 3 3 7 10 9 3 6 5 1 6 2
397 5 3 2 10 9 8 6 5 9 8 10 4 10 6 7
273 3 5 1 4 8 1 5 5 6 10 3 1 3 3 10
337 6 7 1 9 4 2 4 4 9 9 8 6 9 7 8
229 2 3 9 4 5 1 3 10 7 5 3 5 5 2 1
232 3 5 4 2 7 6 2 5 9 9 6 1 2 2 1
236 3 1 1 10 4 4 5 10 3 9 3 6 4 2 3
290 6 9 1 2 10 2 3 1 2 9 5 8 5 2 8
340 4 9 5 7 3 8 5 8 10 5 7 7 2 5 8
302 10 1 10 10 4 5 6 6 4 2 10 1 7 7 1
347 2 8 10 5 10 9 1 9 8 7 6 2 8 7 4
241 5 2 10 7 3 1 1 5 7 3 5 1 3 7 1
330 7 8 7 10 5 8 8 5 3 8 6 9 2 10 5
307 10 10 5 3 8 4 9 10 6 4 1 6 1 2 1
288 8 8 10 4 8 2 5 2 4 3 5 6 2 10 1
339 8 7 4 4 7 2 6 6 6 5 7 6 4 10 8
332 5 2 9 2 10 9 3 1 2 7 8 10 3 10 7
272 5 3 4 2 7 10 9 8 2 4 2 4 1 7 7
300 9 8 8 1 1 6 1 2 7 7 8 6 4 5 3
324 9 2 9 1 6 5 1 4 3 2 10 5 3 9 9
25
302 7 3 8 6 8 1 9 3 5 9 3 2 10 1 7
292 10 5 2 6 7 3 4 2 2 4 5 8 2 2 5
360 7 6 6 5 7 5 3 8 8 7 4 2 10 7 9
325 6 4 6 7 10 2 9 4 3 1 8 10 4 5 4
355 4 8 8 9 10 10 10 5 4 4 1 1 4 10 7
229 4 4 3 2 4 4 8 4 7 4 8 1 8 2 1
354 5 8 7 10 9 8 8 9 2 9 2 6 5 3 9
289 4 9 10 8 5 6 2 5 3 1 3 1 5 1 7
307 3 1 7 6 8 1 9 5 10 7 8 4 1 6 10
338 2 4 4 7 10 5 7 10 8 10 9 1 7 9 6
361 9 10 7 4 9 7 8 9 9 9 1 9 1 2 5
270 2 9 1 1 8 1 8 8 3 8 5 2 2 5 9
301 10 1 5 7 8 10 1 10 5 3 6 3 2 10 2
295 8 2 8 3 5 6 1 2 3 9 7 6 8 9 9
310 3 7 8 1 4 9 6 4 5 8 10 10 5 3 7
250 4 7 1 10 1 9 2 9 1 6 6 10 4 7 4
229 1 6 3 9 1 6 2 10 7 5 2 5 1 6 9
293 10 10 3 1 1 6 6 10 4 8 2 3 4 7 10
331 9 6 10 9 1 7 6 10 6 9 3 6 4 1 6
293 5 6 3 3 3 9 5 4 1 9 4 5 6 10 9
300 6 9 2 2 8 3 8 4 1 10 8 5 4 3 5
246 3 5 10 1 2 6 7 4 3 4 2 7 9 2 2
320 4 5 5 8 10 2 10 10 4 3 10 4 2 2 6
300 8 9 10 1 3 2 6 8 2 7 2 4 7 10 8
268 4 5 7 1 4 1 6 5 10 4 7 3 3 9 1
25
252 5 2 1 7 5 4 6 10 3 3 10 3 9 4 1
279 9 3 5 7 3 8 6 6 2 2 5 2 10 6 6
319 10 4 2 8 10 10 6 1 7 1 2 10 1 1 4
304 10 6 3 1 4 2 7 9 1 8 5 7 8 5 9
330 6 1 10 3 6 5 9 7 9 6 9 3 2 9 7
223 2 8 2 4 3 7 9 2 1 6 2 4 5 7 5
355 3 9 8 2 3 10 2 10 8 3 10 10 5 10 7
280 1 6 5 8 6 10 10 5 1 4 6 3 10 5 1
332 3 2 10 9 5 1 9 8 4 5 6 8 10 7 7
274 3 4 8 3 8 2 2 7 7 5 1 7 1 10 7
307 3 6 7 9 10 3 6 2 8 7 5 2 8 4 4
298 3 7 10 4 7 9 4 2 7 9 3 6 5 9 7
324 3 9 10 5 8 4 9 1 7 6 9 6 6 8 4
305 6 7 7 9 9 5 2 4 6 2 1 2 9 5 4
247 4 1 4 9 2 1 1 10 6 4 6 7 7 6 3
285 4 8 2 2 4 6 2 5 8 2 3 8 5 7 4
394 6 8 8 2 10 4 9 5 8 10 4 8 7 9 9
277 4 5 2 1 3 9 10 2 6 2 9 8 4 2 4
279 4 4 2 3 4 7 8 4 8 8 4 10 5 8 6
385 10 9 7 10 9 9 4 2 2 1 8 7 2 10 8
261 2 3 3 8 4 2 10 10 9 10 1 4 6 5 3
266 1 9 8 2 3 7 7 2 8 1 6 5 3 10 1
277 6 2 8 5 4 7 7 1 10 4 7 4 4 6 2
274 5 5 10 8 1 6 3 1 6 5 6 8 6 10 2
304 1 2 7 4 6 2 10 10 9 10 1 6 7 6 9
25
394 8 8 6 1 10 9 3 3 5 10 10 10 9 10 10
342 5 3 7 5 9 7 7 3 8 10 2 7 1 7 9
283 6 5 4 7 2 3 2 4 5 4 2 7 7 5 8
262 4 4 7 2 1 10 3 8 6 5 6 8 10 4 3
315 10 6 4 3 1 8 5 10 9 4 1 1 6 7 9
399 1 9 10 10 9 4 7 6 9 8 8 8 8 9 7
345 2 9 4 1 6 3 4 2 10 6 10 6 9 6 8
221 8 1 6 3 2 8 3 5 1 10 7 1 3 1 4
190 3 5 5 3 2 2 4 7 1 3 1 4 7 7 5
289 3 9 4 5 1 5 8 4 7 10 6 6 4 9 4
365 2 1 7 7 10 4 9 10 7 5 8 9 7 10 5
367 9 9 9 8 5 10 8 4 7 9 4 2 5 9 4
255 4 5 5 5 4 6 5 2 6 7 1 10 8 6 5
256 10 7 4 1 5 4 7 3 5 9 1 1 6 2 3
236 9 6 2 5 4 6 1 1 7 10 1 2 3 4 3
268 10 7 5 4 1 3 5 5 2 4 3 1 2 5 5
336 1 9 8 4 6 1 6 1 5 10 8 4 7 10 10
261 7 2 5 5 3 9 9 9 3 8 2 5 6 9 3
213 6 2 1 3 8 6 2 3 5 9 1 1 8 6 1
285 7 8 4 6 7 3 2 1 1 6 5 7 9 4 3
358 9 9 6 3 9 1 1 7 9 2 2 10 8 7 3
307 3 8 4 7 5 2 10 5 3 7 1 8 8 10 5
348 3 2 6 10 7 8 5 10 9 7 10 8 6 10 7
363 9 6 7 1 10 8 7 3 4 10 6 8 7 6 5
313 8 8 3 7 6 5 4 2 8 1 3 8 4 4 1
