100 10
500 500 500 500 500 500 500 500 500 500
20
348 8 8 6 4 2 8 6 9 7 9
301 5 8 2 9 6 3 3 7 7 7
189 9 5 8 5 1 1 4 4 2 2
265 3 2 9 5 6 8 2 6 1 6
202 6 9 3 5 1 6 3 1 2 2
276 9 5 2 2 9 9 8 5 5 1
253 1 2 4 4 7 6 3 4 8 7
327 7 4 9 8 9 8 3 1 7 5
268 6 2 7 8 2 5 3 3 6 7
295 3 2 8 3 8 7 6 6 9 5
284 4 2 6 6 9 9 3 6 5 4
251 2 5 3 7 9 8 1 1 9 2
298 9 3 8 8 9 6 4 6 6 1
328 8 9 8 9 6 9 4 3 4 6
226 1 2 6 9 1 9 5 6 5 1
160 1 5 2 2 1 3 5 7 2 4
299 3 4 5 1 6 9 7 7 3 9
293 3 5 7 9 6 8 5 1 2 7
218 8 9 4 3 2 4 6 6 3 2
302 8 5 8 3 9 1 3 8 6 7
20
246 8 6 4 2 3 8 1 9 3 1
249 6 6 1 2 7 4 2 8 8 3
245 1 1 2 5 4 7 8 9 5 3
333 5 4 8 3 8 8 7 4 9 8
220 6 9 4 6 4 1 8 1 5 3
288 7 5 5 8 6 3 8 4 2 8
310 8 7 3 2 3 6 8 9 3 9
274 1 6 5 2 3 6 6 5 9 9
222 3 5 3 6 9 7 1 5 1 1
260 6 4 6 6 8 5 2 1 4 6
254 5 7 1 3 8 5 4 6 1 6
286 5 8 6 7 9 3 1 6 4 5
231 7 3 9 4 1 7 7 8 1 1
226 5 8 8 2 1 4 3 1 9 3
266 5 4 3 3 9 1 5 8 3 9
256 5 3 1 9 6 9 7 4 5 2
302 7 9 5 4 5 2 6 9 9 6
199 1 2 9 7 4 6 5 1 1 2
248 8 4 1 4 8 1 8 5 3 4
300 6 2 7 8 7 5 8 1 6 7
20
286 9 8 2 2 6 8 9 3 3 4
284 3 2 9 7 8 7 5 9 1 2
288 9 2 8 9 4 3 2 5 1 9
298 8 2 9 7 6 7 9 4 2 6
254 8 4 8 5 3 4 4 1 6 5
254 4 1 8 7 4 1 1 6 7 8
256 9 4 2 6 5 3 5 5 7 5
219 3 1 6 2 6 1 4 4 3 7
231 4 9 4 3 1 9 4 2 7 4
231 9 2 8 7 4 5 3 2 1 2
198 7 4 4 3 6 2 6 1 3 2
315 4 4 3 6 9 8 9 1 6 7
223 6 7 4 8 4 3 4 6 3 2
180 4 4 5 4 1 3 1 6 5 2
308 8 6 2 8 8 2 3 8 4 7
220 2 5 2 6 7 8 4 2 2 3
228 2 4 5 8 5 1 5 1 3 7
222 3 7 6 9 2 6 2 4 5 3
193 3 7 2 4 1 3 3 6 1 7
153 4 3 8 1 2 1 3 2 3 3
20
273 2 6 4 2 9 5 8 2 6 7
210 2 9 8 5 2 1 2 7 3 4
268 5 3 9 1 4 6 4 5 9 7
219 6 2 9 3 2 3 5 5 3 4
243 7 6 1 4 2 7 6 6 6 5
317 6 1 9 8 8 5 6 2 9 8
300 6 8 3 8 8 1 1 7 8 8
328 8 8 5 4 1 8 9 5 6 9
252 1 4 2 7 9 2 4 3 9 8
326 6 8 5 7 7 2 8 9 5 9
304 9 8 5 9 5 7 6 8 2 1
288 7 6 5 4 8 5 8 1 1 9
299 5 9 8 6 4 6 6 8 7 4
278 9 2 9 5 4 2 2 7 6 5
291 8 9 5 9 6 9 1 4 8 1
317 7 4 1 5 7 7 3 7 6 8
215 7 2 6 9 1 2 4 4 5 3
274 3 5 3 8 9 4 5 2 5 7
223 7 5 1 1 9 5 2 5 2 3
207 5 1 5 1 5 7 9 3 5 2
20
216 4 1 5 8 6 1 4 3 7 2
271 3 1 7 9 7 8 7 4 6 3
332 7 1 8 9 8 3 8 6 6 8
286 5 3 7 9 7 9 1 2 7 5
209 3 6 2 9 4 5 6 1 7 2
207 6 4 5 7 5 4 5 1 5 1
302 8 9 6 4 2 5 8 8 7 7
240 5 4 7 8 7 1 3 2 6 3
338 8 5 7 4 9 4 6 6 8 6
292 5 3 9 7 9 2 4 9 6 3
214 5 3 5 2 2 4 5 2 2 8
248 4 4 4 6 1 2 8 8 7 8
208 6 2 4 1 2 1 8 9 4 5
224 4 2 9 5 5 5 4 4 2 1
325 8 8 8 6 7 9 7 3 1 6
295 1 7 7 9 4 4 5 8 5 9
252 7 3 5 4 5 6 8 2 4 3
311 7 8 6 2 3 6 9 5 7 9
207 4 4 1 1 3 9 8 4 5 3
290 3 3 9 2 9 8 7 2 8 3
20
256 6 1 5 1 9 4 3 4 5 5
256 8 4 7 5 9 6 4 4 1 2
173 1 6 7 6 7 1 2 2 1 2
278 5 2 8 1 9 6 7 7 1 7
246 9 1 8 1 2 5 9 4 9 1
283 4 7 5 1 6 8 5 9 6 5
239 1 6 3 6 4 6 4 9 5 1
284 9 4 7 8 6 3 4 8 2 2
237 5 9 1 6 2 5 5 7 9 2
300 8 8 6 7 9 5 5 8 5 1
315 2 6 6 8 8 8 6 6 9 2
271 3 5 5 4 5 2 5 9 7 9
260 9 7 7 9 1 8 5 2 6 1
203 8 6 5 2 4 1 5 6 4 2
253 5 2 7 6 7 4 4 4 8 4
175 5 7 2 5 1 1 2 1 5 7
254 5 4 3 4 1 8 2 8 4 9
229 9 5 4 3 4 6 4 6 5 1
244 9 2 7 2 3 7 3 6 2 4
246 6 1 2 8 7 1 1 8 8 5
20
387 9 6 8 5 9 7 4 9 8 7
198 2 5 4 3 3 3 6 6 5 3
266 6 2 8 9 4 9 1 3 3 5
217 6 6 5 2 1 6 8 2 3 4
262 6 6 8 7 4 1 4 4 9 3
259 9 5 4 5 4 4 4 1 3 9
244 2 5 8 3 9 7 1 3 2 3
271 8 9 1 6 7 2 7 7 8 1
281 1 4 9 4 9 5 8 2 2 8
290 3 1 5 8 6 6 8 8 9 4
252 7 5 4 6 2 6 2 3 1 9
320 1 7 3 1 9 5 9 8 9 7
283 6 9 3 2 9 8 3 1 9 5
305 1 4 8 7 7 5 9 9 6 3
180 1 6 5 3 3 2 3 4 1 5
322 8 9 3 7 9 5 7 4 5 6
294 6 8 6 4 1 9 9 2 8 8
248 7 8 7 5 6 2 2 2 6 4
209 7 9 9 2 2 2 7 3 1 3
328 5 1 7 9 6 5 2 6 9 9
20
285 3 4 4 7 5 4 8 3 9 9
237 1 5 1 7 7 5 2 4 9 2
184 5 5 1 1 2 2 9 6 2 4
211 9 6 1 1 5 2 7 5 2 2
228 6 3 1 4 2 7 5 5 3 8
249 5 8 1 9 7 6 2 1 7 1
220 9 3 6 2 7 1 5 2 7 2
205 4 5 7 9 2 1 2 7 4 2
256 8 6 5 9 4 5 7 2 1 5
255 6 5 3 5 6 2 6 7 8 1
326 4 8 8 1 9 4 9 6 8 7
297 6 7 8 6 2 9 3 4 2 8
313 9 5 9 4 7 8 8 5 4 2
261 6 6 5 6 3 1 7 8 6 5
282 5 5 2 9 2 8 5 6 5 7
230 1 6 3 2 9 3 4 8 5 3
235 5 2 5 2 8 1 3 3 7 6
280 7 6 7 7 8 2 4 9 4 1
278 1 9 3 1 9 4 9 7 2 6
290 1 7 9 9 3 4 3 8 6 6
20
272 7 9 4 9 5 3 8 9 2 2
309 2 7 9 6 8 5 7 7 8 5
272 2 7 5 5 1 3 4 9 7 8
249 4 1 7 9 3 6 8 8 1 2
240 3 9 7 2 4 2 7 6 2 4
290 5 8 7 1 7 8 8 4 6 1
193 7 9 1 1 1 2 3 4 8 3
267 7 9 2 2 4 8 2 2 6 6
220 5 2 5 4 5 5 3 7 7 1
274 4 9 7 9 7 3 2 1 7 3
245 8 9 1 1 7 6 5 8 3 1
265 1 8 6 7 2 4 6 4 3 9
236 1 5 4 9 5 2 7 5 8 2
266 4 3 9 7 4 9 8 4 2 5
262 4 9 4 8 9 2 6 7 2 1
239 1 3 2 8 7 2 6 9 3 4
330 9 7 9 4 8 5 9 5 6 6
259 7 1 6 7 9 4 3 5 1 2
257 6 7 2 6 6 3 3 6 6 3
186 6 3 1 6 2 2 6 1 5 3
20
240 8 9 8 4 4 1 7 5 2 1
271 3 4 8 8 3 6 8 8 4 3
269 5 5 9 3 7 3 2 9 5 3
291 1 8 4 6 6 8 3 6 5 7
289 8 3 8 8 9 8 1 4 4 1
223 5 1 4 4 3 8 7 5 3 1
136 2 2 6 2 1 6 1 3 1 1
261 4 3 3 3 7 8 1 9 4 3
247 2 4 9 3 2 8 7 7 5 2
235 3 5 5 6 7 3 6 5 7 1
290 1 9 1 2 9 2 3 8 9 9
249 2 2 6 4 8 9 7 4 2 1
187 1 3 8 2 2 5 7 1 1 6
198 4 1 9 2 1 5 4 1 7 3
275 1 6 3 8 9 7 6 4 4 5
245 6 6 2 2 1 6 6 4 4 9
289 8 9 5 2 5 1 5 6 9 5
278 7 2 7 5 5 6 8 1 8 6
186 1 2 2 7 4 5 1 2 3 7
251 7 3 4 7 2 1 4 9 2 8
20
304 8 8 8 4 6 9 3 3 9 1
206 7 3 3 8 5 5 2 2 4 1
259 7 2 4 9 7 1 7 1 3 6
218 1 2 1 9 6 5 6 6 3 4
249 6 8 6 8 5 2 9 7 1 2
295 9 4 6 7 5 7 9 9 2 3
235 3 7 7 9 2 2 6 7 4 1
262 8 8 7 1 9 5 4 4 4 2
242 6 1 4 2 3 2 5 9 8 5
156 9 2 2 1 2 2 1 4 7 1
300 6 3 4 5 8 7 6 3 8 8
303 7 2 4 8 7 8 8 5 7 2
200 3 3 4 2 4 1 2 1 9 8
285 7 4 8 3 1 6 2 6 9 7
197 4 7 6 1 9 1 5 2 3 2
281 8 6 8 9 2 2 3 8 9 5
319 1 7 8 8 5 8 8 6 5 7
223 8 4 6 2 3 3 4 2 6 7
266 2 7 2 8 8 5 8 7 5 3
291 8 8 1 3 5 9 5 8 2 7
20
279 4 8 6 3 4 2 9 9 3 8
259 9 3 5 8 5 3 4 2 8 5
275 5 6 9 4 6 6 4 3 7 3
221 1 5 5 7 4 2 1 9 9 3
264 8 4 1 3 1 7 9 9 6 6
293 6 7 6 3 9 9 4 2 8 1
297 2 8 7 3 5 9 2 8 9 5
303 2 8 7 6 8 3 6 8 7 4
288 5 2 6 6 8 1 4 6 8 7
213 7 3 1 3 4 7 2 1 1 6
320 5 1 4 9 7 7 2 9 7 6
248 1 8 2 1 9 1 8 5 5 6
267 8 3 3 9 1 8 3 5 7 3
291 3 5 7 5 5 6 5 6 8 8
323 2 3 8 8 9 5 9 9 9 2
277 1 4 7 2 2 6 3 9 9 8
261 4 1 8 9 2 2 2 7 8 7
328 4 8 7 1 7 8 1 7 6 8
239 9 6 3 6 1 2 8 1 7 7
300 5 5 4 8 4 7 6 7 6 8
20
231 1 9 6 5 1 4 2 4 9 5
284 9 3 5 1 6 7 9 2 2 7
290 8 1 4 8 6 7 4 6 4 7
253 8 4 1 7 9 2 3 4 8 2
236 5 7 6 2 6 9 4 1 2 2
187 2 1 7 3 5 4 8 1 1 5
238 4 2 3 9 7 5 2 4 2 3
297 7 4 4 7 8 3 8 9 7 1
255 7 3 9 9 1 6 3 3 1 9
270 5 5 4 8 7 5 9 3 8 3
370 9 3 4 7 8 9 9 8 2 9
287 4 5 2 8 8 8 7 5 7 2
204 4 1 2 2 6 5 5 7 5 2
306 8 8 1 3 4 6 8 9 3 9
187 5 7 2 3 5 1 1 2 9 1
264 5 1 9 2 9 5 9 1 7 2
194 7 1 6 2 3 2 6 3 4 4
219 6 1 4 8 2 4 5 2 7 6
232 2 6 2 9 1 2 6 9 9 4
227 5 7 5 3 3 7 7 5 4 2
20
238 8 1 3 3 2 4 8 7 7 4
302 8 8 8 7 6 9 1 2 5 3
261 6 5 4 9 2 6 7 7 5 3
251 7 6 3 2 7 8 4 1 2 7
317 9 6 1 5 5 7 5 7 5 8
218 4 2 4 8 7 6 3 3 2 1
292 1 6 6 7 8 6 9 6 5 4
275 9 1 8 9 4 3 3 6 8 2
211 5 1 2 6 4 2 7 2 9 2
218 1 2 6 2 8 3 3 1 6 7
346 9 8 9 7 8 8 5 3 1 7
312 8 4 7 5 5 5 9 6 5 8
240 6 5 7 8 1 3 5 8 7 1
314 5 4 6 9 9 5 5 5 8 4
280 8 1 2 4 6 8 2 3 8 6
251 1 8 9 1 6 6 8 3 2 3
275 1 3 4 6 4 9 8 3 2 9
240 2 3 3 9 3 8 5 4 5 4
319 4 5 3 7 8 6 2 8 7 8
233 2 1 8 2 3 8 9 4 2 4
20
282 8 9 8 5 5 1 5 2 9 5
272 6 8 6 8 4 3 2 4 6 6
216 5 6 8 7 1 2 9 4 2 1
258 9 3 4 3 8 3 6 1 6 7
249 9 2 1 2 8 5 6 1 2 6
303 6 3 5 8 9 3 9 3 7 7
235 4 7 2 5 2 3 5 3 4 8
248 5 6 2 6 5 5 3 7 5 4
228 7 3 7 6 3 1 9 2 5 3
306 7 9 6 8 8 5 7 2 1 8
277 1 2 7 6 7 7 7 9 5 3
261 6 3 3 3 6 2 9 5 8 6
279 1 9 4 2 7 8 6 6 8 4
233 7 9 2 1 5 6 2 1 6 3
159 2 7 2 4 2 2 3 4 2 3
275 9 2 7 8 5 7 3 4 5 5
255 6 1 5 2 5 7 1 7 3 8
291 9 5 9 9 1 2 4 4 7 7
268 8 9 1 9 4 7 1 4 4 6
194 3 6 2 6 2 5 3 6 3 3
20
269 4 6 2 6 9 4 8 9 1 2
235 2 5 5 2 2 4 2 7 9 5
296 8 4 6 1 9 9 3 9 2 1
217 1 1 2 5 8 5 6 1 2 5
235 5 4 4 7 1 8 4 7 3 2
239 7 9 4 8 1 1 1 9 1 6
206 4 2 6 6 3 6 7 3 4 2
291 4 4 6 1 9 7 6 2 4 9
239 2 2 8 3 3 4 1 7 4 7
249 3 6 4 2 7 1 7 4 2 9
216 2 7 2 3 8 4 8 3 7 1
247 9 7 5 5 3 4 3 5 7 3
271 9 3 2 9 6 5 6 8 3 1
254 4 5 1 6 8 3 5 9 5 1
310 8 8 1 7 9 3 5 9 6 5
195 9 5 3 1 3 3 5 4 3 2
280 9 9 1 3 7 1 3 5 3 9
290 6 9 4 3 2 3 6 8 9 8
244 5 5 2 8 4 5 4 1 6 5
262 7 7 5 4 7 3 3 7 2 3
20
300 5 5 7 5 9 6 4 1 9 5
327 7 2 9 9 5 9 2 8 4 6
265 4 4 3 6 5 9 3 8 6 1
226 9 2 9 6 4 5 2 3 3 3
191 1 7 4 1 1 7 5 1 9 2
326 6 9 3 7 9 6 1 6 8 7
295 4 6 3 8 4 9 8 3 7 5
225 9 9 2 4 1 1 6 1 6 6
266 9 2 4 2 8 3 4 1 5 8
224 9 7 3 2 2 6 2 6 6 2
269 7 3 3 1 3 7 9 8 2 6
295 6 8 2 8 7 8 2 5 4 6
265 3 7 3 3 5 5 9 5 1 8
274 2 8 3 9 5 7 5 5 4 5
273 4 4 5 3 8 6 7 4 2 6
328 3 2 5 4 9 8 4 9 8 6
251 6 2 2 4 9 2 6 2 5 9
286 4 9 2 2 3 9 4 7 8 5
303 1 6 6 9 5 7 4 8 5 9
235 6 4 1 3 5 1 7 4 3 8
20
254 9 7 6 3 3 4 2 5 2 6
232 6 4 4 5 5 7 7 1 4 2
233 7 1 9 7 5 2 6 1 7 3
161 4 6 1 2 3 1 1 6 4 1
257 1 5 2 7 8 3 7 8 7 1
275 7 6 5 5 6 9 4 1 7 1
262 4 8 2 9 2 3 7 2 3 9
238 3 8 6 6 9 5 4 2 4 1
252 1 8 3 6 8 6 3 5 2 5
284 3 4 9 8 8 7 7 6 5 2
281 5 8 1 8 7 6 7 1 5 6
258 4 4 1 5 3 7 5 9 6 6
214 4 2 5 3 4 4 4 8 5 3
299 1 7 5 1 6 8 6 8 1 9
251 4 8 6 8 7 4 8 2 1 1
280 8 5 8 4 2 5 3 5 9 5
309 9 2 4 6 3 8 9 6 7 7
242 7 4 2 2 1 7 1 9 5 8
223 6 7 7 7 5 1 3 3 4 1
216 2 5 3 5 9 2 1 3 8 1
20
200 5 4 3 5 3 9 5 2 2 2
292 8 5 8 8 7 7 1 2 6 5
289 3 6 5 7 3 7 4 8 7 7
307 9 5 1 6 5 4 9 9 3 6
228 4 6 5 7 3 8 2 3 3 1
344 3 6 8 6 9 4 5 5 9 9
250 4 2 4 8 2 4 3 9 7 4
254 9 2 6 4 3 7 5 3 2 7
197 2 5 4 6 4 5 3 2 5 3
236 1 1 7 6 6 3 1 5 3 7
269 8 8 4 2 8 7 1 6 3 4
219 3 4 3 1 8 6 2 3 9 1
283 7 7 3 9 1 6 8 3 2 8
194 3 9 9 4 1 1 5 2 9 2
328 1 7 6 9 6 6 5 7 8 9
261 7 5 2 2 7 4 6 8 3 3
258 1 2 5 1 3 7 6 7 9 6
311 5 8 8 6 8 8 7 7 4 2
290 5 7 2 5 4 8 5 6 2 8
237 3 1 1 8 3 4 8 8 7 5
20
264 3 5 1 7 2 4 9 9 7 8
213 5 7 5 3 7 3 8 2 4 1
241 3 5 5 4 3 4 4 1 8 7
197 1 7 6 3 2 5 7 1 3 3
258 1 5 7 8 1 8 5 4 5 8
301 8 3 5 5 8 8 5 7 1 7
164 2 4 3 1 1 4 7 1 8 2
299 7 4 9 8 9 4 4 3 1 8
255 2 5 3 1 8 8 5 5 6 4
261 6 6 3 3 2 9 9 4 7 2
156 2 1 2 2 2 2 5 7 3 5
265 3 1 7 2 9 7 1 6 3 6
246 5 8 6 4 5 8 5 4 2 1
243 8 1 2 2 7 2 7 5 7 4
200 2 3 4 9 8 3 3 1 1 3
278 7 9 8 8 4 5 7 4 3 4
298 1 8 9 9 2 9 8 6 7 4
239 3 5 7 8 2 2 8 8 5 3
240 4 9 1 8 6 2 3 6 4 3
226 2 5 9 1 1 7 2 2 4 8
20
282 9 6 9 6 7 1 3 1 2 7
226 3 1 9 2 1 2 8 9 8 2
221 3 2 3 4 3 9 4 3 8 5
312 1 8 8 8 8 3 7 7 3 8
236 2 1 8 1 8 3 1 9 8 4
237 8 6 8 3 3 5 5 5 5 2
259 8 7 9 3 1 8 3 1 6 4
266 5 5 7 2 5 3 6 7 5 8
210 8 1 9 3 1 2 3 5 4 5
273 9 4 2 4 8 4 8 1 3 7
276 1 5 8 9 9 4 4 3 3 5
230 5 8 2 1 9 1 1 3 9 5
264 9 2 5 6 1 7 4 2 4 8
245 1 1 6 6 5 5 4 8 4 7
231 2 7 8 7 7 1 2 6 3 3
232 4 3 2 2 5 8 3 2 8 7
264 6 3 8 5 2 2 9 3 5 9
253 7 2 4 9 2 1 2 5 4 9
301 9 5 9 8 3 1 2 9 4 8
296 8 2 4 1 9 9 9 7 6 2
20
258 8 5 1 9 5 8 6 5 6 1
301 8 5 3 9 2 3 6 3 9 9
251 3 3 9 8 4 6 2 2 5 4
208 1 7 3 5 1 3 3 6 8 4
295 5 2 6 3 8 3 8 7 7 9
270 9 5 3 7 1 6 9 1 4 8
304 2 4 8 4 8 8 7 4 4 6
271 3 4 6 6 8 7 1 6 6 4
307 4 1 9 8 9 7 6 3 6 5
217 5 3 6 3 2 2 3 6 4 6
273 8 9 3 2 5 2 1 7 1 9
240 4 2 3 8 4 1 5 1 9 7
251 7 8 2 4 1 2 7 6 5 6
315 7 7 5 5 9 8 8 9 1 2
272 9 5 1 7 5 6 3 3 3 6
327 7 6 7 8 7 8 9 5 9 2
183 1 1 6 3 5 6 7 2 2 1
265 1 8 9 7 7 2 3 4 2 9
210 1 1 6 6 6 1 3 6 8 4
325 8 7 6 4 3 6 9 9 4 9
20
261 1 5 4 8 6 5 9 3 6 5
244 3 4 5 6 2 5 6 7 4 7
263 5 5 3 8 8 2 7 8 3 2
251 9 4 2 3 2 7 9 6 2 3
273 6 9 9 5 2 6 5 4 2 6
204 3 7 5 3 1 1 5 1 6 9
299 4 8 4 8 4 9 3 9 7 4
155 3 4 8 6 1 1 5 1 2 3
273 7 9 8 8 1 9 4 1 7 3
305 9 6 6 2 7 2 7 9 7 5
252 5 9 1 2 8 4 5 2 1 8
222 1 2 2 7 2 8 2 3 7 8
266 8 4 7 2 8 3 8 6 2 5
319 7 4 7 9 8 8 5 5 8 3
288 6 5 3 5 5 7 9 3 6 5
231 2 7 1 8 2 3 7 9 6 2
209 4 5 2 6 2 3 8 5 5 3
281 8 8 1 3 3 7 6 2 9 6
306 3 3 5 7 7 7 8 5 7 8
245 2 3 4 9 8 5 2 9 1 3
20
280 6 3 6 9 1 8 8 4 7 6
273 4 2 6 2 7 8 2 9 6 5
217 4 4 6 1 4 2 9 6 4 3
226 2 7 5 7 4 1 7 7 3 2
247 2 3 7 4 4 1 7 7 9 6
205 3 3 3 2 2 3 2 6 7 5
301 9 1 1 6 7 7 7 6 2 9
290 7 3 5 7 2 7 7 4 5 8
203 1 4 1 2 1 7 2 6 8 5
199 7 6 1 2 1 3 8 3 4 3
279 7 5 4 1 5 5 9 5 5 6
227 9 5 2 3 6 7 2 4 3 2
270 8 7 3 4 2 7 4 7 9 3
340 4 8 4 9 3 8 5 7 9 8
346 7 9 7 6 2 9 6 9 8 5
187 3 7 2 5 5 3 3 4 1 2
235 3 8 6 5 1 4 5 9 4 2
236 7 1 3 4 7 6 1 3 3 5
263 6 1 4 2 1 9 4 8 8 5
292 9 2 5 4 8 6 3 6 4 4
20
190 4 7 3 3 6 2 7 3 5 1
245 4 3 6 3 4 2 6 9 4 6
221 9 1 8 8 1 9 1 3 1 1
324 2 6 4 6 8 7 7 9 9 5
236 2 1 1 9 7 4 3 3 2 7
354 9 7 2 9 5 9 3 6 8 9
236 5 3 2 4 9 3 8 3 1 4
347 9 7 5 6 9 7 6 9 5 2
223 4 4 5 9 1 2 9 1 8 5
251 6 7 6 2 6 1 9 6 1 7
213 6 8 1 1 4 2 2 2 6 8
261 8 9 3 3 2 8 2 2 6 5
213 9 1 9 8 1 4 5 1 4 1
336 7 6 9 6 9 7 8 8 7 2
248 1 8 4 8 7 6 4 5 1 4
298 1 6 9 6 5 6 4 7 9 5
254 9 7 8 7 2 2 1 3 4 7
280 1 7 7 6 6 4 2 2 8 8
222 7 1 2 7 1 1 8 3 6 7
269 7 9 1 3 9 8 3 4 3 1
20
223 3 7 4 3 1 7 6 3 7 3
231 2 9 9 5 3 6 5 1 5 4
282 7 7 2 8 1 2 9 7 6 8
244 3 3 1 3 5 3 6 9 6 8
231 2 5 8 2 7 2 4 9 1 5
280 9 3 5 9 4 2 7 9 7 1
325 7 3 4 8 9 2 6 9 2 9
269 8 5 2 4 8 6 6 5 9 1
269 6 8 3 8 7 2 5 2 1 7
237 6 9 2 7 1 5 6 2 9 2
239 8 2 6 5 3 2 6 5 3 6
276 1 5 3 7 5 7 5 8 2 6
147 5 5 1 2 3 2 7 3 2 1
322 8 1 9 3 9 3 7 7 6 7
294 1 9 3 8 9 9 9 6 3 1
199 4 1 5 7 6 4 5 2 2 3
272 6 5 5 5 8 5 8 1 7 4
228 8 1 5 7 1 4 1 7 6 3
357 2 8 8 8 9 6 6 6 8 7
291 4 7 2 8 7 7 5 3 8 6
20
217 1 4 8 1 6 4 3 9 8 1
199 1 4 1 9 4 2 3 3 8 3
265 1 5 3 5 7 6 8 8 2 6
215 4 7 2 2 4 7 9 2 3 4
220 3 7 3 7 4 2 5 7 5 3
231 7 3 4 8 4 3 8 2 6 3
330 9 9 9 4 3 9 7 2 6 7
241 4 8 6 3 1 4 6 4 8 4
303 5 3 2 4 4 9 3 8 8 9
256 6 4 1 8 5 9 1 6 1 4
309 4 9 3 7 8 4 4 6 5 7
222 9 9 5 2 4 1 3 6 2 4
281 4 9 2 1 9 7 2 8 3 5
270 7 2 5 6 7 8 2 4 6 1
276 3 7 6 5 9 2 5 7 8 3
243 5 6 2 1 6 5 5 8 6 3
182 1 2 7 6 2 5 1 1 7 3
249 9 8 5 8 3 6 6 1 4 3
293 7 1 8 3 7 3 9 9 8 2
230 2 3 6 5 1 9 7 2 5 6
20
198 4 2 2 9 2 2 1 7 5 4
321 8 9 6 6 8 8 2 6 1 6
187 3 2 5 7 1 4 7 7 1 1
336 5 8 2 9 9 8 4 9 2 7
261 7 2 3 6 8 2 3 3 5 8
312 7 6 6 9 5 2 2 8 8 7
270 5 7 1 4 8 7 8 7 1 3
259 5 7 8 4 5 4 1 1 9 5
221 7 6 7 4 1 5 3 1 4 7
297 8 4 3 9 5 5 5 3 8 6
154 3 4 8 1 2 1 5 1 2 2
304 6 3 9 3 5 7 6 8 8 3
288 4 7 4 6 7 6 5 9 7 1
162 6 1 1 1 2 1 1 1 6 8
296 6 1 1 8 7 7 5 7 3 9
208 6 1 3 6 1 4 9 2 9 4
287 6 9 1 1 5 6 9 1 5 9
291 6 9 8 2 4 8 2 5 7 5
155 1 5 5 6 4 1 6 1 3 1
311 6 9 7 6 1 4 9 9 9 6
20
290 3 7 4 5 5 7 6 3 4 8
268 7 3 7 6 1 9 6 5 5 6
267 8 4 4 9 7 7 4 6 1 1
255 1 7 9 7 2 8 8 5 8 1
298 1 4 8 7 8 9 9 5 9 2
301 4 2 9 1 8 6 1 8 3 9
298 6 6 4 6 6 8 5 2 5 9
189 1 2 2 6 7 1 5 3 1 4
309 8 6 6 4 4 5 3 7 9 8
205 6 8 6 7 3 2 2 4 2 2
194 1 7 4 5 3 2 2 7 6 1
267 4 8 1 7 7 8 8 6 2 2
352 6 8 6 9 8 5 4 8 8 5
226 9 9 2 1 5 8 2 4 1 2
215 7 8 4 2 2 3 3 2 9 2
235 3 5 6 4 2 3 6 6 5 7
318 5 8 4 6 5 7 4 8 5 8
226 1 5 6 4 7 5 4 3 4 5
244 7 8 6 8 6 4 1 3 2 1
268 7 7 7 8 7 2 3 8 4 2
20
311 8 8 1 7 8 9 3 7 3 3
175 1 2 6 1 1 7 1 4 7 3
239 8 7 8 1 9 2 2 1 3 5
310 7 2 8 4 8 3 9 1 7 9
192 2 3 8 3 6 2 8 2 5 2
307 2 9 9 7 7 3 7 7 5 4
256 8 7 2 3 6 4 8 4 7 4
224 4 2 4 4 7 4 3 8 1 2
286 1 5 8 7 8 5 9 7 5 3
188 7 5 5 1 3 4 2 5 1 3
228 6 1 3 8 3 6 1 6 2 5
284 4 6 1 6 9 8 3 2 9 3
294 3 8 9 4 6 6 1 2 7 8
276 5 3 4 5 6 4 2 8 1 9
239 8 3 9 9 4 3 3 4 7 1
285 4 3 5 9 1 2 6 9 6 9
258 4 8 1 7 4 6 2 7 6 4
261 6 4 6 4 9 7 3 2 8 2
347 9 8 7 5 6 4 8 8 5 8
334 9 8 7 3 9 4 6 7 8 6
20
284 3 2 5 4 9 7 9 8 1 6
236 1 4 9 8 1 3 5 6 8 5
220 1 3 4 2 2 8 1 7 8 6
284 9 9 5 1 3 9 7 7 2 2
267 7 6 6 8 5 7 3 1 4 3
277 8 8 7 8 4 4 7 8 3 2
226 1 2 5 4 4 5 3 7 2 6
338 6 6 7 4 9 5 6 5 7 8
249 3 3 1 4 7 3 8 5 4 9
303 6 4 9 4 5 5 7 6 8 6
252 7 5 8 3 2 9 2 6 8 1
292 8 5 8 8 4 5 5 2 6 5
296 2 4 6 5 5 4 7 9 8 8
215 4 5 7 7 7 4 7 1 2 1
255 4 4 1 3 9 5 4 8 3 6
212 3 2 1 8 2 1 2 7 2 8
281 7 9 9 5 2 5 3 3 6 7
204 5 4 4 6 1 2 5 2 2 9
227 6 4 5 3 5 4 3 3 1 7
183 3 8 9 7 3 1 3 1 4 2
20
265 1 7 6 5 3 3 7 9 8 6
241 5 3 9 5 1 5 5 6 8 3
280 9 7 3 9 7 5 4 2 3 6
228 2 2 9 3 3 2 6 7 4 6
229 5 9 6 2 7 3 5 6 4 1
229 3 8 1 8 6 5 5 2 4 2
245 6 4 2 3 7 3 4 6 2 5
352 4 8 2 2 7 8 9 8 9 9
258 2 3 8 6 2 9 6 7 3 6
289 8 2 2 9 9 8 4 4 7 2
282 6 5 6 5 8 1 7 7 9 2
236 1 2 6 3 5 5 9 7 3 4
258 3 8 4 1 1 8 2 8 6 6
280 9 4 2 3 4 5 7 8 9 4
231 6 9 6 7 4 1 2 6 2 3
212 5 6 6 1 6 3 2 3 6 1
212 7 2 2 1 6 1 5 9 7 2
322 4 7 9 4 6 8 4 5 7 8
275 1 2 5 4 7 8 4 6 8 5
329 3 8 6 9 8 7 8 5 5 7
20
338 8 4 8 9 8 8 4 3 8 4
293 9 1 5 4 3 8 3 9 2 7
275 5 6 5 5 7 5 7 5 2 7
272 8 4 9 6 2 9 8 1 4 2
257 3 2 5 7 7 4 1 8 5 4
245 7 5 6 1 8 4 2 8 1 4
219 8 1 4 6 5 1 2 5 1 6
275 9 9 8 7 7 6 3 3 2 2
295 7 9 2 7 7 7 9 3 3 3
218 6 7 3 4 1 3 5 9 2 3
322 4 9 1 9 8 7 7 8 9 3
299 6 4 3 3 1 9 4 9 9 7
222 3 9 6 9 2 2 3 5 2 2
275 3 7 2 7 9 1 1 7 9 5
245 1 9 1 1 9 9 6 1 6 3
259 6 6 2 7 1 5 2 9 1 8
290 2 5 8 7 8 8 9 5 1 3
306 7 9 8 9 3 1 4 5 9 9
236 4 7 2 1 8 7 6 4 1 1
254 3 4 7 5 4 1 7 7 6 6
20
255 3 9 2 6 8 7 5 3 1 5
251 5 8 2 2 5 3 9 2 9 4
280 5 4 1 9 8 5 5 8 2 7
284 9 8 8 8 4 1 7 5 4 6
242 9 9 1 6 5 9 5 3 1 1
197 7 6 6 4 5 3 6 1 1 2
286 5 1 9 8 7 1 9 4 3 7
302 3 6 7 1 6 9 1 9 8 4
244 4 1 7 7 8 1 8 6 2 5
242 2 9 2 2 2 8 8 2 8 6
245 7 1 5 5 3 7 9 3 5 2
325 3 5 6 9 8 6 3 5 9 7
265 7 8 2 9 7 1 1 6 2 6
262 9 5 2 3 2 8 5 5 1 7
347 7 4 9 5 8 9 6 6 2 7
271 9 7 2 9 3 7 1 2 6 6
314 4 9 7 8 6 8 7 3 7 6
343 8 5 7 9 4 6 9 8 4 7
251 7 1 1 2 4 8 4 9 3 5
242 3 7 8 4 2 7 6 3 9 3
20
259 6 4 4 2 8 9 1 2 9 4
248 4 2 6 1 7 3 7 8 8 2
319 5 4 7 8 8 3 4 9 5 6
236 9 2 6 5 2 7 5 1 9 3
228 6 2 3 9 3 1 2 1 4 9
210 2 9 5 3 1 1 5 4 2 9
297 5 9 4 6 5 9 1 5 2 8
233 3 8 1 6 4 9 3 6 3 1
198 3 2 7 3 7 2 2 3 2 5
315 3 6 7 8 2 7 7 9 3 9
343 1 8 8 7 9 3 5 7 7 9
202 7 1 8 1 5 1 2 4 8 2
255 5 3 5 4 7 6 4 4 7 2
184 2 5 4 2 4 5 4 1 5 1
211 1 3 4 7 5 1 1 7 8 2
286 4 1 6 6 5 5 2 8 4 9
255 9 2 7 4 5 1 4 4 4 7
282 9 2 3 5 6 8 9 8 5 2
229 3 9 2 4 9 5 3 2 2 4
345 9 9 3 5 8 9 9 8 5 4
20
299 3 3 4 8 3 6 5 9 8 9
194 5 2 2 9 1 3 5 3 3 4
234 6 9 1 1 1 5 6 7 6 5
165 1 3 3 5 1 4 2 2 7 2
392 8 8 8 5 9 9 9 7 9 4
326 6 6 3 5 6 8 5 8 8 6
256 9 5 9 9 7 2 5 2 3 2
307 6 4 2 7 7 6 7 9 6 7
237 4 7 4 3 1 7 8 9 3 3
215 8 1 5 4 2 9 5 1 4 4
269 2 1 1 6 4 9 5 5 5 8
268 7 2 8 8 7 1 2 3 9 3
217 9 6 7 6 3 6 3 1 1 1
343 2 9 8 9 9 7 8 6 3 7
335 2 8 5 5 8 9 5 5 9 6
159 1 6 9 1 4 2 5 3 2 1
195 5 2 5 2 6 1 5 6 1 2
340 8 3 1 7 7 8 6 8 3 9
210 2 9 6 1 1 6 3 4 5 3
237 1 7 8 4 5 1 8 7 5 3
20
255 6 1 3 9 3 4 7 1 9 9
316 7 6 7 9 2 7 4 7 9 5
205 8 6 1 1 2 4 1 7 4 5
294 6 7 9 1 9 5 2 8 4 3
249 1 1 9 1 7 4 4 3 8 8
277 9 6 5 4 5 6 3 4 6 4
289 5 9 1 7 8 5 9 4 4 5
209 6 4 3 2 1 3 6 9 8 3
242 3 2 3 6 3 4 9 9 8 3
188 3 1 1 2 5 7 1 7 5 3
286 8 4 7 9 3 8 2 4 7 3
233 4 3 9 6 3 3 3 8 5 4
264 4 7 2 5 8 2 3 4 6 7
249 1 4 2 5 2 9 7 8 3 5
268 9 1 4 5 6 6 1 1 3 9
271 9 1 7 2 1 6 1 9 4 8
209 3 1 9 9 1 2 4 8 3 1
174 1 5 2 3 7 3 3 4 1 4
203 7 3 8 2 2 3 5 1 9 2
343 8 9 9 4 5 8 3 9 8 5
20
241 4 4 9 1 4 9 3 2 7 3
244 5 4 7 1 9 2 5 3 1 5
202 2 1 7 4 6 3 3 5 5 1
315 7 1 3 7 7 4 9 8 5 7
213 1 5 3 5 5 7 6 1 5 3
350 9 7 9 5 3 8 9 9 4 5
228 5 3 1 3 4 7 3 5 4 4
216 6 2 1 4 3 5 3 1 5 8
317 3 5 6 5 9 5 6 7 9 6
239 2 7 9 9 3 6 1 2 3 4
226 2 2 3 8 5 3 9 2 9 3
202 7 4 4 1 3 4 1 3 4 7
296 3 9 4 3 6 9 9 2 8 4
287 3 6 8 9 7 7 1 1 6 6
301 5 1 4 7 8 7 7 6 2 6
238 1 4 6 3 1 7 9 3 3 8
238 1 9 3 1 7 9 3 3 1 3
205 2 2 8 4 4 2 6 8 2 2
217 1 1 8 3 8 7 9 1 1 4
268 8 5 5 8 4 8 7 2 4 4
20
331 8 8 4 2 4 9 5 5 9 7
219 6 1 9 5 3 9 5 2 3 1
310 7 6 3 7 8 4 3 2 8 9
253 8 6 5 2 3 9 4 1 8 3
320 8 8 9 1 7 3 4 8 5 6
259 7 6 2 7 4 9 3 6 7 1
219 5 3 3 3 5 2 7 4 2 7
232 3 2 9 6 9 4 6 4 1 2
207 6 3 1 5 3 1 2 1 7 7
343 7 5 8 6 8 7 2 9 8 4
271 3 9 9 9 2 6 2 4 4 7
314 7 6 7 9 9 5 9 1 5 4
272 2 8 9 7 4 9 2 4 5 2
308 7 5 7 6 9 2 1 7 9 5
275 6 4 1 5 7 3 7 8 3 9
339 5 1 9 8 7 8 3 7 8 9
207 7 1 3 3 4 4 5 2 2 5
286 1 2 4 5 9 9 9 5 1 7
247 4 9 2 5 9 8 9 1 1 2
251 1 3 2 6 1 4 5 8 7 9
20
323 6 1 6 5 7 7 5 4 7 9
273 8 2 6 6 5 3 5 9 4 6
301 7 9 6 9 3 8 5 6 9 2
266 2 2 9 7 2 7 8 2 4 8
330 6 9 5 8 7 9 6 5 8 2
332 6 1 9 8 5 8 7 9 2 9
249 5 1 9 7 4 7 9 6 1 3
219 2 5 1 4 3 4 9 8 4 5
290 7 7 6 7 4 2 8 9 5 4
267 1 6 8 7 2 6 1 9 5 7
259 6 5 4 2 6 8 8 2 8 2
296 5 6 1 9 2 9 7 7 2 7
294 6 7 3 9 2 9 8 1 5 8
309 9 7 5 3 9 7 3 1 2 7
282 8 9 6 9 1 3 2 2 6 9
221 7 3 4 6 6 2 8 4 2 3
310 1 9 8 4 9 8 2 8 1 5
293 3 8 8 5 9 2 2 9 3 7
296 9 6 6 4 7 8 9 1 1 5
271 5 2 7 2 8 7 4 9 6 2
20
248 8 5 8 5 2 2 7 5 3 7
237 1 2 6 4 7 3 8 1 5 7
246 4 4 6 6 4 8 2 3 5 3
364 5 9 7 5 9 7 8 7 3 9
347 6 2 7 5 9 9 4 4 6 9
269 7 1 4 2 8 5 2 6 4 6
254 7 7 5 8 1 9 6 6 4 1
268 7 3 3 2 2 9 4 6 7 6
226 3 4 2 3 7 1 7 1 8 8
303 5 6 4 4 9 9 9 8 7 1
310 7 2 9 7 7 4 8 2 8 6
218 1 3 1 9 1 3 9 7 9 4
309 6 6 9 7 9 2 5 8 1 7
185 9 4 4 3 3 2 5 4 2 2
265 2 1 3 1 9 2 5 8 7 9
276 8 5 5 4 7 7 6 4 2 6
303 9 3 6 5 2 9 4 9 8 4
280 7 4 8 8 2 8 3 3 8 3
308 5 4 5 8 9 3 7 5 3 7
310 8 6 6 9 6 5 2 5 3 7
20
263 4 9 2 4 1 9 6 7 8 4
194 2 2 5 4 2 6 3 2 3 6
206 5 3 2 8 4 1 6 4 7 4
311 1 9 2 9 8 8 8 6 1 8
165 7 3 1 3 2 1 3 2 4 5
310 3 3 2 8 6 8 5 2 9 9
272 8 5 7 9 2 5 5 3 3 8
222 9 3 1 5 4 6 1 3 5 4
235 7 5 1 3 4 1 2 2 6 9
277 3 6 8 8 4 7 7 2 1 6
261 6 2 1 6 6 8 2 2 6 6
319 7 1 5 7 5 9 7 6 8 8
292 8 5 1 8 5 5 8 3 6 9
253 6 7 5 7 7 2 9 6 1 2
306 1 2 8 9 6 9 8 6 7 6
217 5 2 1 6 3 5 3 3 3 9
236 6 5 2 6 4 2 6 9 4 3
205 9 1 2 1 4 9 4 1 3 1
214 1 5 1 5 7 1 5 6 4 3
212 3 7 5 6 1 4 6 3 3 4
20
226 4 5 3 8 8 4 6 1 3 3
279 8 6 4 8 8 5 2 5 7 1
234 4 5 2 9 2 1 6 5 7 8
286 8 1 9 6 8 9 6 6 1 1
234 4 4 4 5 7 2 1 6 8 1
217 5 4 9 4 1 1 3 9 3 3
352 6 5 6 8 9 8 6 7 5 6
264 9 4 7 1 2 1 4 7 7 8
300 8 4 4 5 9 3 6 7 8 5
320 9 6 9 7 5 8 4 5 7 5
222 5 3 1 7 7 4 3 5 7 1
243 1 1 7 2 6 1 3 6 9 9
321 5 9 4 9 6 8 5 8 1 5
192 1 4 7 6 2 3 6 6 3 3
263 5 6 6 3 5 8 1 9 4 2
259 1 1 6 7 6 5 3 6 4 6
312 4 9 7 5 6 7 6 7 3 8
253 2 8 5 5 5 5 2 7 4 5
269 2 6 8 7 8 3 7 8 6 1
241 1 2 8 1 8 6 7 3 5 6
20
220 9 3 2 7 1 8 7 1 8 1
285 7 8 6 4 4 5 4 5 1 8
253 5 6 6 1 9 2 9 1 6 3
281 6 3 6 6 9 3 2 2 6 6
177 7 2 9 1 2 1 7 2 7 1
239 1 3 4 9 1 3 8 4 6 7
262 1 6 6 7 6 8 1 6 4 3
179 2 4 5 3 5 6 2 1 4 2
242 3 9 1 5 7 8 5 1 2 4
308 3 7 9 1 7 7 9 2 6 8
320 9 4 3 5 7 7 8 6 4 7
263 8 6 1 1 4 7 6 8 5 3
287 8 2 6 7 2 9 5 7 7 4
173 3 7 1 4 1 1 4 2 9 3
271 4 8 7 7 2 4 2 4 8 8
251 8 4 7 4 3 5 9 4 1 5
244 2 4 9 5 4 4 3 7 7 2
292 5 7 9 1 6 8 7 7 7 2
248 7 2 8 2 4 2 2 8 6 5
225 3 5 8 3 9 2 2 7 1 3
20
266 3 9 9 4 5 3 2 6 1 8
191 8 3 1 8 2 5 3 2 4 3
313 8 9 4 4 2 7 7 1 8 9
244 6 9 2 1 2 7 4 8 4 4
261 5 7 4 7 7 6 3 1 3 5
282 2 3 9 6 9 6 5 8 6 1
163 1 2 4 1 1 4 2 5 7 3
284 3 8 4 1 4 7 3 6 9 8
277 8 1 3 6 5 4 9 5 8 7
317 9 6 2 1 7 8 5 8 6 7
328 7 1 9 8 1 9 3 7 6 9
304 6 8 5 3 8 8 7 7 7 1
273 6 2 2 7 8 1 5 8 7 4
238 6 4 7 3 2 7 4 4 5 4
248 7 7 3 4 6 4 7 1 9 4
273 9 8 5 4 4 5 7 1 6 7
288 4 2 7 1 6 2 8 8 8 9
272 8 2 7 2 8 4 2 8 3 7
228 9 4 3 8 2 5 3 5 4 3
242 5 4 5 9 9 4 1 5 5 1
20
205 4 7 1 3 2 2 9 3 8 4
226 6 4 9 6 4 6 1 1 2 3
282 7 9 1 1 8 1 8 3 9 6
260 1 2 5 7 9 4 8 7 7 3
230 7 5 2 1 6 4 5 6 9 2
199 6 1 2 5 3 4 5 6 7 2
248 8 6 6 2 3 8 4 4 2 2
216 6 1 1 8 1 8 4 5 5 1
240 4 2 5 3 4 1 6 6 4 9
247 8 3 2 4 2 6 1 5 9 6
302 7 2 6 9 4 7 8 4 5 9
250 3 7 8 7 1 5 9 5 9 3
355 9 9 3 6 5 9 5 9 5 6
216 1 8 3 3 9 3 3 3 4 4
220 2 2 9 2 4 7 1 2 5 7
291 8 7 4 7 5 9 5 2 4 4
267 6 3 7 1 9 6 9 1 2 6
293 6 2 7 1 9 9 5 8 7 3
294 4 4 9 3 5 9 7 4 7 4
302 8 9 4 9 2 9 6 2 2 6
20
225 5 9 3 2 5 3 4 2 4 6
265 7 1 4 9 2 8 9 2 1 7
196 3 1 8 1 4 2 5 8 4 4
218 9 4 1 4 8 3 1 3 6 1
286 2 1 7 2 9 9 4 4 1 8
310 8 9 2 6 6 6 3 4 5 9
190 3 5 2 2 3 4 2 3 7 4
250 6 4 4 6 6 1 3 2 3 8
227 8 5 9 1 4 6 3 7 1 2
229 1 9 2 1 2 3 5 7 3 9
212 7 6 1 2 3 2 8 8 3 3
236 1 1 4 5 5 4 2 6 8 6
258 8 5 7 7 3 6 1 9 1 4
261 8 7 7 4 2 3 1 8 4 7
178 7 3 7 2 3 2 9 2 2 1
212 8 7 4 3 2 1 5 2 4 5
299 2 5 7 9 1 9 5 3 8 8
232 9 1 1 8 5 2 6 6 3 5
300 5 6 8 5 8 9 7 1 7 4
233 2 1 2 1 3 4 5 9 5 8
20
257 2 7 6 3 7 1 9 4 6 7
240 6 4 8 9 5 4 4 2 4 2
291 5 6 4 8 7 4 7 1 9 6
190 3 2 2 4 4 6 9 3 5 2
253 4 1 7 5 6 9 3 6 3 1
320 4 3 9 6 9 5 7 9 8 3
261 5 9 2 6 3 6 4 4 4 6
235 4 8 4 7 2 3 5 7 6 3
256 9 3 4 2 2 3 7 9 5 5
190 3 2 5 7 4 1 5 1 2 5
246 9 7 2 2 5 5 6 3 2 4
194 4 2 3 8 4 3 2 2 3 5
331 6 9 5 5 2 9 8 9 6 8
185 4 6 1 6 5 4 4 4 2 1
229 3 1 2 2 3 8 4 8 1 7
314 7 9 2 3 9 9 5 2 5 7
266 2 8 5 5 5 3 9 5 1 7
299 3 7 4 3 6 8 3 8 6 9
322 3 5 5 9 5 5 7 8 6 8
251 6 6 7 8 1 7 5 4 2 4
20
214 5 3 5 7 3 2 6 9 3 1
250 7 5 1 3 4 8 9 5 3 5
260 7 6 2 8 9 6 4 5 2 1
179 5 1 5 6 3 1 4 4 9 1
334 9 7 4 3 3 9 5 7 4 9
251 6 9 3 9 2 7 2 4 6 3
206 1 9 3 2 5 6 5 1 8 2
221 8 9 2 1 2 4 8 2 4 3
227 4 7 2 2 1 5 6 3 8 5
226 3 9 1 3 1 5 4 1 7 9
232 2 6 3 4 6 2 1 6 3 9
231 7 8 1 3 6 1 5 3 2 6
197 8 5 5 2 2 8 2 3 2 2
296 5 2 5 1 4 9 9 4 8 7
286 7 7 3 2 7 3 9 3 6 8
289 9 3 5 6 3 9 5 5 3 8
257 2 3 3 7 8 7 5 1 3 8
224 1 1 8 4 5 7 5 7 3 2
245 7 8 3 4 4 3 4 3 7 3
283 1 9 3 2 6 7 8 9 7 4
20
198 1 7 1 3 1 7 6 7 1 2
269 8 9 1 2 8 4 9 5 3 3
299 4 5 6 6 4 6 5 9 3 8
248 4 5 6 1 5 3 5 3 7 7
247 7 7 2 5 5 2 1 8 5 5
305 8 3 2 7 7 7 7 4 7 7
270 6 3 6 4 5 1 1 8 9 7
271 2 9 4 4 8 2 2 8 8 6
158 6 6 2 6 3 3 1 1 1 1
198 7 1 3 2 6 6 9 2 1 2
231 5 4 7 8 6 1 1 3 2 4
240 7 4 4 5 2 3 9 4 8 5
289 4 9 8 2 8 4 3 3 9 6
265 2 5 1 8 7 3 8 4 2 9
233 2 6 6 9 2 3 5 4 7 5
243 2 7 4 3 1 5 1 7 6 9
259 8 6 1 1 5 2 9 6 8 5
257 2 3 4 5 5 6 8 1 3 9
172 7 9 3 3 2 2 6 1 4 1
252 5 9 1 2 3 7 3 1 8 8
20
260 1 8 3 7 7 4 7 1 7 4
221 7 8 1 7 2 3 6 7 2 4
321 9 6 9 5 8 7 3 1 4 9
264 2 4 7 6 8 3 5 5 9 5
297 8 2 2 6 5 7 9 8 2 9
274 7 7 6 4 5 1 9 1 8 8
203 5 1 3 1 3 4 1 8 4 5
292 8 7 8 9 5 5 2 3 7 4
247 6 6 8 4 1 1 9 7 9 1
215 4 1 2 3 5 7 1 8 5 2
246 6 5 5 8 5 5 2 4 2 4
220 2 5 5 7 5 3 4 2 2 5
215 5 1 1 8 1 3 6 2 5 8
339 7 9 9 4 2 8 8 2 9 8
290 8 7 8 8 6 7 1 5 6 2
202 6 4 1 2 2 6 6 3 1 8
249 5 9 9 6 2 4 8 6 1 4
294 3 1 6 4 7 9 4 7 5 7
241 7 6 4 7 1 3 2 7 4 6
265 4 7 7 9 8 7 5 2 2 2
20
246 3 9 9 9 2 5 1 8 4 2
278 7 3 9 9 8 3 4 6 5 2
301 2 9 1 6 9 9 3 1 8 8
283 5 7 5 1 6 7 6 6 3 7
285 3 9 7 6 2 8 2 5 6 7
255 9 7 5 8 2 4 2 8 5 3
318 1 1 6 8 9 7 6 7 5 8
250 2 9 4 8 7 4 1 2 7 2
213 4 1 1 2 3 4 8 4 6 8
209 9 6 2 3 3 3 5 8 4 1
220 1 3 3 2 7 1 6 9 9 3
225 2 8 3 1 3 6 9 6 2 4
250 1 1 6 6 5 9 2 4 8 6
197 3 4 4 1 3 4 1 7 1 6
271 1 7 8 2 8 1 7 9 5 7
293 7 3 7 6 1 9 5 7 3 8
194 1 3 9 6 1 3 1 3 6 5
331 8 6 1 9 7 9 5 8 7 3
209 1 2 1 7 4 6 8 5 4 1
299 7 9 7 6 7 4 3 5 1 9
20
221 4 4 2 5 1 2 6 7 6 5
242 8 9 2 7 7 3 3 4 4 1
325 7 8 3 8 3 7 6 8 9 5
257 9 6 2 5 2 2 5 9 3 5
271 6 9 5 4 7 7 4 4 2 4
253 5 8 9 5 5 7 5 2 1 4
205 1 1 1 2 6 9 7 3 5 3
239 3 1 8 9 3 3 9 4 4 7
261 3 2 5 3 8 7 9 5 6 1
262 7 8 3 1 3 5 3 5 5 7
277 8 2 9 8 2 5 2 4 6 9
162 5 1 5 1 3 1 8 3 6 1
299 4 2 1 6 9 6 1 9 4 9
240 6 8 7 2 1 4 4 7 6 5
239 2 3 6 3 1 7 4 2 8 8
241 2 5 5 6 8 5 2 3 6 2
183 5 7 9 2 1 4 9 2 2 1
217 5 8 1 4 2 9 7 4 1 1
260 5 9 2 2 9 6 1 2 7 6
238 8 6 5 2 1 2 6 4 2 8
20
335 8 6 8 8 8 8 2 4 7 4
235 5 7 5 8 1 4 4 4 1 8
311 5 2 8 3 4 9 9 9 9 5
223 7 3 7 3 4 3 4 1 4 4
237 8 6 5 3 7 5 7 1 3 3
303 2 8 8 6 7 9 5 2 9 5
308 8 2 8 8 6 1 7 7 8 7
240 1 1 8 5 1 8 6 5 4 9
237 6 4 5 1 7 7 1 2 1 6
234 2 7 4 8 5 2 9 5 6 3
258 1 2 8 1 7 3 8 5 8 8
220 3 2 7 1 7 2 7 6 6 2
277 2 2 4 6 6 7 7 9 6 4
217 7 5 4 3 4 2 3 7 6 2
266 4 1 4 8 9 8 9 6 1 1
241 8 4 7 2 1 8 5 3 5 4
252 4 6 2 9 1 9 6 7 3 3
256 5 3 5 3 6 9 2 6 5 4
241 1 7 6 2 6 7 6 7 2 4
326 9 4 2 2 9 3 7 6 8 8
20
226 6 3 1 3 8 2 8 8 7 1
274 1 8 8 5 1 7 9 8 4 6
350 6 7 9 1 6 9 8 8 6 6
319 6 9 2 9 5 6 7 6 9 6
135 1 2 3 1 4 2 2 2 8 2
249 9 8 3 4 2 2 2 4 6 9
210 2 2 7 2 3 4 1 5 1 9
294 9 8 5 6 5 2 8 3 4 9
312 6 9 3 8 3 8 8 4 3 7
214 4 1 8 7 8 1 4 1 3 5
253 1 2 8 7 6 6 4 8 3 4
250 9 6 5 2 4 3 3 2 5 6
218 1 2 3 8 7 8 6 5 2 1
257 9 4 4 4 4 5 4 2 5 6
220 5 4 4 5 4 4 2 9 2 3
244 8 4 4 7 4 4 7 7 1 1
281 2 9 5 5 2 7 9 2 9 6
242 1 7 8 8 6 3 6 3 5 2
246 2 3 3 4 5 3 3 6 4 9
216 3 6 4 8 3 3 1 3 9 4
20
226 4 8 1 4 3 3 7 9 5 3
212 6 1 5 3 2 6 8 5 5 2
253 7 1 8 5 6 3 8 7 3 2
183 4 6 5 2 1 2 5 6 6 2
275 5 5 9 6 7 1 2 8 1 8
233 3 1 1 9 5 4 7 6 9 2
286 6 4 6 9 5 6 7 3 1 8
295 8 7 9 2 3 6 3 2 8 9
230 5 1 2 1 8 5 6 3 2 8
275 3 8 2 8 5 2 6 8 2 7
306 3 7 6 6 9 5 9 8 9 1
244 2 4 6 9 2 2 8 3 9 8
236 1 5 6 7 8 2 1 1 5 6
197 3 1 6 4 6 5 1 1 3 4
270 5 7 5 9 7 6 2 1 9 4
344 7 5 5 5 9 6 9 7 8 4
197 7 5 3 1 6 1 8 3 2 4
250 9 4 2 8 5 7 4 4 2 1
236 1 5 4 2 5 5 1 4 8 6
198 2 3 6 3 2 8 1 9 1 1
20
212 8 2 1 5 1 3 4 7 1 8
286 4 6 5 5 7 8 4 8 5 2
281 8 4 7 2 4 7 4 2 6 7
274 1 9 8 7 7 5 8 5 1 4
280 8 5 2 5 9 4 9 6 2 3
305 3 9 4 8 9 8 3 5 4 5
208 6 1 4 4 7 4 4 1 1 4
211 1 2 3 4 7 8 2 1 7 3
246 4 7 1 9 5 2 6 1 6 6
240 1 5 7 3 5 3 9 1 3 8
311 7 6 4 2 9 6 2 6 9 6
309 9 8 9 4 6 8 5 4 3 5
232 5 4 6 2 1 9 7 5 2 3
257 1 1 2 8 4 5 7 8 9 4
232 1 8 9 6 5 2 4 5 6 2
225 8 3 6 3 4 1 4 6 8 2
239 7 2 7 5 3 5 1 4 7 4
279 2 3 5 6 7 7 9 5 2 5
233 4 3 2 4 9 2 7 4 2 4
342 8 8 7 6 7 7 4 7 4 6
20
283 2 4 9 8 9 7 5 1 1 5
214 1 6 4 2 3 1 7 6 3 6
328 9 4 9 9 7 7 6 4 5 5
263 6 1 9 7 8 1 5 8 1 3
283 7 9 5 2 9 2 2 4 2 8
264 5 9 4 3 4 1 1 9 7 9
213 1 2 9 2 1 6 2 3 6 6
192 5 5 1 5 1 1 9 1 9 4
251 6 5 8 8 6 3 2 4 2 5
275 6 7 8 3 9 3 3 2 8 3
293 4 7 2 1 7 8 5 8 2 8
262 5 2 5 6 6 2 1 6 9 5
199 8 1 1 6 2 4 4 3 3 7
322 2 3 9 5 6 8 2 8 8 7
273 6 8 3 7 1 5 3 3 6 9
321 8 1 8 4 9 4 7 6 4 7
266 3 5 9 2 1 7 3 7 5 8
262 9 4 7 3 6 2 6 7 6 2
313 7 5 7 3 8 3 6 7 8 8
279 7 7 1 8 2 6 7 2 8 8
20
303 8 4 3 9 9 4 3 9 7 4
242 1 5 4 5 3 6 7 7 1 9
283 5 2 4 1 9 6 6 8 3 5
171 2 3 1 4 5 3 1 5 3 3
247 7 1 8 3 6 7 7 4 3 3
299 3 7 9 8 7 7 9 5 4 3
309 9 4 9 4 5 8 7 1 6 6
286 6 5 8 2 1 8 7 8 8 5
229 2 1 3 6 4 6 4 9 5 3
264 8 5 4 4 5 8 3 5 1 5
274 4 7 3 5 5 3 4 6 2 9
292 8 6 6 9 7 7 7 3 7 1
290 6 1 4 4 9 9 9 6 1 6
224 1 1 7 5 2 9 1 4 1 9
259 2 4 4 7 4 7 9 6 2 5
264 4 9 3 8 4 8 7 1 9 3
258 7 1 6 1 8 5 2 8 2 6
314 8 9 9 3 3 7 7 5 3 9
290 7 8 5 7 8 1 5 6 3 6
217 2 1 4 3 3 4 6 5 6 6
20
191 3 4 2 5 8 2 2 1 3 2
230 7 4 3 2 8 4 1 2 7 3
290 5 9 7 6 2 8 8 8 6 1
356 7 1 8 9 9 8 8 9 4 5
246 2 8 8 9 6 2 8 3 3 2
228 1 4 6 4 5 2 2 6 9 4
297 3 1 6 8 5 9 5 7 3 8
319 2 4 1 9 6 7 9 8 9 7
210 3 6 7 2 1 1 6 3 5 7
302 1 9 6 9 5 6 6 5 1 8
290 4 5 4 9 5 2 2 9 9 7
231 8 4 7 2 1 9 1 3 4 3
270 9 5 3 6 5 2 5 3 8 5
262 7 2 3 6 3 9 3 4 8 3
324 4 5 5 9 8 9 7 6 9 4
257 9 4 4 7 2 9 4 4 8 2
201 6 9 3 9 4 2 1 4 4 1
247 9 5 5 7 2 2 3 2 6 8
276 2 3 8 9 1 9 9 5 6 4
218 2 7 7 6 1 1 2 5 5 6
20
294 3 8 9 3 9 1 1 6 5 9
250 9 6 2 4 4 9 2 2 4 5
242 4 6 7 8 6 2 7 2 7 2
211 6 4 3 1 4 1 7 3 2 8
204 2 5 7 2 3 2 4 5 3 7
312 5 7 3 9 9 1 7 7 8 7
185 2 3 3 1 3 1 6 7 2 8
267 7 4 1 6 9 6 8 8 2 2
249 1 1 8 9 2 3 9 6 9 4
260 8 6 4 5 2 1 8 2 7 7
282 2 2 5 3 5 9 9 6 5 7
272 5 3 5 2 3 9 8 3 8 5
296 2 1 4 8 7 3 5 8 9 8
240 2 2 8 9 6 7 8 4 4 1
339 6 2 8 9 9 9 9 7 6 4
287 7 4 5 6 2 9 3 2 9 6
214 4 2 5 1 5 8 7 6 4 1
291 5 7 7 9 8 4 1 3 7 4
308 9 2 8 7 9 7 1 2 2 8
357 3 8 8 3 6 8 9 6 8 9
20
243 5 4 3 7 8 1 5 6 1 7
234 2 3 2 1 5 2 9 7 3 8
272 3 8 5 7 7 6 9 2 9 2
304 4 5 2 9 9 4 7 3 8 7
294 8 5 6 6 5 6 6 1 9 4
209 3 2 5 2 2 2 6 9 6 6
282 6 6 3 8 9 1 6 7 4 3
234 8 1 7 1 4 8 8 4 5 2
217 3 3 1 7 3 6 4 2 5 6
276 8 5 2 9 8 1 4 4 9 4
194 2 4 3 3 8 1 3 6 3 1
166 6 6 3 4 1 2 5 4 4 1
252 1 5 8 4 4 5 1 7 8 7
203 1 3 8 2 1 6 3 3 1 9
251 8 2 1 3 7 5 5 2 2 9
268 5 4 3 8 6 1 7 6 4 9
257 2 4 6 1 8 8 1 1 9 7
264 8 8 4 8 1 3 6 7 9 4
301 9 1 2 9 5 9 1 5 3 8
232 3 5 6 6 2 2 9 7 5 3
20
195 2 1 8 3 1 8 1 4 2 5
263 3 1 6 4 8 7 6 9 3 2
284 8 6 9 1 8 5 5 7 7 1
284 8 3 3 2 6 9 9 2 8 4
277 5 4 2 8 6 7 5 2 8 5
204 2 5 6 3 3 4 1 9 3 4
271 3 9 1 7 8 5 7 4 2 5
305 6 2 9 6 6 3 5 7 9 8
289 8 1 6 4 2 9 2 7 5 7
272 7 6 1 4 7 8 5 2 2 6
213 3 2 5 7 2 4 4 8 5 2
248 6 6 6 6 6 2 5 4 2 6
181 3 1 1 5 4 4 5 2 5 3
206 7 7 4 2 4 3 2 1 3 4
340 5 7 4 6 9 1 8 9 6 8
317 1 8 8 9 7 9 7 1 3 8
265 9 1 8 9 7 3 5 2 4 5
252 7 3 3 3 9 3 3 3 3 6
310 4 9 7 7 6 5 9 4 3 7
216 8 7 4 7 2 1 2 9 3 2
20
321 2 8 4 7 5 7 8 7 7 6
282 3 5 9 8 4 8 4 2 4 9
286 4 4 6 3 7 8 2 6 4 9
283 2 3 8 8 7 9 5 2 5 3
270 9 3 4 6 4 6 9 2 8 5
225 3 6 7 3 5 2 6 3 1 5
261 5 4 4 7 8 4 3 9 1 3
358 8 8 9 4 7 8 8 4 4 8
276 3 2 8 2 9 4 3 7 9 6
291 3 8 5 4 6 9 8 2 5 7
280 9 5 6 1 9 2 7 8 9 1
195 4 1 2 9 3 6 2 5 1 1
292 7 1 9 4 7 4 1 4 9 7
288 3 9 4 3 7 5 3 8 9 4
321 7 5 1 2 7 9 1 9 9 9
310 5 9 4 4 7 4 9 5 8 5
286 4 8 9 9 2 5 2 6 5 6
250 2 6 2 4 9 6 7 6 2 1
255 5 3 4 4 8 7 5 3 5 2
292 4 8 5 5 9 1 8 4 9 6
20
281 4 1 6 9 8 4 1 7 8 6
307 6 9 5 8 8 2 5 4 7 5
276 2 2 2 3 7 8 6 5 6 8
315 4 3 3 7 9 8 8 2 9 8
168 5 1 8 1 1 2 3 1 7 3
233 1 8 1 8 5 3 4 7 3 5
226 1 4 6 2 6 6 3 1 4 8
242 7 2 3 1 4 4 7 6 9 5
207 1 3 4 6 1 3 1 3 9 6
261 2 4 9 2 8 7 2 5 7 3
269 1 9 1 8 9 1 3 1 9 9
252 2 1 2 9 8 1 7 7 3 9
286 5 6 5 1 9 2 5 6 9 5
249 5 3 2 2 4 6 8 8 5 3
280 2 6 3 5 8 9 7 5 1 4
259 5 3 1 5 8 4 6 1 9 7
261 7 4 9 5 4 3 3 2 8 4
249 9 3 6 3 7 7 1 2 1 3
333 2 6 2 7 9 8 7 6 3 9
314 4 5 6 4 8 9 2 7 3 8
20
285 7 7 7 5 8 6 8 1 6 2
335 8 6 6 6 4 8 4 7 9 7
270 3 3 6 2 7 5 4 9 3 7
226 1 1 6 5 6 8 3 7 3 3
238 3 9 8 2 7 1 6 2 5 4
238 4 6 9 5 7 4 4 3 6 1
279 8 9 6 4 6 5 4 4 4 6
258 9 3 6 5 5 3 4 7 7 4
345 7 8 6 1 8 5 1 9 7 9
204 7 9 6 1 2 2 5 3 5 4
231 1 2 7 2 9 9 4 3 3 2
259 1 8 6 6 7 4 5 6 5 3
273 9 2 7 9 2 5 8 6 3 4
258 3 2 9 1 5 5 3 6 2 8
242 2 6 6 4 7 3 4 7 6 3
244 7 5 3 4 2 5 9 6 7 1
283 3 5 8 9 4 6 4 2 8 7
286 9 5 2 5 3 9 1 8 8 6
233 7 5 1 5 2 9 5 2 4 6
222 6 3 1 3 9 1 5 6 7 2
20
255 6 3 4 7 5 7 6 6 1 5
278 7 3 2 3 9 8 2 3 4 6
254 3 3 4 5 4 7 6 5 6 7
265 3 1 5 9 2 5 6 6 5 8
221 1 7 3 6 3 7 9 2 6 1
238 6 2 9 3 2 3 8 5 3 5
310 9 7 1 9 6 9 2 6 9 3
243 8 1 1 3 5 8 1 1 9 7
158 1 1 6 5 3 1 9 2 4 3
256 5 3 5 6 3 2 3 9 1 8
252 8 6 2 7 2 3 2 4 6 6
210 4 1 6 3 1 8 3 1 3 6
195 1 7 4 5 5 5 1 1 6 4
195 6 2 6 4 2 7 6 4 2 2
193 6 4 6 4 1 7 2 7 1 1
196 2 3 2 3 7 3 5 1 8 2
312 5 8 2 8 7 5 1 9 2 8
247 3 4 9 2 4 3 8 9 2 6
240 5 2 4 8 5 2 8 9 8 1
318 5 8 7 4 8 2 4 5 8 9
20
286 7 5 3 5 7 4 3 8 5 6
305 6 7 6 6 8 7 2 2 3 9
293 7 5 8 6 5 7 7 1 1 8
270 2 3 6 1 5 9 4 5 6 8
238 1 6 8 5 4 5 7 5 2 4
304 4 8 8 1 3 6 1 9 9 7
250 9 2 2 9 3 8 1 6 5 1
207 8 5 6 5 1 2 4 5 6 2
325 9 8 8 5 5 9 8 5 1 4
222 2 4 9 3 1 9 7 1 1 5
299 7 7 8 9 2 8 8 5 5 4
199 1 2 9 5 2 1 5 4 7 3
197 2 5 3 8 1 2 2 6 3 6
285 5 5 8 7 2 7 8 2 7 7
318 4 9 5 9 3 9 6 8 4 4
191 3 6 2 6 3 4 3 1 1 8
251 2 6 7 4 5 8 5 1 9 3
240 4 4 4 2 3 6 8 6 3 5
261 8 1 2 7 1 4 5 8 7 7
234 1 3 8 7 9 2 1 4 5 2
20
245 4 1 7 2 7 8 2 1 7 5
264 3 4 9 4 1 8 5 8 2 6
290 7 9 2 8 7 9 5 1 1 6
221 2 9 4 5 3 1 5 4 3 6
313 3 9 5 6 9 9 6 2 6 3
169 3 1 2 7 6 3 2 7 1 1
212 9 1 2 3 8 2 4 6 1 3
178 5 2 4 6 1 1 7 6 4 3
259 7 6 5 4 6 1 5 5 4 8
343 7 9 4 5 6 9 4 9 8 7
302 9 3 6 8 4 7 5 7 1 7
223 6 7 9 1 2 4 4 8 6 1
272 3 2 4 1 8 6 1 7 7 9
242 3 2 4 5 3 9 8 6 2 5
259 9 3 2 6 5 7 5 4 5 4
248 2 4 5 6 2 6 7 3 9 5
283 8 1 9 3 3 9 3 8 6 2
188 5 3 5 3 3 3 3 7 1 1
209 1 8 4 8 4 5 5 2 4 2
220 1 1 5 4 2 4 8 4 8 5
20
263 6 7 9 9 3 5 3 5 7 1
279 8 1 3 3 7 6 9 3 5 6
192 8 2 6 3 3 5 4 3 3 1
166 2 5 1 9 3 2 7 4 1 1
271 3 7 2 9 4 9 5 7 5 3
300 7 8 8 3 8 4 6 8 5 1
215 1 2 3 3 9 7 9 3 3 2
249 6 8 3 2 2 7 6 2 4 6
251 4 7 4 1 6 5 8 8 4 2
250 9 6 4 7 5 1 3 5 2 6
222 9 3 3 6 6 3 1 9 2 1
280 2 9 3 9 7 2 3 6 8 4
216 3 1 9 4 3 7 2 1 8 3
241 3 7 2 8 4 5 1 4 9 5
241 8 8 9 6 4 1 6 3 7 1
281 9 4 4 2 8 2 5 7 1 7
245 5 4 2 9 8 6 6 2 2 3
246 5 7 9 1 9 3 6 1 6 2
206 5 6 5 4 1 6 1 3 5 5
194 3 3 6 2 1 7 3 2 5 6
20
289 6 3 7 8 5 2 6 8 2 9
286 3 8 6 4 9 8 1 3 8 4
245 9 4 6 7 6 4 1 9 1 1
292 4 7 2 6 9 6 1 6 9 6
207 4 6 1 4 4 3 7 6 6 1
160 3 1 1 1 5 2 7 8 4 1
286 3 5 3 9 6 6 9 8 7 1
337 5 9 1 4 7 9 8 9 3 9
245 2 6 7 6 6 8 3 1 7 2
231 3 4 5 2 3 3 5 1 8 8
321 9 4 8 8 5 5 9 7 2 7
248 9 5 3 9 1 3 1 6 1 8
256 2 7 1 1 6 7 6 8 8 2
229 5 3 7 6 9 4 4 3 4 1
238 1 3 3 3 5 6 6 7 2 9
215 4 4 7 4 3 1 5 1 6 8
300 1 3 4 8 9 5 9 5 8 8
219 2 1 9 8 2 9 1 5 4 1
230 1 4 3 8 2 5 7 9 6 3
238 3 5 9 5 6 5 9 3 4 2
20
234 5 2 4 4 8 1 1 7 5 4
243 7 2 1 6 3 7 7 4 3 6
228 6 3 7 9 2 6 4 4 6 1
253 1 8 2 3 3 4 8 6 8 7
365 4 3 6 8 7 9 6 9 9 7
288 9 7 5 4 1 6 5 3 9 6
285 7 6 1 8 3 8 4 4 8 6
241 1 3 7 8 2 5 3 6 4 8
316 5 7 8 3 8 5 7 6 8 7
188 8 2 2 7 4 2 3 8 1 1
299 6 6 8 4 9 6 1 5 9 2
180 6 6 3 1 1 7 3 3 6 1
180 3 4 9 3 3 1 6 1 1 4
210 3 6 6 2 8 1 9 4 3 1
253 6 4 5 7 4 4 5 8 5 4
281 9 1 5 1 3 5 4 9 7 7
288 9 1 6 2 7 7 7 7 6 4
168 2 6 7 2 2 6 4 3 1 2
232 4 7 2 8 2 3 2 8 1 8
260 6 6 6 7 6 5 2 1 6 3
20
263 2 8 9 6 2 6 6 1 3 8
240 5 8 1 5 2 7 3 1 7 7
265 6 5 9 2 5 6 4 5 7 4
276 5 3 6 4 7 7 3 6 7 5
297 9 2 9 3 6 9 6 2 7 5
303 2 7 3 9 7 7 6 7 4 4
292 2 5 7 8 8 8 3 5 2 6
309 1 4 8 5 9 4 7 9 9 3
327 9 9 7 7 7 9 7 4 2 3
264 2 6 2 3 6 3 8 9 1 7
280 5 9 1 1 9 5 9 4 7 4
289 4 1 4 8 4 4 7 9 9 6
297 9 8 6 3 8 4 7 1 6 6
214 6 4 6 3 7 3 2 6 1 3
186 4 4 1 2 5 3 5 2 7 1
292 2 2 3 5 8 7 8 7 4 7
249 3 3 2 5 2 5 6 6 9 7
312 8 7 2 5 9 1 7 3 7 9
244 8 1 3 1 8 5 2 1 3 9
216 4 3 9 1 3 8 4 1 9 1
20
212 8 8 1 3 3 5 4 3 2 4
297 3 4 6 7 6 5 8 9 7 4
200 8 3 2 2 4 4 2 9 5 1
205 7 8 1 3 3 1 9 2 4 3
291 9 7 4 6 8 6 5 8 4 1
179 2 1 3 1 4 4 5 5 1 4
215 3 2 7 6 8 1 3 8 3 2
220 3 4 5 2 8 2 8 1 2 6
264 3 5 3 2 7 8 8 8 1 4
266 6 2 9 4 4 6 5 1 6 7
285 9 8 6 3 5 3 8 6 4 6
218 4 3 5 5 1 8 6 1 5 4
257 1 8 7 2 3 8 6 8 1 4
198 8 9 1 2 1 2 3 6 2 6
276 8 7 6 4 8 7 2 2 1 7
271 7 9 4 7 4 3 3 9 1 4
222 4 5 4 4 7 4 8 5 5 1
257 9 2 7 8 4 3 8 2 3 4
320 1 3 6 9 6 8 8 8 9 4
295 9 4 5 7 9 5 6 7 1 2
20
263 2 5 1 9 7 9 3 1 3 5
320 7 5 5 9 5 3 7 7 4 9
229 3 4 8 4 7 3 7 3 6 3
254 3 8 6 3 1 3 2 7 9 6
277 2 4 6 7 7 5 6 9 4 2
323 9 5 6 6 4 7 8 9 9 4
230 1 1 2 7 8 4 6 6 4 4
342 7 9 5 7 5 9 8 6 8 3
239 5 1 2 7 6 4 8 9 3 2
311 5 9 8 3 4 9 8 9 6 1
290 8 1 8 3 6 4 5 9 9 5
361 7 6 9 8 5 7 6 3 8 9
269 8 3 8 6 1 7 8 7 2 3
283 4 3 8 8 4 4 1 8 1 9
265 7 4 6 2 7 7 6 5 8 2
239 7 2 1 5 7 5 2 9 6 2
243 5 2 8 3 2 9 3 2 4 5
260 1 5 4 5 4 6 9 4 9 7
315 9 7 5 6 7 3 1 7 6 7
234 3 3 8 3 8 8 4 2 5 1
20
263 1 2 8 7 6 3 8 5 6 8
305 5 7 9 3 9 8 2 8 1 6
287 1 5 8 3 5 5 6 8 6 8
264 1 8 7 7 6 2 2 2 8 6
222 3 3 7 2 2 5 6 2 7 8
241 7 7 5 4 2 8 1 3 7 2
272 5 8 2 9 2 4 5 8 7 5
234 7 3 8 5 3 1 6 3 5 7
191 8 9 2 5 3 2 4 2 6 1
312 5 6 5 9 8 7 8 2 2 7
261 6 7 8 2 2 5 6 5 7 5
285 5 6 8 8 3 8 1 4 6 4
309 8 7 7 5 6 2 1 8 9 6
313 6 3 2 7 8 8 9 6 8 4
249 4 8 2 7 6 5 1 7 6 3
240 4 5 4 7 3 2 9 6 2 7
306 9 8 1 1 9 6 9 1 2 8
263 2 3 6 4 7 7 5 2 4 6
298 7 8 6 5 6 1 8 9 5 7
245 9 4 3 1 6 2 8 3 3 6
20
246 6 3 1 9 5 3 1 6 1 9
297 7 6 9 5 4 3 9 9 3 6
225 3 4 9 1 5 8 1 4 3 2
276 9 1 5 5 5 5 1 3 7 8
201 6 1 9 3 4 6 2 1 6 1
266 5 4 4 7 6 1 4 7 7 7
258 6 4 6 7 9 3 5 6 1 1
296 4 1 3 7 6 7 3 6 9 7
257 8 1 6 3 1 9 8 2 5 7
340 6 5 1 5 8 8 9 6 9 7
207 8 3 4 4 3 1 1 8 4 2
208 4 4 4 2 3 5 2 8 1 3
299 3 8 7 6 7 4 4 8 9 4
220 1 8 7 2 2 1 5 8 8 2
329 2 9 4 4 7 8 9 3 9 7
273 4 7 8 7 9 1 2 5 3 6
182 2 4 7 6 3 1 9 4 3 2
232 8 2 3 7 5 3 7 6 1 3
330 3 7 8 6 6 8 4 9 4 7
218 5 2 5 1 8 2 6 6 2 5
20
282 1 8 9 9 8 7 2 5 4 1
238 6 2 2 3 5 7 5 6 1 4
206 1 1 9 7 3 6 2 4 9 1
221 1 6 8 1 2 7 4 8 2 3
322 6 3 9 7 9 5 6 1 7 9
240 8 6 3 7 4 7 1 3 1 6
300 2 6 7 6 9 6 3 3 4 8
230 8 1 6 2 3 4 4 4 2 9
273 5 4 8 1 5 9 4 5 9 2
285 7 9 2 4 6 5 8 4 6 5
280 6 4 1 4 7 7 3 9 9 2
244 4 8 2 8 6 5 5 3 1 6
299 8 8 6 6 4 2 7 7 3 8
289 4 7 6 8 4 4 3 7 6 7
186 1 1 1 9 3 2 1 3 7 6
224 3 1 8 6 7 2 2 8 3 1
300 3 8 6 3 5 4 8 4 8 9
277 8 7 4 5 2 6 9 6 2 7
255 6 1 1 1 7 5 2 6 2 9
245 7 5 9 9 2 2 4 9 3 1
20
200 3 1 2 9 2 3 9 2 3 7
342 9 4 1 2 8 9 8 8 3 8
278 4 5 4 8 9 5 4 6 4 2
216 8 1 6 7 3 3 1 4 2 5
288 6 2 9 1 5 5 3 9 6 8
262 3 7 1 3 9 6 7 3 2 8
237 8 2 9 7 5 3 8 3 1 4
265 1 1 8 6 2 7 6 8 6 5
264 3 2 7 5 8 5 7 2 3 6
210 4 3 3 5 4 1 4 4 6 5
263 6 5 4 7 7 3 4 7 6 1
225 9 5 2 7 3 9 1 1 6 2
284 3 9 6 5 6 5 8 3 3 7
243 7 5 1 7 7 5 2 2 5 3
348 8 2 9 6 6 9 9 6 3 8
202 5 1 1 5 7 3 4 7 2 3
313 9 9 6 9 3 8 5 5 5 6
301 9 4 3 6 8 3 3 6 4 7
281 5 4 6 2 7 8 4 4 5 5
197 4 6 7 3 2 1 1 9 2 3
20
218 8 6 2 6 1 3 9 3 9 2
238 1 8 2 4 9 3 1 2 6 6
294 8 4 5 1 8 6 4 6 8 5
218 3 7 2 2 2 7 4 1 7 6
262 3 9 7 1 9 6 8 2 7 2
259 8 6 6 6 8 1 2 3 7 4
219 2 6 1 2 4 3 9 6 2 6
198 2 3 5 6 1 1 6 4 4 9
182 7 7 2 8 3 1 1 2 6 1
319 6 5 7 4 9 5 8 6 7 6
159 4 3 6 1 1 3 4 4 1 3
281 9 1 1 7 8 5 1 8 9 4
223 9 8 7 1 2 5 8 2 2 1
353 8 3 4 8 9 7 9 7 4 6
275 2 6 4 6 7 5 5 4 8 7
237 8 8 1 2 3 9 2 3 5 5
181 3 2 4 1 8 1 1 2 7 1
186 8 1 5 3 5 1 7 2 6 1
299 3 6 8 9 9 5 3 6 5 2
253 4 7 7 5 6 3 8 5 3 4
20
251 3 4 2 8 6 7 1 3 8 6
272 3 7 3 2 9 5 9 5 8 4
357 9 7 7 7 7 8 5 7 3 8
263 4 4 9 5 9 3 7 2 1 4
240 3 6 6 6 3 9 5 2 5 4
309 9 9 7 4 5 6 8 7 1 4
244 4 1 2 3 9 1 6 7 3 9
280 3 9 6 1 6 8 4 2 6 8
285 1 8 2 9 9 7 3 4 2 7
248 1 9 6 5 3 1 1 9 7 7
254 3 9 1 5 5 7 2 5 1 8
205 4 8 1 2 7 2 9 3 2 1
266 5 3 7 4 6 2 7 9 7 5
296 7 6 5 2 9 6 1 8 2 5
301 2 6 8 6 9 3 4 4 2 9
247 3 3 6 6 5 5 1 1 4 8
279 8 2 5 3 9 3 8 1 4 7
279 3 3 7 7 9 8 4 4 4 5
201 4 3 3 6 5 5 2 8 1 2
313 8 6 8 5 2 9 4 7 6 6
20
228 5 6 8 3 1 1 5 9 7 1
246 5 1 8 8 5 1 7 8 7 3
289 9 5 4 9 8 8 1 5 7 1
256 3 6 1 9 5 5 9 1 6 6
278 1 8 8 5 9 2 4 3 8 7
289 3 2 4 6 8 8 6 5 6 6
284 4 2 5 6 7 9 7 9 2 3
319 8 1 5 6 9 6 3 1 9 8
281 4 6 3 5 8 5 5 3 8 7
235 2 7 5 1 7 6 8 5 4 2
316 7 4 7 2 8 2 1 7 9 9
323 2 9 8 6 5 9 8 4 7 8
323 7 3 2 5 8 3 9 9 8 8
257 1 2 5 1 3 7 2 9 7 7
222 4 8 6 3 3 8 7 2 4 2
216 2 4 4 3 6 3 8 1 9 3
249 1 7 6 4 4 3 6 8 3 8
285 9 7 2 6 5 4 2 9 3 8
329 6 4 9 7 6 9 1 5 7 7
242 9 3 4 3 7 3 4 9 3 2
20
295 3 5 5 8 5 7 8 5 7 7
252 1 6 2 9 2 5 4 6 9 7
246 6 4 1 2 9 2 7 4 1 9
311 9 4 8 6 3 9 2 3 8 8
243 6 5 2 6 3 8 6 2 2 4
213 4 3 9 3 1 4 3 9 1 3
317 4 8 5 5 9 4 5 3 9 8
258 1 8 7 2 2 9 9 5 8 4
262 4 7 8 4 7 2 3 9 3 3
227 4 5 8 5 2 2 4 4 1 7
289 9 8 6 3 7 3 3 3 7 7
274 2 7 6 3 6 6 7 7 5 4
299 5 8 9 9 3 8 3 7 4 3
214 6 6 5 2 8 1 5 1 4 1
227 9 5 8 2 1 1 8 1 8 3
259 6 3 4 9 1 4 2 7 6 9
226 1 7 3 5 3 5 5 1 1 9
176 2 1 9 3 1 1 2 6 4 6
319 9 5 8 7 2 9 4 4 8 6
216 4 6 7 5 5 2 4 2 6 2
20
318 6 6 8 3 7 9 1 7 6 5
219 4 6 4 7 3 5 5 5 5 1
255 2 3 9 8 2 3 4 4 6 9
268 6 7 2 1 9 4 4 5 2 7
262 6 8 8 1 1 5 3 6 8 4
312 2 9 4 6 9 5 8 5 9 6
249 9 1 6 4 2 3 5 5 8 6
159 4 3 1 5 5 1 1 4 7 1
171 5 5 2 8 3 3 2 4 1 2
282 4 2 5 5 7 8 8 4 4 7
197 2 8 1 8 1 1 6 8 4 2
206 7 3 5 4 7 4 5 1 1 2
264 9 1 4 8 4 3 3 6 4 6
186 4 4 1 4 5 2 6 6 4 2
270 6 4 8 7 2 8 5 1 8 4
295 9 6 4 9 7 4 1 3 7 6
286 9 1 8 3 3 8 4 7 3 9
277 1 4 9 3 4 8 3 9 7 3
240 4 6 2 5 1 5 5 9 6 6
239 3 2 9 4 7 2 6 4 6 4
20
270 4 7 6 6 3 8 2 1 1 9
143 3 1 1 3 2 3 4 1 1 5
226 3 8 1 1 8 7 1 4 4 1
231 5 8 1 1 3 4 1 6 3 8
242 7 3 6 7 6 1 2 5 3 5
247 8 3 5 9 2 8 2 2 8 2
206 5 1 3 3 3 7 1 2 3 7
227 8 7 3 2 1 6 1 9 2 5
333 8 4 6 7 7 7 2 3 6 9
250 7 3 2 8 1 7 2 6 5 7
283 8 7 7 5 1 7 8 9 3 4
229 3 6 6 1 5 3 5 9 4 2
180 1 7 5 3 2 1 1 4 4 6
308 8 1 1 6 8 9 9 9 4 2
242 1 2 7 2 7 7 7 7 3 2
176 3 4 8 4 5 1 7 1 2 2
264 4 2 9 7 7 3 7 6 8 1
264 7 9 2 5 7 3 5 4 4 3
185 6 3 4 2 2 1 2 3 4 6
289 2 6 1 9 8 2 4 4 8 8
20
229 7 1 7 1 5 1 8 6 1 7
217 3 6 4 1 2 3 1 7 6 5
231 1 6 1 8 4 3 3 8 7 3
248 9 2 5 3 7 5 7 3 1 4
239 2 8 5 3 7 1 4 4 3 6
229 7 5 4 3 1 3 9 7 6 1
283 3 6 3 9 1 9 3 9 8 5
318 5 6 7 5 6 8 9 1 7 8
173 3 1 6 4 2 1 4 2 3 8
264 4 9 8 4 7 1 3 8 6 1
293 3 8 9 3 3 6 7 8 2 9
244 1 7 8 5 1 8 8 2 1 7
265 3 4 5 4 1 5 7 9 6 8
331 2 8 4 7 8 8 2 7 7 7
303 5 5 9 7 3 8 5 3 9 5
185 1 7 2 2 3 7 6 1 2 2
231 3 6 9 2 1 9 8 2 5 1
258 9 3 4 1 8 1 5 5 6 7
248 5 8 6 1 2 4 6 1 3 9
271 6 2 6 5 1 4 4 6 9 8
20
324 3 9 2 2 8 7 5 8 8 7
272 8 3 5 9 5 7 6 4 4 2
307 8 4 4 3 6 6 9 3 8 7
169 2 2 8 2 3 4 7 2 1 2
267 4 7 1 7 8 2 9 7 2 5
311 7 9 4 1 5 8 3 4 8 8
245 7 1 9 2 4 9 7 2 2 4
334 9 8 8 8 4 9 2 6 1 6
229 1 5 2 3 4 6 8 9 6 3
183 5 2 8 6 4 2 4 2 1 2
248 4 8 5 1 3 8 7 7 3 4
230 9 4 1 5 1 8 4 7 3 4
263 4 4 9 6 5 9 2 3 9 1
287 3 9 9 6 2 4 8 6 7 4
207 3 3 9 5 3 1 2 2 2 9
284 7 3 6 9 7 8 6 2 4 2
263 7 4 6 4 7 2 5 2 2 9
278 3 7 1 2 9 8 6 6 1 8
218 9 2 1 1 8 2 5 1 2 6
278 9 9 8 2 8 4 2 4 5 2
20
301 9 4 8 8 3 3 9 9 4 6
232 1 9 8 6 5 1 5 4 9 2
325 2 8 3 9 7 9 2 7 6 7
219 6 3 8 1 3 4 9 2 4 6
269 7 2 1 1 7 4 7 7 6 9
201 5 1 4 7 1 3 1 8 3 6
327 7 5 8 3 2 7 8 7 9 9
226 1 2 1 8 7 2 8 7 6 4
304 6 1 6 7 8 1 4 7 8 7
291 3 8 6 6 1 5 8 9 5 7
268 9 6 5 9 4 1 5 1 9 5
250 2 7 5 1 2 1 9 9 8 9
313 9 6 8 3 6 8 6 7 6 4
299 5 8 8 6 7 5 1 5 7 4
258 8 7 7 7 6 1 8 5 1 4
272 8 6 6 2 3 7 1 9 3 6
207 2 4 5 7 4 5 6 1 2 4
311 8 6 8 6 2 8 4 7 6 7
331 8 9 6 9 3 4 8 7 8 7
238 2 2 2 6 5 6 5 4 8 7
20
232 1 5 7 3 2 2 2 3 8 9
286 7 1 7 3 5 8 8 9 3 4
292 2 1 9 4 8 9 8 3 7 3
244 7 5 8 5 2 3 5 9 3 3
219 2 2 1 9 9 6 9 2 1 2
224 1 4 3 4 6 7 3 5 8 3
242 2 8 5 5 5 7 4 6 1 4
193 2 3 4 4 7 1 5 1 3 7
307 2 4 7 5 8 7 7 4 7 6
257 8 6 1 1 5 9 5 2 2 5
335 5 9 8 8 6 5 1 3 9 9
272 6 2 3 3 8 3 2 8 1 9
201 3 6 4 6 5 1 8 1 1 5
298 5 7 5 3 1 7 9 7 9 9
241 8 3 5 6 2 2 3 1 6 9
270 5 3 5 9 7 7 3 7 2 1
297 6 7 5 9 3 6 2 4 9 8
174 2 1 2 2 5 2 8 1 5 5
214 2 8 1 5 1 1 8 3 5 7
249 3 1 5 9 9 1 6 7 3 2
20
216 6 8 2 8 2 4 1 4 7 3
313 2 5 9 4 8 8 9 1 7 7
230 3 7 2 4 4 6 7 4 1 6
282 9 3 8 5 4 6 6 6 1 7
263 9 5 4 4 1 1 5 7 7 9
321 6 7 3 5 9 9 4 5 2 8
302 9 8 1 3 7 4 9 8 7 2
292 2 2 5 7 3 9 3 8 9 9
312 9 8 7 8 5 8 1 2 1 8
286 9 6 7 9 4 4 9 3 8 1
325 2 1 9 8 9 5 2 8 9 6
258 6 2 5 7 3 4 5 5 7 5
277 1 7 3 4 4 7 4 6 9 9
256 6 3 2 7 9 8 2 3 8 1
262 5 8 5 3 4 8 3 1 8 7
296 5 4 2 8 8 3 3 6 9 9
206 2 9 3 3 2 7 3 4 1 3
230 7 5 3 4 2 5 7 3 8 1
322 7 8 6 5 8 9 1 6 9 4
187 2 3 7 1 8 8 1 1 1 2
20
212 4 3 5 7 7 4 1 1 5 3
264 7 5 5 6 1 5 7 2 4 9
260 4 1 7 7 2 7 2 3 9 7
207 2 8 9 1 1 4 3 5 8 3
309 8 6 6 6 7 4 3 8 1 9
288 1 9 1 5 9 4 7 9 8 4
237 6 4 5 2 4 8 2 4 2 5
318 1 4 6 4 9 4 7 8 8 7
225 5 2 6 3 2 2 9 5 7 3
199 2 5 3 2 3 2 3 6 4 7
269 6 4 8 3 2 7 7 3 9 7
201 1 5 5 9 1 1 3 3 9 3
276 3 9 2 7 8 4 7 9 1 4
330 8 5 5 3 9 5 9 2 8 9
313 8 3 8 8 8 3 4 8 4 7
190 2 5 4 4 1 4 8 1 6 6
233 5 2 8 4 3 5 9 3 6 3
204 4 7 7 6 2 1 7 8 2 2
270 2 5 3 5 5 5 8 3 9 6
300 1 4 3 5 8 6 9 7 5 7
20
262 2 5 3 7 5 5 6 6 9 5
274 1 2 6 2 6 6 9 8 8 5
279 8 8 9 4 2 5 1 3 7 9
253 6 3 5 4 6 5 6 9 7 1
266 4 7 1 3 6 6 6 6 3 6
255 2 7 1 9 3 1 3 9 6 7
232 2 1 6 3 6 5 9 5 2 5
270 7 5 7 1 6 7 3 9 8 1
247 6 5 5 1 7 6 4 1 4 4
366 8 2 9 5 9 9 3 7 7 8
235 3 5 8 4 4 5 3 4 4 3
272 2 2 9 9 2 4 4 6 7 8
304 1 6 5 8 8 5 4 3 9 8
287 4 2 8 1 9 3 5 7 8 8
220 9 3 9 9 3 1 4 4 1 3
223 1 1 8 5 4 6 8 9 3 2
336 9 9 7 5 9 6 5 4 9 5
284 2 1 7 7 3 6 3 7 8 8
257 9 4 3 5 3 5 5 7 9 1
217 7 1 1 5 3 3 1 3 7 9
20
195 7 4 4 3 2 4 3 3 5 1
187 2 4 1 5 2 1 4 8 4 4
260 1 2 6 4 6 2 4 8 7 8
278 2 5 8 7 1 9 4 1 8 7
268 4 9 3 1 9 5 6 6 2 4
180 4 5 1 3 7 2 4 5 3 1
244 6 7 7 6 5 4 5 3 2 5
312 2 5 8 6 6 4 6 9 9 6
249 5 3 3 8 8 1 6 2 1 7
244 8 7 6 2 5 4 8 4 3 3
288 7 8 3 2 2 8 9 7 8 3
220 4 9 2 8 2 4 1 3 8 2
263 7 7 8 1 6 6 6 2 2 6
235 2 9 8 2 6 1 4 6 8 3
279 3 8 2 3 9 1 7 5 9 5
319 4 7 8 5 8 8 7 3 7 7
285 8 9 9 3 4 3 2 1 7 9
347 7 6 7 7 6 9 3 6 5 8
183 2 2 2 9 7 2 2 5 1 2
187 4 1 6 2 1 6 7 5 2 4
20
360 6 8 7 6 8 9 6 2 9 7
261 3 4 4 9 3 3 5 7 7 7
197 5 4 1 7 1 5 8 4 2 1
230 4 1 6 1 5 3 6 2 4 8
212 6 7 3 2 5 2 9 3 5 2
254 8 5 4 1 1 7 7 7 6 3
306 3 3 8 9 7 6 5 8 2 5
247 9 1 5 4 2 9 2 3 4 5
239 1 8 3 5 2 8 9 4 4 3
268 8 1 6 2 3 8 1 5 5 8
313 1 8 2 5 8 8 5 7 6 6
290 2 7 9 8 7 3 8 3 7 5
272 5 4 5 3 4 8 8 2 7 5
326 9 2 3 6 5 7 7 9 5 7
301 9 9 9 7 6 6 8 1 7 2
276 4 9 6 2 6 6 7 1 2 8
245 6 7 5 9 1 6 1 4 1 8
232 4 7 1 5 7 2 1 3 9 5
284 9 9 8 3 2 7 4 1 6 5
214 1 9 9 8 1 7 2 3 1 4
20
217 6 6 2 1 1 5 5 5 7 6
152 1 1 3 4 6 2 1 4 2 1
231 4 7 8 4 2 2 6 4 6 5
299 9 7 3 2 5 6 4 5 8 8
274 1 5 3 1 7 6 3 9 6 7
339 2 4 9 7 9 8 5 6 5 9
307 6 8 6 8 3 6 7 4 5 7
266 9 7 2 8 8 3 5 4 8 1
238 4 6 6 2 9 8 2 1 3 3
276 3 6 5 6 9 9 7 1 3 4
299 7 4 4 6 4 7 8 5 5 9
286 5 1 2 5 8 6 7 6 7 8
233 5 9 3 9 1 6 2 6 1 3
281 6 4 9 7 5 4 2 8 2 8
244 9 1 9 2 3 8 4 2 7 2
277 2 7 7 2 7 6 4 4 9 7
240 3 8 3 6 9 4 4 2 1 6
196 1 1 4 9 1 3 8 4 4 4
289 2 5 7 5 9 2 8 9 9 2
248 8 7 6 6 8 1 3 4 7 1
20
214 8 2 2 1 3 5 1 3 8 4
298 6 9 9 9 1 1 8 5 8 6
203 3 6 8 6 5 1 9 2 1 2
267 2 4 3 9 8 6 6 7 8 1
330 1 9 9 8 4 9 9 4 9 6
253 9 7 7 3 2 1 9 6 2 4
305 8 3 2 6 8 8 2 4 9 6
239 6 3 7 2 4 1 1 5 8 9
277 6 3 4 3 3 8 5 2 8 9
288 1 9 8 4 2 7 9 9 5 6
301 9 1 3 7 5 9 9 4 7 4
291 6 9 9 1 6 8 9 1 1 6
281 5 3 1 1 9 1 7 7 9 7
225 5 5 2 2 1 8 8 4 6 5
213 8 6 1 3 6 5 5 2 3 1
284 1 5 1 9 5 9 9 3 3 9
270 2 7 8 6 6 6 8 4 8 2
298 5 7 9 2 9 9 1 8 5 2
299 6 9 5 9 4 2 5 6 9 4
295 9 3 7 4 2 6 6 6 8 9
20
224 7 6 1 1 1 5 3 4 6 6
271 5 6 4 8 8 6 4 4 6 3
296 9 2 5 5 9 4 9 5 5 6
227 1 9 7 8 6 3 3 1 3 2
215 1 3 9 7 8 2 2 4 4 1
260 4 9 3 7 4 6 2 5 2 5
288 5 7 6 7 7 4 2 5 6 6
229 8 2 2 6 2 5 2 4 8 4
303 8 1 7 3 6 3 9 7 7 8
307 6 8 3 4 6 8 9 1 8 5
359 8 3 6 6 9 8 9 3 9 6
240 1 1 5 9 7 5 4 5 2 6
161 1 6 7 2 2 4 2 4 4 1
250 8 4 8 4 4 2 9 7 6 2
280 7 9 7 3 2 6 6 5 7 4
296 1 8 7 1 9 4 8 9 5 4
305 8 3 1 9 8 6 2 8 7 3
275 7 2 7 4 1 4 7 8 9 8
285 7 5 9 4 6 4 4 8 2 6
264 8 3 2 7 8 3 5 6 3 4
20
206 5 2 2 6 5 4 4 6 1 1
221 4 5 6 3 2 6 1 4 6 6
302 8 7 7 3 3 1 8 9 7 9
247 7 8 2 4 1 8 8 5 1 5
244 6 3 1 8 6 6 6 2 4 6
367 6 3 9 8 8 7 9 9 3 7
227 2 1 6 1 2 7 8 7 6 4
215 3 1 5 6 5 3 5 6 6 1
294 5 7 2 9 3 6 3 5 9 8
281 7 4 3 3 8 3 9 4 5 6
221 7 5 1 8 3 3 4 2 2 5
291 7 8 1 4 8 8 6 3 1 5
280 7 4 8 3 4 7 3 4 6 5
334 9 4 8 2 7 8 9 5 8 4
240 5 3 3 1 4 3 3 6 9 9
294 1 6 8 8 7 2 7 6 8 5
216 5 4 2 2 4 5 8 4 1 4
239 2 3 3 7 4 4 9 7 5 5
273 8 2 7 2 8 1 8 1 2 9
203 3 8 1 1 5 3 6 5 8 1
20
254 8 9 5 4 5 1 4 5 7 2
264 2 9 9 1 3 5 6 8 5 3
293 4 9 2 4 3 9 7 6 4 7
253 2 9 7 1 6 7 9 2 4 5
237 2 1 3 4 7 5 8 9 7 2
237 2 5 2 7 1 8 6 7 7 4
299 9 6 5 8 4 2 6 7 2 8
224 1 3 8 9 1 4 6 5 3 4
262 1 8 4 1 9 2 9 6 6 3
219 2 3 8 4 1 4 6 6 9 4
292 3 2 7 8 2 9 9 1 9 9
197 5 7 4 2 6 3 2 2 1 2
265 1 9 6 3 7 2 8 7 9 1
206 7 6 5 2 4 1 5 6 7 1
223 8 1 5 4 2 1 5 8 8 2
232 3 9 2 9 2 1 1 5 5 8
299 9 8 2 3 4 6 8 6 6 6
286 2 8 8 1 9 7 7 3 7 2
202 1 8 4 1 5 1 4 6 6 2
384 6 8 8 6 9 9 8 8 7 6
20
299 9 9 5 4 1 7 7 5 4 9
246 5 5 1 7 7 5 6 5 1 2
204 3 8 2 5 3 7 2 5 3 3
313 9 5 5 9 9 6 2 1 8 3
248 1 1 8 3 6 9 7 2 8 1
344 6 9 5 6 4 9 6 9 8 6
147 5 1 4 5 1 1 3 3 5 2
303 1 8 1 6 8 8 5 8 1 8
234 6 2 4 7 1 8 9 8 3 2
281 9 4 2 3 6 2 9 8 7 5
227 7 3 3 8 7 1 1 2 2 7
315 8 1 9 3 5 7 9 5 9 6
281 7 5 4 4 7 3 3 1 8 8
316 8 2 1 2 8 8 9 9 6 7
323 7 8 8 5 6 6 4 9 3 8
350 8 7 3 8 5 7 7 8 2 9
286 5 7 3 8 4 9 7 7 8 1
281 4 5 8 4 5 6 2 3 7 7
237 4 8 6 9 5 4 1 1 9 3
212 7 3 1 5 3 3 3 7 1 7
